Id,SeriousDlqin2yrs,RevolvingUtilizationOfUnsecuredLines,age,NumberOfTime30-59DaysPastDueNotWorse,DebtRatio,MonthlyIncome,NumberOfOpenCreditLinesAndLoans,NumberOfTimes90DaysLate,NumberRealEstateLoansOrLines,NumberOfTime60-89DaysPastDueNotWorse,NumberOfDependents
1,0,0.9571510190000001,40,0,0.12187620099999999,2600.0,4,0,0,0,1.0
2,0,0.65818014,38,1,0.085113375,3042.0,2,1,0,0,0.0
3,0,0.23380977600000002,30,0,0.036049682,3300.0,5,0,0,0,0.0
4,0,0.9072394,49,1,0.024925695,63588.0,7,0,1,0,0.0
5,0,0.21317868199999998,74,0,0.375606969,3500.0,3,0,1,0,1.0
6,0,0.305682465,57,0,5710.0,,8,0,3,0,0.0
7,0,0.754463648,39,0,0.20994001699999998,3500.0,8,0,0,0,0.0
8,0,0.116950644,27,0,46.0,,2,0,0,0,
10,0,0.644225962,30,0,0.30947621,2500.0,5,0,0,0,0.0
11,0,0.01879812,51,0,0.53152876,6501.0,7,0,2,0,2.0
12,0,0.010351856999999999,46,0,0.298354075,12454.0,13,0,2,0,2.0
13,1,0.964672555,40,3,0.38296474700000005,13700.0,9,3,1,1,2.0
14,0,0.019656581,76,0,477.0,0.0,6,0,1,0,0.0
15,0,0.548458062,64,0,0.20989175399999999,11362.0,7,0,1,0,2.0
16,0,0.061086117999999995,78,0,2058.0,,10,0,2,0,0.0
19,0,0.602794411,25,0,0.065868263,333.0,2,0,0,0,0.0
20,0,0.20092338199999998,43,0,0.430046338,12300.0,10,0,2,0,0.0
21,1,0.025655677,38,0,0.47584138600000003,3000.0,7,0,1,0,2.0
22,0,0.9999998999999999,39,0,0.241103559,2500.0,4,0,0,0,0.0
23,0,0.075426584,32,0,0.085512189,7916.0,6,0,0,0,0.0
25,1,0.392248482,50,0,1.595253368,4676.0,14,0,3,0,1.0
27,0,0.034421473,69,0,0.042383047,2500.0,17,0,0,0,1.0
28,0,0.45251582799999995,24,0,0.011761246999999999,3400.0,1,0,0,0,0.0
29,0,0.39299458600000003,58,2,0.436102527,5500.0,15,0,1,0,0.0
30,0,0.704073982,28,1,0.155201143,4200.0,8,0,0,0,0.0
32,0,0.083418009,62,0,977.0,,6,0,1,0,0.0
33,0,0.18686855600000002,57,0,0.313812313,7000.0,9,0,2,0,0.0
36,0,0.881836362,50,3,0.567858035,4000.0,9,0,1,0,1.0
39,0,0.304490668,52,0,0.8083404740000001,3500.0,10,0,2,0,0.0
40,0,0.71998531,41,1,0.539554464,5700.0,14,0,1,0,0.0
41,0,0.07289757,81,0,75.0,,7,0,0,0,0.0
42,0,0.46905684200000003,31,0,0.048211004,9250.0,4,0,0,0,1.0
43,0,0.718705378,28,0,0.17012561399999998,3661.0,4,0,0,0,1.0
44,0,0.368875933,68,0,1687.5,1.0,31,0,1,0,0.0
45,0,0.000602723,70,0,0.177787036,16800.0,12,0,1,0,2.0
46,0,0.061440132,62,0,0.011167837,3133.0,2,0,0,0,0.0
47,0,0.140110634,31,0,0.689370485,1937.0,4,0,2,0,0.0
48,0,0.834048027,38,0,0.393662026,13000.0,13,0,2,0,2.0
49,0,7.96e-05,70,0,0.256339661,6900.0,21,1,1,0,0.0
50,0,0.818977517,73,0,3095.0,0.0,9,0,1,1,0.0
51,1,0.728150491,31,0,0.824725092,3000.0,10,0,2,0,1.0
53,0,0.028562367,51,0,0.306381499,5750.0,5,0,1,0,0.0
56,0,0.454971915,46,1,0.016921775,13000.0,10,0,0,0,1.0
57,0,0.401199782,64,0,0.35125893700000005,3216.0,4,0,1,0,0.0
59,0,0.655569945,35,0,0.261609907,5813.0,10,0,0,0,2.0
60,0,0.651603452,58,0,0.241135663,7783.0,11,0,1,0,0.0
61,0,0.027399502000000003,69,0,0.00803428,5600.0,3,0,0,0,0.0
63,0,0.009788861999999999,46,0,1.051397656,3326.0,6,0,2,0,2.0
64,0,0.337520702,60,0,0.549877805,4500.0,10,0,2,0,0.0
65,0,0.0,67,0,0.540983607,3720.0,2,0,1,0,0.0
66,0,0.750873672,55,2,0.316416365,7723.0,17,0,1,0,1.0
67,0,0.006799093000000001,27,1,0.6810457520000001,764.0,3,0,0,0,0.0
69,0,0.26948375,64,0,0.16106176,9455.0,13,0,1,0,3.0
70,0,0.265898391,36,0,0.262611807,8384.0,6,0,2,0,1.0
71,0,0.142013011,67,0,1824.0,,7,0,2,0,0.0
73,0,0.059668871,31,0,3162.0,0.0,11,0,2,0,1.0
75,0,0.234218112,36,0,0.116614347,8600.0,19,0,0,0,3.0
77,0,0.46037631700000003,37,0,0.074155949,4975.0,6,0,0,0,0.0
78,0,0.335558577,69,0,0.270448637,15000.0,14,0,2,0,1.0
82,0,0.017258976999999998,53,0,2.604510673,12414.0,13,0,1,0,2.0
83,0,0.054497069,56,0,0.492021814,4950.0,18,0,2,0,0.0
84,0,0.029164236,31,0,0.395031809,3300.0,10,0,1,0,0.0
85,0,0.0,58,0,0.31614487399999996,4886.0,9,0,1,0,1.0
86,0,0.360509632,58,1,3282.0,,8,0,2,0,0.0
88,1,0.734477501,45,0,0.591477634,4716.0,13,0,2,0,2.0
90,0,0.039387786,51,0,15466.0,0.0,7,0,0,0,0.0
92,0,0.784835658,52,0,2662.0,,10,0,2,1,0.0
94,0,0.791173628,44,0,0.51241535,3100.0,5,0,1,0,0.0
97,0,0.010531378999999999,57,0,0.280664917,5714.0,6,0,1,0,0.0
98,0,0.363199686,32,0,0.48052395700000006,2900.0,4,0,1,0,0.0
99,0,0.032617977,75,0,0.006799093000000001,7500.0,4,0,0,0,0.0
100,0,0.013024673999999998,61,0,15.0,,4,0,0,0,0.0
101,0,0.019387778999999997,34,0,0.32591852,4000.0,9,0,1,0,0.0
106,0,0.018886792,80,0,0.0034787790000000004,10060.0,5,0,0,0,0.0
108,0,0.9999998999999999,62,0,0.664221287,8314.0,8,0,3,0,0.0
109,0,0.041257909,61,0,4739.0,,11,0,4,0,
113,0,0.006541851,68,0,0.108089191,10000.0,10,0,2,0,1.0
115,0,0.00750765,74,0,7.0,,4,0,0,0,0.0
117,0,0.033461782,44,0,1.243362832,4067.0,5,0,2,0,1.0
119,0,0.015271802,68,0,0.12290366,8168.0,6,0,0,0,0.0
120,0,0.51712072,31,0,0.123752495,500.0,3,0,0,0,0.0
121,0,0.31797579600000003,34,0,0.297933792,4500.0,11,0,2,0,0.0
123,0,0.444837661,58,0,0.366545247,14000.0,9,0,2,1,4.0
124,0,0.277956679,39,0,4090.0,,9,0,2,0,0.0
125,0,0.003722015,58,0,0.63332301,3228.0,5,0,1,0,0.0
127,0,0.0,59,0,0.218854341,19167.0,13,0,2,0,0.0
128,0,0.151912549,36,0,0.26639446699999997,12000.0,22,0,2,0,0.0
130,0,0.17572759300000002,43,1,994.0,,4,0,1,0,0.0
133,0,0.163037489,81,0,0.086482558,2751.0,7,0,0,0,1.0
134,0,0.047311582000000005,51,0,0.10092034300000001,3150.0,5,0,0,0,0.0
136,0,0.08947834800000001,56,0,1.065901518,2700.0,11,0,1,0,2.0
138,0,0.093962275,55,0,0.112051635,9450.0,6,0,2,0,0.0
139,0,0.21955042,54,0,0.315983758,5417.0,20,0,2,0,1.0
141,0,0.5765185589999999,72,0,3031.0,,11,0,1,0,0.0
142,0,0.24387202100000002,53,0,0.534027778,8639.0,22,0,2,0,3.0
143,0,0.36248381799999996,27,0,567.0,,4,0,0,0,0.0
144,0,0.116676791,31,0,0.34359379100000004,3800.0,7,0,1,0,0.0
145,0,0.9999998999999999,38,0,0.43369976,5821.0,7,0,1,0,4.0
147,0,0.130902106,48,1,0.427882174,3937.0,17,0,1,0,0.0
149,0,0.072277109,34,0,0.025911708,2083.0,2,0,0,0,0.0
150,0,0.0,48,2,0.370876375,3000.0,14,0,1,0,5.0
151,0,0.175932019,57,1,0.655812625,3500.0,9,0,1,0,1.0
154,0,0.21286031,36,0,0.563752087,9583.0,10,0,2,0,1.0
155,0,0.012682366,60,0,0.412979783,6825.0,20,0,2,0,0.0
157,0,0.040795358,49,0,0.801999355,3100.0,11,0,1,0,0.0
158,0,0.147712223,40,0,0.034847816000000004,6800.0,6,0,0,0,3.0
160,0,0.0,50,1,0.7265669929999999,3477.0,5,0,1,0,1.0
161,0,0.07077191099999999,38,0,2088.0,,6,0,1,0,0.0
162,1,1.046279103,47,1,1.104301274,5416.0,6,0,2,0,1.0
163,0,0.323719804,63,0,0.6108412670000001,5146.0,9,0,2,0,2.0
164,0,0.36459777,42,0,0.593899089,6916.0,7,0,3,0,0.0
165,0,0.637736406,54,2,3.382196162,1875.0,9,0,2,0,0.0
168,0,0.170103002,36,0,0.138461538,7734.0,8,0,0,0,0.0
171,0,0.9999998999999999,29,0,974.0,,2,0,0,0,0.0
174,0,0.13527952,58,0,0.342005076,9455.0,11,0,2,0,2.0
176,0,0.9999998999999999,69,0,0.0053191490000000004,2255.0,0,1,0,0,3.0
177,0,0.068335151,75,0,0.010927876000000001,10065.0,9,0,0,0,0.0
178,0,0.0,41,0,0.907538526,2400.0,6,0,1,0,0.0
179,1,0.946963874,35,0,1593.0,,6,0,1,0,1.0
180,0,0.405183973,46,0,0.667835346,7700.0,22,0,2,0,1.0
183,0,0.18498678699999999,55,4,3144.0,,11,0,1,0,0.0
185,1,0.0,25,0,0.152896812,2916.0,3,0,0,1,0.0
186,1,0.7864854059999999,44,0,0.291709578,3883.0,7,2,0,2,1.0
187,0,0.0112096,86,0,13.0,,3,0,0,0,0.0
189,0,0.714980139,55,0,0.47090194,15000.0,12,0,2,0,3.0
191,0,1.095083357,53,5,0.536703799,3500.0,7,1,1,2,0.0
193,0,0.9999998999999999,55,0,0.156259612,3250.0,5,0,0,0,4.0
194,0,0.101430135,80,1,0.016196761,5000.0,9,0,0,0,0.0
195,1,0.025892468999999998,38,0,74.5,1.0,13,0,0,0,2.0
198,0,0.114869499,35,0,103.0,,6,0,0,0,0.0
199,0,0.035489848,69,0,0.308438695,3400.0,9,0,1,0,0.0
200,0,0.045423864,64,0,0.18131128600000002,5200.0,4,0,1,0,0.0
201,0,0.311954668,61,0,0.269281443,9866.0,12,0,2,0,2.0
202,0,0.07873891599999999,46,0,0.166215372,4800.0,6,0,1,0,4.0
203,0,0.137609462,49,0,0.42953389200000003,7272.0,11,0,2,0,0.0
207,0,0.007506793,60,0,1253.0,,8,0,1,0,1.0
209,0,0.29236594899999996,50,0,0.420180551,8750.0,8,0,2,0,0.0
211,0,0.9999998999999999,66,1,0.358101135,1937.0,4,1,0,0,0.0
213,0,0.9999998999999999,62,0,0.04965839,6000.0,1,0,0,0,0.0
214,1,0.655316473,63,0,5223.0,,19,0,2,0,0.0
215,0,0.9999998999999999,50,2,1208.0,,4,0,1,0,0.0
216,0,0.028113957000000002,61,0,0.031349387,2200.0,12,0,0,0,0.0
217,0,0.22269620699999998,42,0,800.0,1.0,3,0,1,0,2.0
219,0,0.017508178,73,1,0.13558915300000002,4166.0,12,0,1,0,0.0
220,0,0.611865678,72,0,0.04578345,7600.0,3,0,1,0,0.0
221,0,0.333060631,52,3,0.7001533740000001,5215.0,15,0,2,1,0.0
222,0,0.009025178,45,0,0.376836435,8167.0,4,0,1,0,2.0
223,0,0.260271523,44,0,0.29685480399999997,6962.0,11,0,1,0,0.0
224,0,0.455950788,63,1,0.701766078,6001.0,19,0,2,0,0.0
225,0,0.080288098,37,0,0.322446259,6000.0,7,0,1,0,0.0
227,0,0.181557324,36,0,0.56071964,2000.0,7,0,1,0,1.0
228,0,0.147123525,41,0,0.43602562100000003,6400.0,5,0,1,0,2.0
229,0,0.025601772000000002,63,1,0.262773723,10000.0,8,0,1,0,0.0
231,0,0.196372799,43,0,0.5374855820000001,2600.0,10,0,1,0,0.0
232,0,0.08394524199999999,64,0,0.588073078,2900.0,6,0,1,0,0.0
234,0,0.787522133,52,0,0.353860086,4416.0,12,0,0,0,1.0
235,0,0.0,66,0,3730.0,,8,0,1,0,0.0
238,0,0.9999998999999999,28,0,0.0,,0,0,0,0,
239,0,0.295928252,47,0,0.283765445,14000.0,6,0,2,0,1.0
240,1,0.973339258,61,1,0.209961825,5500.0,11,0,0,1,1.0
241,0,0.002856735,73,0,0.000285687,10500.0,10,0,0,0,0.0
242,0,0.8775648970000001,58,0,2825.0,,10,0,2,0,0.0
245,0,0.732660667,44,2,0.14041952,9200.0,15,0,1,0,0.0
246,0,0.08422045800000001,42,0,0.45855115799999996,6694.0,26,0,2,0,4.0
249,0,0.08131073700000001,81,0,0.165566887,3333.0,4,0,0,0,0.0
250,0,0.09811305,49,0,0.257017809,6625.0,9,0,2,0,0.0
251,1,1.048210842,58,7,0.151956584,3500.0,12,0,0,0,0.0
252,0,0.011883886000000001,54,0,0.092913547,9750.0,8,0,1,0,2.0
253,0,0.75264947,33,1,0.058322869000000006,7166.0,6,0,0,0,0.0
254,0,0.112321289,53,0,0.266909775,8500.0,9,0,1,0,5.0
255,0,0.0,23,0,0.0,1725.0,1,0,0,0,0.0
256,0,0.6343270560000001,49,1,0.123125125,15000.0,7,0,0,0,1.0
257,0,0.15576324,44,0,0.278077082,4825.0,4,0,1,0,2.0
258,0,0.0,63,0,0.007988921999999999,9387.0,9,0,0,0,0.0
260,0,0.034645112,65,0,0.125189985,12500.0,4,0,1,0,1.0
262,0,0.41239862200000005,28,0,0.037259615,4991.0,5,0,0,0,0.0
266,0,0.007982621,43,1,0.009691169,208333.0,11,0,1,0,1.0
267,0,0.267541336,59,0,0.637607437,5700.0,13,0,2,0,1.0
268,0,0.019779326,76,0,0.267149259,2900.0,9,0,0,0,0.0
269,0,0.010402205,68,0,0.09414051699999999,3600.0,6,0,1,0,0.0
270,0,0.9999998999999999,61,0,0.529548989,1285.0,3,0,1,0,0.0
271,0,0.029816467000000003,68,0,0.175139978,4464.0,12,0,1,0,1.0
272,0,0.181713732,57,0,0.130453416,11666.0,17,0,1,0,1.0
273,0,0.051368557,68,0,0.44527736100000004,4668.0,10,0,1,0,2.0
275,1,0.22082371899999997,46,1,0.637749121,1705.0,5,0,0,0,0.0
276,0,0.008099838,69,0,0.389895596,8332.0,3,0,1,0,0.0
277,0,0.0,44,0,0.32638368100000004,6666.0,4,0,2,0,1.0
278,0,0.006099797,28,0,0.139429485,3750.0,8,0,0,0,0.0
280,0,0.941072508,40,0,0.178184282,8855.0,9,0,1,0,0.0
281,0,0.991667222,36,1,0.554878049,5411.0,10,0,2,0,1.0
283,0,0.11285525800000001,64,0,0.307576329,2652.0,6,0,1,0,0.0
284,0,0.260971034,57,0,5439.0,,16,0,3,0,
285,0,0.048244493,62,0,0.26287915300000003,16615.0,11,0,1,0,1.0
286,0,0.9999998999999999,47,0,0.092163472,9493.0,2,2,0,1,0.0
287,0,0.9999998999999999,62,0,0.0,5480.0,3,0,0,0,0.0
288,0,0.074256375,49,0,0.34793041399999997,5000.0,11,0,2,0,3.0
289,0,0.14487840800000001,66,0,0.28446242,8900.0,9,0,1,0,0.0
291,0,0.21938287899999998,56,1,942.0,,9,0,1,0,1.0
292,0,0.679813777,83,0,0.6895897559999999,4216.0,6,0,2,0,0.0
293,0,2340.0,45,0,0.339332853,8333.0,7,0,2,0,2.0
294,0,0.371875401,29,0,0.53628857,2300.0,9,0,1,0,3.0
296,0,0.547887778,29,1,0.24651504,2725.0,5,0,0,1,0.0
297,0,0.271668778,46,1,0.282830201,15800.0,14,0,2,0,4.0
298,0,0.085152475,25,0,1005.0,0.0,5,0,0,0,0.0
299,0,0.897203427,68,0,0.7878030490000001,4000.0,8,0,2,0,0.0
300,0,0.25889775,33,0,0.537441339,4900.0,3,0,1,0,1.0
301,0,0.0,55,1,0.03988553,5590.0,8,0,0,0,0.0
302,0,0.035940506000000004,46,0,0.271186441,6666.0,10,0,1,0,3.0
304,0,0.465238835,66,0,0.39142767100000003,3172.0,8,1,1,0,0.0
305,0,0.8654230509999999,48,0,0.07584830299999999,500.0,1,0,0,0,0.0
308,0,0.081238383,51,0,0.066830086,7750.0,14,0,0,0,2.0
309,0,0.9487628090000001,27,0,0.144948404,4166.0,5,0,0,0,0.0
312,0,0.063329564,37,0,0.329935275,6179.0,6,0,1,0,3.0
313,0,0.093638481,49,0,0.042836572999999996,8333.0,10,0,0,0,1.0
314,0,0.0,37,0,0.184027338,7900.0,5,0,1,0,5.0
315,0,0.730271957,36,1,0.632794037,5500.0,10,0,2,0,0.0
316,0,0.42637114200000004,62,1,0.406053995,3666.0,15,0,1,0,0.0
317,0,0.948978489,57,0,0.043744532,8000.0,3,0,0,0,1.0
318,0,0.0,59,0,0.0,4200.0,7,0,0,0,1.0
319,0,1.00264667,38,2,0.472542946,3550.0,8,1,0,1,4.0
321,0,0.042606843,58,0,3976.0,,13,0,3,0,0.0
322,0,0.022890604,37,0,0.28847729899999996,6100.0,16,0,1,0,0.0
324,0,0.319779462,32,0,1.247340213,12500.0,12,0,8,0,0.0
325,0,0.155240525,52,0,0.483518065,6946.0,15,0,2,0,1.0
326,0,0.013115183,43,0,4211.0,0.0,21,0,2,0,2.0
328,0,0.284236153,45,1,0.318890815,7500.0,9,0,1,0,2.0
330,0,0.6877790970000001,62,0,0.24947116100000002,7090.0,15,0,0,0,0.0
331,0,0.9999998999999999,29,0,0.0,,0,0,0,0,0.0
332,0,0.033708851,41,0,0.40870635299999997,6500.0,9,0,1,0,2.0
333,0,0.0,29,0,0.193935355,3000.0,7,0,0,0,0.0
334,1,0.03719769,47,0,0.03975841,25000.0,11,0,1,0,3.0
336,0,0.053589282,87,0,0.001534331,5213.0,4,0,0,0,0.0
337,0,0.100773109,41,0,0.199761673,9230.0,7,0,1,0,0.0
339,0,0.399946674,28,0,0.18970257399999998,4000.0,6,0,0,0,1.0
341,0,0.072318616,71,0,0.42641246200000005,4300.0,8,0,2,0,1.0
342,0,0.203959597,46,0,0.072914726,16100.0,6,0,1,0,2.0
343,0,0.9999998999999999,30,0,0.090341011,5600.0,1,0,0,0,0.0
344,1,0.880370887,43,0,0.46132376399999997,7523.0,6,0,1,0,1.0
345,0,0.429246267,59,0,0.38125431600000004,15928.0,17,0,1,0,1.0
346,0,0.0,47,0,773.0,,2,0,1,0,1.0
347,0,0.049529205,61,0,542.0,,15,0,0,0,0.0
348,0,0.36090757100000004,72,0,0.35667928600000004,3697.0,6,0,1,0,0.0
349,0,0.335737457,50,0,0.45722203,5773.0,9,0,1,0,1.0
350,1,0.635720859,68,1,0.21807127699999998,25000.0,27,0,3,0,0.0
351,0,0.0,58,0,8380.0,,20,0,5,0,0.0
353,0,0.24584166600000001,71,0,151.0,,5,0,0,0,0.0
354,1,0.953343701,48,2,2073.0,,5,1,2,2,0.0
355,0,0.9999998999999999,37,0,0.18462563899999998,4500.0,2,0,0,0,1.0
356,0,0.11885383699999999,50,0,2720.0,,7,0,1,0,2.0
357,0,0.630073985,38,0,0.563328034,1886.0,3,0,1,0,0.0
358,0,0.9999998999999999,35,0,3388.0,,1,0,1,0,0.0
361,0,0.186682782,30,0,0.698120752,2500.0,7,0,2,0,2.0
362,0,0.496388581,56,0,0.170164956,19580.0,12,0,1,0,1.0
363,0,0.457526639,51,0,0.33358330199999997,8000.0,16,0,2,0,2.0
364,0,0.7282181190000001,40,1,3878.0,,10,0,2,0,0.0
365,0,0.947264856,28,0,0.46717171700000004,1187.0,4,0,0,0,0.0
366,0,0.013916922,54,0,0.017655818,4700.0,7,0,0,0,2.0
368,0,0.502958087,57,0,6381.0,,5,0,2,0,0.0
369,0,1.047495906,35,2,0.314566116,3871.0,8,0,2,1,3.0
370,0,0.012586354,79,0,0.009596162,2500.0,11,0,0,0,0.0
373,0,0.082317351,64,0,0.214426305,8636.0,29,0,1,0,1.0
374,0,0.292541492,74,0,0.164917541,2000.0,3,0,0,0,0.0
375,0,0.024240472000000002,64,0,0.10151414199999999,10500.0,20,0,1,0,0.0
379,0,0.007501936999999999,63,0,0.278226307,8050.0,13,0,2,0,3.0
380,0,0.522314625,45,0,0.29022909199999997,14491.0,13,0,1,0,3.0
382,0,0.571604587,66,0,870.0,,12,0,0,0,
383,0,0.903231566,57,0,0.13080895,5228.0,10,0,0,0,0.0
385,0,0.060733395999999995,61,0,0.008549573000000001,20000.0,8,0,0,0,0.0
387,0,0.0038946859999999996,90,0,876.0,,11,0,1,0,0.0
389,0,0.466334165,34,2,0.007495315,3201.0,3,0,0,0,0.0
390,0,0.114588541,38,0,34.0,,2,0,0,0,0.0
391,0,0.9999998999999999,60,0,0.0,4200.0,0,0,0,0,0.0
393,0,0.029694361000000002,76,0,0.070513488,9600.0,7,0,0,0,2.0
394,0,0.305246317,39,0,0.188281635,10154.0,6,0,1,0,2.0
396,0,0.702493864,63,0,0.582162622,4697.0,8,0,2,0,1.0
398,1,0.8024171790000001,58,1,668.0,,5,1,0,0,0.0
401,0,0.002556199,58,0,0.115826132,7752.0,17,0,0,0,2.0
403,0,0.203947961,46,1,1.206516118,5800.0,12,1,4,0,2.0
405,0,0.014049648999999999,27,0,0.352214765,3724.0,4,0,1,0,1.0
406,0,0.9999998999999999,35,1,0.09298531800000001,3064.0,1,0,0,0,3.0
407,0,0.368866624,55,0,0.437996083,9700.0,18,0,2,0,0.0
409,0,0.17948776600000002,51,0,0.492529978,10173.0,19,0,4,0,0.0
410,0,0.026885902000000003,36,0,0.34487992100000003,11200.0,6,0,2,0,2.0
413,0,0.011847989,49,0,1599.0,,12,0,1,0,0.0
415,0,0.030996074,56,0,0.131430952,4800.0,11,0,1,0,0.0
416,0,0.144914011,37,0,0.045366363,6700.0,5,0,0,0,0.0
417,0,0.353017659,48,0,1.299736021,4166.0,17,0,1,0,1.0
418,0,0.020074662,36,0,0.334245422,4750.0,5,0,1,0,0.0
421,0,0.063514422,57,0,2221.5,1.0,12,0,2,0,0.0
423,1,0.991502124,61,10,1.2979007,3000.0,11,2,3,5,1.0
424,0,0.39770298200000004,38,0,0.41627543,5750.0,6,0,1,0,2.0
425,0,0.971352432,24,0,0.035803497000000004,1200.0,3,0,0,0,0.0
426,0,0.9999998999999999,33,0,1786.0,,3,0,1,0,0.0
429,0,0.003851709,81,0,0.000822143,3648.0,1,0,0,0,1.0
430,0,0.010887967,55,0,0.7251374309999999,2000.0,7,0,2,0,0.0
431,0,0.686083014,57,0,0.16069592,11667.0,6,1,1,0,2.0
435,0,0.431904058,63,0,0.41905226,8208.0,22,1,2,0,0.0
436,0,0.006999563,97,0,3.0,,2,0,0,0,
437,0,0.014310431,56,0,13.0,,2,0,0,0,0.0
438,0,0.026944485,41,0,0.686736475,4583.0,8,0,3,0,0.0
439,0,0.297094601,43,1,0.603763294,3666.0,9,0,1,0,2.0
442,0,0.922670104,40,0,0.207789429,9345.0,7,0,0,0,0.0
443,0,0.051077957,74,0,0.306409131,3416.0,9,0,1,0,0.0
444,0,0.319190816,49,0,0.35815338799999996,9400.0,18,0,2,0,0.0
445,0,0.008737352,68,0,0.209965006,6000.0,28,0,1,0,0.0
446,0,0.0,57,0,0.785229953,6783.0,8,0,3,0,0.0
447,0,0.24367426600000003,48,0,0.179979778,8900.0,10,0,1,0,6.0
450,0,0.028910707,52,0,0.013543599,5389.0,7,0,0,0,2.0
451,0,0.03423863,48,0,2045.0,,3,0,1,0,0.0
453,0,0.799981673,61,3,0.671076012,5064.0,19,0,3,1,0.0
455,0,0.067901335,69,0,0.065493451,10000.0,5,0,1,0,0.0
458,0,0.9999998999999999,32,2,0.09558466800000001,2060.0,1,0,0,0,0.0
460,0,0.09228761699999999,61,0,0.229436075,7500.0,23,0,2,0,2.0
461,0,0.0,37,0,0.177007047,7236.0,5,0,1,0,3.0
462,0,0.9999998999999999,33,1,0.257707218,5416.0,2,2,1,0,1.0
463,0,0.057867667000000005,81,0,0.145685279,3939.0,13,0,0,0,0.0
464,0,0.07807727,60,0,0.566105156,3917.0,14,0,1,0,2.0
465,0,0.20194364199999998,46,0,0.39446055399999996,10000.0,15,0,2,0,3.0
468,1,0.9999998999999999,32,0,0.006731051,3416.0,1,0,0,0,3.0
470,0,0.073393457,38,1,0.38476152399999997,10000.0,9,0,2,0,0.0
471,0,0.07917821900000001,82,0,0.176964607,5000.0,3,0,1,0,0.0
473,0,0.745173448,68,0,0.168767792,4917.0,4,0,1,0,0.0
474,0,0.10088331,52,1,0.280494456,5500.0,6,1,1,0,2.0
476,0,0.102031508,66,0,90.0,,4,0,0,0,0.0
477,0,0.354125994,57,0,0.558762411,4330.0,4,0,1,0,0.0
478,0,0.029643294,50,0,0.399106478,9400.0,15,3,4,0,0.0
480,0,0.640927271,53,4,0.52409692,11266.0,17,0,2,0,3.0
481,0,0.058271403,76,0,0.374304267,4311.0,7,0,1,0,0.0
482,0,0.719305764,64,0,0.186225718,6228.0,5,0,1,0,0.0
483,0,0.045017363,72,0,0.020763906999999998,3900.0,8,0,0,0,0.0
486,0,0.015054291000000001,59,0,929.0,,11,0,1,0,2.0
487,0,0.320593837,53,0,1.114622389,5600.0,14,0,1,0,1.0
488,0,0.047587303,34,0,997.0,,4,0,0,0,
490,0,0.401789055,55,0,0.412779302,2550.0,11,0,0,0,0.0
491,0,0.301152442,46,0,0.254661625,7668.0,10,0,1,0,3.0
492,0,0.0,27,2,0.229139073,2264.0,5,2,0,1,0.0
493,0,0.067512585,43,0,0.44723563,9115.0,4,0,2,0,0.0
495,0,0.993335555,31,0,0.068227425,4484.0,6,0,0,0,1.0
496,0,0.138793584,43,0,0.384074741,11666.0,9,0,5,0,0.0
497,0,0.19358480100000003,51,0,0.5327545379999999,3800.0,13,0,2,0,0.0
498,0,0.001124859,28,1,0.057990335,6000.0,8,1,0,0,0.0
499,0,0.485558448,51,0,0.09963548,6583.0,5,0,0,0,0.0
500,0,0.979521555,55,1,0.467850417,7433.0,11,0,2,2,0.0
501,0,0.090641506,69,0,0.016683266999999998,4015.0,2,0,0,0,0.0
503,0,0.183676155,33,0,0.6605284229999999,2497.0,9,0,1,0,0.0
504,0,0.018124667,60,0,0.023181455,1250.0,4,0,0,0,1.0
507,0,0.052161270999999995,49,0,0.06762939700000001,6993.0,5,0,0,0,1.0
508,0,0.9999998999999999,73,0,8500.0,0.0,2,0,0,0,0.0
510,0,0.412657703,66,1,0.195074372,4100.0,7,1,0,0,0.0
511,0,0.091201293,49,1,0.568886223,5000.0,15,0,2,0,0.0
514,0,0.056390008,54,0,2126.0,,8,0,1,0,0.0
518,0,0.9999998999999999,56,0,7.0,,1,0,0,0,0.0
521,0,0.016406971,55,0,0.0017857139999999999,5599.0,3,0,0,0,2.0
522,0,0.078497383,52,0,0.20727405399999999,8220.0,5,0,1,0,3.0
524,0,0.01255887,62,0,0.044762033,7416.0,5,0,0,0,0.0
525,0,0.062093267,42,0,0.230261579,8333.0,6,0,1,0,4.0
529,0,0.581815774,45,0,0.724784402,8000.0,11,0,2,0,0.0
530,0,0.0,82,0,0.0,,3,0,0,0,0.0
534,0,0.040186458,35,0,0.300839136,5600.0,8,0,2,0,1.0
535,0,0.749602291,62,0,7963.0,,7,0,2,0,3.0
538,0,0.212768452,57,0,2301.0,,17,0,2,0,0.0
539,0,0.9543957000000001,45,2,0.4842141,8836.0,10,0,1,0,1.0
541,0,1.2458471759999998,24,1,499.0,,4,1,0,0,
542,0,0.014049886999999999,37,0,0.674399608,6120.0,9,0,1,0,0.0
544,0,0.484099985,40,0,0.423251505,10794.0,9,0,2,0,2.0
545,0,0.0,86,0,2.0,,9,0,0,0,0.0
546,0,0.035113768,56,0,87.0,,11,0,0,0,0.0
548,0,0.9999998999999999,40,0,0.60616581,7200.0,6,0,3,0,0.0
550,0,0.21288560000000004,66,0,0.35189178600000004,5100.0,10,0,1,0,0.0
551,0,0.9999998999999999,63,3,0.200843235,5217.0,5,0,1,1,4.0
552,0,0.9999998999999999,45,0,461.0,,2,0,0,0,0.0
553,0,0.0,30,0,0.0,4700.0,1,0,0,0,1.0
554,0,0.576284725,36,0,0.785404865,3000.0,10,0,1,0,1.0
557,0,0.10680013,44,3,0.747375437,6000.0,8,0,3,0,2.0
559,0,0.277436128,59,0,0.388566694,3620.0,8,0,1,0,1.0
560,0,0.285342534,38,0,0.08951092,3250.0,4,0,0,0,3.0
561,0,0.162077194,38,0,0.024885359,70000.0,6,0,1,0,2.0
562,0,0.57073821,39,0,1314.0,,5,2,2,0,0.0
563,0,0.622524722,43,0,0.353883732,10234.0,8,0,1,0,0.0
565,0,0.0,75,0,0.5274314210000001,801.0,4,0,1,0,0.0
566,0,0.732711215,29,0,0.33853112700000004,8400.0,10,0,1,0,0.0
570,0,0.043861767,69,0,0.064119265,6908.0,7,0,1,0,0.0
571,0,0.03929607,48,0,0.480393478,7420.0,10,0,2,0,0.0
572,1,0.339503567,89,1,0.549380248,2500.0,9,3,0,1,0.0
573,0,0.064835195,56,2,0.197624587,8166.0,10,0,1,0,0.0
574,0,0.008684579,75,0,0.0013269,8289.0,5,0,0,0,0.0
575,0,0.9999998999999999,55,1,0.138721351,4144.0,1,0,0,0,0.0
577,0,0.000309046,49,0,562.0,,10,0,1,0,
578,0,0.697812691,31,0,0.236980252,12000.0,10,0,0,0,1.0
580,0,0.30248201,46,0,0.34805720799999995,7900.0,12,0,1,0,2.0
581,0,0.9999998999999999,40,0,0.185755935,2400.0,1,2,0,0,0.0
583,0,0.768537191,46,0,2568.0,,5,0,0,0,0.0
584,0,0.155644438,56,0,0.33683158399999996,2000.0,5,0,1,0,0.0
585,0,0.8362940109999999,29,3,0.26017007600000003,4350.0,8,0,1,0,1.0
587,0,0.9999998999999999,49,1,0.09893772099999999,4800.0,1,0,0,0,4.0
588,0,0.271898248,64,0,556.0,,3,0,1,0,
590,0,0.29195624800000003,45,0,1021.0,,5,0,0,0,
591,0,0.106531463,78,0,0.024303073999999997,5595.0,9,0,0,0,0.0
593,0,0.18157994600000002,54,0,0.3539428,6048.0,9,0,1,0,1.0
594,0,0.002964536,67,0,0.349026844,16800.0,14,0,5,0,0.0
596,1,0.517045364,61,0,0.5725903210000001,7500.0,20,0,2,0,0.0
599,1,0.387065977,51,0,0.35087418600000003,5833.0,12,0,1,2,1.0
600,0,0.021741679,70,0,0.187762448,5000.0,11,0,1,0,0.0
602,0,0.9963016509999999,39,2,0.306101912,10930.0,17,0,0,0,1.0
603,0,0.019153961,49,0,0.201025979,33333.0,6,0,3,0,4.0
604,0,0.008665510999999999,58,0,1.9086294419999998,6500.0,17,0,5,0,0.0
606,0,0.733914381,33,0,0.158975542,4333.0,7,1,0,0,1.0
607,0,0.210442588,53,0,0.513602495,5770.0,10,0,2,0,1.0
608,0,0.09563478800000001,36,0,0.17526690399999997,2247.0,4,0,0,0,1.0
609,0,0.12480137599999999,62,0,0.5668944570000001,6584.0,15,0,2,0,0.0
611,0,0.964038058,29,1,0.263516583,2200.0,6,0,0,0,0.0
613,0,0.184476515,32,0,0.44495604899999996,7166.0,11,0,2,0,0.0
614,0,0.0,52,0,0.444444444,3500.0,5,0,2,0,1.0
615,0,0.086605363,69,0,73.0,,2,0,0,0,
617,0,0.187090597,63,0,0.506873282,4000.0,10,0,2,0,1.0
618,0,0.732202177,44,0,0.25857662800000003,12912.0,26,0,0,0,0.0
619,0,0.392141112,54,0,1.383017398,3850.0,18,0,2,0,2.0
620,0,0.063688754,41,0,0.26687668800000003,6665.0,8,0,0,0,1.0
621,0,0.6169823720000001,32,1,0.191649336,6250.0,10,0,0,0,2.0
624,0,0.193612774,47,0,0.020146833,5856.0,1,0,0,0,3.0
628,0,0.024305835,30,0,1581.0,,6,0,1,0,0.0
630,0,0.0,56,0,0.0,6200.0,2,0,0,0,0.0
632,0,0.10469376300000001,36,0,0.297372704,4300.0,8,0,1,0,1.0
633,0,0.046740048,57,0,0.404799866,11916.0,13,0,3,0,0.0
635,0,0.883182488,49,0,0.18373694699999998,4500.0,18,0,0,0,2.0
636,0,0.005326455,53,0,79.0,0.0,4,0,0,0,0.0
637,0,0.088809584,51,0,0.295480067,7123.0,12,0,1,0,0.0
638,0,0.021319787000000003,64,0,0.24496788,2334.0,13,0,1,0,0.0
640,0,0.063062463,54,0,4659.0,,5,0,2,0,0.0
641,0,0.0,53,0,2719.0,,5,0,1,0,0.0
642,1,0.402345742,37,0,0.337622356,12667.0,16,0,2,0,3.0
644,0,0.334295645,48,0,5368.0,,13,0,2,0,0.0
645,0,0.010350125,52,0,0.258589038,3812.0,6,0,1,0,1.0
646,0,0.336596148,36,0,0.08037225,1181.0,2,0,0,0,0.0
647,0,0.044842922,51,0,0.23358954,11318.0,5,0,1,0,2.0
648,0,0.007712359,69,0,0.15661446199999998,3000.0,6,0,0,0,0.0
650,0,0.06677885900000001,67,0,84.0,,7,0,0,0,
651,0,0.0,36,0,0.37041867700000003,7666.0,4,0,1,0,2.0
652,0,0.0,49,0,0.62273579,1600.0,10,0,1,0,1.0
653,1,0.314685703,51,3,0.160317928,16984.0,13,0,2,1,4.0
654,1,0.149314411,36,0,0.5583203729999999,4500.0,9,0,3,0,0.0
655,0,0.0,33,0,0.238212526,2841.0,9,0,0,0,0.0
657,0,0.281115558,69,0,0.16218618099999998,4500.0,10,0,0,0,1.0
658,0,0.005196165,70,0,1514.0,,9,0,2,0,0.0
660,0,0.321457844,46,2,1434.0,,6,0,1,1,0.0
661,0,0.0,65,0,0.41637918100000004,6666.0,10,0,1,0,0.0
662,0,0.8271510129999999,56,1,0.21997471600000001,8700.0,8,0,0,1,1.0
663,0,0.442798278,51,0,2092.0,,11,0,0,0,2.0
664,0,0.025082109,57,0,0.36087970700000005,3000.0,15,0,0,0,0.0
665,0,0.578849363,48,0,0.367553674,6613.0,10,0,1,0,1.0
666,0,0.020703507,47,0,0.645104381,3400.0,6,0,1,0,2.0
667,1,1.2487512490000001,33,0,0.17512032600000002,2700.0,3,2,0,0,0.0
670,0,0.914867126,40,0,0.517037339,4900.0,7,0,1,0,1.0
671,0,0.0382584,68,0,0.009831695,6000.0,12,0,0,0,0.0
673,0,0.02731285,65,0,0.325335893,2083.0,6,0,0,0,0.0
674,0,0.035605591,81,0,0.017260735,7125.0,7,0,0,0,0.0
677,0,0.12136536,34,0,3300.0,,5,0,2,0,0.0
678,0,0.180162143,40,0,0.448326668,9501.0,15,0,2,0,1.0
680,0,0.099724251,80,0,0.008908281,11000.0,3,0,0,0,0.0
682,0,0.175434349,47,0,0.149077983,4500.0,9,0,0,0,0.0
685,0,0.38608401200000003,49,0,0.16645238699999998,11666.0,17,0,0,0,3.0
686,0,0.008287427,55,0,0.115171335,7032.0,8,0,1,0,0.0
687,0,0.058687792999999995,35,0,0.335733141,8333.0,6,0,2,0,2.0
689,0,0.023114332999999997,64,0,0.513540291,9083.0,16,0,3,0,0.0
690,0,0.083426677,64,0,0.037871034,2930.0,7,0,0,0,2.0
691,0,0.529411765,26,1,0.017052375,820.0,1,0,0,0,0.0
692,0,0.192722211,77,0,0.45793064200000005,7035.0,21,0,1,0,1.0
693,0,0.9999998999999999,32,0,0.177955511,4000.0,1,2,0,0,0.0
694,0,0.359412083,54,0,3.874422899,1082.0,22,0,1,0,0.0
696,0,0.07953842,53,0,2958.0,,9,0,1,0,2.0
699,0,0.9999998999999999,56,0,0.00711943,12500.0,2,0,0,0,2.0
700,0,0.003938695,75,0,0.19994921899999998,7876.0,11,0,2,0,0.0
702,0,0.160899231,33,0,0.182363527,3333.0,13,0,0,0,0.0
704,0,0.035670256000000004,62,0,0.42767496299999996,9401.0,9,0,4,0,0.0
705,0,0.046747539000000005,60,0,1.012368584,3233.0,13,0,2,0,0.0
706,0,0.009639594,52,0,0.262440354,4400.0,5,0,0,0,0.0
707,0,0.986400389,36,0,0.441868921,11000.0,8,0,2,0,0.0
708,0,0.092392056,71,2,0.19006230300000002,13000.0,7,0,1,0,0.0
709,0,0.001019592,83,0,0.00019996,5000.0,10,0,0,0,0.0
711,0,0.045516720999999996,40,0,0.09035542199999999,11000.0,12,0,0,0,3.0
712,0,0.245744673,46,0,0.5851222420000001,6707.0,21,0,1,0,3.0
713,0,0.292159285,78,0,605.0,,5,0,0,0,0.0
714,0,0.9999998999999999,36,0,631.0,,1,0,1,0,0.0
715,0,0.016142473,76,0,0.668266347,1666.0,11,0,1,0,0.0
718,0,0.049082484,63,2,0.361938937,16441.0,12,0,1,0,1.0
719,0,1.163184115,52,0,0.319174181,4213.0,7,0,0,0,0.0
721,0,0.410946459,56,0,0.712194056,4575.0,16,0,1,0,0.0
722,0,0.47653563299999996,33,0,0.312937413,5000.0,4,0,1,0,0.0
723,0,0.37504998,64,0,0.011195522,2500.0,4,0,0,0,0.0
724,0,0.11618817099999999,33,0,0.043739065,4000.0,9,0,0,0,0.0
726,0,0.254548841,56,0,0.461357487,8500.0,15,0,2,0,4.0
728,0,0.9999998999999999,27,0,0.260763359,3274.0,3,0,0,1,2.0
729,0,0.029185402000000003,41,0,0.33629547299999996,3600.0,5,0,1,0,0.0
730,0,0.985092264,48,0,0.37690561100000003,3082.0,4,0,1,0,0.0
731,0,0.011904653000000001,69,0,1653.0,,20,0,2,0,0.0
732,0,0.0,39,0,0.735131912,6708.0,13,0,2,0,2.0
734,0,0.714892819,34,1,0.870354941,6000.0,8,0,1,0,0.0
740,0,0.061214562,35,0,0.45369268100000004,21000.0,7,0,2,0,0.0
741,0,0.475252475,38,1,0.42862854899999997,2500.0,8,1,0,0,0.0
742,0,0.243842974,52,0,1321.0,,9,0,1,0,2.0
747,0,0.111715105,47,0,0.315173697,16666.0,12,0,2,0,3.0
748,0,0.0,57,0,0.335066493,10000.0,11,0,2,0,3.0
750,0,0.0,62,0,17.0,,4,0,0,0,0.0
751,0,0.659178931,39,0,0.285324697,5866.0,6,0,1,0,1.0
752,0,0.10101257599999999,51,0,0.34037277,12500.0,21,0,2,0,1.0
753,0,0.471803323,60,0,0.365787835,9633.0,12,0,1,0,1.0
754,0,0.22482248600000002,68,0,2284.0,,6,0,2,0,0.0
755,0,0.249922521,63,2,0.25431323100000003,19416.0,18,0,2,0,1.0
756,0,0.0,55,0,0.36919213100000003,7166.0,7,0,3,0,1.0
757,0,0.066285085,58,0,0.228999349,9213.0,7,0,1,0,0.0
759,0,0.9015098490000001,33,1,0.128132981,23100.0,8,1,1,0,0.0
760,1,0.02331266,58,0,0.632371083,4052.0,13,1,2,0,0.0
762,0,0.077358439,44,0,0.32426757300000003,10000.0,10,0,2,0,0.0
763,0,0.082452074,57,0,0.89117395,3500.0,12,0,1,0,1.0
764,0,0.9999998999999999,65,0,0.0,615.0,3,0,0,0,0.0
765,0,0.14060251,56,0,0.049700447,11850.0,11,0,0,0,2.0
767,0,0.002140517,89,1,5.0,0.0,4,0,0,0,0.0
768,1,0.0,32,0,0.44187375,3500.0,5,0,1,0,2.0
769,0,0.07237774400000001,48,0,0.399050079,12000.0,9,0,2,0,0.0
770,0,0.22859122899999998,38,1,0.181233062,2951.0,4,0,0,0,0.0
773,0,0.9999998999999999,32,0,0.13271682099999998,4000.0,1,0,0,0,1.0
774,0,0.015293506,50,0,0.372513562,1105.0,13,0,0,0,0.0
775,0,0.059183800999999994,26,0,0.067061144,1520.0,7,0,0,0,0.0
776,0,0.211859605,55,0,0.128716003,6323.0,8,0,0,0,1.0
778,0,0.019415751000000002,62,0,1203.0,,9,0,1,0,0.0
779,0,0.012236873,46,0,1189.0,,6,0,1,0,0.0
780,0,0.9174283259999999,66,1,2410.0,,7,1,2,0,0.0
781,0,0.716283716,46,0,0.26775232,5280.0,10,0,2,0,2.0
783,0,0.004680652,29,0,0.057388522000000004,5000.0,4,0,0,0,0.0
785,0,0.9824778590000001,36,0,0.508163945,3000.0,3,0,1,0,0.0
786,0,0.083486086,71,0,0.17070563100000002,5611.0,4,0,1,0,0.0
787,0,0.01087466,82,0,0.001287001,7769.0,6,0,0,0,0.0
788,0,0.014646523,26,0,0.121568627,1274.0,7,0,0,0,0.0
790,0,0.537596973,68,0,1591.0,,8,0,1,0,
791,0,0.9944287540000001,42,0,2336.0,0.0,11,0,2,0,3.0
793,1,1.25748503,26,0,0.129805014,1794.0,1,2,0,1,0.0
794,0,0.031593681,33,0,523.0,,3,0,0,0,0.0
797,0,0.002965614,29,0,0.515939338,3230.0,8,0,1,0,0.0
800,1,0.962946947,50,0,0.68127587,4106.0,8,0,1,1,0.0
801,0,0.16022678699999998,31,0,0.356018715,2350.0,5,0,0,0,0.0
802,0,0.0,45,0,0.7358164540000001,10416.0,11,0,4,0,1.0
803,0,0.06740074900000001,26,0,0.166517857,4479.0,10,0,0,0,0.0
804,0,0.134374585,63,0,111.0,,2,0,0,0,0.0
806,0,0.013218661000000001,57,0,0.08532195699999999,7500.0,10,0,1,0,0.0
807,0,0.000358843,54,0,0.720069983,4000.0,11,0,0,0,0.0
808,0,0.975146408,33,0,0.332280979,3800.0,4,0,0,0,2.0
809,0,0.255610417,54,0,0.528550512,3414.0,9,0,1,0,1.0
810,0,0.9999998999999999,24,0,0.0,3833.0,1,0,0,0,0.0
811,0,0.682708972,41,4,0.38708711,13350.0,8,0,4,0,1.0
812,0,0.101551406,47,0,228.0,,6,0,0,0,0.0
813,0,0.013105862,76,0,736.0,,15,0,1,0,0.0
815,0,0.040536902,34,0,0.644091034,3646.0,11,0,1,0,0.0
816,0,0.0,46,0,0.10787812199999999,3642.0,11,0,0,0,4.0
817,0,0.013375668,82,0,0.002606106,8057.0,7,0,0,0,0.0
818,0,0.9999998999999999,48,0,0.165213329,6421.0,0,1,0,0,2.0
819,0,0.19877594,83,0,0.217065334,2800.0,9,0,0,0,0.0
820,0,0.053596215,86,0,68.0,,6,0,0,0,1.0
821,0,0.178964154,56,0,0.552930754,6772.0,6,0,1,0,1.0
822,0,0.0,90,0,0.0,,3,0,0,0,
826,0,0.158100266,45,2,0.47532270299999996,3950.0,19,0,1,0,1.0
827,0,0.626266154,56,0,0.142385321,5449.0,5,0,0,0,0.0
828,0,0.0,31,0,0.432783608,2000.0,9,0,1,0,0.0
829,0,0.48268786,30,0,0.264841895,8000.0,9,0,2,1,1.0
830,0,0.524915836,32,0,969.0,,6,0,0,0,0.0
831,0,0.335445712,40,0,0.34467983799999996,4200.0,6,0,2,1,0.0
832,0,0.0018765939999999999,79,0,0.01332778,2400.0,10,0,0,0,0.0
833,0,0.235225157,37,0,0.33503665899999996,4500.0,5,0,1,0,1.0
834,0,0.0,63,0,779.0,,6,0,1,0,0.0
835,0,0.0,28,0,852.0,,3,0,0,0,
837,0,0.10772042300000001,47,0,0.21628083899999997,9200.0,12,0,3,0,2.0
842,0,0.157137145,59,0,0.26491169600000003,3000.0,8,0,0,0,1.0
843,0,0.042202964,28,0,0.286158631,4500.0,6,0,1,0,0.0
845,0,0.835311508,31,1,0.332527053,7854.0,9,0,1,0,0.0
846,0,0.5112397,58,0,0.963084409,9453.0,13,0,3,0,1.0
847,1,0.0,44,0,6046.0,,9,0,3,0,0.0
849,0,0.0,68,0,0.090386385,4347.0,5,0,0,0,0.0
850,1,0.71976008,47,0,64.0,,2,2,0,0,0.0
851,0,0.047294357,57,0,0.447142596,5476.0,14,0,1,0,0.0
853,0,0.028083912000000003,50,0,0.38097673200000004,3910.0,20,0,0,0,3.0
854,0,0.003888457,74,0,4.0,,3,0,0,0,0.0
855,0,0.009654537,73,0,0.122830656,18553.0,6,0,1,0,1.0
859,0,0.173784093,55,0,0.19614248899999998,15916.0,14,0,3,0,0.0
860,0,0.457154579,50,0,0.10342511800000001,13400.0,7,0,0,0,2.0
861,0,0.11946064699999999,34,0,0.32224953,6916.0,5,0,1,0,0.0
863,0,0.6072056220000001,63,0,4627.0,,15,0,1,0,0.0
864,0,0.276593085,62,0,0.12183569300000001,19000.0,8,0,1,0,0.0
865,0,0.128419662,59,0,0.22643396100000002,11000.0,10,0,1,0,0.0
867,0,0.00023728400000000001,64,0,0.427787663,6743.0,10,0,1,0,0.0
868,0,0.738420926,72,0,2367.0,,11,0,1,0,0.0
869,0,0.086492476,64,0,0.074734316,5833.0,8,0,1,0,1.0
871,0,0.035754761,79,0,0.00829363,5666.0,5,0,0,0,1.0
872,0,0.003986049,81,0,0.20716467600000002,3600.0,10,0,1,0,0.0
873,0,0.09374176199999999,41,2,0.7181719259999999,3675.0,10,0,3,0,2.0
874,0,0.23197949399999998,58,0,0.37380101600000004,10633.0,28,0,4,0,0.0
877,0,0.22305596600000002,44,0,0.430297475,12000.0,13,0,2,0,3.0
878,0,0.452864285,49,0,0.330947228,6006.0,10,0,1,0,1.0
881,0,0.15189171,59,0,0.301074556,15075.0,13,0,2,0,0.0
882,0,0.606025418,39,3,0.375647341,7916.0,10,0,2,0,2.0
884,0,0.061833522,49,0,2788.0,,6,0,2,0,0.0
885,0,0.010186243000000001,47,0,0.022504141000000002,24750.0,7,0,0,0,2.0
886,0,0.5159756879999999,28,0,0.679853795,4650.0,14,0,1,0,0.0
887,0,0.347921078,42,0,0.37374048200000004,13000.0,11,0,2,0,2.0
889,0,0.165720783,68,0,0.311916978,8575.0,10,0,1,0,0.0
890,0,0.19462574800000002,31,1,0.283571758,4333.0,20,0,0,0,0.0
891,0,0.48987523,34,0,0.319171724,2800.0,3,0,0,0,1.0
892,0,0.958820874,56,0,0.236573549,9700.0,12,0,1,0,1.0
893,0,0.7990182709999999,30,0,1.298161471,1250.0,4,0,1,0,0.0
895,0,0.8191157840000001,54,0,0.528381219,2853.0,7,0,1,0,0.0
896,0,0.0,39,0,0.551779288,2500.0,7,0,2,0,0.0
897,0,0.12254432400000001,57,0,0.42893401,4333.0,9,0,1,0,1.0
898,0,0.667833042,60,0,81.0,,2,0,0,0,0.0
900,0,2.258964143,33,2,0.032483758,2000.0,1,1,0,0,2.0
902,0,0.187797808,85,0,790.0,,6,0,0,0,0.0
903,0,0.9999998999999999,34,1,0.0,5400.0,0,1,0,0,0.0
904,0,0.037379559,37,0,0.333851794,9000.0,11,0,2,0,0.0
907,0,0.106475741,32,0,0.802308265,2685.0,5,0,1,0,1.0
908,0,0.518186405,73,0,0.5048870910000001,8900.0,17,0,1,0,1.0
909,0,0.003735788,39,0,0.459166466,4150.0,10,0,2,0,0.0
910,0,0.9999998999999999,38,0,2628.0,,6,0,1,0,0.0
911,0,0.196960608,40,0,0.006959443,4166.0,1,0,0,0,0.0
913,0,0.9999998999999999,36,0,0.194963754,2620.0,3,0,0,0,0.0
914,0,0.707145775,64,0,3930.0,,13,0,2,0,0.0
915,0,0.288592785,51,0,0.226213976,10131.0,4,0,2,0,3.0
916,0,0.39724416100000004,25,0,0.294852574,2000.0,5,0,0,0,0.0
917,0,0.197440895,36,0,777.0,,3,0,1,0,
918,0,0.004884836,34,0,0.47490494299999997,5259.0,11,0,2,0,2.0
920,0,0.17545213,55,2,0.27018019,9600.0,11,0,2,0,0.0
922,0,0.00069993,83,0,0.0,10500.0,4,0,0,0,0.0
923,0,0.8224002309999999,63,0,0.515793683,2500.0,12,0,0,0,0.0
925,0,0.222506167,59,0,0.271467415,11400.0,9,0,2,0,0.0
926,0,0.39104560200000005,24,0,0.069040925,3200.0,11,0,0,0,0.0
931,0,0.9942695509999999,41,0,2809.0,,5,0,2,0,0.0
933,0,0.6104087029999999,41,1,0.06441717799999999,2933.0,7,0,0,0,2.0
934,0,0.15664578099999998,45,1,0.5602148929999999,6700.0,8,0,2,0,2.0
936,0,0.03737868,76,1,0.37278722700000005,2880.0,8,0,1,0,0.0
937,0,0.163750645,65,0,0.266873313,10000.0,13,0,1,0,0.0
938,0,0.08638272300000001,38,0,2615.0,,6,0,1,0,
939,0,0.9999998999999999,47,0,0.370691923,3800.0,6,0,0,0,1.0
941,0,0.15364667699999998,34,0,1.220066377,3916.0,7,0,2,0,0.0
942,0,0.083781617,46,0,0.421201915,5640.0,16,0,1,0,2.0
943,1,0.913773615,55,2,0.881655429,4300.0,17,0,2,0,1.0
946,0,0.0,35,0,0.0,1500.0,3,0,0,0,0.0
947,0,0.133613717,43,1,0.421048246,12000.0,14,0,3,1,2.0
949,0,0.040547951,74,0,0.020736901000000002,5400.0,5,0,0,0,0.0
950,0,0.03452873,55,0,0.514162132,7166.0,7,0,2,0,1.0
951,0,0.010441271,72,0,692.0,,7,0,0,0,0.0
953,0,0.0018822420000000001,50,0,1.317473011,2500.0,9,0,2,0,1.0
954,0,0.015644566999999998,77,0,24.0,,5,0,0,0,
955,0,0.630901661,73,0,0.047400612,4577.0,3,0,0,0,0.0
956,0,0.0,52,0,0.257757365,8926.0,11,0,1,0,2.0
957,0,0.055228297999999995,48,0,0.146276596,12407.0,5,0,1,0,0.0
958,0,0.946508915,44,0,0.148162041,2665.0,5,0,0,0,1.0
959,0,0.0,50,0,0.0,6400.0,2,0,0,0,0.0
960,0,0.8335941579999999,44,0,178.0,,9,0,0,0,0.0
961,0,0.030327811,70,0,1934.0,,11,0,2,0,0.0
962,0,0.194273425,53,0,817.0,,13,0,0,0,3.0
963,0,0.0,70,0,0.0,3500.0,6,0,0,0,0.0
964,0,0.205655719,36,0,2082.0,,13,0,2,0,0.0
965,0,0.235752849,63,0,724.0,,3,0,0,0,0.0
966,0,0.029878794,50,0,0.318734063,13333.0,11,0,3,0,1.0
967,1,1.004421666,48,3,0.605098725,4000.0,10,0,2,0,1.0
968,0,0.154955579,62,1,2446.0,,4,1,1,0,0.0
969,0,0.016658432,53,0,0.31518720100000003,9000.0,6,0,1,0,0.0
970,0,0.47584138600000003,43,0,0.198811453,1850.0,2,0,0,0,3.0
971,0,0.061439281,58,0,0.498692509,6500.0,19,0,4,0,1.0
973,0,0.31937852699999997,59,0,0.15695921300000001,6300.0,22,0,0,0,0.0
975,0,0.077910174,82,0,162.0,,2,0,0,0,0.0
976,0,0.278636315,47,0,0.5873616770000001,6867.0,22,0,1,0,4.0
977,0,0.352319991,43,0,0.246784845,8630.0,8,0,0,0,1.0
978,0,0.256314605,58,3,1.511162946,3000.0,24,0,2,0,0.0
979,0,0.0,41,0,0.346902339,5600.0,4,0,1,0,0.0
980,0,0.066113797,63,0,0.621679828,9750.0,24,0,2,0,2.0
982,0,0.041992219000000004,32,0,85.0,,7,0,0,0,0.0
983,0,0.21278519899999998,37,1,106.2727273,21.0,6,0,2,0,4.0
984,0,0.951209758,36,0,0.061445262,2310.0,2,0,0,0,2.0
985,0,0.7003310509999999,45,1,0.546448087,8966.0,11,0,2,0,1.0
986,0,0.0,26,0,346.0,,8,0,0,0,0.0
987,0,0.019327551999999998,80,0,0.180763847,5000.0,11,0,0,0,0.0
988,1,0.878245498,40,0,0.18141723,3400.0,5,0,0,0,1.0
989,0,0.066928871,35,0,0.611050027,3637.0,5,0,1,0,2.0
990,0,0.11032732099999999,52,0,0.313439924,6316.0,16,0,2,0,1.0
991,1,0.22874291100000002,38,2,3558.0,,19,0,3,0,2.0
992,0,0.691722293,78,0,0.691183331,6430.0,6,0,2,0,0.0
993,0,0.275946359,57,1,0.283411686,13400.0,10,0,1,0,0.0
998,0,0.040283239,54,0,0.135553584,12400.0,11,0,1,0,0.0
999,0,0.352989385,59,1,0.43955635,13433.0,18,0,2,0,2.0
1002,0,0.863213679,29,0,0.10267027699999999,18836.0,4,0,1,0,2.0
1004,0,0.0,50,0,0.0,6250.0,4,0,0,0,0.0
1005,0,0.47901313700000003,36,0,0.531659631,4500.0,14,0,1,0,2.0
1006,0,0.257067036,37,0,0.291809152,6140.0,6,0,0,0,4.0
1007,0,0.02403549,63,0,19.0,,2,0,0,0,0.0
1008,0,0.9999998999999999,42,0,0.217236784,2250.0,1,0,0,0,2.0
1009,0,0.0018904579999999998,47,3,0.268693009,6579.0,15,0,2,2,1.0
1011,0,0.9999998999999999,31,0,0.047961631,3335.0,2,0,0,1,4.0
1014,0,0.408690635,46,0,1.055195584,4166.0,12,0,2,0,0.0
1015,0,0.8973690390000001,57,0,2910.0,,16,0,0,0,0.0
1016,1,0.017558727,47,0,0.53540175,2513.0,10,1,1,0,0.0
1017,0,0.11542851900000001,41,0,0.278969295,6480.0,12,1,1,1,0.0
1018,0,0.83983667,49,0,3308.0,,8,0,2,0,1.0
1019,0,0.004384128,36,0,0.637788225,4466.0,11,0,1,0,1.0
1020,0,0.38395220799999996,35,0,0.49856676200000005,15000.0,18,0,2,0,0.0
1021,0,0.039609476,50,0,1132.0,,13,0,0,0,0.0
1025,0,0.9999998999999999,38,1,0.13407134099999998,6503.0,1,0,0,0,3.0
1026,0,0.22450706899999998,58,0,1068.0,,8,0,1,0,0.0
1027,0,0.6431339220000001,47,0,0.158997955,7823.0,3,0,0,0,0.0
1028,0,0.14903788699999998,44,0,0.288725647,3130.0,8,0,1,0,1.0
1029,1,0.546513871,35,0,0.93824256,8500.0,17,0,4,0,2.0
1030,0,0.546015655,39,0,0.407318536,5000.0,8,0,1,0,0.0
1032,0,0.135083219,58,0,0.06513930700000001,10300.0,7,0,0,0,2.0
1033,0,0.016221173999999998,65,0,0.19492502899999997,2600.0,9,0,2,0,3.0
1034,0,0.068038735,55,0,2.496503497,1000.0,6,0,1,0,2.0
1035,0,0.038660566,71,0,0.30808648899999996,8000.0,7,0,1,0,0.0
1036,0,0.258812185,35,0,3947.0,,4,0,1,0,0.0
1037,0,0.033458036000000003,80,0,0.431051723,11000.0,6,0,2,0,0.0
1038,0,0.9999998999999999,27,0,0.153061224,2253.0,3,0,0,0,0.0
1040,0,0.37791527799999997,51,0,0.061148228,8830.0,5,0,0,0,1.0
1041,0,0.09840773300000001,47,0,0.069744476,8100.0,6,0,0,0,2.0
1042,0,0.039686202000000004,46,0,7.0,,6,0,0,0,1.0
1043,0,0.9999998999999999,51,1,35.0,,0,1,0,0,0.0
1046,0,0.034384238,84,0,51.0,,10,0,0,0,0.0
1047,0,0.054537616,53,0,0.26682433899999997,4650.0,10,0,1,0,0.0
1048,0,0.50009998,34,0,0.21107182100000002,8200.0,3,0,1,0,0.0
1049,0,0.11282021099999999,81,0,0.312868713,10000.0,6,0,1,0,0.0
1050,0,0.012538556999999999,63,0,0.38510101,2375.0,12,0,2,0,0.0
1052,1,0.232226657,59,6,6.094452774,2000.0,16,2,1,2,1.0
1054,0,0.530405318,61,1,0.46941884899999997,13782.0,22,0,2,0,0.0
1055,0,0.520689428,68,3,0.7773704379999999,6000.0,9,0,3,0,0.0
1057,0,0.101790219,63,0,0.042235495,2343.0,5,0,0,0,0.0
1058,0,0.323481841,26,0,262.0,,3,0,0,0,0.0
1059,0,0.014466655,51,0,0.26296215300000003,4570.0,28,0,2,0,0.0
1060,0,0.022420519,72,0,1004.0,,6,0,1,0,0.0
1061,0,0.002349883,66,0,0.39184953,5103.0,5,0,2,0,0.0
1062,0,0.19253489999999998,38,0,0.225741941,12500.0,12,0,2,0,0.0
1063,0,0.251804415,66,0,0.611755298,2500.0,7,0,1,0,0.0
1064,0,0.088911089,35,0,0.000526177,3800.0,3,0,0,0,0.0
1067,0,0.030761367999999997,62,0,0.015661446000000002,3000.0,5,0,1,0,0.0
1069,0,0.9999998999999999,38,0,0.110878973,6700.0,3,0,0,0,3.0
1070,0,0.0,45,0,0.365016502,7574.0,10,0,2,0,1.0
1074,0,0.788340389,43,0,0.099845092,7100.0,3,0,0,0,1.0
1075,0,0.034754891,73,0,1627.0,,12,0,2,0,0.0
1076,0,0.0,43,0,0.281729338,15450.0,10,0,2,0,5.0
1077,0,0.148225606,63,0,1313.0,,11,0,2,0,0.0
1080,0,0.211367652,60,0,0.24045329,10500.0,19,0,2,0,0.0
1081,0,0.012987013,22,0,0.0,0.0,2,0,0,0,0.0
1082,0,0.247135843,34,0,0.09052408699999999,5666.0,3,0,0,0,1.0
1083,0,0.9999998999999999,43,0,0.129623459,3000.0,1,0,0,0,0.0
1087,0,0.0,87,0,0.067381539,6900.0,4,0,0,0,1.0
1088,0,0.9999998999999999,66,0,0.22947141699999998,11142.0,6,0,1,0,0.0
1089,0,0.09611387800000001,41,0,0.224395714,8025.0,10,0,0,0,4.0
1091,1,0.9999998999999999,41,0,219.0,,1,2,0,1,
1092,0,0.275326535,66,1,0.38317757,5884.0,17,0,1,0,0.0
1093,0,0.595112469,33,0,0.378525482,2020.0,3,0,0,0,0.0
1096,0,0.040423812,61,0,28.0,,6,0,0,0,0.0
1098,0,0.077246781,32,0,0.36842105299999994,4084.0,7,0,1,0,0.0
1099,0,0.328303003,59,1,0.480057771,9000.0,9,0,2,0,0.0
1100,0,0.572324438,50,0,1.052171197,3200.0,12,0,1,0,3.0
1102,0,0.07532705599999999,62,0,0.071378477,12832.0,7,0,1,0,0.0
1104,0,0.36917168200000006,82,0,0.048228914000000005,26000.0,12,0,1,0,0.0
1105,0,0.960431398,63,0,0.31506036,5052.0,3,0,1,0,1.0
1106,0,0.12347136199999999,63,0,0.364188164,2635.0,6,0,1,0,1.0
1107,0,0.127493625,64,0,0.09438021,14875.0,6,0,2,0,1.0
1109,0,0.083766009,53,0,0.34210815,9116.0,6,0,2,0,1.0
1112,0,0.009917446,64,0,0.447430975,5468.0,12,0,2,0,0.0
1113,0,0.9999998999999999,37,0,0.377631696,11256.0,11,0,2,0,1.0
1114,0,0.078754404,30,0,2129.0,,6,0,2,0,0.0
1115,0,0.135042385,71,0,0.017903057,10500.0,14,0,0,0,0.0
1117,0,0.099190841,57,0,0.604398743,3500.0,9,0,2,0,0.0
1118,0,0.29739805,52,0,0.5797173729999999,6014.0,8,0,1,0,3.0
1119,0,0.307191593,39,0,0.607185223,5900.0,5,0,2,0,0.0
1120,0,0.044225262,39,0,1776.0,,4,0,2,0,0.0
1121,0,0.125014705,66,2,0.404638145,2500.0,4,0,1,0,0.0
1123,0,0.013713796,47,0,0.401267976,6466.0,6,0,2,0,0.0
1124,0,0.26735262600000004,72,0,0.426685865,4166.0,10,0,2,0,0.0
1125,0,0.163836164,53,1,0.092762895,2500.0,5,0,0,0,0.0
1126,0,0.9999998999999999,70,0,0.0,,1,0,0,0,
1128,0,0.428382755,36,0,0.2706115,6573.0,12,0,1,0,0.0
1129,0,0.0199992,52,0,0.18845288699999999,4000.0,6,0,1,0,1.0
1130,0,0.08914698900000001,45,1,0.25974805,5000.0,7,0,2,0,0.0
1133,0,0.8017645440000001,35,1,0.43031440600000004,2130.0,5,0,0,1,2.0
1134,0,0.0,46,0,0.45028890200000005,5018.0,9,0,1,0,0.0
1135,0,0.010751196999999999,76,0,0.117910841,3790.0,17,0,0,0,0.0
1136,0,0.901795412,47,1,0.52674524,3308.0,6,0,1,0,3.0
1138,0,0.001759965,46,0,0.21468823899999998,5500.0,5,0,1,0,2.0
1139,0,0.390088472,39,0,0.32603648399999996,3014.0,6,0,0,0,0.0
1140,0,0.007353556,80,0,0.29991431,3500.0,16,0,0,0,1.0
1142,0,0.061173532999999995,28,0,0.08997001,3000.0,3,0,0,0,0.0
1143,0,0.39142696,58,2,0.384779992,7476.0,6,0,2,0,0.0
1145,0,0.8420789609999999,60,0,0.150494324,2730.0,10,0,0,0,1.0
1146,1,0.9544490459999999,55,5,773.0,,7,1,0,3,0.0
1147,0,0.8046815209999999,43,0,0.533815481,10231.0,12,0,2,0,4.0
1148,0,0.7515857029999999,56,0,1.4785775490000002,2333.0,8,0,2,0,0.0
1149,0,0.28910532,55,0,0.939430965,5728.0,17,0,3,0,0.0
1150,0,0.003157687,32,0,1.0,,1,0,0,0,0.0
1151,0,0.601758577,36,0,2162.0,,10,0,1,0,2.0
1153,1,0.81054584,57,2,1.141452126,3456.0,29,0,1,1,1.0
1155,0,0.0,53,0,0.46072550700000003,3500.0,7,1,1,1,0.0
1157,0,0.17988008,23,0,0.0031274429999999997,2557.0,2,0,0,0,0.0
1158,0,0.226957563,80,0,0.4375,4079.0,11,0,1,0,1.0
1162,0,0.506995336,29,0,0.5029988000000001,2500.0,6,0,1,1,0.0
1163,0,0.12035579099999999,59,0,0.151986183,11000.0,10,0,2,0,0.0
1164,0,0.247597087,56,0,0.702749471,5200.0,8,0,1,0,2.0
1165,0,0.321934593,44,0,1383.0,,7,0,2,0,1.0
1166,0,0.823059361,71,1,2061.0,,6,1,0,1,0.0
1168,0,0.099482078,44,0,0.431368631,5004.0,7,0,1,0,3.0
1170,0,0.537344212,57,0,0.627822789,5800.0,19,0,1,0,0.0
1172,0,0.9999998999999999,82,0,0.0,1400.0,0,0,0,0,0.0
1173,1,0.9999998999999999,71,1,0.313816494,2800.0,2,0,1,1,0.0
1174,0,0.317047101,65,0,0.17340286800000002,2300.0,14,0,0,0,0.0
1176,0,0.109278443,54,0,1370.0,,5,0,1,0,0.0
1180,0,0.386875937,48,0,0.11908301800000001,20850.0,19,0,0,0,2.0
1181,0,0.809765043,64,0,0.476433476,10777.0,11,0,1,0,0.0
1182,0,0.126458612,60,0,263.0,,7,0,0,0,0.0
1183,0,0.281812558,79,1,0.304637654,10500.0,16,0,2,0,1.0
1184,0,0.058309112999999996,70,0,0.723310676,2500.0,12,0,2,0,0.0
1186,1,0.08764940199999999,27,0,0.009995457,2200.0,2,0,0,1,1.0
1190,0,0.0,48,0,0.31834083,2000.0,5,0,0,0,1.0
1191,0,0.0,43,0,0.0,,2,0,0,0,0.0
1192,0,0.9636145540000001,46,0,0.224283305,3557.0,5,1,1,0,3.0
1193,0,0.027130865,43,0,0.256738293,8050.0,6,0,1,0,1.0
1194,0,0.081312065,65,1,315.0,,6,0,0,0,
1195,0,0.19129696,70,0,0.213109877,10083.0,15,0,1,0,0.0
1196,0,0.1031864,75,0,0.136302675,14166.0,5,0,2,0,0.0
1198,0,0.030586236,36,1,0.310935893,2916.0,5,0,0,0,2.0
1199,0,0.041084962,64,0,0.264227981,12000.0,8,0,1,0,0.0
1200,1,0.0,36,0,0.157678245,4375.0,7,0,0,0,2.0
1201,0,0.0,48,0,4212.0,,6,0,3,0,0.0
1202,0,0.37589721200000004,62,0,0.29563096,9017.0,21,0,1,0,0.0
1203,0,0.9999998999999999,68,0,0.19674556199999998,1351.0,3,0,0,0,0.0
1204,0,0.9999998999999999,59,0,0.020359935,5500.0,1,0,0,0,1.0
1205,0,0.096009775,53,0,0.545157068,4583.0,8,0,1,0,1.0
1207,0,0.028200733999999998,56,0,0.084599116,5200.0,10,0,1,0,0.0
1208,0,0.076703026,41,0,0.38843665200000005,4790.0,14,0,2,0,0.0
1209,0,0.227820379,77,0,0.5549159220000001,6600.0,24,0,2,0,0.0
1210,0,0.0,53,0,0.0,3000.0,2,0,0,0,1.0
1211,0,0.019391297,68,0,0.06457714099999999,3700.0,9,0,0,0,1.0
1212,0,0.149113358,68,0,0.699205217,4906.0,8,0,2,0,0.0
1213,0,0.726759759,55,0,0.65170345,9333.0,9,0,3,0,2.0
1214,0,0.09981515699999999,57,0,0.23233982600000003,4260.0,8,0,1,0,1.0
1215,0,0.00077776,74,0,0.209539523,13333.0,6,0,3,0,0.0
1216,0,0.51835032,73,0,0.685146095,9000.0,13,0,2,0,0.0
1217,0,0.083984419,49,0,2461.0,,5,0,2,0,3.0
1219,0,0.142122933,54,0,2859.0,,18,0,3,0,1.0
1221,0,0.006556256,88,0,6.0,,7,0,0,0,
1223,0,0.9999998999999999,27,0,0.014697237,1700.0,0,0,0,0,1.0
1224,0,0.0,43,0,0.43735122299999996,4620.0,7,0,1,0,0.0
1225,0,0.065421016,56,1,0.23843222600000002,1836.0,9,0,0,0,0.0
1226,0,0.9014084509999999,27,0,0.15104398,2250.0,5,0,0,0,0.0
1227,0,0.07201814299999999,50,0,1.434782609,2000.0,12,0,1,0,1.0
1228,0,0.392192869,43,0,0.150205533,9000.0,8,0,0,0,2.0
1230,0,0.0,37,0,1.687366167,1400.0,8,0,2,0,0.0
1231,1,0.9999998999999999,60,1,0.540617473,4566.0,2,0,1,1,0.0
1232,0,0.016118843,38,0,0.1247501,2500.0,12,0,0,0,1.0
1233,0,0.593788744,63,0,3400.0,,13,0,2,0,1.0
1235,0,0.36168229700000004,41,0,0.19675058,5600.0,9,0,0,0,2.0
1236,0,0.811623025,33,1,0.439755691,1800.0,8,0,0,0,4.0
1239,0,0.040253329,54,0,0.401668012,7433.0,12,0,1,0,2.0
1241,0,0.002012856,59,0,1164.0,,2,0,1,0,0.0
1242,0,0.05575925,62,0,0.014802118999999999,6417.0,6,0,0,0,0.0
1243,0,0.007749806,60,0,0.220213749,7578.0,8,0,1,0,0.0
1245,0,0.58069462,39,1,0.785196922,4417.0,8,0,2,0,0.0
1246,0,0.120179936,52,1,0.427216786,9912.0,10,0,3,0,1.0
1247,0,0.022516957999999997,67,0,1031.0,,5,0,1,0,0.0
1250,0,0.0,84,0,0.0,,1,0,0,0,0.0
1251,0,0.465521089,47,0,4085.0,,8,0,1,0,0.0
1252,0,0.8749125090000001,46,0,0.302199741,8500.0,4,0,1,0,0.0
1253,0,0.037273952,63,0,0.953488372,1805.0,8,0,1,0,0.0
1254,0,0.141762552,78,0,0.028257457000000003,5732.0,5,0,0,0,0.0
1255,0,0.017926392,62,0,0.005187456,4240.0,6,0,0,0,0.0
1256,0,0.082238982,30,0,2065.0,,7,0,2,0,
1257,0,0.07372713,53,0,0.139694329,7000.0,16,0,0,0,0.0
1258,0,0.006145513000000001,74,0,3.0,,2,0,0,0,
1259,0,0.06781117,71,0,0.332303218,5500.0,19,0,2,0,1.0
1261,0,0.293687348,31,0,1268.0,,13,0,0,0,0.0
1263,0,0.41461881799999994,70,0,4681.0,,21,0,2,0,0.0
1264,0,0.853239735,62,0,0.48771563,1912.0,4,0,0,0,0.0
1265,0,0.004195682,45,1,0.478190226,8000.0,12,0,2,0,1.0
1267,1,0.041191762,31,0,0.261369315,2000.0,3,0,0,0,0.0
1268,0,0.015200908,63,0,0.007998609,5750.0,3,0,0,0,0.0
1269,0,0.006732763,76,0,613.0,,7,0,1,0,
1272,0,0.021418674,57,0,0.28141443899999996,4750.0,13,0,1,0,1.0
1275,0,0.845719252,50,0,0.32333833100000003,2000.0,6,0,0,0,1.0
1276,0,0.9999998999999999,29,0,0.080187299,6833.0,3,0,0,0,0.0
1280,0,0.036422035,30,0,1756.0,1.0,10,0,2,0,0.0
1281,0,0.9999998999999999,82,0,278.0,,0,0,0,0,
1282,0,0.760016551,48,2,0.917543584,6366.0,10,0,1,0,1.0
1283,0,0.9999998999999999,41,0,0.007664112,3000.0,0,0,0,0,0.0
1284,0,0.147775796,33,0,430.0,,8,0,0,0,0.0
1286,0,0.0,68,0,0.634674923,1614.0,9,0,1,0,1.0
1287,0,0.11977555599999999,31,0,0.041959578,4551.0,3,1,0,0,0.0
1288,0,0.251354973,39,1,0.385015331,7500.0,7,0,1,0,1.0
1290,0,0.065464485,80,0,0.0068541719999999995,8461.0,1,0,0,0,0.0
1291,0,0.018856544,35,1,0.234095738,8000.0,11,0,0,0,0.0
1292,0,0.5514406620000001,44,0,0.418147936,6975.0,14,0,2,0,1.0
1300,0,0.623875225,41,0,0.037185126,2500.0,2,0,0,0,1.0
1301,0,0.176443529,67,0,0.182522829,9417.0,15,0,2,0,0.0
1302,0,0.0,42,0,0.48320574899999996,6400.0,3,0,1,0,4.0
1303,0,0.06769731,75,0,0.082053743,2083.0,11,0,0,0,0.0
1304,0,0.330939503,41,3,0.316851482,5500.0,6,0,1,0,2.0
1306,0,0.012739233999999999,70,0,0.008663779,3000.0,6,0,0,0,0.0
1307,0,0.007868766,63,0,1448.0,,6,0,1,0,0.0
1308,0,0.019477727,41,0,0.365306454,6150.0,12,0,2,0,0.0
1310,0,0.987501953,52,0,3844.0,,12,0,2,0,0.0
1311,1,0.983078225,42,0,0.884470118,4500.0,17,0,2,0,2.0
1313,1,0.9721508759999999,59,0,1.4737979469999998,1850.0,12,0,2,0,0.0
1315,0,0.021614552999999998,67,0,2290.0,,8,0,1,0,1.0
1316,0,0.07303712700000001,49,0,0.24992209399999998,6417.0,8,0,2,0,0.0
1317,0,0.575314156,59,0,0.653881071,4405.0,6,0,1,0,0.0
1318,0,0.086460416,27,0,1.055530875,2250.0,7,0,2,0,0.0
1319,0,0.254093195,57,0,0.45773495700000005,5500.0,12,0,2,0,0.0
1320,0,0.0,67,0,0.031403337,2037.0,4,0,0,0,1.0
1321,0,0.433365292,32,1,0.6192671679999999,4120.0,5,0,1,0,1.0
1323,0,0.288425263,77,0,0.533965245,2531.0,8,0,1,0,0.0
1324,0,0.195256512,48,0,0.484398217,5383.0,20,0,3,0,0.0
1325,0,0.8465748809999999,45,0,0.158640227,6000.0,5,0,0,0,2.0
1326,0,0.12356422800000001,45,0,0.202103511,13215.0,5,0,1,0,2.0
1328,0,0.011753293,63,0,0.10497237599999999,3800.0,3,0,1,0,0.0
1329,0,0.0,59,0,1486.0,,4,0,1,0,2.0
1331,0,0.078534132,49,0,0.38069159799999996,6390.0,7,0,1,0,0.0
1333,0,0.16351208,50,0,0.5070616170000001,8000.0,14,0,4,0,3.0
1334,0,0.032008214,73,0,0.226599205,8300.0,11,0,2,0,0.0
1336,0,0.322649069,38,0,0.267259537,4272.0,5,0,2,0,0.0
1337,0,0.0029832609999999996,80,0,0.00012837,7789.0,2,0,0,0,0.0
1338,1,0.6170258270000001,26,0,0.160912815,3417.0,5,0,0,0,0.0
1339,1,0.409985282,69,1,0.279980823,14600.0,15,0,2,0,0.0
1341,0,0.17394893399999997,68,0,3015.0,,7,0,2,0,0.0
1342,0,0.04719764,74,0,0.37567161,9305.0,8,0,5,0,8.0
1343,0,0.202774562,59,0,6994.0,,23,0,3,0,2.0
1344,0,0.087406258,32,0,0.288977727,1750.0,8,0,0,0,2.0
1345,0,0.0,39,0,0.055915527,4166.0,5,0,0,0,0.0
1346,0,0.04569372,49,0,0.300174956,4000.0,14,0,1,0,1.0
1347,0,0.022780051000000003,53,0,0.323067693,10000.0,14,0,2,0,1.0
1350,0,0.832104651,47,0,0.754365541,11166.0,18,0,3,0,2.0
1353,0,0.0,43,0,3278.0,0.0,7,0,3,0,0.0
1358,0,0.170165967,42,0,0.005084401,4916.0,2,0,0,0,0.0
1359,0,0.525349959,44,0,0.265853034,11716.0,8,0,2,0,1.0
1360,0,0.00712519,67,1,0.18611626899999997,7000.0,25,0,1,0,0.0
1361,0,0.8710733559999999,35,0,0.390764509,7167.0,12,0,1,0,0.0
1367,0,0.011834818,47,0,0.684559617,6482.0,8,0,1,0,2.0
1368,0,0.018456616000000002,53,0,0.248861238,9000.0,7,0,2,0,2.0
1370,0,0.0017864970000000002,87,0,0.010723861000000001,1864.0,10,0,0,0,1.0
1371,0,0.0,65,0,7.0,,2,0,0,0,
1372,0,0.032924722000000003,65,0,1.034372502,1250.0,21,0,1,0,0.0
1374,0,0.009985653,72,0,0.277165033,9791.0,8,0,2,0,0.0
1376,0,0.113400284,31,0,0.254913728,6664.0,9,0,2,0,0.0
1378,0,0.08135378900000001,59,0,0.028554343,60200.0,13,0,1,0,1.0
1379,0,0.17371341699999998,80,0,0.39110148299999997,6000.0,7,0,2,0,0.0
1380,0,0.013095711000000001,55,0,0.36303913200000004,3500.0,10,0,2,0,0.0
1381,0,0.01519924,59,0,0.280407101,21910.0,5,0,4,0,1.0
1382,0,0.11395544199999999,33,0,0.28258866899999996,8683.0,7,0,2,0,1.0
1383,0,0.04296902,60,0,0.016795866,5417.0,9,0,0,0,0.0
1385,0,0.878880524,61,1,0.950642674,3889.0,19,0,1,0,1.0
1386,0,0.9791956629999999,61,0,0.32073113600000003,6400.0,7,0,1,0,0.0
1392,0,0.23823566399999999,70,0,1252.0,,11,0,1,0,0.0
1393,0,0.006489024,67,0,0.099890231,12753.0,5,0,1,0,1.0
1396,0,0.9999998999999999,44,0,0.117095508,4585.0,1,0,0,0,5.0
1398,0,0.635388319,44,1,0.42933059100000004,11666.0,19,0,2,0,4.0
1399,0,0.018475688,49,0,0.162335066,2500.0,6,0,0,0,1.0
1400,1,0.82644118,38,0,0.6536804,5800.0,9,0,1,0,2.0
1401,0,0.299786422,76,0,0.138246215,3500.0,11,0,0,0,0.0
1402,0,0.654211301,37,0,0.26991654,10543.0,10,0,3,0,0.0
1403,0,0.877124547,56,1,0.389627295,14595.0,11,0,2,0,2.0
1406,0,0.9999998999999999,44,0,0.514308746,2480.0,7,0,1,0,5.0
1408,0,0.002304248,73,0,4.0,,5,0,0,0,
1410,0,0.10331853199999999,84,0,0.278180455,4000.0,12,0,0,0,0.0
1411,0,0.171134801,52,0,2574.0,,12,0,1,0,0.0
1413,0,0.00126708,40,0,0.7303170640000001,2806.0,15,0,2,0,3.0
1414,0,0.028907777000000003,41,0,0.7685208920000001,3900.0,6,0,2,0,1.0
1415,0,0.029542412,82,0,0.018150601000000002,4076.0,8,0,0,0,0.0
1419,0,0.0,59,0,0.160813579,6833.0,9,0,1,0,0.0
1420,0,0.324715615,58,2,0.10480951599999999,5800.0,10,0,1,1,2.0
1421,0,0.080481775,38,0,0.273972603,10000.0,12,0,1,0,1.0
1423,0,0.017028691000000002,72,0,0.068935962,8166.0,22,0,0,0,0.0
1424,0,0.008288705,64,0,0.002893975,3800.0,2,0,0,0,0.0
1425,0,1.089825848,60,1,0.63353639,3118.0,7,0,1,0,0.0
1428,0,0.003811909,50,0,0.362583537,24090.0,27,0,5,0,1.0
1429,0,0.033191773,57,0,0.28354329100000003,5000.0,17,0,1,0,0.0
1430,0,0.9999998999999999,34,0,0.19664072100000002,2440.0,2,0,0,0,5.0
1431,0,0.35080409999999995,43,0,125.0,,4,0,0,0,0.0
1432,0,0.9999998999999999,52,0,0.001938402,4642.0,2,0,0,0,0.0
1433,0,0.68346203,48,0,0.129354508,3903.0,4,0,0,0,0.0
1434,0,0.0,53,0,1635.0,,6,0,1,0,2.0
1436,0,0.380440179,58,0,0.32154238399999996,6275.0,9,0,1,0,0.0
1437,0,0.0,43,0,2022.0,,3,0,1,0,1.0
1438,0,0.0,66,0,0.36357314799999996,18694.0,16,0,5,0,0.0
1439,0,0.02329767,30,0,0.162629758,2600.0,6,0,0,0,0.0
1440,0,0.9710024159999999,46,0,0.49811083100000003,1587.0,3,2,0,1,0.0
1441,0,0.0,48,1,0.143671858,4558.0,8,0,0,0,0.0
1443,0,0.18805926,55,1,0.542411134,5316.0,19,0,1,0,2.0
1446,0,0.523570467,40,0,0.152938343,8303.0,7,0,1,0,2.0
1449,0,0.460114066,29,0,558.0,,4,0,0,0,0.0
1450,0,0.36399361399999997,45,0,0.24825200600000003,13586.0,6,0,2,0,3.0
1451,0,0.857122203,64,0,0.46969541600000003,9750.0,8,0,2,0,0.0
1452,0,0.027789211,52,0,0.226816225,7666.0,7,0,2,0,2.0
1453,0,0.002523689,89,0,1.0,,6,0,0,0,0.0
1456,0,0.444218359,44,1,0.478291378,11400.0,6,0,2,0,0.0
1457,0,0.6731895440000001,35,0,0.424098921,3800.0,5,0,1,0,0.0
1459,0,0.038953135,62,0,3024.0,,7,0,2,0,0.0
1460,0,0.55613391,36,0,0.151914167,4100.0,4,0,0,0,0.0
1462,0,0.212957409,61,0,0.49910018,5000.0,4,0,2,0,0.0
1463,0,0.037448128,73,0,2498.0,,4,0,2,0,0.0
1464,1,0.702381432,54,0,0.866732547,14166.0,21,0,6,0,3.0
1465,0,0.0,44,0,2648.0,,12,0,2,0,3.0
1467,0,0.620903668,42,0,1146.0,,14,0,0,0,3.0
1469,0,0.040857428,51,0,0.385322935,5000.0,9,0,1,0,0.0
1471,0,0.96673631,64,0,0.419895026,4000.0,8,0,2,0,0.0
1472,0,0.685583993,41,0,0.450440529,10895.0,13,0,5,0,1.0
1473,0,0.019999721,48,0,0.090381924,5000.0,11,0,1,0,0.0
1475,0,0.0,60,0,0.25410655600000004,7000.0,9,0,2,0,0.0
1476,0,0.9999998999999999,51,0,1.123247319,8486.0,11,0,9,0,1.0
1477,0,0.0043963579999999995,80,0,0.23319682,4150.0,10,0,2,0,1.0
1480,0,0.9999998999999999,36,0,0.082448854,6500.0,6,0,0,0,1.0
1481,0,0.555938038,53,0,0.451816271,3330.0,10,0,0,0,0.0
1484,0,0.143187518,46,0,0.048500555,2700.0,3,0,0,0,0.0
1485,1,1.083405734,55,3,0.490218316,3526.0,10,0,1,1,1.0
1486,0,0.688665867,34,0,1.0341524359999998,2400.0,12,0,1,0,3.0
1487,0,0.600289222,26,0,0.411100659,2125.0,3,0,0,0,0.0
1488,0,0.22022213699999998,26,1,0.8439450690000001,800.0,6,0,0,0,0.0
1489,0,0.030141422,52,0,0.090074333,2286.0,6,0,0,0,0.0
1491,0,0.44337920700000005,42,0,1.412587413,1000.0,8,0,0,0,0.0
1492,0,0.19845490100000002,51,0,0.24616069399999999,4492.0,7,0,1,0,2.0
1493,0,0.43951209799999996,66,0,0.027951606,2396.0,2,0,0,0,0.0
1495,0,0.0,87,0,0.01910828,6436.0,8,0,0,0,0.0
1497,0,0.5701228220000001,30,0,0.737718568,1200.0,5,0,0,0,0.0
1499,0,0.0,57,0,0.324611033,4241.0,7,0,1,0,1.0
1500,0,0.128842063,37,0,0.44555542,8200.0,10,0,2,0,2.0
1501,0,0.339647837,65,0,0.265089623,8200.0,6,0,1,0,1.0
1502,0,0.014370016000000001,69,0,0.432807679,5833.0,9,0,1,0,0.0
1503,0,0.0,61,0,2.0,,5,0,0,0,0.0
1504,0,0.511248875,38,1,0.47619047600000003,4304.0,10,0,1,0,2.0
1506,0,0.005971329,54,0,0.280197575,4453.0,13,0,1,0,2.0
1507,0,0.12320619199999999,44,0,0.643262895,4400.0,10,0,2,0,2.0
1512,0,0.386691448,41,3,0.27668932399999996,2500.0,14,0,0,0,0.0
1513,0,0.9563975240000001,35,2,3268.0,,15,0,1,0,0.0
1514,0,0.689770077,34,0,0.308230874,5855.0,5,0,2,1,0.0
1515,0,0.121532709,29,0,0.155711072,4000.0,4,0,0,0,0.0
1516,0,0.031140632999999997,45,0,0.075146243,20000.0,9,0,0,0,0.0
1517,0,0.478720045,35,0,0.353107815,6000.0,7,0,1,0,0.0
1519,0,0.065788608,69,0,1234.0,,13,0,2,0,1.0
1520,0,0.35189282899999996,45,0,0.563852484,3280.0,18,0,3,0,4.0
1521,0,0.43044473299999997,53,0,0.28164222899999997,8524.0,12,0,2,0,0.0
1522,0,0.033498604,29,0,0.45035804100000004,5166.0,7,0,2,0,0.0
1524,0,0.072093448,63,1,0.673983917,4600.0,17,0,1,0,1.0
1525,0,0.41871510700000003,35,0,0.11411911699999999,2400.0,2,0,0,0,0.0
1526,0,0.08833659099999999,43,0,0.216678332,10000.0,15,0,1,0,2.0
1527,0,0.457431884,42,1,0.700270556,8500.0,17,0,3,0,2.0
1528,0,0.029570958999999997,80,0,0.048762190999999996,1332.0,13,0,0,0,0.0
1529,0,0.168772615,58,0,0.289779829,10400.0,11,0,1,0,1.0
1530,0,0.032438862,86,0,0.141974187,5500.0,14,0,1,0,0.0
1531,0,0.9999998999999999,28,0,0.154551135,4800.0,4,0,0,0,3.0
1532,0,0.83121405,42,0,0.105620649,17666.0,12,0,0,0,0.0
1533,0,0.06322697099999999,59,0,0.263461966,13500.0,22,0,3,0,0.0
1535,0,0.43641021399999996,27,0,0.133777672,4200.0,5,0,0,1,0.0
1537,0,0.510293034,59,0,0.31697841,61000.0,13,0,2,0,1.0
1538,0,0.955236854,63,0,65.0,,1,0,0,0,2.0
1539,0,0.070741157,65,0,0.146763902,2193.0,5,0,0,0,0.0
1540,0,0.056334302999999995,63,0,4542.0,,12,0,3,0,0.0
1541,0,0.55986436,63,0,0.589572193,2243.0,6,0,1,0,0.0
1542,0,0.0,30,0,0.149209191,3350.0,10,0,0,0,0.0
1543,0,0.200990429,45,0,1559.0,,5,0,1,0,0.0
1544,0,0.09344626199999999,80,0,0.123590725,4700.0,14,0,0,0,0.0
1545,0,0.09801902400000001,55,0,0.025917927,4166.0,7,0,0,0,1.0
1546,0,0.135407518,61,0,0.34365384600000004,5199.0,12,0,1,0,0.0
1547,0,0.9999998999999999,83,0,0.0,9704.0,4,0,0,0,0.0
1548,0,0.19867375399999998,44,0,2.699720112,2500.0,13,0,3,0,0.0
1549,0,0.9054688679999999,31,1,0.35297212,1900.0,6,0,0,2,0.0
1550,0,0.011986243,77,0,0.010284245,7000.0,21,0,0,0,0.0
1551,0,0.31309339,57,0,1.64846981,2417.0,8,0,1,0,0.0
1552,0,0.12724513,46,0,0.643,14999.0,11,0,5,0,0.0
1553,0,0.0,42,0,0.10859872599999999,12559.0,5,0,1,0,3.0
1554,0,0.029725902000000002,67,0,685.0,,8,0,0,0,0.0
1555,0,0.312571479,33,0,0.107851172,6100.0,5,0,0,0,0.0
1556,0,0.0,34,0,0.062897655,5500.0,2,0,0,0,0.0
1557,0,0.809738087,49,0,0.19673896300000002,6500.0,5,0,0,0,2.0
1559,0,0.973447395,42,0,0.46819899200000004,3175.0,9,0,1,0,0.0
1560,0,0.933834167,57,2,6696.0,,8,0,2,0,0.0
1562,0,0.639081992,48,0,0.36254581799999996,3000.0,5,1,1,0,1.0
1565,0,0.019376663,68,0,1277.0,,12,0,1,0,
1566,0,0.0,88,1,0.0,9265.0,7,0,0,0,0.0
1567,0,0.05968851,76,0,0.282181539,10432.0,20,0,2,0,0.0
1568,0,0.027999026,70,0,24.0,,8,0,0,0,0.0
1569,0,0.08578358400000001,72,0,0.16900596,5200.0,12,0,0,0,1.0
1570,0,0.132240176,59,0,0.549862534,4000.0,9,0,1,0,0.0
1571,0,0.08563399099999999,49,0,0.227886057,2000.0,14,0,0,0,0.0
1573,0,0.009495252,56,0,0.055031668,7104.0,2,0,0,0,1.0
1575,0,5.3700000000000004e-05,41,0,0.108461814,5577.0,7,0,0,0,1.0
1578,0,0.017050203,64,0,0.583655513,7500.0,19,0,4,0,0.0
1579,0,0.9999998999999999,30,1,0.154187958,4500.0,4,0,0,1,0.0
1580,1,0.602746575,42,0,0.260608705,9166.0,4,0,0,0,1.0
1583,0,0.170115934,63,0,0.20808405100000002,6852.0,20,0,1,0,0.0
1584,0,0.31007646699999997,37,0,0.255326195,9058.0,7,0,1,0,0.0
1585,0,0.999578992,55,4,0.148483601,7286.0,6,0,0,0,0.0
1588,0,0.18740927899999998,38,0,0.49730054,5000.0,7,0,1,0,2.0
1589,0,0.68012303,48,0,245.0,,4,0,0,0,0.0
1590,0,0.0,26,0,0.337244676,2300.0,4,1,1,0,0.0
1591,0,0.273435385,48,0,0.218109655,10833.0,10,0,1,0,0.0
1592,0,0.284951627,52,0,0.38013188700000006,4700.0,9,0,1,0,0.0
1593,0,0.336222047,44,0,0.234941265,4000.0,14,0,0,0,0.0
1594,0,0.030024681,61,0,0.8522355509999999,1833.0,5,0,1,0,0.0
1596,0,0.137528803,42,0,0.504559635,8333.0,13,0,2,0,3.0
1599,1,0.9999998999999999,35,1,0.9009114970000001,3400.0,6,0,2,0,0.0
1601,0,0.20527446300000002,51,0,0.36132983399999996,8000.0,10,0,1,0,0.0
1602,0,0.0,49,1,0.544228523,9416.0,11,0,3,0,2.0
1603,0,0.464195875,53,0,0.120938628,4985.0,8,0,0,0,0.0
1604,0,0.46676894399999996,58,0,0.327109783,4016.0,8,0,1,0,0.0
1607,0,0.536461805,45,1,0.142285905,3000.0,3,2,0,0,1.0
1609,0,0.0,51,0,2391.0,,10,0,2,0,0.0
1612,0,1.034893879,39,0,0.439362795,9729.0,10,0,1,0,3.0
1613,0,0.147242638,85,0,88.0,,3,0,0,0,0.0
1616,0,0.286009847,65,0,3622.0,,5,0,1,0,0.0
1618,0,0.28369669,61,0,0.61966257,4800.0,14,0,1,0,0.0
1621,0,0.041104587000000005,28,0,0.3041988,3500.0,8,0,0,0,0.0
1622,0,0.299417878,56,0,0.65971575,8583.0,11,0,2,0,0.0
1623,0,0.0,49,0,0.355376308,15000.0,12,0,2,0,3.0
1626,0,0.492643999,55,2,0.8273771129999999,7750.0,13,0,2,0,0.0
1627,0,0.021547106,56,0,0.318019519,4200.0,12,0,2,0,2.0
1628,0,0.100173377,44,0,0.165314965,9000.0,9,0,1,0,2.0
1629,0,0.621007856,64,0,0.31022233899999996,7600.0,14,1,2,0,1.0
1631,0,0.0026817570000000003,51,0,0.732788003,4400.0,13,0,2,0,2.0
1632,0,0.498488961,39,0,0.286938021,17860.0,13,0,1,0,0.0
1633,0,0.09534054900000001,56,0,2779.0,,14,0,3,0,3.0
1637,0,0.0,41,0,0.00419958,10000.0,7,0,0,0,0.0
1638,0,0.36068871700000005,70,0,0.595462092,1806.0,7,0,0,0,0.0
1639,0,0.7260889779999999,36,2,0.137081955,2720.0,4,2,0,1,2.0
1640,0,0.129547536,53,0,0.562443192,5500.0,17,0,1,0,2.0
1641,0,0.123218186,47,0,0.7506807870000001,9914.0,11,0,2,0,5.0
1643,0,0.010893096000000001,71,0,0.194158076,4073.0,8,1,0,0,0.0
1644,0,0.769773734,53,0,0.278075992,9500.0,12,0,2,0,1.0
1645,0,0.006654485,50,0,740.0,,7,0,1,0,4.0
1646,0,0.0,69,0,0.0,,4,0,0,0,0.0
1647,0,0.175604436,28,0,28.0,,2,0,0,0,
1648,1,0.922505535,45,0,0.501614046,12700.0,11,0,4,0,1.0
1652,0,0.9999998999999999,34,0,0.357756601,6400.0,6,0,2,0,0.0
1654,0,0.0,44,0,0.183349121,9500.0,11,0,1,0,2.0
1655,0,0.024378631,52,0,0.150484952,10000.0,4,0,1,0,3.0
1656,0,0.770867868,49,0,0.24042455,6500.0,8,0,0,0,0.0
1657,0,0.0,71,0,0.23369157699999998,4000.0,6,0,1,0,2.0
1658,0,0.0,46,0,0.149445764,5051.0,3,0,1,0,0.0
1660,0,0.026621989,62,0,0.290083632,4184.0,8,0,1,0,2.0
1661,0,0.8801866359999999,41,0,0.211888395,2472.0,10,0,0,0,0.0
1662,1,0.9999998999999999,50,1,1305.0,,2,0,1,0,0.0
1663,0,0.11581458900000001,37,1,0.067859022,1900.0,4,0,0,0,0.0
1664,0,0.99200034,57,0,0.5551112220000001,4000.0,8,0,1,0,0.0
1665,0,0.21252628199999998,43,1,0.206479352,10000.0,8,0,2,0,0.0
1666,0,1.708044916,47,0,1.862758161,1500.0,6,0,1,0,0.0
1670,0,0.5588738320000001,30,0,0.214595135,3000.0,9,0,0,0,0.0
1671,0,0.093454384,43,0,3986.0,,25,0,2,0,0.0
1672,0,0.8502994009999999,41,0,1845.0,,3,0,0,0,0.0
1676,0,0.0,34,0,0.36540709,2566.0,3,0,0,0,0.0
1679,0,0.49696881299999995,39,1,0.15199392,25000.0,11,0,2,0,3.0
1680,0,0.940774925,41,2,0.38115471100000003,4000.0,10,0,1,0,1.0
1683,0,0.071129391,80,0,0.09368751800000001,3500.0,6,0,0,0,0.0
1684,0,0.0,40,0,509.0,,3,0,0,0,0.0
1685,0,0.01150123,43,0,0.418702196,4052.0,4,0,1,0,0.0
1686,0,0.0,60,0,114.0,,7,0,0,0,0.0
1687,0,0.425597312,43,0,0.302766085,3325.0,4,0,1,1,0.0
1688,0,0.08745277900000001,71,0,1959.0,,11,0,1,0,2.0
1689,0,0.0,44,0,0.431305341,3500.0,4,0,1,0,2.0
1690,0,0.630787623,67,0,0.37942033,7210.0,12,0,2,0,0.0
1692,0,0.016861692,48,0,0.425821711,12260.0,12,0,5,0,4.0
1694,0,0.231831982,44,0,0.192690243,12667.0,6,0,1,0,2.0
1695,0,0.306338732,57,0,0.376373626,6915.0,12,0,3,0,2.0
1696,0,0.9999998999999999,49,0,2883.0,0.0,9,0,2,0,1.0
1697,0,0.328573722,66,1,0.293398759,10800.0,17,0,2,0,1.0
1699,0,0.24664436,45,0,0.10996858,3500.0,5,0,0,0,1.0
1700,0,0.084138627,67,1,1295.0,,10,1,2,0,3.0
1702,0,0.090361993,77,0,0.311583578,4091.0,7,0,1,0,0.0
1703,0,0.5683921679999999,35,0,0.9036764709999999,2719.0,9,0,1,0,0.0
1704,0,0.005451823000000001,59,0,0.00119976,5000.0,7,0,0,0,0.0
1705,0,0.043255885,33,1,0.009998276,5800.0,7,0,0,0,0.0
1708,0,0.056371415,44,0,0.35976829200000005,14500.0,10,0,2,0,1.0
1710,0,0.0,29,0,1394.0,,5,0,1,0,0.0
1711,0,0.982431974,59,5,0.664255618,14239.0,13,0,2,1,2.0
1714,0,0.342056982,70,0,0.6263947320000001,10933.0,13,0,3,0,0.0
1715,0,0.039016915,67,0,0.49912638299999995,1716.0,5,0,0,0,0.0
1716,0,0.296110304,30,0,0.20549847300000001,3600.0,3,0,0,0,1.0
1717,0,0.0445764,61,0,37.5,1.0,4,0,0,0,0.0
1719,0,0.0,25,0,0.633373934,820.0,3,0,0,0,0.0
1721,0,0.18685178300000002,62,0,0.28668102100000004,9752.0,8,0,1,0,0.0
1722,0,0.032998428999999996,30,0,0.004461298,4482.0,1,0,0,0,0.0
1723,0,0.0069221890000000005,68,0,1.0,,9,0,0,0,0.0
1725,0,0.356634904,49,1,0.458135466,4000.0,11,0,2,0,0.0
1726,0,0.9824035190000001,57,0,2357.0,,8,0,1,1,0.0
1727,0,0.036347783,49,0,0.18096995800000001,9752.0,11,0,0,0,1.0
1728,0,0.258431665,70,0,4045.0,,8,0,1,0,1.0
1729,0,0.0,36,4,0.437849944,6250.0,11,0,2,1,0.0
1731,0,0.36947218299999995,21,0,7.0,,1,0,0,0,0.0
1732,0,0.04254138,35,0,0.48623853200000006,9700.0,12,0,3,0,2.0
1733,1,0.9999998999999999,27,98,0.0,2700.0,0,98,0,98,0.0
1734,0,0.09656591099999999,40,0,0.12080942300000001,3310.0,4,0,0,0,1.0
1735,0,0.295740852,47,0,0.178619035,3750.0,3,0,0,0,2.0
1736,0,0.213785748,46,0,0.36781609200000004,2000.0,5,0,1,0,0.0
1737,0,0.339794165,59,0,3115.0,,19,0,1,0,0.0
1739,0,0.600066364,53,1,0.50857819,5070.0,15,0,1,0,1.0
1741,0,0.010092554,37,0,0.0031282590000000004,1917.0,3,0,0,0,0.0
1743,0,0.039753447000000004,66,0,0.243919633,2836.0,15,0,0,0,0.0
1744,0,0.05101939,59,0,0.26045568,12815.0,16,0,1,0,3.0
1745,0,0.9999998999999999,63,5,0.19461867100000002,11000.0,7,0,2,0,0.0
1746,0,0.142398,57,0,0.264079508,4225.0,6,0,1,0,0.0
1748,0,0.0067961919999999995,77,0,0.41393079,2253.0,13,0,1,0,0.0
1750,0,0.827200631,53,0,0.505687694,2900.0,8,0,3,0,0.0
1751,0,0.022417562000000002,72,0,0.0018257689999999999,7667.0,2,0,0,0,0.0
1758,0,0.017832739,38,0,0.003870718,5166.0,4,0,0,0,1.0
1759,0,0.006838698000000001,43,0,0.527266028,2713.0,7,0,1,0,1.0
1761,0,0.000171917,71,0,0.0,30000.0,8,0,0,0,0.0
1762,0,0.056895398,64,0,0.33590468799999995,11666.0,14,0,3,0,0.0
1763,0,0.9999998999999999,39,3,0.112225335,6780.0,5,0,0,0,0.0
1764,0,0.21242625199999998,36,0,2743.0,,8,0,1,0,0.0
1765,0,0.01239876,66,0,14.01876676,372.0,3,0,2,0,0.0
1766,1,0.197701607,55,1,0.258874113,10000.0,7,0,2,1,1.0
1769,0,0.108894555,58,1,65.0,,2,0,0,0,0.0
1770,1,0.7688207859999999,25,1,0.569584736,1781.0,6,0,0,0,0.0
1771,0,0.7051972040000001,56,0,0.262722496,55000.0,16,0,6,0,1.0
1772,0,0.987367106,56,0,0.6138320589999999,14516.0,21,0,2,1,0.0
1773,0,0.0,63,1,0.087569008,5252.0,5,0,1,0,1.0
1774,0,0.122047134,58,0,1.861569215,2000.0,14,0,1,0,0.0
1776,0,0.884176675,32,0,0.7095269820000001,1500.0,6,0,0,0,0.0
1777,0,0.332944509,38,0,0.004916257,12000.0,3,0,0,0,1.0
1778,0,0.017699115,78,0,10.0,,1,0,0,0,
1779,0,0.36606209100000003,77,0,0.559043159,7900.0,12,0,1,0,0.0
1780,0,0.9999998999999999,32,0,0.566289141,1500.0,4,0,0,0,0.0
1782,0,0.061397627,41,0,0.718473935,10300.0,18,0,3,0,4.0
1783,0,0.162218632,49,0,0.459160129,4333.0,9,0,2,0,1.0
1784,0,0.030829821,48,1,0.088447653,1107.0,3,0,0,0,2.0
1786,0,0.04550585,58,0,0.00979804,5000.0,5,0,0,0,1.0
1788,0,0.047724174,66,0,0.75812094,2000.0,11,0,1,0,1.0
1790,0,0.0,52,0,0.16345864699999998,6649.0,3,0,1,0,2.0
1791,0,0.9999998999999999,31,1,813.0,,4,2,0,1,0.0
1793,0,0.267703359,49,0,0.021265054,9216.0,4,0,0,0,1.0
1794,0,0.714013618,55,0,0.252201164,6700.0,4,0,0,1,0.0
1796,1,0.9788084770000001,47,1,0.42841908799999995,3750.0,5,4,0,0,1.0
1797,1,1.050951924,61,3,0.801221544,1800.0,7,3,2,0,0.0
1798,0,0.959005856,30,0,0.213268706,3300.0,5,0,0,0,0.0
1800,1,0.9999998999999999,39,0,0.041420118,3041.0,2,1,0,0,3.0
1802,0,0.407186096,46,0,0.512998,6500.0,14,0,3,0,2.0
1805,0,0.02365588,70,0,0.01793722,2452.0,7,0,0,0,0.0
1806,0,0.911663333,37,0,0.632308212,5917.0,11,0,2,0,3.0
1808,0,0.08804663300000001,63,0,0.15728319400000002,9466.0,5,0,1,0,0.0
1809,0,0.059112597,59,0,1743.0,,3,0,1,0,
1810,0,0.032966889,48,0,0.537307906,5400.0,10,0,2,0,1.0
1811,0,0.042970201,40,0,45.0,0.0,6,0,0,0,0.0
1814,0,0.021639522999999997,56,0,0.323073492,8966.0,21,0,2,0,2.0
1816,0,0.011845698,76,0,9.0,,3,0,0,0,0.0
1817,0,0.34243500299999996,55,0,3840.0,,5,0,2,0,0.0
1818,0,0.106507141,40,0,0.173443541,7500.0,13,1,2,0,1.0
1820,0,0.35084768899999996,47,0,0.43258377,11250.0,9,0,2,0,3.0
1821,0,0.28402917899999996,42,0,1623.0,,10,0,1,0,0.0
1822,0,0.909043376,42,0,0.42244719399999997,8000.0,11,0,2,0,0.0
1824,0,0.205385796,68,0,1694.0,,11,0,1,0,0.0
1829,0,0.028592856,33,1,0.191657272,2660.0,8,0,0,0,0.0
1830,0,0.9999998999999999,31,0,0.0,1200.0,0,0,0,0,0.0
1831,0,0.536349341,48,0,0.14775359,4317.0,6,0,0,0,2.0
1832,0,0.026159197999999998,74,0,41.0,,3,0,0,0,0.0
1833,0,0.009937069,76,0,0.327737096,5598.0,16,0,2,0,0.0
1837,0,0.032233653,70,0,142.0,,6,0,1,0,0.0
1838,1,0.924601885,43,1,0.367097806,6880.0,4,0,0,0,1.0
1839,0,0.25051860000000004,77,0,0.363636364,4300.0,24,0,0,0,0.0
1840,0,0.0011284910000000001,81,1,4546.0,,13,0,5,0,0.0
1841,0,0.01783591,80,0,1062.0,,13,0,2,0,0.0
1842,0,0.038488034,42,0,1.225011008,2270.0,10,0,2,0,2.0
1843,0,0.680631937,33,0,0.057983433,3500.0,4,0,0,0,3.0
1845,1,0.9999998999999999,55,0,0.025398541,3700.0,1,2,0,1,0.0
1846,0,0.43590427299999995,43,0,0.353206239,5769.0,5,0,1,0,0.0
1848,0,0.293554293,63,0,0.282177432,6300.0,8,0,1,0,0.0
1849,0,0.203916305,57,0,0.346379089,7000.0,8,0,1,0,1.0
1850,0,0.9999998999999999,32,0,0.096394145,2800.0,1,0,0,0,1.0
1853,0,0.26340723899999996,60,0,2300.0,,21,0,1,0,0.0
1856,0,0.101740388,64,0,0.361220731,3800.0,9,0,1,0,0.0
1857,0,1.209302326,49,0,10.0,,1,0,0,0,0.0
1858,0,0.617672488,44,1,0.14130275,6800.0,8,0,0,0,2.0
1860,0,0.9999998999999999,45,0,0.0,4000.0,3,0,0,0,4.0
1861,1,0.9552004709999999,44,0,2277.0,,10,0,1,0,0.0
1863,0,0.006341611,61,0,0.423549278,6513.0,19,0,3,0,1.0
1864,0,0.655344655,35,0,0.294355859,3950.0,6,0,0,0,2.0
1865,0,0.494343504,51,0,0.692561488,3333.0,6,0,1,0,0.0
1866,1,1.000782541,49,1,0.642629905,6600.0,9,0,1,1,0.0
1867,0,0.10555634900000001,45,0,0.22207134899999997,8100.0,5,0,2,0,2.0
1868,0,0.208583325,50,0,0.050887927,6700.0,10,1,0,0,1.0
1869,0,0.136793641,92,1,0.23508683600000002,3972.0,11,0,1,0,1.0
1870,0,0.169233231,47,0,0.228154369,5000.0,6,0,1,0,2.0
1871,1,0.9999998999999999,46,0,117.0,,2,0,0,0,0.0
1872,0,0.441343163,45,0,1.404297851,2000.0,15,0,1,0,0.0
1873,0,0.071486036,53,0,0.182433958,8857.0,3,0,2,0,1.0
1874,0,0.007318071,64,0,419.0,,7,0,0,0,0.0
1879,0,0.014083736999999999,67,0,0.129409265,4705.0,7,0,1,0,0.0
1881,0,0.000115738,60,0,0.008918315999999999,14800.0,5,0,0,0,1.0
1883,0,0.0,28,0,586.0,,11,0,0,0,
1885,0,0.010646433,32,0,0.0008309789999999999,6016.0,8,0,0,0,2.0
1890,0,0.9999998999999999,24,0,602.0,,0,0,0,0,0.0
1892,0,0.081071193,44,0,0.332041747,16000.0,9,0,4,0,3.0
1893,0,0.006631879,27,0,0.18684114899999998,2750.0,6,0,0,0,0.0
1894,0,0.19721296600000002,49,1,0.196000987,4050.0,6,0,1,2,0.0
1896,0,0.054562307000000004,67,0,91.0,,4,0,0,0,
1897,0,0.0,48,0,0.0,,2,0,0,0,0.0
1898,0,0.049889802000000004,44,1,2549.0,,6,0,1,0,0.0
1899,0,0.5565919810000001,45,0,1.409716125,6833.0,22,0,8,0,0.0
1900,0,0.9999998999999999,30,0,0.0,,0,1,0,0,0.0
1902,0,0.59410642,42,0,0.8384482529999999,7526.0,14,0,4,0,2.0
1903,0,0.03382955,58,0,0.177037996,8500.0,10,0,2,0,0.0
1904,0,0.041396982,64,0,0.018495376,4000.0,5,0,0,0,1.0
1906,0,0.033934804,57,0,5354.0,,9,0,2,0,4.0
1910,0,0.151567098,61,0,0.52310231,8483.0,3,0,1,0,0.0
1911,1,0.680161943,47,4,0.378735696,9000.0,7,0,1,0,2.0
1912,0,0.9999998999999999,55,0,0.9582083579999999,5000.0,8,0,3,0,0.0
1913,0,0.060876125,67,0,0.122324159,5885.0,10,0,0,0,2.0
1914,0,0.9999998999999999,24,0,0.176025918,925.0,1,0,0,0,0.0
1915,0,0.6724425190000001,85,2,0.020381451000000002,5347.0,7,1,0,1,0.0
1916,0,0.389287936,63,0,1633.0,,9,0,1,0,0.0
1917,0,0.376297369,55,0,1663.0,,5,0,1,0,0.0
1918,0,0.0,35,0,0.195701075,4000.0,9,0,0,0,4.0
1920,0,0.484136932,46,0,0.144113613,12392.0,7,0,1,0,0.0
1921,0,0.08464722599999999,70,0,0.224233283,5966.0,4,0,1,0,0.0
1922,0,0.703167083,55,0,0.17480229100000003,11000.0,12,0,0,0,0.0
1924,0,0.017639294,89,0,0.0072234759999999995,2214.0,6,0,0,0,0.0
1925,0,0.00857712,49,0,0.14234306300000002,2500.0,10,0,0,0,0.0
1926,0,0.8065227759999999,27,0,0.514185727,8000.0,11,0,0,0,0.0
1927,0,0.009386388,71,0,0.010705922,2988.0,12,0,0,0,0.0
1928,0,0.86234251,34,0,0.37025680299999997,5217.0,6,0,1,1,2.0
1930,0,0.007230398000000001,54,0,705.0,,4,0,2,0,0.0
1931,0,0.02579742,75,0,0.005178402,15834.0,2,0,0,0,1.0
1932,0,0.223677632,35,0,0.375291634,9000.0,7,0,1,0,0.0
1935,0,0.838060769,65,2,0.568128183,8050.0,15,0,1,0,0.0
1939,0,0.786357071,44,0,0.066129456,11416.0,7,0,0,0,0.0
1940,0,0.936690115,50,1,1660.0,,7,0,1,0,0.0
1941,0,0.339485947,31,0,0.5141248420000001,10300.0,15,0,2,0,0.0
1942,0,0.611393314,51,0,0.401873049,9609.0,14,0,2,0,0.0
1943,0,0.15184741300000001,56,1,0.291383601,14866.0,15,0,1,0,1.0
1944,0,0.00729301,58,0,0.470048177,11000.0,10,0,1,0,0.0
1947,0,0.027560118999999998,78,0,9.0,,3,0,0,0,
1949,0,0.239984263,33,0,0.553889222,5000.0,6,0,1,0,1.0
1950,0,0.071618037,70,0,1557.0,,18,0,1,0,0.0
1953,0,0.291790743,37,0,4729.0,,6,0,2,0,0.0
1954,0,0.02374947,59,0,0.090883991,21730.0,8,0,1,0,0.0
1956,0,0.822859221,37,0,637.0,,2,0,0,0,0.0
1958,0,1.634551495,28,0,151.0,,1,3,0,2,0.0
1959,0,0.007329357,68,0,0.145237897,12000.0,20,0,1,0,0.0
1962,0,0.537109258,56,0,1.065304309,2250.0,3,0,1,0,0.0
1963,0,0.319447649,55,1,0.13336409800000001,2166.0,6,0,0,0,1.0
1964,0,0.073916921,44,0,0.1828594,7595.0,8,0,1,0,0.0
1965,0,0.068063285,52,0,0.226804124,3200.0,12,0,2,0,0.0
1967,0,0.5044305339999999,25,0,0.18821647600000002,3750.0,13,0,0,0,0.0
1968,0,0.271030817,49,0,3.214642263,600.0,12,0,2,0,2.0
1970,0,0.159244895,50,0,0.410598234,6000.0,5,0,1,0,0.0
1973,0,0.004570993,28,0,0.008594983,5700.0,4,0,0,0,0.0
1974,0,0.152989801,65,0,704.0,,4,0,1,0,0.0
1975,0,0.37334218399999997,48,2,3.45243805,1250.0,27,0,2,0,2.0
1976,0,0.371401036,29,0,0.459297344,3500.0,8,0,1,0,2.0
1977,1,0.9667774090000001,40,2,0.90261115,2833.0,5,3,1,1,2.0
1979,1,0.909494725,23,0,0.149140344,2500.0,8,0,0,0,0.0
1980,0,0.016422761,83,0,0.005982291999999999,4178.0,8,0,0,0,0.0
1981,0,0.16536001,71,0,0.34983333299999997,5999.0,11,0,2,0,0.0
1985,0,0.904559865,36,0,0.358805885,7000.0,15,0,0,0,1.0
1986,0,0.0,24,0,0.0,3100.0,1,0,0,0,0.0
1987,0,0.024624807000000002,50,0,0.197565025,7227.0,6,0,1,0,0.0
1988,0,0.0,81,0,0.0,,4,0,0,0,0.0
1991,1,1143.0,44,2,0.547761883,6500.0,13,0,4,0,2.0
1992,0,0.279617729,59,2,0.15028584,9095.0,6,0,1,0,1.0
1994,0,0.003573653,60,0,2.0,,5,0,0,0,0.0
1995,0,0.34365756399999997,58,2,0.316710411,8000.0,14,0,1,0,0.0
1999,0,0.11397067,35,0,0.667821846,7790.0,16,0,7,0,0.0
2000,0,0.011946215,54,0,0.003653144,5200.0,5,0,0,0,0.0
2001,0,0.543456543,25,0,27.0,,2,0,0,0,0.0
2004,0,0.282711455,63,0,0.393590148,6333.0,11,0,1,0,0.0
2006,0,0.047813534000000005,86,0,0.0037636429999999997,5313.0,4,0,0,0,0.0
2007,0,0.015679373,73,0,0.182954261,4000.0,6,0,1,0,0.0
2008,0,0.44798599999999994,58,0,1408.0,,5,0,1,0,0.0
2009,0,0.017289927,49,0,0.31778037,6000.0,13,0,1,0,1.0
2010,0,0.07751379900000001,29,0,0.011997715,5250.0,4,0,0,0,1.0
2012,0,0.46980402600000004,55,0,2455.0,,7,0,1,0,0.0
2013,0,0.45750741100000003,39,0,1003.0,,5,0,0,0,0.0
2014,0,0.763049917,63,0,0.465546795,5833.0,10,0,2,0,1.0
2015,0,0.159873773,42,0,0.413489736,3750.0,9,0,1,0,0.0
2016,0,0.062146415999999996,90,0,1.41586138,3000.0,18,0,1,0,0.0
2017,0,0.041683931,44,0,0.796093932,4300.0,10,0,4,0,1.0
2018,0,0.013843316999999999,39,0,0.00259948,5000.0,2,0,0,0,0.0
2019,0,0.093598023,62,0,0.226219025,5003.0,14,0,1,0,0.0
2022,0,0.062716294,69,0,0.03016164,6000.0,4,0,0,0,0.0
2023,0,0.240375962,56,0,0.6780185759999999,1614.0,3,0,2,0,0.0
2026,0,0.389992844,44,0,0.263589456,25000.0,16,0,3,0,1.0
2027,0,0.264172212,58,0,4068.0,,6,0,1,0,0.0
2028,0,0.28393059800000003,55,0,1.51545916,4333.0,14,0,2,0,2.0
2029,0,0.016845408,64,0,0.04854831,2100.0,6,0,0,0,0.0
2031,0,0.5847176079999999,24,0,0.129642134,1480.0,3,0,0,0,0.0
2033,0,0.170235836,57,0,0.130234791,25000.0,5,0,1,0,1.0
2034,0,0.971792188,52,0,0.76123817,5071.0,15,0,1,0,1.0
2037,0,0.18726872100000003,69,0,3740.0,,9,0,1,0,0.0
2040,0,0.021748641000000003,88,0,10.0,,3,0,0,0,
2043,0,0.000808265,54,1,0.255594705,10500.0,19,0,1,0,0.0
2044,0,0.162063966,51,0,0.40009999399999996,16000.0,12,0,2,0,2.0
2045,0,0.030960339,51,1,0.255676759,8983.0,22,0,1,0,0.0
2046,0,0.9999998999999999,46,0,47.0,0.0,0,0,0,0,3.0
2047,0,0.9999998999999999,53,1,0.21854170899999997,4950.0,3,3,1,0,2.0
2048,0,0.7021366170000001,56,0,0.242281682,3400.0,8,0,1,0,0.0
2049,0,0.036812806000000003,60,0,0.257091956,14593.0,9,0,1,0,3.0
2050,0,0.01292519,54,0,0.00235248,5100.0,9,0,0,0,3.0
2051,0,0.968071818,60,0,4908.0,,21,0,2,0,0.0
2053,0,0.0073632459999999995,75,0,0.002999,3000.0,5,0,0,0,0.0
2054,0,0.46312428200000005,44,1,0.659090909,7083.0,11,0,1,1,0.0
2056,0,0.238829674,56,1,0.25994777399999996,16083.0,25,0,2,1,0.0
2057,0,0.6598908410000001,41,0,0.37409409899999996,8692.0,11,0,2,0,4.0
2058,0,0.157880118,28,0,112.0,,4,0,0,0,0.0
2059,0,0.0,40,0,0.0,4450.0,4,0,0,0,0.0
2061,0,0.002586427,68,0,4.0,,4,0,0,0,
2062,0,0.16340064199999998,63,0,279.0,,3,0,0,0,0.0
2065,0,0.836666107,71,0,0.07396301799999999,2000.0,4,0,0,0,0.0
2066,0,0.474404095,39,0,0.19995403399999997,4350.0,10,0,1,0,2.0
2067,0,0.05079000400000001,57,0,0.375937344,6000.0,20,0,2,0,0.0
2068,0,0.279609581,79,0,0.22529869100000002,5272.0,11,0,1,0,0.0
2069,1,0.7697654209999999,37,6,1.433628319,3050.0,8,2,1,1,1.0
2070,0,0.343209383,36,0,0.40870022799999994,5700.0,11,0,1,0,0.0
2071,0,0.307692308,25,0,0.010463378,1337.0,2,0,0,1,0.0
2072,0,0.39509052200000006,42,0,3524.0,,7,0,1,0,1.0
2073,0,0.377588854,34,0,0.11731291699999999,4048.0,5,0,0,0,0.0
2074,0,0.9999998999999999,78,0,6.0,,1,0,0,0,0.0
2075,0,0.611257459,50,0,0.45900365299999996,12866.0,10,0,4,0,3.0
2078,0,0.99000999,35,1,1254.0,,10,1,0,0,0.0
2080,0,0.0,51,0,0.073110285,4034.0,8,0,0,0,2.0
2081,1,0.772891132,55,2,0.28672610600000004,12000.0,6,1,2,0,0.0
2082,1,0.056024823,58,3,1598.0,,5,1,2,0,
2083,0,0.132159324,34,0,0.524502525,3366.0,6,0,2,0,0.0
2085,0,0.39751209200000004,52,0,0.179539773,15600.0,16,0,2,0,4.0
2086,0,0.013597281000000001,66,1,4.0,,4,0,0,0,0.0
2087,0,0.9999998999999999,50,0,2701.0,,1,0,1,0,0.0
2088,0,0.011629341999999999,64,0,0.20030397600000002,12500.0,10,0,1,0,1.0
2089,0,0.20223306,70,2,0.657354741,41666.0,22,0,5,0,1.0
2090,0,0.028005705,49,0,0.299329199,7900.0,16,0,2,0,0.0
2091,0,0.004593166,65,0,1155.0,,11,0,1,0,0.0
2092,0,0.042312909,35,0,0.41816650899999996,9500.0,8,0,2,0,1.0
2093,0,0.0,50,0,1222.0,1.0,19,0,1,0,0.0
2094,0,0.054585904000000005,44,0,1000.0,,13,0,0,0,2.0
2096,1,0.6278580979999999,54,0,0.16447531599999998,4030.0,6,0,0,0,1.0
2097,0,0.030802321,51,0,0.751294548,6565.0,11,0,2,0,0.0
2098,0,0.025361644,57,0,2884.0,,16,0,2,0,0.0
2101,0,0.013609221000000001,73,1,0.340329835,2000.0,6,0,1,0,0.0
2102,0,0.39831069700000005,65,0,0.43345090000000003,5386.0,16,0,0,0,0.0
2103,0,1.016598893,63,0,0.07189620299999999,8400.0,3,1,0,0,0.0
2104,0,0.118811275,57,0,0.117432215,16153.0,8,0,1,0,1.0
2105,1,0.7186937520000001,54,1,0.626305265,4500.0,11,0,1,1,0.0
2106,0,0.06400657,55,0,0.47924442100000003,13128.0,8,0,3,0,0.0
2107,0,0.081280535,63,1,0.44125211700000005,15940.0,22,0,5,0,1.0
2108,0,0.9999998999999999,27,0,0.077780358,4306.0,1,0,0,0,0.0
2110,0,0.21085830100000003,58,0,251.0,,3,0,0,0,1.0
2111,0,0.201663466,67,0,882.0,,6,0,1,0,0.0
2112,0,0.15956134800000002,48,0,0.040845473,3500.0,2,0,0,0,0.0
2113,0,0.0,37,0,2865.0,,8,0,5,0,2.0
2116,0,0.025362647999999998,29,0,0.191161768,5000.0,13,0,0,0,0.0
2117,0,0.109700356,46,0,2719.0,,7,0,2,0,0.0
2118,0,0.005643425,68,0,0.718816068,3783.0,4,0,1,0,0.0
2119,0,0.988892054,23,1,245.0,,6,0,0,0,1.0
2120,0,0.295125487,33,0,0.426305809,5800.0,14,0,2,0,0.0
2121,0,0.138347164,52,0,0.274721224,10850.0,3,0,1,0,1.0
2123,0,0.085363988,42,0,0.653923068,8500.0,7,0,1,0,0.0
2124,0,0.719133902,59,0,1787.0,,11,0,1,0,0.0
2125,0,0.091788469,59,0,4050.0,,9,0,3,0,3.0
2126,0,0.08685087699999999,62,0,0.43574164600000004,7570.0,22,0,1,0,0.0
2128,0,0.191958515,45,0,0.31883376399999996,8505.0,4,0,1,0,1.0
2129,0,0.143608005,54,0,0.33601142700000003,5600.0,15,0,1,0,2.0
2130,0,0.112387394,30,0,1230.0,,12,1,0,0,0.0
2131,1,0.9302325579999999,74,2,0.32247662,3100.0,6,0,0,0,0.0
2133,0,0.792013418,51,0,0.180496039,7700.0,7,1,0,0,2.0
2134,0,0.093984336,24,0,16.0,,2,0,0,0,0.0
2135,0,0.287522654,39,2,0.634727545,6000.0,19,0,1,0,2.0
2139,0,0.31361716,41,1,0.501231706,6900.0,13,0,2,0,2.0
2140,0,0.15620356300000002,36,1,4179.0,,7,0,2,0,0.0
2145,0,0.012767644,73,1,0.221833227,6283.0,19,0,1,0,0.0
2146,0,0.01699306,73,0,0.269474638,4415.0,13,0,2,0,0.0
2148,0,0.0009183489999999999,62,0,0.001690005,4141.0,5,0,0,0,0.0
2149,0,0.276054839,54,0,8260.0,,10,0,2,0,0.0
2150,0,0.00441198,58,0,0.19144132,18600.0,5,0,2,0,0.0
2151,1,0.108532462,52,3,0.33855941799999995,4400.0,13,1,1,0,1.0
2152,0,0.22849398699999998,56,0,0.306564342,7296.0,9,0,2,0,0.0
2153,0,0.016777713,66,1,0.326134773,5000.0,13,0,3,0,0.0
2155,0,0.077708073,74,0,0.16712694,10500.0,14,0,1,0,0.0
2156,0,0.00189109,51,0,0.44564657399999996,3881.0,10,0,1,0,3.0
2158,0,0.070111885,56,0,0.220878049,10249.0,6,0,2,0,0.0
2159,0,0.0,66,0,0.17158284199999999,10000.0,5,0,1,0,0.0
2160,0,0.710783147,67,1,1102.0,,6,0,1,0,
2161,0,0.516420752,40,4,0.016135705,2416.0,7,1,0,0,2.0
2164,0,0.03284384,57,0,0.247532417,10333.0,25,0,2,0,0.0
2165,0,0.07288958400000001,57,0,0.09739049400000001,8583.0,6,0,1,0,0.0
2167,0,0.013173627,60,0,1239.0,,6,0,1,0,0.0
2168,0,0.003747538,43,0,2212.0,,14,0,1,0,3.0
2170,1,0.9999998999999999,35,3,0.353441093,6000.0,5,2,0,1,1.0
2173,0,0.020957257,63,0,0.405168436,4333.0,11,0,2,0,0.0
2174,0,0.058047098,47,0,0.066564358,10425.0,3,0,0,0,3.0
2178,0,0.078958502,39,0,0.38380135,12000.0,11,0,1,0,6.0
2179,0,0.229616088,49,1,0.43115721,4916.0,26,0,1,0,1.0
2180,0,0.02355508,54,0,0.466629119,3550.0,8,0,2,0,0.0
2181,0,0.9999998999999999,73,0,61.0,,2,0,0,0,
2182,0,0.890043982,58,0,0.07457402099999999,4518.0,6,0,0,0,0.0
2183,0,0.9229439229999999,46,0,828.0,,9,0,0,0,2.0
2188,0,0.255829447,22,0,0.004005827,2745.0,2,0,0,0,0.0
2189,0,0.032128341,55,0,0.018325698,2400.0,5,0,0,0,0.0
2192,0,0.001162656,40,2,809.0,,6,0,1,0,0.0
2193,0,0.6744345009999999,63,0,0.505485087,5833.0,13,0,0,0,0.0
2195,0,0.049999219000000004,45,0,0.24047578,5800.0,12,0,2,0,3.0
2196,0,0.571642103,41,0,0.31546056699999997,8000.0,7,0,0,0,2.0
2197,0,0.5472687079999999,46,1,0.286611147,7804.0,9,0,1,0,2.0
2198,0,0.027904098,81,0,35.0,,9,0,0,0,
2201,0,0.003799905,59,0,0.39880220299999997,18700.0,9,0,3,0,2.0
2202,0,0.540729635,25,1,0.055347259,5600.0,3,0,0,0,1.0
2203,0,0.677295454,49,0,0.149475738,4100.0,4,0,0,0,0.0
2204,0,0.42843950700000005,59,0,0.434346035,7767.0,12,0,2,0,0.0
2206,0,0.06137026,72,0,0.275938947,5830.0,6,0,1,0,1.0
2208,0,0.9999998999999999,46,0,0.44137814299999995,11812.0,5,0,2,0,0.0
2210,0,0.0,60,0,0.18893146,11744.0,13,0,2,0,0.0
2212,0,0.314297605,60,1,2363.0,,6,0,1,0,0.0
2213,0,0.9999998999999999,47,0,0.384359401,1201.0,3,0,0,0,0.0
2214,0,0.946352367,30,3,886.0,0.0,9,0,0,0,1.0
2215,0,0.014665445,29,0,928.0,,9,0,0,0,1.0
2216,0,0.030785947,32,0,0.561170696,5500.0,9,0,2,0,0.0
2217,0,0.7085903509999999,48,0,0.277909927,12611.0,11,0,2,0,3.0
2218,0,0.67083045,49,0,0.425211966,6250.0,7,0,1,0,3.0
2219,1,0.8770764120000001,51,4,0.81300813,4550.0,15,0,1,0,2.0
2221,0,0.079440102,30,0,13.0,,1,0,0,0,
2222,0,0.023907646,65,0,0.309335963,9125.0,14,0,2,0,0.0
2223,0,0.40342791299999997,64,0,0.7372959090000001,5450.0,9,0,3,0,0.0
2226,0,0.9999998999999999,63,0,0.0,2390.0,1,0,0,0,1.0
2227,0,0.9999998999999999,70,0,3.0,,1,0,0,0,0.0
2229,0,1.166079873,42,0,2.323169208,4000.0,16,0,6,0,2.0
2230,0,0.638198235,55,0,0.376462354,10000.0,12,0,2,0,0.0
2232,0,0.132736764,41,0,552.0,,4,0,0,0,
2235,0,0.055594440999999994,62,0,0.323684586,14025.0,5,0,2,0,1.0
2236,0,0.9999998999999999,58,0,28.0,,3,1,0,0,0.0
2237,0,0.065245571,78,0,0.180116959,2564.0,11,0,1,0,0.0
2241,0,0.346881093,34,0,0.846374544,3833.0,13,0,1,0,1.0
2242,0,0.026800767000000003,56,0,0.250074993,10000.0,7,0,2,0,1.0
2243,0,0.0,52,0,0.263558516,5254.0,14,0,2,0,0.0
2244,0,0.184182617,73,0,0.355906118,5197.0,6,0,1,0,0.0
2245,0,0.420629115,26,0,0.062189055,803.0,3,0,0,0,0.0
2247,0,0.141188966,37,0,0.596839219,6200.0,22,0,2,0,1.0
2248,0,0.016066131,85,0,0.135431062,9406.0,10,0,0,0,0.0
2249,0,0.041681196000000004,47,0,0.051726629,6920.0,5,0,0,0,2.0
2252,0,0.025665445,58,2,4034.0,,14,0,2,0,3.0
2253,0,0.028853136,79,0,74.0,,8,0,0,0,
2255,0,0.6946843140000001,62,0,0.55068124,6678.0,12,0,2,0,0.0
2256,0,0.051976021,79,0,0.16443713599999998,22500.0,22,0,1,0,1.0
2258,0,0.032604457999999996,66,0,0.641991925,5200.0,9,0,0,0,0.0
2259,0,0.0,67,0,0.19585051899999997,8000.0,5,0,1,0,0.0
2260,0,0.019760608,48,1,0.410928038,7100.0,25,0,2,0,0.0
2261,0,0.038045505,56,0,0.240268552,14000.0,8,0,2,0,1.0
2262,0,0.002115303,62,0,0.377098661,5300.0,4,0,1,0,1.0
2264,0,0.102657816,75,0,0.40029985,2000.0,10,0,1,0,0.0
2265,1,0.306928195,49,1,5072.0,,16,0,2,0,0.0
2266,0,0.035763475,69,0,0.200508998,5500.0,9,0,0,0,1.0
2267,0,0.749625037,61,1,0.233524355,5583.0,7,0,1,0,1.0
2268,0,0.9999998999999999,35,1,0.0,4650.0,0,0,0,0,0.0
2269,0,0.891824326,45,0,0.47309982799999994,9906.0,12,0,2,2,0.0
2271,0,0.117133186,31,0,0.263956007,6000.0,6,0,1,0,1.0
2273,0,0.0,45,0,0.403704026,11500.0,6,0,1,0,2.0
2274,0,0.6918699909999999,50,0,1.082024842,4266.0,14,0,3,0,0.0
2275,0,0.9999998999999999,54,1,0.147386461,3500.0,1,0,0,0,1.0
2276,0,0.018401824,43,0,0.482294264,4009.0,7,0,1,0,0.0
2279,0,0.9999998999999999,35,0,0.293916024,3500.0,6,0,0,0,0.0
2281,0,0.0,64,0,0.6257497,2500.0,3,0,2,0,0.0
2283,0,0.979246733,33,3,0.113866325,7016.0,8,0,0,0,2.0
2285,0,0.756949537,39,0,0.7556881759999999,2680.0,6,0,1,0,1.0
2286,0,0.9999998999999999,22,98,0.0,,0,98,0,98,0.0
2287,0,0.7377376390000001,34,0,0.363659085,4000.0,13,0,0,0,3.0
2288,0,0.032885793999999996,71,0,2336.0,,4,0,1,0,0.0
2290,0,0.017845625,54,0,0.511686144,2395.0,12,0,0,0,0.0
2291,0,0.013332445,93,0,0.00244798,2450.0,1,0,0,0,0.0
2292,0,0.41750201200000003,53,0,0.415656243,4700.0,9,0,2,1,1.0
2294,0,0.077461503,50,0,87.0,,4,0,0,0,0.0
2295,0,0.074767296,47,0,0.20913047,12178.0,16,0,1,0,3.0
2296,0,0.217125715,60,0,3118.0,,8,0,2,0,0.0
2298,0,0.025931605,68,0,1480.0,,3,1,1,0,0.0
2300,0,0.004269932,73,0,10.0,,10,0,0,0,0.0
2301,0,0.225189112,46,0,0.406138107,11729.0,9,0,3,0,3.0
2302,0,0.040159476,60,0,2519.0,,33,0,3,0,0.0
2303,0,0.000263155,59,0,0.23758568800000002,5980.0,11,0,2,0,1.0
2304,0,0.027906891,76,0,0.006427653,7000.0,4,0,0,0,0.0
2305,0,0.41522923899999997,55,1,0.236357659,3041.0,5,0,0,0,0.0
2306,0,0.141228518,62,0,0.40633842700000006,5300.0,13,0,2,0,1.0
2307,0,0.190641248,26,0,42.0,,1,0,0,0,0.0
2309,0,0.7595623159999999,54,0,0.479469885,8450.0,7,0,2,0,2.0
2310,0,0.006046879000000001,60,0,0.008248969,5333.0,5,0,0,0,1.0
2311,0,0.07224768200000001,58,0,0.361514127,9166.0,9,0,1,0,0.0
2312,0,0.012689563000000001,83,1,0.010689354,4583.0,23,0,0,0,0.0
2316,0,0.7201901340000001,37,0,0.73364486,5563.0,6,0,1,0,2.0
2317,1,0.016814976000000002,43,1,0.029509816,8098.0,6,0,0,1,0.0
2318,0,0.071398215,31,0,1663.0,,9,0,2,0,2.0
2319,0,0.9384602879999999,35,0,0.344655345,1000.0,3,0,0,0,0.0
2320,0,0.8292682929999999,28,0,0.186750428,1750.0,3,0,0,0,0.0
2321,0,0.094884325,68,0,0.644670051,2166.0,13,0,2,0,0.0
2322,0,0.014566523999999999,61,0,1475.0,,11,0,1,0,2.0
2323,1,0.098532359,46,0,0.091918883,9812.0,6,0,0,0,0.0
2324,0,0.148269541,65,0,869.0,,3,0,0,0,0.0
2326,0,0.0,25,1,0.0,820.0,2,0,0,0,0.0
2328,0,0.9999998999999999,47,0,0.031665458,4136.0,1,0,0,0,3.0
2329,0,0.000416655,80,0,0.0,6500.0,2,0,0,0,0.0
2331,0,6324.0,59,0,0.13667285099999998,11318.0,4,0,1,0,1.0
2332,0,0.9999998999999999,23,0,65.0,,2,0,0,0,0.0
2333,0,0.213039604,54,1,0.24167583199999998,10000.0,17,0,2,0,0.0
2334,0,0.037915017,40,0,1.579545455,1583.0,14,0,3,0,0.0
2336,1,0.9999998999999999,48,4,1.195921631,2500.0,5,1,3,1,0.0
2337,0,0.222099822,53,0,0.21319670100000002,4000.0,4,0,1,0,0.0
2338,0,0.105642895,71,0,0.220465601,11511.0,8,0,1,0,0.0
2342,0,0.43324838299999996,44,0,2665.0,,9,0,1,0,
2343,0,0.21756487,24,0,0.0013630170000000002,2200.0,1,0,0,1,0.0
2347,0,0.060837205,69,0,219.0,1.0,14,0,0,0,0.0
2349,0,0.48166997,48,2,0.46735934100000004,5100.0,13,0,0,1,0.0
2350,0,0.156709144,60,0,0.047498516,32000.0,15,0,1,0,2.0
2352,0,0.005333172,91,0,0.000301495,16583.0,3,0,0,0,0.0
2353,0,0.032188754,72,0,0.004176225,17000.0,4,0,0,0,1.0
2354,0,0.798608056,62,0,0.43423725799999996,11320.0,7,0,2,0,0.0
2355,0,0.9999998999999999,41,0,115.0,,1,0,0,0,
2356,0,0.276986151,45,0,0.759673094,7830.0,8,0,3,0,0.0
2358,0,0.002086775,80,0,0.0,3925.0,3,0,0,0,1.0
2359,0,0.000307164,93,0,0.150462384,4000.0,11,0,1,0,0.0
2360,0,0.18508757399999998,57,0,0.35906303,15325.0,20,0,4,0,2.0
2361,0,0.0,69,0,0.284428893,4000.0,9,0,1,0,1.0
2362,0,0.695345414,61,0,0.536807899,8000.0,11,0,1,0,1.0
2363,0,0.9999998999999999,23,0,0.18878400899999997,1800.0,2,0,0,0,0.0
2364,0,0.0,55,0,785.0,,4,0,0,0,0.0
2366,0,0.788092262,50,0,0.764426536,6948.0,9,0,3,0,2.0
2367,0,0.231796267,76,0,0.38652351,2700.0,8,0,2,0,1.0
2368,0,0.393875435,65,0,0.329797446,20833.0,15,0,6,0,3.0
2369,0,0.9999998999999999,45,1,1.094979352,4600.0,3,4,0,0,1.0
2371,0,0.9999998999999999,89,0,0.0,6000.0,2,0,0,0,0.0
2372,0,0.19812264100000002,58,0,0.598523304,4333.0,8,0,1,0,0.0
2373,0,0.385384551,38,0,1.053037608,1036.0,4,0,1,0,0.0
2374,0,0.023681717999999997,62,0,0.451478551,2400.0,7,0,3,0,0.0
2375,0,0.066923375,74,0,2561.0,,5,0,1,0,0.0
2376,0,0.9999998999999999,85,0,0.011247188,4000.0,5,0,0,0,0.0
2377,0,0.166184038,50,0,0.203518593,2500.0,5,0,0,0,0.0
2378,0,0.013204878,66,0,0.7168226540000001,4166.0,23,0,3,0,0.0
2380,0,1.042754026,59,6,0.22847208,14666.0,7,4,2,0,0.0
2382,0,0.24114835899999998,54,0,0.22225430699999998,10388.0,8,0,1,0,3.0
2384,0,0.87678673,59,0,1.438875306,1635.0,8,0,1,0,3.0
2385,0,0.0,42,0,0.573151007,6800.0,10,0,2,0,3.0
2387,0,0.0036909340000000003,52,0,0.285994648,5604.0,9,0,1,0,2.0
2388,0,0.771024905,50,1,0.350720659,8741.0,14,0,2,0,5.0
2389,0,0.962037962,38,1,0.18257527199999998,1560.0,3,0,0,0,0.0
2390,0,0.232223932,69,0,0.504614675,4333.0,15,0,1,0,0.0
2391,0,0.22455508899999999,44,0,0.172716066,7300.0,3,0,1,0,3.0
2392,0,0.005775151,61,0,0.281690141,5750.0,8,0,1,0,0.0
2393,0,0.012361668999999999,74,2,0.010582011,1700.0,7,0,0,0,0.0
2395,0,0.138716898,29,2,0.03276419,4333.0,3,0,0,0,0.0
2396,0,0.018547333,84,0,31.0,,8,0,0,0,0.0
2398,0,0.37137586200000006,64,0,3107.0,0.0,6,0,1,0,0.0
2399,0,0.11493527,35,1,0.101624323,2400.0,3,0,0,0,0.0
2400,0,0.154398948,51,0,1.035995501,2666.0,13,0,2,0,0.0
2404,0,0.9999998999999999,32,0,0.014133058,2900.0,0,0,0,0,0.0
2405,0,0.995313964,30,1,0.154133002,3217.0,6,0,0,0,1.0
2406,0,0.972881909,46,3,0.769292283,2500.0,8,0,0,4,3.0
2407,0,0.083182301,28,0,96.0,,2,0,0,0,0.0
2408,1,0.049761737,27,0,0.217188062,2780.0,7,0,0,0,0.0
2410,0,0.910789327,44,1,0.456254375,10000.0,9,1,3,0,2.0
2411,0,0.754010532,41,0,0.33289174899999996,5283.0,10,0,0,0,1.0
2412,0,0.568293455,45,0,1.001619579,5556.0,9,0,1,0,2.0
2415,0,0.18326583,53,0,0.330495246,7046.0,13,0,1,0,0.0
2416,0,0.017705623,33,0,0.319053619,7142.0,7,0,1,0,0.0
2417,0,0.35880398700000005,37,0,0.06332278,6000.0,3,0,1,0,4.0
2418,0,0.456378479,69,0,1985.0,,4,0,1,0,0.0
2419,0,0.23063852,58,0,0.1968002,16000.0,9,0,3,0,3.0
2423,0,0.266556876,65,1,0.720079977,3500.0,9,0,2,0,0.0
2424,0,0.123401619,55,0,1540.0,,12,0,0,0,0.0
2425,0,0.724220984,52,0,0.09344290599999999,17400.0,4,0,0,0,2.0
2427,0,0.9999998999999999,56,0,0.228380986,5700.0,2,0,1,0,0.0
2429,1,0.92358804,39,1,0.180880975,3200.0,3,0,0,0,0.0
2430,0,0.9999998999999999,60,0,2265.0,,3,0,2,0,0.0
2431,0,0.059077637,33,0,0.8282130520000001,5500.0,6,0,2,0,0.0
2432,0,0.05924195,51,0,0.35891442700000004,7700.0,6,0,2,0,2.0
2434,0,0.139086091,42,0,0.162415784,8311.0,5,0,2,0,1.0
2435,1,0.9999998999999999,40,0,0.024168236000000003,3185.0,1,3,0,0,2.0
2436,0,0.036158699,46,0,0.261712095,4695.0,6,0,1,0,0.0
2437,0,0.024731104,48,0,1230.0,,6,0,1,0,3.0
2438,0,0.14634433300000002,31,0,0.173706573,4000.0,8,0,0,0,0.0
2440,0,0.9515986540000001,55,0,0.554855251,9360.0,27,0,2,0,0.0
2441,0,0.10584468400000001,45,4,0.37784831700000004,8820.0,25,0,2,0,1.0
2442,0,0.0,47,2,2603.0,,7,0,2,0,0.0
2443,0,0.060803457000000005,62,0,0.44947735200000005,6600.0,7,0,1,0,0.0
2444,0,0.25389671,58,0,1.008893579,6633.0,30,0,5,0,0.0
2445,0,0.389219882,43,0,1.118220445,4000.0,20,0,2,0,0.0
2446,0,0.12052884,59,0,0.341663692,2800.0,11,0,0,0,0.0
2447,0,0.0,58,0,1113.0,,4,0,1,0,0.0
2449,0,0.070773663,84,2,1332.0,,9,1,1,0,0.0
2450,0,0.275536858,47,0,0.192701825,4000.0,3,0,0,0,2.0
2452,0,0.35315537399999997,45,0,1435.0,1.0,13,0,2,0,2.0
2454,0,0.663605086,62,0,0.572717024,6208.0,13,0,1,0,1.0
2455,0,0.302227225,64,0,0.189887119,6466.0,13,0,0,0,1.0
2456,0,0.265081365,32,0,0.207063377,6200.0,6,0,0,0,3.0
2457,0,0.015984016,51,0,3138.0,,4,0,2,0,0.0
2459,0,0.198076765,37,1,0.7252849809999999,15000.0,12,0,4,0,0.0
2461,0,0.09739350699999999,59,1,2236.0,,6,0,3,1,2.0
2462,0,0.819311085,51,0,0.508774298,7407.0,14,0,2,0,0.0
2463,1,0.11770307599999999,51,2,0.107120353,4760.0,9,0,0,1,0.0
2464,0,0.021353518,70,0,0.612516175,8500.0,19,0,4,0,0.0
2465,0,0.444033966,57,0,0.366860773,11333.0,18,0,2,0,0.0
2466,0,0.301349325,44,0,845.0,,2,0,1,0,0.0
2468,0,0.9515757109999999,29,0,0.873503384,1920.0,9,0,1,2,0.0
2469,0,0.9999998999999999,55,0,1242.0,,6,0,1,0,1.0
2471,1,0.9999998999999999,46,1,0.673163418,2000.0,5,3,0,2,0.0
2473,0,0.054486587999999996,59,0,1837.0,,5,0,1,0,0.0
2474,0,0.043752272,69,0,0.21893158399999998,5334.0,5,0,1,0,0.0
2475,0,0.003148802,43,0,1243.0,,9,0,2,0,0.0
2476,1,0.986295215,50,3,0.170919325,5329.0,6,0,2,1,1.0
2477,0,0.025079156000000002,64,0,0.010381862,8379.0,12,0,0,0,0.0
2479,0,0.04559544,65,0,0.294095454,5300.0,3,0,1,0,0.0
2480,0,0.5018101779999999,63,0,4903.0,,24,0,2,0,0.0
2481,0,0.085942705,59,0,0.510359027,7770.0,13,0,4,0,2.0
2484,0,0.831128732,47,0,0.46374635,11984.0,16,0,2,0,0.0
2485,0,0.9999998999999999,33,1,0.101789821,10000.0,6,0,0,0,0.0
2486,0,0.0,31,0,0.033655448,3000.0,10,0,0,0,0.0
2487,0,0.353554882,56,0,0.284202933,8317.0,4,0,1,0,0.0
2488,0,0.409889289,38,0,0.7824267779999999,2150.0,8,0,1,0,1.0
2489,1,0.258262875,40,1,0.7180939690000001,3000.0,5,3,2,0,1.0
2490,0,0.20119920100000002,23,0,0.003746878,2401.0,1,0,0,0,0.0
2491,0,0.006367642,62,0,6413.0,,18,0,2,0,0.0
2494,0,0.882164926,60,0,0.426229508,2500.0,8,0,0,0,0.0
2495,1,0.451376082,48,0,2.51196093,12080.0,29,0,17,0,2.0
2496,0,0.936191982,31,4,0.060705974,5155.0,6,0,0,0,1.0
2497,0,0.416194602,22,0,0.014993753,2400.0,2,0,0,0,0.0
2499,0,0.20101087199999998,58,0,5285.0,,12,0,2,0,0.0
2500,0,0.146229201,51,0,1.471404775,1800.0,18,0,1,0,0.0
2503,0,0.018660989,54,0,0.194950912,12833.0,5,0,1,0,0.0
2505,0,0.041193578,81,0,0.009128386,3395.0,4,0,0,0,0.0
2506,0,0.028823545,54,0,0.458181241,6300.0,8,0,1,0,1.0
2507,0,0.957418172,46,0,0.805379045,6766.0,14,0,2,0,1.0
2510,0,0.012797706,81,0,0.226171962,4500.0,6,0,1,0,0.0
2511,0,0.444712481,74,0,0.333703621,4500.0,13,0,0,0,0.0
2513,0,0.8553499259999999,23,1,0.14616321599999998,820.0,4,0,0,1,0.0
2514,0,0.9267991990000001,81,1,2110.0,,6,0,0,0,0.0
2515,0,0.19025815100000001,48,0,0.402248595,1600.0,8,0,0,0,0.0
2517,0,0.313519451,52,0,1759.0,0.0,14,0,2,0,0.0
2518,0,0.533884028,38,0,0.50764847,6667.0,10,0,2,0,2.0
2519,0,0.008407096,45,0,0.33525567100000003,2600.0,7,0,1,0,0.0
2520,0,0.0055613780000000005,45,0,0.269341332,8000.0,13,0,1,0,0.0
2521,0,0.7230532270000001,47,1,4.340182648,875.0,11,1,1,0,4.0
2522,0,0.353357583,40,0,0.691030897,10000.0,10,0,4,0,6.0
2523,0,0.224815543,62,0,483.0,,12,0,0,0,0.0
2524,0,0.40170465299999997,52,0,0.8925739009999999,4160.0,9,0,2,0,0.0
2525,0,0.0,78,0,0.748603352,3400.0,2,0,1,0,0.0
2527,0,0.032020796000000004,64,0,126.0,,11,0,0,0,0.0
2528,0,0.086605363,70,0,73.0,,3,0,0,0,0.0
2529,0,0.650168985,61,0,0.783073131,6084.0,22,0,1,0,1.0
2530,0,0.033369849,57,0,0.413894505,5440.0,9,0,2,0,2.0
2531,0,0.21301139100000002,57,1,0.250010706,23350.0,14,0,2,0,1.0
2532,0,0.9999998999999999,51,1,0.181613649,16000.0,5,0,1,0,2.0
2533,0,0.042531087,62,0,0.003961804,9843.0,6,0,0,0,2.0
2534,0,0.337388426,39,0,0.333611065,6000.0,6,0,2,0,0.0
2536,0,0.009207934000000001,52,0,2897.0,,10,0,2,0,0.0
2538,0,0.0,77,0,0.00024009599999999997,8329.0,5,0,0,0,0.0
2539,0,0.099153905,63,1,42.0,,2,0,0,0,1.0
2540,0,0.016019485,73,0,23.0,,2,0,0,0,1.0
2541,0,0.0,42,0,11.92105263,151.0,12,0,2,0,3.0
2544,0,0.436672236,54,0,0.374108612,14583.0,6,0,2,0,0.0
2545,0,0.095965505,52,3,0.189097104,13500.0,11,0,2,0,1.0
2546,0,0.259772812,68,0,0.391440175,3200.0,7,0,1,0,0.0
2548,0,0.48781463399999997,65,0,0.494951167,6040.0,14,0,1,0,0.0
2549,0,0.423639586,39,0,0.15797684,33333.0,10,0,2,0,2.0
2550,0,0.982225514,52,0,0.804941482,3075.0,8,0,2,0,1.0
2551,1,0.9720372840000001,53,2,0.178454842,3675.0,9,1,0,1,0.0
2552,0,0.84293979,39,0,0.312537493,5000.0,8,0,1,0,1.0
2553,0,0.35201084200000005,73,0,0.20723589,10364.0,13,0,1,0,0.0
2554,0,0.320599996,56,0,0.260669262,28000.0,26,0,2,0,2.0
2555,0,0.9999998999999999,41,0,0.0,,0,0,0,0,0.0
2556,0,0.020658285,58,0,0.18502764800000002,11754.0,13,0,1,0,1.0
2558,0,0.046057815,69,0,0.0027496559999999996,8000.0,10,0,0,0,0.0
2562,0,0.014899255,62,0,863.0,,6,0,1,0,0.0
2563,0,0.9999998999999999,23,0,0.0,820.0,1,0,0,0,0.0
2564,0,0.96289138,61,4,0.509008389,7270.0,12,0,2,0,0.0
2565,0,0.106091621,49,0,1.013997201,5000.0,11,0,3,0,2.0
2566,0,0.460788025,44,0,2977.0,,6,0,1,0,1.0
2567,0,0.003503268,41,0,0.5520938989999999,6900.0,17,0,3,0,2.0
2568,0,0.083322224,44,1,0.249968754,8000.0,5,0,2,0,2.0
2572,0,0.028544313999999998,60,0,0.36528972200000004,7092.0,15,0,3,0,0.0
2573,1,2.760956175,65,0,0.47027348399999996,1681.0,3,4,0,0,0.0
2575,0,0.450885201,49,0,0.65042216,6750.0,7,0,1,0,2.0
2576,0,0.0,85,0,0.0,,3,0,0,0,
2577,0,0.0,42,3,0.367098625,10108.0,6,2,2,0,2.0
2578,0,0.0,79,0,0.087346025,4464.0,8,0,0,0,0.0
2579,0,0.17741692,56,0,0.09959004099999999,10000.0,14,1,1,0,2.0
2580,0,0.009831088,74,0,0.00359928,3333.0,6,0,0,0,0.0
2581,0,0.00624375,78,0,2357.0,,7,0,1,0,0.0
2582,0,0.191521991,62,0,0.26180618899999997,14250.0,16,0,2,0,2.0
2583,0,0.579950004,41,0,2195.0,,9,0,1,0,0.0
2585,0,0.9760800190000001,37,1,0.484675805,6492.0,22,0,0,0,1.0
2586,0,0.029883804,63,0,0.24611973399999998,3156.0,12,0,1,0,1.0
2587,0,0.025949954,36,0,2629.0,,5,0,1,0,0.0
2588,0,0.0,50,0,0.0,,4,0,0,0,0.0
2589,0,0.048013049,49,0,0.060882124,9000.0,4,0,0,0,0.0
2590,0,0.057661862,57,1,0.373539868,3937.0,3,0,1,0,0.0
2592,0,0.10918328699999999,50,0,0.22862856199999998,6000.0,6,0,1,0,2.0
2593,0,0.613277345,38,0,2965.0,,7,0,2,0,0.0
2595,0,0.750260362,59,0,0.212889356,20000.0,6,0,2,0,0.0
2596,1,0.958552117,48,0,584.0,,4,2,0,1,0.0
2598,0,0.0,62,0,0.419201786,3582.0,8,0,2,0,0.0
2599,0,0.000200799,26,0,0.0,2300.0,7,0,0,0,0.0
2600,0,0.373565661,78,0,0.171856978,2600.0,8,0,0,0,0.0
2602,0,0.012779983,93,0,1402.0,,7,0,1,0,0.0
2603,0,0.248978185,50,1,458.0,,9,0,0,0,1.0
2604,0,0.18083131,57,0,0.22276831600000002,8748.0,8,0,2,0,2.0
2606,0,0.9999998999999999,56,0,0.443389153,4000.0,6,0,1,0,2.0
2607,0,0.20794187600000003,63,2,0.313303063,10350.0,24,0,2,0,0.0
2610,0,0.8114710190000001,56,1,0.257806491,6500.0,13,0,0,0,0.0
2611,0,0.0,35,0,0.295863593,3166.0,5,0,0,2,2.0
2612,0,0.434400225,39,0,0.387204265,3000.0,9,0,1,0,0.0
2614,0,0.0,52,0,1057.0,,7,0,2,0,0.0
2615,0,0.021279149,35,0,1292.0,,6,0,1,0,0.0
2616,0,0.019462905,67,0,0.303270725,6175.0,17,0,2,0,1.0
2617,0,0.129652994,49,0,0.489956641,11300.0,12,0,2,0,6.0
2618,0,0.081188763,64,0,59.0,,4,0,0,0,0.0
2619,0,0.0,43,0,4320.0,,14,0,3,0,2.0
2620,0,0.0057842,51,0,0.48962759299999997,4000.0,7,0,2,0,3.0
2621,0,0.125242868,63,0,0.6983254190000001,4000.0,9,0,1,0,0.0
2622,0,0.012887966,70,0,0.141314491,7500.0,14,0,1,0,0.0
2623,0,0.0,24,0,0.643118149,820.0,4,0,0,0,0.0
2625,0,0.054869339,40,0,1.608695652,620.0,4,0,1,0,0.0
2627,0,0.24659419800000001,45,0,0.24525565100000002,8272.0,8,0,2,0,1.0
2631,0,0.039096506,61,0,28.0,0.0,4,0,0,0,0.0
2633,0,0.9999998999999999,32,0,5.791044776000001,200.0,4,0,2,0,4.0
2635,0,0.010199592,39,0,0.500545256,2750.0,4,0,2,0,0.0
2636,0,0.9999998999999999,33,0,0.456089277,2060.0,5,0,1,0,0.0
2637,0,0.9999998999999999,31,0,0.147570486,5000.0,2,0,0,0,0.0
2638,0,0.9999998999999999,33,0,0.014069264,3695.0,1,0,0,0,1.0
2639,0,0.429820482,43,1,0.139293461,6453.0,7,0,0,0,2.0
2640,0,0.9865046140000001,35,0,0.645189958,4500.0,11,0,1,0,1.0
2641,0,0.9862805490000001,45,0,0.744842233,3295.0,8,0,2,0,0.0
2643,0,0.038822972000000004,76,0,0.6710469929999999,7000.0,12,0,5,0,0.0
2644,0,0.12227613400000001,57,0,0.203054878,12700.0,8,0,3,0,1.0
2645,0,0.42990365399999997,44,0,0.411311054,3500.0,9,0,1,0,0.0
2646,0,0.141670459,64,0,0.418121994,3950.0,16,0,2,0,1.0
2647,1,0.9999998999999999,36,2,3931.0,,5,0,2,2,0.0
2648,0,0.0,57,0,0.0,8500.0,3,0,0,0,3.0
2649,0,0.06288624599999999,37,0,0.878877888,3029.0,6,0,2,0,0.0
2651,0,0.57489301,50,0,0.057683967,6916.0,8,0,0,0,0.0
2653,0,0.084351118,81,0,0.01343785,6250.0,2,0,0,0,0.0
2654,0,0.179413254,59,0,0.273821267,10137.0,10,0,1,0,0.0
2655,0,0.944482897,61,1,2582.0,,9,2,1,0,2.0
2656,0,0.02699775,50,0,1486.0,,5,0,1,0,2.0
2657,0,0.05741862599999999,75,1,0.341776371,6000.0,9,0,1,0,1.0
2658,0,0.188116791,54,0,0.460296772,9973.0,30,0,2,0,0.0
2660,0,0.010916836999999999,42,0,0.055185284,3750.0,8,0,0,0,0.0
2664,0,0.819906832,58,0,10370.0,,17,0,3,0,0.0
2665,0,0.20542621,52,0,0.306886703,3150.0,12,0,1,0,2.0
2666,0,0.9999998999999999,40,3,0.710764938,4300.0,4,0,1,1,1.0
2667,0,0.07120248700000001,68,0,0.9349508470000001,4780.0,7,0,1,0,0.0
2670,0,0.120733881,67,0,0.22622108,3500.0,5,0,1,0,0.0
2671,0,0.0035553579999999998,70,0,0.18566124,3500.0,13,0,1,0,1.0
2672,0,0.001394065,50,1,0.281088189,12166.0,13,0,1,0,3.0
2673,0,0.868221661,41,1,0.643547189,4036.0,9,3,0,4,1.0
2676,1,0.9999998999999999,24,0,0.098901099,1000.0,3,1,0,0,0.0
2678,0,0.8971535979999999,44,4,4.025527192,900.0,14,1,1,0,2.0
2679,0,0.018418761000000002,79,0,736.0,,2,0,1,0,0.0
2680,0,0.9999998999999999,54,0,1905.0,,2,0,1,0,0.0
2682,0,0.009724695,37,0,111.0,,3,0,0,0,0.0
2683,0,0.9999998999999999,43,0,0.09452547800000001,5278.0,1,0,1,0,0.0
2684,0,0.012989074,54,1,0.530156614,3000.0,12,0,1,0,5.0
2686,0,0.632279534,41,2,0.034482759,5625.0,4,1,0,1,2.0
2687,0,0.9226133409999999,34,0,3297.0,,9,0,1,1,0.0
2688,0,0.558410262,45,0,0.116188381,10000.0,4,0,1,0,0.0
2689,0,0.604052535,57,0,0.46371976600000003,7193.0,14,0,2,0,0.0
2691,0,0.026308992000000003,35,0,4299.0,,6,0,3,0,0.0
2692,0,0.028124497999999998,68,0,0.28111066100000004,4933.0,12,0,4,0,0.0
2693,0,0.073441724,45,0,0.006320976999999999,9333.0,3,0,0,0,2.0
2694,0,0.020155104,65,0,101.0,,17,0,0,0,0.0
2695,0,0.512038648,46,1,0.32149506899999997,14500.0,9,0,2,1,2.0
2697,0,0.0,59,0,0.408073991,8000.0,13,0,2,0,0.0
2698,0,0.16635649,54,0,0.044488877999999996,4000.0,7,0,0,0,1.0
2699,0,0.33330412600000003,57,0,0.5569381,6348.0,18,0,2,0,1.0
2700,0,0.9999998999999999,34,0,0.16950693,4400.0,1,0,0,0,0.0
2701,0,1.026986507,56,0,2337.0,,5,1,1,1,1.0
2702,0,0.338668226,51,0,3410.0,,16,0,2,0,0.0
2704,0,0.5794275720000001,27,0,0.370253165,3475.0,17,0,0,0,0.0
2706,0,0.049796097000000004,67,0,94.0,0.0,4,0,0,0,0.0
2708,0,0.050802925,74,0,0.0053954630000000005,16309.0,6,0,0,0,0.0
2709,0,0.0,30,0,0.6857035509999999,5322.0,9,0,2,0,1.0
2710,0,1.0,23,1,0.5660377360000001,900.0,4,0,0,0,0.0
2711,0,0.160558857,38,0,0.300956799,6897.0,6,0,1,0,0.0
2712,0,0.761406354,60,0,0.411380811,8733.0,14,0,2,0,0.0
2713,0,0.164283572,71,0,0.00959808,5000.0,2,0,0,0,0.0
2715,0,0.0,43,0,1295.0,,8,0,1,0,1.0
2716,0,0.045585854,39,0,0.514534013,3336.0,7,0,1,0,0.0
2717,0,0.533255896,54,0,0.21857304600000002,4414.0,5,0,0,0,0.0
2718,0,0.9555797709999999,51,0,0.530306186,4800.0,7,0,2,0,3.0
2721,0,0.12323896699999999,57,0,0.011065191,7500.0,4,0,0,0,1.0
2722,0,0.07159713599999999,88,0,0.301671614,6400.0,3,0,2,0,1.0
2723,0,0.890013748,34,0,0.039669421,5444.0,3,0,0,0,0.0
2724,0,0.262403669,46,0,0.649484536,3200.0,13,0,1,0,2.0
2725,0,0.0,30,0,0.094795539,2689.0,3,0,0,0,0.0
2727,0,0.373872684,52,0,2055.0,,4,0,2,0,0.0
2729,0,0.9999998999999999,32,0,0.178486435,2100.0,2,0,0,1,0.0
2731,0,0.724076487,49,0,0.422368233,7000.0,14,1,1,0,2.0
2735,0,0.004999,37,0,0.45317450299999995,7890.0,7,0,3,0,2.0
2736,0,0.595095253,31,0,0.256379922,5916.0,7,0,2,0,0.0
2737,0,0.07410156799999999,80,0,0.009958176,5020.0,4,0,0,0,1.0
2740,0,0.6774746220000001,57,0,0.39457831299999996,14607.0,13,0,2,0,0.0
2741,0,0.4138049,60,0,0.816818357,7800.0,13,0,3,0,0.0
2743,0,0.9999998999999999,24,0,1.0,,0,0,0,0,0.0
2744,0,0.17491583300000002,34,0,0.243837442,1500.0,6,0,0,0,0.0
2746,0,0.9999998999999999,35,0,3831.0,,4,0,1,0,0.0
2747,0,0.02389662,53,0,0.395405447,6572.0,13,0,1,0,3.0
2749,0,0.797074218,56,3,0.420728964,6666.0,10,0,2,2,0.0
2750,0,0.671332867,37,1,0.434792268,4500.0,4,0,1,0,0.0
2751,0,0.044381200999999995,77,1,288.0,,5,1,1,0,0.0
2752,0,0.203512976,41,0,0.5618151060000001,13596.0,15,0,6,0,0.0
2753,0,0.506915514,66,0,0.14742639300000002,4720.0,5,0,0,0,0.0
2755,0,0.9999998999999999,55,0,0.0,,1,0,0,0,0.0
2756,0,0.805380755,47,0,0.45922011100000004,7000.0,7,0,2,0,2.0
2757,0,0.0,46,0,0.0,4428.0,1,0,0,0,1.0
2759,0,0.983728498,61,2,0.114161519,4370.0,3,0,0,0,1.0
2760,0,0.018332111,63,1,2750.0,,7,0,2,0,0.0
2762,0,0.176079734,25,0,1.0,,1,0,0,0,0.0
2763,0,0.9281883470000001,49,0,0.32018883600000003,3600.0,5,0,1,0,0.0
2764,0,0.156305221,66,0,0.327031449,5500.0,11,0,1,0,2.0
2765,0,0.0035544179999999997,72,0,0.438219204,5300.0,9,0,1,0,0.0
2766,1,0.995002776,30,1,0.17695576100000002,4000.0,3,10,0,0,0.0
2768,0,0.5827579620000001,60,0,1.249135868,3760.0,25,0,1,0,0.0
2769,0,0.51958007,42,0,0.160787992,5329.0,4,3,0,1,2.0
2770,0,0.583270935,44,0,0.08405999300000001,8600.0,3,0,0,0,4.0
2772,0,0.120129329,72,0,0.201859588,7420.0,8,0,1,0,0.0
2773,0,0.0,78,1,0.318420395,4000.0,8,0,1,0,0.0
2774,0,0.234565506,52,0,0.322765851,4005.0,7,0,0,0,3.0
2776,0,0.961313422,46,0,387.0,,4,0,0,0,0.0
2778,0,0.0,29,0,0.0,0.0,1,0,0,0,0.0
2779,0,0.196230403,61,0,0.23525138,13763.0,8,0,1,0,0.0
2780,0,0.0,61,0,0.0,,1,0,0,0,
2781,0,0.046682013,61,0,0.246381372,6355.0,7,0,1,0,0.0
2783,0,0.032583137000000005,31,0,0.06856359299999999,5833.0,8,0,0,0,0.0
2784,0,0.015296651000000001,57,0,2957.0,,6,0,2,0,1.0
2785,0,0.825366105,63,1,0.15953469,4813.0,8,0,1,0,0.0
2786,0,0.495677056,54,0,0.390402399,4000.0,3,0,1,0,0.0
2789,0,0.020412385,46,0,0.10875,8799.0,4,1,0,0,1.0
2790,0,0.325306795,56,0,0.772428515,17800.0,20,0,5,0,0.0
2791,0,0.9999998999999999,21,0,0.0,300.0,1,0,0,0,0.0
2792,0,0.5474445920000001,45,0,0.766319773,8455.0,10,0,2,0,4.0
2793,0,0.433461198,51,0,0.26226574,9497.0,6,0,1,0,4.0
2796,0,0.007140319,47,0,0.248623465,2360.0,4,0,0,0,0.0
2797,0,0.087225384,39,0,180.0,,6,0,0,0,0.0
2798,0,0.0,72,0,3152.0,,7,0,2,0,0.0
2799,0,0.11809882599999999,29,0,0.262639246,2333.0,5,0,1,1,0.0
2800,0,0.292743341,50,0,0.5420915820000001,5000.0,7,0,2,0,1.0
2801,0,0.144627967,60,0,0.15218278300000002,2450.0,14,0,0,0,0.0
2802,0,0.9999998999999999,41,2,0.083688206,5400.0,2,0,0,0,1.0
2804,0,0.0014444120000000002,53,0,0.18896051600000002,2481.0,5,0,1,0,0.0
2805,0,0.122225124,51,0,0.60255418,2583.0,6,0,0,0,2.0
2807,0,0.007809418,53,0,0.118503539,4944.0,11,0,1,0,0.0
2808,0,0.6821524290000001,41,0,0.13604713400000001,5600.0,7,0,0,0,0.0
2809,0,0.5276314910000001,58,0,0.39726387799999996,3800.0,7,0,1,0,2.0
2810,0,0.062490236,43,0,12.0,,1,0,0,0,
2811,0,0.39235913200000005,40,0,0.34422077100000004,7500.0,13,0,2,0,0.0
2812,0,0.331795463,24,0,0.36286645,1534.0,3,0,0,0,0.0
2813,0,0.10819616900000001,56,0,0.252963862,7000.0,10,0,1,0,0.0
2814,0,0.6054732039999999,48,0,0.550224888,2000.0,7,0,0,0,2.0
2816,0,0.319714166,42,0,0.35296089399999997,8949.0,6,0,2,0,2.0
2817,0,0.2092932,76,0,0.6910475309999999,4333.0,22,0,2,0,0.0
2818,0,0.128557943,37,1,0.42514345299999995,3833.0,13,0,1,0,0.0
2819,0,0.04093976,65,0,0.196340183,6666.0,7,0,1,0,0.0
2820,0,0.722910836,60,1,0.596680664,5000.0,5,0,1,0,2.0
2821,0,0.108613876,69,0,935.0,,7,0,1,0,0.0
2822,0,0.720811685,40,0,0.414453013,3500.0,6,0,1,0,3.0
2824,0,0.450384987,63,0,0.473244147,2391.0,5,0,0,0,3.0
2825,0,0.0,39,1,0.986253437,4000.0,10,0,4,0,0.0
2827,0,0.061783143,64,0,0.325767129,4757.0,11,1,1,0,0.0
2828,1,0.9999998999999999,46,0,0.0,,0,0,0,0,5.0
2831,0,0.0,81,0,286.0,,10,0,0,0,0.0
2833,0,0.114680613,71,0,0.19212428899999998,6500.0,9,0,1,0,0.0
2834,0,0.004544478,64,0,0.15955313699999998,6981.0,21,0,1,0,1.0
2835,0,0.384934286,62,1,2118.0,,14,0,2,0,0.0
2836,0,0.9999998999999999,59,1,0.16222687800000002,6681.0,2,3,1,0,0.0
2837,0,0.487720982,48,0,0.174092589,4600.0,9,0,0,0,1.0
2839,0,0.13895353800000002,61,0,0.036245469,8000.0,4,0,0,0,1.0
2840,0,0.5471373420000001,49,0,0.659678643,14500.0,6,0,3,0,3.0
2841,0,0.0015242970000000002,48,0,1950.0,,3,0,1,0,0.0
2843,0,0.005385477,42,0,0.07879212099999999,10000.0,8,0,0,0,0.0
2844,0,0.043287642,55,0,0.206326315,10400.0,13,0,1,0,2.0
2845,0,0.9999998999999999,24,0,0.679738562,764.0,2,0,0,0,0.0
2846,0,0.0,50,0,0.607412674,11250.0,10,0,1,0,2.0
2847,0,1.0430912140000002,60,0,0.787513116,3811.0,14,0,0,0,0.0
2849,0,0.134443278,64,0,1197.0,,4,0,1,0,
2851,0,0.0,81,0,0.0,1800.0,6,0,0,0,0.0
2853,0,0.0,53,0,0.21913202899999998,3271.0,2,0,1,0,1.0
2854,0,0.302455804,71,0,0.343331548,5600.0,5,0,1,0,1.0
2857,0,0.352478044,47,0,0.436352254,9583.0,11,0,1,0,1.0
2858,0,0.002405561,66,0,0.012420181,14250.0,13,0,0,0,0.0
2859,0,1.089995263,43,0,2591.0,0.0,4,0,1,0,4.0
2866,0,0.9999998999999999,30,0,0.216597925,8000.0,3,0,1,0,0.0
2867,0,0.006137825,72,0,0.002596728,3850.0,6,0,0,0,0.0
2869,0,0.412198568,57,1,0.330820706,13000.0,19,0,1,0,4.0
2870,0,0.089225616,55,0,0.287084269,4900.0,6,0,1,0,3.0
2871,0,0.015527622,46,0,374.0,,8,0,1,0,0.0
2872,0,0.34676532299999996,86,0,0.598583235,3387.0,4,0,1,0,1.0
2873,0,0.221929257,61,0,0.343218927,3000.0,4,0,1,0,2.0
2875,0,0.170351855,27,1,0.010395841999999999,2500.0,3,0,0,0,0.0
2881,0,0.018978016,61,0,1129.0,,9,0,1,0,0.0
2882,0,0.26910879600000004,36,0,0.264898116,2600.0,5,0,0,0,2.0
2883,0,0.010037832,58,0,0.004385965,9803.0,10,0,0,0,0.0
2885,0,0.066074225,46,0,2765.0,,6,0,2,0,0.0
2886,0,0.048358886,64,0,0.24450366399999998,1500.0,9,0,0,0,0.0
2888,0,0.050117057,58,0,3268.0,,14,0,1,0,1.0
2889,0,0.012671313,60,0,1198.0,,12,0,1,0,2.0
2895,0,0.077848054,59,0,0.216252033,16600.0,9,0,3,0,4.0
2896,0,0.97540246,58,0,0.049441245999999994,5905.0,1,0,0,0,0.0
2897,0,0.02619869,54,0,0.298084291,2609.0,3,0,1,0,2.0
2898,0,0.138219489,53,3,0.360877092,8664.0,20,1,4,0,0.0
2899,0,0.868530692,51,0,0.286071566,5197.0,5,0,2,0,0.0
2900,0,0.385161484,50,0,0.100541591,7200.0,10,0,0,0,0.0
2902,0,0.022154083999999998,79,0,0.37111698600000004,3025.0,12,0,1,0,0.0
2903,0,0.00010526,71,0,3597.0,,8,0,4,0,0.0
2904,0,0.085232155,60,0,0.36387096799999996,7749.0,15,0,1,0,1.0
2905,0,0.004054739,75,0,0.0015875820000000001,5668.0,14,0,0,0,1.0
2906,0,0.7111477409999999,44,0,2328.0,,5,0,1,0,0.0
2907,0,0.499537644,44,0,0.41002712700000005,9952.0,7,0,1,0,2.0
2908,1,1.0622153090000002,45,3,2.030193961,5000.0,14,0,4,1,1.0
2911,0,0.123545616,48,0,1.056420511,7000.0,13,0,1,0,2.0
2914,0,0.08012852,57,0,0.119214586,2851.0,5,0,0,0,2.0
2915,0,0.0021088079999999998,57,0,0.23572186,6600.0,11,0,1,0,1.0
2917,0,0.065634531,66,0,0.052905464000000006,1152.0,4,0,0,0,0.0
2918,0,0.9999998999999999,34,0,0.0,,2,0,0,0,0.0
2919,0,0.01139924,44,0,0.007132668000000001,700.0,2,0,0,0,3.0
2920,0,0.222462203,76,0,0.44648256399999997,4960.0,5,0,1,0,0.0
2921,0,0.06266858,61,0,2303.0,,6,0,1,0,0.0
2922,0,0.00504304,99,0,800.0,,5,0,0,0,
2923,0,0.9999998999999999,54,1,0.449833395,2700.0,2,0,1,0,0.0
2925,0,0.9999998999999999,28,0,585.0,,1,0,0,0,0.0
2926,0,0.007892757,60,0,0.168593933,11933.0,17,0,1,0,0.0
2927,0,0.29385201,35,0,0.096446701,6500.0,8,0,0,0,0.0
2929,0,0.093331615,70,1,0.218658598,9914.0,18,0,2,0,0.0
2933,1,1.063782107,45,3,0.257588899,2305.0,10,0,0,0,2.0
2934,0,0.03232503,55,0,0.264162077,5083.0,10,0,1,0,0.0
2935,0,0.18174206399999998,63,0,0.251558255,6256.0,8,0,1,0,3.0
2937,0,0.7291401559999999,41,0,2.860050891,2750.0,5,0,1,0,2.0
2938,0,0.125781523,52,0,1992.0,,12,0,1,0,0.0
2939,0,0.7888923729999999,28,0,0.372917218,3780.0,12,0,0,0,1.0
2940,0,0.054129805999999996,46,0,0.190649912,7400.0,9,0,0,0,2.0
2941,0,0.0,64,0,0.0,7383.0,9,0,0,0,0.0
2945,0,0.018581214,38,0,0.00046146699999999996,13001.0,3,0,0,0,0.0
2947,0,0.352920416,55,0,0.656079988,6800.0,6,0,2,0,1.0
2948,1,0.24252491699999998,28,0,0.19089626,2833.0,9,5,0,0,0.0
2949,0,0.112585515,75,0,1215.0,0.0,3,0,1,0,1.0
2950,0,0.027237103999999998,56,0,6420.0,,10,0,3,0,
2951,0,0.139647929,45,2,0.38126978799999994,6000.0,11,0,1,0,3.0
2953,0,0.18981800399999998,62,0,15.47011952,250.0,12,0,2,0,2.0
2954,0,0.44710578799999995,22,0,0.007490637,800.0,2,0,0,0,0.0
2955,0,0.056602195999999994,46,0,4763.0,,9,0,1,0,0.0
2957,1,0.6863543790000001,27,0,805.0,,2,0,0,0,1.0
2958,0,0.007047052,68,0,37.0,,17,0,0,0,
2959,0,0.008382622,75,0,0.000637186,7846.0,4,0,0,0,0.0
2960,0,0.9999998999999999,72,0,0.148870182,2256.0,3,0,0,0,0.0
2962,0,0.18814412100000003,70,0,0.22822349600000003,6979.0,22,0,0,0,1.0
2965,0,0.01449978,81,0,0.320854332,4166.0,7,0,2,0,0.0
2966,0,0.06418716299999999,69,0,0.003481625,2584.0,1,0,0,0,0.0
2968,0,0.280965774,88,0,0.811062979,3000.0,11,0,2,0,0.0
2969,0,0.000717457,45,0,0.291404783,12250.0,9,0,2,0,2.0
2970,1,0.0,43,0,0.45405200700000004,7921.0,4,0,1,3,1.0
2971,0,0.043978011,22,0,68.0,,1,0,0,0,0.0
2972,0,0.344935265,54,0,0.36706586799999996,1669.0,8,0,0,0,0.0
2973,0,0.055588063,44,0,0.19356720300000002,12000.0,14,0,1,0,0.0
2974,0,0.012496876,31,0,1.0,,3,0,0,0,
2976,0,0.00359928,33,1,0.356499356,3884.0,4,0,1,0,2.0
2977,0,0.33585157200000004,40,0,0.35035956,9455.0,4,0,3,0,1.0
2979,0,0.355669745,28,0,0.149988001,4166.0,4,0,0,0,0.0
2980,0,0.9999998999999999,31,0,559.0,,8,0,1,0,0.0
2981,0,0.15167492400000002,46,0,0.284943011,5000.0,4,0,2,0,3.0
2982,0,0.902786641,33,2,0.39955604899999997,900.0,7,1,0,1,0.0
2983,0,0.34096339299999995,38,0,1.566520924,1600.0,10,0,1,0,3.0
2985,0,0.025549434,74,0,0.15748842,3885.0,7,0,1,0,0.0
2986,0,1.079681275,29,1,0.37031484299999995,2000.0,5,3,0,0,0.0
2987,0,0.139620561,56,0,0.438651591,4775.0,10,0,2,0,1.0
2989,0,0.29529687600000004,31,3,0.5071642789999999,3000.0,10,0,1,0,0.0
2993,0,1.026692332,50,3,0.637594216,6500.0,12,3,1,1,2.0
2994,0,0.303297053,62,1,0.6113463170000001,4723.0,25,0,1,0,0.0
2998,0,0.9565295490000001,33,0,0.222841226,14000.0,8,0,2,0,3.0
3000,0,0.930933445,52,0,0.155650087,9167.0,14,0,0,0,0.0
3001,0,0.05326406400000001,57,0,2581.0,,10,0,1,0,0.0
3002,1,0.014867443000000001,45,0,0.006124234,8000.0,6,0,0,0,0.0
3004,0,0.261788337,62,0,15.83124674,3833.0,11,0,0,0,0.0
3005,0,0.15592394099999998,66,0,0.540143492,5853.0,14,0,1,0,0.0
3007,0,0.0,73,0,0.14267227400000002,3090.0,4,0,0,0,0.0
3008,0,0.0,67,0,0.283144764,6893.0,10,0,2,0,0.0
3009,0,0.16705553,69,0,1323.0,,3,0,1,0,0.0
3012,0,0.007836415,71,0,1052.0,,15,0,1,0,0.0
3013,0,0.481303739,42,0,0.108583247,2900.0,9,0,0,0,1.0
3014,0,0.860210257,56,0,0.891948414,5737.0,14,0,2,0,1.0
3016,0,0.444104655,43,0,0.310667301,6308.0,5,0,2,0,2.0
3017,0,0.9999998999999999,65,0,0.04938271599999999,404.0,4,0,0,0,0.0
3018,0,0.048770035,38,0,0.050116407,8160.0,2,0,0,0,0.0
3020,0,0.00410796,47,0,0.00037921900000000003,7910.0,5,0,0,0,2.0
3021,0,0.6291687970000001,44,0,0.583633309,4166.0,7,2,1,0,0.0
3024,0,0.637834322,40,0,1260.0,,9,0,2,0,0.0
3025,1,0.929868562,46,3,0.580886505,7083.0,12,1,2,1,1.0
3026,0,0.018858438999999998,66,0,0.094403324,7700.0,16,0,0,0,0.0
3027,0,0.08861387,62,0,0.12571857,4000.0,11,0,0,0,0.0
3028,0,0.056264790999999995,47,0,0.260212575,7808.0,5,0,1,0,3.0
3030,0,0.055730709,43,0,0.78817734,2029.0,24,0,1,0,1.0
3031,0,0.250642796,40,1,0.491150442,2711.0,5,0,2,0,1.0
3032,0,0.0,50,0,0.370589524,9125.0,9,0,2,0,0.0
3033,0,0.9214594070000001,38,0,0.712747482,2878.0,8,0,1,0,0.0
3036,0,0.072348385,71,0,0.01219878,10000.0,4,0,0,0,0.0
3037,0,0.288317832,68,0,0.08460403300000001,2032.0,8,0,0,0,0.0
3038,0,0.28958410100000004,59,0,0.5451137220000001,4000.0,22,0,1,0,2.0
3039,1,0.9999998999999999,29,0,0.04914618900000001,2400.0,3,1,0,0,0.0
3040,0,0.0,23,0,0.0,0.0,2,0,0,0,0.0
3041,0,0.207266263,49,0,0.22623797199999998,4260.0,5,0,1,0,1.0
3043,0,0.16874527399999997,69,1,0.248408367,8795.0,16,0,2,0,0.0
3044,0,0.9999998999999999,43,0,0.004163197,1200.0,0,0,0,0,0.0
3045,0,0.027051473,78,0,0.075493709,12000.0,7,0,1,0,1.0
3046,0,0.0,34,1,0.921220479,5800.0,6,0,4,0,0.0
3047,0,0.464399485,38,0,0.16836632699999998,5000.0,3,0,0,0,0.0
3048,0,0.0,72,0,0.056591975,9594.0,5,0,1,0,0.0
3049,0,0.129693515,60,0,0.425595734,6000.0,7,0,1,0,0.0
3050,0,0.009607764,70,0,0.08343618900000001,4050.0,9,0,0,0,1.0
3052,0,0.00141175,57,0,0.039797347000000004,15000.0,10,0,0,0,1.0
3053,0,0.21439882,53,1,0.04835924,11000.0,10,0,0,0,0.0
3055,1,0.114582597,34,0,0.5683686720000001,4621.0,7,0,1,0,0.0
3056,0,0.138076605,55,0,0.261372398,3890.0,12,0,0,0,0.0
3057,0,0.032092449,73,0,2448.0,,11,0,2,0,0.0
3058,0,0.05674818,32,1,0.856535866,4000.0,10,1,1,1,0.0
3059,0,0.354783411,69,0,487.0,,8,0,0,0,0.0
3060,0,0.078344305,52,0,0.529290429,9695.0,11,0,3,0,1.0
3061,0,0.9999998999999999,34,0,1.115169288,3750.0,2,0,1,0,0.0
3062,0,0.587536101,44,0,0.435224254,6398.0,10,0,0,0,3.0
3064,0,0.0,24,0,0.173375428,3800.0,8,1,0,0,0.0
3067,0,0.265655598,36,0,0.237817576,2400.0,4,0,0,0,0.0
3068,0,0.635565188,67,3,0.339445138,10416.0,11,0,2,2,0.0
3069,0,0.119207845,38,0,0.296159916,1900.0,3,0,0,0,1.0
3070,0,0.004636258,61,1,6.0,,9,0,0,0,0.0
3071,0,0.667020828,39,0,0.608450136,9916.0,19,0,2,0,3.0
3072,0,0.071471176,41,0,0.379172435,6500.0,5,0,2,0,3.0
3075,0,0.020921244,40,0,0.304663738,5917.0,4,0,2,0,0.0
3079,0,0.04363438,49,0,0.221050718,5500.0,7,0,1,0,0.0
3080,0,0.836832633,61,0,0.050189962000000005,5000.0,2,0,0,0,0.0
3081,0,0.09823110199999999,50,0,0.059169977,7300.0,6,0,0,0,0.0
3082,0,0.025898078999999997,72,0,0.006959443,4166.0,7,0,0,0,0.0
3083,0,0.0,28,0,393.0,,4,0,0,0,1.0
3084,0,0.11138879,75,0,0.263903353,4800.0,11,0,1,0,0.0
3086,0,0.42239557899999997,59,0,1.362763916,2083.0,14,0,1,0,0.0
3087,0,0.0,48,0,0.5529522020000001,3200.0,4,0,1,0,1.0
3088,0,0.9999998999999999,49,1,0.276734694,1224.0,6,0,0,0,0.0
3090,0,0.0,52,0,0.235273117,2800.0,4,0,0,0,0.0
3091,0,0.047838794000000004,57,0,201.0,,3,0,0,0,0.0
3092,1,0.0,41,0,925.0,,3,2,2,0,0.0
3093,0,0.0,28,0,0.0,5200.0,2,0,0,0,0.0
3094,0,0.45521676299999997,33,0,0.907168038,850.0,5,0,0,0,1.0
3095,0,0.446817718,37,1,0.258587071,6666.0,12,0,1,0,2.0
3096,0,0.059576265999999996,47,0,0.073190241,7500.0,4,0,0,0,2.0
3097,0,0.48282197299999996,64,0,0.26905703,7083.0,7,0,0,0,0.0
3098,0,0.042471042,66,0,0.005947553,14795.0,13,0,0,0,1.0
3099,0,0.022126987,49,0,0.0052486880000000005,4000.0,3,0,0,0,0.0
3100,0,0.057138322000000005,28,0,0.169009684,3200.0,6,0,0,0,0.0
3101,0,0.148553569,69,0,0.625135428,4614.0,18,0,1,0,0.0
3103,0,0.016394251999999998,50,0,0.280295353,6906.0,6,0,1,0,0.0
3105,0,0.046294577,81,0,0.257171957,5890.0,13,0,2,0,1.0
3106,0,0.039967044,55,0,0.202113606,10597.0,10,0,2,0,2.0
3108,1,0.015345635,43,0,0.031514997999999995,7900.0,21,0,0,0,3.0
3109,0,0.004092517,65,0,18.0,,4,0,0,0,0.0
3110,1,0.9999998999999999,49,0,0.204984232,13000.0,2,3,1,2,1.0
3111,0,0.099508616,58,0,0.5127384620000001,8124.0,14,0,4,0,0.0
3112,0,0.9999998999999999,40,0,0.00817934,3300.0,2,0,0,0,0.0
3113,0,0.218159131,64,0,2384.0,,8,0,1,0,0.0
3117,0,0.011211051000000001,30,1,0.077900437,4800.0,6,0,0,0,0.0
3118,0,0.049426554000000004,41,0,0.18711612600000002,7000.0,10,0,1,0,0.0
3121,0,0.021734559,57,0,1471.0,,12,0,1,0,0.0
3122,0,0.069544812,48,0,0.670332417,4000.0,7,0,1,0,2.0
3123,0,0.129497194,44,0,0.397307102,14333.0,21,0,2,0,1.0
3124,0,0.207876108,48,0,0.106485464,5812.0,5,0,0,0,1.0
3125,0,0.047005747,40,0,0.183150863,5388.0,12,0,0,0,0.0
3126,0,0.30722205399999997,63,3,888.0,0.0,8,0,1,0,1.0
3127,0,0.20784972,50,0,0.35834478,11647.0,4,0,1,0,4.0
3128,0,0.00049106,75,1,2.0,,3,0,0,0,0.0
3129,0,0.013224669,80,0,0.003004808,4991.0,3,0,0,0,0.0
3130,0,0.24421617199999998,42,0,0.745106206,2400.0,6,0,1,0,0.0
3131,0,0.855221695,40,0,0.151539069,3800.0,6,0,0,0,0.0
3132,0,0.50671726,68,0,0.6405035170000001,2700.0,17,0,0,0,0.0
3134,0,0.319181411,41,0,1.264122646,6000.0,11,0,2,0,3.0
3136,0,0.12668872,68,0,0.217912835,2500.0,9,0,0,0,0.0
3138,0,0.105797741,29,0,0.244977169,4379.0,6,0,1,0,3.0
3139,0,0.490748003,43,0,0.165367906,14500.0,6,0,1,0,4.0
3140,0,0.000222215,74,0,0.169517008,5320.0,6,0,1,0,0.0
3142,0,0.083797905,36,0,2168.0,,11,0,2,0,0.0
3144,0,0.304182734,35,1,0.30719067899999997,11500.0,10,0,2,0,0.0
3145,0,0.026649334,85,0,0.008854613,3500.0,5,0,0,0,0.0
3148,0,0.20167579,51,0,0.350331788,11000.0,6,0,2,0,3.0
3149,1,0.98320224,60,1,0.611755298,2500.0,7,0,2,1,0.0
3153,0,0.044961122,81,0,0.011198208000000001,6250.0,4,0,0,0,0.0
3154,0,0.183049785,35,0,0.057859880999999995,5737.0,11,0,0,0,1.0
3155,0,0.9999998999999999,25,0,0.07293595,2700.0,1,0,0,0,0.0
3156,0,0.86155976,59,0,0.116463737,5666.0,4,0,0,0,1.0
3161,0,0.015912352,47,0,0.513281919,3500.0,5,0,1,0,2.0
3162,0,0.0008571160000000001,72,0,0.041204139,5314.0,7,0,1,0,0.0
3163,0,0.067909796,55,0,0.341904958,14582.0,7,0,1,0,2.0
3166,0,0.031124443999999998,66,0,857.0,,7,0,1,0,1.0
3167,0,0.128930684,54,0,5174.0,,10,0,2,0,1.0
3169,0,0.062460962,62,0,3.0,,3,0,0,0,0.0
3170,0,0.682231777,52,0,0.536546675,8194.0,6,0,3,0,0.0
3171,0,0.735804585,52,0,6720.0,,6,0,3,0,0.0
3174,0,0.32345951,53,0,0.5987430970000001,5250.0,9,0,2,0,3.0
3175,0,0.004962218,59,0,0.343869995,14583.0,22,0,2,0,1.0
3177,0,0.6522228729999999,46,0,0.292569985,4750.0,11,0,0,0,0.0
3178,0,0.650034997,47,0,0.29494328,5200.0,9,0,1,0,2.0
3179,0,0.248722411,42,0,0.854271357,4576.0,7,0,1,0,2.0
3180,0,0.027759857000000002,56,0,514.0,,7,0,0,0,4.0
3181,0,0.11729413,42,0,0.131391031,3500.0,8,0,1,0,2.0
3182,0,0.002786012,62,0,0.028663937,10500.0,14,0,0,0,0.0
3184,0,0.957529964,30,1,0.217264082,4100.0,4,1,0,0,0.0
3186,0,0.247496295,42,0,0.457789105,9416.0,11,0,2,0,2.0
3190,0,0.0,72,0,0.0,50000.0,7,0,0,0,0.0
3191,0,0.066419083,62,0,0.733706517,2500.0,9,0,1,0,0.0
3192,0,0.820926189,28,0,0.550321925,2950.0,6,0,0,0,2.0
3194,0,0.002067591,65,0,709.0,,4,0,1,0,0.0
3195,0,0.0,54,0,0.10024355900000001,7800.0,10,0,1,0,1.0
3196,0,0.8956499440000001,25,0,917.0,,10,0,0,0,
3198,0,0.018231792,77,0,0.211747902,5600.0,8,0,2,0,1.0
3199,0,0.01678859,74,0,108.0,,3,0,0,0,0.0
3200,0,0.014462292,70,0,6852.0,,18,0,1,0,0.0
3202,0,0.11367062300000001,53,0,0.6233657570000001,9560.0,9,0,2,0,0.0
3204,0,0.054871012999999996,40,1,0.243517099,15000.0,9,0,1,0,5.0
3205,0,0.013563189,30,0,0.005175601,5409.0,8,0,0,0,0.0
3206,0,0.748327052,32,0,0.177137144,6000.0,8,0,0,0,0.0
3207,0,0.461884529,30,0,935.0,,8,0,0,0,0.0
3208,0,0.9999998999999999,46,0,0.159107271,4166.0,0,1,0,0,0.0
3209,0,0.330990265,49,2,0.135818209,13333.0,10,0,1,0,4.0
3210,0,0.09660103099999999,46,0,724.0,,4,0,1,0,2.0
3211,0,0.11287657300000001,31,0,0.096527904,5500.0,9,0,0,0,0.0
3213,0,0.002447381,82,0,0.335748792,12833.0,10,0,3,0,1.0
3215,0,0.036089549,47,0,0.220804035,13083.0,10,0,1,0,3.0
3216,0,0.9999998999999999,54,0,799.0,,3,1,1,0,0.0
3217,0,0.039654453,81,0,0.23658780399999998,3000.0,7,0,1,0,0.0
3218,0,0.015841961,85,0,0.002666222,6000.0,5,0,0,0,0.0
3219,0,0.0,66,0,1.0,,8,0,0,0,0.0
3221,0,0.053835957000000004,46,0,0.785404865,3000.0,10,0,1,0,1.0
3222,0,0.9999998999999999,45,0,0.20607243,8200.0,3,0,1,0,0.0
3224,1,0.297746512,46,0,0.436284312,5500.0,8,0,2,0,0.0
3225,0,0.621969587,51,0,0.277517181,9166.0,4,0,1,0,1.0
3226,0,0.318947277,33,0,0.15137202,4445.0,8,0,0,0,0.0
3227,0,0.9999998999999999,57,0,0.08336457900000001,8000.0,2,0,2,0,0.0
3232,0,0.033025035,65,0,1083.0,,9,0,1,0,1.0
3234,0,0.9239471570000001,49,0,0.36468984299999996,4400.0,5,0,1,0,4.0
3235,0,0.005269744,63,0,0.077203965,3833.0,19,0,0,0,0.0
3238,0,0.9999998999999999,46,0,107.0,,5,0,0,0,0.0
3239,0,0.359602184,59,0,701.0,,5,0,0,0,0.0
3240,0,0.031702581,37,0,0.146887275,8400.0,9,0,1,0,1.0
3242,0,0.016544156,60,0,1193.0,,15,0,1,0,
3243,0,0.971651417,50,0,0.053010517,14166.0,5,0,0,0,0.0
3244,0,0.658415978,68,0,1.402658789,3384.0,11,0,1,0,0.0
3245,0,0.28127187,49,0,1.0222793490000002,3500.0,25,0,2,0,0.0
3246,0,0.0,43,0,5110.0,,8,0,2,0,2.0
3248,0,0.175913636,47,1,0.016325401,3613.0,4,0,0,0,3.0
3249,1,0.040564773,71,0,0.291714123,7023.0,15,0,2,0,2.0
3250,0,0.035121776,80,0,0.009690817,6500.0,8,0,0,0,1.0
3251,0,0.937062937,23,0,0.041983207,5001.0,4,0,0,0,0.0
3253,0,0.013758621,61,0,0.233421751,4900.0,8,0,1,0,0.0
3254,0,0.080465855,57,0,0.31805929899999996,5193.0,13,0,1,0,0.0
3255,0,0.016630862,67,0,0.16829297699999998,8300.0,14,0,1,0,1.0
3256,0,0.062123447000000005,59,0,7327.0,,18,0,15,0,
3257,0,0.001249955,31,0,0.790043741,4800.0,5,0,3,0,0.0
3258,0,0.482847164,38,0,0.414185866,7725.0,13,0,1,0,1.0
3259,0,0.014299796000000002,73,0,0.177414502,9970.0,6,0,1,0,0.0
3260,0,0.005411659,58,0,0.159442028,20000.0,14,0,1,0,1.0
3261,0,0.075492958,40,0,0.055662956,15000.0,6,0,0,0,0.0
3263,0,0.8234663870000001,56,0,0.30022379899999996,21000.0,11,0,1,0,1.0
3264,0,0.061205132999999995,45,0,1172.0,,9,0,1,0,5.0
3265,0,0.9999998999999999,48,0,0.412559842,3550.0,3,0,2,0,0.0
3266,0,0.008236875,62,0,0.003197807,4377.0,5,0,0,0,0.0
3267,0,0.172440488,76,0,0.211878812,10000.0,5,0,1,0,0.0
3268,0,0.9999998999999999,55,1,1.520953164,1216.0,4,0,3,0,0.0
3270,0,0.103415329,37,0,0.264563512,5990.0,10,0,1,0,3.0
3271,0,0.0,64,0,0.24801151899999999,14583.0,7,0,2,0,0.0
3272,0,0.865253898,59,0,0.012797441000000001,5000.0,2,0,0,0,0.0
3273,1,0.6031267539999999,31,0,0.64073727,3200.0,11,0,1,0,1.0
3274,0,0.0079996,88,0,4.0,,2,0,0,0,0.0
3275,0,0.0,58,0,0.317068293,10000.0,12,0,2,0,4.0
3277,0,0.0,62,0,6.0,,4,0,0,0,0.0
3279,0,0.348853205,59,0,403.0,0.0,3,0,0,0,0.0
3280,0,0.361326983,55,0,0.415718718,6768.0,7,0,2,0,0.0
3281,0,0.7807360999999999,49,5,0.411117776,5000.0,7,0,2,1,1.0
3282,0,0.124008663,54,0,0.24475426,7100.0,22,0,1,0,1.0
3284,0,0.20134649,64,0,1636.0,,6,0,1,0,0.0
3285,0,0.019689883999999998,57,1,491.0,,7,0,0,0,0.0
3286,0,0.9999998999999999,54,0,0.136807818,3683.0,1,0,0,0,0.0
3288,0,0.281489173,71,0,5024.0,,9,0,3,0,0.0
3289,0,1.000893275,44,0,0.597652219,7751.0,11,0,3,0,0.0
3290,0,0.111061176,57,0,1.121151539,2500.0,7,0,2,0,2.0
3291,0,0.62956174,47,0,232.0,,7,0,0,0,
3292,1,0.047060392,63,0,0.728098873,2750.0,4,0,1,0,0.0
3294,0,0.9960875240000001,29,0,0.58811832,4022.0,10,0,1,0,0.0
3297,0,0.024568587000000003,49,0,0.00823391,5950.0,7,0,0,0,0.0
3298,0,0.038600188,47,0,0.30889214800000003,7500.0,14,0,1,0,2.0
3300,0,0.008087838,46,0,0.094123385,4100.0,18,0,2,0,0.0
3301,0,0.75762641,44,0,0.250085587,5841.0,8,0,0,0,2.0
3302,0,0.177524045,49,1,0.417318329,5242.0,9,0,2,0,2.0
3303,0,0.37576652,46,0,0.29595631,8605.0,11,0,1,0,2.0
3305,0,0.00114793,64,0,0.00025393599999999996,3937.0,8,0,0,0,0.0
3306,0,0.273744785,50,0,0.502382213,5666.0,12,0,1,0,0.0
3310,0,0.06763107900000001,66,0,0.172655488,11270.0,3,0,2,0,0.0
3311,0,0.38326366,54,0,2.362339515,700.0,28,0,1,0,0.0
3312,0,0.039132464,72,0,0.009256085,5833.0,8,0,0,0,0.0
3313,0,0.010300854,75,0,0.001940805,6182.0,5,0,0,0,0.0
3315,0,0.0,68,0,0.32799999999999996,3999.0,10,0,1,0,1.0
3316,0,0.760799955,34,0,0.146632875,2761.0,6,0,0,0,2.0
3318,0,0.803067812,41,0,0.311773528,5333.0,9,0,1,0,0.0
3320,0,0.0,67,0,0.089371981,5795.0,7,0,1,0,0.0
3321,1,0.89010697,46,3,0.9863612970000001,3885.0,12,0,3,4,3.0
3322,0,0.009355495,61,0,0.147890677,10500.0,12,0,1,0,0.0
3323,0,0.5797850179999999,30,1,0.41466157,4446.0,12,0,1,0,0.0
3324,0,0.466187365,52,0,0.580598104,4112.0,8,0,1,0,0.0
3326,0,0.103125744,38,1,0.03812825,7500.0,8,0,0,0,0.0
3327,0,0.020211509,47,0,0.786372402,4666.0,11,0,3,0,0.0
3328,0,0.9911261090000001,45,0,0.311652704,6564.0,12,0,0,0,2.0
3331,0,0.228500277,78,0,0.536099042,16800.0,15,0,3,0,0.0
3334,0,0.25949279199999997,54,0,0.953496628,2816.0,5,0,2,0,2.0
3335,0,0.014060322,45,0,0.162399415,4100.0,8,0,0,0,4.0
3336,0,0.154331952,51,0,0.129224149,7900.0,9,0,1,0,2.0
3337,0,0.168677611,76,0,0.137035949,10208.0,7,0,2,0,0.0
3341,0,0.027875409,46,0,0.7296967,9000.0,8,0,2,0,2.0
3342,0,0.00011908700000000001,55,0,0.23890148,7500.0,16,0,2,0,0.0
3345,0,0.9999998999999999,27,0,881.0,,3,0,1,0,0.0
3346,0,0.38013915200000004,50,0,0.41023931700000005,15000.0,11,0,3,0,5.0
3347,0,0.704174229,43,0,0.125138837,2700.0,3,2,0,0,2.0
3348,0,0.02219852,66,0,11.0,,6,0,0,0,0.0
3349,0,0.0,55,0,0.36769078299999997,9080.0,10,0,1,0,2.0
3350,0,0.157536985,44,1,1322.0,,4,0,1,0,0.0
3351,1,0.563819824,39,3,0.181116983,7000.0,15,1,0,1,2.0
3352,1,0.87064117,53,0,1238.0,,4,1,0,1,0.0
3353,0,0.5425399479999999,33,0,1.501749125,2000.0,5,0,2,0,0.0
3354,0,0.10760943199999999,64,0,0.341422048,7664.0,10,0,1,0,0.0
3355,0,0.216141416,39,0,0.257909875,7300.0,9,0,2,0,0.0
3358,0,0.772934899,62,0,2165.0,,7,0,1,0,0.0
3359,0,0.08987295,62,0,0.227384736,28000.0,14,0,2,0,2.0
3362,0,0.07339485,79,0,0.00549945,10000.0,3,0,0,0,0.0
3363,0,0.016310151999999998,55,0,3009.0,,11,0,2,0,0.0
3365,0,0.024304327,67,0,0.007529379,14210.0,11,0,0,0,0.0
3366,0,0.035994001,53,0,2343.0,,3,0,1,0,0.0
3367,0,0.9999998999999999,59,0,0.0,,0,0,0,0,0.0
3368,0,0.9999998999999999,21,0,10.0,,0,0,0,0,
3370,0,0.9999998999999999,45,0,9260.0,0.0,7,0,4,0,4.0
3372,0,0.082723513,50,0,0.31124012300000004,6200.0,6,0,1,0,2.0
3375,0,0.09476686,54,0,0.074750216,8106.0,6,0,0,0,0.0
3376,0,0.051347442,68,0,0.276551662,11100.0,23,0,2,0,0.0
3377,0,0.627720815,61,0,0.605693069,4039.0,8,0,1,0,0.0
3379,0,0.030908087,75,1,0.007938681,3652.0,6,0,0,0,1.0
3380,0,0.9999998999999999,65,1,0.16928819,3750.0,4,0,0,0,0.0
3381,0,0.068196672,56,0,0.37557416899999996,3700.0,10,0,1,0,2.0
3388,0,0.0019220939999999998,48,0,0.36108861200000003,6172.0,6,0,1,0,0.0
3390,0,0.20737926199999998,67,0,66.0,,4,0,0,0,0.0
3391,0,0.259913362,38,0,0.607421875,1023.0,3,0,0,0,1.0
3393,0,0.634536546,53,1,4985.0,0.0,5,0,2,0,3.0
3394,0,0.052494751,36,0,1112.0,,3,0,2,0,
3395,0,0.012178706000000001,81,0,0.16195951,4000.0,5,0,2,0,0.0
3397,0,0.379550083,76,0,1322.0,,5,0,1,0,1.0
3398,0,0.31557895,67,0,0.11331444800000001,6000.0,6,0,0,0,1.0
3399,0,0.15317957599999998,43,0,0.262382995,10255.0,6,0,1,0,1.0
3401,0,1.290886392,36,1,0.0153787,2600.0,3,0,0,0,0.0
3402,0,0.2228304,47,0,0.5557443470000001,7650.0,18,0,4,0,2.0
3403,0,0.952403808,59,1,1921.0,,5,0,2,0,0.0
3405,0,0.002733273,67,0,0.000363152,8260.0,5,0,0,0,0.0
3406,0,0.0013823120000000001,48,0,0.10924089699999999,12000.0,8,0,1,0,0.0
3407,0,0.017054866000000002,80,0,0.09885260400000001,10196.0,15,0,1,0,0.0
3408,0,0.770027056,31,2,0.457159287,1738.0,10,0,1,0,1.0
3410,0,0.16954092,51,0,0.402091986,13001.0,23,0,7,0,0.0
3415,0,0.053761542999999995,28,0,0.007220216999999999,3600.0,5,0,0,0,0.0
3418,0,0.925591362,49,0,0.8524295140000001,3333.0,12,0,1,0,0.0
3419,0,0.16698255,84,0,253.0,,7,0,0,0,0.0
3421,0,0.9848030390000001,47,0,0.090694935,3395.0,6,0,0,0,0.0
3422,0,0.9999998999999999,71,0,1664.0,0.0,7,0,1,0,0.0
3424,0,0.30548870100000003,71,0,0.31478087,6000.0,13,0,3,0,0.0
3426,0,0.0,43,0,0.33962893,9000.0,2,0,1,0,1.0
3427,0,0.404801425,56,0,0.038004622,110775.0,12,0,2,0,0.0
3428,0,0.04905742,80,0,0.131502423,6189.0,6,0,1,0,0.0
3431,0,0.9999998999999999,75,0,2319.0,,9,0,1,0,0.0
3432,0,0.045607704000000006,36,0,0.43109763799999995,7916.0,11,0,2,0,0.0
3433,0,0.026471914,59,0,1351.0,,11,0,1,0,0.0
3434,0,0.20016870399999998,69,0,0.33494363899999996,11177.0,24,0,2,0,1.0
3435,0,0.062534085,28,0,0.5895439379999999,898.0,5,0,0,0,0.0
3436,0,0.30323225600000003,45,0,83.0,,3,0,0,0,
3439,0,0.812976817,75,0,0.59215396,1350.0,8,0,1,0,0.0
3440,0,0.001877165,64,0,0.190668888,4200.0,15,0,1,0,0.0
3441,0,0.718032455,34,0,0.570440429,7083.0,9,0,2,0,2.0
3443,0,0.45116992200000006,33,0,0.620374136,4917.0,5,0,2,0,0.0
3445,0,0.322263709,68,0,0.36879818600000003,11024.0,14,0,2,0,1.0
3446,0,0.870475302,47,0,0.35926079200000005,7250.0,7,0,2,0,0.0
3447,0,0.039033687000000004,55,0,2043.0,,10,0,1,0,1.0
3448,0,0.00067191,32,0,0.0009996669999999999,3000.0,5,0,0,0,0.0
3451,0,0.101088941,64,1,2066.0,,9,0,2,0,
3452,0,0.670281912,38,0,0.46268370000000003,10410.0,4,0,2,0,2.0
3454,0,0.9999998999999999,60,0,0.122324816,13970.0,3,0,1,0,0.0
3455,0,0.033742916,55,0,0.19237435,7500.0,8,0,1,0,0.0
3457,0,0.08183995200000001,65,0,719.0,,3,0,1,0,0.0
3458,1,0.8411588409999999,30,1,259.0,,3,1,0,0,1.0
3459,1,0.5309605070000001,51,2,0.151082251,2309.0,10,1,0,0,0.0
3460,0,0.315455721,72,0,0.580209895,2000.0,8,0,1,0,0.0
3462,0,0.044791042,92,0,0.00119976,5000.0,1,0,0,0,0.0
3464,0,0.33752706299999996,73,0,0.306972093,11000.0,17,0,2,0,0.0
3466,0,0.00119976,64,0,0.689265537,2300.0,5,0,1,0,1.0
3468,0,0.053656049000000004,45,0,0.054539884000000004,9790.0,9,0,0,0,2.0
3469,0,0.083525611,33,0,0.128774245,5000.0,6,0,2,0,0.0
3470,0,0.67329217,53,0,0.46799694700000005,9170.0,11,0,2,0,1.0
3471,0,0.30754692100000003,59,0,3661.0,,7,0,1,0,3.0
3472,0,0.17990556300000002,31,0,0.49501151200000004,3908.0,13,0,2,0,0.0
3474,0,0.0,34,2,0.48806112700000004,3140.0,9,0,1,0,1.0
3475,0,0.0,49,0,0.6997628459999999,12649.0,12,0,3,0,0.0
3477,0,0.421299761,49,0,0.39425223200000004,7167.0,19,0,1,0,2.0
3478,0,0.125391387,54,0,0.276909797,11584.0,10,0,2,0,0.0
3479,0,0.15197396300000002,77,0,0.19080919100000002,2001.0,3,0,0,0,0.0
3480,0,0.07619238099999999,70,0,0.0064686859999999995,3400.0,4,0,0,0,0.0
3481,0,0.164461835,39,0,2797.0,,6,0,1,0,0.0
3482,0,0.007182445,59,0,0.223449216,7334.0,12,0,2,0,0.0
3483,0,0.880622408,60,1,0.36738024399999997,10416.0,11,0,2,0,0.0
3484,0,0.0,58,0,0.145817774,5355.0,4,0,0,0,1.0
3485,0,0.19177938,38,0,0.491754123,2000.0,8,0,1,0,0.0
3486,0,0.401799894,58,0,0.347455949,5050.0,7,0,1,0,0.0
3488,0,0.31324725,30,0,0.114670177,6836.0,5,0,0,0,1.0
3490,0,0.8819412040000001,47,0,0.586715867,1625.0,6,1,0,0,0.0
3491,0,0.19043970899999998,53,1,0.070461635,67000.0,11,0,2,0,2.0
3492,0,0.342432034,57,1,2874.0,,15,0,2,0,0.0
3495,0,0.030541752999999998,52,0,0.16878767600000003,4478.0,3,0,1,0,0.0
3497,0,0.726012744,48,0,1.101559376,2500.0,7,0,2,0,1.0
3500,1,0.7112377190000001,40,2,0.57706049,8116.0,9,1,2,0,1.0
3501,0,0.147872892,55,0,0.234692077,17000.0,11,0,2,0,2.0
3502,0,0.040806774,29,0,0.285567364,5833.0,5,0,1,0,0.0
3504,0,0.004407374,46,0,0.289156627,3236.0,5,0,1,0,2.0
3505,0,0.09675235800000001,35,0,0.18530245,6000.0,23,0,0,0,0.0
3506,0,0.108635655,48,0,5774.0,,9,0,5,0,0.0
3507,0,0.048747563,57,0,0.070923126,6217.0,4,0,1,0,0.0
3509,0,0.053176061,64,0,1740.0,,11,0,1,0,0.0
3510,0,0.078474137,31,2,0.268060995,12000.0,7,0,1,0,0.0
3511,0,0.145202611,37,0,0.1412219,7250.0,4,0,0,0,0.0
3512,0,0.000132625,41,0,0.42955090799999995,5833.0,10,0,1,0,2.0
3514,0,0.27669364399999996,40,1,0.6801885440000001,7000.0,16,0,2,0,1.0
3515,0,0.038665636,46,0,0.236617443,8667.0,9,0,1,0,2.0
3516,0,0.099069418,67,0,1609.0,,8,0,1,0,0.0
3517,0,0.38686355899999997,41,0,0.829552926,6083.0,12,0,2,0,0.0
3519,0,0.564996328,51,0,0.346033729,1600.0,4,0,0,0,0.0
3520,1,0.9747922609999999,32,3,1.3838463559999998,3800.0,11,0,3,0,4.0
3521,0,0.310491826,56,0,0.19322247899999997,4750.0,7,0,1,0,0.0
3522,0,0.055957762,68,0,0.020391843,2500.0,6,0,0,0,0.0
3523,0,0.245599874,42,0,0.926661669,8003.0,15,0,5,0,3.0
3524,0,0.16741250900000001,49,1,0.076581247,6750.0,10,0,0,0,0.0
3525,0,0.0,79,1,2.0,,6,0,0,0,0.0
3526,0,0.014249643999999999,66,0,0.015984016,1000.0,2,0,0,0,0.0
3527,0,0.532744167,35,0,0.239034795,7500.0,12,0,2,0,0.0
3528,0,0.24955818100000002,59,0,2175.0,,9,0,1,0,2.0
3531,0,0.052371522000000004,56,0,0.011134308,7184.0,2,0,0,0,0.0
3532,0,0.038381141,50,0,0.152130441,6500.0,12,0,1,0,0.0
3533,0,0.441912454,64,3,7582.0,,19,0,2,1,0.0
3534,0,0.262373763,32,0,0.23244189,4000.0,8,0,0,0,0.0
3537,0,0.008634527,61,0,0.152637147,6616.0,7,0,1,0,0.0
3538,0,0.110626005,78,0,0.065089779,11583.0,8,0,0,0,0.0
3539,0,0.007035051,66,0,0.057608264000000006,5033.0,12,0,1,0,0.0
3540,0,0.004092833,47,0,2018.0,,9,0,1,0,0.0
3541,0,0.166975688,54,0,0.344813655,9900.0,6,0,2,0,2.0
3542,0,0.440775341,72,0,0.2504363,4583.0,9,0,0,0,2.0
3543,0,0.12399114300000001,42,0,0.32253419699999997,12500.0,6,0,2,0,1.0
3544,0,0.0,70,0,1.282679739,611.0,7,0,2,0,0.0
3545,0,0.067120805,45,0,2555.0,,5,0,2,0,0.0
3548,0,0.006329263000000001,55,0,0.124310055,4166.0,3,0,0,0,1.0
3549,0,0.003324161,73,0,0.002855103,1400.0,4,0,0,0,0.0
3551,0,0.9999998999999999,61,0,0.001420051,3520.0,1,0,0,0,0.0
3553,0,0.0033595290000000004,57,0,2473.0,,24,0,3,0,0.0
3554,0,0.17588426,63,0,0.24341028899999997,5500.0,11,0,1,0,1.0
3555,0,0.9999998999999999,32,0,0.0,3750.0,0,1,0,0,3.0
3557,0,0.187003754,50,0,0.587661546,4100.0,5,0,1,0,0.0
3558,0,0.133440951,54,0,0.651569738,13600.0,8,0,3,0,4.0
3559,0,0.0,35,0,0.608821242,9000.0,8,0,3,0,2.0
3561,0,0.0,54,0,0.180681427,8716.0,10,0,1,0,0.0
3564,0,0.034465324,50,0,0.378210439,4827.0,4,0,1,0,0.0
3567,0,0.034177541,51,0,0.33352081,5333.0,12,0,1,0,0.0
3568,0,0.032890111,37,0,0.14414264300000001,6000.0,8,0,1,0,1.0
3569,0,0.298773749,32,0,0.39367738399999996,3700.0,11,0,0,0,0.0
3572,0,0.17073170699999998,64,0,0.164967563,4315.0,4,0,1,0,3.0
3573,0,0.1262633,40,0,0.6822192420000001,14166.0,10,0,2,0,2.0
3574,0,0.947817059,70,0,4471.0,,10,0,1,0,0.0
3575,0,0.457662003,88,0,0.300206505,3873.0,18,0,0,0,0.0
3576,0,0.0,37,0,0.091171108,17000.0,2,0,1,0,0.0
3577,0,0.022098011,63,0,0.24250100000000002,7500.0,17,0,2,0,0.0
3578,0,0.020314996999999998,47,0,0.182744501,10500.0,17,0,1,0,0.0
3579,0,0.801448481,64,0,3259.0,,10,0,0,0,1.0
3581,0,0.9999998999999999,61,3,0.597867141,4500.0,13,0,3,0,2.0
3583,0,0.174794174,90,0,0.422003929,2544.0,5,0,1,0,0.0
3584,0,0.020886659,41,1,1.000666223,1500.0,5,0,1,0,0.0
3586,0,0.0,38,0,0.828021497,8000.0,9,0,3,0,3.0
3587,0,0.015536548,67,0,0.155537785,2500.0,4,0,0,0,0.0
3591,0,0.07854039,37,0,0.127343245,4640.0,4,0,0,0,2.0
3592,1,0.018899055,62,1,1517.0,,5,0,2,0,0.0
3593,0,0.001068662,43,0,1.361919347,5876.0,13,0,6,0,4.0
3594,0,0.273376935,29,0,587.0,,8,0,0,0,0.0
3596,0,0.955474852,31,0,0.563641175,7557.0,17,0,2,0,2.0
3597,0,0.225102584,47,0,0.331958505,8000.0,17,0,1,0,0.0
3598,0,0.00022155599999999998,44,0,0.22862041100000002,19831.0,10,0,1,0,2.0
3599,0,0.098956272,57,0,0.017210035,8250.0,2,0,0,0,0.0
3600,0,0.031397875,47,0,0.062149008,10683.0,3,0,1,0,1.0
3602,0,0.003999917,70,0,0.169478815,8000.0,8,0,1,0,1.0
3603,0,0.046415495,55,0,724.0,0.0,6,0,0,0,0.0
3604,0,0.35655072200000004,41,0,0.031242189,4000.0,2,0,0,0,2.0
3605,0,0.8261282659999999,36,0,0.07532078,6000.0,3,0,0,1,0.0
3606,0,0.9999998999999999,87,0,0.011423131999999999,2100.0,5,0,0,0,0.0
3608,0,0.8674556859999999,58,0,0.784253051,5816.0,12,0,3,0,0.0
3609,0,0.14430928199999998,24,0,0.00684369,3652.0,4,0,0,0,0.0
3610,0,0.219835804,69,3,0.516918647,12500.0,8,0,3,0,1.0
3611,0,0.043190140999999994,71,0,1783.0,,10,0,1,0,1.0
3612,0,0.402665929,44,0,0.145365979,7800.0,9,0,0,0,0.0
3615,0,0.015881861,53,0,0.106304836,4900.0,6,0,1,0,1.0
3616,0,0.316715023,83,0,0.42328835600000003,2000.0,5,0,0,0,0.0
3617,0,0.001817922,72,0,1544.0,,8,0,1,0,0.0
3618,0,0.036454819,49,0,0.08507659699999999,25000.0,7,0,1,0,0.0
3619,0,0.010350746999999999,55,0,29.0,,6,0,0,0,
3620,0,0.013996001000000001,78,0,0.0024169179999999997,3309.0,3,0,0,0,0.0
3621,0,0.06212068900000001,56,0,0.284083913,21116.0,12,0,3,0,2.0
3625,0,0.046296045999999993,89,0,791.0,,4,0,1,0,0.0
3626,0,0.19672731699999998,39,0,2225.0,,11,0,2,0,0.0
3629,0,0.09174713300000001,64,0,2196.0,,10,0,1,0,0.0
3630,0,0.6034126870000001,54,1,0.963928727,2300.0,7,0,1,1,0.0
3631,0,0.552990627,46,1,0.109875295,8900.0,11,0,0,0,0.0
3632,0,0.090272311,50,0,0.362469136,10124.0,20,0,3,1,2.0
3633,0,0.187665903,43,0,0.546100866,4500.0,15,0,1,0,2.0
3634,0,0.045909077,40,0,0.151840314,17333.0,6,0,1,0,1.0
3636,0,0.533133352,73,0,245.0,,10,0,0,0,
3637,0,0.022890862,64,0,77.0,,3,0,0,0,0.0
3638,0,0.887155258,64,1,0.628612979,5500.0,12,0,2,0,3.0
3639,1,0.253193837,41,0,650.0,,7,0,0,1,0.0
3641,0,0.009553981999999999,63,0,0.000567151,8815.0,3,0,0,0,0.0
3643,0,0.12756653,31,1,0.016920877,4195.0,3,0,0,0,0.0
3644,0,0.192013194,75,0,2135.0,,18,0,2,0,1.0
3645,0,0.0,64,1,0.44699646600000004,7923.0,14,0,2,0,2.0
3646,0,0.334479122,38,0,0.187130435,5749.0,10,0,0,0,0.0
3647,0,0.13691710599999998,76,0,0.210580913,1927.0,14,0,0,0,0.0
3648,0,0.057925319,82,0,45.0,,10,0,0,0,
3649,0,0.011742688999999999,81,0,0.10326676,12917.0,15,0,1,0,0.0
3650,0,0.087262779,41,0,0.351002865,5583.0,10,0,1,0,3.0
3651,1,0.9999998999999999,33,0,0.7910696429999999,3000.0,7,0,2,0,1.0
3652,1,0.99142402,40,6,0.892328398,5200.0,9,0,2,1,0.0
3653,0,0.10956360300000001,65,0,0.009599596,7916.0,5,0,0,0,0.0
3655,0,0.949164131,58,0,0.36126871899999996,10750.0,6,0,2,0,0.0
3656,0,0.9999998999999999,48,1,0.025095602,4183.0,1,2,0,0,1.0
3657,0,0.121471896,51,0,4783.0,,12,0,1,0,2.0
3658,0,0.0,61,0,0.0,,4,0,0,0,
3664,1,0.29814801,61,0,0.299518226,11000.0,21,0,3,0,0.0
3665,0,0.027999200000000002,64,0,1501.0,,14,0,1,0,0.0
3666,0,0.081304056,51,0,0.41640437,5400.0,12,0,1,0,3.0
3667,0,0.069946503,52,0,0.411379987,4586.0,5,0,1,0,0.0
3669,0,1.129353234,57,1,0.031916939,5200.0,1,1,0,0,1.0
3671,0,0.165095687,34,0,0.398375254,6400.0,9,0,0,0,0.0
3672,0,0.9999998999999999,29,0,0.0,,0,0,0,0,
3673,0,0.9999998999999999,54,0,0.0,,2,0,0,0,0.0
3674,0,0.11842978,56,1,0.24550036,12500.0,20,0,2,0,1.0
3675,0,0.9999998999999999,67,0,36.0,,1,0,0,0,0.0
3676,0,0.9999998999999999,40,0,0.516329705,4500.0,8,0,2,0,1.0
3677,1,0.9999998999999999,47,1,0.130455986,4100.0,4,0,1,1,2.0
3678,0,0.014090663,75,0,0.136033229,3851.0,5,0,1,0,0.0
3679,0,0.001687395,80,0,0.20655868800000002,5000.0,5,0,1,0,0.0
3680,0,0.013878261999999999,69,0,0.002661505,8265.0,11,0,0,0,0.0
3681,0,0.08221724,61,0,0.7656050959999999,784.0,13,0,1,0,0.0
3682,0,0.07015966,70,0,0.4,3919.0,13,0,2,0,1.0
3683,0,0.346847336,47,0,0.405312768,3500.0,15,0,1,1,3.0
3684,0,0.189842597,53,0,0.346860405,9634.0,15,0,2,0,2.0
3685,0,0.335435057,59,2,0.295169502,8052.0,11,0,1,0,0.0
3686,0,0.184128777,60,0,0.41863162,7760.0,9,0,1,0,0.0
3687,0,0.34418189899999996,40,0,0.320307426,9237.0,6,0,1,0,2.0
3688,0,0.17390969899999997,55,0,1604.0,,4,0,1,0,0.0
3689,0,0.276532653,32,0,120.0,,1,0,0,0,
3690,1,0.9999998999999999,40,0,828.0,,3,2,0,0,0.0
3691,0,0.159092045,51,0,0.27927627899999996,9008.0,8,0,1,0,1.0
3692,0,0.072891991,69,0,0.066155641,6000.0,4,0,0,0,0.0
3693,0,0.061516972999999996,55,0,0.33680665200000004,9500.0,9,0,3,0,0.0
3695,0,0.139432491,65,0,371.0,0.0,8,0,0,0,0.0
3697,0,0.00029166099999999997,55,0,0.241921678,9345.0,11,0,2,0,1.0
3699,0,0.020132662,70,0,0.002832861,6000.0,2,0,0,0,0.0
3700,0,0.098066711,32,0,248.0,1.0,7,0,0,0,4.0
3702,0,0.002748573,48,2,0.14913427,12243.0,19,0,2,0,2.0
3703,0,0.641712292,39,1,0.31239213,8690.0,15,0,1,0,4.0
3704,0,0.08794753300000001,36,0,5.184259838,1600.0,10,0,4,0,0.0
3705,0,0.824774841,46,0,1.0092476879999999,4000.0,18,0,0,0,0.0
3708,0,0.9999998999999999,24,0,0.0,1900.0,1,0,0,0,1.0
3709,0,0.005653629,59,0,0.243918694,3000.0,6,0,2,0,0.0
3710,1,0.8456861729999999,52,1,0.257958673,25600.0,9,0,3,0,0.0
3714,0,0.209296363,48,2,0.272727273,5400.0,8,0,1,0,1.0
3716,0,0.9999998999999999,21,0,0.0,280.0,1,0,0,0,0.0
3717,0,0.115143596,48,0,2917.0,,3,0,1,0,0.0
3722,0,1.144896502,43,1,0.536692661,5000.0,4,0,1,1,0.0
3725,0,0.10760757900000001,76,0,2889.0,,17,0,2,0,0.0
3728,0,0.046762952999999996,47,0,0.21879555899999997,8916.0,10,0,2,0,0.0
3729,0,0.10093674400000001,74,0,28.0,,3,0,0,0,0.0
3730,0,0.21198522,71,0,0.36096845200000005,8177.0,11,0,2,0,0.0
3731,0,0.006298226999999999,66,0,0.005512679,1813.0,8,0,0,0,0.0
3732,0,0.0,44,0,0.133616494,11300.0,3,0,1,0,1.0
3733,1,0.600470035,37,0,0.151017494,2800.0,5,0,0,0,0.0
3736,0,0.48537791,63,0,1391.0,,5,0,1,0,0.0
3738,0,0.0,55,0,0.250838761,15200.0,10,0,4,0,0.0
3739,0,0.9398256690000001,55,0,0.36368684100000004,1800.0,9,0,0,0,0.0
3741,0,0.09263642400000001,60,0,3868.0,,16,0,2,0,0.0
3743,0,0.006842681,54,0,0.226297055,9270.0,11,0,0,0,0.0
3744,0,0.7667819579999999,31,0,0.456835224,5200.0,14,0,2,0,3.0
3745,1,0.96948894,53,0,165.0,,6,0,0,0,0.0
3746,0,0.21777832,27,0,0.542389688,2016.0,8,0,1,0,0.0
3747,1,0.99363752,36,0,0.512851897,2450.0,9,0,0,0,1.0
3748,1,0.788844622,49,3,0.164432285,3654.0,4,1,0,0,0.0
3749,0,0.484437241,62,0,0.44546369799999996,8938.0,13,0,2,0,0.0
3750,0,0.270725487,43,0,0.534883721,2708.0,17,0,0,0,2.0
3752,0,0.067161455,27,1,434.0,1.0,10,0,1,0,1.0
3753,0,0.007224423000000001,77,0,0.0032701109999999996,7644.0,2,0,0,0,0.0
3754,0,0.097115345,54,0,0.416861046,3000.0,8,0,1,0,1.0
3755,0,0.14545559,51,0,0.569884928,7125.0,12,0,2,0,1.0
3759,0,0.9999998999999999,46,0,0.140330642,2600.0,1,0,0,0,6.0
3760,0,0.08697987,36,0,0.31456699,6500.0,11,0,1,0,0.0
3761,0,0.146295123,50,0,0.749750083,3000.0,6,0,1,0,2.0
3762,0,0.293639407,57,0,0.34318555,15833.0,9,0,2,0,3.0
3764,0,0.477744939,62,0,1.012704687,3541.0,12,0,2,1,0.0
3765,0,0.098097639,62,0,0.179746541,8600.0,13,0,2,0,0.0
3767,0,0.003567903,69,0,0.001830384,4916.0,9,0,0,0,0.0
3769,0,0.196525864,48,0,0.20784591800000002,8462.0,2,0,1,0,1.0
3770,0,0.123927954,38,0,0.29154519,2400.0,10,0,0,0,1.0
3771,1,0.873510188,50,0,0.19667705100000002,4814.0,6,0,0,0,6.0
3772,0,0.025104603,73,0,0.004954875,5650.0,4,0,0,0,0.0
3774,0,0.45373527799999996,65,0,0.563859035,4000.0,10,0,2,0,0.0
3776,0,0.244450035,34,0,0.354213426,4900.0,6,0,2,0,0.0
3777,1,0.922538497,54,0,0.643114251,7500.0,6,0,2,1,0.0
3778,0,0.057961359000000004,23,0,0.0007283319999999999,2745.0,1,0,0,0,0.0
3779,0,0.097645463,49,0,0.269040277,10700.0,11,0,2,0,2.0
3781,0,0.06358801900000001,63,0,0.079692031,10000.0,4,0,2,0,1.0
3782,0,0.0,50,0,0.0,,1,0,0,0,0.0
3783,0,0.815901943,38,1,0.585255299,7500.0,9,0,4,0,4.0
3785,0,0.9999998999999999,49,0,0.0,2710.0,0,3,0,0,2.0
3786,0,0.017499702,81,0,35.0,,10,0,0,0,
3787,0,0.9999998999999999,37,0,0.282190132,3323.0,5,3,1,3,2.0
3788,0,0.024919003,51,0,0.332537081,18000.0,10,0,2,0,2.0
3789,0,0.9309014640000001,61,0,0.633346661,2500.0,6,0,1,0,0.0
3791,0,0.9321912920000001,65,0,0.41411668700000004,2450.0,13,0,0,0,0.0
3792,0,1.00139972,30,0,0.425440172,5565.0,6,0,1,0,0.0
3793,0,0.041835261,56,0,0.23980628,6400.0,9,0,1,0,0.0
3794,0,0.070744105,35,0,0.057756695999999996,3583.0,5,0,0,0,0.0
3795,0,0.0,47,0,2054.0,,4,0,2,0,2.0
3799,0,0.049677019,46,0,0.38363232700000005,16666.0,6,0,1,0,2.0
3800,0,0.23998868,78,0,1861.0,,8,0,1,0,0.0
3802,0,0.242702936,56,0,0.557639703,5117.0,12,0,1,0,1.0
3803,0,0.004483418,73,0,0.000999833,6000.0,5,0,0,0,1.0
3804,0,0.276348682,49,2,782.0,,3,0,0,0,
3805,0,0.12159932,76,0,0.122709606,1800.0,6,0,0,0,0.0
3806,0,0.04208892400000001,63,0,0.430966849,13000.0,8,0,2,0,0.0
3807,0,0.0,39,0,0.484648865,8500.0,17,0,2,0,4.0
3810,0,0.44676741299999995,46,0,0.32328369100000004,8258.0,9,0,2,0,2.0
3811,0,0.502497502,31,0,0.422315537,3333.0,10,0,1,0,0.0
3813,0,0.0016215779999999998,76,0,3261.0,,5,0,2,0,1.0
3814,0,0.121776655,28,0,0.475930972,1100.0,3,0,0,0,0.0
3816,0,0.10129173400000001,65,0,0.406348679,12033.0,6,0,2,0,0.0
3817,0,0.09795403800000001,48,1,0.193453321,9500.0,13,0,2,0,0.0
3818,0,0.003112007,75,0,18.0,,14,0,0,0,0.0
3819,0,0.967379078,43,0,0.26467741899999997,6199.0,5,0,2,0,0.0
3820,0,0.24562983800000002,49,0,492.0,0.0,5,0,0,0,3.0
3821,0,0.796339927,53,0,0.487155822,6500.0,11,0,2,0,2.0
3822,0,0.000401683,79,0,0.115395601,3500.0,8,0,0,0,0.0
3823,0,0.093465417,39,2,0.340665619,7000.0,16,0,1,0,4.0
3824,0,0.009631325,72,1,378.0,1.0,5,1,2,0,0.0
3825,0,0.007665815,88,0,3.0,,6,0,0,0,0.0
3829,0,0.887009383,34,0,0.15338283800000002,12119.0,6,2,0,0,0.0
3830,1,0.982502573,40,0,0.44071146200000005,3541.0,6,0,1,0,0.0
3832,0,0.094044325,73,0,0.302914477,6278.0,5,0,1,0,0.0
3833,0,0.263697619,57,2,0.32503888,4500.0,18,0,0,1,0.0
3835,0,0.011499042,51,0,0.594003748,1600.0,10,0,1,0,3.0
3836,0,0.09227926199999999,60,0,1935.0,,10,0,1,0,1.0
3837,0,0.214410878,33,0,0.24212631199999998,6000.0,6,0,1,0,2.0
3838,0,1.360426382,46,1,0.579727633,5800.0,8,0,1,0,2.0
3842,0,0.012526585,70,0,0.220395468,4500.0,13,0,0,0,0.0
3845,0,0.0,68,0,0.20780399300000002,1101.0,2,0,0,0,0.0
3847,0,0.156388315,67,0,0.035601073,4100.0,3,0,0,0,0.0
3849,0,0.044772514000000006,57,0,0.46422018299999995,7084.0,14,0,2,0,0.0
3850,0,0.7422707540000001,29,0,904.0,,9,0,0,0,0.0
3852,0,0.92375953,68,1,221.0,,5,0,0,0,0.0
3853,0,0.018164574,58,0,0.005580098,4300.0,10,0,0,0,0.0
3856,0,0.023435388999999997,65,0,0.002039837,8333.0,5,0,0,0,0.0
3858,0,0.9999998999999999,56,0,254.0,,2,0,0,0,
3862,0,0.506618417,38,0,159.0,,4,0,0,0,
3866,0,0.06312237,40,0,45.0,,6,0,0,0,0.0
3867,0,0.8962841490000001,48,0,3907.0,,12,0,2,0,0.0
3868,0,0.848903306,45,0,0.450768105,6834.0,14,0,2,0,0.0
3869,0,0.013499518,74,0,0.121068249,6739.0,8,0,1,0,0.0
3871,0,0.026891676,39,0,0.327715782,4390.0,9,1,1,0,3.0
3874,0,0.49980770700000005,38,0,0.288719785,6701.0,8,0,2,0,2.0
3875,1,1.142476698,52,0,918.0,,3,0,1,1,0.0
3876,0,0.354989857,39,0,0.149197629,6916.0,7,0,0,0,1.0
3877,1,0.9999998999999999,56,0,0.183962264,3391.0,1,2,0,0,0.0
3879,0,0.167004325,70,0,0.334580022,6416.0,23,0,1,0,0.0
3880,0,0.00012371,65,0,0.119484458,6594.0,9,0,1,0,0.0
3883,0,0.0,38,0,0.6370933670000001,7100.0,10,0,1,0,0.0
3884,0,0.9999998999999999,38,98,12.0,,0,98,0,98,0.0
3885,0,0.46658158899999996,38,1,0.161788784,9771.0,8,0,0,0,3.0
3886,0,0.005048644000000001,61,0,0.18608139199999998,10000.0,25,0,2,0,0.0
3887,0,0.040412707,49,0,0.256435891,4000.0,14,0,0,0,2.0
3888,0,0.034249144,31,0,0.059350504000000005,6250.0,4,0,0,0,0.0
3889,0,0.031034246,56,0,0.199175052,16000.0,9,0,2,0,2.0
3891,0,0.9999998999999999,61,0,0.0,1500.0,1,0,0,0,1.0
3892,0,0.9999998999999999,34,0,0.058945908,4325.0,2,0,0,0,0.0
3895,0,0.0,49,0,0.322343896,8583.0,18,0,1,0,1.0
3896,0,0.210299525,57,0,2198.0,,11,0,1,0,1.0
3897,0,0.06422591700000001,59,0,0.169297951,5953.0,11,0,0,0,2.0
3898,0,0.014710953,51,0,845.0,,4,0,1,0,0.0
3899,0,0.008871614,72,0,0.002829612,13075.0,17,0,0,0,1.0
3901,0,0.414606831,37,0,0.053429852,2900.0,2,0,0,0,2.0
3903,0,0.030499365,78,0,0.274817883,7000.0,5,0,1,0,1.0
3904,0,0.5154991839999999,49,0,0.268448013,7222.0,4,0,1,0,1.0
3905,0,0.0276233,55,0,0.244062046,8251.0,11,0,2,0,2.0
3907,0,0.019555929,68,0,0.40328119,2620.0,18,0,1,0,1.0
3908,0,0.277725369,33,0,0.34567645799999996,9667.0,10,0,1,0,1.0
3909,0,0.222120469,49,0,0.25234662,7350.0,7,1,1,0,3.0
3911,0,0.016029075,65,0,0.34825870600000003,2411.0,11,0,0,0,0.0
3912,0,0.089276091,83,0,45.0,,3,0,0,0,0.0
3913,0,0.06331466,35,0,2343.0,,6,0,2,0,0.0
3914,0,0.077491077,66,0,0.02159784,10000.0,5,0,0,0,0.0
3915,0,0.039392122,52,0,0.163680982,4074.0,3,0,1,0,1.0
3916,0,0.0,70,0,1060.0,0.0,9,1,1,1,0.0
3918,0,0.060994917,28,1,21.0,,4,0,0,0,0.0
3919,0,0.038641204,57,0,0.30028418100000004,9500.0,18,0,1,1,0.0
3920,0,0.00209979,38,0,1.768901569,700.0,3,0,1,0,1.0
3922,0,0.069596477,66,0,0.180364567,9380.0,13,0,0,0,1.0
3923,0,0.089632075,57,0,0.292260784,11150.0,18,0,2,0,1.0
3925,0,0.23784933,73,3,0.661387089,4166.0,19,0,1,0,1.0
3926,0,0.029095388,67,0,0.028490027999999997,4562.0,16,0,0,0,0.0
3927,0,0.0,77,0,0.331586737,25000.0,16,0,3,0,2.0
3928,0,0.207037867,35,0,1.3566404630000002,2416.0,8,0,2,0,2.0
3930,0,0.07187245099999999,40,0,0.027314112,5271.0,4,0,0,1,0.0
3931,0,0.9999998999999999,33,1,0.562812396,3000.0,8,5,1,0,0.0
3932,1,0.9760479040000001,50,2,0.130284609,7237.0,3,3,1,1,1.0
3933,0,0.9999998999999999,41,0,1851.0,,4,0,2,1,0.0
3934,0,0.9999998999999999,33,0,0.0,400.0,0,0,0,0,1.0
3935,0,0.0,57,0,673.0,,9,0,0,0,1.0
3937,0,0.426467915,27,0,1.336283186,451.0,5,0,0,0,0.0
3939,0,0.18545689699999998,54,1,0.134700822,10578.0,10,0,1,0,1.0
3940,0,0.17216531,59,1,0.271292198,18750.0,8,0,2,0,2.0
3941,0,0.56578986,46,0,0.44876829700000004,2800.0,4,0,0,0,4.0
3942,0,0.43207649600000003,43,0,0.616851087,7500.0,14,0,1,0,3.0
3945,0,0.260454984,71,0,0.121713729,5134.0,4,0,0,0,0.0
3946,0,0.562114779,50,1,0.16105693599999998,6357.0,4,0,1,1,0.0
3947,0,0.952039643,52,0,0.36045845299999996,6979.0,12,0,2,0,1.0
3949,1,0.92094682,30,0,0.61770428,3083.0,10,0,0,0,0.0
3950,0,0.061096945,57,0,1573.0,,10,0,2,0,
3951,0,0.22795452800000002,49,1,0.336265494,2500.0,5,0,0,0,0.0
3952,0,0.10254494800000001,57,0,1.2499359140000001,3900.0,13,0,2,0,0.0
3953,0,0.41759706700000004,23,0,0.24979658300000002,1228.0,3,0,0,0,0.0
3954,0,0.029557182,68,0,2989.0,,7,0,1,0,1.0
3956,0,0.004077078,87,0,359.0,,6,0,0,0,0.0
3957,0,0.040602748,60,0,0.42723388799999995,11000.0,8,0,2,0,0.0
3958,0,0.045614506,54,0,0.261227288,5833.0,8,0,2,0,0.0
3960,0,0.8998150429999999,35,1,0.143671242,12458.0,12,0,2,0,0.0
3961,0,0.437003773,31,0,0.377599244,2115.0,6,0,0,0,1.0
3962,0,0.439093085,36,0,0.075624501,8766.0,6,0,0,0,2.0
3963,0,0.992230855,35,0,0.7161319070000001,2243.0,7,0,2,0,2.0
3964,0,0.288207039,26,0,607.0,,5,0,0,0,
3965,0,0.0068390330000000004,83,0,42.0,,10,0,0,0,
3966,0,0.14759165400000002,66,0,1951.0,,13,0,1,0,2.0
3967,0,0.011166201,74,0,0.005838198,1198.0,7,0,0,0,0.0
3971,0,0.0,48,0,0.340588988,9371.0,9,0,2,0,4.0
3972,0,0.017369726999999998,64,0,0.001272612,11000.0,4,0,0,0,0.0
3973,0,0.374469538,94,0,230.0,,4,0,0,0,0.0
3978,0,0.08299726,45,0,0.413998807,5028.0,18,0,1,0,1.0
3979,0,0.361152866,28,0,0.061496515999999994,3300.0,8,0,0,0,0.0
3981,0,0.000833306,50,1,0.972055888,500.0,7,0,0,0,0.0
3986,0,0.0,88,0,0.0,2550.0,2,0,0,0,0.0
3988,1,0.406654055,55,1,4239.0,,12,0,2,1,0.0
3989,0,0.0,78,0,0.215397831,9312.0,8,0,1,0,0.0
3990,0,0.00474441,72,0,5.0,,4,0,0,0,0.0
3992,1,0.622289402,60,2,0.6316481420000001,8366.0,13,2,1,1,0.0
3993,0,0.9999998999999999,35,0,0.025589763999999997,2500.0,1,1,0,0,1.0
3995,0,0.007054549,45,0,683.0,,7,0,1,0,0.0
3996,0,0.430740859,69,0,0.17252519,13000.0,10,0,1,0,0.0
3997,0,0.7039180629999999,52,0,0.316357819,7500.0,8,0,1,0,0.0
3999,0,0.343559159,49,0,0.272513441,8927.0,7,0,2,0,1.0
4000,0,0.258414887,60,0,3414.0,,15,0,4,0,0.0
4001,0,0.701573322,31,0,458.0,,3,0,0,0,0.0
4002,0,0.518651241,53,0,0.207738542,5323.0,8,0,0,0,0.0
4004,1,0.43529538700000003,38,0,0.12460655400000001,5400.0,18,0,0,0,2.0
4005,1,0.9999998999999999,36,3,1848.0,,4,1,1,2,0.0
4006,0,0.074799077,77,0,995.0,,6,0,1,0,0.0
4010,0,0.014356117,62,0,0.33235724699999997,5463.0,10,0,1,0,0.0
4011,0,0.615223049,58,0,0.484566104,3433.0,14,0,1,0,0.0
4012,0,0.023922157000000003,66,0,21.0,,6,0,0,0,0.0
4013,0,0.773211878,36,1,0.280620805,4767.0,8,0,0,0,0.0
4017,0,0.058741376,68,0,0.493638677,22400.0,15,0,2,0,1.0
4019,0,0.023444912999999998,60,0,737.0,,24,0,0,0,
4020,0,0.855606474,35,0,0.180920773,11750.0,10,0,0,0,1.0
4022,0,0.072613379,49,0,0.167497414,10632.0,10,0,2,0,0.0
4023,0,0.082265249,23,0,0.012267151,2200.0,3,0,0,0,0.0
4024,0,0.010032999,69,0,0.001999,4001.0,3,0,0,0,0.0
4025,1,0.9999998999999999,51,1,0.11059044,3200.0,6,2,0,1,0.0
4027,0,0.99640036,60,0,0.341454545,10999.0,13,0,1,0,0.0
4028,0,0.13031487,46,0,0.106578684,5000.0,4,0,0,0,2.0
4030,0,0.020651725,44,0,0.294870513,10000.0,7,0,1,0,1.0
4031,0,0.007973474,55,0,0.171767029,9116.0,7,0,1,0,0.0
4033,0,0.5194473789999999,61,0,0.68149817,3550.0,9,0,1,0,1.0
4034,0,0.34784914299999997,34,0,0.04949604,16667.0,9,0,0,0,0.0
4037,0,0.505592777,64,4,0.7131346470000001,10300.0,10,0,2,0,0.0
4038,0,0.412602705,66,0,1631.0,,11,0,1,0,1.0
4041,0,0.059022738,39,1,0.6111944029999999,2000.0,5,0,1,0,2.0
4042,0,0.9999998999999999,47,0,0.326684505,4110.0,2,0,1,2,4.0
4043,0,0.007390064,94,0,3.929999999999999e-05,203500.0,5,0,0,0,0.0
4045,0,0.394789471,35,1,0.393214227,6100.0,9,1,2,0,1.0
4047,0,0.9999998999999999,45,0,0.46876115700000004,2800.0,6,0,1,0,2.0
4048,0,0.004151215,48,1,1.19201995,400.0,8,0,0,0,3.0
4049,0,0.017997,24,0,0.00365408,820.0,2,0,0,0,0.0
4051,0,0.308882799,52,1,0.112865538,14122.0,10,0,1,2,0.0
4052,0,0.06898918799999999,43,0,2735.0,,9,0,2,0,0.0
4053,0,0.0,57,0,0.334677419,3471.0,6,0,1,0,0.0
4054,0,0.9999998999999999,66,1,0.00989011,4549.0,1,1,0,0,0.0
4056,0,0.446570375,46,0,3407.0,,12,0,1,0,0.0
4057,0,0.016678245,55,0,0.27491708800000003,11457.0,29,0,3,0,4.0
4060,0,0.018573086000000003,42,0,0.210842035,4500.0,10,0,1,0,0.0
4061,0,0.047828317999999995,64,1,0.28219412899999996,4666.0,9,0,1,0,0.0
4062,0,0.065250712,27,0,0.340440165,1453.0,7,0,0,0,0.0
4063,0,0.045946295,79,0,31.0,,2,0,0,0,
4065,0,0.9999998999999999,55,0,0.08575872,4500.0,1,0,0,0,0.0
4066,1,0.161265247,39,0,0.848768904,8000.0,18,0,4,0,2.0
4067,0,0.031927811,88,0,40.0,,2,0,0,0,0.0
4068,0,0.031039321,81,0,0.011836913999999999,2280.0,3,0,0,0,0.0
4069,0,0.7582417579999999,76,3,0.192207369,6133.0,14,3,0,1,0.0
4071,0,0.508900268,35,0,0.438223938,3625.0,7,0,1,0,0.0
4073,0,0.23236901699999998,46,0,0.39172974,5416.0,4,0,1,0,0.0
4075,0,0.006238744,73,0,1177.0,0.0,10,0,1,0,1.0
4076,0,0.08791208800000001,75,0,0.11951043900000001,4166.0,3,0,0,0,1.0
4078,0,0.201354655,62,0,150.0,,5,0,0,0,0.0
4079,0,0.45928524200000004,63,0,0.172974768,9035.0,4,0,0,0,0.0
4080,0,0.517245072,57,0,0.542076378,8745.0,16,0,1,0,3.0
4081,1,1.201451906,57,2,1906.0,,9,4,1,1,0.0
4082,0,0.217992765,42,0,0.42139970200000004,4700.0,8,0,1,0,3.0
4083,0,0.35922085299999995,47,0,0.318995867,6532.0,15,0,1,0,2.0
4084,0,0.877915783,58,1,0.353429714,3250.0,9,0,1,1,0.0
4085,0,0.04153241,41,0,0.035539216,15503.0,6,0,0,0,0.0
4086,0,0.030986557,32,0,0.078357201,3700.0,5,0,0,0,3.0
4087,0,0.221483095,48,0,0.44617758,5833.0,19,0,2,0,2.0
4088,0,0.23355195399999998,63,0,0.060777749000000006,3882.0,5,0,0,0,0.0
4090,0,0.580252057,56,0,0.311493527,6333.0,8,0,1,0,0.0
4091,0,0.48392580399999996,50,0,0.37840332299999996,4333.0,6,0,1,0,0.0
4093,0,0.19633512399999997,52,0,0.354529094,5000.0,8,0,1,0,0.0
4095,0,0.0,43,0,2.170207448,4000.0,9,0,3,0,1.0
4097,0,0.18338248899999998,58,0,1875.0,,10,0,1,0,0.0
4098,0,0.31282859399999996,38,0,0.286281429,6800.0,10,0,1,0,3.0
4100,0,0.01383922,73,0,0.226804124,3200.0,8,0,1,0,1.0
4101,0,0.032723415,81,0,0.33783277100000003,5333.0,19,0,2,0,0.0
4102,0,0.183645098,43,0,0.543787676,11943.0,13,0,2,0,4.0
4103,0,0.126834927,49,0,0.724545909,6000.0,15,0,2,0,0.0
4104,0,0.105948561,31,0,68.0,,2,0,0,0,0.0
4105,0,0.0,28,0,0.57467635,3166.0,3,0,1,0,0.0
4106,0,0.305619427,55,2,0.325650369,11800.0,15,0,2,0,2.0
4107,0,0.8911108240000001,30,0,0.39347079,2909.0,9,0,0,0,0.0
4108,0,0.802013972,50,0,0.36959590600000003,11333.0,9,0,1,0,3.0
4109,0,0.080608872,62,1,2462.0,,6,0,1,0,0.0
4111,1,0.218611666,34,0,0.488677581,10200.0,16,0,3,0,1.0
4112,0,0.37574474399999996,61,0,0.259580838,3339.0,13,0,2,0,0.0
4114,0,0.307218697,55,0,0.329744787,13282.0,24,0,2,0,1.0
4116,0,0.034699133,68,0,0.18670332399999998,4000.0,7,0,1,0,0.0
4117,0,0.0785804,56,0,0.035982009,2000.0,8,1,0,0,2.0
4118,0,0.476356933,36,0,0.683967705,1733.0,7,0,0,0,3.0
4119,0,0.020420216,74,0,0.082518077,11754.0,19,0,1,0,1.0
4120,0,0.5722035010000001,63,0,0.22529998899999998,8916.0,9,0,1,0,0.0
4121,0,0.0,65,0,4803.0,,8,0,1,0,0.0
4122,0,0.9999998999999999,33,0,13.0,,0,0,0,1,0.0
4126,0,0.9999998999999999,79,0,0.07613247,2626.0,1,0,0,0,0.0
4128,0,0.0,30,0,0.641474079,1600.0,6,0,1,0,0.0
4129,0,0.004285592,38,0,0.20746340300000002,16667.0,6,0,1,0,1.0
4132,1,0.9714348490000001,44,7,0.797264682,8700.0,16,0,1,2,0.0
4133,0,0.015945165,45,0,0.106444678,20000.0,6,0,1,0,1.0
4134,0,0.73076203,68,0,3618.0,,11,0,1,0,1.0
4136,0,0.016471224,63,0,0.194277803,6500.0,12,0,2,0,0.0
4137,0,0.0,35,0,0.0062968519999999995,3334.0,4,0,0,0,0.0
4138,0,0.008353906,84,0,753.0,,6,0,1,0,0.0
4139,0,0.036200615,70,0,0.037122302,10424.0,7,0,0,0,0.0
4140,0,0.568847926,49,0,0.16330741199999999,6300.0,5,0,1,0,0.0
4141,1,1.1709211990000001,22,1,31.0,,2,0,0,1,
4142,0,0.010392147,52,0,0.002360783,7200.0,13,0,0,0,0.0
4143,0,0.7096572590000001,44,0,0.414859252,6500.0,6,0,2,0,0.0
4144,0,0.120690405,62,0,4626.0,,7,0,2,0,0.0
4145,1,1.0179289740000002,63,1,0.466042155,5550.0,7,0,1,0,0.0
4146,0,0.031322486000000004,63,0,54.0,,7,0,0,0,
4147,0,0.028169014,79,0,0.105578884,5000.0,12,0,2,0,0.0
4150,0,0.612748951,76,0,0.5451137220000001,4000.0,7,0,1,0,0.0
4151,0,0.033997044,57,0,8078.0,,10,0,3,0,
4152,0,0.089535259,65,0,2820.0,,16,0,1,0,0.0
4153,0,0.024305372000000002,63,0,2609.0,,10,0,2,0,0.0
4154,0,0.003921499,80,0,0.001333037,4500.0,4,0,0,0,0.0
4155,0,0.5860798629999999,48,0,0.10471204199999999,2864.0,5,0,0,0,3.0
4156,0,0.029847468999999998,72,0,52.0,,7,0,0,0,1.0
4160,0,0.096506839,53,0,0.207320714,16746.0,11,0,2,0,2.0
4161,0,0.46128136700000005,40,0,4288.0,,11,0,2,0,2.0
4162,0,0.183996427,30,1,0.149640041,5833.0,7,0,0,0,0.0
4163,0,0.130816506,78,0,1298.0,,12,0,3,0,0.0
4164,0,0.05159260400000001,60,1,0.124886384,5500.0,10,0,0,0,0.0
4166,0,0.246876562,30,0,3.492666416,2658.0,6,0,1,0,1.0
4167,0,0.0,49,1,0.0,1200.0,3,0,0,0,2.0
4169,0,0.449859419,26,0,0.283827205,2800.0,2,0,1,0,2.0
4172,0,0.727757533,33,0,0.696856686,1876.0,4,0,0,0,1.0
4173,0,0.068889756,75,0,0.13822716300000001,17000.0,8,0,1,0,2.0
4174,0,0.565714854,48,2,0.222316504,4713.0,9,0,0,0,1.0
4175,0,0.408235615,54,1,0.350216594,3000.0,6,0,0,0,0.0
4177,0,0.007439881,71,0,0.25088574,4515.0,9,0,1,0,0.0
4178,0,0.978469083,39,3,0.500466604,7500.0,14,0,2,0,2.0
4179,0,0.403697808,47,0,0.14144,6249.0,8,0,0,0,0.0
4180,0,0.004746414,65,0,0.41258999399999996,5416.0,13,0,1,0,4.0
4181,0,0.024939486,60,0,0.0864618,12918.0,6,0,0,0,0.0
4182,0,0.022118019,69,0,1205.0,,19,0,0,0,0.0
4183,0,0.314418842,46,0,0.529391484,5800.0,9,0,1,0,0.0
4184,0,0.9089328409999999,58,0,0.49470106,5000.0,5,1,1,0,0.0
4186,0,0.92908056,28,0,0.28830874,6166.0,4,0,0,0,1.0
4187,0,0.880942108,48,0,0.519123424,4836.0,4,0,1,0,2.0
4188,0,0.6977209120000001,41,0,592.0,,2,0,0,0,0.0
4189,0,0.9999998999999999,45,1,0.36975349799999996,1500.0,2,0,0,0,1.0
4192,0,0.476652335,35,0,0.381197257,7583.0,6,0,1,0,1.0
4193,0,0.33634222399999997,60,0,0.267715259,18500.0,14,0,2,0,1.0
4194,0,0.19208504399999998,39,1,0.066155641,6000.0,4,0,0,0,1.0
4196,0,0.316536693,87,0,47.0,,1,0,0,0,0.0
4198,0,0.060267247999999995,27,0,0.051950598,5100.0,3,0,0,0,0.0
4200,0,0.175085679,60,0,0.48107293100000004,12600.0,8,0,1,0,0.0
4201,0,0.086134406,46,0,0.328663164,15416.0,10,0,2,0,2.0
4203,0,0.9834754240000001,54,1,0.208583295,4333.0,8,0,0,0,2.0
4204,0,0.9999998999999999,30,1,0.143010177,5600.0,2,0,0,0,2.0
4206,0,0.9999998999999999,72,0,3801.0,,4,0,1,0,0.0
4207,0,0.614451546,50,0,0.43437806100000004,4083.0,5,0,2,0,1.0
4208,0,0.0,73,0,0.323419145,4000.0,4,0,1,0,0.0
4209,0,0.020953799,61,0,0.371348027,7803.0,9,0,1,0,1.0
4210,0,0.33557011700000006,39,0,0.40069314799999994,3750.0,10,0,1,0,2.0
4211,0,0.889036988,45,0,0.23658965,7400.0,4,0,1,0,2.0
4212,0,0.065111128,69,0,0.6642906820000001,5751.0,14,0,2,0,0.0
4213,0,0.05051869999999999,50,0,0.24673969699999998,1916.0,8,0,1,0,0.0
4214,0,0.060560909,39,0,0.19814414800000002,12500.0,8,0,1,1,2.0
4215,0,0.0,27,0,0.152602176,3400.0,4,0,0,0,1.0
4217,0,0.14060824,57,0,2665.0,,8,0,2,0,0.0
4218,0,0.032198927,61,0,1149.0,,4,0,1,0,
4219,0,0.9999998999999999,73,0,0.0,,2,0,0,0,0.0
4221,0,0.140520182,60,0,0.337093053,3900.0,19,0,1,0,1.0
4222,0,0.538092382,41,0,0.13460470300000002,5400.0,3,0,0,0,0.0
4223,0,0.9999998999999999,38,1,0.0,,2,2,0,1,1.0
4225,0,0.04104915,34,0,0.277816984,4250.0,16,0,2,0,0.0
4226,0,0.9999998999999999,47,0,0.13349613300000002,7370.0,5,0,0,0,0.0
4227,0,0.0048457809999999995,39,0,0.8364018940000001,1900.0,5,0,2,0,2.0
4228,0,0.013610117,75,0,0.00587622,10550.0,7,0,0,0,0.0
4230,0,0.023758303999999997,39,0,0.8196721309999999,2500.0,10,0,1,0,0.0
4231,0,0.0069748169999999995,57,1,0.34451926299999996,9058.0,8,0,1,0,2.0
4232,0,0.9999998999999999,78,0,916.0,,1,0,1,0,0.0
4233,0,0.17396403,61,0,0.7042042040000001,3995.0,14,0,1,0,1.0
4234,1,0.9999998999999999,31,0,0.004663558,1500.0,1,1,0,0,1.0
4235,1,0.501809383,45,0,0.38851664799999996,9700.0,20,0,1,0,0.0
4236,0,0.133286671,73,0,2329.0,,5,0,2,0,0.0
4237,0,0.024761905,59,0,0.327582902,10433.0,7,0,2,0,0.0
4240,0,0.006824399,39,0,0.136590888,10600.0,6,0,1,0,2.0
4241,0,0.090691977,64,0,0.080373298,10500.0,12,0,0,0,0.0
4242,0,0.0,61,0,0.173937256,5386.0,11,0,1,0,0.0
4243,0,0.035297356,37,1,0.526669655,2230.0,8,0,1,0,2.0
4247,1,0.571053138,75,0,0.354443309,1957.0,7,0,0,0,1.0
4248,0,0.012471111000000002,77,0,0.030498797999999997,6655.0,5,0,0,0,0.0
4249,0,0.733247185,65,1,0.308191545,5700.0,6,0,1,0,0.0
4250,0,0.018485894,57,0,0.656781073,3000.0,11,0,1,0,0.0
4252,0,0.9999998999999999,51,0,0.34478742,5150.0,8,0,2,0,3.0
4253,0,0.0,70,0,3.7512437810000003,200.0,7,0,1,0,0.0
4254,0,0.042207085,76,0,0.11865828099999999,9539.0,18,0,1,0,0.0
4255,0,0.014888108999999998,49,1,0.407718456,5000.0,14,0,1,0,0.0
4256,0,0.0,56,0,0.186251821,11666.0,14,0,2,0,0.0
4257,0,0.043701799000000006,26,0,0.001850995,2160.0,3,0,0,0,0.0
4259,0,1.316984559,44,1,0.019553073,2147.0,4,0,0,0,1.0
4260,0,0.0,41,0,0.012569832,7875.0,5,0,0,0,1.0
4261,0,0.31413240600000003,32,0,0.211732207,6153.0,8,0,0,0,0.0
4263,0,0.8931348590000001,26,0,0.203248646,2400.0,6,0,0,0,0.0
4264,0,0.061293774,41,0,1.37016369,2687.0,14,0,2,0,2.0
4265,1,1.338645418,48,3,0.332564398,2600.0,4,0,0,0,0.0
4266,0,0.644635132,51,0,0.32927982699999997,7400.0,11,0,2,0,1.0
4269,0,0.05994006,23,0,0.001218027,820.0,2,0,0,0,0.0
4270,0,0.43260891700000004,63,0,2691.0,,4,0,2,1,0.0
4271,0,0.9999998999999999,41,0,0.22347629800000002,3100.0,3,0,0,0,1.0
4272,0,0.9999998999999999,62,0,0.0,3453.0,0,0,0,0,0.0
4273,0,0.041970037,61,0,686.0,,6,0,1,0,0.0
4274,0,0.042786573,71,0,0.200373367,6427.0,21,0,2,0,0.0
4275,0,0.695774971,50,0,0.625855072,8624.0,16,0,1,0,2.0
4276,0,0.025748713,63,0,14.0,,3,0,0,0,
4277,0,0.8368008490000001,57,1,0.38037423200000003,7000.0,7,0,1,0,1.0
4278,0,1982.0,33,0,0.14498187699999998,8000.0,4,0,0,0,0.0
4279,1,0.17964071899999998,36,2,1114.0,,6,1,0,0,0.0
4280,0,0.755440452,55,0,0.8496601359999999,2500.0,12,0,0,0,1.0
4282,0,0.859188518,70,0,4387.0,,19,0,0,0,0.0
4283,0,0.056148595999999995,64,1,2692.0,,8,0,1,0,0.0
4284,0,0.058518247,54,0,0.537900875,4801.0,7,0,1,0,0.0
4286,0,0.178357159,63,0,0.568797685,3800.0,5,0,2,1,0.0
4287,0,0.16590155,40,0,0.698787805,8166.0,5,0,2,0,1.0
4288,0,0.008320513,74,0,0.14904502,5863.0,12,0,1,0,0.0
4289,0,0.066179813,45,1,0.038308638,8300.0,7,0,0,0,2.0
4290,0,0.026665667999999997,43,0,4895.0,,7,0,3,0,0.0
4292,0,1.074633496,35,3,0.169305116,6000.0,3,0,0,1,0.0
4293,0,0.015618778,47,0,0.317473011,2500.0,8,0,0,0,2.0
4296,0,0.09406182800000001,34,0,0.264355124,9055.0,14,0,2,0,1.0
4298,1,0.976804639,48,1,0.23162845399999998,1700.0,2,3,0,0,0.0
4299,0,0.577723544,59,0,2325.0,,6,0,1,0,0.0
4300,0,0.02137667,70,0,1714.0,,16,0,2,0,0.0
4301,0,0.507790862,44,2,0.14931417800000002,60000.0,9,0,3,0,0.0
4302,0,0.042299012999999996,69,0,0.008376661,3461.0,5,0,0,0,0.0
4303,0,0.176852893,30,0,0.500333111,1500.0,4,0,1,0,0.0
4304,0,0.037327467999999996,52,0,0.386406376,11166.0,16,0,4,0,1.0
4305,0,0.88227943,50,1,0.14999222,6426.0,7,0,0,0,2.0
4307,0,0.032451445,69,0,0.36191700299999996,5445.0,11,0,1,0,0.0
4309,0,0.42437768600000003,68,0,0.7546343109999999,8900.0,13,0,1,0,1.0
4310,1,0.039337271,64,0,0.444589735,6117.0,15,0,3,2,0.0
4312,0,0.18064324399999998,63,0,0.411877395,4697.0,13,0,1,0,0.0
4313,0,0.086771635,31,1,0.258609198,4500.0,6,0,1,0,0.0
4314,0,0.9999998999999999,36,0,0.513946778,12475.0,9,0,4,0,3.0
4315,0,0.516505494,44,0,0.29356492,10535.0,13,1,1,0,1.0
4316,0,0.6931534229999999,66,0,0.37478185,4583.0,3,0,2,0,1.0
4317,0,0.039711002,49,0,0.004582951,12000.0,5,0,0,0,0.0
4318,0,0.0,51,0,0.303221289,5711.0,8,0,1,0,0.0
4321,0,0.092190781,60,0,0.550979608,2500.0,3,0,1,0,0.0
4322,0,0.802124635,56,0,0.637581849,6566.0,11,1,3,1,0.0
4323,0,0.076781874,56,0,0.250884846,12148.0,9,0,2,0,1.0
4325,0,0.013870763999999999,59,0,1443.0,0.0,14,0,1,0,0.0
4327,1,0.478124637,41,0,0.737864078,6900.0,12,0,5,0,3.0
4328,0,0.07167789299999999,66,0,0.082049792,10322.0,10,0,0,0,0.0
4330,0,0.0,30,0,0.864610111,4667.0,7,0,2,0,0.0
4331,0,0.033494418,54,0,0.174111212,1096.0,3,0,1,0,0.0
4332,0,0.561879855,32,0,0.290236588,3000.0,8,0,0,0,2.0
4334,0,0.013169856,46,0,0.307642696,3100.0,5,0,1,0,0.0
4335,0,0.013299668,77,0,0.011952191000000001,1254.0,6,0,0,0,0.0
4336,0,0.013137341,39,2,0.37582529200000003,7875.0,12,0,2,0,3.0
4337,0,0.079306898,38,1,557.0,,8,0,0,1,2.0
4338,0,0.38285791799999996,46,0,0.269569793,7600.0,9,0,1,0,3.0
4339,0,0.0,45,0,0.168848935,10233.0,7,0,1,0,1.0
4341,0,0.17643545600000002,48,0,0.317543442,4200.0,16,0,1,0,0.0
4342,0,0.535286065,47,0,0.587551556,8000.0,8,0,2,0,2.0
4343,0,0.615609352,52,1,0.892181364,2800.0,14,0,0,0,0.0
4344,0,0.9999998999999999,59,0,0.0,5300.0,1,0,0,0,0.0
4345,0,0.712952079,58,1,0.472414646,8083.0,14,0,1,0,2.0
4347,0,0.017659711,56,0,0.012820513,4445.0,6,0,0,0,2.0
4348,0,1.167296156,38,0,0.02216262,7083.0,2,2,0,0,0.0
4349,0,0.135586362,41,0,0.22410623100000002,4894.0,13,0,0,0,0.0
4350,0,0.22707037800000002,58,0,0.422001442,12480.0,12,0,3,0,3.0
4351,0,0.407993339,49,0,0.311534501,3883.0,10,3,2,0,0.0
4352,0,0.086377971,51,0,0.21946342300000002,6000.0,5,0,2,0,3.0
4353,0,0.539370194,52,0,0.53993005,6861.0,11,0,2,0,3.0
4354,0,0.016195089,49,0,0.068660128,10500.0,10,0,1,0,0.0
4357,0,0.0,43,0,0.49597520100000003,20000.0,16,0,5,0,0.0
4358,0,0.022529692999999996,41,0,2936.0,,4,0,2,0,3.0
4360,0,0.030118613,71,0,0.544448543,2710.0,9,0,1,0,0.0
4361,0,0.049798008,79,0,52.0,,9,0,0,0,0.0
4362,0,0.9999998999999999,45,0,0.214445605,6700.0,2,0,0,0,0.0
4363,0,0.458819676,54,1,0.38328509899999996,14166.0,15,1,2,0,0.0
4364,0,0.878854857,47,0,0.598022694,8900.0,17,0,2,0,0.0
4365,0,0.256313203,44,0,0.730244184,5200.0,14,0,3,0,1.0
4366,1,0.9999998999999999,24,0,0.068850639,1800.0,0,3,0,0,1.0
4367,0,0.019961525,89,0,0.009996668,3000.0,5,0,0,0,0.0
4370,0,0.26491132100000003,62,0,0.24929418399999997,10625.0,13,0,2,0,1.0
4371,0,0.895699148,47,1,0.471958321,6525.0,9,0,1,1,1.0
4372,0,0.015346231,65,0,0.006079027,3618.0,12,0,0,0,0.0
4373,0,0.11893690800000001,37,0,0.038278826,36416.0,12,0,0,0,1.0
4374,0,0.435445166,58,0,0.945970979,3238.0,16,0,1,0,1.0
4375,0,0.746737998,60,0,0.729443595,8500.0,13,0,2,0,0.0
4376,0,0.0,50,0,0.726978074,5244.0,6,0,2,1,2.0
4379,0,0.0,54,0,0.0,2916.0,6,0,0,0,0.0
4380,0,0.9999998999999999,68,0,0.0,4060.0,1,0,0,0,0.0
4381,0,0.051389722,55,0,1.3060420320000001,2283.0,11,0,2,0,0.0
4382,0,0.153526403,29,0,0.22337125100000002,2900.0,16,0,0,0,0.0
4383,0,0.829439019,48,0,0.324549961,3832.0,6,0,0,0,2.0
4386,0,0.027963874,84,0,0.00879824,5000.0,4,0,0,0,0.0
4388,0,0.0,93,0,0.0,4889.0,5,0,0,0,0.0
4389,0,0.174713011,44,0,0.160346574,26660.0,12,0,1,0,0.0
4391,0,0.9999998999999999,54,0,19.0,,0,0,0,0,0.0
4392,0,0.008227578000000001,49,1,0.434946958,8200.0,11,0,3,0,2.0
4393,0,0.13232074800000002,46,0,0.119171513,9800.0,6,0,1,0,0.0
4394,0,0.44865864899999996,43,1,0.228777122,10000.0,12,0,1,0,1.0
4395,0,0.151866152,79,0,0.11225364199999999,3500.0,2,0,0,0,0.0
4397,0,0.020481797,83,0,0.007451836,5501.0,7,0,0,0,0.0
4398,0,0.026335677999999998,41,0,629.0,0.0,6,0,0,0,0.0
4400,0,0.51907864,65,1,0.306272757,12083.0,18,1,2,0,0.0
4401,0,0.014897054,75,0,16.0,,2,0,0,0,
4402,0,0.0,63,1,2367.0,,12,0,2,0,0.0
4405,0,0.03037462,53,0,0.20170708199999998,28000.0,6,0,2,0,3.0
4406,0,0.005359571,80,0,2.0,,2,0,0,0,
4407,0,0.821921722,33,0,0.715953307,2569.0,5,0,1,0,4.0
4408,0,0.41798221399999996,45,0,2332.0,,4,0,1,0,0.0
4410,0,0.034116955,66,0,0.180771077,6250.0,8,0,2,0,0.0
4411,0,1.1856287429999999,41,0,0.010996335,3000.0,1,2,0,0,0.0
4412,0,0.25406613699999997,55,0,0.571995634,10076.0,11,0,2,0,1.0
4413,0,0.074577306,34,0,0.628124142,3640.0,8,0,2,0,0.0
4414,0,0.9999998999999999,76,0,0.0,,3,0,0,0,
4417,0,0.9999998999999999,21,98,0.0,0.0,0,98,0,98,0.0
4420,0,0.363617937,56,0,0.311321737,9600.0,9,0,1,0,1.0
4421,0,0.003688725,31,0,3199.0,,9,0,1,0,0.0
4422,0,0.16730168,52,0,0.613483685,4167.0,18,0,1,0,0.0
4424,0,0.704804221,47,0,0.396466279,4640.0,12,0,0,0,3.0
4426,0,0.407450243,76,0,437.0,0.0,5,0,0,0,0.0
4427,0,0.454230942,59,0,0.47220657299999996,10649.0,9,0,3,0,1.0
4429,0,0.124227987,31,1,63.0,,5,0,0,0,0.0
4430,0,0.425517665,41,1,0.318839093,9750.0,12,0,2,0,2.0
4431,0,0.0,24,0,0.726011561,864.0,6,0,0,0,0.0
4432,0,0.5512869189999999,41,0,1.124334682,4696.0,19,0,2,0,1.0
4433,0,0.032932455,71,0,0.250446561,13435.0,10,0,3,0,1.0
4434,0,0.239929783,62,0,0.230356271,2048.0,6,0,0,0,0.0
4435,0,0.028021842,58,0,0.018490755,2000.0,8,0,0,0,0.0
4438,0,0.9999998999999999,63,0,0.199882422,1700.0,2,0,0,0,0.0
4439,0,0.41710630299999996,44,1,0.438400344,4650.0,11,0,3,0,1.0
4440,0,0.99840032,79,2,403.0,,3,1,0,0,
4443,0,0.9999998999999999,33,1,0.16030956300000002,3617.0,1,0,0,0,3.0
4444,0,0.09524592400000001,41,0,1908.0,,14,0,1,0,0.0
4446,0,0.5040594820000001,86,0,0.35755258100000004,4183.0,10,0,1,0,0.0
4447,0,0.420579645,37,3,0.368717504,4615.0,6,0,2,0,2.0
4448,0,0.9999998999999999,71,0,0.0,,3,0,0,0,0.0
4450,1,0.069442399,59,0,0.139317854,9000.0,7,1,1,0,0.0
4451,0,0.08981330300000001,61,0,664.0,,9,0,1,0,0.0
4455,0,0.074033375,51,0,0.175490322,7800.0,9,0,1,0,3.0
4456,0,0.663792026,61,3,0.466569465,4800.0,10,6,2,4,1.0
4457,0,0.821973906,52,2,0.199210047,9873.0,7,0,1,0,2.0
4458,0,0.0,73,0,2508.0,,5,0,2,0,0.0
4460,0,0.012562716000000002,61,0,0.285802252,11367.0,9,0,1,0,0.0
4461,0,0.15370045400000001,39,0,0.28118917,5650.0,5,0,1,0,0.0
4463,0,0.0,29,0,0.0,2400.0,3,0,0,0,0.0
4464,0,0.466715481,74,2,0.711536058,8000.0,20,0,1,0,0.0
4465,0,0.112978121,45,0,0.12738265599999998,21666.0,11,0,1,0,3.0
4467,0,0.803371032,41,0,0.502499039,2600.0,5,0,0,0,0.0
4468,0,0.9999998999999999,52,0,0.0,2500.0,0,0,0,0,0.0
4469,0,0.044395190999999994,58,0,0.089454739,7500.0,13,0,1,0,1.0
4470,0,0.664408023,49,0,2237.0,,7,0,1,0,2.0
4471,0,0.0,53,0,1784.0,,3,0,1,0,
4473,0,0.038171327000000005,41,0,0.315995872,4844.0,5,0,1,0,0.0
4474,0,0.0010073839999999998,64,0,0.10665430099999999,12938.0,8,0,1,0,0.0
4475,0,0.0,59,0,0.126484189,8000.0,5,0,1,0,0.0
4476,0,0.969551522,42,0,0.588921283,2400.0,6,0,0,0,0.0
4479,0,0.333973032,36,0,0.238213724,7635.0,9,0,1,0,2.0
4480,0,0.215020299,61,0,0.41814546399999997,4000.0,16,0,1,0,0.0
4481,0,0.003461272,52,1,0.71585213,3191.0,8,0,1,0,0.0
4482,0,0.944055944,27,0,0.168207838,2270.0,3,0,0,0,3.0
4485,1,0.994975855,41,0,0.195557825,3916.0,8,0,0,0,0.0
4486,0,0.27853890800000003,55,0,1.008883953,1800.0,8,0,2,0,0.0
4487,1,0.8904791540000001,34,2,0.221777859,5500.0,5,0,0,0,4.0
4488,0,0.06318871599999999,62,0,784.0,,5,0,1,0,
4489,0,0.019142076,39,0,0.7362016509999999,2300.0,10,0,1,0,2.0
4490,0,0.9999998999999999,30,0,0.048419368,2498.0,0,0,0,0,0.0
4491,0,0.349776947,63,0,0.668812171,3417.0,8,0,1,0,0.0
4492,0,0.769780063,55,3,0.0527,9999.0,7,0,0,0,0.0
4494,0,0.736284396,37,0,0.174214018,3466.0,4,0,0,0,1.0
4495,0,0.879112089,57,0,0.10331181,4800.0,6,0,0,0,0.0
4497,0,0.874833555,42,0,0.513744655,3273.0,6,2,0,0,2.0
4499,0,0.010675732,73,0,0.374409306,2750.0,8,0,2,0,0.0
4501,0,1.019993336,32,2,0.21334424100000002,11000.0,7,0,1,0,0.0
4502,0,0.055840605,41,0,0.008436445,5333.0,9,0,0,0,0.0
4503,0,0.029239415,62,0,0.18411715399999998,15500.0,6,0,2,0,1.0
4504,0,0.521652181,41,0,0.35344519799999996,2800.0,5,0,1,0,1.0
4505,0,0.307310105,55,1,0.7540164229999999,2800.0,5,0,1,0,1.0
4506,0,0.256824323,55,0,0.218192511,5100.0,7,0,0,0,4.0
4507,0,0.004371346,48,0,0.286240463,7601.0,7,0,2,0,1.0
4508,0,0.0,45,2,0.48364924,4800.0,8,1,1,1,2.0
4511,0,0.309421154,37,0,0.9447513809999999,3800.0,8,0,2,1,1.0
4512,0,0.035658506,38,0,0.150106237,8000.0,7,0,3,0,0.0
4514,0,0.084575005,64,0,4993.0,,16,0,4,0,0.0
4515,0,0.040117255,45,1,0.09515969699999999,3036.0,7,0,0,0,3.0
4516,0,0.08161487099999999,49,0,0.172797585,5300.0,5,0,1,0,1.0
4517,0,0.054743094000000006,42,2,0.21293089199999998,6062.0,19,0,1,1,2.0
4518,0,0.043228061,66,0,0.26994601100000004,3333.0,23,0,0,0,0.0
4519,0,0.977404519,61,2,0.28609950100000003,7416.0,4,0,1,0,0.0
4521,0,0.9967651820000001,51,0,0.389978938,9020.0,17,0,1,1,2.0
4522,0,0.5267340070000001,46,3,0.9849335709999999,7300.0,17,0,3,0,1.0
4523,0,0.037773972,34,0,0.056448732,8396.0,14,0,0,0,0.0
4524,0,0.124516356,30,0,0.210777923,2300.0,8,0,0,0,1.0
4525,0,0.2656301,50,0,1528.0,,7,0,1,0,1.0
4527,0,0.661451543,26,0,0.05956059,5825.0,6,0,0,0,4.0
4528,0,0.124111803,53,0,0.305608581,11000.0,8,0,2,0,3.0
4530,0,0.33766410399999996,37,0,0.292239249,10114.0,7,0,1,0,1.0
4531,0,1.158218126,39,0,0.25759323300000003,2600.0,2,3,0,1,1.0
4532,0,0.038416346000000004,35,0,0.766420085,4460.0,12,0,2,0,0.0
4536,0,0.051916832,55,0,0.21437054600000002,6735.0,9,0,1,0,0.0
4537,0,0.702635896,43,0,0.300389433,9500.0,14,0,1,0,3.0
4538,0,0.0,53,0,0.16563841199999998,7455.0,8,0,1,0,0.0
4540,1,0.982253349,50,12,0.5297898639999999,4044.0,15,0,0,1,0.0
4541,0,0.023391626000000002,71,1,0.128251896,10416.0,8,0,2,0,1.0
4542,0,0.418435946,46,3,0.636868064,4865.0,14,0,1,0,0.0
4544,0,0.5649412079999999,36,0,0.5086611329999999,11083.0,14,0,2,0,0.0
4546,0,0.083776927,39,1,2556.0,,6,0,2,0,0.0
4547,1,0.752144448,28,0,0.33325672300000003,4350.0,9,0,0,0,0.0
4548,0,0.045856630999999995,47,1,0.19989788100000003,7833.0,4,0,1,0,2.0
4549,0,0.10670169800000001,26,0,0.796882381,2116.0,10,0,2,0,0.0
4550,1,0.207487113,35,0,0.9411123229999999,2750.0,11,0,2,0,1.0
4552,0,0.433934821,31,1,0.490823137,7191.0,11,0,2,0,1.0
4553,0,0.990854131,53,0,0.44219022700000005,4583.0,7,0,1,0,1.0
4557,0,0.22267281100000003,74,0,0.004643963,7751.0,6,0,0,0,0.0
4558,0,0.06709820799999999,34,0,0.28067286199999997,8500.0,7,0,2,0,2.0
4560,0,0.810481465,60,0,1.742561983,2419.0,11,0,1,0,0.0
4561,0,0.00029999,46,0,0.124334785,6200.0,4,0,1,0,1.0
4562,0,0.024116701,84,0,19.0,,8,0,0,0,0.0
4563,0,0.041108256,72,0,1.001370802,4376.0,7,0,1,0,0.0
4565,1,0.078366845,52,1,0.06885759,5750.0,18,0,0,0,0.0
4566,0,0.026846427000000003,72,0,0.26563598,4268.0,12,0,2,0,0.0
4567,0,0.032674182999999996,58,0,0.254486386,19391.0,9,0,2,0,0.0
4568,0,0.42097135399999996,47,0,0.218872051,6400.0,5,0,1,0,2.0
4569,0,0.9999998999999999,32,0,0.112087246,3300.0,1,1,0,0,2.0
4570,0,0.015684112,58,0,0.00762121,12333.0,3,0,0,0,1.0
4571,0,0.9999998999999999,59,1,0.43261553399999997,4132.0,3,0,1,1,6.0
4572,0,0.017454301000000002,43,0,0.004624422,8000.0,4,0,0,0,1.0
4573,0,0.143780977,46,0,0.083691284,7216.0,14,0,0,0,2.0
4574,1,0.090751779,59,3,0.61098991,7333.0,4,1,2,0,0.0
4575,0,0.46461167299999995,58,0,0.5462707179999999,5791.0,14,0,2,0,1.0
4577,0,0.017744083,67,0,0.054249065,3741.0,4,0,1,0,0.0
4578,0,0.039836813,38,0,0.20941647,5500.0,6,0,1,0,0.0
4580,0,0.026318531000000003,51,0,1.0195792540000002,4800.0,15,0,2,0,0.0
4581,0,0.117279044,55,0,0.21850170300000002,12333.0,14,0,1,0,0.0
4582,0,0.244123144,39,0,0.377927082,10120.0,13,0,2,0,0.0
4583,1,0.9999998999999999,24,0,0.0,2833.0,0,2,0,0,0.0
4584,1,0.9999998999999999,39,0,0.149966674,4500.0,2,0,0,1,3.0
4586,0,0.265371382,67,1,0.038434293,60700.0,21,0,1,0,0.0
4587,0,0.01919904,73,0,0.006466784000000001,1700.0,2,0,0,0,0.0
4588,0,0.9999998999999999,63,0,0.318292455,5340.0,5,0,1,0,0.0
4590,0,0.7445001509999999,66,0,1.905547226,1333.0,7,0,3,0,0.0
4591,0,0.9999998999999999,44,1,0.0,,0,0,0,0,
4592,0,0.128874845,37,0,0.225129145,6000.0,8,0,2,0,3.0
4593,0,0.002384022,61,0,0.39869729200000004,2916.0,11,0,1,0,0.0
4594,0,0.97551339,50,0,0.520638361,10150.0,10,0,3,0,1.0
4595,0,0.011597477,54,0,0.567314884,2673.0,8,0,1,0,0.0
4598,0,0.35801113700000003,53,0,0.737229102,2583.0,15,0,1,0,0.0
4599,0,1.223877671,40,0,0.294918886,6533.0,7,0,2,0,2.0
4600,0,0.321321431,75,0,1.337987569,11100.0,7,1,2,0,0.0
4601,0,0.149496514,37,0,0.7710211440000001,6100.0,4,0,2,0,0.0
4602,0,0.031640597,70,0,0.307709398,4500.0,9,1,2,0,1.0
4604,0,0.16690740199999998,44,0,5446.0,,13,0,4,0,0.0
4605,0,0.032664146,47,0,2437.0,,5,0,1,0,0.0
4607,0,0.242932118,56,0,0.360519926,7000.0,10,0,2,0,3.0
4608,0,0.107614482,88,1,0.310125432,5500.0,10,0,2,0,0.0
4609,0,0.53079086,36,0,0.244217687,2939.0,6,0,0,0,2.0
4610,0,0.007186319,50,0,975.0,,10,0,1,0,0.0
4611,0,1.019994287,26,4,0.124704599,5500.0,5,1,0,1,0.0
4612,0,0.37809233200000003,34,0,0.638289369,2501.0,8,0,1,0,1.0
4614,0,0.794311717,62,0,0.507859551,26400.0,26,0,6,0,2.0
4615,0,0.175282472,38,0,635.0,,3,0,0,0,0.0
4616,0,0.028926322999999997,82,0,65.0,,8,0,0,0,0.0
4617,0,0.0,51,1,0.273172683,10000.0,10,0,2,0,0.0
4620,0,0.41515507799999996,38,0,0.26416835899999996,5416.0,11,0,0,0,2.0
4621,0,0.032190392000000005,64,0,1163.0,,11,0,2,0,0.0
4622,0,0.121627816,72,0,825.0,,7,0,0,0,0.0
4623,0,0.029104727,61,0,0.29149668,12500.0,14,0,2,0,1.0
4624,0,0.016117572,67,0,0.011931635,3100.0,6,0,0,0,0.0
4625,0,0.665809231,65,0,0.966890595,4167.0,9,0,2,0,0.0
4627,0,0.9999998999999999,95,0,447.0,,3,0,1,0,
4628,0,0.082170174,38,0,1.154338265,2500.0,5,0,1,0,0.0
4629,0,0.386006778,52,0,4814.0,,11,0,2,0,0.0
4631,0,0.018167762,86,0,44.0,,5,0,0,0,0.0
4632,0,0.149963622,48,0,0.39523023799999996,13333.0,8,0,1,0,0.0
4633,0,0.912205443,48,0,0.260686966,20000.0,10,0,1,0,3.0
4634,0,0.002447091,56,0,0.382253995,4755.0,21,0,1,0,0.0
4635,0,0.011941036,80,0,0.007498125,4000.0,4,0,0,0,1.0
4636,0,0.487113996,44,0,0.6812102320000001,7700.0,21,0,2,0,2.0
4637,0,0.645490301,51,0,0.507088332,2750.0,10,0,0,0,1.0
4638,0,0.1972545,39,0,0.347330729,6143.0,9,0,1,0,1.0
4640,0,0.057047148,67,0,0.215203901,4511.0,4,0,0,0,0.0
4641,0,0.446007919,39,0,0.343585629,11216.0,12,0,1,0,4.0
4643,0,0.027611114,74,0,80.0,,7,0,0,0,0.0
4648,1,0.776169972,45,1,0.515387179,9000.0,7,0,4,0,0.0
4649,0,0.9999998999999999,33,0,0.44914756,1700.0,3,0,0,0,1.0
4652,0,0.290716381,37,0,0.45862884200000004,4229.0,12,0,2,0,2.0
4653,0,0.596990371,48,1,0.859364586,4500.0,11,0,2,0,2.0
4654,0,0.789690034,29,0,0.299126899,8360.0,10,0,2,0,0.0
4655,0,0.12635215,41,0,0.10074711300000001,4416.0,5,0,0,0,1.0
4658,0,0.838688175,52,0,0.10877824400000001,5000.0,1,1,0,0,1.0
4660,0,0.020226056,53,0,1559.0,,3,0,1,0,
4661,0,0.128041071,46,0,1580.0,0.0,15,0,1,0,0.0
4662,0,0.27933974899999997,42,0,0.45812124,2160.0,8,0,0,0,0.0
4664,1,0.9999998999999999,32,0,0.445299145,1169.0,1,0,0,1,0.0
4665,0,0.228602456,53,0,0.285742851,5000.0,13,0,1,0,4.0
4667,0,0.564042532,29,1,1037.0,,9,0,0,0,
4669,0,0.39055776700000006,62,0,0.180959013,10051.0,4,0,1,0,2.0
4670,0,0.0,43,0,0.477852215,10000.0,14,0,5,0,2.0
4671,0,0.09119696,56,0,0.28113337899999996,7234.0,7,0,2,0,3.0
4673,0,0.2965041,66,0,1972.0,,4,0,2,0,0.0
4675,0,0.018794827,71,0,113.0,,5,0,0,0,
4676,1,0.998996488,55,7,0.817712318,5227.0,14,1,2,1,0.0
4677,1,0.0,31,2,0.331795463,2600.0,3,3,0,0,0.0
4679,0,0.282367086,37,0,3154.0,,8,0,1,0,0.0
4680,0,0.9999998999999999,24,0,0.127253814,2883.0,2,0,0,0,0.0
4681,0,0.9999998999999999,45,1,0.48264239999999997,2966.0,5,0,1,0,0.0
4684,0,0.031808429,44,0,0.712362301,4084.0,10,0,2,0,0.0
4685,0,0.894407208,38,0,0.316166761,5300.0,7,0,0,0,2.0
4686,0,0.39944428299999996,71,0,0.30268717300000003,5916.0,5,0,1,0,2.0
4688,0,0.282219565,58,0,0.28327056899999997,15666.0,24,0,2,0,2.0
4689,0,0.044059865,47,0,0.13404507699999998,5900.0,5,0,1,0,0.0
4692,0,0.5249000079999999,59,3,389.0,,8,0,0,0,0.0
4693,0,0.005191905,56,0,0.36055377200000005,4983.0,6,0,2,0,1.0
4694,0,0.0055402080000000005,65,0,544.0,,12,0,0,0,0.0
4696,0,0.000117644,40,0,0.226503133,7500.0,5,0,2,0,0.0
4698,0,0.519288692,53,0,0.43193354899999997,8667.0,8,0,2,0,1.0
4699,0,0.081499638,55,0,43.0,,2,0,0,0,0.0
4701,0,0.99190081,49,0,0.43011825,7018.0,9,0,1,0,2.0
4702,0,0.041831939,72,0,0.263865943,4236.0,5,0,1,0,1.0
4703,0,0.349512371,50,1,0.7038997709999999,5666.0,15,0,1,0,1.0
4704,0,0.450220995,45,1,0.32666748,8200.0,10,0,2,0,1.0
4706,0,0.896215187,47,2,0.28477577800000003,3500.0,4,0,1,1,3.0
4707,0,0.309672452,56,0,0.611262799,5859.0,11,0,2,0,0.0
4708,0,0.0,63,0,1.4473502040000001,13000.0,17,0,8,0,0.0
4712,0,0.002175161,34,0,0.24711027800000002,3200.0,10,0,0,0,1.0
4715,0,0.0,32,0,0.45645863600000003,2755.0,3,0,1,0,0.0
4716,0,0.46863828399999996,57,1,0.607257829,6833.0,8,0,1,0,0.0
4717,0,0.001728568,53,0,0.000133316,7500.0,6,0,0,0,0.0
4718,0,0.082897878,48,0,1809.0,,6,0,1,0,0.0
4719,0,0.07757217400000001,59,0,0.172881669,10833.0,5,0,1,0,0.0
4721,0,0.222343423,38,0,0.5532175189999999,4086.0,4,0,1,0,2.0
4724,0,0.026437087999999997,72,0,0.09607412800000001,4100.0,12,0,0,0,1.0
4725,1,1.132104455,47,0,1347.0,,4,1,1,2,1.0
4726,0,0.9999998999999999,47,0,0.000512689,3900.0,0,0,0,0,0.0
4728,0,0.0,53,0,0.18954435100000003,7000.0,11,0,1,0,0.0
4731,0,0.262451679,47,0,0.427285817,8333.0,12,0,2,0,2.0
4733,0,0.09418731300000001,48,0,0.053893946,6920.0,5,0,0,0,3.0
4734,0,0.11404662900000001,76,0,0.297945946,4624.0,8,0,1,0,0.0
4735,0,0.0,63,0,220.0,,8,0,0,0,0.0
4736,0,0.21123631199999998,49,0,0.585071995,3402.0,6,0,1,0,2.0
4737,0,0.139274429,67,0,0.652538984,2500.0,7,0,3,0,0.0
4738,0,0.565517909,32,0,0.46155199700000005,5682.0,13,0,2,0,1.0
4739,0,0.016605936,58,0,0.004855755,3500.0,6,0,0,0,2.0
4742,0,0.8943094290000001,50,0,0.9762648340000001,1600.0,10,0,1,0,0.0
4743,0,0.021101698,53,0,1502.0,,8,0,1,0,0.0
4744,0,0.219898311,47,0,0.09278002699999999,8891.0,7,0,0,0,3.0
4746,0,0.883421613,69,1,0.350329934,5000.0,14,0,0,0,0.0
4747,0,0.226882799,55,1,0.24232035100000002,7291.0,14,0,0,0,0.0
4748,0,0.312599842,44,0,0.44237448700000004,9500.0,10,0,2,0,0.0
4749,0,0.6944946390000001,52,3,0.42759211700000005,2333.0,14,0,0,0,2.0
4750,0,0.560331216,32,0,0.36763174299999996,4800.0,13,0,0,0,0.0
4752,0,0.080299304,41,0,0.69421358,6376.0,10,0,2,0,2.0
4753,0,0.014960501000000001,45,0,0.930809749,11200.0,21,0,2,0,0.0
4754,0,0.781846288,36,0,0.313879823,10417.0,7,0,1,0,3.0
4755,0,0.9999998999999999,42,0,0.577446014,3750.0,6,0,1,1,0.0
4757,1,0.9999998999999999,79,0,0.33230498,2268.0,3,0,0,0,0.0
4758,0,0.44498010600000004,43,1,0.152105987,8000.0,4,0,0,0,1.0
4759,0,0.29679185,41,0,0.516183698,5900.0,12,0,1,0,0.0
4760,0,0.091490894,65,0,2527.0,,8,0,1,0,0.0
4761,0,0.197657888,62,0,0.240054021,17770.0,13,0,2,0,1.0
4762,1,0.7844229290000001,72,2,1513.0,,5,5,0,1,0.0
4763,0,0.626399653,62,0,0.35051901399999996,20326.0,7,0,4,0,1.0
4768,0,0.423222365,59,0,0.253375254,5406.0,9,0,2,0,0.0
4770,0,0.16076813199999998,33,0,0.329343706,5012.0,9,0,1,0,0.0
4772,0,0.0,33,0,0.297040263,11250.0,9,0,1,0,0.0
4774,0,0.007782945,67,0,1676.0,,4,0,1,0,0.0
4775,0,0.0,42,0,1925.0,,4,0,2,0,0.0
4777,0,0.62080115,38,0,0.314719062,2900.0,7,0,0,0,0.0
4778,0,0.36365880799999994,60,1,1512.0,,8,0,1,0,0.0
4781,0,0.276317455,55,0,0.371958671,9000.0,13,1,1,0,0.0
4782,0,0.064461984,56,0,0.258061325,10109.0,6,0,2,0,0.0
4783,1,0.228858908,76,0,0.509541082,6340.0,14,0,6,0,0.0
4784,0,0.098709895,57,0,0.499423465,13875.0,17,0,2,0,3.0
4785,0,0.920668743,46,1,0.315042926,2678.0,5,1,0,0,1.0
4786,1,0.9999998999999999,59,0,0.856291391,3019.0,8,0,1,0,1.0
4787,0,0.15382089300000001,30,0,0.10948549099999999,4100.0,6,0,0,0,3.0
4789,0,0.055725584,68,0,0.204359128,5000.0,10,0,1,0,0.0
4790,0,0.017448035,63,0,0.002551548,14500.0,4,0,0,0,1.0
4791,0,0.241573106,52,0,1974.0,,9,0,1,0,0.0
4793,0,3746.0,52,2,0.481353326,2600.0,5,0,1,0,3.0
4794,0,0.331104306,62,0,0.227651305,3601.0,5,0,1,0,0.0
4795,0,0.0,56,0,0.112727273,8249.0,7,0,1,0,0.0
4796,0,0.015202779,58,0,0.116470917,7151.0,7,0,1,0,0.0
4798,0,0.020200766000000002,63,0,1421.0,,17,0,2,0,
4799,0,0.284827767,34,0,0.080289569,9116.0,7,0,0,0,0.0
4800,0,0.058943232000000005,42,0,0.009425878,3500.0,4,0,0,0,2.0
4802,0,0.7667197109999999,43,1,0.613590076,5400.0,9,0,1,0,0.0
4805,0,0.117290293,40,0,0.661558565,8417.0,7,0,3,0,3.0
4808,0,0.9999998999999999,41,0,0.220283019,10599.0,1,0,1,0,2.0
4811,0,0.001990172,80,0,0.000249958,12001.0,8,0,0,0,0.0
4812,0,0.24641581399999998,35,1,0.323671498,6416.0,19,0,1,0,0.0
4813,0,0.269596974,46,0,0.053325433,6750.0,4,0,0,0,0.0
4814,0,0.012166482,77,0,0.18752142600000002,5833.0,8,0,1,0,0.0
4815,0,0.038289507,78,0,479.0,,9,0,0,0,0.0
4816,0,0.9999998999999999,21,0,0.0,1200.0,0,0,0,0,0.0
4817,0,0.018332111,63,0,0.654115587,3425.0,10,0,1,0,1.0
4819,0,0.576674294,56,0,0.356751035,10390.0,25,0,2,0,1.0
4820,0,0.034198577,68,0,0.47615442799999996,5283.0,10,0,2,0,0.0
4821,0,0.131213901,34,0,0.228902522,7334.0,9,0,2,0,0.0
4823,0,0.04045749,65,0,0.986113482,17570.0,20,0,11,0,0.0
4824,0,0.167747385,48,1,0.636907501,4345.0,13,0,1,0,0.0
4826,0,0.020256688000000002,47,0,2698.0,,9,0,1,0,0.0
4827,0,0.946323172,49,1,0.8109404990000001,2083.0,4,1,1,1,1.0
4828,0,0.0,69,0,0.648900733,3001.0,5,0,2,0,0.0
4830,0,0.137616399,43,0,1492.0,,9,0,1,0,
4833,0,0.657801494,81,0,0.131962296,3500.0,4,0,0,0,0.0
4834,0,0.23060097899999998,46,0,0.326866301,2370.0,5,0,0,0,1.0
4837,0,1.0261923720000001,52,5,0.653604776,6532.0,25,0,2,0,0.0
4838,0,0.280553502,61,0,0.122807018,11000.0,16,0,0,0,0.0
4839,0,0.004931706,44,0,1410.0,,4,0,1,0,0.0
4840,0,0.381794972,67,1,0.187762448,5000.0,17,0,0,0,0.0
4841,0,0.0,32,1,0.151688312,5774.0,9,0,0,1,4.0
4842,0,0.7154721620000001,37,1,0.12444130800000001,4250.0,3,0,0,0,3.0
4843,0,0.137233414,44,0,0.580053496,2616.0,11,0,1,0,0.0
4844,0,0.044750653,45,0,372.0,,4,0,0,0,
4845,0,0.604039048,39,0,0.447078989,7000.0,8,0,2,0,4.0
4846,0,0.982516284,54,2,0.231838775,6400.0,5,0,0,0,0.0
4847,0,0.084915085,59,2,0.18270286100000002,13666.0,2,0,1,0,0.0
4848,0,0.529494101,69,0,115.0,,3,0,0,0,0.0
4849,0,0.9999998999999999,63,1,0.00759631,1842.0,1,1,0,0,1.0
4850,0,0.155149868,50,0,0.29342787,7333.0,6,0,1,0,2.0
4853,0,0.041629923,62,0,3494.0,1.0,14,0,3,0,0.0
4854,0,0.0,56,0,168835.0,,10,0,3,0,2.0
4855,0,0.302175318,56,0,0.255552719,11750.0,6,0,1,0,0.0
4856,0,0.453210436,46,0,0.260284506,2600.0,6,0,0,0,2.0
4858,1,0.9999998999999999,42,0,0.392871287,5049.0,4,2,2,0,2.0
4860,0,0.068166326,81,0,892.0,0.0,4,0,1,0,0.0
4861,0,0.9999998999999999,74,0,0.0,,1,0,0,0,0.0
4863,1,0.75128109,38,3,0.701099633,3000.0,7,1,1,1,2.0
4864,1,1.003997335,63,2,1.21627566,1363.0,6,1,1,0,0.0
4865,0,0.043615861,52,0,48.0,,5,0,0,0,0.0
4866,0,0.044998393,43,0,0.209379062,10000.0,5,0,1,0,1.0
4867,0,0.0,47,0,0.418488445,1600.0,5,2,0,0,0.0
4869,0,0.031775635,43,0,0.314567029,3960.0,9,0,2,0,1.0
4870,0,0.715034513,39,0,0.6153113689999999,5250.0,8,0,2,0,2.0
4871,0,0.950820697,56,1,0.662900849,14250.0,11,0,2,0,1.0
4872,0,0.9999998999999999,45,0,2.264779351,1200.0,3,0,2,0,2.0
4873,0,0.225645562,47,0,0.28404049600000003,8790.0,6,0,1,0,0.0
4874,0,0.306897931,66,0,2073.0,,4,0,1,0,2.0
4875,0,0.9999998999999999,23,0,0.0,847.0,1,0,0,0,0.0
4876,0,0.07425925,59,0,0.412698413,1700.0,11,0,0,0,1.0
4879,0,0.007817826,68,0,0.001764291,2833.0,3,0,0,0,0.0
4880,0,0.0,33,0,0.19129357600000002,5650.0,8,0,1,0,1.0
4881,0,0.289371347,38,0,0.612096976,4000.0,7,0,2,0,2.0
4885,0,1.1238761240000001,26,1,0.356158993,2540.0,5,3,0,3,2.0
4887,0,0.751469829,38,0,0.709842257,4500.0,5,0,1,0,2.0
4888,0,0.696224732,49,0,0.735852829,5000.0,13,0,1,0,0.0
4889,0,0.012361583999999998,76,0,0.813137495,2450.0,4,0,1,0,0.0
4890,1,0.0,60,3,0.292697378,6750.0,5,1,1,2,0.0
4891,0,0.048462332999999996,63,0,0.561892131,4523.0,6,0,2,0,1.0
4892,0,0.257643937,67,0,200.0,,4,0,0,0,0.0
4896,0,0.158722752,59,0,0.052973513,2000.0,4,0,0,0,1.0
4898,0,0.016432992,63,0,0.233980087,7833.0,3,0,1,0,0.0
4899,0,0.048966776,78,0,0.020595881,5000.0,4,0,0,0,0.0
4900,1,0.14211590400000002,43,0,0.598731574,5833.0,8,0,2,0,3.0
4901,0,0.047254715,64,1,64.0,,5,0,0,0,0.0
4902,0,0.985735235,51,0,0.41379948200000005,5405.0,6,0,1,0,0.0
4903,0,0.04219578,38,0,0.35220280600000003,8125.0,4,0,1,0,2.0
4904,0,0.054697967,45,0,0.331698664,9583.0,5,0,1,0,0.0
4907,1,0.9629935059999999,42,0,0.42561632200000005,3528.0,7,0,0,0,2.0
4909,0,0.9999998999999999,48,1,0.003845168,3900.0,0,1,0,1,2.0
4910,0,0.036107639,42,0,0.079873569,11705.0,12,0,1,0,4.0
4912,0,0.404261217,58,1,0.431303435,13333.0,15,0,3,0,2.0
4913,0,0.9999998999999999,61,0,0.0970495,4100.0,1,1,0,1,2.0
4915,0,0.11475541,53,0,940.0,,3,0,1,0,0.0
4916,0,0.107991361,66,1,1560.0,,8,0,1,0,0.0
4919,0,0.103775215,65,0,0.22207134899999997,8100.0,6,0,2,0,3.0
4921,0,0.195358053,44,6,0.29641185600000003,7691.0,13,0,2,0,4.0
4923,0,0.239191525,67,0,0.199641404,14500.0,12,0,1,0,0.0
4924,0,0.056885177,58,1,0.438935817,12666.0,16,0,2,0,0.0
4926,0,0.068771556,57,0,309.0,,12,0,1,0,2.0
4927,1,0.8974896859999999,28,0,0.776111944,2000.0,8,0,0,0,0.0
4928,0,0.021356761000000002,60,0,0.34448740200000005,7500.0,10,0,1,0,1.0
4930,0,0.9999998999999999,38,0,0.335416146,4000.0,2,0,0,0,1.0
4931,0,0.487349163,41,0,0.27735201800000003,13700.0,14,0,2,0,1.0
4932,0,0.44245595200000004,48,0,1.289990645,5344.0,20,0,4,0,0.0
4933,0,0.120487853,71,0,0.305092665,6420.0,3,0,1,0,1.0
4934,0,0.015553206000000002,35,0,3611.0,,12,0,2,0,0.0
4937,0,0.037468384,35,0,0.116739581,4342.0,3,0,0,0,0.0
4938,0,0.80620801,48,0,0.294032375,8277.0,9,0,2,0,2.0
4939,0,0.023180765,82,0,0.002349256,6384.0,1,0,0,0,0.0
4940,0,0.172373699,53,0,0.137095408,5900.0,2,0,1,0,3.0
4941,0,0.792340898,40,0,0.504346761,8166.0,13,0,0,0,0.0
4943,0,0.0,68,0,123.0,0.0,12,0,1,0,0.0
4945,1,0.992225102,36,0,955.0,,8,0,0,0,0.0
4946,0,0.096409434,41,0,0.25958155899999996,5400.0,8,0,1,0,3.0
4948,0,0.061288243,42,0,1114.5,1.0,6,0,1,0,2.0
4949,0,0.893569987,53,2,0.8754124590000001,10000.0,20,0,1,2,0.0
4950,0,0.732066202,52,0,0.333162218,7791.0,10,0,0,1,0.0
4951,0,0.307175013,71,0,0.266953125,12799.0,18,0,2,0,0.0
4952,0,0.04051906,69,0,0.020489755,2000.0,6,0,0,0,0.0
4953,0,0.206289523,38,0,0.295269168,5516.0,12,0,0,0,1.0
4961,0,0.871661437,58,0,0.535861124,4377.0,6,0,2,0,1.0
4963,1,0.29130635899999996,42,0,0.518296341,1666.0,9,0,1,0,0.0
4964,0,0.260734595,43,0,0.41632097100000004,16150.0,14,0,2,0,1.0
4965,0,1.178928247,40,2,0.09607412800000001,4100.0,5,0,0,1,2.0
4967,0,0.0,53,1,569.0,,2,0,0,0,0.0
4968,0,0.044760855,51,0,0.446420215,6410.0,12,0,1,0,0.0
4969,1,0.952629292,65,1,1.086778737,2200.0,4,0,1,1,1.0
4970,0,0.676835727,53,0,4809.0,,12,0,2,0,0.0
4972,0,0.261941948,42,0,0.227934876,3500.0,6,0,0,0,0.0
4973,0,0.0,70,0,0.272715152,15000.0,10,0,1,0,1.0
4974,0,0.316489177,46,0,0.289921466,4583.0,10,0,0,0,0.0
4975,0,0.559842764,83,1,0.53820598,902.0,5,0,0,0,0.0
4977,0,0.612622416,53,0,2933.0,,12,0,2,0,3.0
4978,0,0.551817433,26,0,0.056391316,11100.0,6,0,0,1,0.0
4979,0,0.025220124,65,0,0.00539892,5000.0,6,0,0,0,0.0
4980,0,0.028453682999999997,58,0,0.383757312,7350.0,5,0,2,0,0.0
4981,0,0.94598322,56,0,0.656155104,4280.0,3,0,1,0,0.0
4982,0,0.379041397,49,2,0.10078534,4583.0,4,0,1,0,2.0
4984,0,0.05512726,35,0,2060.0,,10,0,2,0,1.0
4986,0,0.232633891,68,0,0.531039293,4300.0,15,0,2,0,0.0
4987,0,0.690869698,63,0,5471.0,,9,0,3,0,0.0
4990,0,0.149721264,39,0,0.30342958600000003,10700.0,8,0,1,0,0.0
4991,0,0.108975055,31,0,0.322782481,8150.0,15,0,2,0,1.0
4992,0,0.30313376399999997,47,0,0.382803821,4500.0,5,0,1,0,0.0
4994,0,0.647272045,74,0,0.27212143699999997,2700.0,6,0,0,0,0.0
4996,0,0.153128229,32,1,0.082166879,5500.0,6,0,0,0,3.0
4997,0,0.41358958100000004,55,0,1.205276175,1212.0,9,0,1,0,0.0
4998,0,0.273258139,44,0,3.7629046369999997,1142.0,5,0,2,0,2.0
5002,0,0.634156698,55,0,0.18089635399999998,12918.0,16,0,0,0,0.0
5003,0,0.010342718,52,0,2874.0,,16,0,2,0,0.0
5004,0,0.9999998999999999,47,0,0.0,,4,0,0,0,0.0
5006,0,0.015355006000000001,54,0,0.37326784799999996,5700.0,10,0,2,0,0.0
5007,0,0.301555955,44,0,0.639738766,14086.0,11,0,4,0,1.0
5008,1,0.99380124,29,2,0.296685955,1900.0,7,0,0,0,0.0
5009,0,0.0,77,0,0.034753776,57000.0,16,0,1,0,0.0
5011,0,0.009538849,70,0,0.190613087,16000.0,13,0,3,0,0.0
5013,0,0.702287049,72,0,0.264388489,6671.0,14,0,0,0,0.0
5014,1,0.19873338,41,0,10333.0,,10,0,8,0,1.0
5015,0,0.367017608,46,0,0.260030125,7302.0,8,0,1,0,1.0
5016,0,0.025965222000000003,77,0,1986.0,,6,0,2,0,0.0
5017,0,0.9999998999999999,29,1,0.172447968,4035.0,6,0,0,3,1.0
5018,0,0.288108449,78,0,0.361340021,5581.0,15,0,1,0,0.0
5019,0,0.8562339040000001,41,0,0.224726234,6300.0,8,0,0,0,0.0
5020,0,0.000299985,50,0,0.270039622,6561.0,5,0,2,0,1.0
5021,0,0.072416238,86,0,0.0063982940000000006,3750.0,4,0,0,0,1.0
5022,0,0.0,82,0,0.0,10500.0,5,0,0,0,0.0
5023,0,1.1745796609999999,59,0,0.231010297,6700.0,21,0,0,0,0.0
5026,0,0.000978155,42,0,0.0,7500.0,3,0,0,0,2.0
5027,0,0.47782975299999997,45,0,0.432628798,9083.0,16,0,2,0,0.0
5028,0,0.81592905,27,0,939.0,,13,0,0,0,0.0
5029,0,0.9021193820000001,74,1,1.0239162929999999,3344.0,9,0,1,0,2.0
5030,0,0.085103644,63,0,0.271272873,10000.0,4,0,1,0,1.0
5031,0,0.183352015,29,0,0.240610178,7800.0,5,0,1,0,0.0
5032,0,0.070635079,62,0,0.38471790299999997,2250.0,7,0,0,0,0.0
5034,0,0.9999998999999999,39,0,0.01975417,6833.0,0,0,0,0,1.0
5035,0,0.033872111,66,0,0.435236004,3643.0,8,0,1,0,1.0
5036,0,0.722685482,54,2,6900.0,,14,0,3,0,1.0
5038,0,0.805255981,47,0,0.528643689,8500.0,8,0,2,0,2.0
5040,0,0.0,43,0,498.0,,4,0,0,0,2.0
5041,0,0.104919353,68,0,0.312180694,3718.0,6,0,1,0,1.0
5042,0,0.017302341000000002,65,0,140.0,,3,0,0,0,0.0
5043,0,0.20352571,44,0,0.230226894,7800.0,12,0,1,0,0.0
5044,0,0.112790053,53,1,0.636947665,12763.0,12,0,5,0,2.0
5045,0,0.000588212,73,0,0.0,,6,0,0,0,
5046,0,0.327103144,53,0,0.666123613,9820.0,6,0,2,0,0.0
5047,0,0.0,57,0,0.23502304100000002,11500.0,9,0,1,0,0.0
5049,1,0.77279919,46,0,0.25165155899999997,6508.0,11,0,0,0,0.0
5050,0,0.0,37,0,3338.0,,9,0,1,0,
5052,0,0.932669472,46,0,1.000499875,4000.0,10,0,2,0,3.0
5054,0,0.44173777299999994,57,1,0.385989249,11533.0,18,0,1,0,0.0
5055,0,0.0,64,0,0.35747902600000003,4886.0,5,0,1,0,0.0
5056,0,0.094401703,55,0,0.387329476,14000.0,11,0,3,0,3.0
5057,0,0.710767705,52,0,0.407423208,4687.0,8,0,1,0,0.0
5058,0,0.035749049,71,0,1239.0,,3,0,1,0,0.0
5059,0,0.9999998999999999,35,0,0.259510401,8700.0,4,0,2,0,0.0
5060,0,0.006387098000000001,40,0,0.159755841,4750.0,9,0,1,0,0.0
5061,0,0.024125691,57,0,0.0042739729999999995,9124.0,5,0,0,0,1.0
5062,0,1.126873127,30,0,0.013301088,2480.0,1,0,0,0,0.0
5064,0,0.005485871999999999,57,0,0.14214301199999999,4600.0,10,0,1,0,1.0
5067,0,0.47541622299999997,53,0,2.3651925819999997,700.0,8,0,1,0,0.0
5068,0,0.072120192,48,0,1121.0,,6,0,1,0,2.0
5070,0,0.333574559,74,0,0.49825029200000004,6000.0,15,0,2,1,1.0
5071,0,0.269328468,45,0,1177.0,,9,0,1,0,2.0
5072,0,0.027906554,63,0,2001.0,,5,0,2,0,0.0
5073,0,0.9999998999999999,33,98,0.0,1500.0,0,98,0,98,0.0
5074,0,0.069330252,45,0,0.190226222,8000.0,8,0,1,0,0.0
5075,0,0.9999998999999999,75,0,0.338380015,1320.0,4,0,0,0,0.0
5076,0,0.032684427,45,0,1685.0,,5,0,2,0,0.0
5077,0,0.001670569,47,0,2547.0,,11,0,1,0,0.0
5079,0,0.11558854699999999,42,0,0.34058550600000004,6250.0,6,0,2,0,0.0
5082,0,0.272163156,29,0,0.054918688,3750.0,7,0,0,0,0.0
5083,0,0.06777153,74,0,0.333767927,2300.0,8,0,1,0,0.0
5085,0,0.307038476,60,0,0.19638089600000003,13483.0,5,0,2,0,2.0
5088,0,0.007693585,67,0,0.154542711,3312.0,16,0,1,0,0.0
5089,1,0.942072687,39,4,3033.0,,5,0,2,0,0.0
5090,0,0.0,45,0,0.0,,1,0,0,0,0.0
5091,0,0.048493613,64,0,0.24900187399999998,12272.0,8,0,2,0,0.0
5093,0,0.787588318,46,0,0.648235054,4900.0,15,0,1,0,2.0
5094,0,0.091537133,57,0,0.4204513,3500.0,4,0,1,0,0.0
5095,0,0.062293771,35,0,1130.0,,4,0,1,0,0.0
5097,0,0.23331678600000003,51,0,0.011877066,8166.0,4,0,0,0,1.0
5098,0,1.068965517,33,0,1.508305648,300.0,3,0,0,0,0.0
5099,0,0.976222345,30,0,0.28422928399999997,3366.0,9,0,0,0,0.0
5100,0,0.00564573,83,0,0.140437544,1416.0,2,0,0,0,0.0
5101,0,0.007026869,59,0,0.30071599,9636.0,5,0,2,0,2.0
5102,0,0.01049965,56,0,0.34188698799999995,3857.0,10,0,1,0,1.0
5103,0,0.196593971,51,0,1394.0,,7,0,1,0,0.0
5106,0,0.270500713,46,0,0.421957804,10000.0,11,0,3,0,0.0
5107,0,0.430594637,48,0,0.228860516,4150.0,5,0,0,0,3.0
5110,0,0.482038151,42,0,0.08432882,11300.0,4,0,0,0,4.0
5111,0,0.004185134,61,0,0.00166113,6019.0,6,0,0,0,0.0
5112,0,0.006927627,62,0,0.002666222,6000.0,7,0,0,0,0.0
5114,0,0.11646094800000001,54,1,0.244344457,8000.0,8,0,2,0,2.0
5115,1,0.030300997000000003,47,0,0.008247938,4000.0,6,0,0,0,0.0
5116,0,0.019680505,42,0,2199.0,,10,0,1,0,1.0
5117,0,1.0099937540000001,32,2,0.42258586600000003,5560.0,7,0,1,0,0.0
5119,0,0.334424628,74,1,0.13093991,10500.0,19,0,0,0,0.0
5121,0,0.116477168,67,0,0.363695937,15259.0,8,0,2,0,0.0
5122,1,1.857819905,43,1,0.017697081,4350.0,1,0,0,0,2.0
5123,0,0.512327066,61,3,0.439263995,6412.0,18,0,2,0,0.0
5125,0,0.543456543,28,0,0.00551534,2900.0,1,0,0,0,0.0
5127,0,0.040254589,76,0,2033.0,,8,0,1,0,0.0
5128,0,0.0,47,3,0.637613246,3200.0,14,0,2,0,5.0
5130,0,0.014873899,60,0,0.31212746399999997,8723.0,14,0,2,0,0.0
5131,0,0.917344354,30,1,0.23554603899999998,1400.0,6,0,0,0,0.0
5132,0,0.007546075,87,0,0.002777263,5400.0,7,0,0,0,0.0
5133,0,0.030827691,37,0,0.49410118,5000.0,7,0,1,0,3.0
5134,0,0.364568733,77,0,0.47186096,8457.0,16,0,2,0,0.0
5135,0,0.049009915,62,0,0.108518864,7500.0,5,0,1,0,1.0
5136,0,0.006894872,78,0,1339.0,,16,0,0,0,0.0
5137,0,0.124792869,56,0,5164.0,,3,0,1,0,0.0
5138,0,0.396705676,40,1,3071.0,,7,0,2,0,0.0
5139,0,0.127382988,75,0,0.37023417799999997,5166.0,6,0,2,0,0.0
5140,0,0.302531688,39,0,0.26208544100000003,7115.0,9,0,2,0,1.0
5141,0,0.082576988,85,0,0.316370809,2534.0,11,0,0,0,0.0
5142,0,0.010206193,45,0,148.0,,5,0,0,0,0.0
5143,1,0.1401179,53,0,0.34455496,3920.0,8,0,1,0,1.0
5146,0,0.20443977800000002,62,0,0.301385516,7000.0,4,0,2,0,0.0
5147,0,0.021994789,64,0,1579.0,,9,0,1,0,
5149,0,0.013899305,81,0,818.0,,3,0,1,0,
5150,0,0.333656526,53,1,0.15273515099999999,5538.0,9,0,0,0,1.0
5151,0,0.012199756,78,0,0.011242973,1600.0,9,0,0,0,0.0
5154,1,1.062392987,46,1,0.29356881,3000.0,7,0,0,0,0.0
5155,0,0.9999998999999999,37,0,1439.0,,1,0,1,0,0.0
5156,0,0.948293101,42,4,0.502767363,5600.0,7,3,1,2,2.0
5157,0,0.41951512399999996,50,0,0.637045369,8000.0,11,0,2,0,0.0
5158,0,0.64148428,26,0,0.253024724,1900.0,4,0,0,0,0.0
5159,0,0.041337722,42,0,0.23488773699999999,11000.0,13,0,2,0,2.0
5160,0,0.0076921559999999995,53,0,0.5194760429999999,2900.0,10,0,1,0,0.0
5161,0,0.077809798,54,0,0.386389075,4466.0,10,0,2,0,0.0
5162,0,0.147047386,48,1,0.140868412,3016.0,6,0,0,0,0.0
5163,0,0.876765083,37,1,0.859739473,3300.0,8,0,1,0,3.0
5164,0,0.116990284,62,0,0.222879684,1520.0,5,0,0,0,1.0
5165,0,0.038105312,53,1,0.280943811,5000.0,15,0,1,0,1.0
5166,1,0.123350658,53,1,1131.0,,18,0,2,0,2.0
5167,0,0.38284121600000004,52,0,0.660442028,8460.0,23,0,2,0,1.0
5169,0,0.574252926,49,0,0.319736053,3333.0,9,0,1,1,3.0
5170,0,0.40211256100000003,54,0,1.116801999,3201.0,9,1,2,0,0.0
5172,0,0.016516643,72,0,0.621056363,2820.0,11,0,2,0,0.0
5173,0,0.080156794,75,0,0.005538121,10833.0,4,0,0,0,0.0
5174,0,0.0,44,0,0.456423929,6000.0,6,0,1,0,0.0
5176,0,0.125582079,63,0,0.6135480289999999,1800.0,10,0,0,0,0.0
5177,0,0.031529004,54,0,0.23650546,3204.0,7,0,2,0,0.0
5178,0,0.031229329,62,0,1067.0,,17,0,1,0,0.0
5179,0,0.10653970300000001,66,1,0.40139351700000003,3300.0,16,0,2,0,0.0
5180,0,0.36010134,60,0,0.226424126,8355.0,14,1,2,0,0.0
5181,0,0.152620652,56,0,0.373563218,869.0,7,0,0,0,0.0
5182,0,0.309810172,28,0,303.0,0.0,4,0,0,0,0.0
5183,0,0.02279271,40,0,0.462208347,6085.0,9,0,2,0,2.0
5184,0,0.169009324,59,0,0.492299427,5583.0,12,0,3,0,2.0
5185,0,0.44507773799999995,44,0,0.499096386,3319.0,9,0,1,0,0.0
5186,0,0.008318357,48,0,1478.0,,15,0,1,0,0.0
5187,0,0.194657048,78,0,0.934203063,1762.0,15,0,1,0,0.0
5188,0,0.497515119,52,0,0.44509567299999997,5800.0,7,0,2,0,0.0
5189,0,0.38350946,49,0,0.27424803,6216.0,11,0,1,0,3.0
5190,0,0.142704621,55,0,0.4306894,5395.0,20,0,2,0,0.0
5191,0,0.0,51,0,0.0,,1,0,0,0,0.0
5192,0,0.441019964,51,1,0.512074396,6666.0,16,0,2,0,2.0
5193,0,0.35406355899999997,57,0,0.5805483889999999,16666.0,9,0,3,0,1.0
5195,0,0.9999998999999999,63,0,3242.0,,5,0,2,0,0.0
5196,0,0.6508994,70,0,380.0,,2,0,0,0,
5197,0,0.265680316,65,0,0.147795448,10500.0,17,0,1,0,0.0
5200,0,0.036420773,27,0,0.279534715,2750.0,7,0,0,0,0.0
5202,0,0.012076691,76,0,4462.0,,12,0,2,0,0.0
5203,1,0.840035548,44,1,0.661267746,5000.0,6,0,2,0,1.0
5205,0,0.9999998999999999,64,0,0.0,,9,0,0,0,0.0
5206,0,0.578219507,68,0,0.47755834799999997,6683.0,12,0,2,0,2.0
5208,0,0.066783797,60,0,0.19262346800000002,7916.0,15,0,1,0,0.0
5209,0,0.181771987,63,0,0.345126221,5426.0,11,0,1,0,1.0
5210,0,0.6053330929999999,64,3,0.01928846,45000.0,11,1,1,0,0.0
5211,0,0.24207429,62,0,0.187903618,14400.0,10,0,3,1,2.0
5212,0,0.133194672,43,0,0.38340945600000004,8100.0,12,0,2,0,1.0
5213,0,0.101234523,41,0,0.39736531700000005,5085.0,10,0,1,0,0.0
5214,0,0.0,30,0,911.0,,4,0,2,0,0.0
5215,0,0.205459733,45,0,0.462059771,9000.0,21,0,1,0,0.0
5216,0,0.011606218,46,0,0.207696661,7067.0,11,0,1,0,2.0
5217,0,0.9999998999999999,38,1,0.004934948,2228.0,1,0,0,0,2.0
5218,0,0.05629659,50,0,0.11767439199999999,17216.0,11,0,1,0,1.0
5219,0,0.44885038299999996,35,1,2331.0,,7,0,2,0,0.0
5220,0,0.98890771,49,0,0.5400745570000001,4291.0,4,0,0,0,1.0
5221,0,0.28155376,72,2,0.10637600400000001,6100.0,9,0,0,0,2.0
5222,0,0.008349083,84,0,0.004907306,1833.0,11,0,0,0,0.0
5223,0,0.793020698,54,0,0.45883485799999996,2076.0,4,0,1,0,0.0
5225,0,0.9999998999999999,46,0,0.48657089299999995,1600.0,4,0,0,0,0.0
5226,0,0.626373626,24,1,0.176328502,1655.0,5,0,0,1,0.0
5227,0,0.42401112399999996,53,0,0.230346207,8000.0,11,0,1,0,0.0
5228,0,0.003861098,78,0,0.27897982600000004,9566.0,16,0,2,0,0.0
5230,0,0.603336028,38,0,0.294487289,3500.0,5,0,0,0,1.0
5231,0,0.011212594,49,0,0.09594282400000001,13851.0,14,0,0,0,2.0
5232,0,0.30704619699999997,28,0,0.094704847,6250.0,7,0,0,0,0.0
5233,0,0.129132577,70,0,0.668777074,3000.0,8,0,2,0,0.0
5234,0,0.009899505,67,0,927.0,,7,0,1,0,0.0
5235,0,0.005679821,59,0,1000.0,,7,0,1,0,0.0
5237,0,0.0,54,0,0.21593291399999998,3815.0,12,0,0,0,0.0
5238,0,0.026211702000000003,57,0,5030.0,,10,0,2,0,3.0
5239,0,0.038396928,86,0,0.0058309040000000005,2400.0,2,0,0,0,0.0
5242,0,0.157489883,81,0,0.431251922,3250.0,18,0,1,0,0.0
5244,0,0.9572085579999999,54,0,0.652869426,5000.0,4,0,1,0,0.0
5245,0,0.201053135,38,0,0.311868813,10000.0,5,0,1,0,1.0
5248,0,0.0,64,0,0.511366676,3738.0,10,0,2,0,0.0
5250,1,0.9999998999999999,27,0,0.115247806,4216.0,2,0,0,1,0.0
5251,0,0.202243283,62,0,1499.0,,6,0,2,0,0.0
5252,0,0.159581318,50,0,3781.0,,12,0,1,0,2.0
5253,0,0.11217756400000001,26,0,0.025772051,4500.0,2,0,0,0,1.0
5254,0,0.0,73,0,0.330266973,10000.0,6,0,2,0,1.0
5255,0,0.280765698,64,0,0.299911269,2253.0,9,0,0,0,2.0
5258,0,0.943024917,46,2,0.311445148,7583.0,8,1,1,0,0.0
5260,0,0.894809715,53,0,0.7087001940000001,6700.0,11,0,2,0,0.0
5262,0,0.130930754,42,0,0.112808904,5300.0,8,0,0,0,1.0
5263,0,0.9999998999999999,59,0,0.309588603,6246.0,5,0,1,0,0.0
5264,0,0.28611898,38,0,2560.0,,6,0,1,0,0.0
5266,0,0.365953573,49,1,0.286734653,25200.0,21,0,4,0,3.0
5267,0,0.8873743909999999,33,0,0.15669878199999998,5500.0,13,0,0,0,0.0
5268,0,0.649872574,26,0,0.03534452,2800.0,3,0,0,0,0.0
5269,0,0.006027551999999999,71,0,23.0,,13,0,0,0,0.0
5270,0,0.912844333,45,1,0.078870354,6833.0,3,0,0,0,0.0
5271,0,0.5958670110000001,46,0,0.33687943299999995,15227.0,3,0,2,0,1.0
5273,0,0.35885601799999994,60,0,3800.0,,13,0,2,0,0.0
5276,0,0.01620342,73,0,10.0,,7,0,0,0,0.0
5277,0,0.02087686,50,0,0.183521073,7900.0,26,0,1,0,0.0
5278,0,0.09393554300000001,68,0,0.233612753,7276.0,14,0,1,0,0.0
5280,0,0.056805507000000005,81,0,0.276778063,3500.0,6,0,2,0,0.0
5281,0,0.117553096,82,0,0.124350595,5966.0,10,0,1,0,0.0
5284,0,0.568059043,50,0,0.6140503979999999,9166.0,9,0,1,0,1.0
5285,0,0.038719429,47,0,1873.0,,8,0,1,0,0.0
5287,0,0.017950602,73,0,3.412416851,450.0,11,0,1,0,0.0
5288,0,0.32180488100000004,81,1,0.42951409700000004,5000.0,14,0,0,0,0.0
5289,0,0.049051894000000006,58,0,0.202415497,12750.0,9,0,2,0,1.0
5290,0,0.000570259,59,0,1195.0,,11,0,1,0,0.0
5291,0,0.253463961,61,1,0.437695679,4790.0,17,0,1,0,1.0
5292,0,0.010994573,70,0,0.453454894,4167.0,12,0,2,0,0.0
5293,0,0.073517389,47,0,35.0,,3,0,0,0,0.0
5294,0,0.26824574100000004,44,0,0.40412767,8333.0,12,0,2,0,2.0
5295,0,0.0,38,0,0.092774342,27000.0,8,0,1,0,3.0
5296,0,0.9999998999999999,61,0,1210.0,,2,0,1,0,0.0
5298,0,0.170516344,34,0,0.77782826,2200.0,7,0,1,0,0.0
5300,0,0.0,66,0,0.0,10000.0,3,0,0,0,0.0
5301,0,0.23675094,63,0,1796.0,,7,0,2,0,0.0
5303,0,0.026259974,78,0,2302.0,,8,0,2,0,0.0
5305,0,0.263088661,59,0,0.357339395,8358.0,6,0,2,0,2.0
5306,0,0.9999998999999999,22,0,0.0,820.0,1,0,0,0,0.0
5309,0,0.0,71,0,0.40123966899999997,2419.0,6,0,1,0,0.0
5310,0,0.072358954,72,0,1471.0,,9,0,1,0,0.0
5311,1,0.19095226199999998,64,2,0.204799675,4916.0,13,0,1,0,0.0
5312,0,0.687154637,54,2,0.542224603,5600.0,11,0,2,1,0.0
5313,0,0.031932277,60,0,0.21837113100000002,7010.0,28,0,1,0,0.0
5314,0,0.236216752,45,0,0.47630092799999996,9915.0,9,0,2,0,2.0
5315,1,0.9999998999999999,26,0,1.181699346,764.0,3,2,0,0,0.0
5317,0,0.027703403999999997,57,1,0.48020791700000004,2500.0,10,0,1,0,0.0
5318,0,0.598715177,47,0,3268.0,,11,0,2,0,2.0
5319,0,0.012041033000000001,60,0,0.20649796899999998,3200.0,8,0,0,0,0.0
5323,0,0.37631559200000003,64,0,2951.0,,9,0,2,0,1.0
5325,0,0.9999998999999999,22,0,87.0,,0,0,0,0,0.0
5326,0,0.106919284,59,0,57.0,,5,0,0,0,0.0
5328,0,0.149935484,34,0,0.473755965,4400.0,12,0,2,0,3.0
5329,0,0.033357861,67,0,1690.0,,13,0,2,0,
5330,0,0.001595711,76,0,2.0,,2,0,0,0,0.0
5331,0,0.733375288,44,4,0.536641873,8200.0,11,0,2,0,2.0
5332,0,0.837222777,50,1,1.8629019359999999,6250.0,11,0,3,0,1.0
5334,0,0.061093760999999996,56,0,0.440097646,15975.0,18,0,3,0,2.0
5335,0,0.00025818200000000003,38,0,0.36398164299999997,25275.0,29,0,3,0,2.0
5337,0,0.240889698,49,0,0.39247066,6560.0,11,0,1,0,1.0
5338,0,0.9999998999999999,80,0,0.0,,1,0,0,0,0.0
5339,0,0.617006666,88,1,1252.0,,8,0,0,0,0.0
5340,0,0.716657234,32,1,0.2020688,4156.0,8,0,0,0,3.0
5341,0,0.964652223,37,0,0.120026379,4548.0,4,0,0,0,1.0
5342,0,0.20564381699999998,35,0,0.371541502,7083.0,3,0,1,0,1.0
5344,0,0.260711958,74,0,0.643340194,3400.0,18,0,2,0,0.0
5345,0,0.262775568,74,0,454.0,,5,0,0,0,0.0
5348,0,0.999951967,57,0,2280.0,,4,0,1,0,0.0
5350,0,0.0,46,0,0.47988117700000005,3702.0,5,0,1,0,3.0
5352,0,0.259435713,55,0,0.137772446,10001.0,10,0,0,0,1.0
5353,1,0.043153292999999995,65,0,0.193548387,14166.0,16,0,2,0,0.0
5354,1,0.71314741,55,1,866.0,,4,6,0,0,0.0
5355,0,0.040162684,52,0,573.0,,3,0,0,0,
5356,0,0.042073687,59,0,1379.0,,4,0,1,0,0.0
5357,0,0.01748589,58,0,0.6825609429999999,3732.0,14,0,1,0,1.0
5359,0,0.047100199999999995,30,0,0.08802698099999999,5929.0,5,0,0,0,1.0
5360,0,0.207175217,67,0,0.11885467300000001,3701.0,3,0,0,0,0.0
5361,0,0.07967013,62,1,0.27408065800000003,9000.0,29,0,1,0,0.0
5363,0,0.036027517,64,0,1424.0,,4,0,1,0,0.0
5364,0,0.01579921,42,0,2059.0,,4,0,1,0,0.0
5365,0,0.0,22,0,0.0,,2,0,0,0,
5366,0,0.265894509,58,1,0.421175425,9000.0,10,0,2,0,1.0
5368,0,0.217738355,49,0,2119.0,,14,0,1,0,1.0
5369,0,1.059850374,28,0,0.005466615,2560.0,2,0,0,1,3.0
5370,0,0.322795341,55,1,23.0,,2,0,0,0,1.0
5371,0,0.093953415,40,0,0.052471019,9833.0,6,0,0,1,2.0
5373,0,0.297576648,52,0,0.354828835,19600.0,16,0,4,0,2.0
5377,0,0.32208185,51,0,0.500626566,9575.0,6,0,2,0,3.0
5379,0,0.045909079000000005,34,0,0.558007923,5300.0,10,0,1,0,1.0
5383,0,0.146162873,55,0,0.086813548,3040.0,6,0,0,0,1.0
5386,0,0.6625239279999999,53,0,5131.0,,9,0,2,0,0.0
5387,0,0.0,52,0,0.7675346890000001,5260.0,13,0,4,0,0.0
5388,0,0.127201994,48,0,0.7211423090000001,4166.0,8,0,2,0,1.0
5391,0,0.0007948510000000001,54,0,0.114221445,4000.0,10,0,0,0,1.0
5392,0,0.778959395,29,0,0.6873661670000001,1400.0,11,0,0,0,0.0
5394,0,0.097012029,50,0,0.030957522999999997,8333.0,6,0,0,0,0.0
5395,0,0.147271094,45,0,0.611360239,6020.0,9,0,3,0,2.0
5396,0,0.0,46,0,3370.0,,8,0,1,0,0.0
5398,0,0.5726698370000001,62,5,0.317097317,10100.0,12,0,2,0,0.0
5400,0,0.23123073100000002,44,0,0.079810726,3169.0,8,0,1,0,0.0
5401,0,0.012541948,57,0,0.323419145,4000.0,7,0,1,0,0.0
5402,0,0.0,41,0,0.16036478099999998,18750.0,5,0,2,0,3.0
5404,0,0.016518341000000002,52,0,0.0031243490000000002,4800.0,4,0,0,0,0.0
5405,0,0.008838816999999999,85,0,7.348452124,4166.0,9,0,1,0,0.0
5411,0,0.48263415200000004,40,2,0.125398119,13500.0,11,0,1,0,2.0
5412,0,0.686735949,43,0,0.345257662,10342.0,8,0,2,0,5.0
5415,0,0.5955264929999999,55,0,0.8353326059999999,1833.0,11,0,1,0,0.0
5417,0,0.9999998999999999,33,0,0.446366782,2600.0,5,0,1,0,0.0
5418,0,0.097131403,81,0,0.463717838,3458.0,15,0,1,0,0.0
5419,0,0.006578601,75,0,0.001138952,3511.0,7,0,0,0,0.0
5420,0,0.577204663,58,0,0.236588123,11500.0,7,0,2,1,7.0
5421,0,0.507163565,41,0,3315.0,,9,0,2,0,2.0
5422,0,0.005561491,73,0,0.000579173,8632.0,4,0,0,0,0.0
5423,0,0.046203495,61,0,0.865615142,1584.0,6,0,2,0,0.0
5425,0,0.009582535,36,0,0.140393239,2898.0,3,0,0,0,0.0
5428,0,0.23012566199999998,45,0,0.143033997,10500.0,8,0,1,0,0.0
5429,0,0.037622231,60,0,210.0,,4,0,1,0,0.0
5432,0,0.076417737,56,0,0.47912262200000005,7567.0,13,0,3,0,2.0
5437,0,0.00202421,41,0,0.330946797,8100.0,6,0,2,0,2.0
5438,0,0.571214393,43,0,0.401554404,2701.0,3,0,1,0,0.0
5439,0,0.9999998999999999,55,0,0.0,2770.0,2,0,0,0,0.0
5440,1,1.097180564,49,3,0.257828505,6833.0,9,2,0,0,3.0
5441,0,0.086391361,47,0,0.243832142,8673.0,11,0,1,0,0.0
5442,0,0.419568765,39,0,0.45108751700000005,9700.0,7,0,1,0,2.0
5444,0,0.006466203,54,0,0.172676188,8541.0,6,0,1,0,1.0
5445,0,0.761243753,36,0,0.08948508599999999,6000.0,6,0,0,0,1.0
5446,0,0.436987784,64,0,0.289142172,5000.0,10,0,1,0,1.0
5447,0,0.176827791,56,1,0.383160464,14750.0,20,0,2,0,2.0
5448,0,0.9999998999999999,41,0,0.173423014,5500.0,4,0,0,0,2.0
5449,0,0.128402831,71,0,0.43169196600000004,2700.0,18,0,1,0,0.0
5450,0,0.0,46,0,1364.0,,9,0,1,0,3.0
5451,0,0.636934523,43,0,0.539370526,8800.0,5,0,2,0,3.0
5453,0,0.521747825,36,0,0.290536642,3465.0,5,0,0,0,2.0
5454,0,0.732175743,35,0,1.211788212,1000.0,12,0,0,0,1.0
5455,0,0.9999998999999999,78,0,0.125461255,12465.0,2,0,2,0,0.0
5456,0,0.037354475,46,1,0.00665336,10520.0,7,0,0,0,1.0
5457,0,0.07627096400000001,78,0,0.090109304,3750.0,7,0,1,0,0.0
5461,0,0.035288396,59,0,0.725631769,830.0,17,0,0,0,0.0
5462,0,0.6738206179999999,45,0,0.45876975799999997,5250.0,10,0,1,0,2.0
5464,0,0.054731080999999994,26,1,945.0,,5,0,0,0,1.0
5467,0,0.241630277,59,0,2200.0,,8,0,1,0,1.0
5468,0,0.0,47,0,0.224177582,10000.0,5,0,1,0,2.0
5470,0,0.279030147,33,0,0.596565019,2852.0,6,0,1,0,0.0
5471,0,0.9999998999999999,34,0,0.075591319,4100.0,1,0,0,0,1.0
5472,0,0.253170997,54,0,0.393468118,4500.0,10,0,2,0,0.0
5473,0,0.44876895,40,0,0.165166967,5000.0,8,0,0,0,0.0
5475,0,0.352709819,51,0,0.33615384600000003,9099.0,12,0,1,0,0.0
5476,0,0.511816273,48,0,1619.0,,8,0,1,0,0.0
5477,0,0.143285571,36,0,0.8750624690000001,2000.0,8,0,1,0,1.0
5478,0,0.18092044,38,0,0.595346301,5500.0,8,0,2,0,1.0
5479,0,0.028482112,74,0,0.15198784099999998,12500.0,10,0,1,0,0.0
5480,0,0.851489188,40,1,0.443268665,1700.0,5,2,0,0,0.0
5482,0,0.144243533,65,0,0.593555992,12724.0,9,0,3,0,0.0
5483,0,0.32521249,50,0,0.570905205,6550.0,12,0,3,0,1.0
5484,0,0.176313743,37,0,0.068983269,3884.0,3,0,0,0,1.0
5485,0,0.29609945,47,0,0.143599433,6350.0,4,0,0,0,4.0
5486,1,0.851005275,62,0,0.40008726,4583.0,7,0,1,0,0.0
5487,0,0.010851591,79,1,0.005387535,8166.0,16,0,0,0,0.0
5488,0,0.208967025,50,0,5213.0,,10,0,3,0,1.0
5489,0,0.03314955,26,0,1.3416583420000001,1000.0,11,0,1,0,1.0
5490,0,0.036083723,31,0,1948.0,,12,0,1,0,0.0
5491,0,0.192194427,46,1,0.6119971439999999,4200.0,9,0,1,0,2.0
5492,0,0.0,29,1,0.23690965100000003,3895.0,5,0,0,0,0.0
5494,0,0.686204699,48,1,0.614950022,2300.0,8,1,0,2,1.0
5495,0,0.119792965,69,0,0.20104276100000001,25700.0,16,0,2,0,0.0
5496,0,0.014940378999999998,86,0,0.00390439,10500.0,10,0,0,0,0.0
5497,0,0.805707937,46,0,0.24866956899999998,6200.0,18,0,0,1,3.0
5500,1,0.0359964,36,0,0.037525908,9166.0,5,0,0,0,0.0
5503,0,0.0027924,64,0,0.300628545,6522.0,8,0,2,0,0.0
5504,1,0.756698193,47,4,0.650514374,10400.0,14,0,3,0,3.0
5505,0,0.458393045,45,1,0.345661037,10301.0,4,0,1,0,3.0
5506,0,0.38225696,48,0,0.410747761,4800.0,11,0,1,0,1.0
5507,1,0.827725182,53,1,0.280543891,5000.0,5,1,0,1,0.0
5508,0,0.263840425,59,1,1319.0,,14,0,0,0,0.0
5509,0,0.465127351,47,1,0.119847544,7083.0,6,3,0,0,0.0
5510,0,0.9999998999999999,37,0,0.0,10660.0,1,0,0,0,4.0
5512,0,0.7010865940000001,44,0,0.1538042,3666.0,6,0,0,0,0.0
5513,0,0.8581809290000001,41,0,0.320922262,12837.0,7,0,2,0,3.0
5514,0,0.186762647,44,0,0.5793857370000001,1920.0,5,0,1,0,4.0
5515,0,0.82176775,41,0,0.378190801,8500.0,15,0,1,0,4.0
5516,0,0.343393987,30,0,1702.0,,10,0,1,0,0.0
5517,1,0.91692481,45,0,0.077991932,2230.0,4,0,0,0,2.0
5521,0,0.066157587,61,0,0.140467822,8250.0,5,0,1,0,0.0
5522,1,0.46781001200000005,48,0,0.45713420200000005,3300.0,8,0,1,0,0.0
5523,0,0.603339666,67,1,0.033671519,6800.0,6,0,1,0,0.0
5524,0,0.293754864,47,0,1978.0,,12,0,1,0,2.0
5528,0,1.176043557,45,0,512.0,,4,2,0,0,
5529,0,0.252289853,38,0,0.655536691,5300.0,31,0,2,0,1.0
5530,0,0.0,67,0,0.42932964100000004,8666.0,5,0,1,0,0.0
5531,0,0.847263192,31,0,0.204318273,2500.0,12,0,0,0,0.0
5532,0,0.008319834,44,0,0.002649592,4528.0,4,0,0,0,0.0
5535,0,0.15360594800000002,54,0,0.069329132,16500.0,10,0,2,0,3.0
5536,0,0.9999998999999999,61,0,4.0,,2,1,0,0,1.0
5537,0,0.729740025,51,2,0.360662762,7000.0,13,0,0,0,1.0
5539,0,0.04215316400000001,51,0,0.253804246,5322.0,6,0,1,0,0.0
5540,0,0.245471687,41,2,0.519548045,10000.0,14,0,1,0,3.0
5541,0,0.64706866,61,0,0.54276194,2700.0,9,0,2,0,0.0
5543,0,0.9999998999999999,46,1,597.0,,1,0,0,0,0.0
5544,0,0.466823736,42,0,0.068900297,3700.0,3,0,0,1,0.0
5545,0,0.04864256,60,0,0.41534988700000003,3100.0,6,0,1,0,0.0
5547,0,0.618248371,39,0,0.08684473599999999,7000.0,6,0,0,0,2.0
5549,0,0.5716847110000001,32,0,0.077475789,3200.0,5,3,0,0,0.0
5550,0,0.027491519,57,0,0.335115335,10100.0,11,0,3,0,3.0
5551,0,0.15341156,27,0,0.10775566199999999,5827.0,3,0,0,0,0.0
5553,0,0.354432278,44,0,0.239349272,11125.0,5,0,1,0,0.0
5556,0,0.0026888290000000002,58,1,0.37607799,8000.0,9,0,1,0,1.0
5558,0,0.014787116999999999,80,0,15.0,,4,0,0,0,0.0
5559,0,0.072836323,47,0,0.327822581,2479.0,9,0,0,0,2.0
5560,0,0.0066423440000000005,45,0,0.000893805,17900.0,6,0,0,0,0.0
5561,0,0.5470932270000001,49,1,0.462174941,5075.0,9,0,1,0,2.0
5563,1,0.20949422399999998,25,0,0.326076439,6200.0,7,0,1,0,0.0
5566,0,0.057423432,67,0,0.24910036,2500.0,6,0,0,0,0.0
5573,0,0.24375624399999998,54,0,0.979246733,1300.0,14,0,0,1,0.0
5574,0,0.191163014,64,0,0.397982933,11600.0,16,0,5,0,0.0
5575,0,0.058016035,50,0,0.101366847,10900.0,5,0,1,0,1.0
5576,0,0.380411094,46,0,0.542351093,7000.0,8,0,1,0,4.0
5577,0,0.8106312290000001,25,0,0.31806827600000004,1200.0,5,0,0,0,0.0
5578,0,0.937710356,42,0,2581.0,,4,0,1,1,1.0
5579,0,0.774537577,28,0,0.055577769000000006,2500.0,1,0,0,0,0.0
5580,0,0.951158191,75,1,2858.0,,21,0,1,0,0.0
5583,1,0.31747795300000003,45,2,0.069594035,7241.0,11,0,0,0,0.0
5585,0,0.4029253,35,0,1475.0,,7,0,1,0,6.0
5587,0,0.092976268,38,0,2554.0,0.0,5,0,1,0,1.0
5588,0,0.9999998999999999,41,0,0.40635107299999995,3400.0,5,1,1,0,3.0
5589,0,0.23953638100000002,36,1,0.520197307,7500.0,11,0,2,0,2.0
5590,0,0.0,77,0,0.0,,3,0,0,0,
5591,0,0.9999998999999999,31,0,0.351742275,1520.0,5,0,0,0,2.0
5592,0,0.45028050399999997,50,0,0.110540203,7200.0,6,0,0,0,0.0
5593,0,0.0,30,0,0.225319639,4770.0,8,0,0,0,0.0
5594,0,0.083269167,49,0,0.34773218100000003,12500.0,9,0,1,0,4.0
5596,0,0.019088677,61,0,0.12255975599999999,10500.0,9,0,1,0,0.0
5598,0,0.107912429,31,0,0.089986569,6700.0,7,0,0,0,0.0
5601,0,0.054163431,58,0,0.41646138200000005,6900.0,10,0,2,0,1.0
5603,0,0.9999998999999999,26,2,0.100257069,3500.0,2,0,0,0,0.0
5604,0,0.32643663,58,0,0.26289841,14400.0,10,0,3,0,0.0
5606,0,0.18948774399999999,43,0,313.0,,10,0,0,0,0.0
5607,0,0.493959862,44,0,0.556185644,6700.0,13,0,3,0,0.0
5608,0,0.02939285,62,0,0.250438853,6835.0,11,0,1,0,0.0
5609,0,0.11916193800000001,59,0,813.0,,5,0,1,0,2.0
5610,0,0.0,81,0,0.0,,5,0,0,0,0.0
5611,0,0.0,44,0,0.39865705,8041.0,6,0,1,0,0.0
5612,0,0.136343183,74,0,81.0,,1,0,0,0,0.0
5614,0,0.18363908899999998,51,0,2373.0,,13,0,1,0,0.0
5615,0,0.747743006,44,0,0.35175438600000003,9119.0,5,0,2,0,5.0
5616,0,0.0037230740000000003,59,0,0.112115732,1658.0,3,0,0,0,0.0
5617,0,0.014574308999999999,87,0,0.006242197,1601.0,3,0,0,0,0.0
5619,0,0.19330239899999999,62,0,0.278723404,939.0,12,0,0,0,0.0
5622,0,0.0,39,4,0.339529851,10166.0,13,0,2,0,1.0
5623,0,0.000181448,73,0,0.158613795,3000.0,6,0,0,0,0.0
5624,0,0.447390932,46,0,0.37846846100000003,12000.0,9,0,2,0,0.0
5625,0,0.039878317,29,0,0.026086957,1494.0,3,0,0,0,0.0
5627,0,0.0,49,0,0.465512685,7567.0,9,0,3,0,1.0
5629,0,0.9999998999999999,57,0,0.015851725,8200.0,4,0,0,0,0.0
5632,0,0.0052780990000000005,56,0,0.286185691,6666.0,6,0,1,0,0.0
5633,0,0.03104144,42,0,0.0058563059999999995,7000.0,3,0,0,0,2.0
5634,0,0.9999998999999999,48,0,0.0,,0,0,0,0,0.0
5637,0,0.054274782,66,0,1343.0,,10,0,1,0,
5638,0,0.9999998999999999,53,0,0.47226034100000003,5100.0,5,0,1,1,2.0
5639,0,0.179056117,65,0,1.5726744190000002,1031.0,12,0,1,0,0.0
5642,0,0.9999998999999999,42,0,0.038493584,6000.0,1,0,0,0,0.0
5643,0,0.822886688,38,1,0.5162472920000001,6000.0,11,0,1,0,3.0
5644,0,0.01071352,59,0,4.0,,3,0,0,0,0.0
5645,0,0.544887106,34,0,0.780870807,1400.0,8,0,0,0,0.0
5646,0,0.212832403,39,0,0.175936436,5285.0,5,0,0,0,2.0
5647,0,0.916016797,33,1,0.297907795,5400.0,8,0,1,0,2.0
5648,0,0.79241517,32,1,0.007762879,1416.0,1,0,0,0,0.0
5649,0,0.011590227,65,0,0.28114377100000004,5000.0,10,0,2,0,2.0
5650,0,0.977513678,36,0,0.698366252,4100.0,13,0,2,0,0.0
5652,1,0.546382979,30,0,0.8298944340000001,4167.0,6,0,2,0,2.0
5654,0,0.062468537000000005,43,0,0.47082525,6700.0,8,0,3,0,1.0
5655,0,0.27841388699999997,53,1,1.26871842,2176.0,11,0,1,0,1.0
5656,0,0.147911047,53,0,0.26826341600000003,20833.0,22,0,3,0,1.0
5657,0,0.24037676300000002,68,0,0.342531494,5000.0,10,0,1,0,0.0
5660,0,0.49226257700000003,43,0,0.355824264,12404.0,13,0,1,0,4.0
5661,0,0.167715316,36,0,0.101930287,7200.0,17,1,0,0,1.0
5663,0,0.157760249,32,0,1.025867137,1700.0,7,0,1,0,1.0
5664,0,0.268726952,34,0,0.357919715,5056.0,5,0,2,0,0.0
5665,0,0.363527295,60,0,0.434195355,6070.0,7,0,2,0,0.0
5670,0,0.018450388999999998,59,0,0.344296859,4742.0,17,0,1,0,0.0
5672,0,0.421819025,51,0,0.15275201,3233.0,7,0,0,0,0.0
5673,0,0.975819577,24,0,0.36102436,1600.0,5,0,0,0,0.0
5676,0,0.0,68,0,0.616339608,2496.0,6,0,0,0,1.0
5677,0,0.014187456999999999,48,0,0.316725979,34000.0,9,0,4,0,2.0
5678,0,0.064251876,59,0,0.238660338,7583.0,12,0,1,0,0.0
5679,0,0.497400347,30,0,0.310979115,5218.0,8,0,2,0,0.0
5680,0,0.9999998999999999,26,0,0.129429317,2680.0,1,0,0,0,0.0
5683,0,0.9999998999999999,51,0,0.015480591,4327.0,0,4,0,0,3.0
5684,1,0.9999998999999999,38,0,693.0,,3,8,0,0,0.0
5686,0,0.376896585,57,0,1813.0,,4,0,1,0,0.0
5687,0,0.676460422,41,0,0.25087189,4300.0,6,0,0,0,0.0
5688,0,0.019473081,59,0,0.340119978,5500.0,9,0,1,0,0.0
5689,1,0.530342645,37,0,0.36573595299999995,2900.0,6,0,1,0,1.0
5690,0,0.264470655,65,0,0.546597872,3100.0,17,0,1,0,0.0
5692,0,0.9796614020000001,46,1,0.56095936,1500.0,4,2,0,0,3.0
5694,0,0.30885730100000003,31,0,0.07447646,6350.0,8,1,0,1,0.0
5696,0,0.696340532,63,0,0.44331133799999994,5000.0,4,0,1,0,0.0
5697,0,0.020413511999999998,59,0,0.224899075,15357.0,11,0,2,0,0.0
5698,0,0.39220018100000004,43,0,0.15116976599999998,3333.0,3,0,0,0,3.0
5699,0,0.0,62,0,0.352984798,8090.0,9,0,1,0,1.0
5700,0,0.05864212,51,0,0.528329872,3370.0,8,0,1,0,0.0
5702,0,0.0,78,0,38.0,,3,0,0,0,0.0
5703,0,0.413663015,54,1,0.9238193729999999,2900.0,5,0,1,0,0.0
5704,0,0.9999998999999999,53,2,0.6530682210000001,5833.0,8,3,2,1,0.0
5705,0,0.0066477,33,0,0.063989335,6000.0,6,0,0,0,3.0
5707,0,0.003114197,57,0,0.408124882,5316.0,6,0,2,0,1.0
5708,0,0.038443034,64,0,0.383156803,13500.0,12,0,2,0,1.0
5710,0,0.051529898,45,0,0.292495116,8700.0,5,0,1,0,0.0
5711,0,0.19852671600000002,46,0,1.261477046,500.0,7,0,0,0,2.0
5713,0,0.508427769,27,0,1.398294762,820.0,7,0,0,0,0.0
5715,0,0.20372828,30,1,0.952980378,2700.0,9,0,1,0,0.0
5717,0,0.098162396,61,0,1.324670132,2500.0,7,0,2,0,0.0
5718,0,0.01424155,73,0,0.171049137,7529.0,13,0,0,0,0.0
5719,0,0.516438611,36,0,0.162408354,4500.0,7,0,0,0,2.0
5722,0,0.40272536200000003,49,0,0.36012073200000005,5300.0,10,0,1,0,0.0
5723,0,0.18910676,64,0,2097.0,,13,0,2,0,0.0
5725,0,1.011329557,29,1,0.30628694300000003,1860.0,3,1,0,0,0.0
5726,0,0.208531424,60,1,0.648666163,9258.0,20,0,4,0,0.0
5727,0,0.23341705899999998,38,0,0.48072308399999997,6250.0,11,0,1,0,2.0
5728,1,0.960418663,80,0,2395.0,,6,0,0,1,0.0
5730,0,0.0,81,0,0.172887682,5893.0,9,0,1,0,1.0
5731,0,0.620552765,52,1,0.9823633159999999,1700.0,13,0,1,0,1.0
5732,0,0.9999998999999999,34,0,513.0,0.0,2,0,0,0,0.0
5733,0,0.165188582,54,0,0.8370851709999999,4308.0,8,0,2,0,0.0
5736,0,0.822967109,69,0,1225.0,,4,1,0,0,0.0
5737,0,0.0,42,0,0.08956503099999999,4666.0,6,0,1,0,0.0
5738,0,0.055831472,60,0,0.21440846,7564.0,6,0,1,0,1.0
5739,0,0.07348922299999999,48,0,0.95201371,2333.0,20,0,1,0,0.0
5740,0,0.729711715,58,0,0.35209255799999994,7000.0,8,0,2,0,1.0
5742,0,0.03721824,66,0,1.044145873,2083.0,10,0,2,0,0.0
5743,0,0.052625377,54,0,0.631905408,10317.0,16,0,4,0,0.0
5746,0,0.009289666,47,0,0.500357092,7000.0,15,0,1,0,0.0
5747,0,0.094527112,70,0,2104.0,,10,0,2,0,0.0
5748,0,0.075686053,66,0,0.108600721,15800.0,28,0,1,0,1.0
5749,1,0.538073669,53,0,0.406379681,20000.0,9,0,1,1,1.0
5750,0,0.9999998999999999,25,0,0.42735042700000003,350.0,1,0,0,0,0.0
5751,0,0.9999998999999999,82,0,0.0,,0,0,0,0,0.0
5753,0,0.9999998999999999,46,0,0.165834166,1000.0,2,2,0,0,0.0
5754,0,0.401915785,56,3,0.314114314,6000.0,14,0,1,0,0.0
5756,0,0.459260609,39,0,0.234533183,5333.0,5,0,0,0,2.0
5757,0,0.014817134,62,0,0.005998081,4167.0,3,0,0,0,0.0
5761,0,0.0,67,0,0.0,1600.0,1,0,0,0,0.0
5764,0,0.9999998999999999,34,0,0.40384401700000006,9000.0,3,0,1,0,0.0
5765,0,0.00800189,39,0,453.0,,19,0,0,0,0.0
5766,0,0.004210457,45,0,0.189566837,4293.0,6,0,1,0,1.0
5767,0,0.293848654,51,0,0.660267946,5000.0,12,0,1,0,0.0
5768,0,0.9999998999999999,40,0,0.207130125,8414.0,3,0,2,0,0.0
5770,0,0.013002135,42,0,0.294794095,6434.0,9,0,2,0,3.0
5771,0,0.24584421399999998,62,0,367.0,,11,0,0,0,0.0
5772,0,0.953976943,37,0,0.831659493,2090.0,6,0,1,0,1.0
5773,0,0.0,51,1,3977.0,,7,0,2,0,0.0
5775,0,0.066644452,32,0,0.315812027,7000.0,5,0,1,0,2.0
5777,0,0.005224733,86,0,4.0,,3,0,0,0,0.0
5778,0,0.0,43,4,1.809095216,2110.0,12,0,2,0,3.0
5779,0,0.0,51,0,0.0,4804.0,6,0,0,0,1.0
5781,0,0.037761916,50,0,0.30723816800000003,20833.0,13,0,2,0,1.0
5783,0,0.398550501,56,0,0.351303989,9700.0,11,0,2,0,0.0
5785,0,0.002140774,75,0,0.096807415,7767.0,7,0,1,0,0.0
5787,0,0.9999998999999999,35,1,0.331213085,2200.0,3,0,1,0,0.0
5788,0,0.069501958,55,0,0.293830247,8800.0,22,0,2,0,0.0
5790,1,0.9999998999999999,67,1,0.250423012,6500.0,3,1,1,2,1.0
5792,0,0.212182951,72,0,0.41235281,4500.0,11,0,1,0,0.0
5793,0,0.046016783,60,0,0.097461929,5909.0,7,0,1,0,0.0
5795,0,0.830931312,66,0,0.671726755,6850.0,26,0,2,0,2.0
5796,0,0.9999998999999999,27,0,0.138793694,2917.0,5,0,0,0,0.0
5797,0,0.9999998999999999,39,2,0.137884145,3676.0,2,0,0,0,3.0
5799,0,0.865975565,56,0,0.133333333,524.0,1,0,0,0,1.0
5800,0,0.04633123,66,0,89.0,,7,0,0,0,0.0
5801,0,0.161511241,75,0,0.128205128,4523.0,9,0,0,0,0.0
5802,0,0.199065577,33,0,0.519843101,4333.0,11,0,3,0,2.0
5803,0,0.050637974,84,0,0.076340503,3300.0,4,0,0,0,0.0
5805,0,0.354528214,59,0,0.303868646,8891.0,17,0,2,0,0.0
5806,0,0.035182632,65,0,0.157450655,6636.0,6,0,1,0,1.0
5810,0,0.0,69,0,5266.0,,6,0,2,0,
5811,0,0.8074077040000001,43,0,0.6480876870000001,4287.0,10,0,1,0,2.0
5813,0,0.0,61,0,811.0,,8,0,2,0,0.0
5814,0,0.0,41,0,0.0,4170.0,3,0,0,0,0.0
5815,0,0.36977656200000003,57,0,2002.0,,12,0,2,0,0.0
5818,0,0.8871860909999999,60,0,0.138653462,10500.0,7,0,0,0,0.0
5819,0,0.03222829,58,0,0.004643963,2583.0,3,0,0,0,1.0
5824,0,0.132492696,47,0,0.28985420300000003,16666.0,14,0,1,0,2.0
5827,0,0.8682319829999999,32,0,1.202265911,3000.0,8,0,1,0,1.0
5828,0,0.141790492,38,0,0.688263525,4583.0,14,0,2,0,0.0
5829,0,0.576917583,54,2,0.5060753339999999,6583.0,7,1,1,0,1.0
5830,0,0.436205104,32,0,0.39257006299999997,4602.0,10,0,2,1,1.0
5831,0,0.010443618,51,0,0.06917233099999999,2500.0,8,0,1,0,0.0
5832,0,0.897047336,26,0,0.367316342,2000.0,14,0,0,0,0.0
5834,0,0.036141566,65,0,1190.0,,9,0,1,0,0.0
5835,0,0.0,70,0,0.0,,4,0,0,0,0.0
5838,0,0.320042708,47,0,0.384873597,9532.0,17,0,2,0,1.0
5839,0,0.9999998999999999,44,0,0.7342739559999999,1700.0,4,0,1,0,4.0
5840,0,0.064295898,68,0,0.010189506,10500.0,13,0,0,0,0.0
5841,0,0.093357729,39,0,0.578147496,6250.0,10,0,2,0,1.0
5843,0,0.9999998999999999,48,3,0.19684514600000003,4500.0,3,0,0,0,4.0
5847,0,0.9005215990000001,46,0,0.637368074,6063.0,9,0,1,0,0.0
5850,0,0.042404971,60,0,0.01059894,10000.0,9,0,0,0,0.0
5851,0,0.001935421,86,0,0.0004887590000000001,2045.0,1,0,0,0,0.0
5852,0,0.03479884,63,0,0.068866392,8000.0,5,0,1,0,1.0
5853,0,0.478690823,50,0,0.707860064,2200.0,13,0,1,0,2.0
5854,0,0.38164714,65,0,0.6687655929999999,8416.0,24,0,3,0,0.0
5855,0,0.074355797,36,0,149.4230769,25.0,8,0,2,0,0.0
5857,0,0.003034911,62,0,0.29576440600000004,5500.0,20,0,1,0,0.0
5858,0,8.26e-05,40,0,0.245719285,8000.0,9,0,1,0,0.0
5860,0,0.183023342,58,0,0.376174922,15000.0,4,0,2,0,2.0
5861,0,0.0,83,0,0.004559635,8333.0,6,0,0,0,0.0
5863,0,0.0,62,0,0.37623379100000004,5166.0,19,0,2,0,0.0
5865,0,0.027749133,79,0,2151.0,,4,0,1,0,0.0
5866,0,0.015073151000000002,89,0,0.356357928,4458.0,15,0,1,0,0.0
5867,0,0.216164844,63,0,0.259771705,2890.0,11,1,0,0,0.0
5868,0,0.0,68,0,123.0,,17,0,0,0,0.0
5869,0,0.31323672199999997,54,0,0.85850902,4600.0,15,0,2,0,0.0
5870,0,0.303080099,40,0,0.241652518,5300.0,11,0,0,0,1.0
5871,0,0.8072681559999999,50,0,0.482764335,6033.0,8,1,1,0,2.0
5872,0,0.233906437,24,0,0.020706456,820.0,2,0,0,0,0.0
5874,0,0.23965519300000002,42,1,0.41386204600000004,3000.0,20,0,0,0,0.0
5875,0,0.7738563409999999,53,0,0.36994003,2667.0,6,0,1,0,0.0
5876,0,0.280622745,32,0,0.613341865,6250.0,8,0,2,0,0.0
5878,0,0.047888462,74,0,414.0,,15,0,0,0,0.0
5879,1,0.557826908,27,0,0.07685202299999999,5412.0,4,0,0,1,0.0
5880,0,0.9346026159999999,41,0,0.478988249,5020.0,6,0,1,0,2.0
5881,0,0.04213462,52,0,0.163676124,17833.0,13,0,1,0,1.0
5882,0,0.251590798,46,0,0.277066982,9300.0,10,0,2,0,1.0
5884,0,0.073546323,54,0,0.291309058,12000.0,9,0,1,0,1.0
5885,0,0.380905411,39,0,0.637575505,4800.0,10,1,2,0,3.0
5886,0,0.061590310999999995,31,0,0.642264519,4097.0,3,0,1,0,0.0
5887,0,0.19683589399999998,53,0,4136.0,,15,0,3,0,4.0
5888,1,0.8061938059999999,37,0,0.595997361,4546.0,12,1,1,0,2.0
5889,0,0.07155697,56,0,1426.0,,11,0,1,0,0.0
5890,0,0.165296601,29,1,0.01665405,1320.0,5,0,0,0,0.0
5891,0,0.020310415,67,0,0.18969159300000002,7100.0,11,0,2,0,2.0
5892,0,0.0,44,0,0.254985001,11333.0,6,0,2,0,0.0
5893,0,0.206670567,52,0,0.814796425,12083.0,27,0,2,0,1.0
5895,0,0.39698441700000003,59,0,0.343923573,4500.0,16,0,1,0,0.0
5896,0,0.11337742,35,0,0.250039994,6250.0,6,0,2,0,0.0
5897,0,0.057858952000000005,77,0,0.074177098,2156.0,2,0,0,0,0.0
5898,0,0.7992169729999999,79,0,0.659831643,4632.0,10,0,1,0,0.0
5899,0,0.54823199,48,0,0.688262348,5000.0,13,0,2,0,1.0
5900,0,0.283205451,37,0,1375.0,,6,0,2,0,0.0
5903,1,0.047702369,59,1,2202.0,,20,0,1,0,0.0
5904,0,0.166016194,45,0,0.02729727,10000.0,6,0,0,0,1.0
5907,0,0.0,68,0,1050.0,,3,0,1,0,0.0
5910,0,0.548679206,48,0,0.199205448,3523.0,2,0,0,0,0.0
5911,0,0.166899083,59,0,3.590341382,1200.0,12,0,1,0,0.0
5912,0,0.025426193,64,0,0.138990696,7093.0,8,0,1,0,1.0
5914,0,0.55692997,46,3,0.621189405,2000.0,9,0,1,3,0.0
5915,0,0.595884991,47,0,0.42160658100000004,8265.0,11,0,7,0,0.0
5917,0,0.141917705,44,0,0.112071535,3354.0,6,0,0,0,1.0
5918,1,0.648226066,34,0,0.27063879,12100.0,12,0,2,0,0.0
5920,0,0.00231775,57,0,0.429442011,5250.0,8,0,1,0,1.0
5922,0,0.9999998999999999,47,0,60.0,,0,0,0,0,0.0
5923,1,0.822052353,52,0,0.47803660600000003,6009.0,9,0,1,0,2.0
5924,0,0.001225713,66,0,447.0,,15,0,1,0,
5925,1,0.9999998999999999,58,0,1991.0,,5,2,1,0,0.0
5926,0,0.411491117,47,0,4515.0,,10,0,3,0,2.0
5927,0,0.161572711,55,0,0.26802097,1525.0,5,0,0,0,1.0
5928,0,0.304686942,57,0,0.909650135,2600.0,14,0,1,0,0.0
5930,0,0.18999362399999997,33,0,0.546340304,4207.0,7,0,1,0,0.0
5933,0,0.574609922,51,1,0.548752433,5650.0,5,0,1,0,4.0
5936,0,0.254975689,37,1,0.569513056,4250.0,9,0,1,0,0.0
5937,0,0.9999998999999999,74,0,107.0,,0,0,0,0,0.0
5938,0,0.29667103,49,0,0.8067359140000001,6353.0,9,0,2,0,4.0
5939,0,0.038152464,53,0,0.654384462,3500.0,21,0,2,0,0.0
5943,0,0.16194227,65,0,0.145425167,4950.0,6,0,1,0,0.0
5944,0,0.9999998999999999,31,0,0.471128341,4900.0,3,0,2,0,0.0
5945,0,0.0,68,0,0.0,10500.0,8,0,0,0,0.0
5948,0,0.817492242,60,1,0.324110672,3288.0,6,1,1,0,0.0
5949,0,0.011240992,44,1,9.0,,3,0,0,0,0.0
5950,0,0.392434306,61,0,0.415485693,18416.0,12,0,2,0,1.0
5952,0,0.215571137,51,0,2012.0,,6,0,2,0,0.0
5954,0,0.237594957,55,0,0.151469252,3300.0,7,0,0,0,0.0
5960,0,0.178570536,42,0,0.518827058,3000.0,7,0,1,0,0.0
5964,0,0.6886295040000001,56,1,0.498662591,7850.0,14,0,2,0,2.0
5965,0,0.0032351990000000002,68,1,0.18728368199999998,7800.0,8,0,1,0,0.0
5966,1,0.0,41,0,0.852315954,4468.0,7,1,2,0,1.0
5967,0,0.12047302300000001,35,1,1375.5,1.0,6,0,1,0,2.0
5969,0,0.504367961,37,1,0.135341031,8400.0,4,0,1,0,1.0
5971,0,0.395368116,38,0,0.257771142,7366.0,8,0,1,0,1.0
5972,0,0.11599275,47,1,914.0,,4,0,1,0,0.0
5973,1,0.00133353,53,0,0.512688574,8550.0,24,0,5,1,0.0
5974,0,0.059138513,70,0,0.006311044,13309.0,8,0,0,0,1.0
5975,0,0.190307566,61,0,5431.0,,5,0,1,0,0.0
5976,1,0.480311073,59,3,0.304925894,4587.0,17,0,1,0,0.0
5979,0,0.8984266329999999,65,1,0.258862741,9900.0,10,0,2,0,0.0
5980,0,0.415073116,44,0,0.17094301899999997,3000.0,4,0,0,0,2.0
5981,0,0.157716304,58,1,1.063217724,8620.0,5,0,1,0,2.0
5982,0,0.006528791,82,0,7.0,,6,0,0,0,0.0
5983,0,0.0,61,0,1056.0,,6,0,1,0,0.0
5984,0,0.0,65,0,0.0,,5,0,0,0,0.0
5985,0,0.861585778,48,1,0.313303547,10966.0,14,0,1,0,0.0
5986,0,0.162953761,50,0,0.314114314,6000.0,12,0,2,0,2.0
5989,1,0.9999998999999999,39,0,396.0,,1,1,0,0,0.0
5990,0,0.950419832,51,0,0.560836255,7700.0,4,0,2,0,1.0
5991,0,0.0,81,0,0.000706215,5663.0,5,0,0,0,0.0
5993,0,0.010675933,70,0,0.14212375,3700.0,8,0,1,0,0.0
5994,0,0.23119422,71,0,0.10879170099999999,15616.0,5,2,1,0,1.0
5995,0,1.054310073,78,2,0.620917854,6950.0,12,1,2,0,0.0
5997,0,0.079229246,48,0,0.304534156,11666.0,15,0,1,0,2.0
5998,0,0.920083071,39,0,0.432241194,6500.0,6,0,1,0,0.0
6003,0,0.7905009129999999,39,1,0.7768389659999999,4023.0,11,0,1,0,0.0
6004,0,0.40580858299999994,61,0,0.227546975,5800.0,9,0,0,0,0.0
6005,0,0.962075848,69,0,0.004027618,3475.0,1,0,0,0,0.0
6006,0,0.220901999,40,0,0.163870046,2800.0,11,1,0,0,0.0
6007,1,0.0,56,0,0.0027138979999999997,7000.0,7,0,0,1,0.0
6008,0,0.6985651940000001,38,0,0.40685019200000005,3123.0,9,0,0,0,3.0
6009,0,0.005101892,63,0,0.23640908100000002,4800.0,6,0,1,0,0.0
6010,0,0.289004965,34,0,0.21800367399999998,4898.0,6,0,1,0,4.0
6011,0,0.0,29,0,0.200499688,1600.0,4,0,0,0,0.0
6012,1,0.9999998999999999,36,1,0.299729223,4800.0,5,2,1,0,3.0
6013,0,0.007758729,61,0,0.279521238,6850.0,11,0,1,0,0.0
6014,0,0.008796498,50,1,0.443690939,8994.0,21,0,2,0,0.0
6018,0,0.984007996,62,1,2358.0,,4,0,2,0,0.0
6021,0,0.25507760399999996,54,0,0.284821986,1600.0,7,0,0,0,1.0
6022,0,0.42441439799999997,60,1,0.31377964,10500.0,13,0,2,0,0.0
6026,0,0.957251781,40,1,0.578067597,5443.0,12,0,1,0,2.0
6027,0,0.12544998400000001,50,0,0.306241965,7000.0,6,0,2,0,2.0
6029,0,0.021861215,72,0,33.0,,4,0,0,0,0.0
6030,0,0.001420195,62,0,0.161561492,8683.0,9,0,1,0,3.0
6031,0,0.13599730699999998,47,1,0.202137998,11318.0,19,0,1,0,4.0
6032,0,0.002582347,46,0,0.152447734,7700.0,7,0,1,0,0.0
6033,0,0.104344665,64,0,1890.0,,4,0,1,0,0.0
6034,0,0.719355764,36,0,0.750699907,7500.0,18,0,2,0,0.0
6035,0,0.5853525620000001,70,0,1.840672197,4700.0,32,0,7,0,0.0
6036,0,0.063795477,58,0,1247.0,,16,0,1,0,0.0
6037,0,0.07454917,34,0,2207.0,,14,0,2,0,0.0
6038,0,0.004475056,86,0,0.09001938,10319.0,5,0,1,0,0.0
6039,0,0.029500538,43,0,1.157946051,3076.0,10,0,3,0,0.0
6043,0,0.0,38,0,0.44244972200000005,8800.0,6,0,1,0,2.0
6048,0,0.155745559,31,2,0.7454422690000001,1480.0,11,0,0,0,0.0
6049,0,0.449497315,60,0,373.0,,7,0,0,0,0.0
6051,0,0.035739086,70,0,0.339255969,1800.0,6,0,0,0,0.0
6052,0,0.9999998999999999,26,0,0.0,820.0,1,0,0,0,0.0
6053,0,0.0,52,0,0.00012923,54166.0,8,0,0,0,0.0
6054,0,0.8539322979999999,52,0,0.637389009,4166.0,12,0,2,1,1.0
6056,0,0.011626911,75,0,0.248731918,5322.0,12,0,1,0,0.0
6057,0,0.11388678,40,0,0.06511479099999999,12500.0,6,0,0,0,2.0
6058,0,0.9999998999999999,66,0,1.0,,0,0,0,0,0.0
6059,0,0.048870542,63,0,0.195322196,10474.0,5,0,2,0,1.0
6060,0,0.001629509,72,0,0.152348225,1745.0,4,0,1,0,0.0
6063,0,0.107980143,60,0,0.331766823,10000.0,11,0,1,0,0.0
6064,0,0.9999998999999999,45,0,0.0,1700.0,0,0,0,0,1.0
6065,0,0.0,62,0,2.0,,3,0,0,0,0.0
6066,0,0.0007495889999999999,54,0,0.526618345,4000.0,17,0,2,0,0.0
6067,0,0.9999998999999999,48,0,403.0,,3,0,0,0,
6068,0,0.003302172,42,0,0.33807225799999996,7666.0,5,0,2,0,1.0
6069,0,0.19803919,76,0,0.765429725,5200.0,10,0,3,0,0.0
6070,1,0.0,82,5,2146.0,,5,1,1,1,0.0
6072,0,0.032806737,52,0,0.209671555,8250.0,6,0,1,0,0.0
6074,1,0.9999998999999999,42,0,0.0,3660.0,0,0,0,0,1.0
6075,0,0.07035295,51,0,659.0,,5,0,1,0,1.0
6076,0,0.011947222,40,0,1901.0,0.0,5,0,1,0,2.0
6077,0,0.9999998999999999,49,0,0.297996272,8583.0,4,0,3,0,0.0
6078,0,0.165981041,65,0,0.667805058,10833.0,12,0,6,0,1.0
6079,0,0.090382554,46,0,998.0,,6,0,1,0,0.0
6080,0,0.9634447909999999,49,0,0.470263883,2538.0,4,0,2,0,1.0
6081,0,0.0,36,0,688.0,,6,0,1,0,
6082,0,0.201275178,28,0,0.12355058,2500.0,5,0,0,0,0.0
6083,0,0.260281583,53,0,0.230378109,21633.0,12,0,2,0,2.0
6087,0,0.858601115,60,3,0.342981593,7116.0,14,0,1,1,0.0
6088,0,0.013598621000000002,63,0,0.393295877,10500.0,34,0,2,0,0.0
6089,0,0.0,51,6,0.222209645,8833.0,6,1,1,0,0.0
6090,0,0.112962638,32,0,0.360691145,4166.0,7,0,2,0,2.0
6091,0,0.824626119,60,0,0.590223759,10412.0,9,0,3,0,0.0
6092,0,0.20625908699999998,63,0,0.140610775,12082.0,12,0,2,0,1.0
6093,0,0.332827955,39,1,0.138465384,4000.0,7,0,0,0,1.0
6095,0,0.163968692,55,0,0.250188395,27866.0,24,0,1,0,3.0
6096,0,0.030393921,53,0,245.0,,6,0,0,0,1.0
6097,0,0.050867129000000004,60,2,0.265601362,10575.0,18,0,2,0,0.0
6098,0,0.54579002,46,0,0.447854465,7200.0,9,0,2,0,2.0
6099,0,0.030867609,83,0,35.0,,5,0,0,0,0.0
6100,0,0.039694482,51,0,0.242523407,11000.0,8,0,1,0,0.0
6101,0,0.336482382,64,0,0.459731544,9833.0,14,0,0,0,0.0
6103,0,0.069992554,44,0,2063.0,,4,0,1,0,2.0
6105,0,0.057451024,54,2,0.6202338589999999,3933.0,18,0,1,0,0.0
6108,0,0.007938498,59,0,0.063572911,5300.0,9,0,0,0,0.0
6109,0,0.014566606999999999,63,0,0.001840491,4889.0,3,0,0,0,0.0
6111,0,0.15199301199999998,37,0,98.0,,3,0,0,0,0.0
6113,0,0.008687069,64,0,0.006624171999999999,8000.0,17,0,0,0,0.0
6114,0,0.854304211,51,0,0.648153291,3600.0,6,0,1,0,2.0
6115,0,1.001701947,48,1,0.11032698199999999,4250.0,3,0,0,1,4.0
6116,0,0.0,27,1,315.0,,1,0,0,0,0.0
6117,0,0.0,64,0,0.482250301,6647.0,9,0,2,0,0.0
6118,0,0.053798753,62,0,0.41690801299999997,7250.0,13,0,2,0,2.0
6119,0,0.044326545,75,0,0.300064185,3115.0,7,0,1,0,0.0
6120,0,0.06845439099999999,48,0,0.089739926,6997.0,8,0,0,0,3.0
6122,0,0.0,68,0,263.0,,4,0,0,0,0.0
6123,0,0.39608006799999995,61,0,0.9249134090000001,8083.0,7,0,2,0,0.0
6126,0,0.030698324,55,0,1493.0,,7,0,1,0,0.0
6127,0,0.32272341600000004,52,0,0.230384669,7200.0,8,0,0,0,1.0
6128,1,0.902949572,76,3,0.211587825,2726.0,6,0,0,0,1.0
6130,0,0.134423081,41,0,0.285368341,7845.0,8,0,2,0,3.0
6133,0,0.105342639,67,0,0.203336398,7612.0,8,0,2,0,0.0
6134,0,0.040838366,49,0,2693.0,,5,0,1,0,0.0
6135,0,0.612746684,64,0,0.26451886399999996,2358.0,4,0,0,0,0.0
6136,0,0.9999998999999999,52,0,0.0,,2,0,0,0,0.0
6137,0,0.012874195,44,0,0.05003557,4216.0,7,0,0,0,0.0
6139,0,0.34742802100000003,60,0,0.199920032,2500.0,4,0,0,0,0.0
6140,0,1.028439662,50,0,0.023329445,6000.0,2,0,0,0,1.0
6142,0,0.04964539,82,0,12.0,,1,0,0,0,
6143,0,0.0009629269999999999,35,1,0.178748904,6841.0,4,0,1,0,0.0
6144,0,0.027327572999999997,67,0,0.008189696,10500.0,16,0,0,0,0.0
6146,0,0.12995266800000002,63,0,0.160725859,10800.0,7,0,2,0,0.0
6147,0,0.000931243,62,0,0.15967629,12850.0,10,0,4,0,1.0
6148,0,0.204318544,38,0,0.33111148100000004,6000.0,14,0,2,0,2.0
6149,0,0.020076259,24,0,0.640682095,820.0,6,0,0,0,0.0
6151,0,0.041096326,74,0,1.037785589,2275.0,7,0,2,0,1.0
6152,0,0.046891496,78,0,0.037437005,8333.0,13,0,0,0,0.0
6154,0,0.009190071,55,0,1678.0,,22,0,1,0,
6155,0,0.269647407,52,0,0.372029544,18683.0,14,0,3,0,2.0
6156,0,0.060070543,69,0,0.011759058999999999,4166.0,3,0,0,0,0.0
6157,0,0.00869913,86,0,2.0,,5,0,0,0,0.0
6158,0,0.004256364,48,0,0.518331843,12300.0,12,0,3,0,2.0
6159,0,0.294539192,45,0,0.414577597,6900.0,4,0,1,0,0.0
6161,0,0.042344633,47,0,1176.0,,5,0,1,0,0.0
6164,0,0.053392457000000004,51,0,0.378430896,12350.0,14,0,3,0,3.0
6165,0,0.22346956699999998,62,0,38.0,,4,0,0,0,0.0
6166,0,0.039654191,64,0,0.275,5359.0,14,0,1,0,1.0
6167,0,0.9999998999999999,49,1,0.16900689300000002,3916.0,5,0,0,0,0.0
6168,0,0.042508440999999994,69,0,0.448163443,4600.0,9,0,2,0,0.0
6169,0,0.0,26,1,0.0,7200.0,2,0,0,0,0.0
6171,1,0.000405351,34,0,0.437044569,5900.0,10,0,2,0,2.0
6172,0,0.012872877,49,0,0.000734682,20416.0,4,0,0,0,0.0
6173,0,0.073422573,46,0,0.565419755,5800.0,9,0,3,0,0.0
6174,0,0.00957951,56,0,0.000567905,12325.0,3,0,0,0,0.0
6175,0,0.1679944,40,0,3035.0,,5,0,1,0,0.0
6176,0,0.223493832,53,0,0.53787735,5266.0,9,0,2,0,2.0
6177,0,0.02699775,88,1,0.0044977509999999995,2000.0,5,0,0,0,0.0
6179,0,0.000999001,54,0,0.18664740800000001,6230.0,5,1,0,0,0.0
6180,0,0.267384436,70,0,0.415434084,1554.0,14,0,1,0,0.0
6181,0,0.757521408,58,0,0.838231891,4320.0,17,0,3,0,0.0
6182,0,0.0989659,66,0,1.36031984,2000.0,8,0,1,0,0.0
6183,0,0.060856336,31,0,0.334391534,2834.0,7,0,0,0,0.0
6184,0,0.15593204900000002,45,0,1.18643813,6650.0,20,0,6,0,2.0
6185,1,0.99880024,42,1,1.108656284,2760.0,7,0,3,1,3.0
6189,0,0.060616509000000006,27,0,27.0,,3,0,0,0,0.0
6190,0,0.26618503,49,0,0.17964550899999998,40000.0,16,0,3,0,3.0
6191,0,0.7847432870000001,51,1,0.4545559,8702.0,15,3,2,3,0.0
6192,0,0.17383753100000002,62,0,0.261239139,5293.0,12,0,1,0,0.0
6193,0,0.412302038,38,0,0.941602666,6900.0,6,0,2,0,2.0
6195,0,0.004586049,51,0,0.49209268100000003,2718.0,10,0,1,0,1.0
6197,0,0.018099095,65,0,1204.0,,3,0,1,0,0.0
6198,0,0.081664852,68,0,109.0,,6,0,0,0,0.0
6199,0,0.912711017,67,0,0.28274345100000003,5000.0,6,0,0,0,0.0
6200,0,0.062460962,23,0,0.000718735,4173.0,2,0,0,0,0.0
6202,0,0.9999998999999999,29,0,0.001962227,4076.0,0,1,0,0,0.0
6204,0,0.052872172,48,0,994.0,,8,0,1,0,0.0
6205,0,0.024875151,61,1,0.17550077,6489.0,5,0,1,0,2.0
6206,0,0.12339177400000001,37,1,0.562227603,4129.0,11,0,3,0,2.0
6208,0,0.35071838299999997,54,1,0.197832603,13010.0,8,0,1,0,3.0
6209,0,0.9999998999999999,28,0,0.118822876,1800.0,3,0,0,0,0.0
6210,0,0.173292471,76,0,0.12128787099999999,10000.0,8,0,1,0,0.0
6211,0,0.49294059700000004,40,0,0.234553089,5000.0,5,0,0,0,3.0
6212,0,0.831876759,38,3,0.06589693,3550.0,11,0,0,0,0.0
6213,0,0.0,53,0,0.046988253,4000.0,5,1,0,0,0.0
6215,0,0.22903612899999998,53,0,1192.0,,2,0,1,0,0.0
6216,0,0.001578809,47,0,0.389471639,5147.0,5,0,2,0,0.0
6217,0,0.693288207,55,0,0.35306498299999994,3800.0,7,0,0,0,0.0
6218,0,0.62691242,32,0,0.44422231100000004,2500.0,7,0,0,0,0.0
6220,0,0.002618996,80,0,0.001333111,6000.0,7,0,0,0,0.0
6221,0,0.085376639,60,0,0.24077805300000002,12903.0,23,0,2,0,0.0
6222,0,0.007066195999999999,64,0,3.0,,1,0,0,0,0.0
6223,0,0.9999998999999999,31,0,57.0,,0,0,0,0,0.0
6224,0,0.04475821,49,0,0.060845515999999995,2530.0,3,0,0,0,1.0
6225,0,0.575494793,62,0,0.782839787,3950.0,11,0,1,1,2.0
6226,0,0.0051463,77,0,0.007218212,1800.0,8,0,0,0,1.0
6227,0,0.297627345,61,0,294.0,,2,0,0,0,0.0
6228,0,0.493361606,61,0,0.439127706,6373.0,15,0,1,0,0.0
6229,0,0.29971902,66,0,0.193913043,11499.0,12,0,1,0,1.0
6231,0,0.9998834090000001,27,0,672.0,,3,0,0,0,0.0
6232,0,0.171764755,42,0,0.24716091699999998,9333.0,12,0,2,0,2.0
6233,0,0.066741657,28,0,0.27399651,4583.0,10,0,1,0,0.0
6234,0,0.0,66,0,2398.0,,6,0,2,0,0.0
6235,0,0.025831677,34,0,12.0,,6,0,0,0,0.0
6236,0,0.0,43,1,289.0,,10,0,0,0,0.0
6237,0,0.020141293,28,0,230.0,0.0,8,0,0,0,0.0
6238,0,0.030646236,43,0,0.000274348,3644.0,3,0,0,0,0.0
6240,0,0.190670233,46,0,0.182956187,27000.0,6,0,1,0,0.0
6243,0,0.26667179399999996,40,0,370.5,1.0,6,0,0,0,1.0
6244,0,0.9999998999999999,24,0,141.0,0.0,1,0,0,0,0.0
6245,0,0.030903579,70,0,1017.0,,3,0,1,0,0.0
6246,0,0.49349716299999996,72,0,1280.0,,8,0,0,0,0.0
6247,1,0.9922900859999999,46,1,0.25828757399999996,4916.0,10,1,1,2,1.0
6248,0,0.9673733929999999,61,1,967.0,,7,0,0,0,0.0
6249,0,0.140272037,51,0,0.19713868199999998,13000.0,10,0,1,0,5.0
6250,0,0.939290532,35,1,789.0,,6,0,0,0,0.0
6251,1,1.481037924,26,0,22.0,,1,0,0,1,0.0
6252,0,0.132324512,57,1,0.50969806,5000.0,9,0,3,0,2.0
6253,0,0.9999998999999999,26,0,0.45246690700000003,830.0,1,0,0,0,1.0
6254,0,0.445363866,56,0,0.313315638,18083.0,12,0,2,0,2.0
6256,0,0.06614367,66,0,0.26281844600000004,3100.0,7,0,1,0,0.0
6257,0,0.464316423,46,0,4340.0,,13,0,3,0,2.0
6259,0,0.624769817,53,2,0.476441885,12500.0,10,0,3,0,0.0
6260,0,0.9999998999999999,50,1,0.200315102,4442.0,2,1,1,0,3.0
6261,0,0.024038701000000003,48,0,0.083044983,2600.0,6,0,0,0,0.0
6262,0,0.024758278999999998,69,0,0.170365927,5000.0,10,0,1,0,0.0
6263,0,0.8280282459999999,33,1,0.512581547,4291.0,8,0,0,0,2.0
6264,0,0.8080683879999999,39,0,0.328028825,6660.0,11,0,1,0,5.0
6265,0,0.082927805,69,0,1227.0,,6,0,1,0,1.0
6266,0,0.41986661700000005,36,0,0.402582975,7200.0,11,0,1,0,6.0
6267,0,0.40311240299999995,37,0,0.292225415,12527.0,6,0,3,0,1.0
6268,0,0.228637413,44,0,0.42473204299999995,6250.0,10,0,1,0,0.0
6270,0,0.0031249109999999997,61,0,5025.0,,8,0,4,0,0.0
6271,0,0.031866997,50,0,0.138747588,5700.0,12,0,1,0,2.0
6272,0,0.053192577000000005,69,0,1.301587302,4283.0,11,0,2,0,0.0
6273,0,0.88384755,44,2,0.234001648,3640.0,7,1,0,0,3.0
6274,0,0.071920428,33,0,0.093171382,6750.0,5,0,0,0,0.0
6275,0,0.256195968,49,0,0.311238495,12385.0,9,0,2,0,1.0
6276,0,0.24978223800000002,48,0,0.7220066890000001,7474.0,9,0,2,0,3.0
6277,0,0.8224485970000001,36,0,0.38289929799999994,11250.0,12,0,2,0,2.0
6278,0,0.17967733,41,0,0.7989313840000001,3555.0,14,0,1,0,3.0
6280,1,0.9999998999999999,51,98,0.0,7500.0,0,98,0,98,0.0
6281,0,0.04482685,66,0,0.93762495,2500.0,10,0,2,0,0.0
6284,0,0.0,85,0,0.523658472,3782.0,5,0,2,0,0.0
6285,0,0.32260417399999997,55,0,0.23623312600000002,9333.0,7,0,1,0,4.0
6287,0,0.016302247,66,0,29.0,0.0,7,0,0,0,0.0
6288,0,0.005031933,83,0,0.0007140310000000001,2800.0,5,0,0,0,0.0
6291,0,0.140634339,71,0,0.337732981,12500.0,16,0,2,0,0.0
6292,1,0.9926955540000001,29,4,0.387522496,5000.0,13,0,0,0,0.0
6293,0,0.030472223,73,0,0.304683092,5316.0,11,0,1,0,1.0
6296,0,0.00804829,66,0,0.197166962,9600.0,6,0,2,0,1.0
6297,0,0.0,38,0,0.112676056,2200.0,2,0,0,0,0.0
6298,0,0.0059899509999999994,52,0,0.25768722899999996,5300.0,13,0,2,0,0.0
6300,1,0.410360909,41,0,0.10765864300000001,4569.0,5,1,0,1,2.0
6301,0,0.099537932,45,0,0.33427762,6000.0,18,0,2,0,0.0
6302,1,0.772330346,66,1,0.667166417,2667.0,14,0,1,1,0.0
6303,0,0.780851506,47,0,0.7535915409999999,8700.0,10,0,3,0,1.0
6304,0,0.6887155640000001,61,0,0.165133946,2500.0,6,0,0,0,0.0
6305,0,0.035676269,50,0,0.48675220799999996,6000.0,7,0,3,0,0.0
6307,0,0.625379725,48,0,0.37864505299999995,11350.0,12,0,1,0,1.0
6308,0,0.23424065800000002,56,0,0.514156405,9500.0,12,0,2,0,0.0
6309,0,0.009668762,93,1,0.00219956,5000.0,5,0,0,0,0.0
6310,0,0.17973555300000002,42,0,0.057993555999999995,9000.0,5,0,0,0,4.0
6312,0,0.643100408,73,0,0.583565029,3236.0,5,0,1,0,0.0
6313,0,0.055617435,36,1,0.822057697,3916.0,13,0,1,0,0.0
6314,0,0.73985203,52,0,0.14513357300000002,6400.0,3,0,0,0,2.0
6315,0,0.0,76,0,1.146810146,1300.0,6,0,1,0,0.0
6318,1,0.990834861,47,0,0.153461635,4000.0,7,0,0,0,6.0
6319,0,0.10621885,55,0,99.0,,6,0,0,0,
6321,0,0.08759781,78,0,0.086087625,1300.0,9,0,0,0,0.0
6322,0,0.146536033,38,1,0.6166167929999999,5680.0,8,0,2,0,1.0
6323,0,0.0,61,0,9.46e-05,10575.0,6,0,0,0,0.0
6324,0,0.134590228,53,0,0.575542446,10000.0,15,0,3,0,0.0
6327,0,0.03271131,45,0,1632.0,,6,0,1,0,0.0
6328,0,0.010178213,64,0,0.352564657,11560.0,8,0,2,0,3.0
6329,0,0.19072697600000002,47,0,0.10455581800000001,25000.0,7,0,1,0,0.0
6331,0,0.01948668,57,0,22.0,,3,0,0,0,
6332,0,0.9505784890000001,30,0,0.177842566,2400.0,5,0,0,0,0.0
6333,0,0.072276755,37,0,0.39150419999999997,6308.0,8,0,1,0,2.0
6336,0,0.9999998999999999,46,0,0.0,1900.0,0,0,0,0,4.0
6337,0,0.662623786,54,1,0.9415719920000001,4312.0,19,0,1,0,0.0
6338,0,0.049673989,57,0,0.163151098,9291.0,12,0,2,0,1.0
6339,0,0.054811915,47,0,0.171767645,1600.0,4,0,0,0,0.0
6340,0,0.7690119320000001,40,4,0.637272403,2800.0,9,0,0,0,3.0
6341,0,0.126098761,57,0,0.152950129,17083.0,9,0,1,0,2.0
6342,0,0.025338907999999997,33,1,0.349265854,3200.0,21,0,1,0,0.0
6343,0,0.6982363559999999,58,0,0.257444624,6816.0,11,0,1,0,0.0
6345,0,0.8467270929999999,54,0,0.518248175,10000.0,11,0,2,0,0.0
6346,0,0.9999998999999999,51,0,0.194316081,4327.0,5,0,0,1,1.0
6347,0,0.520957479,54,2,0.148819895,12625.0,7,0,2,0,1.0
6348,0,0.0,56,0,354.5,1.0,5,0,1,0,0.0
6349,0,0.295237071,62,1,0.456501403,2137.0,12,0,0,1,0.0
6354,0,0.35720152899999996,40,0,0.579960003,14500.0,9,0,2,0,2.0
6355,0,0.000656515,67,0,0.001849797,8108.0,8,0,0,0,0.0
6356,0,0.9999998999999999,57,2,2047.0,,3,1,1,0,1.0
6357,0,0.0,88,0,0.188702824,4000.0,8,0,1,0,0.0
6358,0,0.00522046,56,0,0.11406711900000001,5750.0,3,0,1,0,0.0
6360,0,0.0,30,0,0.156807199,6000.0,6,0,0,0,2.0
6361,0,0.8874008320000001,57,0,1321.0,,6,0,1,0,3.0
6363,0,0.285292224,44,0,0.244679332,7000.0,6,0,1,0,2.0
6364,0,0.9999998999999999,32,0,0.0,2200.0,0,0,0,0,2.0
6366,0,0.9999998999999999,37,0,0.0,,0,0,0,0,0.0
6367,0,0.026828723,29,0,0.383452068,8000.0,14,0,1,0,0.0
6368,0,0.225676131,58,0,0.20397664899999998,17300.0,7,0,2,0,0.0
6369,0,0.9999998999999999,67,0,193.0,,4,0,0,0,0.0
6370,0,0.914241764,43,1,0.85765896,2767.0,11,0,1,0,0.0
6371,0,1.014054775,46,1,0.424529305,9400.0,6,0,1,0,2.0
6372,0,0.9999998999999999,62,0,476.5,1.0,4,0,2,0,0.0
6374,0,0.021848907999999997,64,0,0.18757011399999998,4456.0,4,0,1,0,1.0
6375,0,0.021173675,59,0,0.372112558,16666.0,17,0,3,0,0.0
6376,0,0.610452394,32,0,0.11844078,3334.0,8,0,0,0,0.0
6377,0,0.290094654,59,0,4032.0,,6,0,2,0,0.0
6379,0,0.0,39,0,0.346728844,7290.0,15,0,2,0,0.0
6381,0,0.658606265,41,0,0.331726477,5600.0,11,0,1,0,3.0
6387,0,0.31602784100000003,42,0,0.344393423,6750.0,9,0,1,0,1.0
6388,0,0.666328271,59,0,7018.0,,13,0,1,0,1.0
6391,0,0.034264382,66,0,0.352517986,1667.0,4,0,0,0,0.0
6392,0,0.259877177,62,0,2079.0,,9,0,2,0,
6393,0,0.502441033,44,0,0.8298073890000001,3166.0,5,0,2,0,1.0
6396,0,0.303429598,46,0,0.390114943,4349.0,11,0,2,0,0.0
6397,0,0.0,54,0,0.241781548,6600.0,11,0,1,0,2.0
6398,0,0.027798887999999997,48,0,0.280971082,2800.0,3,0,1,0,0.0
6399,0,0.9999998999999999,28,0,68.0,,0,0,0,0,0.0
6400,0,0.015864553,60,0,0.08347913,4000.0,5,0,0,0,0.0
6402,0,0.0,77,0,0.0,0.0,3,0,0,0,0.0
6403,0,0.39347007100000003,54,0,0.034083255,7422.0,2,0,0,0,2.0
6404,0,0.014811574,49,0,4255.0,,3,0,2,0,0.0
6406,1,0.314595927,63,1,0.338830585,3334.0,11,0,1,0,1.0
6407,0,0.08731847,65,0,0.34121882200000003,11666.0,10,0,1,0,0.0
6408,0,0.39937060700000004,71,0,0.30219523600000003,2140.0,3,0,0,0,0.0
6411,0,0.22888228300000002,68,0,0.137877614,3872.0,6,0,0,0,0.0
6413,0,0.02038484,72,0,0.011753183,4083.0,9,0,0,0,0.0
6415,0,0.0,63,0,0.06332574,4389.0,10,0,0,0,0.0
6416,0,0.060656275999999995,53,0,0.404519096,5000.0,10,0,3,0,3.0
6417,0,0.514321428,54,0,0.49430347,3861.0,13,0,1,0,0.0
6418,0,0.5099111820000001,36,0,0.08398184199999999,3083.0,4,1,0,0,0.0
6419,0,0.892366898,41,0,2078.5,1.0,5,0,2,0,2.0
6420,0,0.25423276899999997,49,0,0.579759217,5315.0,9,0,2,0,0.0
6421,1,0.9999998999999999,55,1,0.062473969000000004,2400.0,0,0,0,0,1.0
6422,1,0.9999998999999999,62,0,0.370758123,2769.0,4,0,0,0,0.0
6423,0,0.042212442,63,0,0.007763975,7083.0,7,0,0,0,2.0
6424,0,0.012492116999999999,65,1,0.147314011,5416.0,6,0,1,0,0.0
6425,0,0.41329800899999997,33,0,0.241956008,5500.0,11,0,0,0,0.0
6426,0,0.6332207089999999,52,0,0.211636364,17874.0,17,0,4,0,0.0
6427,0,0.0,65,0,0.547411286,5156.0,9,0,2,0,0.0
6428,0,0.41761860700000003,55,3,0.022891363999999997,53600.0,8,0,1,1,0.0
6429,0,0.77637452,49,0,1.024165508,5751.0,12,0,2,0,2.0
6430,0,0.038747027,53,0,0.45743981100000003,7600.0,19,0,1,0,1.0
6431,1,0.9999998999999999,61,0,2134.0,,2,3,2,0,1.0
6432,0,0.009842365,72,0,18.0,,9,0,0,0,
6433,0,0.457823937,45,1,0.191712335,10400.0,8,0,0,0,1.0
6435,0,0.054762852,46,0,2382.0,,9,0,1,0,2.0
6437,0,0.9999998999999999,48,1,0.423201394,8033.0,9,0,2,0,4.0
6438,0,0.008726184,53,0,0.457574459,9333.0,14,0,3,0,3.0
6440,0,0.0039456790000000005,53,0,0.001047519,10500.0,8,0,0,0,2.0
6441,0,0.146462218,78,0,446.0,,9,0,0,0,0.0
6443,1,1.010430248,32,1,0.313493866,2200.0,5,1,0,2,4.0
6444,0,0.022566551,71,0,0.004555117,3292.0,5,0,0,0,0.0
6445,0,0.0032579590000000004,81,0,0.000676743,4432.0,7,0,0,0,0.0
6446,0,0.332981846,62,0,1298.0,,6,0,1,0,0.0
6448,0,0.97480252,49,0,0.40295203,5419.0,12,0,2,0,1.0
6451,0,0.040598359,62,0,0.086800493,8916.0,8,0,0,0,0.0
6452,0,0.350708464,52,0,0.220975447,9000.0,10,0,1,0,1.0
6453,0,0.067758399,43,0,0.608809768,17525.0,18,0,10,0,3.0
6454,0,0.049074565,57,2,0.668937935,6750.0,16,0,1,0,2.0
6456,0,0.013099673000000001,78,0,0.0015847860000000001,10095.0,6,0,0,0,0.0
6457,0,0.6930610429999999,62,0,5020.0,,9,0,2,0,2.0
6459,0,0.636245993,54,0,0.10214976199999999,6930.0,4,0,0,0,2.0
6461,0,0.18648464899999997,36,0,0.255539143,8800.0,20,0,1,0,2.0
6462,0,0.07224009299999999,42,0,0.253059755,8333.0,7,0,2,0,2.0
6463,0,0.97082658,51,0,1105.0,,9,0,1,0,
6464,1,0.988204456,46,0,0.051937610999999995,6218.0,7,0,0,0,1.0
6465,0,0.00644785,76,0,16.0,0.0,10,0,0,0,0.0
6466,0,0.077699173,40,0,0.412432166,8107.0,12,0,2,0,2.0
6467,0,0.9846412290000001,39,0,0.534193161,3333.0,8,0,2,0,0.0
6468,0,0.9178006790000001,70,1,0.83858071,2000.0,9,0,0,3,0.0
6469,0,0.102967665,59,0,0.325112481,6000.0,7,0,2,0,0.0
6470,0,0.400755377,50,0,0.27134573100000003,5000.0,9,0,0,0,2.0
6473,0,0.0,45,0,2387.0,,12,0,1,0,0.0
6474,0,0.103256624,47,0,0.21518445600000002,11682.0,10,0,1,0,4.0
6475,0,0.472508434,61,0,2730.0,,6,0,1,0,0.0
6476,0,0.5245139560000001,73,0,0.42531926700000006,1800.0,9,0,0,0,0.0
6477,0,0.974051896,26,1,696.0,,3,1,0,0,0.0
6479,0,0.24847740699999998,43,0,0.412845775,15833.0,18,0,4,1,1.0
6480,0,0.011410346000000002,53,0,215.0,,19,0,0,0,1.0
6481,0,0.038170945,60,0,0.464053595,10000.0,16,0,2,0,0.0
6482,0,0.045020073,63,0,5356.0,,15,0,3,0,4.0
6483,0,0.025055246,35,0,1781.0,,10,0,0,0,0.0
6485,0,0.0,34,0,0.0,2796.0,1,0,0,0,1.0
6486,0,0.25390354600000004,45,0,0.506493506,1000.0,5,0,0,0,1.0
6487,0,0.056176711,57,0,0.003576396,5032.0,2,0,0,0,0.0
6488,0,0.0,74,0,0.18624504,8316.0,4,0,1,0,0.0
6491,0,0.690136593,57,0,0.407587549,6167.0,9,1,1,0,3.0
6492,0,0.076584683,55,0,0.0020545389999999998,5353.0,2,0,0,0,0.0
6493,1,0.0,47,0,0.131658114,5650.0,4,0,1,0,2.0
6496,0,0.048073798,74,0,0.071315372,4416.0,2,0,0,0,0.0
6499,0,0.939949192,52,0,0.37777777799999995,4769.0,2,0,1,0,3.0
6501,1,0.181453705,55,0,2.055234087,1900.0,16,0,2,0,0.0
6502,0,0.017943805,62,0,0.094749093,14606.0,10,0,1,0,0.0
6503,0,0.611592272,22,0,0.029032258,929.0,2,0,0,0,0.0
6504,0,0.08935692199999999,49,0,0.222525225,11000.0,10,0,2,0,3.0
6505,0,0.9999998999999999,60,0,0.042954265,3235.0,0,2,0,0,2.0
6506,0,0.8891555059999999,59,0,0.571697193,14358.0,15,0,3,0,2.0
6507,0,0.01621534,53,0,9.0,,3,0,0,0,0.0
6508,0,0.425149701,23,0,0.0055452869999999994,1081.0,1,0,0,0,0.0
6511,0,0.17037393399999998,63,0,0.070299266,7083.0,12,0,0,0,0.0
6513,0,0.075097252,52,0,1290.0,,8,0,1,0,0.0
6514,0,0.267189723,53,1,0.529715676,30000.0,11,0,3,0,3.0
6515,0,0.9242939659999999,38,0,1492.0,,4,0,0,0,0.0
6516,0,0.19353386600000003,45,0,0.365136731,8300.0,16,0,2,0,4.0
6519,0,0.005969139,64,0,0.01239752,5000.0,4,0,0,0,0.0
6520,0,0.0,60,0,0.266776187,28000.0,11,0,3,0,0.0
6522,0,0.023110022,52,0,0.55498778,4500.0,13,0,1,0,1.0
6525,0,0.46380984799999997,45,0,0.421806255,12500.0,6,0,2,0,2.0
6527,0,0.94000606,77,1,2715.0,,7,0,1,0,0.0
6528,0,0.483646515,54,0,0.354577241,6291.0,2,0,1,0,3.0
6529,0,0.548447055,44,0,0.46385472899999997,8700.0,13,0,2,0,6.0
6532,0,0.015257338999999998,47,0,0.011325783,1500.0,5,0,0,1,0.0
6533,0,0.043421762,50,0,0.064660509,10500.0,15,0,1,0,0.0
6534,0,0.190054028,42,0,0.394217149,12000.0,4,0,1,0,2.0
6535,0,0.052148695999999994,66,0,0.132405633,12000.0,11,0,0,0,0.0
6536,0,0.006333874000000001,70,0,1010.0,,3,0,1,0,0.0
6537,0,0.739577713,62,0,0.6971514240000001,6002.0,19,0,1,0,1.0
6540,0,0.033067172,64,0,68.0,0.0,8,0,0,0,0.0
6541,0,0.158470983,53,0,0.33969465600000004,3667.0,9,0,1,2,0.0
6542,0,0.738427552,65,0,0.601674516,9554.0,14,0,1,0,0.0
6543,0,0.18250235199999998,77,0,508.0,,7,0,1,0,0.0
6545,0,0.032111722999999995,41,0,0.17358264199999998,10000.0,6,0,1,0,2.0
6546,0,0.052439972,57,0,0.29796027199999997,7500.0,10,0,1,0,0.0
6547,0,0.028301137999999997,60,0,0.022307692,7799.0,5,0,0,0,0.0
6548,0,0.07009554,65,0,0.153420105,3610.0,3,0,1,0,0.0
6549,0,0.28250749999999997,52,0,0.26423606899999996,8200.0,7,0,2,0,2.0
6552,0,0.880329955,47,1,0.512255742,11667.0,17,0,1,0,2.0
6553,0,0.079563583,52,0,0.428183701,14000.0,12,0,2,0,2.0
6554,0,0.02133301,70,0,1836.0,,5,0,1,0,
6555,0,0.27052610899999996,47,0,0.132855335,9483.0,7,0,2,0,3.0
6556,0,0.030838766,82,0,0.0074985,3333.0,6,0,0,0,0.0
6557,0,0.6757618000000001,64,0,0.470278801,1900.0,7,0,0,0,0.0
6559,0,0.04699663,46,0,0.294340355,10300.0,13,0,1,0,1.0
6561,0,0.819513877,29,0,0.7478152309999999,800.0,5,0,0,0,0.0
6563,0,0.013162241000000002,61,0,0.138744502,2500.0,15,0,1,0,0.0
6565,0,0.524998092,63,1,0.783706866,2810.0,15,0,1,0,0.0
6566,0,0.011272386,62,0,0.131540384,11600.0,5,0,1,0,1.0
6568,0,0.8589490320000001,32,2,0.157109421,3417.0,2,2,0,0,3.0
6570,0,0.0760949,59,1,0.019381634,6500.0,3,0,0,0,2.0
6572,0,0.0,91,0,0.0,,3,0,0,0,0.0
6573,0,0.38149808,52,1,5297.0,,17,0,1,0,3.0
6574,1,0.9999998999999999,52,0,995.0,,4,0,2,0,
6575,0,1.099780044,54,1,0.261752757,3445.0,4,0,0,2,1.0
6576,0,0.0010316639999999998,70,0,0.12481709099999999,6833.0,10,0,0,0,1.0
6577,0,0.057647075,77,0,628.0,,7,0,1,0,0.0
6578,0,0.702999787,32,0,0.19395931800000002,4866.0,5,0,0,0,0.0
6579,0,0.11272428400000001,29,0,0.135280553,1300.0,5,0,0,0,1.0
6580,0,0.419802933,66,0,0.558427855,3790.0,10,0,2,0,0.0
6583,0,0.274600881,56,0,0.375694844,5216.0,18,0,1,0,7.0
6584,0,0.268592524,66,1,0.332916732,6400.0,13,0,1,0,0.0
6586,0,0.0,62,0,0.36415217200000005,10750.0,23,0,3,0,0.0
6589,0,0.019222685,73,0,0.188144948,4166.0,12,0,0,0,0.0
6591,0,0.9999998999999999,44,0,0.0,4000.0,0,2,0,0,0.0
6593,0,0.469868513,62,0,0.555505719,4458.0,11,0,2,0,0.0
6594,0,0.605880434,57,1,0.8014822659999999,5666.0,19,0,1,0,1.0
6595,0,0.0,50,0,0.086956522,5335.0,4,0,0,0,0.0
6596,0,0.13757412,59,0,0.19580815699999998,10591.0,8,0,2,0,0.0
6597,0,0.32327214600000004,52,0,0.568432348,10250.0,15,0,4,0,0.0
6599,0,0.03674572,61,0,0.18377330600000003,10833.0,10,0,1,0,0.0
6600,0,0.072186663,63,0,0.019497563,5333.0,9,0,0,0,0.0
6601,0,0.035586651000000004,54,0,0.395606424,5416.0,8,0,2,0,1.0
6602,0,0.508232021,49,0,0.7182281770000001,10000.0,29,0,7,0,3.0
6603,0,0.024078957999999998,74,0,0.009648058000000001,16479.0,30,0,0,0,0.0
6607,0,0.012924325,43,1,0.362625139,8090.0,10,1,3,1,1.0
6610,0,0.355413217,42,1,0.35644780299999995,10584.0,13,0,2,0,2.0
6611,0,0.011191066999999999,72,0,0.181423925,5533.0,11,0,1,0,0.0
6612,0,0.055611975,86,0,0.323767623,10000.0,13,0,2,0,0.0
6614,0,0.455588338,49,1,0.661487578,13000.0,22,0,3,0,1.0
6615,0,0.210924317,57,1,0.340443767,10500.0,7,0,2,0,1.0
6616,0,0.243334907,47,2,2791.0,,9,0,2,1,0.0
6617,0,0.019934198,62,0,0.003499222,2571.0,4,0,0,0,0.0
6618,0,0.192001481,30,0,0.13748854300000002,12000.0,6,0,1,0,2.0
6619,0,0.0034479790000000003,46,0,0.002702703,5179.0,5,0,0,0,1.0
6621,0,0.030107766,27,0,1849.0,,5,0,1,0,
6622,0,0.04739763,60,0,0.443198263,11055.0,6,0,4,0,2.0
6624,0,0.036004196,35,0,0.309529992,3850.0,20,0,0,0,1.0
6625,1,0.04112243,55,1,1.096903097,1000.0,8,0,1,0,1.0
6626,1,0.0,28,1,0.424143964,4000.0,8,6,1,1,0.0
6630,0,0.314173549,63,0,0.9713231790000001,8403.0,15,0,3,0,0.0
6633,0,0.13217581,43,0,0.442963544,2550.0,3,0,1,0,0.0
6635,0,0.12731293300000002,61,0,0.09909268800000001,5620.0,9,0,0,0,1.0
6636,0,0.78150966,53,3,0.5422949420000001,9350.0,11,0,3,0,1.0
6638,0,0.845668697,31,1,0.26419136,2800.0,7,0,0,2,3.0
6639,0,0.526133988,56,0,0.549575071,6000.0,21,0,3,0,2.0
6640,0,0.01920352,66,0,0.089588055,7500.0,9,0,1,0,0.0
6642,0,0.6746506990000001,30,0,0.145514035,5806.0,4,0,0,1,1.0
6643,0,0.045144945,50,0,0.18559893800000002,9040.0,11,0,1,0,0.0
6644,0,0.543746291,86,0,0.18225967699999998,7000.0,10,0,0,0,0.0
6645,0,0.02234384,66,0,0.022664507999999996,10500.0,20,0,0,0,0.0
6648,0,0.005170974,77,0,1369.0,,14,0,1,0,0.0
6654,0,0.9999998999999999,40,0,65.0,,1,0,0,0,0.0
6655,0,0.001249962,65,0,1.0,,5,0,0,0,1.0
6656,0,0.206518604,28,0,1272.0,,6,0,1,0,0.0
6658,1,0.8048674490000001,31,2,0.0056419059999999995,81000.0,5,0,0,0,2.0
6660,0,0.00020178900000000002,68,1,40.0,,3,0,0,0,0.0
6662,0,0.258405608,41,0,0.22668190300000002,7000.0,16,0,1,0,1.0
6663,0,0.040131489,22,0,0.00159968,5000.0,5,0,0,0,0.0
6664,0,0.820133511,47,3,0.594063728,16036.0,12,1,8,6,0.0
6666,0,0.09561753,58,0,0.087326056,12000.0,5,0,0,0,3.0
6669,0,0.22135439999999998,53,0,0.781169757,3504.0,9,0,1,0,0.0
6670,0,0.9999998999999999,81,1,0.839766082,2564.0,3,0,1,0,0.0
6671,0,0.004425623,60,0,679.0,,11,0,1,0,0.0
6672,0,0.034038637999999996,68,0,0.001207671,20700.0,4,0,0,0,0.0
6673,0,0.038236589,39,0,72.0,,4,0,0,0,0.0
6674,0,0.020956737,53,0,2433.0,,14,0,1,0,0.0
6676,0,0.0769097,66,0,0.059605864,10300.0,5,0,1,0,0.0
6678,0,0.00448263,68,1,0.21171489100000002,2833.0,15,0,1,0,0.0
6680,0,0.764263028,53,1,2302.0,,4,0,2,0,1.0
6682,1,0.508330905,53,1,0.505494505,10100.0,13,0,2,0,0.0
6683,1,1.215406562,55,1,0.017041581,4400.0,2,1,0,0,1.0
6685,0,0.232935306,66,0,0.599715775,2110.0,17,0,0,0,0.0
6686,0,0.17656507,65,0,0.242787775,3500.0,9,0,0,0,1.0
6687,0,0.9999998999999999,75,0,0.0,,0,0,0,0,2.0
6688,0,0.9999998999999999,57,0,1.238556338,2271.0,5,0,1,0,0.0
6689,0,0.127727657,32,0,0.182328716,5341.0,9,0,0,0,0.0
6690,0,0.56662425,27,0,0.023244189,4000.0,1,0,0,0,0.0
6695,0,0.068969435,44,0,3462.0,,7,0,2,0,0.0
6696,0,0.9786808790000001,47,1,0.751689189,2959.0,5,1,1,1,3.0
6698,0,0.46412338200000003,43,1,0.414117177,5000.0,13,0,2,0,3.0
6699,0,0.115283656,53,0,0.7777777779999999,4166.0,13,0,2,0,1.0
6701,0,0.028932916,73,0,0.18327778,21300.0,11,0,2,0,0.0
6702,0,0.40008938,43,1,0.161919831,3791.0,9,0,0,0,0.0
6704,0,0.020252951,82,0,0.088443635,4940.0,7,0,0,0,0.0
6709,0,0.11579855300000001,69,0,0.019024762,80000.0,4,0,0,0,0.0
6710,0,0.018921393,51,0,0.00523195,8600.0,6,0,0,0,0.0
6711,0,0.998766708,51,0,0.557243708,6515.0,5,0,1,0,3.0
6712,0,0.271248583,87,0,122.0,,2,0,0,0,0.0
6715,0,0.9999998999999999,50,0,0.0,9000.0,2,0,0,0,4.0
6717,0,0.449883786,72,0,0.275778613,15700.0,11,0,1,0,0.0
6718,0,0.0,39,0,0.29031660800000003,5400.0,5,0,1,0,0.0
6720,0,0.291688724,63,0,0.463313336,4333.0,6,0,2,0,0.0
6722,1,0.201437366,63,1,0.157312358,7500.0,8,0,1,0,1.0
6723,0,0.398589065,51,1,0.020811655,960.0,2,0,0,0,1.0
6726,0,0.8553757340000001,39,1,0.38055683700000004,6500.0,5,0,1,0,0.0
6727,1,0.024099584,55,0,0.398746456,6700.0,13,1,1,1,0.0
6728,0,0.074973077,78,0,132.0,,2,0,0,0,0.0
6729,0,0.08321083,51,0,0.218402325,9976.0,3,0,1,0,0.0
6731,0,0.008575108,42,0,0.324908015,6250.0,9,0,1,0,0.0
6732,0,0.046445599000000004,64,0,0.159989543,15300.0,7,0,1,0,0.0
6734,0,0.302334883,68,1,0.252148997,1395.0,9,0,0,0,0.0
6736,0,0.9999998999999999,55,0,1019.0,,3,0,0,0,3.0
6737,0,0.103879235,73,0,1874.0,,15,0,1,0,0.0
6738,0,0.012326823999999998,62,0,0.0010751530000000001,9300.0,9,0,0,0,1.0
6739,0,0.588163415,60,1,0.561787642,3333.0,7,0,2,0,2.0
6742,0,0.39187479299999994,54,0,0.671382758,5300.0,9,0,2,0,0.0
6744,0,0.017163806,31,0,0.033911569,7666.0,4,0,0,0,0.0
6745,0,0.10388064400000001,37,0,0.276683328,3400.0,3,0,1,0,4.0
6747,0,0.032770492000000005,66,2,0.289706008,11666.0,4,0,1,0,0.0
6748,0,0.047798087999999996,48,0,0.085745926,6320.0,4,0,0,0,1.0
6756,0,0.004156859000000001,47,0,0.195160442,1900.0,11,0,0,0,0.0
6757,0,0.055484270999999995,63,0,2113.0,,9,0,2,0,3.0
6758,0,0.291917702,61,0,0.27979464600000004,5453.0,6,0,1,0,0.0
6759,0,0.030109177,43,0,504.0,0.0,9,0,0,0,0.0
6761,0,0.078481998,51,1,0.246396134,12000.0,9,0,2,0,2.0
6762,0,0.064439541,39,0,0.136949044,12500.0,4,0,1,0,3.0
6763,0,0.9999998999999999,56,0,329.0,,3,0,0,0,0.0
6764,0,0.9999998999999999,51,0,1248.0,,1,0,1,0,0.0
6765,0,0.04179193,55,0,1333.0,,15,0,1,0,0.0
6766,0,0.9223628690000001,40,1,0.056955200000000004,10200.0,6,0,0,0,2.0
6769,0,0.9999998999999999,40,0,0.617833095,4900.0,5,0,1,0,1.0
6770,0,0.056997522,30,0,0.507250269,3723.0,9,0,1,0,0.0
6771,0,0.45756758,62,0,0.679577792,21505.0,25,0,6,0,1.0
6772,1,1.095182139,38,0,0.12470495699999999,5083.0,4,0,0,1,4.0
6773,0,0.367663234,49,0,0.46179117299999994,7000.0,11,0,4,0,2.0
6774,0,0.9999998999999999,37,0,0.204448888,4000.0,4,0,0,0,1.0
6775,0,0.773226773,34,3,1.367380026,3083.0,5,0,1,0,0.0
6776,0,0.032729229,66,2,0.28594334600000004,5612.0,16,0,1,0,1.0
6777,0,0.0035034959999999996,48,0,0.304940732,9532.0,9,0,1,0,2.0
6778,0,0.852541573,34,0,1.19494987,2692.0,12,0,1,0,0.0
6779,0,0.081687133,50,1,3803.0,,19,0,3,0,0.0
6781,0,0.205486345,49,0,0.294600372,14500.0,10,0,2,0,3.0
6784,0,0.033083913,60,0,0.11500830699999999,5416.0,11,0,1,0,0.0
6785,1,0.011568401,49,0,0.572767021,1600.0,15,0,0,0,0.0
6786,1,1.3023255809999998,54,2,0.17303660699999998,6200.0,3,1,0,1,1.0
6787,0,0.918830385,59,0,0.47775370799999994,6000.0,4,0,1,0,1.0
6788,0,0.0,69,0,783.0,,8,0,1,0,0.0
6789,0,0.087440801,53,0,0.48325847299999997,9795.0,19,0,3,0,0.0
6790,0,0.7353161709999999,23,0,0.035183737,2557.0,4,0,0,0,0.0
6791,0,0.20787921199999998,48,0,0.34610904,8583.0,3,0,1,0,3.0
6793,0,0.356515608,60,0,0.360607183,2700.0,11,0,1,0,3.0
6794,0,0.9911030000000001,48,0,0.213407638,6100.0,7,0,0,0,2.0
6795,0,0.0,63,0,0.0,,3,0,0,0,0.0
6796,0,0.061373082,60,0,0.269297427,7500.0,11,0,1,0,0.0
6799,0,0.41794604799999996,64,0,0.673083908,2752.0,11,0,0,0,0.0
6801,0,0.057066998,36,0,0.320425416,7333.0,4,0,1,0,0.0
6802,0,0.760615959,45,0,0.610788189,4300.0,12,0,2,0,0.0
6803,0,0.089533284,58,0,0.304763071,8166.0,13,0,4,0,0.0
6804,0,0.0,76,0,0.0,,3,0,0,0,
6806,0,0.0009989880000000001,65,0,1.194690265,3502.0,13,0,2,0,0.0
6807,0,0.0,33,0,0.440536407,8500.0,6,0,2,0,2.0
6808,0,0.030662117000000003,58,0,0.283292031,7666.0,10,0,1,0,0.0
6809,0,0.065540082,47,1,0.257957007,6000.0,7,0,2,0,0.0
6810,0,0.100147496,68,0,0.042841842000000005,2800.0,2,0,0,0,0.0
6811,0,0.029766941,33,0,0.00219956,5000.0,1,0,0,0,0.0
6813,0,0.023904382000000002,40,0,0.49557749,7800.0,8,0,3,0,1.0
6815,1,0.010702718,32,1,71.0,,3,0,0,0,0.0
6817,0,0.93000707,33,0,0.138922996,5700.0,4,0,0,0,1.0
6818,0,0.020854166,47,0,34.0,,11,0,0,0,0.0
6819,1,0.955684483,44,1,0.660842979,4578.0,7,6,1,0,0.0
6823,0,0.486005029,45,0,0.46983347,7325.0,14,0,1,0,1.0
6826,0,0.323594964,68,1,0.241262301,8840.0,12,0,1,0,1.0
6827,0,0.30011138800000003,28,0,0.153787005,2600.0,12,0,0,0,0.0
6828,0,0.002079503,57,2,0.361971042,12500.0,15,0,2,0,5.0
6830,0,0.500632258,51,0,0.48859259299999996,3374.0,8,0,1,0,3.0
6831,1,1.0045814240000002,49,0,0.30900968,4028.0,6,2,1,0,0.0
6832,0,0.051347433,69,0,1637.0,,3,0,2,0,
6833,0,0.009339405,95,0,24.0,,3,0,0,0,0.0
6836,1,1.001646671,46,5,0.64117941,2000.0,8,0,2,0,0.0
6837,1,0.9999998999999999,25,2,0.081643988,3600.0,1,0,0,0,1.0
6838,0,0.01746688,32,0,0.12195122,2500.0,6,0,0,0,0.0
6840,0,0.27089097,47,0,0.51845108,8237.0,9,0,2,0,0.0
6843,0,0.9999998999999999,64,0,0.0027260340000000004,2200.0,0,0,0,0,0.0
6844,1,0.083832335,31,1,0.056632750999999995,5208.0,5,0,0,1,0.0
6845,0,0.007235371,85,0,0.030053708,8750.0,4,0,0,0,0.0
6846,1,0.739710048,28,2,1.042714329,3300.0,8,1,2,1,0.0
6847,0,0.159371985,62,0,0.227208976,1425.0,9,0,0,0,0.0
6848,0,0.9826806929999999,50,0,0.164650339,10166.0,11,0,0,0,0.0
6849,0,0.657574499,46,1,1.384615385,1000.0,4,0,0,0,3.0
6853,0,0.9999998999999999,59,0,0.00569886,3333.0,0,5,0,1,0.0
6854,0,0.005493186999999999,58,1,0.272149023,2200.0,8,0,1,0,0.0
6855,0,0.806576402,60,0,0.079791024,4210.0,3,1,0,0,1.0
6856,0,0.871188135,39,2,0.7774075309999999,3000.0,7,1,1,1,5.0
6858,0,0.16369893900000002,48,0,0.34004399700000004,15000.0,16,0,2,0,2.0
6860,0,0.018333817,53,0,0.11428337,12188.0,11,0,1,0,2.0
6861,0,0.392804782,53,3,0.777203799,6000.0,10,0,1,0,0.0
6862,0,0.019088123999999998,41,0,0.209973753,8000.0,6,0,1,0,0.0
6863,0,0.047437186,67,0,0.249266862,3750.0,6,0,1,0,0.0
6865,0,0.0,57,0,0.19012954,26786.0,8,0,1,0,3.0
6866,0,0.0,73,0,0.501013377,7400.0,7,0,1,0,0.0
6869,0,0.061618291,33,0,0.36753154,4200.0,4,0,1,0,2.0
6870,0,0.033728597,82,0,0.091846298,3200.0,13,0,0,0,0.0
6871,0,0.011896661999999999,91,0,15.0,,7,0,0,0,0.0
6872,0,0.256970362,55,0,0.520677552,6552.0,27,0,1,0,0.0
6873,0,0.205806922,69,0,0.21786248100000002,2675.0,9,0,0,0,0.0
6874,0,0.105611799,45,0,2906.0,,10,0,2,0,0.0
6877,0,0.017788439,70,0,0.002333074,9000.0,14,0,0,0,0.0
6878,1,0.29121458,31,0,0.617319787,6200.0,14,0,2,0,0.0
6879,0,0.6127183039999999,59,0,1.810940499,2083.0,12,0,2,0,0.0
6880,0,0.763499571,44,0,0.452004219,7583.0,9,0,3,0,4.0
6881,0,0.330394073,61,0,0.719381177,2326.0,6,0,1,0,1.0
6882,0,0.910032505,32,1,0.692763938,1685.0,7,0,0,0,1.0
6885,0,0.569886023,40,0,0.768026511,8750.0,6,0,2,0,2.0
6888,0,0.0,66,1,0.25440512600000004,20600.0,13,0,2,0,0.0
6889,0,0.8267904070000001,80,0,0.447373205,5500.0,9,2,2,0,0.0
6890,1,0.534109817,31,0,0.022900762999999998,2357.0,3,0,0,0,2.0
6892,1,0.9999998999999999,51,0,1024.0,,3,1,1,0,0.0
6893,0,0.9999998999999999,51,1,106.0,,0,0,0,0,0.0
6894,0,0.0009401580000000001,56,1,0.278408685,14000.0,18,0,2,0,0.0
6895,0,0.023858103999999998,64,0,1335.0,,7,0,2,0,0.0
6896,0,1.107784431,37,1,0.38781339299999995,3150.0,5,0,1,0,0.0
6898,0,0.10374675800000001,59,0,3170.0,,13,0,1,0,0.0
6899,0,0.067873651,58,0,0.124405213,14500.0,6,0,1,0,2.0
6900,0,0.526982012,55,0,0.343015805,2340.0,4,0,0,0,0.0
6901,0,0.0045331320000000005,68,0,1619.0,,5,0,1,0,0.0
6902,0,0.78725186,57,3,0.9421566290000001,4200.0,8,0,2,0,0.0
6904,0,0.062423175,71,0,1178.0,,7,0,1,0,0.0
6905,0,0.9999998999999999,49,0,0.39734448,4066.0,5,0,1,0,0.0
6907,0,1.5480943740000002,24,0,37.0,,3,0,0,2,
6908,0,0.043116821,66,0,0.621664361,5058.0,9,0,2,0,1.0
6909,1,0.9999998999999999,62,8,0.800428418,2800.0,13,2,1,3,0.0
6910,0,0.132470269,42,0,1797.0,,4,0,1,0,0.0
6911,0,0.509414647,45,0,1.267622063,6000.0,11,0,4,0,2.0
6912,0,0.025211357,60,0,0.29151389899999997,15000.0,12,0,2,0,0.0
6913,0,0.157943445,59,1,0.48092322200000004,4245.0,17,0,2,0,1.0
6915,0,0.009127364,55,0,0.475078699,7623.0,9,0,1,0,0.0
6916,0,0.028790621000000002,91,0,0.00297442,3361.0,2,0,0,0,0.0
6917,0,0.049167327999999996,58,0,0.0016665279999999998,12000.0,7,0,0,0,0.0
6919,0,0.23444145,56,0,0.321876351,4625.0,13,1,0,0,0.0
6920,0,0.08187588,48,0,1110.0,,3,0,1,0,0.0
6921,0,0.966871435,38,0,0.284302421,6070.0,4,0,1,0,1.0
6922,0,0.268731269,26,0,0.527472527,1000.0,3,0,0,0,0.0
6923,0,0.008829855,81,0,0.00070049,9992.0,2,0,0,0,0.0
6926,0,0.9302325579999999,57,0,0.571143882,2508.0,11,0,1,0,0.0
6927,0,0.021222324,24,0,0.0060901340000000005,820.0,4,0,0,0,0.0
6928,1,0.0,51,0,0.30118443300000003,6500.0,8,0,1,0,2.0
6929,1,0.7860348840000001,25,0,0.480584391,2600.0,9,1,0,0,0.0
6930,0,0.050449111,48,1,0.248725025,33333.0,17,0,3,0,6.0
6931,0,0.635505269,47,0,0.47899159700000005,57000.0,12,0,6,0,3.0
6932,0,0.055551634,58,0,79.0,,3,0,0,0,0.0
6933,0,0.101573016,46,0,0.467253275,10000.0,7,0,3,0,2.0
6935,0,0.102696426,78,0,23.0,0.0,1,0,0,0,0.0
6936,0,0.325173986,43,0,1723.0,1.0,13,0,1,0,2.0
6939,1,0.042632162,53,0,0.473863314,10578.0,10,0,2,0,0.0
6940,0,0.058894111,77,0,0.005097450999999999,3334.0,3,0,0,0,0.0
6941,0,0.775542359,48,0,1962.0,,5,0,1,0,3.0
6943,0,0.03690559,68,0,53.0,,7,0,0,0,0.0
6944,1,1.083412683,46,4,1779.0,,7,1,1,1,
6945,0,0.232466621,57,0,0.28643853,3155.0,7,0,1,0,0.0
6946,0,0.9999998999999999,39,0,0.0,,1,0,0,0,0.0
6947,0,0.478043496,32,0,0.19165952600000002,3500.0,6,0,0,0,0.0
6948,1,0.823415578,55,2,727.0,,12,1,0,1,0.0
6950,0,0.8430637390000001,45,1,960.0,,10,0,1,1,1.0
6951,0,0.018136661999999998,31,0,0.400442478,4067.0,10,0,1,0,0.0
6952,0,0.148323445,38,0,0.092581484,5000.0,3,0,0,0,1.0
6953,0,0.080661289,52,0,0.157077393,11783.0,14,0,1,0,2.0
6954,0,0.014386735,66,0,0.451754825,10000.0,8,0,3,0,1.0
6956,0,0.0044481220000000005,68,0,17.0,,10,0,0,0,0.0
6957,0,0.006980255,48,0,0.35554815100000003,3000.0,9,0,1,0,0.0
6959,0,0.986871547,63,0,0.193424526,8333.0,6,0,0,0,2.0
6960,0,0.069531016,33,1,2296.0,,7,0,1,0,0.0
6963,0,0.38053982,46,0,0.38407039200000004,8750.0,5,0,2,0,2.0
6964,0,0.573151678,46,0,279.0,,4,0,0,0,3.0
6970,0,0.9999998999999999,24,0,0.0,,0,2,0,0,0.0
6971,0,0.0,71,0,3174.0,,7,0,2,0,0.0
6974,0,0.0,30,0,0.466844385,3000.0,4,0,1,0,0.0
6975,0,0.8177694999999999,53,0,0.5557079189999999,5833.0,15,0,0,0,6.0
6977,0,0.005656631999999999,61,0,0.43792037799999994,5500.0,15,0,1,0,0.0
6978,0,0.167865204,41,0,0.42203349799999995,25433.0,14,0,11,0,0.0
6980,0,0.03362577,66,0,652.0,,5,0,1,0,
6981,0,0.5573923479999999,35,0,0.126912875,4900.0,8,0,0,0,2.0
6982,0,0.0,57,0,0.269662921,18333.0,14,0,3,0,0.0
6983,0,0.7841328879999999,37,0,0.640366326,2838.0,6,0,1,0,0.0
6985,0,0.17544053399999998,67,0,3333.0,,19,0,2,0,
6987,0,0.9999998999999999,26,0,119.0,,0,0,0,0,0.0
6988,0,0.110216825,51,0,0.31766653899999997,7850.0,13,0,2,0,3.0
6989,0,0.036249518,64,0,568.0,,10,0,1,0,0.0
6992,0,0.436637557,52,0,0.242476852,5183.0,8,0,1,0,0.0
6994,0,0.009172580999999999,37,1,0.092034744,5410.0,15,0,0,0,1.0
6996,0,0.017597979,80,0,0.38271352700000005,4893.0,16,0,3,0,0.0
6997,0,0.084203993,44,1,0.525497167,9000.0,14,0,2,0,2.0
6998,0,0.077748375,74,0,0.12392207,6261.0,14,0,0,0,0.0
7000,0,0.058855041,70,0,54.0,,6,0,0,0,
7003,0,0.014341335,36,0,0.05265789,6000.0,11,0,0,0,0.0
7005,0,0.013702253000000001,65,0,0.610383944,4583.0,15,0,2,0,0.0
7007,0,0.076049943,44,0,1998.0,,2,0,1,0,0.0
7010,0,0.9999998999999999,62,0,0.617076585,5000.0,7,0,5,0,1.0
7011,0,0.009266049,58,0,1385.0,,5,0,0,0,0.0
7012,0,0.223250137,55,0,0.785535744,6000.0,14,0,2,0,0.0
7013,0,0.003468267,46,0,0.18519117300000001,12370.0,5,0,1,0,3.0
7015,0,0.169532187,39,1,0.309729419,1736.0,7,0,0,0,1.0
7016,0,0.018846173,54,0,0.368427579,8063.0,12,0,2,0,1.0
7017,0,0.5404680820000001,31,1,0.324377863,8076.0,7,0,1,0,0.0
7018,0,0.011390818,72,0,0.19595645399999997,4500.0,17,0,1,0,0.0
7019,0,0.000222216,59,0,0.6191601529999999,5500.0,9,0,2,0,0.0
7020,1,0.577600659,47,0,1.035519639,5320.0,14,0,3,0,1.0
7021,0,0.9999998999999999,39,0,0.274362819,1333.0,1,1,0,1,1.0
7022,1,0.9999998999999999,56,0,0.007001166999999999,2570.0,0,1,0,0,4.0
7023,0,0.9999998999999999,32,0,0.712762413,3000.0,6,0,1,0,4.0
7024,0,0.68794348,64,0,0.315821775,16293.0,14,0,1,0,1.0
7026,0,0.060197352,58,0,0.49141503799999997,6755.0,11,0,1,0,1.0
7027,0,0.0878554,38,0,0.252535352,7000.0,11,0,1,0,0.0
7028,0,0.04396605,58,0,0.008318669,6250.0,7,0,0,0,1.0
7029,0,0.004599014,75,0,0.228797382,7333.0,7,0,1,0,0.0
7030,0,0.0,73,0,0.207710069,9960.0,9,0,2,0,0.0
7031,0,0.738261738,31,0,0.08723779699999999,5100.0,2,0,0,0,0.0
7032,1,0.9999998999999999,29,98,0.0,1647.0,0,98,0,98,0.0
7036,0,0.138155962,42,0,0.39046374899999997,7654.0,19,1,3,0,0.0
7038,0,0.060097242,59,0,1467.0,,15,0,1,0,
7039,0,0.041281461,44,0,0.7255787690000001,7083.0,11,0,3,0,2.0
7040,0,5.68e-05,49,0,0.27972028,1000.0,8,0,0,0,0.0
7042,0,0.06504215099999999,35,0,0.007748063,4000.0,2,0,0,0,0.0
7044,0,0.0,63,1,0.198771516,14000.0,11,0,1,0,0.0
7045,0,0.877780555,28,0,1.020989505,2000.0,10,0,3,0,0.0
7046,0,0.445511011,38,1,0.7458835090000001,4068.0,10,0,1,0,0.0
7048,0,0.034558333999999996,86,0,26.0,,3,0,0,0,0.0
7050,0,0.9591788720000001,40,0,3061.0,,5,0,1,0,2.0
7051,0,0.031851961,56,0,0.399307274,4041.0,9,0,1,0,1.0
7052,0,0.012073627,79,0,9.0,,5,0,0,0,0.0
7053,0,0.004883494,69,0,364.0,,5,0,2,0,0.0
7055,1,0.714226203,28,2,0.197586727,1325.0,6,0,0,0,0.0
7056,0,0.9999998999999999,51,0,0.551231703,2800.0,4,0,1,0,0.0
7057,0,0.883674215,63,0,0.245298013,3774.0,13,0,0,0,1.0
7058,0,0.010416377,62,0,0.280068565,10500.0,17,0,1,0,0.0
7059,0,0.507664114,69,0,0.735552552,5917.0,18,0,4,0,0.0
7060,0,0.08127200799999999,58,0,1.511047755,2805.0,16,0,2,0,0.0
7061,0,0.022953328,69,0,0.00639623,5940.0,6,0,0,0,0.0
7063,0,0.236403996,61,0,0.49500199899999997,2500.0,5,0,0,0,0.0
7064,0,0.02362277,69,0,0.34955015,3000.0,9,0,2,0,0.0
7065,0,0.048655391,45,0,0.09018188699999999,10500.0,6,0,1,0,3.0
7067,0,0.013818965,68,0,393.0,,5,0,1,0,
7068,0,0.223024025,45,1,0.643319909,5710.0,16,0,1,0,1.0
7069,0,0.065398131,69,0,0.009545199,7123.0,4,0,0,0,0.0
7070,0,0.0,44,1,0.549278602,4920.0,7,0,1,0,1.0
7072,1,0.867806442,52,2,0.5936016,4000.0,7,1,2,0,2.0
7073,1,0.37676663200000005,28,0,0.116961013,3000.0,3,0,0,1,0.0
7074,0,0.000481921,67,0,0.5464515120000001,6382.0,10,0,2,0,0.0
7080,0,0.10270224900000001,68,0,0.18904767100000003,9166.0,6,0,2,0,1.0
7081,0,0.113483109,76,0,0.142117479,5600.0,6,0,1,0,1.0
7082,0,0.034288203999999996,50,0,0.18812079199999998,15000.0,11,0,3,0,5.0
7083,1,0.7385538359999999,52,0,0.10571815400000001,9600.0,7,1,0,0,0.0
7084,0,0.946951414,74,2,0.34561753,4015.0,18,0,0,0,0.0
7085,0,0.669986153,60,0,0.509724514,20000.0,23,0,2,0,1.0
7087,0,0.069694008,65,0,0.208977744,2650.0,9,0,0,0,0.0
7089,0,0.067077344,45,0,0.242750558,13000.0,13,0,1,0,3.0
7091,0,0.308985682,48,0,0.169786417,8333.0,9,0,0,0,2.0
7092,0,0.12192447699999999,50,0,0.35595274200000004,3300.0,7,0,1,0,0.0
7093,0,0.012949783999999999,96,0,0.003066258,7500.0,2,0,0,0,1.0
7094,1,0.460085808,38,0,8041.0,,10,0,4,0,0.0
7095,0,0.38120303899999997,55,0,0.47116539799999996,9987.0,8,0,2,0,2.0
7096,0,0.053364153,91,0,2966.0,,4,0,1,0,
7097,0,0.312308062,40,0,0.452022086,6700.0,23,0,1,0,0.0
7098,0,0.252263748,64,0,0.843712812,2520.0,11,0,2,0,0.0
7099,0,0.83190325,77,2,0.126280139,12400.0,9,0,1,1,0.0
7100,0,0.0,54,1,0.6921600720000001,17716.0,15,0,5,0,0.0
7101,0,0.19677229100000002,50,0,0.108891109,1000.0,3,0,0,0,1.0
7102,0,0.505345743,49,0,0.428905597,5984.0,9,0,2,0,1.0
7103,0,0.439091461,37,0,0.6837322020000001,3300.0,7,0,2,0,2.0
7104,1,0.904968271,48,1,0.497275595,3486.0,10,0,1,1,2.0
7106,0,0.09459253,49,0,0.09886148,5269.0,8,0,0,0,0.0
7107,0,0.177332627,51,0,0.021373088999999998,142000.0,15,0,2,0,4.0
7109,0,0.749538226,59,0,2973.0,,15,0,0,0,0.0
7111,0,0.0,59,0,0.083152808,6000.0,5,1,0,0,0.0
7113,0,0.0,34,0,3196.0,0.0,12,0,2,0,2.0
7115,0,0.33487148699999997,64,0,0.29015544,11000.0,10,0,2,0,2.0
7116,0,0.439585073,62,0,0.404169326,4700.0,5,0,2,0,0.0
7118,0,0.147422533,59,0,0.25170823800000003,18000.0,14,0,2,0,1.0
7119,0,0.349934315,59,0,0.072851296,7329.0,5,0,0,0,0.0
7122,0,0.034881669,45,0,0.070563739,38900.0,5,0,1,0,2.0
7123,0,0.043668255,60,0,0.602665556,2400.0,19,0,2,0,0.0
7124,0,0.17131827100000002,61,1,0.356023459,10400.0,10,0,3,0,1.0
7125,0,0.02121962,56,1,0.501766549,15000.0,16,0,5,1,1.0
7126,0,0.028862132000000002,34,0,0.46787523299999995,3750.0,10,0,2,0,1.0
7127,0,0.025991032,81,0,1538.0,,3,0,1,0,0.0
7128,0,0.331963164,43,0,0.262207846,9583.0,9,0,1,0,0.0
7129,0,0.56987441,29,0,0.05050598,10869.0,9,0,0,0,0.0
7130,0,0.010823105,62,0,8.0,,8,0,0,0,0.0
7131,0,0.105432723,61,0,0.28402125100000003,7340.0,12,0,2,0,1.0
7132,0,0.340757201,40,0,0.31608046100000003,8500.0,13,0,1,0,0.0
7133,0,0.038302372,59,0,0.30614050600000003,5650.0,13,0,1,0,1.0
7134,0,0.0,23,0,0.0,,2,0,0,0,0.0
7135,0,0.005962561,28,0,0.003999,4000.0,21,0,0,0,0.0
7136,0,0.24050202399999998,40,2,3334.0,,6,0,1,0,0.0
7137,0,0.492409781,46,2,0.033778148,4795.0,5,0,0,0,1.0
7138,0,1.0066998329999999,44,0,0.45747905200000005,11217.0,8,0,2,0,0.0
7139,0,0.045773358,28,0,0.20170538100000002,3400.0,7,0,0,0,2.0
7140,0,0.04927941,70,0,3316.0,,14,0,3,0,0.0
7142,0,0.628182448,47,1,0.640085694,4200.0,9,3,2,0,3.0
7145,0,0.0,31,0,0.18286537100000003,12500.0,8,0,2,0,0.0
7146,0,0.272667214,62,0,0.44724668,6700.0,7,0,1,0,0.0
7147,0,0.27612743300000003,49,0,0.456428391,7917.0,13,0,1,0,3.0
7148,0,0.607897734,54,0,0.254981787,9333.0,6,0,1,0,6.0
7149,0,0.142323414,65,2,0.200131557,6080.0,11,0,1,0,0.0
7150,0,0.758887305,34,3,0.23859517600000002,8000.0,20,0,0,1,0.0
7151,0,0.584423593,48,0,0.162233293,10638.0,5,0,0,0,2.0
7152,0,0.034684723,47,0,0.105077436,5100.0,6,0,0,0,0.0
7153,0,0.9999998999999999,58,0,0.0,10000.0,0,0,0,0,1.0
7154,1,0.5355822729999999,40,1,0.234288286,6666.0,7,0,0,1,0.0
7156,0,0.9999998999999999,25,0,0.0,1300.0,0,1,0,0,0.0
7159,0,0.046945227,66,0,0.011999262,5416.0,3,0,0,0,0.0
7163,0,0.150381252,62,0,0.568912118,5165.0,13,0,2,0,1.0
7164,0,0.909040411,39,0,1279.0,,4,0,0,0,2.0
7165,0,0.161701082,52,0,0.452377381,13333.0,19,0,2,0,1.0
7166,0,0.18228177199999998,34,0,3284.0,,11,0,2,0,0.0
7167,0,0.952629466,57,0,0.48059953,22550.0,17,0,2,0,0.0
7170,0,0.0,63,0,0.0,,10,0,0,0,0.0
7171,0,0.047848308,40,0,0.32391902,4000.0,12,0,1,0,1.0
7172,0,0.006257213,79,0,0.003066258,7500.0,9,0,0,0,1.0
7173,0,0.461108632,48,1,1.142952349,3000.0,20,0,2,1,0.0
7175,0,0.0,73,0,0.0,,2,0,0,0,0.0
7176,0,0.473821855,60,0,2095.0,,10,0,1,0,0.0
7177,0,0.8710214959999999,27,0,0.121432027,6200.0,5,0,0,0,2.0
7178,0,0.0,94,0,0.0,2412.0,1,0,0,0,0.0
7179,0,0.05718967900000001,63,0,4409.0,,15,0,4,0,0.0
7180,0,1.0466562990000001,30,0,0.47301798799999994,1500.0,6,0,0,0,0.0
7181,0,0.184581511,57,0,4014.0,,16,0,3,0,2.0
7182,0,0.02089791,38,0,0.9625078109999999,4800.0,3,0,2,0,2.0
7183,0,0.06608774099999999,86,1,92.0,,8,0,0,0,
7184,0,0.007699615,71,0,4.0,,2,0,0,0,
7185,0,0.10441231599999999,55,0,0.20626499899999998,7916.0,5,0,1,0,1.0
7186,0,0.173046657,62,0,0.24120479,8100.0,8,0,1,0,0.0
7187,0,0.937537498,43,1,0.346130774,5000.0,7,0,0,0,0.0
7188,0,1.017374201,27,0,0.309337507,1916.0,8,0,0,0,0.0
7190,1,0.917755573,47,0,0.184008029,8966.0,4,0,1,0,2.0
7191,0,0.132403976,28,0,0.9321357290000001,500.0,4,0,0,0,1.0
7193,0,0.024410121,70,0,0.21702023899999998,4100.0,13,0,1,0,0.0
7194,0,0.082694648,46,1,0.501527354,3600.0,13,0,1,0,1.0
7195,0,0.9999998999999999,59,0,0.301039222,2982.0,4,0,0,0,0.0
7196,0,0.067572971,41,0,0.22640292399999998,4650.0,4,0,1,0,0.0
7197,0,0.073704576,39,0,3034.0,,7,0,1,0,0.0
7198,0,0.18275941199999998,77,0,166.0,,4,0,0,0,0.0
7199,1,0.981145374,27,1,0.228254948,5506.0,5,4,1,0,1.0
7201,0,0.160403732,64,0,0.348387634,12000.0,15,0,2,0,1.0
7202,0,0.062815711,46,1,54.0,,6,0,0,0,0.0
7203,0,1.00119976,53,0,0.10807234199999999,6800.0,6,0,0,0,0.0
7204,0,0.25878618800000003,48,0,0.639371578,4200.0,19,0,2,0,2.0
7205,0,0.0,69,0,1009.0,,6,0,1,0,0.0
7206,0,0.036854955,57,0,0.414373947,5342.0,10,0,2,0,1.0
7207,0,0.5486661860000001,62,0,0.272991639,2750.0,8,0,0,0,0.0
7208,0,0.069398265,56,0,0.187771346,2763.0,5,0,1,0,0.0
7209,0,0.24414632100000003,76,0,0.187140115,2083.0,3,0,1,0,0.0
7210,0,0.5282543789999999,75,1,0.8610251879999999,4525.0,9,0,1,0,0.0
7211,0,0.34212433,69,0,0.398920216,5000.0,8,0,0,0,0.0
7212,0,0.060621663,35,0,0.260887556,9666.0,6,0,1,0,0.0
7213,0,0.288183715,38,0,0.406247024,10500.0,9,0,2,0,3.0
7214,0,0.597414026,77,2,5483.0,,15,0,3,0,0.0
7215,1,0.9999998999999999,38,2,882.0,,3,1,0,0,0.0
7216,0,0.176649946,34,0,0.5818824810000001,3675.0,8,0,1,0,1.0
7217,0,0.010956045,31,0,455.0,,7,0,0,0,0.0
7219,0,0.12402737400000001,65,0,1329.0,,12,0,2,0,0.0
7221,1,0.9999998999999999,29,0,494.0,0.0,2,0,0,0,0.0
7222,0,0.652720216,51,1,3.1457085830000002,500.0,4,0,0,0,1.0
7223,0,0.035375065,63,0,0.016495876,4000.0,9,0,0,0,0.0
7225,1,0.9999998999999999,43,1,0.7992079209999999,2524.0,4,4,2,0,2.0
7229,0,0.015286155,60,1,0.300900723,10102.0,16,0,1,0,0.0
7230,0,0.216648801,44,0,0.41218415700000005,6450.0,13,0,2,0,3.0
7231,0,0.047130774,37,0,0.628457181,3000.0,11,0,1,0,2.0
7232,0,0.0,52,0,0.16014399099999999,10833.0,4,0,1,0,2.0
7233,0,0.524820062,61,0,0.49610078,5000.0,15,0,1,0,1.0
7235,0,0.364157015,42,0,0.228036342,23333.0,10,0,1,0,2.0
7236,0,0.9999998999999999,51,0,0.164712299,3666.0,0,2,0,0,0.0
7237,0,0.9999998999999999,28,0,0.0,,0,3,0,0,0.0
7238,0,0.074629133,73,0,43.0,,5,0,0,1,0.0
7239,1,0.971546109,40,0,875.0,,16,0,0,0,0.0
7241,0,0.649139619,40,0,0.319209712,4200.0,5,0,0,0,6.0
7243,0,0.9999998999999999,68,0,0.323140253,3400.0,3,0,1,0,0.0
7244,0,0.135243171,23,0,0.007308161,820.0,2,0,0,0,0.0
7245,0,0.970320362,74,0,0.113946978,6072.0,6,0,0,0,1.0
7247,0,0.022213,76,0,1419.0,,6,0,1,0,0.0
7248,0,0.233879119,55,0,0.40091116200000004,3950.0,30,0,1,0,0.0
7249,0,0.17008707399999998,54,0,0.383269455,6000.0,6,0,1,0,4.0
7250,0,0.26805871,55,1,1.994433449,8083.0,18,0,6,0,2.0
7251,0,0.019770238,67,0,0.001855517,8083.0,5,0,0,0,0.0
7252,0,0.354331402,44,0,0.937594668,3300.0,11,0,1,0,2.0
7253,0,0.06437497,69,0,0.8655021829999999,2289.0,15,0,1,0,0.0
7256,0,0.033514474,69,0,0.038317368,2400.0,7,0,0,0,1.0
7257,0,0.000509072,90,0,28.0,,5,0,0,0,
7258,0,1.341700339,55,0,0.291442618,6508.0,6,0,0,0,0.0
7260,0,0.08639424,48,0,0.259757739,5200.0,3,0,1,0,0.0
7262,0,0.06561592299999999,26,0,1.622598002,1300.0,4,0,1,0,0.0
7263,0,0.9895925990000001,42,0,0.489888869,5488.0,9,0,1,0,3.0
7264,0,0.078797135,29,0,0.5007477029999999,4680.0,7,0,2,0,0.0
7265,0,0.01655419,48,0,7.710963455,300.0,13,0,2,0,4.0
7266,0,0.03092988,76,0,0.298197115,8319.0,16,0,2,0,0.0
7267,0,0.008066888000000001,43,0,0.001249688,4000.0,3,0,0,0,2.0
7269,1,0.86035692,41,1,1863.0,,6,5,2,1,0.0
7271,0,0.018496916999999998,26,0,0.001172791,2557.0,4,0,0,0,0.0
7272,0,0.102970974,60,0,1684.0,1.0,10,0,1,0,0.0
7273,0,0.519786469,54,0,0.103224194,4000.0,8,0,0,0,0.0
7274,1,0.9999998999999999,49,0,0.041650138999999996,5041.0,2,0,0,1,0.0
7275,0,0.191994,83,1,0.672875965,2200.0,7,0,1,1,0.0
7278,0,0.9999998999999999,51,0,0.268089537,1920.0,2,0,1,0,2.0
7279,0,0.0,69,0,0.36706109600000003,4140.0,8,0,1,0,0.0
7280,0,0.080817022,34,0,0.069976674,3000.0,12,0,0,1,0.0
7281,0,0.068258891,69,0,0.010319174,8333.0,6,0,0,0,0.0
7282,1,0.071184949,41,0,1.9438731790000001,2333.0,18,0,2,0,0.0
7283,0,0.09288318400000001,55,0,2310.0,,15,0,2,0,0.0
7284,0,0.434400757,35,0,721.0,0.0,5,0,0,0,1.0
7285,0,0.568289199,58,1,0.36746937799999996,12000.0,11,0,2,0,0.0
7286,0,0.0,50,2,0.704372482,6700.0,15,0,2,0,2.0
7287,0,0.52858831,30,0,188.0,,4,0,0,0,0.0
7290,0,0.04510019999999999,35,0,0.548762737,8930.0,11,0,6,0,0.0
7292,0,0.8170711009999999,60,0,0.45418326700000006,12800.0,10,0,2,0,0.0
7293,0,0.974670044,51,0,0.350341925,1900.0,2,0,0,0,0.0
7294,0,0.0,77,0,2151.0,,6,0,1,0,0.0
7295,0,0.0,42,0,0.29767176100000003,7000.0,6,0,1,0,2.0
7296,0,0.691323283,44,0,0.279589833,9166.0,10,0,2,0,2.0
7297,0,0.038032609,59,0,1320.0,,6,0,2,0,2.0
7298,0,0.007911354,62,0,0.22762872899999997,6000.0,5,0,1,0,1.0
7299,0,0.43768315799999996,39,0,76.0,0.0,2,0,0,0,4.0
7300,0,0.024999735,47,0,0.525147485,10000.0,16,0,3,0,3.0
7301,0,0.20740504,54,0,0.39085885299999995,8685.0,11,0,1,0,2.0
7302,0,0.26931267600000003,45,0,261.0,,5,0,0,0,0.0
7306,0,0.0,39,1,0.32600950100000003,5051.0,10,1,1,0,3.0
7307,0,0.339080384,79,0,0.400911708,4167.0,10,0,1,0,1.0
7309,0,0.009508344,53,0,2114.0,,10,0,3,0,0.0
7311,1,0.155940299,79,4,0.232736573,5473.0,9,4,2,3,1.0
7312,0,0.337637817,56,0,0.28711368,20416.0,16,0,2,0,3.0
7313,0,0.023541421,86,0,0.0026398940000000003,25000.0,10,0,0,0,0.0
7317,0,0.14041854199999998,72,0,0.021473528,2700.0,8,0,0,0,0.0
7318,0,0.0,64,0,1763.0,,9,0,1,0,0.0
7319,0,0.126258696,96,0,0.040494938,8000.0,9,0,0,0,0.0
7320,0,0.021497112999999998,71,0,31.0,,4,0,0,0,
7321,0,0.295809317,48,1,2243.0,,8,0,1,0,2.0
7322,0,0.8408664859999999,59,0,0.229676787,4083.0,5,0,0,0,1.0
7324,1,0.47598000100000004,39,1,0.521492836,3000.0,3,0,2,0,3.0
7326,0,1.119581671,38,0,0.432661718,6600.0,7,0,1,0,0.0
7327,0,0.13008419,48,0,0.37263117799999995,10500.0,10,0,1,0,1.0
7328,1,0.9999998999999999,28,0,0.0,,0,1,0,0,0.0
7329,0,0.040460707,53,1,1558.0,,6,0,1,1,0.0
7330,0,0.107233984,80,0,0.27152988899999997,2960.0,8,0,1,0,0.0
7331,0,0.006715678,61,0,0.255747517,7350.0,6,0,1,0,0.0
7332,0,0.9999998999999999,30,0,0.0,1300.0,1,0,0,0,0.0
7334,0,0.086422803,79,0,0.047516199,4166.0,5,0,0,0,0.0
7335,1,0.6507179820000001,41,0,0.928714191,1500.0,13,0,2,0,0.0
7336,0,0.123150699,29,0,0.304559863,4100.0,9,0,1,0,3.0
7337,0,0.0049997620000000005,82,0,0.27198489,18000.0,8,0,1,0,0.0
7338,0,0.08456797699999999,63,0,0.185737094,3757.0,4,0,1,0,1.0
7339,0,0.149407228,30,0,31.0,,1,0,0,0,
7340,0,0.539263085,57,0,0.267867519,6883.0,7,0,2,0,0.0
7341,0,0.518584814,50,0,0.17338177,9083.0,5,0,0,0,1.0
7342,0,0.42017437,40,1,0.62129451,5700.0,9,0,2,0,2.0
7344,0,0.04236789,76,0,0.17468933,7000.0,12,0,1,0,0.0
7346,0,0.0,42,0,0.239923418,9923.0,7,0,2,0,0.0
7347,0,0.9999998999999999,62,0,4795.0,,10,0,2,0,1.0
7348,0,0.9999998999999999,51,0,0.0,2260.0,0,0,0,0,1.0
7349,0,0.9866713429999999,27,0,0.129636049,2884.0,6,0,0,0,0.0
7350,0,0.44414112299999997,50,0,0.260761946,9291.0,6,0,1,0,3.0
7352,1,1.650559755,35,1,1596.0,,13,0,0,0,2.0
7353,0,0.35047850399999997,36,0,0.156304474,5162.0,7,0,0,0,1.0
7354,0,0.9999998999999999,37,0,0.0030802679999999997,5518.0,1,0,0,0,2.0
7355,1,0.907706171,45,1,0.360045912,19166.0,15,0,2,0,2.0
7357,0,0.25950124399999996,54,0,0.664307202,5650.0,13,0,2,0,0.0
7359,0,0.288213973,37,0,0.23597243699999998,7110.0,9,0,1,0,0.0
7360,0,0.0,30,0,0.165205353,4333.0,6,0,0,0,0.0
7364,0,0.495914955,67,0,0.6275142020000001,6512.0,14,0,2,0,1.0
7365,0,0.029923399,63,0,0.451924679,6000.0,18,0,2,0,0.0
7367,0,0.032877542999999995,55,0,26.0,,6,0,0,0,0.0
7368,0,0.6691586110000001,49,1,0.626249597,3100.0,7,0,1,0,1.0
7369,0,0.076771286,45,0,0.29827673600000004,7891.0,6,0,1,0,2.0
7370,0,0.219388532,64,0,0.082816652,6773.0,13,0,0,0,1.0
7372,0,0.39641434299999995,37,0,0.438084443,3528.0,9,0,1,0,0.0
7373,0,0.152813482,29,0,0.155308121,5208.0,4,0,0,0,0.0
7374,0,0.0,63,0,0.0,,5,0,0,0,0.0
7376,0,0.033597014,39,0,0.008634223,1273.0,3,0,0,0,0.0
7377,0,0.19731700600000002,58,3,0.445010925,2745.0,10,0,1,0,1.0
7378,0,0.9999998999999999,55,0,151.0,,2,0,0,0,0.0
7380,0,0.01618123,57,0,1432.0,,4,0,1,0,
7382,0,0.020086607,76,0,0.010309278,3200.0,11,0,0,0,0.0
7383,1,0.903013855,46,1,0.28397603899999996,5341.0,4,2,0,1,1.0
7385,0,0.563091739,53,3,0.463069767,10749.0,11,0,1,0,2.0
7386,0,0.035893376,77,0,253.0,,7,0,0,0,0.0
7387,1,0.7940294240000001,40,1,887.0,,3,1,0,0,2.0
7388,0,0.9999998999999999,53,1,0.241199478,2300.0,2,0,0,1,0.0
7392,0,0.21117678,40,0,0.314736995,6900.0,9,0,1,0,3.0
7393,0,0.102126525,65,0,0.110136902,6500.0,5,0,0,0,3.0
7394,0,0.18745417,62,0,0.164070613,17333.0,3,0,1,0,2.0
7396,0,0.025264275,72,0,563.0,,3,0,1,0,0.0
7398,0,0.513588587,45,0,2758.0,,8,0,3,0,0.0
7399,0,0.699094946,39,0,1.530773277,1900.0,8,0,2,0,3.0
7400,0,0.146016114,56,0,0.081590675,5833.0,17,0,0,0,0.0
7401,0,0.024177708,53,0,2823.0,,8,0,1,0,1.0
7404,0,0.0,58,0,2389.0,,13,0,4,0,0.0
7405,0,0.969645043,46,0,0.08707607699999999,12000.0,7,0,0,0,3.0
7407,0,0.0198058,91,0,721.0,,6,0,1,0,0.0
7408,0,0.034512691,88,0,29.0,,2,0,0,0,
7410,0,0.9999998999999999,56,0,0.7236404000000001,900.0,2,0,1,0,0.0
7412,0,0.0,42,0,0.93394823,3360.0,13,0,2,0,1.0
7413,0,0.9999998999999999,41,0,4.0,,1,0,0,0,0.0
7414,0,0.015568752,79,0,277.0,,2,0,0,0,0.0
7417,0,0.055038727999999995,67,0,43.0,,2,0,0,0,0.0
7418,0,0.024198387000000002,60,0,0.001809351,10500.0,6,0,0,0,0.0
7420,0,1.00989901,51,0,0.8945030540000001,1800.0,6,0,1,1,0.0
7421,0,0.217774612,56,0,0.871947702,5200.0,16,0,3,0,0.0
7423,0,0.7694988859999999,34,0,0.083247385,6786.0,2,0,0,0,0.0
7424,0,0.020095961000000002,59,0,0.219407374,8841.0,10,0,1,0,2.0
7425,0,0.9999998999999999,62,0,0.26179685399999997,3750.0,2,0,0,0,0.0
7426,0,0.9999998999999999,43,0,0.0,2080.0,0,0,0,0,2.0
7429,0,0.9999998999999999,63,0,0.29666011800000003,3562.0,3,0,1,0,0.0
7430,0,0.0,70,1,0.013277876000000001,6250.0,6,0,0,0,0.0
7431,0,0.06223116,33,0,0.20945280600000002,7108.0,3,0,1,0,0.0
7432,0,0.185918086,51,0,0.225177305,7331.0,17,0,1,0,0.0
7434,0,0.27573872,42,0,0.761059735,4000.0,21,0,2,0,0.0
7435,0,0.954197875,47,1,0.300676293,5470.0,7,0,1,0,2.0
7436,0,0.14030943699999998,31,0,0.057797165,1833.0,4,0,0,0,0.0
7437,0,0.09035781699999999,45,0,0.38943527899999997,6303.0,7,0,1,0,1.0
7438,0,0.021100487,51,0,0.180963807,5000.0,8,0,0,0,0.0
7439,0,0.049160175,46,0,0.09715857,12000.0,10,0,1,0,3.0
7440,0,0.874225155,56,0,1710.0,,7,0,0,0,3.0
7444,0,0.101870368,31,0,0.39545327,7125.0,4,0,2,0,0.0
7447,0,5.299401198,27,0,0.059970015,2000.0,4,0,0,0,0.0
7450,0,0.509751536,40,0,0.70763684,3050.0,9,0,0,0,0.0
7451,0,0.030826501,52,0,0.358541526,1480.0,7,0,1,0,0.0
7452,0,0.9999998999999999,59,0,0.020524155,9500.0,0,2,0,0,2.0
7454,0,0.018085198,37,0,0.489251075,10000.0,5,0,1,0,1.0
7455,0,0.031053854,61,0,0.19220579399999999,11700.0,10,0,2,0,1.0
7456,0,0.31378024,53,0,0.435818052,12596.0,17,0,1,0,0.0
7459,0,0.536612778,60,0,0.274921688,5426.0,17,0,1,0,0.0
7461,0,0.495811037,73,0,2455.0,,10,0,1,0,0.0
7462,0,0.5611423520000001,60,0,0.533223201,5447.0,13,0,1,0,0.0
7463,0,0.7016353240000001,64,0,0.374200951,6100.0,11,0,0,0,1.0
7464,0,0.001023785,66,0,3122.0,,9,0,1,0,0.0
7467,0,0.0063124669999999996,78,0,0.0,3363.0,1,0,0,0,0.0
7468,0,0.7583876420000001,41,0,0.208492779,8100.0,7,0,0,0,2.0
7470,0,0.128767048,55,0,0.34483464700000005,9766.0,16,0,2,0,3.0
7471,0,0.9999998999999999,57,0,1380.0,,2,0,1,0,0.0
7472,0,0.9999998999999999,39,0,0.177075855,4178.0,1,0,0,0,4.0
7473,0,0.000763228,57,0,0.16974900899999998,9083.0,5,0,1,0,1.0
7474,0,0.0,70,0,452.0,,4,0,1,0,0.0
7479,0,0.896069287,28,0,0.04863424400000001,1500.0,3,0,0,0,1.0
7481,0,0.042454142,71,1,0.251240113,7458.0,10,0,0,0,0.0
7482,0,0.10107282599999999,69,0,0.5522576570000001,3166.0,14,0,1,0,0.0
7484,0,0.251189952,68,0,0.023894255,7867.0,1,0,0,0,1.0
7486,0,0.048115693,74,0,0.000371423,70000.0,3,0,0,0,1.0
7487,1,0.41962755399999996,63,1,0.43875612399999997,10000.0,13,1,2,0,0.0
7489,0,0.004683255,46,0,0.96402056,3501.0,5,0,2,0,2.0
7490,0,0.432920298,55,0,0.375522054,19633.0,14,0,2,0,0.0
7491,0,0.9999998999999999,23,0,0.0,,0,0,0,0,0.0
7493,0,0.004642691,82,0,3.0,,7,0,0,0,
7495,0,0.56459324,50,0,0.597145719,3993.0,12,0,0,0,1.0
7496,0,0.072569544,53,0,0.024404587000000002,3400.0,6,0,0,0,0.0
7497,0,0.05103721,53,0,0.22047764600000003,12100.0,20,0,2,0,2.0
7498,0,0.012889925,66,0,0.29148340699999997,2500.0,9,0,1,0,0.0
7499,0,0.0,35,0,0.7974082859999999,5478.0,9,0,5,0,0.0
7500,0,0.005722853000000001,86,0,0.012794881999999999,2500.0,14,0,1,0,1.0
7501,0,0.782759455,61,1,0.18131487899999998,2889.0,7,0,0,0,0.0
7502,0,0.000604961,28,0,0.0,,4,0,0,0,0.0
7503,0,0.010564998,44,0,4304.0,,8,0,2,0,0.0
7504,1,0.9999998999999999,59,1,0.966726619,1111.0,0,4,0,1,2.0
7505,0,0.0013836039999999999,35,0,0.094758065,7935.0,5,0,0,0,3.0
7510,0,0.0,39,0,0.778447122,8963.0,7,0,5,0,0.0
7512,0,0.22515415800000002,66,0,0.216623037,4583.0,3,0,1,0,0.0
7514,0,0.241656061,43,0,0.410296822,3806.0,7,0,1,0,3.0
7515,0,0.43993827799999996,61,0,0.38919304899999996,4200.0,4,1,2,1,1.0
7517,0,0.050773438,64,0,1033.0,,8,0,1,0,0.0
7523,0,0.10466979400000001,53,0,522.0,,6,0,0,0,0.0
7526,0,0.936446462,81,0,0.986951694,7203.0,7,0,1,0,0.0
7527,0,1.0056335379999999,44,1,0.623272044,7450.0,12,0,2,1,1.0
7530,0,0.0,69,0,0.322390519,15778.0,9,0,2,0,0.0
7531,0,0.860893427,60,1,0.160634529,6492.0,4,0,0,1,0.0
7532,0,0.12687299900000001,75,0,0.267317305,4200.0,13,0,1,0,0.0
7534,1,0.178820724,51,0,0.18540121699999998,12000.0,18,0,1,0,1.0
7535,1,0.0,47,0,0.136357491,29583.0,8,0,2,0,4.0
7537,0,0.9999998999999999,58,0,0.027315122999999997,1500.0,5,1,0,0,0.0
7538,0,0.0,59,0,0.177930747,4793.0,5,0,1,0,1.0
7539,0,0.23635272899999998,36,1,3279.0,,5,0,1,0,0.0
7541,1,1.163672655,50,1,1195.0,,2,1,1,0,0.0
7542,0,0.069857216,51,0,0.072291084,12504.0,6,0,0,0,1.0
7543,0,0.441294664,35,1,0.184717398,6333.0,10,0,0,0,0.0
7544,0,0.027091483,72,0,0.090207842,4666.0,5,0,0,0,0.0
7545,0,0.050162724000000006,80,0,0.01349775,6000.0,5,0,0,0,0.0
7546,0,0.0,71,0,0.0,,4,0,0,0,0.0
7547,0,0.09691915300000001,37,0,0.193551678,9800.0,5,0,1,0,2.0
7549,0,0.825521033,52,0,0.41622182700000004,6743.0,10,0,0,0,1.0
7550,1,0.996627123,56,2,0.10912571800000001,4700.0,11,0,0,0,1.0
7551,0,0.9999998999999999,44,0,0.002212933,4066.0,2,0,0,0,3.0
7552,0,0.073425075,43,0,0.008415934,5346.0,4,0,0,0,0.0
7555,0,0.722348146,43,0,0.944126465,3668.0,10,1,1,0,0.0
7556,0,0.034075388,36,0,0.5256517079999999,8400.0,12,0,3,0,0.0
7558,0,0.070281698,77,0,0.09376153599999999,5417.0,3,0,0,0,0.0
7560,0,0.532522499,58,0,1.823035393,1666.0,9,0,2,0,2.0
7563,0,0.121919951,42,0,0.267147226,4577.0,12,0,1,0,0.0
7565,0,0.244162672,34,0,0.359818691,7500.0,5,0,1,0,0.0
7566,0,0.058951212999999995,57,0,0.315661675,9883.0,14,0,3,0,1.0
7567,0,0.13649703300000002,48,0,0.40512584799999996,8700.0,9,0,4,0,2.0
7569,0,0.039641509,76,0,0.473495567,5300.0,8,0,2,0,0.0
7570,0,0.891481315,31,1,2306.0,,12,0,1,0,2.0
7571,0,0.9999998999999999,36,0,19.0,,1,0,0,0,0.0
7572,0,0.960067998,57,0,0.539494358,7000.0,12,0,1,0,0.0
7573,0,0.0,35,0,6.839691338,9200.0,5,0,3,0,2.0
7575,0,0.135174156,57,1,0.402340892,4100.0,11,0,1,0,0.0
7576,0,0.10607891300000001,93,0,0.012256088,6200.0,3,0,0,0,0.0
7577,0,1.012237588,44,2,3274.0,,10,0,1,0,0.0
7581,1,0.35498493200000003,62,0,0.5714897870000001,7000.0,9,0,2,0,1.0
7582,0,0.18378577899999998,57,0,0.398377125,5175.0,9,0,3,0,1.0
7583,0,0.158857768,39,0,0.401558594,6800.0,8,0,1,0,2.0
7584,0,0.038028618,55,1,0.500141163,7083.0,19,0,2,0,0.0
7585,0,0.054297295,42,0,2951.0,,5,0,1,0,0.0
7586,0,0.0,55,0,0.302058162,12000.0,5,0,1,0,3.0
7587,0,0.087139665,50,0,0.097097814,2790.0,11,0,0,0,3.0
7588,0,0.308529507,35,0,0.038394881,7500.0,7,0,0,0,2.0
7590,0,0.031483915,61,0,0.202946851,5700.0,5,0,1,0,1.0
7591,0,0.209039313,55,0,0.8750624690000001,2000.0,8,0,1,0,0.0
7592,0,0.9999998999999999,40,0,1027.0,,3,0,1,0,0.0
7594,0,0.191801915,60,1,0.035139511,10500.0,11,0,0,0,0.0
7595,0,0.0,52,0,0.313174946,4166.0,3,0,1,0,0.0
7596,0,0.255818069,44,2,0.649639611,3190.0,9,0,2,0,1.0
7597,0,0.245748138,63,0,0.38705572200000005,11000.0,19,0,2,0,2.0
7598,0,0.163878671,48,0,0.153119634,3493.0,8,0,0,0,1.0
7599,0,0.759493671,26,0,0.11707445400000001,3800.0,6,0,0,0,0.0
7600,0,0.09781440699999999,69,0,0.13785558,3655.0,16,0,1,0,0.0
7601,0,0.673357917,53,0,0.789550073,6200.0,14,0,3,0,2.0
7603,1,1.080209043,25,0,0.212950891,2300.0,4,1,0,1,0.0
7607,0,0.43609237799999995,50,3,0.46664859,7375.0,13,0,2,0,0.0
7608,0,0.170521201,56,0,6185.0,,13,0,1,0,0.0
7609,0,0.086777264,87,0,3246.0,,8,0,1,0,
7610,0,0.125317494,61,0,3301.0,,10,0,1,0,0.0
7611,0,0.004777600999999999,64,0,0.14230431,5684.0,3,0,1,0,1.0
7612,0,0.055366767000000004,59,0,0.286428393,4000.0,15,0,1,0,0.0
7613,0,0.025586082000000003,63,0,2675.0,,6,0,1,0,3.0
7615,0,0.448060891,62,0,0.362763636,13749.0,16,0,2,0,1.0
7616,0,0.014734611000000002,54,2,1.12395868,3000.0,18,0,1,0,1.0
7617,0,0.738426037,46,0,1.522727273,1275.0,10,0,1,0,1.0
7618,0,0.016389058,56,0,0.012658228,1500.0,10,0,0,0,0.0
7620,0,0.9999998999999999,56,0,0.281317886,2761.0,2,0,0,0,0.0
7626,0,0.041911829,39,0,2.855920114,700.0,10,0,2,0,2.0
7628,0,0.519019302,29,1,0.323384569,6700.0,8,0,2,0,0.0
7630,0,0.06774372,38,0,0.386506346,7484.0,8,0,2,0,1.0
7632,0,0.39131361299999995,59,0,0.505474726,6666.0,14,0,2,0,0.0
7633,0,0.101210671,40,0,0.465762004,4789.0,7,0,1,0,1.0
7634,0,0.029497542,76,0,849.0,,5,0,1,0,0.0
7635,0,0.5593801939999999,58,0,0.23550579800000002,2500.0,7,0,1,0,0.0
7636,0,0.185775909,60,0,540.0,,10,0,0,0,2.0
7637,1,1577.0,37,0,0.479826307,5526.0,11,0,2,0,2.0
7638,0,0.015964001000000002,81,0,0.007634975,5500.0,10,0,0,0,0.0
7639,0,0.255582422,70,0,0.477943615,6029.0,20,0,3,0,1.0
7640,0,0.942186718,40,1,0.6333387970000001,6100.0,9,0,0,0,0.0
7641,0,0.387643334,42,0,0.188494078,5909.0,7,0,0,0,0.0
7643,0,0.22698993399999998,60,0,0.044728103,9635.0,6,0,0,0,0.0
7645,0,0.0035283840000000003,69,0,365.0,,11,0,0,0,0.0
7647,0,0.018410333,33,0,0.004951909,10500.0,13,0,0,0,0.0
7648,0,0.229054537,47,0,0.316059643,4090.0,13,0,0,0,0.0
7649,0,0.040837305,45,0,0.005422013000000001,5532.0,2,0,0,0,0.0
7650,1,0.998625172,48,1,0.137595944,14200.0,4,3,0,2,3.0
7651,0,0.582121421,59,0,0.941096264,3666.0,17,0,1,0,0.0
7652,0,0.567721614,54,0,0.8706716729999999,2396.0,5,0,2,0,1.0
7653,0,0.084961381,24,0,0.050508533,5800.0,3,0,0,0,0.0
7654,1,0.592001702,34,2,0.510686164,5333.0,6,1,1,0,0.0
7655,0,0.0007899319999999999,72,0,0.035907958,6822.0,5,0,0,0,0.0
7658,0,0.127096989,55,0,0.010324932,3292.0,2,0,0,0,0.0
7659,1,0.95448799,49,2,6102.0,,8,2,2,0,0.0
7660,0,0.12284065400000001,69,0,1113.0,,11,0,1,0,0.0
7662,0,0.13363382099999999,47,0,0.44844824,4800.0,20,0,1,0,2.0
7664,0,0.07961062099999999,77,0,0.14571357199999999,4000.0,5,0,0,0,1.0
7665,1,1.0790525990000002,36,1,3866.0,,12,0,2,2,
7667,0,0.248455973,41,0,0.131717071,4000.0,5,0,0,0,1.0
7668,0,0.010132434000000001,66,0,0.306875694,8100.0,14,1,2,0,0.0
7669,0,0.9999998999999999,44,0,0.046500814,4300.0,1,1,0,0,0.0
7670,0,0.02228529,59,0,0.006295131,5400.0,8,0,0,0,0.0
7672,0,0.238965862,58,0,0.23151125399999997,5286.0,4,0,1,0,2.0
7675,0,0.032283908,39,0,0.440255974,10000.0,10,0,2,0,3.0
7676,0,0.08331968299999999,57,0,0.336159789,5306.0,11,0,1,0,0.0
7677,0,0.403667475,52,4,0.345344796,16400.0,9,2,2,1,1.0
7678,0,0.051168846,50,1,0.421143847,7500.0,14,0,2,0,2.0
7679,0,0.077846859,65,0,0.017663723,6000.0,9,0,0,0,0.0
7680,0,0.133182719,66,0,3.021444695,885.0,10,0,1,0,0.0
7681,0,0.65447217,69,0,0.507743982,5358.0,9,0,2,0,2.0
7682,0,0.79204777,67,0,1.15780543,1767.0,13,0,2,0,0.0
7683,0,0.020113704,48,0,0.12999323,4430.0,15,0,0,0,4.0
7684,0,0.036808792,54,0,0.038531443,2750.0,13,0,0,0,1.0
7685,0,0.0,59,0,0.165202486,4666.0,9,0,1,0,0.0
7687,1,0.9999998999999999,21,98,0.0,,0,98,0,98,0.0
7688,0,0.0,57,0,0.561218335,3315.0,20,0,2,0,0.0
7689,0,0.37902607899999996,68,0,0.32691827,4000.0,14,0,0,0,0.0
7690,0,0.050583275999999996,58,0,0.34448546399999996,4333.0,8,0,1,0,0.0
7691,0,0.08779561,57,0,52.0,,1,0,0,0,0.0
7693,0,0.016184175,78,0,0.057388522000000004,5000.0,6,0,1,0,0.0
7694,0,0.42616694,34,0,782.5,1.0,6,0,0,0,4.0
7695,1,0.0,64,0,36.0,,1,1,0,1,0.0
7696,0,0.0,64,0,0.326282291,10683.0,5,0,1,0,0.0
7697,0,0.0,63,0,521.0,,9,0,1,0,0.0
7698,0,0.936075995,50,0,0.642196045,4753.0,9,0,2,0,4.0
7699,0,0.019921544,29,0,0.217223358,4400.0,7,0,0,0,3.0
7700,0,1.0009230409999998,51,0,0.243046719,5500.0,5,0,0,0,0.0
7702,0,0.0,61,2,2.9113072719999997,2378.0,10,0,3,0,0.0
7703,0,0.10395533900000001,59,0,0.24154373399999998,6710.0,17,0,2,0,1.0
7706,0,0.065132248,57,1,0.303554457,5260.0,14,0,2,0,1.0
7708,0,0.191339845,54,0,0.232560875,8500.0,16,0,1,0,1.0
7710,1,0.042837823,75,0,0.47327699100000004,8400.0,17,0,2,0,0.0
7712,0,0.073865689,46,0,0.31051457600000004,13000.0,11,0,4,0,2.0
7713,0,0.501839201,62,0,0.547575286,7072.0,15,0,2,0,0.0
7714,0,0.9999998999999999,44,0,0.17584553600000002,7716.0,4,0,0,0,1.0
7715,0,0.111091996,31,1,0.18240280600000003,3420.0,8,0,0,0,1.0
7718,0,0.654996751,44,0,0.50272192,9000.0,12,0,1,0,0.0
7722,0,0.9999998999999999,28,0,0.0,,0,0,0,0,0.0
7723,0,0.7202152190000001,30,0,0.014917421,1876.0,3,0,0,0,2.0
7726,0,0.224808206,35,1,0.544018059,3100.0,6,0,1,0,0.0
7728,0,0.501859579,48,0,0.065419226,7000.0,11,0,0,0,0.0
7729,0,0.075119807,75,0,0.314147228,3300.0,10,0,1,0,0.0
7730,0,0.38877318899999996,53,0,0.456694813,8289.0,7,0,1,0,1.0
7731,0,0.647711295,38,0,0.464883779,4000.0,6,0,1,0,2.0
7733,0,0.08081414099999999,50,0,0.16427007,10500.0,4,0,2,0,1.0
7734,1,0.9769005340000001,32,0,0.21456622600000003,2800.0,5,0,0,0,0.0
7735,0,0.118180114,42,0,0.419930012,6000.0,5,0,2,0,4.0
7736,0,0.132194487,37,0,1.012378595,5250.0,15,0,3,0,2.0
7737,0,0.490879344,40,0,0.405490576,16500.0,12,0,3,0,4.0
7738,0,0.24407792399999997,60,0,2189.0,0.0,9,0,1,0,1.0
7740,0,0.022209741,47,0,0.16902478399999998,10530.0,6,0,1,0,0.0
7742,0,0.012497419,64,0,0.184044106,6166.0,13,0,1,0,0.0
7744,0,0.589137598,35,1,1.189962223,1852.0,10,1,1,0,0.0
7745,0,0.061582317000000004,62,0,2325.0,,8,0,2,0,0.0
7746,0,0.0,57,1,0.623750255,4900.0,10,0,2,0,0.0
7748,0,0.796898993,46,1,0.478902359,10640.0,11,0,2,0,2.0
7749,0,0.0,49,0,0.09646302300000001,7463.0,3,0,0,0,0.0
7751,0,0.236176382,35,0,0.021257212,3292.0,2,0,0,0,1.0
7752,0,0.018846615,55,0,0.478309859,5324.0,10,0,2,0,0.0
7755,0,0.0,67,1,0.5234375,9727.0,14,0,3,0,0.0
7756,0,0.9122087790000001,47,0,0.412158681,1940.0,9,0,0,0,0.0
7757,0,0.014397121,28,0,0.973377704,600.0,2,0,1,0,0.0
7759,0,0.034140759,67,1,0.23177604100000002,5500.0,10,0,2,0,0.0
7760,0,0.0,24,0,0.634591961,820.0,3,0,0,0,0.0
7761,0,0.035442862,72,0,0.2335968,10500.0,16,0,1,0,0.0
7763,0,0.069167254,101,0,50.0,,2,0,0,0,0.0
7765,0,0.168541573,42,0,0.320020569,5833.0,3,0,1,0,2.0
7766,0,0.286945728,35,0,728.0,,3,0,0,0,1.0
7770,0,0.054599906,62,0,0.20438406899999997,6477.0,8,0,1,0,0.0
7771,0,0.73808196,47,0,0.230445509,6890.0,9,0,0,0,0.0
7772,0,0.001361065,63,0,0.0011467889999999998,2615.0,7,0,0,0,0.0
7773,0,0.012113361000000001,61,0,0.085272529,6402.0,9,0,0,0,0.0
7774,0,1028.0,27,0,442.0,,2,0,0,0,0.0
7775,1,0.010072423,42,0,0.004248002,9886.0,11,0,0,0,2.0
7777,0,0.9999998999999999,23,0,0.0,,1,0,0,0,
7778,1,0.9999998999999999,53,1,0.034510563,6200.0,1,3,0,0,0.0
7780,0,0.980001942,25,0,0.48028872799999994,1800.0,4,0,0,0,0.0
7781,0,0.210635787,39,0,0.200999872,7800.0,7,0,1,0,0.0
7782,0,0.5545765029999999,67,0,1551.0,,7,0,0,0,0.0
7783,1,0.9999998999999999,30,0,0.0,1400.0,0,0,0,0,0.0
7784,0,0.083823091,38,0,273.0,,4,0,0,0,0.0
7785,0,0.023268592,42,0,0.000320543,74872.0,4,0,0,0,0.0
7786,0,0.01937445,86,0,0.006664445,3000.0,7,0,0,0,0.0
7789,0,0.63304088,41,1,0.158419846,7416.0,7,0,1,0,2.0
7790,0,0.199717251,51,0,0.49539306,5100.0,7,0,1,0,0.0
7791,0,0.0,60,0,0.093440821,2728.0,3,1,0,0,0.0
7792,0,0.031226501,36,0,0.415544594,7500.0,10,0,1,0,0.0
7793,1,0.872599705,65,0,0.8652423990000001,1216.0,10,1,0,0,0.0
7794,0,0.010951338,65,0,0.00059988,5000.0,7,0,0,0,0.0
7795,0,0.0,49,0,0.264178558,8198.0,9,0,2,0,1.0
7796,0,0.235642438,62,1,0.258471901,4750.0,6,0,1,0,3.0
7797,0,0.065570388,64,0,900.0,,5,0,1,0,0.0
7800,0,0.001542657,70,0,783.0,,9,0,2,0,0.0
7803,0,0.027065376000000002,55,0,0.228706405,7196.0,17,0,2,0,0.0
7804,0,0.0,25,0,0.238073603,2200.0,7,0,0,0,0.0
7805,0,0.179911732,71,0,0.063426405,2900.0,6,0,0,0,0.0
7806,0,0.274268752,91,0,1869.0,,27,0,1,0,0.0
7807,0,0.05918887,47,0,1682.0,,5,0,2,0,0.0
7808,0,0.012999435,77,0,0.001464397,5462.0,2,0,0,0,0.0
7810,0,0.09232560000000001,68,0,103.0,,9,0,0,0,
7812,0,0.075518456,48,0,0.099427031,8900.0,7,0,0,0,2.0
7814,0,0.01717404,37,0,0.437609075,4583.0,9,0,2,0,2.0
7816,0,0.006133445,63,0,696.0,0.0,11,0,1,0,0.0
7817,0,0.0,41,0,0.301970009,3400.0,5,0,1,0,1.0
7818,0,0.9999998999999999,55,0,292.0,,1,0,0,0,0.0
7819,1,0.10431770300000001,58,0,0.700040048,2496.0,8,0,1,0,0.0
7820,0,0.922384648,64,0,0.267568362,3400.0,2,0,0,0,0.0
7821,1,0.9999998999999999,28,0,0.036973345,1162.0,2,0,0,0,1.0
7822,0,0.011089033,30,0,1.474764282,1802.0,7,0,2,0,0.0
7824,0,0.050505050999999995,49,0,37.0,,5,0,0,0,0.0
7826,0,0.691106862,41,0,1.223122636,1850.0,9,0,1,0,1.0
7829,0,0.057037718,40,0,0.008951407,4691.0,5,0,0,0,0.0
7830,0,0.571735479,48,0,0.538937916,6458.0,9,0,3,0,0.0
7831,0,0.330610523,61,0,4439.0,,19,0,2,0,1.0
7832,0,0.286206563,37,0,0.16434151800000002,3583.0,9,0,0,0,0.0
7833,0,0.225998676,74,0,0.067386523,5000.0,7,0,0,0,0.0
7834,0,0.335242356,72,0,1.106268161,2408.0,14,0,1,0,0.0
7836,1,0.970428295,50,0,0.632122626,3000.0,13,1,2,0,2.0
7837,0,1.017720771,48,0,0.812523435,2666.0,12,0,1,0,3.0
7838,0,0.007178315,42,0,5.0,,3,0,0,0,0.0
7839,0,0.023896755,61,0,0.47937868200000006,5600.0,18,0,1,0,0.0
7841,1,0.9999998999999999,41,1,332.0,,4,0,0,0,0.0
7842,0,0.10853645599999999,63,0,0.24910202899999997,10300.0,9,0,2,0,0.0
7844,0,0.018960238,56,0,1303.0,,6,0,1,0,0.0
7845,0,0.016984769,78,0,0.49506157799999995,8200.0,15,0,4,0,0.0
7846,0,0.020848189,47,1,1530.0,,8,0,1,0,3.0
7847,0,0.10350887800000001,36,0,0.385589594,5842.0,8,0,2,0,3.0
7848,0,0.08043526200000001,61,0,0.265369545,7400.0,10,0,2,0,0.0
7849,0,0.340930384,46,0,4147.0,,8,0,3,0,0.0
7850,0,0.25351246,59,0,0.08798743,7000.0,4,0,0,0,1.0
7852,0,0.00022275299999999999,45,0,0.320671378,6791.0,8,0,1,0,0.0
7853,0,0.321239961,51,1,0.495424039,9833.0,12,0,2,0,1.0
7854,0,0.220293638,62,0,0.265243716,16350.0,10,0,1,0,0.0
7857,0,0.028629812,54,0,38.0,,3,0,0,0,
7858,0,0.07368334900000001,58,0,3675.0,,11,0,1,0,0.0
7859,0,0.684210526,61,0,0.225554743,4100.0,3,0,0,0,1.0
7860,0,0.186058019,62,0,0.124901532,11424.0,10,0,1,0,0.0
7861,0,0.686738396,57,0,0.22695460899999997,5000.0,10,0,0,0,2.0
7862,1,0.28605491899999996,40,1,0.482839054,3000.0,12,0,1,0,2.0
7863,0,0.002746302,41,0,0.436355205,8625.0,9,0,2,0,0.0
7864,0,0.016520489,41,0,0.303932495,6280.0,6,0,1,0,0.0
7865,0,0.6145379089999999,45,0,0.553432571,4500.0,6,0,1,0,3.0
7866,0,0.9999998999999999,43,0,0.0,5533.0,2,0,0,0,3.0
7869,0,0.990904688,54,0,0.451269576,6576.0,12,0,1,0,2.0
7870,0,0.000493251,81,0,1.0,,5,0,0,0,
7871,0,0.671157948,54,0,2046.0,,9,0,1,0,0.0
7873,0,0.57700489,41,0,4441.0,,8,0,2,0,0.0
7874,0,0.370281486,77,0,0.040122899,5532.0,1,0,0,0,1.0
7876,0,0.73271756,66,3,0.519458734,8941.0,11,1,3,0,0.0
7877,0,0.39387358,33,0,0.5440521079999999,2916.0,10,0,1,0,0.0
7878,0,0.954687319,63,0,0.264019254,4154.0,8,0,0,0,0.0
7879,0,0.010344471,54,0,0.001127714,7093.0,2,0,0,0,1.0
7882,0,0.041543252,55,0,0.42145098799999997,5416.0,9,0,2,0,1.0
7883,0,0.66001283,40,2,0.113179449,6714.0,11,1,0,1,0.0
7885,0,0.180485705,37,0,0.09911261099999999,8000.0,10,0,0,0,2.0
7886,0,0.0,62,0,0.20950324,8333.0,3,0,2,0,0.0
7887,0,0.12215207199999999,70,0,0.08748541900000001,6000.0,5,0,0,0,0.0
7888,0,0.243414655,36,0,0.30722821699999997,8618.0,10,0,2,0,3.0
7890,0,0.20746022100000003,56,0,0.8141993959999999,661.0,10,0,0,0,0.0
7893,0,0.397896194,67,0,0.496472959,2976.0,7,0,1,0,0.0
7895,0,0.004753709,54,2,0.6902688379999999,2640.0,10,0,1,0,2.0
7896,0,0.227063021,29,0,0.363327674,5300.0,8,0,2,0,0.0
7897,0,0.347805779,51,0,0.787148594,3983.0,7,0,1,0,2.0
7898,0,0.010674733,82,0,0.00299925,4000.0,6,0,0,0,0.0
7899,0,0.629520582,50,0,0.610831134,12500.0,12,0,2,0,4.0
7900,0,0.5973669389999999,45,0,0.37217951899999996,12098.0,12,0,1,0,4.0
7901,0,0.950825458,47,1,0.37841811200000003,3400.0,6,0,1,0,3.0
7902,0,0.056805507000000005,79,0,518.0,,4,0,1,0,0.0
7903,0,0.885052249,51,0,0.127279635,2631.0,2,1,0,0,1.0
7904,0,0.162872219,50,0,1774.0,,8,0,1,0,0.0
7905,0,0.5061646120000001,23,0,0.019026121,3100.0,4,0,0,0,0.0
7906,0,0.07963395,34,0,0.022279349,3500.0,2,0,0,0,0.0
7907,0,0.280627682,47,0,0.674703299,10700.0,16,0,2,0,1.0
7909,0,0.0027220240000000004,51,0,0.001214645,5762.0,7,0,0,0,0.0
7912,1,0.39005545,28,1,398.0,,7,0,0,0,
7913,0,0.353181976,65,0,0.39280054299999995,8833.0,16,0,2,0,0.0
7916,0,0.306199782,61,0,2344.0,,8,0,3,0,
7917,0,0.533817699,65,0,0.219239968,3762.0,6,0,0,0,2.0
7920,0,0.9999998999999999,22,0,0.0,820.0,1,0,0,0,0.0
7922,0,0.0,67,0,0.0,,1,0,0,0,2.0
7923,0,0.030070406,55,0,0.29988319,9416.0,19,0,1,0,0.0
7925,0,0.14316119300000002,42,0,0.667203682,4344.0,11,0,1,0,0.0
7927,0,0.00809919,37,0,1141.0,,3,0,1,0,1.0
7929,0,0.026839511,54,0,0.19035671399999998,9166.0,13,0,1,0,2.0
7930,0,0.046768080999999996,39,0,0.289586458,9333.0,19,0,2,0,0.0
7933,0,0.0,52,0,0.312794931,7416.0,7,0,1,0,0.0
7934,0,1.070964518,39,0,0.143387604,3500.0,4,0,0,0,2.0
7936,0,0.0030295440000000003,49,0,0.017173052,8326.0,3,0,0,0,0.0
7937,0,0.0,62,0,0.084104674,8750.0,10,0,1,0,0.0
7938,0,0.931295529,32,0,0.057369489,5420.0,2,0,0,0,2.0
7939,0,0.106456549,48,0,2352.0,0.0,8,0,2,0,2.0
7942,0,0.050715215,54,0,0.011203015,9550.0,5,0,0,0,3.0
7944,0,0.52134876,62,0,1.8754887219999998,3324.0,14,0,2,0,0.0
7945,0,0.683739689,67,0,0.7031476999999999,4129.0,8,0,1,0,0.0
7946,0,0.023512635,56,0,0.26626035600000003,10500.0,8,0,2,0,3.0
7948,0,0.022667511,91,0,0.004254254,7991.0,9,0,0,0,0.0
7949,0,0.001496497,73,0,0.238014115,4108.0,7,0,1,0,1.0
7951,0,0.133401116,49,1,0.183125767,5700.0,11,0,0,0,1.0
7952,0,0.099649238,59,0,0.274326451,10800.0,8,0,1,0,0.0
7953,0,0.9999998999999999,60,0,0.0,,4,0,0,0,0.0
7954,0,0.190934197,43,0,0.161144053,8600.0,15,0,1,1,0.0
7955,0,0.688656858,28,1,0.13866163199999998,4766.0,10,0,0,0,0.0
7956,0,0.009677675,51,0,0.007140817,3500.0,10,0,0,0,0.0
7957,0,0.0,66,1,0.0,,5,0,0,0,
7958,0,0.36077320399999996,37,0,0.162972838,6000.0,6,0,0,0,3.0
7959,0,0.053479622000000004,62,0,0.041713389,8917.0,7,0,0,0,0.0
7960,0,0.7936976859999999,54,1,0.213893053,2000.0,5,0,0,0,1.0
7963,0,0.08165044,63,0,0.809646856,1160.0,26,0,0,0,0.0
7964,0,0.23702567300000002,70,0,0.207780673,16887.0,11,0,3,0,0.0
7965,0,0.9999998999999999,41,1,0.321362458,2700.0,2,1,0,0,1.0
7967,0,0.004215055,36,0,0.00079992,10000.0,7,0,0,0,0.0
7969,1,0.9750025,57,1,0.309327196,7386.0,3,0,1,0,0.0
7970,0,0.0070758159999999995,42,0,241.0,,10,0,0,0,0.0
7971,0,0.007803769,48,0,0.261595262,13000.0,8,0,1,0,1.0
7973,0,0.060039033,45,0,0.7108856809999999,5125.0,10,0,3,0,0.0
7975,0,0.001099945,64,0,2326.0,,5,0,1,0,
7976,0,0.548593721,62,0,0.185693757,6262.0,5,0,0,0,1.0
7977,0,0.7263727729999999,47,0,0.31360785399999996,11000.0,5,0,2,0,3.0
7978,0,0.44115857399999997,33,0,0.147408899,5460.0,8,0,0,0,0.0
7979,0,0.21195760800000002,53,0,0.20419895,4000.0,4,0,1,0,2.0
7980,0,0.013164279,59,0,0.180251,7250.0,13,0,1,1,1.0
7981,0,0.998003992,26,0,466.0,,4,1,0,0,
7983,0,0.17592539199999999,48,0,2704.0,,11,0,1,0,0.0
7984,0,0.10344984300000001,65,0,1534.0,,2,0,1,0,0.0
7986,0,0.17935163399999998,43,0,0.20935019100000002,3400.0,6,0,0,0,2.0
7987,0,0.037883098999999996,38,0,0.521227503,4333.0,5,0,2,0,2.0
7988,1,0.915197313,32,2,0.6426223520000001,5475.0,10,0,2,0,2.0
7989,0,0.00036899,43,0,0.0,5000.0,4,0,0,0,0.0
7991,1,0.9966311059999999,54,2,0.6794300240000001,24000.0,16,0,5,0,0.0
7992,0,0.0,34,0,0.041224235,1600.0,2,0,0,0,0.0
7993,0,0.131600194,74,0,174.0,,8,0,0,0,1.0
7994,0,0.258413962,55,0,0.224920128,7824.0,7,0,1,0,1.0
7995,0,0.95680288,37,0,0.64319674,4416.0,8,0,1,0,0.0
7996,0,0.988364165,40,0,0.475395987,4734.0,6,1,1,0,2.0
7997,0,0.5307351579999999,69,0,0.541099344,5948.0,11,0,2,0,0.0
7998,0,0.178721419,35,0,0.490377406,4000.0,9,0,1,0,0.0
8001,0,0.962976675,72,0,0.589764094,2500.0,8,0,2,0,0.0
8002,0,0.638361638,63,0,18.0,,3,0,0,0,0.0
8003,0,0.188090595,63,0,0.321279787,6000.0,3,0,2,0,6.0
8005,0,0.11922728099999999,54,0,0.392530373,6666.0,27,0,2,0,3.0
8007,0,0.188622879,61,0,1227.0,0.0,7,0,1,0,0.0
8008,0,0.34388459200000004,48,0,0.40085382,6792.0,11,0,1,0,0.0
8010,0,0.073113346,72,0,0.192543922,7000.0,4,0,1,0,0.0
8011,0,0.0,79,0,0.0,,4,0,0,0,
8013,0,0.162819765,41,0,0.38020464,9870.0,7,0,2,0,0.0
8015,0,0.09713460300000001,63,0,0.359773371,6000.0,7,0,2,0,1.0
8016,0,0.0,62,0,1604.0,,12,0,1,0,
8017,0,0.5499725010000001,54,0,0.181363727,5000.0,9,0,0,0,1.0
8020,0,0.555364272,63,0,0.7368157959999999,4000.0,15,0,1,0,0.0
8021,0,0.994264455,52,0,0.076923077,3158.0,10,0,0,0,2.0
8022,0,0.9999998999999999,42,0,0.663056157,6000.0,7,0,3,0,2.0
8023,0,0.7421782229999999,65,0,5848.0,,15,0,1,0,1.0
8024,0,0.31063026,36,0,0.644963145,3255.0,7,0,1,0,2.0
8029,0,0.0026291540000000003,79,0,0.010253643,3705.0,5,0,0,0,0.0
8031,0,0.387184862,64,0,0.302843016,11325.0,14,0,1,0,1.0
8032,0,0.292114081,33,0,0.334611697,7300.0,8,0,2,0,0.0
8034,0,0.040743034,67,0,0.569620253,1500.0,8,0,1,0,0.0
8035,0,0.062288795999999994,63,0,136.0,,5,0,0,0,0.0
8036,0,0.020333211,58,0,0.836708536,3900.0,10,0,1,0,1.0
8038,0,0.034166061,54,0,0.19693113199999998,13750.0,11,0,1,0,1.0
8040,0,0.076112111,67,0,0.344509324,5308.0,6,0,1,0,0.0
8041,0,0.013063978,72,0,0.17603305800000002,3629.0,14,0,2,0,1.0
8042,1,0.43649535899999997,46,1,543.0,,6,0,0,0,0.0
8043,0,0.12268182,31,0,0.149687221,6713.0,3,0,1,0,3.0
8044,0,0.9874025190000001,36,0,0.43989683799999996,8917.0,12,0,2,0,2.0
8046,0,0.019242723,65,0,160.0,,4,0,1,0,0.0
8047,0,0.00859828,90,0,0.000445236,2245.0,6,0,0,0,0.0
8048,0,0.006883029000000001,53,0,0.527307775,4668.0,11,0,1,0,0.0
8049,0,0.03009752,57,0,0.117600631,3800.0,4,0,0,0,2.0
8050,0,0.045814017,50,0,0.155948017,3000.0,3,0,0,0,1.0
8051,0,0.11793879300000001,56,0,938.0,,8,0,0,0,0.0
8053,0,0.8927337740000001,66,0,0.398536139,10929.0,7,0,3,0,0.0
8054,0,0.047542972,63,0,0.292368174,11700.0,4,0,1,0,0.0
8055,0,0.017471737,80,0,18.0,,5,0,0,0,0.0
8057,1,0.9999998999999999,52,0,0.178956835,3335.0,1,1,0,0,2.0
8058,0,0.93972908,43,4,0.48680351899999996,9206.0,14,0,1,0,1.0
8059,0,0.125780102,55,0,0.254796001,3700.0,10,0,1,0,4.0
8061,0,0.062433351,62,0,0.40796600299999997,12000.0,15,0,1,0,1.0
8065,0,0.046156257,69,0,0.156302191,10178.0,11,0,2,0,0.0
8067,0,0.712795816,55,1,0.4674987,11537.0,13,0,3,0,0.0
8068,0,0.025866692,87,0,24.0,,4,0,0,0,
8069,0,0.077196912,66,0,0.428013582,5889.0,6,0,0,0,1.0
8070,0,0.057728983,48,0,1486.0,,6,0,2,0,0.0
8071,0,0.00963443,80,0,0.0029994,5000.0,4,0,0,0,0.0
8072,0,0.843126875,34,0,0.186952037,3877.0,5,0,0,0,0.0
8074,0,0.25995033100000003,38,0,0.221804511,4787.0,11,0,0,0,4.0
8075,0,0.016684186,81,0,0.101919045,6200.0,8,0,1,0,0.0
8076,0,0.48849530700000005,60,1,0.8042594390000001,5164.0,6,1,1,1,0.0
8077,0,0.035342521,86,0,2209.0,,16,0,3,0,0.0
8078,0,0.145074822,39,0,0.30885352899999996,4901.0,9,0,2,0,3.0
8079,0,0.61239622,48,0,0.217890405,13850.0,10,0,1,0,3.0
8081,0,0.089146154,62,1,3697.0,,9,0,2,0,0.0
8087,0,0.9999998999999999,44,0,0.0,3846.0,0,0,0,0,2.0
8088,0,0.0,61,0,0.0,,2,0,0,0,
8090,0,0.184078653,45,0,0.29183258100000004,11300.0,16,0,2,0,1.0
8091,0,0.041465733,82,0,0.236075297,23267.0,13,0,4,0,0.0
8092,0,0.0,69,0,1476.0,,5,0,1,0,
8093,0,0.216118925,42,0,2546.0,,7,0,2,0,1.0
8094,0,0.100759696,27,0,57.0,0.0,4,0,0,0,0.0
8095,0,0.001715875,44,0,1.222710916,2500.0,7,0,2,0,1.0
8096,0,0.027165912,67,0,0.264155331,8600.0,10,0,2,0,1.0
8097,0,0.0,42,0,0.052196726,76613.0,3,0,1,0,2.0
8098,0,0.0,58,0,0.23184058300000002,9333.0,5,0,2,0,1.0
8099,0,0.0,60,0,0.061812562,11000.0,6,0,0,0,0.0
8101,0,0.077167392,24,0,0.145228216,1686.0,8,0,0,0,0.0
8102,0,0.978947922,45,1,4913.0,,11,0,1,0,2.0
8103,0,0.149843752,87,0,0.148972603,2335.0,10,0,0,0,0.0
8104,0,0.01264915,30,1,1270.0,,12,0,1,0,0.0
8107,0,0.409240865,49,0,2602.0,0.0,10,0,1,0,0.0
8108,0,0.39559625600000003,52,0,0.588835659,4800.0,9,0,2,0,1.0
8109,0,0.179375334,73,0,0.398988936,10483.0,10,0,1,0,1.0
8112,0,0.0,46,0,0.258829221,6200.0,5,0,1,0,1.0
8115,0,0.081197293,41,0,0.017219033999999998,5400.0,6,0,0,0,1.0
8116,0,0.143571286,72,0,27.0,,3,0,0,0,0.0
8117,0,0.9999998999999999,40,0,0.107104605,2800.0,2,0,0,0,0.0
8118,0,0.9999998999999999,71,0,0.101651265,6600.0,3,0,0,0,1.0
8119,0,0.178883552,83,0,0.027189124,2500.0,1,0,0,0,0.0
8120,0,0.060807806,54,0,0.301064807,18500.0,11,0,4,0,1.0
8122,0,0.96083696,45,2,2.065173116,981.0,10,0,2,0,1.0
8124,1,0.02369459,78,0,0.07295271,3467.0,14,0,0,0,0.0
8125,0,0.19782807800000002,49,0,0.237834955,7500.0,11,0,1,0,2.0
8126,0,0.047347735999999994,59,0,0.12456880000000001,10435.0,5,0,0,0,1.0
8127,0,0.01615502,57,0,0.1105,11999.0,15,0,2,0,0.0
8128,0,0.9999998999999999,34,0,0.484757621,2000.0,8,0,1,0,2.0
8129,0,0.074792521,71,1,0.6313426129999999,2226.0,7,0,1,0,0.0
8130,0,0.66736391,28,0,0.32537976,14416.0,10,0,2,0,0.0
8132,0,0.13748646,49,0,0.202941852,4350.0,4,0,0,0,2.0
8133,0,0.009559618,47,0,0.23159605,8000.0,8,0,1,0,1.0
8134,0,0.048641225,60,0,0.32822343600000004,4761.0,13,0,2,0,1.0
8135,0,0.8265073759999999,64,0,0.343409915,7442.0,8,0,1,0,0.0
8136,0,0.9315485659999999,55,0,0.794766547,5846.0,12,0,4,0,0.0
8137,0,0.008705736,61,0,0.49446948,2440.0,6,0,1,0,0.0
8138,0,0.072800185,66,0,0.9589280509999999,3432.0,9,0,2,0,0.0
8139,0,0.153982469,45,1,0.240327806,5246.0,9,1,1,0,0.0
8140,0,0.048963829,67,0,0.02869913,4250.0,13,0,0,0,0.0
8141,0,0.078215662,73,0,0.38912217600000004,5000.0,10,0,1,0,1.0
8142,0,0.048650703,66,0,0.44090648299999996,3485.0,14,0,1,0,1.0
8143,0,0.675324675,28,1,0.10704009199999999,5212.0,3,0,0,0,3.0
8144,0,0.5359727910000001,66,0,0.957708385,4066.0,10,0,3,0,0.0
8145,1,0.9999998999999999,43,0,0.098250336,5200.0,2,0,0,1,1.0
8146,0,0.055464085999999996,67,1,0.25619475399999997,6900.0,17,0,1,0,1.0
8147,0,0.18769052100000003,52,0,3261.0,,9,0,2,0,2.0
8150,0,0.056895884,50,0,0.159242371,2850.0,4,0,0,0,3.0
8151,0,0.003732836,83,0,0.0,,3,0,0,0,0.0
8152,0,0.0,67,0,1403.0,,9,0,1,0,0.0
8155,0,0.9999998999999999,57,1,2109.0,,5,0,1,0,0.0
8157,0,0.205149768,50,0,0.32827862,6000.0,7,0,2,0,0.0
8158,0,0.9999998999999999,56,2,0.23072905,13400.0,3,1,2,1,2.0
8160,0,0.16279186,68,0,2262.0,,9,0,1,0,0.0
8161,0,0.005162738,71,0,0.267748028,9000.0,13,0,3,0,0.0
8162,0,0.096903097,24,0,5.0,,1,0,0,0,0.0
8163,0,0.015997715,63,0,0.00029997,10000.0,1,0,0,0,0.0
8164,0,0.202875807,57,0,0.117262591,2600.0,13,0,0,0,0.0
8166,0,0.006958188000000001,65,0,0.002511301,3981.0,5,0,0,0,0.0
8168,0,0.150342471,64,0,0.284387945,7000.0,7,0,1,0,1.0
8169,0,0.022179036000000003,55,0,0.41469319,9500.0,8,0,2,0,3.0
8170,0,0.178906003,52,0,0.37473452399999996,12712.0,5,0,2,0,0.0
8171,1,0.808125306,41,3,0.43035673700000004,4400.0,7,0,0,0,1.0
8172,0,0.017425429,63,1,0.46704155,3200.0,8,0,1,0,0.0
8174,0,0.101106617,62,0,0.079402423,8500.0,5,0,0,0,0.0
8175,1,0.822326485,45,0,2994.0,,10,0,1,1,0.0
8176,0,0.07927317099999999,45,0,0.24306630199999998,8400.0,5,0,2,0,3.0
8177,0,0.29022546899999996,62,0,0.555447471,3083.0,9,0,2,0,0.0
8178,0,0.890473968,56,0,0.194451032,12650.0,9,0,1,0,1.0
8179,0,0.0,52,0,0.30908317399999996,4700.0,6,0,0,0,0.0
8180,0,0.008518203,41,0,2357.0,,7,0,1,0,0.0
8181,0,0.807438512,36,0,0.36779730299999996,7340.0,6,0,2,0,2.0
8183,0,0.045386627,57,0,0.15481873300000001,7750.0,5,0,1,0,0.0
8185,0,0.065733382,39,0,7291.0,,16,1,8,0,0.0
8187,0,0.183660545,57,0,0.367940524,7666.0,8,0,2,0,1.0
8189,0,0.093890084,48,1,3550.0,,7,0,2,0,0.0
8190,0,0.073364221,54,0,0.268414251,5416.0,3,0,1,0,0.0
8191,0,0.0,51,0,0.281593775,7453.0,7,0,1,0,1.0
8193,0,0.814798943,40,0,0.670207385,1976.0,7,0,0,0,0.0
8195,1,0.9999998999999999,42,0,0.0,3323.0,0,0,0,1,2.0
8196,0,0.43745072799999996,33,1,0.575594437,2228.0,10,0,1,0,0.0
8197,0,0.0,54,0,0.48869173200000005,13750.0,5,0,3,0,0.0
8198,0,0.002668273,47,1,0.519478938,8213.0,5,0,1,0,3.0
8199,0,9340.0,62,0,0.18690794300000002,8233.0,2,0,1,0,3.0
8200,0,0.025619816,39,0,0.25812752899999997,7166.0,12,0,2,0,3.0
8203,0,0.10490031699999999,43,0,2517.0,,6,0,2,0,0.0
8205,0,0.568195415,58,0,0.151694786,6578.0,4,0,0,0,2.0
8206,0,0.038688381,42,0,0.46373869700000003,5418.0,7,0,3,0,1.0
8207,0,0.326128491,73,0,4572.0,,23,0,2,0,0.0
8209,0,0.9999998999999999,70,0,703.0,,1,1,1,0,0.0
8211,0,0.085231321,70,0,0.246071701,6554.0,8,0,1,0,1.0
8212,0,0.012525715,47,1,0.08498023699999999,7083.0,15,0,0,0,2.0
8215,0,0.9999998999999999,61,0,0.055967632999999996,1482.0,0,1,0,0,0.0
8216,1,0.32554885699999997,49,0,0.480425979,6666.0,9,0,2,0,0.0
8217,0,0.768952115,41,0,4224.0,,9,0,2,0,2.0
8219,0,0.036445721,74,0,59.0,,9,0,0,0,0.0
8220,0,0.228637096,64,0,0.474811886,7840.0,13,0,2,0,0.0
8221,0,0.9999998999999999,66,0,1067.0,,2,0,1,0,0.0
8222,0,0.001333305,52,0,1.0,,5,0,0,0,0.0
8223,0,0.101422864,61,0,1317.0,,6,0,2,0,0.0
8225,0,0.842714361,27,0,0.01136543,6334.0,4,0,0,0,0.0
8226,0,0.54798299,51,0,0.41030789799999995,2987.0,6,0,2,0,0.0
8227,0,0.14645656,59,0,0.319924773,9570.0,16,0,2,0,0.0
8228,0,0.092083525,78,0,0.4338804,5300.0,19,0,1,0,0.0
8229,0,0.088900271,56,0,0.231584745,7262.0,11,0,2,0,0.0
8233,0,0.091786053,48,0,0.255955532,11333.0,18,0,2,0,0.0
8235,0,0.111996204,72,0,0.543966152,5435.0,10,0,2,0,0.0
8239,0,0.015699477,60,0,0.590939374,1500.0,3,0,1,0,0.0
8240,0,0.304591954,71,0,0.380505415,2769.0,5,0,2,0,0.0
8241,0,0.03684596,57,0,0.557269352,3500.0,15,0,2,0,0.0
8242,0,0.328667333,24,0,0.235105958,2500.0,5,0,0,0,0.0
8243,0,0.032951335,58,0,0.012078301000000001,2400.0,6,0,0,0,0.0
8244,0,0.03016164,32,0,0.026687,5245.0,3,0,0,0,0.0
8245,0,0.214603608,51,0,1.720999405,1680.0,11,0,2,0,1.0
8246,0,0.128676721,35,0,0.856893543,4583.0,10,0,4,0,0.0
8247,0,0.38347301899999997,31,0,0.6984240690000001,1395.0,7,0,1,0,0.0
8248,1,0.7991120979999999,63,0,0.010024301,3291.0,3,2,0,0,0.0
8249,0,0.0,32,0,435.0,,3,0,0,0,0.0
8250,1,1.013990816,31,2,2915.0,,8,1,1,1,0.0
8251,1,0.9999998999999999,48,0,0.016731278999999998,4900.0,0,0,0,0,1.0
8253,0,0.924276763,36,0,0.252430134,3291.0,7,0,1,0,2.0
8255,0,0.9999998999999999,29,1,0.37492537299999995,1674.0,1,0,0,0,3.0
8256,0,0.019158776000000002,56,0,0.005271769,5500.0,7,0,0,0,0.0
8257,0,0.9141937290000001,54,1,0.7309984009999999,6880.0,17,0,1,0,2.0
8258,0,0.258539863,55,0,867.0,,11,0,0,0,0.0
8259,1,0.527576552,47,3,0.43219627,5950.0,7,0,1,0,0.0
8260,0,0.042705400000000004,62,0,0.38998440100000004,25000.0,26,0,6,0,0.0
8262,0,0.088824,67,1,0.108284535,10416.0,7,0,1,0,0.0
8263,0,0.51766164,62,0,0.8171254920000001,5593.0,13,0,2,0,0.0
8264,0,0.070492951,40,1,0.366129585,5833.0,11,0,2,0,2.0
8265,0,0.9999998999999999,57,0,0.161502966,1516.0,1,0,0,0,0.0
8266,1,0.49366514,34,1,0.419942077,7250.0,10,0,2,0,0.0
8267,0,0.170445226,34,0,0.525245792,6000.0,9,0,2,0,0.0
8268,0,0.065531149,68,0,0.46630673899999997,5000.0,4,0,2,0,0.0
8269,1,0.6993889090000001,42,1,3253.0,,11,0,1,0,2.0
8270,0,0.003820637,80,0,0.218446602,3501.0,12,0,1,0,0.0
8271,1,0.42825587299999995,50,2,5943.0,,13,0,3,1,0.0
8273,0,0.484548355,47,0,1729.0,0.0,9,0,1,0,2.0
8274,0,0.670038819,34,0,0.081489062,7816.0,9,0,0,0,0.0
8275,0,0.0,47,0,919.0,,11,0,2,0,0.0
8276,0,0.005025909,88,0,0.00279944,5000.0,4,0,0,0,0.0
8278,0,0.9857621670000001,52,0,0.567780304,5716.0,11,0,2,0,3.0
8279,0,0.06227541,50,0,2777.0,,9,0,2,0,3.0
8280,0,0.015738788,52,0,0.321369055,7800.0,6,0,2,0,1.0
8281,0,0.462146038,26,0,1.241169306,820.0,6,0,0,0,0.0
8282,0,0.6824397990000001,42,0,0.362479549,5500.0,5,0,1,0,3.0
8286,0,0.7659422509999999,39,0,0.13439113,5230.0,4,0,0,0,2.0
8287,0,0.009381804,44,0,0.013369901000000002,2916.0,14,0,0,0,0.0
8288,0,0.157394421,61,0,91.0,,3,0,0,0,0.0
8290,0,0.015998933,50,0,0.065273565,8900.0,6,0,0,0,2.0
8291,0,0.085249601,68,0,65.0,,4,0,0,0,0.0
8292,0,0.9999998999999999,64,0,58.0,,1,0,0,0,0.0
8293,0,0.06742214,74,0,1514.0,,21,0,1,0,0.0
8295,0,0.253479555,42,0,0.562527045,2310.0,9,0,1,0,0.0
8296,0,0.086491351,63,0,0.00526205,4750.0,6,0,0,0,0.0
8297,0,0.219643465,53,0,0.493328713,5770.0,11,0,2,0,1.0
8298,0,0.050108327,42,0,0.333061806,9820.0,7,0,2,0,0.0
8299,0,0.033816645,41,0,0.25127201600000004,2554.0,3,0,0,0,0.0
8301,0,0.004194430999999999,51,1,0.14856081699999998,14000.0,7,0,2,0,3.0
8302,0,0.0005199790000000001,62,0,4011.0,,7,0,1,0,0.0
8304,0,0.17546618,52,0,0.46348962299999996,1300.0,4,0,0,0,0.0
8305,0,0.081002095,71,0,0.136863137,1000.0,5,0,0,0,0.0
8307,1,0.574031553,44,1,0.222519455,4111.0,7,0,0,1,1.0
8308,0,0.03179422,81,0,0.081800446,7175.0,10,0,0,0,2.0
8310,0,0.017006705,77,0,0.002705564,8500.0,8,0,0,0,1.0
8311,0,0.014915303000000001,78,0,20.0,,10,0,0,0,0.0
8313,0,0.132442505,29,0,0.100130719,3824.0,5,0,0,0,0.0
8317,0,0.257010316,64,0,0.35497879200000004,9901.0,18,0,3,0,0.0
8318,0,0.158926879,59,0,0.529501916,9134.0,13,0,1,0,1.0
8319,0,0.560540991,40,0,0.638144742,2500.0,12,0,0,0,1.0
8320,0,0.367864134,31,0,0.18730835899999998,7500.0,9,0,0,0,0.0
8321,0,0.115992001,29,0,0.461492891,3375.0,13,0,1,0,0.0
8323,0,0.00166206,76,0,165.0,,15,0,1,0,0.0
8324,0,0.253189701,73,0,0.27521349,9250.0,12,0,1,0,0.0
8327,0,0.126597721,70,0,0.35882194,3700.0,11,0,1,0,0.0
8329,0,0.133815111,37,0,0.024493877,4000.0,7,0,0,0,0.0
8331,0,0.587547046,56,0,0.085991401,10000.0,4,0,0,0,0.0
8333,0,0.03833683,31,0,0.381633595,6500.0,8,0,2,0,0.0
8335,0,0.288706963,46,3,0.598297367,5050.0,10,0,1,1,2.0
8336,0,0.372140618,34,0,0.560469141,5200.0,12,0,1,1,0.0
8338,0,0.271955533,43,0,886.0,,11,0,0,0,2.0
8342,0,0.15366748800000002,64,0,3225.0,,6,0,1,0,0.0
8343,0,0.645319533,46,0,3113.0,,8,0,2,0,0.0
8344,0,0.430456017,52,0,0.251261269,12090.0,25,0,0,0,0.0
8345,0,0.479845849,28,0,0.21974148100000002,850.0,5,0,0,0,0.0
8346,0,0.874025195,51,0,967.0,,4,0,0,0,
8347,0,0.22733545300000002,72,0,0.146550493,7000.0,6,0,0,0,0.0
8348,0,0.527096239,46,2,0.736554047,9500.0,11,0,2,0,2.0
8349,0,0.9999998999999999,34,0,0.0,2720.0,0,0,0,0,1.0
8350,0,0.152442139,31,0,0.077540631,5106.0,6,0,0,0,1.0
8351,0,0.039286273,67,0,1248.0,,7,0,1,0,0.0
8352,0,0.017097368999999998,65,0,13.0,0.0,3,0,0,0,0.0
8355,0,0.27256620000000004,56,0,1.0476649009999999,2076.0,11,0,1,0,2.0
8356,0,0.140046499,46,0,0.102099767,9000.0,8,0,0,0,2.0
8357,0,0.004008502,47,0,0.141723885,15000.0,15,0,1,0,0.0
8358,0,0.019444173999999998,52,0,0.124565715,11800.0,6,0,1,0,1.0
8360,0,0.0,31,0,0.368617518,7500.0,8,0,1,0,0.0
8361,0,0.172765447,66,0,0.104423771,5266.0,3,0,0,0,1.0
8363,0,0.287930723,42,0,1.7049180330000002,2500.0,9,0,1,0,0.0
8364,0,0.015776451,39,1,0.214427795,7540.0,10,0,1,0,0.0
8365,0,0.097330166,62,0,0.022193905,9416.0,11,0,0,0,0.0
8366,0,0.545289127,88,1,0.181062995,13000.0,15,0,0,0,1.0
8367,0,0.576716838,47,0,0.312758978,11583.0,10,0,2,0,0.0
8368,0,0.286000133,42,0,0.435269972,6333.0,18,0,1,0,3.0
8371,0,0.415848131,42,0,0.253457757,12001.0,6,0,2,0,3.0
8372,0,0.04281429,87,0,0.147698894,2802.0,2,0,0,0,0.0
8373,0,0.345861655,40,0,0.15964141,11600.0,8,0,1,0,2.0
8374,0,0.0,70,0,0.344590091,4500.0,10,0,2,0,0.0
8375,0,0.02609739,75,0,0.00139972,5000.0,2,0,0,0,0.0
8376,0,0.006117821999999999,75,1,637.0,,7,0,1,0,0.0
8377,0,0.995004995,30,0,383.0,,4,0,0,0,0.0
8380,0,1.029660019,58,0,0.405074056,14110.0,10,0,1,0,1.0
8381,0,0.51519388,48,0,0.536507937,6299.0,13,0,2,0,2.0
8382,0,0.114070874,35,0,0.35373847399999997,9000.0,2,0,1,0,2.0
8385,0,0.044830376,56,0,0.26098074600000004,6647.0,8,0,1,0,0.0
8386,0,0.305814788,33,0,0.34755366,7500.0,9,0,1,0,0.0
8388,0,0.276141115,46,0,0.928028933,5529.0,13,0,4,0,1.0
8389,0,0.006307956,47,0,0.32691827,4000.0,7,0,1,0,2.0
8391,1,0.9999998999999999,35,0,234.0,,8,1,0,0,0.0
8393,0,0.758657109,31,0,0.786042624,7178.0,14,0,2,0,0.0
8395,0,0.030848458,61,0,1732.0,,9,0,1,0,
8396,0,0.117001334,93,0,181.0,,7,0,0,0,
8397,0,0.16571414,77,0,0.538827528,5884.0,11,0,2,0,2.0
8398,1,0.026069485,70,0,2673.0,,11,0,2,0,0.0
8399,0,0.0038603409999999998,39,0,0.34557698200000003,9800.0,10,0,1,0,0.0
8400,0,0.138535133,48,0,0.239083853,21000.0,13,0,2,0,4.0
8401,0,0.9999998999999999,36,0,0.102965678,3000.0,1,0,0,0,2.0
8402,0,0.052568674,66,0,0.15637498800000002,10250.0,3,0,1,0,1.0
8403,1,0.47671715200000003,59,0,3792.0,,10,0,2,0,0.0
8404,0,0.422384241,60,0,0.468291159,3200.0,7,0,1,0,0.0
8405,0,0.013253862,54,0,0.025373225,49500.0,9,0,3,0,1.0
8406,0,0.110686429,69,0,0.5831771029999999,8000.0,21,0,5,0,0.0
8409,0,0.9999998999999999,43,0,1742.0,,6,0,1,0,0.0
8410,0,0.09416465199999999,67,0,0.47138810200000003,3529.0,11,0,1,0,0.0
8412,0,0.015150597,57,0,2703.0,,5,0,1,0,0.0
8413,0,0.372820726,57,0,0.45684328799999996,5340.0,9,0,1,0,0.0
8414,0,0.073233115,44,0,0.37581655799999997,7500.0,13,0,2,0,3.0
8415,0,0.070547163,66,1,0.26859472300000004,13000.0,16,0,1,0,0.0
8417,0,0.292471548,66,0,0.69219315,4700.0,8,0,2,0,1.0
8418,0,0.511269726,51,2,0.29245745100000003,16333.0,13,0,1,0,3.0
8419,0,0.595620219,51,2,0.574715792,7300.0,10,0,1,1,1.0
8421,0,0.118988101,47,0,0.28084734699999997,4578.0,4,0,1,0,0.0
8424,0,0.23255348899999997,61,1,0.467896023,4500.0,9,0,1,0,0.0
8426,0,0.605635844,57,0,1.1120835690000002,7083.0,27,0,1,0,2.0
8428,0,0.094526518,70,0,0.04048913,3679.0,5,0,0,0,0.0
8430,0,0.5862068970000001,33,0,0.048975512,2000.0,2,0,0,0,1.0
8431,0,0.025167538,33,0,0.16026241800000002,3200.0,8,0,1,0,0.0
8432,0,0.0050604529999999995,53,0,4.0,,3,0,0,0,0.0
8433,0,0.037274788999999996,55,0,1459.0,,13,0,1,0,2.0
8434,0,0.045852814000000006,77,0,0.49060272200000005,3085.0,8,0,1,0,0.0
8436,0,0.9999998999999999,54,0,457.0,,2,3,0,0,2.0
8439,0,0.9999998999999999,22,0,12.0,,0,0,0,0,
8440,0,1.020576132,43,1,0.054139172,6667.0,6,2,0,2,0.0
8444,0,0.568810397,39,1,0.21330658600000002,2990.0,3,1,0,1,2.0
8445,0,0.350048993,52,0,0.346995347,10100.0,14,0,2,0,4.0
8447,0,0.039272013,67,0,1406.0,,5,0,1,0,0.0
8448,0,0.008253571,74,0,0.371451419,2500.0,20,0,0,0,0.0
8449,0,0.0,58,0,0.241459757,6000.0,4,0,1,0,0.0
8450,0,0.004658115,74,0,0.009043313,2100.0,12,0,0,0,0.0
8453,1,0.827172827,31,1,0.410986102,6043.0,5,1,1,2,2.0
8456,0,0.855368145,27,1,0.47530364399999997,2469.0,8,0,0,0,0.0
8457,0,0.6580683860000001,25,0,0.332948866,2600.0,5,0,0,0,0.0
8458,0,0.081747385,55,2,53.0,,4,0,0,0,0.0
8459,0,0.04524202,62,0,1056.0,,8,0,1,0,0.0
8460,0,0.178727318,72,0,0.230865878,9550.0,7,0,1,0,0.0
8462,0,0.9999998999999999,38,0,13.0,,1,0,0,1,0.0
8464,0,0.25423898899999997,48,0,0.49405045200000003,2100.0,6,0,0,0,0.0
8465,0,0.809930528,50,0,0.46581677299999996,8000.0,11,0,1,0,2.0
8466,0,0.800644357,41,0,0.571128241,4280.0,8,0,1,0,0.0
8467,0,0.9999998999999999,45,0,747.0,0.0,3,1,0,0,1.0
8468,0,0.027146037999999997,63,0,2590.0,,13,0,1,0,0.0
8470,0,0.828335057,44,4,0.471497181,4788.0,8,2,1,1,4.0
8471,0,0.010747017,64,0,0.006238004,2083.0,4,0,0,0,0.0
8475,0,0.661916904,37,0,2955.0,0.0,4,0,1,0,1.0
8477,0,0.025972339,58,0,0.273389516,7000.0,7,0,0,0,0.0
8478,0,0.0,45,0,0.32640639899999996,11500.0,7,0,2,0,0.0
8480,0,0.004999667,69,0,2551.0,,6,0,2,0,
8482,0,0.10631124900000001,34,1,0.41897183299999996,7916.0,7,0,2,0,1.0
8483,0,0.0,60,0,0.287627636,7540.0,14,0,1,0,1.0
8484,0,0.172606533,50,0,1.544908919,9496.0,15,0,1,0,1.0
8485,0,0.480751925,66,0,0.083380925,1750.0,1,0,0,0,0.0
8487,0,0.022523599,72,0,0.110240078,4081.0,6,0,1,0,2.0
8488,0,0.731047408,40,0,0.644727273,5499.0,12,0,1,0,1.0
8489,1,0.9999998999999999,37,1,281.0,,1,0,0,0,0.0
8490,0,0.10946301800000001,72,1,0.653422199,3900.0,10,0,1,0,1.0
8491,0,0.016504053,47,0,0.075429553,5819.0,6,0,0,0,0.0
8492,0,0.125705734,78,0,0.34955015,6001.0,10,0,1,0,1.0
8494,0,0.587972824,57,0,0.305595872,6200.0,11,0,1,0,0.0
8495,0,0.36690713700000005,89,0,0.46225753700000005,4278.0,20,0,2,0,0.0
8496,0,0.0,79,0,0.0018939389999999999,1583.0,7,0,0,0,1.0
8498,0,0.054221347999999996,55,0,1.080550098,2035.0,7,0,1,0,0.0
8499,0,0.61295285,49,0,1796.0,,5,0,1,0,0.0
8500,0,0.026160845,63,0,0.11298511300000001,11620.0,11,0,3,0,0.0
8501,0,0.001481382,51,0,210.0,,7,0,0,0,0.0
8502,1,0.724183877,26,1,0.06506061099999999,6516.0,5,0,0,0,1.0
8504,0,0.08790110000000001,63,0,1047.0,,5,0,1,0,
8505,1,0.641294006,47,1,684.0,0.0,5,5,0,5,0.0
8507,0,0.0,72,0,0.313339046,3500.0,2,0,1,0,2.0
8508,0,0.199244721,36,0,0.141247046,5500.0,7,0,0,0,0.0
8511,0,0.0,53,1,47.0,,3,0,0,0,2.0
8513,0,0.9999998999999999,28,0,0.089053803,1616.0,1,0,0,0,2.0
8514,1,0.105212043,48,1,0.470512269,4645.0,10,0,2,0,2.0
8515,0,0.0,51,0,421.0,,8,0,0,0,0.0
8516,0,0.7954358309999999,69,0,0.164895441,2916.0,4,0,0,0,0.0
8517,0,0.9999998999999999,44,0,0.004805382,2080.0,1,0,0,0,0.0
8518,0,0.054776637999999996,72,0,0.058520047,6783.0,6,0,0,0,0.0
8519,0,0.16325578300000002,47,0,46.0,1.0,3,0,0,0,2.0
8520,0,0.9999998999999999,56,0,0.033808983,12333.0,1,0,0,0,2.0
8522,0,0.0,84,0,0.0,3006.0,3,0,0,0,0.0
8524,0,0.457131843,53,0,0.29890560899999996,16081.0,17,0,3,0,3.0
8525,0,0.561804774,40,1,0.175248419,7748.0,4,0,0,0,1.0
8526,0,0.9999998999999999,56,3,0.427961032,5850.0,3,0,1,0,0.0
8527,0,0.543006477,35,0,0.5498533720000001,4091.0,10,0,0,0,1.0
8529,0,0.006599736,62,0,37.0,,3,0,0,0,0.0
8531,1,0.9999998999999999,67,1,0.9369331359999999,4740.0,3,1,0,0,1.0
8533,0,0.005260641,65,0,0.178626972,4500.0,4,0,1,1,0.0
8538,0,0.147527695,36,1,2583.0,,10,0,1,0,2.0
8540,0,0.824726135,43,0,0.11128650400000001,3800.0,5,0,0,0,1.0
8541,0,0.033886182,62,0,0.228647613,12000.0,13,0,2,0,1.0
8542,0,0.034055506,85,1,0.01076509,2600.0,9,0,0,0,0.0
8543,0,0.8762070390000001,46,2,0.45320347,6570.0,9,0,1,0,2.0
8544,0,0.012838802,31,0,0.179975047,3205.0,2,0,0,0,0.0
8545,0,0.7249637520000001,67,0,3377.0,,7,0,3,1,0.0
8546,0,0.212755831,37,0,0.20035992800000002,3333.0,2,0,0,0,0.0
8548,0,0.674876082,63,0,1.53837915,2800.0,10,0,1,0,0.0
8551,0,0.35831464,39,1,0.136975296,4978.0,3,0,0,0,0.0
8553,0,0.032584402,29,0,0.343902439,4509.0,6,0,1,0,2.0
8554,0,0.997904317,40,2,0.21542615199999998,30000.0,12,0,4,0,3.0
8555,0,0.037027991,62,0,0.155346047,14000.0,8,0,1,0,1.0
8556,0,0.06655851,63,0,0.048658557000000005,6000.0,15,0,1,0,0.0
8557,0,0.070482159,64,0,0.16265597099999998,17951.0,8,0,1,0,2.0
8558,0,0.0,46,0,0.15445494,7833.0,10,0,1,0,1.0
8561,0,0.001363574,60,0,0.11441266300000001,3600.0,2,0,1,0,0.0
8562,0,0.9999998999999999,48,0,0.08679593699999999,2165.0,3,0,0,0,0.0
8563,0,0.001073662,46,1,461.0,,6,0,0,0,0.0
8565,0,0.9999998999999999,55,0,0.08638272300000001,5000.0,2,0,0,0,0.0
8567,0,0.6990326929999999,52,1,0.350630887,5626.0,11,0,2,0,2.0
8568,0,0.13459923599999998,39,1,0.137033516,8413.0,14,0,0,0,1.0
8569,0,0.9999998999999999,57,0,1140.0,,1,0,1,0,
8571,0,0.074858608,66,0,0.49753366200000004,7500.0,18,0,3,0,0.0
8572,0,0.08190030200000001,55,0,0.24895021,5000.0,10,0,2,0,1.0
8573,0,0.81014525,45,1,0.662275829,6300.0,13,0,1,0,2.0
8574,0,0.748408525,37,0,0.44831280100000004,5600.0,11,0,0,0,0.0
8576,1,0.950161405,28,0,1.398000909,2200.0,11,0,2,0,0.0
8577,0,0.43744917899999997,74,0,0.153169366,5000.0,6,0,0,0,0.0
8578,0,0.738564413,63,1,0.31547385699999997,43356.0,37,0,6,0,0.0
8579,0,0.071260214,59,0,0.031292277,17000.0,21,0,0,0,0.0
8581,1,0.9999998999999999,36,0,0.285578296,2100.0,2,0,0,0,0.0
8582,0,0.25151767199999997,49,1,1.657791944,32000.0,12,0,0,0,5.0
8583,0,0.174187158,52,0,4790.0,,18,0,2,0,2.0
8584,0,0.328181021,78,4,0.39326434,5700.0,9,0,1,0,0.0
8586,0,0.099626551,29,0,0.261684579,4000.0,4,0,1,0,0.0
8587,0,0.008078735,58,0,0.431892027,4000.0,9,0,3,0,0.0
8588,0,0.124387561,60,0,0.008220395,4500.0,1,0,0,0,0.0
8589,0,0.018167008000000002,49,0,0.126557377,9149.0,6,0,2,0,0.0
8590,0,0.6124516729999999,72,0,1.969401947,718.0,10,0,1,0,0.0
8591,0,0.9999998999999999,44,0,1723.0,,4,0,2,0,0.0
8592,0,0.9999998999999999,32,0,0.862552966,3775.0,5,0,1,0,0.0
8593,0,0.9999998999999999,23,0,0.0,650.0,0,0,0,0,0.0
8594,0,0.0,71,0,0.0,,1,0,0,0,0.0
8595,0,0.46268656700000005,50,1,0.40212786899999997,10150.0,6,0,2,0,2.0
8596,0,0.139107634,50,0,0.20362371,8333.0,11,0,1,0,0.0
8597,0,0.22119131600000003,58,0,0.43615200299999995,5841.0,10,0,1,0,0.0
8598,0,0.184694345,61,2,0.11315309800000001,6583.0,8,0,0,0,0.0
8599,0,0.104284855,49,0,0.266629635,7200.0,8,0,1,0,2.0
8600,0,0.12175943,48,0,0.121730964,13841.0,9,0,1,0,5.0
8601,0,0.250667576,30,0,0.202262959,11400.0,7,0,1,0,0.0
8602,0,0.164737829,39,0,1.6106946530000001,2000.0,9,0,1,0,2.0
8604,0,0.181927358,69,0,0.974864324,3500.0,15,0,2,0,0.0
8605,0,0.131929944,52,0,0.430411593,9936.0,14,0,3,0,0.0
8606,0,0.229061452,59,1,0.42187946299999995,3500.0,20,0,1,0,0.0
8607,0,0.191237957,25,0,0.671132765,820.0,5,0,0,0,0.0
8608,0,0.99830017,64,0,0.26946701,5046.0,6,0,1,0,0.0
8610,0,0.130106518,48,0,0.381184245,11500.0,10,0,2,0,0.0
8611,0,0.925648835,54,0,0.168871117,6501.0,9,0,0,0,1.0
8613,0,0.038851593,55,0,0.0019995,4000.0,2,0,0,0,0.0
8614,1,0.456954305,48,0,0.58022184,6400.0,7,0,2,0,1.0
8615,0,0.02379762,56,0,0.242870875,3120.0,4,0,0,0,1.0
8616,0,0.9999998999999999,30,0,0.236157438,2997.0,3,0,0,0,1.0
8617,0,0.102169471,36,0,1298.0,,3,0,1,0,
8619,0,0.9999998999999999,38,0,0.0,3750.0,4,0,0,1,0.0
8622,0,0.635298869,45,0,0.35186539899999997,4100.0,9,0,0,0,2.0
8623,0,0.315390079,52,0,0.130933825,7056.0,8,0,1,0,1.0
8625,0,0.42696944200000003,36,0,0.602517042,1906.0,8,0,0,0,1.0
8626,0,0.308775413,37,2,0.34902322700000005,6500.0,14,0,1,0,2.0
8627,0,0.10412383,53,0,0.468202544,8333.0,22,0,4,0,0.0
8628,0,0.011468331000000002,46,0,0.010361599,4728.0,8,0,0,0,0.0
8629,0,0.097140785,62,0,0.376602127,11000.0,16,0,2,0,2.0
8630,0,0.008951371999999999,46,2,0.32555692,5700.0,9,0,1,0,2.0
8631,0,0.00509661,68,0,5.0,,5,0,0,0,0.0
8632,0,0.9963929859999999,52,0,0.355192505,8752.0,15,0,2,0,2.0
8633,0,0.048180245,57,0,4562.0,,9,0,1,0,0.0
8635,0,0.409423345,54,0,0.297693797,17040.0,11,0,3,0,3.0
8637,0,0.062315349000000006,46,0,41.0,,4,0,0,0,0.0
8638,0,0.097773271,61,0,0.40907063200000005,6724.0,11,0,1,0,0.0
8639,0,0.05361034,65,0,1318.0,,4,0,1,0,0.0
8640,0,0.078876501,47,0,0.077051269,10200.0,9,0,0,0,1.0
8641,0,0.9999998999999999,55,1,0.080546265,3587.0,4,0,0,0,1.0
8642,0,0.192683025,41,0,0.315800503,4771.0,12,0,1,0,2.0
8643,0,0.0,44,1,0.083383323,5000.0,5,0,0,0,0.0
8644,0,0.27219233600000003,84,0,0.45349448200000003,1902.0,17,0,0,0,0.0
8646,0,0.339005757,65,0,0.140857393,8000.0,14,0,1,0,0.0
8647,0,0.145451979,47,0,0.067391304,5059.0,3,0,0,0,4.0
8649,0,0.030903148999999998,71,0,0.014282313999999999,4200.0,5,0,0,0,0.0
8651,0,0.8133400959999999,34,0,1.423288356,2000.0,7,0,2,0,2.0
8652,1,0.837784961,63,0,0.653739184,6471.0,10,0,1,0,0.0
8653,0,0.01882203,52,0,0.241442703,11422.0,9,0,2,0,0.0
8654,0,0.238783744,49,0,0.444502075,7711.0,26,0,2,0,2.0
8655,0,0.730787544,35,0,0.238041913,6250.0,5,0,1,0,0.0
8656,0,0.008328908000000001,76,0,0.008495751999999999,2000.0,8,0,0,0,0.0
8657,0,0.134032995,38,0,2693.0,,17,0,2,0,0.0
8659,0,0.670307225,42,0,0.568835564,6500.0,11,0,2,0,0.0
8660,0,0.036619202999999996,72,0,1074.0,,7,0,1,0,0.0
8661,0,0.010128816,67,0,0.058862742,15000.0,16,0,1,0,1.0
8666,0,0.501323822,67,0,4414.0,,8,0,2,0,0.0
8667,0,0.335402692,38,0,0.129338902,6942.0,3,0,0,0,3.0
8668,0,0.952272783,52,1,0.934437937,7000.0,15,0,3,0,0.0
8669,0,0.979172452,39,0,0.23251165899999998,1500.0,5,0,0,0,0.0
8671,0,0.02411539,56,0,2329.0,,7,0,0,0,0.0
8673,0,0.78910703,61,0,0.556520098,5298.0,8,0,2,0,2.0
8674,0,0.0,47,0,0.159122725,15000.0,5,0,1,0,0.0
8675,0,0.035430666,59,0,0.624548736,1384.0,7,0,1,0,0.0
8677,0,0.951048951,48,1,0.44483058200000003,1150.0,6,1,0,4,2.0
8679,0,0.974039642,26,1,0.19698314100000003,1126.0,4,0,0,0,1.0
8680,0,0.210671854,44,0,0.6517405310000001,6520.0,10,0,1,0,2.0
8681,0,0.06112026,37,0,0.297024144,5342.0,7,0,2,0,1.0
8683,0,0.034344926,54,0,0.20999416699999998,10285.0,15,0,1,0,0.0
8684,0,0.353930032,29,0,0.17211419100000003,2416.0,4,0,0,0,0.0
8685,0,0.102896587,41,0,0.19059158899999998,7014.0,6,0,2,0,0.0
8686,0,0.500856759,53,0,0.754101824,14200.0,9,0,2,0,2.0
8689,0,0.6754513109999999,37,0,0.270063563,19350.0,17,0,2,0,2.0
8690,0,0.051824235999999996,46,1,0.413508173,11133.0,13,0,5,0,0.0
8692,0,0.520558206,52,0,0.35754074700000005,9693.0,8,0,2,0,0.0
8693,0,0.33980469,58,0,0.355763161,7920.0,14,0,0,0,0.0
8695,0,0.005924455,38,0,0.356656065,2200.0,6,0,1,0,0.0
8696,0,0.127492374,64,1,6616.0,,12,0,3,1,0.0
8697,0,0.050786045,44,0,0.204764803,11500.0,8,0,2,0,2.0
8698,0,0.06912495,45,0,0.092568784,11666.0,11,0,1,0,1.0
8700,0,0.304853903,80,0,2009.0,,11,0,1,0,0.0
8701,0,0.115020298,53,0,0.145890868,10500.0,9,0,1,0,0.0
8702,0,0.015714175,71,0,0.060279973,10500.0,26,0,1,0,0.0
8703,0,0.229218175,53,0,2.016983017,1000.0,4,0,3,0,1.0
8704,1,0.9999998999999999,37,0,37.0,,1,0,0,0,0.0
8705,0,0.027329631,52,2,0.244162409,18200.0,15,0,4,0,2.0
8707,0,0.003386988,76,0,269.0,,6,0,0,0,0.0
8708,0,0.077489604,65,0,72.0,,6,0,0,0,0.0
8710,0,0.009695957,70,0,334.0,,7,0,1,0,0.0
8712,0,0.642376354,38,0,0.217432052,3200.0,8,0,0,0,0.0
8714,0,0.059001875,50,0,0.14470141,12625.0,8,0,2,0,0.0
8716,0,0.18552309600000003,88,0,0.22978723399999998,2819.0,9,0,1,0,0.0
8717,0,0.04931338,61,0,2001.0,,9,0,2,0,2.0
8718,0,0.071687767,77,0,32.0,,2,0,0,0,0.0
8719,1,0.6859883729999999,59,0,0.322432655,8500.0,6,0,1,0,1.0
8721,1,3383.0,31,0,0.09622594400000001,4000.0,3,0,0,0,0.0
8724,1,0.999587118,49,0,1.025077994,8333.0,10,0,6,0,2.0
8725,0,0.008653608,47,0,0.002570694,3500.0,4,0,0,0,2.0
8726,0,0.465818281,48,0,0.38093651100000003,6000.0,9,1,0,0,0.0
8727,0,0.580279813,24,0,0.030023095,865.0,2,0,0,0,0.0
8731,0,0.015010997,84,0,0.002687412,7069.0,6,0,0,0,0.0
8732,0,0.032668614,35,0,346.0,,10,0,0,0,0.0
8733,0,0.643944367,40,0,0.270636596,9000.0,9,0,0,0,0.0
8735,0,0.804998945,58,1,0.551935066,8500.0,10,0,2,0,0.0
8736,0,0.004699883,61,0,1373.0,,13,0,1,0,0.0
8737,0,0.698550242,26,0,0.07899041799999999,4278.0,3,0,0,0,0.0
8739,0,0.20176597100000002,54,0,0.35373847399999997,9000.0,8,0,2,0,0.0
8741,0,0.734227847,37,0,0.888467015,4213.0,7,0,1,0,3.0
8742,0,0.00635045,65,0,0.6782157679999999,4819.0,8,0,3,0,0.0
8743,0,0.038931858,43,0,1.4488503830000001,3000.0,20,0,3,0,4.0
8744,0,0.096726885,46,0,256.0,,2,0,0,0,
8745,1,1.3056478409999999,32,1,713.0,,3,0,0,0,1.0
8746,1,0.0,39,0,0.027339477999999997,6400.0,3,0,0,0,0.0
8747,0,0.6032842620000001,49,0,0.5259515570000001,8958.0,18,0,2,0,0.0
8749,0,0.196543574,45,0,0.25953887,4900.0,11,0,0,0,2.0
8751,0,0.0037256959999999997,72,0,10.0,,11,0,0,0,
8752,0,0.0,30,0,0.009715475,1440.0,6,0,0,0,0.0
8755,0,0.6915442159999999,58,1,0.405756135,7782.0,6,0,2,0,2.0
8756,0,0.37119293,53,0,0.18810207899999998,11833.0,11,0,2,0,0.0
8759,0,0.971990818,50,0,0.45480793399999997,7965.0,12,0,1,1,1.0
8761,0,0.284680557,72,0,234.0,,3,0,0,0,0.0
8762,0,0.041068972,41,0,0.30208429,10890.0,8,0,1,0,1.0
8763,0,0.10782087800000001,61,0,1749.0,,9,0,1,0,2.0
8764,0,0.324953297,64,2,5481.0,,14,0,2,0,3.0
8766,0,0.031660232,62,0,0.528188725,2500.0,9,0,2,0,0.0
8767,0,0.011147735,61,0,0.276473657,3833.0,10,0,1,0,0.0
8768,0,0.133996429,55,0,0.044423734000000006,12875.0,12,0,0,0,3.0
8769,0,0.162990002,33,0,0.132384126,3300.0,5,0,0,0,0.0
8770,0,0.353909739,39,0,0.115245765,3600.0,5,2,0,1,0.0
8771,0,0.017127327,60,0,0.013457885,6315.0,12,0,0,0,0.0
8772,0,0.004988429,70,0,0.0018552879999999999,4311.0,8,0,0,0,0.0
8773,0,0.082758106,61,0,0.24905225,6066.0,8,0,1,0,1.0
8774,0,0.044850735999999995,55,0,700.0,,8,0,0,0,0.0
8775,0,0.08637556699999999,72,0,0.290208511,8200.0,12,0,2,0,0.0
8778,0,0.440609679,54,1,0.776889244,2500.0,6,0,1,0,2.0
8779,0,0.008742358,88,0,622.0,,3,0,1,0,0.0
8780,0,0.141742913,45,0,85.0,,4,0,0,0,0.0
8781,0,0.00850947,39,0,0.041116006000000004,9533.0,9,0,0,0,3.0
8782,0,0.900397385,39,2,0.377442578,8750.0,7,0,2,0,0.0
8783,0,0.01678737,43,0,0.006397440999999999,2500.0,1,0,0,0,0.0
8784,0,0.08521663199999999,72,0,0.235944022,4072.0,4,0,1,0,0.0
8785,0,0.0,35,0,0.0,,2,0,0,0,0.0
8786,0,0.114662001,56,0,0.530705513,3500.0,17,0,2,0,0.0
8787,0,0.159927505,70,0,0.01381567,5500.0,4,0,0,0,0.0
8788,0,0.0,72,0,1039.0,,10,0,1,0,
8789,0,1.002341007,76,1,0.88057273,3072.0,3,0,1,1,0.0
8790,0,0.81640495,62,0,0.779770656,3400.0,15,0,1,0,5.0
8791,1,2.03986711,43,3,0.351429755,2412.0,6,6,0,1,2.0
8793,0,0.6126721079999999,45,0,1012.0,,4,0,0,0,0.0
8794,0,0.292262876,50,0,0.72101213,7666.0,13,0,1,0,1.0
8799,0,0.002232454,84,0,1313.0,,11,0,1,0,0.0
8800,0,0.198834022,53,0,0.286332715,1616.0,10,0,0,0,1.0
8801,0,0.070859484,69,0,0.651075066,2650.0,10,0,2,0,0.0
8802,0,0.557624852,46,0,0.602937226,11166.0,16,0,2,0,2.0
8804,0,0.023770885,81,0,45.0,,4,0,0,0,0.0
8806,0,0.0,43,0,0.12910597,3500.0,2,0,0,0,0.0
8807,0,0.026721388999999998,79,0,1144.0,,7,0,1,0,3.0
8808,0,0.07895871,29,0,0.89276808,400.0,4,0,0,0,1.0
8809,0,0.030500942000000003,55,0,0.351916805,16250.0,8,0,2,0,2.0
8810,0,0.04589936,58,0,0.267095821,9475.0,12,0,2,0,0.0
8811,1,0.8204891559999999,26,0,0.475381155,4000.0,8,0,1,0,0.0
8812,0,0.395206857,43,0,0.558449612,9674.0,17,0,2,0,2.0
8813,0,0.07014759599999999,36,0,0.10890632199999999,2166.0,2,0,0,0,0.0
8816,0,0.049482215999999996,47,0,63.0,,4,0,0,0,1.0
8819,0,0.2504846,52,0,1.068605179,2200.0,10,0,2,0,2.0
8822,0,0.705305355,52,0,0.587886146,7412.0,15,0,2,0,1.0
8824,0,0.0,68,0,0.264735265,1000.0,3,0,0,0,0.0
8825,1,0.048673783,64,0,2446.0,,4,0,2,0,0.0
8826,0,0.9999998999999999,30,0,0.094446349,5833.0,3,0,0,0,0.0
8827,1,0.615692303,73,1,0.82829582,3109.0,15,0,1,1,0.0
8829,0,0.02665556,23,0,0.00039984,2500.0,2,0,0,0,0.0
8830,0,0.063346715,65,0,0.6596707820000001,2429.0,9,0,0,0,0.0
8831,0,0.07895079299999999,70,1,0.599958045,9533.0,21,0,1,0,1.0
8835,0,0.036706571,48,0,0.955213436,1428.0,6,0,1,0,0.0
8837,0,0.870812919,63,0,0.594646272,4706.0,6,0,1,0,0.0
8838,0,0.05630132400000001,68,0,27.36986301,72.0,5,0,1,0,0.0
8839,1,0.719562404,45,1,1058.0,,9,0,0,0,0.0
8840,0,0.9999998999999999,23,0,0.0,820.0,1,0,0,0,0.0
8841,0,0.023652341,54,1,0.00919816,5000.0,9,0,0,0,2.0
8842,0,0.0,63,0,0.17495637,4583.0,8,0,1,0,0.0
8843,0,0.023326186000000002,67,0,1830.0,,5,0,2,0,0.0
8844,0,0.08329491900000001,54,0,0.123764026,9000.0,8,0,1,0,0.0
8846,0,0.0061387180000000005,52,0,0.004997224000000001,1800.0,9,0,0,0,0.0
8847,0,0.494789762,54,0,0.620442708,1535.0,11,0,1,0,0.0
8848,0,0.109219099,33,0,0.249900008,12500.0,22,0,2,0,0.0
8850,0,0.05235893900000001,59,0,0.141473082,9082.0,4,0,1,0,0.0
8851,0,0.9999998999999999,35,0,0.0,3600.0,1,0,0,0,0.0
8852,0,0.9281176729999999,37,1,0.470886688,4138.0,6,0,0,0,2.0
8854,0,1.0253292809999999,49,0,0.171900826,3024.0,4,0,0,0,0.0
8855,0,0.509946321,35,0,600.0,,10,0,0,0,0.0
8857,0,0.028732042000000003,27,0,0.19039145899999999,2247.0,4,0,0,0,1.0
8858,0,0.08925978,48,0,0.26476386399999996,11666.0,6,0,2,0,4.0
8860,0,0.0,41,0,0.020483712,4051.0,3,0,0,0,3.0
8862,0,0.06473617599999999,48,2,2743.0,,19,0,1,0,0.0
8863,1,0.823917608,67,0,0.155658019,18000.0,6,0,1,0,0.0
8864,0,0.0,44,0,382.0,,4,0,0,0,2.0
8865,0,0.906952612,54,0,0.413842906,9000.0,8,0,1,0,2.0
8867,0,0.36975669299999997,45,0,336.0,1.0,6,0,0,0,0.0
8869,0,0.5263414820000001,42,0,0.83230967,7000.0,11,0,1,0,0.0
8870,0,0.176202,57,0,0.718774548,2545.0,7,0,1,0,0.0
8871,0,0.59390736,38,0,1304.0,,5,0,1,0,2.0
8874,0,0.006331223,30,1,0.257984824,5666.0,3,1,1,0,0.0
8875,1,0.9438912140000001,57,3,0.837265094,2500.0,20,0,0,0,0.0
8879,0,0.040199527,63,0,108.0,,14,0,0,0,0.0
8881,0,0.011572498,33,0,0.17845538600000002,4000.0,5,0,1,0,0.0
8883,0,0.0,61,0,0.0,2500.0,8,0,0,0,0.0
8884,0,0.024449389,30,0,0.002223756,13040.0,2,0,0,0,2.0
8886,0,0.564449312,42,0,0.359531196,2900.0,6,0,0,0,0.0
8887,0,0.24664485,34,0,1.8191337459999999,2100.0,15,0,2,0,3.0
8888,0,0.002199956,61,0,0.011569776,7000.0,4,0,1,0,1.0
8889,0,0.009526485999999999,53,0,0.059987371,4750.0,8,0,0,0,0.0
8890,0,0.04908798599999999,57,0,0.269491624,17250.0,7,0,2,0,0.0
8891,0,0.156682604,57,0,0.299419981,16895.0,11,0,3,0,1.0
8892,0,0.146049454,57,0,0.710577865,6125.0,6,0,1,0,2.0
8896,0,0.0,42,0,0.689051825,6000.0,11,0,2,0,2.0
8897,1,0.071114838,46,0,0.395168387,12500.0,16,0,3,0,0.0
8898,0,0.031553803,32,0,0.032146091,6625.0,3,0,0,0,0.0
8899,0,0.632321881,46,1,0.48111332,1508.0,6,0,0,0,0.0
8900,0,0.9999998999999999,54,0,0.0,2166.0,0,0,0,0,0.0
8902,0,0.021047285,52,0,0.006963041999999999,5600.0,6,0,0,0,1.0
8905,0,0.717976435,28,0,1806.0,,6,0,2,0,0.0
8906,0,0.169833037,53,1,0.713580247,4859.0,15,0,2,0,1.0
8907,0,0.915853202,60,0,1552.0,,7,0,0,0,0.0
8908,0,0.9999998999999999,61,0,980.5,1.0,2,0,1,0,0.0
8909,0,0.06551539599999999,53,0,0.652931854,4416.0,10,0,1,0,0.0
8910,0,0.356067184,38,1,0.406532861,2540.0,7,0,0,0,0.0
8911,1,0.196118287,31,1,0.420141429,4100.0,7,0,0,0,0.0
8914,0,0.5065587970000001,49,0,0.33574340399999997,13000.0,16,0,2,0,4.0
8915,0,0.23575105300000002,48,0,0.752070837,3500.0,11,0,2,0,0.0
8916,0,0.020030817,64,0,0.07564114400000001,10800.0,10,0,0,0,1.0
8917,1,0.863126782,50,2,0.318368163,10000.0,12,0,1,0,1.0
8918,1,1.055090798,62,3,937.0,,9,2,2,3,
8920,1,1.018600531,47,7,4623.0,,18,0,3,2,2.0
8921,0,0.02272458,45,0,0.8015855540000001,4540.0,8,0,2,0,2.0
8922,0,0.40271512,38,0,0.263353328,3500.0,10,0,0,0,1.0
8923,0,0.0,72,0,643.0,,4,0,0,0,0.0
8924,0,0.052639918,32,0,0.466888796,2400.0,8,0,1,0,2.0
8927,0,0.05252633,38,0,6102.0,,8,0,2,0,0.0
8928,0,0.053948298,65,0,0.296114988,9600.0,20,0,2,0,1.0
8929,0,0.319320798,44,0,1.1028204209999999,2800.0,11,0,1,0,2.0
8931,0,0.956179048,49,0,0.406383457,4448.0,8,0,2,0,0.0
8932,0,0.47672371700000005,61,0,0.31878089,4855.0,12,0,0,0,2.0
8933,0,0.9999998999999999,42,0,36.0,,3,0,0,0,0.0
8934,0,0.030339621,62,0,0.23275413600000003,9610.0,14,0,2,0,0.0
8935,0,0.0,76,0,7.0,,8,0,0,0,0.0
8937,0,0.9999998999999999,66,0,0.0,,1,0,0,0,0.0
8938,0,0.914537927,64,0,0.47157942,4450.0,7,0,2,0,2.0
8940,0,0.07595326599999999,58,0,0.085304743,8580.0,8,0,0,0,0.0
8941,0,0.332712149,39,0,0.30803447300000003,7193.0,13,0,1,0,2.0
8942,0,0.09508107,54,0,0.157322706,11040.0,7,0,1,0,0.0
8945,0,0.050766650999999996,55,0,74.0,,5,0,0,0,
8946,0,0.003236637,41,0,0.037328356,7500.0,7,0,0,0,3.0
8947,0,0.021686017999999998,54,0,0.15893243599999998,8317.0,4,0,1,0,0.0
8948,0,0.297644017,65,0,0.440216637,7200.0,5,0,2,0,1.0
8949,0,0.12639726699999998,62,1,0.319749216,9250.0,8,0,1,0,0.0
8951,0,0.6487000629999999,64,0,0.637436256,10000.0,7,0,2,0,0.0
8952,0,0.333040658,45,0,0.5073383579999999,10083.0,12,0,4,0,4.0
8953,0,0.097790221,48,0,0.185312743,9000.0,5,0,1,0,2.0
8954,0,0.181110888,61,0,0.35186287299999996,8400.0,15,0,2,0,0.0
8955,1,0.98608998,27,0,0.22120391600000003,4800.0,6,1,0,2,0.0
8956,0,0.9999998999999999,32,0,579.0,,1,0,1,0,0.0
8957,0,0.9999998999999999,31,0,0.004126547,726.0,3,0,0,0,0.0
8958,1,0.8871132270000001,73,1,0.142055268,2315.0,10,0,0,0,0.0
8959,0,0.139435375,66,0,1824.0,,6,0,1,0,0.0
8962,0,0.189298396,80,0,255.0,,9,0,0,0,
8964,0,0.70778601,42,0,0.99387855,4083.0,7,0,2,0,0.0
8965,0,0.9999998999999999,67,0,0.432045436,12500.0,9,0,3,0,0.0
8966,0,0.000588209,88,0,0.0,,8,0,0,0,
8967,0,0.12937751,67,0,0.164460528,10500.0,19,0,1,0,0.0
8968,0,0.0,90,0,40.0,,10,0,0,0,0.0
8969,0,0.9999998999999999,57,1,0.21511232100000002,5875.0,3,0,1,1,3.0
8970,0,0.481212905,50,2,0.39703014799999997,6666.0,7,0,2,0,3.0
8971,0,0.609404352,46,0,0.46356824799999996,9208.0,8,0,2,0,2.0
8972,0,0.0,43,0,5203.0,,6,0,2,0,0.0
8973,0,0.012984428999999999,32,1,0.12645231,3700.0,6,0,0,0,0.0
8974,0,0.07992008,22,0,0.002244669,890.0,2,0,0,0,0.0
8975,0,0.07671014599999999,62,2,0.253944889,16983.0,19,0,1,0,1.0
8977,0,0.92851616,49,0,0.285497254,8556.0,15,0,0,0,0.0
8978,0,0.022144177999999997,58,0,0.60689885,6000.0,10,0,1,0,0.0
8979,0,0.417389805,48,0,0.460404525,8750.0,9,0,1,0,0.0
8981,0,0.021315166,78,0,0.082458771,3334.0,4,0,0,0,0.0
8984,0,0.0,36,0,0.637020144,2630.0,3,0,1,0,3.0
8985,0,1.00147547,40,1,0.127877238,4300.0,3,0,0,0,2.0
8988,0,0.622951771,38,0,0.492472714,5313.0,19,0,0,0,1.0
8989,0,0.061431285999999995,52,0,0.573381756,4680.0,10,0,4,0,0.0
8990,0,0.005765246,41,0,0.151802157,3800.0,10,0,0,0,2.0
8991,0,0.419715024,42,0,0.48421654,7000.0,9,0,2,0,0.0
8992,0,0.824924109,48,0,0.672801636,4400.0,13,0,2,0,2.0
8994,0,0.017861658,75,0,0.00689862,3333.0,7,0,0,0,0.0
8996,0,0.323549915,41,0,0.430311981,10833.0,5,0,2,0,1.0
8997,0,0.8797296440000001,47,0,0.558868895,5834.0,8,0,3,0,2.0
9000,0,0.9386590579999999,45,2,3494.0,,7,0,1,0,0.0
9001,0,0.297757298,62,0,4492.0,,14,0,2,0,0.0
9002,0,0.0,63,0,0.230683091,6250.0,8,0,2,0,2.0
9003,0,0.063727613,65,0,2065.0,0.0,19,0,1,0,0.0
9005,0,0.5521100729999999,40,0,0.724101255,4700.0,10,0,1,0,0.0
9006,0,0.04536892,87,0,78.0,,7,0,0,0,
9007,0,0.021920928,34,0,1763.0,,9,0,1,0,1.0
9008,0,0.279807884,45,0,0.220815752,7820.0,15,0,0,0,2.0
9009,0,0.55909606,48,2,0.38424857700000004,6500.0,18,1,1,1,1.0
9010,0,0.51909342,42,0,0.438833431,10217.0,5,0,2,0,2.0
9011,1,0.04627330599999999,42,0,0.313894808,8916.0,5,1,2,0,1.0
9012,0,0.7841908740000001,54,0,0.148010194,5100.0,6,0,0,0,0.0
9017,0,0.101232621,47,0,0.27759261,10500.0,10,0,1,0,2.0
9018,1,0.893687708,35,0,0.206409879,3400.0,2,1,0,0,4.0
9019,0,0.9999998999999999,29,0,0.314841849,2054.0,2,0,1,0,0.0
9020,0,0.9999998999999999,21,0,64.0,,0,0,0,0,
9025,0,0.0014008129999999999,70,0,6.0,,14,0,0,0,0.0
9027,0,0.09959637800000001,58,0,0.338931621,14170.0,10,0,2,0,2.0
9028,0,0.877017569,48,1,0.389170897,6500.0,8,0,2,1,2.0
9029,0,0.410886304,48,0,0.116876819,6185.0,3,0,1,0,2.0
9030,0,0.008112697,37,0,0.09767728,6500.0,3,0,0,0,0.0
9031,0,0.009653841,28,0,165.0,,5,0,0,0,0.0
9032,0,0.41079054299999995,27,0,0.17490283199999998,1800.0,5,0,0,0,0.0
9035,0,0.22338195,62,0,0.411219181,4420.0,8,0,1,0,0.0
9036,0,0.52858779,30,0,0.34110787200000003,2400.0,12,0,0,0,0.0
9037,0,0.018448897,76,0,0.16118284,2400.0,8,0,2,0,0.0
9041,0,0.0,65,0,0.21312069600000003,2758.0,6,0,1,0,0.0
9042,0,0.9999998999999999,69,0,0.929302547,4200.0,5,0,2,0,1.0
9043,0,0.006472624000000001,39,0,0.287691187,9610.0,11,0,2,0,3.0
9044,0,0.034267478,67,0,64.0,,14,0,0,0,
9046,0,0.133648027,59,2,2029.0,,23,0,2,0,0.0
9047,0,0.13553511199999999,33,0,0.017495626,4000.0,2,0,0,0,0.0
9051,0,0.9999998999999999,40,0,0.0,1920.0,1,0,0,0,0.0
9052,0,0.0,67,0,0.248467075,3750.0,7,0,1,0,0.0
9053,0,0.311782181,34,0,0.833364192,5400.0,16,0,2,0,1.0
9054,0,0.096536409,66,0,0.310991637,8369.0,15,0,2,0,2.0
9055,0,0.0,22,0,0.0,1000.0,1,0,0,0,0.0
9058,0,0.38750450000000003,53,0,520.0,,2,0,0,0,0.0
9059,0,0.5654316220000001,40,0,0.84565394,1230.0,6,0,0,0,0.0
9060,0,0.00035582400000000003,66,0,0.28463821,4380.0,11,0,1,0,0.0
9061,0,0.0,29,0,0.416233507,2500.0,8,0,1,0,0.0
9063,0,0.0,61,0,0.394602141,4297.0,9,0,1,0,0.0
9066,0,0.0,70,1,0.571532449,5500.0,4,0,2,1,0.0
9067,0,0.692830717,44,0,0.529277349,3500.0,4,0,1,0,3.0
9068,0,0.007631055,89,1,486.0,,11,0,0,0,
9069,0,0.015861072,51,0,0.263282009,7208.0,10,0,1,0,0.0
9070,0,0.391118886,50,0,0.651507821,6200.0,23,0,1,0,3.0
9071,0,0.009636013,63,0,1961.0,,5,0,1,0,0.0
9072,0,0.326915898,40,0,3252.0,,16,0,2,0,2.0
9073,1,0.840638276,58,1,0.775048902,4600.0,12,0,2,0,3.0
9075,0,0.0,38,0,0.17231528399999999,7700.0,9,0,2,0,3.0
9077,0,0.247153178,38,1,0.845089436,2962.0,9,0,1,0,2.0
9078,0,0.040754969,70,0,0.105178964,5000.0,14,0,0,0,0.0
9079,0,0.076995722,32,0,0.009997562,4100.0,6,0,0,0,0.0
9080,0,0.01459854,77,0,0.210574294,3290.0,4,0,1,0,0.0
9083,0,0.9999998999999999,46,0,0.158680603,7366.0,3,0,1,0,0.0
9084,0,0.9999998999999999,60,0,0.470088319,6000.0,8,0,1,0,2.0
9085,0,0.001124218,60,0,0.000206768,29017.0,13,0,0,0,1.0
9088,0,0.717285339,76,0,2297.0,,7,0,2,0,0.0
9089,0,0.060729285,49,0,3508.0,,7,0,2,0,0.0
9091,0,0.003529273,49,0,0.331538807,6686.0,13,0,1,0,0.0
9093,0,0.019985873,46,0,9559.0,,10,0,2,0,0.0
9094,0,0.018335634,44,1,0.003499125,4000.0,2,0,0,0,0.0
9095,0,0.272082205,47,1,0.261242725,17010.0,15,0,1,0,6.0
9096,0,0.198132075,49,0,306.0,,3,0,0,0,0.0
9097,0,0.031859872000000004,37,0,1047.0,,7,0,2,0,0.0
9098,0,0.223315903,42,0,0.004374089,4800.0,1,0,0,0,3.0
9099,0,0.046674742000000005,40,0,811.0,,4,0,1,0,
9102,0,0.0,62,5,1.4860950169999998,1725.0,7,0,1,0,0.0
9104,0,0.044999328,46,0,0.18172334699999998,9585.0,5,0,1,0,0.0
9105,0,0.078287413,50,0,0.533058368,8000.0,11,0,4,0,0.0
9106,0,0.884984689,55,0,0.307829658,11200.0,12,0,1,0,2.0
9107,0,0.0,27,0,1021.0,,9,0,0,0,0.0
9109,0,0.9999998999999999,49,0,0.191191891,8582.0,5,0,0,0,0.0
9111,0,0.004384689000000001,39,1,0.359894149,3400.0,10,0,1,0,2.0
9115,0,0.258806418,46,0,0.312267238,8860.0,8,0,2,0,3.0
9116,0,0.289614277,59,0,0.35756474299999996,2200.0,6,0,0,0,0.0
9117,0,0.032614472,71,0,0.016991503999999998,2000.0,4,0,0,0,0.0
9118,0,0.099608344,26,0,107.0,,2,0,0,0,0.0
9119,0,0.076102747,60,0,0.521707406,2740.0,12,0,1,0,0.0
9121,1,0.24391843800000002,48,0,0.177770027,8600.0,15,0,1,0,2.0
9122,0,0.009676001,69,1,0.004799616,12500.0,22,0,0,1,0.0
9126,0,0.940005084,47,1,0.27943761,7396.0,8,0,1,1,3.0
9128,0,0.0,53,0,0.460619361,4100.0,9,0,1,0,4.0
9129,0,0.027830993,55,0,0.190139631,5800.0,9,0,0,0,0.0
9130,0,0.066720765,87,0,0.299863698,2200.0,18,0,1,0,0.0
9131,0,0.748057958,37,0,0.850767754,2083.0,8,0,1,0,2.0
9133,0,0.0,85,0,0.0,10500.0,1,0,0,0,0.0
9134,0,0.023609783999999998,48,0,0.394160584,3972.0,5,0,1,0,1.0
9135,0,0.011888332,68,0,1479.0,,12,0,1,0,0.0
9136,0,0.010644451999999999,68,0,563.0,,15,0,0,0,0.0
9137,0,0.20652717399999998,45,2,4357.0,,19,0,2,0,0.0
9138,0,0.279829799,66,0,0.25242718399999997,4222.0,17,0,1,0,1.0
9140,0,0.0,38,0,0.0,,1,0,0,0,
9141,0,0.101315852,44,0,0.256974303,10000.0,11,0,1,0,4.0
9142,0,0.31181921,52,0,0.295672431,11160.0,6,0,2,0,2.0
9143,0,0.021041328999999998,89,0,0.004978935,7832.0,4,0,0,0,0.0
9144,0,0.0,26,0,0.0,400.0,3,0,0,0,0.0
9145,0,0.391878104,61,0,1456.0,,10,0,1,0,0.0
9146,0,0.49912951,80,0,0.513155125,4750.0,14,0,0,0,0.0
9147,0,0.18695314300000002,42,0,0.386618936,8100.0,10,0,3,0,2.0
9149,0,0.35957804600000004,51,0,7060.0,,12,0,4,0,0.0
9150,0,0.938655812,46,0,0.365639665,4900.0,10,0,0,0,1.0
9151,0,0.18378027,58,0,0.19536884699999998,15805.0,9,0,3,0,1.0
9152,0,0.004519853,66,0,0.310853675,7250.0,11,0,2,0,1.0
9153,0,0.044249605,73,0,0.125979003,6000.0,7,0,1,0,0.0
9154,0,0.027109906,81,0,590.0,,6,0,1,0,0.0
9156,0,0.010301903000000001,68,0,0.22236978,6776.0,11,0,1,0,0.0
9158,0,0.06914781,47,0,0.264466942,8000.0,16,0,2,0,0.0
9159,0,0.0,58,0,0.41628669700000004,12500.0,11,0,2,0,1.0
9160,0,0.12242769699999999,76,0,0.187914517,6784.0,11,0,1,0,0.0
9162,0,3666.0,45,0,0.274851585,7916.0,4,0,1,0,0.0
9163,0,0.0052155840000000005,41,0,0.275600393,11200.0,10,0,2,0,2.0
9164,0,0.197354007,52,0,1545.0,,8,0,1,0,0.0
9167,0,0.070110279,80,0,0.173448238,9166.0,7,0,2,0,0.0
9168,0,0.7610953229999999,47,0,1828.0,,7,0,0,0,0.0
9169,0,0.9999998999999999,44,0,0.438049209,2275.0,2,0,1,0,2.0
9170,0,0.010596086999999999,72,0,2097.0,,11,0,1,0,0.0
9173,1,1.038845727,27,1,0.108297234,3000.0,4,1,0,0,0.0
9174,0,0.069335614,54,0,0.27640825399999996,8964.0,8,0,2,0,3.0
9175,0,0.09501917300000001,56,0,0.228748824,26574.0,11,0,2,0,1.0
9176,0,0.17776765100000003,56,0,0.050520165,14033.0,8,0,0,0,1.0
9178,0,0.04052183,57,0,0.264563577,5166.0,6,0,1,0,1.0
9181,0,0.23283437399999998,31,0,0.04193242,7368.0,2,0,0,0,0.0
9183,0,0.028792472000000003,69,0,0.40532153299999996,17400.0,18,0,4,0,1.0
9186,0,0.0055267319999999995,71,0,0.176935053,17983.0,20,0,3,0,0.0
9187,0,0.280425345,41,0,0.115626202,7800.0,5,0,0,0,4.0
9188,0,0.9999998999999999,52,0,58.0,,1,0,0,0,0.0
9190,0,0.0,63,0,0.33960599799999996,3400.0,8,0,2,0,0.0
9191,0,0.366926615,56,0,0.024898144,2208.0,3,0,0,0,1.0
9192,0,0.16167664699999998,23,0,2.0,,1,2,0,0,
9193,0,0.099800399,23,0,9.0,0.0,1,0,0,0,0.0
9194,0,0.000355009,55,3,0.8673932790000001,1100.0,31,0,0,0,3.0
9195,0,0.142346945,34,0,0.610215975,8750.0,14,0,1,0,0.0
9197,0,0.055447694000000006,43,0,0.442441355,9207.0,5,0,2,0,2.0
9198,0,1.054066333,52,1,0.321071473,8100.0,5,0,1,0,0.0
9199,0,0.124375023,35,0,0.48236237299999996,3741.0,11,0,2,0,2.0
9200,0,0.055560385999999996,27,0,0.075752335,5781.0,4,0,0,0,0.0
9201,0,0.040140946000000004,60,0,3775.0,,3,0,2,0,0.0
9202,0,0.038847761,57,0,0.26562239600000004,6000.0,13,0,2,0,0.0
9203,0,0.015807388000000002,76,0,0.18529215699999999,4500.0,5,0,1,0,0.0
9205,0,0.008720423,63,0,74.0,,1,0,0,0,
9206,0,0.365732622,57,0,0.11043217400000001,9000.0,6,0,0,0,2.0
9208,0,0.350028633,42,0,0.98249453,2741.0,10,0,1,0,2.0
9209,0,0.280956859,40,0,0.662303665,5347.0,12,0,2,0,1.0
9213,0,0.297058737,45,0,0.413328411,5416.0,10,0,1,0,2.0
9215,0,0.0,45,0,0.257927262,9870.0,10,0,2,0,3.0
9216,0,1.008544678,40,4,0.633697681,3750.0,8,0,1,0,3.0
9218,0,0.061946799000000004,45,1,0.404319136,5000.0,15,0,1,0,0.0
9219,0,0.095339201,62,0,2504.0,,11,0,1,0,0.0
9220,0,0.19574576300000002,54,0,0.30931543,8340.0,14,0,2,0,0.0
9222,0,0.023909734,67,0,0.006508206,3533.0,8,0,0,0,1.0
9223,0,0.441697742,53,0,0.361148099,6758.0,10,0,1,0,2.0
9226,0,0.127133474,44,0,0.315585552,8000.0,6,0,1,0,2.0
9227,0,0.9942873459999999,31,1,0.653207199,4333.0,8,0,1,0,0.0
9228,0,0.97909471,42,7,0.876970528,2917.0,9,0,1,1,1.0
9229,0,0.427476407,45,0,1276.5,1.0,9,0,1,0,0.0
9230,0,0.010844561,60,0,0.099380124,5000.0,10,0,0,0,0.0
9231,1,0.31991021,56,1,1.229923359,3000.0,4,0,2,0,2.0
9233,0,0.048290324,60,0,0.41648260600000003,7243.0,10,0,1,0,2.0
9234,0,0.122192206,66,0,0.446947035,5682.0,13,0,2,0,1.0
9236,0,0.0,43,0,0.00059988,5000.0,7,0,0,0,0.0
9237,0,0.044997,53,0,0.180563887,5000.0,2,0,1,0,0.0
9238,0,0.016445866,57,0,9.0,,4,0,0,0,
9239,0,0.197201865,21,0,8.0,0.0,2,0,0,0,0.0
9240,0,0.9999998999999999,45,2,0.667497663,3208.0,3,1,1,2,3.0
9242,0,0.010571127,59,0,0.162602827,20300.0,9,0,3,0,1.0
9243,0,0.6341196689999999,64,0,0.074385123,5000.0,10,0,0,0,0.0
9245,0,0.029724257,72,0,1.967140484,5416.0,13,0,7,0,1.0
9247,0,3.37e-05,37,0,0.229544613,2700.0,5,0,0,0,3.0
9248,0,0.9999998999999999,43,0,0.004090537,3666.0,2,0,0,0,0.0
9250,1,0.887571346,41,2,0.690563277,4100.0,10,1,0,1,3.0
9251,0,0.061653575,64,0,78.0,,4,0,0,0,0.0
9252,0,0.048390157,66,0,0.439254789,3810.0,12,0,1,0,0.0
9253,1,0.9999998999999999,31,0,0.375423588,18000.0,5,0,4,0,2.0
9254,0,0.075897445,46,1,0.096892899,31250.0,10,0,1,0,0.0
9255,1,0.954292244,51,0,0.49487653299999995,5952.0,9,1,2,0,1.0
9256,0,0.9999998999999999,46,1,0.401959804,10000.0,11,0,0,0,2.0
9257,0,0.36069067299999996,29,0,0.098950525,2000.0,5,0,0,0,0.0
9258,0,0.23287517300000002,32,0,0.599880024,3333.0,8,0,1,0,0.0
9261,0,0.097995546,69,0,2976.0,,8,0,2,0,0.0
9262,0,0.9999998999999999,46,0,0.10596143599999999,5652.0,3,0,0,0,0.0
9263,0,0.9999998999999999,70,1,0.0,1731.0,0,0,0,0,0.0
9266,0,0.074955635,67,0,2175.0,,5,0,1,0,0.0
9267,0,0.540114971,38,0,0.169709437,11666.0,6,0,1,0,2.0
9268,0,0.075781497,41,0,0.07831588099999999,4583.0,6,0,0,0,0.0
9269,1,0.17965008,65,2,0.613361579,19353.0,33,0,9,0,0.0
9270,0,0.224761221,63,0,0.674586033,4166.0,18,0,2,0,0.0
9271,0,0.24396950399999998,29,0,0.024156601,2400.0,2,0,0,0,0.0
9273,0,0.383237382,49,0,0.431107996,17120.0,16,0,2,0,2.0
9274,0,0.016386832,73,0,0.30596556,3251.0,9,0,1,0,0.0
9277,0,0.028935997,61,0,0.007236716999999999,5250.0,6,0,0,0,0.0
9278,0,0.9999998999999999,24,98,0.0,1488.0,0,98,0,98,0.0
9279,0,0.829521195,67,0,0.48930305799999996,7618.0,12,0,2,0,1.0
9280,0,0.035552435,69,0,0.019992003,2500.0,5,0,0,0,0.0
9281,0,0.098904489,42,1,0.263208306,26100.0,18,1,2,0,3.0
9283,0,0.9978816859999999,29,0,0.313162658,3866.0,7,0,0,0,0.0
9285,1,0.9999998999999999,37,0,0.418228394,7416.0,9,0,1,0,2.0
9286,0,0.882109617,34,0,0.11029656800000001,3000.0,2,0,0,1,0.0
9288,0,0.9999998999999999,57,0,0.006184235,10833.0,4,0,0,0,2.0
9289,0,0.03130344,46,0,0.010197578,3137.0,3,0,0,0,0.0
9290,0,0.20330696199999998,55,1,0.208436418,8083.0,9,0,1,0,0.0
9291,0,0.48831072600000003,28,0,0.10057558300000001,3300.0,15,0,0,0,1.0
9292,0,0.123078681,49,0,0.27846253600000004,6165.0,10,0,2,0,2.0
9295,0,0.266205817,28,1,0.48500651899999997,2300.0,7,0,0,0,0.0
9296,0,0.718704173,36,0,0.127185518,6462.0,6,0,0,0,3.0
9298,0,0.036252817,73,0,0.021099389,1800.0,7,0,0,0,0.0
9299,0,0.042956140999999996,37,1,0.287684457,7250.0,8,0,2,0,0.0
9300,0,0.337087952,46,1,0.418901026,12083.0,19,0,2,0,3.0
9302,0,0.579581094,63,1,0.403759495,7766.0,15,0,1,0,0.0
9306,0,0.002978633,85,0,0.001047519,10500.0,12,0,0,0,0.0
9307,0,0.0,69,0,0.763618191,2000.0,8,0,2,0,0.0
9308,0,0.002266357,44,0,0.490420222,6210.0,6,0,1,0,2.0
9310,0,0.03029151,46,0,0.354758079,5600.0,11,0,1,0,1.0
9311,0,0.0,42,0,0.339305058,12000.0,10,0,2,0,1.0
9312,0,0.9700018990000001,47,1,0.201542637,7000.0,5,0,0,0,2.0
9313,0,0.000520586,55,0,0.217290574,8200.0,17,0,3,0,3.0
9315,0,0.17875279800000002,60,0,0.777671528,4182.0,13,0,1,0,0.0
9316,0,0.588171729,53,0,6398.0,,22,0,2,0,0.0
9317,1,0.9999998999999999,31,0,0.102179564,5000.0,1,0,0,0,0.0
9318,0,0.038878266,53,0,1.317447092,6000.0,13,0,7,0,0.0
9319,0,0.9999998999999999,28,0,0.28868841100000003,1440.0,1,0,0,0,0.0
9320,0,0.0,43,0,3.5,1.0,5,0,0,0,0.0
9324,0,0.002388946,63,0,0.204294285,9500.0,7,0,1,0,0.0
9325,0,0.015232523999999999,79,0,0.297336213,8333.0,17,0,4,0,0.0
9326,0,0.457863553,53,0,2482.0,,9,0,2,0,0.0
9327,0,0.031399302000000004,44,0,0.08529917199999999,6400.0,5,0,0,0,3.0
9328,1,0.5341156020000001,31,0,0.126931233,3300.0,3,0,0,1,0.0
9329,0,0.09409860699999999,69,0,0.907680807,5350.0,6,0,3,0,0.0
9330,0,0.609107903,74,0,0.27275244600000004,10833.0,16,0,1,0,0.0
9331,0,0.804325648,50,1,0.343128904,7043.0,5,0,1,0,0.0
9332,0,0.241076757,43,0,0.257794746,11000.0,7,0,2,0,0.0
9333,0,0.329467413,60,0,0.425733456,7600.0,16,0,2,0,1.0
9335,0,0.114714817,59,0,0.2033998,17000.0,7,0,2,0,1.0
9336,0,0.407640599,45,0,0.4954894,8867.0,9,0,1,0,4.0
9337,0,0.480489225,47,0,0.613596601,4000.0,10,0,2,0,0.0
9338,0,0.182880761,43,0,1.711786756,2400.0,9,0,3,0,3.0
9340,0,0.36003033,51,0,0.126041088,1800.0,2,0,0,0,1.0
9341,0,1.3766233769999998,29,1,0.417024936,1162.0,4,1,0,1,0.0
9342,0,0.025182807999999998,67,0,0.237502049,6100.0,14,0,1,0,0.0
9347,0,0.026349341000000002,81,0,0.010710461000000001,2800.0,2,0,0,0,0.0
9348,0,0.052510966,47,0,0.46015125100000004,6875.0,16,0,3,0,4.0
9349,0,0.7496356120000001,33,0,0.43926553700000004,2831.0,8,0,0,0,1.0
9350,0,0.034828496,49,0,2089.0,,13,0,2,0,0.0
9351,0,0.36565384,38,0,0.22667263399999998,4468.0,9,0,0,0,0.0
9352,0,0.54164243,35,2,0.460736076,5080.0,12,0,2,0,1.0
9353,0,0.252510621,39,0,0.644671066,5000.0,22,0,1,0,1.0
9354,0,0.32286113899999996,61,0,0.168285203,7825.0,5,0,1,0,3.0
9355,1,0.34818403700000006,49,1,0.481461507,7416.0,13,1,1,0,1.0
9356,1,0.8115833020000001,54,2,0.26270759899999996,1986.0,6,1,0,0,1.0
9357,0,0.238582481,25,0,0.132346723,2364.0,4,0,0,0,0.0
9358,0,0.03471244,60,0,0.075518456,7666.0,4,0,1,0,0.0
9360,0,0.69539217,52,0,2056.0,,7,0,1,0,0.0
9362,1,0.644071186,49,1,0.9261221079999999,3586.0,3,3,1,0,1.0
9364,1,0.177321468,52,0,0.651405115,3166.0,8,0,1,0,2.0
9365,0,0.711524921,73,0,0.30495158,5472.0,9,0,0,0,0.0
9366,0,0.393060694,49,0,0.486076401,5601.0,9,0,1,0,0.0
9368,0,0.535676023,35,0,0.806064645,3000.0,14,0,1,0,0.0
9370,0,0.01889425,40,0,0.884955752,2824.0,8,0,2,0,3.0
9371,0,0.001742807,66,0,1.0,,2,0,0,0,0.0
9373,0,0.030992175,32,0,0.314707858,7444.0,15,0,2,0,0.0
9375,1,0.927036482,41,0,0.057307863,2250.0,5,0,0,0,2.0
9376,0,0.056314308,78,0,1341.0,,4,0,1,0,0.0
9378,0,0.330891024,46,0,0.482256387,8650.0,13,0,2,0,3.0
9380,0,0.006727161999999999,66,0,0.36823104700000003,3600.0,9,0,1,0,0.0
9381,0,0.110648225,27,0,67.0,,2,0,0,0,0.0
9382,0,0.095695011,38,0,0.141085891,10000.0,7,0,1,0,1.0
9383,0,0.575300412,30,0,384.0,,7,0,0,0,
9386,0,0.159749049,56,0,0.5023263410000001,12250.0,26,0,1,0,0.0
9387,1,0.225555301,54,3,0.301973853,3900.0,11,1,0,0,3.0
9388,0,0.616969351,48,0,0.46,3099.0,6,0,1,0,0.0
9389,1,0.570612691,47,0,9636.0,,25,0,2,0,1.0
9390,0,0.041941092,75,0,101.0,,5,0,0,0,0.0
9392,0,0.9090564609999999,61,0,0.570429531,25166.0,22,0,3,0,1.0
9393,1,0.8236331570000001,32,1,0.06328233700000001,2875.0,3,0,0,2,0.0
9394,0,0.8391008679999999,65,2,2389.0,,29,1,0,0,0.0
9395,0,0.20444300899999998,60,0,0.231325301,6639.0,5,0,1,0,0.0
9396,0,0.009148963000000001,55,0,0.280216564,6833.0,21,1,2,0,0.0
9398,0,0.0,58,2,0.32906055,5928.0,10,0,2,0,0.0
9399,0,0.13310023,55,0,1499.0,,9,0,1,0,1.0
9401,0,0.013416108000000001,51,0,1145.0,,6,0,1,0,3.0
9402,0,0.142940765,31,0,0.08283914,10791.0,11,0,0,0,2.0
9403,0,0.182408796,33,0,0.386312705,5800.0,6,0,1,0,1.0
9404,0,0.10833464400000001,62,0,0.22900494,2833.0,5,0,1,0,4.0
9405,0,0.401156487,60,0,0.221132583,10400.0,10,0,1,0,0.0
9406,0,0.069324733,65,0,0.293886763,10190.0,18,0,3,0,0.0
9407,0,0.140861746,42,0,0.635283258,8666.0,16,0,1,0,1.0
9409,0,0.181619853,68,0,0.151590106,14149.0,9,0,1,0,0.0
9412,0,0.089767804,31,0,0.007923407,3028.0,3,0,0,0,0.0
9413,0,0.542063333,35,0,0.438797159,10840.0,7,0,3,0,0.0
9414,0,0.018314221999999998,49,0,0.13297872300000002,3007.0,5,0,0,0,1.0
9415,0,0.0,44,0,0.584662191,9531.0,8,0,1,0,2.0
9416,0,0.42776692299999997,62,1,0.139850645,2945.0,8,0,0,0,1.0
9418,0,0.0047310370000000004,76,0,0.17317831600000003,7396.0,11,0,1,0,1.0
9419,1,0.59703925,42,0,0.463107379,5000.0,11,0,1,0,0.0
9420,0,0.037954872,41,0,0.049854187,7200.0,4,0,0,0,0.0
9421,0,0.028099297999999998,63,0,0.008111762,4437.0,1,0,0,0,0.0
9422,0,0.10429363900000001,51,0,0.319138522,14300.0,17,0,2,0,3.0
9423,0,0.281348186,65,0,0.370662001,3428.0,8,0,1,0,0.0
9425,0,0.029035962000000002,70,0,0.003942407,5833.0,4,0,0,0,0.0
9426,0,0.461884604,61,0,1.434611603,1016.0,5,0,0,0,1.0
9427,0,0.5873413120000001,71,0,0.269693978,10129.0,9,0,0,0,0.0
9429,0,0.67909338,61,0,0.293800954,6500.0,10,0,1,0,1.0
9430,0,0.522571795,54,0,0.37311128299999996,9066.0,9,0,2,0,1.0
9431,0,0.209952412,59,0,1913.0,,13,0,2,0,0.0
9432,0,0.117484754,45,0,0.506981555,5800.0,9,0,1,0,3.0
9434,0,0.035123446,57,0,0.162064282,8835.0,17,0,2,0,1.0
9435,1,0.8311688309999999,33,0,0.287884846,2500.0,3,1,0,0,0.0
9438,0,0.024751555,75,0,0.487506941,1800.0,7,0,1,0,0.0
9439,0,0.512387615,36,0,0.384217982,12000.0,11,0,2,0,0.0
9441,0,0.0,75,0,43.0,,2,0,0,0,
9443,0,0.863027395,30,0,0.271868925,3600.0,3,0,0,0,0.0
9444,0,0.043117623,54,1,0.183320923,13429.0,18,0,1,0,0.0
9445,0,0.576439763,66,0,0.26370679399999997,3355.0,9,0,1,0,0.0
9446,0,0.489150362,48,0,0.199764752,5100.0,4,0,0,0,3.0
9448,0,0.77829857,28,0,0.23205268899999998,4554.0,7,0,0,0,1.0
9451,0,0.004293865,44,3,1.07662354,7960.0,8,0,2,0,2.0
9454,0,1.102807332,52,1,0.810383747,3100.0,6,0,1,0,0.0
9455,0,0.00723157,43,0,0.012790698,1719.0,13,0,0,0,0.0
9456,0,0.06455638,49,0,0.604047891,3507.0,19,0,1,0,2.0
9457,0,0.008933543,61,0,0.147655148,11343.0,11,0,2,0,0.0
9458,0,0.125995869,33,0,0.312213142,8932.0,9,0,1,0,2.0
9459,1,0.538991525,41,5,1.279906698,3000.0,10,1,2,0,3.0
9461,0,0.023494126,22,0,0.323345818,800.0,2,0,0,0,0.0
9462,0,0.0,60,0,63.0,,4,0,0,0,
9463,0,0.604804894,52,0,0.595159885,14916.0,46,0,3,0,0.0
9465,0,0.13864136400000002,63,0,0.023372077999999998,8000.0,2,0,0,0,0.0
9467,0,0.009999375,60,0,0.05645447,33867.0,4,0,1,0,0.0
9469,0,0.05380574,33,0,0.560616981,6936.0,13,0,2,0,0.0
9470,0,0.012403006000000001,62,0,0.135310782,6000.0,8,0,1,0,1.0
9471,0,0.9476069859999999,38,0,587.0,,2,0,0,1,0.0
9472,0,0.32619068,53,0,0.171755725,16767.0,8,0,2,0,3.0
9473,0,0.0,27,1,0.021729683,2300.0,4,1,0,0,2.0
9474,0,0.098611825,59,0,0.18481772,4333.0,12,0,1,0,0.0
9475,0,0.009680059,49,0,0.24074663300000002,9428.0,20,0,2,0,1.0
9477,1,0.136994044,35,0,0.021668514,78500.0,4,0,1,0,2.0
9479,0,0.314456096,36,1,0.7431814720000001,13125.0,19,0,5,0,0.0
9480,0,0.046661392999999995,71,0,0.137902897,2450.0,14,0,1,0,0.0
9481,0,0.041984488,54,0,0.24674232899999998,4757.0,3,0,1,1,1.0
9482,0,0.6311244429999999,42,1,1.6926536730000001,1333.0,9,0,2,0,0.0
9483,0,0.051894811,50,0,15.0,,1,0,0,0,0.0
9484,0,0.318357552,29,0,0.259685079,4000.0,5,0,0,0,0.0
9485,0,0.9999998999999999,83,0,0.138818059,13333.0,3,0,2,0,0.0
9486,0,0.894513186,47,7,0.598962019,4238.0,10,1,1,0,0.0
9487,0,0.0,57,0,0.0,2020.0,2,0,0,0,0.0
9488,0,0.016462834,68,0,1372.0,,13,0,1,0,0.0
9489,0,0.00721623,50,0,0.307461567,8000.0,8,0,1,0,1.0
9490,0,0.9999998999999999,22,0,0.0,0.0,2,0,0,0,0.0
9492,1,0.004020658,83,1,1368.0,,10,0,1,0,0.0
9493,1,0.786799272,41,0,0.922431028,2500.0,13,0,0,0,1.0
9495,0,0.296851574,39,1,0.042307692,2339.0,4,5,0,0,1.0
9496,0,0.059250653,73,0,42.0,,2,0,0,0,0.0
9498,0,0.626059232,58,0,0.859134415,4805.0,11,0,2,0,1.0
9499,0,0.388857474,69,0,0.430692229,11787.0,15,0,6,0,0.0
9500,0,0.239205743,80,0,200.0,,3,0,0,0,0.0
9501,0,0.561794014,51,0,0.471218397,7000.0,14,0,1,0,2.0
9502,0,0.030298485,37,0,0.314575412,3944.0,7,0,1,0,1.0
9503,0,0.176225902,50,0,0.28993557,4500.0,7,0,1,0,1.0
9504,0,0.993668381,62,0,0.8784338490000001,3166.0,8,0,1,0,0.0
9505,0,0.455773011,34,0,159.0,,5,0,0,0,0.0
9508,0,0.077217932,36,0,0.386115772,4767.0,8,0,2,0,0.0
9509,0,0.013849654,70,0,0.09282245,7411.0,6,0,1,0,0.0
9510,0,0.315995751,43,0,0.504559271,6250.0,11,0,3,0,2.0
9511,0,0.457771114,72,0,0.170695609,2026.0,4,0,0,0,1.0
9512,1,0.100613751,42,0,2097.0,,7,0,1,0,0.0
9513,0,0.699496765,35,0,0.35218509,3500.0,7,0,0,0,0.0
9516,0,0.005521107,75,0,0.391494625,10510.0,23,0,3,0,0.0
9517,0,0.025401537999999998,54,0,0.382436261,6000.0,5,0,1,0,0.0
9518,0,0.924075924,42,3,0.011978917,6260.0,2,0,0,2,0.0
9519,1,0.68647443,64,0,4653.0,,8,1,2,1,
9520,0,0.124928966,38,0,0.293940178,11600.0,8,0,1,0,2.0
9521,0,0.0446703,54,0,0.272220794,11666.0,7,0,2,0,2.0
9522,0,0.511577955,76,0,1.6437199359999999,9354.0,19,0,1,0,1.0
9524,0,0.174267615,46,0,239.0,,7,0,0,0,0.0
9525,0,0.0,45,0,0.24415117,5000.0,5,0,1,0,0.0
9526,0,0.316026232,29,0,0.1375,3519.0,4,0,0,0,1.0
9528,0,0.003333016,51,1,0.176841158,6666.0,8,0,1,0,0.0
9529,0,0.025921059,73,0,0.26812828699999997,13500.0,14,0,4,0,0.0
9530,1,0.6093850439999999,28,0,0.135157546,4823.0,4,0,0,0,0.0
9532,0,0.9999998999999999,64,0,0.02399808,4166.0,1,0,0,0,0.0
9534,0,0.037392193,65,0,0.399250234,3200.0,13,0,2,0,0.0
9536,0,0.478347295,64,0,0.547095998,3322.0,5,0,1,0,0.0
9537,0,0.9570085979999999,60,0,0.376424715,6667.0,7,0,2,0,0.0
9538,0,0.11729527599999999,57,0,0.38786416100000004,5800.0,9,0,2,0,1.0
9539,0,0.958931891,56,1,0.45627376399999997,6574.0,12,0,1,0,1.0
9543,0,0.345169383,59,1,0.740315315,4439.0,23,0,1,0,1.0
9544,0,0.09298136900000001,70,0,2.979565773,782.0,14,0,2,0,1.0
9545,0,0.00608678,44,0,1956.0,,6,0,2,0,0.0
9546,0,0.08751762699999999,28,0,0.113172967,4364.0,6,0,0,0,0.0
9548,0,0.480038973,54,0,0.45050450000000003,11000.0,8,0,2,0,1.0
9549,0,0.21868906600000002,49,0,2235.0,,5,0,1,0,2.0
9550,0,0.035452698,65,0,0.11689526199999999,6415.0,10,0,1,0,1.0
9552,0,3.32e-05,37,1,4100.0,,8,0,2,0,0.0
9554,0,0.0,39,0,3253.0,,4,0,1,0,0.0
9556,0,0.04637731900000001,82,0,0.024499655,2897.0,6,0,0,0,0.0
9557,0,1.00999001,25,0,0.077012384,2583.0,2,0,0,0,0.0
9558,0,0.015367918999999999,58,0,0.136409383,12916.0,9,0,2,0,1.0
9559,0,0.750071424,48,3,0.47858690200000004,6000.0,8,0,1,0,0.0
9560,0,0.026302917999999998,49,1,0.239067055,5830.0,16,0,1,0,2.0
9561,0,0.9999998999999999,32,1,2.169811321,900.0,6,0,2,1,2.0
9563,0,0.155300727,37,0,0.567036593,6667.0,10,0,1,0,0.0
9564,0,0.082251454,47,0,0.486001244,11250.0,7,0,3,0,0.0
9565,0,0.7763847009999999,28,2,0.03669957,3950.0,3,0,0,1,3.0
9566,0,0.525215811,51,0,0.7192449209999999,6250.0,10,0,4,0,0.0
9567,0,0.7656133940000001,58,1,0.17956391600000002,14033.0,9,1,1,0,1.0
9568,0,0.017379256000000003,46,0,0.424049874,8340.0,9,0,2,0,3.0
9570,0,0.448851748,41,0,0.253955696,6319.0,9,0,0,0,2.0
9571,0,0.0,37,0,0.507123219,4000.0,6,0,1,0,0.0
9572,0,0.072993917,29,0,0.319771592,1400.0,7,0,0,0,0.0
9573,0,0.8775612190000001,37,1,0.024680476,2268.0,6,0,0,0,0.0
9574,0,0.046593663,62,0,44.0,,5,0,0,0,0.0
9575,0,0.278544291,62,0,0.010723373000000001,5501.0,2,0,0,0,0.0
9576,0,0.0024586129999999997,32,0,0.296329997,3296.0,8,0,1,0,1.0
9577,0,0.231370595,46,1,0.187631115,11916.0,12,0,1,0,3.0
9579,0,0.668998824,58,2,0.449503795,3425.0,9,1,1,1,1.0
9580,0,0.14403479,57,0,0.213446638,4000.0,6,0,1,0,0.0
9581,0,0.0,40,0,0.360742281,6250.0,10,0,2,0,0.0
9582,0,0.63349864,62,0,0.313955149,7000.0,6,0,2,0,0.0
9583,0,0.609678064,30,0,0.251296558,4241.0,3,0,1,0,1.0
9586,0,0.254074283,56,0,0.5803702620000001,3402.0,8,0,1,0,2.0
9587,0,0.124346514,77,0,105.0,,3,0,0,0,
9589,0,0.008769773,45,0,0.35,4659.0,8,0,2,0,3.0
9590,0,0.9999998999999999,56,0,0.361088346,6100.0,2,0,2,0,0.0
9591,0,0.072930206,51,0,0.437311799,7305.0,21,0,1,0,0.0
9593,0,0.694893812,63,0,0.252911422,8500.0,11,0,1,0,0.0
9594,0,0.18616276699999998,34,0,1.231628454,1700.0,4,0,1,0,0.0
9601,0,0.391339736,53,0,0.467187784,5500.0,8,0,1,0,2.0
9602,0,0.9999998999999999,25,0,82.0,,2,0,0,0,
9603,0,0.20854225199999998,42,0,0.364859272,9663.0,9,0,2,0,0.0
9604,0,0.38388475,58,0,0.506360867,5580.0,10,0,1,0,0.0
9605,0,0.000609741,67,0,0.0,3500.0,2,0,0,0,1.0
9606,0,0.004157557,42,0,0.00043371400000000003,6916.0,5,0,0,0,0.0
9608,0,0.9999998999999999,50,0,839.0,,1,2,1,0,0.0
9609,0,0.8870161409999999,52,3,0.27449856699999997,6979.0,7,4,0,1,2.0
9610,0,1.062937063,47,5,914.0,,8,1,0,2,0.0
9612,0,0.235501381,49,0,0.316052583,5400.0,4,0,1,0,1.0
9615,0,0.48911490799999996,37,1,0.329762542,5600.0,3,0,1,0,0.0
9616,0,0.22039762100000002,75,0,0.093776401,3550.0,8,0,0,0,0.0
9617,0,0.732825253,64,0,1890.0,,10,0,0,0,0.0
9618,0,0.38202168299999995,55,0,0.49462544799999997,12000.0,10,0,2,0,1.0
9619,0,0.04663983,61,0,0.554266777,1206.0,8,0,0,0,1.0
9620,0,0.338133211,85,0,0.328845158,3861.0,9,0,2,0,0.0
9621,0,0.0,23,0,0.29661683699999997,1270.0,3,0,0,0,0.0
9623,0,0.730684621,32,0,3735.0,,5,0,2,0,0.0
9624,0,0.0,72,0,0.29566797899999997,3300.0,5,0,1,0,1.0
9625,0,0.876992271,39,0,0.228391722,14785.0,8,0,1,0,0.0
9627,0,0.0,59,0,0.0,,4,0,0,0,
9628,0,0.093001111,63,0,0.01019796,1666.0,3,0,0,0,0.0
9629,0,0.868276697,41,4,1.2227775790000002,2800.0,14,1,3,1,2.0
9630,0,0.700249792,27,0,0.242380261,2066.0,4,0,0,0,2.0
9631,0,0.92237775,57,1,0.295624068,4021.0,6,0,1,0,0.0
9634,0,0.0,53,0,19.0,,6,0,0,0,
9635,0,1.037481259,71,0,0.33607762399999996,3400.0,9,0,1,0,0.0
9636,0,0.024426907,45,1,1.8,1084.0,7,0,1,0,0.0
9637,0,0.898033126,55,1,0.506091846,3200.0,11,0,1,0,1.0
9638,1,1.5632730730000002,62,2,0.034167971,3833.0,5,0,0,1,0.0
9639,0,0.001970957,69,0,0.000453309,4411.0,6,0,0,0,1.0
9640,0,0.141581805,60,0,0.653789004,5383.0,15,0,2,0,0.0
9641,0,0.252741609,38,0,2211.0,,7,1,1,0,0.0
9643,0,0.142102068,37,0,0.23591741300000002,12834.0,7,0,2,0,1.0
9644,0,0.0,46,0,0.059478637,73000.0,4,0,1,0,2.0
9645,0,0.073429311,73,0,36.0,,3,0,0,0,0.0
9646,0,0.057406482,84,0,37.0,,2,0,0,0,0.0
9647,1,0.9999998999999999,30,0,0.0,,1,0,0,0,0.0
9648,1,0.9999998999999999,53,98,0.0,1900.0,0,98,0,98,0.0
9650,0,0.151280062,67,0,4099.0,,9,0,1,0,0.0
9651,0,0.0,29,0,0.080572437,5100.0,7,0,0,0,0.0
9652,0,0.682459583,61,0,0.140232471,5333.0,3,0,0,0,2.0
9653,0,0.18637324800000002,53,1,0.41389652600000004,4000.0,11,0,1,0,2.0
9654,0,0.0,59,0,0.153653966,1600.0,8,0,0,0,0.0
9655,0,0.0,74,0,0.0,,5,0,0,0,0.0
9656,1,0.9999998999999999,47,0,27.0,,0,1,0,0,0.0
9660,0,0.018386503999999998,71,0,0.00531084,3200.0,5,0,0,0,0.0
9661,0,0.137172565,50,0,0.155419027,10416.0,3,0,1,0,2.0
9662,0,0.23076923100000002,57,0,0.415403487,11412.0,10,0,2,0,0.0
9663,0,0.003178458,82,1,0.06805961,6508.0,7,0,1,0,1.0
9664,0,0.302408777,37,0,0.15064758,7334.0,6,0,0,0,0.0
9666,0,0.073750748,61,0,0.029794041,5000.0,8,0,0,0,0.0
9667,0,0.041817701,35,0,0.163249456,6437.0,12,0,0,0,0.0
9668,0,0.000781189,85,0,0.222473179,7083.0,5,0,1,0,0.0
9670,0,0.036483743,46,0,0.310502283,4598.0,12,0,1,0,0.0
9671,0,0.17088908100000003,44,0,0.632436756,10000.0,10,0,1,0,1.0
9672,0,0.077803859,85,0,0.267857143,2463.0,9,0,1,0,0.0
9674,0,0.026345029,55,0,442.0,,6,0,0,0,0.0
9675,0,0.087759184,42,0,5.757475082999999,300.0,7,0,1,0,1.0
9676,0,0.070765829,57,0,2708.0,,10,0,1,0,0.0
9679,0,0.154554943,57,0,0.35990848299999995,5681.0,10,0,1,0,0.0
9681,0,0.159048085,45,0,0.12984905,6160.0,10,0,0,0,0.0
9684,0,0.34126409399999996,58,1,2493.0,,10,0,1,1,2.0
9686,0,0.016426026,91,0,0.079706695,10500.0,16,0,1,0,0.0
9687,0,0.240612923,53,1,0.669191919,2771.0,11,0,1,0,0.0
9688,0,0.0,62,0,0.097560976,2664.0,3,0,1,0,1.0
9690,0,0.238985924,52,0,2688.0,,11,0,1,0,0.0
9691,0,0.105049719,78,0,280.0,,5,0,0,0,
9692,0,0.000645151,61,0,0.6720549159999999,4515.0,9,0,2,0,0.0
9693,0,0.014341103000000001,88,0,325.0,,8,0,0,0,
9695,0,0.054870967,59,0,1324.0,,8,0,1,0,
9697,0,0.013268443999999999,41,0,2667.0,,8,0,2,0,0.0
9699,0,0.20510498,73,0,492.0,,9,0,0,0,0.0
9700,0,0.247452555,50,0,0.534135291,6400.0,13,0,2,0,2.0
9701,0,0.023295434,63,0,0.133880757,2800.0,13,0,0,0,0.0
9702,0,0.034914071,39,0,0.441706838,5600.0,5,0,2,0,1.0
9705,0,0.502123542,50,0,0.40608890200000003,10280.0,11,0,1,0,0.0
9706,0,0.564870259,69,1,784.0,,7,1,1,1,
9709,0,0.9999998999999999,53,0,0.15185624,5063.0,3,1,0,0,1.0
9710,0,0.619487857,66,0,0.296376032,8360.0,10,0,3,0,1.0
9711,0,0.7246550690000001,36,0,0.069660711,6100.0,3,0,0,0,1.0
9713,0,0.031138456000000002,58,0,0.35333025700000004,6500.0,6,0,1,0,0.0
9714,0,0.35704763100000003,28,0,0.11239832400000001,4056.0,2,0,0,0,0.0
9715,1,0.256790772,70,0,0.805634913,10150.0,20,0,2,0,0.0
9716,0,0.014198263000000001,39,0,0.311082024,4583.0,7,0,1,0,0.0
9717,0,0.0,39,0,0.36315921,4000.0,4,0,1,0,3.0
9718,0,0.360443584,53,3,0.538461538,4939.0,13,0,1,0,0.0
9720,0,0.019441043,70,0,340.0,,10,0,0,0,0.0
9725,0,0.074657325,52,0,0.330080367,3483.0,7,0,2,0,1.0
9727,0,0.297063072,58,0,0.222759822,5166.0,9,0,1,0,2.0
9728,0,0.312072413,44,0,0.12329597099999999,3300.0,7,0,0,0,0.0
9729,0,0.750791648,48,0,0.388961104,10000.0,7,0,2,0,2.0
9730,0,0.038628761,73,0,0.015098569,15166.0,12,0,1,0,0.0
9731,0,0.013868962,72,0,0.164810054,3500.0,3,0,1,0,0.0
9732,0,0.8679382999999999,54,1,0.199809342,5244.0,3,0,0,0,0.0
9733,0,0.01606585,45,0,0.185923165,6975.0,8,0,2,0,0.0
9734,0,1.071547421,31,4,0.097503189,5486.0,6,1,0,3,2.0
9735,1,0.983047164,62,1,0.6173932289999999,4518.0,6,0,3,1,0.0
9736,0,0.083518642,57,0,3057.0,,11,0,2,0,0.0
9737,0,0.508070195,46,0,0.2887078,5153.0,4,0,1,0,1.0
9738,0,0.079169167,48,0,0.133959764,8300.0,5,0,1,0,3.0
9739,0,1.008498584,45,0,0.80292366,1846.0,4,0,0,0,1.0
9740,0,0.632151983,61,0,0.405606919,6705.0,10,0,2,0,0.0
9741,0,0.109827955,58,0,2695.0,,11,0,2,0,
9742,0,0.0,23,0,0.0,820.0,2,0,0,0,0.0
9743,0,0.044119085999999995,51,0,0.35606921799999997,7916.0,13,0,1,0,0.0
9744,0,0.361127774,82,0,0.020594966,2621.0,4,0,0,0,0.0
9745,0,0.008628336,75,0,3.0,,2,0,0,0,0.0
9746,0,0.242629066,71,0,0.360070258,5123.0,7,0,1,0,0.0
9747,0,0.9999998999999999,41,1,0.493524199,4400.0,6,0,1,1,2.0
9748,0,0.9999998999999999,76,0,0.0,758.0,1,0,0,0,0.0
9749,0,0.0,33,1,425.0,,5,0,0,0,3.0
9751,0,0.098039216,41,0,0.246625562,6000.0,6,0,1,0,3.0
9752,0,0.0157645,63,0,0.646414182,6204.0,15,0,2,0,0.0
9754,0,0.9999998999999999,45,0,0.368278844,3700.0,3,0,1,0,0.0
9755,0,0.040761415,63,0,105.0,,12,0,0,0,
9759,0,0.363527295,39,0,2429.0,,4,0,2,0,1.0
9761,0,0.017213822,62,0,0.004587155999999999,5667.0,7,0,0,0,0.0
9762,0,0.672064777,38,0,0.306058222,5083.0,6,0,2,0,0.0
9763,0,0.016035105,62,0,0.005466779000000001,7133.0,8,0,0,0,2.0
9764,0,0.725619859,73,0,0.757097792,3486.0,6,0,1,0,0.0
9765,0,0.011484215,71,0,0.1116246,2812.0,10,0,0,0,0.0
9766,0,0.097528909,46,0,1225.0,,12,0,1,0,1.0
9767,0,0.057942497999999995,43,0,0.379848061,2500.0,8,0,1,0,2.0
9768,0,0.569181552,61,0,0.28890266600000003,1612.0,6,2,1,0,1.0
9769,0,0.042196257,43,0,0.153230899,4750.0,6,0,1,0,1.0
9770,1,0.061197152000000005,31,1,0.085319113,6000.0,16,2,0,0,0.0
9772,0,0.9999998999999999,38,0,0.100999474,1900.0,2,0,0,0,1.0
9773,0,0.657755532,48,0,3574.0,,6,0,1,0,0.0
9774,0,0.9999998999999999,61,1,1460.0,,3,0,1,0,0.0
9776,0,0.0,77,0,348.0,,4,0,1,0,
9777,0,0.9999998999999999,51,0,0.013747228,2254.0,0,1,0,0,0.0
9778,0,0.636274473,36,0,0.204970718,7000.0,11,0,1,0,0.0
9779,0,0.9999998999999999,35,0,0.0,,0,1,0,0,
9781,0,0.9999998999999999,56,0,273.0,,2,0,0,0,0.0
9782,0,0.481629621,28,1,0.08684060199999999,5250.0,4,0,0,0,0.0
9785,0,0.157473754,29,0,0.003612437,7750.0,1,0,0,0,0.0
9786,0,0.5648324339999999,51,0,0.230393856,37500.0,14,0,2,0,2.0
9787,0,0.44271145799999995,39,0,0.051079877,5833.0,2,0,0,0,0.0
9788,0,0.000322262,65,0,0.077294686,6416.0,8,0,0,0,0.0
9790,0,0.0,45,0,0.0,3850.0,6,0,0,0,0.0
9792,0,0.666802717,52,0,0.5934735839999999,8365.0,9,0,1,0,3.0
9793,0,0.921542814,39,0,3452.0,,9,1,1,1,0.0
9795,0,0.040635132000000004,58,0,0.214850367,7083.0,5,0,3,0,2.0
9796,0,0.001714188,77,0,1.0,,3,0,0,0,
9797,0,0.00705226,73,0,0.261782348,2333.0,5,0,1,0,0.0
9798,0,0.317771061,48,0,0.253143463,6600.0,17,0,1,0,1.0
9800,0,0.321678322,24,0,0.009988901,900.0,1,0,0,0,0.0
9801,0,0.0,22,0,0.0,929.0,2,0,0,0,0.0
9803,0,0.138881464,44,0,0.218597675,8000.0,7,0,0,0,0.0
9805,1,0.9999998999999999,47,0,143.0,,0,4,0,0,0.0
9807,0,0.49993613299999995,54,1,2474.0,,5,0,1,0,0.0
9808,0,0.026053929,67,1,0.54368204,8000.0,22,0,1,0,0.0
9809,0,0.37011435299999995,51,0,0.394998015,15113.0,9,0,2,0,3.0
9810,0,0.004825244,70,0,0.001176125,3400.0,8,0,0,0,0.0
9811,0,0.9999527140000001,40,0,0.318753142,1988.0,1,0,0,0,3.0
9812,0,0.372695987,61,0,5782.0,,15,0,4,0,0.0
9813,0,0.9999998999999999,32,0,0.14965162099999998,3300.0,2,1,0,1,0.0
9815,1,0.521801393,44,0,0.11936008,8000.0,4,0,0,0,2.0
9816,0,0.8234588270000001,57,0,0.381365114,2768.0,3,0,0,0,0.0
9818,0,0.060493322999999995,45,1,0.284844796,11500.0,10,0,1,0,2.0
9819,0,0.123900588,72,0,0.16973192,6415.0,5,0,0,0,0.0
9823,0,0.18022263100000002,50,0,0.246938265,4000.0,9,0,1,0,3.0
9825,0,0.44293600899999996,52,0,0.321512264,6400.0,8,0,1,0,0.0
9827,0,0.21629394600000001,31,0,0.11366036300000001,20833.0,9,0,1,0,2.0
9828,0,0.019975681999999998,74,0,2160.0,,13,0,2,0,0.0
9829,0,0.057300562,61,0,0.17485314300000002,8000.0,7,0,1,0,0.0
9830,1,1.033611442,33,0,0.707085464,1368.0,5,4,0,3,2.0
9831,0,0.777875329,48,0,0.51069786,5000.0,11,0,2,0,1.0
9832,0,0.08724951199999999,44,0,0.320968166,3800.0,12,0,1,0,0.0
9833,0,0.058886707999999996,48,0,2443.0,,9,0,1,0,0.0
9835,0,0.641197935,34,0,3285.0,,14,0,2,0,2.0
9836,0,0.545218901,48,0,3526.0,,12,0,2,0,0.0
9838,0,0.09937676599999999,45,0,0.235593025,8658.0,9,0,2,0,3.0
9839,0,0.9999998999999999,75,0,3.0,,3,0,0,0,0.0
9841,0,0.209961825,36,0,0.009486607,3583.0,5,0,0,0,0.0
9844,0,0.0,36,0,0.365371506,4400.0,6,0,1,0,0.0
9847,0,0.10696046599999999,59,0,0.021105051,4216.0,3,0,0,0,3.0
9849,0,0.010482788,50,0,0.22111127,7000.0,19,0,2,0,2.0
9850,1,0.44826436799999997,60,2,0.46791443899999996,2617.0,11,0,1,1,0.0
9851,1,0.9999998999999999,53,2,0.041739565,4000.0,1,0,0,0,1.0
9852,0,0.001529405,61,0,0.000964217,9333.0,20,0,0,0,0.0
9853,0,0.57187414,39,0,0.223194201,4000.0,5,0,0,0,3.0
9854,0,0.533875763,58,0,0.167754157,4750.0,9,0,0,0,0.0
9855,1,0.6746898720000001,53,1,0.40499717700000004,7083.0,8,0,1,0,2.0
9856,0,0.146167558,50,0,0.360341151,5158.0,8,0,1,0,1.0
9858,0,0.61376463,53,2,0.6980754809999999,4000.0,8,0,1,0,1.0
9860,0,0.040034086,67,0,0.009305210999999999,9671.0,8,0,0,0,0.0
9861,0,0.009525121999999999,43,0,0.677693526,12000.0,6,0,2,0,4.0
9863,0,0.113385692,40,0,3737.0,,4,0,1,0,0.0
9865,0,0.523369158,46,0,0.078839815,7584.0,6,0,0,0,1.0
9867,0,0.004837524,41,0,0.18516296699999998,5000.0,10,0,1,0,0.0
9868,0,0.012214111000000001,90,0,0.004137931,5799.0,5,0,0,0,0.0
9869,0,0.21688915600000003,71,0,1412.0,,4,0,2,0,0.0
9870,0,0.012737385,98,0,0.006502555,2152.0,6,0,0,0,0.0
9871,0,0.058729418,73,0,0.403664921,5729.0,6,0,1,0,0.0
9872,0,0.24352879,73,0,0.154827208,14583.0,16,0,1,0,0.0
9874,0,0.613173114,65,0,0.633341665,4000.0,21,0,1,0,0.0
9876,0,1.057942058,35,1,0.051767226,2800.0,3,0,0,1,0.0
9878,0,0.20027688,77,0,0.043304464,1500.0,2,0,0,0,0.0
9881,0,0.323871845,49,0,0.506503849,3766.0,13,0,2,0,0.0
9884,0,0.609053498,41,0,1.074300147,4750.0,13,0,2,0,0.0
9886,0,0.48296479600000003,34,0,0.186534898,3237.0,5,0,0,0,0.0
9887,0,0.920958788,47,1,0.224834845,8930.0,6,0,1,0,5.0
9888,0,0.5154977860000001,86,0,0.655629139,2717.0,2,0,1,0,0.0
9889,0,0.299404212,40,0,2631.0,0.0,10,0,2,0,3.0
9890,0,0.0,43,0,0.213919072,15000.0,7,0,1,0,3.0
9891,0,0.197267577,25,0,0.0072694230000000006,2200.0,3,0,0,0,0.0
9892,1,0.269461078,34,0,0.23091572800000001,6300.0,5,0,0,3,4.0
9893,0,0.019958369,67,0,666.0,,8,0,0,0,0.0
9894,0,0.016694918,61,0,0.06755280400000001,5491.0,7,0,0,0,0.0
9895,0,0.38917529999999995,56,0,0.20815633,9415.0,16,0,2,0,0.0
9897,1,0.0,26,0,0.0006398980000000001,6250.0,3,0,0,0,0.0
9898,0,0.043085082999999996,50,0,0.306766333,10300.0,7,0,1,0,0.0
9899,1,0.030603939,42,0,0.436569651,4500.0,15,1,2,0,0.0
9900,1,0.0,76,0,34.0,,1,0,0,1,
9901,0,0.437974973,68,0,0.054510830999999996,4200.0,3,0,0,0,0.0
9902,0,0.0,65,0,0.34934565100000003,6494.0,7,0,2,0,0.0
9903,1,0.9999998999999999,34,0,0.0,,0,0,0,0,3.0
9904,0,0.024193942000000003,53,0,1018.0,,3,0,1,0,0.0
9905,0,0.045768813,43,0,0.33940673299999996,9000.0,7,0,2,0,0.0
9908,0,0.174619091,57,0,0.31069926800000003,6420.0,14,0,1,0,0.0
9909,0,0.336171041,64,1,0.237646863,12000.0,13,0,1,0,0.0
9912,0,0.9999998999999999,25,0,0.127446897,2400.0,1,0,0,0,0.0
9915,0,0.23254142,56,1,0.18364561399999998,8058.0,8,0,2,1,0.0
9916,1,0.711193568,32,1,0.03334423,3058.0,4,0,0,1,1.0
9917,0,0.410429967,31,0,0.590881824,3333.0,8,0,1,0,0.0
9918,0,0.195717732,29,0,0.743221035,2433.0,7,0,1,0,0.0
9919,0,0.22732290100000002,58,0,0.22316684399999998,1881.0,7,0,0,0,0.0
9920,0,0.286846898,41,0,0.707905315,13433.0,7,0,3,0,2.0
9921,0,0.9848030390000001,39,0,0.104463286,6250.0,6,0,0,1,0.0
9922,0,0.009851182,64,0,0.180465563,4166.0,14,0,1,0,0.0
9923,0,0.9999998999999999,45,2,0.145783133,6639.0,3,1,1,0,1.0
9925,0,0.234117725,40,0,3033.0,,7,0,2,0,0.0
9926,0,0.149015955,49,1,0.152534701,6627.0,11,0,1,0,0.0
9927,0,0.8151986179999999,47,0,0.600406711,5900.0,9,0,2,0,3.0
9928,0,0.052757500000000006,47,0,0.418974849,3140.0,12,0,1,0,2.0
9929,0,0.024308945,61,0,0.131221211,8900.0,12,0,1,0,0.0
9930,0,0.523316521,41,0,0.057097681,5691.0,7,0,0,0,2.0
9931,0,0.24702035100000003,28,0,1.123858447,1751.0,5,0,1,0,0.0
9934,0,0.06954093900000001,87,0,740.0,,7,0,0,0,0.0
9935,0,0.106826571,61,0,0.24206455100000002,7497.0,6,0,1,0,0.0
9936,0,0.009326837,79,0,0.22578534,9167.0,7,0,1,0,1.0
9939,0,0.0,75,0,0.0,3390.0,3,0,0,0,0.0
9940,0,0.6073099160000001,64,0,0.508,5499.0,12,0,1,0,0.0
9941,0,0.055615575,35,0,0.09731711400000001,6000.0,9,0,0,0,1.0
9944,0,0.069961233,48,0,0.626074499,1395.0,7,0,1,0,0.0
9945,0,0.000357135,73,0,0.29086502,6600.0,7,0,1,0,0.0
9946,0,0.212796415,33,0,0.27587848800000003,10500.0,9,0,2,0,1.0
9948,0,0.8276239809999999,45,1,0.35477972700000004,17500.0,12,0,2,0,2.0
9952,0,0.13711324,50,1,0.36681422700000005,6550.0,6,0,2,0,1.0
9953,0,0.006831736999999999,37,0,0.445592401,6000.0,7,0,2,0,2.0
9954,0,0.015489826000000002,78,0,0.27122678899999997,6300.0,14,0,1,0,0.0
9959,1,1.0635970829999999,39,1,0.44398603600000003,3150.0,5,0,0,1,0.0
9960,0,0.165921374,67,0,0.263138949,8333.0,6,0,1,0,1.0
9962,0,0.9999998999999999,61,0,0.707363968,5200.0,5,0,2,0,0.0
9963,0,0.47839440000000005,39,0,0.321954007,7000.0,12,0,2,0,2.0
9964,0,0.9999998999999999,46,1,49.0,,2,1,0,0,0.0
9966,1,0.35207330299999995,54,0,0.907241911,3244.0,18,0,2,0,3.0
9967,0,0.372041864,54,1,0.264966879,8000.0,7,0,2,0,1.0
9968,0,0.0,48,1,5090.0,,6,0,4,0,0.0
9970,0,0.028741341,66,1,0.187690615,20000.0,11,0,2,0,0.0
9971,0,0.5172129120000001,55,0,0.49676943,5416.0,12,0,2,0,1.0
9972,0,0.052571597000000005,57,0,0.59544292,4300.0,4,0,2,0,0.0
9973,0,0.062016363,53,0,82.0,,4,0,0,0,0.0
9975,0,0.547900697,66,0,3495.0,,12,0,2,0,2.0
9977,0,0.000143789,44,0,0.061878642000000005,5833.0,18,0,0,0,0.0
9978,0,0.135601695,59,4,0.872020895,6125.0,8,0,2,0,0.0
9979,0,0.132460844,79,0,3830.0,,7,0,1,0,0.0
9980,0,0.069298638,63,0,1466.0,,13,0,1,0,0.0
9981,0,0.0,37,0,0.758032886,6628.0,9,0,2,0,2.0
9982,0,0.018362969,66,0,4984.0,,17,0,3,0,0.0
9983,1,0.8485977370000001,54,1,0.563549658,9645.0,23,0,3,2,0.0
9984,0,1.06235012,58,0,0.392996109,1027.0,6,0,0,0,0.0
9985,0,0.30213171,50,0,0.284371563,10000.0,12,0,1,0,0.0
9987,0,0.239685686,55,0,0.428457689,8791.0,18,0,1,0,0.0
9989,0,0.109362665,40,0,0.213390274,7258.0,6,0,2,0,2.0
9990,0,0.9999998999999999,62,0,0.0,,0,0,0,0,0.0
9991,0,0.054686995999999995,39,1,0.17052995199999998,11000.0,11,0,2,0,1.0
9993,0,0.093250698,66,0,0.384405671,5501.0,14,0,1,0,0.0
9994,0,0.024152167999999998,46,1,0.427232465,9708.0,12,0,2,0,3.0
9995,0,0.629741355,32,0,338.0,,2,0,0,0,0.0
9996,0,0.062613821,62,0,745.0,,10,0,1,0,0.0
9997,0,0.827427227,50,0,1904.0,,4,0,0,0,0.0
9999,0,0.0,55,0,0.147588193,12500.0,15,0,1,0,1.0
10000,0,0.028380566,66,0,65.0,,9,0,0,0,
10001,0,0.931678054,38,0,0.11787405699999999,5700.0,6,0,0,0,3.0
10002,0,0.025366829,57,0,0.589366984,4833.0,16,0,1,0,0.0
10003,0,0.073886114,76,0,0.24939294399999998,7000.0,9,0,1,0,0.0
10004,0,0.064243336,49,0,0.229766315,14035.0,15,0,2,0,3.0
10005,0,0.023053431,67,0,1437.0,,4,0,1,0,0.0
10006,0,0.05461818,80,0,0.022491967,2800.0,6,0,0,0,0.0
10008,0,0.9999998999999999,28,0,0.18877354899999998,2600.0,3,0,0,0,1.0
10009,0,0.229960883,49,2,920.0,,16,0,0,0,0.0
10011,0,0.009690555,69,0,0.17045995600000002,10500.0,11,0,2,0,0.0
10012,1,0.929071395,47,2,0.378209743,4166.0,8,0,1,0,3.0
10013,1,0.662889141,41,0,0.296837895,8000.0,7,0,1,1,0.0
10014,0,0.048243825,60,0,2988.0,,11,0,2,0,0.0
10019,0,0.06980147099999999,64,0,0.37073775600000003,19355.0,11,0,4,0,2.0
10020,0,0.034670476,70,0,4.973684211,303.0,5,0,2,0,0.0
10021,0,0.0,55,1,1.128774245,5000.0,12,1,4,0,1.0
10022,0,0.096287655,69,0,1986.0,,15,0,2,0,0.0
10023,0,0.0,43,0,0.00079968,2500.0,5,0,0,0,0.0
10025,0,0.082828235,40,0,0.459609455,4864.0,10,0,1,0,1.0
10026,0,0.11400699199999999,59,0,2317.0,,5,0,2,0,0.0
10027,0,0.01160605,74,0,0.00933126,4500.0,21,0,0,0,1.0
10028,0,0.578484792,36,0,0.587937743,5139.0,14,0,3,0,1.0
10029,0,0.0,30,0,0.149462634,4000.0,6,0,0,0,2.0
10031,0,0.006498375,25,0,0.633373934,820.0,4,0,0,0,0.0
10032,1,1.15942029,36,0,0.013664388999999999,6000.0,1,2,0,0,1.0
10034,0,0.9999998999999999,27,0,0.010351200999999999,2704.0,1,0,0,0,0.0
10035,0,0.037053172999999995,67,0,0.147065194,4616.0,11,0,1,0,0.0
10036,0,0.7548311209999999,57,0,0.08768691199999999,5416.0,8,1,0,1,1.0
10037,0,0.33079293,44,0,0.23747031600000001,8000.0,10,0,0,0,2.0
10038,0,0.26599521800000003,31,0,0.22017382100000002,3796.0,7,0,0,0,0.0
10040,0,0.054881894,60,0,0.369063094,10000.0,12,0,1,0,4.0
10041,0,0.088495774,60,0,0.103790404,12900.0,7,0,1,0,0.0
10042,0,0.5064097870000001,37,0,0.236564899,5600.0,9,0,1,0,4.0
10043,0,0.0,73,0,4199.0,,6,0,1,0,0.0
10044,0,0.09447101,61,0,0.54241517,6011.0,5,0,1,0,0.0
10046,0,0.0,63,0,0.456221198,4990.0,10,1,1,0,1.0
10047,0,0.443162771,57,2,0.556492411,4150.0,12,0,2,0,1.0
10048,0,0.9999998999999999,78,0,0.467812875,2500.0,6,0,1,0,0.0
10049,0,0.383172654,72,0,0.385752179,7916.0,12,0,1,0,1.0
10051,0,0.07265324,45,0,0.568580351,4162.0,19,0,1,0,1.0
10052,0,0.8803122959999999,35,0,0.375888502,7174.0,8,0,4,0,0.0
10055,0,0.004564681,43,0,0.735816046,4000.0,28,0,3,0,2.0
10056,0,0.161705045,39,0,0.523744167,3642.0,9,0,1,0,3.0
10059,0,0.0,50,0,812.0,,5,0,1,0,0.0
10060,0,0.0,39,0,0.605687533,5766.0,10,0,2,0,0.0
10061,1,0.9145122370000001,44,2,0.496687229,4376.0,3,2,0,0,1.0
10062,0,1.049249874,35,0,0.590276416,5100.0,13,0,0,0,1.0
10063,0,0.040129755,91,0,26.0,,3,0,0,0,0.0
10064,0,0.012468555,67,0,0.197950512,4000.0,6,0,1,0,0.0
10065,0,0.581686586,62,0,0.38873931899999997,8542.0,10,0,1,0,0.0
10066,0,0.0,28,1,0.0,2914.0,1,0,0,0,0.0
10068,0,0.044632306,39,1,0.145488029,3800.0,5,0,0,0,0.0
10069,0,0.158281192,59,0,0.166188316,10800.0,7,0,1,0,2.0
10071,0,0.059586482999999996,38,0,0.327031449,5500.0,9,0,2,0,0.0
10072,0,0.054908881,70,0,145.0,,12,0,0,0,
10073,0,0.610836365,56,0,0.7314245559999999,5692.0,18,0,2,0,0.0
10076,0,0.101859639,56,0,0.542521994,3750.0,5,0,1,0,0.0
10077,0,0.039654489,58,0,0.094533762,7774.0,22,0,1,0,0.0
10078,0,0.19131293600000002,43,0,0.270419935,6500.0,10,0,1,0,0.0
10079,0,0.9999998999999999,49,0,0.0,2550.0,0,0,0,0,0.0
10080,0,0.9711050659999999,67,1,1026.0,,10,0,1,0,2.0
10081,0,0.0,70,0,220.0,,10,0,0,0,0.0
10082,0,0.831425885,47,0,0.968841545,3754.0,12,0,1,0,0.0
10083,0,0.014416061,64,0,0.004123454,8002.0,5,0,0,0,0.0
10085,0,0.047995378,61,0,0.627774445,3333.0,13,0,2,0,0.0
10086,0,0.254377835,51,1,0.13524323800000002,20000.0,9,0,3,0,4.0
10089,0,0.0,57,0,0.5612608029999999,1966.0,8,0,2,0,0.0
10090,0,0.960172681,56,2,0.7366932629999999,9900.0,18,0,2,0,1.0
10091,0,0.75002092,49,2,1.4362139919999999,4616.0,22,0,2,0,0.0
10093,0,0.9524353659999999,29,0,0.169707573,4000.0,6,0,0,0,1.0
10094,0,0.187316116,46,0,0.640637665,3700.0,15,0,2,0,2.0
10095,0,0.5261240979999999,33,0,0.679553265,2327.0,6,0,1,0,1.0
10097,0,0.0,56,0,1476.5,1.0,6,0,1,0,0.0
10098,0,0.0,62,0,0.0,2800.0,1,0,0,0,0.0
10099,0,0.229208345,48,0,0.34484639200000006,5500.0,5,0,2,0,1.0
10100,0,0.069496163,46,0,0.51655905,4800.0,21,0,1,0,0.0
10101,0,0.816623822,41,1,0.16795801,4000.0,4,1,0,0,0.0
10102,0,0.651179806,30,5,0.4813509,5388.0,7,0,2,0,0.0
10103,0,0.013738533,71,0,688.0,,6,0,1,0,0.0
10104,0,0.0036684609999999996,58,0,0.17193122800000002,2500.0,13,0,1,0,0.0
10105,0,0.016242123,89,0,0.004154765,3850.0,2,0,0,0,0.0
10106,0,0.007639694,77,0,0.240088362,8600.0,4,0,1,0,0.0
10107,0,0.06239792,82,0,0.01119776,5000.0,6,0,0,0,0.0
10108,0,0.040426646000000004,88,0,0.00715103,3495.0,4,0,0,0,0.0
10109,0,0.081735458,46,0,0.601679664,5000.0,16,0,2,0,2.0
10110,0,0.61404983,44,0,0.727765049,4800.0,14,0,1,0,3.0
10111,0,0.0,64,0,0.0,,6,0,0,0,
10112,0,0.153186057,50,0,0.32744627,15400.0,8,0,2,0,2.0
10113,0,0.27933541,40,0,0.49235533200000003,5166.0,10,0,1,0,2.0
10114,0,0.886160582,55,0,0.632925473,1797.0,10,0,0,0,0.0
10115,0,0.007854656,77,0,540.0,,7,0,0,0,
10117,0,0.7556181590000001,67,0,0.426760245,8833.0,5,0,2,0,0.0
10118,1,0.9999998999999999,31,0,0.017414766,4076.0,1,0,0,0,0.0
10120,0,1.047301799,42,1,0.653272845,1542.0,6,1,0,0,1.0
10121,0,0.0,49,0,803.0,,9,0,1,0,0.0
10122,0,0.9999998999999999,29,0,0.001723841,5800.0,0,0,0,0,2.0
10123,0,0.842334945,67,0,1.284761236,2847.0,15,0,0,0,1.0
10124,0,0.9246678540000001,53,0,1454.0,,3,0,1,0,0.0
10125,0,0.23670644,78,0,0.285838726,8035.0,10,0,1,0,0.0
10126,1,0.595152206,40,0,1501.0,,5,0,1,0,1.0
10128,0,0.0,77,0,0.18943147,4238.0,8,0,1,0,0.0
10131,0,0.023143768,55,0,2022.0,,12,0,1,0,0.0
10132,0,0.050058458,82,0,0.20566066800000002,6500.0,12,0,2,0,0.0
10133,0,0.002332194,64,0,2273.0,,5,0,1,0,0.0
10134,0,0.9448220709999999,62,0,0.32504363,4583.0,7,0,1,0,0.0
10135,0,0.037845572,53,0,0.682432432,1775.0,8,0,1,0,1.0
10136,0,0.7601456109999999,41,0,0.25762572100000003,7277.0,8,0,0,0,1.0
10137,0,0.231799466,39,0,0.135232301,3615.0,4,0,0,0,0.0
10138,0,0.23084480699999999,76,0,1665.0,,8,0,2,0,0.0
10139,1,0.9999998999999999,34,2,0.102748691,4583.0,5,1,0,1,3.0
10143,0,0.00054543,56,1,0.39479081200000005,4875.0,8,0,2,0,0.0
10144,0,0.098271626,73,0,1.103202847,5900.0,11,0,0,0,0.0
10145,0,0.014306883999999999,54,0,0.37300642700000003,4200.0,12,0,2,0,2.0
10147,0,0.21255245600000003,42,0,1265.0,,9,0,0,0,4.0
10149,0,0.051638631,65,0,0.122377943,10916.0,8,0,1,0,0.0
10151,0,0.9999998999999999,27,0,0.144963759,4000.0,2,0,0,0,0.0
10152,1,0.044665012000000004,37,0,1.232010467,4585.0,9,0,2,0,0.0
10153,1,1.054310073,53,10,0.331619537,3500.0,7,3,0,1,0.0
10154,0,0.603396603,32,0,17.0,,6,0,0,0,0.0
10155,0,0.7597173140000001,34,0,0.8071979429999999,3500.0,9,0,2,0,0.0
10156,0,0.10827798,42,0,0.006715416,6700.0,2,0,0,0,0.0
10157,0,0.328228194,80,0,0.379690949,7700.0,13,0,3,0,1.0
10158,0,0.13608384199999998,54,0,0.262083206,13075.0,12,0,1,0,2.0
10159,0,0.0011323989999999999,63,0,0.155991925,5448.0,10,0,1,0,0.0
10160,0,0.631073785,38,0,0.239377985,8166.0,8,0,1,0,2.0
10162,0,0.057388844,54,0,0.22605218100000002,5250.0,8,0,1,0,2.0
10163,0,0.287134796,42,0,0.6335164839999999,7279.0,12,0,2,0,0.0
10166,0,0.015358925,68,0,0.23814301300000001,10963.0,7,0,0,0,1.0
10168,0,0.117296329,37,1,0.47520327700000004,16110.0,16,0,4,0,2.0
10169,0,0.020347246,74,0,11.0,,4,0,0,0,
10170,0,0.791120888,63,0,1320.0,,4,0,1,0,
10171,0,0.178911971,65,0,0.248895925,12000.0,9,0,3,0,0.0
10173,0,0.096991461,41,0,0.271092405,5226.0,6,0,1,0,0.0
10174,1,0.323345818,45,4,0.518644865,8500.0,10,0,2,0,1.0
10175,0,0.9999998999999999,41,0,0.01815541,4130.0,1,2,0,0,2.0
10176,0,0.215797367,87,0,0.077027948,4400.0,3,0,0,0,0.0
10179,0,0.12500504699999998,46,0,0.298935053,20000.0,8,0,1,0,2.0
10180,0,0.288892592,37,0,5000.0,,7,0,2,0,
10181,0,0.275368906,66,0,3192.0,,12,0,2,0,0.0
10182,0,3.2500000000000004e-05,64,0,0.083323047,8100.0,13,0,0,0,1.0
10183,0,0.442124584,58,0,0.30866915,5905.0,5,0,1,0,0.0
10187,0,0.098606555,71,0,354.0,,10,0,0,0,0.0
10192,0,0.9393691479999999,31,0,0.824674165,5600.0,11,0,2,0,3.0
10193,0,0.029427613999999998,60,0,0.215302684,9200.0,25,0,1,0,0.0
10194,0,0.004454617,83,0,0.00184604,5416.0,6,0,0,0,0.0
10195,0,0.039706212000000005,72,0,3049.0,,9,0,2,0,0.0
10196,0,0.107574369,72,0,0.156648452,1646.0,4,0,0,0,0.0
10198,0,0.045828437,42,0,0.194169703,1920.0,3,0,1,0,0.0
10203,0,0.085684822,56,0,0.324251835,7083.0,11,0,2,0,0.0
10204,0,0.706047531,28,0,658.0,,7,0,0,0,0.0
10205,0,0.0,43,0,0.204081633,2400.0,3,0,0,0,0.0
10206,0,0.0,73,0,1161.0,0.0,11,0,1,0,0.0
10208,0,0.0015366070000000002,56,0,0.23401676600000001,9900.0,10,0,1,0,1.0
10209,0,0.045088388,67,0,0.146868531,100000.0,16,0,5,0,0.0
10210,0,0.138920781,71,0,112.0,,1,0,0,0,0.0
10211,0,0.0029217509999999998,78,0,4.0,,6,0,0,0,
10212,0,0.9999998999999999,42,0,0.312609075,4583.0,3,0,2,0,0.0
10213,0,0.898454388,25,0,0.386328125,2559.0,7,0,0,0,0.0
10215,0,0.0,44,0,1979.0,,6,0,1,0,0.0
10216,0,0.20995467199999998,68,0,0.513371657,4000.0,14,0,1,0,0.0
10217,1,0.160846073,42,3,1296.0,,10,0,1,0,0.0
10219,0,0.09638399800000001,65,0,1420.0,,9,0,1,0,0.0
10220,0,0.136060127,58,0,0.330696203,7583.0,6,0,1,0,0.0
10221,0,0.038559698999999996,70,0,0.31218201,10416.0,12,0,1,0,0.0
10222,1,0.888712953,59,5,3252.0,,12,1,2,0,0.0
10223,0,0.379959173,45,0,1298.0,,16,0,1,0,0.0
10224,0,0.40510327399999996,59,0,0.23987520199999998,16666.0,13,0,3,0,0.0
10225,0,0.791041792,33,0,0.20274023300000002,5400.0,3,1,1,0,2.0
10226,0,0.088800732,50,0,0.859162213,5800.0,17,0,3,0,0.0
10227,0,0.130598585,43,2,0.21808687899999998,9000.0,8,0,2,2,2.0
10228,0,0.813289053,58,0,1880.0,,7,0,1,0,1.0
10230,0,0.34171273,53,0,0.35736948399999996,10400.0,6,0,2,0,3.0
10231,0,0.007354215,72,0,0.001999714,7000.0,10,0,0,0,0.0
10232,0,0.042184482999999995,70,0,0.19907755,9322.0,6,0,1,0,1.0
10233,0,0.719581053,62,0,0.44023996299999996,6500.0,11,0,2,0,1.0
10235,0,0.0028900059999999997,43,0,0.38537836299999995,20667.0,6,0,2,0,3.0
10236,0,0.006155891,70,0,612.0,,7,0,1,0,0.0
10237,0,0.09293336699999999,76,0,0.18534482800000002,2087.0,10,0,0,0,0.0
10239,0,0.8034393120000001,34,0,0.311922019,4000.0,7,0,0,0,0.0
10241,0,0.16715203,47,0,0.28093972899999997,7150.0,6,0,1,0,0.0
10244,0,0.9999998999999999,37,2,2568.0,,5,0,2,1,0.0
10245,1,0.9999998999999999,28,98,0.0,1700.0,0,98,0,98,0.0
10246,0,0.060084467,43,0,0.233534985,8760.0,11,0,1,0,2.0
10247,0,0.47378945899999997,38,0,0.284208032,8440.0,6,0,1,0,3.0
10250,0,0.02597948,67,0,0.018234165,2083.0,2,0,0,0,0.0
10251,0,0.033177009,50,0,1319.0,,5,0,1,0,0.0
10253,0,0.060201349,48,0,0.7538109759999999,1311.0,5,0,1,0,1.0
10256,0,0.664223851,45,1,0.299457995,4427.0,6,0,0,0,3.0
10257,0,0.0070998580000000006,60,0,0.634423898,2108.0,9,0,1,0,0.0
10259,0,0.0,49,0,0.281189219,10796.0,7,0,2,0,0.0
10260,0,0.142766919,79,0,0.586876382,4068.0,10,0,2,0,1.0
10262,1,0.754983923,39,1,0.388264476,12900.0,13,0,2,0,2.0
10264,0,0.9999998999999999,34,0,0.21819147100000003,5650.0,1,2,0,1,3.0
10265,0,0.18777624399999998,37,0,0.14821294699999998,4000.0,8,0,0,0,0.0
10266,0,0.271560703,40,0,0.458135466,4000.0,8,0,1,0,0.0
10271,0,0.440520144,53,0,0.347709796,5981.0,14,1,1,0,3.0
10272,0,0.0,40,0,0.37273881299999995,6301.0,5,0,1,0,4.0
10274,0,0.24591834899999998,33,0,0.214062875,8333.0,9,0,0,0,1.0
10276,0,0.807897234,25,0,0.537885096,1200.0,10,0,0,0,0.0
10277,0,1.0854605990000001,45,0,0.109636586,4897.0,3,0,0,1,3.0
10278,0,0.167629472,27,0,0.784719743,2800.0,11,0,1,0,0.0
10279,0,0.289912474,49,0,0.335574153,7288.0,11,0,2,0,1.0
10280,0,0.280343018,61,0,0.40928803799999997,11067.0,20,0,2,0,0.0
10282,0,0.61084519,50,3,0.402384501,6038.0,4,0,1,1,2.0
10283,1,0.9999998999999999,52,3,0.154616843,7385.0,3,3,0,0,1.0
10285,0,0.10099579199999999,63,0,0.28150601399999997,5736.0,5,0,1,0,0.0
10286,0,0.094813059,72,0,0.232323232,9800.0,5,0,1,0,1.0
10289,0,0.547486313,37,0,0.373222016,3233.0,6,0,0,0,2.0
10290,0,0.110875012,41,0,0.792525934,8000.0,16,0,3,0,0.0
10291,0,0.023050196000000002,80,0,0.003261785,9503.0,10,0,0,0,0.0
10292,0,0.027999262999999996,68,0,659.0,,3,0,1,0,
10293,0,0.063611835,48,0,3523.0,0.0,11,0,1,0,2.0
10294,0,1.021978022,50,1,0.0059988,5000.0,1,0,0,0,0.0
10295,0,0.268546291,35,0,0.163243047,5500.0,7,0,0,0,2.0
10296,0,0.016519338999999997,47,0,0.644118627,3000.0,5,0,1,1,1.0
10297,0,0.017115672,73,0,0.014794082,2500.0,4,0,0,0,0.0
10298,0,0.22301689100000002,45,0,0.348624827,9416.0,8,0,1,0,3.0
10300,1,0.46272351,50,0,0.23452912,15916.0,8,0,1,0,2.0
10301,0,0.061287764,60,0,0.385237465,6800.0,16,0,1,0,0.0
10303,0,0.17231021800000001,35,1,2855.0,,6,0,2,0,
10304,0,0.44363621200000003,54,0,0.461967122,10766.0,13,0,3,0,2.0
10305,0,0.067029422,54,0,0.353041363,4109.0,15,0,2,0,2.0
10307,0,0.53438664,53,0,0.461031918,12907.0,11,0,2,0,3.0
10310,0,0.21622589600000003,41,0,0.118376325,5000.0,6,0,0,0,4.0
10312,0,0.503363025,42,0,101.0,,3,0,0,0,0.0
10314,0,0.0,32,0,0.64113239,1200.0,4,0,0,0,2.0
10315,0,0.005663257,69,0,0.247813411,4801.0,13,0,2,0,0.0
10316,0,0.073760823,56,0,0.159768046,5000.0,10,0,0,0,2.0
10317,0,0.9999998999999999,44,0,1.204848485,2474.0,5,0,1,0,2.0
10318,0,0.064538978,59,0,0.264425973,8300.0,8,0,1,0,1.0
10319,0,0.050314013,54,0,3583.0,,22,0,1,0,2.0
10321,0,0.9999998999999999,32,1,0.14878649300000002,2842.0,2,0,0,2,1.0
10323,0,0.408390528,37,0,0.659401926,1972.0,7,0,1,0,2.0
10324,0,0.7089034609999999,39,0,0.7380114790000001,5400.0,23,0,2,0,0.0
10326,1,1.020549641,33,1,0.9400193490000001,3100.0,15,3,1,1,2.0
10327,0,0.137941468,59,0,0.594922346,14100.0,22,0,6,0,0.0
10328,0,0.146863403,48,0,0.391087739,3612.0,9,0,1,0,0.0
10330,0,0.1179941,47,0,0.24835290699999998,3490.0,4,0,0,0,0.0
10331,0,0.004567827,81,0,0.249022164,2300.0,8,0,1,0,0.0
10334,0,0.5681063120000001,48,0,0.272070485,5674.0,5,0,2,0,0.0
10335,1,0.002363422,62,0,0.43473491799999997,2734.0,8,0,1,0,0.0
10337,1,0.199426883,44,1,0.681542306,2800.0,15,1,2,0,1.0
10339,0,0.043795126,34,0,1046.0,,4,0,1,0,0.0
10340,0,0.220718472,53,0,0.68705036,1945.0,9,0,1,0,0.0
10342,0,0.11079686300000001,58,1,0.50338063,10500.0,20,0,3,1,0.0
10343,0,0.264455389,61,0,0.30822557,7500.0,8,0,0,0,1.0
10344,0,0.024655114,34,0,1878.0,,6,0,2,0,0.0
10345,0,0.036658258,91,0,48.0,0.0,5,0,0,0,1.0
10349,0,0.9999998999999999,32,0,0.0,3000.0,0,0,0,0,0.0
10350,0,0.154836521,56,0,268.0,,10,0,0,0,0.0
10351,1,0.9999998999999999,58,1,0.145141943,2500.0,1,1,0,0,0.0
10352,0,0.00170133,76,0,232.0,,5,0,0,0,1.0
10357,0,0.080566268,52,0,0.40830318,5250.0,14,0,2,0,0.0
10359,0,0.006648343,67,0,0.364752928,3500.0,27,0,0,0,1.0
10360,0,0.915076923,53,0,0.338298306,4900.0,8,0,1,0,1.0
10367,0,0.9999998999999999,31,0,0.384461554,10000.0,6,0,3,0,1.0
10368,0,0.008678683000000001,43,1,0.25212054300000003,14500.0,9,0,1,0,2.0
10369,0,0.017516191,59,0,15.0,,6,0,0,0,0.0
10372,0,0.11854483800000001,59,0,0.266255878,18500.0,13,0,2,0,0.0
10374,0,0.059025693,49,0,0.37148029,9943.0,12,0,4,0,0.0
10377,0,0.011217505,68,1,4016.0,,8,0,3,0,0.0
10378,0,0.6781194309999999,31,0,0.707844905,4435.0,9,0,1,0,2.0
10379,1,1.39800995,32,1,240.0,,3,1,0,0,0.0
10380,0,0.061178057,66,0,0.23927861399999997,7041.0,12,0,1,0,0.0
10381,0,0.036294678999999996,38,0,0.663484022,5131.0,10,0,2,0,1.0
10382,0,0.10017799599999999,48,0,0.152171582,18649.0,9,0,1,0,4.0
10383,0,0.45203065299999995,43,0,0.309939557,5955.0,8,0,0,0,2.0
10384,0,0.0,70,0,1326.0,,11,0,1,0,0.0
10385,0,0.032419352,54,0,1754.0,,14,0,1,0,2.0
10386,0,0.162875999,65,0,0.618487071,5181.0,10,0,1,0,0.0
10387,0,0.120125157,65,0,0.21863819,18166.0,6,0,1,0,0.0
10389,0,0.882185918,46,0,29.68316832,100.0,7,0,2,0,0.0
10392,0,0.326595989,61,0,0.398023994,4250.0,9,0,0,0,0.0
10395,0,0.930027989,29,0,0.33383308300000003,2000.0,4,0,0,0,0.0
10396,0,0.15423701,28,0,0.303188958,2100.0,7,0,0,0,0.0
10398,0,0.008148699,72,0,12.0,,6,0,0,0,0.0
10401,0,0.099281375,45,0,0.191239975,3241.0,8,0,0,0,2.0
10402,0,0.9999998999999999,44,0,0.409584425,2670.0,3,0,1,0,0.0
10403,0,0.482099295,43,0,0.36181408200000004,3990.0,13,0,0,0,1.0
10404,0,0.005585305,71,0,57.0,56.0,6,0,2,0,0.0
10405,0,0.9999998999999999,48,0,8155.0,,3,0,2,0,0.0
10408,0,0.013364531,68,0,0.39780821899999996,3649.0,18,0,1,0,0.0
10409,0,0.023314672,48,0,0.14463331699999998,10294.0,14,0,1,0,1.0
10410,0,0.905774905,29,0,0.580605397,7300.0,8,0,0,0,0.0
10411,0,0.7792207790000001,42,0,607.0,,4,0,0,0,3.0
10412,0,0.990478458,40,0,0.081647227,4200.0,2,0,0,0,0.0
10413,0,0.038324224,39,0,0.18391825899999997,2250.0,4,0,0,0,1.0
10414,1,0.9999998999999999,41,0,0.5072632189999999,1720.0,2,1,0,2,2.0
10415,0,0.006294861,60,0,0.123074454,6231.0,14,0,1,0,1.0
10417,0,0.183977518,58,1,0.20915636,5416.0,17,0,1,0,0.0
10418,0,0.900616891,63,2,3231.0,,11,0,2,2,0.0
10419,0,0.019549511000000002,73,0,0.01641497,6091.0,6,0,0,0,1.0
10421,0,0.6105305320000001,46,0,0.45534340799999995,11050.0,16,0,2,0,0.0
10422,0,1.0909090909999999,31,0,0.424575425,1000.0,3,0,0,0,0.0
10423,0,0.9999998999999999,30,0,0.008660893000000001,1500.0,0,1,0,0,2.0
10424,0,0.337799385,42,0,0.686330524,7000.0,15,0,1,0,1.0
10426,0,0.001087358,26,0,0.000249938,4000.0,9,0,0,0,0.0
10429,0,0.9999998999999999,37,0,115.0,,2,2,0,1,
10430,0,0.11823528,45,0,5228.0,,4,0,2,0,0.0
10433,0,0.035453471,63,0,0.40586731299999995,7430.0,6,0,2,0,0.0
10434,0,0.114747131,77,0,137.0,,6,0,0,0,0.0
10435,0,0.6855406270000001,32,2,0.163854518,2666.0,5,0,0,1,2.0
10436,1,0.462417982,43,0,1.416861046,3000.0,12,0,1,0,0.0
10437,0,0.9999998999999999,41,0,0.359375,7359.0,5,0,1,0,1.0
10438,0,0.09685894699999999,47,0,0.25066892,7100.0,8,0,1,0,0.0
10439,0,0.059082085,46,0,0.283129416,5802.0,5,0,1,0,0.0
10442,0,0.19422559600000003,78,0,0.594969365,3100.0,12,0,1,0,0.0
10443,0,0.20255985399999998,37,1,0.5025358639999999,6900.0,6,0,2,0,0.0
10444,1,0.06323754599999999,38,0,0.491358377,7000.0,6,0,1,1,1.0
10446,0,0.033654073,68,0,0.299617759,3400.0,17,0,1,0,0.0
10449,0,0.019831758,44,0,0.35386461399999997,10000.0,13,0,2,0,3.0
10450,0,0.0,31,0,0.0,3241.0,3,0,0,0,0.0
10451,1,0.089741436,55,0,1.034881138,4500.0,20,0,3,0,0.0
10453,1,1.013703069,46,6,0.621415417,3800.0,11,1,1,3,3.0
10454,0,0.155086209,42,0,0.290689282,5541.0,5,0,1,0,0.0
10455,0,0.48958158799999996,25,0,0.407996365,2200.0,7,0,0,0,1.0
10456,1,0.0,67,0,0.275995575,1807.0,7,0,0,0,0.0
10457,0,0.038719805,49,0,295.0,,3,0,1,0,2.0
10458,0,0.143673236,24,0,0.007932166,3655.0,3,0,0,1,0.0
10461,0,0.32089535,58,0,3266.0,,6,0,2,0,5.0
10466,0,0.148241899,60,0,0.53768279,3555.0,10,0,1,0,0.0
10468,0,0.004158894000000001,47,0,0.397575145,3958.0,7,0,1,0,2.0
10469,0,0.004257021,53,0,0.130773845,3333.0,3,0,1,0,1.0
10470,0,0.330743789,56,1,1.133037694,450.0,2,0,1,0,0.0
10471,0,0.019435119,47,0,0.5177928829999999,2500.0,16,0,1,1,4.0
10472,1,0.563621139,68,0,0.373260738,9917.0,6,0,1,0,0.0
10475,0,0.019454914,69,0,1115.0,,4,0,1,0,0.0
10479,0,0.986716183,36,0,0.572856391,1900.0,5,0,0,0,0.0
10480,0,0.005999838,42,1,0.153258795,3666.0,8,0,1,0,0.0
10481,1,0.9999998999999999,58,1,0.19514967800000002,7916.0,3,1,1,0,1.0
10482,0,0.040623467999999996,69,0,82.0,,3,0,0,0,0.0
10483,0,0.0,64,0,0.49657869,9206.0,14,0,2,0,3.0
10484,0,0.0,30,1,0.35183053200000003,4342.0,5,0,1,0,0.0
10485,0,0.08891643,69,0,109.0,,6,0,0,0,0.0
10486,0,0.0,39,0,0.155888785,3200.0,6,0,0,0,2.0
10487,0,0.046278005,80,0,89.0,,6,0,0,0,0.0
10488,0,0.070877165,71,0,1.201426025,560.0,7,0,1,0,0.0
10489,0,0.013270615,81,0,12.0,,4,0,0,0,0.0
10490,0,0.0,27,1,0.0,1790.0,2,0,0,0,1.0
10491,0,0.0,53,0,0.54050786,2480.0,6,0,1,0,1.0
10492,0,0.033867975,53,0,0.004741406,16028.0,4,0,0,0,0.0
10494,0,0.263167292,35,0,0.317128578,2200.0,5,0,0,0,0.0
10498,0,0.011323696000000001,49,0,1625.0,,22,0,1,0,0.0
10501,0,0.329247548,41,0,0.38784325799999997,3240.0,13,0,0,0,4.0
10503,0,0.021350794,57,0,0.8235882059999999,2000.0,10,0,2,0,0.0
10505,0,0.0,44,0,0.299693374,7500.0,9,0,1,0,3.0
10506,1,0.434445061,51,2,0.004499875,36000.0,11,0,0,0,0.0
10507,0,0.5064910189999999,45,0,0.441540734,8800.0,21,0,2,0,3.0
10508,0,0.064719654,71,0,0.762894842,2500.0,8,0,2,0,0.0
10510,0,0.16679332800000002,66,0,0.377670015,8660.0,6,0,2,0,1.0
10513,0,0.199838968,67,0,0.332303391,13592.0,18,0,2,0,0.0
10515,1,0.9999998999999999,39,0,0.160865475,2125.0,1,0,0,1,3.0
10516,0,0.011772331,79,0,0.009996002,2500.0,7,0,0,0,0.0
10517,0,1.015058427,59,0,0.083972009,3000.0,1,0,0,0,1.0
10518,0,0.059641239000000006,53,0,0.093200837,9559.0,9,0,0,0,1.0
10520,0,0.89432395,28,0,215.0,0.0,4,0,0,0,0.0
10521,0,0.003935772,54,0,0.256087728,6200.0,15,0,1,0,0.0
10524,0,0.478152839,42,0,3127.0,,7,0,2,0,7.0
10525,0,0.036597821,41,0,0.28703425899999996,33333.0,9,0,2,0,0.0
10526,0,0.032630569,30,0,0.14215904,2250.0,5,0,0,0,0.0
10527,0,0.485836049,40,0,0.390186415,9333.0,9,0,2,0,2.0
10528,0,0.00319968,66,1,0.165566887,5000.0,4,2,1,0,0.0
10529,0,0.26060155399999996,41,0,0.064683372,8100.0,12,0,0,0,0.0
10531,0,0.319744635,75,0,234.0,,9,0,0,0,
10533,0,0.6301633289999999,39,0,0.340206186,3200.0,4,0,0,0,1.0
10534,0,0.025134132000000003,54,0,0.113098154,12245.0,8,0,1,0,2.0
10535,0,0.8860294120000001,40,0,0.033410433999999996,3890.0,1,0,0,1,3.0
10536,0,0.532857778,42,1,0.400553761,6500.0,17,0,1,0,1.0
10537,0,0.950212072,54,0,0.617578055,5540.0,11,1,2,0,1.0
10538,0,0.176164767,55,0,0.196035242,3631.0,4,0,0,0,0.0
10540,1,0.9627881140000001,67,0,1.276836158,2300.0,9,0,1,2,0.0
10541,0,0.030579659,70,0,28.0,,6,0,0,0,0.0
10542,0,0.00679322,55,0,0.37371565700000003,40000.0,14,0,3,0,4.0
10544,0,0.027998356000000002,89,0,0.122979503,6000.0,11,0,1,0,1.0
10545,0,0.093300515,77,1,0.21880064800000001,4318.0,5,0,0,0,0.0
10547,1,0.229605311,53,1,0.8097722140000001,5750.0,25,0,1,0,3.0
10548,0,0.018024548999999997,68,0,0.0018748329999999998,11200.0,2,0,0,0,0.0
10551,0,0.381282175,54,0,0.565536526,5721.0,9,0,2,0,2.0
10552,0,0.100113459,72,0,0.055195584000000006,4166.0,9,0,0,0,0.0
10554,0,0.0,64,0,901.0,,20,0,1,0,0.0
10555,0,0.10288364,58,0,0.007124799,4350.0,4,0,0,0,0.0
10556,0,0.9999998999999999,58,0,0.009179575,1742.0,0,0,0,0,0.0
10557,0,0.306956451,63,0,1.353646354,1000.0,15,0,1,0,0.0
10558,0,0.437473227,36,0,0.49331505,8750.0,15,0,1,0,0.0
10561,0,0.27049802,36,0,0.28085802600000004,5500.0,5,0,1,0,0.0
10562,0,0.027969605,57,0,603.0,,4,0,0,0,1.0
10563,0,0.607264903,31,2,1.172564227,2062.0,12,0,2,1,0.0
10565,0,0.0,78,0,0.0,,3,0,0,0,0.0
10568,0,0.267731967,63,1,0.7438927390000001,8800.0,15,0,3,0,1.0
10569,0,0.0,34,0,575.0,,10,0,0,0,0.0
10570,0,0.575098226,64,0,0.647794026,8000.0,11,0,2,0,0.0
10571,0,0.546062564,56,0,2810.0,1.0,15,0,3,0,1.0
10572,0,0.000424322,64,0,0.0,1676.0,5,0,0,0,0.0
10573,0,0.016144055,53,0,0.51946976,6034.0,12,0,2,0,1.0
10575,0,0.03548244,63,0,30.0,,5,0,0,0,0.0
10576,0,0.685157421,70,1,0.019990005,2000.0,2,0,0,0,0.0
10578,0,0.7081398859999999,70,0,0.6265897189999999,9356.0,14,0,5,0,0.0
10579,0,0.036906265,68,0,0.07870602,5996.0,12,0,1,0,0.0
10581,0,0.033676644,58,1,0.205060192,4900.0,25,0,0,0,1.0
10582,0,0.016919662,65,0,0.00922722,2600.0,14,0,0,0,0.0
10584,0,0.010231265,51,0,1303.0,,5,0,1,0,0.0
10585,0,0.072251918,55,0,0.165279932,7090.0,6,0,1,0,0.0
10586,0,0.9999998999999999,58,0,0.015440509,1100.0,0,1,0,0,0.0
10587,1,0.071503031,65,0,0.41010349100000004,5700.0,9,0,2,0,1.0
10588,0,0.12107324400000001,61,0,0.305208333,3839.0,4,0,1,0,0.0
10589,0,0.15751427699999998,63,0,0.34688558799999997,3836.0,8,0,1,0,0.0
10590,0,0.075202479,58,0,0.270208512,3500.0,3,0,1,0,0.0
10591,0,0.16573001,49,0,0.233630442,5833.0,3,0,1,0,3.0
10592,0,0.310668933,69,0,0.18135350600000003,4890.0,3,0,0,0,0.0
10593,0,0.041835696,63,0,0.46558126200000005,3500.0,12,0,2,0,0.0
10594,1,0.63189077,41,2,0.16356173,9500.0,9,0,0,0,2.0
10595,0,0.488134081,33,0,0.606478704,5000.0,7,0,1,0,2.0
10596,0,0.234955479,63,0,0.37457434700000003,6166.0,12,0,2,0,0.0
10597,0,0.290835458,44,0,260.0,,4,0,0,0,0.0
10598,0,0.018644006,74,0,0.041281139,2809.0,3,0,0,0,0.0
10599,0,0.0,31,0,0.259713701,4400.0,6,0,0,0,0.0
10600,0,0.0,31,0,0.29099099100000003,1109.0,3,0,0,0,0.0
10601,0,0.05686137,73,1,0.68275154,2921.0,10,0,1,0,0.0
10604,0,0.423498731,45,0,0.524967575,3083.0,12,0,0,0,0.0
10605,0,0.811879208,59,0,0.731139793,5500.0,9,0,2,0,0.0
10606,0,0.11433015699999999,59,0,0.24674397899999997,5604.0,11,0,0,0,0.0
10608,0,0.010293007,62,0,1429.0,,11,0,2,0,1.0
10609,0,0.6427357260000001,79,0,0.139029689,1380.0,3,0,0,0,0.0
10611,0,0.96152513,35,0,0.22119470100000002,4000.0,5,1,0,0,2.0
10612,0,0.172470688,51,0,0.365393061,6830.0,8,0,1,0,0.0
10613,0,0.028373514,79,0,159.0,,15,0,1,0,2.0
10614,0,0.7545704809999999,60,1,0.483435991,12013.0,13,0,3,0,1.0
10615,0,0.04483724099999999,87,0,0.219414265,4233.0,6,0,1,0,0.0
10616,1,1.058159802,48,8,3082.0,,11,1,2,2,0.0
10621,0,0.474722784,81,0,0.494967025,2880.0,6,0,1,0,0.0
10622,0,0.75686409,39,0,0.452220027,9616.0,6,0,2,0,3.0
10623,0,0.013810236000000002,64,0,0.074509804,11984.0,4,0,1,0,1.0
10626,0,0.0,35,0,0.0,5833.0,6,0,0,0,0.0
10628,0,0.023628754,30,0,0.008170676,2202.0,2,0,0,0,0.0
10629,0,0.147704591,28,0,0.146446906,3700.0,4,1,0,1,0.0
10630,0,0.108336785,37,0,1604.0,,11,0,1,0,1.0
10631,0,0.41867987700000003,55,0,0.464940495,6217.0,11,0,1,0,2.0
10632,0,0.18197860600000001,65,0,0.16297916099999998,7773.0,12,0,2,0,0.0
10633,0,0.033695814,63,0,0.006380345,10500.0,13,0,0,0,0.0
10636,0,0.28062924899999997,76,0,0.037201555,1800.0,1,0,0,0,0.0
10637,0,0.164918848,33,0,0.47603269299999995,4526.0,7,0,1,0,1.0
10638,0,0.505327403,51,3,0.292330221,10925.0,15,0,2,0,2.0
10639,0,0.065661195,32,0,0.276780956,5628.0,6,0,1,0,0.0
10640,0,0.059145319,71,0,0.20760041399999998,10630.0,13,0,1,0,1.0
10641,0,0.196910535,62,0,0.027524576000000002,11189.0,10,0,0,0,0.0
10642,0,1.0495844970000001,64,0,913.0,,3,0,0,1,0.0
10643,0,0.669006619,43,0,0.29637858300000003,4500.0,9,0,0,0,1.0
10645,0,0.220180364,41,1,0.359843546,2300.0,11,0,0,0,0.0
10646,0,0.152625574,43,0,0.597038604,7563.0,14,0,2,0,0.0
10647,0,0.376641557,68,0,0.380740233,5835.0,7,0,1,0,0.0
10649,0,0.378686523,44,1,0.292815312,7000.0,10,0,2,0,1.0
10650,0,0.036132158,28,0,0.7137213590000001,3796.0,6,0,1,0,0.0
10651,0,0.577600684,30,0,0.112184376,5900.0,6,0,0,0,1.0
10652,0,0.04543939599999999,50,0,0.191749105,4750.0,4,0,1,0,0.0
10653,0,0.213466436,50,0,0.47016557299999995,3200.0,7,0,1,0,0.0
10657,0,0.305378599,45,0,0.426127527,4500.0,6,0,1,0,2.0
10661,0,0.022392057000000003,34,0,0.399371518,7000.0,8,0,2,0,2.0
10662,0,0.001949037,38,0,0.336933045,4166.0,14,0,1,0,0.0
10663,0,0.0,73,0,0.137807926,2800.0,4,0,1,0,0.0
10664,0,0.013808741000000001,75,0,0.010569733999999999,3878.0,9,0,0,0,0.0
10665,0,0.350921703,47,0,0.159795462,6257.0,10,0,0,0,0.0
10667,0,0.011075825,87,0,0.007778318,2056.0,7,0,0,0,0.0
10668,0,0.059554453,58,0,0.491375448,8927.0,14,0,1,0,0.0
10669,1,0.058415888,38,0,0.636022775,7200.0,13,0,1,0,2.0
10670,0,0.16762716800000002,60,0,0.406575395,10371.0,7,0,1,0,0.0
10671,0,0.003966652,75,0,1006.0,,6,0,0,0,
10674,0,0.21530700600000002,68,1,0.113690709,23000.0,11,0,1,0,1.0
10675,0,0.153656009,36,0,0.421372106,7083.0,17,0,1,0,2.0
10678,0,0.8567621590000001,27,0,226.0,0.0,2,0,0,0,0.0
10679,0,0.024610402000000003,76,0,0.9991818370000001,4888.0,8,0,3,0,1.0
10680,0,0.9999998999999999,53,1,0.013608493999999999,6686.0,1,1,0,0,0.0
10681,0,0.504161642,52,1,0.741303479,2500.0,8,0,0,0,5.0
10682,0,0.019252081,66,0,0.433925811,5175.0,13,0,1,0,0.0
10683,0,0.9999998999999999,38,0,4.0,,5,0,0,0,0.0
10684,0,0.018702146,63,0,0.46750336200000003,2230.0,6,0,1,1,1.0
10685,0,0.738545052,63,0,0.47221688100000003,5200.0,7,0,1,0,0.0
10686,0,0.648008047,44,0,0.862773511,6900.0,11,0,2,0,0.0
10687,0,0.15666924599999998,56,0,0.385285824,3900.0,15,0,1,0,0.0
10688,0,0.091205212,51,0,0.43766182,20083.0,9,0,2,0,2.0
10689,0,0.49987501,44,0,0.728446481,2400.0,3,0,2,0,2.0
10690,1,0.989273702,31,1,0.23608903,3773.0,7,0,0,1,0.0
10693,0,0.026996625,23,0,0.007308161,820.0,4,0,0,0,0.0
10694,0,0.45332003200000004,59,0,0.294204777,5400.0,16,0,0,0,1.0
10696,0,0.01099956,77,0,0.00159968,5000.0,2,0,0,0,1.0
10697,0,0.161384159,64,0,571.0,,8,0,0,0,0.0
10699,0,0.263108368,61,1,0.581833453,8333.0,18,0,3,0,0.0
10700,1,0.000888036,85,0,0.009998334000000001,6000.0,17,0,1,0,0.0
10702,0,0.9446601809999999,34,0,0.545487601,13750.0,11,0,1,0,0.0
10703,0,0.311765839,36,1,0.585927613,3950.0,15,0,2,0,3.0
10704,0,0.9999998999999999,49,0,0.518591968,6050.0,6,0,2,0,2.0
10705,0,0.072844882,59,0,0.091988501,8000.0,7,0,0,0,0.0
10706,0,0.300569947,37,0,1.040480635,8571.0,15,0,3,0,0.0
10708,0,0.323079272,44,0,0.313010343,1836.0,5,0,0,0,0.0
10709,0,0.241931582,60,0,1738.0,,10,0,2,0,0.0
10710,0,0.733354449,35,0,0.8356807509999999,3833.0,12,0,1,0,2.0
10711,0,0.00700146,31,1,0.006663494,2100.0,12,0,0,0,0.0
10714,0,0.693329524,34,0,0.126636515,4200.0,7,0,0,0,0.0
10716,0,0.014069682,83,0,0.002434571,4928.0,2,0,0,0,0.0
10717,0,0.08119797,46,0,0.521838253,8333.0,7,0,2,0,0.0
10718,0,0.02864263,27,0,0.155348346,5683.0,12,0,0,0,0.0
10719,0,0.9999998999999999,40,0,4905.0,0.0,4,0,1,0,0.0
10720,0,0.0,36,0,1384.0,,10,0,1,0,0.0
10721,0,0.207387655,46,0,204.0,,2,0,0,0,0.0
10722,0,0.268224635,56,0,2727.0,,6,0,2,0,0.0
10723,0,0.00038167400000000003,63,0,0.20118725,7748.0,13,0,1,0,1.0
10724,0,0.134660682,42,0,0.44033722399999997,6167.0,3,0,1,0,5.0
10725,0,0.446061055,59,0,0.180585296,1400.0,4,0,0,0,2.0
10726,0,0.011528735,65,0,0.39394958,2974.0,10,0,2,0,0.0
10727,1,0.9999998999999999,28,0,0.341569767,1375.0,1,0,0,0,0.0
10728,0,0.817460194,60,0,0.407307318,9250.0,10,0,2,0,0.0
10729,0,0.077827532,52,0,434.0,,5,0,0,0,2.0
10730,1,0.148573275,51,0,0.569851504,10235.0,11,0,3,0,2.0
10731,0,0.9999998999999999,50,0,0.007527853,3320.0,1,1,0,0,2.0
10732,0,0.015998476,86,0,18.0,,4,0,0,0,0.0
10734,0,0.19727468199999998,49,0,1.356699525,5477.0,5,0,2,0,0.0
10735,0,0.970166311,41,0,0.41208964600000003,6335.0,5,0,0,0,1.0
10736,0,0.174156991,29,0,1.0369881109999999,4541.0,7,0,1,0,0.0
10737,0,0.016929384,50,0,0.019090681,3980.0,10,0,0,0,0.0
10738,0,0.309204838,59,0,2041.0,,14,0,1,0,4.0
10739,0,0.525776296,45,0,0.35823974299999994,8725.0,8,0,2,0,3.0
10740,0,0.0,46,0,4120.0,0.0,10,0,2,0,2.0
10743,0,0.00799985,64,0,0.40539961399999996,14000.0,13,0,4,0,1.0
10744,0,0.07519248099999999,47,0,0.223897536,6167.0,5,0,1,0,1.0
10746,0,0.0,68,0,10.0,,5,0,0,0,
10747,0,0.751055915,48,0,0.348441926,6000.0,11,0,0,0,3.0
10748,1,0.889868355,42,1,0.835989568,3450.0,9,2,1,0,0.0
10749,0,0.118646667,47,0,0.31247629899999996,2636.0,6,0,1,0,0.0
10750,0,0.368372275,61,0,1291.0,1.0,5,0,1,0,0.0
10751,0,0.007024824,78,0,8.0,,5,0,0,0,0.0
10752,0,0.34026299600000004,70,0,0.40024611600000004,6500.0,24,0,1,0,0.0
10753,0,0.0,62,0,0.14608132599999998,10500.0,6,0,1,0,0.0
10754,0,0.504152377,42,0,0.559110222,4000.0,15,0,2,0,1.0
10755,0,0.108087584,49,0,3843.0,,5,0,1,0,0.0
10756,0,0.08207376599999999,78,0,63.0,,7,0,0,0,0.0
10757,0,0.002069529,63,0,0.013301663,4209.0,5,0,1,0,0.0
10758,0,0.02651368,81,0,0.004704985,7863.0,6,0,0,0,0.0
10759,0,0.004798122,78,0,0.050691244,650.0,26,0,0,0,0.0
10760,0,0.6067797739999999,62,0,0.332156973,7083.0,4,0,2,0,0.0
10762,0,0.8596630999999999,40,4,0.627274821,4340.0,19,0,1,1,1.0
10763,0,0.0,60,0,0.213479917,13916.0,7,0,1,0,0.0
10764,0,0.9999998999999999,58,0,0.185642609,2590.0,2,0,0,0,1.0
10765,0,0.01392649,86,0,0.009439200000000002,1800.0,3,0,0,0,0.0
10767,0,0.991231147,25,0,108.0,,4,0,0,0,
10768,1,0.751198392,45,1,1944.0,,15,0,1,0,0.0
10770,0,0.08670592,51,0,0.788510574,6666.0,13,0,1,0,0.0
10771,0,0.061473445999999994,61,0,0.226651248,14700.0,12,0,2,0,1.0
10773,0,0.016997241,78,0,0.008498938000000001,8000.0,9,0,0,0,0.0
10774,0,0.017913561,77,0,0.014084507,2200.0,8,0,0,0,0.0
10775,0,0.65200612,51,0,0.57647411,3340.0,9,0,1,0,1.0
10776,0,0.123013466,58,0,0.029157667,8333.0,4,0,0,0,0.0
10777,0,0.42579785,28,0,0.391862955,1400.0,11,0,0,0,0.0
10780,0,0.973008997,49,2,780.0,,4,0,0,0,0.0
10781,0,0.547496068,73,0,0.580394694,9272.0,8,0,1,0,0.0
10782,0,0.609914511,47,0,0.9834688709999999,7500.0,13,0,2,0,2.0
10783,0,0.9999998999999999,57,1,0.122238586,4073.0,1,1,0,0,1.0
10785,0,0.0028034279999999997,66,0,5.0,,5,0,0,0,0.0
10788,0,0.020758697,41,2,0.43144899299999995,4616.0,16,0,1,1,2.0
10789,0,0.10743000300000001,29,0,0.291791655,3666.0,7,0,0,0,0.0
10790,0,0.011005275,47,0,500.0,,5,0,1,0,0.0
10791,0,0.551091455,49,0,0.448387551,7100.0,14,0,2,0,3.0
10792,0,0.147235177,39,0,0.292826896,15585.0,6,0,2,0,1.0
10793,0,0.0,50,0,0.12616339199999999,2900.0,13,0,1,0,0.0
10794,0,0.119012095,67,0,0.35436660299999995,4167.0,6,0,2,0,0.0
10795,0,0.14385545,33,0,0.10570544,4521.0,4,0,0,0,1.0
10797,0,0.020030529,35,0,0.003469545,5187.0,7,0,0,0,0.0
10798,0,0.018332508,68,0,0.005549157,9550.0,6,0,0,0,0.0
10799,0,0.08822353,62,0,70.0,,4,0,1,0,0.0
10800,0,0.010270018,72,0,0.26994001300000003,4500.0,13,0,2,0,2.0
10801,1,0.49625935200000004,54,1,0.364165329,4983.0,4,0,1,0,0.0
10802,0,0.017005786000000002,66,0,27.0,,6,0,0,0,0.0
10803,0,0.9999998999999999,55,0,3150.0,,5,0,2,0,3.0
10805,0,0.913470278,31,0,0.099267155,1500.0,2,0,0,0,0.0
10807,0,0.0,64,0,58.0,,2,0,0,0,
10808,0,0.917267917,33,0,0.393038434,2757.0,4,0,0,0,1.0
10811,0,0.07477959,38,0,0.095322545,4510.0,6,0,0,0,0.0
10813,0,0.9819900109999999,57,0,3448.0,,7,0,2,0,0.0
10814,0,0.6826878209999999,49,0,3153.0,,7,0,2,0,3.0
10815,0,0.35344325299999996,39,0,0.764308923,4000.0,11,0,1,0,2.0
10816,0,1.043007807,47,2,0.416628805,2200.0,8,3,0,0,1.0
10817,0,0.149123392,34,0,0.50409918,5000.0,7,0,2,0,1.0
10819,0,0.591788274,81,1,1.009516041,3677.0,11,0,1,0,0.0
10820,0,0.25520718800000003,38,0,0.543609781,7933.0,9,0,2,0,1.0
10823,0,0.112575951,45,0,0.537486418,2760.0,5,0,1,0,0.0
10824,0,0.063118715,63,0,0.840889502,5800.0,16,0,1,0,1.0
10826,0,0.603688684,38,0,0.11253196900000001,4300.0,7,0,0,0,0.0
10829,0,0.069632967,48,0,0.164330793,12200.0,13,0,1,0,2.0
10832,0,0.082020936,46,0,0.231161075,11385.0,15,0,2,0,1.0
10833,1,7.44e-05,54,2,1762.0,,15,0,1,0,1.0
10834,0,0.01213897,63,0,119.0,,3,0,0,0,
10835,0,0.295012275,69,0,0.222259247,3000.0,7,0,0,0,0.0
10836,0,0.018452577,88,1,1803.0,,13,0,2,0,
10838,0,0.026903481,68,0,960.0,,3,0,1,0,0.0
10839,0,0.521148341,50,0,0.86451101,5040.0,10,0,2,0,2.0
10840,0,0.0,55,1,1030.0,,3,0,2,0,0.0
10842,0,0.029656136,77,0,0.19685039399999998,2920.0,13,0,0,0,0.0
10844,0,0.196428805,66,0,0.211789353,10500.0,11,0,1,0,5.0
10845,0,0.001999889,45,0,1.0,,2,0,0,0,1.0
10847,0,0.312846749,35,0,1.0963985920000001,3692.0,9,0,2,0,1.0
10851,0,0.189145638,61,0,0.263445953,9500.0,21,0,2,0,0.0
10853,0,0.018867331,36,0,0.44764431,7916.0,12,0,2,0,1.0
10854,0,0.024925807999999997,61,0,0.41672347200000004,4400.0,26,0,1,0,0.0
10855,0,0.056640494000000007,45,2,0.751352476,4805.0,14,0,2,0,1.0
10856,0,0.8822279120000001,37,1,0.485166366,6100.0,10,0,1,0,2.0
10857,0,0.689771652,31,1,0.39765058700000006,4000.0,7,0,0,0,0.0
10859,0,0.632118567,44,2,711.0,,6,0,0,0,0.0
10860,0,0.00843739,60,0,0.30756499600000003,14500.0,14,0,3,0,2.0
10861,0,0.030836863,63,0,0.201328101,6625.0,14,0,1,0,0.0
10863,0,0.0,45,1,0.732506997,2500.0,16,0,2,0,0.0
10864,1,0.18873034100000002,37,2,0.484575835,2333.0,8,0,1,0,1.0
10865,0,0.01793572,74,0,0.0126498,1501.0,5,0,0,0,0.0
10867,0,0.077727409,61,0,0.075835919,2900.0,20,0,0,1,0.0
10868,0,0.023066832000000002,49,1,0.284238587,3000.0,11,0,1,0,3.0
10869,0,0.9999998999999999,73,0,0.0,,2,0,0,0,0.0
10872,0,0.021043617999999997,60,1,0.27559786399999997,4306.0,15,0,1,0,0.0
10874,0,0.9073289170000001,30,0,0.327253595,2850.0,5,0,0,0,0.0
10875,0,0.531581579,51,0,0.50218162,7333.0,7,0,2,0,0.0
10876,0,0.18029454,64,0,2249.0,,18,0,1,0,0.0
10879,0,0.021217989,68,0,0.027111984,2544.0,6,0,0,0,1.0
10880,1,0.12476056699999999,28,0,0.8415417559999999,1400.0,6,0,0,0,0.0
10881,0,0.11478812099999999,68,0,0.527392257,5475.0,8,0,1,0,0.0
10882,0,0.656124777,76,0,0.175533885,8100.0,10,0,1,0,1.0
10884,0,0.20806914,56,0,0.172187468,9750.0,14,0,2,0,0.0
10885,0,0.796210862,60,0,4845.0,,26,0,2,1,0.0
10886,0,0.37342506299999995,46,0,0.34916270899999996,4000.0,5,0,2,0,3.0
10887,0,0.393344201,31,0,2910.0,,6,0,1,0,0.0
10890,0,0.033269473,80,0,21.0,,2,0,0,0,
10891,0,0.99850075,27,4,0.477015323,1500.0,11,3,0,0,0.0
10893,0,0.146685331,78,0,46.0,,4,0,0,0,
10894,0,0.520662844,37,0,0.154536098,6800.0,9,0,0,0,0.0
10895,0,0.262810378,66,0,0.244317046,15000.0,19,0,2,0,0.0
10896,0,0.008264463,72,0,0.017478152,800.0,3,0,0,0,0.0
10897,0,0.9999998999999999,68,0,0.0,4277.0,0,0,0,0,0.0
10898,0,0.8184919420000001,33,0,0.322220499,6448.0,4,0,1,0,0.0
10899,0,0.30161548899999996,59,0,0.277702243,5883.0,9,0,0,0,0.0
10900,0,0.045805161,39,0,100.0,,3,0,0,0,0.0
10901,0,0.06868896099999999,49,0,0.195951586,9583.0,9,0,1,0,0.0
10902,0,0.030665644,64,0,781.0,,3,0,1,0,0.0
10904,0,0.338354886,28,0,0.29513657600000004,1500.0,5,0,0,0,0.0
10905,0,0.7232546459999999,40,0,755.0,,6,3,0,0,0.0
10908,0,0.689026702,42,0,0.14875971300000002,13383.0,10,1,0,0,4.0
10909,0,0.136232129,48,0,0.43700107899999996,9269.0,23,0,2,0,3.0
10910,0,0.511231428,49,0,0.446506203,9430.0,10,0,2,0,2.0
10911,0,0.17745563600000003,44,0,21.0,,2,0,0,0,0.0
10912,0,0.2159969,57,0,0.36490132799999997,18900.0,30,0,4,0,1.0
10914,0,0.969147005,31,0,0.07495835599999999,1800.0,4,0,0,0,0.0
10915,0,0.74219821,60,0,3409.0,,8,0,2,0,1.0
10916,0,0.078223044,45,0,0.137313137,10100.0,6,0,1,0,1.0
10917,0,0.5436004329999999,60,0,6285.0,,13,0,3,0,0.0
10919,0,0.074494513,45,0,0.757453073,2716.0,9,0,1,0,2.0
10920,0,0.0,50,0,220.0,,13,0,1,0,0.0
10921,0,0.057336383,54,0,0.093600898,7125.0,11,0,0,0,0.0
10923,0,0.048539993,51,0,163.0,,14,0,0,0,3.0
10924,0,0.12127168,63,0,0.269926839,2596.0,7,0,0,0,1.0
10925,0,0.043770235,66,0,0.166613111,6223.0,12,0,2,0,0.0
10927,1,0.5070719029999999,54,1,0.268913115,3026.0,8,0,0,1,1.0
10928,0,0.17812278899999998,49,0,1172.0,,6,0,0,0,0.0
10930,0,0.657763177,48,0,0.505274847,1800.0,7,0,0,0,3.0
10932,0,0.15830639300000002,53,0,0.641247834,7500.0,13,0,3,0,1.0
10933,0,0.031245389,60,0,696.0,,8,0,2,0,1.0
10935,0,0.16079917900000001,38,0,0.653057824,6000.0,16,1,2,0,1.0
10936,0,0.523699878,63,3,1392.0,,10,1,0,0,0.0
10938,1,0.356971311,44,0,0.46615252799999995,3500.0,6,0,0,0,2.0
10941,0,0.025258636,60,1,30.0,,7,0,0,0,0.0
10944,0,0.283168458,55,0,3608.0,,9,0,2,0,
10945,0,0.0,46,0,0.9498096229999999,8666.0,17,0,2,0,3.0
10946,0,0.754262859,68,0,0.09198248,5250.0,8,0,0,0,0.0
10948,0,0.007225016,83,0,14.0,,1,0,0,0,
10952,0,0.037515948,45,0,671.0,,9,0,2,0,0.0
10953,0,0.9999998999999999,56,0,0.0,10517.0,1,0,0,0,0.0
10956,0,0.29516778899999996,52,6,0.542315789,4749.0,13,0,2,0,3.0
10959,0,0.0,57,0,0.373508433,15000.0,12,0,2,0,2.0
10960,0,0.001166628,85,0,0.00015382200000000002,6500.0,1,0,0,0,0.0
10961,0,0.19229864300000002,81,0,0.44388914100000004,2200.0,7,0,1,0,0.0
10962,0,0.016285248999999998,62,0,0.004855755,3500.0,3,0,0,0,0.0
10966,0,0.025275959,73,0,0.051982672,3000.0,9,0,1,0,0.0
10967,0,0.673479872,32,0,0.281286452,6000.0,8,0,2,0,0.0
10968,0,0.060709898,32,0,0.152512998,7500.0,11,0,0,0,2.0
10969,0,0.529391147,40,0,0.45055033299999997,12446.0,13,0,2,0,3.0
10971,0,0.00654092,50,0,0.284206628,5400.0,14,0,1,0,0.0
10975,0,0.041625708,60,0,1.03018018,2219.0,9,0,1,0,0.0
10977,0,0.958193622,49,0,0.62142243,8140.0,12,0,2,0,4.0
10978,0,0.27035294600000004,49,1,0.278126225,5101.0,9,0,1,0,0.0
10980,0,0.42706366,32,0,0.474503642,7000.0,5,0,1,0,1.0
10981,1,0.289963755,48,3,0.49359761399999996,5700.0,6,0,2,2,2.0
10982,0,0.0,83,0,685.0,,3,0,1,0,0.0
10983,0,0.030046919,52,0,0.510990032,16150.0,15,0,3,0,1.0
10984,0,0.43131397299999996,60,0,0.36427221200000004,5289.0,12,0,1,0,2.0
10986,0,0.16715949300000002,61,0,0.254713242,35325.0,9,0,1,0,0.0
10991,0,0.9862361040000001,47,0,0.621913829,6196.0,8,0,1,0,0.0
10993,0,0.9999998999999999,23,0,1.136116152,550.0,1,0,0,0,0.0
10994,1,0.43776742399999996,32,0,0.74970344,5900.0,11,0,3,0,1.0
10996,0,0.017204435,45,0,0.220755266,10300.0,8,0,2,0,4.0
10998,0,0.6158873810000001,44,1,0.076164128,30000.0,7,0,1,0,0.0
10999,0,0.0,35,0,0.203996669,1200.0,5,0,0,0,0.0
11000,0,0.352463065,63,0,2567.0,,9,0,2,0,0.0
11001,0,0.133154674,68,0,0.33884748200000003,5500.0,6,0,1,0,0.0
11003,0,0.16546380900000002,47,0,0.069086323,7135.0,13,0,0,0,0.0
11004,0,0.00776217,74,0,25.0,,10,0,0,0,0.0
11007,0,0.075829121,52,0,0.021835001,9296.0,3,0,0,0,1.0
11009,1,0.814880952,41,0,0.19026991,3000.0,7,2,0,6,1.0
11011,0,0.040612792,62,0,3587.0,,7,0,1,0,0.0
11012,0,0.020806695,74,1,0.859157614,5246.0,7,0,2,0,0.0
11016,0,0.9681251240000001,39,0,0.18112319899999998,3400.0,5,0,0,1,2.0
11017,0,0.259310443,45,0,0.256699464,12500.0,8,0,2,0,0.0
11018,0,0.56013352,50,0,1319.0,,10,0,0,0,0.0
11020,0,0.9999998999999999,44,0,0.415292354,2000.0,5,0,1,0,0.0
11022,0,0.0,66,0,0.0,,8,0,0,0,0.0
11024,0,0.0,42,0,1347.0,,4,0,1,0,0.0
11025,0,0.0,31,0,0.083310192,3600.0,3,0,0,0,1.0
11026,0,0.304604362,77,0,0.415828596,2286.0,6,0,0,0,0.0
11027,0,0.014592536000000001,56,0,0.143816989,6250.0,9,0,1,0,1.0
11028,0,0.022569816,60,0,0.002242711,4012.0,4,0,0,0,0.0
11030,0,0.0,31,0,0.009498813,8000.0,6,0,0,0,0.0
11031,0,0.026259475,62,0,39.0,,3,0,0,0,
11032,0,0.014226321,75,0,0.019175455,1042.0,5,0,0,0,0.0
11034,0,0.036387054,48,0,3717.0,,9,0,3,0,0.0
11035,0,0.9999998999999999,69,0,0.0,,1,0,0,0,0.0
11037,0,0.784076385,40,0,0.9464563429999999,4500.0,6,0,2,0,3.0
11038,0,0.640291322,36,0,0.261095562,2500.0,5,0,0,0,0.0
11039,1,1.0335481,58,0,0.47511076399999996,7673.0,10,1,2,0,0.0
11043,0,0.09019386800000001,55,0,0.281441196,16180.0,10,0,2,0,0.0
11044,0,0.011090379,57,0,0.818018826,2230.0,7,0,1,1,1.0
11045,0,0.024216612999999998,66,0,0.28718233600000004,7200.0,6,0,1,0,1.0
11047,0,0.164734594,29,0,0.21095121100000003,2848.0,4,0,0,0,0.0
11048,0,0.391921856,37,0,0.27582982699999997,6416.0,9,0,1,0,2.0
11049,0,0.042290263,88,0,0.017614854,4200.0,11,0,0,0,1.0
11050,0,0.022665871,77,0,0.08163089400000001,11600.0,5,0,2,0,3.0
11051,0,0.215469834,51,1,0.716656669,5000.0,15,0,2,0,2.0
11052,0,0.038462851,61,0,0.26904873,15000.0,14,0,2,0,1.0
11053,0,0.087573198,41,0,0.22605953399999998,13000.0,12,0,2,0,1.0
11056,0,0.492012412,36,0,0.208558288,5000.0,6,0,0,0,2.0
11057,0,0.0,69,0,1872.0,,9,0,1,0,0.0
11058,0,0.34165092,49,0,0.32009824,17100.0,16,0,2,0,2.0
11062,0,0.01884252,67,0,0.177477815,8000.0,24,0,2,0,0.0
11063,0,0.20290746899999998,84,0,0.041472265,1928.0,2,0,0,0,0.0
11064,0,0.45189383200000005,56,0,0.154079629,5600.0,15,1,0,0,0.0
11066,1,0.9504276740000001,65,0,1.4034653469999998,2423.0,15,1,1,0,0.0
11068,0,0.058823529000000006,72,0,1053.0,,7,0,1,0,0.0
11069,0,0.034989082000000005,78,0,0.060521932,1800.0,12,0,0,0,0.0
11070,0,0.214862465,53,0,0.24726021899999998,12500.0,14,0,1,0,2.0
11071,0,0.09296356800000001,51,0,0.00789177,11530.0,4,0,0,0,3.0
11072,0,0.0,80,0,0.33687119,22800.0,15,0,4,0,0.0
11073,0,0.9999998999999999,24,0,0.103224194,4000.0,2,0,0,0,0.0
11075,0,0.22885867899999998,51,1,1.009177973,2505.0,10,0,1,0,2.0
11076,0,0.043294692999999995,81,0,0.010996335,3000.0,3,0,0,0,0.0
11077,0,0.9999998999999999,48,0,3474.0,,6,0,2,0,0.0
11080,0,0.02547926,71,0,0.265189971,6500.0,11,0,1,0,1.0
11081,0,0.0,64,0,0.119547658,2475.0,2,0,0,0,0.0
11082,0,0.339475752,44,1,0.372894393,13000.0,13,0,2,0,2.0
11083,1,0.24518649399999998,40,1,0.40583282,4868.0,7,1,1,0,2.0
11085,0,0.022828027,47,0,0.31861912800000003,7067.0,16,0,2,0,1.0
11086,0,0.19277243100000002,63,1,0.216567256,17938.0,18,0,2,0,0.0
11087,0,1.076923077,41,0,0.016211835,3700.0,1,2,0,1,3.0
11089,0,0.076351689,46,1,0.240506329,1500.0,3,0,0,0,2.0
11090,0,0.06845534,60,0,1727.0,,10,0,1,0,0.0
11091,1,0.9999998999999999,41,1,0.064112969,6160.0,2,0,0,0,5.0
11092,0,0.0,67,0,0.01349775,6000.0,3,0,0,0,0.0
11093,1,1.006662225,38,2,0.36345461799999995,2500.0,6,0,0,0,0.0
11094,0,0.024985357000000003,53,0,994.0,,8,0,1,0,0.0
11095,0,0.103433079,51,0,0.360677594,12750.0,9,0,2,0,2.0
11097,1,0.154523569,27,0,0.620908131,2840.0,8,0,2,0,0.0
11099,0,0.762531799,63,0,0.443048576,13133.0,14,0,1,0,0.0
11100,0,0.01225757,75,0,0.002768379,3250.0,9,0,0,0,0.0
11101,0,0.499889941,56,0,0.26060684,23333.0,19,0,2,0,1.0
11105,0,0.9999998999999999,39,0,0.31513805100000003,3150.0,3,0,1,0,0.0
11106,0,0.105255675,68,0,0.009427225,7000.0,3,0,0,0,0.0
11107,0,0.9999998999999999,48,1,0.255108767,1516.0,1,0,0,0,0.0
11108,1,0.9999998999999999,33,1,0.165912878,4200.0,4,0,0,1,1.0
11109,0,0.403048681,24,1,143.0,,4,0,0,0,0.0
11110,0,0.015133285,83,0,266.0,,4,0,0,0,0.0
11111,0,0.0,77,0,0.0,,2,0,0,0,0.0
11112,0,0.01505639,61,0,0.38453562399999996,6750.0,9,0,1,0,0.0
11115,0,0.270325142,62,0,0.091542836,5450.0,8,0,0,0,1.0
11116,0,0.213512045,39,0,0.189581042,10000.0,9,0,0,0,1.0
11117,0,0.9999998999999999,37,0,0.323707317,5124.0,4,0,1,0,3.0
11118,0,0.407338181,61,0,0.480096919,8666.0,13,0,1,0,0.0
11119,0,0.403155011,67,1,0.18845288699999999,4000.0,4,0,0,0,1.0
11120,0,0.9999998999999999,57,0,0.24739605,12000.0,7,0,1,0,1.0
11122,0,0.9999998999999999,76,0,0.0,,1,0,0,0,0.0
11123,0,0.133047625,61,0,0.014962412,13700.0,5,0,0,0,2.0
11124,0,0.038191752,77,0,0.020829862,6000.0,11,0,0,0,0.0
11125,0,0.288322876,63,0,0.208742025,10500.0,17,0,1,0,0.0
11126,0,0.9999998999999999,54,0,0.314210785,6100.0,5,0,2,0,0.0
11127,0,0.012365736,53,0,28.0,,7,0,0,0,0.0
11128,0,0.037783103,50,0,2.332666933,2500.0,12,0,2,0,2.0
11131,0,2612.0,32,0,4726.0,,10,0,3,0,0.0
11132,0,0.08849115099999999,30,0,1593.0,,5,0,2,0,0.0
11133,0,0.365649586,45,0,0.278418705,6500.0,7,0,1,0,3.0
11136,0,0.11172285400000001,54,0,0.519863194,3800.0,11,0,1,0,0.0
11137,0,0.013121012,69,0,389.0,,11,0,0,0,0.0
11139,0,0.071921923,46,1,0.018703682,8500.0,8,0,1,0,1.0
11140,0,0.229214682,57,3,0.49423898200000005,12410.0,26,0,2,0,1.0
11141,0,0.103057285,38,0,0.44119984100000004,5033.0,5,0,1,0,0.0
11142,0,0.0039282909999999996,77,0,1.0,,4,0,0,0,
11143,0,0.0619283,71,0,0.00839904,5833.0,2,0,0,0,0.0
11144,0,0.18192250199999999,35,0,0.258343467,7400.0,3,0,1,0,1.0
11146,0,0.019468165,34,0,0.12138522,2800.0,6,0,0,0,0.0
11147,0,0.043156564,46,0,0.03149775,4666.0,16,0,0,0,2.0
11148,0,0.7900104990000001,63,0,2197.0,,4,0,0,0,0.0
11150,0,0.605426305,44,0,0.208958208,5000.0,4,0,1,0,1.0
11151,0,0.21198997600000002,61,0,0.727893668,5416.0,5,0,2,0,0.0
11152,0,0.0,47,0,1561.0,,6,0,1,0,3.0
11153,0,0.9999998999999999,40,0,1.0,0.0,1,0,0,0,0.0
11155,0,0.014123644,43,0,0.296855117,5500.0,10,0,1,0,0.0
11158,0,0.147928014,90,0,0.20325324600000003,6700.0,19,0,1,0,0.0
11160,0,0.011627456000000001,52,0,701.0,,5,0,0,0,0.0
11161,1,0.9999998999999999,26,98,0.0,,0,98,0,98,
11162,0,0.026139122999999997,68,0,13.0,,6,0,0,0,
11163,0,0.368747472,65,1,0.28090874899999996,7966.0,5,0,1,0,0.0
11164,0,0.449883786,65,0,4098.0,,9,0,1,0,0.0
11165,0,0.056102998,59,0,0.009410658,8500.0,4,0,0,0,0.0
11166,0,0.0,74,0,0.0,,2,0,0,0,0.0
11167,0,0.059831304,77,0,0.652555301,2621.0,12,0,1,0,1.0
11168,0,0.274523138,44,0,0.353637197,12000.0,11,0,1,0,2.0
11171,0,0.12852275,56,1,1547.0,,22,0,1,0,2.0
11172,0,0.726665566,43,0,0.38145231799999996,8000.0,8,0,2,0,0.0
11174,0,0.010124578,44,0,0.26916846699999997,3703.0,6,0,1,0,0.0
11175,0,0.08839866699999999,38,0,0.281674047,7000.0,6,0,1,0,2.0
11176,0,0.19350132899999997,55,0,0.190113757,12218.0,9,0,2,0,1.0
11177,0,0.045067285,57,0,0.279553029,5100.0,16,0,1,0,1.0
11181,1,0.0,46,0,0.008660893000000001,1500.0,4,1,0,0,0.0
11184,0,0.623723819,35,0,0.534225504,6500.0,9,0,3,0,1.0
11187,0,0.027178492000000002,90,0,0.01047028,34000.0,3,0,0,0,0.0
11188,0,0.054465797,41,1,0.318210224,8000.0,9,0,2,0,3.0
11189,0,0.351443124,32,0,0.636363636,9250.0,5,0,2,0,1.0
11191,0,0.0030384229999999997,45,1,0.459592309,6916.0,15,0,4,0,0.0
11193,0,1.784053156,26,2,0.141130466,2812.0,2,0,0,0,1.0
11194,0,0.350947254,50,0,0.555887181,6700.0,11,0,1,0,1.0
11195,0,0.0,30,0,1.3295292440000002,1401.0,5,0,2,0,2.0
11196,0,0.329190599,54,1,0.401466341,4500.0,17,0,0,0,0.0
11198,0,0.0,40,0,0.0,8750.0,5,0,0,0,0.0
11199,0,0.10401319099999999,64,0,0.21350810899999997,4500.0,12,0,1,0,1.0
11202,0,0.005160957,45,0,1841.0,,4,0,2,0,0.0
11205,0,0.328326371,68,0,0.40971675799999996,5083.0,8,0,1,0,0.0
11206,0,0.7034478409999999,60,0,0.35454164899999996,7166.0,9,0,0,0,1.0
11207,0,0.240635911,52,0,1557.0,,5,0,1,0,0.0
11209,0,0.608087886,33,0,0.816240319,4260.0,20,0,2,0,1.0
11210,0,0.020684215,81,0,0.288888889,179.0,8,0,0,0,0.0
11211,0,0.050866800999999996,80,0,0.00999643,2800.0,9,0,0,0,0.0
11212,0,0.49928335700000004,72,0,0.35637430700000006,3066.0,10,0,1,0,0.0
11213,0,0.07041734599999999,51,0,0.182145948,6933.0,6,0,1,0,2.0
11214,0,0.108669142,78,0,1701.0,,12,0,1,0,0.0
11215,0,0.9999998999999999,29,0,0.0,9030.0,0,1,0,0,0.0
11216,0,0.215418091,43,0,0.094312455,4166.0,4,0,0,0,3.0
11218,0,0.325051493,54,2,0.34289200700000005,9833.0,21,0,1,0,5.0
11219,0,0.015206973,48,0,0.789862318,13000.0,10,0,3,0,0.0
11220,1,0.982003599,74,1,1.15739731,2750.0,12,0,1,0,0.0
11221,0,0.067058197,47,0,0.16600755,11125.0,12,0,1,0,3.0
11222,0,0.8246028940000001,53,1,0.303282786,6000.0,14,0,0,0,0.0
11223,0,0.144482594,36,0,0.49074615200000005,5132.0,9,0,2,0,1.0
11226,0,0.061407664,65,0,146.0,,11,0,0,0,0.0
11227,0,0.003282895,79,0,0.163627639,2083.0,3,0,0,0,1.0
11228,0,0.0,56,0,1385.0,,8,0,1,0,0.0
11231,0,0.97720926,32,0,0.39469148600000004,2900.0,6,0,0,0,2.0
11234,0,0.931825674,60,0,5979.0,,6,0,2,0,0.0
11235,0,0.06414567,58,0,44.0,,2,0,0,0,0.0
11236,0,0.46906825700000004,73,0,0.377242525,6019.0,8,0,2,0,0.0
11238,0,0.006865253000000001,70,0,0.298740252,3333.0,11,0,1,0,0.0
11239,0,0.06959536,66,0,0.318274907,8300.0,3,0,1,0,0.0
11242,0,0.215304348,33,0,0.22069630199999998,8300.0,8,0,1,0,1.0
11243,0,0.001833055,51,0,0.27797542,6183.0,8,0,1,0,1.0
11244,0,0.01529847,53,0,0.166219325,10431.0,5,0,1,0,0.0
11246,0,0.807027567,41,0,0.549468861,4800.0,7,0,2,0,2.0
11247,0,0.223172869,43,0,64.0,,2,0,0,0,0.0
11248,0,0.17280776899999997,27,0,0.253929671,6170.0,4,0,1,1,0.0
11249,0,0.00565689,69,0,0.0064585580000000005,928.0,4,0,0,0,0.0
11251,1,0.566167332,47,0,0.7423095129999999,4225.0,14,0,2,0,0.0
11252,0,0.166840021,60,0,2366.0,,10,0,1,0,0.0
11253,0,0.046789882000000005,57,0,0.246997598,4995.0,15,0,1,0,1.0
11256,0,0.377716861,52,0,1.992002,4000.0,11,0,3,0,0.0
11257,0,0.8977129070000001,44,0,0.555420071,8200.0,8,0,2,0,0.0
11258,0,0.727034953,47,0,2.0199882419999997,1700.0,10,0,2,0,3.0
11259,0,0.41091713,54,0,0.55024372,5333.0,13,0,2,0,1.0
11260,1,1.010786635,35,0,0.304461942,2666.0,4,0,0,0,2.0
11261,0,0.184486822,38,0,0.408898993,3078.0,4,0,1,0,0.0
11262,0,0.68573015,46,0,0.47435043299999996,1500.0,3,0,1,0,0.0
11267,0,0.155391054,68,0,226.0,,8,0,0,0,0.0
11268,0,0.551382574,55,0,0.41129384399999996,13741.0,18,0,3,0,0.0
11269,0,0.027525515,62,0,0.021760439,5100.0,14,0,0,0,0.0
11270,0,0.022733188999999997,56,0,905.0,,5,0,1,0,0.0
11271,0,0.147742613,47,0,1207.0,,2,0,1,0,0.0
11272,0,0.312585189,41,1,0.368441101,10500.0,11,0,2,0,0.0
11273,0,0.039125221,29,0,777.0,,7,0,0,0,0.0
11274,0,0.855983587,34,0,0.208168283,7320.0,10,0,0,0,0.0
11275,0,0.365453818,78,0,0.26820849199999997,2896.0,3,0,1,0,0.0
11276,0,0.026679944,36,0,0.35960673200000004,6000.0,9,0,2,0,2.0
11277,0,0.44100995600000004,52,0,0.281054588,5916.0,10,0,1,0,1.0
11278,0,0.000111099,27,0,0.121930804,3583.0,6,0,0,0,0.0
11281,1,1.087091291,41,3,0.93760312,6666.0,12,0,3,0,0.0
11283,0,0.356863109,46,0,2211.0,,17,0,1,0,1.0
11284,0,0.9999998999999999,39,0,0.347738015,1480.0,1,0,0,1,0.0
11287,0,0.038960636,43,0,387.0,,5,0,0,0,0.0
11288,0,0.7315707370000001,67,0,1.210263246,3000.0,6,0,1,0,0.0
11289,0,0.0,42,0,0.04521346,11500.0,3,0,1,0,1.0
11290,0,0.026624334,61,0,0.082660364,15230.0,5,0,1,0,1.0
11292,0,0.9995014959999999,47,5,0.56111444,3337.0,12,1,1,1,1.0
11293,0,0.0,38,0,0.47622531100000004,4100.0,6,0,2,0,3.0
11294,0,0.6826532270000001,57,1,0.656098258,3500.0,10,0,2,0,1.0
11295,0,0.0015896839999999998,77,0,0.00038091599999999997,10500.0,19,0,0,0,0.0
11297,0,0.098890111,76,0,0.0035119409999999998,9965.0,5,0,0,0,0.0
11298,0,0.101399835,60,0,0.229885057,2000.0,4,0,0,0,0.0
11299,0,0.6662782270000001,73,0,0.24051593300000002,2635.0,3,0,0,0,0.0
11301,0,0.352599627,38,0,0.514226945,5833.0,19,0,2,0,0.0
11303,0,0.003578493,51,0,0.047506871,7640.0,10,0,0,0,2.0
11307,0,0.281933111,54,0,0.271281722,6225.0,5,0,1,0,0.0
11308,0,0.72697777,59,2,0.414868106,7505.0,14,2,2,0,2.0
11309,0,0.832703346,59,2,0.360940276,7316.0,8,0,0,0,0.0
11310,0,0.0049043540000000005,58,0,20.0,,7,0,0,0,0.0
11311,0,0.0424845,38,0,0.899621212,3167.0,7,0,2,0,0.0
11312,0,0.01446097,57,0,0.13757233900000002,13650.0,20,0,1,0,1.0
11313,0,0.669107448,68,0,2535.0,,7,0,1,0,0.0
11314,0,0.44636908700000005,30,0,52.0,,8,0,0,0,0.0
11315,1,0.8418818790000001,44,4,0.388193467,13500.0,10,1,2,1,2.0
11316,0,0.9792680490000001,32,0,0.680741762,7980.0,10,0,1,0,0.0
11317,0,0.328263721,54,0,0.317280453,6000.0,12,0,0,0,1.0
11318,0,0.0,26,0,0.0,,5,0,0,0,0.0
11319,0,0.0,46,0,0.39254339,4666.0,7,0,1,0,3.0
11321,0,0.020795841000000002,24,0,0.001411433,2833.0,1,0,0,0,0.0
11322,0,0.136693636,63,0,0.887905605,4067.0,10,0,2,0,0.0
11323,0,0.464442952,55,0,0.137287571,3000.0,3,0,0,0,0.0
11324,1,0.213299431,58,0,0.7441674979999999,5014.0,16,0,2,0,0.0
11327,0,0.012082613999999998,50,0,0.431268749,5666.0,8,0,1,0,0.0
11328,0,0.0,64,0,0.030967921000000002,7200.0,2,0,0,0,0.0
11329,0,0.329451968,64,0,0.335514358,2750.0,8,0,0,0,0.0
11330,0,0.025422099,45,0,0.324438472,10417.0,10,0,2,0,1.0
11331,0,0.025350563,61,0,0.04854831,2100.0,19,0,0,0,0.0
11333,0,0.0,54,2,0.44709584399999996,7626.0,8,0,1,0,2.0
11335,0,0.008066129,75,0,0.00149925,2000.0,1,0,0,0,0.0
11336,0,0.38620161700000005,37,0,0.421929678,6000.0,15,0,1,0,2.0
11337,0,0.004236468,70,0,0.41467544700000003,5314.0,6,0,2,0,0.0
11338,0,1.036215548,53,3,6611.0,,13,0,3,1,0.0
11339,1,0.506188855,44,0,2591.0,,6,0,1,1,0.0
11340,0,0.9999998999999999,61,0,0.21304629100000003,17000.0,7,0,2,0,0.0
11341,0,0.0,42,0,0.328358209,6833.0,6,0,1,0,4.0
11343,0,0.035492387,81,0,0.20637641399999998,5833.0,5,0,1,0,0.0
11344,0,0.8598651909999999,66,0,1446.0,,16,0,0,0,0.0
11345,0,0.6846297240000001,57,0,0.350448391,5686.0,16,0,2,0,0.0
11346,0,0.975267491,56,3,0.480274221,7730.0,13,0,2,0,2.0
11348,0,0.015432818999999999,51,0,7793.0,,10,0,5,0,0.0
11349,0,0.184353622,28,0,1322.0,,4,0,0,0,0.0
11350,0,0.012303906000000002,22,0,1.0,,2,0,0,0,0.0
11351,0,0.25539007,51,0,0.483601874,8750.0,19,0,2,0,2.0
11352,0,0.958415585,50,3,0.464712491,9790.0,27,0,3,0,1.0
11353,0,0.083728278,63,0,2505.0,,15,0,2,0,1.0
11355,0,0.250608397,64,0,0.29812702399999996,7100.0,22,0,1,0,0.0
11356,0,0.41930281799999997,40,0,0.36205081899999997,6650.0,13,0,2,0,1.0
11357,1,1.01147308,38,2,0.551918234,6750.0,6,0,1,0,0.0
11358,0,0.12939630300000002,52,0,2061.0,,5,0,1,0,0.0
11361,0,0.9064602340000001,63,0,0.324470831,3873.0,11,0,1,0,0.0
11362,1,0.9999998999999999,27,98,0.0,,0,98,0,98,0.0
11364,1,0.8165936540000001,56,2,1.634355361,5250.0,17,0,1,0,0.0
11365,0,0.033721806,81,0,0.011070545,8490.0,11,0,0,0,0.0
11366,0,0.063014738,60,0,0.459231282,4500.0,20,0,3,0,1.0
11369,0,0.0,64,0,0.001199815,10834.0,3,0,0,0,1.0
11371,0,0.021428374,69,0,77.0,,7,0,0,0,1.0
11372,0,0.013124671999999999,74,0,0.317224048,5172.0,6,0,2,0,0.0
11374,0,0.098958454,67,0,0.18593939399999998,16499.0,8,0,2,0,1.0
11376,0,0.0799968,59,0,0.18224734,15039.0,6,0,1,0,2.0
11379,0,0.458525869,58,0,4362.0,,12,0,2,0,0.0
11380,0,0.0010187360000000001,52,0,0.267946578,9583.0,14,0,2,0,2.0
11381,0,0.38420578200000005,48,0,1663.0,0.0,15,0,2,0,0.0
11382,0,0.0010854319999999999,93,0,0.001028454,5833.0,18,0,0,0,1.0
11384,0,0.054549843,71,0,475.0,,3,0,1,0,0.0
11385,0,0.6429831779999999,31,0,0.11941151300000001,7000.0,6,0,0,0,0.0
11388,0,0.39627653799999996,59,2,0.30212896,9816.0,7,0,1,0,3.0
11390,0,0.012391542,82,0,0.116543665,3251.0,13,0,1,0,0.0
11392,0,0.506415276,60,1,0.32862421199999997,4600.0,10,0,2,0,0.0
11393,0,0.9401911609999999,61,0,5111.0,,12,0,2,0,0.0
11394,1,0.915080014,61,0,0.913833848,5500.0,11,1,0,0,0.0
11396,0,0.019778408,56,0,0.219864112,13098.0,20,0,3,0,2.0
11397,0,0.6497834060000001,27,0,0.106493506,3849.0,5,0,1,0,1.0
11398,0,0.062026055,72,0,0.036646307999999995,1800.0,5,0,0,0,0.0
11401,0,0.24030663300000002,57,0,0.439149811,2916.0,6,4,0,0,0.0
11402,0,0.06357457,35,0,0.18940088300000002,12000.0,11,0,2,0,4.0
11403,0,0.188636897,45,0,0.332234239,7581.0,14,0,2,0,2.0
11404,0,0.900016664,31,0,0.388383046,3184.0,5,0,1,0,4.0
11405,0,0.030994834,59,0,0.279240253,3000.0,5,0,0,0,1.0
11407,0,0.0025484789999999998,48,0,0.29067431899999996,3484.0,19,0,2,0,0.0
11408,0,0.406665493,39,2,0.46376579700000004,6250.0,11,0,1,0,2.0
11409,0,0.994728231,49,6,1050.0,,10,0,0,0,
11410,0,0.004902298,76,0,0.008796481,2500.0,19,0,0,0,0.0
11411,0,0.37729195,50,0,3383.0,,14,0,2,0,0.0
11413,0,0.037520236,44,0,0.220424915,8283.0,4,0,1,0,2.0
11414,0,0.315937407,30,0,0.398518925,7291.0,9,0,2,0,0.0
11416,1,0.618094135,35,0,0.775358813,6200.0,8,0,1,0,1.0
11419,0,0.546881009,56,0,0.459378134,2990.0,4,0,1,0,0.0
11420,0,0.128492243,31,1,0.19296,6249.0,8,0,0,0,0.0
11421,0,0.19056564399999998,50,2,0.23121524100000002,8450.0,11,0,2,0,1.0
11423,0,0.39058437700000004,47,0,292.0,,1,0,0,0,0.0
11425,0,0.056498430999999995,62,0,345.0,,6,0,0,0,0.0
11426,0,0.140617571,35,0,0.41919651,5500.0,11,0,2,0,0.0
11427,0,0.011536233,64,0,4272.0,,10,0,2,0,0.0
11429,0,0.078572482,61,0,0.477770687,4700.0,10,0,2,0,0.0
11430,0,0.049902412,64,0,0.18165249100000003,9875.0,8,0,2,0,1.0
11436,0,0.995500225,39,0,1.05935153,5458.0,9,0,2,0,0.0
11439,0,0.016899495,74,0,0.047213479,5400.0,16,0,0,0,0.0
11440,0,0.087636749,28,0,0.394862329,6500.0,5,0,2,0,0.0
11441,0,0.116641399,67,0,0.292227703,7500.0,7,0,2,0,0.0
11443,0,0.021301088,86,0,0.005962685,10397.0,9,0,0,0,0.0
11444,0,0.099298145,64,0,0.5128491620000001,10739.0,19,0,4,0,0.0
11445,0,0.021755567000000003,89,0,0.005623828000000001,4800.0,13,0,0,0,0.0
11446,0,0.07505690599999999,63,1,0.025444766,4833.0,10,0,0,0,1.0
11450,0,0.021136163,59,0,0.22197040399999998,7500.0,9,0,1,0,0.0
11451,0,0.015206443,33,3,0.282555283,17500.0,9,1,2,0,0.0
11452,0,0.006716555,64,0,0.154877548,7308.0,7,0,2,0,0.0
11453,0,0.344675962,64,0,3728.0,0.0,11,0,2,0,0.0
11454,0,0.030706567999999997,63,0,0.148272699,6541.0,3,0,1,0,0.0
11457,1,0.9999998999999999,60,2,521.0,,2,0,0,0,
11459,0,0.130220414,57,0,4497.0,,7,0,1,0,0.0
11460,0,0.127120275,62,0,0.076048805,5982.0,18,0,0,0,0.0
11461,0,0.00411102,60,0,0.0007058160000000001,7083.0,4,0,0,0,0.0
11463,0,0.011372219,75,0,0.008099595,6666.0,5,0,0,0,0.0
11464,0,0.9999998999999999,39,0,0.001817631,3300.0,1,0,0,0,3.0
11466,1,0.9865752640000001,47,1,3205.0,,9,5,1,3,0.0
11467,0,0.806519348,40,0,0.7364276829999999,2412.0,5,2,1,0,3.0
11468,0,0.895129596,30,1,0.331532018,3700.0,12,0,0,0,0.0
11469,0,0.670047136,59,0,0.188911023,3011.0,4,0,0,0,0.0
11470,0,0.299339064,66,0,6237.0,,11,0,2,0,1.0
11471,0,0.000688162,44,0,0.26845062399999997,10500.0,15,0,1,0,0.0
11475,0,0.40668983299999995,59,0,0.400782439,4600.0,11,0,0,0,0.0
11476,1,0.540378101,54,0,0.527795128,1600.0,9,0,0,0,1.0
11477,0,0.010092677,56,0,0.093145069,4390.0,14,0,0,0,0.0
11478,0,0.037569085,66,0,2202.0,,10,0,2,0,
11479,1,0.7123067470000001,60,2,0.738910595,4350.0,16,5,1,0,0.0
11480,0,0.0,68,0,45.0,,11,0,0,0,0.0
11482,0,0.070040433,46,0,0.438324934,8333.0,7,0,1,0,2.0
11483,0,0.247479015,62,0,2561.0,,8,0,1,0,2.0
11484,0,0.9999998999999999,29,0,0.0,2500.0,0,0,0,0,0.0
11486,1,0.603218624,47,2,0.45364057799999996,7333.0,11,1,2,4,0.0
11487,0,0.148462124,57,2,3465.0,,11,0,2,0,2.0
11491,0,0.045710095,68,0,0.005828397,10465.0,4,0,0,0,0.0
11492,0,0.128777416,31,0,0.027588964,2500.0,3,0,0,0,0.0
11493,0,0.022331845,38,1,1.006817562,3666.0,9,1,1,1,0.0
11496,0,0.019762645,55,0,0.502623907,5144.0,21,0,1,0,0.0
11497,0,0.017663723,35,0,0.00935333,6200.0,3,0,0,0,3.0
11498,0,0.050639599,34,1,0.267224028,6458.0,7,0,1,0,2.0
11499,0,0.266263493,79,0,0.355397601,2250.0,15,0,0,0,1.0
11500,0,0.0058441000000000005,65,0,0.002380386,4200.0,6,0,0,0,0.0
11501,0,0.9999998999999999,29,0,0.023809524,2099.0,1,2,0,1,0.0
11503,0,0.802754457,29,0,0.073369948,7100.0,6,0,0,0,1.0
11504,0,0.583147228,46,0,0.689862028,5000.0,7,0,2,0,2.0
11507,0,0.038497367000000005,72,0,0.190696891,11866.0,5,0,2,0,0.0
11509,0,0.465270254,43,0,0.283903676,7100.0,8,0,2,0,2.0
11511,0,0.22592296899999997,29,0,0.45184938399999997,3000.0,9,0,0,0,0.0
11512,0,0.620875825,60,1,1.366097705,5096.0,9,0,3,0,1.0
11513,0,0.096836298,68,0,0.198160368,5000.0,3,0,0,0,0.0
11514,0,0.055106619,47,0,1446.0,,6,0,1,0,0.0
11516,0,0.15679665,57,0,0.10897820400000001,5000.0,13,0,0,0,1.0
11518,0,0.032016161,60,0,0.163052309,16000.0,7,0,1,0,0.0
11521,0,0.019805441,89,0,30.0,,3,0,0,0,
11525,0,0.0,37,0,0.20399184,25000.0,10,0,1,0,2.0
11526,0,0.89837377,50,0,0.302631579,7599.0,13,0,1,0,1.0
11528,0,0.0,61,0,0.312114433,14750.0,10,0,3,0,0.0
11532,0,1.028394321,36,1,0.882121807,2035.0,7,0,1,0,0.0
11533,0,0.063913318,73,0,0.019135877,8308.0,11,0,0,0,0.0
11534,0,0.9999998999999999,31,0,1.28462792,1840.0,3,0,1,0,1.0
11535,0,0.09586570900000001,43,0,87.0,,4,0,0,0,0.0
11536,0,0.01477916,78,0,0.093669011,2700.0,10,0,0,0,0.0
11538,0,0.47509917700000004,68,0,0.204493235,11750.0,7,0,2,1,1.0
11539,0,0.370185979,49,0,0.42068348,6700.0,19,0,2,0,3.0
11541,0,0.34560772700000003,31,0,0.091989178,8500.0,11,0,0,0,0.0
11542,0,0.0,71,0,0.086277497,10500.0,12,0,1,0,0.0
11543,0,0.014370104,65,0,0.230283448,6808.0,7,0,1,0,1.0
11544,0,0.574985571,52,0,3.103431725,8333.0,9,0,2,0,2.0
11545,0,0.30301464899999997,37,1,0.20935043399999997,7250.0,7,0,1,0,2.0
11546,0,0.17541282,32,0,0.600096946,4125.0,14,0,2,0,0.0
11548,0,0.715663562,33,1,0.193508691,6500.0,9,0,0,0,0.0
11549,0,0.044391122000000005,50,0,0.432757151,12900.0,12,0,2,0,0.0
11552,1,0.9999998999999999,52,0,0.0,,1,0,0,0,2.0
11553,0,0.06701763200000001,54,0,0.271793473,11000.0,8,0,1,0,5.0
11557,0,0.572854291,54,0,0.626330418,14750.0,6,0,3,0,4.0
11558,0,0.895192949,44,3,0.25810443,4040.0,7,0,0,0,0.0
11559,0,0.12269813,42,0,0.078640453,3000.0,19,0,0,0,0.0
11560,1,0.601914012,56,0,0.05291601,4440.0,2,1,0,1,2.0
11561,0,0.056756135,54,0,0.319816514,5449.0,5,0,1,0,1.0
11562,0,0.18058995,40,1,0.27934723,14583.0,5,0,1,0,0.0
11565,0,0.284079777,41,1,0.380233356,7284.0,14,0,2,0,2.0
11567,0,0.009605653,65,0,0.271490507,6688.0,5,0,1,0,0.0
11568,0,0.49770465,50,1,0.550202884,11582.0,18,0,5,0,1.0
11569,1,0.9999998999999999,27,0,0.164275798,2160.0,1,0,0,1,0.0
11570,0,0.003082456,36,0,0.000409584,4882.0,7,0,0,0,1.0
11571,0,0.9999998999999999,39,0,0.14528703,1410.0,1,0,0,0,3.0
11572,0,0.09571992,70,0,3826.0,,13,0,2,0,0.0
11574,0,0.059836435,71,0,0.73742086,3000.0,24,0,2,1,0.0
11575,0,0.922799826,53,0,0.57064444,4918.0,7,0,1,0,0.0
11578,0,0.311430877,78,1,0.18792483,2500.0,13,0,0,0,0.0
11579,0,0.7786680340000001,56,0,0.410165705,5370.0,6,0,1,0,1.0
11581,0,0.309570186,83,1,0.662687396,3601.0,4,0,2,0,1.0
11584,1,0.9999998999999999,45,1,0.095800988,5667.0,3,3,0,1,2.0
11585,0,0.032592731,47,0,11.11442786,200.0,3,0,1,0,0.0
11586,0,0.003320772,65,0,0.174920598,8500.0,5,0,1,0,1.0
11587,0,0.107509088,39,0,0.244783516,7667.0,14,0,2,0,0.0
11589,0,0.149359845,39,0,0.585646001,14016.0,8,0,3,0,1.0
11590,1,0.33470331600000003,42,0,5152.0,,14,0,2,0,0.0
11592,0,0.49065717600000003,51,0,0.643726046,6000.0,11,0,2,0,2.0
11593,0,0.13135238400000002,39,0,0.13360987800000002,10365.0,11,0,1,0,0.0
11595,0,0.122289591,66,0,0.7495313090000001,8000.0,15,0,1,0,0.0
11596,0,0.008594153,69,0,1164.0,,9,0,2,0,0.0
11597,0,0.002956232,57,0,0.002771855,4689.0,12,0,0,0,0.0
11599,0,0.11878671699999999,43,0,0.26491169600000003,3000.0,5,0,0,0,1.0
11602,0,0.8229711590000001,30,0,0.438326669,3250.0,9,0,0,0,0.0
11603,0,0.17671719800000002,84,3,0.185168072,8656.0,14,0,1,0,0.0
11604,0,0.086183909,65,0,2481.0,,6,0,1,0,0.0
11605,0,0.9999998999999999,47,0,0.217111611,6217.0,6,0,2,0,0.0
11606,0,0.388322336,41,0,0.115768463,500.0,1,0,0,0,2.0
11609,0,0.7346495890000001,42,0,0.503165576,9318.0,8,0,2,0,1.0
11610,0,0.084430151,53,0,0.203075957,9557.0,6,0,2,0,0.0
11611,0,0.679754683,42,0,0.07479289900000001,4224.0,4,0,0,0,1.0
11614,0,0.640428696,33,0,0.488139699,9906.0,10,0,3,0,2.0
11615,0,0.040578751,48,0,0.039745032,8000.0,10,0,0,0,3.0
11616,0,0.82183187,43,1,0.8809844259999999,5200.0,11,0,2,0,0.0
11617,0,0.9999998999999999,26,0,0.0,1200.0,0,1,0,0,0.0
11618,0,0.28097297600000004,56,1,0.21810406300000001,2805.0,7,0,1,1,0.0
11619,0,0.397704381,70,1,3012.0,,12,0,1,0,0.0
11620,0,0.9999998999999999,61,0,0.5554299629999999,11500.0,3,0,2,0,0.0
11621,0,0.9999998999999999,32,1,0.167270094,2761.0,4,0,0,0,0.0
11622,0,0.942737684,29,0,0.212478185,4583.0,5,0,0,0,0.0
11624,0,0.16642463,55,0,0.24538143899999998,4600.0,5,0,1,0,1.0
11625,0,0.041856289,46,0,0.22711582,8400.0,5,0,1,0,0.0
11626,0,0.295434339,58,0,0.570589737,7833.0,20,0,3,0,2.0
11627,0,0.352297886,66,0,0.372533544,3800.0,11,0,0,0,0.0
11630,0,0.009308921999999999,69,0,0.0027496559999999996,8000.0,4,0,0,0,0.0
11631,0,0.0,38,1,0.075978292,3500.0,5,1,0,0,1.0
11634,0,0.179420028,52,0,111.0,,6,0,0,0,0.0
11635,0,0.85680716,58,0,0.279249164,11666.0,4,0,1,0,0.0
11637,0,0.046580107,34,0,0.35982566299999996,7800.0,10,0,1,0,3.0
11639,0,1.017964072,38,2,0.094263271,4200.0,7,2,0,0,6.0
11640,0,0.002407744,42,0,0.26362273,6000.0,7,0,1,0,2.0
11641,0,0.069330445,41,0,0.285457163,8333.0,8,0,1,0,0.0
11642,0,0.399467677,55,0,0.229617824,32000.0,16,0,3,0,1.0
11643,0,0.029230207,63,0,0.004965138,9465.0,12,0,0,0,0.0
11644,0,0.9887431790000001,65,0,0.30643256399999996,12700.0,8,0,2,0,3.0
11645,0,0.08238113,47,0,0.356664185,9400.0,11,0,1,0,5.0
11646,1,0.7840531559999999,34,0,0.077909828,5300.0,3,3,0,0,0.0
11647,0,0.018256504,87,0,13.0,,2,0,0,0,0.0
11648,0,0.035783422999999995,65,0,90.0,,5,0,0,0,0.0
11649,0,0.635436456,29,0,0.250610975,4500.0,3,0,1,0,2.0
11651,0,0.249045403,55,0,1.249583333,2399.0,11,0,2,0,0.0
11653,0,0.51006999,68,0,0.129832045,3750.0,4,0,0,0,0.0
11654,0,0.07703698,42,0,0.284839395,8000.0,6,0,1,0,2.0
11655,1,0.9999998999999999,53,1,0.12388837800000001,3260.0,1,0,0,0,0.0
11657,0,0.738104538,72,0,3235.0,,10,0,0,0,0.0
11658,0,0.14998889,54,0,64.0,0.0,1,0,0,0,3.0
11659,0,0.370348885,60,0,0.657638595,4725.0,6,0,2,0,0.0
11660,0,0.103405682,38,0,0.009473492,5488.0,1,0,0,0,0.0
11661,0,0.141323912,36,0,0.567266495,3500.0,5,0,2,0,2.0
11663,0,0.280819592,62,0,4603.0,,14,0,2,0,0.0
11665,0,0.9999998999999999,35,1,0.364468864,2183.0,7,0,0,0,1.0
11667,0,0.8796776390000001,43,0,0.191707772,7500.0,3,0,0,0,2.0
11668,0,0.046315895,69,0,0.282977954,8300.0,7,0,2,0,1.0
11669,0,0.003357132,75,0,4.0,,7,0,0,0,0.0
11671,1,0.937503125,43,4,0.437582563,12111.0,15,0,4,0,2.0
11673,0,0.0038602859999999997,80,0,2.0,,1,0,0,0,
11674,0,0.611937509,52,0,0.461005999,6500.0,10,0,2,0,0.0
11675,0,0.5534063339999999,48,2,0.237107202,6650.0,12,0,0,0,2.0
11676,0,0.181591476,29,0,0.193561288,5000.0,4,0,1,0,0.0
11677,0,0.410430839,54,1,0.469260065,3675.0,9,1,1,0,2.0
11678,0,0.293861203,30,0,0.400406129,5416.0,9,0,1,0,0.0
11679,0,0.7860356609999999,68,0,0.5105427570000001,5121.0,4,0,1,0,0.0
11680,0,0.014787177,76,0,32.0,,5,0,0,0,0.0
11682,0,0.278903699,65,0,717.0,,16,0,0,0,0.0
11683,0,0.010835993,69,0,0.558242269,4300.0,10,0,2,0,0.0
11685,1,0.9999998999999999,31,0,0.0,1600.0,0,2,0,0,0.0
11687,0,0.262763921,67,0,0.314768683,11239.0,12,0,2,0,0.0
11689,0,0.0,59,0,0.070315675,7380.0,2,0,0,0,1.0
11692,0,0.557912754,53,0,0.861942089,6250.0,16,0,2,0,1.0
11693,0,0.11946634800000001,59,0,0.766647532,6967.0,17,0,2,0,1.0
11696,0,0.347420344,54,0,0.28330141,11485.0,5,0,3,0,3.0
11697,0,0.135390859,36,0,0.284982189,16000.0,7,0,1,0,0.0
11698,0,0.003515045,72,0,1.3502062240000001,2666.0,9,0,1,0,0.0
11699,1,0.0,61,0,98.0,,8,1,0,0,0.0
11700,0,0.612333951,64,0,0.200021268,9403.0,9,0,0,0,0.0
11701,0,0.048937910999999994,61,0,0.00959808,5000.0,2,0,0,0,0.0
11702,0,0.0,50,0,3300.0,,7,0,1,0,3.0
11703,0,0.16524102400000001,46,0,0.271859349,19167.0,15,0,3,0,1.0
11704,0,0.0,57,0,0.208921513,3541.0,4,0,0,0,0.0
11707,0,0.513794482,40,3,0.248218973,8000.0,4,0,2,1,0.0
11708,0,0.0,53,0,2599.0,,7,0,1,0,0.0
11709,0,0.15932954,70,0,614.0,,3,0,1,0,0.0
11710,0,0.0,27,0,0.173275575,3000.0,3,0,0,0,0.0
11712,1,0.00749925,54,0,0.36809176200000004,958.0,5,0,0,0,1.0
11713,0,0.162547431,37,2,0.22591809300000001,5200.0,7,0,2,1,0.0
11715,0,0.34428348700000005,52,0,0.269653768,7364.0,3,0,1,0,0.0
11717,0,0.328657732,28,0,0.181722505,5700.0,4,0,0,0,0.0
11722,0,0.025947387000000002,79,0,0.185089974,3500.0,9,0,1,0,0.0
11723,1,1.009462759,30,2,0.570130264,3300.0,11,5,0,2,4.0
11724,0,0.075374991,60,0,2342.0,,8,0,1,0,0.0
11725,0,0.0,51,0,0.42809271200000004,3580.0,8,0,1,0,0.0
11727,0,0.217260913,66,0,0.622216534,3906.0,7,0,2,0,0.0
11728,0,0.9999998999999999,52,0,0.153163152,900.0,0,0,0,0,0.0
11729,0,0.7969298690000001,56,1,0.596903782,5102.0,7,0,2,0,2.0
11730,0,0.0,30,0,0.312928386,4230.0,9,0,1,0,0.0
11731,0,0.14687257,58,0,3823.0,,7,1,2,0,0.0
11732,0,0.652389576,48,2,0.55977609,2500.0,7,0,1,0,2.0
11733,0,0.014153906,30,0,0.570195366,2200.0,11,0,1,0,0.0
11736,0,0.179868903,51,0,583.0,,3,0,1,0,0.0
11737,0,0.004548532,44,0,0.302436635,8166.0,6,0,1,0,3.0
11738,0,0.7894722059999999,49,0,0.135645161,6199.0,6,0,0,0,2.0
11739,0,0.50526481,57,0,0.769473684,4749.0,12,0,1,0,0.0
11740,0,0.00128297,32,0,0.274788703,4850.0,14,0,0,1,0.0
11741,0,0.13632475300000002,68,0,0.258618106,13343.0,7,0,2,0,1.0
11744,0,0.179200533,37,0,0.223305955,7791.0,14,0,0,0,0.0
11745,0,0.02058247,68,0,0.267353781,8052.0,9,0,1,0,1.0
11747,0,0.0,80,0,9.0,,6,0,0,0,0.0
11748,0,0.09633119300000001,50,0,0.216250964,11666.0,4,0,2,0,2.0
11750,0,0.160987616,26,0,0.111901557,5200.0,5,0,0,0,2.0
11751,0,0.257685579,52,1,0.244116654,8880.0,7,1,1,2,3.0
11753,0,0.19536328,58,0,0.306902453,1752.0,6,0,1,0,0.0
11754,0,0.472378831,28,0,0.436875106,5900.0,14,0,2,0,0.0
11756,0,0.536677835,59,0,4004.0,,19,0,1,0,0.0
11758,0,0.026213762,72,1,0.17462786,4500.0,18,0,1,0,0.0
11759,0,0.42310903299999997,49,0,0.8256348729999999,5000.0,9,0,3,0,1.0
11762,1,0.0,61,0,3325.0,,10,0,2,0,0.0
11765,0,0.9481709859999999,62,0,0.106972789,5879.0,2,0,0,0,0.0
11766,0,0.45762149,71,1,0.39628610700000005,7269.0,8,0,2,0,0.0
11767,0,0.8975256770000001,27,1,0.24037981,2000.0,7,0,0,0,0.0
11768,0,0.9999998999999999,40,0,0.30009998600000004,7000.0,2,0,1,0,0.0
11769,0,0.04153889,76,0,0.312306853,5500.0,6,0,1,0,1.0
11770,0,0.46330488200000003,37,3,0.47608252100000004,4410.0,9,0,2,1,0.0
11771,0,0.179629436,56,3,0.9390407890000001,2230.0,13,0,3,0,1.0
11773,0,0.0,62,0,0.164394739,20833.0,9,0,1,0,3.0
11774,0,0.9999998999999999,41,0,0.072239891,2200.0,4,1,0,0,1.0
11775,0,0.38574659200000005,62,0,0.606185842,7500.0,16,0,1,0,3.0
11777,0,0.10565619,49,0,0.36912865899999997,5875.0,17,0,2,0,0.0
11778,0,0.033328692,71,0,0.0475,8399.0,8,0,1,0,0.0
11779,0,0.017381463,79,0,0.106984716,7000.0,13,0,2,0,0.0
11780,0,0.29022839100000003,53,0,1393.0,,6,0,1,0,
11781,0,0.02742001,79,0,0.44775769,4258.0,10,0,1,0,0.0
11782,0,0.080539542,53,0,0.201777531,7200.0,12,0,0,0,3.0
11784,0,0.406537091,54,0,0.287207358,4783.0,9,0,2,0,0.0
11785,0,0.191244688,56,0,0.255290785,6000.0,10,0,1,0,0.0
11786,0,0.05824315,89,0,0.011669658999999999,6683.0,5,0,0,0,0.0
11787,0,0.574758962,49,0,0.44191437100000003,7333.0,5,0,2,0,1.0
11788,0,0.11572014800000001,80,0,0.124843945,800.0,4,0,0,0,0.0
11789,0,0.111391689,54,0,0.278531638,7000.0,11,0,1,0,2.0
11790,0,0.014564427,43,0,0.30698659100000003,4250.0,13,0,2,0,0.0
11791,0,0.967903183,67,0,1472.0,,12,0,0,0,0.0
11792,0,0.0,56,0,2333.0,,8,0,2,0,0.0
11794,0,0.9999998999999999,51,0,716.0,,4,0,0,0,0.0
11795,0,0.018683022,37,0,0.166630395,13784.0,5,0,1,0,0.0
11796,0,0.062179309,74,0,1.1590429279999999,1420.0,10,0,2,0,1.0
11798,0,0.335924121,36,0,0.40789973399999996,5265.0,6,0,1,0,0.0
11799,0,0.19877396600000002,35,0,0.225824882,7000.0,4,0,1,0,1.0
11800,1,0.629852906,43,4,0.5539650079999999,4400.0,15,3,0,0,2.0
11802,0,0.202104091,73,0,0.341987466,5584.0,12,0,1,0,1.0
11803,0,0.9753641040000001,52,0,0.208324832,4900.0,5,0,0,0,1.0
11804,0,0.01412982,54,0,0.328315819,3520.0,5,0,1,0,0.0
11807,0,0.09030306099999999,45,0,0.077486163,5600.0,5,0,0,0,0.0
11808,0,0.010141355999999999,38,1,0.104342393,3200.0,6,0,0,0,1.0
11809,0,0.016512777,62,0,0.044585987,7535.0,7,0,1,0,0.0
11810,0,0.9705557229999999,56,0,1.736318408,2411.0,8,0,3,0,1.0
11811,0,0.040740579,58,1,0.015110305,3308.0,4,0,1,0,0.0
11813,0,0.039849125,41,0,0.302261008,10083.0,10,0,1,0,2.0
11816,0,0.964054492,58,0,0.666364871,4417.0,10,0,2,0,0.0
11817,0,0.412220608,35,0,0.053089382000000004,3333.0,3,0,0,0,1.0
11818,0,0.01122498,78,0,0.0023747029999999997,8000.0,4,0,0,0,1.0
11821,0,0.026430486,75,0,0.248881873,3800.0,6,0,1,0,1.0
11822,0,0.703843544,55,1,0.913128995,6100.0,14,1,3,0,0.0
11823,0,0.9999998999999999,24,1,0.057484032000000004,3600.0,1,1,0,0,4.0
11824,0,0.555610418,50,0,1.4809634809999999,3860.0,11,0,4,0,2.0
11826,0,0.9221767809999999,42,0,0.233553289,5000.0,8,0,0,0,0.0
11827,0,0.0,85,0,0.0,7161.0,3,0,0,0,0.0
11828,0,0.002705349,60,0,0.25482074,7000.0,15,0,1,0,0.0
11830,0,0.018174546,64,0,0.016786571,1250.0,6,0,0,0,0.0
11831,0,0.094209512,76,0,0.626124625,3000.0,26,0,1,0,0.0
11832,0,0.154912954,48,0,0.427707199,4958.0,5,0,1,0,1.0
11833,0,0.8638950390000001,57,0,0.30951406,14651.0,9,0,2,0,0.0
11835,0,0.0,23,0,0.30816078,820.0,4,0,0,0,0.0
11838,0,0.076547605,52,0,0.10920094699999999,11400.0,11,0,1,0,3.0
11840,0,0.181981802,68,0,54.0,,9,0,0,0,0.0
11843,0,0.09444612599999999,66,0,0.216727195,18723.0,8,0,3,0,0.0
11844,0,0.349041755,26,0,0.159730034,8000.0,6,0,1,0,0.0
11846,0,0.860928426,28,0,0.456341789,3744.0,16,0,0,0,0.0
11848,0,0.044582265999999995,42,0,0.179631365,3200.0,5,0,0,0,0.0
11849,0,0.991667735,47,2,0.35825968700000005,1470.0,6,0,0,0,0.0
11852,0,0.014157038,55,0,0.077175698,7916.0,12,0,1,0,0.0
11856,0,1.0354464890000001,28,1,0.213571645,3300.0,3,0,0,0,0.0
11860,0,0.223762047,77,0,0.829872327,6500.0,27,0,3,0,1.0
11861,0,0.0054883480000000005,78,0,676.0,,7,0,1,0,0.0
11862,0,0.015397391000000002,78,0,13.0,,5,0,0,0,
11863,0,0.001210987,71,1,1.0,,4,0,0,0,
11864,0,0.7231307090000001,64,1,0.11839581099999999,44308.0,16,0,2,0,0.0
11865,0,0.125682651,67,0,2.884154461,750.0,8,0,3,0,0.0
11867,0,0.147980269,35,0,0.425672695,6800.0,6,0,1,0,2.0
11868,0,0.255825739,59,0,0.414878016,7500.0,16,0,2,0,0.0
11869,0,0.0013870520000000002,79,0,0.21976339600000003,7184.0,5,0,1,0,0.0
11870,0,0.9609048440000001,54,0,735.0,,5,1,0,0,0.0
11871,0,0.21696879600000002,44,0,0.420703723,1960.0,12,0,1,0,1.0
11872,1,0.9408410009999999,60,0,0.602279544,5000.0,17,0,1,0,1.0
11873,0,0.38013272299999995,60,0,4269.0,,18,0,2,0,0.0
11874,0,0.17139968,62,0,1110.0,,5,0,1,0,3.0
11875,0,0.146403967,74,0,0.757874941,2126.0,10,0,2,0,1.0
11876,0,0.37015241,49,0,0.242303727,6788.0,8,0,2,0,1.0
11877,0,0.472402032,37,0,0.553201015,6700.0,11,0,1,0,0.0
11878,0,0.21303376100000002,46,0,0.043855088,5768.0,9,0,0,0,1.0
11879,0,0.219794505,67,0,0.22125182,5495.0,6,0,2,0,0.0
11880,0,0.012122356,36,1,0.932840687,4600.0,10,0,1,0,1.0
11881,0,0.040791854,50,0,0.014282313999999999,4200.0,5,0,0,0,0.0
11882,0,0.007646713,48,0,0.323455909,2800.0,4,0,1,0,1.0
11883,0,0.48881972100000004,46,0,0.514777657,7375.0,12,0,2,0,1.0
11884,0,0.27503020699999997,37,0,0.647936787,3416.0,6,0,1,0,2.0
11885,0,0.045149298,69,0,0.017592963,2500.0,4,0,0,0,0.0
11886,0,0.0,44,1,575.0,,2,0,0,0,
11888,0,0.495104259,57,1,3079.0,,14,1,2,0,1.0
11889,0,0.034424262000000004,64,0,0.64616847,13675.0,16,0,5,0,0.0
11893,0,0.41634083899999996,49,0,0.535391924,4209.0,8,0,0,2,3.0
11894,0,0.9609454209999999,68,0,0.147730022,12400.0,7,0,0,0,0.0
11895,0,0.0,59,0,0.114118118,7500.0,5,0,2,0,0.0
11896,0,0.021737272000000002,43,0,0.114788004,2900.0,8,0,0,0,1.0
11897,0,0.9999998999999999,32,0,837.0,0.0,3,0,0,0,0.0
11898,0,0.38910726100000004,71,0,995.0,,15,0,0,0,0.0
11899,0,0.052368817000000005,42,0,0.184317974,12000.0,13,0,1,0,1.0
11900,0,0.0,30,0,0.388577257,1960.0,5,0,0,0,1.0
11901,0,0.193901858,57,0,0.482731959,7759.0,13,0,4,0,0.0
11903,0,0.179985485,30,0,0.45181852299999997,2666.0,7,0,1,0,0.0
11904,0,0.108454569,50,0,0.28416877,2772.0,8,0,1,0,3.0
11905,0,0.049092712000000004,55,0,0.324469674,3346.0,2,0,1,0,0.0
11906,0,0.233196669,47,0,0.571706799,5647.0,17,0,2,1,3.0
11907,0,0.0,50,0,0.5244965,7000.0,9,0,3,0,2.0
11908,0,0.09286339199999999,47,0,0.355528894,5000.0,7,0,1,0,3.0
11909,0,0.0,67,0,0.199627445,6441.0,6,0,2,0,1.0
11910,0,0.595161995,72,0,0.543422499,5457.0,7,0,2,0,0.0
11911,0,0.050673365,72,1,0.2697538,11250.0,27,0,5,0,0.0
11914,0,0.217539123,49,0,1.3980028530000002,700.0,4,0,1,0,2.0
11915,0,0.9727358070000001,68,1,0.919791026,3253.0,11,0,1,0,0.0
11916,0,0.9999998999999999,59,0,0.642366174,4800.0,7,0,2,0,3.0
11917,0,0.586686174,28,0,0.27229108399999996,2500.0,13,0,0,1,0.0
11922,0,0.52505486,35,0,0.5353775829999999,10500.0,14,0,2,0,1.0
11923,0,0.0,32,0,0.148141976,6000.0,11,0,0,0,0.0
11924,0,0.9999998999999999,67,0,0.298170494,10275.0,6,0,1,0,0.0
11925,0,0.293230733,49,0,0.167462201,37500.0,10,0,2,0,1.0
11926,0,0.077120875,73,0,0.077188146,1450.0,11,0,0,0,0.0
11927,0,0.003449914,66,0,0.007984032,500.0,3,0,0,0,0.0
11929,0,0.051698966,75,0,0.02166065,3600.0,10,0,0,0,0.0
11932,0,0.010730541000000001,40,0,0.159668666,3500.0,5,0,0,0,3.0
11934,0,0.327018472,37,0,0.40251949600000003,5000.0,9,0,1,0,0.0
11935,0,0.15812764,61,0,0.01688325,9772.0,3,0,0,0,0.0
11937,0,0.254266506,53,3,0.581944865,3300.0,6,0,1,1,0.0
11938,0,0.208259447,63,0,0.17877095,3400.0,10,0,1,0,0.0
11939,0,0.7884523840000001,54,3,0.418879056,3050.0,3,1,0,0,0.0
11941,0,0.468908555,56,0,0.12998116699999998,60000.0,22,0,2,0,3.0
11942,0,0.11149949099999999,50,1,0.35789276299999995,5333.0,7,0,2,0,0.0
11944,0,0.10467639699999999,52,0,4292.0,,11,0,3,0,
11945,0,0.053032097,66,0,2098.0,,10,0,1,0,0.0
11946,0,0.058760190999999996,26,0,0.319736053,1666.0,4,0,0,0,0.0
11947,0,0.777088916,43,0,0.438330991,9250.0,3,0,1,0,0.0
11948,0,0.056958861,64,0,0.16676043699999998,8886.0,9,0,1,0,0.0
11949,0,0.056019692,53,0,0.41184838100000004,11950.0,13,0,1,0,2.0
11950,0,0.216789161,55,0,0.7045738570000001,4000.0,4,0,2,0,0.0
11951,0,0.997818578,41,0,0.192136085,3585.0,2,0,0,0,3.0
11954,0,0.01418632,51,0,0.139965009,4000.0,5,0,1,0,3.0
11955,0,0.004244063,68,0,0.000566332,7062.0,2,0,0,0,0.0
11956,0,0.244340257,59,0,0.355413333,9374.0,10,0,2,0,0.0
11957,0,0.9999998999999999,41,0,0.076363636,6324.0,2,1,0,0,1.0
11959,0,0.6258613479999999,65,0,0.75671172,5400.0,19,0,1,0,0.0
11961,0,0.783155206,41,5,0.34520996200000004,5500.0,14,1,2,0,2.0
11962,0,0.7811630890000001,48,1,0.189613005,6950.0,10,0,0,0,2.0
11963,0,0.20698054,31,1,670.0,,9,0,0,0,0.0
11965,0,0.8675707770000001,46,0,0.21840423899999997,12833.0,12,0,2,0,0.0
11967,0,0.077687952,36,0,0.162876955,6200.0,7,0,2,0,3.0
11968,0,0.0,72,0,0.169412437,10500.0,8,0,1,0,0.0
11970,0,0.006112485,72,0,0.499568594,2317.0,8,0,1,0,0.0
11971,0,0.819264518,60,0,0.587899194,9800.0,10,0,2,0,0.0
11972,0,0.360022694,42,1,0.533737951,2800.0,5,0,2,1,0.0
11973,0,0.334505895,36,0,0.471097129,2542.0,5,0,1,0,1.0
11974,0,0.24255744699999998,45,0,0.22195556800000002,14583.0,12,0,1,0,0.0
11978,0,0.187924913,49,0,0.279573476,3000.0,12,0,0,0,1.0
11979,0,0.074185163,52,0,590.0,,9,0,1,0,0.0
11980,0,0.9999998999999999,32,0,0.088194444,2879.0,4,0,0,0,0.0
11982,0,0.9999998999999999,49,1,0.37493250100000003,16666.0,13,0,2,0,1.0
11983,0,0.7284572109999999,30,0,0.513165204,9000.0,10,0,2,0,0.0
11984,0,0.17792740199999998,45,0,0.226340774,9900.0,9,0,2,0,0.0
11985,1,1.020368966,53,2,0.681663667,5000.0,9,8,2,4,4.0
11986,0,0.0,66,0,289.0,,3,0,1,0,
11988,0,0.03388465,66,0,0.028911105,3700.0,16,0,0,0,0.0
11989,0,1.028657114,48,0,1049.0,,14,0,0,0,0.0
11990,0,0.0,70,0,3831.0,,6,0,1,0,0.0
11992,0,0.082730576,74,0,2440.0,,3,0,1,0,0.0
11994,0,0.941693772,41,0,0.28130989100000003,12000.0,7,0,1,0,1.0
11995,0,0.614740142,39,0,0.244306832,5005.0,4,0,0,0,3.0
11998,0,0.773242414,49,1,0.39073855,5916.0,5,0,1,0,3.0
12000,0,0.04076509,48,0,5308.0,,12,0,4,0,1.0
12001,0,0.15298957800000001,47,1,2085.0,,10,0,0,0,2.0
12002,0,0.10374068,63,0,0.308538292,5000.0,5,0,1,0,0.0
12003,0,0.9999998999999999,56,0,0.636489974,5036.0,6,0,3,0,1.0
12004,0,0.178182985,46,0,0.294943218,9333.0,7,0,2,0,2.0
12005,0,0.71710656,37,2,0.301075269,5300.0,7,0,0,0,2.0
12007,0,0.000919872,79,0,0.0007917660000000001,2525.0,8,0,0,0,0.0
12008,0,0.638274131,53,0,3616.0,,14,0,1,0,0.0
12009,0,0.02922424,35,0,0.38115422200000004,3066.0,8,0,2,0,4.0
12010,0,0.819185605,57,3,0.438430605,9200.0,13,0,1,0,3.0
12011,1,0.9999998999999999,36,0,0.0,,0,2,0,0,0.0
12013,0,0.112422304,34,0,0.46559905100000004,5057.0,5,0,1,0,0.0
12014,0,0.9842569940000001,44,0,0.224089636,4640.0,9,0,0,0,2.0
12019,0,0.020697996,79,0,48.0,,10,0,0,0,0.0
12021,0,0.9999998999999999,28,98,0.0,2171.0,0,98,0,98,0.0
12022,0,0.009635488000000001,87,0,3.0,,3,0,0,0,
12023,0,0.0,63,0,0.27944426899999997,9500.0,10,0,2,0,0.0
12024,0,0.078093281,55,0,3887.0,,7,0,1,0,0.0
12025,0,0.9999998999999999,26,0,0.020989505,2000.0,0,1,0,0,0.0
12026,0,0.024298785,90,0,14.0,,1,0,0,0,0.0
12027,0,0.01749825,61,0,0.000819807,6098.0,1,0,0,0,0.0
12028,0,0.0,77,0,0.0,8974.0,6,0,0,0,0.0
12029,0,0.954298772,71,0,0.024485798,4083.0,1,0,0,0,0.0
12030,0,0.9686875420000001,44,0,0.051299134,1500.0,3,0,0,0,0.0
12032,0,0.018890235,47,0,0.210863131,12500.0,16,0,1,0,2.0
12033,0,0.465633175,60,1,3320.0,,11,0,1,0,0.0
12034,0,0.9999998999999999,61,0,0.0,,0,0,0,0,0.0
12036,0,0.478420807,69,0,0.110091743,2506.0,3,0,0,0,0.0
12037,0,0.28757124300000003,58,0,0.299071768,4416.0,3,0,1,0,3.0
12038,0,0.00819821,54,0,0.123113208,8479.0,7,0,1,0,0.0
12041,0,0.9999998999999999,60,5,0.952392288,4200.0,6,1,2,2,0.0
12044,0,0.080026872,70,0,0.105877125,9000.0,4,0,1,0,0.0
12045,0,0.074958636,51,0,749.0,,9,0,0,0,0.0
12046,0,0.0,36,0,0.34026555799999997,6250.0,5,0,1,0,0.0
12047,0,0.29644492899999997,38,0,0.574387051,4200.0,11,1,1,0,1.0
12048,0,0.047300632,53,0,0.19820614600000003,6800.0,23,0,1,0,1.0
12049,0,0.012974026000000001,62,0,0.20087674100000003,3877.0,7,0,1,0,1.0
12050,0,0.242005048,77,0,0.074515648,3354.0,4,0,0,0,0.0
12054,0,0.277714819,44,0,0.069865914,2833.0,9,0,0,0,0.0
12055,0,0.0,74,0,0.40234375,511.0,7,0,0,0,0.0
12056,0,0.082091045,55,1,0.232550279,11833.0,7,0,2,0,1.0
12058,0,0.718053365,42,0,0.349109609,10500.0,10,0,1,0,4.0
12059,0,0.107444715,66,0,0.6130090189999999,3658.0,7,0,2,0,0.0
12060,0,0.014525551000000001,30,0,0.47832914600000004,3183.0,6,0,1,0,0.0
12061,0,0.46354462399999996,58,0,0.48368087,6617.0,18,0,2,0,0.0
12062,0,0.948303372,38,2,0.391202932,3000.0,6,0,0,0,0.0
12063,0,0.437451097,47,0,4790.0,,14,0,2,0,2.0
12064,0,0.267435584,71,0,0.364663534,10000.0,11,0,5,0,0.0
12065,0,0.231091066,47,0,518.0,,8,0,0,0,0.0
12066,0,0.051566174000000006,86,0,56.0,,5,0,0,0,0.0
12067,0,0.781137305,47,0,0.45108404700000004,14943.0,15,0,3,0,0.0
12068,0,0.040686402,56,0,0.50624459,8086.0,14,0,4,0,0.0
12069,1,0.41631673700000005,28,1,541.0,,9,0,0,2,0.0
12070,0,0.110279437,64,0,0.18618546800000002,8367.0,10,0,1,0,0.0
12071,1,1.088904445,40,1,0.38931733799999996,3500.0,5,1,0,2,4.0
12072,0,0.42609801799999997,43,2,0.367077561,9166.0,6,0,1,0,3.0
12073,0,0.001999765,55,0,0.8608868959999999,10034.0,9,0,3,0,2.0
12074,1,0.9999998999999999,31,0,0.0,,0,0,0,0,0.0
12075,0,0.367493664,41,0,0.496429225,5460.0,7,0,1,0,0.0
12076,0,0.0,69,0,0.35523240700000003,3850.0,11,0,2,0,0.0
12078,0,0.207036215,43,2,0.599680064,5000.0,7,0,2,0,0.0
12080,0,0.005550513000000001,59,0,0.136094465,28200.0,5,0,2,0,1.0
12082,0,0.009128018,33,0,0.162619737,8977.0,8,0,1,0,2.0
12083,0,0.0067269669999999995,56,1,946.0,,3,0,1,0,0.0
12084,0,0.272164368,52,0,0.19585051899999997,8000.0,8,0,0,0,2.0
12086,0,0.93740313,36,0,0.415866333,7600.0,7,0,1,0,0.0
12087,0,0.684758147,60,0,0.09384966900000001,42013.0,17,0,1,0,0.0
12088,0,0.059998182000000004,67,0,1426.0,,11,0,3,0,
12089,0,0.941485094,60,5,0.34813723399999996,4750.0,14,1,0,1,0.0
12092,0,0.03099938,61,0,531.0,,10,0,0,0,0.0
12094,0,0.0,57,0,0.140953016,3000.0,5,0,0,0,3.0
12095,0,0.236022194,46,0,0.276037004,3350.0,8,0,0,0,2.0
12097,0,0.0,51,0,1126.0,,7,0,1,0,0.0
12098,0,0.123388829,46,0,0.335375191,11100.0,4,0,2,0,0.0
12099,0,0.9999998999999999,45,0,579.0,,1,2,0,0,0.0
12100,0,0.055635339000000006,60,0,1406.0,,7,0,1,0,0.0
12102,0,0.0,71,0,0.02733073,10500.0,17,0,0,0,0.0
12103,0,0.0,83,0,0.0,,3,0,0,0,0.0
12104,0,0.9392760990000001,51,0,0.159994981,7968.0,12,0,0,0,2.0
12105,0,0.327458517,33,0,0.670396497,4110.0,6,0,1,0,3.0
12107,0,0.040614965,61,0,0.396603397,1000.0,11,0,1,0,0.0
12109,0,1.28374608,50,0,7922.0,,17,0,1,0,5.0
12110,0,0.61961706,44,0,0.457798986,10058.0,11,0,3,0,2.0
12111,1,0.9999998999999999,29,0,0.219772143,2720.0,3,0,0,1,2.0
12114,0,0.11751634300000001,60,0,0.460350759,11916.0,6,0,2,0,3.0
12115,0,0.013237675,61,0,11.0,,4,0,0,0,0.0
12116,0,0.76169003,44,2,0.38864454200000004,2500.0,4,0,0,0,1.0
12117,0,0.214200277,46,0,0.38242361799999997,2912.0,17,0,1,0,0.0
12118,1,0.984060721,45,0,0.35354407200000004,9268.0,7,0,1,0,2.0
12119,0,0.077994968,41,0,0.347275454,6000.0,4,0,2,0,0.0
12123,1,1.010309278,46,5,2370.0,,6,0,1,0,0.0
12124,0,0.037134673,54,0,0.6278248120000001,15000.0,24,0,6,0,1.0
12125,0,0.48837639,63,1,0.549494501,9000.0,18,0,2,0,0.0
12127,0,0.017079964,29,0,0.187475332,7600.0,7,0,1,0,0.0
12128,0,0.036688074,40,0,372.0,,3,0,1,0,0.0
12129,0,0.014057034,57,0,0.31298674,4750.0,16,0,1,0,1.0
12132,0,0.038297166,58,0,0.093116252,3500.0,7,0,0,0,0.0
12134,1,0.646423923,43,1,0.943647949,5021.0,17,0,1,0,0.0
12138,0,0.23525952100000003,48,0,1359.0,,7,0,1,0,0.0
12139,0,0.0,83,1,504.0,,5,0,0,1,0.0
12141,0,0.9999998999999999,21,0,0.10945945900000001,1479.0,1,0,0,0,0.0
12142,0,0.069797445,69,0,0.11600928099999999,4740.0,2,0,0,0,1.0
12144,0,0.780183181,29,3,0.369202226,3233.0,12,1,0,0,2.0
12146,1,0.968507873,56,0,0.40910286799999995,3800.0,5,0,1,0,0.0
12148,0,0.9999998999999999,46,1,0.38882717,6300.0,5,0,2,0,0.0
12150,0,0.05960996599999999,46,0,0.19197482300000002,5083.0,7,0,1,0,0.0
12151,0,0.11340264800000001,47,0,0.280068277,7615.0,7,0,2,0,2.0
12153,0,0.394052045,23,0,0.082980012,1650.0,9,0,0,0,0.0
12154,0,0.8986805790000001,40,3,0.351571874,8333.0,13,0,1,0,2.0
12159,0,0.29496445600000004,33,0,0.459635091,4000.0,6,0,0,0,1.0
12160,0,0.45766947799999996,26,1,0.028647567999999998,1500.0,3,0,0,0,0.0
12161,0,0.688784761,39,1,1.189361441,8158.0,6,0,1,0,2.0
12162,0,0.026790942,67,0,0.11392213300000001,6600.0,8,0,1,0,0.0
12164,0,0.055252899,71,0,0.10077240900000001,5566.0,5,0,1,0,0.0
12165,0,0.690312282,32,1,0.250647482,3474.0,7,0,0,0,3.0
12166,0,0.01469853,67,0,0.64028777,1667.0,8,0,1,0,0.0
12168,0,0.007992611,68,0,0.154584542,10000.0,8,0,1,0,0.0
12169,0,0.0,39,0,0.34679474600000004,5100.0,11,0,1,0,1.0
12170,0,0.200490849,84,0,230.0,,2,0,0,0,0.0
12171,0,0.8200723879999999,59,0,2250.0,,7,0,1,0,
12172,0,0.18996200800000002,26,0,0.99760096,2500.0,6,0,2,0,0.0
12174,0,0.177927618,40,1,0.146505376,2975.0,4,0,0,0,0.0
12175,0,0.5616984279999999,32,0,0.648250098,5085.0,12,0,2,0,3.0
12176,1,1.007713184,43,0,0.235135135,3699.0,6,0,1,0,0.0
12177,0,0.5847415260000001,35,0,0.02363586,10830.0,4,0,0,0,0.0
12178,0,0.535892821,33,0,0.785134291,1600.0,4,0,1,0,2.0
12182,0,0.001215236,90,0,1.0,,9,0,0,0,0.0
12185,1,0.9767365929999999,32,3,0.932092382,2900.0,12,3,1,0,0.0
12188,0,0.047947603,42,0,0.00559888,5000.0,5,0,0,0,0.0
12190,0,0.9999998999999999,36,0,0.478476002,4041.0,3,0,1,0,2.0
12191,0,0.558683507,42,1,0.556581133,10833.0,6,0,2,0,1.0
12193,0,0.430349706,45,0,1735.0,,15,0,0,0,0.0
12195,0,0.961507184,76,0,0.28731069,6800.0,6,0,1,0,0.0
12196,0,0.41168647700000005,72,1,0.23121739100000002,11499.0,14,0,1,0,0.0
12199,0,0.096714106,54,0,0.538597794,17500.0,8,0,4,0,1.0
12200,0,0.9999998999999999,69,0,410.0,,3,0,1,0,0.0
12201,0,0.012082211,61,0,0.229893053,11500.0,12,0,1,0,1.0
12202,0,0.049665484,44,0,0.21905526600000003,7472.0,10,0,1,0,3.0
12204,0,0.002783274,87,2,0.0024288689999999997,2881.0,15,0,0,0,0.0
12205,0,0.097442279,57,0,0.29621199800000003,6150.0,9,0,2,0,2.0
12206,0,0.070991126,25,0,537.0,,7,0,0,0,0.0
12207,0,0.16777411399999997,45,0,0.32059345300000003,6200.0,15,0,1,1,3.0
12208,0,0.0,42,0,0.006532461999999999,7500.0,5,1,0,0,0.0
12210,1,0.9999998999999999,50,0,17.0,,0,2,0,0,
12211,0,0.00239905,63,1,0.256857169,10900.0,19,0,2,0,3.0
12213,0,0.0,51,0,0.723338485,1940.0,7,0,0,0,0.0
12214,0,0.066895981,48,0,3258.0,,8,0,1,0,0.0
12216,0,0.849140459,49,0,0.452035887,7244.0,9,0,1,0,1.0
12218,0,0.025923959,59,0,0.071414747,15500.0,13,0,1,0,1.0
12220,0,0.0,44,0,0.042978445,7654.0,4,0,0,0,0.0
12221,0,0.026164409,63,0,0.10996072800000001,2800.0,4,0,0,0,1.0
12222,0,0.0,67,0,0.321593533,1731.0,4,0,1,0,0.0
12224,0,0.9999998999999999,58,0,1208.0,,3,0,1,0,0.0
12225,0,0.012594503,68,0,0.39115221200000005,4000.0,20,0,2,0,1.0
12226,0,0.384295994,60,0,1674.0,,18,0,1,0,0.0
12227,0,0.009511867,79,0,0.274765223,3300.0,17,0,1,0,0.0
12228,0,0.0,66,0,0.170689901,7000.0,5,0,2,0,2.0
12229,0,0.0020542439999999998,49,0,5.0,,9,0,0,0,0.0
12230,0,0.7912847940000001,50,0,0.286269826,36000.0,16,0,2,0,1.0
12231,0,0.179190877,69,0,0.75209916,2500.0,10,0,1,0,2.0
12232,0,0.065557378,57,0,0.17851916899999998,10250.0,8,0,1,0,0.0
12233,0,0.065696709,63,0,0.404865045,3000.0,11,0,2,0,0.0
12234,0,0.052649117,22,0,0.0048721070000000005,820.0,3,0,0,0,0.0
12236,0,0.577699516,29,0,1056.0,,6,0,0,0,
12237,0,0.062061844000000005,59,0,0.249158249,4157.0,7,0,1,0,0.0
12242,0,0.21423862899999999,23,0,139.5,1.0,5,0,0,0,0.0
12244,0,0.28711977,61,0,0.188471423,8170.0,4,0,1,0,0.0
12245,0,0.301222786,52,0,0.5577282020000001,11250.0,13,0,3,0,1.0
12246,0,0.085007905,61,0,0.43739065200000005,4000.0,10,0,1,0,1.0
12247,0,0.385438625,36,0,0.44225721799999995,6095.0,8,0,1,0,1.0
12249,0,0.034283265,63,0,107.0,,4,0,0,0,0.0
12250,0,0.09735724800000001,55,0,0.182090895,20000.0,9,0,1,0,2.0
12251,0,0.539846015,50,2,0.543845032,4800.0,11,0,3,0,0.0
12252,0,0.034435547999999996,63,0,0.25243961,6250.0,11,0,1,0,1.0
12253,0,0.063869623,63,0,1249.0,,5,0,1,0,0.0
12255,0,0.257138669,56,0,0.371855218,12321.0,17,0,2,0,0.0
12256,0,0.22784426600000002,39,0,1.303696304,1000.0,5,0,1,0,0.0
12257,0,0.059342781,40,0,0.016309562,3126.0,4,0,0,0,0.0
12258,0,0.458813149,41,0,0.599970001,6666.0,8,0,1,0,3.0
12259,0,0.178037206,71,0,0.054851919000000006,10500.0,12,0,0,0,0.0
12261,0,0.805415122,38,1,2057.0,,10,0,0,1,0.0
12262,0,0.034032209,75,0,0.216809146,19417.0,15,0,1,0,2.0
12265,0,0.9999998999999999,64,0,0.729660144,3883.0,2,0,2,0,0.0
12266,0,0.056897155,58,1,0.216692023,4600.0,12,0,1,0,0.0
12267,0,0.8665410809999999,53,0,0.844847549,2590.0,12,1,1,0,0.0
12268,1,0.8154504440000001,26,1,913.0,,2,3,0,0,
12269,0,0.246737663,80,0,0.145752221,10016.0,8,0,1,0,0.0
12270,0,0.9999998999999999,23,0,0.084043849,820.0,1,1,0,2,0.0
12271,0,0.036695082999999996,68,1,0.089419606,3600.0,10,0,0,0,0.0
12272,1,0.025857734,59,0,0.605872388,7083.0,19,0,1,0,0.0
12276,0,1.003499417,58,0,0.41374175700000004,4700.0,8,0,2,0,1.0
12277,0,0.020135727,74,0,0.684293857,3157.0,15,0,2,0,0.0
12278,0,0.0061680319999999995,66,0,1698.0,,10,0,3,0,0.0
12280,0,0.05606598,46,0,0.15848679300000001,12000.0,6,0,2,0,1.0
12281,0,0.106517481,57,0,0.301094384,18000.0,21,0,2,0,1.0
12283,0,0.016688414,56,0,1443.0,,15,0,0,0,1.0
12284,0,0.055929605,66,0,16.0,1.0,9,0,0,0,0.0
12285,0,0.061660417,46,0,0.22484832,11042.0,12,0,3,0,0.0
12286,0,0.012595053,82,0,0.057783390999999996,9500.0,8,0,1,0,0.0
12287,0,0.019108743,59,0,2665.0,,8,0,1,0,0.0
12288,0,0.025030467999999997,84,0,0.005519558000000001,4166.0,5,0,0,0,0.0
12289,0,0.209376488,47,0,0.579904934,6100.0,9,0,1,0,2.0
12290,0,0.233091966,25,0,0.15316760199999999,2493.0,8,0,0,0,0.0
12291,0,0.022681554,52,0,0.0017804610000000001,12917.0,2,0,0,0,1.0
12294,0,0.507800293,64,0,0.5141246079999999,36000.0,22,0,6,0,0.0
12297,0,0.9999998999999999,63,0,0.465475873,3750.0,3,0,2,0,0.0
12298,0,0.749345681,66,0,0.432517758,3800.0,7,0,2,0,0.0
12299,0,0.06846279200000001,47,1,0.432761206,6000.0,8,0,1,0,3.0
12300,0,0.539798875,31,1,0.58888538,3166.0,7,0,2,0,1.0
12303,0,0.996089604,37,0,0.243160317,7821.0,6,0,1,0,0.0
12304,0,0.331754552,58,0,0.360152345,4200.0,4,0,1,0,0.0
12305,0,0.037226764,57,0,1328.0,,4,0,1,0,0.0
12306,0,0.814312241,59,0,0.18063837300000002,2850.0,3,0,0,0,0.0
12307,0,0.006888583,45,0,0.42561294899999996,4200.0,5,0,1,0,1.0
12308,0,0.005517836,62,1,1647.0,,5,0,1,0,
12309,0,0.927395785,28,0,0.111377724,5000.0,8,0,0,0,0.0
12310,0,0.9999998999999999,34,1,0.5436507939999999,2519.0,2,0,1,1,1.0
12311,1,0.9570047770000001,34,0,0.645544307,8000.0,11,0,1,0,2.0
12312,1,0.990351482,24,0,0.048206937000000005,1700.0,6,0,0,0,0.0
12313,0,1.025987006,29,1,0.164917541,2000.0,5,0,0,1,0.0
12314,0,0.675984493,41,1,0.32025914899999997,5710.0,7,2,1,2,0.0
12315,0,0.0,31,0,0.422636966,4982.0,6,0,2,0,0.0
12316,0,0.177136177,60,0,1960.0,0.0,6,0,1,0,2.0
12318,0,0.21015862600000002,50,0,1.562718641,2000.0,17,0,1,0,0.0
12319,0,0.037563846,53,0,52.0,,5,0,0,0,0.0
12320,0,0.121089549,70,0,0.569265924,3500.0,12,0,1,0,0.0
12321,0,0.525768048,45,0,0.497071847,7000.0,8,0,1,0,1.0
12322,0,0.107381973,60,0,0.40402760200000004,7100.0,7,0,2,0,0.0
12323,0,0.024498775,71,0,0.150758154,9166.0,5,0,1,0,0.0
12326,0,0.009792878,87,0,0.31022326699999997,5105.0,11,0,1,0,0.0
12327,0,0.012895991,32,1,331.0,,6,0,0,0,0.0
12328,0,0.400574928,32,0,0.305551112,6250.0,3,0,1,0,3.0
12329,0,0.9301667779999999,43,1,0.622534065,4916.0,7,0,1,0,0.0
12330,0,0.00319921,43,0,0.37074486,8900.0,9,0,1,0,2.0
12332,0,0.49201254299999997,30,0,0.331167208,4000.0,7,0,0,0,0.0
12335,0,0.050895700999999995,48,1,0.539373031,6666.0,20,0,1,0,2.0
12336,0,0.9999998999999999,60,0,0.168443188,13790.0,5,0,2,0,2.0
12337,0,0.019336746000000002,75,0,1405.0,,19,0,1,0,0.0
12338,0,0.018765654,63,0,0.327066701,3882.0,9,0,1,0,1.0
12339,0,0.479158188,59,0,0.547064705,7000.0,11,0,1,0,0.0
12340,0,0.08112735900000001,42,0,607.0,,8,0,1,0,0.0
12342,0,0.012902427,53,0,2478.0,,20,0,4,0,0.0
12343,0,0.074187303,54,0,0.07327534299999999,41500.0,13,0,0,0,1.0
12344,1,0.9999998999999999,34,0,0.0,,0,4,0,0,0.0
12345,0,0.303194535,72,0,0.256789188,15833.0,15,0,3,0,2.0
12346,0,0.08577296699999999,56,0,0.018238541,8333.0,4,0,0,0,0.0
12348,0,0.174716449,56,0,0.461361236,10416.0,16,0,4,0,0.0
12349,1,0.0,86,0,21.0,,4,0,0,0,0.0
12350,0,0.077688626,77,0,0.122075585,3333.0,4,0,0,0,0.0
12352,0,0.003796988,30,0,0.26089185,1950.0,9,0,1,0,0.0
12353,0,0.02695535,58,1,1002.0,,8,0,3,0,0.0
12354,0,0.086106028,56,0,0.239054353,14000.0,5,1,1,0,0.0
12355,0,0.04292695,74,0,1373.0,,8,0,3,0,0.0
12357,0,0.708552719,40,2,0.167320939,13500.0,13,0,0,1,0.0
12359,0,0.0,65,0,0.0,2971.0,2,0,0,0,0.0
12360,0,0.22298284699999998,30,0,0.358648481,3225.0,6,0,0,0,0.0
12361,0,0.11265832199999999,53,0,2650.0,,6,0,3,0,0.0
12362,0,0.0,71,0,0.22514421399999998,5893.0,11,0,1,0,1.0
12363,0,0.243417632,57,0,0.249435347,7083.0,7,0,1,0,1.0
12364,0,0.04808528,58,1,130.0,,7,0,0,0,2.0
12365,0,0.010653436,64,0,0.050692861,5700.0,5,0,0,0,1.0
12367,0,0.525560116,63,0,2476.0,,13,0,2,0,3.0
12368,1,0.566200722,44,0,0.790549451,4549.0,7,0,3,0,1.0
12369,1,0.9999998999999999,25,98,0.0,640.0,0,98,0,98,0.0
12371,0,0.005705649,66,0,1442.0,,16,0,1,0,0.0
12372,0,0.156986918,88,0,0.009669073,7342.0,9,0,0,0,0.0
12373,0,0.025827957000000002,56,0,1207.0,,6,0,1,0,
12374,0,0.0,58,0,1305.0,,4,0,1,0,0.0
12376,0,0.28134373100000004,33,0,0.025927042999999997,3316.0,4,0,0,2,0.0
12377,0,0.0,72,0,0.38307628200000005,4797.0,7,0,2,0,0.0
12378,0,0.069496525,62,0,3286.0,0.0,5,0,1,0,0.0
12379,0,0.008499764,41,0,2718.0,,6,0,1,0,2.0
12380,0,0.0016920470000000001,48,0,0.588156124,5943.0,6,0,1,0,1.0
12381,0,0.052975423,35,0,480.0,,4,0,0,0,
12383,0,0.7939498009999999,35,0,0.23937809899999998,7460.0,7,0,1,0,1.0
12384,0,0.002017508,68,0,0.079992382,10500.0,10,0,1,0,0.0
12385,0,0.045689173,46,0,0.017497084,6000.0,8,0,0,0,3.0
12386,0,0.0,42,0,0.192241035,7500.0,12,0,2,0,1.0
12388,0,0.128437015,49,0,0.195637085,10084.0,6,0,1,0,1.0
12389,0,0.43196485700000004,61,0,0.31730547,21628.0,22,0,0,0,2.0
12391,0,0.033587234,41,1,0.085364329,8000.0,14,1,0,1,0.0
12392,0,0.09081008300000001,66,0,3132.0,,14,0,2,0,0.0
12394,0,0.10388961099999999,25,0,0.775312067,720.0,6,0,0,0,0.0
12395,0,0.092490751,70,0,0.44900550100000003,4725.0,10,0,1,0,0.0
12396,0,0.42919045,55,0,5786.0,,15,0,3,0,4.0
12397,0,0.189209442,63,0,0.444828213,5500.0,14,0,1,0,0.0
12398,0,0.9999998999999999,38,0,0.857469294,3500.0,10,0,2,0,0.0
12399,0,0.025471882,64,0,575.0,,9,0,0,0,0.0
12400,0,0.117567496,72,0,0.640495868,4355.0,18,0,1,0,1.0
12402,0,0.0011109569999999999,39,0,0.001999429,3500.0,4,0,0,1,1.0
12403,1,2.1106705740000002,48,5,0.158285714,6999.0,5,0,0,1,3.0
12404,0,0.039189421,62,0,0.23448465699999999,7266.0,11,0,2,0,0.0
12405,0,0.662819499,41,0,1.165135206,3808.0,12,0,2,0,2.0
12406,0,0.0045888840000000005,61,0,0.311718865,6800.0,9,0,1,0,1.0
12407,0,0.014585728000000001,61,0,0.486431227,5379.0,18,0,2,0,0.0
12408,0,0.001900373,50,0,0.000279877,3572.0,10,0,0,0,0.0
12409,0,0.051416055,72,0,127.0,,6,0,0,0,0.0
12410,1,0.9999998999999999,27,0,0.0,2400.0,0,0,0,0,1.0
12413,0,0.896808255,57,0,0.012212288,50440.0,5,0,0,0,1.0
12414,0,0.823627288,23,0,0.169269207,1600.0,4,0,0,0,0.0
12415,0,0.010144633,59,0,0.00210482,4750.0,6,0,0,0,0.0
12416,0,0.33970458,66,0,0.440942605,13833.0,9,0,2,0,0.0
12418,0,0.500135123,38,1,0.356301321,2800.0,6,0,0,0,0.0
12420,0,0.9999998999999999,42,0,0.0,,1,3,0,0,0.0
12421,0,0.143534301,45,0,0.26095090600000004,15500.0,7,0,1,0,1.0
12422,0,0.054147293,54,0,0.750832517,5104.0,2,0,1,0,1.0
12423,0,0.9999998999999999,28,0,0.076032623,3800.0,1,0,0,0,0.0
12424,0,0.08668856900000001,63,1,3881.0,,12,0,1,0,0.0
12425,0,0.019998824,56,0,0.142408227,7000.0,5,0,1,0,1.0
12428,0,0.069932028,46,0,0.018262586,10129.0,9,0,0,0,3.0
12430,0,0.00231106,74,0,0.312749889,2250.0,9,0,1,0,0.0
12431,0,0.17537375,42,0,0.18079276800000002,25000.0,4,0,1,0,3.0
12435,0,0.035265883,72,0,0.451516161,3000.0,9,0,0,0,0.0
12436,0,0.0151379,74,0,455.0,,10,0,0,0,0.0
12438,0,0.07167356400000001,35,0,0.18844888,9418.0,10,0,1,0,0.0
12441,0,0.0,51,0,14.0,,10,0,0,0,0.0
12442,0,0.086880895,44,0,0.449055094,10000.0,12,0,2,0,2.0
12444,0,0.931122378,46,0,0.43794815200000003,9064.0,9,0,2,0,0.0
12445,0,0.124054375,54,0,0.13183830900000001,7000.0,9,0,0,0,1.0
12446,0,0.283830827,40,0,0.18345413600000002,4000.0,5,0,0,0,0.0
12447,0,0.009359250999999999,28,0,0.011995202,2500.0,4,0,0,0,0.0
12449,0,0.035703734,50,1,0.283599328,9523.0,9,0,1,0,0.0
12450,0,0.7604764009999999,59,1,1079.0,,3,1,1,0,
12452,0,0.76744186,24,0,0.063764141,5833.0,2,0,0,0,0.0
12454,0,0.022744541,79,0,29.0,,3,0,0,0,0.0
12455,0,0.0017828770000000002,62,0,0.197465681,10416.0,5,0,1,0,0.0
12456,0,0.138913913,42,0,0.391638545,5333.0,7,0,1,0,2.0
12457,0,0.5723045179999999,36,0,0.38845234,5853.0,8,0,2,1,1.0
12459,0,0.078069481,46,0,0.37166160200000004,6252.0,7,0,1,0,6.0
12460,0,0.011158951,37,0,0.004442799,2700.0,13,0,0,0,0.0
12462,0,0.995361995,60,0,0.267421935,10503.0,7,0,0,0,1.0
12463,0,0.09849855099999999,91,0,0.609688854,2538.0,11,0,2,0,0.0
12464,0,0.066687178,42,0,0.318460192,8000.0,4,0,1,0,2.0
12466,0,0.049462442999999995,55,0,0.075707076,10500.0,12,0,1,0,0.0
12467,0,0.464516129,39,1,0.421195127,5170.0,17,0,1,0,2.0
12468,0,0.5843294720000001,47,0,0.39350333299999996,9450.0,12,0,2,0,3.0
12469,0,0.32495457699999997,47,6,0.38954612200000005,12932.0,25,0,2,0,2.0
12470,0,0.9999998999999999,33,0,0.367055772,2312.0,6,0,1,0,3.0
12471,0,0.043017722,62,0,0.18644607100000002,22000.0,10,0,1,0,0.0
12472,0,0.38349191,47,0,1321.0,,9,0,1,0,1.0
12473,0,0.042751109,39,0,0.37172825299999995,10391.0,25,0,3,0,3.0
12474,0,0.021544561,44,0,0.006853583000000001,3209.0,4,0,0,0,0.0
12475,0,0.02579914,57,0,23.0,,3,0,0,0,0.0
12478,0,0.32979859100000003,29,0,3343.0,,9,0,3,0,0.0
12479,0,0.953484219,59,0,0.343627389,7900.0,6,0,1,0,1.0
12480,0,0.20277924600000002,70,0,0.476210504,19020.0,18,0,2,0,0.0
12483,0,0.186809275,55,0,0.464274133,9250.0,14,0,2,0,4.0
12484,0,0.21341400300000002,45,0,0.333333333,6500.0,10,0,1,0,2.0
12486,0,0.168475657,55,0,0.21137757899999998,3585.0,4,0,1,0,2.0
12488,0,1.541528239,50,1,430.0,,2,0,0,0,3.0
12490,0,0.0,67,1,0.0,,2,0,0,0,
12491,0,0.73593014,32,0,0.28290732,5750.0,6,0,0,0,0.0
12493,0,0.072006846,64,0,0.203142358,6300.0,16,0,2,0,0.0
12494,0,0.0032805029999999997,73,0,136.0,,7,0,0,0,0.0
12495,0,0.161218342,45,0,2492.0,,7,0,2,0,0.0
12497,0,0.090864761,82,0,0.564496929,21000.0,22,0,8,0,1.0
12498,0,0.0,75,0,3396.0,,11,0,4,0,0.0
12499,0,0.470355433,53,0,0.419834903,8600.0,12,0,2,0,0.0
12500,0,0.352236879,56,1,0.411627,7688.0,13,0,3,0,1.0
12502,0,0.209186065,39,0,0.398435236,3450.0,3,0,1,0,1.0
12505,0,0.025761608,44,0,0.143352401,5768.0,5,0,1,0,0.0
12506,0,0.10792895400000001,46,0,0.662348634,3550.0,7,0,2,0,2.0
12508,0,0.0,43,0,3688.0,,7,0,1,0,0.0
12509,0,0.437460549,45,0,0.356742258,4100.0,9,1,1,0,3.0
12510,0,0.002232937,43,0,0.010434292,3545.0,5,0,0,0,0.0
12511,0,0.17501803300000002,52,1,0.457991156,9497.0,12,0,2,0,0.0
12512,0,0.060100466,37,0,0.273372287,9583.0,12,0,2,0,2.0
12513,0,0.615424317,54,0,0.6200282970000001,6360.0,12,0,2,0,3.0
12515,0,0.037974051,61,0,2642.0,,6,0,2,0,0.0
12516,0,0.89592098,33,0,0.35703848,4105.0,11,0,0,0,1.0
12518,0,0.026740674,48,0,0.39548653799999994,8950.0,12,0,3,0,0.0
12519,0,0.146217076,51,0,0.139408043,13750.0,9,0,1,0,3.0
12520,0,0.114093636,59,0,0.153614174,10610.0,7,0,1,0,1.0
12521,0,0.0076118769999999995,52,0,0.513497301,5000.0,7,0,2,0,0.0
12522,0,0.14270255099999998,78,0,0.679404802,2956.0,6,0,1,0,0.0
12523,0,0.530889029,33,2,0.348663879,5500.0,17,1,3,0,1.0
12524,0,0.979042492,58,4,0.272606383,6767.0,12,1,1,4,0.0
12525,0,0.004249788,46,0,3.544850498,300.0,4,0,1,0,0.0
12527,0,0.013469681,68,0,4611.0,,8,0,1,0,
12528,0,0.9453697529999999,36,0,461.0,,11,0,0,0,5.0
12529,0,0.291880967,37,0,0.082702471,7000.0,4,0,0,0,0.0
12530,0,0.117152831,48,0,0.32490444,3400.0,13,0,1,0,2.0
12532,0,0.044432102,30,0,1.4719101119999998,1334.0,5,0,2,0,0.0
12534,0,0.536038507,69,0,0.760886341,9070.0,20,0,2,0,1.0
12535,0,0.17175092100000003,44,0,2588.0,,12,0,2,0,0.0
12536,0,0.9999998999999999,53,0,0.09428172900000001,3584.0,2,0,0,0,0.0
12537,1,0.9767441859999999,63,1,209.0,,2,0,0,1,
12539,0,0.695906082,72,0,0.5695717379999999,6000.0,12,0,1,0,0.0
12541,0,0.105555778,67,0,0.091455274,5991.0,6,0,1,0,0.0
12542,0,0.046693415999999995,55,0,0.176809283,11288.0,3,0,1,0,1.0
12543,0,0.00287452,71,0,0.183152521,4700.0,20,0,1,0,0.0
12544,0,0.061997362,32,0,0.288971458,5920.0,12,0,1,0,0.0
12545,0,0.6461166079999999,73,0,0.537803422,5025.0,17,0,1,0,1.0
12547,0,0.20775169,44,0,0.365490115,9660.0,6,0,2,0,2.0
12548,0,0.26710560899999997,61,0,0.347584541,12419.0,9,0,1,0,1.0
12549,0,0.531551456,54,0,1989.0,,8,0,2,0,0.0
12551,0,0.023921962999999997,46,0,0.01557508,7511.0,8,0,0,0,0.0
12552,0,0.852678943,40,1,0.504520796,4423.0,6,0,1,0,1.0
12554,0,0.308732096,58,2,0.102946044,12083.0,11,0,0,1,1.0
12555,0,0.334148232,32,0,0.15452727800000002,3500.0,8,0,0,0,0.0
12556,0,0.013004508,56,0,0.7017163809999999,6000.0,7,0,3,0,1.0
12557,0,0.059216312,79,0,0.009632861,5501.0,4,0,0,0,1.0
12559,0,0.7745487609999999,56,1,2756.0,,7,0,1,0,0.0
12560,0,0.01939806,39,0,0.234747024,2687.0,2,0,0,0,3.0
12562,0,0.24946001399999998,46,1,0.36996488299999997,4840.0,10,0,1,0,2.0
12563,0,0.500350606,70,0,0.64455924,6000.0,14,0,2,0,0.0
12564,0,0.144825606,48,0,0.302471347,5583.0,4,0,1,0,2.0
12566,0,0.030921676000000002,73,0,0.312856238,6315.0,10,0,1,0,1.0
12567,0,0.0,68,0,0.39164355100000003,5767.0,4,0,1,0,0.0
12570,0,0.160119826,55,0,0.411145181,7500.0,10,0,2,0,1.0
12572,0,0.142719081,61,0,0.333408097,8916.0,17,0,2,0,0.0
12573,0,0.599293772,33,0,0.330303375,8800.0,11,0,2,0,0.0
12574,0,0.8175912040000001,23,0,0.25567089600000004,2600.0,4,0,0,0,0.0
12575,0,0.9999998999999999,25,0,0.07549121,2900.0,2,0,0,0,0.0
12576,0,0.326863038,33,0,0.442275649,4200.0,5,0,2,0,2.0
12577,1,0.047002588,59,0,0.452591235,6000.0,23,0,3,0,0.0
12580,0,0.295006203,64,0,0.389002037,5400.0,9,0,1,0,0.0
12581,0,0.017407523,68,0,0.170501181,8040.0,17,0,1,0,0.0
12582,0,0.04219789,46,0,0.23853735199999998,7000.0,3,0,1,0,2.0
12583,0,0.0,44,0,0.0,,5,0,0,0,0.0
12584,0,0.14278739699999998,53,0,1.3837461969999998,2300.0,14,0,2,0,3.0
12586,0,0.060721752999999996,44,0,0.06398836599999999,5500.0,2,0,0,0,0.0
12588,0,0.077961411,73,1,0.474305139,5000.0,8,0,1,0,0.0
12590,0,0.923726768,59,0,0.506369916,6514.0,10,0,3,0,1.0
12591,0,0.40487442700000004,74,0,0.615502922,3250.0,14,0,1,0,0.0
12594,0,0.20722288600000002,74,0,0.686578355,4000.0,23,0,2,0,1.0
12595,0,0.582014756,39,0,0.034705557000000005,10833.0,9,0,0,0,3.0
12596,0,0.149312526,51,0,0.37506819399999997,3665.0,14,0,1,0,3.0
12597,0,0.00321003,49,0,0.001190193,4200.0,7,0,0,0,2.0
12598,1,0.45045974899999996,43,0,0.578342166,10000.0,13,0,2,0,1.0
12599,0,0.147672993,53,0,0.282060954,13255.0,13,0,2,0,0.0
12600,0,0.004961185,59,0,0.131991051,9833.0,9,0,1,0,1.0
12601,0,0.161017553,47,0,0.348347794,5416.0,9,0,2,0,0.0
12602,0,0.008624641,44,0,0.49720044799999996,6250.0,13,1,2,0,0.0
12604,0,0.043086992000000005,38,0,0.003327787,4206.0,1,0,0,0,0.0
12607,0,0.929023151,51,3,5392.0,,15,0,3,2,1.0
12608,0,0.05107547,70,0,0.061187762,1666.0,11,0,0,0,0.0
12610,0,0.056779052,80,0,0.18372093,7739.0,15,0,1,0,0.0
12611,0,0.9999998999999999,58,0,0.235611933,4256.0,2,0,2,0,1.0
12612,0,0.75017223,62,0,0.56006651,7216.0,16,0,2,0,2.0
12613,0,0.7857181609999999,84,0,0.745751416,3000.0,12,0,0,0,0.0
12614,0,0.475211785,59,0,0.75223294,5597.0,11,0,2,0,0.0
12615,0,0.024125537000000002,65,0,0.37904614299999995,11615.0,10,0,3,0,1.0
12616,0,0.02783056,44,0,0.267994709,12850.0,15,0,4,0,2.0
12617,0,0.231772432,66,0,0.09702922900000001,8347.0,8,0,0,0,1.0
12618,0,0.42236835,36,1,0.250724038,2416.0,3,0,0,0,0.0
12619,0,0.016858323999999997,68,0,0.032644902999999996,3001.0,20,0,0,0,1.0
12621,0,0.017871865,63,0,3050.5,1.0,9,0,2,0,2.0
12622,0,0.041260269,50,0,4012.0,,4,0,2,0,0.0
12623,0,0.112072613,69,0,0.067395907,2833.0,3,0,1,0,0.0
12624,0,0.001994617,61,0,0.321371262,6854.0,11,0,1,0,4.0
12625,0,0.0,39,0,2.0,1.0,8,0,0,1,0.0
12627,0,0.34350019200000004,35,0,0.182279649,4333.0,7,0,1,0,0.0
12628,0,0.840230145,42,0,1420.0,0.0,7,0,0,0,4.0
12630,0,0.0,45,0,0.15339233,20000.0,12,0,2,0,4.0
12631,0,0.050967445,55,0,0.153132063,12387.0,15,0,3,0,3.0
12633,0,0.031376927,49,0,0.352416867,11667.0,11,0,3,0,2.0
12636,0,0.45796241299999996,25,0,246.0,,4,0,0,0,0.0
12638,0,0.003980948,76,0,0.001147842,4355.0,11,0,0,0,1.0
12639,0,0.404259411,47,0,0.45049725399999996,6736.0,6,0,2,0,2.0
12640,0,0.053542215,49,1,0.443259457,6000.0,21,0,1,0,1.0
12641,0,0.983594772,61,0,0.87577773,4660.0,13,0,2,0,0.0
12643,0,0.036221216,70,0,0.018990505,2000.0,5,0,0,0,0.0
12644,0,0.016204713,47,1,0.435075218,2525.0,8,0,1,0,0.0
12647,0,0.115188735,46,0,0.29269003,10300.0,20,0,2,0,2.0
12649,0,0.188938408,65,1,0.35239523799999994,10666.0,21,0,3,0,0.0
12650,0,0.098254336,33,0,0.137086291,10000.0,5,0,1,0,1.0
12653,0,0.0009320210000000001,71,0,0.223990154,22750.0,11,0,1,0,0.0
12654,0,0.008891111,86,0,11.0,,2,0,0,0,
12655,0,0.024405487000000003,76,0,136.0,,4,0,0,0,
12656,0,0.10119494,36,0,0.20474407,2402.0,4,0,0,0,0.0
12657,0,0.03422504,58,0,0.001809351,10500.0,4,0,0,0,0.0
12658,0,0.691766653,47,0,0.41952682399999996,3000.0,4,0,1,0,2.0
12659,0,0.002266516,50,0,0.11246123699999999,15800.0,6,0,2,0,0.0
12660,0,0.01575018,60,0,0.266364631,6400.0,9,0,0,0,0.0
12662,0,0.6295875470000001,27,1,1.233986928,764.0,7,0,0,1,0.0
12663,0,0.003091315,73,0,0.25739275300000003,2400.0,11,0,0,0,0.0
12664,1,0.9999998999999999,49,1,0.47360682299999995,6800.0,4,0,2,1,2.0
12666,0,0.18350771899999999,57,0,3061.0,,4,0,1,0,
12669,0,0.229561588,76,0,0.390001628,6140.0,10,0,1,0,0.0
12670,0,0.44763072200000004,54,0,0.246757075,16959.0,6,0,2,0,4.0
12671,0,0.0023034170000000003,63,0,4.0,,4,0,0,0,0.0
12672,0,0.05758227900000001,53,0,32.0,,3,0,0,0,0.0
12673,0,0.195742783,61,0,0.64745085,3000.0,10,0,1,0,0.0
12674,0,0.002333074,92,0,0.0,,3,0,0,0,
12675,0,0.23297670199999998,74,0,0.429851775,2900.0,2,0,1,0,0.0
12676,0,0.31746730100000004,60,0,1604.0,,10,0,1,0,0.0
12679,0,0.002222176,66,0,0.38704518200000004,2500.0,9,0,1,0,0.0
12680,0,0.9999998999999999,39,0,0.454716784,9550.0,7,0,2,0,0.0
12682,0,0.0,41,0,0.21041557100000002,1900.0,8,0,0,0,1.0
12685,0,0.018327224,54,1,0.000475964,2100.0,3,0,0,0,0.0
12686,0,0.040549307,37,0,1.0731707320000001,2500.0,23,0,2,0,3.0
12687,0,0.035742979,63,1,6840.0,,5,0,1,0,0.0
12688,0,0.028540026,65,0,0.350568769,2900.0,17,0,1,0,0.0
12690,0,0.17863801199999998,31,0,0.244585138,3000.0,6,0,0,0,1.0
12692,0,0.002028468,68,0,0.16807817600000002,10744.0,12,0,2,0,0.0
12693,0,0.004601103,59,0,0.045350052,4784.0,11,0,0,0,0.0
12694,0,0.288388501,68,0,0.530167026,8800.0,19,0,3,0,0.0
12696,0,0.011933068,48,0,0.225393805,9458.0,14,0,1,0,1.0
12697,0,0.18036857899999997,44,0,0.12192751,7200.0,10,0,0,0,2.0
12698,1,0.9999998999999999,30,0,0.0,4000.0,0,1,0,0,5.0
12699,0,0.540479531,36,0,0.583994305,9833.0,14,0,3,0,1.0
12700,0,0.604728403,63,0,3982.0,,10,0,1,0,0.0
12701,0,0.591717755,46,0,0.592937488,10845.0,16,0,2,0,0.0
12702,0,0.694306038,39,0,0.20359976800000001,10333.0,9,1,0,0,2.0
12704,0,0.034990855,62,0,0.252558915,4200.0,4,0,1,0,1.0
12705,0,0.9999998999999999,30,0,0.356369692,1200.0,3,0,0,0,0.0
12707,1,0.169417407,70,0,0.31010950600000003,6300.0,15,0,1,0,1.0
12708,0,0.30789265600000004,39,0,0.12200829699999999,9400.0,2,0,1,0,0.0
12711,0,0.726786134,44,1,0.9037096290000001,10000.0,11,0,2,0,3.0
12712,0,0.0,73,0,0.24235119600000002,5392.0,11,0,1,0,0.0
12713,0,0.0007618319999999999,36,0,0.7117627459999999,3000.0,9,0,2,0,2.0
12714,0,0.0,40,0,0.171305053,3700.0,5,0,0,0,0.0
12715,0,0.31034111600000003,51,0,1.047877591,2025.0,8,0,1,0,0.0
12716,0,0.020064916000000002,41,0,1804.0,,6,0,1,0,0.0
12718,0,0.017460282,71,0,0.146409541,3940.0,7,0,0,0,0.0
12721,0,0.193936818,50,0,0.295615195,17400.0,10,0,2,0,0.0
12722,0,0.173206296,50,0,0.025212997,75000.0,20,0,1,0,2.0
12723,0,0.088799343,40,1,0.840042655,3750.0,13,0,1,0,1.0
12724,0,0.040393674,36,0,0.193033382,6200.0,4,0,1,0,0.0
12725,0,0.115507504,54,0,0.40446514200000006,7300.0,13,0,1,0,0.0
12726,0,0.221050718,26,0,0.011996001000000001,3000.0,2,0,0,0,0.0
12727,0,0.32792240300000003,60,0,0.45763571799999997,1970.0,5,0,1,0,1.0
12730,0,0.919402446,38,0,0.319096509,4869.0,7,0,0,0,0.0
12731,0,0.031459119,58,0,12.0,,1,0,0,0,
12732,0,0.268910363,42,0,0.432713457,5000.0,8,0,1,0,2.0
12734,0,0.056145093,56,0,0.824707298,9138.0,11,0,3,0,3.0
12735,0,0.153653033,50,0,0.251159814,6250.0,11,0,1,0,0.0
12736,0,0.641702827,56,0,1247.0,,8,0,0,0,
12737,0,0.314666939,51,0,0.47983949299999995,15450.0,19,0,2,0,2.0
12739,0,0.37341674799999997,28,0,0.20319920000000002,4000.0,7,0,0,0,0.0
12740,0,0.039100799,48,0,0.266341707,8000.0,8,0,2,0,0.0
12741,0,0.109371236,50,0,0.493028165,18000.0,25,0,3,0,3.0
12742,0,0.818363273,25,0,0.044345897999999995,450.0,3,0,0,0,0.0
12744,0,0.010297276,73,0,0.147051315,7833.0,18,0,2,1,0.0
12745,0,0.028813981000000002,69,0,0.004127868,10416.0,6,0,0,0,0.0
12748,0,0.0,48,0,2114.0,,7,0,1,0,0.0
12749,0,0.12099638300000001,52,0,0.269384138,6770.0,8,0,2,0,2.0
12752,1,1.011997001,39,0,0.10019267800000001,7784.0,3,2,0,0,3.0
12753,0,0.0,39,0,0.361122705,9583.0,7,0,2,0,0.0
12754,0,0.10295244699999999,35,0,0.395668471,2400.0,7,0,1,0,0.0
12755,0,0.7162643340000001,40,0,0.5678576679999999,6800.0,14,0,1,0,2.0
12756,1,0.665670613,45,0,0.5104979000000001,5000.0,10,0,1,1,1.0
12757,1,0.736723641,61,3,0.722875287,7400.0,14,1,3,1,0.0
12758,0,0.8036408829999999,50,0,0.589420044,4120.0,10,0,0,0,2.0
12761,0,0.231469213,58,0,0.7202238209999999,1250.0,15,0,1,0,0.0
12762,0,0.041213447,57,2,1.236017897,893.0,23,0,1,0,0.0
12763,0,0.000833302,93,0,0.0,2500.0,10,0,0,0,0.0
12764,0,0.076193996,63,0,0.17130693,17850.0,11,0,1,0,1.0
12767,0,0.00859828,35,0,0.085981839,10571.0,4,0,0,0,0.0
12769,0,0.352691563,59,0,0.958510372,4000.0,13,0,2,0,0.0
12770,0,0.34829792299999995,60,0,0.313928977,12333.0,12,0,2,0,1.0
12771,0,0.10956780199999999,53,0,0.19053487800000002,4056.0,15,0,0,0,2.0
12772,0,0.0,33,1,1.253790006,1780.0,10,0,2,0,0.0
12773,0,0.179363305,42,0,0.6891839129999999,2560.0,7,0,1,0,3.0
12774,0,0.137495956,54,0,1608.0,,8,0,1,0,0.0
12776,0,0.0024614629999999997,81,0,1.0,,3,0,0,0,
12777,0,0.025600317999999997,62,0,0.200883515,4300.0,8,0,0,0,0.0
12778,0,0.446787879,40,2,1.019592163,2500.0,7,0,1,0,0.0
12779,0,0.110841891,41,0,0.240991669,9962.0,5,0,1,0,4.0
12780,0,0.261722623,44,0,4348.0,0.0,12,0,2,0,2.0
12781,0,0.0,33,0,0.301165581,5833.0,5,0,2,0,0.0
12783,0,0.0,93,0,0.0,,3,0,0,0,
12784,0,0.012538998,52,0,0.25282090399999996,11786.0,11,0,3,0,2.0
12785,0,0.073767645,34,0,0.273209147,6602.0,12,0,2,0,2.0
12787,0,0.014703133,50,0,0.08484906199999999,10500.0,8,0,1,0,0.0
12788,0,0.9999998999999999,75,0,15.0,,0,2,0,0,0.0
12789,0,0.002666489,49,0,0.12988407800000001,27000.0,6,0,2,0,0.0
12790,0,0.046142274000000004,59,0,1.1868898190000001,716.0,17,0,1,0,0.0
12791,0,0.082650936,65,0,0.314685315,4575.0,17,0,2,0,0.0
12794,0,0.004908868,74,0,0.26111423699999997,5330.0,4,0,1,0,0.0
12795,0,0.024760922,66,0,0.007662835,2348.0,4,0,0,0,0.0
12796,0,0.29658673,65,0,0.17156963600000003,14582.0,9,0,2,0,0.0
12797,0,0.061908331,64,0,1205.0,,28,1,1,0,
12799,0,0.18442718600000002,62,0,1.236008092,1482.0,14,0,1,0,0.0
12800,0,0.00088879,56,0,0.273525164,9000.0,5,0,2,0,0.0
12801,0,0.052147668,54,0,0.421115777,3333.0,6,0,1,0,1.0
12802,0,0.93124794,54,1,3956.0,,8,0,1,0,0.0
12804,0,0.043439899000000004,80,0,178.0,,4,0,0,0,0.0
12805,1,0.9999998999999999,29,0,412.0,,1,0,0,1,0.0
12806,0,0.8415434959999999,52,1,0.548414665,11700.0,10,0,2,0,1.0
12807,0,0.00044066300000000005,37,1,0.40308288700000006,10833.0,8,0,1,0,1.0
12808,1,0.655651902,31,0,0.482299042,2400.0,11,0,2,1,2.0
12809,0,0.0,33,0,0.13532666699999998,10300.0,6,0,2,0,1.0
12810,0,0.121300445,53,1,0.26536572399999997,7532.0,16,0,1,0,1.0
12813,0,0.271304022,43,0,0.44279546700000005,3705.0,5,0,1,0,2.0
12814,0,0.18797337,50,0,0.033911686,57000.0,9,0,2,0,3.0
12815,0,0.035316816,49,0,0.427479147,4315.0,8,0,1,0,0.0
12816,0,0.006918692,75,0,0.208891725,4700.0,7,0,1,0,0.0
12820,0,0.108113765,64,0,0.555379095,17000.0,10,0,3,0,0.0
12821,0,0.0,46,0,0.0,4030.0,4,0,0,0,0.0
12822,0,0.9999998999999999,47,0,0.242021956,3916.0,4,0,2,0,0.0
12823,0,0.44867198399999997,42,0,0.397120576,3333.0,7,0,1,0,0.0
12825,0,0.9999998999999999,79,0,658.0,,7,0,1,0,0.0
12827,0,0.027839855,77,0,0.00629874,3333.0,6,0,0,0,1.0
12828,0,0.256695013,34,0,0.44954421899999997,6252.0,8,0,2,0,0.0
12829,0,0.028412522000000003,71,0,0.05666127,10500.0,8,0,0,0,0.0
12830,0,0.981250937,38,0,0.536262573,5666.0,7,0,2,0,0.0
12831,1,0.986114968,58,4,0.286602977,4500.0,9,1,1,2,1.0
12832,0,0.013218087,35,0,0.00169983,10000.0,6,0,0,0,0.0
12834,0,0.99290071,41,0,0.378118093,6333.0,5,0,2,0,0.0
12835,0,0.140305542,50,0,0.36854529399999997,10166.0,16,0,1,0,2.0
12837,1,1.021978022,22,0,0.10963012300000001,3000.0,2,0,0,0,0.0
12838,0,0.059671642000000004,52,0,2675.0,,14,0,1,0,0.0
12839,0,0.340841245,69,0,0.28889852,16150.0,15,0,1,0,0.0
12840,1,0.84584021,26,1,0.354411397,4000.0,14,1,0,5,0.0
12841,0,0.0,51,0,979.0,,5,0,0,0,2.0
12842,0,0.007406019000000001,48,0,2124.0,,6,0,1,0,2.0
12844,0,0.281785911,52,0,0.17356647,11666.0,3,0,1,0,0.0
12846,0,0.499669321,46,0,0.7226084079999999,3020.0,16,0,1,0,1.0
12847,0,0.070820648,30,0,0.49262414299999996,4812.0,7,0,2,0,2.0
12848,0,0.0016948739999999999,43,0,0.061970638,7083.0,4,0,0,0,0.0
12849,0,0.535210387,49,0,0.36576712200000006,9300.0,10,0,1,0,3.0
12851,0,0.937677054,24,2,580.0,,7,0,0,0,0.0
12853,0,0.465338775,52,0,0.477528912,6830.0,13,0,2,0,1.0
12855,0,0.34230962299999995,60,0,0.335124411,12096.0,10,0,2,0,0.0
12858,0,0.014342447,84,0,0.080112259,7838.0,7,0,0,0,0.0
12860,0,0.09178164400000001,52,1,0.440407561,7458.0,6,0,3,0,1.0
12862,0,0.0,27,0,0.0,800.0,1,0,0,0,0.0
12865,0,0.063092552,46,0,0.416486681,8333.0,17,0,2,0,2.0
12866,0,0.8462004609999999,56,3,6113.0,,9,2,2,1,0.0
12868,0,0.095516179,64,0,0.005940925,11950.0,2,0,0,0,1.0
12869,0,0.030478183,65,0,0.0049995,10000.0,8,0,0,0,0.0
12870,0,0.477808876,27,0,0.332506203,2820.0,3,0,0,0,0.0
12872,0,0.5083008760000001,35,0,0.432737097,10733.0,16,0,1,0,2.0
12876,0,0.36578536899999997,43,0,0.481168759,9000.0,6,0,2,0,1.0
12878,0,0.8893425220000001,51,1,0.936831115,3830.0,12,0,0,0,0.0
12879,0,1.14419396,55,2,0.335620711,1602.0,4,6,0,0,0.0
12882,0,0.018799373,64,0,0.315811518,4774.0,5,0,1,0,0.0
12883,0,0.053344394,86,0,0.015705872,5602.0,7,0,0,0,0.0
12884,0,0.345165801,63,0,0.475209418,4416.0,19,0,2,0,0.0
12887,0,0.9999998999999999,32,0,0.29395852100000003,4435.0,3,0,1,0,2.0
12888,0,0.458127094,46,0,0.40620233899999997,5900.0,11,0,1,0,2.0
12889,0,0.054660832,63,0,0.026212283,71950.0,8,0,2,0,0.0
12890,0,0.28786862399999996,45,2,0.068091708,5800.0,8,0,0,0,0.0
12891,1,0.35887360799999996,39,4,453.0,,7,4,0,0,0.0
12893,0,0.047870712999999995,31,0,0.47992259299999995,6200.0,6,0,1,0,0.0
12894,0,0.43393752,45,0,0.379026883,4500.0,8,0,2,3,1.0
12896,0,0.007123415,66,0,30.0,,5,0,0,0,0.0
12897,0,0.49739279799999997,52,0,0.37337523200000006,7000.0,8,0,2,0,2.0
12898,1,0.15496353400000001,42,1,0.278148081,5550.0,12,1,2,1,2.0
12899,0,0.19664621100000002,56,0,0.167019359,12758.0,6,0,0,0,3.0
12902,0,0.777402825,37,0,0.09295352300000001,2000.0,4,0,0,0,0.0
12903,0,0.378481986,57,1,0.55921504,7286.0,12,0,1,0,2.0
12907,0,0.03381356,48,0,2663.0,0.0,13,0,2,0,2.0
12908,0,0.47318943399999996,61,0,0.532340339,4900.0,9,0,2,0,1.0
12909,0,0.034911526,79,0,0.00659967,6666.0,10,0,0,0,1.0
12910,1,0.49919703299999996,37,0,0.304461656,9166.0,4,0,1,0,0.0
12911,0,0.36783870799999996,64,0,0.48337549700000004,5533.0,8,0,1,0,0.0
12913,0,0.006607966,44,0,0.24332106899999997,6250.0,13,0,1,0,2.0
12914,0,1.00759848,38,2,0.069694373,3500.0,6,0,0,0,0.0
12915,0,0.9999998999999999,82,0,0.0,2283.0,3,0,0,0,0.0
12917,0,0.004142265,84,1,0.6491754120000001,2000.0,9,0,1,0,0.0
12919,0,0.09847725,65,0,2.35678392,397.0,9,0,2,0,0.0
12920,0,0.054779152000000005,73,0,0.031494751,6000.0,5,0,0,0,2.0
12921,0,0.050874218,66,0,0.006529851,9647.0,6,0,0,0,0.0
12923,0,0.470490199,41,0,0.9129087090000001,10000.0,11,0,2,0,3.0
12924,0,0.026293561,68,0,0.086463993,8650.0,5,0,1,0,1.0
12929,0,0.185227234,60,1,0.409786769,10973.0,17,0,1,0,1.0
12930,0,0.526775611,33,0,0.6844736020000001,3200.0,9,0,1,0,0.0
12931,0,0.7039296070000001,51,0,0.176030866,4146.0,2,0,0,0,0.0
12932,0,0.41156231,32,0,0.320957862,16160.0,11,0,2,0,2.0
12934,0,0.38178384600000004,68,2,0.661394381,4804.0,11,0,2,0,0.0
12935,0,0.035788397,89,0,39.0,0.0,6,0,0,0,0.0
12936,0,0.407333084,38,0,0.47739534899999997,5374.0,10,0,2,1,0.0
12938,0,0.037141039,58,0,0.29924576399999997,10208.0,11,0,4,0,1.0
12940,0,0.047688639000000005,51,0,0.399885747,3500.0,7,0,1,0,1.0
12941,0,0.024739048,72,0,0.46230699399999997,1100.0,3,0,0,0,0.0
12942,0,0.078118859,51,0,0.024534302999999997,2200.0,14,0,0,0,1.0
12943,0,0.016730126,77,0,0.008844453,5200.0,9,0,0,0,0.0
12945,0,0.0,70,0,0.36581709100000004,2000.0,3,0,1,0,0.0
12947,0,0.8319747129999999,48,1,0.842859523,6000.0,8,0,2,0,2.0
12950,0,0.24407072600000002,55,0,0.20727848100000001,7583.0,22,0,2,0,0.0
12952,0,0.0,61,0,0.0,6000.0,1,0,0,0,0.0
12954,0,0.48044764100000004,41,0,0.248179674,9750.0,11,0,2,0,4.0
12957,0,0.045671622,56,0,0.26097100300000003,9000.0,7,0,1,0,3.0
12958,0,0.317488895,47,0,0.561976369,4654.0,7,0,1,0,0.0
12959,0,0.121684066,63,0,0.333615795,11800.0,8,0,1,0,0.0
12963,0,0.078126512,78,0,0.011399088,8333.0,6,0,0,0,0.0
12966,0,0.0032664490000000003,61,0,0.044991002,1666.0,3,0,0,0,1.0
12967,0,0.064672915,62,0,1402.0,,5,0,1,1,0.0
12968,0,0.0010791169999999999,49,0,0.35609444799999995,4700.0,11,0,1,0,2.0
12971,0,0.027491371,65,0,1389.0,,8,0,1,0,0.0
12972,0,0.522045519,64,1,0.343578211,4001.0,4,0,1,0,0.0
12973,0,0.9999998999999999,30,0,0.156959934,2420.0,1,1,0,0,0.0
12975,0,0.49261278,59,0,0.273714791,15833.0,13,0,1,0,2.0
12976,0,0.040917532,80,0,58.0,,3,0,0,0,0.0
12977,0,0.296942537,65,0,1404.0,,7,0,1,0,0.0
12978,0,0.351247708,54,0,2543.0,,18,0,2,0,2.0
12980,0,0.402872183,59,0,0.5860021870000001,6400.0,10,0,1,0,0.0
12981,0,0.322154247,54,0,0.409646515,3026.0,12,0,1,0,0.0
12982,0,0.325827716,39,0,0.02709971,4833.0,6,0,0,0,10.0
12984,0,0.198538235,71,0,220.0,,9,0,0,0,0.0
12985,0,0.150673559,65,0,2087.0,,8,0,2,0,0.0
12987,0,0.107683519,26,0,0.26829268300000003,40.0,2,0,0,0,0.0
12988,0,0.845578299,30,0,0.361051116,8333.0,8,0,0,0,0.0
12989,0,0.0,21,0,0.0,300.0,2,0,0,0,0.0
12991,0,0.9999998999999999,37,0,0.6835970020000001,1200.0,8,0,1,0,1.0
12993,0,0.082542453,66,0,69.0,,7,0,0,0,0.0
12994,0,0.9798814440000001,57,0,0.5456621,3065.0,5,0,1,0,0.0
12995,0,0.306156204,59,0,0.410652609,5500.0,13,0,1,0,0.0
12998,0,0.590443371,46,0,0.6746435009999999,6100.0,8,0,1,0,1.0
12999,0,0.191036402,57,0,3142.0,,8,0,1,0,0.0
13000,1,0.491040783,46,1,1.431960731,3666.0,12,0,3,0,1.0
13001,0,0.023472301,57,0,38.0,,6,0,0,0,0.0
13002,0,0.828632631,24,0,0.038312049,1800.0,4,0,0,0,0.0
13003,0,0.02789896,44,1,0.32391062800000003,8100.0,13,0,1,0,2.0
13004,0,0.318145224,63,1,0.43842692899999997,6000.0,4,0,1,0,1.0
13006,0,0.588638789,40,1,0.82400722,2215.0,7,0,1,0,0.0
13007,0,0.0,43,0,0.072658547,16666.0,5,0,1,0,0.0
13008,0,0.235564964,62,0,0.159654455,6250.0,22,0,0,0,0.0
13010,1,0.9999998999999999,47,2,0.135659675,5100.0,2,4,1,0,2.0
13012,0,0.232955839,36,0,0.328088771,6037.0,8,0,1,0,3.0
13013,0,0.213006365,74,0,386.0,0.0,8,0,0,0,0.0
13015,0,1.4304915269999998,35,2,0.546755468,11110.0,10,0,2,0,2.0
13016,0,0.9999998999999999,56,0,3085.0,,3,0,1,0,4.0
13017,0,0.054056371,57,0,0.24905792699999998,11410.0,13,0,2,0,1.0
13018,0,0.159936026,32,0,0.099488164,3125.0,6,0,0,0,0.0
13020,0,0.0024276420000000003,61,0,0.444444444,11582.0,12,0,3,0,2.0
13021,0,0.34173288799999996,33,0,0.7172837059999999,5050.0,14,0,5,0,1.0
13022,0,0.19205771,77,0,0.016996601,5000.0,6,0,0,0,1.0
13023,0,0.156884312,53,0,0.119990401,4166.0,5,0,1,0,0.0
13027,1,0.8971315529999999,24,0,0.554447853,1303.0,6,0,0,0,0.0
13029,1,1.006967586,68,0,984.0,,7,0,1,1,2.0
13030,0,0.105947026,56,4,0.129109671,8333.0,6,1,0,1,0.0
13031,0,0.330301271,43,0,0.578884223,3333.0,6,0,2,0,0.0
13032,1,0.9999998999999999,54,0,0.012332245,2756.0,1,0,0,1,0.0
13034,0,0.479800083,35,0,0.411228407,2083.0,5,0,0,0,0.0
13035,0,0.105132294,73,0,0.307479989,3622.0,12,0,2,0,0.0
13037,0,0.9999998999999999,28,1,0.16644937,2300.0,1,0,0,0,0.0
13038,0,0.9999998999999999,25,0,0.24143964,4000.0,1,0,0,0,0.0
13039,0,0.06587863,46,0,0.166626823,4182.0,6,0,0,0,2.0
13040,0,0.02484334,78,0,45.0,,6,0,0,0,0.0
13042,0,0.0019599220000000002,27,0,0.0005592840000000001,1787.0,3,0,0,0,0.0
13043,1,0.26204215,57,1,0.385427666,10416.0,16,0,1,0,2.0
13044,0,0.057741335,39,1,0.16520869800000001,4000.0,11,0,0,0,1.0
13046,0,0.341517199,38,0,0.217245241,16073.0,19,0,2,0,1.0
13047,0,0.7830715840000001,30,0,0.718372975,2900.0,11,0,1,0,0.0
13048,0,0.209367599,32,0,0.45025025,4994.0,4,0,1,0,0.0
13049,0,0.018540206,64,0,0.00220348,13160.0,5,0,0,0,1.0
13051,0,0.237879087,44,0,0.6724655070000001,5000.0,9,0,2,0,3.0
13052,0,0.974002363,62,1,0.139018371,7293.0,5,0,0,0,0.0
13053,0,0.622430068,54,0,0.483172276,3000.0,8,0,1,0,1.0
13054,0,0.09318167599999999,55,0,0.004190077,10500.0,12,0,0,0,0.0
13055,0,0.126397702,72,0,0.142439625,6500.0,6,0,0,0,1.0
13056,0,0.146517133,48,0,0.232514958,4846.0,12,0,2,1,2.0
13057,0,0.013185761,82,0,0.211255535,7000.0,13,0,1,0,0.0
13059,0,0.9999998999999999,51,0,0.044568245,3230.0,3,0,0,0,0.0
13060,0,0.41455019600000004,57,0,0.699518153,17847.0,10,0,5,0,0.0
13061,0,0.077386071,33,1,0.977502812,2666.0,20,0,1,0,1.0
13063,0,0.049019191,71,0,259.0,,5,0,0,0,0.0
13064,0,0.184309442,51,0,0.271341082,8000.0,9,0,1,0,0.0
13066,0,0.079421086,51,0,0.573074154,12500.0,16,0,4,0,1.0
13067,1,1.033324077,27,2,0.195191621,4200.0,8,0,0,0,1.0
13068,0,0.9999998999999999,32,0,0.31803594399999996,3115.0,2,0,1,0,0.0
13069,0,0.5845875979999999,37,0,3417.0,,12,0,2,0,0.0
13070,1,0.390361534,48,0,0.243559322,5899.0,27,0,0,0,1.0
13071,0,0.026467315,69,0,0.011519078,4166.0,4,0,0,0,0.0
13072,0,0.085025702,42,0,0.365368281,8240.0,12,0,1,0,2.0
13073,0,0.047859352,44,0,69.0,,6,0,0,0,0.0
13075,0,0.671205323,39,0,908.0,,7,0,0,0,0.0
13076,0,0.45317572799999994,51,0,0.74185163,5000.0,16,0,3,0,0.0
13077,0,0.176149892,63,1,0.540517727,3553.0,12,0,2,0,0.0
13078,0,0.0,36,0,0.292338458,8000.0,7,0,2,0,2.0
13080,0,0.073899527,55,0,0.5355731229999999,4047.0,5,0,1,0,1.0
13081,0,0.522949503,53,0,0.20512228899999999,4333.0,10,0,0,0,0.0
13082,0,0.8776326309999999,35,2,1203.0,0.0,22,0,0,0,0.0
13084,0,0.080967907,44,0,0.526833841,4266.0,11,0,1,0,0.0
13086,0,0.5473730729999999,32,0,0.152581087,6566.0,5,0,0,0,1.0
13087,0,0.274919749,50,0,5463.0,,13,0,3,0,0.0
13089,0,0.022020589,43,0,2.499445061,900.0,10,0,2,0,2.0
13090,0,0.848367725,57,0,0.5570223329999999,10074.0,11,0,2,0,2.0
13092,0,0.28578230600000004,46,0,0.528493894,1473.0,10,0,1,0,2.0
13093,0,0.18527201899999998,67,1,0.189564957,13377.0,19,0,2,0,0.0
13095,0,0.403982436,59,0,0.360292623,4920.0,7,0,1,0,0.0
13096,0,0.177165462,56,1,0.22567984300000002,10700.0,7,0,1,0,0.0
13100,0,0.826698587,39,0,0.716924498,4330.0,12,0,1,0,1.0
13101,1,0.312162899,35,1,1.5337132,2105.0,11,0,1,0,2.0
13102,0,0.750440185,43,1,1.43828086,2000.0,10,0,2,0,1.0
13103,0,0.031510123,65,0,34.0,,9,0,0,0,0.0
13106,0,1.140619793,66,1,849.0,,9,2,0,2,0.0
13107,0,0.00320616,79,0,15.0,,12,0,0,0,0.0
13108,0,1.6027944109999999,31,1,0.262495969,3100.0,4,1,0,1,0.0
13109,0,0.05566998,45,0,67.0,,4,0,0,0,0.0
13110,0,0.402364224,43,1,0.7269422990000001,2200.0,6,0,1,0,2.0
13111,0,0.067759397,48,0,0.41447944,4571.0,12,0,2,0,2.0
13112,0,0.7402862990000001,73,1,0.713205645,3967.0,18,0,3,0,0.0
13115,0,0.031022123,46,0,0.175625769,7310.0,5,0,1,1,0.0
13116,0,0.034226092,48,1,0.11392874800000001,8083.0,10,0,0,0,2.0
13118,0,0.9999998999999999,73,0,1554.0,,8,0,1,0,0.0
13119,0,0.31087395,71,0,0.7423014590000001,1850.0,8,0,0,0,0.0
13121,0,0.00486375,60,0,0.5193395160000001,4420.0,19,0,1,0,1.0
13122,0,0.0,24,0,0.0,1100.0,1,0,0,0,0.0
13123,0,0.0046748829999999995,79,0,546.0,,5,0,1,0,
13124,0,0.124207481,75,0,0.111519424,13333.0,7,0,1,0,0.0
13127,0,0.037477764,51,0,0.304818775,7200.0,9,0,1,0,3.0
13128,0,0.40500798299999996,38,0,0.11901275900000001,4780.0,7,0,0,0,0.0
13129,1,0.420233653,71,0,0.785250584,7701.0,6,0,3,0,1.0
13130,0,0.0057440519999999995,51,0,0.371762824,10000.0,6,0,1,0,3.0
13131,0,0.037092084,55,0,0.388593422,14289.0,12,0,3,0,2.0
13132,0,0.077043266,61,0,81.0,,5,0,0,0,0.0
13133,0,0.073117315,39,0,2338.0,,21,0,2,0,3.0
13134,0,0.010999845,47,0,0.287028396,7500.0,8,0,1,0,3.0
13135,0,0.956295638,45,0,3248.0,,16,0,1,0,0.0
13136,0,0.175552192,42,1,5705.0,,7,0,2,0,0.0
13137,0,0.9999998999999999,33,0,2058.0,,5,0,1,0,0.0
13139,0,0.42767839799999996,37,0,1.118551043,2732.0,12,0,2,0,1.0
13140,0,0.10273043300000001,48,0,0.333561879,8750.0,6,0,2,0,2.0
13141,0,0.051278667,55,0,0.458470948,8174.0,6,0,1,0,1.0
13142,0,0.012430574,61,0,0.043134436,2781.0,3,0,0,0,0.0
13143,0,0.152894904,71,0,0.534133105,3500.0,8,0,2,0,0.0
13145,0,0.09458075199999999,32,0,0.643271346,5000.0,9,0,1,0,1.0
13146,0,0.609788542,48,0,1.4551687759999998,1895.0,10,0,1,0,0.0
13147,0,0.002161316,60,0,0.000344768,5800.0,7,0,0,0,1.0
13148,0,0.129953875,71,0,0.44853008899999997,10850.0,14,0,3,0,0.0
13149,0,0.547340436,36,0,0.563380282,2200.0,8,0,0,0,1.0
13150,0,0.0,60,0,0.169280878,11666.0,6,0,1,0,0.0
13151,0,0.0,43,0,0.8220493059999999,13750.0,7,0,2,0,1.0
13153,0,0.661481592,58,0,0.660599846,3900.0,9,0,2,0,1.0
13154,0,0.089319699,62,0,0.288608436,3010.0,5,0,2,0,0.0
13155,0,0.08912941199999999,85,0,0.2161982,9000.0,19,0,1,0,0.0
13156,0,0.002092975,77,0,2.0,,4,0,0,0,0.0
13157,0,1.0820842259999999,24,0,452.0,,5,0,0,0,0.0
13159,0,0.576185139,53,0,0.505624219,7200.0,7,0,2,0,0.0
13160,0,0.5536297579999999,33,0,0.357559444,4457.0,10,0,1,0,0.0
13161,0,0.112979773,56,0,0.964462113,8300.0,10,0,2,0,0.0
13162,0,0.9999998999999999,39,0,1.890876565,1117.0,4,0,2,0,1.0
13164,1,0.9999998999999999,46,0,0.0,0.0,0,2,0,0,3.0
13167,0,0.5014771610000001,38,0,0.33488818800000003,7288.0,4,0,2,0,0.0
13170,0,0.00799968,38,0,0.18837600399999999,5350.0,8,0,1,0,0.0
13171,0,0.022911893,87,0,0.001040222,2883.0,2,0,0,0,0.0
13173,0,0.007191561,65,0,1366.0,,11,0,0,0,0.0
13174,1,0.342802765,31,0,0.31684950300000003,11667.0,30,0,0,0,0.0
13175,0,0.036921462,39,0,524.0,,12,0,0,0,0.0
13176,0,0.054813701,67,0,0.267882057,10750.0,18,0,2,0,1.0
13177,0,0.715925395,45,0,0.620987264,9500.0,14,0,2,0,0.0
13178,0,0.0,57,0,547.0,,3,0,0,0,3.0
13180,0,0.16712316900000002,62,0,0.627688579,3300.0,5,0,2,0,0.0
13181,0,0.040240708,48,0,0.803308163,2780.0,16,0,2,0,3.0
13182,0,0.018673668,43,0,2536.0,,15,0,1,0,0.0
13183,0,0.28007351199999997,56,0,0.533373216,11700.0,8,0,2,0,3.0
13184,0,0.0,71,0,1340.0,,5,0,2,0,0.0
13185,0,0.266232894,36,0,0.234853029,3333.0,5,0,0,0,0.0
13186,0,0.023998667,56,0,0.330972792,5365.0,3,0,2,0,4.0
13187,0,0.014262322,72,0,0.25857486399999996,7900.0,13,0,2,0,1.0
13188,0,0.11644177900000001,83,0,6.0,,3,0,0,0,0.0
13189,0,0.009648599,85,0,33.0,,7,0,0,0,0.0
13190,0,0.084292465,62,0,0.032315072,3960.0,5,0,0,0,0.0
13191,0,0.26931537899999997,55,0,0.075407351,7916.0,6,0,0,0,0.0
13192,0,0.035362832000000004,47,0,5181.0,0.0,19,0,1,0,0.0
13194,0,0.578023655,55,2,0.19683839600000003,10500.0,7,0,1,0,0.0
13195,0,0.119760479,29,0,0.220835594,5528.0,7,1,0,0,1.0
13196,0,0.503406696,34,1,0.217023049,7201.0,7,0,1,0,3.0
13198,0,0.018841708999999998,51,0,0.23760991199999998,5003.0,7,0,1,0,0.0
13199,0,0.070241275,33,0,0.54195062,8950.0,13,0,2,0,1.0
13200,0,0.183134435,68,0,914.0,,19,0,0,0,0.0
13201,0,0.9999998999999999,40,98,0.0,7218.0,0,98,0,98,2.0
13202,0,0.009188021999999999,56,0,0.125857675,5100.0,11,0,1,0,0.0
13204,0,0.15299411599999999,35,0,0.38223323299999995,5650.0,11,0,1,2,1.0
13205,0,1.226932668,26,1,0.10583941599999999,4109.0,5,1,0,0,2.0
13206,0,0.027799305,67,0,0.130947849,5253.0,7,0,1,0,0.0
13207,0,0.015012758999999999,72,0,0.07904022599999999,4250.0,18,0,1,0,1.0
13209,0,0.846425062,61,0,0.666794332,2610.0,12,0,1,0,1.0
13210,0,0.027001222999999998,37,0,2616.0,,13,0,2,0,0.0
13212,0,0.7572414679999999,35,1,0.20527178899999998,25000.0,7,0,2,0,0.0
13213,0,0.9845005170000001,36,1,0.24516862399999997,7916.0,8,0,0,0,0.0
13214,0,0.48121861,62,0,0.32444782899999997,5251.0,10,0,1,0,1.0
13215,1,0.9999998999999999,30,1,0.109424181,5400.0,4,3,0,2,0.0
13216,0,0.20044823899999997,57,1,0.28961839699999997,6000.0,15,0,2,0,0.0
13217,0,0.056975419000000006,57,0,0.0049142859999999995,17499.0,5,0,0,0,2.0
13218,0,0.582474127,77,0,0.402559744,10000.0,13,0,2,1,1.0
13224,0,0.910299003,49,0,73.0,,1,1,0,0,0.0
13225,0,0.9999998999999999,78,2,0.21876735100000003,1800.0,1,0,0,0,0.0
13226,0,0.234390663,56,0,0.307493236,8500.0,20,0,2,0,0.0
13227,0,0.32435873600000004,66,1,0.47491137200000005,7333.0,10,0,1,0,1.0
13228,0,0.335748245,49,0,0.19960930600000001,5630.0,8,0,0,0,2.0
13232,0,0.9999998999999999,60,0,1.109753388,4500.0,14,0,1,0,0.0
13233,0,0.903202189,65,1,0.37131342700000003,5458.0,10,0,1,0,0.0
13234,0,0.070943635,36,0,0.617076585,5000.0,5,0,3,0,0.0
13236,0,0.36324404,46,0,3717.0,,9,0,1,0,0.0
13237,0,0.019352614,57,0,13.0,,2,0,0,0,0.0
13239,0,0.05090724,72,0,0.24622812300000002,1656.0,4,0,0,0,0.0
13241,0,0.145807944,67,0,0.12401995699999999,9820.0,3,0,1,0,1.0
13243,0,0.0692014,42,0,104.0,,9,0,0,0,0.0
13244,0,0.09384281800000001,65,0,0.48861912,3953.0,19,0,1,0,0.0
13245,0,0.240533172,76,0,23.0,,3,0,0,0,0.0
13247,0,0.169441528,51,0,1699.0,,5,0,2,0,
13248,0,0.03304029,45,0,1.214785215,1000.0,14,0,1,0,2.0
13250,0,0.24259769,57,0,1720.0,,9,0,1,0,0.0
13254,0,0.026612161000000002,78,0,0.154512635,5539.0,10,0,0,0,1.0
13257,0,0.083304488,74,0,0.212089396,6666.0,5,0,2,0,0.0
13258,0,0.310214145,56,0,0.542039356,1676.0,15,0,0,0,0.0
13259,0,0.108343946,51,0,0.317157712,7500.0,10,0,2,0,3.0
13260,0,0.157625109,54,0,0.09689557900000001,3188.0,6,0,0,0,0.0
13261,0,0.9999998999999999,51,0,0.257175881,5190.0,6,0,1,0,1.0
13262,0,0.001032815,61,0,0.0,6878.0,2,0,0,0,3.0
13263,0,1.008991009,22,1,0.19165196899999998,1700.0,3,0,0,0,0.0
13264,1,1.2107880229999999,39,2,1.459482214,4750.0,10,0,5,0,0.0
13265,0,0.894145741,50,0,1031.0,,7,0,0,0,0.0
13266,0,0.20725179300000002,45,0,0.45849230399999996,7600.0,6,0,3,0,1.0
13267,0,0.0,63,1,0.409510709,15266.0,19,1,3,1,0.0
13268,0,0.662054338,30,0,0.100874936,1942.0,2,0,0,0,0.0
13272,0,0.301342557,64,0,0.723206377,4515.0,12,0,1,0,0.0
13273,0,0.02517895,70,0,526.0,,5,0,1,0,0.0
13276,0,0.029697941000000002,32,0,0.17299135,20000.0,6,0,2,0,0.0
13277,0,0.089452747,46,0,0.003618272,6632.0,1,0,0,0,3.0
13278,0,0.29875409399999997,40,0,0.424886009,8333.0,9,0,1,0,1.0
13279,0,0.063512956,53,0,0.225349505,10800.0,8,0,1,0,3.0
13280,1,0.982007197,33,1,0.24221651,3500.0,5,1,0,0,0.0
13281,0,0.053239532,31,0,0.286745001,4850.0,15,0,1,0,1.0
13282,0,0.217451421,46,0,0.7143709890000001,6700.0,7,0,1,0,0.0
13284,0,0.11801097199999999,46,0,499.0,,9,0,0,0,3.0
13289,1,0.410095228,32,0,0.616676665,5000.0,15,0,1,0,0.0
13290,0,0.29928467,37,0,116.0,,3,0,0,0,0.0
13291,0,0.701364932,64,0,0.12343636699999999,53800.0,14,0,6,0,0.0
13292,0,0.148839842,27,0,0.08891595599999999,820.0,4,0,0,0,0.0
13294,0,0.921078921,54,0,0.17585234600000002,3900.0,7,0,0,0,0.0
13295,0,0.09059637599999999,39,0,448.0,,6,0,0,0,2.0
13296,0,0.109786262,79,0,0.195311058,5416.0,7,0,1,0,0.0
13297,0,0.040332213,60,0,2507.0,,9,0,1,0,0.0
13300,0,0.154574162,47,0,0.201333072,5100.0,16,0,0,0,2.0
13301,0,0.023616272999999997,57,0,0.00734355,6263.0,4,0,0,0,1.0
13303,0,0.287429673,57,0,0.168176577,6070.0,4,0,0,0,0.0
13304,0,0.281240749,59,0,0.323460411,6819.0,8,0,1,0,1.0
13305,0,0.126414911,64,0,0.064235294,4249.0,6,0,0,0,0.0
13307,0,0.056627949000000004,43,0,0.326632642,9600.0,12,2,2,0,0.0
13308,0,0.363894331,64,0,0.332108744,1360.0,6,0,0,0,0.0
13309,0,5.8599999999999995e-05,52,0,0.248500428,3500.0,9,0,1,0,1.0
13310,0,0.677915261,75,0,1149.0,,4,0,1,0,0.0
13311,0,0.142368241,52,0,6415.0,,13,0,4,0,1.0
13312,0,0.013825421000000001,52,0,0.36311696600000004,6300.0,11,0,1,0,0.0
13314,0,0.038606373,51,0,0.229930324,3300.0,15,0,1,0,1.0
13315,0,0.340581649,49,0,0.442926179,6000.0,18,0,1,0,2.0
13316,0,0.147061272,46,0,0.40114535,7333.0,14,0,2,0,2.0
13322,0,0.011962393,54,0,0.011448112,6725.0,10,0,0,0,1.0
13324,0,0.9999998999999999,63,0,783.0,,8,0,1,0,3.0
13325,0,0.392601596,57,0,0.45273984700000003,16916.0,18,0,3,0,1.0
13328,0,0.064414969,63,0,0.24185637,7950.0,9,0,1,0,1.0
13331,0,0.015133253000000001,32,0,0.33911014799999994,6000.0,9,0,1,0,0.0
13332,0,0.187721823,60,0,0.168566918,17102.0,12,0,2,0,2.0
13333,0,0.45075507600000003,66,0,7905.0,,13,0,4,0,0.0
13334,1,0.073806911,57,1,0.158296043,40000.0,24,0,4,0,0.0
13335,0,0.001495773,75,0,662.0,,4,0,1,0,0.0
13338,0,0.9999998999999999,28,0,0.007691124000000001,6500.0,3,0,0,0,0.0
13339,0,0.327806262,45,0,0.272522255,8424.0,6,0,1,0,2.0
13340,0,0.9999998999999999,68,0,0.0,,2,0,0,0,0.0
13341,0,0.011195145,63,0,0.049370277000000004,7939.0,6,0,0,0,0.0
13342,0,0.028257965,54,0,4637.0,,8,0,2,0,0.0
13344,0,0.100276832,43,0,2530.0,,7,0,2,0,1.0
13345,0,0.236993149,31,0,0.8843187659999999,3500.0,12,0,2,0,1.0
13346,0,0.933180692,60,3,0.1437485,4166.0,5,0,0,0,2.0
13347,0,0.123441556,40,0,0.34652897299999996,12200.0,4,0,1,0,1.0
13348,0,0.359467069,50,0,0.31368323800000003,6496.0,15,0,2,0,0.0
13350,0,0.153944255,64,2,0.80812446,3470.0,8,0,2,0,0.0
13352,0,0.0,36,0,0.24311143600000001,4100.0,7,0,1,0,0.0
13354,0,0.514071779,63,0,0.20147874300000002,5950.0,5,0,2,0,0.0
13355,0,0.030324401,33,0,0.00279888,2500.0,5,0,0,0,0.0
13356,0,0.077666577,74,0,0.37307592,7665.0,15,0,1,0,0.0
13360,0,0.020402596000000002,70,2,2932.0,,29,0,1,0,0.0
13361,0,0.550866878,41,0,0.485551445,10000.0,11,0,4,0,0.0
13362,0,0.0072664240000000005,72,0,0.18042609899999998,1501.0,7,0,0,0,0.0
13363,0,0.034303173,60,0,0.127624125,3000.0,5,0,0,0,0.0
13364,0,0.123975159,63,0,0.7841220179999999,2556.0,15,0,1,0,1.0
13365,0,0.13827913,44,0,0.305761099,3783.0,2,0,1,0,3.0
13366,0,0.067564622,68,0,46.0,,5,0,0,0,0.0
13368,0,0.013284846000000001,65,2,3.732014388,1667.0,32,0,3,0,0.0
13369,0,0.062689745,50,0,3530.0,0.0,4,0,1,0,0.0
13371,0,0.075037893,52,0,1232.0,,9,0,2,0,1.0
13372,1,0.9999998999999999,62,1,0.687565091,4800.0,5,2,2,1,2.0
13373,0,0.069852564,50,0,0.331852016,9000.0,11,0,2,0,4.0
13375,0,0.49388327600000004,50,0,0.68473314,2416.0,6,0,1,0,0.0
13376,0,0.230530911,46,0,0.40647310799999997,2100.0,11,0,0,0,0.0
13377,0,0.03592662,42,0,0.37295856,9000.0,7,0,1,0,3.0
13378,0,0.068619,64,0,83.0,,4,0,0,0,1.0
13379,0,0.017182199,49,0,0.26026419100000003,2800.0,7,0,1,0,0.0
13380,0,0.204431823,60,0,0.04269573,10000.0,6,0,0,0,1.0
13381,0,0.135086491,54,0,0.0079984,5000.0,2,0,0,0,1.0
13382,0,0.7043520320000001,56,4,0.523141655,12833.0,19,0,3,1,0.0
13383,0,0.001685069,44,0,3468.0,,12,0,2,0,0.0
13384,0,0.336973536,53,0,0.69634985,5670.0,14,0,2,0,1.0
13385,0,0.0014204279999999998,75,0,0.001999636,5500.0,9,0,0,0,1.0
13389,0,0.198767881,68,0,0.320963088,10050.0,16,0,2,0,0.0
13391,0,0.009320087,70,0,0.313623188,3449.0,7,0,1,0,1.0
13392,0,0.08686894099999999,60,0,0.356587425,4500.0,11,0,0,0,1.0
13393,0,0.006735397,60,0,1353.0,,11,0,2,0,0.0
13395,0,0.39387160200000004,36,2,0.276134944,2400.0,5,0,0,1,1.0
13400,1,1.177911044,25,0,0.16713527,3200.0,5,0,0,0,2.0
13402,1,1.043620502,32,1,0.025320846,5765.0,3,0,0,0,1.0
13404,0,0.0,67,0,0.035259446,9500.0,7,0,0,0,0.0
13405,0,0.279545137,63,0,3500.0,,19,0,2,0,0.0
13406,1,0.752066116,32,0,0.062734316,4000.0,3,0,0,0,1.0
13407,0,0.0,35,0,0.222955409,5000.0,5,0,1,0,0.0
13408,0,0.54442558,49,0,1.0713590659999999,3082.0,12,0,3,0,3.0
13409,0,0.106879209,79,0,0.018163639,6000.0,4,0,0,0,0.0
13410,0,0.38099864299999997,47,0,0.40195406200000006,5833.0,12,0,2,0,0.0
13413,0,0.044183614,49,0,0.038203253,6700.0,12,0,0,0,1.0
13414,0,0.012064955,65,0,0.515826495,2558.0,10,0,1,0,0.0
13416,0,0.996668887,30,0,0.017849899,2464.0,2,0,0,0,0.0
13417,0,0.98640136,51,0,0.591626974,3988.0,6,0,1,0,0.0
13419,0,0.9999998999999999,67,0,1472.0,,4,0,2,0,0.0
13421,0,4.387801743,45,0,0.43337931,14499.0,9,0,1,0,2.0
13422,0,0.18351762800000002,50,0,0.553116769,3416.0,6,0,1,0,1.0
13423,0,0.020587098,65,0,0.23882325699999998,4316.0,8,0,1,0,0.0
13424,0,1.023976024,25,0,0.141905396,1500.0,2,0,0,0,0.0
13425,0,0.22932568899999997,60,0,6.1287458379999995,900.0,9,0,4,0,0.0
13426,0,0.28588435100000004,61,0,0.20095996800000002,30000.0,8,0,1,0,2.0
13427,0,0.017111296,65,0,0.27628445,8816.0,10,0,2,0,1.0
13428,0,0.22962215100000002,29,0,0.056305090999999995,5558.0,7,0,0,0,0.0
13429,0,0.062664179,61,0,1765.0,,15,0,1,0,
13430,0,0.002125501,90,0,0.001086366,7363.0,5,0,0,0,0.0
13433,0,0.144233683,30,0,0.09575649900000001,4500.0,5,0,0,0,1.0
13435,0,0.52199498,41,0,0.120775845,5000.0,4,0,0,0,0.0
13436,0,0.048674972000000004,78,2,0.187359821,12483.0,5,0,2,0,0.0
13437,1,0.8158194120000001,29,0,3.320341048,820.0,9,0,2,0,0.0
13438,0,0.0,38,0,0.059858576,6080.0,7,0,0,0,4.0
13439,0,0.033693325,82,0,0.220794059,3500.0,7,0,0,0,0.0
13441,0,0.7506246879999999,83,1,45.0,,1,0,0,0,
13442,0,0.006451093000000001,32,0,0.0029985009999999998,2000.0,4,0,0,0,2.0
13443,0,0.818020015,39,2,0.637759224,3712.0,8,0,0,0,0.0
13444,0,0.9653564290000001,50,0,0.00691609,12000.0,1,0,0,0,0.0
13447,0,0.014999,31,0,0.056095529000000005,3600.0,6,0,0,0,2.0
13448,0,0.304277143,39,0,3.050980392,254.0,9,0,0,0,2.0
13450,0,1.0653899759999998,33,0,0.156691901,7000.0,5,0,0,0,0.0
13452,0,0.9999998999999999,21,0,0.0,898.0,0,0,0,0,0.0
13453,0,0.026109561,35,0,0.084985836,6000.0,5,0,0,0,0.0
13454,0,0.045288557,62,0,0.568422055,10500.0,12,0,2,0,0.0
13455,0,0.018273641,39,0,0.254102437,6032.0,14,0,1,0,1.0
13456,0,0.0026856379999999997,86,0,0.000162588,12300.0,3,0,0,0,0.0
13457,0,0.9999998999999999,30,0,353.0,,4,0,0,0,0.0
13458,0,0.0,63,0,0.0,5000.0,1,0,0,0,0.0
13459,0,0.0,43,1,0.431508833,6905.0,12,0,1,0,1.0
13460,0,0.09459298599999999,64,0,0.278781687,15660.0,15,0,1,0,1.0
13461,0,0.8767911270000001,50,0,0.756422233,4281.0,7,0,1,1,2.0
13462,0,0.560117541,46,0,0.14671332199999998,4000.0,7,0,0,0,0.0
13465,0,0.093393512,44,0,0.264019851,8059.0,6,0,1,0,2.0
13466,0,0.385791153,45,0,0.373577437,8083.0,5,0,1,0,0.0
13468,0,0.0,68,0,83.0,,2,0,0,0,0.0
13469,0,0.89720729,51,0,5033.0,,12,0,1,0,2.0
13471,0,0.063581567,64,0,0.515260323,4455.0,8,0,2,0,0.0
13473,0,0.005333191,42,0,0.19090787899999997,7500.0,4,0,1,0,3.0
13474,0,0.680716868,64,0,0.327334533,5000.0,9,0,0,0,0.0
13477,0,0.9999998999999999,31,0,0.146189736,4500.0,5,0,0,0,0.0
13478,0,0.053321484,51,0,0.57063541,1620.0,5,2,1,0,0.0
13479,0,0.018759882,30,0,0.105725365,8767.0,4,0,0,0,2.0
13480,0,0.546502807,68,0,0.877617801,4583.0,8,0,1,0,2.0
13481,0,0.9999998999999999,50,0,0.007553877,4500.0,0,0,0,0,0.0
13482,0,0.9999998999999999,37,0,0.31873654,9750.0,5,0,1,0,0.0
13483,0,0.329720663,48,0,0.257055314,6200.0,5,0,1,0,1.0
13484,1,0.9999998999999999,37,1,0.903628792,1680.0,5,0,1,1,2.0
13485,0,0.9999998999999999,50,1,0.5065611329999999,4800.0,3,0,1,1,0.0
13486,0,0.101900245,52,0,0.09771739900000001,14500.0,6,0,1,0,2.0
13488,0,0.091642515,70,0,0.21101225399999998,5956.0,9,0,0,0,1.0
13490,0,0.717352177,32,0,0.554983338,3300.0,4,0,1,0,1.0
13491,0,0.136747813,48,0,0.6793867690000001,6000.0,21,0,1,0,2.0
13492,0,0.516921328,50,1,0.354162661,5200.0,22,0,0,0,0.0
13493,0,0.077400026,41,0,0.322669333,4000.0,8,0,1,0,2.0
13494,0,0.008944019000000001,80,0,0.003917728,2041.0,3,0,0,0,0.0
13495,0,0.015160725,38,0,0.008807427,4200.0,17,0,0,0,0.0
13496,0,0.029405628,53,0,0.251687078,4000.0,14,0,1,0,1.0
13497,0,0.39415483,33,0,0.30773538100000003,12500.0,6,0,2,0,1.0
13499,0,0.031347379,25,0,0.705882353,764.0,6,0,0,0,0.0
13500,0,0.14135167199999998,49,0,2357.0,,14,0,2,0,1.0
13501,1,0.41716566899999996,27,0,0.112313139,5083.0,6,3,0,0,0.0
13502,0,0.00502768,61,0,0.143680035,9200.0,8,0,1,0,1.0
13506,0,0.015141614,64,0,0.011005808999999998,3270.0,10,0,0,0,0.0
13507,0,0.0,36,0,0.088075283,6800.0,6,0,1,0,2.0
13508,0,0.027902776,64,0,1862.0,,9,0,1,0,0.0
13510,0,0.039022322000000005,38,0,2955.0,,13,0,2,0,0.0
13512,0,0.397429795,21,0,0.025806452,929.0,4,0,0,0,0.0
13514,0,0.20350584800000002,62,0,584.0,,6,0,1,0,0.0
13516,0,0.9999998999999999,30,0,0.0,2200.0,0,0,0,0,0.0
13517,0,0.17178718,42,0,3179.0,,5,0,1,0,0.0
13519,0,0.082739658,30,0,0.005205479,3649.0,3,0,0,0,2.0
13520,1,0.291456271,25,1,727.0,,4,0,0,0,0.0
13522,0,0.073302756,36,0,0.529433821,8000.0,6,0,3,0,0.0
13523,0,0.062949383,47,0,3161.0,,4,0,1,0,
13524,0,0.0,49,1,0.235152969,5000.0,8,0,1,0,0.0
13526,0,0.0,46,0,0.666115702,2419.0,10,1,2,2,2.0
13528,0,0.926481085,54,0,0.17595307899999998,3750.0,8,0,0,0,0.0
13529,0,0.9999998999999999,77,0,0.15345994300000002,4580.0,7,0,1,0,1.0
13530,0,0.0,46,0,0.081480495,7510.0,7,0,0,0,1.0
13532,0,0.592545831,35,1,0.289884046,2500.0,7,0,0,2,0.0
13533,0,0.734579925,40,0,0.37640363,6500.0,6,0,1,0,3.0
13534,0,0.295937295,58,0,0.619563406,6000.0,14,0,2,2,0.0
13535,0,0.054825997,85,0,0.33823748,6728.0,7,0,2,0,0.0
13536,0,0.91093608,47,0,0.076549557,3500.0,4,0,0,0,1.0
13537,0,0.014321628999999999,67,0,247.0,,6,0,1,0,
13538,0,0.059244647000000004,54,0,1521.0,,20,0,1,0,0.0
13540,0,0.009878245,43,0,0.143371326,5000.0,13,0,0,0,1.0
13541,0,0.770642528,49,0,0.728614058,6031.0,8,0,1,0,1.0
13542,0,0.123375325,43,0,0.397283531,5300.0,9,0,2,0,3.0
13543,0,0.0,45,0,863.0,,8,0,0,0,0.0
13544,0,0.11602887099999999,64,0,0.060475162,8333.0,5,0,0,0,0.0
13547,0,0.00938917,64,0,0.148303231,16000.0,15,0,1,0,0.0
13548,0,0.014710935,61,1,0.330181818,4124.0,30,0,0,0,1.0
13549,0,0.7402173190000001,68,0,0.064434985,5167.0,1,0,0,0,0.0
13550,0,0.41275569100000004,53,0,0.585379361,10833.0,18,0,2,0,1.0
13551,0,0.5549127979999999,34,0,0.243127247,8620.0,8,0,1,0,3.0
13552,0,0.152972583,54,0,0.396585762,8610.0,14,0,1,0,0.0
13554,0,0.006418925,45,0,202.0,,5,0,0,0,0.0
13555,0,0.088010384,44,0,3233.0,,6,0,1,0,0.0
13556,0,0.03525713,63,0,0.287496429,10500.0,27,0,2,0,0.0
13558,0,0.011039831000000002,52,0,0.13454060699999998,9000.0,11,0,1,0,0.0
13559,0,0.9999998999999999,45,2,0.320275776,3190.0,5,0,0,0,0.0
13561,0,0.381524341,60,0,2674.0,,10,0,2,0,0.0
13562,0,0.9999998999999999,48,0,7889.0,,8,0,2,0,4.0
13564,0,0.134987172,82,0,199.0,,5,0,0,0,
13565,0,0.183429292,68,0,921.0,,10,0,1,0,0.0
13566,0,0.929690103,32,0,0.525309735,2824.0,5,0,1,0,2.0
13567,1,1.086529722,36,2,0.277455188,3960.0,7,3,0,1,2.0
13568,1,0.92062027,44,1,0.532435508,5271.0,9,0,1,0,2.0
13571,0,0.276104936,53,0,0.5321191239999999,4062.0,17,0,1,0,0.0
13572,1,0.9999998999999999,49,0,0.241928447,4583.0,2,2,1,2,0.0
13573,0,0.073102186,40,0,0.133946421,2500.0,6,0,0,0,0.0
13574,0,0.0,49,0,0.7102528920000001,5100.0,7,0,2,1,1.0
13575,0,0.332740123,58,0,0.623821765,2333.0,4,0,1,0,2.0
13576,0,0.004032128,58,0,122.0,,9,0,0,0,0.0
13577,0,0.019427461,59,0,0.26466704399999996,5300.0,4,0,1,0,0.0
13579,0,0.074780108,45,0,0.49205087399999997,3773.0,7,0,1,0,0.0
13580,0,0.0,41,0,0.0,5000.0,5,0,0,0,0.0
13581,0,0.910464341,26,0,0.22777579399999998,2800.0,4,0,0,0,0.0
13582,0,0.318326265,44,0,2687.0,,10,0,1,0,2.0
13583,0,0.012058586999999999,74,0,0.020989505,2000.0,3,0,0,0,0.0
13584,0,0.8355717659999999,44,5,6569.0,,14,0,4,0,0.0
13586,0,0.012865592,37,0,0.36921834,4950.0,17,0,2,0,0.0
13587,0,0.5502447189999999,43,0,1686.0,,9,0,1,0,0.0
13588,0,0.12431582699999999,32,0,0.431871706,8916.0,13,0,2,0,1.0
13590,1,1.001998002,27,0,0.15315604,3120.0,4,0,0,0,0.0
13591,0,0.235450203,65,0,11300.0,,26,0,7,0,0.0
13593,0,0.04863747,51,0,0.0055928409999999994,9833.0,3,0,0,0,0.0
13595,1,0.8360273290000001,54,0,0.339688445,4300.0,5,3,1,1,0.0
13597,0,0.170410212,70,0,149.0,,5,0,0,0,1.0
13599,0,0.351847585,50,0,4535.0,,10,0,2,0,0.0
13600,0,0.38613599600000004,53,0,0.32212325,5500.0,9,0,1,0,1.0
13601,0,0.21651759,63,1,0.15987294900000001,3777.0,14,0,0,0,0.0
13602,1,0.9651293590000001,43,2,0.634815193,5870.0,8,0,1,0,4.0
13603,0,0.049878022,40,0,0.300389922,6667.0,6,0,1,0,1.0
13605,0,0.003651078,56,0,16.0,,7,0,0,0,0.0
13606,0,0.604119681,61,1,0.331976078,7858.0,7,0,1,0,0.0
13607,0,0.009377993000000001,58,0,0.33610400700000004,4691.0,11,0,2,0,1.0
13610,0,0.169072728,49,1,2627.0,0.0,9,0,1,0,2.0
13613,0,0.166026134,40,1,0.47788053,4000.0,7,0,2,0,1.0
13614,0,0.008781488,31,0,0.157280906,3000.0,4,0,0,0,1.0
13619,0,0.039585141000000004,74,0,736.0,,8,0,2,0,
13621,0,0.147557062,49,0,2941.0,,16,0,1,0,0.0
13623,0,0.022665156000000002,78,0,9.0,,4,0,0,0,0.0
13624,0,0.10408155300000001,62,1,0.834481226,4500.0,11,0,2,0,0.0
13625,0,0.042327607,73,0,0.17309340199999998,3500.0,9,0,1,0,0.0
13626,0,0.00968561,48,0,0.33689538799999996,5333.0,9,0,2,0,2.0
13627,1,0.9999998999999999,42,0,0.027506964,2871.0,1,2,0,0,1.0
13628,0,0.34665334700000006,35,0,0.288487738,2935.0,5,0,0,0,0.0
13629,0,0.574983979,59,0,0.562490532,6600.0,18,0,1,0,2.0
13630,0,1.016959419,50,2,1912.0,,3,0,2,0,0.0
13632,1,0.9999998999999999,52,0,0.385218932,3950.0,1,0,1,0,3.0
13633,0,0.590210245,52,0,0.11798033699999999,6000.0,2,0,0,0,0.0
13634,0,0.031041495,70,0,0.006952491,7766.0,5,0,0,0,1.0
13636,0,0.054989002,46,0,0.50926872,6850.0,7,0,1,0,1.0
13637,0,0.9999998999999999,50,0,0.270573758,6500.0,2,0,1,0,0.0
13638,0,0.287092823,52,0,0.214522135,4833.0,6,0,0,0,2.0
13641,0,0.007354813000000001,73,0,0.001865672,3751.0,2,0,0,0,0.0
13643,0,0.24125432800000002,62,0,223.0,,6,0,0,0,1.0
13644,0,0.013724308000000001,76,0,0.323169208,4000.0,13,0,1,0,0.0
13645,0,0.9003235209999999,37,0,1.114221445,4000.0,14,0,1,0,1.0
13646,1,0.0,63,0,3785.0,,10,1,4,0,
13647,0,0.860061038,43,0,0.606893004,9719.0,9,0,2,0,2.0
13649,0,0.055662589000000005,54,0,0.20736876399999998,9200.0,8,0,2,0,1.0
13651,0,0.11816541800000001,68,0,0.084806285,5600.0,8,0,0,0,0.0
13654,0,0.023623524,44,0,0.28953945,2800.0,4,0,1,0,0.0
13655,0,0.01475941,36,0,0.229083347,6250.0,5,0,0,0,0.0
13656,0,0.38951578299999995,45,0,3315.0,,8,0,1,0,0.0
13657,0,0.935098868,47,1,0.854058377,2500.0,5,0,1,0,1.0
13658,0,0.25207231399999996,55,0,0.149057592,19099.0,13,0,1,0,0.0
13659,1,0.949620152,50,0,0.391316767,3500.0,6,0,0,0,1.0
13660,1,0.46525312,49,1,0.594604792,5300.0,10,1,1,0,3.0
13661,0,0.565449895,34,1,0.15435660699999998,3465.0,6,0,1,0,3.0
13662,0,0.406995159,48,0,0.254002596,6932.0,7,0,2,0,2.0
13663,0,0.654137093,41,0,0.48658432700000004,9391.0,8,0,2,0,4.0
13665,0,0.084343921,40,0,0.620941892,12166.0,10,0,5,0,3.0
13666,0,0.244402203,57,0,0.460406934,25900.0,19,0,6,0,2.0
13668,1,1.016997167,37,2,0.126845992,7583.0,5,2,1,2,3.0
13670,0,0.0,37,0,0.02304323,5250.0,4,1,0,0,1.0
13673,0,0.066629471,59,0,0.259874013,10000.0,7,0,1,0,2.0
13674,0,0.18999159300000001,42,0,1976.0,,4,0,1,0,0.0
13676,0,0.056380059,40,0,0.971267808,8352.0,9,0,4,0,3.0
13678,0,0.0,46,0,0.0,,5,0,0,0,0.0
13680,0,0.23729378399999998,25,0,0.25327705,4500.0,3,0,1,0,0.0
13681,0,0.0,54,0,0.178177759,14333.0,7,0,1,0,3.0
13682,0,0.825470412,64,0,0.37274835,5606.0,10,0,2,0,0.0
13685,0,0.307138572,28,0,0.21516754899999999,1700.0,2,0,0,0,0.0
13686,0,0.0,47,0,0.43399028100000003,7407.0,9,0,1,0,2.0
13687,0,0.056090521,36,0,0.405648588,4000.0,14,0,2,0,4.0
13688,0,0.051899969000000004,64,0,0.147512057,8500.0,9,0,1,0,0.0
13689,0,0.18699138199999998,69,0,271.0,0.0,8,0,0,0,0.0
13690,0,0.065048617,45,0,0.24578670600000002,7416.0,7,0,2,0,2.0
13691,0,0.18899055,40,0,0.135172965,5000.0,5,0,0,0,0.0
13692,0,0.0,75,0,0.732484076,2825.0,9,0,2,0,0.0
13693,0,0.24027309,31,0,0.482413834,8500.0,13,0,2,1,0.0
13695,0,0.9999998999999999,57,0,0.158223684,3039.0,1,0,0,0,2.0
13696,0,0.003813965,38,0,3.771324864,550.0,11,0,1,0,0.0
13697,0,0.08258480900000001,51,0,0.01789097,4750.0,5,0,0,0,0.0
13699,0,0.053996824000000006,70,0,27.0,,6,0,0,0,
13700,0,0.001812839,73,0,0.0018596,2150.0,11,0,0,0,0.0
13701,0,0.006218754,73,0,0.291169451,2932.0,5,0,1,0,0.0
13702,0,0.141047683,82,0,0.09456264800000001,1268.0,5,0,0,0,0.0
13703,0,0.275318005,46,0,2828.0,,13,0,2,0,0.0
13704,0,0.457105129,41,0,0.22436134800000002,2700.0,7,0,0,0,2.0
13705,0,0.057868077000000004,39,0,0.021294215,8452.0,5,0,0,0,1.0
13706,0,0.41124142,29,0,0.158147128,9800.0,11,0,0,0,0.0
13707,0,0.919670014,58,1,0.455904335,6689.0,10,0,1,0,0.0
13708,0,0.966022652,36,4,0.310125432,5500.0,5,0,1,1,2.0
13709,1,0.9999998999999999,49,0,48.0,,0,0,0,0,0.0
13710,0,0.02436216,34,0,0.008202324,1462.0,2,0,0,0,0.0
13712,0,0.7524623770000001,50,0,2981.0,,2,0,1,0,2.0
13714,0,0.404184463,39,0,0.608024691,5831.0,12,0,1,0,3.0
13716,0,0.127491703,48,0,0.477964595,13500.0,7,0,2,0,4.0
13718,1,0.418623088,48,0,0.36846315399999996,10000.0,14,0,1,0,1.0
13720,0,0.029611479,42,0,0.147205866,9000.0,17,0,1,0,1.0
13721,0,0.10897820400000001,75,0,0.424175824,2274.0,5,0,1,0,0.0
13722,0,0.0030998970000000003,50,0,0.22951892699999998,9166.0,8,0,2,0,0.0
13725,0,0.15115576,41,0,3029.0,,7,0,1,0,0.0
13726,0,0.081111907,71,0,0.773217574,3800.0,14,0,1,0,0.0
13727,1,0.985657748,57,0,0.971565731,5415.0,15,0,1,0,0.0
13728,0,0.9999998999999999,23,0,0.003322259,300.0,1,0,0,0,0.0
13729,0,0.104137422,58,0,2.23938031,2000.0,6,0,2,0,2.0
13731,0,0.081963935,63,0,0.16906272600000002,12450.0,9,0,1,0,0.0
13736,0,0.9999998999999999,55,0,0.0,4000.0,1,0,0,0,1.0
13738,0,0.0036735920000000003,80,0,0.167063303,2100.0,19,0,1,0,0.0
13739,0,0.0027379870000000003,63,0,0.127715951,1886.0,4,0,0,0,0.0
13740,0,0.34988250600000004,36,0,0.7612844590000001,3300.0,7,0,2,0,1.0
13741,0,0.002429741,52,0,0.106927076,14233.0,6,0,1,0,0.0
13742,0,0.696221758,47,0,0.665992144,8400.0,14,0,3,0,2.0
13743,0,0.7318669329999999,44,2,0.829390203,3000.0,7,0,2,0,1.0
13746,0,0.660955971,66,3,0.203015428,2851.0,7,0,0,1,0.0
13747,0,0.014960329,84,0,33.0,,15,0,0,0,
13748,0,0.071507668,76,0,0.224207615,4700.0,6,0,0,0,0.0
13750,0,0.9526827959999999,39,1,0.317511686,2780.0,6,0,0,0,1.0
13751,0,0.023976803999999997,56,0,0.005221932,3446.0,7,0,0,0,0.0
13753,0,0.728470802,26,0,0.147058824,6051.0,4,0,0,0,1.0
13754,0,0.053320614,47,0,0.003310117,14500.0,4,0,0,0,2.0
13756,0,0.13126817400000002,79,0,0.343137255,8363.0,5,0,2,0,0.0
13757,1,0.0,49,4,0.386366527,7862.0,7,0,1,0,2.0
13758,0,0.461729665,52,0,0.191741472,8354.0,8,0,2,0,2.0
13759,0,0.0,73,0,0.0,2000.0,2,0,0,0,0.0
13760,0,0.0035555179999999997,71,0,0.24415117,5000.0,12,0,1,0,0.0
13761,0,0.416487235,26,0,1.112359551,800.0,7,0,1,0,0.0
13762,0,0.07838774400000001,61,0,0.229899834,18668.0,10,0,1,0,1.0
13763,0,0.49087110100000003,45,0,0.18188419,5508.0,4,0,0,0,0.0
13764,0,0.9999998999999999,63,0,6039.0,,11,0,2,0,0.0
13765,0,0.178830353,61,0,0.28527937,11167.0,7,0,2,0,1.0
13767,0,0.036459188999999996,58,0,0.128316976,2750.0,6,0,0,0,1.0
13769,0,0.06622869,67,0,0.24871742300000002,14618.0,17,0,2,0,0.0
13771,1,0.916167665,28,1,0.09483907800000001,5250.0,4,0,0,0,0.0
13772,0,0.063154444,50,0,5589.0,,9,0,3,0,2.0
13774,0,0.010724548,37,2,0.264347131,5000.0,18,0,1,0,3.0
13775,0,0.193523575,53,0,0.16260918,5380.0,3,0,0,0,5.0
13776,0,0.53396065,54,1,0.323590625,11050.0,19,0,1,0,2.0
13778,0,0.10245645099999999,70,0,0.24669137100000002,17000.0,15,0,3,0,0.0
13779,0,0.09229909,47,0,482.0,,6,0,0,0,2.0
13780,0,0.9651945390000001,45,0,0.5673227120000001,3200.0,10,0,1,1,1.0
13781,0,0.45798432899999997,27,0,0.330045321,3750.0,4,0,0,0,0.0
13782,0,0.045328050999999994,49,0,0.31296088,8000.0,5,0,1,0,3.0
13784,0,0.413603802,62,1,0.982003999,4500.0,13,0,2,0,1.0
13785,0,0.016398907,37,0,0.000999833,6000.0,3,0,0,0,1.0
13786,0,0.33614616799999997,48,1,0.35952809399999996,5000.0,14,0,1,0,1.0
13787,0,0.003957233,74,0,0.166399396,10600.0,13,0,2,0,0.0
13788,0,0.0,57,0,0.6291221920000001,6276.0,11,0,2,0,1.0
13790,0,0.51992756,71,0,0.572943836,5750.0,13,0,3,0,0.0
13792,0,0.8266346729999999,36,0,0.154601,5400.0,5,0,0,0,1.0
13793,1,0.274699204,50,2,0.12637028,3283.0,7,1,0,0,0.0
13794,1,0.35558492,40,0,0.309659785,45000.0,23,0,5,0,1.0
13795,0,0.3543812,66,0,0.674883641,5800.0,17,0,2,0,0.0
13796,0,0.041084634,49,0,0.045497830999999996,9450.0,5,0,1,0,3.0
13798,0,0.359589985,56,0,0.6130300479999999,3560.0,10,0,2,0,1.0
13799,0,0.059563609,70,0,0.313457421,6070.0,15,0,1,1,1.0
13800,0,0.078194328,39,0,0.22976456399999998,5818.0,8,0,1,1,1.0
13802,1,0.386377607,39,0,1.289177706,4000.0,13,0,2,0,2.0
13803,0,0.896269602,61,2,0.415224913,6068.0,14,0,1,0,0.0
13804,0,0.1249847,56,0,0.621186644,4162.0,19,0,2,0,1.0
13806,1,0.913448735,51,4,0.132110303,8666.0,3,1,0,0,1.0
13808,1,1.002628056,52,0,0.805892548,7500.0,16,0,1,1,0.0
13809,0,0.9010391870000001,39,0,0.44350807,7000.0,5,0,1,0,0.0
13810,0,0.36429303,61,0,0.29037677,12500.0,6,0,1,0,0.0
13814,0,0.054039958,37,0,0.46960281,3700.0,8,0,1,0,0.0
13815,1,0.9999998999999999,38,0,0.0,1000.0,0,0,0,0,1.0
13816,0,0.009622764,76,0,0.01146361,3750.0,14,0,0,0,1.0
13817,0,0.472026399,55,0,0.302542925,4600.0,4,0,1,0,1.0
13818,0,0.015102927,52,0,2154.0,,7,0,1,0,
13819,0,0.224960485,76,0,0.276552598,3944.0,5,0,1,0,0.0
13820,0,0.044696217,52,0,1193.0,,8,0,1,0,0.0
13824,0,0.0028635059999999996,31,0,311.0,,13,0,0,0,0.0
13825,0,0.389105799,44,0,0.409599127,7333.0,7,0,1,0,1.0
13826,0,0.5574146839999999,51,0,0.406752412,1243.0,4,0,0,0,0.0
13828,0,0.008272436999999999,84,0,0.179935841,3428.0,7,0,1,0,0.0
13829,0,0.581690093,54,1,0.555845002,9212.0,8,0,2,0,0.0
13830,0,0.7549952870000001,60,0,0.554251064,7750.0,23,0,2,0,0.0
13831,0,0.21774704,38,0,0.11304552400000001,8500.0,24,0,0,0,0.0
13832,0,0.188263701,57,0,0.193174955,9933.0,11,0,3,0,0.0
13833,0,0.6470865029999999,44,0,0.125083315,4500.0,8,1,0,1,5.0
13834,0,0.041265225,51,1,0.28882541899999997,2800.0,7,0,0,0,0.0
13836,0,0.9999998999999999,37,0,0.36827033200000003,1745.0,1,0,0,0,2.0
13838,0,0.08405285900000001,62,0,0.315193106,6265.0,15,0,2,0,1.0
13840,0,0.256193756,57,0,0.146239554,5025.0,8,0,1,0,2.0
13841,0,0.0,64,0,2337.0,,5,0,1,0,0.0
13842,0,0.002034966,51,2,0.337132573,5000.0,13,0,2,1,1.0
13843,0,0.004957567,60,0,0.097092019,27200.0,6,0,1,0,1.0
13844,0,0.18907289300000002,56,1,0.47201196100000004,10700.0,11,0,4,0,1.0
13845,0,0.591782909,46,0,4603.0,,8,0,1,0,0.0
13846,0,0.0,53,0,0.421883877,8800.0,14,0,3,0,0.0
13847,1,1.018497688,61,2,0.354112694,6175.0,5,3,1,0,0.0
13852,0,0.017372322,75,0,0.488284911,3200.0,18,0,3,0,0.0
13853,0,0.156210651,37,0,0.299971965,7133.0,6,0,1,0,3.0
13854,0,0.00511352,60,0,0.37221022299999995,4166.0,9,0,1,0,0.0
13856,0,0.662225183,57,0,520.0,,9,0,0,0,0.0
13857,0,0.039551032,52,0,0.18147216300000002,15500.0,25,0,1,0,4.0
13860,0,0.198072902,64,0,110.0,,6,0,0,0,0.0
13861,0,0.46414272799999995,72,0,0.758258036,6750.0,12,0,2,0,1.0
13864,0,0.8882869170000001,50,0,0.7848143459999999,15000.0,14,0,4,0,3.0
13865,0,0.05919852,43,0,0.370489523,11500.0,6,0,2,0,3.0
13866,0,0.059267745999999996,49,0,0.325150382,6150.0,10,0,1,0,0.0
13869,0,0.043997800000000004,82,0,0.00456942,5689.0,4,0,0,0,0.0
13870,0,0.099915825,44,0,0.398891967,15883.0,8,0,2,0,1.0
13872,0,0.01053703,64,0,0.08652972199999999,5500.0,6,0,0,0,1.0
13874,0,0.971495427,37,0,0.059382423,2525.0,5,0,0,1,0.0
13875,0,0.070815198,31,0,0.058054594,2600.0,5,0,0,0,0.0
13876,0,0.773725242,35,1,0.6640625,5631.0,16,0,2,0,2.0
13877,0,0.698441797,26,0,0.226073047,3750.0,8,0,0,0,1.0
13878,0,0.089771084,33,0,0.456474031,4100.0,7,0,1,0,0.0
13879,0,0.9158832440000001,58,1,0.961737565,4442.0,9,0,2,0,0.0
13880,0,0.262759458,59,0,0.132977837,6000.0,6,0,0,0,0.0
13881,0,0.45508982,23,0,0.04636291,1250.0,3,0,0,0,0.0
13883,0,0.02510316,59,0,76.0,,12,0,0,0,0.0
13885,0,0.071878125,61,0,227.0,,10,0,0,0,0.0
13887,0,0.643194764,48,0,746.0,,2,0,0,0,0.0
13888,0,0.0,42,0,0.0,2500.0,2,2,0,0,3.0
13889,0,0.266844951,65,0,1763.0,,14,0,2,0,0.0
13890,0,0.10293410300000001,35,0,0.37036296399999996,10000.0,16,0,2,0,3.0
13891,0,0.156232956,55,0,0.25314937,5000.0,12,0,2,0,1.0
13892,0,0.44454278399999997,69,0,0.389847338,8056.0,10,0,1,0,0.0
13893,0,0.967955668,32,0,0.186436098,3700.0,6,2,0,0,1.0
13895,0,0.06148754,62,0,0.393968483,12500.0,7,0,2,0,0.0
13898,0,0.513301005,67,0,1.15632012,2673.0,18,0,2,0,1.0
13899,0,0.45884033399999996,49,0,0.631065594,4100.0,14,0,2,0,0.0
13900,0,0.157242138,47,0,0.033685895,11250.0,6,0,0,0,0.0
13901,0,0.056882398,66,2,0.327726218,6895.0,13,0,1,0,0.0
13906,0,0.0,53,0,0.380455573,5750.0,7,0,2,0,2.0
13907,0,0.802452273,39,0,0.6913756240000001,5611.0,8,0,1,0,2.0
13908,0,0.046769725,62,0,0.320579111,2900.0,10,0,1,0,1.0
13909,0,0.137952585,53,0,816.0,,9,0,0,0,0.0
13910,0,0.131714731,55,0,0.154567272,13333.0,6,0,1,0,2.0
13911,0,0.02086135,70,1,0.421915617,5000.0,13,0,1,0,1.0
13912,0,0.28061591,41,0,0.255095332,6083.0,4,0,0,0,1.0
13913,0,0.135388762,44,4,0.296960861,8916.0,11,0,2,0,1.0
13914,0,0.0036862759999999996,59,1,0.0034035309999999996,4700.0,21,0,0,0,0.0
13915,0,0.265684383,40,0,0.326010707,5416.0,14,0,0,0,0.0
13916,0,0.035980077,74,0,0.09736428,5083.0,11,0,0,0,0.0
13919,0,0.0047305870000000005,45,1,0.187387062,5533.0,11,0,1,0,1.0
13920,0,0.520028776,36,3,0.263450246,6300.0,7,0,1,0,4.0
13921,0,0.002867389,89,0,0.001850139,4323.0,5,0,0,0,0.0
13922,0,0.015232826000000001,61,0,0.35207199200000006,9000.0,8,0,1,0,0.0
13923,0,0.016297243,69,0,1650.0,,7,0,1,0,0.0
13925,0,0.026062242000000003,67,0,5970.0,,15,0,2,0,0.0
13926,0,0.34180956,33,0,717.0,,12,0,1,0,0.0
13928,0,0.846902795,46,1,0.487205004,7033.0,14,0,2,0,2.0
13929,0,0.012749363,64,0,7.0,,4,0,0,0,
13930,0,0.044443394000000004,69,0,0.417321117,4583.0,8,0,2,0,0.0
13934,0,0.42596139200000005,46,0,0.808487003,4500.0,12,0,1,0,2.0
13938,0,0.508329774,28,0,0.14123006800000001,3950.0,9,0,0,0,0.0
13939,1,0.937993029,42,2,0.603777078,5400.0,9,0,1,0,2.0
13940,0,0.022098159,32,0,0.36104425100000004,5400.0,15,1,2,0,0.0
13942,0,0.8951424840000001,38,0,0.49363404899999996,5497.0,8,0,1,0,2.0
13943,0,0.9999998999999999,28,0,0.35750813600000003,2150.0,5,0,0,0,3.0
13945,0,0.001260815,55,0,0.078928071,15000.0,6,0,0,0,0.0
13948,0,0.136504127,58,0,0.450629114,12000.0,10,0,3,0,1.0
13949,0,0.37798381600000003,56,0,0.550357733,5450.0,18,0,2,0,0.0
13950,0,0.0,66,0,0.036902016,13440.0,4,0,0,0,2.0
13951,1,0.202411846,36,1,1.169201878,5324.0,19,0,2,0,1.0
13952,0,0.491111095,55,1,4864.0,,22,0,1,0,0.0
13953,0,0.023482356,40,0,0.544818394,3000.0,7,0,1,0,0.0
13955,0,0.181479417,34,0,4335.0,,5,0,2,0,0.0
13956,0,0.243683277,32,0,0.049323938,5250.0,2,0,0,0,1.0
13957,0,0.564957571,43,1,0.389681376,7500.0,6,0,2,0,0.0
13958,1,0.108741684,62,0,0.060386790999999995,7600.0,12,0,0,0,0.0
13959,0,0.198124528,29,0,0.052368454,8000.0,5,0,0,0,0.0
13960,0,0.06815612900000001,65,0,0.053094691,10000.0,13,0,0,0,1.0
13962,0,0.051788432,65,0,0.36277382399999997,7166.0,16,0,2,0,0.0
13964,0,0.8962367920000001,43,0,0.486566485,8783.0,8,0,4,0,1.0
13965,1,0.033427616,36,0,0.564356436,3938.0,11,0,1,0,0.0
13966,0,0.539164666,68,0,0.242116597,6500.0,10,0,0,0,0.0
13967,0,0.13629792699999999,89,0,476.0,,18,0,0,0,0.0
13968,0,0.9999998999999999,44,0,0.7523019870000001,24000.0,11,0,5,0,0.0
13969,0,0.155857215,42,0,3046.0,,4,0,1,0,0.0
13972,0,0.051756835999999994,54,0,0.44141006,7176.0,11,0,3,0,0.0
13973,0,0.12338607900000001,33,0,0.21543586899999997,1800.0,5,0,0,0,0.0
13974,1,1.03379662,60,1,2.646128226,1200.0,5,1,3,2,2.0
13975,0,0.0,39,0,0.06348941799999999,6000.0,7,0,0,0,0.0
13980,0,0.292736869,56,0,0.687262547,5000.0,11,0,1,0,0.0
13982,0,0.314365766,46,0,0.433729586,9000.0,23,0,2,0,0.0
13983,0,0.491845661,41,1,0.7154785840000001,6466.0,13,0,2,0,0.0
13984,0,0.031186502999999997,37,0,0.31820661100000003,9166.0,11,0,1,0,3.0
13985,0,0.060043045,41,0,0.5662347010000001,8333.0,10,0,1,0,1.0
13986,0,0.0,43,0,0.228295284,6000.0,9,0,2,0,0.0
13987,0,0.080337027,65,0,1.366641045,1300.0,8,0,1,0,1.0
13989,0,0.201276397,56,0,3065.0,,6,0,2,0,
13991,0,0.118699495,52,0,1.238467875,2427.0,13,0,1,0,1.0
13992,0,0.6222425770000001,30,0,0.321908026,3500.0,6,0,1,0,0.0
13995,0,0.13788748,57,0,0.299596282,10650.0,7,0,3,0,0.0
13996,0,0.353694949,51,3,0.257911787,4012.0,22,0,1,0,0.0
13997,0,0.997216219,58,0,0.7513939629999999,5200.0,10,0,1,0,0.0
13998,1,0.9999998999999999,42,1,914.0,,1,2,1,0,0.0
13999,0,0.0,54,0,742.0,,4,0,1,0,0.0
14001,0,0.000239433,58,0,0.000441209,4532.0,13,0,0,0,0.0
14002,0,0.199000454,24,0,0.053228621,4583.0,2,0,0,0,0.0
14004,0,0.783216783,23,0,0.028014616000000003,820.0,2,0,0,0,0.0
14005,0,0.32685864600000003,47,0,0.43324404299999997,7092.0,20,0,1,0,0.0
14006,0,0.035886503,34,0,21.0,0.0,4,0,0,0,3.0
14008,0,0.535834501,49,0,0.772204633,6000.0,12,0,2,0,0.0
14009,0,0.0,30,0,2655.0,,2,0,1,0,0.0
14010,0,0.930856201,57,0,0.38491246100000004,3883.0,3,0,1,0,0.0
14011,0,0.015887124,74,0,53.0,,4,0,1,0,0.0
14012,0,0.39966155700000006,26,0,577.0,,7,0,0,0,0.0
14013,0,0.150140208,46,0,0.507121704,7090.0,17,0,3,0,2.0
14014,0,0.0,26,0,0.131247284,2300.0,2,0,0,0,0.0
14015,0,0.9999998999999999,35,0,0.19496100800000002,3333.0,2,0,1,0,0.0
14016,0,0.150995768,45,0,0.22181484899999998,12000.0,6,0,2,0,3.0
14017,0,0.471001567,75,0,265.0,,3,0,0,0,0.0
14018,0,0.014450728000000001,61,0,3106.0,,12,0,3,0,0.0
14019,0,0.00637664,66,0,0.08552357099999999,7190.0,9,0,0,0,0.0
14020,0,0.014883963,86,0,22.0,,3,0,0,0,0.0
14022,0,0.04102327,42,0,1.142787286,2044.0,12,0,2,0,2.0
14023,0,0.199096018,47,0,0.291105121,2967.0,9,0,0,0,0.0
14024,0,0.515374231,60,0,0.19861764399999998,20833.0,13,0,3,0,1.0
14025,0,0.005768786999999999,65,0,0.157150528,5586.0,2,0,1,0,0.0
14026,0,0.33282585,50,0,0.460416104,3700.0,12,0,0,0,0.0
14027,0,0.979723349,64,0,0.402008521,6571.0,5,0,1,0,0.0
14028,0,0.025348733,66,0,0.098797762,8400.0,3,0,0,0,0.0
14029,1,1.143237841,40,1,0.310949788,4958.0,7,0,1,0,1.0
14030,0,0.248632923,63,0,546.0,,15,0,0,0,0.0
14031,0,0.9999998999999999,87,0,0.0,,5,0,0,0,0.0
14032,0,0.0,74,0,728.0,,5,0,0,0,0.0
14033,0,0.13437337,47,0,0.20779145699999998,17300.0,6,0,2,0,4.0
14034,0,0.115202174,42,0,1320.0,,3,0,1,0,0.0
14036,0,0.06170387,64,0,0.033991502,4000.0,7,0,0,0,2.0
14037,0,0.059827447,49,0,0.19847184199999998,10600.0,8,0,1,0,0.0
14038,0,0.309002724,57,1,0.420064437,9000.0,15,0,1,0,3.0
14040,0,0.11249652,64,0,0.496946839,5567.0,15,0,3,0,0.0
14043,0,0.0035407529999999998,40,0,0.293343087,4100.0,13,0,0,0,0.0
14044,0,0.996333578,34,0,0.54176663,4584.0,8,0,1,0,0.0
14048,0,0.0,44,0,0.42567657600000003,7500.0,6,0,2,0,0.0
14050,0,0.19474497699999999,66,0,0.1247501,2500.0,8,0,0,0,0.0
14053,0,0.04559886,60,0,0.017292974,37760.0,3,0,1,0,0.0
14054,0,0.006196515,59,0,2022.0,,13,0,1,0,0.0
14056,0,0.9999998999999999,62,0,0.09393832,2820.0,1,0,0,0,0.0
14057,0,0.054107123,63,2,0.010210593,4700.0,8,0,0,0,0.0
14058,0,0.270036652,39,0,0.460728851,7600.0,13,0,1,0,3.0
14060,0,0.990376203,46,1,0.338216355,6211.0,7,0,0,0,1.0
14061,0,0.909754414,42,1,0.453232615,4500.0,19,0,0,0,2.0
14062,0,0.28493802,63,0,0.223490391,10250.0,7,0,2,0,0.0
14064,0,0.088192961,57,0,0.314096294,9200.0,27,0,2,0,0.0
14065,0,0.175439343,45,0,0.633091518,3583.0,7,0,2,0,0.0
14068,0,0.10180613699999999,42,0,0.075331839,5800.0,3,0,0,0,2.0
14069,1,0.978120593,51,2,1.068515063,3750.0,11,0,2,1,0.0
14070,0,0.0,57,0,0.240447566,8400.0,5,0,1,0,0.0
14071,0,0.010208208,66,0,0.579915677,2608.0,14,0,1,0,0.0
14072,0,0.11849321300000001,57,1,4504.0,,13,0,2,0,1.0
14073,0,0.06367624200000001,35,0,0.202508635,5500.0,12,0,2,0,1.0
14074,0,0.997200187,29,0,0.789802549,4000.0,5,0,2,0,0.0
14075,0,0.81207517,56,4,0.018283582,5359.0,8,0,0,0,0.0
14076,0,0.026057191,54,0,912.0,,6,0,1,0,0.0
14077,0,0.526815093,69,3,1.468940317,1641.0,12,0,1,0,0.0
14079,0,0.159204018,64,0,0.19325153399999997,5541.0,14,0,1,0,0.0
14082,0,0.041091746,44,0,0.017818444,4152.0,7,0,1,0,0.0
14084,0,0.832412523,38,0,0.049870619000000005,4250.0,5,0,0,0,0.0
14086,0,0.157601175,72,0,5359.0,,20,0,2,0,0.0
14087,0,0.440495081,61,0,0.550336826,5343.0,7,0,2,0,0.0
14088,0,0.013069395,29,0,11.0,,3,0,0,0,
14091,0,0.026899327999999997,78,0,589.0,,4,0,0,0,0.0
14094,0,0.733729851,46,0,0.25557869699999997,3360.0,5,0,0,0,1.0
14095,0,0.015392676999999999,43,0,3566.0,,9,0,2,0,3.0
14096,0,0.420715857,50,0,0.097796883,3721.0,5,0,0,0,2.0
14097,0,0.0,51,0,0.105197401,4001.0,2,0,0,0,2.0
14099,0,0.506545212,62,0,0.266630197,18279.0,15,0,2,0,0.0
14101,0,0.97482358,72,0,0.49212696799999994,4000.0,12,0,0,0,1.0
14102,0,0.23938183100000002,43,0,0.715484805,3454.0,10,0,2,0,0.0
14103,0,0.34824237700000005,67,0,2462.0,,12,1,1,0,1.0
14104,0,0.9999998999999999,39,0,0.330757342,5822.0,7,0,1,0,1.0
14105,0,0.24685006199999998,61,0,0.385175857,11116.0,16,0,2,0,0.0
14106,0,0.9999998999999999,63,0,0.46538261299999995,1920.0,1,0,1,0,0.0
14108,0,0.0,47,0,0.8577346090000001,7000.0,10,0,5,0,0.0
14109,0,0.052145045999999994,54,0,0.480418894,9166.0,15,0,1,0,0.0
14110,0,0.701691526,41,0,0.455708858,5000.0,9,0,0,0,3.0
14112,0,0.9999998999999999,49,0,1203.0,,2,0,1,0,0.0
14114,0,0.029710586,62,0,1190.0,,4,0,1,0,0.0
14116,0,0.013599456000000001,45,0,0.002908033,2750.0,7,0,0,0,1.0
14117,0,0.188302425,45,0,0.087455006,7500.0,5,0,0,0,1.0
14118,0,0.095361616,60,0,0.248386229,7435.0,12,0,1,0,0.0
14120,0,0.083879064,46,0,0.052649117,3000.0,4,0,0,0,3.0
14123,0,0.19957244300000002,38,3,0.269715653,10866.0,11,1,2,0,1.0
14124,0,0.9999998999999999,78,0,0.9683313029999999,2462.0,3,0,2,0,0.0
14125,0,0.082117652,68,0,0.026394721,5000.0,6,0,0,0,1.0
14126,0,0.789883544,53,1,0.434556544,10000.0,13,0,2,1,0.0
14127,0,0.06019362599999999,66,0,1398.0,,10,0,0,0,0.0
14128,0,0.031304554,76,0,0.025899281,2084.0,5,0,0,0,0.0
14130,0,0.26618669100000003,26,0,193.0,0.0,8,0,0,0,0.0
14132,0,0.018560884,42,0,0.294142155,12000.0,12,0,1,0,3.0
14133,0,0.145581187,33,0,0.117344133,20000.0,10,0,3,0,1.0
14134,0,0.104312129,67,0,92.0,,2,0,0,0,0.0
14135,0,0.8598928020000001,61,1,0.24857747800000002,15113.0,6,0,1,0,2.0
14137,0,0.01859814,63,0,814.0,,3,0,1,0,0.0
14138,0,0.0,51,0,0.11446013,2620.0,2,0,0,0,5.0
14140,0,0.0,63,0,0.5387954420000001,16586.0,15,0,3,0,1.0
14141,0,0.556577369,23,0,0.049939099,820.0,2,0,0,0,0.0
14143,0,0.832246849,36,1,0.075457317,2623.0,2,0,0,0,0.0
14146,0,0.10431837199999999,49,0,0.16059067800000001,6500.0,21,0,1,0,4.0
14147,0,0.16281414,70,0,0.201510775,4500.0,25,0,0,0,0.0
14148,0,0.220726783,65,0,0.28584181399999997,5600.0,20,0,2,0,0.0
14149,0,0.033892561,30,0,0.076787714,6250.0,5,0,0,0,1.0
14150,0,0.506898566,40,0,4201.0,,8,0,1,0,1.0
14152,0,0.014389333999999998,49,0,0.46112345299999996,3150.0,8,0,1,0,2.0
14153,0,0.9999998999999999,22,0,0.0,,0,0,0,0,
14154,0,0.059873027,42,0,0.405276034,9400.0,9,0,2,0,3.0
14155,0,0.9258642229999999,59,0,0.458705894,10400.0,12,0,1,1,1.0
14156,0,0.098302825,86,0,0.017758047,6306.0,5,0,0,0,0.0
14157,0,0.007417541999999999,64,0,0.11472476599999999,9500.0,18,0,1,0,0.0
14158,0,0.1497041,62,0,0.28928336600000004,6083.0,8,0,1,0,2.0
14159,0,0.012981241000000001,70,0,0.003620066,5800.0,17,0,0,0,0.0
14160,0,0.01793805,72,0,0.00879824,5000.0,6,0,0,0,0.0
14161,0,0.9999998999999999,24,0,61.0,,0,0,0,0,0.0
14163,0,0.011688398999999999,79,0,5.0,,4,0,0,0,0.0
14164,0,0.6099454470000001,27,0,0.075452716,3975.0,7,0,0,0,0.0
14165,0,0.007873218000000001,85,0,0.0032854209999999997,2434.0,6,0,0,0,0.0
14166,0,0.045167524,59,0,4172.0,,8,0,3,0,0.0
14167,0,0.077811108,65,0,0.341374112,4642.0,3,0,1,0,0.0
14171,0,0.026574111,31,0,0.162887101,4100.0,8,0,0,0,1.0
14174,0,0.9999998999999999,50,0,2262.0,,4,0,2,0,0.0
14175,0,0.009513633,70,0,0.545155993,3653.0,9,0,1,0,0.0
14176,0,0.01377742,42,0,0.324329065,5700.0,9,0,1,0,0.0
14177,0,0.091731453,42,0,0.238414634,6559.0,5,0,2,0,0.0
14179,0,0.092424202,46,0,1221.0,,10,0,1,0,0.0
14180,0,0.601603111,44,1,0.310068993,10000.0,5,0,2,0,4.0
14181,0,0.9999998999999999,43,0,0.419410745,7500.0,3,0,2,0,2.0
14182,0,0.071613565,76,3,0.201280878,7650.0,13,0,0,0,1.0
14183,0,0.001210114,71,0,20.0,,5,0,0,0,
14184,0,0.015856363000000002,83,0,0.042866863,4408.0,11,0,0,0,0.0
14185,0,0.335586809,58,0,0.367689781,7916.0,6,0,1,0,0.0
14187,0,0.7847107640000001,44,0,0.900662252,7700.0,14,0,3,0,1.0
14188,0,0.42567419799999995,58,0,0.531493701,5000.0,13,0,2,0,0.0
14189,0,0.450236651,33,0,0.101179764,5000.0,5,0,0,0,0.0
14190,0,0.0,31,0,0.31142381,5400.0,9,0,1,0,0.0
14192,0,0.004941257,63,0,0.107135205,14000.0,12,0,1,0,1.0
14193,0,0.275008823,40,0,0.20396862,6500.0,5,0,0,0,2.0
14195,0,0.11019520099999999,55,0,0.5232790629999999,3500.0,12,0,1,1,0.0
14196,0,0.036047022000000005,67,0,30.0,,1,0,0,0,0.0
14197,0,0.21173875600000003,33,0,0.304889443,3210.0,14,0,0,0,0.0
14198,0,0.046835386,74,0,0.942528736,4001.0,15,0,2,0,0.0
14199,0,0.22792389,63,0,0.5649872570000001,5100.0,8,0,1,0,0.0
14200,0,0.010421965,46,0,2337.0,,9,0,1,0,0.0
14201,0,0.062513871,36,0,2068.0,0.0,7,0,2,0,7.0
14202,0,0.8431783820000001,64,1,4123.0,,9,0,1,0,0.0
14204,0,0.44570807100000004,58,0,0.323599739,13800.0,8,0,1,0,0.0
14206,0,0.016065596,43,0,0.235393326,8300.0,5,0,1,0,0.0
14207,1,0.98349435,38,0,0.975806452,2975.0,9,0,1,0,0.0
14209,0,0.278308247,67,0,0.489500954,11000.0,15,0,1,0,0.0
14211,0,0.803559822,49,0,1223.0,,2,0,0,0,0.0
14212,1,0.8057210020000001,31,0,0.9532799999999999,3124.0,9,0,1,0,0.0
14215,0,0.288890632,64,0,0.380003164,6320.0,10,0,2,0,0.0
14216,1,0.12819139400000001,58,1,0.38955317799999994,4766.0,7,1,2,1,1.0
14217,0,0.116285294,42,0,0.41590314100000003,9167.0,10,0,2,0,2.0
14218,0,0.022974877999999997,40,0,0.34681182,4500.0,5,0,1,0,1.0
14220,0,0.087308378,55,0,0.299487359,17165.0,19,0,2,0,1.0
14221,0,0.029032296000000003,65,0,0.019865841000000002,3875.0,13,0,0,0,0.0
14222,0,0.270948757,68,0,0.9943576390000001,4607.0,16,0,2,0,0.0
14225,0,0.30510779600000004,50,0,3331.0,,11,0,2,0,0.0
14228,0,0.33279977,62,0,0.21625,9599.0,8,0,2,0,1.0
14229,0,0.003928431,34,0,3.0,,4,0,0,0,3.0
14230,0,0.8962735820000001,27,0,0.444119795,2737.0,6,0,1,0,0.0
14232,0,0.9999998999999999,63,0,0.107648725,6000.0,1,2,0,2,0.0
14233,0,0.918643403,47,0,814.0,,3,2,0,0,0.0
14234,0,0.00409959,77,0,1.0,,7,0,0,0,0.0
14235,0,0.36616456700000005,53,0,0.369908016,4565.0,9,0,0,0,0.0
14236,0,0.22816592100000002,67,0,0.17558945899999998,3604.0,8,0,0,0,0.0
14238,0,0.072822883,60,0,0.26795803100000004,3716.0,9,0,1,0,0.0
14239,1,1.07846077,49,0,352.0,,2,3,0,0,0.0
14240,0,0.9999998999999999,45,0,0.034245719,8000.0,2,0,0,0,1.0
14241,0,0.590530236,56,0,0.398861714,6500.0,7,0,2,0,0.0
14242,0,0.527970044,46,0,0.510842517,5625.0,8,0,1,0,0.0
14243,0,0.047749457,48,0,0.138708903,8333.0,12,0,1,0,0.0
14244,0,0.13142948599999998,50,0,0.009598433,5104.0,1,0,0,0,2.0
14245,0,0.034898463,59,0,4.5211734230000005,16600.0,24,0,4,0,0.0
14248,0,0.022381074,47,0,0.178470255,6000.0,9,0,1,0,0.0
14249,0,0.9999998999999999,53,0,0.465451338,3400.0,2,0,1,1,1.0
14252,0,0.0,80,0,0.151953245,3250.0,7,0,1,0,0.0
14254,0,0.55435102,48,0,0.37368327100000004,5600.0,5,0,1,0,0.0
14255,0,0.9999998999999999,53,1,3140.0,,6,0,2,0,0.0
14256,0,0.075624555,38,1,0.296347665,4325.0,11,0,1,0,2.0
14257,0,0.42068030799999995,43,0,0.250274973,10000.0,7,0,1,0,3.0
14258,0,0.0,55,0,0.0,4333.0,3,0,0,0,0.0
14259,0,0.9999998999999999,77,0,820.0,0.0,2,0,2,0,0.0
14260,1,0.501705472,43,0,0.545671596,12983.0,16,0,5,0,3.0
14261,0,0.021387242,43,1,0.230089662,7583.0,11,0,1,0,4.0
14264,0,0.34846515299999997,48,0,3268.0,,9,0,2,0,0.0
14265,0,0.7906169270000001,52,1,0.413857143,6999.0,11,0,1,0,1.0
14266,0,0.019570031,69,0,4683.0,,6,0,4,0,0.0
14269,0,0.32807187600000004,55,0,0.348206474,8000.0,7,0,1,1,2.0
14270,0,0.061849864000000004,57,0,0.151207116,18100.0,6,0,1,0,0.0
14272,0,0.932510545,38,0,0.336598506,8166.0,8,0,1,0,1.0
14274,0,0.167200835,49,0,0.458063757,8500.0,21,0,1,0,2.0
14275,0,0.013165056999999999,51,0,0.035884084,8833.0,6,0,1,0,0.0
14277,1,0.21954562,55,0,1.9093506000000002,5250.0,18,0,6,0,0.0
14278,0,0.838516148,30,0,0.102488354,8800.0,6,0,0,0,0.0
14279,1,1.030804131,43,0,0.96955561,4072.0,11,0,3,0,0.0
14282,0,0.157352175,65,0,4518.0,,13,0,2,0,1.0
14283,0,0.385206124,62,0,0.7991767129999999,3400.0,12,0,1,0,0.0
14284,0,0.10017996400000001,66,0,0.170180723,1991.0,6,0,0,0,0.0
14285,0,0.0,41,0,5998.0,,6,0,3,0,0.0
14287,0,0.012517499999999999,68,0,31.0,,7,0,0,0,0.0
14288,0,0.423257674,51,0,0.32873425300000003,5000.0,4,0,1,0,0.0
14289,0,0.9999998999999999,47,1,0.356064841,5366.0,6,0,2,0,0.0
14290,0,0.0,75,0,0.261998871,7083.0,17,0,2,0,1.0
14292,0,0.016995824,34,0,0.009497626,4000.0,16,0,0,0,0.0
14293,0,0.035165494,79,0,32.0,,2,0,0,0,
14294,0,0.78844475,44,0,0.326360992,7218.0,6,0,1,0,2.0
14295,0,0.9999998999999999,29,0,0.093391856,4100.0,3,0,0,0,0.0
14297,0,0.072928545,52,0,0.269161542,13333.0,7,0,2,0,0.0
14298,1,1.023995201,29,0,0.225861095,1770.0,2,0,0,0,1.0
14300,0,0.933992024,61,0,0.7824752340000001,7166.0,10,0,2,0,0.0
14302,0,0.297772162,65,0,0.696185515,5950.0,18,0,5,0,0.0
14304,0,0.021619706000000002,92,0,0.343154762,3359.0,8,0,1,0,1.0
14305,0,0.555159237,60,0,0.493400155,14166.0,18,0,1,0,0.0
14306,0,0.062968516,89,0,215.0,,3,0,0,0,0.0
14307,0,0.222139657,47,0,0.644849785,1863.0,15,0,2,0,1.0
14309,1,0.108876976,26,0,1.923920052,1550.0,15,0,1,0,0.0
14310,0,0.073751265,52,0,0.1398555,13563.0,5,0,2,0,1.0
14312,0,0.9999998999999999,36,0,577.0,,4,0,0,0,0.0
14313,0,0.437360079,50,1,0.12163288,3600.0,7,0,0,0,1.0
14314,0,0.543472729,63,0,0.338727966,9700.0,26,0,1,0,1.0
14315,0,0.368280705,31,1,0.558356879,4600.0,5,0,1,0,0.0
14316,0,0.898065865,57,0,0.14827995300000002,3371.0,3,0,0,0,0.0
14317,0,0.794596725,40,1,0.77411864,4736.0,8,0,1,0,2.0
14318,0,0.574991178,61,0,0.425242131,3303.0,5,0,1,0,0.0
14321,0,0.006061352,53,0,0.001339764,3731.0,2,0,0,0,0.0
14322,0,0.12319384,70,0,1395.0,,7,0,1,0,0.0
14324,0,0.260417933,45,0,0.22822725800000002,21666.0,20,0,2,0,3.0
14326,0,0.07003509,60,0,2822.0,,5,0,1,0,0.0
14330,0,0.582198066,60,1,0.323186313,9000.0,8,0,1,0,2.0
14332,0,0.13152471,67,1,0.079153918,15033.0,5,0,1,0,0.0
14333,0,0.072532699,57,0,0.36769670200000004,3850.0,10,0,1,0,0.0
14334,1,1.051028617,61,3,0.410196601,3000.0,4,0,0,0,1.0
14338,0,0.019380102,52,1,0.280327671,8300.0,12,0,1,0,0.0
14339,0,0.239959095,56,0,3680.0,,18,0,1,0,0.0
14340,1,0.311880534,35,2,0.726420987,1600.0,11,2,0,1,2.0
14342,0,0.347314601,51,0,0.066011818,38583.0,6,0,1,0,0.0
14343,0,0.17828381,67,0,0.15916038300000002,4906.0,4,1,1,0,0.0
14344,0,0.949338529,47,2,0.472171699,2748.0,9,0,1,0,2.0
14346,0,0.630594517,73,0,0.516283853,11667.0,18,0,1,0,0.0
14348,0,0.097593988,66,0,0.322223704,7500.0,11,0,1,0,0.0
14349,0,0.078901258,54,0,0.035461938,7500.0,30,0,0,1,2.0
14350,0,0.721415529,28,0,0.286757385,3012.0,6,0,0,0,0.0
14351,0,0.290727279,46,0,0.77956596,4100.0,11,0,2,0,2.0
14352,0,0.128696022,31,0,0.204841468,7600.0,7,1,0,0,0.0
14353,0,0.001971796,74,0,79.0,,6,0,0,0,0.0
14354,0,0.435273116,83,0,0.530937141,6092.0,22,0,1,0,1.0
14355,0,0.9389676220000001,64,1,0.497233518,15000.0,6,0,2,0,3.0
14356,0,0.8339616590000001,75,1,0.659608746,4344.0,14,0,1,1,0.0
14359,0,0.065862276,46,3,0.198660045,30000.0,9,0,1,0,4.0
14360,0,0.400538732,31,0,0.157950907,3747.0,5,0,0,0,0.0
14361,0,0.49763562299999997,72,3,0.347034645,5108.0,14,0,1,1,0.0
14362,0,0.06411743,49,0,0.316032962,6916.0,23,0,0,0,2.0
14363,0,0.23173645199999998,68,0,1021.0,,6,0,1,0,0.0
14364,0,0.006456381,84,0,0.002352249,3400.0,10,0,0,0,1.0
14365,0,0.9999998999999999,43,1,0.17023049199999998,3600.0,2,0,0,0,2.0
14366,0,0.0066662959999999995,73,0,3.0,,3,0,0,0,
14367,1,0.664335664,43,0,342.0,,2,1,0,0,0.0
14368,0,0.0,70,0,0.11584648,4246.0,3,0,0,0,0.0
14369,0,0.382237978,36,0,4721.0,,5,0,1,0,0.0
14370,0,1.002333269,52,0,1.534986006,2500.0,5,0,2,0,2.0
14371,0,0.140415109,73,1,960.0,,11,0,0,0,3.0
14372,0,0.423533613,37,1,0.18427190899999998,3000.0,4,0,0,0,0.0
14373,0,0.452472976,54,0,0.503942769,12300.0,16,0,1,0,2.0
14374,0,0.98372526,32,0,0.138609225,4270.0,7,0,0,0,0.0
14375,0,0.14986438400000002,47,0,0.508397761,3750.0,17,0,2,0,0.0
14376,0,0.678309559,58,3,0.34046091700000003,4208.0,12,0,0,1,0.0
14379,0,0.11759664,47,0,0.035405872000000005,3473.0,6,0,0,0,0.0
14381,0,0.8810718940000001,61,1,0.40811865700000005,6404.0,16,0,1,0,0.0
14382,0,0.611241981,52,0,0.6832419040000001,5650.0,19,0,1,0,0.0
14383,0,0.273109995,58,0,0.31929076100000003,7500.0,8,0,1,0,3.0
14385,0,0.6293973429999999,40,0,0.46786952299999995,11250.0,12,0,1,0,2.0
14386,0,0.685373171,47,0,0.162934112,12323.0,5,0,0,0,4.0
14387,0,0.0058189999999999995,44,0,0.185257793,5100.0,24,0,1,0,2.0
14388,0,0.9999998999999999,50,0,0.09060612400000001,4800.0,2,0,1,0,8.0
14389,0,0.0,48,0,0.31132738,9966.0,6,0,2,0,2.0
14390,0,0.87634649,42,2,0.523255049,15200.0,11,0,2,0,3.0
14391,0,0.000885217,33,0,0.277865488,6333.0,8,0,1,0,0.0
14392,0,0.051041535,57,1,0.124839125,10100.0,15,0,1,0,0.0
14393,0,0.38544342299999995,59,0,0.29393939399999996,4949.0,17,0,2,0,1.0
14395,0,0.002466626,55,0,0.946301057,3500.0,15,0,2,0,2.0
14396,0,0.27890233,47,0,0.365612049,9892.0,15,0,2,0,2.0
14397,0,0.9999998999999999,54,0,0.35502563,4486.0,2,0,2,0,1.0
14398,0,0.0,63,0,0.163395761,8916.0,8,0,1,0,0.0
14399,0,0.131552635,72,0,0.014555256,1854.0,1,0,0,0,0.0
14400,0,0.038074528999999996,62,0,0.255685178,18600.0,14,0,2,0,0.0
14401,0,0.004814705,69,0,5390.0,,24,0,3,0,0.0
14402,0,0.781891656,27,0,0.233180222,3700.0,9,0,0,0,0.0
14403,0,0.603198401,26,0,0.023984011,1500.0,1,0,0,0,0.0
14405,0,0.381840292,29,0,0.25121634800000003,6165.0,6,0,1,0,1.0
14406,0,0.526473526,23,0,0.004998334,3000.0,2,0,0,0,0.0
14408,0,0.176476422,39,0,2442.0,,10,0,2,0,1.0
14409,0,0.245394232,61,1,0.26593481399999996,11750.0,21,0,1,0,0.0
14410,0,0.671290875,31,0,763.0,,8,0,0,0,0.0
14411,0,0.22958469399999998,47,0,0.288451925,6000.0,3,0,1,0,1.0
14412,0,0.396171129,71,0,0.367310012,3315.0,19,0,0,0,0.0
14413,0,0.0,70,0,0.103976894,4500.0,7,0,0,0,0.0
14414,0,0.514217946,54,0,0.135020099,4228.0,6,0,0,0,0.0
14418,0,0.084792539,42,0,0.19942668600000002,30000.0,13,0,2,0,1.0
14419,0,0.9999998999999999,85,0,0.14322064699999998,2750.0,4,0,1,1,0.0
14420,0,0.14831144,63,0,0.412797156,4500.0,5,0,1,0,0.0
14421,0,0.045099098,78,0,0.076263925,3500.0,8,0,1,0,0.0
14422,0,0.056839564,60,0,0.25839539100000003,7116.0,17,0,1,0,1.0
14423,0,0.04669533,53,0,0.328638092,11571.0,11,0,1,0,3.0
14424,0,0.050184532000000004,59,0,3125.0,,7,0,3,1,1.0
14425,0,0.419503833,43,0,0.353301804,5708.0,7,0,1,0,5.0
14426,0,0.037968855,63,0,0.17604712,4583.0,11,0,2,0,0.0
14428,1,0.9999998999999999,42,2,679.0,,1,0,0,0,1.0
14429,0,0.039730685,74,0,797.0,,2,0,1,0,0.0
14430,0,0.5340033989999999,36,1,0.398188582,6182.0,9,0,1,0,3.0
14432,0,0.054838051,85,0,61.0,,5,0,0,0,0.0
14433,0,0.9999998999999999,26,0,0.099577086,2600.0,3,0,0,0,0.0
14435,0,0.9999998999999999,52,1,742.0,0.0,1,0,1,0,1.0
14436,0,0.020215621,75,0,0.018566124,3500.0,13,0,0,0,0.0
14437,0,0.0,54,0,8.0,0.0,5,0,0,0,0.0
14441,0,0.0,77,0,0.0,,3,0,0,0,0.0
14444,0,0.528654139,61,0,1.114933542,8952.0,29,0,2,0,0.0
14446,0,0.50734912,59,0,0.345760981,5873.0,9,0,1,0,0.0
14449,0,0.0012498960000000001,50,0,2156.0,,5,0,1,0,0.0
14450,1,0.157241055,43,0,0.417263789,6000.0,20,0,1,0,0.0
14451,0,0.138373504,64,0,0.2488397,2800.0,6,0,1,0,0.0
14455,0,0.25660456800000003,58,0,0.667586969,1810.0,4,0,0,0,0.0
14456,0,0.6001999,70,2,0.424484774,3250.0,9,0,2,0,0.0
14457,0,0.327771534,62,0,0.575823224,4615.0,7,0,2,0,0.0
14458,0,0.9999998999999999,77,0,0.0,,1,0,0,0,0.0
14459,0,0.128657137,67,0,0.35613779700000003,6182.0,7,0,1,0,1.0
14460,0,0.19759057600000002,50,3,0.498976034,18066.0,15,1,2,0,0.0
14461,0,0.182053288,61,0,0.46595520799999995,6652.0,15,0,2,0,0.0
14462,0,0.045957275,72,0,27.0,,5,0,0,0,0.0
14463,0,0.300771208,59,0,0.238320305,5500.0,8,0,1,0,2.0
14465,0,0.9999998999999999,23,0,0.0,,1,0,0,0,
14466,0,0.01461476,33,0,0.264716772,2700.0,11,0,0,0,3.0
14467,0,0.176562174,60,0,0.11364097,14800.0,16,0,2,0,2.0
14468,0,0.189950924,58,0,0.28963011899999996,9083.0,13,0,2,0,1.0
14469,0,0.0,62,0,16.0,,1,0,0,0,0.0
14470,0,0.040651177000000004,62,0,0.306227815,6197.0,9,0,1,0,0.0
14471,0,0.00019259,62,0,1188.0,,8,0,2,0,1.0
14472,0,0.308867112,43,0,0.191476156,29000.0,15,0,3,0,4.0
14473,0,0.474632761,31,0,0.472263868,2000.0,6,0,0,0,3.0
14475,0,0.175553144,68,0,1617.0,,7,0,1,0,0.0
14477,0,0.084698442,33,0,0.17748225199999998,10000.0,16,0,1,0,0.0
14479,0,0.534186325,56,0,0.019436346,2057.0,1,0,0,0,0.0
14480,0,0.147904341,46,0,731.0,,9,0,0,0,0.0
14481,0,0.9999998999999999,33,0,1054.0,,4,0,0,0,0.0
14483,0,0.03787764,43,0,0.644441929,8833.0,8,0,3,0,3.0
14484,0,0.078112795,40,0,0.37872869299999995,5631.0,5,0,2,0,3.0
14485,0,0.5481544,70,0,0.912309935,4800.0,15,0,1,0,0.0
14486,1,0.9999998999999999,31,0,189.0,,1,1,0,0,0.0
14487,0,0.873049495,58,5,0.472329247,5709.0,13,2,0,2,1.0
14488,0,0.073094868,26,0,0.003737542,2407.0,3,0,0,0,0.0
14489,0,0.00344062,56,0,0.34277917700000005,9527.0,9,0,2,0,2.0
14491,0,0.0,51,0,0.420971935,15000.0,6,0,2,0,4.0
14492,0,0.156642168,46,0,0.043666667,14999.0,8,0,1,0,3.0
14493,0,0.24454626699999998,33,0,0.61473306,3895.0,6,0,1,0,0.0
14494,0,0.898299595,56,0,0.574836017,10061.0,13,0,2,0,2.0
14495,0,0.056280878,86,0,0.81651546,5400.0,14,0,5,0,0.0
14496,0,0.484351565,46,0,0.275504536,5400.0,3,0,1,0,0.0
14497,0,0.041665448,46,0,1.604697651,2000.0,5,0,1,0,0.0
14500,0,0.14733825,76,3,0.49773863399999996,4200.0,14,0,1,1,0.0
14502,0,0.3436571,64,0,0.253621789,10353.0,5,0,2,0,0.0
14503,0,0.631793585,33,0,0.484621155,5331.0,5,0,1,0,2.0
14504,0,0.065362714,79,0,220.0,,5,0,0,0,0.0
14505,0,0.008249794,71,0,0.001999556,4500.0,4,0,0,0,0.0
14506,0,0.687815882,49,1,0.348047372,10216.0,21,0,2,0,2.0
14507,0,0.624194629,33,0,0.6466766620000001,2000.0,7,0,1,1,5.0
14508,0,0.100651613,45,0,1736.0,,4,0,1,0,0.0
14509,0,0.023211067999999998,60,1,0.484543011,5951.0,21,0,3,0,0.0
14510,0,0.025290329,52,0,0.655868826,5000.0,14,0,3,0,1.0
14511,0,0.514686189,38,0,0.714761746,3000.0,9,0,2,0,0.0
14512,0,0.053592012,43,0,0.16932079100000003,13500.0,10,0,2,0,5.0
14513,0,0.18011759800000002,79,0,0.398991857,2578.0,6,0,1,0,0.0
14516,0,0.019108819,62,0,1942.0,,17,0,2,0,2.0
14519,0,0.045719392000000005,63,0,2369.0,,23,0,2,0,0.0
14521,0,0.061252499999999994,47,0,0.176022538,9583.0,2,0,1,0,3.0
14522,0,0.815681917,46,1,0.557875264,7567.0,15,0,3,0,2.0
14523,0,0.0,67,0,0.401449819,8000.0,10,0,3,0,0.0
14527,0,0.354876728,39,0,0.333666619,7000.0,10,0,1,0,2.0
14529,0,0.6118158370000001,53,0,0.158221595,7084.0,14,0,0,0,0.0
14530,0,0.025878965,50,0,0.330022918,5235.0,6,0,2,0,1.0
14531,0,0.056749408,63,0,0.247986331,4096.0,9,0,1,0,0.0
14532,0,0.0017180239999999999,43,0,0.017991003999999998,2000.0,4,0,0,0,0.0
14534,0,0.08281258,56,0,6902.0,,24,0,2,0,0.0
14536,0,0.008888641999999999,85,0,723.0,,5,0,1,0,0.0
14537,0,0.295483787,51,0,0.39346313200000005,12788.0,13,0,4,0,1.0
14538,0,0.043359695,53,0,0.447570332,4300.0,5,0,2,0,2.0
14539,0,0.438562071,54,0,0.9198704409999999,7100.0,22,0,2,0,1.0
14540,0,0.061261589000000005,28,0,0.079912558,4116.0,5,0,0,0,0.0
14541,0,0.052421061,69,0,0.013712718999999998,2916.0,2,0,0,0,0.0
14543,0,0.090095257,57,0,825.0,,10,0,0,0,0.0
14546,0,0.08999788199999999,53,0,113.0,,6,0,0,0,0.0
14548,0,0.40360772100000003,73,0,0.649653979,1155.0,11,0,0,0,0.0
14550,0,0.0,65,0,0.169280878,11666.0,7,0,1,0,0.0
14551,0,0.33675243,38,0,0.294201657,3500.0,8,0,0,0,2.0
14552,0,0.26915027199999997,38,0,0.06382299799999999,9400.0,10,0,0,0,1.0
14553,0,0.083338308,45,0,0.654385393,3066.0,9,0,2,0,2.0
14554,0,0.110485355,60,0,209.0,,6,0,0,0,0.0
14555,0,0.9999998999999999,38,0,1201.0,,5,0,1,0,0.0
14558,0,0.0019417000000000002,63,0,1933.0,,8,0,1,0,0.0
14559,0,0.19544592,34,0,0.25793551600000003,4000.0,11,0,0,0,1.0
14561,0,0.569407604,62,0,0.680841048,6372.0,14,0,2,0,0.0
14563,0,0.003123598,52,0,0.000642811,14000.0,13,0,0,0,0.0
14564,0,1090.0,52,0,0.22637249199999998,15500.0,8,0,2,0,2.0
14565,0,0.008392013,49,0,0.001318764,5307.0,3,0,0,0,0.0
14566,0,0.558865641,58,2,0.375937467,9466.0,17,0,1,1,1.0
14567,0,0.6074364879999999,48,0,0.45971052100000004,4628.0,18,0,1,0,0.0
14568,0,0.299301672,37,0,0.37324216200000004,7750.0,10,0,3,0,2.0
14569,0,0.122104886,46,0,2632.0,,5,0,2,0,0.0
14570,0,0.279885266,60,0,0.267495973,11173.0,14,0,3,0,0.0
14571,0,0.04357791,51,0,40.0,,4,0,0,0,
14574,0,0.0,44,2,825.0,,11,4,0,2,0.0
14576,0,0.449234067,55,0,0.482886905,5375.0,18,0,1,0,0.0
14577,0,0.082657483,30,0,460.0,,9,0,0,0,0.0
14578,0,0.949072633,65,0,0.865658015,7666.0,17,0,1,0,0.0
14579,0,0.9999998999999999,61,0,0.22450268399999998,3166.0,3,0,0,0,2.0
14580,0,0.062298329000000006,58,0,0.6052444060000001,7016.0,6,0,1,0,0.0
14581,0,0.9999998999999999,29,0,0.231547017,2966.0,4,0,0,0,0.0
14586,0,0.63384154,59,0,0.409174634,11400.0,9,0,2,0,0.0
14587,0,0.9999998999999999,37,0,0.0,1500.0,0,0,0,0,0.0
14588,0,0.12249784300000001,63,0,0.272371102,6380.0,8,0,1,0,0.0
14589,0,0.490883332,64,0,1.819556806,2842.0,13,0,2,0,0.0
14590,0,0.301028211,48,0,3481.0,0.0,6,0,1,0,2.0
14591,0,0.142450142,62,1,0.184665227,8333.0,7,0,1,0,1.0
14593,0,0.027903688,41,0,1967.0,,11,0,2,0,0.0
14594,0,0.0,38,0,0.599005671,12872.0,11,0,6,0,0.0
14596,0,0.286822755,50,0,0.06238412,9168.0,13,0,0,0,1.0
14598,0,0.004488789,48,0,0.22797191100000003,11961.0,8,0,2,0,2.0
14599,0,0.31375195300000003,56,0,4217.0,,10,0,3,0,1.0
14600,0,0.071781568,35,0,0.203349581,8000.0,8,0,1,0,0.0
14601,0,0.9999998999999999,75,0,35.0,,3,0,0,0,0.0
14602,0,0.024848758,52,0,5750.0,,7,0,2,0,0.0
14604,0,0.0,55,1,1055.0,,6,0,1,0,0.0
14605,0,0.230242805,74,0,0.054986253,4000.0,3,0,0,0,0.0
14610,0,0.046474046,73,0,1634.0,,7,0,1,0,
14611,0,0.499869534,49,0,1288.0,,3,0,0,0,2.0
14613,0,0.0,47,0,0.963678774,3000.0,12,0,3,0,0.0
14614,0,0.624375624,65,2,0.202109939,1800.0,3,0,0,0,0.0
14615,0,0.0,46,0,0.253968254,8000.0,18,0,2,0,2.0
14616,1,0.39937076899999996,64,0,0.883748517,5900.0,22,0,2,0,1.0
14617,0,0.032261677,28,0,177.0,,16,0,0,0,0.0
14618,0,0.017014899,29,0,0.015873016,4850.0,10,0,0,0,0.0
14619,0,0.035926005,29,0,0.8214447979999999,2200.0,9,0,1,0,1.0
14620,0,0.9999998999999999,43,0,0.5496643139999999,5808.0,2,0,2,0,2.0
14621,0,0.14171439,49,0,0.378405151,6056.0,5,0,1,0,0.0
14624,0,0.289060993,47,0,1.118255473,5800.0,13,0,3,0,0.0
14626,0,0.428698094,28,0,0.278785635,2700.0,7,0,0,0,0.0
14627,0,0.47605901700000003,61,0,0.312009761,17210.0,9,0,1,0,0.0
14629,0,0.9999998999999999,66,0,0.584548892,1850.0,7,0,0,0,0.0
14631,1,0.7520564040000001,38,1,0.023323615,2400.0,4,0,0,0,2.0
14632,0,0.007549623,90,0,14.0,,5,0,0,0,
14634,0,0.42348347799999997,30,0,710.5,1.0,8,0,2,0,2.0
14636,0,0.020200603,70,0,0.284126206,6116.0,12,0,2,0,1.0
14638,0,0.07682127,38,1,0.57117595,7916.0,7,0,2,0,2.0
14639,0,0.00329153,53,0,0.209717688,5206.0,2,0,1,0,0.0
14640,0,0.004539175,57,1,0.16876866899999998,6025.0,8,0,1,0,0.0
14642,0,0.166736105,41,0,0.037211886,3600.0,3,0,0,0,0.0
14643,1,0.541352643,63,1,4206.0,,7,0,1,1,0.0
14644,0,0.0,40,0,568.0,,3,0,0,0,3.0
14645,0,0.102989694,48,0,3029.0,,9,0,1,0,0.0
14646,0,0.010923661000000001,58,0,3216.0,,9,0,1,0,0.0
14647,0,0.201677685,77,0,0.483360611,1832.0,14,0,0,0,0.0
14648,0,0.081885626,56,0,0.306841742,4340.0,13,0,1,1,0.0
14649,0,0.25073065699999997,27,1,3.2196339430000003,600.0,3,0,1,0,0.0
14651,0,0.028995167000000002,89,0,0.0023992320000000003,2083.0,2,0,0,0,0.0
14652,0,0.47685881700000005,52,0,0.557270654,5700.0,15,0,1,0,3.0
14653,0,0.203516738,31,0,0.418089525,6500.0,8,0,3,0,0.0
14655,1,0.822340792,53,0,0.49801180899999997,8298.0,15,1,2,0,0.0
14656,0,0.28923967,52,0,0.23562183899999997,11666.0,6,0,1,0,0.0
14660,0,0.063305474,70,0,0.161139654,2140.0,7,0,1,0,1.0
14661,0,0.6350991420000001,63,1,3458.0,,7,0,2,0,0.0
14662,0,0.373824143,47,1,0.148051269,3822.0,5,0,0,0,5.0
14663,0,0.046658807000000004,44,1,1.395442852,2720.0,10,0,1,0,1.0
14665,0,0.736305546,62,0,0.258860012,6771.0,6,0,1,0,4.0
14666,0,0.280571179,52,0,0.25491297,10685.0,13,2,2,0,3.0
14667,0,0.104526365,30,1,0.500090893,5500.0,9,0,1,0,0.0
14668,0,0.416473153,43,1,0.161032689,5383.0,14,0,0,0,3.0
14669,0,0.569363708,32,2,0.649189069,4500.0,10,0,1,2,2.0
14670,0,0.48740364700000005,57,0,0.269536829,4900.0,10,0,0,0,0.0
14672,0,0.03169683,59,0,0.001999556,4500.0,2,0,0,0,0.0
14673,0,0.051004170999999994,50,0,207.0,,12,0,0,0,
14675,1,1.247375628,35,2,0.7932592079999999,2877.0,5,1,2,2,0.0
14676,0,0.043376526,62,0,0.269121813,6000.0,9,0,2,0,0.0
14677,0,0.10112891800000001,65,0,0.324632953,16550.0,10,0,2,0,0.0
14679,0,0.0,28,0,0.627798022,1920.0,7,0,0,0,0.0
14682,0,0.09243025199999999,78,0,0.036071273,2300.0,1,0,0,0,0.0
14683,1,0.9999998999999999,28,2,0.270331667,2200.0,7,1,0,0,0.0
14684,0,0.044701155,66,0,2858.0,,4,0,1,0,1.0
14685,0,0.9999998999999999,69,0,0.0,,3,0,0,0,0.0
14686,0,0.06002869999999999,38,0,0.775215297,6850.0,10,0,2,0,1.0
14692,0,0.319131519,47,0,1.0102328859999998,2833.0,28,0,2,0,2.0
14693,0,0.0,76,0,403.0,0.0,7,0,0,0,0.0
14696,0,0.012731631,56,1,5528.0,,11,0,2,0,
14697,0,0.037847182,73,0,1851.0,,8,0,1,0,0.0
14698,0,0.9999998999999999,62,1,1287.0,,4,0,1,0,0.0
14700,0,0.7874940490000001,44,1,0.575576175,3340.0,5,0,1,0,0.0
14702,0,0.807669066,48,3,6446.0,,17,0,2,0,2.0
14703,0,0.5367847410000001,27,1,0.816873933,4100.0,3,0,1,0,0.0
14704,0,0.082328999,54,1,0.18887711899999998,9439.0,6,0,1,0,3.0
14705,0,0.9169435220000001,39,0,0.107831469,4200.0,3,0,0,0,1.0
14706,0,0.029550671,63,0,0.00742645,10502.0,3,0,0,0,2.0
14707,0,0.349494245,54,1,0.319180358,5416.0,6,0,2,0,1.0
14708,0,0.001199931,62,0,0.11565921,2100.0,4,1,0,0,1.0
14710,0,0.045434732,49,0,4258.0,,13,0,4,0,0.0
14711,0,0.047743630999999995,43,1,2305.0,,13,0,3,0,0.0
14713,0,0.407581885,34,0,0.21110646,7166.0,6,0,0,0,0.0
14714,0,0.540918164,24,0,0.002022245,3955.0,1,0,0,0,0.0
14716,0,0.06341549,73,0,0.09422644300000001,4000.0,5,0,0,0,1.0
14717,0,0.153785528,57,2,0.700219255,5016.0,9,0,2,0,0.0
14718,0,0.46107784399999996,26,0,0.199127907,1375.0,2,0,0,0,0.0
14719,0,0.557352957,66,0,0.296044066,9984.0,10,0,1,0,1.0
14721,0,0.9999998999999999,59,0,0.105244738,20000.0,5,0,0,0,1.0
14722,0,0.9999998999999999,37,0,0.275538287,6176.0,3,0,1,0,0.0
14723,0,0.141403416,38,0,0.676476517,4960.0,3,0,1,0,1.0
14724,0,0.079269845,32,0,0.365817681,10168.0,10,0,2,0,0.0
14725,1,0.79122319,47,1,0.08595063900000001,22000.0,13,0,1,0,3.0
14728,0,0.015326993999999998,46,0,0.34214619,4500.0,7,0,1,0,1.0
14729,0,0.085283278,75,0,0.08846504,20866.0,4,0,1,0,0.0
14730,0,0.0038461190000000003,61,0,0.0013871229999999999,8650.0,12,0,0,0,0.0
14731,0,0.22252591600000002,58,0,0.414206863,8333.0,7,0,2,0,0.0
14732,0,0.02461504,68,0,0.22860140899999998,6670.0,20,0,2,0,0.0
14733,0,0.19996457399999998,46,1,0.384682449,14910.0,13,0,1,0,0.0
14734,0,0.074518847,43,1,1294.5,1.0,19,0,2,0,2.0
14735,0,0.042545310999999995,54,0,0.34585668799999997,6600.0,7,0,2,0,1.0
14736,0,0.8548580570000001,41,0,372.0,,5,0,0,0,0.0
14738,0,0.07755364099999999,49,0,0.42137054799999996,4800.0,10,0,2,0,3.0
14739,0,0.113656088,39,0,0.17723523,12000.0,10,0,1,0,2.0
14740,0,0.072966404,72,0,0.606211656,2607.0,15,0,2,0,0.0
14741,0,0.007287472,67,0,7.0,,4,0,0,0,0.0
14744,0,0.46348280799999997,37,0,0.671181102,3174.0,10,0,1,0,0.0
14745,0,0.11834495,66,0,0.471914406,2616.0,9,0,1,0,0.0
14746,0,0.006874761,81,0,720.0,,6,0,1,0,
14747,1,0.928791475,45,0,0.138312415,8046.0,7,0,0,0,2.0
14748,0,0.178055168,68,0,1.35474661,1400.0,8,0,3,0,0.0
14749,0,0.018638371,89,0,20.0,,5,0,0,0,
14750,0,0.526496529,59,1,3984.0,,14,0,1,0,0.0
14751,0,0.066973629,48,0,0.026143791,2600.0,2,0,0,0,0.0
14752,0,0.523047695,70,1,0.37731519399999996,6100.0,8,0,1,0,1.0
14753,0,0.03159684,61,0,0.7324225259999999,3000.0,4,0,1,0,0.0
14754,0,0.062162045,62,0,0.16576656,9072.0,9,0,1,0,2.0
14755,0,0.30162111199999997,45,0,0.506721475,9000.0,11,0,2,0,4.0
14756,1,0.875303528,35,1,0.426428679,6666.0,11,0,1,0,2.0
14757,0,0.052537701,68,0,560.0,,2,0,0,0,0.0
14758,0,0.039140414,43,0,0.012426796,7000.0,4,0,0,0,3.0
14759,0,0.036518563999999996,26,0,0.183901919,1875.0,3,0,0,0,0.0
14760,0,0.317608306,36,0,0.565743426,10000.0,14,0,1,0,0.0
14762,0,0.076928205,88,0,2.279373368,382.0,2,0,1,0,0.0
14763,0,0.626974093,43,0,0.666476218,7000.0,7,0,2,0,3.0
14764,0,0.036380081,66,0,0.113703457,10500.0,8,0,1,0,0.0
14765,0,1.007992008,22,0,0.032258065,929.0,2,0,0,0,0.0
14768,0,0.60745237,47,1,0.607656669,4100.0,5,0,2,0,2.0
14769,0,0.080799975,67,0,3584.0,,6,0,3,0,0.0
14770,0,0.6903154840000001,46,0,0.492218764,6746.0,5,0,3,0,2.0
14774,0,0.071059369,40,0,0.85994832,3869.0,13,0,3,0,2.0
14775,0,0.854096408,66,0,0.495945411,10111.0,19,0,3,0,0.0
14776,0,0.352102994,32,0,0.24381778699999998,2304.0,3,0,0,0,0.0
14780,0,0.09286099800000001,34,0,0.235697093,5400.0,8,0,0,0,1.0
14781,0,0.595315299,60,0,0.348507688,9950.0,11,0,2,0,0.0
14782,0,0.021324789,68,0,0.104505465,3750.0,7,0,0,0,0.0
14783,0,0.19651437600000002,63,0,0.19222462199999998,4166.0,5,0,1,0,0.0
14787,0,0.633712081,48,0,0.34598425200000005,6349.0,6,0,1,0,3.0
14788,1,0.9999998999999999,23,98,0.0,,0,98,0,98,0.0
14789,0,0.160268671,50,0,1.861942761,16666.0,28,0,16,0,3.0
14790,0,0.038794281,66,0,0.30578877600000004,4525.0,11,0,1,0,0.0
14792,0,0.074679629,54,0,729.0,,9,0,2,0,
14794,0,0.615084278,29,0,0.30180699699999997,2600.0,8,0,0,0,0.0
14795,0,0.007055886999999999,57,0,1885.0,,8,0,1,0,0.0
14796,0,0.031994182999999995,28,0,0.110317656,4060.0,2,0,0,0,0.0
14798,0,0.282495667,35,0,0.038725796,1600.0,3,0,0,0,0.0
14799,0,0.9520958079999999,23,0,15.5,1.0,1,1,0,0,0.0
14800,0,0.025312061,58,0,0.011506556000000001,3736.0,7,0,0,0,0.0
14801,0,0.5839169679999999,75,0,0.17761692699999998,7183.0,9,0,1,0,1.0
14802,0,0.9999998999999999,42,2,0.40281943600000003,3333.0,3,0,1,0,0.0
14803,0,0.072464251,52,0,0.00706445,9200.0,2,0,0,0,2.0
14804,1,0.37763749700000004,31,1,1.378232387,8700.0,13,0,6,4,2.0
14805,0,0.48230118,45,0,0.302855238,9000.0,7,0,1,0,0.0
14806,0,0.003185784,63,1,2042.0,,10,0,2,0,0.0
14807,0,0.0,69,0,1724.0,,16,0,1,0,0.0
14809,0,0.081616386,60,0,206.7272727,10.0,10,0,1,0,0.0
14810,0,0.244482002,35,0,0.299625468,5606.0,12,0,2,0,0.0
14811,0,0.098538029,57,0,0.32141325800000003,11660.0,7,0,2,0,1.0
14812,1,0.117926415,52,0,0.248416843,9000.0,14,0,2,0,3.0
14813,0,1.051092188,35,3,0.413958929,7693.0,10,0,1,0,0.0
14815,0,0.024325225,68,0,0.501921599,1300.0,8,0,0,0,1.0
14816,0,0.59542052,49,0,4137.0,,5,0,1,0,
14817,0,0.034432167,69,0,1317.0,,15,0,2,0,0.0
14818,0,0.135270263,64,0,0.14557088599999998,5000.0,8,0,1,0,0.0
14821,0,0.039235626,43,0,183.0,,6,0,0,0,0.0
14822,0,0.001333222,36,0,0.295282469,5150.0,3,0,1,0,1.0
14823,0,0.05752107,32,0,2180.0,,3,0,1,0,0.0
14824,0,0.9999998999999999,68,0,0.09640561800000001,4200.0,1,0,0,0,0.0
14825,0,0.9999998999999999,64,1,0.0,2400.0,1,1,0,0,0.0
14826,0,0.047124770999999996,33,0,0.336547085,4459.0,8,0,1,0,0.0
14827,0,0.035682806,46,0,0.613948033,11083.0,13,0,4,0,2.0
14828,0,0.7337510829999999,39,2,1044.0,,5,0,0,0,0.0
14830,1,0.246941495,50,0,0.059129390999999996,15000.0,11,0,0,1,0.0
14831,0,0.9466455359999999,39,0,0.33650959399999997,7660.0,7,0,1,0,3.0
14832,1,1.041636,60,1,0.10413728300000001,4253.0,7,1,0,0,0.0
14833,0,0.079328045,58,0,1293.0,,3,0,1,0,
14834,0,0.03359916,53,0,0.015993603000000002,2500.0,8,0,0,0,0.0
14838,0,0.045104627,67,0,1542.0,,7,0,2,0,0.0
14839,0,0.0,54,0,1958.0,,14,0,1,0,0.0
14840,0,0.016306838,53,0,24.0,,7,0,0,0,0.0
14843,0,0.023485042999999997,35,0,0.006664815,3600.0,2,0,0,0,2.0
14844,0,0.003245161,58,0,0.0025831179999999997,12000.0,5,0,0,0,0.0
14846,0,0.039356206,47,0,0.256293308,11400.0,6,0,1,0,1.0
14847,0,0.133361616,37,0,0.541721224,8400.0,20,0,2,0,1.0
14848,0,0.842463015,52,1,0.22592469199999998,3000.0,5,0,0,0,1.0
14851,0,0.401893568,59,0,245.0,,6,0,0,0,0.0
14852,0,0.043801843,59,0,0.315094579,7876.0,7,0,1,0,2.0
14853,0,0.02839858,71,0,1312.0,,5,0,1,0,0.0
14854,0,0.20095980800000002,55,0,830.0,,11,0,1,0,1.0
14855,0,0.043227957000000004,66,0,0.131029518,4166.0,5,0,1,0,0.0
14856,0,0.4959269,43,0,1090.5,1.0,10,0,2,0,2.0
14857,0,0.006875698,82,0,0.110377924,5000.0,8,0,0,0,0.0
14859,0,0.047440678,61,0,119.0,,4,0,0,0,0.0
14861,0,0.407376785,41,0,0.8541010920000001,5400.0,19,0,2,0,1.0
14862,0,0.971490339,47,0,1213.0,,6,1,0,1,0.0
14864,0,0.01359268,48,1,0.282930313,9800.0,7,0,1,0,0.0
14865,0,0.018536679,32,0,0.488751875,6000.0,18,0,2,0,0.0
14866,0,0.043454528,40,0,0.8755155609999999,8000.0,16,0,3,0,1.0
14867,0,0.024693088,69,0,0.069474442,8333.0,13,0,1,0,0.0
14868,0,0.8905785909999999,41,3,0.387021475,6425.0,10,0,1,0,2.0
14871,0,0.01589841,30,0,0.464724364,3500.0,10,0,1,0,0.0
14872,0,0.110791137,48,0,0.27453435600000003,6388.0,3,0,1,0,1.0
14873,1,0.451385582,48,0,660.0,,4,0,0,0,0.0
14874,0,0.9999998999999999,71,0,0.0,,3,0,0,0,0.0
14875,0,0.000571401,55,0,0.329622266,2514.0,4,0,1,0,2.0
14878,0,0.010577376999999999,51,0,847.0,,11,0,1,0,0.0
14879,0,0.0,25,0,0.0,2100.0,1,0,0,0,0.0
14880,0,0.9999998999999999,62,0,0.677553741,6000.0,9,0,1,0,4.0
14881,0,0.376196108,37,0,104.0,,5,0,0,0,0.0
14882,0,0.056575263,58,0,0.167255595,5093.0,6,0,1,0,0.0
14883,0,0.15441636,53,0,0.377905524,4000.0,11,0,1,0,3.0
14884,0,0.097844905,48,0,0.19759698899999997,6907.0,4,0,1,0,4.0
14885,0,0.07954909,49,0,0.37602269,9166.0,16,0,2,0,3.0
14887,0,0.013999600000000001,83,0,13.0,,3,0,0,0,1.0
14889,0,0.893511423,45,0,0.399935373,9283.0,5,0,2,0,2.0
14891,0,0.227428928,26,0,0.014989293,1400.0,2,0,0,0,0.0
14892,0,0.0,64,0,139.0,,8,0,1,0,0.0
14893,0,0.010861113,75,0,0.183106999,6700.0,18,0,1,0,0.0
14894,0,0.011287944,88,0,19.0,,5,0,0,0,0.0
14895,0,0.726629052,34,1,0.328459289,6496.0,7,0,1,0,3.0
14897,0,0.082211433,60,0,718.0,,11,0,0,0,0.0
14898,1,0.814226925,45,2,0.251772405,5500.0,4,3,0,3,3.0
14899,0,0.9999998999999999,45,0,2049.0,,4,1,1,1,0.0
14900,1,0.9999998999999999,56,98,0.0,,0,98,0,98,0.0
14901,0,0.09706133,33,0,0.198360328,5000.0,5,0,1,0,0.0
14902,0,0.097628539,88,0,43.0,,4,0,0,0,
14907,0,0.5088522560000001,55,0,0.331252076,15054.0,10,0,2,0,1.0
14908,1,0.446650479,47,0,0.39589442799999996,3750.0,4,1,1,2,1.0
14909,0,0.14815092900000001,48,0,6.826347305,500.0,14,0,3,0,2.0
14910,1,0.263988132,56,0,1.382923415,5000.0,13,0,4,0,0.0
14912,0,0.394480276,60,0,0.570791909,5833.0,7,0,1,0,0.0
14913,0,0.042570212,53,0,0.248706087,21832.0,8,0,3,0,1.0
14915,0,0.09839056199999999,61,0,0.86902183,6000.0,19,0,3,0,1.0
14916,0,0.028052585,34,0,0.165074428,4500.0,11,0,1,0,1.0
14918,0,0.024602394,82,0,0.015022861,1530.0,5,0,0,0,0.0
14919,0,0.08190536799999999,75,0,4853.0,,8,0,4,0,
14920,1,0.521339361,57,1,0.672661871,1389.0,7,1,0,0,0.0
14921,0,0.245564941,55,0,0.291529781,7000.0,13,0,2,0,0.0
14923,0,0.215098113,56,0,0.293268163,4500.0,5,0,2,0,0.0
14924,0,0.140426448,39,0,135.0,,4,0,0,0,1.0
14925,0,0.082145893,41,0,0.274685126,10400.0,6,0,1,0,2.0
14926,0,0.9999998999999999,45,0,70.0,,5,0,0,0,3.0
14927,0,0.030213836,74,0,1342.0,,8,0,1,0,0.0
14930,0,0.919180137,28,3,0.34027397299999995,5474.0,10,0,1,0,0.0
14931,0,0.664887483,45,0,0.7986501690000001,8000.0,10,0,4,0,2.0
14932,0,0.90127539,36,5,0.814037627,2763.0,9,0,1,1,3.0
14933,0,0.0,41,0,0.356940604,30018.0,14,0,3,0,2.0
14936,0,0.231768232,36,0,0.0059064059999999995,2200.0,2,0,0,0,0.0
14939,0,0.43142852,50,0,0.242978445,10716.0,11,0,1,0,1.0
14942,0,0.243379266,32,1,515.0,,6,0,0,0,
14944,0,0.9999998999999999,60,0,0.0,,1,0,0,0,0.0
14945,0,0.029286486,53,0,3404.0,,15,0,1,0,0.0
14946,0,0.009999687,71,0,8.0,,11,0,0,0,0.0
14947,0,0.0,44,0,8.332667333,1000.0,16,0,3,0,3.0
14949,0,0.06461610400000001,74,0,1712.0,,13,0,1,0,0.0
14953,0,0.023933575,61,0,0.171971338,6000.0,9,0,1,0,1.0
14954,0,0.106953941,56,2,0.260932418,8300.0,13,0,2,0,1.0
14957,0,0.016131183,67,0,3.0,,2,0,0,0,0.0
14959,0,0.32382094100000003,58,0,0.34255781799999996,5058.0,15,0,2,0,0.0
14960,1,0.8420789609999999,55,0,1394.0,,4,0,0,1,0.0
14961,0,0.35183317399999997,33,0,0.117302335,10408.0,12,0,0,0,0.0
14962,0,0.037479333999999996,56,0,0.34396572200000003,4200.0,18,0,3,0,0.0
14963,0,0.9999998999999999,34,0,0.5787336160000001,5416.0,3,0,1,0,0.0
14965,0,0.032805971,50,0,3221.0,,11,0,1,0,0.0
14966,0,0.311856709,60,0,0.45122660200000003,8600.0,13,0,3,0,1.0
14968,1,1.00159968,42,1,0.083563748,3254.0,3,1,0,0,4.0
14969,0,1.002615091,39,2,0.517,3999.0,11,0,0,0,3.0
14970,0,0.004245026,64,0,0.0011668610000000002,13711.0,10,0,0,0,0.0
14971,0,0.326713803,55,0,0.38666979,8536.0,13,0,2,0,3.0
14972,0,0.002862151,76,0,0.21369657600000003,4000.0,7,0,1,0,0.0
14973,0,0.463300816,71,0,0.262664964,4697.0,5,0,0,0,1.0
14974,0,0.971748921,42,1,0.419802805,7200.0,7,0,1,0,1.0
14975,0,0.617652513,53,0,2136.0,,9,0,1,0,0.0
14976,0,0.008168115,63,0,9.0,,3,0,0,0,0.0
14977,0,0.425677144,41,0,0.181768259,7283.0,10,0,0,0,0.0
14978,0,0.164691765,44,0,0.122386013,2916.0,4,0,0,0,0.0
14979,0,0.019405952,79,0,0.007831821999999999,2425.0,2,0,0,0,0.0
14980,0,0.221350637,33,0,0.71436933,3416.0,6,0,1,0,0.0
14981,0,0.19718904199999998,53,0,0.17170427100000002,7046.0,11,0,0,0,4.0
14982,0,0.064113876,30,0,0.24826789800000001,1731.0,6,0,0,0,0.0
14983,0,0.9999998999999999,53,0,0.185938021,3000.0,2,1,0,0,0.0
14984,0,0.319932311,74,0,0.29862557300000003,2400.0,6,0,1,0,0.0
14985,0,0.01782622,86,0,15.0,,3,0,0,0,0.0
14986,0,0.173096153,32,0,0.094014681,7083.0,9,0,0,0,0.0
14987,0,0.15375447,66,0,0.15049991199999999,5700.0,10,0,2,0,1.0
14989,0,0.759927575,68,0,0.17374610000000001,12500.0,11,0,0,0,3.0
14991,0,0.108891109,60,0,0.10068219199999999,4250.0,6,0,1,0,0.0
14992,0,0.251196759,67,0,0.380961149,5430.0,9,0,3,0,0.0
14994,0,0.502084412,52,0,0.5258057070000001,13000.0,14,0,4,0,1.0
14995,0,0.051346743,68,0,0.405180608,4207.0,10,0,1,0,0.0
14996,0,0.044246775999999995,76,0,0.338915271,4000.0,6,0,1,0,0.0
14997,0,0.014463656,60,0,0.238158841,9732.0,12,0,2,0,1.0
14998,0,0.057423492,47,0,96.0,,5,0,0,0,0.0
14999,0,0.38908311700000003,46,0,3615.0,,6,0,1,0,0.0
15000,0,0.362942902,44,0,0.44397860299999997,6916.0,10,0,1,0,3.0
15001,0,0.0008256730000000001,59,1,0.029548522999999997,13333.0,8,0,0,0,3.0
15002,0,0.9999998999999999,71,0,2.628306878,755.0,3,0,2,0,0.0
15003,0,0.243787549,45,2,2073.5,1.0,14,0,2,0,3.0
15004,0,0.0,58,0,0.142112125,2300.0,7,0,0,0,0.0
15005,0,0.610647144,45,0,0.38448237,13300.0,10,0,2,0,0.0
15006,0,0.9712544909999999,41,2,0.288152164,11250.0,10,0,2,0,0.0
15007,0,0.205334105,44,3,0.446392863,6500.0,12,0,1,0,2.0
15009,0,0.17483300699999998,54,0,3719.0,,9,0,2,0,3.0
15010,0,0.081598368,51,0,0.49396085,2400.0,8,0,1,0,2.0
15011,1,0.9999998999999999,29,0,0.259067358,5210.0,3,3,0,2,1.0
15012,0,0.270672933,45,0,2672.0,,2,0,1,0,0.0
15013,0,0.213180325,47,0,1346.0,,4,0,1,0,4.0
15015,0,0.11868008199999999,44,0,0.009030801,6200.0,6,0,0,0,4.0
15016,0,0.000599991,44,0,0.324911673,15000.0,6,0,2,0,1.0
15017,0,0.8730496109999999,38,2,0.445415596,5834.0,7,0,1,0,0.0
15018,0,0.333980175,58,0,0.569714423,12500.0,17,0,3,0,0.0
15019,0,0.9999998999999999,37,0,0.078159893,6716.0,1,0,0,0,2.0
15020,0,0.35656578,63,0,0.516828552,8853.0,21,0,2,0,1.0
15022,0,0.083645818,46,0,0.128124554,7000.0,3,0,0,0,2.0
15023,0,0.036994715,38,0,0.24819740399999998,6240.0,8,0,0,0,1.0
15024,0,0.08645325699999999,54,0,0.21441621,12041.0,11,0,2,0,0.0
15025,0,0.343796874,42,0,2020.0,,9,0,1,0,1.0
15026,0,0.419135373,33,0,0.294688548,5666.0,10,0,1,0,0.0
15027,0,0.9999998999999999,34,0,0.196873296,5500.0,7,2,0,0,0.0
15030,0,0.117973365,33,1,0.717227852,3058.0,12,0,3,0,0.0
15031,0,0.9999998999999999,45,0,2.096814491,1600.0,2,0,1,0,0.0
15035,0,0.642191875,69,0,0.589606929,1500.0,7,0,1,0,0.0
15036,0,0.000874569,43,1,0.433463572,4350.0,10,0,2,0,2.0
15037,0,0.037191471000000004,54,0,0.17234988899999998,10791.0,10,0,1,0,0.0
15038,0,0.808794137,31,0,0.473233405,1400.0,5,0,0,0,0.0
15040,0,0.8140375870000001,53,2,0.421744768,5398.0,11,0,2,0,0.0
15044,0,0.026783801,53,0,0.25081504,4600.0,6,0,1,0,3.0
15045,0,0.839575737,38,0,0.476504699,5000.0,9,0,1,0,1.0
15047,0,0.079680293,60,0,1949.0,,3,0,1,0,0.0
15050,0,0.160519481,55,0,0.279610944,11000.0,8,0,1,0,3.0
15053,0,0.9999998999999999,73,0,219.0,,4,0,1,0,0.0
15054,0,0.251542834,61,0,0.272322152,12341.0,13,0,2,0,0.0
15056,0,0.054651859000000004,32,0,0.273064839,3500.0,4,0,1,0,0.0
15057,0,0.0,64,0,1689.0,,3,0,1,0,0.0
15059,0,0.0035998690000000003,56,1,0.28544035100000004,7300.0,8,0,1,0,0.0
15060,0,0.339647439,71,0,1.005451987,5685.0,12,0,2,0,0.0
15063,0,0.0,63,0,0.526788003,3900.0,4,0,2,0,0.0
15066,0,0.923741225,51,1,0.396092909,6500.0,9,0,2,0,2.0
15068,0,0.005720879,51,0,887.0,,5,0,1,0,0.0
15069,0,0.240138605,41,0,1846.0,,9,0,1,0,1.0
15070,0,0.657665626,39,1,0.74885906,7449.0,13,0,4,0,2.0
15073,0,0.11479426,64,0,81.0,,3,0,0,0,0.0
15075,0,0.24310734,54,0,0.18413661399999998,8900.0,6,0,0,0,1.0
15076,0,0.034726641,40,0,0.272606088,4500.0,4,0,1,0,3.0
15078,0,0.39870876299999997,32,0,0.276180955,4000.0,8,0,0,0,1.0
15079,0,0.46077509,54,0,0.317367763,2400.0,9,0,0,0,0.0
15080,0,0.125029998,61,0,340.0,0.0,2,0,0,0,0.0
15081,0,0.055347232999999996,69,0,43.0,,8,0,0,0,0.0
15082,0,0.405759835,54,0,4527.0,,6,0,1,0,0.0
15084,0,0.916734842,40,0,0.698783295,3040.0,5,0,2,0,0.0
15086,0,0.296497343,37,0,1427.0,,7,0,1,0,0.0
15087,0,0.131995286,49,0,0.45364689799999997,5867.0,9,0,1,0,0.0
15089,0,0.076956922,47,0,1279.0,,7,0,1,0,3.0
15090,0,0.01051579,88,0,686.0,,4,0,1,0,0.0
15091,0,0.092690731,75,0,0.008997001,3000.0,2,0,0,0,0.0
15092,0,0.502447299,56,0,0.641622986,5150.0,15,0,2,0,1.0
15093,0,0.0,23,0,0.15225335,820.0,2,0,0,0,0.0
15094,0,0.162588826,38,0,0.407258988,8733.0,5,0,1,0,0.0
15097,0,0.152111993,59,0,0.165165624,6550.0,10,0,0,0,3.0
15098,0,0.027435074,41,0,0.233795086,7651.0,8,0,1,0,0.0
15099,0,0.110698348,68,0,0.31627907,5159.0,10,0,2,0,0.0
15100,0,0.059809229000000005,46,1,0.305359777,6100.0,14,0,1,0,1.0
15101,0,0.071499354,62,0,126.0,,9,0,0,0,0.0
15102,0,0.819317236,27,0,1.326683292,400.0,5,0,0,0,0.0
15104,0,0.9999998999999999,56,1,0.006750755,5628.0,4,1,0,1,0.0
15105,0,0.012824034,38,0,0.456195677,13000.0,14,0,2,0,0.0
15106,0,0.097104502,66,0,0.107219303,15416.0,10,0,1,0,0.0
15107,0,0.086170006,42,0,0.512279939,4600.0,19,0,2,0,2.0
15109,0,0.044673904,65,0,0.25037774399999996,11250.0,18,0,2,0,2.0
15110,0,0.330316509,67,0,1081.0,,7,0,1,0,0.0
15111,0,0.255254595,41,5,0.433223825,7000.0,15,0,1,0,2.0
15112,0,0.545300899,60,0,0.391960804,10000.0,12,0,2,0,0.0
15116,0,0.160437745,64,0,0.10563380300000001,3833.0,5,0,1,0,0.0
15117,0,0.039143961,58,0,0.121890771,44383.0,10,0,2,0,1.0
15119,0,0.0,47,0,0.37436125299999995,4500.0,4,0,2,0,1.0
15120,0,0.51029494,53,1,0.782636168,7912.0,13,0,2,0,3.0
15122,0,0.024866871000000002,55,0,933.0,,5,0,1,0,0.0
15125,0,0.06674661700000001,35,0,0.40221303799999997,7500.0,12,0,2,0,1.0
15126,0,0.248707045,54,0,0.01454215,4400.0,1,0,0,0,0.0
15127,0,0.9999998999999999,42,0,0.0,3400.0,0,0,0,0,0.0
15128,0,0.031631305,63,0,0.009514395,8092.0,6,0,1,0,0.0
15130,0,0.038488034,79,0,0.00696993,100000.0,4,0,0,0,0.0
15131,0,0.009999091,58,0,0.376887872,4369.0,8,0,1,0,1.0
15133,0,0.038276255,62,0,0.015643803,2492.0,5,0,0,0,0.0
15134,0,0.9999998999999999,59,0,0.21504999100000002,5700.0,3,0,1,0,0.0
15135,0,0.964028777,33,1,0.105629211,4600.0,3,2,0,1,0.0
15137,0,0.010677363,45,0,0.16156078699999998,3100.0,3,0,0,0,0.0
15138,0,0.499596465,75,0,1621.0,,4,0,1,0,0.0
15139,0,0.005296498,60,0,2101.0,,5,0,2,0,0.0
15140,0,0.7560762529999999,70,0,0.35758196700000006,13663.0,10,0,1,0,0.0
15141,0,0.074306321,76,0,739.0,,17,0,0,0,0.0
15142,0,0.70123163,85,3,0.36605292,8200.0,15,0,0,0,0.0
15144,0,0.499564125,50,0,0.32569077,1700.0,7,0,0,0,0.0
15145,0,0.028579722999999998,55,0,0.383494465,7136.0,10,0,2,0,0.0
15147,0,0.00161063,42,0,0.22510162600000003,1967.0,8,0,0,0,1.0
15150,0,0.16882611600000003,56,0,0.402637156,4246.0,11,0,1,1,0.0
15151,0,0.35717481100000004,47,2,0.082199546,10583.0,10,0,0,0,0.0
15152,0,0.823645642,48,0,0.37660057799999996,9683.0,12,0,1,0,2.0
15153,0,0.592348575,56,0,0.6050955410000001,6750.0,20,0,1,0,0.0
15154,0,0.183883672,22,0,0.018813906000000002,2444.0,5,0,0,0,0.0
15156,0,0.0,68,0,1676.0,,7,0,2,0,0.0
15157,0,0.0,88,0,0.0,3000.0,5,0,0,0,0.0
15158,0,0.11064736300000001,32,0,0.605746445,3375.0,9,0,1,0,0.0
15159,1,0.23453885300000002,53,0,1513.0,,10,0,1,0,1.0
15160,0,0.928771199,48,0,0.350070644,9200.0,12,0,2,0,1.0
15162,0,0.0,67,0,0.158536585,13775.0,5,0,1,0,1.0
15163,0,0.438446075,51,0,0.35083245799999996,20000.0,11,0,2,0,1.0
15164,0,0.650469906,46,0,0.552397359,3482.0,6,0,1,0,0.0
15165,0,0.9999998999999999,30,0,0.008247938,4000.0,1,0,0,0,0.0
15166,0,0.343050752,58,0,0.334073992,9000.0,9,0,1,0,3.0
15167,0,0.139183505,62,0,1351.0,,10,0,1,0,0.0
15169,0,0.081159174,47,0,0.07487401,4166.0,7,0,0,0,1.0
15170,0,0.9999998999999999,58,0,308.0,,1,2,0,0,3.0
15172,0,0.09284089,50,0,1.438561439,1000.0,20,0,1,0,3.0
15173,0,0.576042278,41,0,0.440163456,15416.0,14,0,4,0,2.0
15175,0,0.9999998999999999,54,0,1965.0,,2,0,1,0,0.0
15176,0,0.261273873,77,0,0.035755479,2600.0,5,0,0,0,1.0
15177,0,0.162494519,56,1,0.37614881299999997,13600.0,16,0,2,0,1.0
15178,0,0.515894979,52,0,0.717052632,4749.0,8,0,1,0,2.0
15179,0,0.9999998999999999,29,0,0.010864841,2300.0,1,0,0,0,0.0
15183,0,0.030411696000000002,45,0,0.908727515,1500.0,7,0,1,0,0.0
15184,0,0.279927391,34,2,0.132046199,5800.0,6,0,0,0,1.0
15185,0,0.010908099,28,0,53.0,,4,0,0,0,1.0
15187,0,0.334850761,59,0,0.625841184,5200.0,18,0,2,0,1.0
15190,0,0.15654906400000002,76,0,0.069171139,3353.0,5,0,1,0,0.0
15191,0,0.0,52,0,0.170562617,11250.0,7,0,3,0,0.0
15192,0,0.091128763,62,0,0.46088366399999997,7400.0,10,0,1,0,0.0
15193,0,0.0,36,0,4892.0,,6,0,1,0,0.0
15194,0,0.012787903,52,0,28.0,,9,0,0,0,0.0
15196,0,0.078254462,58,0,567.0,,12,0,1,0,0.0
15199,0,0.02604974,68,0,0.082783443,5000.0,8,0,0,0,0.0
15200,0,0.0,64,0,1451.0,,12,0,1,0,2.0
15201,0,0.083283653,47,0,0.095097623,40000.0,16,0,2,0,3.0
15202,0,0.262964663,59,0,3548.0,,9,0,2,0,0.0
15203,0,0.9999998999999999,35,0,0.471498371,3683.0,5,0,1,0,0.0
15205,0,0.142161895,29,0,0.5889252070000001,5200.0,10,0,2,0,0.0
15206,0,0.051862019,54,2,2458.0,,13,1,1,0,1.0
15207,0,0.0,41,0,0.14071468199999998,5400.0,6,0,1,0,0.0
15210,0,0.026374747,69,0,0.017193123,2500.0,7,0,0,0,0.0
15212,0,0.445473458,66,0,0.071996764,7416.0,13,0,0,0,0.0
15214,0,0.024718546,60,0,602.0,,8,0,1,0,
15215,0,0.04379925900000001,75,0,1392.0,,5,0,1,0,0.0
15218,1,0.9999998999999999,30,0,0.15367038,3500.0,1,2,0,1,0.0
15220,0,0.019658889,66,0,0.178023033,4167.0,9,0,1,0,0.0
15222,0,0.20065064100000002,65,0,0.505232315,2388.0,6,0,1,0,0.0
15223,0,0.9999998999999999,36,0,0.009991674,1200.0,0,0,0,0,2.0
15225,0,0.908091908,56,0,0.067786443,3333.0,2,0,0,0,2.0
15226,0,0.8166183379999999,54,0,0.12171957,4000.0,4,0,0,0,2.0
15227,0,0.12045111,25,1,0.149800266,1501.0,6,0,0,0,0.0
15228,0,0.843859357,37,0,2746.0,,6,0,3,0,0.0
15229,0,0.133081267,50,0,0.33590402700000005,3500.0,9,0,1,0,0.0
15230,0,0.129437542,50,0,0.299036281,10583.0,8,0,2,0,0.0
15231,0,0.513300743,67,0,953.0,,24,1,0,0,0.0
15232,0,0.039926593999999996,72,1,0.29820051399999997,7001.0,14,0,1,0,1.0
15233,0,0.884015465,34,0,0.7198602209999999,1716.0,4,0,1,0,0.0
15234,0,0.310906483,54,2,2206.0,,15,0,2,0,2.0
15235,0,0.48358532600000004,46,0,0.479291631,3500.0,5,0,1,0,2.0
15236,0,0.7329576440000001,55,2,0.380079901,7258.0,13,0,2,0,1.0
15238,0,0.266784755,50,1,1924.0,,12,0,2,0,2.0
15239,0,0.8431568429999999,21,2,5.728587319,898.0,7,2,2,1,0.0
15240,0,0.067346784,61,0,78.0,,4,0,0,0,0.0
15242,0,0.119634103,43,1,2048.0,,9,0,1,0,0.0
15243,0,0.0,62,0,0.37085921299999997,3863.0,6,0,1,0,3.0
15244,0,0.005721108000000001,41,0,0.000856898,3500.0,3,0,0,0,4.0
15245,0,0.454224378,76,0,0.11818293699999999,8122.0,5,0,0,0,0.0
15248,0,0.010449478,56,0,0.000319047,18805.0,4,0,0,0,1.0
15249,0,0.416849439,29,0,0.028285209,3393.0,2,0,0,0,0.0
15251,0,0.000438723,46,0,1933.0,,14,0,1,0,0.0
15254,0,0.022007695,51,0,0.170686345,16667.0,17,0,1,0,1.0
15255,0,0.430599451,56,0,0.729476818,2350.0,9,0,1,3,0.0
15256,0,0.154911575,54,1,0.39269937200000005,4300.0,10,0,1,0,1.0
15259,0,0.031458907,49,0,0.087762067,2050.0,9,0,0,0,0.0
15260,1,1.101802757,48,3,0.9265120309999999,4612.0,12,5,5,2,3.0
15261,0,0.177980224,40,1,0.43971205799999996,5000.0,8,0,2,0,2.0
15262,0,0.0,82,0,0.21327409100000003,3600.0,9,0,1,0,0.0
15264,0,0.9999998999999999,41,0,0.0034828040000000004,2296.0,0,0,0,0,3.0
15266,0,0.022039117999999996,72,0,0.003553976,4501.0,2,0,0,0,0.0
15267,0,0.9999998999999999,24,0,0.15990006199999998,1600.0,1,0,0,0,0.0
15268,0,0.053059592,58,0,2887.0,,4,0,1,0,
15269,0,0.49880695399999997,38,0,0.106802961,5673.0,4,0,0,0,3.0
15270,0,0.012510833,54,0,0.0035484590000000003,4508.0,6,0,0,0,0.0
15271,0,0.024776401,39,0,0.219988259,13627.0,5,0,2,0,0.0
15272,0,0.005997601,23,0,0.0,929.0,3,0,0,0,0.0
15273,0,0.067068449,65,0,0.0048329309999999995,12000.0,6,0,0,0,1.0
15276,0,0.026227072999999997,32,0,0.158947018,3000.0,7,0,0,0,0.0
15278,0,0.111813099,69,0,761.0,,8,0,2,0,0.0
15279,0,0.131796746,44,0,1217.0,,11,0,1,0,0.0
15280,0,0.126402475,44,0,1010.0,0.0,4,0,1,0,0.0
15281,0,0.0032652790000000003,62,0,0.0015870729999999998,6930.0,12,0,0,0,4.0
15283,0,0.015226129,74,0,0.208793134,5708.0,17,0,1,0,1.0
15284,0,0.081404245,68,0,0.068124474,2377.0,12,0,0,0,0.0
15285,0,0.138246215,38,0,0.55155176,4800.0,6,0,2,0,0.0
15286,0,0.001379287,57,0,0.141963872,8635.0,9,0,1,0,0.0
15287,0,0.932048543,70,1,0.510128913,3800.0,5,0,2,0,0.0
15288,0,0.9464697740000001,39,0,0.11272182,4000.0,3,0,0,0,2.0
15289,0,0.229569584,60,1,0.326499906,10633.0,15,0,2,0,0.0
15290,0,0.969218627,49,0,0.507557289,2050.0,5,0,0,0,1.0
15291,0,0.156388315,63,0,152.0,0.0,5,0,0,0,0.0
15294,0,0.940463828,30,0,0.435141215,4000.0,10,0,0,0,0.0
15296,0,0.9999998999999999,31,0,0.34445694299999996,8000.0,5,0,2,0,1.0
15297,0,0.408254251,44,0,0.345725954,7100.0,15,0,2,0,3.0
15298,0,0.262481354,71,0,0.586009993,1400.0,13,0,0,0,0.0
15299,0,0.0,43,0,0.0,,2,0,0,0,2.0
15300,0,0.0,61,0,687.0,,16,0,0,0,0.0
15302,0,0.092442162,60,0,111.0,,6,0,0,0,0.0
15303,0,0.056031868,33,0,0.035550862,2840.0,6,0,0,0,2.0
15304,0,1.007998,48,0,0.34809474799999995,5825.0,3,0,1,0,4.0
15305,1,0.25652279899999997,31,1,0.275976977,3300.0,4,0,0,2,2.0
15306,0,0.39600009999999997,59,0,2969.0,,22,0,2,1,0.0
15307,0,0.0,76,0,153.0,,3,0,0,0,
15308,0,0.9999998999999999,32,1,0.354929014,5000.0,5,0,1,0,0.0
15309,1,0.9573205570000001,43,0,4763.0,,11,0,2,0,0.0
15310,0,0.943521595,39,0,0.02350081,3701.0,2,0,0,1,1.0
15311,1,0.0025673939999999998,59,2,0.000768935,2600.0,5,1,0,0,0.0
15313,1,0.779295208,51,2,0.18810378100000003,7245.0,7,1,0,1,3.0
15314,0,0.0,56,0,0.308218294,7750.0,5,0,2,0,3.0
15315,0,0.319473451,28,0,0.191961608,5000.0,8,0,0,0,0.0
15317,0,0.0,57,0,0.281187123,7951.0,9,0,1,0,1.0
15319,0,0.021365294,69,0,0.229230875,14600.0,22,0,1,0,0.0
15320,0,0.9999998999999999,44,0,0.5650836379999999,5200.0,4,0,2,0,2.0
15321,0,0.005224869,47,0,2566.0,,4,0,1,0,0.0
15326,0,0.086745663,46,0,0.37427531299999994,7416.0,11,0,1,0,1.0
15327,0,0.0,42,0,0.141364039,16934.0,3,0,1,0,2.0
15331,0,0.97005988,25,0,0.231768232,1000.0,8,0,0,0,0.0
15332,0,0.025180825,46,0,0.36412665299999997,5747.0,9,0,1,0,0.0
15334,0,0.0,68,0,1853.0,,13,0,1,0,0.0
15335,0,0.107446161,38,0,0.549193365,4400.0,6,0,2,0,2.0
15338,0,0.076039513,75,0,0.872625475,5000.0,11,0,3,0,0.0
15339,0,0.038209737,34,0,0.050894910999999994,10000.0,9,0,0,0,1.0
15340,0,0.9999998999999999,86,0,0.0007618319999999999,10500.0,5,0,0,0,0.0
15341,0,0.0,24,0,0.079960995,2050.0,4,0,0,1,2.0
15342,0,0.973305955,57,4,0.082104177,9694.0,10,0,0,0,0.0
15343,0,0.0,58,1,0.55417234,5140.0,8,0,1,0,2.0
15344,0,0.0,55,0,0.927773203,8500.0,3,0,2,0,2.0
15345,0,0.0,45,0,0.266313933,1700.0,3,0,0,0,0.0
15346,0,0.0,48,0,0.0,,2,0,0,0,0.0
15349,0,0.216557988,53,0,0.224355129,5000.0,7,0,1,0,2.0
15350,0,0.0,63,0,0.415833667,2500.0,9,0,1,0,0.0
15351,0,0.017896069,66,1,0.0070175440000000006,5414.0,7,0,0,0,0.0
15353,0,0.031301206,58,0,0.006266786,3350.0,5,0,0,0,0.0
15355,0,0.0,47,0,0.481156745,6500.0,8,0,2,0,1.0
15356,0,0.024343616000000002,60,0,0.27744448,9500.0,20,0,3,0,1.0
15357,0,0.021667452,41,1,0.155838455,6833.0,11,0,1,0,1.0
15358,0,0.0,47,1,0.545253863,2717.0,4,0,1,1,3.0
15359,0,0.656095993,31,1,0.091983276,5500.0,6,0,0,0,0.0
15360,0,0.075495391,64,1,0.500595096,4200.0,16,0,1,0,0.0
15363,0,0.249322558,51,0,0.156083448,6566.0,6,0,0,0,0.0
15364,0,0.052267443,61,0,0.012951148000000001,10500.0,10,0,0,0,0.0
15365,0,0.018992764,74,0,0.07642682,23250.0,16,0,1,0,1.0
15368,0,0.9977362759999999,27,0,0.42710358200000004,3600.0,6,0,1,0,0.0
15369,0,0.0,57,0,364.0,,5,0,0,0,0.0
15370,0,0.07708810599999999,43,0,0.318096912,9100.0,9,0,2,0,2.0
15372,0,0.075402169,61,0,0.345061433,12533.0,6,0,1,0,0.0
15374,0,0.046227585999999994,67,0,0.0109978,5000.0,7,0,0,0,0.0
15375,0,0.22919550800000002,33,0,0.819653735,6237.0,6,0,2,0,0.0
15377,0,0.43255569200000005,38,0,0.32266819,7000.0,6,0,3,0,0.0
15379,0,0.033462072,30,0,0.10985586300000001,7700.0,10,0,0,0,0.0
15380,0,0.487782139,53,0,0.26171187,17033.0,9,0,3,0,1.0
15381,0,0.449475501,45,1,1668.0,0.0,4,2,0,0,3.0
15382,0,0.419368662,51,0,0.289732069,6008.0,12,0,2,0,1.0
15383,0,0.9999998999999999,47,0,0.0,3400.0,0,0,0,0,2.0
15384,0,0.829109509,48,1,0.059607694,5250.0,12,0,0,1,0.0
15385,0,0.084108419,37,0,0.015237158999999998,4068.0,7,0,0,0,0.0
15387,0,0.9999998999999999,33,0,0.018044379,4100.0,1,1,0,0,3.0
15389,0,0.00035805300000000005,64,0,0.095437193,5500.0,8,0,1,0,0.0
15390,0,0.0,67,0,0.075331318,4300.0,3,0,0,0,0.0
15391,0,0.0,28,0,0.014366021000000001,1600.0,3,0,0,0,0.0
15392,0,0.276410549,44,0,0.08097686400000001,6223.0,4,0,0,0,2.0
15393,0,0.0017763660000000001,61,0,6.5,1.0,19,0,0,0,0.0
15395,0,0.0,29,0,0.073542112,22000.0,7,0,1,0,0.0
15397,0,0.07538492299999999,35,0,0.001609599,6833.0,2,0,0,0,0.0
15398,0,0.9999998999999999,28,0,0.001873829,1600.0,3,0,0,0,0.0
15399,0,0.006486235999999999,52,0,4.0,0.0,5,0,0,0,0.0
15400,0,0.9999998999999999,63,0,0.0,3305.0,1,0,0,0,0.0
15401,0,0.0,66,0,0.0,,13,0,0,0,0.0
15402,0,0.139426358,48,0,0.35818527899999997,9455.0,8,0,2,0,1.0
15403,0,0.004299226,41,0,0.20059998899999998,17666.0,5,0,1,0,1.0
15404,0,0.986343072,42,0,0.255304966,9000.0,8,0,1,0,2.0
15405,0,0.018551301,52,0,0.218142549,8333.0,7,0,1,0,0.0
15407,0,0.751583462,44,0,9701.0,,11,0,2,0,0.0
15408,0,0.7855222609999999,56,1,0.30345553399999997,5700.0,8,0,2,0,0.0
15410,1,0.055560385999999996,43,2,0.495834722,3000.0,4,0,1,0,1.0
15411,0,0.267829928,51,0,0.536963957,3800.0,15,0,2,0,0.0
15412,0,0.012887815,41,1,0.204720538,6100.0,19,0,1,0,1.0
15414,0,0.046968745,78,0,1140.0,,11,0,0,0,
15415,0,0.006034275,52,0,0.000333311,15000.0,3,0,0,0,1.0
15417,0,0.151491444,31,0,0.25901242,3300.0,9,0,0,0,0.0
15418,0,0.015799605,47,0,0.007197121,2500.0,3,0,0,0,0.0
15422,0,0.038844302000000004,83,0,0.14019995300000002,4300.0,11,0,0,0,0.0
15423,0,0.9033767640000001,45,0,0.519375305,10244.0,16,0,2,0,2.0
15424,0,0.0,83,0,0.0,,5,0,0,0,0.0
15426,1,0.42751200799999994,54,2,0.7158836690000001,4916.0,12,0,1,0,0.0
15428,0,0.051433825999999995,46,0,0.47088227899999996,4000.0,5,0,1,0,3.0
15429,0,0.028917802000000003,39,0,0.0038705140000000002,5683.0,2,0,0,0,1.0
15430,0,0.041122442,51,0,0.012130568999999999,4533.0,4,0,0,0,0.0
15432,0,0.055879066,40,0,1659.0,,7,0,1,0,0.0
15433,0,0.03051849,56,2,0.130621403,10250.0,5,0,1,0,2.0
15435,0,0.025839946000000003,81,0,0.014876801,2150.0,6,0,0,0,0.0
15436,0,0.9999998999999999,50,0,0.48409598200000004,3583.0,4,0,1,0,0.0
15438,0,0.104472185,30,0,0.252601703,3170.0,8,0,1,0,0.0
15439,0,0.023803717000000002,37,0,2686.0,,10,0,2,0,1.0
15440,0,0.0,29,0,0.06922012,6500.0,3,0,0,0,0.0
15441,0,0.067676453,44,0,0.531395814,7500.0,13,0,1,0,1.0
15442,0,0.013149671000000002,65,0,0.003461006,4333.0,2,0,0,0,1.0
15444,0,0.41203458600000004,60,1,2691.0,,8,0,2,0,0.0
15446,1,0.6953818979999999,61,3,0.656663907,4831.0,17,0,2,2,0.0
15448,0,0.5908402620000001,60,0,0.639543964,6402.0,10,0,2,0,0.0
15449,0,1.385229541,39,2,0.003772873,5300.0,2,0,0,0,0.0
15451,0,0.0,68,0,0.24805570000000002,13500.0,8,0,3,0,1.0
15452,0,0.49797713,59,0,0.568069109,6250.0,15,0,1,0,2.0
15455,0,0.020774779,87,0,238.0,,14,0,1,0,0.0
15456,1,1.003123048,38,0,0.284777452,7166.0,6,1,1,0,0.0
15457,0,0.039167659,45,0,1.00739852,5000.0,17,0,6,0,3.0
15458,0,0.49284863799999995,52,0,0.524622209,13300.0,18,0,4,0,3.0
15463,0,0.17649603600000002,48,0,1.379670895,5833.0,16,0,3,0,1.0
15465,0,0.119034788,54,0,0.008427368000000001,7000.0,2,0,0,0,1.0
15466,0,0.9999998999999999,31,0,0.0,2200.0,2,0,0,0,0.0
15468,0,0.302361239,53,0,2395.0,0.0,20,0,1,0,0.0
15469,0,0.846021001,59,0,1.166666667,3311.0,17,0,2,0,0.0
15470,0,0.118732956,49,0,0.096761295,2500.0,4,0,1,0,0.0
15472,0,0.23732272100000001,57,1,0.443962216,11750.0,8,0,2,0,0.0
15475,0,0.943643683,64,1,869.5,1.0,8,0,1,0,0.0
15476,1,0.945928825,38,0,0.700085958,12796.0,9,0,3,0,2.0
15477,0,0.285477403,69,2,855.0,,9,0,0,1,1.0
15478,0,0.059056508,70,0,47.0,,8,0,0,0,0.0
15480,0,0.031731784,45,0,0.260057902,10016.0,12,0,1,0,0.0
15481,1,1.3534146969999998,49,0,471.0,,9,5,0,3,
15482,0,0.388186541,55,0,0.339151304,9166.0,8,0,1,0,0.0
15483,0,0.009680879,61,0,10.0,,5,0,0,0,
15485,0,0.46737508200000005,30,0,0.211262912,3000.0,6,0,0,0,1.0
15486,0,0.37554148600000004,42,0,0.339332134,5000.0,10,0,1,0,0.0
15487,0,0.0,56,0,0.0,3500.0,2,0,0,0,3.0
15488,0,0.542593344,71,0,0.42060085799999997,5125.0,13,0,0,0,0.0
15489,0,0.383151489,49,0,0.7288818359999999,8191.0,15,0,3,0,1.0
15492,0,0.153463124,44,0,5519.0,,5,0,2,0,0.0
15497,0,0.0026363000000000003,64,0,21.0,0.0,5,0,0,0,0.0
15498,0,0.59887425,43,0,0.835447377,2916.0,11,0,3,0,2.0
15500,0,0.09754512300000001,60,0,0.12832264,12000.0,11,0,0,0,2.0
15502,0,0.012486859,88,0,0.003998857,3500.0,9,0,0,0,0.0
15503,0,0.0,69,0,1859.0,,7,0,1,0,0.0
15504,0,0.043810216,37,0,0.107461621,2800.0,2,0,0,0,1.0
15506,0,0.077550591,69,0,0.21474359,3119.0,2,0,1,0,3.0
15507,0,0.9999998999999999,36,0,4397.0,,3,0,2,0,0.0
15508,0,0.686285703,64,0,0.622268887,20000.0,12,0,4,0,0.0
15510,1,0.425085262,49,1,3350.0,,12,0,2,0,1.0
15511,0,0.121192845,40,0,0.30087009600000003,6550.0,9,0,2,0,3.0
15512,0,0.475004545,33,1,0.357331822,5291.0,11,0,2,0,1.0
15513,0,0.458498449,53,0,0.37460970200000004,13130.0,17,0,2,0,0.0
15515,0,0.0,78,0,335.0,,3,0,0,0,0.0
15516,0,0.46102399299999997,58,0,5208.0,,11,0,1,0,1.0
15517,0,0.187134503,42,0,0.547593352,4632.0,12,0,3,0,2.0
15519,0,0.020202533,69,0,0.0035709179999999997,7000.0,11,0,0,1,0.0
15520,0,0.15098309099999999,45,0,0.604739526,10000.0,7,0,3,0,3.0
15521,0,0.106525278,44,0,0.46641571600000004,8500.0,5,0,1,0,0.0
15522,0,0.025364351,66,0,0.17284839800000001,8330.0,11,0,2,0,0.0
15523,0,0.310436261,57,0,0.500795274,8801.0,14,0,2,0,2.0
15524,0,0.7584504059999999,55,1,2629.0,,12,0,1,0,0.0
15528,0,0.014378817,73,3,0.007105043,7177.0,9,0,0,0,0.0
15529,0,0.37205087299999995,60,0,0.417325465,8980.0,6,0,1,0,0.0
15530,0,0.006766705,47,0,0.174882512,10000.0,15,0,2,0,3.0
15531,0,0.268881711,53,0,0.009452826999999999,5500.0,2,0,0,0,0.0
15533,0,1.023988006,36,0,0.20310805899999998,2766.0,4,0,0,0,3.0
15534,0,0.691896672,56,1,0.8128195979999999,8408.0,11,0,2,1,0.0
15537,1,0.936680738,41,0,496.0,,4,0,0,2,3.0
15538,0,0.06107467900000001,63,0,146.0,,4,0,0,0,0.0
15539,0,0.064426044,70,0,0.522309711,8000.0,15,0,2,0,0.0
15540,0,0.030610204,75,0,0.34428694200000004,4655.0,16,0,1,0,0.0
15541,0,0.227811798,26,0,0.14396709300000002,4375.0,4,0,0,0,0.0
15543,0,0.9999998999999999,63,0,0.001317812,4552.0,3,0,0,0,1.0
15546,0,0.0,22,0,0.0,929.0,2,0,0,0,0.0
15547,0,0.096116534,57,0,0.9295194509999999,2184.0,6,0,1,0,0.0
15548,0,0.009526947,51,0,0.004389709,8200.0,16,0,0,0,3.0
15549,0,0.002142739,63,0,0.1379931,6666.0,9,0,1,0,0.0
15551,0,0.462983295,71,0,0.337486054,5377.0,6,0,1,0,0.0
15552,0,0.037393886,52,0,0.0025197979999999997,8333.0,2,0,0,0,0.0
15553,0,0.009149249,63,0,0.321908026,3500.0,7,0,2,0,0.0
15556,0,0.028383888,91,0,0.00846588,3897.0,3,0,0,0,0.0
15557,0,0.535636781,28,0,0.580756807,4333.0,12,0,1,0,0.0
15558,0,0.024453554,60,0,0.29304599,4500.0,11,0,2,0,0.0
15559,1,0.22140254199999998,34,0,0.32037325,4500.0,12,0,1,0,0.0
15560,0,0.058351507999999996,51,0,4126.0,,10,0,3,0,1.0
15561,0,0.690156553,42,0,0.320563628,9083.0,9,0,2,0,3.0
15562,0,0.009293024,64,0,3498.0,,4,0,2,0,0.0
15564,0,0.0,56,0,0.013525305,2291.0,4,0,0,0,0.0
15566,0,0.532678956,38,0,0.598978904,10380.0,17,0,4,0,0.0
15567,0,0.815789474,56,0,42.0,,2,1,0,0,0.0
15569,0,0.12463889800000001,46,0,4006.0,,7,0,2,0,0.0
15570,0,0.062299871,68,0,0.054557022000000004,6286.0,10,0,0,0,2.0
15572,0,1.268977585,37,1,0.6054453160000001,6500.0,8,0,1,0,1.0
15573,0,0.151030731,47,0,0.598257502,5164.0,8,0,1,0,0.0
15574,0,0.24784613100000003,40,0,0.170819098,12000.0,8,0,1,0,0.0
15575,0,0.0025296679999999997,73,0,0.0007692310000000001,5199.0,6,0,0,0,0.0
15576,0,0.05178201599999999,53,0,0.009349955,2245.0,3,0,0,0,0.0
15577,0,0.003293988,62,0,0.12147023400000001,10800.0,8,0,1,0,2.0
15578,1,0.568757586,49,0,0.64990248,21533.0,18,0,7,0,0.0
15580,0,0.0,73,0,0.0,4823.0,4,0,0,0,0.0
15581,0,0.16840275300000002,64,0,0.22636720300000002,13000.0,11,0,1,0,0.0
15582,0,0.112108527,72,0,0.224977502,10000.0,7,0,1,0,0.0
15584,0,0.8504212040000001,54,1,1913.0,,6,0,1,0,0.0
15585,0,0.052147898,53,0,0.324711748,6417.0,12,0,1,0,0.0
15587,0,0.0,74,0,0.0,2146.0,3,0,0,0,0.0
15590,0,0.285348208,60,0,1.618350589,2800.0,14,0,2,0,3.0
15591,0,0.000271895,69,0,0.08407940800000001,2568.0,5,0,0,0,0.0
15593,0,0.42086599700000005,46,0,0.563624679,7779.0,12,0,3,0,0.0
15595,0,0.16200457699999998,37,0,0.32452578600000004,16500.0,18,0,3,0,3.0
15596,0,0.7580080659999999,63,0,0.353403785,4068.0,6,0,1,0,3.0
15597,0,0.533493301,40,0,0.146019279,2800.0,2,0,0,0,0.0
15598,0,1.428571429,40,1,0.1641113,1760.0,6,0,0,1,1.0
15599,0,0.037888182,49,0,43.0,,4,0,0,0,0.0
15600,0,0.054302605999999996,44,0,0.48223350299999995,6500.0,13,0,3,0,1.0
15601,0,0.067590988,46,1,0.36191385,7335.0,6,0,2,0,4.0
15602,0,0.533933258,43,0,0.211754014,3300.0,4,0,0,0,2.0
15604,0,0.9999998999999999,29,1,0.045767607,4500.0,2,0,0,0,1.0
15605,0,0.01379931,58,0,8.0,,2,0,0,0,0.0
15607,0,0.157071828,74,1,0.591646301,4500.0,16,0,3,0,0.0
15609,0,0.008059839000000001,52,1,0.296526991,10595.0,10,0,1,0,3.0
15611,0,0.042038503,68,0,0.132906683,6718.0,9,0,0,0,1.0
15612,0,0.523059332,30,0,854.0,,10,0,0,1,0.0
15613,0,1.00288745,71,0,0.266749547,37000.0,29,0,3,0,2.0
15615,0,0.45259361299999995,57,0,0.51092194,6225.0,14,0,2,0,1.0
15617,1,0.964467005,49,0,0.31512472399999997,6333.0,3,0,2,1,2.0
15618,0,0.654720882,38,0,1412.0,,5,0,1,0,2.0
15620,0,0.00960577,42,0,0.41851629700000004,5000.0,6,0,1,1,2.0
15621,0,0.062243325,59,0,3057.0,,8,0,1,0,0.0
15622,0,0.628597957,48,0,0.195386229,2860.0,4,0,0,0,0.0
15623,0,0.028918884,55,0,2536.0,,11,0,2,0,
15625,0,0.83278745,23,0,0.155598643,4125.0,4,0,0,0,1.0
15626,0,0.233863918,70,0,2.33744856,1700.0,15,0,5,0,0.0
15627,0,0.864506775,60,0,0.432341852,7160.0,13,0,1,0,1.0
15629,1,0.119924825,45,0,0.612903226,3068.0,11,0,2,0,3.0
15630,0,0.022124785,53,0,0.338295151,8598.0,5,0,2,0,2.0
15631,0,0.306938612,27,0,0.23990403800000001,2500.0,6,0,0,0,0.0
15632,0,0.01059947,44,0,1.4355502230000001,5833.0,7,0,3,0,0.0
15633,0,0.015608233999999999,51,0,0.056257901,7909.0,11,0,0,0,0.0
15635,0,0.688671975,49,0,0.37996127799999996,4131.0,7,0,1,0,2.0
15636,0,0.613025034,37,1,0.285983777,5300.0,4,0,0,0,1.0
15637,0,0.00368369,48,0,3378.0,,12,0,2,0,0.0
15638,0,0.011454796000000001,71,1,0.000957854,9395.0,8,0,0,1,0.0
15639,0,0.173174873,40,0,0.034775049,4600.0,3,0,0,1,2.0
15640,0,0.050176525,63,0,0.122510039,12700.0,6,0,1,0,1.0
15641,0,0.0,47,0,0.41544512,2796.0,9,0,2,0,0.0
15642,0,0.029479455,75,0,0.032967033,1000.0,5,0,0,0,0.0
15643,0,0.330700654,62,1,0.406481641,5800.0,6,0,1,0,0.0
15644,0,0.9999998999999999,66,2,0.0,4052.0,0,1,0,1,1.0
15646,0,0.212636005,36,0,0.27784444199999997,9166.0,5,0,2,0,2.0
15649,0,0.022852723999999998,45,0,0.232888454,8166.0,7,0,1,0,0.0
15650,0,0.0,53,1,0.242649335,3230.0,9,0,1,0,1.0
15651,0,0.639336066,47,6,0.373768142,5580.0,11,4,1,1,0.0
15653,0,0.022818841,79,0,0.010179967,5500.0,9,0,0,0,0.0
15654,0,0.005653737,40,0,1950.0,,7,0,1,0,0.0
15655,0,0.047511067000000004,37,1,0.18594089800000002,15633.0,13,0,2,0,2.0
15656,0,0.029474897000000003,63,1,1845.0,,11,0,1,0,0.0
15657,0,0.019221795,69,0,2919.0,,11,0,3,0,0.0
15658,0,0.04359673,24,0,1.0,,1,0,0,0,
15659,0,0.004123355,64,0,905.0,,18,0,1,0,0.0
15660,0,0.03710089,27,1,0.9104477609999999,200.0,6,0,0,0,0.0
15661,0,0.23775296899999998,54,0,0.26349110600000003,3316.0,6,0,1,0,3.0
15662,1,0.9920159679999999,50,1,0.190188411,2812.0,8,0,0,0,1.0
15663,0,0.17652141699999999,27,0,0.04922516,4387.0,4,0,0,0,1.0
15666,0,0.09828469199999999,30,0,0.45038705100000004,1420.0,7,0,0,0,0.0
15667,1,0.876641535,59,0,0.400036921,5416.0,14,0,0,0,0.0
15668,0,0.005080401,60,0,0.26519097199999997,13823.0,12,0,2,0,0.0
15669,0,0.0,30,0,55.0,,2,0,0,0,0.0
15670,0,0.17184527600000002,40,0,3390.0,,3,0,1,0,1.0
15674,0,0.270820502,44,0,0.587004061,3200.0,11,0,2,0,1.0
15675,0,0.010359631,65,0,0.19054183,9430.0,13,0,2,0,0.0
15676,0,1.268255188,35,2,0.012239673999999999,37500.0,5,2,0,3,1.0
15677,0,0.263088796,62,1,0.585287583,4050.0,15,0,1,0,1.0
15678,0,0.155475902,42,0,1406.0,,9,0,1,0,0.0
15679,0,0.307018379,59,0,0.17793194,10666.0,12,0,1,0,0.0
15681,0,0.336074831,61,1,0.455514828,3000.0,13,0,0,1,0.0
15682,0,0.330606309,49,1,0.34302415,6500.0,8,0,2,0,2.0
15683,0,0.03316243,30,0,0.084749629,8766.0,10,0,0,0,0.0
15684,0,0.9870129870000001,62,0,0.08939478099999999,1800.0,3,1,0,0,0.0
15685,0,0.618206942,45,0,3686.0,,8,0,1,0,0.0
15686,1,0.9999998999999999,26,0,0.265631223,2510.0,3,0,0,0,2.0
15688,0,0.989847716,64,0,0.080783843,5000.0,2,1,0,0,1.0
15689,1,0.9999998999999999,48,1,0.173971498,3718.0,1,1,0,1,2.0
15692,0,0.9999998999999999,42,0,2438.0,,3,0,1,0,0.0
15693,0,0.911566971,65,1,0.255547769,4280.0,5,0,1,0,1.0
15696,1,0.982407037,31,3,0.735933983,2665.0,11,4,1,0,0.0
15697,0,0.69841839,59,0,0.672466735,2930.0,9,0,0,1,0.0
15698,1,0.6907273740000001,25,0,0.458823529,764.0,2,0,0,1,0.0
15700,0,0.48655898200000003,40,0,3.8609112710000004,833.0,9,0,2,0,3.0
15701,0,0.6537651329999999,39,0,0.701059788,5000.0,5,0,1,0,2.0
15703,0,0.766386555,55,0,0.4060808,2400.0,6,0,1,0,1.0
15704,0,0.039095402,59,0,3897.0,,13,0,1,0,0.0
15705,0,0.09583608699999999,49,0,0.7874467690000001,5400.0,19,0,3,0,0.0
15706,0,0.034049548,74,0,0.009643917,2695.0,3,0,0,0,0.0
15707,0,0.37418064700000003,41,0,0.34516765299999996,6083.0,3,0,2,0,2.0
15708,0,0.9838032390000001,46,0,0.21037868199999998,12833.0,4,0,1,0,2.0
15709,0,0.7991065940000001,59,0,0.47151060100000003,4527.0,10,0,1,0,0.0
15712,0,0.019505546999999998,33,0,1692.0,,9,0,2,0,0.0
15717,0,0.011110685,63,0,11.0,,4,0,0,0,3.0
15720,0,0.755057188,45,0,0.771307173,4000.0,10,0,1,0,4.0
15722,0,0.0,41,0,0.142065995,13000.0,10,0,1,0,2.0
15723,0,0.009794234,58,0,0.023798191,2100.0,15,0,0,0,1.0
15724,0,0.23035392899999999,78,0,35.0,,4,0,0,0,0.0
15725,0,0.237106437,51,0,0.38846073700000006,4800.0,5,0,1,0,2.0
15726,0,0.096996536,61,0,0.202250932,15015.0,11,0,1,0,0.0
15728,0,0.453748528,53,0,2255.0,,8,0,3,0,1.0
15729,0,0.327645051,55,0,0.347949389,4583.0,10,0,2,0,0.0
15730,0,0.068240203,75,0,117.0,,3,0,0,0,0.0
15732,0,0.053721517,54,0,0.511819994,3510.0,23,0,2,0,3.0
15734,0,0.397200933,36,1,0.226950355,2960.0,4,0,0,0,4.0
15735,0,0.45039891600000004,56,1,0.38242252200000004,8453.0,13,0,2,0,2.0
15736,0,0.344663834,58,2,0.56177529,2500.0,7,3,1,1,2.0
15737,1,0.7012613,53,1,8464.0,,15,0,5,0,0.0
15738,0,0.028498676,61,0,0.013968571,4008.0,8,0,0,0,0.0
15739,0,0.971805639,27,0,0.434885556,3800.0,4,0,1,0,0.0
15741,0,0.271257679,66,1,0.31854199699999997,4416.0,9,0,1,0,0.0
15743,0,0.052589482,29,0,0.416688396,3834.0,5,0,1,0,0.0
15744,0,0.101801205,50,0,0.252499667,7500.0,18,0,1,0,1.0
15745,0,0.157674651,66,0,675.0,,8,0,0,0,0.0
15746,0,0.413716691,56,0,2926.0,,13,0,1,0,0.0
15748,0,0.164805611,34,0,0.319082748,11250.0,9,0,2,0,2.0
15749,1,0.6922012,47,1,1698.0,,3,1,1,1,3.0
15750,0,0.713479015,57,0,0.20995625899999998,4800.0,6,0,0,0,0.0
15752,0,0.121546961,46,0,0.321971683,1906.0,6,0,0,0,3.0
15753,0,0.85775508,56,0,0.7756779840000001,9365.0,6,0,4,0,0.0
15754,0,0.179705158,61,0,0.31704163399999996,11600.0,16,0,2,0,0.0
15755,0,0.012445485,60,0,424.0,,3,0,0,0,0.0
15756,0,0.174834491,39,1,1718.0,,12,0,2,0,0.0
15758,0,0.048524854000000006,71,0,0.684157921,2000.0,17,0,1,0,0.0
15759,0,0.057645702,60,0,108.0,,5,0,0,0,0.0
15760,0,0.620575787,70,0,5863.0,,9,0,2,0,0.0
15761,0,0.9999998999999999,51,0,0.3207688,5358.0,5,0,2,0,0.0
15763,0,0.745518177,30,5,1.6138465380000002,4000.0,13,0,3,1,0.0
15764,0,0.6770419209999999,67,0,4778.0,,13,0,2,0,0.0
15765,1,1.067332983,45,2,0.108625162,6167.0,4,1,0,1,2.0
15768,0,0.198937173,39,0,0.479152085,10000.0,4,0,2,0,1.0
15769,0,0.382510681,31,0,0.081610207,4545.0,7,0,0,0,0.0
15770,0,0.814742207,55,0,0.009130038,23000.0,4,1,0,0,1.0
15771,1,0.9389933909999999,56,1,0.246286896,5318.0,6,0,1,0,3.0
15773,0,0.188035371,34,0,1.461732935,4350.0,36,0,3,0,2.0
15774,0,1.009488309,36,1,0.466597618,1930.0,4,0,0,0,0.0
15775,0,0.43570223399999997,41,1,0.19522278399999998,6530.0,8,0,0,0,1.0
15776,0,0.530173931,48,4,1804.0,,8,2,1,1,3.0
15778,0,0.080222994,65,0,0.206428955,20500.0,10,0,2,0,0.0
15779,0,0.093312597,24,0,0.0024994789999999998,4800.0,2,0,0,0,0.0
15780,0,0.044943409000000004,66,0,2111.0,,9,0,1,0,0.0
15781,0,0.614176728,54,2,0.519765999,5640.0,11,0,2,0,1.0
15784,0,0.34668266600000003,53,0,2826.0,,8,0,2,0,0.0
15785,0,0.998003992,58,0,0.021272202,4841.0,4,0,0,0,0.0
15786,1,0.936668937,54,1,0.46865752,3716.0,12,0,1,0,0.0
15787,0,0.011999455,79,0,0.001749563,4000.0,5,0,0,0,0.0
15788,0,0.0,70,0,0.580763273,7100.0,15,0,3,0,0.0
15790,0,0.07895024099999999,37,0,0.18763539399999998,6000.0,7,0,1,0,0.0
15791,0,0.00042372,84,1,0.20122484699999998,8000.0,8,0,2,0,0.0
15792,0,0.015661446000000002,31,0,0.18424582399999997,8200.0,9,0,1,0,0.0
15793,0,0.246469911,59,0,0.458908218,1666.0,8,0,2,0,0.0
15794,0,0.51007955,49,0,0.069704328,7000.0,7,0,0,0,0.0
15795,0,0.055972142999999995,43,0,0.6186779579999999,4250.0,9,0,2,0,3.0
15796,0,0.283461321,62,0,0.24748066600000002,4266.0,7,0,0,0,0.0
15797,0,0.354259793,44,1,0.439216925,9500.0,10,0,2,0,1.0
15798,0,0.498232651,56,1,0.48885772200000005,6416.0,12,0,2,0,0.0
15799,1,1.4463276840000001,45,1,0.423547664,5800.0,12,2,2,2,0.0
15800,0,0.06246248099999999,48,0,1611.0,,6,0,2,0,3.0
15802,0,0.8037420559999999,68,0,0.319493382,10500.0,11,0,1,0,0.0
15803,0,0.089426016,48,0,0.254562471,6410.0,5,0,1,0,4.0
15805,1,0.0,33,1,0.130345031,3390.0,2,0,0,1,0.0
15806,1,0.9999998999999999,46,0,0.632728619,2700.0,3,1,1,1,0.0
15808,0,0.0,51,0,0.290202799,3500.0,5,0,1,0,1.0
15809,0,0.209836611,51,0,0.533666569,3400.0,12,0,1,0,4.0
15810,0,0.0,54,1,0.081392614,4250.0,11,0,0,0,0.0
15811,0,0.025637607000000003,89,0,0.212,249.0,6,0,0,0,0.0
15813,0,0.0,41,0,0.053941315999999996,35000.0,6,0,0,0,2.0
15816,0,0.027030514,24,0,12.0,,6,0,0,0,
15817,0,0.0,67,0,0.122651144,19583.0,23,0,1,0,1.0
15818,0,0.093697951,65,0,0.229330709,5079.0,10,0,2,0,1.0
15819,0,0.101368259,52,0,0.479460306,8300.0,23,0,2,0,0.0
15820,0,0.9999998999999999,63,0,11.0,,2,0,0,0,0.0
15821,0,0.42509581700000004,41,0,0.611210282,2800.0,6,0,1,0,1.0
15822,0,0.055086047,46,0,0.62293433,13917.0,10,0,3,0,1.0
15823,0,0.139996111,52,1,0.494322214,5635.0,16,0,3,0,0.0
15825,1,0.8255872059999999,45,4,0.089334549,2193.0,6,1,0,0,2.0
15828,0,0.008258629,73,1,0.074115736,8000.0,4,0,1,0,0.0
15830,0,0.016017574,64,1,0.329406931,7300.0,9,0,1,1,0.0
15831,0,0.003401245,70,1,400.0,,6,0,0,0,0.0
15832,0,0.194106342,26,1,0.136348792,6123.0,4,0,0,0,0.0
15835,0,0.18171858800000001,67,0,0.615310775,4166.0,8,0,1,0,0.0
15836,0,0.208582827,64,0,0.360650729,13092.0,16,0,2,0,1.0
15837,0,0.7036270040000001,37,1,1.237175217,1500.0,8,0,1,0,4.0
15838,0,0.052907443,65,0,0.055403303,13500.0,4,0,0,0,0.0
15841,0,0.697364601,62,0,0.514766256,7550.0,18,0,2,0,0.0
15842,0,0.9999998999999999,68,0,2741.0,,5,0,2,0,0.0
15844,0,0.7941825859999999,44,0,0.181193645,4657.0,6,0,0,0,0.0
15846,0,0.114388561,71,0,0.008093311,4200.0,5,0,0,0,0.0
15847,0,0.19948573100000003,41,0,0.33137733199999997,15166.0,5,0,2,0,2.0
15848,0,0.001830564,59,0,0.01611432,9866.0,9,0,0,0,0.0
15849,0,0.059584759,41,0,0.34558743299999994,9166.0,5,0,1,0,0.0
15850,0,0.0,78,0,0.14126201,3850.0,9,0,0,0,0.0
15851,0,0.9999998999999999,24,0,0.08636545400000001,2500.0,1,0,0,0,0.0
15852,0,0.523912614,73,0,4390.0,,12,0,0,0,0.0
15853,0,0.102641509,50,0,0.871595331,3083.0,12,0,2,0,0.0
15854,0,0.349408084,46,0,0.694869625,13000.0,9,0,4,0,0.0
15855,0,0.019234823999999998,63,0,0.47013246700000005,4000.0,11,0,1,0,0.0
15856,0,0.570791241,59,0,0.072834646,4571.0,7,0,0,0,0.0
15857,0,0.0,32,0,0.258290285,6000.0,7,0,0,0,2.0
15858,0,0.666223076,62,0,0.33620771299999996,10552.0,10,0,2,0,1.0
15860,0,0.190971996,64,0,3107.0,,12,0,2,0,0.0
15861,0,0.009815373,65,1,0.223946785,7666.0,9,0,2,0,1.0
15862,0,0.010584816,64,0,0.001618893,10500.0,7,0,0,0,0.0
15863,0,0.329185269,48,0,0.24022135600000002,7950.0,10,0,2,0,0.0
15866,0,0.0,82,0,556.0,,6,0,1,0,1.0
15867,0,0.85158117,58,1,0.512898131,7597.0,12,0,1,0,0.0
15868,0,0.164708405,76,0,0.725565351,2608.0,21,0,1,0,0.0
15870,0,0.235697536,68,1,0.44263144299999996,7721.0,10,0,2,0,0.0
15871,0,0.014012542,75,0,992.0,,6,0,1,0,0.0
15873,0,0.45417770700000004,69,0,0.316264522,11189.0,10,0,1,0,1.0
15874,0,0.9999998999999999,25,0,0.39966694399999997,1200.0,2,1,0,0,0.0
15877,0,0.035338903,62,1,0.17796158,14991.0,10,0,1,0,0.0
15878,1,0.999949847,33,6,0.259772005,45000.0,10,5,2,1,0.0
15880,0,0.093264594,66,0,0.354972268,12800.0,7,0,3,0,0.0
15882,0,0.345807346,31,2,0.135709143,8333.0,10,0,0,0,0.0
15883,0,0.132818426,48,0,0.007306756,7800.0,4,0,0,0,1.0
15884,0,0.11390479,26,0,0.056029233,820.0,4,0,0,0,0.0
15886,0,0.507234443,35,1,0.60301251,3916.0,11,0,1,0,1.0
15888,0,0.006993623000000001,72,0,2352.0,,10,0,1,0,1.0
15890,1,1.23255814,30,0,0.020902757,3300.0,1,0,0,0,2.0
15891,0,0.44111776399999997,24,0,3.0,1.0,3,0,0,0,0.0
15892,0,0.258315953,58,0,0.283302559,15163.0,20,0,2,0,1.0
15893,0,0.59049204,42,0,0.593934007,9000.0,20,0,2,0,0.0
15894,0,0.024963796,59,0,98.0,,4,0,0,0,0.0
15895,0,0.9999998999999999,40,0,0.287531807,2750.0,2,0,0,0,3.0
15897,0,0.027945934,70,0,0.011999226000000002,5166.0,5,0,0,0,0.0
15898,0,0.083548001,52,0,0.47780296,7500.0,10,0,4,0,0.0
15899,0,0.056239997,51,1,0.159685468,13225.0,11,0,1,0,3.0
15900,0,0.16373449199999998,55,0,0.211546266,9855.0,7,0,2,0,2.0
15901,0,0.9999998999999999,67,0,0.08504584300000001,3162.0,2,0,0,0,0.0
15902,0,0.0,63,0,2302.0,,12,0,2,0,0.0
15904,1,0.087891921,59,1,0.22378690199999998,5893.0,9,1,1,1,1.0
15905,0,0.9999998999999999,45,1,0.033570702,2948.0,3,1,0,1,2.0
15906,0,0.0,40,0,3301.0,,4,0,1,0,0.0
15907,1,0.9999998999999999,36,0,0.0,,0,0,0,0,0.0
15908,0,0.407255252,30,0,0.159404659,4635.0,7,0,0,0,0.0
15909,0,0.800817585,52,0,0.039450216,80176.0,31,0,2,0,1.0
15910,0,0.002533222,63,0,0.113221695,4000.0,13,0,1,0,0.0
15911,0,0.053139146,68,0,0.171982802,10000.0,17,0,1,0,0.0
15913,0,0.02639868,56,0,1.050985433,2333.0,14,0,1,0,2.0
15914,0,0.09539282800000001,60,0,0.182173792,3578.0,7,0,0,0,2.0
15916,0,0.083414313,37,0,0.117079264,8805.0,11,0,2,0,1.0
15918,0,0.120492285,74,0,0.16597625,14483.0,18,0,1,0,1.0
15920,0,0.011419438,42,0,1.968976684,15439.0,15,0,2,0,2.0
15922,1,0.9306673590000001,35,1,706.0,,7,2,0,1,0.0
15925,0,0.523912875,59,0,0.51907255,2673.0,10,0,1,0,0.0
15927,1,0.9999998999999999,24,0,0.023322227999999997,2100.0,1,1,0,0,0.0
15928,0,0.0,46,0,0.346284935,2933.0,8,0,1,0,1.0
15929,0,0.001470444,64,0,0.10794602699999999,2000.0,6,0,0,0,0.0
15931,0,0.739739575,32,1,0.141968451,4500.0,7,0,0,0,0.0
15932,0,0.016149596000000002,40,0,0.00252175,7930.0,5,0,0,0,1.0
15934,0,0.04087997,60,0,577.0,0.0,4,0,1,0,0.0
15935,0,0.127774953,48,0,22.0,,1,0,0,0,
15936,0,0.03444269,67,0,0.23717423399999998,6100.0,9,0,1,0,0.0
15937,1,1.015936255,31,0,0.016351119,2323.0,4,0,0,0,3.0
15939,0,0.24878943399999998,66,0,0.312866182,12800.0,15,0,2,0,2.0
15941,0,0.238968325,47,0,0.618176365,3333.0,15,0,2,0,2.0
15942,0,0.869370967,36,0,0.069201421,7600.0,4,0,0,0,0.0
15943,0,0.0,57,0,0.285877535,10500.0,13,0,2,1,2.0
15944,0,0.9999998999999999,34,2,0.09959004099999999,10000.0,4,2,0,1,1.0
15945,0,0.233798297,31,0,659.0,,7,0,1,0,0.0
15946,0,0.9999998999999999,25,0,0.12279866699999999,2100.0,1,0,0,0,0.0
15947,0,0.505166322,35,2,0.372428379,5200.0,7,3,1,0,3.0
15948,0,0.203794095,49,0,0.562453129,12000.0,10,0,3,0,3.0
15950,0,0.033902219,77,0,0.043258604000000006,9500.0,7,0,0,0,0.0
15951,1,0.9999998999999999,37,0,0.193650529,12000.0,1,3,0,1,2.0
15952,0,0.069838568,28,1,0.090537781,5875.0,7,0,0,0,1.0
15953,1,1.018159806,58,0,0.18688713699999998,5200.0,9,1,0,0,0.0
15954,0,0.650053898,34,2,0.494663521,8900.0,9,0,3,0,0.0
15955,0,0.036399225,44,0,0.015364355,6833.0,8,0,0,0,0.0
15956,0,0.0075843759999999994,47,0,571.0,,7,0,0,0,0.0
15957,1,0.163985021,34,2,1940.0,,9,0,2,0,0.0
15958,0,0.0,57,0,0.370157461,4000.0,15,0,1,0,1.0
15962,0,0.014264765,48,0,0.733315748,3790.0,5,0,1,0,0.0
15966,0,0.24424975399999999,57,2,0.6209346379999999,6333.0,23,0,1,0,0.0
15967,0,0.23860573,60,0,0.19301164699999998,600.0,5,0,0,0,0.0
15969,0,0.012701993,43,0,0.47382503200000003,37000.0,17,0,7,0,0.0
15970,0,0.054055396,38,0,2446.0,,8,0,1,0,0.0
15972,0,0.900762405,34,0,0.09372656800000001,4000.0,5,1,0,0,1.0
15973,0,0.003450192,71,0,3.0,,3,0,0,0,
15975,0,0.079861991,62,1,0.175092831,3500.0,7,0,0,0,1.0
15976,0,0.054334300999999995,41,0,0.209392898,4364.0,10,0,0,0,3.0
15977,0,0.104753228,65,0,0.027994401000000002,5000.0,6,0,0,0,1.0
15978,0,0.154006666,41,0,0.061115111,12500.0,3,0,0,0,1.0
15980,0,0.367388373,55,0,0.868377208,3000.0,14,0,1,0,2.0
15982,0,0.210223937,46,0,0.32523974699999997,4900.0,16,0,1,0,1.0
15983,0,0.528215557,35,0,0.33727712,6000.0,8,0,2,0,2.0
15984,0,0.35696893,63,0,0.183863227,3333.0,6,1,0,0,1.0
15986,0,0.433530961,59,0,0.29458480600000003,22916.0,19,0,2,0,3.0
15987,0,0.0,43,0,5.051948052,307.0,5,0,1,0,3.0
15988,0,0.050233785,57,0,0.119600075,5300.0,11,0,0,0,0.0
15989,0,0.9999998999999999,34,1,473.0,,3,2,0,0,0.0
15991,0,0.015009031,67,2,495.0,,4,0,1,0,0.0
15994,0,0.082145639,48,0,0.025772051,4500.0,5,0,0,0,4.0
15995,1,0.967110493,46,1,0.444327177,3789.0,7,2,1,1,1.0
15998,0,0.013042276,53,0,1695.0,,6,0,2,0,2.0
15999,0,0.455575677,57,1,1.0027151559999998,12153.0,14,0,4,0,1.0
16000,0,0.40006896399999997,41,0,0.762833984,3330.0,9,0,1,0,0.0
16001,0,0.94160292,38,0,0.472512266,7948.0,10,0,2,0,3.0
16002,0,0.9900497509999999,68,1,0.019810896,2220.0,4,2,0,0,0.0
16003,0,0.140469831,63,0,0.033983007999999995,2000.0,6,0,0,0,0.0
16004,0,0.470126494,48,0,0.18886083899999997,19013.0,4,0,1,0,3.0
16005,0,0.004104831,72,0,810.0,,4,0,1,0,
16006,0,0.0,52,5,0.251010826,15333.0,8,0,2,0,1.0
16007,0,0.794087623,41,0,1.2724860709999999,3768.0,10,0,2,0,2.0
16010,0,0.02378799,72,0,1224.0,,10,0,1,0,0.0
16013,1,0.989802422,39,0,1.122047923,5800.0,11,0,2,0,3.0
16015,0,0.9999998999999999,58,0,163.0,,3,0,0,0,0.0
16016,0,0.191083605,60,0,0.312241108,7000.0,9,0,1,0,0.0
16017,0,0.0,34,0,0.49450183299999995,3000.0,8,0,1,0,0.0
16018,0,0.8620250859999999,36,0,0.388087416,7000.0,5,0,1,0,0.0
16022,0,0.004210379,80,0,3.0,,4,0,0,0,0.0
16023,0,0.022670858999999998,43,0,0.290023997,2916.0,5,0,1,0,1.0
16025,0,0.44724332,68,0,0.103819785,4083.0,9,0,0,0,0.0
16027,0,0.008545066,48,0,3542.0,,12,0,4,0,0.0
16030,0,0.0,42,0,0.34455261,9655.0,4,0,2,0,0.0
16032,0,0.071815671,56,1,2513.0,,11,0,2,0,0.0
16036,0,0.095561775,26,0,0.207940588,3500.0,3,0,0,0,0.0
16038,0,0.051584108,56,0,63.0,,6,0,0,0,0.0
16039,0,0.9999998999999999,31,0,0.377983064,2597.0,3,0,0,0,0.0
16040,0,0.376939521,33,0,2577.0,,4,0,1,0,
16041,0,0.8206108959999999,73,1,0.303942734,8800.0,14,0,1,0,0.0
16043,1,0.748654881,30,2,0.17694102,3000.0,6,3,0,0,0.0
16044,0,0.17445034,62,0,0.39240721799999995,5873.0,11,0,1,0,0.0
16045,0,0.0,74,0,1866.0,,5,0,2,0,0.0
16046,0,0.570987044,49,0,0.44581904899999997,6708.0,12,0,2,0,3.0
16047,0,0.008876205,73,0,21.0,,6,0,0,0,0.0
16048,0,0.621896517,59,0,0.12681638,9083.0,3,0,0,0,0.0
16050,0,0.015154503,54,1,0.189520078,4083.0,12,0,0,0,0.0
16051,0,0.958440097,49,0,3367.0,,6,0,1,0,0.0
16052,0,0.275626069,52,0,501.0,,5,0,0,2,0.0
16054,0,0.938792695,59,0,0.303928521,7050.0,8,0,1,0,0.0
16055,0,0.9999998999999999,24,0,0.0,,0,0,0,0,0.0
16056,0,0.9794636290000001,70,0,0.32549396,12500.0,5,0,1,1,0.0
16058,0,0.16579171,67,0,0.302989552,9666.0,8,0,1,0,0.0
16059,0,0.003792637,80,0,9.0,,12,0,0,0,0.0
16060,0,0.47961062,58,0,0.7503191220000001,3916.0,11,0,1,0,0.0
16061,0,0.21487125699999998,51,0,0.34913017399999996,5000.0,17,0,1,0,1.0
16062,0,0.0,66,0,15.0,,9,0,0,0,0.0
16064,0,0.0009062219999999999,34,0,1.3730122669999998,2200.0,19,0,2,0,0.0
16065,0,0.011764586,83,0,0.017574141,6372.0,17,0,0,0,1.0
16066,0,0.479163694,92,0,0.493077349,5416.0,11,0,2,0,0.0
16068,0,0.355114359,61,0,0.28079132100000004,4700.0,8,0,1,0,0.0
16069,0,0.37370370799999997,39,0,0.33051742300000003,10416.0,31,0,1,0,0.0
16071,0,0.112220051,62,0,0.249597596,9318.0,12,0,2,0,0.0
16072,0,0.17572803399999998,75,0,193.0,,4,0,0,0,0.0
16074,0,0.9211986679999999,53,1,347.0,,2,0,0,0,
16076,0,0.013163635,51,1,0.155889915,10500.0,17,0,1,0,0.0
16077,0,0.001413296,73,0,360.0,,6,0,0,0,0.0
16078,0,0.129661264,42,0,0.324114812,4772.0,5,0,1,0,2.0
16079,0,0.12794635599999998,59,0,0.450569987,5350.0,21,0,3,0,0.0
16080,0,0.897461835,59,0,0.9887515309999999,8978.0,23,0,2,0,3.0
16081,0,0.055879827,46,0,0.366880644,9190.0,6,0,1,0,0.0
16082,0,0.275873563,43,0,0.22072241,8000.0,5,0,1,0,3.0
16083,0,0.527325872,53,0,0.289680314,3565.0,2,0,0,0,0.0
16084,0,0.28213026199999997,47,2,0.077084583,3333.0,3,0,0,0,1.0
16086,0,0.019587083,54,0,0.022622172000000003,8000.0,7,0,0,0,0.0
16087,0,0.135590005,53,0,0.455908818,5000.0,9,0,2,0,2.0
16088,0,0.025120461,51,0,0.322812052,3484.0,14,0,1,0,1.0
16089,0,0.386900375,80,0,3248.0,,10,0,1,0,0.0
16090,1,0.96420358,33,0,0.243972117,8750.0,12,0,0,0,5.0
16091,0,0.321720302,46,0,5034.0,,12,0,2,0,0.0
16093,0,0.0013774829999999999,73,0,860.0,,16,0,1,0,0.0
16094,0,0.0,36,0,0.035370579,8000.0,10,0,0,0,0.0
16095,0,0.015893279,61,0,21.0,,15,0,0,0,1.0
16097,0,0.849925665,50,0,0.347647531,11200.0,14,0,0,0,2.0
16098,0,0.37459760799999997,57,0,0.283233858,11057.0,13,0,2,0,1.0
16099,0,0.10072248199999999,46,0,0.5709286339999999,8000.0,4,0,2,0,0.0
16100,0,0.013795701,53,0,0.151130723,3625.0,18,0,1,0,0.0
16101,1,0.776743229,50,0,0.7957028740000001,10890.0,17,0,4,0,0.0
16102,0,0.081803286,39,0,1725.0,,6,0,2,0,0.0
16104,0,1.559300874,37,0,55.0,,3,0,0,0,0.0
16106,0,0.052057451,25,0,0.10469314099999999,3600.0,6,0,0,0,0.0
16107,0,0.464688971,29,0,0.13034188,6083.0,9,0,0,0,0.0
16108,0,0.025058087000000003,44,0,1.0349941679999999,6000.0,8,0,4,0,2.0
16109,0,0.12559282300000002,43,0,0.522616918,11738.0,8,0,3,0,4.0
16110,0,0.019776899,64,0,0.007902736,1644.0,3,0,0,0,0.0
16112,0,0.015599554,79,0,0.020815987,1200.0,6,0,0,0,0.0
16113,0,0.9999998999999999,39,1,0.535718254,9000.0,11,0,1,0,2.0
16116,0,0.043860962,56,0,0.076153974,6000.0,8,0,1,0,0.0
16117,0,0.579038331,38,2,535.0,,4,0,0,1,2.0
16119,0,0.446943776,55,0,0.330516829,7100.0,9,0,1,0,2.0
16120,0,0.170762663,54,0,0.154476573,6466.0,6,0,2,0,1.0
16122,0,0.057337220999999994,28,0,0.138246215,3500.0,6,0,0,0,0.0
16124,0,0.022541635,54,0,0.23580227199999998,6250.0,10,0,1,0,3.0
16125,1,0.007246720999999999,74,0,1.591754651,1988.0,9,0,2,0,0.0
16127,0,0.021696717999999997,59,0,0.00640563,11083.0,11,0,0,0,0.0
16128,0,0.7991575759999999,38,0,0.810496381,3867.0,12,0,2,0,2.0
16129,0,0.015866088,35,0,0.485285952,1800.0,6,0,1,0,0.0
16130,0,0.8565631459999999,70,1,0.838674485,14665.0,17,0,2,0,1.0
16131,0,0.034434876,53,0,0.181933752,14158.0,9,0,1,0,3.0
16132,0,0.974120415,30,0,0.14276018099999999,4419.0,9,0,0,0,0.0
16134,0,0.146491758,58,0,0.46882436899999996,2100.0,14,0,1,0,1.0
16136,0,0.167298805,40,0,0.075605017,5660.0,8,0,0,0,0.0
16137,0,0.896965008,38,1,1.456160591,4333.0,8,0,2,0,2.0
16138,1,0.070384351,56,1,0.879529638,4166.0,19,0,2,1,2.0
16139,0,0.337604622,50,0,0.024152707000000002,7700.0,6,0,0,0,0.0
16140,0,0.020332486,42,0,0.7230923029999999,3000.0,8,0,1,0,0.0
16141,0,0.049558425999999996,41,3,0.265115659,15000.0,5,0,2,0,3.0
16142,0,0.23059764600000002,55,1,0.570214893,2000.0,6,0,1,0,2.0
16143,0,0.039867541,39,0,0.360012654,3160.0,10,0,1,0,1.0
16144,0,0.007729646,70,0,0.588172273,4666.0,15,0,3,0,0.0
16146,0,0.000288448,42,0,0.0,2882.0,3,0,0,0,0.0
16147,0,0.882941137,41,0,0.204738986,2700.0,3,0,0,0,3.0
16148,0,0.971784972,55,3,0.039995295,8500.0,8,0,0,0,1.0
16151,0,0.0,45,0,0.21599136,25000.0,5,0,2,0,0.0
16155,0,0.849643795,79,0,0.17744755199999998,1143.0,1,0,0,0,0.0
16156,0,0.026071299999999995,58,0,0.475831334,11667.0,11,0,3,0,0.0
16157,0,0.041448431,64,0,1337.0,,9,0,1,0,0.0
16158,1,0.849270665,62,1,0.056441327,3135.0,9,2,0,1,0.0
16160,0,0.22095993600000002,32,0,0.6140387420000001,4800.0,12,0,1,0,0.0
16161,0,0.9999998999999999,62,0,0.975941897,2202.0,10,1,2,0,4.0
16162,0,0.5433003129999999,86,0,0.494457831,6224.0,15,0,2,0,0.0
16163,0,0.044530365,67,0,0.40231349899999996,10200.0,8,0,3,0,1.0
16165,0,0.001215236,66,0,0.0,,4,0,0,0,0.0
16168,0,0.413364224,30,0,0.941352882,3000.0,7,0,1,0,0.0
16171,0,0.091988091,77,0,369.0,,8,0,0,0,0.0
16172,0,0.160311864,39,0,0.678864227,5000.0,7,0,1,0,3.0
16173,0,0.784000687,46,1,0.24429261800000002,6000.0,7,0,2,0,3.0
16174,0,0.187651029,30,0,1868.0,,4,0,1,0,0.0
16175,0,0.05476077099999999,56,0,0.727818045,4000.0,5,0,1,0,0.0
16176,0,3.126245847,23,0,0.020899591000000002,2200.0,0,1,0,0,0.0
16177,0,0.21189591100000002,77,0,0.112177729,3645.0,12,0,0,0,0.0
16178,0,0.30492676399999996,25,0,0.091514996,3900.0,5,0,0,0,0.0
16179,0,0.001587251,45,0,0.000333222,3000.0,4,0,0,0,1.0
16180,0,0.026240648,37,0,0.221693387,7983.0,18,0,1,0,5.0
16181,0,0.09377749099999999,57,0,0.06848971400000001,3985.0,8,0,0,0,0.0
16182,0,0.40275540200000004,34,1,0.47336094799999995,7000.0,10,0,1,0,2.0
16183,0,0.9999998999999999,61,0,0.163076084,3666.0,6,1,2,1,0.0
16184,0,0.011294526000000001,23,1,0.0,,2,0,0,0,
16186,0,0.139306325,46,0,0.682823387,3300.0,8,0,3,0,1.0
16189,0,0.0,60,0,652.0,,5,0,1,0,0.0
16190,0,0.116623395,40,0,1.287766831,2435.0,10,0,2,0,1.0
16191,0,0.0,60,0,0.168071274,4152.0,3,0,1,0,0.0
16193,0,0.077244112,54,0,0.205133089,21000.0,15,0,1,0,0.0
16194,0,0.465933438,35,2,0.311242385,5416.0,6,0,1,0,1.0
16195,0,0.128169738,46,0,0.27369684,7500.0,9,0,1,0,1.0
16197,0,0.05676632,39,0,3017.0,,2,0,1,0,0.0
16198,0,0.40564357100000004,52,0,0.525665144,7441.0,10,0,3,0,0.0
16199,0,0.030312516,57,0,0.388275693,8153.0,10,0,3,0,0.0
16200,0,0.092283078,37,0,0.09672370599999999,9583.0,5,0,2,0,3.0
16201,0,0.22899619699999998,51,0,0.294907507,14000.0,15,0,2,0,3.0
16203,0,0.1652747,37,0,419.0,,4,0,0,0,0.0
16204,0,0.018991065,61,0,0.352479486,5605.0,9,0,1,0,1.0
16205,0,0.081076577,57,0,0.219032675,10833.0,5,0,1,0,1.0
16207,0,0.0,76,0,0.580210339,6750.0,5,0,1,0,1.0
16208,0,0.19527702100000002,24,0,6.0,,5,0,0,0,
16209,0,0.080590238,62,0,1339.0,,3,0,1,0,0.0
16210,0,0.7475142440000001,38,0,0.18153117600000002,3800.0,5,0,0,0,3.0
16211,0,0.0279725,67,1,0.24620783300000001,8833.0,13,0,1,0,0.0
16212,0,0.261342332,27,1,0.323214571,6258.0,6,0,2,0,0.0
16213,1,0.801410106,49,1,0.071451154,3162.0,1,4,0,1,0.0
16215,0,0.939412299,36,0,0.038733861,2400.0,2,0,0,0,0.0
16216,0,0.19928983600000003,40,0,0.236750032,7716.0,7,0,1,0,3.0
16219,0,0.08971988199999999,30,0,0.30566495,3300.0,7,0,2,0,0.0
16220,0,0.0,59,1,0.09465695800000001,9750.0,8,0,0,0,1.0
16221,0,0.006199690999999999,78,1,2775.0,,10,0,2,0,0.0
16222,0,0.600705226,63,0,0.29637629,4166.0,5,0,0,0,1.0
16223,0,0.257954201,58,0,0.294232411,8200.0,10,0,3,0,0.0
16228,0,0.19961252399999999,42,0,0.05062625,9500.0,4,0,0,0,0.0
16229,0,0.044713567999999995,65,0,0.293630391,3500.0,14,0,1,1,0.0
16231,0,0.050264498,49,0,0.321540266,5115.0,6,0,1,0,2.0
16232,0,0.352246213,53,0,0.24961796600000002,15050.0,16,0,2,0,0.0
16233,0,0.152861571,40,0,0.42711457700000005,5000.0,9,0,2,0,0.0
16234,0,0.0,63,0,0.337565674,2283.0,3,0,1,0,0.0
16235,0,0.006249805,51,0,0.208819903,27573.0,8,0,1,0,2.0
16236,0,0.8605073959999999,39,0,0.608096574,8200.0,3,0,2,0,2.0
16237,0,0.022846804,63,0,505.0,,13,0,1,0,0.0
16238,0,0.041080822999999995,70,0,0.28174365100000004,5000.0,9,0,1,0,0.0
16239,0,0.7162710840000001,49,1,0.36042959,10800.0,9,0,2,0,2.0
16240,0,0.9999998999999999,26,0,0.224441833,850.0,1,0,0,0,0.0
16241,0,0.662688355,62,1,0.31338606199999997,6700.0,8,0,1,0,0.0
16244,0,0.0,38,0,0.7902722,2240.0,9,0,2,0,0.0
16246,0,0.0007379660000000001,60,0,0.481833699,4100.0,34,0,2,0,0.0
16247,0,0.0,56,0,0.0,10700.0,2,0,0,0,0.0
16249,0,0.016279211000000002,39,0,1.1599466840000001,3000.0,9,0,4,0,0.0
16250,0,0.39314841899999997,37,2,1.408913649,1794.0,10,0,1,0,1.0
16251,0,0.27998998399999997,53,0,0.712345205,20833.0,18,0,4,0,0.0
16252,0,0.189200183,56,0,2238.0,,6,0,2,0,0.0
16253,0,0.197626601,25,0,0.031989337,3000.0,6,0,0,0,1.0
16255,0,0.538251758,28,0,0.21514768399999998,8700.0,10,0,1,0,2.0
16256,0,0.580905528,69,1,0.426254368,15166.0,18,0,1,0,1.0
16257,0,0.148736637,66,0,4517.0,,18,0,1,0,0.0
16258,0,0.06002901099999999,67,0,0.144171166,5000.0,5,0,0,0,1.0
16259,0,0.039459327999999995,64,0,3335.0,,20,0,2,0,0.0
16260,0,0.04059594,50,0,0.149080863,9410.0,9,0,1,0,0.0
16261,0,1.105178964,48,0,0.124869329,19131.0,7,0,1,0,3.0
16262,0,0.16913847699999998,35,0,0.523790484,2500.0,6,0,1,0,0.0
16263,0,0.18172029,60,0,3450.0,,22,0,2,0,0.0
16264,0,0.061232264,48,0,0.258544465,11761.0,8,0,2,0,2.0
16266,0,0.555292138,49,0,0.498875281,4000.0,6,0,2,0,1.0
16268,1,0.9999998999999999,27,2,0.275329396,2200.0,3,0,0,1,0.0
16270,0,0.096890583,61,0,1.036846615,3500.0,19,0,2,0,0.0
16272,0,0.0,77,0,2.0,,9,0,0,0,0.0
16273,0,0.028300632000000003,68,0,0.648539326,4449.0,22,0,3,0,0.0
16275,0,1.003862758,48,0,0.13293353300000002,2000.0,5,0,0,0,2.0
16276,0,0.9999998999999999,23,0,0.203197868,1500.0,2,0,0,0,0.0
16277,0,0.075968812,52,0,0.258514738,9600.0,6,0,1,0,1.0
16280,0,0.037921893,80,0,72.0,,13,0,0,0,0.0
16281,0,0.025257622999999996,40,0,1128.0,,4,0,1,0,0.0
16282,0,0.155668239,32,1,967.0,,8,0,0,0,0.0
16284,0,0.075322845,43,1,0.22802097300000002,8200.0,23,0,2,1,0.0
16285,0,0.879725588,47,1,0.076389815,7500.0,19,0,0,1,2.0
16286,0,0.186506967,74,0,138.5,1.0,6,0,0,0,0.0
16288,0,0.115080214,56,0,3332.0,,14,0,2,0,
16289,1,0.152292821,60,6,0.682263547,5000.0,23,0,2,0,0.0
16290,1,0.42781471299999996,52,0,0.26114777,5000.0,10,1,2,0,0.0
16291,0,0.041896328,74,0,0.185882353,4249.0,6,0,0,0,1.0
16292,1,1.0432471220000001,46,0,0.617309165,3916.0,8,0,1,0,2.0
16293,0,0.060479013,46,0,0.194978336,9000.0,10,0,1,0,4.0
16294,0,0.0,43,0,1927.0,,5,0,1,0,0.0
16298,0,0.015751595,45,0,0.003719702,8333.0,7,0,0,0,0.0
16299,0,0.705976718,63,0,0.21293294100000001,33000.0,12,0,2,0,1.0
16300,0,0.533906209,51,0,0.4019012,6416.0,15,0,0,0,0.0
16301,0,0.046688045,47,0,0.695465454,7916.0,10,0,3,0,1.0
16302,0,0.001211974,41,0,0.311651405,6333.0,7,0,2,0,2.0
16303,0,0.9999998999999999,43,0,0.014280262,31441.0,1,0,0,1,2.0
16304,0,0.032088594,71,0,0.45639434700000003,2900.0,9,0,0,0,0.0
16305,0,0.01319956,39,0,0.00275,3999.0,1,0,0,0,3.0
16307,0,0.077613943,60,0,2475.0,,10,0,2,0,0.0
16308,0,0.012621916,46,0,0.200547778,9857.0,5,0,1,0,0.0
16309,0,1.006110432,46,0,0.614367476,5066.0,10,0,1,0,1.0
16311,0,0.666083354,52,0,0.44077275,5900.0,6,0,1,0,0.0
16313,0,0.551631456,74,1,0.428977273,5983.0,11,0,3,0,0.0
16314,0,0.0507029,82,0,1589.0,,13,0,1,0,0.0
16315,0,0.395788948,50,0,0.635032974,6216.0,8,0,2,0,3.0
16317,0,0.11860778300000001,73,0,592.0,,7,0,0,1,
16320,0,0.020573433000000002,49,0,0.237284876,10400.0,10,0,2,0,0.0
16321,0,0.150536082,33,0,1.073855244,1353.0,12,0,1,0,2.0
16323,0,0.34793353899999996,45,0,0.08743340599999999,3190.0,5,0,0,0,0.0
16324,0,0.0,51,1,0.727888523,5166.0,8,0,3,0,0.0
16325,0,0.28726703600000003,49,0,0.243629134,5532.0,5,0,0,0,0.0
16328,0,0.0059988,38,0,0.526315789,9100.0,8,0,4,0,3.0
16329,0,0.23678105800000002,26,0,0.163371961,4400.0,8,0,0,0,0.0
16330,0,0.602919854,44,0,0.591526779,1250.0,2,0,0,0,3.0
16333,0,0.0,43,0,0.656098258,3500.0,9,0,2,0,0.0
16336,0,0.000592874,89,0,0.045216995999999995,4400.0,15,0,0,0,1.0
16337,0,0.004281873,32,0,0.275473934,3375.0,3,0,1,0,0.0
16338,0,0.002057845,59,0,0.458093449,16500.0,12,0,2,0,2.0
16339,0,0.514624269,37,0,0.339693553,6917.0,8,0,1,0,2.0
16340,0,0.317712531,66,0,0.26332393600000004,14897.0,9,0,2,0,0.0
16341,0,0.293255723,35,0,697.0,,8,0,0,0,
16343,0,0.273100096,68,0,161.0,,10,0,0,0,1.0
16344,0,0.538692262,51,0,0.300710423,9430.0,5,0,1,0,1.0
16345,0,0.529538818,25,0,0.35982009,2000.0,8,0,0,0,0.0
16346,0,0.053971517000000004,60,0,0.163322445,15000.0,10,0,2,0,0.0
16347,0,0.455688415,67,0,1226.0,,9,0,0,0,
16348,0,0.010231364,74,0,0.262119967,3650.0,14,0,1,0,0.0
16349,0,0.467001535,66,0,0.356301321,2800.0,5,0,1,0,0.0
16351,0,0.0,57,0,0.191862192,10100.0,11,0,2,0,0.0
16355,0,0.07982967099999999,44,0,0.38288993200000004,3833.0,10,0,1,0,2.0
16356,0,0.0,84,0,0.0,12500.0,1,0,0,0,0.0
16359,0,0.012680311000000001,63,0,0.009130817,5694.0,4,0,0,0,0.0
16360,0,0.9045301929999999,50,0,0.658724203,5329.0,14,0,2,0,2.0
16362,0,0.013993476000000001,58,0,1.335731415,1667.0,9,0,1,0,1.0
16363,0,0.8863426090000001,32,0,0.450060168,5816.0,7,0,1,0,2.0
16364,0,0.18668761600000003,42,0,1406.0,,5,0,1,0,0.0
16366,0,601.0,69,0,0.001783591,10091.0,4,0,0,0,0.0
16367,0,0.035621431,79,0,0.24924318899999998,990.0,7,0,0,0,0.0
16368,0,0.22659800100000002,28,1,0.132417239,1600.0,5,0,0,0,0.0
16371,0,0.9999998999999999,51,0,0.299588665,4375.0,3,0,2,0,2.0
16373,1,0.834837325,50,3,2.3988006,2000.0,7,0,1,0,1.0
16374,0,0.0,40,0,0.214654184,10467.0,5,0,0,0,5.0
16376,0,0.050122912,58,0,0.183379247,10889.0,6,0,1,0,1.0
16377,0,0.0,55,0,825.0,,3,0,1,0,0.0
16379,0,0.000736832,38,0,9.09e-05,11000.0,6,0,0,0,3.0
16380,0,0.059677613,70,0,3480.0,,9,0,2,0,0.0
16383,0,0.017445428,84,0,448.0,,5,0,1,0,0.0
16384,0,0.0,32,0,1.093488072,1550.0,5,0,1,0,1.0
16385,0,0.0043227859999999995,71,0,762.0,,11,0,1,0,0.0
16386,0,0.511165426,37,1,0.399741268,5410.0,4,0,1,0,0.0
16387,0,0.991500708,54,1,0.146930969,5750.0,4,0,0,0,0.0
16388,0,0.9999998999999999,36,1,0.081989751,8000.0,1,3,0,0,0.0
16389,0,0.01003852,33,0,612.0,,11,0,0,0,2.0
16390,1,0.14484860900000002,40,0,2.688124306,900.0,22,0,2,0,3.0
16391,0,0.018221547,38,0,2159.0,,9,0,1,0,0.0
16393,0,0.993006993,31,0,0.594628357,1600.0,4,0,1,0,2.0
16395,0,0.040313134,60,0,0.168076045,16200.0,6,0,2,0,2.0
16396,0,0.039898495,67,0,46.0,,8,0,0,0,0.0
16397,0,0.062415715,72,1,0.289940828,1520.0,13,0,0,0,0.0
16398,0,0.042779059,50,0,0.167630058,2940.0,9,0,0,0,0.0
16401,0,0.478154724,59,0,0.304179567,3875.0,8,0,0,0,1.0
16402,0,0.002656575,78,0,0.0007618319999999999,10500.0,17,0,0,0,0.0
16403,0,0.009831695,33,0,0.00039984,2500.0,2,0,0,0,2.0
16404,0,0.019997561,51,0,0.210659898,2757.0,8,0,1,0,2.0
16405,0,0.079600845,60,0,2169.0,,7,0,1,0,0.0
16406,0,0.201260231,91,0,0.038318371000000004,4566.0,3,0,0,0,0.0
16407,0,0.028933262,37,0,0.62621817,3180.0,11,0,2,0,2.0
16409,0,0.188698098,61,4,3616.0,,21,0,1,2,0.0
16410,0,0.007319707,64,0,0.141918434,14000.0,4,0,1,0,0.0
16412,0,0.0,57,0,0.176766139,13135.0,9,0,2,0,0.0
16413,0,0.001051377,83,2,0.28869807399999997,4308.0,13,0,0,0,0.0
16414,1,0.9999998999999999,23,0,111.0,,1,2,0,1,0.0
16416,0,0.049244838,42,1,0.6499321570000001,3684.0,11,0,1,0,2.0
16418,0,0.075011773,30,0,2.866267465,500.0,10,0,1,0,2.0
16419,0,0.007957727,56,0,0.269303202,4247.0,8,0,1,0,3.0
16420,0,0.991339107,40,0,0.152369526,5000.0,6,0,0,0,2.0
16422,0,0.0,51,0,1579.0,,4,0,2,0,0.0
16423,0,0.0,54,0,0.42582177200000004,8000.0,10,0,3,0,5.0
16424,0,0.655690679,46,0,0.07482679,6494.0,4,0,0,0,3.0
16425,0,0.12174927699999999,71,0,0.530649829,3800.0,20,0,2,0,0.0
16426,0,0.069759112,64,0,0.012118018999999999,5693.0,5,0,0,0,2.0
16427,0,0.930818615,69,0,6974.0,,35,0,2,0,0.0
16428,0,0.041509664,51,0,0.334880124,9050.0,10,0,1,0,3.0
16429,0,0.012849679,80,0,2134.0,,6,0,1,0,0.0
16432,0,0.0,63,0,0.432205424,12500.0,7,0,1,0,0.0
16433,1,0.017319231,50,0,0.771871355,6000.0,14,0,4,0,1.0
16435,0,0.94203972,41,0,2.093522802,3025.0,11,0,4,0,0.0
16436,0,0.063402711,84,0,25.0,,2,0,0,0,0.0
16437,1,1.135326197,29,1,626.0,,6,0,0,0,0.0
16438,0,0.330574786,29,0,0.400399734,1500.0,4,0,0,0,0.0
16440,0,0.235800829,65,0,0.608989745,4582.0,16,0,2,0,1.0
16441,0,0.06877195900000001,56,0,2410.0,,9,0,2,0,0.0
16442,0,0.082964754,56,0,0.376311844,2000.0,6,0,1,0,0.0
16444,1,0.35067107700000005,58,0,0.41052786399999996,6800.0,9,0,5,0,0.0
16446,0,0.445918655,43,0,0.386404834,13239.0,14,0,2,0,0.0
16448,0,0.976204759,28,0,0.286691215,1900.0,3,0,0,0,0.0
16450,0,0.030376121000000002,84,0,424.0,,6,0,1,0,0.0
16453,0,0.052929788,36,0,0.414891126,4270.0,10,0,1,0,2.0
16454,0,0.062138757,62,1,0.099790882,11954.0,7,0,1,0,0.0
16456,0,0.036743554,37,0,6915.0,,21,0,3,0,3.0
16457,0,0.0,67,0,0.000666519,4500.0,6,0,0,0,0.0
16460,0,0.133776344,74,0,0.0056497909999999995,77170.0,11,0,0,0,1.0
16461,0,0.030452048,41,0,0.158304575,11300.0,6,0,2,0,0.0
16462,0,0.68989433,67,0,0.47611904899999996,12666.0,20,0,2,0,0.0
16465,0,0.644694212,62,0,0.511142278,6416.0,11,0,2,0,0.0
16466,0,0.008839361,83,0,830.0,,5,0,1,0,1.0
16471,0,0.148026779,68,0,0.13920320000000003,19000.0,10,0,2,0,1.0
16473,0,0.130056015,59,0,1858.0,,24,0,1,0,0.0
16474,0,0.6503133729999999,41,0,0.305373257,4875.0,10,0,0,0,1.0
16475,0,0.9999998999999999,28,0,0.1387211,4800.0,2,0,0,0,1.0
16476,0,0.08711269199999999,42,0,0.57372367,2800.0,15,0,1,0,3.0
16478,0,0.0,48,0,0.0,,5,0,0,0,1.0
16480,0,0.0,70,0,97.0,,7,0,0,0,
16481,0,0.039087912,34,0,0.067460772,8730.0,19,0,0,0,2.0
16482,1,0.95465905,59,1,0.181014523,4750.0,21,0,0,0,0.0
16485,0,0.170531871,33,0,0.086166152,5500.0,8,1,0,1,1.0
16487,0,0.0,49,0,0.08547863,4000.0,3,0,0,0,0.0
16488,0,0.162300636,77,0,0.227886057,2000.0,8,0,0,0,0.0
16489,0,0.092930236,63,0,0.471816023,8000.0,7,0,1,0,0.0
16491,0,0.091085021,30,0,0.039992002,5000.0,2,0,0,0,1.0
16492,0,0.013207298000000001,79,0,0.188362328,5000.0,7,0,1,0,0.0
16493,1,0.9999998999999999,47,0,0.313665546,3270.0,4,2,1,1,2.0
16495,0,0.73253493,24,0,0.009993754,1600.0,6,0,0,1,0.0
16497,1,0.504875941,40,2,0.23660157899999998,4813.0,13,0,1,0,1.0
16498,0,0.356800919,62,1,0.22095788,11775.0,5,0,1,0,1.0
16500,0,0.366809046,38,0,0.129595366,12430.0,7,0,0,0,3.0
16501,0,0.031736664,50,0,0.665388828,1825.0,10,0,1,0,1.0
16502,0,0.0,60,0,1509.0,,8,0,1,0,0.0
16504,0,0.762168627,39,1,0.950178845,3913.0,8,0,2,0,2.0
16505,1,0.9999998999999999,35,2,0.364640884,3800.0,9,0,0,0,0.0
16506,0,0.427593589,66,0,1.11692726,1470.0,8,0,2,0,0.0
16507,0,0.688881682,48,0,0.391640164,2200.0,3,0,0,0,1.0
16508,0,0.031785904,39,0,19.0,,8,0,0,0,0.0
16509,1,0.02279772,48,4,1.347150259,1350.0,11,0,2,0,0.0
16511,0,0.9999998999999999,44,0,0.237458775,5760.0,5,0,1,0,2.0
16513,0,0.249500998,25,0,0.20506554100000002,4500.0,3,0,1,0,0.0
16515,0,0.046694299,82,0,0.013679111,3508.0,4,0,0,0,0.0
16516,0,0.012498958000000001,89,0,0.191107311,4677.0,4,0,1,0,0.0
16518,0,0.391217565,21,0,0.002630195,1900.0,1,0,0,0,0.0
16519,0,0.021106506,74,0,56.0,,12,0,0,0,0.0
16520,0,0.135943203,75,0,0.096466094,2093.0,6,0,0,0,0.0
16522,0,0.153962701,43,0,0.44211157799999995,5000.0,10,0,1,0,2.0
16525,0,0.024234147999999997,59,0,2577.0,,12,0,1,0,0.0
16526,0,0.056538055,50,0,393.0,,5,0,0,0,0.0
16527,0,0.059583762,48,0,0.30324957199999997,7600.0,14,0,1,0,4.0
16530,0,0.794160292,42,0,0.417471651,16666.0,6,0,3,0,2.0
16533,0,0.215582611,66,0,0.509496834,3000.0,10,0,1,0,0.0
16534,0,0.015190427,32,0,0.136818052,3500.0,16,0,0,0,1.0
16535,0,0.9999998999999999,40,1,0.101213742,14582.0,4,0,2,0,2.0
16537,0,0.098127083,61,0,0.323778688,10500.0,54,0,2,0,0.0
16538,0,0.09800432199999999,58,1,0.267389917,4700.0,6,0,1,0,0.0
16539,0,1.036049682,27,1,0.10717797400000001,3050.0,3,0,0,0,0.0
16541,0,0.006698896,50,0,1569.0,,18,0,0,0,
16543,0,0.0,41,0,1.0385284609999998,4022.0,10,0,1,0,3.0
16544,0,0.9999998999999999,41,0,1642.0,,3,0,1,0,0.0
16548,0,0.672340681,48,0,0.483404324,12442.0,13,0,1,0,0.0
16549,0,0.0,43,0,0.0,,3,0,0,0,
16550,0,0.046656228,61,0,0.626995646,6200.0,18,0,3,0,0.0
16551,0,0.065322435,63,0,2228.0,,12,0,1,0,0.0
16552,0,0.017684817,94,0,327.0,,6,0,0,0,0.0
16553,0,0.076190815,63,0,2511.0,,12,0,2,0,0.0
16554,0,0.001580702,45,1,0.105966743,9200.0,10,0,0,0,2.0
16555,0,0.034063716,41,0,0.45452775100000004,10269.0,13,0,2,0,0.0
16557,0,0.9999998999999999,49,1,1989.0,,3,0,1,0,0.0
16558,0,0.0,86,0,0.156631669,4666.0,8,0,1,0,0.0
16559,0,0.071986911,31,0,0.221945137,400.0,7,0,0,0,0.0
16560,0,0.035626991000000004,47,0,0.274828232,1600.0,7,0,0,0,2.0
16561,0,0.9999998999999999,58,0,0.0,,1,0,0,0,1.0
16562,0,0.35653217299999995,60,0,0.032900834,6473.0,1,0,0,0,0.0
16563,0,0.371749558,39,0,0.277538355,5800.0,18,0,1,0,0.0
16564,0,0.111861017,51,0,0.301162558,9977.0,5,0,2,0,2.0
16566,0,0.117848725,50,0,0.132829853,2250.0,2,0,1,0,0.0
16569,0,0.095853886,73,0,1391.0,,6,0,1,0,0.0
16571,0,0.019160631,65,0,0.183547558,5834.0,8,0,2,0,1.0
16572,0,0.025220835,42,0,2004.0,,11,0,1,0,0.0
16573,0,0.040869891,50,2,2.5063037999999995,11500.0,10,0,2,0,2.0
16574,0,0.0,49,0,0.36673723799999997,4250.0,7,0,1,0,1.0
16576,0,0.328853692,48,0,0.35823754799999996,4697.0,5,0,1,0,4.0
16577,0,0.11991680199999999,48,0,0.438728064,6666.0,10,0,2,0,2.0
16579,1,0.7865844670000001,61,0,1.732325695,2050.0,12,0,3,0,0.0
16583,0,0.011110493999999999,63,0,0.214576698,13500.0,11,0,1,0,0.0
16585,0,0.04179582,41,0,0.34732793799999995,12480.0,11,0,2,0,1.0
16586,0,0.10788295199999999,61,0,0.27462954300000003,23416.0,18,0,2,0,1.0
16587,0,0.014211906000000002,78,0,0.004826754,5800.0,5,0,0,0,0.0
16588,0,0.053353025,63,0,0.122960532,10970.0,10,0,1,0,2.0
16589,0,0.006115149,56,0,0.268746251,5000.0,5,0,1,0,1.0
16591,0,0.81410298,75,0,0.40933767600000004,5525.0,9,0,0,0,0.0
16593,0,0.14766717099999999,47,0,0.741407122,8058.0,15,0,2,0,1.0
16594,0,0.490850915,50,0,0.15869460900000001,6250.0,2,0,1,0,0.0
16595,0,0.999939672,39,0,0.567143831,4400.0,5,0,1,0,1.0
16596,0,0.0030599390000000002,59,0,1676.0,,7,0,1,0,
16597,0,0.040534267,44,0,0.151649943,9666.0,7,0,2,0,3.0
16598,1,0.504523092,62,0,0.153018605,7900.0,4,0,0,0,0.0
16599,0,0.916821111,47,1,3473.0,,11,0,1,0,0.0
16601,0,0.049038038,61,0,1316.0,,5,0,1,0,0.0
16603,0,0.211010738,74,1,0.044382247,2500.0,6,0,0,0,0.0
16604,0,0.054340748,53,0,1.665439243,1900.0,17,0,2,0,2.0
16606,0,0.001160697,79,0,0.000612182,3266.0,6,0,0,0,0.0
16609,0,0.0,54,0,0.7056437179999999,8380.0,11,0,4,0,0.0
16610,0,0.01107127,62,0,42.0,,8,0,0,0,0.0
16611,0,0.555186795,67,0,6292.0,,14,0,1,0,0.0
16613,0,0.110767855,32,0,0.40338120299999997,5500.0,4,0,2,0,1.0
16614,0,0.017764281,39,0,0.31565694,6750.0,11,0,2,0,0.0
16615,0,0.199690495,46,0,0.021043771,4751.0,1,0,0,0,4.0
16619,1,0.48930214,60,0,0.386519945,2907.0,9,0,1,0,0.0
16620,0,0.234191452,61,0,921.0,,4,0,1,0,0.0
16621,0,0.0,39,0,0.622780355,6250.0,6,0,2,0,0.0
16622,0,0.8230388740000001,47,0,3715.0,,11,0,1,0,1.0
16623,0,0.176856333,38,0,2667.0,,9,0,2,0,0.0
16624,0,0.568534245,67,0,2354.0,,4,0,1,0,2.0
16625,0,0.015767531,50,0,20.0,0.0,3,0,0,0,0.0
16626,0,0.0,59,0,517.0,,3,0,1,0,0.0
16627,0,0.132628089,57,0,0.204261775,14500.0,6,0,2,0,1.0
16630,0,0.15935559400000002,62,1,0.22926447600000002,3833.0,13,0,0,0,0.0
16632,0,0.101174487,54,0,77.0,,1,0,1,0,
16633,0,0.0,26,0,0.0,1300.0,2,0,0,0,1.0
16634,0,0.456584537,37,0,0.317212968,5582.0,8,0,2,0,3.0
16635,0,0.099889012,47,0,0.056471764,2000.0,3,0,0,0,3.0
16636,0,0.046955937999999996,59,0,0.603339666,10000.0,16,0,3,0,0.0
16637,0,0.9950628090000001,68,0,0.309555855,5200.0,7,0,0,0,0.0
16638,0,0.9999998999999999,41,0,0.44954701700000005,3200.0,3,0,1,0,1.0
16639,0,0.19106088100000002,54,0,0.646570286,3250.0,11,0,2,0,0.0
16640,0,0.015566148,68,0,0.172158365,3914.0,6,0,0,0,0.0
16641,0,0.0027774690000000003,33,0,0.49421682,5100.0,9,0,2,0,2.0
16642,1,14.54091816,45,3,1.1518647709999998,3726.0,11,0,2,7,3.0
16646,0,0.013207523999999998,41,0,0.006964456999999999,4163.0,9,0,0,0,0.0
16647,0,0.032011633,65,0,0.320135973,5000.0,11,0,0,0,0.0
16648,0,0.044675978,56,1,0.386403399,4000.0,8,0,2,0,2.0
16649,0,0.148092817,52,0,0.245159918,14100.0,6,0,1,0,1.0
16650,1,1.067104903,33,1,0.23503166399999997,6947.0,9,0,0,4,2.0
16651,0,0.02192391,49,0,0.01264334,3400.0,2,0,0,0,1.0
16652,0,0.069185444,74,0,0.10391264800000001,10989.0,7,0,1,0,0.0
16653,0,0.252441932,45,0,555.0,0.0,5,0,0,0,0.0
16654,0,0.0,59,0,3192.0,,9,0,2,0,0.0
16655,1,0.353858457,50,0,0.938530735,2000.0,5,0,1,0,1.0
16657,0,0.046996177,55,0,0.288673943,15300.0,11,0,2,0,0.0
16659,0,0.021342247,67,0,0.104827586,7249.0,5,0,1,0,0.0
16660,0,0.052556102,50,0,0.498065515,3876.0,7,0,1,0,0.0
16665,0,0.206307346,67,0,1.120626458,3000.0,9,0,2,0,0.0
16666,0,0.0,62,0,975.0,,7,0,1,1,0.0
16667,0,1.073880921,28,1,0.206563215,3930.0,4,0,0,0,0.0
16668,0,0.05201364,69,0,0.015245624,7083.0,5,0,0,0,0.0
16669,1,1.04745167,46,2,0.599870298,3083.0,6,3,0,0,0.0
16672,0,0.825146857,61,0,1677.0,,9,0,1,0,0.0
16673,0,1.120199992,56,1,1.69738277,1833.0,14,0,3,0,1.0
16674,0,0.079604491,27,0,0.017492711,2400.0,5,0,0,0,0.0
16677,0,0.558471701,26,0,0.33289987,1537.0,5,0,0,0,0.0
16678,0,0.081494207,71,0,1142.0,,5,0,1,0,0.0
16679,0,0.26028006600000003,58,0,0.133169712,11000.0,9,0,0,0,4.0
16680,0,0.271992941,61,1,0.123696615,7000.0,17,0,0,0,1.0
16681,0,0.0,77,0,0.0,,6,0,0,0,
16682,0,0.37118318299999997,48,0,1879.0,,15,0,1,0,0.0
16683,0,0.544824933,61,0,1591.0,,4,0,1,0,
16684,0,0.058415693,58,0,0.188952762,4000.0,7,0,1,0,0.0
16686,0,0.300673987,59,0,0.446592235,6000.0,8,0,1,0,2.0
16687,0,0.049660315999999996,54,0,0.5807598310000001,4500.0,13,0,4,0,0.0
16688,0,0.9090909090000001,58,1,557.0,,5,0,0,0,1.0
16690,0,0.182662331,53,1,0.25648200000000004,10721.0,11,0,1,0,4.0
16692,0,0.069635602,59,0,0.006189887,10500.0,4,0,0,0,0.0
16695,0,0.09546743699999999,68,0,2275.0,,22,0,2,0,2.0
16697,0,0.9765533409999999,33,2,0.23813677600000002,5731.0,7,0,0,0,3.0
16698,0,0.818300813,47,1,0.301974835,12000.0,16,0,2,0,3.0
16699,0,0.08688097300000001,28,0,0.12438464099999999,3046.0,8,0,0,0,0.0
16700,0,0.922769308,45,0,568.0,,4,0,0,1,0.0
16701,0,0.6052263179999999,48,1,0.719904648,7550.0,11,0,2,0,2.0
16702,0,0.11735061199999999,51,1,0.218077758,10133.0,8,0,2,0,2.0
16703,0,0.8167015740000001,78,1,1832.0,,7,0,1,0,
16704,0,0.799428688,45,3,0.128190367,5210.0,3,0,0,0,3.0
16705,0,0.140294762,51,0,0.12151511599999999,8500.0,8,0,0,0,2.0
16706,0,0.061384478,51,0,3347.0,,9,0,2,0,0.0
16707,1,0.824705823,29,0,0.586914576,5700.0,14,0,1,0,2.0
16709,0,0.6304128000000001,44,0,0.346477924,8900.0,15,0,2,0,0.0
16710,0,0.033680686,51,0,0.08463395,6214.0,14,0,1,0,0.0
16712,0,0.000816878,56,0,0.0,,5,0,0,0,0.0
16713,0,0.014597081000000001,44,1,0.032527528,7900.0,3,0,0,0,0.0
16716,0,0.5806679060000001,33,0,0.125374925,5000.0,4,0,0,0,0.0
16717,0,0.66759249,40,0,0.449610245,3591.0,5,0,1,0,0.0
16719,0,0.001241337,39,0,2464.0,,7,0,2,0,0.0
16721,0,0.09643933199999999,51,0,0.31933398399999996,21500.0,27,0,4,0,2.0
16723,0,0.576013888,53,0,0.48811345799999994,9800.0,10,0,1,0,0.0
16724,0,0.174269032,28,0,0.06703107,3475.0,3,0,0,0,0.0
16725,0,0.19938540899999999,40,0,0.37989702299999994,13400.0,12,0,4,0,2.0
16726,1,0.9999998999999999,28,0,0.01489573,3020.0,1,0,0,0,2.0
16727,0,0.7268886259999999,57,0,0.806950726,4200.0,10,0,2,0,0.0
16728,0,0.013399702,87,0,0.004165972,6000.0,7,0,0,0,0.0
16729,0,0.40225977399999996,28,0,1720.0,,5,0,1,0,1.0
16730,0,0.005958059,89,0,0.03848076,2000.0,11,0,0,0,0.0
16731,1,0.47631559700000003,58,1,0.37674562100000003,12960.0,16,1,2,0,1.0
16732,0,0.11018347699999999,40,0,0.451328633,7375.0,8,0,1,0,1.0
16734,0,0.089777753,65,0,0.623567049,3750.0,11,0,2,0,0.0
16735,0,0.313054834,48,2,0.8693863559999999,2916.0,12,0,1,0,4.0
16737,0,0.198082096,45,1,0.106402618,11916.0,15,0,0,0,0.0
16739,0,0.871407761,50,0,1943.0,,9,0,1,0,0.0
16740,0,0.045390922,30,0,0.511576059,5830.0,5,0,2,0,0.0
16741,0,0.023209228,54,0,1875.0,,25,0,1,0,1.0
16742,0,0.0251761,48,0,0.202925947,12166.0,13,0,2,0,2.0
16743,0,0.578908422,59,0,0.19125931300000001,11005.0,10,0,0,0,1.0
16748,0,0.610264299,34,0,933.0,,10,0,0,0,0.0
16749,0,0.029974624,53,0,1630.0,,17,0,2,0,0.0
16751,0,0.6762855999999999,52,2,0.7202603740000001,6144.0,20,0,1,0,3.0
16753,0,0.990833843,40,0,0.140609473,6037.0,6,0,0,0,0.0
16754,0,0.250341997,44,0,0.86825054,12500.0,7,0,7,0,1.0
16755,0,0.011973369,61,0,0.260369815,2000.0,12,0,1,0,0.0
16758,1,0.8305221690000001,42,1,1.131103422,2600.0,8,0,1,0,2.0
16759,0,0.112327916,43,3,0.20038970399999997,9750.0,13,0,1,0,0.0
16766,0,0.609223699,50,0,0.262529213,3850.0,7,0,0,0,1.0
16767,0,0.08577660699999999,42,0,0.409412338,4100.0,9,0,1,0,0.0
16768,0,0.306012175,65,0,0.32398704100000003,25000.0,9,0,1,0,0.0
16770,1,0.19330328100000002,54,0,1.5764300969999998,8425.0,8,0,5,0,2.0
16772,0,0.867911083,89,0,0.7158980970000001,3100.0,5,0,1,0,0.0
16773,0,0.112752435,71,0,0.432288037,4304.0,9,0,2,0,0.0
16776,0,0.0011419660000000001,47,0,0.238761847,11500.0,20,0,1,0,2.0
16778,0,0.0,52,0,5362.0,,11,0,3,0,0.0
16779,0,0.013170089,59,0,1.490299824,1700.0,6,0,1,0,0.0
16781,0,0.046529185,49,0,0.346484078,9200.0,10,0,2,0,3.0
16782,0,0.008758017,52,0,0.127624046,12575.0,4,0,1,0,0.0
16783,0,0.059732682999999995,47,1,0.20073996300000002,20000.0,13,0,4,0,0.0
16784,0,0.0,39,0,0.039876697,15246.0,5,0,1,0,0.0
16786,0,0.143371326,88,0,22.0,,6,0,0,0,0.0
16787,0,0.780012643,41,0,1.0444750109999998,2180.0,8,0,1,0,1.0
16788,0,0.032123953999999996,50,0,0.017137961,3500.0,7,0,0,0,2.0
16790,0,0.8374417059999999,40,0,0.051172708,7503.0,2,0,0,0,0.0
16791,0,0.002552648,57,0,2852.0,,3,0,1,0,1.0
16793,0,0.10144162699999999,60,0,0.48422923100000004,2250.0,7,0,2,0,0.0
16797,0,0.011154243000000001,46,0,0.281932977,4117.0,3,0,1,0,0.0
16798,0,0.027158319,73,0,28.0,,8,0,0,0,0.0
16799,0,0.353779358,61,2,0.333298462,9558.0,9,0,1,0,0.0
16800,0,2613.0,33,0,0.510076551,6400.0,3,0,1,0,2.0
16801,0,0.674885925,33,0,0.177958279,5416.0,8,1,0,0,1.0
16803,0,0.029562118,37,0,0.522997579,9500.0,16,0,4,0,2.0
16806,0,0.152573424,44,0,0.45152392799999996,7250.0,9,0,2,0,0.0
16809,0,0.41874060700000004,43,1,0.6000933270000001,15000.0,15,0,3,0,1.0
16810,1,0.0,26,0,0.122944749,6750.0,8,0,0,0,0.0
16811,0,0.091890811,66,0,0.026973027000000004,1000.0,2,0,0,0,0.0
16812,0,0.030152917999999997,77,0,0.094476381,4000.0,6,0,0,0,0.0
16813,0,0.01826292,48,1,0.412288675,5500.0,9,0,2,0,2.0
16815,0,0.0,53,0,0.006516588,3375.0,5,0,0,0,0.0
16817,0,0.213310041,61,0,0.294245247,7836.0,9,0,1,0,1.0
16820,0,0.053245806,51,0,1891.0,,7,0,1,0,0.0
16821,0,0.033816278,72,0,0.051542837,5800.0,7,0,0,0,1.0
16822,0,0.234471335,58,0,0.289027345,2888.0,7,0,0,0,1.0
16823,0,0.002079002,78,0,2300.0,,5,0,1,0,0.0
16824,0,0.077616408,63,0,490.0,,5,0,0,0,0.0
16826,0,0.042022297,63,0,0.39167556,3747.0,9,0,1,0,0.0
16828,0,0.083858553,85,0,0.716686675,2498.0,12,0,1,0,0.0
16829,0,0.03046285,44,0,0.9205661470000001,3461.0,8,0,2,0,1.0
16831,0,0.0,65,0,0.396429973,5097.0,7,3,2,0,0.0
16832,1,0.015726628,35,0,1.288050886,2200.0,8,0,3,0,0.0
16833,0,0.06178209,33,0,0.048951049,1000.0,2,0,0,0,0.0
16834,0,0.005466520999999999,76,0,0.003527337,1700.0,2,0,0,0,0.0
16836,0,0.080851687,52,0,2189.0,,6,0,1,0,2.0
16837,0,0.0,70,1,0.080141517,6500.0,12,0,0,1,0.0
16838,0,0.19388851899999998,68,0,0.20312119,4100.0,4,0,0,0,0.0
16839,0,0.029697552999999998,64,0,1865.0,,6,0,2,0,0.0
16840,0,0.152395353,45,0,0.290628571,8749.0,15,0,1,0,7.0
16841,0,0.261190586,25,0,572.0,,3,0,0,0,0.0
16842,0,0.36370088700000003,43,0,0.16914009100000002,9500.0,13,0,0,0,2.0
16843,0,0.593893279,47,1,0.533111581,3306.0,9,0,2,0,1.0
16846,0,0.0,42,0,1.516112444,5833.0,17,0,11,0,0.0
16847,1,0.642071586,42,0,0.39314379,7350.0,5,1,2,0,1.0
16849,0,0.230653849,73,0,0.573703704,5399.0,8,0,2,0,0.0
16850,0,0.015543861,53,0,0.296725901,17500.0,25,0,3,0,3.0
16851,0,0.328491555,78,0,0.056161987000000003,12000.0,6,0,0,0,0.0
16852,0,0.0323967,65,0,0.129959357,10333.0,18,0,2,0,1.0
16853,0,0.0,24,0,0.162449235,3200.0,2,0,0,0,0.0
16854,0,0.9999998999999999,37,2,0.003499563,8000.0,1,1,0,0,0.0
16857,0,0.48933587700000003,39,0,0.35217163799999995,1910.0,7,0,0,0,0.0
16858,0,0.835620845,53,0,0.349178404,6815.0,18,0,1,0,0.0
16859,0,0.088742605,29,0,0.07998222599999999,4500.0,5,0,0,0,0.0
16861,0,0.047862420999999995,57,0,0.23166146699999998,12500.0,14,0,2,0,0.0
16862,0,0.462307484,47,2,0.363158958,4950.0,8,0,1,0,4.0
16863,1,0.9637809190000001,56,1,802.0,,9,0,0,0,0.0
16864,0,0.039074015,65,0,0.10900689300000001,13200.0,6,0,1,0,0.0
16866,0,0.026867767999999997,54,0,0.403349855,5850.0,14,0,1,0,1.0
16867,0,0.014911361000000001,34,0,0.404932511,6000.0,15,0,1,0,1.0
16868,0,0.9999998999999999,61,0,0.19478054600000003,4214.0,7,0,0,0,0.0
16869,0,0.477911299,41,1,0.785150241,9750.0,19,0,2,0,2.0
16870,0,0.002199951,66,0,3680.0,,13,0,3,0,0.0
16872,0,0.0,54,0,0.041570225,10800.0,5,0,1,0,3.0
16876,0,0.057827215,58,0,0.015464605,7500.0,6,0,0,0,0.0
16877,0,0.17029273600000003,51,0,0.218447943,3620.0,14,0,0,0,4.0
16878,0,0.9999998999999999,49,0,0.103385594,4400.0,3,0,0,0,2.0
16879,0,0.022380333999999998,72,1,3089.0,,19,0,2,0,0.0
16881,0,0.9999998999999999,46,0,0.043083076,5500.0,3,0,0,0,1.0
16882,0,0.0,38,0,0.206388545,7262.0,8,0,1,0,0.0
16883,0,0.223243747,55,0,0.429305913,3500.0,3,0,1,0,0.0
16884,0,0.237385233,47,0,0.27094581100000004,5000.0,20,0,2,0,2.0
16888,0,0.028798077999999998,62,0,2552.0,,5,0,1,0,0.0
16889,0,0.033351249,54,0,0.548290342,5000.0,8,0,1,0,0.0
16890,0,0.604359709,58,0,0.57881581,6400.0,12,0,4,0,1.0
16892,1,0.46529557200000005,57,0,0.604120793,12715.0,18,0,5,0,1.0
16893,0,0.013705763000000001,53,0,0.369554414,6036.0,14,0,2,0,1.0
16894,0,0.06688380299999999,63,0,0.083994909,16500.0,10,0,2,0,1.0
16895,0,0.75155233,46,0,0.31856990399999996,7495.0,10,0,0,0,0.0
16897,0,0.117051994,46,0,0.31154307,7510.0,12,0,1,0,5.0
16898,0,0.9999998999999999,59,0,827.0,,4,0,1,0,0.0
16900,0,0.063107605,43,0,1510.0,0.0,3,0,1,0,2.0
16901,0,0.183402371,48,2,0.5738779629999999,1982.0,5,2,0,0,3.0
16904,0,0.108906616,36,0,0.18966312899999999,6500.0,4,0,1,0,2.0
16905,0,0.058360984000000005,48,0,1.378069353,5334.0,6,0,5,0,0.0
16906,0,0.159292035,58,0,0.168441578,13333.0,6,0,2,0,0.0
16907,0,0.214778458,37,0,0.425913694,9083.0,15,0,2,0,3.0
16908,0,0.0,70,0,0.329355609,2094.0,4,0,1,0,0.0
16909,0,0.01771246,42,0,2339.0,,8,0,1,0,0.0
16910,0,0.014262608000000001,57,1,0.177364527,5000.0,8,1,1,0,0.0
16912,0,0.018673496,72,0,0.050757070999999994,10500.0,10,0,1,0,0.0
16913,0,0.082997559,51,0,1086.0,,5,0,2,0,0.0
16914,0,0.477798755,28,0,0.272402713,2800.0,5,0,0,0,2.0
16917,1,0.9999998999999999,57,0,1044.0,,2,0,1,0,2.0
16918,0,1.033898305,61,2,0.114571319,2600.0,6,1,0,0,0.0
16919,0,0.73816156,39,0,0.297251442,5893.0,6,0,1,0,3.0
16921,0,0.00478041,41,0,0.25229495399999996,16666.0,8,0,2,0,2.0
16923,0,0.12822251199999998,48,0,0.195634545,14797.0,8,0,1,0,2.0
16925,0,0.9999998999999999,88,0,21.0,,1,0,0,0,
16928,0,0.029548427999999998,48,0,0.077543108,9800.0,7,0,0,0,3.0
16929,0,0.976213923,47,0,0.695434298,3591.0,15,0,3,0,2.0
16931,0,0.160778135,58,0,0.008776803,9000.0,3,0,0,0,2.0
16933,1,0.8072454379999999,56,0,0.292312996,2900.0,11,0,0,0,0.0
16934,0,0.260879475,41,0,0.5179403539999999,4291.0,14,0,1,0,3.0
16937,0,0.11733900000000001,41,0,0.011754183999999999,7826.0,10,0,0,0,4.0
16938,0,1.143426295,35,3,0.169532187,2500.0,2,0,0,0,3.0
16939,0,0.013579391000000001,78,0,0.0036662590000000003,9000.0,12,0,0,0,0.0
16940,0,0.088747359,47,0,0.07247355400000001,8885.0,9,0,0,0,1.0
16942,0,0.172614212,50,0,0.208714872,9500.0,2,0,1,0,2.0
16943,0,0.086864118,51,0,3470.0,,14,0,2,1,0.0
16945,0,0.130841121,45,1,372.0,,3,0,0,0,
16947,1,0.916691912,35,0,0.23613963,2434.0,5,1,0,0,2.0
16948,0,0.026151145,56,0,0.713337989,2863.0,17,0,1,0,1.0
16949,1,0.211395151,50,3,0.191404298,2000.0,7,0,0,0,3.0
16951,0,0.059931335999999995,50,0,0.228110813,10792.0,7,0,2,0,0.0
16952,0,0.662748277,50,0,0.13996267699999998,3750.0,12,0,1,0,0.0
16954,0,0.539350286,62,0,0.457231726,4500.0,8,0,1,0,0.0
16955,0,0.482651735,51,0,2608.0,,5,0,2,0,0.0
16956,0,22198.0,38,0,2312.0,,5,0,2,0,0.0
16957,0,0.9030484759999999,25,0,0.35038363200000006,2736.0,11,0,0,0,0.0
16960,0,0.158001419,45,0,0.318383088,7000.0,8,0,1,0,0.0
16962,0,0.15140405,31,0,0.76092545,3500.0,9,0,1,0,1.0
16963,0,0.9999998999999999,82,0,0.0,,4,0,0,0,0.0
16966,0,0.235934237,47,0,3842.0,,6,0,2,0,0.0
16969,0,0.045875279000000005,50,0,0.148570643,7275.0,12,0,2,0,2.0
16970,0,0.704673531,57,1,0.36357026,5500.0,11,0,1,1,0.0
16971,0,0.323952819,39,0,0.44744574,10550.0,10,0,3,0,0.0
16973,0,0.00466591,74,0,0.0016727489999999999,6575.0,6,0,0,0,0.0
16975,1,1.059603852,49,4,1.208472156,2100.0,10,0,1,0,0.0
16976,0,0.9999998999999999,31,1,0.10651881699999999,2975.0,1,0,0,0,0.0
16977,0,0.0,66,0,0.0,,3,0,0,0,0.0
16979,0,0.9999998999999999,39,0,0.390900033,9032.0,6,0,1,1,1.0
16980,0,0.336195375,66,1,0.424164524,3500.0,6,0,1,1,1.0
16981,0,0.9999998999999999,54,0,0.015755984,9900.0,0,1,0,0,2.0
16983,0,0.19147617,53,0,0.223325857,3120.0,7,0,0,0,0.0
16984,0,0.207722154,45,0,0.321858572,5896.0,10,0,2,0,2.0
16985,0,0.0,48,1,4218.0,,8,0,2,1,0.0
16987,0,0.085942845,55,0,0.0063475269999999995,7561.0,5,0,0,0,0.0
16988,0,0.321466563,78,0,0.250999556,2250.0,10,0,0,0,0.0
16990,0,0.10106329800000001,59,0,0.709890492,5752.0,8,0,1,0,1.0
16991,0,0.9999998999999999,22,0,0.0,,1,0,0,0,
16992,0,0.16990250699999998,44,0,0.266531027,11795.0,18,0,4,0,2.0
16993,0,0.017283245,55,0,1.7326336830000002,2000.0,8,0,5,0,0.0
16994,0,0.003071209,68,0,0.001824818,547.0,8,0,0,0,0.0
16995,0,0.9999998999999999,54,0,0.06689189200000001,1479.0,0,1,0,0,0.0
16996,0,1.083832335,27,2,0.56217513,2500.0,5,0,1,0,4.0
16997,0,0.9177972059999999,64,4,0.830772982,4100.0,10,1,2,0,0.0
16998,0,0.030054493999999998,53,0,0.0047818290000000005,10037.0,3,0,0,0,0.0
16999,0,0.014195522,53,0,10.0,,2,0,0,0,0.0
17000,0,0.019754535,76,0,0.549209646,8666.0,16,0,2,0,0.0
17002,0,0.15865811,47,1,0.716778767,5500.0,9,0,2,0,3.0
17003,0,0.9999998999999999,49,0,0.728268516,9950.0,7,0,3,0,1.0
17004,0,0.9999998999999999,27,2,0.683311432,760.0,1,0,0,0,0.0
17005,0,0.0,28,0,0.515584037,3432.0,7,0,1,0,0.0
17008,0,0.22045942,44,0,0.101921957,5150.0,12,0,0,0,0.0
17010,0,0.149330753,24,0,0.12043978,2000.0,3,0,0,0,0.0
17011,0,0.9999998999999999,77,0,271.0,,1,0,0,0,0.0
17012,0,0.012823082,64,0,0.442955704,10000.0,11,0,3,0,0.0
17014,0,0.382310385,69,0,0.360008271,4835.0,7,0,1,0,0.0
17015,0,0.353281964,60,0,1.064995667,15000.0,14,0,4,0,1.0
17016,0,0.6456354360000001,45,0,0.330479452,2919.0,2,0,1,0,2.0
17017,0,0.106037584,49,0,0.410998354,7291.0,9,0,1,0,2.0
17018,0,0.307119421,49,0,0.0928067,16000.0,11,0,1,0,2.0
17019,0,0.261542705,55,1,1578.0,,9,0,2,0,0.0
17022,0,0.877235863,55,0,0.51621074,3947.0,7,0,1,0,2.0
17024,0,0.0,79,0,97.0,,3,0,1,0,0.0
17025,0,0.0,57,1,0.381609195,3479.0,5,0,1,0,1.0
17026,0,0.001705782,54,0,1409.0,,4,0,2,0,0.0
17027,0,0.050742872,44,0,1.4555088980000002,5000.0,7,0,1,0,1.0
17028,0,0.0,51,0,0.328030009,7730.0,5,0,1,0,4.0
17030,0,0.030032872999999998,62,0,0.22362813,7507.0,16,0,2,0,0.0
17031,0,0.023627772000000002,77,0,1050.0,,8,0,0,0,
17032,0,0.007157644,58,0,0.06591372,5400.0,9,0,0,0,0.0
17034,0,0.9351093159999999,43,0,0.183047381,8800.0,9,0,0,0,2.0
17035,0,0.07243951900000001,64,0,0.163700655,17250.0,9,0,1,0,1.0
17036,0,0.000969867,35,0,2624.0,,8,0,2,0,0.0
17038,0,0.9759862779999999,59,1,6.784210526,379.0,7,0,1,0,0.0
17040,0,0.028877912999999998,66,0,0.138260255,8483.0,4,0,1,0,0.0
17041,0,0.11919781800000001,67,0,0.395559101,7520.0,9,0,2,0,1.0
17043,0,0.9999998999999999,59,1,0.12851489300000002,4800.0,3,0,0,0,0.0
17044,0,0.09206632,43,0,3159.0,,6,0,2,0,0.0
17045,0,0.12782623199999998,71,0,0.00689931,10000.0,4,0,0,0,0.0
17046,0,0.026298464,73,0,0.010997251000000001,4000.0,5,0,0,0,1.0
17048,0,0.40199275700000003,57,0,2509.0,,8,0,0,0,0.0
17049,0,0.6744578990000001,38,0,0.10432917300000001,5127.0,7,0,0,0,0.0
17050,0,0.038344679,63,0,2.828963795,800.0,19,0,1,1,1.0
17051,1,0.6733459070000001,62,0,0.595938375,9995.0,7,0,1,0,0.0
17053,1,0.042164324,36,2,0.394921016,5000.0,10,0,1,1,2.0
17054,0,0.0,59,0,0.552684593,11416.0,14,0,5,0,0.0
17057,0,0.054832357000000005,62,0,0.15786419,8614.0,9,0,1,0,1.0
17060,0,0.291073987,34,0,0.136786321,10000.0,15,0,1,0,2.0
17061,0,0.022683017000000003,82,0,0.0051979209999999994,2500.0,6,0,0,0,0.0
17062,0,0.056205726,56,1,0.16793664100000003,50000.0,15,0,4,1,0.0
17063,0,0.0032395590000000004,69,0,0.157252888,3115.0,18,0,1,0,0.0
17066,0,0.188469761,61,0,2314.0,,5,0,1,0,0.0
17067,0,0.05666485,52,0,0.331466965,6250.0,3,0,1,0,4.0
17068,1,0.0054241540000000005,46,0,0.014376996999999999,625.0,5,0,0,0,1.0
17070,0,0.0,66,0,0.25131739,4933.0,7,0,1,0,0.0
17071,0,0.073744402,69,0,679.0,,9,0,1,0,0.0
17072,0,0.517977448,60,1,0.38002908399999996,4125.0,15,0,1,0,0.0
17073,0,0.026468809,61,0,0.331796601,14532.0,8,0,1,0,0.0
17074,0,0.938831858,38,0,5.743760399,600.0,5,0,2,0,3.0
17075,0,0.102413195,48,1,4218.0,,8,0,1,0,
17076,0,0.01661201,28,0,390.0,,7,0,0,0,0.0
17077,0,0.014985493,40,1,0.342665569,8500.0,10,0,2,0,0.0
17078,0,0.126499778,36,0,0.451451644,5200.0,5,2,1,0,1.0
17079,0,0.0,73,0,0.306923269,4000.0,10,0,1,0,0.0
17080,0,0.027754293,91,0,0.00622084,4500.0,8,0,0,0,0.0
17082,0,0.058361407000000004,72,0,0.37004598200000005,4566.0,8,0,1,0,0.0
17083,0,0.063893611,82,0,0.006331223,3000.0,1,0,0,0,0.0
17085,0,0.069996818,57,0,13826.0,,13,0,4,0,0.0
17088,0,0.019879205,67,0,264.0,,10,0,0,0,0.0
17089,0,0.030141996,66,0,2024.0,,4,0,1,0,0.0
17090,0,0.041563776000000004,45,0,1311.0,,4,0,1,0,0.0
17091,0,0.9999998999999999,50,0,608.0,,2,0,0,0,0.0
17092,0,0.0,41,0,0.006371814,2667.0,5,0,0,0,0.0
17093,0,0.23101623,77,0,0.565692884,6674.0,23,0,6,0,0.0
17095,1,0.707533235,56,0,0.280726606,12000.0,6,0,1,0,3.0
17096,0,0.076110335,54,1,0.45287094299999997,16666.0,8,0,4,0,0.0
17097,0,0.00038978,65,0,0.0,4166.0,6,0,0,0,0.0
17098,0,0.16857345,65,0,3168.0,,11,0,1,0,2.0
17099,0,0.330653857,49,1,1102.0,,5,0,0,0,1.0
17100,0,0.102746535,70,0,0.223490943,19266.0,15,0,2,0,1.0
17101,0,0.9999998999999999,66,0,0.0,,2,0,0,0,0.0
17102,1,0.254685133,47,0,0.291454012,9208.0,7,0,2,0,0.0
17103,0,0.067348137,59,0,0.107903587,3567.0,7,0,0,0,1.0
17104,0,0.9999998999999999,64,0,0.0,,0,0,0,0,
17105,0,0.005630649000000001,50,1,0.057294270999999994,10000.0,6,0,0,0,3.0
17106,1,0.856154511,49,1,0.239800685,6421.0,19,0,0,0,1.0
17107,0,0.09719367,55,0,0.391051805,6369.0,10,1,2,0,0.0
17110,0,0.0,86,0,1213.0,,6,0,1,0,0.0
17112,0,0.0,42,0,0.33633315700000005,5666.0,6,0,1,0,1.0
17114,1,0.9723425520000001,35,1,0.042860703,4012.0,4,0,0,2,1.0
17115,1,0.9999998999999999,32,2,0.638593381,3383.0,5,0,2,0,1.0
17116,0,0.11544754900000001,47,0,0.022637014,2517.0,4,0,0,0,0.0
17117,0,0.045012088,58,0,635.0,,11,0,1,0,0.0
17118,0,1.4242629619999998,55,1,0.043324307,4800.0,7,1,0,2,0.0
17119,0,0.002916606,62,0,0.104847157,10500.0,13,0,1,0,0.0
17120,0,0.002266516,36,0,0.142774096,8600.0,3,0,1,0,0.0
17123,0,0.329893609,54,0,0.558800316,2533.0,4,0,1,0,3.0
17124,0,0.464107179,52,0,0.441281139,5900.0,2,0,1,0,2.0
17125,0,0.053309728,82,0,48.0,,4,0,0,0,
17127,0,0.132714506,48,0,1.227386307,2000.0,10,0,1,0,0.0
17128,0,0.050447008,58,0,3063.0,,13,0,1,0,0.0
17129,0,0.30340021699999997,50,0,0.679521277,12783.0,29,0,4,0,2.0
17130,0,0.8556288740000001,44,0,0.082361343,4200.0,1,2,0,1,2.0
17131,0,0.015615753000000001,58,0,0.182563487,5000.0,17,0,1,0,0.0
17132,0,0.013021401,27,0,0.097351342,5700.0,7,0,0,0,0.0
17134,0,0.013048772,50,0,0.003823155,10200.0,9,0,0,0,0.0
17136,0,0.013937686000000001,63,0,0.0035701540000000003,2800.0,8,0,0,0,0.0
17139,0,0.087832033,73,0,126.0,,8,0,0,0,0.0
17141,0,0.050949050999999995,84,0,0.000166639,6000.0,2,0,0,0,0.0
17143,0,0.030449648,65,0,14.0,,3,0,0,0,0.0
17144,0,0.486740283,54,0,0.352112676,2200.0,7,0,1,0,0.0
17145,0,0.022691636,86,0,0.007997334,3000.0,7,0,0,0,0.0
17146,0,0.014093623000000001,63,0,0.169115173,8916.0,12,0,1,0,0.0
17148,0,0.044121015,35,0,0.19163560100000002,8583.0,6,0,1,0,2.0
17149,1,0.9999998999999999,34,0,0.177764447,5000.0,2,0,0,0,4.0
17150,0,0.9728961629999999,50,2,1.58859743,3735.0,11,0,2,0,1.0
17151,0,0.042551266,52,0,1664.0,,11,0,1,0,0.0
17152,0,0.041248902999999996,73,0,0.146815196,3500.0,6,0,1,0,0.0
17153,0,0.36387376200000005,42,0,2368.0,,8,0,1,0,2.0
17154,0,0.086728117,60,1,3724.0,,21,0,1,0,0.0
17155,0,0.0,21,0,0.0,900.0,1,0,0,0,0.0
17156,0,0.096508325,71,0,0.056958064,4792.0,7,0,0,0,1.0
17157,0,0.017226643,62,0,0.385496554,10300.0,12,0,3,0,0.0
17158,0,0.072260886,55,1,1082.0,1.0,15,0,2,0,2.0
17162,0,0.264671685,68,0,0.823805061,3200.0,14,0,2,0,0.0
17163,0,0.591968665,51,0,0.446704404,10422.0,12,0,2,0,1.0
17167,0,0.41945753700000005,43,0,4439.0,0.0,14,0,3,0,0.0
17170,0,1.054945055,35,0,0.28534071699999997,6500.0,3,0,1,0,1.0
17172,0,0.041247938,35,0,24.0,,3,0,0,0,
17173,0,0.29412515,65,0,0.408308991,3080.0,15,0,2,0,1.0
17174,1,0.968274663,31,0,0.145906228,2857.0,2,0,0,0,0.0
17176,0,0.012777523999999998,83,0,0.015522876000000001,1223.0,4,0,0,0,0.0
17177,0,0.034214686,51,0,1.598050244,2666.0,19,0,2,0,0.0
17178,0,0.757503349,56,0,0.755958292,4027.0,12,0,1,0,2.0
17179,0,0.625374991,38,0,3404.0,,7,0,1,0,3.0
17180,0,0.39813943799999996,62,0,0.46872322200000005,3500.0,18,0,1,0,0.0
17181,0,0.012013055,45,0,0.0013712720000000002,2916.0,3,0,0,0,0.0
17182,0,0.160968363,38,0,0.392660734,10000.0,20,0,2,0,1.0
17185,1,0.84717608,23,1,0.003997716,1750.0,1,0,0,0,0.0
17188,0,0.0,58,0,1284.0,,5,0,0,0,0.0
17190,0,0.34730538899999996,67,0,0.000749963,6666.0,2,0,0,0,0.0
17191,0,0.9999998999999999,31,0,0.056792367,2200.0,0,1,0,0,1.0
17192,0,0.0,57,0,0.352464754,10000.0,5,0,2,0,0.0
17193,0,0.667619008,28,0,0.279663247,3800.0,5,0,0,0,0.0
17194,1,0.9999998999999999,35,1,0.123831022,3100.0,1,3,0,1,2.0
17195,0,0.048556558,72,0,0.34373824700000005,2658.0,16,0,1,0,0.0
17196,0,0.9999998999999999,80,0,976.0,,2,0,0,0,
17197,0,0.579407068,48,0,0.774896266,5783.0,19,0,2,0,1.0
17198,0,0.019077727,65,0,1548.0,,13,0,1,0,0.0
17200,0,0.0,51,0,1139.0,,4,0,1,0,
17202,0,0.33212129999999995,60,0,0.279741348,13608.0,12,0,2,0,3.0
17206,0,0.011392143,64,0,0.09714438199999999,3746.0,4,0,1,0,0.0
17207,0,0.62472958,59,0,0.586351228,5494.0,17,0,2,0,0.0
17209,0,0.532178713,49,0,0.40324295600000004,15047.0,6,0,2,0,2.0
17211,0,0.46887093799999996,63,0,0.553635195,7000.0,7,0,0,0,0.0
17213,0,0.36357744700000005,44,0,0.77650839,2800.0,6,0,2,0,3.0
17214,0,0.0,66,0,0.0,,2,0,0,0,0.0
17215,0,0.9846378929999999,43,1,0.614154338,2500.0,6,2,1,0,2.0
17216,0,0.865963151,45,1,0.897009967,5116.0,11,0,2,0,2.0
17217,0,0.0,76,0,38.0,,7,0,0,0,
17218,0,0.10734098800000001,85,0,24.0,,3,0,0,0,
17219,0,0.955027675,35,0,0.566231602,3600.0,6,0,2,0,1.0
17220,0,0.046047698,69,0,2549.0,,3,0,2,0,0.0
17221,0,0.9999998999999999,63,1,0.314398775,7833.0,3,0,1,0,0.0
17222,0,0.026417417999999998,56,0,0.36116815,4382.0,8,0,1,0,2.0
17223,0,0.036952381,59,1,0.301949675,6000.0,13,0,1,0,0.0
17224,0,0.241694828,43,0,0.125594234,6520.0,9,0,1,0,1.0
17225,0,0.5832945970000001,67,0,0.39722019,4100.0,7,0,0,0,0.0
17226,0,0.308699624,60,0,0.118390627,6486.0,9,0,0,0,1.0
17228,0,0.523995301,39,0,0.52997353,19266.0,12,0,4,0,4.0
17230,0,0.0,26,1,0.504890895,1328.0,7,0,0,0,0.0
17232,0,0.000680822,67,0,0.0,,4,0,0,0,
17233,0,0.001051541,72,0,0.366706876,4144.0,15,0,0,0,0.0
17234,0,0.049839482000000004,58,0,0.200121286,3297.0,5,0,1,0,0.0
17235,0,0.037749056,65,0,466.0,,9,0,1,0,0.0
17236,0,0.055342454000000006,54,0,0.442364611,12500.0,9,0,2,0,1.0
17238,0,0.028296696,50,0,0.40429665200000003,8750.0,21,0,2,0,2.0
17239,0,0.849295184,36,0,0.437908497,8108.0,14,0,2,0,0.0
17240,0,0.726996918,64,0,0.16912675,10500.0,7,0,1,0,0.0
17242,0,0.9999998999999999,55,1,0.307199647,9055.0,5,0,2,0,2.0
17243,1,0.327707207,49,1,0.253484482,5380.0,13,0,0,0,2.0
17244,0,0.000620647,61,0,837.0,,2,0,1,0,0.0
17245,0,0.030442753,32,0,0.246460283,8333.0,5,0,1,0,0.0
17246,0,0.9999998999999999,33,0,305.0,,5,0,0,0,2.0
17248,0,0.37489046600000003,34,0,0.35278228,1850.0,8,0,0,0,0.0
17249,0,0.733266671,56,0,0.48420631700000005,2500.0,11,0,1,0,0.0
17250,0,0.296561008,64,0,3944.0,,4,0,2,0,0.0
17251,0,0.020409,55,0,0.00034999099999999996,40000.0,4,0,0,0,0.0
17253,0,0.056424679000000005,60,0,4070.0,,9,0,1,0,1.0
17254,0,0.395596,63,0,0.5420123379999999,4700.0,16,0,2,0,1.0
17255,0,0.15098982,57,1,0.486623706,10241.0,9,0,2,0,0.0
17256,0,0.788860425,32,1,0.246584472,3000.0,9,0,0,0,0.0
17257,0,0.0,40,0,859.0,,5,0,1,0,0.0
17258,0,0.9999998999999999,60,0,0.20676402800000002,1300.0,1,0,0,0,0.0
17259,0,0.047671644000000006,52,0,0.334110982,6000.0,10,0,2,0,2.0
17260,0,0.104924855,49,0,2644.0,,7,0,1,0,0.0
17262,0,0.835802135,90,0,0.816199377,1925.0,12,0,0,0,0.0
17263,0,0.810566397,27,0,0.242653741,3300.0,4,0,1,0,1.0
17264,0,0.055405246,26,0,0.102224444,4000.0,3,0,0,0,0.0
17265,0,0.9999998999999999,22,0,0.0,820.0,1,0,0,0,0.0
17267,0,0.158606725,49,0,4707.0,,8,0,2,0,0.0
17268,0,0.364540335,40,0,0.287025056,8500.0,17,0,1,0,1.0
17276,0,0.847695658,55,1,0.965508623,4000.0,11,0,4,0,0.0
17277,0,0.130301521,37,1,0.327143422,7592.0,13,0,1,0,1.0
17279,0,0.0,32,0,0.0,5083.0,3,0,0,0,0.0
17280,0,0.064841563,39,0,3372.0,,8,0,2,0,0.0
17281,0,0.698670032,56,0,0.11365396800000001,14200.0,9,0,1,0,3.0
17282,0,0.0,39,0,0.688022852,4900.0,5,0,1,0,1.0
17284,0,0.0,85,0,0.01212938,3709.0,9,0,0,0,0.0
17285,0,0.026506296000000002,59,0,3.557245575,3615.0,12,0,1,0,0.0
17287,0,0.243781095,51,2,661.0,,2,0,1,0,
17288,0,0.90482271,65,0,1.09636324,9183.0,31,0,1,0,1.0
17289,0,0.14315488099999998,49,0,0.030443217,6700.0,3,0,0,0,0.0
17290,1,0.423358625,58,0,0.414729264,6666.0,9,0,2,0,0.0
17293,0,0.5637428879999999,41,0,0.31318395,1918.0,3,0,0,0,0.0
17294,0,0.183376178,23,0,0.023142509,820.0,3,0,0,0,0.0
17295,0,0.73088341,42,0,0.43696004299999996,7407.0,8,0,1,0,0.0
17296,0,0.587842147,45,0,0.50308282,6000.0,8,0,2,0,2.0
17298,0,0.9999998999999999,36,0,0.004061230999999999,3200.0,2,0,0,0,0.0
17299,0,0.502939399,52,0,0.31379719300000003,10117.0,12,0,1,1,3.0
17300,0,0.077618806,39,0,0.031172687,2020.0,8,0,0,0,2.0
17301,0,0.999955567,50,0,2316.0,,6,0,1,0,3.0
17306,0,0.143561514,48,0,0.488394239,8400.0,10,0,1,0,2.0
17307,0,0.015514563,55,0,76.0,,9,0,0,0,0.0
17308,0,0.009378778,77,0,17.0,,8,0,0,0,0.0
17309,0,0.60837201,69,0,0.33184221199999997,2458.0,4,0,0,0,0.0
17310,0,0.19645518,63,0,0.132312274,4700.0,5,0,0,0,3.0
17313,0,0.9999998999999999,36,0,0.0,1500.0,0,0,0,0,0.0
17314,0,0.967984875,71,0,0.554271246,9083.0,22,0,2,0,0.0
17315,0,0.630791367,63,1,0.8098625709999999,6184.0,14,0,2,0,0.0
17316,0,0.9170440790000001,52,0,0.37788291,8454.0,16,0,2,0,2.0
17317,0,0.003152105,44,0,6638.0,,8,0,2,0,0.0
17318,0,0.14552247199999999,74,0,0.032494584,6000.0,4,0,0,0,0.0
17319,0,0.15634525300000002,78,0,0.299507851,4266.0,7,2,1,0,0.0
17320,0,0.894853173,31,0,0.306481828,2668.0,4,0,0,0,0.0
17322,0,0.0,49,0,0.53296377,5050.0,7,0,1,0,1.0
17323,0,0.0357302,64,0,0.155834167,13000.0,16,0,1,0,0.0
17324,0,0.06614304900000001,59,0,0.363873209,2302.0,18,0,1,0,0.0
17325,0,0.6827072279999999,65,0,2053.0,,12,0,1,0,0.0
17326,0,0.699133597,54,0,0.356410897,4000.0,9,0,0,0,1.0
17328,0,0.0,62,0,0.474075132,7000.0,16,0,3,0,0.0
17329,0,0.0,60,0,0.11475097599999999,10500.0,9,0,1,0,0.0
17330,0,0.049677852,73,0,51.0,,5,0,0,0,0.0
17332,0,0.541115706,59,0,0.223385108,15000.0,11,0,2,0,0.0
17333,0,0.109446103,70,0,0.483321334,4166.0,10,0,1,0,0.0
17335,0,0.357019064,42,0,0.7232979390000001,1600.0,3,0,1,0,0.0
17336,0,0.162484623,51,0,0.35633764100000004,3636.0,8,0,1,0,0.0
17337,0,0.9999998999999999,49,0,170.0,,1,0,0,0,0.0
17339,0,0.25850907300000003,77,0,0.257820311,7000.0,15,0,1,0,0.0
17340,0,0.09458661300000001,50,0,0.16960886100000003,17333.0,11,0,1,0,3.0
17342,0,0.91606587,61,0,0.24867558399999998,19064.0,9,0,0,0,0.0
17343,0,0.96237387,46,0,0.949165485,9166.0,13,0,3,0,2.0
17344,0,0.8217853690000001,45,0,0.48407544799999996,6467.0,8,0,1,0,2.0
17345,0,0.0,41,2,0.331238395,7000.0,3,0,1,0,4.0
17346,0,0.244688828,44,0,0.5971714220000001,4100.0,8,0,2,0,2.0
17347,0,0.006586979000000001,61,0,0.666488936,3750.0,20,0,2,0,0.0
17348,0,0.9999998999999999,41,1,0.088240724,5416.0,4,0,0,0,1.0
17349,0,0.111826441,37,0,0.133137543,6128.0,9,0,1,0,0.0
17350,0,0.5988167,28,0,0.881735005,2950.0,8,0,0,0,1.0
17351,0,0.04716396,55,0,1575.0,,12,0,1,0,0.0
17353,0,0.048826830999999994,82,0,141.0,,11,0,0,0,0.0
17355,0,0.9999998999999999,57,1,3548.0,,8,0,2,0,0.0
17356,0,0.104207354,46,0,0.074840136,12666.0,11,0,0,0,0.0
17357,0,0.292716185,69,1,831.0,,5,0,0,0,0.0
17359,1,0.6667208579999999,50,0,0.103035578,18381.0,10,0,1,1,1.0
17360,0,0.270028737,65,0,0.37253867799999996,11375.0,12,0,2,0,0.0
17361,0,0.040998677000000004,29,0,0.26234753,5000.0,7,0,1,0,0.0
17362,0,0.484839891,47,0,0.5695717379999999,6000.0,12,0,2,1,1.0
17363,0,0.15431810699999998,44,1,0.287097117,9400.0,13,0,1,0,4.0
17364,1,0.270755895,48,0,0.322512077,5174.0,10,0,1,0,1.0
17366,0,0.13264898,57,0,0.24404446800000001,5666.0,3,0,1,0,0.0
17367,0,0.001230675,68,0,836.0,,2,0,1,0,
17368,1,0.9999998999999999,23,0,0.0,1760.0,0,1,0,0,0.0
17369,0,0.753807694,43,0,0.23320192,11667.0,8,0,1,0,2.0
17370,0,0.101996394,57,0,0.9729558420000001,4732.0,9,0,3,0,3.0
17371,0,0.013266223999999998,69,0,0.216806723,4164.0,5,0,2,0,0.0
17372,0,0.0,79,0,0.375894134,2795.0,11,0,1,0,0.0
17373,0,0.9999998999999999,34,1,0.004304298,251608.0,6,0,1,0,0.0
17375,0,0.848631307,46,0,1229.0,,9,0,0,0,2.0
17376,0,0.09900865699999999,67,0,0.331183489,3100.0,12,0,1,0,0.0
17377,0,0.533157475,30,0,0.49983338899999996,3000.0,6,0,1,0,3.0
17382,0,0.9999998999999999,47,0,0.281644509,8950.0,6,0,1,0,4.0
17383,0,0.31490159300000004,28,0,0.00579884,5000.0,3,0,0,0,2.0
17384,0,0.09646949099999999,64,0,352.0,1.0,7,0,0,0,0.0
17385,0,0.006608551999999999,72,0,0.00179964,5000.0,3,0,0,0,0.0
17388,0,0.300269515,50,0,0.079919409,4466.0,2,0,0,0,3.0
17389,0,0.0,22,0,0.0,,1,0,0,0,0.0
17390,0,0.009497414000000001,81,0,0.003555161,9000.0,8,0,0,0,1.0
17391,0,0.122808414,65,0,0.152782884,13600.0,4,0,1,0,0.0
17392,0,0.055588382,33,0,0.146599375,4160.0,7,0,0,0,0.0
17393,0,0.22634172,50,1,0.362293872,8125.0,12,0,1,0,2.0
17394,0,0.260380503,47,1,2327.0,,5,0,1,1,1.0
17395,0,0.128093595,50,0,0.270942408,4583.0,7,0,0,0,3.0
17396,0,0.45474565100000003,65,0,1776.0,,8,0,1,0,
17397,0,0.007080731999999999,71,0,0.16521975,3685.0,8,0,0,0,0.0
17398,0,0.025074994,44,0,1.016495876,4000.0,7,0,3,0,3.0
17401,0,0.0,66,0,0.17064117,8889.0,4,0,1,0,0.0
17404,0,0.011443436000000001,58,0,0.297557033,11133.0,13,0,1,0,2.0
17405,1,0.008366493000000001,26,0,0.120399818,2200.0,9,0,0,0,0.0
17406,1,0.982017982,41,0,0.078975645,5583.0,3,1,0,0,3.0
17407,0,0.121957524,70,0,0.069692746,16500.0,11,0,0,0,0.0
17410,0,0.348974176,48,0,0.190184049,4889.0,9,0,0,0,1.0
17411,0,0.763283712,55,2,0.303051198,5800.0,11,1,2,1,0.0
17412,0,0.43729574200000004,50,0,1615.0,,5,0,1,0,0.0
17413,0,0.08914554300000001,32,0,0.154469106,3333.0,5,0,0,0,0.0
17415,0,0.022411215,72,0,412.0,,8,0,0,0,0.0
17416,0,0.000574986,49,0,0.146370726,3333.0,5,0,1,0,0.0
17417,0,0.142877746,52,0,0.046757452000000005,10500.0,13,0,0,0,0.0
17418,0,0.056911034000000006,21,0,0.070929071,1000.0,5,0,0,0,0.0
17421,0,0.005121552,75,0,0.05384945,7000.0,10,0,0,0,0.0
17422,0,0.0,51,0,0.1538951,11000.0,4,0,1,1,2.0
17423,0,0.0,42,0,0.60331417,2956.0,8,0,1,0,0.0
17424,0,0.055769442,39,0,0.08987281,8333.0,4,0,0,0,2.0
17428,0,0.009999524000000001,54,0,0.17632941800000002,7916.0,6,0,1,0,0.0
17429,0,0.095116195,62,0,0.176385889,4166.0,4,0,1,0,0.0
17430,0,0.044778057999999996,63,0,0.066173227,20400.0,9,0,0,0,0.0
17431,0,0.089000365,69,0,0.016214025,4933.0,6,0,0,0,0.0
17434,0,0.933760813,67,1,0.31927829,5098.0,9,0,0,0,1.0
17435,0,0.004856182,85,0,5.0,,9,0,0,0,
17436,0,0.034583782,61,0,6793.0,,17,0,2,0,0.0
17437,0,0.028733662000000004,79,0,0.21559805,2666.0,16,0,0,0,0.0
17438,0,0.0,37,1,1.4310275890000002,2500.0,11,0,2,0,1.0
17440,0,0.370125375,36,0,0.497273719,2750.0,8,0,2,1,3.0
17441,0,0.002332945,43,0,9.0,,2,0,0,0,1.0
17442,0,0.0,40,0,0.5306845,5083.0,8,0,2,0,2.0
17444,0,0.10609420900000001,73,0,0.15494835099999998,3000.0,14,1,1,0,0.0
17445,0,0.062913388,39,1,0.603198401,2000.0,10,0,1,0,0.0
17447,0,0.048265058,80,0,0.010219951,4500.0,3,0,0,0,0.0
17449,0,0.040056138,56,1,0.19843101100000002,6500.0,11,0,1,0,0.0
17451,0,0.070225367,46,0,0.022277228,1211.0,2,0,0,0,1.0
17452,0,0.412338124,46,0,0.507676561,12700.0,16,0,3,0,1.0
17453,0,0.9999998999999999,37,1,536.0,0.0,3,0,0,0,0.0
17454,0,0.098575754,59,0,0.23650736,11005.0,10,2,1,0,0.0
17456,0,0.315937421,52,0,1.541847489,1612.0,11,0,1,0,2.0
17459,0,0.045967815999999995,48,0,2986.0,,12,0,3,0,0.0
17460,0,0.19612518,54,0,0.480580296,10890.0,26,0,3,0,0.0
17462,0,0.100631353,36,0,0.268682829,4000.0,11,0,0,0,1.0
17463,0,0.609040911,68,0,1.41789624,2100.0,8,0,2,0,0.0
17464,0,0.0,76,0,0.0,4000.0,8,0,0,0,0.0
17465,0,0.054574057999999995,60,0,0.351738241,4400.0,11,0,1,0,0.0
17466,0,0.9999998999999999,39,0,0.120575885,5000.0,4,0,1,0,0.0
17467,0,0.350812365,53,0,4740.0,,11,0,2,0,0.0
17468,0,0.07697267099999999,50,0,0.23446487,8866.0,14,0,2,0,1.0
17469,0,0.385261474,30,0,115.0,,2,0,0,0,
17470,0,0.009137705999999999,61,0,11.0,,6,0,0,0,0.0
17471,0,0.9999998999999999,22,0,0.0,420.0,1,0,0,0,0.0
17472,0,0.001455331,47,0,0.139834121,12900.0,4,0,1,0,1.0
17475,0,0.33217519100000004,52,0,1191.0,,5,0,0,0,0.0
17476,0,0.420359616,43,0,0.20974796899999998,4800.0,3,0,0,0,1.0
17477,0,0.128664551,40,0,0.026722013,15417.0,8,1,0,0,0.0
17478,0,0.9999998999999999,38,0,0.027486257000000004,2000.0,0,2,0,0,2.0
17479,1,0.071720753,57,0,0.571656559,3132.0,5,0,1,0,1.0
17480,0,0.18396464399999998,66,0,0.45574250200000005,2733.0,11,0,1,0,1.0
17481,0,0.636292496,47,0,0.046782638,5920.0,5,0,0,0,1.0
17483,0,0.005207972,46,0,0.33290201199999997,8500.0,5,0,2,0,4.0
17484,0,0.179462316,41,0,0.47955390299999995,6186.0,9,0,2,0,2.0
17485,0,0.520422736,87,0,696.0,,5,0,1,0,0.0
17486,0,0.01211473,50,0,0.332908355,13333.0,13,0,3,0,0.0
17489,0,0.34463865299999996,57,0,0.217852143,15000.0,10,0,2,0,1.0
17491,0,0.716128387,29,0,0.35405271,2010.0,3,0,0,0,1.0
17492,0,0.081787321,50,0,0.21039913300000002,12000.0,7,0,1,0,3.0
17493,0,0.036454872,65,0,0.41547563,19100.0,24,0,2,1,0.0
17495,0,0.9985667140000001,61,0,4583.0,,12,0,2,0,2.0
17496,0,0.166369154,25,0,533.0,,2,0,0,0,0.0
17497,0,0.186442672,32,0,0.44231224799999996,8441.0,8,0,2,0,0.0
17498,0,0.0119988,42,0,3.0,,3,0,0,0,0.0
17499,0,0.637711429,60,0,3725.0,,15,0,1,1,
17501,0,0.034720071,62,0,0.20705032899999998,4708.0,10,0,1,0,1.0
17502,0,0.084389306,66,0,0.075154627,8568.0,9,0,1,0,0.0
17503,0,0.9999998999999999,39,0,0.116362818,4442.0,3,0,0,0,3.0
17505,0,0.152337262,48,0,0.166840242,4800.0,16,0,0,0,0.0
17506,0,0.11378862099999999,68,1,0.005097373,7650.0,2,0,0,0,1.0
17507,0,0.167416292,54,2,0.6864951770000001,4975.0,6,0,1,0,0.0
17508,0,0.151052827,26,0,0.031593681,5000.0,4,0,0,0,0.0
17509,0,0.000853473,52,0,1158.0,,18,0,2,0,0.0
17510,0,0.0,41,0,0.130805687,4219.0,15,0,1,0,3.0
17511,0,0.580629981,63,0,2379.0,,8,0,3,0,0.0
17512,0,0.7768156279999999,45,2,1.554978009,2500.0,13,0,2,0,0.0
17513,0,0.051165607,27,0,0.010906825,3208.0,3,0,0,0,0.0
17514,0,0.173447212,36,0,2364.0,,8,0,2,0,2.0
17515,0,0.020601555,61,0,0.67237932,3500.0,11,0,1,0,0.0
17516,0,0.016983588,29,0,2465.0,,5,0,2,0,0.0
17519,0,0.099224565,66,1,0.147177056,16666.0,11,0,1,0,1.0
17520,1,0.624175946,54,0,0.568947368,5699.0,10,0,4,0,0.0
17521,0,0.9999998999999999,70,0,88.0,,1,0,0,0,0.0
17522,0,0.093247766,65,1,17671.0,,17,0,5,0,2.0
17523,0,0.033248812999999995,87,0,27.0,,3,0,0,0,
17526,0,0.653875257,28,0,0.21469949300000002,2761.0,6,0,0,0,3.0
17527,0,0.09890786,55,0,0.011979823,1585.0,1,1,0,0,1.0
17528,0,0.838107928,28,2,0.044499382000000004,2426.0,5,2,0,0,0.0
17529,0,0.870037132,34,0,467.0,,4,0,0,0,
17531,0,0.00059381,73,0,0.303391384,3272.0,10,0,1,0,0.0
17532,0,0.010615342,62,0,1205.0,,9,0,1,0,
17533,0,0.9999998999999999,51,1,0.396767156,10083.0,7,0,2,0,2.0
17534,0,0.87045424,40,2,0.5056504270000001,7963.0,9,0,3,0,0.0
17535,0,0.647920515,32,0,0.34995882799999994,8500.0,13,0,1,0,0.0
17536,0,0.007237751,46,0,0.276450087,8033.0,5,0,2,0,2.0
17537,0,0.14674569,33,0,0.431002816,8166.0,7,0,1,0,0.0
17538,0,0.630360371,77,1,0.41027599,9166.0,12,0,2,0,0.0
17539,0,0.062912488,67,0,2104.0,,3,0,1,0,0.0
17540,0,0.545237164,43,0,0.37110104,3750.0,8,0,3,0,0.0
17541,0,0.158483765,50,0,0.182614981,11066.0,11,0,1,0,3.0
17542,1,0.300917135,60,0,0.148305085,5427.0,11,0,0,0,1.0
17543,0,0.038332725,64,0,0.018968457,4691.0,6,0,0,0,0.0
17546,1,2.0498338869999997,63,1,0.10607169,5467.0,2,2,0,0,0.0
17547,0,0.10905356699999999,63,0,0.41774222899999996,5500.0,7,0,4,0,0.0
17548,0,0.296094283,57,0,1978.0,,9,0,2,0,0.0
17550,0,0.016494269,40,0,264.0,,7,0,0,0,1.0
17553,0,0.012137512,72,0,1162.0,,5,0,1,0,
17554,0,0.157148571,56,0,0.199862509,16000.0,9,0,2,0,0.0
17556,0,0.6007998999999999,32,1,0.068586283,5000.0,6,0,0,1,0.0
17557,0,1.023625625,44,3,0.416439926,6982.0,5,5,1,0,2.0
17558,0,0.856837686,53,0,0.315736297,3958.0,14,0,0,0,0.0
17559,0,0.543456543,52,0,0.023190724,2500.0,2,0,0,0,0.0
17560,0,0.039304985,33,0,0.585793137,4166.0,8,0,2,0,0.0
17561,0,0.08878545,39,0,0.26065613,8351.0,6,0,1,0,0.0
17562,0,3.7229819139999996,59,0,0.117736892,13750.0,8,0,0,0,0.0
17564,0,0.277146134,40,0,0.170321335,7250.0,6,0,0,0,2.0
17565,0,0.567678717,56,0,0.584220789,6666.0,15,0,2,0,0.0
17567,0,0.04583948400000001,31,1,0.186290067,3150.0,6,0,0,0,0.0
17568,1,0.747607485,47,0,0.221205597,5573.0,2,2,0,0,2.0
17569,0,0.16823825,62,0,0.514009516,13240.0,16,0,3,0,1.0
17572,0,0.9999998999999999,27,0,0.20737039399999999,1600.0,2,0,0,0,0.0
17573,0,0.0,75,0,3.0,,6,0,0,0,0.0
17574,0,0.69096978,55,0,0.440170655,15000.0,12,0,1,0,0.0
17575,0,0.01509686,80,0,0.002908562,5500.0,8,0,0,0,0.0
17576,0,0.49983872,36,1,0.137136735,7466.0,9,0,0,0,1.0
17577,0,0.91342385,36,3,0.434750407,6750.0,14,0,1,0,1.0
17578,0,0.25894013899999996,53,0,3854.0,,12,0,2,0,0.0
17582,0,0.217303293,79,0,841.0,,6,0,0,0,0.0
17584,0,0.0013764620000000002,43,0,0.202683277,4173.0,9,0,0,0,0.0
17585,0,0.176129763,78,0,0.12014814800000001,6749.0,5,0,0,0,0.0
17586,0,0.09364155,55,0,0.481270937,9850.0,14,0,1,0,2.0
17591,0,0.271843753,42,2,0.671541057,8000.0,13,0,2,0,2.0
17593,0,0.191535604,77,0,0.5444598820000001,5757.0,29,0,2,0,0.0
17594,0,0.555331565,46,0,157.0,,8,0,0,0,0.0
17596,0,0.166757934,52,0,0.596121417,8301.0,8,0,2,0,0.0
17599,0,0.028722206,82,0,0.019744483,2582.0,9,0,0,0,0.0
17600,0,0.09101621,38,0,0.16904065699999998,10600.0,11,0,2,0,4.0
17602,0,0.000641485,62,0,2771.0,,8,0,2,0,0.0
17603,1,0.799475229,42,2,0.581883623,5000.0,10,0,1,0,0.0
17604,0,0.0,58,0,0.398064962,15916.0,5,0,3,0,0.0
17605,0,0.9999998999999999,40,0,0.009784013000000001,5416.0,0,0,0,0,0.0
17607,0,0.219093326,40,1,3489.0,,6,0,2,0,0.0
17608,0,0.385074827,31,0,0.461476939,3750.0,10,0,0,0,0.0
17609,0,0.06759792,31,0,0.5368698789999999,7200.0,10,0,1,0,2.0
17610,0,0.008950876,40,0,0.189305942,10416.0,11,0,1,0,0.0
17611,0,0.016438811,63,0,0.334842483,5300.0,10,0,2,0,0.0
17612,0,1.0673824509999998,28,0,0.292951175,6000.0,8,0,1,0,0.0
17614,0,0.809587217,69,0,0.035700935,5349.0,3,0,0,0,0.0
17615,0,0.023801372999999997,70,0,1700.0,,10,0,1,0,0.0
17616,0,0.334533093,70,0,1923.0,,8,0,2,0,0.0
17617,0,0.81707784,53,0,0.526035771,8833.0,16,0,1,0,0.0
17618,1,0.9999998999999999,48,0,1.294539862,3900.0,9,0,2,0,2.0
17619,0,0.0,48,0,0.19301519600000003,3750.0,9,0,0,0,2.0
17623,0,0.761478753,57,0,0.304944824,11870.0,12,0,1,0,2.0
17625,0,0.9999998999999999,57,0,0.34316353899999996,1118.0,1,1,0,0,0.0
17626,0,0.267305855,54,0,0.389169344,4357.0,6,0,1,0,0.0
17628,0,0.007555276,46,0,0.6379915079999999,5416.0,13,0,3,0,0.0
17629,0,0.9999998999999999,52,0,0.105519481,4311.0,2,0,0,0,0.0
17630,0,0.942760413,34,0,1273.0,,5,1,0,0,2.0
17632,0,0.7201271020000001,54,0,0.60413294,10500.0,15,0,0,0,2.0
17633,0,0.772842367,33,0,0.421378715,12750.0,7,0,4,0,2.0
17634,0,0.940269273,54,0,0.49459339399999996,6750.0,12,0,2,0,0.0
17635,0,0.720682303,36,1,0.126422904,5797.0,6,0,0,0,0.0
17636,0,0.14631469,51,0,1066.0,1.0,12,0,2,0,2.0
17637,0,0.5250868160000001,45,0,3294.0,,15,0,2,0,0.0
17638,0,0.9999998999999999,64,0,0.0,,2,0,0,0,0.0
17639,0,0.070127593,52,0,4168.0,,8,0,2,0,
17641,0,0.083892675,69,0,0.148901546,6144.0,14,0,0,0,0.0
17644,0,0.029307862999999997,63,0,88.0,0.0,11,0,0,0,0.0
17645,0,0.006635741,57,0,0.342195036,8500.0,15,0,2,0,1.0
17646,0,0.031473066,42,0,0.37043572700000005,7366.0,14,0,2,0,2.0
17647,0,0.129185992,33,0,0.19223849899999998,3890.0,10,0,0,0,2.0
17648,0,0.014499517,36,0,13.0,,9,0,0,0,0.0
17649,0,0.10098557300000001,46,0,0.285875229,7100.0,5,0,1,0,0.0
17650,0,0.026976352000000002,70,0,0.30950049,2041.0,10,0,1,0,0.0
17654,0,0.9999998999999999,85,0,0.0,,1,0,0,0,0.0
17655,0,0.16846381,40,0,0.488694047,6500.0,14,0,2,0,0.0
17656,0,0.778465905,41,0,0.338501016,9352.0,5,0,1,0,1.0
17657,0,0.001605611,67,0,1644.0,,8,0,1,0,1.0
17658,1,1.76247505,35,2,2323.0,,3,3,1,1,0.0
17662,0,0.18483951,55,1,0.39313616100000004,3583.0,17,0,1,0,2.0
17663,0,0.049017686,70,0,0.682867977,2900.0,7,0,1,0,2.0
17664,0,1.027104137,26,1,0.216586449,2700.0,5,1,0,0,0.0
17665,0,0.0029966840000000003,62,0,0.232922359,3000.0,9,0,1,0,2.0
17666,0,0.190775535,57,0,0.550605157,5700.0,17,0,3,0,1.0
17667,0,0.552985064,49,0,0.39316587,9832.0,9,0,2,0,2.0
17668,0,0.195418321,61,0,0.343324251,1834.0,6,0,1,0,0.0
17669,0,0.061271136,73,0,70.0,,2,0,0,0,0.0
17672,0,0.017476876000000002,62,0,0.00439912,5000.0,3,0,0,0,0.0
17674,0,0.194451387,54,1,0.024146545,1200.0,2,0,0,0,0.0
17677,0,0.040704925,38,0,0.236817177,9500.0,11,0,1,0,2.0
17678,0,0.474733815,63,0,0.47582452799999997,6245.0,13,0,2,0,0.0
17679,0,0.126163951,66,0,0.42691972100000003,4583.0,10,0,1,0,0.0
17680,0,0.155384535,57,2,0.254920337,2133.0,12,0,1,0,0.0
17681,0,0.9999998999999999,23,0,0.0,1920.0,1,0,0,0,0.0
17682,0,0.30914694600000003,38,0,0.421387458,3300.0,12,0,2,0,1.0
17683,0,0.016922311000000002,90,0,0.003197674,3439.0,5,0,0,0,0.0
17684,0,0.29477557600000004,50,0,0.451969191,13761.0,17,0,5,0,1.0
17688,0,0.1007041,44,3,0.63384154,4000.0,7,1,2,4,3.0
17689,0,0.038331454,42,0,0.0057328019999999995,4011.0,4,0,0,0,3.0
17690,1,0.865751233,54,0,0.3754363,4583.0,6,0,1,0,1.0
17691,0,0.032022634,62,0,3946.0,,24,0,4,0,3.0
17694,0,0.0,64,0,698.0,,8,0,1,0,0.0
17695,0,0.0,56,0,0.43616537899999996,2200.0,7,0,1,0,1.0
17697,0,0.903132568,31,0,0.161498505,6352.0,4,0,0,0,2.0
17698,0,0.022921998,67,0,0.003256645,9518.0,9,0,0,0,0.0
17699,0,0.6180524279999999,28,0,0.067386523,5000.0,5,0,0,0,0.0
17700,0,0.0,71,2,0.513692829,7083.0,20,0,4,0,0.0
17701,0,0.097546698,59,0,0.39227933600000003,9765.0,23,0,2,0,2.0
17702,0,0.520078719,67,0,0.39006725299999995,3865.0,12,0,1,0,0.0
17703,0,0.9832950999999999,54,3,0.587388348,7500.0,10,0,2,0,0.0
17705,0,0.055408019,33,0,1.2166998009999999,1508.0,7,0,1,0,1.0
17706,0,0.9999998999999999,54,0,1.058347776,1730.0,6,0,1,0,0.0
17709,0,0.192080876,34,0,0.402780387,5322.0,8,0,1,0,4.0
17710,0,0.01775903,56,0,0.356100409,3425.0,16,0,1,0,0.0
17711,0,0.340833227,55,0,3020.0,,11,0,3,0,0.0
17716,0,0.8407541909999999,48,0,1.02149785,10000.0,14,0,3,0,3.0
17717,0,0.9999998999999999,57,0,1092.0,,4,0,0,0,0.0
17719,0,0.079312648,59,0,0.174122385,11422.0,10,0,1,0,0.0
17720,0,0.07279329400000001,67,0,1159.0,,10,0,1,0,0.0
17722,0,0.78905002,48,0,0.603257591,4972.0,16,0,2,0,2.0
17723,0,0.016612019,83,2,0.01480933,2700.0,10,0,0,0,0.0
17724,0,0.002485925,80,1,0.32317386800000003,7775.0,21,0,1,0,1.0
17725,1,1.005831713,45,1,0.07089620099999999,5500.0,5,0,0,1,1.0
17727,0,0.277560039,76,0,0.345329906,3500.0,21,0,1,0,0.0
17729,0,0.412436911,59,0,0.305172693,6166.0,9,0,1,0,0.0
17731,0,0.006948768,64,0,0.0016663889999999999,6000.0,8,0,0,0,2.0
17732,0,0.9999998999999999,32,0,414.0,,1,1,0,0,0.0
17733,0,0.324539653,46,0,1887.0,,6,0,1,0,3.0
17734,0,0.664451827,52,1,2056.0,,8,0,2,0,0.0
17736,0,0.409773166,57,0,3715.0,,9,0,2,0,3.0
17737,0,0.042593817,53,0,0.077101719,8611.0,8,0,1,0,3.0
17738,0,0.708683902,63,4,0.639718014,6666.0,16,1,2,0,0.0
17741,0,0.097099321,49,0,1032.0,,4,0,0,0,3.0
17743,0,0.0,70,1,0.178905688,8333.0,10,0,1,0,0.0
17744,0,0.01147083,40,0,0.152984702,10000.0,3,0,1,0,2.0
17745,0,0.03165978,44,0,0.0044817929999999995,10709.0,3,0,0,0,1.0
17747,0,0.9536743879999999,51,1,0.39713692,4330.0,5,0,1,1,1.0
17748,0,0.004422626,52,0,0.18032786899999997,8600.0,17,0,1,0,0.0
17750,0,0.00568073,88,0,0.002499219,3200.0,8,0,0,0,0.0
17751,0,0.033193361,44,0,0.24183032699999998,25000.0,8,0,3,0,2.0
17752,0,0.421042796,58,0,0.004785372,14000.0,4,0,0,0,3.0
17753,0,0.387010446,55,0,0.723017496,4400.0,11,0,2,0,0.0
17754,0,0.351608065,38,0,0.154319405,3900.0,4,0,1,0,0.0
17755,0,0.122749014,67,0,10924.0,,17,0,3,0,0.0
17756,0,0.8755622190000001,27,1,0.258352941,2124.0,4,0,0,0,0.0
17757,0,0.747558332,42,0,0.924824056,3125.0,10,0,1,0,2.0
17758,0,0.0,42,0,0.310228348,7400.0,10,0,2,0,0.0
17759,0,0.065556895,68,1,2732.0,,10,0,2,0,0.0
17761,0,0.254253041,70,0,3435.0,,9,0,1,0,
17764,0,0.97091262,53,0,0.666949153,5899.0,9,0,2,0,1.0
17766,0,0.0,49,0,0.075395217,7400.0,7,0,0,0,1.0
17767,0,0.5660868370000001,33,0,1008.0,,4,0,0,0,0.0
17768,0,0.544518639,54,0,2899.0,,16,0,1,0,1.0
17769,0,0.149780884,34,0,0.180963807,5000.0,15,0,0,0,0.0
17771,0,0.92652614,40,0,0.911850768,5467.0,12,0,1,0,1.0
17772,0,0.076892531,56,0,0.015496126,4000.0,4,0,0,0,3.0
17773,1,0.0,47,1,1.813374806,4500.0,13,0,4,1,3.0
17774,0,0.01090876,48,1,0.263582428,15000.0,7,0,2,0,0.0
17775,0,0.014465701999999999,57,0,0.374583426,4500.0,6,0,1,0,0.0
17776,0,0.001124142,62,0,3.0,,8,0,0,0,0.0
17777,0,0.37703513299999997,37,1,0.017992803,2500.0,4,0,0,0,2.0
17778,0,0.1849963,53,0,0.844990548,1586.0,5,0,1,0,0.0
17780,0,0.08656877800000001,35,0,0.558806059,6733.0,6,0,2,0,1.0
17781,0,0.9999998999999999,59,0,0.578158458,1400.0,2,0,1,0,2.0
17782,0,0.939382577,37,0,0.047377327000000004,4727.0,2,0,0,0,2.0
17784,0,0.95750085,49,0,0.22203829600000002,22351.0,7,0,2,0,3.0
17785,0,0.000588192,73,0,0.36300738,2167.0,6,0,0,0,0.0
17786,1,1.016347978,58,1,0.134957826,3200.0,3,0,0,0,0.0
17788,0,0.022569816,63,0,0.292341532,5000.0,7,0,1,0,0.0
17790,0,0.469506099,33,0,0.306620209,4591.0,4,0,1,0,3.0
17791,1,0.458887314,47,4,0.579349209,5500.0,17,0,1,0,0.0
17794,0,0.235288236,56,0,0.224630267,10750.0,6,0,2,0,0.0
17795,0,0.06989160900000001,43,0,2782.0,,11,0,1,0,0.0
17797,0,0.20918605399999998,41,0,0.212645363,10232.0,5,1,2,0,3.0
17798,0,0.078425403,40,0,4520.0,,8,0,2,0,0.0
17800,0,0.9999998999999999,61,0,0.0,2178.0,2,0,0,0,0.0
17801,0,0.057464758,32,0,0.355256991,6400.0,8,0,1,0,0.0
17802,0,0.420746155,38,0,0.5861745389999999,3196.0,16,0,2,0,0.0
17805,0,0.009022836,60,0,0.001439885,4166.0,4,0,0,0,0.0
17806,0,0.9999998999999999,48,0,0.004331889,3000.0,0,0,0,0,1.0
17807,0,0.319660233,63,1,0.750108648,2300.0,5,0,1,0,0.0
17808,0,0.272134345,47,0,0.102789721,10000.0,11,0,0,0,4.0
17810,0,0.24421458199999999,36,1,0.25902295,10500.0,15,0,2,0,0.0
17811,0,0.022646007000000003,47,0,0.231442139,4000.0,6,0,0,0,4.0
17812,0,0.009605038,37,0,0.211744777,7083.0,13,0,1,0,3.0
17813,0,0.15939468699999998,64,0,484.0,,2,0,0,0,1.0
17814,0,0.9999998999999999,76,0,0.06248437900000001,4000.0,2,0,0,0,0.0
17815,0,0.056781658,35,0,0.264547552,3900.0,6,0,0,0,0.0
17816,1,0.9999998999999999,70,6,0.606926098,2800.0,6,2,1,0,1.0
17819,0,0.071658123,69,0,0.264198045,4806.0,12,0,1,0,0.0
17820,0,0.02809237,46,0,0.012645914,3083.0,8,0,0,1,0.0
17821,0,0.01181709,42,0,0.002159957,16666.0,10,0,0,0,3.0
17823,0,0.148617029,45,0,1485.0,,5,0,1,0,0.0
17824,1,1.095303394,43,4,0.468988955,4707.0,15,3,1,0,1.0
17826,0,0.26851204300000003,48,0,0.384001419,11275.0,9,0,1,0,5.0
17829,0,0.036671729,36,0,2766.0,,9,0,1,0,
17832,0,0.39920264,36,0,0.115739484,7369.0,9,0,0,0,0.0
17833,0,0.242051072,65,0,0.541759054,23000.0,17,1,2,0,1.0
17835,0,0.25360768300000003,69,1,0.390347954,7500.0,31,0,2,0,0.0
17836,0,0.09583299099999999,55,0,0.9726703109999999,7500.0,9,0,3,0,0.0
17837,0,0.038109952,75,0,1478.0,,3,0,1,0,
17838,0,0.16483065,48,0,0.45382632700000003,11250.0,10,0,2,0,2.0
17840,0,0.009301796999999999,45,0,0.008942661999999999,1900.0,8,0,0,0,0.0
17842,0,0.414983748,32,0,0.879219325,6250.0,7,0,2,0,0.0
17843,0,0.013453251000000001,68,0,0.015285126000000001,1700.0,7,0,0,0,0.0
17844,0,0.0,34,0,0.06204057599999999,3400.0,4,0,0,0,0.0
17845,0,0.15564072699999998,31,0,0.068086383,3333.0,3,0,0,0,0.0
17846,0,0.022079924,57,0,3803.0,,17,0,1,0,
17847,0,0.015488962,61,0,1972.0,0.0,9,0,1,0,0.0
17849,0,0.055195584000000006,51,0,20.0,,5,0,0,0,0.0
17851,0,0.114699749,76,0,0.139906729,1500.0,3,0,0,0,0.0
17852,0,0.029783373999999998,60,0,0.018238993999999998,3179.0,4,0,0,0,0.0
17854,0,0.083837294,79,0,0.35777370399999997,6000.0,10,0,2,0,0.0
17855,0,0.29994851699999997,33,1,0.43866035700000006,2746.0,11,0,0,0,1.0
17857,0,0.015426516000000001,61,0,710.0,,13,0,0,0,2.0
17858,0,0.073653404,57,0,0.283039447,5500.0,9,1,1,0,0.0
17859,0,0.063746813,63,0,0.38017709200000005,3500.0,9,0,3,0,0.0
17860,0,0.017243408,58,0,30.0,,3,0,0,0,0.0
17861,0,1.036537725,43,1,0.389587074,2784.0,6,1,1,0,1.0
17862,0,0.6974735670000001,58,0,0.615230795,6000.0,19,0,3,0,0.0
17863,0,0.054964772,53,0,0.233106757,2500.0,14,0,0,0,0.0
17864,1,0.059842192,34,0,0.95902049,2000.0,14,0,2,0,0.0
17866,0,0.064126561,61,0,0.12124412,10416.0,8,0,2,0,0.0
17867,0,0.025952318,54,0,0.301608945,11000.0,6,0,2,0,2.0
17868,0,0.35230422,51,0,0.17620170000000002,14000.0,4,0,1,0,0.0
17870,1,0.167128745,48,0,2104.0,,9,0,1,0,0.0
17872,0,0.356468629,32,0,0.005427021,3500.0,2,0,0,0,1.0
17875,0,0.219813344,41,0,0.23982780199999998,7200.0,13,0,1,0,4.0
17876,0,0.177792888,49,0,0.220947525,9413.0,4,0,2,0,1.0
17878,0,0.061889251,62,0,0.173167105,8742.0,16,0,1,0,0.0
17879,0,0.198662162,58,0,174.0,,6,0,0,0,0.0
17880,0,0.508885626,47,0,0.395657763,7000.0,9,0,2,0,2.0
17881,0,0.616216957,46,1,0.510972601,7700.0,8,1,1,0,3.0
17882,0,0.549325305,39,0,0.230078563,6236.0,7,0,1,0,2.0
17883,0,0.135240925,59,0,0.454983646,5808.0,12,0,2,0,1.0
17884,0,0.524435231,65,1,0.568552253,5214.0,12,1,1,0,0.0
17885,0,0.49535439299999995,26,0,0.40768509799999997,3200.0,5,0,0,0,1.0
17887,0,0.812489756,39,0,0.130099417,5833.0,6,0,0,0,0.0
17888,0,0.00489609,75,0,1469.0,,17,0,2,0,
17889,0,0.0,54,0,0.135067678,10416.0,7,0,2,0,0.0
17891,0,0.368893763,50,0,1678.0,,11,0,1,0,1.0
17892,0,0.017714423,77,0,0.009713361,10500.0,16,0,0,0,0.0
17893,0,0.070364708,38,0,0.8666224290000001,1506.0,18,0,1,0,1.0
17897,0,0.054470709000000006,64,0,0.152436485,2400.0,3,0,0,0,0.0
17902,0,0.0,52,0,1188.0,,3,0,1,0,0.0
17905,0,0.013532882,42,0,0.014394242,2500.0,1,0,0,0,0.0
17906,0,0.134551791,38,1,1170.0,,7,0,1,0,
17907,0,0.036724082000000005,73,0,0.146598905,10231.0,8,0,1,0,0.0
17908,0,0.19693500100000003,65,0,0.784347329,3500.0,12,0,4,0,0.0
17909,1,0.0,30,0,0.137106611,4098.0,4,3,0,1,1.0
17910,0,0.15477691,30,0,0.40202429100000003,2469.0,6,0,0,0,0.0
17911,0,0.017031709,80,0,0.207117153,2500.0,4,0,0,0,0.0
17912,0,0.0,44,0,0.09983906,70833.0,7,0,1,0,2.0
17913,0,0.475304939,56,0,0.262155246,3516.0,5,0,0,0,0.0
17914,1,0.960239972,50,2,1128.0,,4,1,0,0,3.0
17915,1,0.12036948900000001,37,0,0.005691432,6500.0,3,0,0,0,0.0
17916,0,0.72267499,31,0,4542.0,,14,0,2,0,0.0
17917,0,0.03018754,37,0,0.406038756,8875.0,5,0,3,0,5.0
17918,0,0.018432413,49,0,0.258977798,6710.0,13,0,2,0,2.0
17919,0,0.041215599,86,0,28.0,,4,0,0,0,0.0
17921,0,0.012775336000000002,65,0,2570.0,,15,0,1,0,0.0
17922,0,0.9999998999999999,63,0,1.1656804729999999,2365.0,4,1,1,1,0.0
17923,0,0.016922612,43,0,0.008352823,2992.0,5,0,0,0,0.0
17924,0,0.033983413999999997,61,0,0.664970005,5500.0,10,0,2,0,0.0
17925,0,0.0,80,0,7.494590417,646.0,14,0,4,0,0.0
17927,0,0.042293989000000004,29,0,479.0,,12,0,0,1,0.0
17929,0,0.323547058,44,0,0.10995002300000001,2200.0,1,0,0,0,0.0
17930,0,0.17516192600000002,47,0,6055.0,,12,0,3,0,0.0
17931,0,0.09648295800000001,40,0,380.0,,4,0,1,0,0.0
17934,0,0.33288948100000004,24,0,0.004372267,1600.0,1,0,0,0,1.0
17935,0,0.346836431,79,0,0.755811047,4000.0,10,0,3,0,0.0
17936,0,0.0,62,0,635.0,,21,0,0,0,0.0
17939,1,1.239520958,23,0,0.021140295,1560.0,1,1,0,1,0.0
17940,0,0.089402988,63,0,0.27631127899999997,5833.0,14,0,0,0,0.0
17941,0,0.053939611,82,0,0.11428571400000001,1644.0,7,0,0,0,0.0
17942,0,0.0,25,0,520.0,,4,0,0,0,0.0
17943,0,0.686656672,29,0,0.008862949,4625.0,2,0,0,0,0.0
17945,1,0.9999998999999999,46,1,0.768675368,3600.0,2,2,1,1,3.0
17949,0,0.09366276400000001,63,0,0.160585366,5124.0,6,0,1,0,1.0
17950,0,0.9435680959999999,90,0,0.17445482899999998,1604.0,2,0,0,0,0.0
17951,0,0.039994367,55,0,0.618338109,1744.0,4,0,2,0,0.0
17952,0,0.852660579,50,0,0.34746639100000004,2900.0,13,0,0,0,0.0
17953,0,0.005720664,61,0,1050.0,,4,0,1,0,
17954,0,0.03240845,54,0,0.446123947,4630.0,12,0,2,0,3.0
17955,0,0.230830767,58,0,0.27481849399999997,13084.0,5,0,1,0,2.0
17957,0,0.009635688,33,0,0.23407178399999998,5822.0,6,0,2,0,0.0
17958,1,0.19439260600000002,41,0,0.47155080200000005,9349.0,9,0,3,0,1.0
17961,0,0.942483972,63,1,0.708249018,8400.0,12,0,1,0,0.0
17962,0,0.052552950999999994,74,0,0.45816816200000005,4792.0,7,0,2,0,1.0
17963,0,0.011102279,47,0,0.15258881300000002,10583.0,9,0,2,0,2.0
17964,1,0.39827118799999994,40,0,0.81915846,3350.0,10,0,2,0,2.0
17967,0,0.053286520999999996,77,0,323.0,,9,0,0,0,0.0
17969,0,0.009055089,48,0,0.329778726,3750.0,8,0,2,0,0.0
17970,1,0.7252331740000001,59,0,0.163297045,4500.0,9,0,0,0,0.0
17972,0,0.0795554,61,0,821.0,,4,0,1,0,0.0
17973,0,0.0039621809999999995,75,0,0.384723055,5000.0,11,0,1,0,0.0
17974,0,0.118864397,51,0,0.400534045,6740.0,6,0,2,0,1.0
17975,0,0.01361178,69,0,1.125574273,3917.0,15,0,2,0,0.0
17976,0,0.867863671,58,0,0.469299599,3240.0,24,0,1,0,0.0
17977,0,0.03489651,73,0,9.0,,7,0,0,0,0.0
17978,0,0.004229079,52,0,789.0,1.0,6,0,1,0,0.0
17979,0,0.041468148999999996,74,0,0.5254598770000001,3750.0,6,0,2,0,0.0
17983,0,0.0,67,0,3382.0,,5,0,2,0,
17985,0,0.0,40,0,3339.0,0.0,11,0,2,0,0.0
17986,0,0.077527915,50,0,0.568260316,5500.0,20,0,2,0,2.0
17987,0,0.9999998999999999,68,0,0.216400911,438.0,1,0,0,0,0.0
17988,0,0.105373354,48,3,0.376713433,6200.0,19,0,2,0,2.0
17989,0,0.183963207,37,0,27.0,,1,0,0,0,0.0
17990,0,0.281440316,32,0,0.206905746,7500.0,9,0,0,0,0.0
17991,0,0.366863314,75,0,900.0,,2,0,1,0,0.0
17994,1,0.771544784,51,1,0.34464671399999997,3240.0,6,0,0,0,0.0
17995,0,0.569002025,58,0,0.514182014,7438.0,12,0,1,0,0.0
17996,0,0.0,46,0,0.032146516,7807.0,3,0,0,0,0.0
17997,0,0.101302146,42,0,0.634256531,5090.0,6,0,1,0,2.0
18001,0,0.249789963,55,0,0.480652555,7416.0,9,0,2,0,0.0
18002,0,0.23817089100000002,62,0,3960.0,,17,0,1,0,0.0
18004,0,0.050054165,49,0,2648.0,,8,0,1,0,0.0
18005,0,0.015849801,68,0,0.158384162,10000.0,8,0,1,0,1.0
18006,0,0.061313402,68,0,0.314249364,6287.0,20,0,3,0,0.0
18007,0,0.007299757,32,0,0.5293951379999999,3537.0,6,0,2,0,0.0
18008,0,0.567086804,60,0,3557.0,,14,0,1,0,0.0
18011,0,0.057131429000000004,54,0,0.20907499300000001,6853.0,3,0,1,0,1.0
18014,0,0.59419583,27,0,0.30846204,4596.0,5,0,1,0,0.0
18015,0,0.24696058,46,0,0.8201300020000001,9845.0,10,0,2,0,2.0
18018,0,0.0,70,0,0.0,,1,0,0,0,0.0
18019,0,0.052155649000000005,62,0,167.0,,6,0,0,0,0.0
18021,0,0.168848885,64,0,0.633220797,7404.0,17,0,1,0,0.0
18023,0,0.002452801,48,0,0.341872203,10500.0,20,0,1,0,0.0
18024,0,0.225244385,29,0,0.340718725,3700.0,19,0,0,0,1.0
18025,0,0.8743064,33,1,0.40538488100000003,14484.0,11,0,2,0,0.0
18027,0,0.500274986,55,0,2556.0,,4,0,2,0,2.0
18030,0,0.544376024,55,0,0.6768004320000001,7400.0,11,0,2,0,2.0
18031,0,0.631728045,35,0,709.0,,7,0,0,0,1.0
18032,0,0.07092198599999999,57,0,0.40191068700000004,4500.0,21,0,1,0,0.0
18034,0,0.0,49,0,1577.0,,9,0,1,0,0.0
18035,0,0.637711822,55,0,0.850511783,4200.0,8,0,1,0,0.0
18036,0,0.004828185,66,0,0.10465587,4939.0,5,0,0,0,0.0
18038,0,0.071339287,40,0,0.435327726,6300.0,15,0,2,0,0.0
18040,0,0.9999998999999999,58,0,0.0,5200.0,2,0,0,0,0.0
18041,0,0.092781444,50,0,0.21891760100000002,2050.0,4,0,0,0,0.0
18042,0,0.0,43,0,3342.0,,10,0,5,0,0.0
18043,0,0.38044612,46,0,0.326816437,14065.0,16,0,1,0,3.0
18045,0,0.320121567,62,2,0.240940725,8333.0,19,0,1,0,0.0
18049,0,0.0,54,0,0.260356157,10500.0,8,0,1,0,0.0
18050,0,0.9999998999999999,60,0,42.0,,0,1,0,0,0.0
18051,0,0.012999698,67,0,0.283800145,12388.0,11,0,3,0,0.0
18052,0,0.037850439,78,0,472.0,,3,0,1,0,0.0
18053,0,0.43258594100000003,51,0,0.165341525,5533.0,8,0,0,0,2.0
18054,0,0.586922147,56,2,0.18454935600000003,2096.0,9,0,0,0,1.0
18056,0,0.12961330699999998,49,0,0.39430655200000003,8500.0,17,0,2,0,1.0
18057,0,0.955681773,32,0,0.830875123,5084.0,10,0,1,0,0.0
18058,0,0.003669832,60,0,0.258525263,5600.0,11,0,1,0,1.0
18059,0,0.751495237,51,0,0.8073357520000001,2480.0,7,0,1,0,1.0
18060,0,0.7429651540000001,43,0,0.544894531,5356.0,15,0,2,0,0.0
18061,0,0.065737694,28,0,0.11566389999999999,1927.0,12,0,0,0,0.0
18062,0,0.011210803,56,0,0.7149385890000001,3500.0,10,0,2,0,2.0
18063,0,0.0,28,0,0.09836788699999999,6800.0,4,0,1,0,2.0
18064,0,0.054047298,45,2,0.178982102,10000.0,6,0,1,0,0.0
18065,0,0.045786124000000004,72,0,0.162454138,4905.0,10,0,1,0,0.0
18066,0,0.33629444700000005,32,0,0.7504665420000001,3750.0,11,0,2,0,0.0
18068,0,0.24529931600000002,38,0,1967.0,,5,0,1,0,2.0
18069,0,0.004194748,56,0,0.002822865,4250.0,10,0,0,0,1.0
18070,0,0.029405676000000002,83,0,0.28023992,3000.0,20,0,1,1,0.0
18071,0,0.47137643100000004,40,0,0.324344731,9270.0,7,0,1,0,3.0
18072,0,0.032531733,55,0,0.35239502,4738.0,7,0,1,0,0.0
18073,0,0.0,57,0,0.372898978,5770.0,4,0,1,0,1.0
18074,0,0.045408275,63,0,0.004243635,16023.0,5,0,0,0,0.0
18075,0,0.030456105,89,0,0.0059042,10500.0,7,0,0,0,0.0
18076,0,0.0,65,0,0.35223133,8783.0,6,0,1,0,0.0
18077,0,0.675047118,77,1,0.45541706600000004,2085.0,13,0,0,0,0.0
18078,0,0.0,50,0,1418.0,,2,0,1,0,0.0
18079,1,0.562773128,53,2,0.254517222,7083.0,5,1,0,1,0.0
18080,0,0.39210419,75,1,0.616438356,10000.0,21,0,1,0,0.0
18081,0,0.614670591,38,0,0.10064989199999999,6000.0,3,0,0,0,1.0
18082,1,0.06782785,52,0,0.269722814,1875.0,5,0,2,0,0.0
18083,0,0.005215376,55,0,0.0008570610000000001,10500.0,5,0,0,0,0.0
18085,0,0.10776024199999999,72,0,0.160892075,12554.0,10,0,1,0,0.0
18086,0,0.017766799,44,0,0.33754322700000006,6650.0,13,1,1,0,0.0
18089,0,0.296859859,61,0,1.865467009,1166.0,15,0,2,0,0.0
18090,0,0.03846898,73,0,65.0,,13,0,0,0,0.0
18092,1,0.9999998999999999,42,0,0.0,,0,0,0,0,2.0
18093,0,0.651908685,65,0,1636.0,,10,0,2,0,0.0
18097,0,0.64708978,54,2,10728.0,,13,0,9,0,0.0
18098,0,0.025080775,55,0,0.009665593,9000.0,10,0,0,0,3.0
18099,1,0.9999998999999999,57,0,183.0,,1,2,0,1,3.0
18100,0,0.011990842,32,0,0.0062658309999999995,7500.0,13,0,0,0,0.0
18103,0,0.101104833,53,0,0.022139693999999998,7000.0,3,0,0,0,2.0
18105,0,0.025881776000000002,78,0,0.162055336,505.0,13,0,0,0,0.0
18106,0,0.113747344,49,0,0.37982309999999997,7800.0,10,0,2,0,3.0
18107,0,0.986019805,50,1,1483.0,,3,1,1,1,0.0
18108,0,0.409565489,51,0,0.420381635,12000.0,22,0,1,0,0.0
18109,0,0.0,64,0,552.0,,12,0,1,0,
18110,0,0.033046832000000005,54,1,1256.0,,11,0,1,0,
18111,0,0.36799163700000004,89,0,0.281906031,3000.0,5,0,1,0,0.0
18112,0,0.083059904,61,0,0.314779789,3700.0,7,0,2,0,0.0
18114,0,0.08169538700000001,60,0,0.33375749899999996,5500.0,18,0,1,0,0.0
18115,0,0.0035554429999999997,81,0,0.48081264100000004,3100.0,16,0,2,0,0.0
18116,0,0.05139486099999999,72,0,2180.0,,2,0,1,0,0.0
18118,0,0.021806627000000002,49,0,0.277595352,7917.0,16,0,2,0,3.0
18119,0,0.032187141,70,0,93.0,,13,0,0,0,0.0
18120,0,0.015273189,58,0,1450.0,,12,0,2,0,0.0
18121,0,0.056420565,85,0,63.0,,9,0,0,0,0.0
18123,0,0.037998233,31,0,0.008570449,2916.0,4,0,0,0,0.0
18125,0,0.08073024200000001,80,0,52.0,,4,0,0,0,0.0
18127,0,0.968160184,56,1,0.320977073,4666.0,4,0,1,0,2.0
18129,0,0.011728273,41,0,1467.0,,22,0,1,0,1.0
18132,1,0.6897470040000001,30,1,0.34954407299999996,6250.0,8,1,2,1,0.0
18133,0,0.17810078199999999,63,0,0.572142695,4400.0,7,0,1,0,0.0
18134,0,0.005613754,37,1,2433.0,,14,0,1,0,
18135,0,0.11333783900000001,57,0,0.270538357,12500.0,20,0,2,0,4.0
18137,0,0.037398931,62,0,42.0,,4,0,0,0,0.0
18138,0,0.763294246,40,0,1548.0,,5,0,1,0,0.0
18140,1,0.728895367,74,0,0.6804798259999999,5501.0,15,0,3,0,0.0
18141,0,0.301573039,52,0,0.224225029,8709.0,9,0,0,0,1.0
18142,0,0.019491067,61,2,0.46913580200000005,1700.0,7,0,1,0,0.0
18143,0,0.0,27,0,374.0,,3,0,0,0,0.0
18149,0,0.017588236,67,0,0.305840392,4485.0,10,0,1,0,1.0
18150,0,0.826396227,34,0,0.494885645,8700.0,11,0,2,0,3.0
18152,0,0.176273503,63,0,0.305176551,14584.0,19,0,3,0,0.0
18154,0,0.374005566,52,1,0.8711615490000001,4493.0,22,0,1,0,0.0
18157,0,0.04496253099999999,36,0,0.091984669,6000.0,2,0,0,0,0.0
18158,0,0.093659905,50,0,0.214082355,14400.0,5,0,2,0,2.0
18159,0,0.001439358,62,0,6173.0,,8,0,3,0,
18160,0,0.27457685800000003,39,0,0.161973127,5432.0,6,0,0,0,2.0
18161,0,0.013147296999999999,66,0,1104.0,,10,0,1,0,0.0
18163,0,0.110157481,63,0,0.38157819600000004,17500.0,23,0,5,0,1.0
18164,0,0.039086352000000005,41,1,0.057249712,3475.0,8,0,0,0,0.0
18165,0,0.08937274699999999,61,0,0.034884965,9344.0,14,0,0,0,0.0
18166,0,0.574649604,51,0,0.40117836100000004,5600.0,9,0,1,0,0.0
18167,0,0.196980302,36,1,58.0,,3,0,0,0,0.0
18169,0,0.32212447899999996,40,1,0.25017437800000003,4300.0,10,0,1,0,1.0
18170,0,0.002492269,68,0,4120.0,,14,0,3,0,0.0
18171,1,1.4051896209999999,22,1,0.013493253,2000.0,1,0,0,0,0.0
18172,0,0.019399224,40,0,0.344102054,6035.0,8,0,2,0,2.0
18173,0,0.124872057,25,0,0.14171457099999998,4000.0,9,0,0,0,1.0
18174,0,0.43017294799999994,46,0,0.18115871,10200.0,10,0,0,0,0.0
18175,0,0.016386564,42,0,0.428729807,6313.0,12,0,3,0,2.0
18177,0,0.090933014,63,1,1969.0,,5,0,1,0,0.0
18178,0,0.0,65,0,0.265716785,8000.0,13,0,2,0,1.0
18179,0,0.255396501,26,0,0.090833564,3610.0,2,0,0,0,0.0
18180,0,0.526096911,29,0,2154.0,,5,0,2,0,0.0
18182,0,0.065345798,62,0,0.162893816,8569.0,7,0,1,0,0.0
18183,0,0.0008364160000000001,43,0,0.33493315,5833.0,10,0,2,0,1.0
18184,0,0.018789181999999998,60,1,0.38480967,5542.0,11,0,2,0,1.0
18185,0,0.04836928099999999,50,0,0.22572388399999999,6250.0,4,0,1,0,1.0
18187,0,0.562578317,57,1,834.0,,7,0,0,0,0.0
18188,0,0.709459699,53,4,0.316484176,13333.0,23,0,2,2,0.0
18189,0,0.034208726,83,0,19.0,,3,0,0,0,0.0
18190,0,0.645095183,39,0,0.111115555,25000.0,6,0,0,0,2.0
18192,0,1.211576846,57,3,0.48397104399999996,2900.0,5,0,1,0,0.0
18194,0,0.019433745,49,0,2011.0,,14,0,2,0,0.0
18195,0,0.052889739000000005,53,0,0.236929074,11800.0,13,0,2,0,4.0
18196,0,0.175882412,49,0,0.202399747,9500.0,3,0,1,0,0.0
18197,0,0.0036058320000000002,68,1,9.0,,6,0,0,0,0.0
18198,0,0.029290088,59,0,0.07038873799999999,6250.0,7,0,0,0,1.0
18199,0,0.7543008379999999,28,0,0.35037197,4166.0,5,0,1,0,0.0
18202,1,1.281718282,47,3,395.0,,5,0,1,1,1.0
18203,0,0.145635045,45,0,2669.0,,6,0,1,0,3.0
18204,0,0.007980002,69,0,717.0,,3,0,1,0,0.0
18205,0,1.018654231,46,1,0.200918762,4135.0,6,0,0,0,0.0
18206,0,0.31447845399999996,53,0,0.387861214,10000.0,17,0,3,0,1.0
18207,0,0.822274281,62,0,0.7271688409999999,10500.0,14,0,2,0,0.0
18208,0,0.05957787900000001,54,0,0.512206464,4300.0,12,0,2,0,3.0
18210,0,0.638606676,26,2,0.900166389,600.0,6,1,0,0,0.0
18211,0,0.0,44,1,0.6726870620000001,2712.0,6,0,1,0,3.0
18212,0,0.50989802,25,0,0.260940032,1850.0,8,1,0,0,0.0
18213,0,0.518516049,36,0,570.0,,5,0,0,0,0.0
18215,0,0.180268138,39,0,0.342885705,3000.0,10,0,2,0,4.0
18216,0,0.068263633,28,0,0.177274242,3000.0,8,0,0,0,0.0
18218,0,1.026869402,37,1,0.08938869699999999,1733.0,2,0,0,0,0.0
18219,0,0.449591735,32,1,1053.0,,8,0,0,0,0.0
18220,0,0.157660827,58,0,0.17622797199999998,2666.0,11,0,0,0,0.0
18221,0,0.43832920000000003,52,0,0.227920755,5400.0,12,0,0,0,1.0
18222,0,0.359847807,68,0,0.235879218,2814.0,8,0,0,0,0.0
18223,0,0.631864656,42,1,0.595914869,7000.0,12,0,1,0,2.0
18224,0,0.033451113,40,0,0.43201688299999996,3316.0,17,0,1,0,1.0
18226,0,0.069672715,71,0,0.478877781,3100.0,12,0,1,0,0.0
18228,0,0.002334699,65,0,12778.0,0.0,4,0,0,0,1.0
18229,0,0.0,52,0,0.131971466,3083.0,5,0,0,0,1.0
18230,0,0.429867765,56,0,0.503883689,10041.0,13,0,2,0,0.0
18231,0,0.428287555,56,0,0.453516378,4151.0,5,0,1,0,1.0
18232,0,0.057728747999999996,90,0,91.0,,5,0,0,0,
18233,0,0.044062892,59,0,0.395579612,6650.0,8,0,1,0,0.0
18234,0,0.08573927,67,0,1671.0,,12,0,1,0,
18235,0,0.297046902,62,2,0.36955345100000003,7389.0,15,0,1,1,0.0
18236,0,0.697887699,32,0,0.239417842,9000.0,10,0,1,0,1.0
18237,0,0.190705147,66,0,0.195996315,11938.0,10,0,0,0,0.0
18238,0,0.0,33,0,0.050518259,52000.0,7,0,2,1,3.0
18239,0,0.06783950799999999,72,3,0.021244689,4000.0,7,0,0,0,0.0
18240,1,0.9999998999999999,32,0,1076.0,,3,0,1,0,1.0
18241,0,0.19285463,63,0,0.567020912,8750.0,11,0,3,0,1.0
18242,0,0.0,28,0,0.678431373,764.0,4,0,0,0,0.0
18243,0,0.9999998999999999,50,0,0.28571428600000004,8833.0,4,0,1,0,2.0
18245,0,0.029412941,81,0,0.124322371,8300.0,4,0,1,0,0.0
18246,0,0.090162688,56,0,0.816079415,9166.0,6,0,1,0,0.0
18247,0,0.518868983,66,0,0.469787771,22192.0,16,0,2,0,0.0
18248,0,0.46666099299999997,61,3,0.272673803,8500.0,11,0,1,0,0.0
18249,0,0.026324342,77,0,0.088128186,10983.0,4,0,1,0,0.0
18250,0,0.031068322000000002,80,0,0.21756487,1001.0,10,0,0,0,0.0
18251,0,0.036135931,44,1,0.013233348,6800.0,6,0,0,0,3.0
18252,1,0.9999998999999999,45,0,49.0,,0,0,0,0,0.0
18254,0,0.455077246,49,0,0.39058956899999997,10583.0,5,0,2,0,1.0
18255,0,0.007426289,30,0,0.152158823,7202.0,9,0,1,0,0.0
18258,0,0.05494006,27,0,0.43218927,3000.0,9,0,2,0,0.0
18259,0,0.635363294,61,6,0.429449386,48000.0,33,1,26,0,1.0
18260,0,0.8555185259999999,60,2,0.452217364,1600.0,6,1,1,0,0.0
18261,0,0.204247768,61,3,0.704823614,12500.0,11,0,5,0,1.0
18262,0,0.285204757,45,1,0.851429714,5000.0,10,0,2,0,1.0
18264,0,0.037555034,47,0,0.045981607,2500.0,5,0,0,0,0.0
18266,1,0.9999998999999999,64,0,0.0,16000.0,0,0,0,0,0.0
18267,0,1.000956439,49,1,0.12282361800000001,5283.0,5,0,1,0,1.0
18268,0,0.028491872999999997,74,0,0.069114471,8333.0,13,0,1,0,0.0
18269,1,0.177802163,71,0,2.022939347,2571.0,18,0,5,0,0.0
18270,0,0.069406231,56,0,0.384580771,6666.0,5,0,2,0,0.0
18271,0,0.34700739700000005,26,0,0.01076509,2600.0,5,0,0,2,0.0
18272,0,0.34922146600000004,35,0,0.7026953440000001,3672.0,8,0,2,0,0.0
18273,1,0.9999998999999999,36,0,0.0,5500.0,0,0,0,0,2.0
18275,0,0.103712187,47,0,0.34396906,4136.0,11,0,1,0,2.0
18277,0,0.090455332,67,0,0.060943295999999994,5660.0,8,0,0,0,1.0
18278,0,0.9999998999999999,21,0,0.072932331,1329.0,0,0,0,0,0.0
18279,0,0.103028804,42,0,2071.5,1.0,9,0,2,0,2.0
18280,0,0.007483279000000001,67,0,3057.0,,11,0,3,0,0.0
18282,0,0.006759323,70,0,0.554804442,2070.0,15,0,2,0,0.0
18283,0,0.405706286,57,0,0.15260947800000002,8334.0,5,0,2,0,0.0
18284,0,0.8305559259999999,48,0,186.0,,2,0,0,0,1.0
18285,0,0.740844842,43,1,822.0,,4,0,0,0,0.0
18287,0,0.77574142,38,2,0.064430127,4500.0,5,0,0,0,0.0
18289,0,0.012155406,41,0,2502.0,,10,0,3,0,
18290,0,0.183080522,38,0,0.167468431,3325.0,7,0,0,0,0.0
18291,0,0.32038616,40,0,0.401099817,6000.0,5,0,1,0,2.0
18293,0,0.01136312,69,0,172.0,,1,0,0,0,0.0
18294,0,0.030713288999999998,52,0,71.0,,5,0,0,0,0.0
18296,0,0.054245052,55,0,0.40853049,3000.0,8,0,1,0,3.0
18300,1,0.761560592,65,1,0.38150697,5666.0,6,1,1,0,0.0
18301,0,0.069763188,72,0,0.481753041,6000.0,18,0,2,0,0.0
18302,0,0.101996813,38,0,2213.0,,4,0,1,0,0.0
18304,0,0.014516808999999999,66,1,0.542462146,6075.0,10,0,1,0,0.0
18305,0,0.01591166,26,0,0.228771229,1000.0,4,0,0,0,0.0
18306,0,0.007890739,72,0,0.311256877,4725.0,10,0,2,0,1.0
18309,0,0.9999998999999999,34,0,498.0,,2,0,0,0,0.0
18310,0,0.0,37,0,0.47529277299999995,3500.0,6,0,1,0,0.0
18311,0,0.343043881,69,0,0.6923487070000001,3750.0,18,0,1,0,0.0
18313,0,0.000629759,60,0,3107.0,,17,0,2,0,
18314,0,0.550828076,89,0,0.51977093,3666.0,16,0,1,0,0.0
18315,0,0.40977436799999994,63,0,2170.0,,6,0,2,0,2.0
18316,0,0.246467048,66,0,0.329333754,6333.0,10,0,2,0,0.0
18317,1,0.9999998999999999,31,1,994.0,,2,0,1,0,0.0
18318,0,0.0021155320000000003,43,0,25.0,1.0,19,0,0,0,3.0
18319,0,0.140052757,44,0,1.001465201,4094.0,8,0,1,0,2.0
18320,0,0.743774048,39,0,0.31861356399999996,6000.0,9,0,0,0,2.0
18322,0,0.9999998999999999,72,0,0.028292439,3993.0,1,0,0,1,0.0
18323,0,0.0,91,0,0.0,,3,0,0,0,0.0
18324,1,1.413173653,22,1,0.174377224,280.0,3,1,0,1,0.0
18325,0,0.7324535090000001,56,0,1.149829352,2929.0,9,0,1,0,0.0
18328,0,0.020111606,63,1,2314.0,,10,0,2,1,0.0
18330,0,0.676783719,40,0,0.332632317,2852.0,12,0,0,0,0.0
18331,0,0.0,75,1,0.143405013,7300.0,5,0,1,0,0.0
18333,0,0.9999998999999999,67,2,0.762909495,1800.0,5,0,1,0,0.0
18334,0,0.9999998999999999,28,0,0.014275517,1400.0,0,0,0,0,0.0
18335,0,0.036251014,48,0,0.412766979,8333.0,20,0,2,0,0.0
18337,0,0.42748775899999997,32,0,0.38531848,3500.0,3,0,2,0,0.0
18338,0,0.0,64,0,533.0,,5,0,0,0,0.0
18340,0,0.103550343,66,1,0.136572685,5000.0,15,0,0,0,1.0
18342,0,0.063785323,43,1,0.358580825,5016.0,18,0,1,0,1.0
18343,0,0.022139693999999998,56,0,0.317601333,1800.0,6,0,0,0,0.0
18344,0,0.0,42,0,0.22723863800000002,6666.0,7,0,1,0,0.0
18345,0,0.026825736,68,0,0.18834822899999998,12083.0,6,0,2,0,1.0
18347,0,0.792219085,48,3,0.7860142659999999,15000.0,25,0,3,0,0.0
18348,0,0.929793729,55,0,762.0,,6,0,0,0,3.0
18349,0,0.038919167000000005,32,0,0.158508159,8150.0,5,0,1,0,2.0
18350,0,0.153298324,53,0,0.50421486,5100.0,10,0,1,0,1.0
18351,0,0.315462851,39,0,0.581290079,2650.0,10,0,1,0,2.0
18352,0,0.9999998999999999,40,0,0.6398692810000001,1529.0,5,0,1,0,1.0
18354,0,0.467679621,54,0,5268.0,,19,0,3,0,2.0
18355,0,0.0,64,0,2156.0,,6,0,1,0,0.0
18356,0,0.0,39,0,0.216841119,6400.0,6,0,1,0,2.0
18357,0,0.014394358000000001,50,0,0.16336479,16000.0,14,0,1,0,3.0
18358,0,0.30738523,25,2,182.0,,1,0,0,1,2.0
18360,0,0.25697233,60,0,2762.0,,16,0,1,0,0.0
18361,0,0.21052631600000002,27,0,0.132216946,4000.0,6,0,0,0,0.0
18362,0,0.006466523,62,0,0.157373458,21000.0,9,0,1,0,0.0
18363,0,0.419833214,30,0,0.468623935,4461.0,8,0,1,0,0.0
18364,0,0.9999998999999999,23,0,0.316526611,1427.0,2,1,0,0,0.0
18365,0,0.102641021,54,0,0.18401727899999998,2314.0,13,0,0,0,0.0
18366,1,0.0,29,0,0.325306679,2200.0,12,0,0,0,0.0
18367,1,1.157752738,32,0,0.796513831,7916.0,4,5,1,1,1.0
18368,0,0.0,27,0,0.271995708,1863.0,6,0,0,0,1.0
18369,0,0.033205012,63,0,0.11657123300000001,11700.0,5,0,1,0,1.0
18370,0,0.019326551,74,0,1.505535055,541.0,16,0,1,0,0.0
18371,0,0.029339601,33,0,0.178385729,12500.0,6,0,1,0,1.0
18373,0,0.0,48,0,1619.0,,6,0,1,0,0.0
18374,1,0.0035100609999999997,49,0,0.00017417099999999998,11482.0,2,0,0,0,0.0
18375,0,0.106133075,42,0,3980.0,,7,0,2,0,0.0
18376,0,0.08648064300000001,41,0,0.16048879800000002,9819.0,5,0,1,0,3.0
18377,0,0.026423281,67,0,570.0,,9,0,1,0,0.0
18379,0,0.245894621,43,0,0.342299453,4200.0,11,0,1,0,1.0
18380,0,0.646475915,43,0,0.673957878,16000.0,13,0,4,0,1.0
18381,0,0.273149486,67,0,0.12703252,13775.0,6,0,1,0,0.0
18382,0,0.599683835,54,0,974.0,,5,0,0,0,0.0
18384,0,0.0,74,0,175.0,,8,0,1,0,0.0
18385,0,0.278904522,37,0,2161.0,,7,0,2,0,0.0
18386,0,0.075455135,66,0,0.241268481,4666.0,10,0,1,0,1.0
18387,0,0.061497804,68,0,1889.0,,5,0,1,0,
18388,0,0.0,28,0,0.082968563,5025.0,3,0,0,0,0.0
18389,0,0.000789448,49,0,0.138413793,14499.0,5,0,1,0,0.0
18392,0,0.0,73,1,2.0,,10,0,0,0,
18393,0,0.017842857,50,0,1578.0,,14,0,0,0,3.0
18394,0,0.7149140340000001,35,1,0.5972009620000001,4572.0,7,0,1,0,0.0
18395,0,0.5653510039999999,31,1,0.283254651,3600.0,5,0,0,0,0.0
18399,0,0.393334632,66,0,5315.0,,18,0,2,1,0.0
18401,0,0.5797921460000001,59,0,0.331205292,13000.0,7,0,2,0,1.0
18402,0,0.476204278,61,0,0.49526481899999997,2850.0,9,0,1,0,0.0
18403,0,0.00049372,68,0,0.403144558,6550.0,19,0,2,0,0.0
18405,0,0.037742528,45,0,0.2443062,9483.0,7,0,1,0,0.0
18407,0,0.9999998999999999,29,0,0.007571933,1980.0,1,1,0,0,4.0
18410,0,0.460310234,36,0,0.47567844299999995,3905.0,10,0,1,0,0.0
18411,1,0.9999998999999999,53,0,0.495528669,1900.0,3,2,1,0,0.0
18414,0,0.980003999,40,0,0.494438265,3595.0,6,0,2,0,0.0
18415,0,0.708571788,39,3,0.214907441,8156.0,11,0,1,1,1.0
18416,0,0.22505531,57,0,0.48949194,4900.0,23,0,0,0,3.0
18417,0,0.003964078,59,0,3.0,,4,0,0,0,0.0
18419,1,0.9999998999999999,77,0,0.006944444,2159.0,1,1,0,0,0.0
18421,0,0.9999998999999999,36,0,0.0,1538.0,0,0,0,0,1.0
18422,0,0.012103031,70,0,0.380515175,3920.0,9,0,1,0,0.0
18423,0,0.027450727,70,0,0.261165178,7500.0,7,0,2,0,0.0
18424,0,0.5921525679999999,55,0,2.601283482,3583.0,10,0,3,0,0.0
18425,0,0.07935560900000001,52,0,0.5409239029999999,5216.0,8,0,1,0,1.0
18426,0,0.0,53,0,52.0,,1,0,0,0,
18427,0,0.004461906,51,0,0.249178604,7608.0,7,0,1,0,0.0
18428,1,0.0,44,0,54.0,,2,2,0,0,0.0
18430,0,0.9999998999999999,54,0,0.17884131,3175.0,1,0,0,0,1.0
18431,0,0.587639507,38,0,0.247597078,2600.0,5,0,0,0,2.0
18432,0,0.035527292,39,0,0.251623974,8158.0,11,0,1,0,2.0
18434,0,0.6890855459999999,50,3,1988.0,,9,3,1,2,0.0
18435,0,0.0039084309999999995,33,0,0.423441833,6850.0,8,0,3,0,0.0
18437,0,0.254273375,82,0,0.37751749799999995,7000.0,19,0,1,0,0.0
18438,0,0.119982356,63,0,0.030590263,2320.0,4,0,0,0,0.0
18439,0,0.116866884,30,0,0.30642339399999996,4000.0,6,0,1,0,3.0
18440,0,0.011699415,40,0,0.394187887,6950.0,4,0,2,0,0.0
18441,0,0.987000867,35,0,0.259717622,5736.0,4,0,1,0,5.0
18442,0,0.020653689,60,0,0.10354745900000001,7300.0,9,0,1,0,1.0
18444,0,0.473249683,61,0,1882.0,0.0,16,0,1,0,0.0
18445,0,0.021141137,42,0,0.136172765,3333.0,5,0,0,0,0.0
18446,0,0.11919404,47,0,0.547484172,3000.0,6,0,2,0,0.0
18447,1,0.43327160200000003,51,0,0.271728194,12920.0,25,0,2,0,0.0
18448,0,0.013314886000000001,76,0,0.019505852,6151.0,11,0,1,0,0.0
18450,0,0.605319418,38,0,2022.0,,5,0,1,0,0.0
18451,0,1.005999478,30,0,0.28627585,5850.0,5,0,0,0,1.0
18452,1,0.98960208,48,0,0.5106382979999999,1973.0,1,1,0,1,0.0
18453,0,0.024926424,55,0,0.461690885,9083.0,12,0,3,0,0.0
18455,0,0.7254787570000001,51,0,0.403028538,5150.0,14,0,1,0,3.0
18457,0,0.9113385829999999,58,5,5569.0,,8,0,2,1,0.0
18458,0,0.0,68,0,0.013499036,4666.0,3,0,0,0,0.0
18459,1,0.817163753,53,2,5255.0,,5,0,2,1,0.0
18460,0,0.29643004,60,0,0.324535829,6516.0,13,0,1,0,1.0
18461,0,0.164030219,63,0,0.26479411,3666.0,13,0,0,0,0.0
18462,0,0.001124859,68,0,0.0,,5,0,0,0,0.0
18463,0,0.0,35,0,0.343172546,4166.0,4,0,1,0,0.0
18464,0,0.018619215,73,0,0.042461538,3249.0,22,0,0,0,0.0
18466,0,0.0,65,0,0.15526757900000002,12500.0,7,0,2,0,0.0
18467,0,0.055610571,63,0,0.008639309,12500.0,7,0,0,0,2.0
18468,0,0.257976332,62,0,0.309822747,2707.0,7,1,0,0,0.0
18469,0,0.222643588,40,0,0.050082602000000004,11500.0,4,0,1,0,2.0
18470,0,0.026678933,79,0,24.0,,4,0,0,0,0.0
18471,0,0.129923654,29,0,0.08464407300000001,6166.0,5,0,0,0,0.0
18473,0,0.111132897,59,0,0.260986547,5574.0,6,0,3,0,0.0
18474,0,0.0047141729999999995,78,0,0.258170732,8199.0,10,0,2,0,0.0
18476,0,0.9999998999999999,40,0,0.140270003,3036.0,2,0,0,0,0.0
18477,0,0.171105069,69,0,5220.0,,25,0,2,0,0.0
18478,0,0.016846855,37,0,0.309130067,13000.0,17,0,2,0,2.0
18479,0,0.100296952,52,0,1426.0,,9,0,1,0,3.0
18482,0,0.413273216,58,1,0.260951279,20750.0,21,0,1,0,0.0
18483,0,0.9999998999999999,26,98,0.0,2305.0,0,98,0,98,0.0
18484,0,0.247227728,58,1,0.34343282799999997,20000.0,18,0,3,0,2.0
18485,0,0.015479351,72,1,1343.0,0.0,9,0,1,0,0.0
18486,0,0.00017496400000000003,49,0,1047.0,,10,0,1,0,0.0
18487,0,0.17883816100000002,64,0,0.106021855,4300.0,12,0,1,0,0.0
18488,1,0.60412637,22,0,0.163047225,2900.0,4,0,0,0,3.0
18489,0,0.031224757000000002,45,0,2086.0,,12,1,1,0,1.0
18490,0,0.0,69,0,0.0,20000.0,5,0,0,0,0.0
18491,0,0.022679171,58,0,0.007186641,4730.0,3,0,0,0,0.0
18492,0,0.08923899800000001,29,1,0.9831894590000001,2200.0,6,0,1,0,0.0
18494,0,0.003720005,68,0,0.11328315900000001,10230.0,9,0,1,0,0.0
18495,0,0.21970705699999998,37,1,0.514526503,9017.0,7,0,2,0,1.0
18497,1,0.722846442,51,4,0.083195021,14459.0,5,1,0,2,0.0
18499,0,0.24165455,55,0,0.304832714,7800.0,8,0,2,0,1.0
18501,0,0.825346355,65,0,3646.0,,15,0,1,0,3.0
18504,0,0.7738452309999999,58,0,0.095431536,16000.0,11,0,1,0,1.0
18505,0,0.474339036,44,0,0.20536204800000002,9100.0,3,0,1,0,2.0
18506,0,0.023597536000000002,69,0,0.265848087,3501.0,20,0,1,0,0.0
18507,0,0.099995,60,0,1297.0,,5,0,1,0,0.0
18508,0,0.023747991,65,0,0.37090207799999997,4666.0,6,0,1,0,0.0
18509,0,0.01559844,29,0,0.001198681,3336.0,1,0,0,0,0.0
18510,0,0.177112995,45,0,0.280028531,7009.0,9,0,2,0,3.0
18511,0,0.015261541000000002,72,0,0.609884332,950.0,6,0,0,0,0.0
18512,0,0.810914681,63,0,0.7844350370000001,3070.0,13,0,2,0,1.0
18513,0,0.0506583,40,0,0.31348331100000004,6800.0,15,0,1,0,1.0
18514,0,0.04349539400000001,34,0,0.285251566,4630.0,5,0,1,0,1.0
18515,1,0.29642077,60,0,0.014440433,3600.0,4,0,0,0,0.0
18516,0,1.008181446,60,2,0.297172414,14499.0,6,1,1,0,0.0
18517,0,0.0,67,0,0.259592551,8000.0,10,0,1,0,0.0
18518,0,0.244581935,69,0,0.233468785,2706.0,17,0,0,0,0.0
18519,0,0.09206805800000001,78,0,0.21226257899999998,3000.0,16,0,1,0,1.0
18520,0,0.184473169,41,1,0.222510823,8084.0,13,0,2,0,2.0
18523,0,0.032718691,65,3,24.0,,3,0,0,0,0.0
18524,0,0.039467911,54,0,2501.0,,7,0,1,0,0.0
18525,0,0.9999998999999999,48,3,0.7103306840000001,3900.0,5,0,1,1,2.0
18527,0,0.22683896399999998,43,0,0.23456064,8500.0,12,0,1,0,0.0
18528,0,0.23667175399999998,45,0,0.8372686659999999,3133.0,2,0,1,0,0.0
18529,0,0.532991247,34,0,0.5309935610000001,7920.0,9,0,2,0,2.0
18530,0,0.359330828,73,0,1093.0,,8,0,1,0,0.0
18531,0,0.050115532000000004,66,0,307.0,,13,0,0,0,0.0
18532,0,0.030437707999999997,66,0,0.20797689100000002,9000.0,12,0,1,0,0.0
18533,0,0.48630441399999996,73,0,0.558356761,11026.0,7,0,2,0,0.0
18534,1,0.297345914,70,0,0.5427682739999999,4500.0,12,0,3,0,0.0
18536,0,0.9999998999999999,49,0,0.451419432,2500.0,4,0,0,0,0.0
18537,0,0.133449693,66,0,0.432517758,3800.0,9,0,2,0,0.0
18538,0,0.445620223,50,0,0.318379161,3454.0,8,0,2,1,0.0
18539,0,0.280571731,52,0,0.089955022,2000.0,7,0,0,0,0.0
18540,0,0.028594281000000003,64,1,4.0,,1,0,0,0,0.0
18541,0,0.002143506,55,0,1156.0,,8,0,2,0,0.0
18542,0,0.031977669,38,0,0.831435712,3600.0,6,0,1,0,0.0
18544,0,0.0,74,0,0.22102656899999998,10500.0,5,0,1,0,0.0
18545,0,0.5387890710000001,37,0,0.323773188,7600.0,5,0,1,0,0.0
18546,0,0.020378398,61,0,2647.0,,8,0,3,0,0.0
18547,0,0.019455464,95,0,10.0,,7,0,0,0,0.0
18548,0,0.012958164,24,0,1.0,,4,0,0,0,0.0
18550,0,0.814141893,62,0,0.721873215,1750.0,6,0,1,0,0.0
18551,0,0.329739459,54,0,0.194437442,11900.0,7,0,2,0,1.0
18552,0,0.096387148,34,0,0.152295633,6250.0,5,0,0,0,0.0
18553,0,0.263112984,70,0,0.142844293,11116.0,9,0,2,0,0.0
18554,0,0.044898503,85,0,40.0,,3,0,0,0,0.0
18555,0,0.348454666,62,0,0.144173583,15300.0,7,0,1,0,0.0
18557,0,0.9999998999999999,26,0,0.041187159,1650.0,1,0,0,0,1.0
18558,0,0.110497532,51,0,0.281282139,5833.0,10,0,1,0,0.0
18559,0,0.9999998999999999,66,0,0.0,,1,0,0,0,
18560,0,0.016228099,61,0,0.288884959,11308.0,10,0,1,0,1.0
18562,0,0.009810076,57,0,0.06617234,8900.0,9,0,0,0,2.0
18563,0,0.168307945,33,0,0.36835278899999996,6167.0,7,0,2,0,0.0
18565,0,0.010737895,65,0,669.0,,5,0,1,0,0.0
18566,0,0.0,74,0,0.077300098,7140.0,4,0,1,0,0.0
18567,0,0.823334845,57,0,5562.0,,11,0,1,0,2.0
18568,0,0.987956644,56,1,0.22354211699999998,8333.0,11,0,1,0,3.0
18569,0,0.012961288999999999,45,0,0.13247792,6000.0,10,0,1,0,1.0
18570,0,0.418346424,45,0,0.489114659,6200.0,7,0,2,0,2.0
18572,0,0.007791688000000001,67,1,0.154699146,5500.0,9,0,0,0,0.0
18573,0,0.08965139400000001,46,0,0.38319141100000004,2700.0,7,0,0,0,0.0
18574,0,0.038269248,52,0,1.10323089,1268.0,11,0,1,0,0.0
18575,0,0.45428830299999995,45,1,0.346328246,18083.0,22,0,8,0,3.0
18580,0,0.345367401,55,0,5.948103792,500.0,10,0,2,0,3.0
18581,0,0.162864544,46,1,0.16150601,12562.0,10,0,1,0,2.0
18582,0,0.9999722120000001,58,0,0.474335234,13500.0,7,0,2,0,2.0
18583,0,0.503855162,37,1,0.489527418,9500.0,12,0,1,0,1.0
18585,0,0.846244593,44,0,0.431350114,4369.0,6,1,1,0,3.0
18586,0,0.22913615,63,0,0.38036132899999997,7250.0,8,0,1,0,0.0
18588,0,0.052321495999999995,26,0,0.008283348000000001,3500.0,4,0,0,0,2.0
18591,0,0.728542914,22,0,0.0039984009999999995,2500.0,1,0,0,0,0.0
18592,1,0.020732642,40,0,0.462585951,7416.0,9,0,2,0,2.0
18593,0,0.014774899999999999,41,0,0.621158844,6540.0,19,0,5,0,1.0
18595,0,0.01931401,63,0,0.14947508699999998,6000.0,11,0,2,0,0.0
18596,0,0.006241164,58,0,2469.0,,5,0,2,0,0.0
18597,0,0.532140932,56,0,0.813941861,14000.0,18,0,2,0,0.0
18598,0,0.08278210700000001,68,0,0.499053519,5810.0,22,0,2,0,0.0
18600,0,0.025522594,36,0,1650.0,,4,0,1,0,1.0
18601,0,0.016924577,47,0,0.30667333199999997,4000.0,3,0,1,0,2.0
18602,1,0.889851691,38,1,0.450670876,3800.0,8,0,2,0,1.0
18603,0,0.054877227,43,0,0.39729397299999997,5690.0,8,0,1,0,1.0
18604,0,0.9999998999999999,47,0,0.005597761,2500.0,4,0,0,0,0.0
18607,0,0.0,53,0,0.37652226,5008.0,12,0,2,0,2.0
18608,0,0.39982776600000003,51,0,1.484804631,31785.0,43,0,6,0,3.0
18612,0,0.058913345,53,0,0.161003979,9800.0,13,0,2,0,3.0
18613,0,0.077326324,45,1,0.5427165829999999,8333.0,10,0,2,0,5.0
18614,0,0.000861931,72,0,2242.0,,20,0,2,0,0.0
18615,0,0.091288359,49,0,0.213543055,3750.0,14,0,1,0,2.0
18616,0,0.948600027,57,1,0.939902949,2678.0,16,0,2,0,1.0
18618,0,0.337588747,44,0,0.10260683300000001,8400.0,5,0,0,0,2.0
18620,0,0.941091695,32,0,0.08537523300000001,9100.0,6,0,0,0,0.0
18622,0,1.0228667040000001,56,3,0.356271137,6800.0,15,0,1,0,2.0
18623,0,0.0,43,0,0.469914561,5500.0,7,0,2,0,0.0
18624,0,0.8216237829999999,40,0,0.508419201,3978.0,12,0,2,0,1.0
18628,0,0.113894305,58,0,1442.0,,4,0,1,0,0.0
18631,0,0.443871455,53,0,0.52768595,7259.0,7,0,3,0,0.0
18632,1,0.646846891,57,0,1.162418791,2000.0,15,0,1,0,0.0
18633,0,1.671105193,52,3,0.513250883,4527.0,8,3,2,1,4.0
18634,0,0.034131838,57,0,1908.0,,19,0,2,0,2.0
18635,1,0.9999998999999999,37,1,0.0,3831.0,0,1,0,0,0.0
18638,0,0.0,84,0,885.0,,2,1,1,1,1.0
18639,0,0.096951524,26,0,250.0,1.0,8,0,0,0,0.0
18643,0,0.188550131,58,1,0.194543637,7000.0,8,0,1,0,2.0
18644,0,0.160312238,44,0,1.524972253,900.0,6,0,1,0,1.0
18646,0,0.128989251,57,0,2367.0,,5,0,1,0,0.0
18647,0,0.0,37,0,0.265866692,10666.0,7,0,2,0,2.0
18649,0,0.850310727,34,1,0.037211422,6583.0,11,0,0,0,0.0
18650,0,0.018342821000000002,48,0,0.492929581,7000.0,11,0,2,0,3.0
18651,0,0.102010915,45,0,0.326961107,4550.0,6,0,0,0,0.0
18652,0,0.11842873,51,0,2722.0,,18,0,2,0,2.0
18653,0,0.05084926099999999,82,1,0.00659967,6666.0,10,0,0,0,0.0
18654,0,0.082783443,49,0,1736.0,,6,0,1,0,0.0
18656,0,0.0014819929999999998,57,1,0.56916005,16750.0,27,0,9,0,1.0
18658,0,0.0,41,0,0.15152554,11667.0,18,1,1,0,0.0
18659,0,0.059057175999999996,42,0,0.123646798,7666.0,8,0,2,0,0.0
18660,0,0.11303361699999999,39,0,0.021449562999999998,26200.0,10,0,0,0,0.0
18661,0,0.046990325,58,0,0.176371308,1184.0,7,0,0,0,0.0
18662,0,0.660821412,57,0,0.615835777,3750.0,8,0,1,0,1.0
18664,0,0.45663584100000004,68,1,962.0,,3,4,1,1,0.0
18665,0,0.018540622,68,0,0.48964013100000003,916.0,5,0,0,0,0.0
18667,0,0.12579263300000001,58,0,0.8078845090000001,1800.0,13,0,1,0,1.0
18668,0,0.0,46,0,0.031474378,10166.0,10,0,1,0,1.0
18669,0,0.8082322679999999,40,0,0.143376505,4400.0,6,0,0,0,0.0
18670,0,0.147530055,53,0,6374.0,,6,0,1,0,0.0
18671,0,0.048310158,62,0,0.28323699399999996,6400.0,12,0,1,0,1.0
18672,0,0.080322443,36,0,0.063587283,5000.0,13,0,0,0,0.0
18673,0,0.9999998999999999,33,0,0.219260247,3000.0,4,0,0,0,0.0
18674,0,0.202336735,59,0,0.417524258,3400.0,11,0,1,0,0.0
18676,0,0.078084743,74,0,0.015164138999999998,6000.0,5,0,0,0,0.0
18678,0,0.0,59,0,1226.0,,8,0,1,0,0.0
18680,0,0.192961408,65,0,0.0023660639999999998,11833.0,2,2,0,0,0.0
18681,0,0.376942458,29,0,0.1805,3999.0,6,0,0,0,0.0
18682,0,0.0,43,0,14.0,,1,0,0,0,0.0
18683,0,0.028135085,63,0,0.22705686,7790.0,8,0,2,0,0.0
18684,0,0.0011745660000000002,50,0,0.438437391,8600.0,9,0,2,0,2.0
18685,0,0.415064993,28,0,0.130289903,3000.0,6,0,0,0,0.0
18686,0,0.087277576,36,0,981.0,,3,0,1,0,
18687,0,0.12162182699999999,59,0,0.49913860600000004,6384.0,11,0,2,0,1.0
18688,1,0.9999998999999999,57,0,0.0,3501.0,0,1,0,0,0.0
18689,0,0.006906979000000001,51,0,0.5629629629999999,5129.0,16,0,1,0,0.0
18692,0,0.0063597459999999995,38,0,67.0,,2,0,0,0,0.0
18693,0,0.0,56,0,0.23931187199999998,5870.0,4,0,1,0,0.0
18694,0,0.185725799,67,0,0.184110423,9200.0,6,0,1,0,1.0
18695,0,0.0,62,0,0.6649874060000001,2778.0,7,0,1,0,0.0
18696,0,0.08581263800000001,27,0,0.188603799,3000.0,13,0,0,0,0.0
18697,1,0.24145656899999998,37,1,0.808063979,3000.0,12,0,1,0,2.0
18698,0,0.0,25,0,0.0,,1,0,0,0,
18700,0,0.9999998999999999,81,0,0.0,,1,0,0,0,
18702,0,0.311084397,40,1,0.490695631,12520.0,15,0,4,0,0.0
18703,0,0.11068893099999999,67,1,0.28698224899999997,6083.0,8,0,1,0,0.0
18704,0,0.9999998999999999,21,98,0.0,,0,98,0,98,0.0
18705,0,0.427511899,41,0,0.680709817,7832.0,19,0,2,0,3.0
18706,0,0.000449978,57,0,324.0,,3,0,1,0,0.0
18708,0,0.014178631,61,0,0.0023111110000000002,11249.0,11,0,0,0,0.0
18709,0,0.0,55,0,0.0,,10,0,0,0,0.0
18711,0,0.0,58,0,0.8974017320000001,1500.0,13,0,1,0,0.0
18712,0,0.48975512200000004,42,0,0.171268657,2679.0,6,0,0,0,0.0
18714,0,0.0,42,0,0.166178245,5800.0,6,0,0,0,0.0
18715,0,0.249918752,52,0,0.297154591,6817.0,6,0,1,0,2.0
18717,0,0.9999998999999999,46,98,0.0,1879.0,0,98,0,98,1.0
18718,0,0.975347023,43,0,0.40572820000000004,8623.0,9,0,1,0,0.0
18719,0,0.0,56,0,0.23094297,7083.0,19,0,1,0,1.0
18720,0,0.122500061,42,0,0.506412605,2728.0,7,0,1,0,1.0
18721,0,0.49309701200000006,62,0,15423.0,,25,0,4,0,2.0
18722,0,0.834241204,49,0,0.396241503,2500.0,7,0,0,0,0.0
18724,0,0.600026665,47,0,0.26428408800000003,4392.0,5,0,1,0,1.0
18725,0,0.27320932,64,1,3379.0,,21,0,0,0,0.0
18726,0,0.025216246,68,0,0.136449659,5283.0,9,0,1,0,0.0
18727,0,0.21336009,55,0,0.331926239,4500.0,11,0,1,0,0.0
18728,0,0.166863136,38,1,0.38307747200000003,2800.0,9,0,1,0,1.0
18731,0,0.051401705,55,0,0.394967956,4212.0,12,0,2,0,0.0
18732,0,1.203728362,71,0,0.09408826,1200.0,3,0,0,1,0.0
18739,0,0.152856928,62,0,6499.0,,7,0,2,0,0.0
18741,0,0.054900765,80,0,0.16281859099999998,3334.0,8,0,1,0,0.0
18743,1,1.007054439,50,3,0.141472281,3300.0,4,0,0,2,3.0
18744,0,0.703113818,45,0,0.761873021,6000.0,14,0,1,0,2.0
18745,0,0.017332756,65,0,0.393842463,2500.0,4,0,2,0,0.0
18746,0,0.669067117,51,0,0.17486535,2784.0,3,0,0,0,0.0
18747,0,0.47531452799999996,47,1,0.039124022,40000.0,14,1,0,0,2.0
18749,0,0.0,86,0,0.0,,4,0,0,0,0.0
18750,0,0.008902258,39,0,834.0,,11,0,0,0,0.0
18751,1,0.025491162999999997,41,0,0.16765286,1520.0,7,0,0,0,0.0
18753,0,0.039782709,41,0,0.294771145,6750.0,5,0,2,0,3.0
18754,0,0.597012228,42,0,0.40235951600000003,3220.0,7,0,1,0,1.0
18755,0,0.733323385,35,0,0.405045217,2100.0,9,0,0,0,0.0
18756,1,0.066886412,39,1,0.191606163,5646.0,7,0,1,0,3.0
18757,0,0.423751575,54,0,0.440876754,5200.0,7,0,1,0,0.0
18758,0,0.133573285,82,0,20.0,,1,0,0,0,0.0
18760,0,0.028328612000000003,44,0,0.37961677299999996,3600.0,7,0,1,0,1.0
18761,0,0.031564062000000004,39,0,0.352451048,7200.0,11,0,1,0,2.0
18762,0,0.8314917820000001,45,0,0.964484175,4138.0,15,0,1,0,1.0
18763,0,0.102219194,60,0,0.161940864,6594.0,9,0,1,0,1.0
18764,0,0.8783103259999999,63,0,0.772417628,7192.0,15,0,1,0,1.0
18766,0,0.0,46,0,6220.0,,7,0,2,0,0.0
18767,0,0.010016779,62,0,0.31880046100000003,8669.0,15,0,2,0,0.0
18768,0,0.011029111000000001,65,0,0.38340414899999997,4000.0,11,0,2,0,0.0
18769,0,0.135421434,63,0,0.5477313970000001,11019.0,16,0,8,0,0.0
18770,0,0.020621178,58,0,0.471264368,8003.0,9,0,3,0,1.0
18771,0,0.9428160740000001,41,0,511.0,1.0,7,0,0,1,1.0
18772,0,0.833917785,81,0,0.6431305829999999,4701.0,19,0,1,0,0.0
18773,0,0.0,64,0,0.318380213,4123.0,9,0,1,0,1.0
18774,0,0.0428873,71,0,0.008497876,4000.0,6,0,0,0,0.0
18776,0,0.333236115,48,0,2369.0,,7,0,3,0,0.0
18777,1,0.304384671,59,1,0.360048744,10667.0,19,0,2,0,0.0
18779,0,0.595977078,64,0,0.5033670029999999,2375.0,8,0,1,0,1.0
18781,0,0.11761146900000001,72,0,0.34184118700000005,4583.0,7,0,0,0,0.0
18782,0,0.9999998999999999,64,0,0.061686474000000005,5300.0,2,0,0,0,1.0
18783,0,0.41189841200000005,54,0,0.40746963,7737.0,26,0,3,0,1.0
18784,0,0.257338186,39,0,0.054235661,4166.0,3,1,0,0,0.0
18785,0,0.9999998999999999,46,1,2048.0,,5,0,2,1,1.0
18786,0,0.031912349,42,0,0.48438305299999995,9700.0,12,0,2,0,1.0
18788,0,0.9319378709999999,36,0,0.810979061,5300.0,6,0,1,0,3.0
18793,0,0.022219292,64,0,0.492802303,2083.0,8,0,1,0,0.0
18794,0,0.413256051,59,1,0.40646783200000003,8750.0,9,0,2,0,1.0
18797,0,0.273518162,80,0,0.284309021,4167.0,14,0,1,0,0.0
18798,0,0.021019588999999998,66,0,0.011743681,3916.0,6,0,0,0,0.0
18799,0,0.9999998999999999,44,0,0.0,1.0,0,0,0,0,2.0
18800,0,0.018148921000000002,66,0,0.033886188,6993.0,11,0,0,0,1.0
18803,0,0.9482688859999999,44,3,0.563185158,8300.0,9,0,2,0,3.0
18804,0,0.376348001,46,0,1082.0,,6,0,0,0,1.0
18805,0,0.008542159,62,0,0.241903934,4600.0,5,0,1,0,0.0
18806,0,0.0,51,0,0.188756225,16666.0,9,0,1,0,1.0
18807,0,0.07939603,61,0,5281.0,,9,0,4,0,0.0
18810,0,0.011793396000000001,45,0,0.329771319,4678.0,11,0,1,0,2.0
18812,0,0.076262284,57,0,0.564410169,3500.0,8,0,2,0,0.0
18814,0,0.148625728,38,1,0.404269693,7400.0,9,0,2,0,3.0
18815,0,0.42128842299999997,55,0,0.520831019,9000.0,21,0,1,0,1.0
18818,0,0.086422839,39,0,1619.0,0.0,6,0,1,0,2.0
18821,0,0.008012131,50,1,0.6289142520000001,6833.0,11,0,2,0,2.0
18823,0,0.9999998999999999,84,0,0.0,,3,0,0,0,0.0
18824,1,0.385843489,51,0,0.17040888699999998,4230.0,9,0,1,0,0.0
18825,0,0.078884387,44,0,0.23122482800000002,4220.0,5,0,1,0,3.0
18828,0,0.9999998999999999,62,0,2292.0,,6,0,1,1,0.0
18829,0,0.846558832,45,0,0.727705113,5045.0,11,0,1,0,1.0
18830,0,0.001794359,55,0,2.0,,5,0,0,0,0.0
18831,0,0.9505127440000001,34,0,0.327597917,4416.0,10,0,0,0,0.0
18833,0,0.06828812,70,0,2019.0,,7,0,1,0,
18835,0,0.097183146,49,0,0.24961353100000003,10996.0,8,0,2,0,2.0
18836,0,0.279498405,36,0,0.15403323900000002,4933.0,14,0,0,0,0.0
18837,0,0.012838546000000001,81,0,0.001393728,10044.0,5,0,0,0,0.0
18838,0,0.103438636,75,0,0.306303804,3600.0,4,0,1,0,1.0
18839,0,0.038300351,61,0,3732.0,,14,0,3,1,0.0
18840,0,0.472297911,42,0,0.108730584,3733.0,5,0,0,0,0.0
18841,0,0.162101134,65,0,0.043440857,131350.0,17,0,1,0,1.0
18843,0,0.0,32,0,0.673864895,5417.0,8,0,3,0,1.0
18844,0,0.057420303,62,0,0.006761261,10500.0,8,0,0,0,0.0
18846,0,0.0,62,0,0.22689340300000002,6350.0,4,0,2,0,0.0
18848,0,0.022322872999999997,56,0,0.186428715,9917.0,5,0,1,0,0.0
18849,0,0.16287042699999998,59,0,0.269900658,7750.0,20,0,1,0,0.0
18850,0,0.087560275,29,0,0.17320669800000002,4000.0,7,0,0,0,1.0
18852,0,0.21048830600000001,58,0,1507.0,,3,0,1,0,0.0
18853,0,0.032950069,56,1,0.308322752,8662.0,13,1,2,0,0.0
18854,0,0.002439507,68,0,0.25209983199999997,8333.0,9,0,1,0,0.0
18857,0,0.17714252100000002,77,0,0.294988315,3850.0,16,0,1,0,0.0
18858,0,0.692635883,43,1,0.462676346,7300.0,9,0,1,0,0.0
18860,0,0.093154277,62,0,0.17062635,4166.0,5,0,0,0,1.0
18861,0,0.069358913,49,0,0.2306194,7700.0,18,0,2,0,3.0
18862,0,0.006105286999999999,70,0,4.0,,6,0,0,0,0.0
18863,0,0.084053879,48,0,0.173443541,7500.0,3,0,1,0,0.0
18865,0,0.9999998999999999,29,0,0.0011104939999999998,1800.0,1,0,0,0,0.0
18866,0,0.225731189,36,0,0.631911311,7125.0,8,0,1,0,0.0
18868,0,0.35318298,56,0,0.529694061,5000.0,5,0,1,0,0.0
18869,0,0.250852585,75,0,0.204718048,6188.0,14,0,0,0,1.0
18870,0,0.640975449,50,0,0.3856024,6000.0,7,0,1,0,0.0
18873,0,0.675985105,66,1,0.9011373579999999,8000.0,17,0,3,1,0.0
18874,0,0.183496942,72,0,2447.0,,13,0,1,0,0.0
18875,0,0.23037881100000002,35,0,0.399952387,8400.0,7,0,2,0,3.0
18877,0,0.780207326,48,2,0.5209277529999999,3750.0,9,0,1,0,1.0
18879,0,0.16426722900000001,52,1,0.34296570299999996,10000.0,45,0,1,0,1.0
18880,0,0.220138993,72,0,1511.0,,10,0,1,0,0.0
18881,0,0.020363266,73,0,0.013748281000000001,8000.0,2,0,0,0,0.0
18883,0,0.303422692,47,0,0.492972232,5833.0,26,0,1,0,0.0
18885,0,0.301762042,70,1,2335.0,,10,0,1,0,0.0
18886,0,0.044308469,65,0,0.146406496,8250.0,6,0,1,0,0.0
18887,0,0.105946051,64,0,0.155221339,3523.0,4,0,1,0,0.0
18888,0,0.035990043,51,0,1253.0,,7,0,1,0,0.0
18890,1,0.9999998999999999,46,2,0.119628135,5700.0,2,1,0,0,0.0
18891,0,0.354010245,60,0,0.403208265,3677.0,4,0,2,0,0.0
18892,0,1.9960872969999999,34,0,0.41326652399999997,8381.0,8,0,1,0,1.0
18895,0,0.0,78,0,0.0,8516.0,8,0,0,0,1.0
18897,0,0.758019358,29,2,1333.0,,6,0,0,0,
18900,0,0.005887142,54,1,19.75124378,200.0,7,0,2,0,0.0
18901,0,0.42453272799999997,43,0,0.222548608,7148.0,6,0,2,0,3.0
18902,0,0.535453553,47,0,0.299685016,20000.0,14,0,1,0,1.0
18903,0,0.9920039979999999,47,0,744.0,,4,0,0,0,0.0
18905,0,0.583340569,43,0,0.273552587,5837.0,8,0,2,0,0.0
18906,0,0.08180823400000001,49,0,2139.0,,4,0,1,0,0.0
18907,0,0.297161231,57,0,484.0,,4,0,0,0,0.0
18908,0,0.013258276999999999,93,0,5.0,,2,0,0,0,0.0
18909,0,0.5211224179999999,32,0,0.212553231,5400.0,5,0,1,0,0.0
18911,0,0.569675484,55,0,0.458657356,6300.0,13,0,2,0,1.0
18912,0,0.7527798090000001,45,0,0.27857266,5800.0,6,0,0,0,0.0
18914,1,0.9999998999999999,44,0,0.0,5216.0,1,7,0,0,0.0
18915,0,0.9999998999999999,48,0,216.0,,2,0,0,0,
18916,0,0.026417428,68,0,0.117492788,7625.0,11,0,0,0,1.0
18918,0,0.003194389,65,0,1302.0,,5,0,1,0,0.0
18919,0,0.523443226,40,0,0.312952477,13950.0,8,0,3,0,2.0
18920,0,1303.0,52,0,1179.0,,3,0,1,0,0.0
18921,0,0.049998975,58,0,2055.0,,12,0,1,0,0.0
18922,1,0.9999998999999999,56,1,0.07801182,78000.0,6,1,1,0,3.0
18928,0,0.078006304,44,0,0.267425586,10716.0,15,0,1,0,2.0
18930,0,0.606824603,41,0,0.339461808,5982.0,9,0,0,0,3.0
18933,0,0.091922521,64,0,0.011560694,6400.0,3,0,0,0,0.0
18934,0,0.0,49,0,0.278944211,1666.0,5,0,0,0,0.0
18935,0,0.010642477,65,1,2527.0,,5,0,2,0,0.0
18937,0,0.995218431,38,0,0.203378145,2900.0,8,0,0,0,0.0
18938,0,0.33734990200000003,53,0,0.46666666700000003,2264.0,17,0,0,0,1.0
18939,0,0.273090906,70,0,0.10457442,8787.0,9,0,0,0,0.0
18940,0,0.80860233,44,0,0.8422336020000001,4100.0,10,0,1,0,0.0
18941,1,0.306126593,47,2,1220.0,,10,0,1,1,0.0
18943,0,0.9999998999999999,30,1,0.06695464400000001,4166.0,6,1,0,0,1.0
18944,0,0.9999998999999999,56,0,0.008181074,3666.0,0,0,0,0,2.0
18945,0,0.179050973,52,0,0.09818388199999999,1761.0,4,0,0,0,2.0
18946,0,0.25244973800000003,63,0,3161.0,,14,0,2,0,1.0
18948,0,0.025239867000000003,87,0,0.521095781,5000.0,7,0,2,0,0.0
18949,0,0.7745718070000001,69,0,0.591346966,17750.0,23,0,2,0,1.0
18950,0,0.281777077,71,0,0.43405659399999996,10000.0,9,0,2,0,1.0
18952,0,0.018662342,67,0,746.0,0.0,8,0,1,0,0.0
18954,0,0.9999998999999999,38,0,0.054717324000000005,5500.0,1,0,0,0,2.0
18955,0,0.080334074,42,1,2315.0,,12,0,1,0,0.0
18956,0,0.17649847800000001,78,1,0.5620729879999999,6000.0,16,0,1,0,2.0
18957,0,0.9999998999999999,27,0,0.003271538,1833.0,0,0,0,0,0.0
18959,0,0.266738082,38,0,0.009586817,57891.0,6,0,0,0,1.0
18960,0,0.528726396,31,0,355.0,,3,0,0,0,0.0
18961,0,0.089002607,55,0,0.072164138,12720.0,12,0,0,0,0.0
18963,0,0.02999059,78,0,0.42549575100000003,1764.0,8,0,1,1,0.0
18964,0,0.07034343900000001,49,0,0.595286996,9250.0,15,0,2,0,2.0
18965,0,0.090014513,60,0,0.504873782,4000.0,11,0,2,0,2.0
18968,0,0.107846107,33,0,0.44151251399999997,3675.0,6,0,1,0,0.0
18969,0,0.008524106,62,0,0.670739836,4500.0,8,0,1,0,1.0
18970,0,0.0,50,0,0.0,3400.0,3,0,0,0,0.0
18971,0,0.23428713899999998,58,1,0.348395109,10467.0,15,0,2,1,2.0
18972,0,0.018396321,31,0,0.058045792,3100.0,6,0,0,1,0.0
18975,0,0.596403596,35,1,0.204999302,7160.0,6,0,0,1,3.0
18977,0,0.157937409,44,0,0.568287808,1500.0,6,0,1,0,0.0
18978,0,0.0,33,0,0.289737869,3585.0,9,0,2,0,2.0
18979,0,0.031390135,39,0,0.172598193,5422.0,3,0,1,0,2.0
18980,0,0.0,41,0,2269.0,,6,0,2,0,3.0
18981,0,0.0,50,0,0.291784303,7083.0,4,0,1,0,0.0
18982,0,0.5143864229999999,48,0,1.7209985319999999,4085.0,17,0,4,0,0.0
18983,0,0.064764508,70,0,563.0,,7,0,0,0,0.0
18985,0,0.747027239,52,2,0.628046494,8000.0,9,0,3,0,2.0
18987,0,0.010036715,65,0,3795.0,,10,0,2,0,0.0
18988,0,0.598990357,41,0,0.193920335,8585.0,7,0,0,0,3.0
18989,0,0.661935685,54,0,1.048671402,3800.0,15,0,1,0,0.0
18990,0,0.031358746,43,0,0.0026279709999999998,8751.0,1,0,0,0,3.0
18992,0,0.111396287,70,0,0.331708536,8000.0,4,0,1,0,0.0
18993,1,0.9601593629999999,49,1,0.16345036,4300.0,4,1,0,1,0.0
18996,0,0.01056228,54,0,0.39584166299999995,2500.0,6,0,1,0,0.0
18998,0,0.04222955,35,0,0.310114238,7177.0,3,0,2,0,0.0
19000,0,0.031346708,54,0,0.270152052,4800.0,8,0,1,0,2.0
19003,0,0.023126735,50,0,90.0,0.0,19,0,0,0,4.0
19004,0,0.9999998999999999,79,0,0.123889876,2251.0,2,0,0,0,1.0
19005,0,0.210827025,52,0,2402.0,0.0,4,0,1,0,3.0
19007,0,0.08493347,46,1,0.596714579,4869.0,18,0,1,0,3.0
19012,0,0.457396046,41,0,0.720155469,1800.0,5,0,1,0,0.0
19013,0,0.0013437079999999999,41,0,0.36935391700000003,1748.0,3,0,1,0,2.0
19014,0,0.029476016,91,1,0.015007215,3464.0,7,0,0,0,0.0
19015,0,0.700245335,34,0,0.46597248,2688.0,8,0,0,0,3.0
19018,0,0.080922544,32,0,0.019430436000000002,6741.0,8,0,0,0,0.0
19019,0,0.009980505,55,0,0.19387216100000002,13250.0,11,0,2,0,2.0
19022,0,0.37986887799999997,38,0,4.729016787,833.0,7,0,2,0,2.0
19023,0,0.0,36,1,0.508093995,5744.0,7,0,1,0,3.0
19024,0,0.08670688,60,1,0.074301146,13700.0,11,0,0,0,0.0
19025,1,0.239849079,41,1,0.860609293,15000.0,23,0,12,0,3.0
19026,0,0.237580423,75,0,0.18057437,7381.0,6,0,0,0,1.0
19027,0,0.9814318870000001,46,0,0.509847807,2233.0,6,0,0,0,0.0
19029,1,0.45052369700000006,50,0,0.23029229399999998,5644.0,17,0,0,0,0.0
19030,0,0.16325753699999998,45,0,2517.0,,13,0,2,0,0.0
19031,0,0.020327200000000004,79,0,0.134484325,2200.0,20,0,0,0,0.0
19032,0,0.06998294299999999,40,0,0.428685684,3750.0,6,0,1,0,2.0
19034,0,0.013565296000000001,61,1,1236.0,,7,0,1,0,0.0
19037,1,0.6777408640000001,35,1,0.17907131699999998,4500.0,6,2,0,1,3.0
19039,1,0.311568843,40,3,0.740103958,2500.0,4,0,1,0,4.0
19040,0,0.017585117,64,0,1115.0,,11,0,1,0,0.0
19042,0,0.813134673,62,0,0.574589088,16000.0,20,0,3,0,1.0
19043,0,0.04793358,45,0,0.251716552,15000.0,6,0,1,0,3.0
19045,0,0.940962761,59,2,0.92451887,4000.0,7,0,2,1,0.0
19046,0,0.0,53,2,462.0,,5,0,0,0,0.0
19047,0,0.049315276,53,0,1.044962531,1200.0,7,0,1,0,0.0
19048,0,0.01529284,65,0,25.0,,3,0,0,0,0.0
19049,0,0.14621243,36,1,0.649524299,11666.0,13,0,2,0,0.0
19050,0,0.033397704,89,0,0.010471204,6111.0,8,0,0,0,0.0
19051,0,0.05592603,77,0,0.055328064,10500.0,16,0,1,0,0.0
19052,0,0.7920138659999999,34,0,0.176364727,5000.0,10,0,0,0,0.0
19053,0,0.47588765200000005,50,2,1580.0,,16,0,0,0,
19055,0,0.9999998999999999,22,0,375.0,,0,0,0,0,0.0
19056,0,0.674397147,46,4,0.47781818200000004,6874.0,16,0,3,1,0.0
19057,0,0.218273242,48,0,0.16558336,6153.0,6,0,0,0,2.0
19058,0,0.010581412,57,0,0.233114447,10659.0,15,0,2,0,0.0
19060,0,0.0,43,0,0.671774045,5416.0,6,0,3,0,2.0
19061,0,0.9999998999999999,53,0,0.10279786199999999,3180.0,1,1,0,0,0.0
19062,0,0.021639107999999997,79,0,0.636921125,4728.0,17,0,1,0,0.0
19063,0,0.232562744,26,0,140.0,0.0,3,0,0,0,0.0
19064,0,0.06319562299999999,72,0,0.002298322,4350.0,2,0,0,0,0.0
19066,0,0.0,35,0,1.8383909669999998,1416.0,7,0,1,0,0.0
19068,0,0.839737582,33,0,1439.0,,4,0,1,0,0.0
19069,0,0.870782304,37,1,1000.0,,4,1,0,1,0.0
19070,1,0.9999998999999999,48,1,0.09681423300000001,7250.0,2,3,0,0,2.0
19072,0,0.850011904,41,0,0.26697892300000003,8966.0,5,0,2,0,2.0
19073,1,1.1856287429999999,33,2,0.11108362199999999,4041.0,3,0,0,1,0.0
19074,0,0.841513207,66,1,0.21361530199999998,8416.0,5,0,1,0,0.0
19075,0,0.055702220999999996,70,0,0.013383792,10833.0,13,0,0,0,1.0
19076,0,0.9152542370000001,44,0,0.100289886,37600.0,3,0,1,0,0.0
19077,0,0.0,33,0,0.17156286699999998,850.0,2,0,0,0,1.0
19080,0,0.012553653,61,0,0.020518359,8333.0,4,0,0,1,0.0
19082,0,0.551054225,46,0,0.425905598,5465.0,5,0,2,0,3.0
19086,0,0.0,47,0,0.16027623900000001,13900.0,6,0,1,0,2.0
19087,1,0.487072601,50,2,0.39225237799999996,4310.0,14,0,0,0,0.0
19088,0,0.050716341,44,0,0.24166396899999998,6177.0,14,0,1,0,0.0
19089,0,0.765217881,38,0,0.30525193300000003,3750.0,6,0,0,0,0.0
19090,0,0.013758899,72,0,6.0,0.0,3,0,0,0,0.0
19091,0,0.20536706300000002,69,0,107.0,,10,0,0,0,0.0
19093,0,0.79198391,51,0,0.15260274,3649.0,7,0,0,0,2.0
19094,0,0.30906620100000004,27,0,0.257673091,1400.0,11,0,0,0,0.0
19095,0,0.6523126,54,0,2136.0,,6,0,1,0,1.0
19096,0,0.446856067,35,3,0.45849546,3083.0,7,0,1,0,1.0
19097,0,0.012354273999999998,46,0,0.17115539,13700.0,14,0,2,0,3.0
19098,0,0.30223488800000003,34,0,0.110677864,3333.0,3,0,0,0,0.0
19104,0,0.264003953,46,0,1.045888233,2200.0,9,0,2,0,1.0
19105,0,0.569308424,44,0,0.6904199240000001,5500.0,13,0,2,0,0.0
19106,0,0.058903437999999995,47,0,748.0,,7,0,0,0,1.0
19107,0,0.9999998999999999,62,0,12847.0,,10,0,8,0,0.0
19108,0,0.081359372,72,0,98.0,0.0,3,0,0,0,0.0
19109,0,0.006070296,46,0,0.13376953800000002,2750.0,4,0,0,0,1.0
19112,0,0.0,53,0,0.10480665,8300.0,13,0,0,0,0.0
19116,0,0.446323464,65,0,0.8079369890000001,3300.0,11,0,1,0,0.0
19118,0,0.012225953999999999,64,0,1996.0,,10,0,1,0,0.0
19121,0,0.090381924,45,0,0.351471181,2480.0,4,0,1,0,0.0
19122,0,0.403553215,69,0,2996.0,,3,0,2,0,0.0
19123,0,0.6394309539999999,49,0,0.933732302,6850.0,19,0,3,0,3.0
19124,0,0.035994858,96,0,0.0048611109999999996,1439.0,3,0,0,0,0.0
19125,0,0.9999998999999999,68,0,1.199143469,1400.0,6,0,1,0,0.0
19126,1,0.38579048200000005,52,0,0.7497116490000001,2600.0,11,0,1,0,1.0
19128,0,0.248583805,32,0,0.030179596,5400.0,9,0,0,0,1.0
19130,1,0.016353693,73,0,0.020395921,3333.0,8,0,0,0,0.0
19134,0,0.023433747,70,0,0.20908927600000002,5566.0,15,0,1,0,1.0
19135,0,0.025060934,83,0,546.0,,3,0,0,0,0.0
19136,0,0.141559527,42,0,0.275835545,26000.0,13,0,2,0,1.0
19137,0,0.289542902,61,0,0.507123219,4000.0,10,0,2,0,0.0
19141,0,0.210299106,63,0,2805.0,,7,0,2,0,0.0
19142,0,0.895017497,40,0,0.9154639179999999,2424.0,5,0,2,0,3.0
19144,0,0.0,47,0,0.550827423,4652.0,10,0,2,0,1.0
19146,0,0.0,58,0,3067.0,,6,0,1,0,
19147,0,0.9920159679999999,47,0,1831.0,,5,0,1,0,0.0
19148,0,0.146717457,64,0,0.534586166,2500.0,5,0,1,0,0.0
19150,0,0.040160642999999996,42,0,0.118315407,6600.0,9,0,0,0,2.0
19152,0,0.030593881,53,0,0.780487805,2500.0,9,0,2,0,0.0
19153,0,0.006281091,44,0,0.063064795,5200.0,3,0,0,0,3.0
19155,1,0.346678438,30,0,0.638969118,4500.0,17,0,0,0,0.0
19156,0,0.317094337,44,0,1.049382716,1700.0,9,0,2,0,0.0
19157,0,0.015804838999999998,56,0,1886.0,,7,1,1,0,0.0
19158,0,0.865377706,61,0,1.333410245,4333.0,11,0,1,0,0.0
19159,0,0.080997868,57,0,0.190436242,3575.0,5,0,1,0,0.0
19161,0,0.22531067300000002,51,0,2639.0,,12,0,1,0,3.0
19162,0,0.0,50,0,1203.0,,6,0,1,0,0.0
19163,0,0.12281620900000001,50,1,0.044006372,5021.0,5,0,0,0,1.0
19166,0,0.0,93,0,0.0,3453.0,4,0,0,0,0.0
19167,0,0.0,50,0,0.287645766,17750.0,16,0,2,0,3.0
19168,0,0.9785931940000001,49,0,0.7069034479999999,12500.0,19,0,3,0,3.0
19169,0,0.37019149,27,1,0.16563906,6000.0,7,0,0,0,2.0
19172,1,0.9999998999999999,24,0,0.0,,0,1,0,0,0.0
19173,0,0.474762019,51,0,3006.0,0.0,10,0,2,0,2.0
19175,0,0.026696031000000002,31,0,2.282660333,420.0,9,0,1,0,0.0
19177,0,0.063273528,44,0,0.244764032,7161.0,8,0,1,0,2.0
19178,0,0.09001141800000001,54,0,0.252186457,11090.0,13,0,1,0,2.0
19179,1,0.9999998999999999,21,98,0.0,1400.0,0,98,0,98,0.0
19180,0,0.026570982000000003,70,0,0.086598676,5588.0,16,0,1,0,0.0
19182,0,0.097259242,42,1,0.037667946,4167.0,5,0,0,0,2.0
19184,0,0.024878574,48,0,0.21085531300000002,6558.0,7,0,2,0,2.0
19185,1,0.854291417,80,0,0.33155792300000003,750.0,3,0,0,0,0.0
19187,0,0.13211964699999998,50,0,0.341513292,4400.0,5,0,1,0,0.0
19189,0,0.147013783,74,0,0.12924802400000002,14800.0,13,0,2,0,0.0
19190,0,0.046473977,53,0,0.175928115,4228.0,5,0,1,0,0.0
19192,0,0.054126768,56,0,0.16399159,19500.0,14,0,2,0,4.0
19193,1,0.9999998999999999,26,1,0.037495312999999995,2666.0,2,2,0,0,2.0
19195,0,0.516139885,52,0,0.24798567600000002,3350.0,6,0,0,0,2.0
19196,0,0.05463781400000001,54,0,0.452708165,4947.0,10,0,1,0,0.0
19200,0,0.063204023,60,1,0.264371034,10715.0,3,0,1,0,1.0
19201,0,0.025878965,46,0,0.01416943,3316.0,5,0,0,0,1.0
19202,0,0.082365765,58,0,0.201919232,2500.0,8,0,0,0,2.0
19204,0,0.074783877,61,0,0.018175208999999998,2750.0,7,0,0,0,0.0
19205,0,0.036528882,48,0,0.17708931,10457.0,8,0,1,0,3.0
19206,0,1.15048119,39,1,0.361325336,3500.0,8,0,0,0,0.0
19207,0,0.049374142999999995,58,0,0.149223883,10500.0,10,0,1,0,0.0
19208,0,0.073959938,57,1,0.069243906,6440.0,11,0,0,0,0.0
19209,0,0.05305262400000001,49,0,1.300559552,1250.0,11,0,1,0,0.0
19210,0,0.014013838,55,2,0.224134933,5750.0,10,0,1,0,0.0
19211,0,0.213493321,47,0,0.027088036,3100.0,4,0,0,0,1.0
19214,0,0.247877247,54,0,0.27046827,10100.0,6,0,2,0,0.0
19215,0,0.0,55,0,0.35235318600000004,2400.0,4,0,0,0,1.0
19216,0,0.19574434,51,0,0.652882206,9575.0,12,0,4,0,0.0
19217,0,0.08661212800000001,76,0,19.0,0.0,5,0,0,0,2.0
19218,0,0.050352647,53,0,0.400977995,3680.0,9,0,2,0,1.0
19219,0,0.046919193,68,0,0.11329588,6407.0,7,0,0,0,0.0
19221,1,0.012688913000000001,65,1,5286.0,,14,0,3,0,0.0
19223,0,0.040855331,54,0,0.014379583,10500.0,19,0,0,0,0.0
19224,0,0.013014227,66,0,0.098414512,7000.0,6,0,1,0,1.0
19227,0,0.038824932,50,0,0.46538389,5300.0,7,0,2,0,2.0
19229,1,0.80058508,29,2,0.059542795999999995,1880.0,4,1,0,2,0.0
19230,0,0.9999998999999999,34,0,853.0,,3,0,1,0,2.0
19232,1,0.9999998999999999,28,0,0.18166238199999998,2333.0,3,3,0,0,0.0
19234,1,0.926592402,37,0,1.200587803,1360.0,5,0,0,0,2.0
19235,0,0.9999998999999999,54,0,1.434182338,4200.0,8,0,3,0,0.0
19236,0,0.10942183,53,0,0.026198934,2251.0,4,0,0,0,2.0
19237,0,0.769261537,54,0,0.324779949,13405.0,7,0,1,0,1.0
19238,0,0.350499616,25,0,0.198720512,2500.0,4,0,0,1,1.0
19239,0,0.1128547,35,0,0.46166842700000005,4734.0,9,0,2,0,3.0
19241,0,0.020540621999999998,37,0,0.008725686,5500.0,4,0,0,0,3.0
19244,0,0.0002303,57,0,49.0,,7,0,0,0,
19246,0,0.9576737209999999,62,0,0.237168378,7500.0,6,0,1,0,2.0
19247,0,0.011543948,81,0,0.139346277,8137.0,14,0,1,0,0.0
19248,0,0.9999998999999999,51,0,0.18327495,13416.0,3,0,1,0,0.0
19250,0,0.001223146,37,0,0.00104712,8594.0,13,0,0,0,0.0
19251,0,0.39740158600000003,30,0,0.41705717,3200.0,10,0,2,0,0.0
19252,1,0.9999998999999999,39,0,0.003951211,5820.0,0,1,0,0,3.0
19253,0,0.0,53,0,0.53714538,9058.0,9,0,2,0,1.0
19254,0,0.129838863,71,0,0.34362095200000004,4600.0,12,0,0,0,2.0
19255,0,0.598461209,49,1,0.383931704,8550.0,14,1,2,0,0.0
19256,0,0.29333424199999997,37,0,0.329185646,9000.0,6,0,2,0,0.0
19259,0,0.049701002,29,0,1.151061174,800.0,6,0,1,0,0.0
19261,0,0.9999998999999999,47,0,0.0,,1,0,0,0,0.0
19263,0,0.030140827999999998,75,0,0.141714793,2250.0,18,0,0,0,0.0
19264,0,0.021138302,78,0,0.176583493,2083.0,11,0,0,0,0.0
19265,0,0.0,68,2,1101.0,,6,0,1,0,0.0
19268,0,0.009485579000000001,73,0,0.534493101,5000.0,9,0,2,0,0.0
19270,0,0.042183622999999996,43,0,0.257597847,8916.0,7,0,2,0,3.0
19271,0,0.966292135,43,0,0.66764778,4076.0,4,0,1,0,3.0
19274,0,0.703571857,34,0,1.157667387,4166.0,5,0,2,0,2.0
19276,0,0.180254685,57,0,0.360218638,7500.0,16,0,2,0,1.0
19277,0,0.6156636129999999,61,0,1.179663938,2320.0,16,0,1,0,0.0
19278,0,0.0,61,1,0.552674809,14000.0,11,0,2,0,0.0
19279,1,0.19137180399999998,45,0,1.479320679,5004.0,18,0,2,0,1.0
19281,0,0.001469362,66,0,1934.0,,7,0,1,0,0.0
19282,0,0.12446026800000001,80,0,790.0,,3,0,1,0,
19283,1,0.9999998999999999,56,1,0.42956852799999995,1575.0,1,0,1,0,0.0
19286,0,0.9999998999999999,44,0,0.0,,1,0,0,0,0.0
19287,0,0.08680124800000001,67,0,0.166277907,3000.0,7,0,0,0,1.0
19288,0,0.647697643,60,0,0.229250819,13120.0,8,0,2,0,0.0
19289,0,0.022366805,37,0,0.051206037,7420.0,8,0,0,0,1.0
19290,0,0.259485681,67,1,2741.0,0.0,12,0,0,0,0.0
19293,0,0.7549303540000001,51,0,0.133011207,14900.0,8,0,2,0,1.0
19294,0,0.0,58,0,0.114414414,1109.0,5,0,0,0,0.0
19296,0,0.29937646,39,0,0.179827175,6711.0,7,0,0,0,0.0
19297,0,0.34220569100000003,62,0,0.332956792,3540.0,7,0,1,0,2.0
19298,0,0.292353823,25,0,0.00531084,3200.0,2,0,0,0,0.0
19299,0,0.8312298029999999,48,2,0.521291075,5142.0,10,0,2,0,0.0
19300,0,0.243401968,55,1,1555.0,,9,0,1,0,1.0
19302,0,0.021769526,69,0,0.010163749,3541.0,4,0,0,0,1.0
19303,0,1.003998857,35,0,364.0,,2,2,0,1,0.0
19306,0,0.8713663309999999,44,0,549.0,0.0,6,0,0,0,0.0
19307,0,0.136166917,33,0,0.260869565,6600.0,11,0,1,0,0.0
19310,0,0.091543054,76,0,0.105509466,4700.0,9,0,1,0,0.0
19311,0,0.878033077,46,0,0.743815656,2950.0,8,0,0,0,0.0
19314,0,0.899442937,44,1,3109.0,,9,0,3,0,3.0
19315,0,0.086694575,42,0,0.18732201199999998,9480.0,7,0,1,0,2.0
19316,0,0.930902303,52,0,0.614102789,5700.0,9,0,2,0,1.0
19317,0,0.525894079,46,1,0.128926702,4583.0,13,0,0,1,2.0
19319,0,0.576481283,43,0,0.43171219200000005,1500.0,7,0,0,0,0.0
19320,0,0.9999998999999999,58,0,150.0,,1,0,0,0,0.0
19321,0,0.954595085,64,0,7498.0,,9,0,2,0,0.0
19322,0,0.008633936,37,0,0.002221729,4500.0,3,0,0,0,0.0
19324,0,0.134552931,39,0,0.389506067,5850.0,8,0,1,0,2.0
19325,0,0.9999998999999999,33,0,0.6638855779999999,2516.0,4,0,1,0,0.0
19327,0,0.51946813,47,0,0.643891809,7800.0,13,0,1,0,1.0
19329,0,0.019132058,58,0,0.26809148899999996,8000.0,5,0,1,0,0.0
19331,0,0.0,57,1,0.356498415,4100.0,3,0,1,0,2.0
19332,0,0.9999998999999999,24,98,0.0,,0,98,0,98,0.0
19336,0,0.464100715,30,0,0.353710111,2600.0,5,0,0,0,0.0
19337,0,0.004539136,86,0,0.006432749000000001,3419.0,23,0,0,0,0.0
19339,0,0.018635121,92,0,0.001618893,10500.0,5,0,0,0,0.0
19340,0,0.37724209700000005,58,0,0.563234941,4166.0,13,0,2,0,0.0
19341,0,0.0029712590000000004,55,0,1.403195131,2628.0,7,0,2,0,0.0
19343,0,0.085914086,21,0,2.0,,2,0,0,0,
19344,0,0.046751484,42,0,0.169850885,12875.0,13,0,2,0,4.0
19346,0,0.027286783999999998,33,0,805.0,,10,0,1,0,0.0
19347,0,0.208385297,66,0,0.305531671,3488.0,8,0,1,0,1.0
19348,0,0.003881629,62,0,0.484952244,5548.0,5,0,2,0,0.0
19349,0,0.0209547,60,0,0.0012244180000000001,5716.0,2,0,0,0,0.0
19350,0,0.0035709179999999997,51,0,0.20972644399999998,6250.0,4,0,1,0,2.0
19351,0,0.9999998999999999,41,0,20.0,,1,0,0,0,0.0
19352,0,0.040779112,56,0,0.245140995,8900.0,15,0,1,0,1.0
19353,0,0.000580907,60,1,5.492957746,425.0,10,0,2,0,0.0
19354,0,0.02552047,71,0,0.377905524,4000.0,10,0,1,0,0.0
19355,0,0.9999998999999999,41,0,2545.0,,2,0,1,0,0.0
19356,1,0.9999998999999999,61,0,0.050619278,3713.0,2,0,0,0,0.0
19357,0,0.004543249,49,0,0.938067445,3083.0,12,0,2,1,1.0
19358,0,0.218429975,27,0,0.365288505,2200.0,13,0,0,0,0.0
19359,0,0.006521334,47,0,0.11930585699999999,7375.0,5,0,1,0,2.0
19362,0,0.9999998999999999,67,0,443.0,0.0,5,0,1,0,0.0
19363,0,0.001924568,73,0,0.000584112,3423.0,4,0,0,0,0.0
19364,0,0.18768433899999998,60,0,0.349673203,11933.0,9,0,2,0,0.0
19365,0,0.009068653000000001,61,0,0.455698779,14739.0,10,0,5,0,1.0
19366,0,0.188542244,50,0,0.331803071,12633.0,16,0,3,0,2.0
19367,0,0.517819251,57,0,0.298939747,11600.0,13,0,2,0,1.0
19369,0,0.055742309000000004,36,0,0.22209616899999998,11458.0,11,0,2,0,0.0
19370,0,0.00706311,68,0,0.155518395,7175.0,5,0,1,0,0.0
19372,0,0.613918144,57,0,0.264795918,7839.0,4,0,1,0,0.0
19376,0,0.141849225,33,0,0.361163884,10000.0,8,0,1,0,0.0
19377,0,0.411724233,48,0,0.225832013,8833.0,9,0,1,0,0.0
19378,0,0.015043508,56,0,0.29216569600000003,9100.0,16,0,1,0,0.0
19379,0,0.162250654,57,3,0.225027775,9900.0,13,0,1,0,3.0
19380,0,0.00325045,74,0,0.0018903589999999999,1586.0,9,0,0,0,0.0
19382,0,0.0,54,0,0.006205674,3383.0,6,0,0,0,2.0
19383,0,0.43723549,62,0,0.34182151899999996,13076.0,14,0,2,0,1.0
19384,0,0.004652123,73,0,0.003790489,2901.0,10,0,0,0,0.0
19385,0,0.039904002,72,0,0.00751333,8251.0,4,0,0,0,0.0
19386,0,0.14850950000000002,66,0,0.113695282,13500.0,13,0,1,0,1.0
19388,0,0.09617986,37,0,0.6690647479999999,4725.0,9,0,2,0,0.0
19389,0,0.0007057989999999999,24,0,0.18564798300000002,2800.0,4,0,0,0,1.0
19390,0,0.17371773199999999,69,0,1580.0,,11,0,1,0,0.0
19391,0,0.0,72,0,2535.0,,3,0,1,0,0.0
19392,0,0.553545531,32,0,0.062390018,6250.0,4,0,0,0,2.0
19395,0,0.154342283,42,1,669.0,,3,0,0,0,0.0
19397,0,0.411793225,30,0,0.267247536,7000.0,7,0,1,0,3.0
19398,0,0.9999998999999999,54,0,116.0,,1,1,0,0,0.0
19399,0,0.008300864,38,0,0.184721019,15000.0,6,0,1,0,3.0
19400,0,0.0,77,0,0.445319335,8000.0,8,0,2,0,0.0
19402,0,0.31299773,61,0,0.174970108,10035.0,13,0,1,0,2.0
19403,0,0.047916047999999996,49,0,0.009279086,1400.0,7,0,0,0,0.0
19404,0,0.018691744,76,0,562.0,,11,0,2,0,0.0
19405,0,0.040446408999999996,66,0,19.0,,5,0,0,0,0.0
19406,0,0.078392431,70,0,234.0,,8,0,0,0,0.0
19407,0,0.061123290999999996,64,0,0.244721357,17333.0,15,0,3,0,1.0
19409,0,0.105554699,56,0,0.434163167,6667.0,23,0,2,0,1.0
19410,0,0.155487889,38,0,0.211478852,10000.0,5,0,1,0,2.0
19411,0,0.041170227999999996,59,0,111.0,,10,0,0,0,0.0
19412,0,0.9999998999999999,33,1,499.0,,1,2,0,0,5.0
19414,0,0.021499367999999998,78,1,21.0,,9,0,0,0,0.0
19415,0,0.9999998999999999,40,1,1.11492817,1600.0,5,0,1,0,2.0
19416,0,0.434838062,50,1,3205.0,,14,0,2,0,0.0
19417,0,0.910835666,42,2,0.458493353,3384.0,10,2,1,3,0.0
19418,0,0.849592915,56,1,0.29856945100000004,6500.0,7,1,0,0,0.0
19419,0,0.003191035,82,0,0.005089059,2750.0,4,0,0,0,0.0
19420,0,0.876002505,54,0,0.563430349,4500.0,9,0,2,0,0.0
19421,0,0.344157626,48,0,0.470455335,5753.0,24,1,1,0,3.0
19423,0,0.02994012,53,1,1550.0,,11,0,2,1,0.0
19424,0,0.039634562000000005,55,0,0.523455524,3900.0,3,0,1,0,0.0
19425,0,0.00982871,51,0,0.312819373,4500.0,7,0,2,0,0.0
19426,0,0.042664130999999994,41,0,0.10467483300000001,28000.0,12,0,1,0,2.0
19427,0,0.019849775,38,1,0.175182482,10000.0,11,0,1,0,2.0
19428,0,0.23356287399999998,47,0,0.075163399,4283.0,11,0,0,0,0.0
19429,0,0.937765559,27,1,0.159345653,3300.0,5,0,0,0,0.0
19430,0,0.812275697,59,0,0.30845451,7770.0,7,0,0,0,1.0
19432,0,0.114824905,37,1,0.17162819,6583.0,10,0,0,0,2.0
19433,0,0.202308691,63,0,0.470355731,5059.0,8,0,2,0,0.0
19436,0,0.474250858,62,0,0.264586771,6666.0,3,0,1,0,0.0
19437,0,0.488353165,67,0,0.626365055,2563.0,6,0,2,0,0.0
19438,0,0.0,36,0,0.7566591420000001,2214.0,7,0,1,0,0.0
19439,0,0.129888326,46,0,0.507741436,10333.0,9,0,2,0,0.0
19440,0,0.865440633,50,0,0.502171953,12200.0,11,0,2,0,3.0
19441,0,0.107863396,54,0,256.0,,9,0,0,0,0.0
19442,0,0.00409852,49,0,0.100904015,7521.0,4,0,1,0,0.0
19443,0,0.344297669,47,0,196.0,,5,0,0,0,1.0
19445,0,0.25709582,44,0,0.073026485,23333.0,4,0,1,0,3.0
19446,0,0.678036772,41,0,0.29649830899999996,9166.0,7,0,1,0,2.0
19449,0,0.0,51,1,0.46541383399999997,2500.0,10,0,1,0,2.0
19450,0,0.024829195,41,0,0.351770559,3416.0,10,0,1,0,0.0
19451,0,0.913345445,46,0,8795.0,0.0,11,0,2,1,3.0
19454,0,0.21766935699999998,46,0,0.29539570000000004,8882.0,8,0,1,0,1.0
19457,0,0.0,31,0,0.294950842,6000.0,7,0,1,0,0.0
19458,0,0.016092649,66,0,0.005200208,3845.0,2,0,0,0,0.0
19460,0,0.724893983,54,0,0.6459194779999999,4594.0,10,0,1,0,0.0
19461,0,0.20620243600000002,41,0,0.374121726,10958.0,10,0,2,0,3.0
19462,0,0.025336432000000002,77,1,0.016005122,1561.0,4,0,0,0,0.0
19464,0,0.5606037079999999,29,0,0.174984339,4788.0,6,0,0,0,1.0
19468,0,0.301826369,58,0,0.576535854,14600.0,11,1,4,0,0.0
19470,0,0.005088413,59,0,1789.0,,22,0,2,0,3.0
19473,0,0.021402881000000002,73,0,43.0,,17,0,0,0,0.0
19474,0,0.312789502,62,1,5065.0,,25,0,2,0,1.0
19475,0,0.583242047,43,0,0.632096416,3152.0,10,0,1,0,0.0
19476,1,0.57973267,32,1,2136.0,,10,0,2,0,0.0
19477,0,0.021612032000000003,56,0,0.35815921,7800.0,9,0,2,0,1.0
19478,0,0.685213603,28,0,0.241502683,3912.0,5,0,0,0,0.0
19479,1,0.411435426,26,0,0.29199549,2660.0,4,0,0,0,0.0
19480,0,0.9019602109999999,46,0,4856.0,,12,0,2,0,1.0
19481,0,0.00950637,66,0,3213.0,,10,0,3,0,0.0
19482,0,0.836594772,28,0,263.0,1.0,5,0,0,0,1.0
19483,0,0.064322856,49,0,0.338697079,6400.0,10,0,2,0,4.0
19484,0,0.540710409,78,1,0.205655527,3500.0,14,0,2,0,0.0
19485,0,0.350567391,49,0,2601.0,,8,0,1,0,2.0
19486,0,0.98780244,44,0,0.073237071,25000.0,4,0,1,0,0.0
19487,0,0.506020582,60,2,0.156284372,10000.0,7,0,0,0,0.0
19488,0,0.9999998999999999,26,0,0.08636545400000001,2500.0,1,0,0,0,0.0
19489,0,0.0,35,0,0.40104460799999997,7083.0,4,0,2,0,1.0
19491,0,0.79885821,34,0,0.47843473299999995,3500.0,5,0,1,0,0.0
19492,0,0.397600072,59,0,0.869639794,4080.0,11,0,3,0,0.0
19493,0,0.195434258,78,0,1523.0,,8,0,2,0,0.0
19494,0,0.117495481,38,1,0.020217729,4500.0,3,0,0,0,3.0
19496,1,0.9999998999999999,45,0,735.0,,4,1,0,1,0.0
19497,0,0.12141466199999999,84,0,0.28135932,2000.0,10,0,1,0,0.0
19498,0,0.0,37,0,0.24249654699999998,7962.0,9,0,1,0,2.0
19500,0,0.047082907,49,0,1240.0,,4,0,1,0,0.0
19502,0,0.9999998999999999,51,0,0.13397659,6321.0,1,1,0,1,0.0
19503,0,0.092895355,43,1,2117.0,,5,0,2,0,0.0
19504,0,0.010610741000000002,79,0,0.0036920240000000003,13000.0,18,0,0,0,0.0
19505,0,0.9999998999999999,33,0,0.006610744,18000.0,2,0,0,0,0.0
19506,0,0.29432729399999996,66,0,0.399303357,12631.0,7,0,3,0,0.0
19507,0,0.0,44,0,0.44997933,9675.0,5,0,2,0,3.0
19508,0,0.058955272999999996,37,0,1466.0,,7,0,1,0,2.0
19509,0,0.0,61,0,0.23382373899999997,7000.0,9,0,1,0,1.0
19512,0,0.038671165,54,0,0.24079629100000002,11000.0,16,1,1,0,1.0
19513,0,0.015050896000000001,70,0,17.0,,3,0,0,0,0.0
19514,0,0.021665635,47,0,0.340739865,8460.0,7,0,1,0,0.0
19516,0,0.0,54,0,0.362156818,13148.0,15,0,2,0,0.0
19517,0,0.005817917,56,0,1.173572877,3450.0,5,0,2,0,3.0
19518,0,0.014209378,77,0,0.19605665100000003,3600.0,13,0,1,0,0.0
19519,0,0.30229487899999996,58,0,0.761540723,3400.0,7,0,1,0,0.0
19520,0,0.10878713400000001,49,0,0.077897343,10500.0,2,0,1,0,0.0
19521,0,0.23072736,60,0,0.154473554,8091.0,16,0,1,0,0.0
19522,0,0.043308967999999996,65,0,1666.0,,8,0,1,0,0.0
19523,0,0.131137419,47,0,1057.0,0.0,10,0,1,0,0.0
19524,0,0.9999998999999999,39,0,0.178184846,1200.0,0,2,0,0,2.0
19525,0,0.0,41,0,1.575469398,4100.0,11,0,4,0,1.0
19526,0,0.013427612,46,0,0.173541193,9236.0,3,0,2,0,3.0
19527,0,0.049122874000000004,48,0,0.48975409799999997,7807.0,11,0,2,0,1.0
19528,0,0.16073732699999999,59,0,3093.0,,7,0,2,0,0.0
19532,0,0.429823479,29,0,0.668612192,3083.0,4,0,1,0,0.0
19533,0,0.467455984,64,0,0.202739726,6569.0,12,0,0,0,1.0
19534,0,0.578345951,46,0,0.475881424,5700.0,5,0,1,0,5.0
19535,0,0.099985716,91,1,21.0,,4,0,0,0,0.0
19536,0,0.43011137299999996,57,0,3378.0,,18,0,2,0,2.0
19537,0,0.42677906299999996,34,1,0.14910921800000002,2581.0,3,0,0,0,0.0
19538,0,0.008801742,60,0,0.317278025,5833.0,19,0,1,0,2.0
19540,1,0.851423083,49,1,0.419678148,7083.0,11,1,1,1,0.0
19541,0,0.465015616,41,1,0.352941176,6000.0,7,0,1,1,2.0
19542,0,0.012677521,55,0,0.612479171,5400.0,17,0,1,0,0.0
19544,0,0.055359298,34,0,2794.0,0.0,15,0,2,0,4.0
19545,0,0.138770068,62,0,129.0,,4,0,0,0,1.0
19546,0,0.057392549,56,0,0.324958339,7800.0,8,0,1,0,1.0
19548,0,0.572633552,33,0,0.589558696,3466.0,10,0,1,0,3.0
19550,0,0.076573161,52,0,0.38660793,5674.0,9,0,2,0,4.0
19551,0,0.040431986,51,0,0.169620944,11000.0,8,0,2,0,2.0
19552,0,0.9999998999999999,68,0,4.208092486,691.0,4,0,1,0,0.0
19559,0,0.073646318,74,0,1593.0,,10,0,1,0,0.0
19560,0,0.376145579,48,0,0.374750033,7500.0,15,0,2,0,1.0
19561,0,0.06122563,72,0,1299.0,,4,0,1,0,0.0
19562,0,0.33441410899999996,62,0,0.24804541100000002,18673.0,9,0,3,0,3.0
19563,0,0.059453464000000004,63,1,0.038850800000000005,3062.0,3,0,0,0,0.0
19564,0,0.9999998999999999,45,0,0.0,3417.0,0,0,0,0,2.0
19565,1,0.404319136,28,0,0.267539077,2750.0,7,0,0,0,0.0
19567,0,0.476323926,58,0,0.232015958,16041.0,16,0,0,0,2.0
19568,0,0.044957522,44,0,0.37994572200000004,7000.0,11,0,1,0,0.0
19569,0,0.04909509,80,0,0.00224955,6667.0,4,0,0,0,0.0
19570,0,0.14331631,77,0,0.018053257,6646.0,5,0,0,0,0.0
19571,1,0.9999998999999999,40,1,3483.0,,7,1,3,0,
19573,0,0.034965354,53,0,0.205679432,10000.0,7,0,1,0,0.0
19574,0,0.005459146,81,0,0.333989267,5589.0,8,0,2,0,0.0
19575,0,0.064062396,55,0,0.260805681,8166.0,9,0,1,0,1.0
19576,0,0.076022126,45,0,1.317682318,1000.0,11,0,2,0,3.0
19577,0,0.9999998999999999,35,0,0.175274908,3000.0,2,0,0,0,2.0
19578,0,0.027554025,51,0,0.36406694,9500.0,4,0,1,0,3.0
19580,0,0.258682358,45,2,0.225686873,4585.0,6,0,0,0,4.0
19583,0,0.143892233,52,1,0.591492962,13000.0,17,0,5,0,1.0
19584,0,0.15148049,39,0,3.074906367,800.0,13,0,1,0,0.0
19585,1,0.647633859,28,3,0.2,3294.0,9,0,0,1,0.0
19587,1,0.610635901,47,1,0.634480788,7000.0,19,0,2,1,3.0
19590,0,0.100801747,60,0,0.174401771,11742.0,13,0,1,0,3.0
19592,0,0.039964817,45,0,4065.0,,11,0,1,0,0.0
19594,0,0.180396075,69,0,732.0,,20,0,1,0,0.0
19596,0,0.9999998999999999,42,0,2.8011988010000004,1000.0,17,0,0,0,1.0
19597,0,0.0,52,0,0.0,,1,0,0,0,
19598,0,0.40832958399999997,47,0,1462.0,,7,0,1,0,0.0
19600,0,0.681463707,32,0,0.122812865,6000.0,2,0,0,0,2.0
19601,0,0.9645294240000001,51,0,0.069741282,8000.0,3,0,0,0,1.0
19602,0,0.266860571,28,0,0.076574877,2650.0,3,0,0,0,0.0
19603,0,0.32040234100000003,68,0,3398.0,,11,0,5,0,0.0
19604,0,0.0,91,0,11.0,,4,0,0,0,0.0
19606,0,0.32196387,60,0,0.385407559,10292.0,9,0,2,0,1.0
19608,0,0.052554095999999995,72,0,0.110245941,10530.0,12,0,2,0,0.0
19610,0,0.08498742,68,0,118.0,0.0,4,0,0,0,1.0
19611,0,0.597554618,45,0,0.7235809879999999,4333.0,7,0,2,0,0.0
19612,0,0.021409134,62,0,0.237969677,4550.0,8,0,1,0,0.0
19613,0,0.06557025799999999,62,0,0.154199843,8916.0,8,0,1,0,1.0
19614,0,0.0,52,0,0.569450549,4549.0,8,0,1,0,3.0
19615,0,0.1629938,61,0,0.17391304300000002,6600.0,10,0,1,0,0.0
19617,0,0.746765493,56,0,0.535930015,4800.0,9,0,1,0,0.0
19619,0,0.9999998999999999,50,0,1.144573488,2496.0,3,0,2,0,2.0
19620,0,0.528676523,35,0,0.171853518,8000.0,6,0,1,0,1.0
19621,0,0.01279488,65,0,0.324656393,4801.0,14,0,1,0,0.0
19624,0,0.0,43,0,2262.0,,6,0,1,0,0.0
19627,1,0.9875792809999999,29,2,0.3824303,1900.0,5,0,0,0,1.0
19631,0,0.75209586,55,1,0.237576242,10000.0,10,0,1,0,0.0
19632,0,0.896155192,37,0,0.107378524,5000.0,2,0,0,0,4.0
19634,0,0.00027777,66,0,0.0,,5,0,0,0,0.0
19636,0,0.0015680829999999998,44,0,0.570446735,3200.0,7,0,3,0,0.0
19637,0,0.46352967799999995,44,0,0.45799194600000004,7200.0,4,0,1,0,1.0
19639,0,0.0,42,0,0.452886778,4000.0,13,0,2,0,2.0
19641,0,0.009686895,51,0,0.098624524,3416.0,2,0,0,0,3.0
19642,0,0.0,73,0,0.0,1555.0,6,0,0,0,0.0
19644,1,0.989608522,60,1,0.5956258720000001,2148.0,6,0,1,0,0.0
19645,0,0.0,31,0,0.13049579,4275.0,3,0,0,0,0.0
19646,0,0.8505326990000001,68,0,5385.0,,9,0,2,0,0.0
19647,0,0.083145843,46,0,0.33522292,6526.0,5,0,2,0,2.0
19648,0,0.075897916,62,0,126.0,,3,0,0,0,0.0
19649,0,0.01429857,27,1,0.26691103,3000.0,6,0,0,0,0.0
19650,0,0.46131193200000004,56,1,0.843473293,3500.0,9,0,1,0,0.0
19651,0,0.18757324,63,0,0.274110366,3877.0,15,0,0,0,0.0
19653,0,0.41528615700000004,58,0,1320.0,,9,0,1,0,0.0
19654,0,0.402457356,36,1,0.531562411,3500.0,7,0,2,0,2.0
19656,0,0.119977645,73,0,0.053657074000000006,3335.0,8,0,0,0,0.0
19658,0,0.37691917799999997,48,0,4933.0,,9,0,1,0,0.0
19659,1,0.6429840139999999,71,2,1473.0,,2,0,1,0,0.0
19661,0,0.782848353,56,0,0.197190229,7900.0,5,0,1,0,1.0
19662,0,0.042147563,76,0,27.0,,5,0,0,0,
19663,0,0.00484202,71,0,818.0,,5,0,1,0,0.0
19664,0,0.183981602,27,1,1413.0,0.0,3,0,1,0,0.0
19667,0,0.027350397000000002,56,0,1.411035586,2500.0,18,0,2,0,1.0
19668,0,0.103130045,56,0,0.21922403699999998,6855.0,13,0,2,0,0.0
19670,0,0.135747438,44,0,0.029453015,6416.0,4,0,0,0,0.0
19672,0,0.7428034659999999,55,0,0.21283270899999998,9880.0,6,0,1,0,4.0
19673,0,0.370274621,38,0,0.909272682,4000.0,8,0,2,0,3.0
19675,0,0.062747754,55,0,0.453372114,5500.0,10,0,3,0,1.0
19676,0,0.19998485,70,1,0.472740992,5300.0,15,0,1,0,0.0
19679,0,0.23693394,67,0,0.5712024,12000.0,7,0,3,0,1.0
19681,0,0.053197399000000006,66,1,0.09556955,9050.0,9,0,1,0,0.0
19682,0,0.8528315609999999,57,0,0.41909945600000004,8083.0,9,0,2,0,0.0
19683,1,1.031548545,56,1,0.185564917,9850.0,5,3,0,1,1.0
19684,0,0.6828212779999999,59,0,0.546721375,25833.0,28,0,4,0,1.0
19686,0,0.39061931899999996,27,1,0.134573085,5000.0,13,0,0,0,0.0
19687,1,0.197977352,59,0,0.7089455490000001,4627.0,13,0,2,0,0.0
19688,0,0.143043953,48,1,0.39901624700000005,6708.0,7,0,1,0,0.0
19689,1,0.9999998999999999,25,0,0.09763412199999999,3000.0,3,0,0,1,4.0
19690,0,0.053059688,58,0,0.399192111,8416.0,9,0,2,0,0.0
19691,0,0.029032329,83,0,0.00779844,5000.0,3,0,0,0,0.0
19692,0,0.832212325,32,1,1.208333333,1655.0,4,0,1,0,0.0
19693,0,0.036725602999999996,51,0,2919.0,,7,0,2,0,2.0
19694,0,0.01064057,74,0,0.38456173,4300.0,5,0,1,0,0.0
19696,0,0.12702728,73,0,0.174513497,1592.0,5,0,1,0,0.0
19697,0,0.20271808100000002,48,0,0.641600417,7672.0,13,0,2,0,2.0
19698,0,0.525234305,60,0,0.5090337779999999,6364.0,9,0,1,0,1.0
19700,0,0.0,40,0,0.09640561800000001,4200.0,6,0,0,0,1.0
19701,0,0.26853475600000004,58,0,2116.0,,10,0,1,0,0.0
19704,0,0.082940643,37,0,0.020675651,5416.0,4,0,0,0,3.0
19705,0,0.004971275,47,0,0.244976146,13833.0,8,0,2,0,2.0
19706,0,0.9999998999999999,27,1,0.31733653300000003,1666.0,3,0,0,0,0.0
19707,0,0.523856126,39,0,0.340653662,7740.0,13,0,1,0,1.0
19708,0,0.334911006,40,0,0.450281672,7632.0,10,0,1,0,4.0
19711,0,0.008878134000000001,43,0,30.0,,14,0,0,0,0.0
19712,0,0.231468098,33,0,3827.0,,3,0,1,0,0.0
19713,0,0.000299985,63,0,0.047976012,2000.0,2,0,0,0,0.0
19715,0,0.130469423,57,0,1.8099112430000002,1351.0,10,0,1,0,0.0
19716,0,0.15346442300000002,66,0,579.0,,5,0,1,0,0.0
19717,0,0.0068142409999999995,54,0,2253.0,,7,0,1,0,
19718,0,0.310528366,63,2,0.400635633,5348.0,9,0,1,0,1.0
19720,0,0.340507595,61,0,0.205967276,1038.0,3,0,0,0,0.0
19721,0,0.311576695,43,0,0.80783429,4875.0,14,0,3,0,0.0
19722,0,0.055698143,36,0,0.255551576,5583.0,8,0,1,0,1.0
19723,0,0.9999998999999999,49,1,0.160444364,5490.0,1,2,1,0,0.0
19724,0,0.0,75,0,1487.0,,11,0,1,0,0.0
19727,0,0.957228089,44,0,1.082799282,3900.0,5,6,1,1,3.0
19728,0,0.012812100000000002,82,0,0.005888126,2037.0,7,0,0,0,0.0
19730,0,0.06708222,54,0,3135.0,,14,0,2,0,4.0
19731,0,0.23654764600000003,36,0,1717.0,,8,0,1,0,1.0
19732,0,0.268061092,41,0,0.255624063,6000.0,11,0,0,0,2.0
19735,0,0.030078797,77,0,75.0,,1,0,0,0,0.0
19736,0,0.9500997999999999,55,0,0.09897109300000001,4081.0,2,3,0,0,0.0
19737,0,0.013483436000000001,63,0,0.117356189,12133.0,6,0,2,1,1.0
19738,0,0.023505592000000002,62,0,0.31101589,5600.0,10,0,1,0,0.0
19740,0,0.697006048,35,2,0.886704432,3000.0,14,1,1,0,5.0
19741,0,0.9999998999999999,29,0,0.17266187100000002,3196.0,3,0,0,0,1.0
19743,0,0.105711265,60,0,0.143081761,12083.0,7,0,1,0,1.0
19747,0,0.023357608999999998,66,0,19.0,,6,0,0,0,0.0
19748,0,0.116897078,62,0,0.398854121,4537.0,5,0,1,0,3.0
19750,0,0.047343222000000004,59,0,2095.0,,18,0,2,0,0.0
19752,0,0.572336376,40,1,0.746779601,5666.0,5,0,1,0,0.0
19753,0,0.0,45,0,313.0,,1,0,0,1,0.0
19754,0,0.012099597,62,0,1177.0,,6,0,1,0,0.0
19755,0,0.938558969,42,0,0.36398590200000003,3120.0,6,0,0,0,4.0
19756,0,0.591636735,48,0,1326.5,1.0,7,0,1,0,1.0
19757,0,0.10019713699999999,40,0,0.12757163900000001,10887.0,2,0,1,0,1.0
19758,0,0.009149447,56,0,0.19419580399999997,14299.0,13,0,2,1,4.0
19759,0,0.00016425900000000001,46,0,0.6961738740000001,8833.0,22,0,9,0,0.0
19760,0,0.00135284,73,0,99.0,,17,0,0,0,
19761,0,0.486951694,40,0,0.081608928,4300.0,7,0,0,0,0.0
19762,0,0.068989528,72,0,0.24259868399999998,4863.0,15,0,2,0,0.0
19763,0,0.0,65,0,0.12043561800000001,3121.0,6,0,0,0,0.0
19764,0,0.23135372899999998,38,0,0.224328594,1265.0,5,0,0,0,1.0
19765,0,0.105254512,79,0,0.235385144,5815.0,8,0,1,0,0.0
19766,0,0.9999998999999999,29,0,0.407197601,3000.0,3,1,1,0,0.0
19767,0,0.045805975,74,0,3117.0,,10,0,1,0,0.0
19769,0,0.861204627,41,0,0.42542982799999995,2500.0,5,0,1,0,0.0
19770,0,0.000570812,88,0,347.0,,8,0,0,0,
19771,0,0.06321460400000001,81,0,0.008274435,5800.0,3,0,0,0,0.0
19774,0,0.5216019479999999,29,0,0.09501752599999999,15975.0,10,0,0,0,0.0
19776,0,0.242512625,47,0,0.679522318,5107.0,7,0,1,0,0.0
19777,0,0.912267127,49,0,0.559007767,3990.0,9,0,1,0,1.0
19778,0,0.584690224,60,1,0.609298838,2666.0,8,0,0,0,0.0
19779,0,0.5053095870000001,49,0,1450.0,,7,0,0,0,4.0
19781,0,0.11928232,34,0,1412.0,,5,0,1,0,0.0
19782,0,0.0,72,0,0.002496879,800.0,9,0,0,0,0.0
19783,0,0.115395384,39,0,0.34196580299999996,10000.0,12,0,1,0,0.0
19785,0,0.500253724,67,0,0.39072185600000003,5000.0,9,0,2,0,1.0
19787,0,0.860831716,54,0,0.664783427,1061.0,6,0,0,0,1.0
19788,0,0.008776529,54,0,0.18758124199999998,10000.0,14,0,2,0,0.0
19789,0,0.910239603,43,0,0.242880648,7900.0,10,0,0,0,3.0
19790,0,0.060976015999999994,65,0,0.366063394,10000.0,14,0,1,0,1.0
19791,0,0.06221074,63,0,0.398011656,5833.0,9,0,1,0,0.0
19792,0,0.777068911,56,1,0.340059995,7333.0,11,0,1,0,0.0
19794,0,0.011499477,55,0,0.001049948,6666.0,2,0,0,0,0.0
19796,0,0.017271942,85,0,52.0,,1,0,0,0,
19797,0,0.076405618,39,0,0.288023002,10085.0,5,0,1,0,4.0
19798,0,0.843562503,54,0,0.18321398600000002,15500.0,12,0,0,0,0.0
19802,0,0.9999998999999999,34,0,0.39869281,7343.0,8,0,1,0,1.0
19803,0,0.9999998999999999,59,0,0.156867451,12500.0,4,0,2,0,0.0
19808,0,0.062026915999999994,79,0,0.126739438,12000.0,17,0,2,0,0.0
19809,0,0.9999998999999999,65,0,0.19419642899999998,3135.0,8,0,0,0,0.0
19810,0,0.000277739,43,0,0.47444668,7454.0,5,0,3,0,3.0
19811,0,0.11456071,70,0,2763.0,,8,0,2,0,0.0
19813,0,0.947052947,30,0,0.11275695300000001,3307.0,2,0,0,0,1.0
19814,0,0.9999998999999999,68,0,0.0,,2,0,0,0,0.0
19815,0,0.9737662490000001,34,0,0.318170457,4000.0,5,0,0,0,2.0
19816,0,0.52693981,48,0,0.422134935,12983.0,20,0,3,0,2.0
19817,0,0.411165641,60,0,0.09620418800000001,4583.0,7,0,0,0,0.0
19819,0,0.592831872,45,0,0.24855491300000002,13666.0,2,0,1,0,1.0
19820,0,0.9999998999999999,52,0,3.0,,4,0,0,0,
19821,0,0.382330015,51,0,0.6538581689999999,3200.0,7,0,1,0,0.0
19822,0,0.931034483,33,0,0.259552656,4291.0,5,0,1,0,0.0
19823,0,0.15035480199999998,82,0,893.0,,13,0,0,0,
19825,0,0.5826994129999999,45,0,299.0,,6,1,0,0,2.0
19826,0,0.08619075,31,1,0.016423028,5540.0,7,0,0,0,0.0
19827,0,0.0,57,0,0.412717457,5000.0,20,0,1,0,1.0
19828,0,0.188420877,60,0,0.434156584,10000.0,15,0,3,0,0.0
19829,0,0.939864345,37,0,0.366057515,7058.0,8,0,1,0,2.0
19830,0,0.229002011,56,0,0.34570673700000004,7569.0,9,0,2,0,0.0
19832,0,0.023052806000000002,46,0,0.479742173,4343.0,7,0,2,0,0.0
19833,0,0.34206138799999997,54,0,0.34333208299999995,8000.0,15,0,2,0,1.0
19834,0,0.170774865,52,0,0.261305038,10083.0,6,0,3,0,2.0
19835,0,0.132839811,63,0,0.297994269,6979.0,12,0,2,0,0.0
19836,0,0.00641252,78,0,0.001874609,4800.0,8,0,0,0,0.0
19844,0,0.400441644,59,0,8741.0,,17,0,7,0,0.0
19845,0,0.325892713,57,1,0.094986431,7000.0,4,0,0,0,1.0
19846,0,0.903137108,40,1,0.35172872299999997,3007.0,2,0,1,0,1.0
19847,0,0.242303037,68,0,0.426019728,3750.0,5,0,0,0,0.0
19848,0,0.8322843390000001,69,1,0.695190506,1600.0,5,0,1,0,0.0
19849,1,0.9999998999999999,46,1,1806.0,,1,1,1,0,0.0
19850,0,0.685502745,48,1,0.398240704,2500.0,8,0,0,0,0.0
19851,0,0.024358638,30,0,0.047234177,9526.0,14,0,0,0,1.0
19853,0,0.7338153140000001,65,0,0.224045117,3900.0,7,0,0,0,0.0
19856,0,0.9999998999999999,29,0,0.003998001,2000.0,0,1,0,0,4.0
19858,0,0.9999998999999999,55,0,10.0,,1,0,0,0,0.0
19860,0,0.0021481079999999997,63,0,0.280378748,1900.0,10,1,0,0,0.0
19861,0,0.0,57,0,0.179358717,7983.0,4,0,2,0,0.0
19862,0,0.04833117,45,0,2488.0,,7,0,2,0,2.0
19863,0,0.9999998999999999,38,0,390.0,,1,0,0,1,0.0
19864,0,0.090127325,67,2,1.710723192,400.0,7,0,1,0,1.0
19866,0,0.0013375370000000002,73,0,41.0,,5,0,0,0,0.0
19867,0,0.056497646,39,1,357.0,,5,0,0,0,0.0
19868,0,0.129543523,57,0,0.085031201,13300.0,3,0,1,0,1.0
19869,1,1.0199944459999999,28,0,452.5,1.0,11,0,0,0,3.0
19870,0,0.037616541,45,0,0.518653987,4100.0,9,0,2,0,1.0
19871,0,0.808794137,36,0,0.09484498300000001,5450.0,3,0,0,1,0.0
19872,0,0.082692057,58,0,0.219152665,9700.0,7,0,2,0,0.0
19873,0,0.001268262,77,0,0.216018216,10100.0,9,0,2,0,0.0
19874,0,0.013679453000000001,48,0,0.001249844,8000.0,3,0,0,0,3.0
19875,0,0.0,82,0,0.0,,10,0,0,1,0.0
19876,1,1.0049975009999998,60,0,0.29770229800000003,1000.0,4,1,0,1,0.0
19877,1,0.29962190899999996,49,3,0.7777248929999999,2100.0,15,2,1,0,1.0
19878,0,0.514021252,41,1,0.453323734,8333.0,5,0,2,0,4.0
19881,0,0.9999998999999999,37,0,0.94213198,984.0,3,0,0,0,2.0
19884,0,0.9999998999999999,103,0,0.0,1600.0,3,0,0,0,0.0
19885,0,0.056443754000000006,87,0,0.573054445,3250.0,11,0,2,0,0.0
19886,0,0.042664296,52,1,0.208700544,5332.0,6,0,1,0,1.0
19887,0,0.540321875,63,0,0.25087854600000004,11666.0,21,0,1,0,3.0
19888,0,0.0,58,0,0.189380226,11600.0,5,0,1,0,1.0
19889,0,0.9999998999999999,36,0,0.036091061,1800.0,2,0,0,0,0.0
19890,0,0.22645157,43,0,1.633354154,1600.0,4,0,1,0,6.0
19892,1,0.272762624,51,0,0.042381355,13000.0,7,0,0,0,0.0
19897,0,0.144335176,65,0,0.33505630399999997,10833.0,12,0,2,0,0.0
19899,0,0.030645512000000003,34,0,0.52299489,4500.0,15,0,1,0,1.0
19901,1,0.945729791,41,0,259.0,,4,2,0,2,0.0
19902,0,0.005618869,77,0,0.214637579,4262.0,9,0,1,1,0.0
19903,0,0.0,26,0,0.0,3000.0,5,0,0,0,0.0
19904,0,0.25846738199999997,39,1,0.924390752,4800.0,10,0,2,0,0.0
19905,0,0.296257925,55,0,0.238350295,5600.0,16,0,0,0,0.0
19906,0,0.01456159,81,0,0.21478339899999999,3300.0,5,0,1,0,0.0
19908,0,0.015252682,85,0,0.156831302,3117.0,6,0,1,0,0.0
19909,0,0.286652688,52,0,2.229441163,2200.0,9,0,2,0,2.0
19910,0,0.36733705200000005,55,0,0.34584184799999995,16148.0,11,0,3,0,1.0
19911,0,0.9999998999999999,22,0,0.0,800.0,1,0,0,0,0.0
19912,0,0.451686975,82,0,1.6470588240000001,237.0,7,0,0,0,0.0
19915,0,0.9155574320000001,64,0,1.4897422409999999,1900.0,6,0,1,0,4.0
19919,1,0.040223614,57,0,2945.0,0.0,10,0,1,0,0.0
19920,0,0.119263984,61,1,0.426591826,5700.0,24,0,1,0,1.0
19922,0,0.000109647,48,0,0.25330033,3635.0,6,0,1,0,1.0
19923,0,0.016965911,51,0,4364.0,0.0,5,0,1,0,0.0
19924,0,0.45419002299999994,63,0,0.507919366,8333.0,26,0,1,0,0.0
19926,0,0.231550857,41,0,1996.0,,10,0,3,0,0.0
19927,0,0.052329947,40,0,0.133408578,4429.0,4,0,1,0,0.0
19928,0,0.013178038999999999,58,0,0.006097561,3279.0,5,0,0,0,0.0
19929,0,0.008549573000000001,62,0,0.003998001,2000.0,4,0,0,0,0.0
19930,0,0.043883770999999995,62,0,826.0,,7,0,1,0,
19931,0,0.010302553,90,0,0.00439956,10000.0,10,0,0,0,1.0
19932,0,0.020552091,63,0,0.20101351399999998,11839.0,15,0,2,0,1.0
19934,0,0.009021914,66,0,3804.0,,4,0,1,0,0.0
19935,0,0.8813438809999999,51,1,0.036126135,9798.0,5,0,0,1,0.0
19936,0,0.008543275,50,0,1.73080481,1080.0,11,0,2,0,1.0
19937,0,0.09956972300000001,60,0,1.235357335,1860.0,6,0,1,0,0.0
19938,0,0.11792547199999999,35,0,0.463258451,9525.0,10,0,2,0,1.0
19939,0,0.0,36,1,0.22929340199999998,2136.0,6,0,0,0,1.0
19940,0,0.869839148,53,1,0.829322473,2700.0,8,0,1,0,0.0
19941,0,0.12002378300000001,46,0,0.573004654,5800.0,8,0,2,0,0.0
19942,0,0.327522262,64,0,0.661977658,9667.0,18,0,1,0,3.0
19943,0,0.605339466,45,0,0.47427456700000004,4100.0,4,0,1,0,2.0
19944,1,0.157661889,40,0,0.282071793,10000.0,16,0,1,0,2.0
19945,0,0.070660522,45,0,1387.0,,3,0,1,0,0.0
19946,0,0.9827158559999999,34,1,0.5619318179999999,3519.0,7,0,2,0,1.0
19949,0,0.836163836,60,0,0.079064759,6500.0,5,0,0,0,0.0
19950,0,0.13337580699999999,55,0,0.359542267,5417.0,5,0,1,0,1.0
19951,0,0.052098408,47,0,0.27613161199999997,5500.0,5,0,2,0,3.0
19952,0,0.062476135,61,0,0.555658627,8623.0,17,0,2,0,0.0
19953,0,0.03347483,59,0,35.0,,2,0,0,0,0.0
19954,0,0.324132786,53,0,0.165118566,9150.0,8,0,0,0,1.0
19956,0,0.9999998999999999,41,0,0.37784886,2500.0,2,0,1,0,5.0
19959,1,1.00419958,56,0,0.766327396,2357.0,6,1,1,0,0.0
19960,0,0.236250495,46,0,2276.0,,6,0,1,0,1.0
19961,0,0.031042669,58,0,5013.0,,17,0,2,0,0.0
19962,0,0.435969933,47,1,0.361813303,7080.0,11,0,1,0,1.0
19963,0,0.022517787,71,0,26.0,,6,0,0,0,
19966,0,0.514138103,55,0,0.509076559,3800.0,12,0,1,0,0.0
19967,0,0.9999998999999999,40,0,0.0,,0,0,0,0,0.0
19968,0,0.5311518,49,0,0.529440871,8083.0,17,0,3,0,3.0
19969,0,0.08744446199999999,37,0,0.26019263800000003,7578.0,13,0,1,0,0.0
19972,0,0.052147239000000005,67,0,0.281284937,13416.0,5,0,1,0,1.0
19973,0,0.001505847,91,0,0.101237345,8000.0,7,0,1,0,1.0
19974,0,0.832262983,44,0,0.36396096200000005,4200.0,9,0,0,0,0.0
19975,0,0.625282167,34,0,0.581344902,3687.0,10,0,1,0,1.0
19976,0,0.21868906600000002,81,0,178.0,,10,0,0,0,0.0
19977,0,0.47848422799999996,69,0,0.43551999999999996,6249.0,14,0,1,0,0.0
19978,0,0.223776224,26,0,0.002607562,2300.0,2,0,0,0,0.0
19979,0,0.543790746,46,0,0.293241863,6850.0,17,0,1,0,2.0
19980,0,0.726719107,32,1,0.414581066,4594.0,9,0,1,0,0.0
19981,0,0.15118366,34,0,0.243043145,3916.0,6,0,1,0,0.0
19982,0,0.635833848,68,0,3300.0,,12,0,0,0,0.0
19987,0,0.9999998999999999,37,0,0.0,,0,0,0,0,0.0
19989,0,0.521888728,38,0,0.199065303,7916.0,11,0,0,0,4.0
19990,0,0.012159938,79,0,0.00479872,3750.0,7,0,0,0,0.0
19991,0,0.9999998999999999,39,0,2070.0,,4,0,1,0,0.0
19992,0,0.19800007,65,0,0.624125292,3000.0,8,0,2,0,0.0
19993,1,0.34055918399999996,87,0,0.490961446,6250.0,20,0,2,0,0.0
19995,1,0.652695021,43,0,1.8808608759999998,1300.0,9,0,1,1,0.0
19997,0,0.07140110200000001,58,0,0.509324009,857.0,6,0,0,0,0.0
20002,0,0.9999998999999999,33,0,1.043666404,5083.0,8,0,2,0,1.0
20003,0,0.0,35,0,0.326149745,4500.0,8,0,1,0,0.0
20004,0,0.9999998999999999,23,0,0.12318606900000001,3100.0,1,0,0,0,2.0
20006,0,0.02333285,87,0,0.291715092,6022.0,14,0,1,0,0.0
20008,0,0.013213342,58,0,5.0,,1,0,0,0,2.0
20011,0,0.844184345,28,0,0.264578474,3000.0,3,0,0,0,0.0
20013,1,0.9999998999999999,30,0,0.024180423,4300.0,7,1,0,0,1.0
20014,1,1.025346872,37,2,0.490710239,7588.0,12,0,1,0,1.0
20015,0,0.010635044,82,0,0.002514993,5168.0,7,0,0,0,0.0
20017,0,0.027377169,80,0,0.1802172,3406.0,10,0,1,0,0.0
20019,0,0.010966301000000001,55,0,1960.0,,7,0,2,0,0.0
20022,0,0.741251326,57,0,145.0,,10,2,0,0,
20023,0,0.437313361,61,1,0.456943685,7315.0,16,0,3,0,1.0
20025,0,0.006202101999999999,61,1,0.450455276,7467.0,21,0,2,0,0.0
20026,0,0.144475921,42,0,0.10077984400000001,3333.0,4,0,0,0,2.0
20027,0,0.13058694099999998,75,0,121.0,,5,0,0,0,0.0
20032,0,0.005972491999999999,81,0,0.00096581,5176.0,10,0,0,0,0.0
20034,1,0.9999998999999999,50,0,489.0,,1,0,0,0,0.0
20035,0,0.18751713399999997,58,0,0.334458193,8000.0,7,0,2,0,1.0
20038,0,0.038331736,77,0,27.0,,2,0,0,0,0.0
20039,0,0.0,95,0,0.0,,6,0,0,0,
20040,0,0.483218792,76,0,0.256278171,1552.0,5,0,0,0,0.0
20043,0,0.067077455,44,0,1649.0,,3,0,1,0,0.0
20044,1,0.056746934000000006,45,0,1.003576903,3913.0,17,0,1,0,1.0
20045,0,0.101605726,31,0,0.156,14499.0,6,0,1,0,2.0
20047,0,0.662189901,56,0,0.482606957,2500.0,5,0,1,0,0.0
20048,0,0.9999998999999999,39,0,0.07995892,6815.0,1,1,0,0,1.0
20049,0,0.058597375,64,0,2361.0,,9,0,2,0,1.0
20050,0,0.9694455759999999,74,0,1.205323194,1577.0,5,0,0,0,0.0
20051,0,0.40498904700000005,26,0,0.207767603,3166.0,9,0,0,0,1.0
20054,0,0.153244747,67,0,0.17302843199999998,11500.0,13,0,0,0,2.0
20057,0,0.260348142,52,0,4951.0,,7,0,3,0,0.0
20058,1,0.255367972,33,0,0.103888214,6583.0,6,0,0,0,1.0
20059,0,0.196624849,55,0,0.741966199,4200.0,13,0,1,0,3.0
20060,0,0.079784575,42,0,0.786468122,6916.0,9,0,3,0,1.0
20061,1,0.6747573570000001,53,0,2.1623277180000002,3264.0,21,0,4,0,0.0
20062,0,0.008700046999999999,53,0,3557.0,,5,0,2,0,3.0
20063,0,0.470781141,34,0,0.086637787,3000.0,5,0,0,0,2.0
20064,0,0.0,44,0,0.557456035,4150.0,15,0,3,0,2.0
20065,0,0.045338618,62,0,0.016247968999999998,8000.0,4,0,0,0,1.0
20067,0,0.166763939,60,0,0.013024305,9750.0,3,0,0,0,0.0
20068,0,0.11083732800000001,44,0,4999.0,,4,0,3,0,0.0
20069,0,0.037399734,52,0,0.418295101,7061.0,16,0,2,0,3.0
20070,0,0.9999998999999999,41,0,0.261974177,2400.0,4,1,0,0,0.0
20071,0,0.178614628,36,0,0.43692644799999997,7300.0,5,0,1,0,1.0
20072,0,0.047344098,46,0,0.43996593799999995,7045.0,8,0,1,0,2.0
20076,0,0.27942286899999996,56,0,0.253650816,13900.0,5,0,1,0,0.0
20077,0,0.977563712,41,0,0.517247125,6000.0,6,0,1,0,0.0
20078,0,0.030389126000000002,39,0,0.22237776199999998,10000.0,10,0,1,0,0.0
20079,0,0.43609155899999996,44,0,0.475277823,12417.0,9,0,3,0,2.0
20080,0,0.223835057,53,0,0.183881612,10000.0,11,0,1,0,0.0
20082,0,0.9842216309999999,49,3,0.430428262,6000.0,11,0,1,1,0.0
20083,0,0.381237525,47,0,0.116033755,3791.0,3,0,0,1,3.0
20084,0,0.00306844,68,0,352.0,,5,0,0,0,0.0
20087,0,0.131499324,37,0,0.365252166,4500.0,13,0,1,0,1.0
20088,0,0.953936943,29,0,1762.0,,12,0,0,0,0.0
20090,0,0.057682860999999995,43,0,0.252821026,7000.0,13,0,2,0,2.0
20093,0,0.08903806,63,0,0.304222924,6961.0,32,0,0,0,0.0
20094,0,0.14846288400000002,45,0,58.0,,2,2,0,0,1.0
20096,0,0.275172483,44,0,0.723865056,2400.0,5,0,1,0,2.0
20097,0,0.42360012399999997,61,0,0.770872737,3700.0,13,0,1,0,2.0
20098,0,0.930871275,38,0,0.42352800399999996,8355.0,14,0,2,0,3.0
20099,0,0.006636288000000001,71,0,0.002817723,10291.0,14,0,0,0,0.0
20100,0,0.978218974,46,0,0.39388658,7458.0,10,0,2,0,3.0
20101,0,0.011256823999999999,78,0,0.21335573300000002,2380.0,5,0,0,0,1.0
20102,0,0.137739004,73,0,0.474435875,3500.0,9,0,1,0,0.0
20103,0,0.650901148,71,0,0.744517998,4833.0,16,0,2,0,0.0
20104,0,0.254232343,80,1,0.015708312,97336.0,23,0,1,0,0.0
20105,0,0.823188742,47,0,0.47542076299999997,6000.0,6,0,1,0,1.0
20106,0,0.076131665,48,2,0.294131292,8621.0,16,0,1,1,0.0
20107,0,0.022283117999999998,76,0,1263.0,,7,0,1,0,0.0
20108,0,0.405910449,28,0,0.136026817,5667.0,10,0,0,0,0.0
20109,0,0.107609118,80,1,0.33586565399999996,5001.0,10,0,1,0,0.0
20110,1,0.10875288300000001,59,0,0.028018899,9100.0,13,0,0,0,0.0
20111,0,0.041201912,77,0,0.11904761900000001,1553.0,7,0,0,0,0.0
20113,0,0.05027790099999999,69,0,0.452341824,2433.0,14,0,1,1,0.0
20115,0,0.9999998999999999,57,1,4684.0,,6,0,2,0,0.0
20116,0,0.313933599,32,0,0.289342132,5000.0,12,0,0,1,1.0
20118,0,0.994177007,41,0,0.748112353,3310.0,4,0,1,0,3.0
20120,0,0.087060125,81,0,0.074906367,800.0,3,0,0,0,0.0
20121,0,0.045286599999999996,58,0,2628.0,,7,0,2,0,0.0
20122,0,1.017170938,54,0,1949.0,,6,0,1,0,0.0
20123,0,0.5007142720000001,57,0,0.398966926,12970.0,18,0,2,0,2.0
20124,0,0.176504695,53,0,0.500328443,9133.0,27,0,2,0,2.0
20125,0,0.9999998999999999,36,0,972.0,,3,0,1,0,
20126,0,0.376335159,58,0,0.44032214299999994,11050.0,25,0,0,0,0.0
20127,0,0.225548902,28,0,0.031210986,800.0,2,0,0,0,0.0
20128,0,0.0018912629999999998,46,0,0.282093405,4260.0,8,0,1,0,0.0
20129,0,0.9999998999999999,36,0,0.032471587,8006.0,2,0,0,0,0.0
20130,0,0.518141891,42,0,0.740541991,3726.0,9,0,2,0,1.0
20131,0,0.242168802,57,0,0.22319946899999998,6025.0,18,0,0,1,0.0
20132,0,0.01269801,34,0,0.073088297,7100.0,4,0,0,0,3.0
20133,0,0.087575164,49,0,0.38700191100000003,6800.0,11,0,2,0,0.0
20134,0,0.0,65,0,37.0,,6,0,0,0,0.0
20137,0,0.010325385,78,0,990.0,,16,0,1,0,0.0
20138,0,0.095553144,45,0,0.257107876,7350.0,10,0,1,0,2.0
20139,0,0.23035998600000002,78,0,0.395412844,2179.0,5,0,0,0,0.0
20145,0,0.0,32,0,0.38136826799999995,6869.0,9,0,1,0,4.0
20146,0,0.7020392,65,0,0.42293529700000004,1900.0,5,0,0,0,0.0
20147,0,0.9511165429999999,46,1,0.48873435299999995,3594.0,12,0,2,0,0.0
20148,0,0.501249875,35,0,0.302775442,7133.0,8,0,2,0,3.0
20149,0,0.012133406000000001,40,0,0.289177277,4083.0,10,0,1,0,2.0
20150,0,0.365457232,53,0,0.399847843,9200.0,8,0,1,0,2.0
20151,0,0.779267026,47,1,0.37540453100000004,4016.0,5,0,1,0,2.0
20152,1,0.601214259,47,0,0.47647008799999996,11750.0,14,0,2,0,2.0
20153,0,0.01882532,48,0,0.050096500999999995,11916.0,18,0,0,0,1.0
20154,0,0.736116567,41,1,0.8630633240000001,6900.0,7,0,2,0,0.0
20155,0,0.795543089,33,0,0.624024961,4486.0,9,0,1,0,0.0
20156,0,0.21185605100000002,62,0,0.425059666,4189.0,10,0,1,0,0.0
20157,0,0.037527739,75,0,392.0,,12,0,0,0,0.0
20160,0,1.007132668,27,0,0.40462427700000003,864.0,5,0,0,0,0.0
20161,0,0.086115231,61,0,0.314519357,17486.0,9,0,3,0,0.0
20163,0,0.597370131,73,0,1705.0,,3,0,2,0,0.0
20165,0,0.311714996,55,0,0.553432571,4500.0,11,0,1,0,0.0
20167,0,0.103368713,28,0,0.0057211680000000004,3320.0,4,0,0,0,0.0
20169,0,0.6298659560000001,33,0,1.3578568569999998,2500.0,7,0,2,0,2.0
20170,0,0.02478121,64,0,7781.0,,14,0,4,0,1.0
20171,0,0.084808842,53,0,0.12177287,6700.0,5,0,0,0,1.0
20174,0,0.009310714,62,0,0.092896175,8600.0,8,0,0,0,2.0
20175,0,0.579551398,55,0,0.081129872,9416.0,5,0,0,0,0.0
20176,0,0.238648777,70,0,0.26568815100000004,4700.0,6,0,0,0,0.0
20177,0,0.5052747360000001,54,0,0.422024743,17216.0,5,0,3,0,1.0
20178,0,0.126652109,70,0,0.197565923,4929.0,4,0,1,0,0.0
20179,0,0.123245126,46,0,344.0,0.0,4,0,0,0,4.0
20180,0,0.07014295200000001,32,0,0.25156031100000004,7850.0,5,0,2,0,0.0
20181,0,0.76200952,47,0,3323.0,,8,0,1,0,0.0
20182,0,0.012472375,82,0,17.0,,9,0,0,0,0.0
20185,0,0.103263225,43,0,0.014151668999999999,6500.0,3,0,0,0,0.0
20188,0,0.093454459,63,0,0.671280277,2600.0,12,0,1,0,0.0
20189,0,0.08462186599999999,55,0,2926.0,,21,0,1,0,
20190,0,0.9999998999999999,34,0,0.43191964299999996,3583.0,3,0,1,0,1.0
20191,0,0.020084252,73,0,0.006746627,2667.0,3,0,0,0,0.0
20193,0,0.003199787,71,0,884.0,,4,0,0,0,0.0
20194,0,0.033897267,50,0,0.230451367,6291.0,12,0,2,0,3.0
20195,0,0.968649207,49,1,0.111907341,12000.0,4,0,0,0,4.0
20196,0,0.021761621000000002,33,0,994.0,0.0,5,0,0,0,1.0
20198,0,0.042749815,58,0,2052.0,,10,0,1,0,0.0
20200,0,0.012632912,39,0,0.401794035,8583.0,10,0,4,0,2.0
20203,0,0.062626782,49,1,0.401399844,9000.0,5,0,3,0,2.0
20204,0,0.9999998999999999,56,3,1.4317121919999998,1500.0,4,1,1,1,0.0
20205,0,0.078459124,47,0,0.364336434,9998.0,15,0,2,0,3.0
20206,0,0.006150899999999999,43,0,0.555992141,7125.0,8,0,2,0,4.0
20207,0,0.0,68,0,1847.0,,8,0,1,0,0.0
20210,0,0.010542598,67,0,0.09014577300000001,8574.0,12,0,0,0,0.0
20212,0,0.000438434,67,0,0.029523376,13175.0,7,0,1,0,0.0
20213,0,0.04433981099999999,64,1,0.22728831,2916.0,18,0,0,0,0.0
20214,0,0.292983905,61,0,3189.0,,7,0,1,0,0.0
20215,0,0.33638597299999995,38,0,0.38383054200000005,18033.0,15,0,3,0,0.0
20216,0,0.0,44,0,0.608531437,4500.0,13,0,2,0,2.0
20217,0,0.538922156,24,0,461.0,,4,0,0,0,0.0
20222,0,0.02589482,71,0,0.012647411,5850.0,6,0,0,0,1.0
20223,0,0.02479938,41,0,0.222191573,14500.0,3,0,1,0,0.0
20226,1,0.36561268799999996,62,0,0.260352213,2100.0,3,0,0,0,0.0
20228,0,0.0,56,0,3004.0,,5,0,1,0,0.0
20229,0,0.43399798799999995,29,0,0.189270243,3000.0,10,0,0,0,3.0
20230,0,0.065391684,66,0,0.41666666700000005,4739.0,20,0,1,0,0.0
20231,0,0.536951089,23,0,0.04395604400000001,1000.0,4,0,0,0,0.0
20233,0,0.017535764,24,0,0.637028015,820.0,5,0,0,0,0.0
20234,0,0.085633561,44,0,0.6621783760000001,7500.0,6,0,2,0,1.0
20235,0,0.0,24,0,0.0,0.0,2,0,0,0,0.0
20236,0,1.01054101,56,0,0.838623276,7466.0,14,0,5,1,1.0
20238,0,0.116113094,75,0,0.35216221799999997,4832.0,12,0,1,0,0.0
20239,0,0.013797018000000001,60,0,99.0,,8,0,1,0,0.0
20240,0,0.9999998999999999,35,2,0.07517995200000001,3750.0,5,3,0,2,1.0
20241,0,0.061732117,60,0,1265.0,,6,0,1,0,0.0
20242,0,0.9705243020000001,61,0,0.300232288,3443.0,3,0,1,0,0.0
20244,0,0.992265623,49,0,0.48455284600000004,6149.0,12,0,0,0,3.0
20245,0,0.057980924,40,0,0.301067137,11900.0,12,0,6,0,5.0
20247,0,0.005713946,73,0,0.240588382,4010.0,6,0,1,0,0.0
20248,0,0.9999998999999999,75,0,0.167249825,2857.0,2,0,0,0,1.0
20249,0,0.666052949,39,0,0.323429976,9760.0,15,1,1,0,5.0
20253,0,0.19995834199999998,59,0,0.011195522,2500.0,3,0,0,0,0.0
20254,0,0.15051205,45,0,0.293842817,5992.0,9,0,1,0,3.0
20255,0,0.09718344400000001,51,0,0.30307813699999997,3800.0,14,0,0,0,0.0
20256,0,0.934802371,45,1,0.25871438,7544.0,8,0,0,1,0.0
20258,0,0.026663112000000003,63,0,0.09630690900000001,6281.0,6,0,0,0,0.0
20259,0,0.140049599,72,0,0.02736362,5700.0,6,0,0,0,0.0
20260,0,0.9999998999999999,34,1,0.740110165,1996.0,6,0,1,0,1.0
20261,0,0.09595172800000001,71,0,0.338127681,7925.0,19,0,1,0,1.0
20262,0,0.618815054,51,1,0.333333333,2780.0,14,0,0,0,1.0
20264,0,0.041127706,36,0,0.394696805,4600.0,5,0,1,0,0.0
20266,0,0.414107096,40,0,1.127521614,4163.0,11,0,2,0,0.0
20268,0,0.31611422899999997,34,0,0.323464197,7666.0,11,0,1,0,4.0
20269,0,0.013255979,40,0,0.149500217,2300.0,7,0,0,0,1.0
20271,0,0.778518468,54,4,0.652266829,6550.0,17,1,2,1,1.0
20272,0,0.31834083,52,2,0.403176004,6800.0,5,0,2,1,2.0
20273,0,0.0,44,0,0.354948805,2050.0,4,0,0,0,1.0
20275,0,0.561625583,53,2,0.701799486,3500.0,10,0,2,0,0.0
20277,0,0.02689731,79,0,8.0,,1,0,0,0,0.0
20278,1,0.012240112,74,7,36.0,,17,0,0,0,0.0
20279,0,0.027148642999999997,39,0,0.147398103,3900.0,3,0,0,0,0.0
20281,0,0.5320118420000001,44,0,0.604643281,5900.0,14,0,1,0,2.0
20282,0,0.9793096640000001,29,0,0.623160233,3600.0,11,0,1,0,0.0
20283,0,0.135151069,71,0,0.371329879,2894.0,10,0,1,0,0.0
20284,0,2.0986077990000003,49,0,0.25293676600000004,4000.0,9,0,0,0,1.0
20285,0,0.022823847,62,1,26.0,0.0,6,0,0,0,0.0
20286,0,0.796287482,47,0,47.0,,6,1,0,0,0.0
20287,0,0.011372179,70,0,0.18542757399999998,4583.0,13,0,1,0,0.0
20288,0,0.10969092300000001,62,0,0.43864299,3772.0,22,0,1,0,0.0
20289,0,0.615376974,44,0,0.21433796600000002,4100.0,7,0,1,0,2.0
20290,0,0.000610678,47,0,0.000148699,6724.0,5,0,0,0,0.0
20294,0,0.6880519909999999,32,0,2588.0,,6,1,2,0,1.0
20295,0,0.9999998999999999,61,0,0.18165225,12600.0,4,0,3,0,1.0
20296,0,0.037758831,77,0,302.0,,7,0,0,0,0.0
20298,0,0.0017679229999999998,42,0,2892.0,,9,0,2,0,0.0
20300,0,0.012470667,73,0,0.061119174000000005,6200.0,20,0,0,0,0.0
20301,0,1.013986014,27,1,0.187906047,2000.0,2,0,0,0,0.0
20302,0,0.006471576,78,0,0.0058309040000000005,2400.0,9,0,0,0,0.0
20305,0,1.119613926,32,1,0.14037965800000002,4266.0,9,0,0,0,0.0
20306,0,0.775953452,51,0,0.5010811589999999,6936.0,12,0,2,0,1.0
20307,0,0.11887382699999999,45,0,0.164541773,6666.0,9,0,1,0,2.0
20308,0,0.00013952799999999998,47,0,0.167317398,10500.0,3,0,1,0,0.0
20309,0,0.112160436,35,0,0.283452758,6000.0,15,0,1,0,3.0
20310,0,0.023999200000000002,68,0,1763.0,,6,0,1,0,0.0
20312,0,0.25689568,59,0,189.0,,4,0,0,0,0.0
20313,0,0.095218096,65,0,2265.0,,10,0,2,0,0.0
20314,0,0.071181679,71,0,0.28868433600000004,6300.0,11,0,1,0,0.0
20316,0,0.015197728999999998,65,0,0.136655279,12000.0,8,0,1,0,0.0
20317,0,0.137535149,56,0,0.558429839,6648.0,8,0,2,0,1.0
20318,0,0.10600167,47,0,0.411692845,5729.0,7,0,2,0,2.0
20319,0,0.161811756,55,0,0.041125777,18333.0,11,0,0,1,2.0
20320,0,0.192775484,37,0,0.281635374,9000.0,12,0,1,0,2.0
20321,0,0.179054168,45,1,0.33649833100000004,9583.0,10,0,2,0,2.0
20323,0,0.0,34,1,0.22176987399999998,4666.0,4,0,0,0,0.0
20324,0,0.576875558,44,1,0.6046790639999999,5000.0,15,0,2,0,3.0
20325,0,0.0,60,0,0.44726301700000004,2995.0,4,0,1,0,0.0
20326,0,0.137117878,49,0,0.49449550600000003,9900.0,11,0,4,0,2.0
20327,1,0.941839331,34,0,165.0,,4,2,0,0,0.0
20329,0,0.7157476309999999,67,0,0.325619599,14000.0,13,0,3,0,0.0
20331,1,1.688622754,34,0,0.096298895,5700.0,2,3,0,1,1.0
20332,0,0.37484376799999997,36,0,0.21347861199999998,2477.0,6,0,0,0,0.0
20333,1,1.056110684,41,0,1382.0,,10,0,0,0,0.0
20334,0,0.043660805,59,0,0.34319109999999997,7100.0,18,0,3,0,0.0
20335,0,0.37931739200000003,42,0,0.201550388,8900.0,7,0,1,0,3.0
20336,0,0.108958135,34,0,0.158652026,2640.0,7,0,0,0,3.0
20337,1,0.5469537520000001,32,0,0.276059565,6110.0,5,0,1,0,2.0
20338,0,0.022960187000000003,78,0,33.0,,8,0,0,0,
20340,0,0.22629617300000002,54,0,0.204621208,17700.0,11,0,3,0,2.0
20342,1,1.0637936209999999,46,2,0.122292569,3000.0,2,1,0,1,0.0
20344,0,0.9999998999999999,35,0,3888.0,,4,0,1,0,0.0
20345,1,0.8293515359999999,41,3,0.27929702300000003,13200.0,7,0,1,0,0.0
20346,0,0.101438809,41,1,0.067866517,8000.0,7,0,0,0,1.0
20347,0,0.641190554,47,0,0.501248959,1200.0,5,0,1,0,2.0
20349,0,0.123759282,52,0,0.532040692,11500.0,13,0,2,0,4.0
20350,0,0.8844019559999999,56,1,2476.0,,7,0,1,0,0.0
20351,0,0.24397073,54,0,0.29106695899999996,12783.0,9,0,2,0,2.0
20353,0,0.0015314629999999998,80,0,1.0,,3,0,0,0,0.0
20354,0,0.507012024,64,2,0.180874247,7800.0,3,0,1,0,0.0
20355,0,0.06391669700000001,49,0,0.38286171399999996,10000.0,11,0,3,0,2.0
20356,0,0.0,30,0,0.70812972,2250.0,6,0,1,0,0.0
20358,0,0.643202526,67,2,0.6737520570000001,7291.0,15,0,5,0,0.0
20360,0,0.24560145100000003,57,1,0.36555822200000004,8750.0,9,0,2,1,1.0
20361,0,0.056963365999999994,50,0,0.181626805,17100.0,11,0,2,0,2.0
20362,0,0.0068522340000000004,88,0,0.000818465,6108.0,4,0,0,0,0.0
20364,1,1.019492026,36,1,0.279520502,8925.0,4,1,1,1,0.0
20365,0,0.0,53,0,0.98385857,1300.0,9,0,1,0,0.0
20367,0,0.005420615,64,0,0.168624535,6724.0,19,0,2,0,2.0
20368,0,0.0023075739999999997,40,0,0.38408424,5792.0,6,0,1,0,2.0
20369,0,0.014377836000000001,60,0,0.10550610000000002,6065.0,15,0,1,0,0.0
20370,0,0.06129654,50,0,0.232577869,8250.0,8,0,2,0,0.0
20371,1,0.003382562,43,0,0.19678032199999998,10000.0,9,0,1,0,0.0
20372,0,0.034553491,59,1,0.004475764,10500.0,8,0,0,0,0.0
20373,0,0.8647359720000001,74,0,0.902258905,2301.0,5,0,1,0,0.0
20374,0,0.9999998999999999,30,0,0.157921039,2000.0,1,0,0,0,1.0
20375,0,0.49450036700000005,70,0,0.534966067,10166.0,13,0,7,0,0.0
20376,0,0.272858571,67,0,0.24207527,8422.0,5,0,2,0,1.0
20377,0,0.6658551429999999,31,0,0.20711327,7000.0,6,0,1,0,2.0
20378,0,0.14914254300000002,42,0,0.259142583,7300.0,7,0,1,0,2.0
20381,0,0.0,33,0,0.077009714,7102.0,3,1,0,0,0.0
20383,0,0.9999998999999999,35,0,235.0,0.0,4,0,0,0,0.0
20385,1,0.903278307,42,2,0.6708658270000001,5000.0,4,0,1,1,1.0
20386,1,0.9999998999999999,38,0,0.25541490899999997,10664.0,9,0,5,0,0.0
20388,0,0.42271874200000004,78,0,0.30163491800000003,6666.0,8,0,1,0,1.0
20391,0,0.26849404600000004,64,0,0.19585051899999997,8000.0,9,0,1,0,2.0
20392,0,0.002066598,41,0,3776.0,,5,0,2,0,0.0
20394,0,0.090842005,40,0,179.0,,12,0,0,0,0.0
20396,1,0.9623663379999999,56,1,0.549417512,2660.0,9,0,1,1,0.0
20398,0,0.049378346,64,0,2463.0,,6,0,2,0,0.0
20399,0,0.23062924199999998,61,0,2621.0,,10,0,2,0,0.0
20401,0,0.048278817,65,0,1502.0,,5,0,1,0,0.0
20402,0,0.100312241,41,0,4.562874251,834.0,6,0,2,0,0.0
20403,0,0.051602453,59,0,0.220912792,14000.0,13,0,2,0,1.0
20405,0,0.221552577,49,0,1433.0,,5,0,1,0,2.0
20407,0,0.02144658,67,0,0.815610003,3958.0,14,0,2,0,0.0
20408,0,0.369003824,50,0,0.502302968,7815.0,14,0,1,0,0.0
20409,0,0.9999998999999999,28,0,0.34485241200000005,4166.0,7,0,1,0,1.0
20411,0,0.9999998999999999,65,0,536.0,,1,0,1,0,0.0
20412,0,0.0,37,0,0.449179424,7250.0,6,0,2,0,0.0
20413,0,0.334115155,37,2,0.35426237899999996,1958.0,8,0,0,0,0.0
20414,0,0.0,54,0,4.0,,4,0,0,0,0.0
20415,0,0.9258930059999999,68,0,0.36987104299999995,1705.0,4,0,0,0,0.0
20416,0,0.014702861000000001,53,0,0.353456864,5018.0,7,0,1,0,3.0
20417,0,0.0006666430000000001,48,0,0.0,,2,0,0,0,0.0
20419,1,1.153996101,47,0,0.182623366,9483.0,8,1,0,1,2.0
20420,0,0.016874541,34,0,1554.0,,6,0,1,0,0.0
20422,0,0.064724223,58,0,3058.0,,6,0,2,0,
20424,0,0.025304242999999997,58,0,0.32889037,3000.0,13,0,1,0,0.0
20425,0,0.25816391699999997,62,0,0.36030168,2916.0,13,0,0,0,0.0
20426,0,0.350091476,60,0,0.362815884,5539.0,7,0,1,0,0.0
20428,0,0.37339211899999997,44,0,0.201215395,4442.0,4,0,1,0,4.0
20430,0,0.0,58,0,0.7227310570000001,1200.0,7,0,0,0,0.0
20431,0,0.38993273799999995,29,0,1528.0,,10,0,0,0,0.0
20432,0,0.011882073,46,0,0.865869342,7775.0,8,0,1,0,0.0
20433,0,0.130677399,44,0,0.6465408810000001,4769.0,10,0,1,0,4.0
20435,1,0.18658526600000003,37,1,0.9146420120000001,4650.0,11,0,1,0,3.0
20438,0,0.00247053,45,0,0.184596065,7166.0,5,0,1,0,3.0
20439,0,0.754379329,56,1,0.557407099,6000.0,8,0,2,0,2.0
20441,1,0.980066445,37,5,0.06659388599999999,5495.0,10,1,0,0,0.0
20442,0,0.048040883,63,0,3453.0,,16,0,3,0,0.0
20444,0,0.000945934,57,0,619.0,,14,0,1,0,0.0
20446,0,0.660984098,40,2,3496.0,,13,3,1,2,2.0
20448,0,0.290217102,59,0,0.674392184,4400.0,6,0,2,0,0.0
20452,1,0.0016945679999999998,63,2,0.735754748,3000.0,18,0,1,0,0.0
20453,0,0.843975569,57,0,0.541769042,1627.0,5,0,1,0,0.0
20454,0,0.284322409,47,1,0.48519750899999997,11720.0,18,0,2,0,5.0
20455,0,0.004117163,73,0,0.000629723,7939.0,1,0,0,0,0.0
20456,0,0.414905673,93,0,0.053127678,3500.0,3,0,0,0,0.0
20458,0,0.254975567,47,0,2910.0,,9,0,1,0,0.0
20459,1,0.9999998999999999,54,0,509.0,,3,0,0,0,3.0
20460,0,0.194043565,53,0,0.63090965,9750.0,5,0,2,0,0.0
20461,0,0.029399265,54,0,0.09793294699999999,7933.0,3,0,0,0,0.0
20463,0,0.020336485,60,0,2002.0,,10,0,1,0,0.0
20464,0,0.535154948,60,3,0.101887053,14466.0,9,3,0,1,3.0
20465,0,0.0016153220000000002,77,0,1.0,,3,0,0,0,
20466,0,0.011227394,70,0,0.011106997,2700.0,9,0,0,0,1.0
20470,0,0.025372451,77,0,0.10698000699999999,2850.0,4,0,0,0,1.0
20471,0,0.140171966,45,0,0.135918863,14000.0,5,0,1,0,0.0
20472,0,0.379159656,46,0,0.387646945,10377.0,18,0,2,0,3.0
20473,0,0.0,41,0,0.022076372,1675.0,4,0,0,0,0.0
20474,0,0.512052854,44,0,0.253598058,11533.0,4,0,2,1,3.0
20475,0,0.001308514,49,0,1.454646788,7176.0,17,0,3,0,2.0
20477,0,0.035623827999999996,45,0,0.31392152,4000.0,9,0,1,0,0.0
20478,0,0.6511997660000001,55,0,0.601693561,6258.0,8,0,2,0,0.0
20479,0,0.9634073190000001,44,2,4973.0,,8,0,3,2,0.0
20484,0,0.9999998999999999,33,0,0.0,,1,0,0,0,0.0
20485,1,0.257595316,67,0,0.446258957,6000.0,18,0,1,0,1.0
20486,0,0.002054654,49,1,0.040585774,4779.0,3,0,0,0,4.0
20487,0,0.123285669,69,0,0.10869565199999999,7083.0,8,0,0,0,0.0
20488,0,0.869798414,52,0,0.5296915010000001,8200.0,8,0,2,0,0.0
20489,0,0.0,61,0,0.240268552,14000.0,7,0,3,0,0.0
20490,0,0.12279298300000001,48,0,0.430870519,4100.0,12,0,1,0,2.0
20491,0,0.528401135,49,0,0.434335229,11078.0,12,1,3,1,2.0
20493,0,0.63300674,50,0,0.311947627,3054.0,6,0,1,0,0.0
20494,0,0.038548557000000004,54,0,0.894276431,4000.0,19,0,1,0,0.0
20495,0,0.013751073,53,0,1.0267892840000001,2500.0,24,0,1,0,0.0
20496,0,0.0,78,0,0.0,3000.0,6,0,0,0,0.0
20497,0,0.226978316,56,0,2225.0,,4,1,1,1,0.0
20498,0,0.09787505,54,0,495.0,,7,0,0,0,0.0
20499,0,0.023758257,54,0,0.37554148600000004,3000.0,14,0,0,0,0.0
20500,0,0.033047974,79,0,0.07120743,645.0,4,0,0,0,0.0
20501,0,0.937677054,34,0,0.19089490899999997,7050.0,10,0,1,0,2.0
20502,0,0.311254648,65,0,0.488173456,7609.0,23,0,2,0,1.0
20503,0,0.13953277,82,0,0.19507439699999998,9744.0,2,0,1,0,1.0
20504,0,0.406508294,51,0,0.905205102,2900.0,7,0,2,0,0.0
20505,0,0.9999998999999999,21,0,33.0,,0,0,0,0,
20506,0,0.001543115,54,0,2936.0,,6,0,1,0,0.0
20507,0,0.014969,68,0,0.343937466,5500.0,9,0,2,0,0.0
20510,0,0.009083697,51,0,2401.0,,18,0,1,0,0.0
20511,0,0.34468566100000003,44,0,0.16969395399999998,4018.0,5,0,0,0,2.0
20512,0,0.010432191,59,0,0.061319707,4500.0,5,0,0,0,0.0
20513,0,0.021655271,62,0,0.274859009,3368.0,9,0,1,0,0.0
20514,0,0.302023997,42,0,0.329552009,5200.0,10,0,1,0,4.0
20515,0,0.770081452,29,1,0.503004808,3327.0,8,1,0,0,1.0
20516,0,0.000988083,74,0,5221.0,,13,0,3,0,0.0
20517,0,0.06235528,53,0,0.308296631,8400.0,10,0,2,0,3.0
20518,0,0.0009072889999999999,89,0,0.003732338,3750.0,10,0,0,0,0.0
20519,0,0.041693084,58,0,0.45346869700000003,6500.0,10,0,2,0,1.0
20520,0,0.349095837,56,0,2119.0,,10,0,2,0,0.0
20521,0,0.017199508999999998,61,0,0.003042082,5916.0,5,0,0,0,0.0
20523,0,0.9507844590000001,45,0,0.579497545,17314.0,12,0,4,0,0.0
20524,0,0.1443438,58,0,1.193323551,2725.0,27,0,3,0,0.0
20525,0,0.139255972,55,0,0.03224194,4000.0,3,0,0,0,0.0
20527,0,0.903561892,58,1,1.254883935,4350.0,14,0,2,0,0.0
20528,0,0.930116473,44,0,0.023809524,671.0,1,0,0,0,0.0
20529,0,0.10335173199999999,72,0,2265.0,0.0,6,0,3,0,0.0
20532,0,0.9999998999999999,41,0,0.146325969,14166.0,1,0,1,0,0.0
20535,0,0.0,58,0,796.0,,3,0,1,0,0.0
20536,0,0.049268821,60,0,0.372313843,2000.0,8,0,0,0,0.0
20538,0,0.154023085,63,0,0.417056362,8125.0,21,0,3,0,5.0
20539,0,0.172546196,54,0,0.626211352,4333.0,5,0,2,0,2.0
20540,0,0.256417185,37,0,0.52567154,2940.0,8,1,2,0,0.0
20541,0,0.043719517,46,0,2960.0,0.0,13,0,2,0,3.0
20543,0,0.03176346,62,0,641.0,,5,0,0,0,0.0
20545,0,0.21897485,54,0,0.28924896,4566.0,11,0,1,0,2.0
20546,0,0.0,76,0,941.0,,5,0,1,0,0.0
20549,0,0.13656911900000002,51,0,0.507415431,6000.0,19,0,1,1,2.0
20551,0,0.0,24,0,0.0012610339999999999,792.0,5,1,0,0,0.0
20552,0,1.018796241,47,0,5009.0,,7,0,2,1,0.0
20553,0,0.025331363,51,0,1180.0,,4,0,1,0,
20554,0,0.151442505,44,1,788.0,,18,0,0,0,0.0
20558,0,0.865118356,40,0,0.106556206,7000.0,6,0,0,0,0.0
20559,0,0.008883489,51,0,0.331769612,7673.0,18,0,1,0,0.0
20560,0,0.47529806700000005,30,1,0.276022139,5600.0,10,0,0,0,0.0
20561,0,0.9999998999999999,44,0,0.005772601,9700.0,0,1,0,0,3.0
20562,0,0.0,38,1,1878.0,,9,0,1,0,0.0
20563,0,0.055155875,71,0,0.604098975,4000.0,8,0,3,0,0.0
20564,0,0.14762534900000002,40,0,0.17173982699999998,3120.0,6,0,0,0,0.0
20565,0,0.333133343,51,0,0.460103826,5200.0,12,0,2,0,0.0
20566,0,0.012690153000000001,54,0,0.219867335,6180.0,17,0,3,0,0.0
20567,0,0.028480447000000002,53,0,0.44948079799999996,6066.0,17,0,1,0,0.0
20568,0,0.261722069,72,1,0.54642476,1873.0,15,0,0,0,0.0
20569,1,0.965617805,45,3,0.550345224,3475.0,4,1,1,2,0.0
20570,1,0.50509898,50,2,0.695345557,2835.0,5,1,2,1,0.0
20571,0,0.027115528,37,0,0.268068834,7844.0,12,0,2,0,0.0
20572,0,0.22692861,72,0,0.272083017,3950.0,6,0,0,0,0.0
20573,0,0.024781367999999998,68,0,0.142614601,5300.0,7,0,1,0,0.0
20574,0,0.24917453899999997,43,0,0.413917217,5000.0,7,0,0,0,1.0
20575,0,0.061996457000000005,48,0,1297.0,,6,0,1,0,
20577,0,0.68588495,33,0,0.33658668799999997,7376.0,5,0,1,0,3.0
20579,0,0.014499597,44,0,0.244966443,5363.0,8,0,2,0,2.0
20580,0,0.6441492639999999,61,0,0.569508879,6250.0,10,0,1,0,2.0
20581,0,0.324218078,41,0,0.602049744,8000.0,17,0,1,0,0.0
20582,0,0.9999998999999999,41,0,0.0,,2,0,0,0,
20583,0,0.0,64,0,367.0,,6,0,0,0,0.0
20584,0,0.558625935,61,1,0.555961171,12052.0,9,0,2,0,1.0
20587,0,0.18520986,39,0,0.006683375,1196.0,2,0,0,0,2.0
20588,0,0.9999998999999999,51,0,0.0,,1,0,0,1,0.0
20589,0,0.020744285,37,0,0.11633719599999999,4400.0,6,1,0,0,3.0
20591,0,0.9999998999999999,71,1,0.201776024,4053.0,1,0,1,0,0.0
20595,0,0.021388348999999997,67,0,0.009996002,2500.0,2,0,0,0,0.0
20596,0,0.931675402,37,1,0.271675475,7000.0,8,0,0,0,2.0
20598,0,0.047814322,68,0,0.24713531600000002,15533.0,17,0,2,0,1.0
20601,0,0.11268824599999999,57,0,0.18094828,20900.0,12,0,2,0,4.0
20602,0,0.449535604,48,0,0.42303686700000004,4800.0,7,0,1,0,1.0
20603,0,0.9999998999999999,44,0,3053.0,,2,0,1,0,2.0
20604,0,0.065125927,59,0,2462.0,,4,0,1,0,0.0
20605,1,0.34644226,78,1,0.563145618,3000.0,5,0,2,0,0.0
20608,0,0.0,39,0,0.0,7928.0,7,0,0,0,4.0
20611,0,0.073668472,34,0,0.341954406,7500.0,18,0,1,0,0.0
20614,0,0.0,81,0,0.0,,1,0,0,0,0.0
20615,0,0.375367045,43,0,0.481625741,5904.0,11,0,1,0,3.0
20617,1,1.146247167,47,0,0.664238411,1509.0,11,0,0,1,3.0
20618,0,0.019289131,48,0,0.36652432,9600.0,20,0,2,0,1.0
20619,0,0.00358813,51,0,0.00048023099999999996,6246.0,5,0,0,0,1.0
20620,0,0.17443651100000002,61,0,0.7040533040000001,7203.0,7,0,1,0,0.0
20622,0,0.352565832,52,0,0.496605357,8100.0,8,0,2,0,2.0
20623,0,0.066382337,61,0,0.505719079,6556.0,24,0,2,0,0.0
20626,0,0.580133469,61,0,0.536292543,9078.0,12,0,2,0,1.0
20627,0,0.38849895700000003,54,0,0.47345034399999997,4500.0,8,0,1,0,2.0
20630,1,0.015265649,61,0,629.0,,6,0,0,0,0.0
20632,0,0.9999998999999999,43,2,3041.0,0.0,8,0,1,0,5.0
20633,0,0.017322544,73,0,0.0035547659999999996,4500.0,6,0,0,0,1.0
20634,0,0.259387071,52,0,0.592002499,3200.0,15,0,1,0,0.0
20636,0,0.02157476,54,0,0.7045951859999999,2284.0,10,0,0,0,0.0
20637,0,0.0059248140000000005,62,0,0.20805867600000003,10770.0,11,0,2,0,0.0
20640,0,0.32760171899999996,32,0,0.260901163,6879.0,8,0,1,0,2.0
20642,0,0.99890011,33,0,0.7062237990000001,3100.0,8,0,2,0,0.0
20643,0,0.279696822,56,0,0.278229569,7500.0,8,0,1,0,0.0
20644,0,0.04722381900000001,55,0,0.0031664909999999996,18000.0,6,0,0,0,0.0
20645,0,0.014356151000000001,57,0,0.411461831,4466.0,12,0,3,0,0.0
20646,0,0.046162445,67,0,5732.0,,10,0,3,0,1.0
20649,0,0.05584329,70,0,0.314452312,2400.0,8,0,1,0,0.0
20651,0,0.6977151140000001,43,0,0.26359589699999997,5166.0,7,0,0,0,0.0
20652,0,0.41169853799999995,56,4,0.139339087,4750.0,9,0,1,0,0.0
20653,0,0.875421502,51,1,0.26009133,30000.0,10,0,3,0,0.0
20654,0,0.151206547,58,1,0.650224963,6000.0,11,0,3,0,0.0
20655,0,0.711920489,55,0,0.424618247,12900.0,18,0,1,0,1.0
20656,0,0.002395392,36,0,0.280343931,5000.0,7,0,1,0,2.0
20658,0,0.830022664,60,0,0.62633452,5900.0,15,0,2,0,1.0
20659,0,0.17710105899999998,66,1,246.0,,17,0,0,0,0.0
20661,0,1.003502429,38,2,0.600307456,1300.0,6,0,0,0,2.0
20662,0,0.017106019,73,0,915.0,,6,0,2,0,1.0
20664,0,0.9999998999999999,25,0,0.010899183,1100.0,1,0,0,0,0.0
20666,0,0.848151848,37,0,0.13462179300000002,3000.0,3,1,0,1,0.0
20667,0,0.144482467,70,0,107.0,,4,0,0,0,0.0
20668,0,0.52053831,51,0,0.883710198,4333.0,18,0,2,0,0.0
20669,0,0.463085963,39,0,0.254135612,5500.0,11,0,0,0,0.0
20670,0,0.9840409809999999,69,1,0.37623534799999997,4350.0,7,1,0,0,1.0
20671,0,0.297824049,60,0,791.0,,7,0,2,0,0.0
20672,0,0.9999998999999999,52,0,0.070643119,3000.0,2,1,0,0,1.0
20674,0,0.319419445,59,0,3474.0,,4,0,1,0,0.0
20675,0,0.346970458,39,0,0.096829477,2333.0,3,0,0,0,0.0
20677,0,0.042382315,47,0,0.41632296,8000.0,17,0,2,0,2.0
20678,0,0.045198609,49,0,0.739782527,2666.0,8,0,2,0,0.0
20679,0,0.009606202,77,0,0.302228702,4800.0,8,0,1,0,1.0
20680,0,0.0,68,0,0.20438767,3600.0,5,0,1,0,1.0
20681,0,0.018424044,46,0,0.44795482299999995,6551.0,15,0,2,0,0.0
20685,0,0.069721252,24,0,0.250795382,11000.0,10,0,2,0,3.0
20686,0,0.26995500699999997,30,0,0.389522973,6833.0,8,0,1,0,0.0
20688,0,0.068491439,35,2,947.0,,4,0,2,0,
20689,0,0.016815545,48,3,0.228858664,6763.0,13,0,1,1,2.0
20690,1,0.916966178,35,1,0.356214595,3000.0,14,0,0,0,0.0
20691,0,0.005636415,58,0,0.0070077080000000005,5707.0,28,0,0,0,0.0
20693,0,0.119988001,87,0,36.0,,1,0,0,0,0.0
20694,0,0.370618613,24,0,0.199428843,2100.0,4,0,0,0,0.0
20695,0,0.000364358,86,0,0.0,,5,0,0,0,0.0
20696,0,0.0,81,0,0.0,,2,0,0,0,0.0
20697,0,0.040447329,40,0,0.083775186,6600.0,8,1,0,0,0.0
20698,0,0.090381924,40,0,0.09043296099999999,2863.0,5,0,0,0,0.0
20699,0,0.53622481,40,0,0.559504919,3150.0,14,0,1,1,1.0
20701,0,0.820429518,60,0,0.15777043,4233.0,7,0,0,1,0.0
20706,0,0.026299122999999997,79,0,0.005109976,4500.0,3,0,0,0,0.0
20707,0,0.633574301,68,1,0.303049238,8001.0,11,0,1,0,0.0
20708,0,0.9442569679999999,46,0,0.319983399,4818.0,7,0,1,0,2.0
20709,0,0.782243551,28,0,0.137172565,5000.0,8,0,0,0,2.0
20711,0,0.9999998999999999,34,1,0.012882138000000001,5200.0,1,4,0,0,1.0
20712,0,0.109037235,64,0,0.630473905,5000.0,7,0,2,0,0.0
20713,0,0.9999998999999999,30,0,0.00119952,2500.0,0,0,0,0,0.0
20714,0,0.19809075199999998,49,1,4355.0,,7,0,2,0,4.0
20715,0,0.443065912,28,0,0.091380037,16600.0,11,0,0,0,0.0
20716,0,0.168386843,58,0,0.26590027899999996,14700.0,7,0,2,0,5.0
20718,0,0.19624562199999998,59,1,0.451250242,5158.0,12,0,1,0,2.0
20722,0,0.525277258,59,0,0.690875233,5369.0,16,0,2,0,0.0
20723,0,0.128087066,68,0,1176.0,,4,0,1,0,1.0
20725,0,0.003824551,42,0,497.0,,10,0,0,0,0.0
20728,0,0.160388279,49,0,0.10456155,4800.0,14,0,0,0,2.0
20732,0,0.0,25,0,0.0,600.0,2,0,0,0,0.0
20733,0,0.002454785,43,0,0.00019045799999999998,10500.0,4,0,0,0,2.0
20736,0,0.770320625,61,0,0.326302672,21666.0,20,0,2,0,2.0
20737,0,0.07822635,54,0,0.62728811,6500.0,15,0,3,0,1.0
20739,0,0.01632205,58,0,0.005627276,12083.0,18,0,0,0,2.0
20740,0,0.0,68,0,0.010795682,2500.0,5,0,0,0,0.0
20744,0,0.128708433,53,0,0.418624891,4595.0,18,0,1,0,0.0
20746,0,0.964697861,36,0,0.825779037,2117.0,6,0,0,0,2.0
20748,0,0.457903089,36,0,0.679787954,8865.0,14,0,3,0,1.0
20749,0,0.8187774,39,0,0.37696230399999997,10000.0,7,0,2,0,3.0
20750,0,0.396758095,41,2,0.28000641800000003,6231.0,13,0,0,1,0.0
20751,0,0.047902925,75,0,728.0,,5,0,1,0,0.0
20752,0,0.0026377429999999997,70,0,0.063498197,7763.0,7,0,1,0,1.0
20753,0,0.265244013,49,0,0.35194760399999997,2900.0,8,0,1,0,0.0
20754,0,0.466986045,35,2,0.28226992100000003,3400.0,6,0,0,0,2.0
20755,0,0.041377086,88,0,0.33950348399999997,4591.0,7,0,2,0,0.0
20756,1,0.9044222540000001,24,1,0.39588688899999996,2333.0,6,1,0,0,0.0
20757,0,0.277150878,56,0,3134.0,,11,0,1,0,0.0
20760,0,0.031253178,50,0,0.586740587,4328.0,4,0,1,0,0.0
20762,1,0.010654863999999998,27,0,0.061651988,4200.0,3,0,0,0,0.0
20764,0,0.022479749,57,0,0.18142509699999998,11100.0,9,0,1,0,1.0
20765,0,0.520324983,55,1,0.35594067700000004,6000.0,14,0,2,0,0.0
20766,0,0.669971246,58,0,0.820026178,4583.0,7,0,2,0,0.0
20767,0,0.21470731199999998,34,0,11.05197401,2000.0,4,0,1,0,1.0
20768,0,0.307787425,45,0,2580.0,,10,0,2,0,2.0
20769,0,0.0,81,0,0.275024912,11038.0,10,0,1,0,0.0
20770,0,0.19981564100000002,42,1,0.307756884,5955.0,14,0,1,0,1.0
20771,0,0.033699936,43,0,2449.0,,17,0,1,0,0.0
20772,0,0.111970347,41,0,2249.0,0.0,7,0,1,0,3.0
20774,0,0.332301395,76,0,0.525055226,8600.0,16,0,2,0,0.0
20776,0,0.175461793,72,1,0.518686027,4200.0,12,0,2,0,0.0
20777,0,0.800664452,60,0,0.19026397,2916.0,2,0,0,0,0.0
20778,0,0.0,75,0,0.326372025,2058.0,4,0,0,0,1.0
20779,0,0.8620689659999999,54,0,96.0,,4,0,0,0,1.0
20783,0,0.600986535,30,1,0.13100539,4266.0,2,0,0,0,0.0
20786,0,0.00036733199999999995,62,0,0.0,4250.0,2,0,0,0,1.0
20788,0,0.056407389,64,0,0.36824605200000005,4811.0,10,0,2,1,0.0
20789,0,0.098258379,54,1,0.072567973,21000.0,8,0,0,0,1.0
20791,0,0.092397163,69,0,0.166666667,4217.0,15,0,1,0,0.0
20794,0,0.9999998999999999,43,0,5157.0,,3,0,3,0,
20795,0,0.039142269,69,0,0.5170698229999999,5828.0,12,0,1,0,0.0
20796,0,0.007290087,79,0,15.0,,5,0,0,0,
20797,0,0.346158714,32,1,0.316353249,4200.0,5,0,0,0,0.0
20800,0,0.305656308,32,0,0.133121308,2200.0,4,0,0,2,0.0
20801,0,0.0,61,0,0.28515270600000003,3306.0,11,0,1,0,0.0
20802,0,0.053768355999999996,42,0,0.16656505300000002,8200.0,5,0,1,0,1.0
20804,0,0.9999998999999999,50,0,0.061082737000000005,4894.0,2,0,0,0,0.0
20805,0,0.948420632,63,0,0.8806060609999999,1649.0,4,0,1,0,0.0
20806,0,0.240830275,44,1,0.606398172,3500.0,9,0,1,0,2.0
20807,0,0.483899535,58,0,0.157024793,3750.0,8,0,0,0,0.0
20808,0,0.213603453,52,0,0.24745581100000003,5600.0,9,0,2,0,3.0
20810,0,0.023836655,53,0,1367.0,,8,0,2,0,0.0
20814,0,0.898844124,51,0,0.35006605,9083.0,12,0,1,0,0.0
20815,0,0.0,55,3,1481.0,,12,0,1,1,3.0
20816,0,0.9999998999999999,46,0,0.288875598,3343.0,6,1,1,0,2.0
20817,0,0.063829787,94,0,34.0,,4,0,0,0,
20819,0,0.316874857,65,0,299.0,,8,0,0,0,0.0
20820,0,0.169297261,42,0,0.328329298,2064.0,9,0,0,0,0.0
20821,1,0.704662667,50,3,0.694834075,5845.0,18,0,3,0,2.0
20822,0,0.028719817,40,0,0.177364527,5000.0,5,0,1,0,0.0
20823,1,0.9999998999999999,54,1,413.0,,2,0,1,0,0.0
20825,0,0.128677296,39,0,1.179394613,3600.0,15,0,2,0,3.0
20826,0,0.015767209,47,0,0.25898865600000004,5200.0,7,0,0,0,1.0
20828,1,0.465940054,24,1,0.227774855,1900.0,4,0,0,1,0.0
20829,0,0.0,34,0,1416.0,,9,0,1,0,0.0
20830,0,0.038049024,71,0,0.214397943,7000.0,4,0,1,0,0.0
20831,0,0.307113072,30,0,0.307346327,2000.0,8,0,0,0,0.0
20832,0,0.798880448,42,3,0.09700039,5133.0,6,0,0,0,1.0
20833,0,0.138538637,57,0,0.445796184,12000.0,8,0,3,0,0.0
20834,0,0.005204689,54,0,953.0,,14,0,1,0,0.0
20835,0,0.9999998999999999,27,0,0.286521388,2477.0,4,0,0,0,1.0
20836,0,0.27040878,66,0,1261.0,,18,0,0,0,0.0
20837,0,0.00377746,63,1,0.13418345199999998,6900.0,10,0,1,0,0.0
20838,0,0.22056898,37,0,0.30475124,6250.0,6,0,1,0,2.0
20839,0,0.518444923,46,1,0.406156254,7666.0,13,0,2,0,1.0
20840,0,0.635336109,71,0,1.338316286,1270.0,6,0,1,0,0.0
20842,0,0.030893924,59,0,2343.0,,4,0,2,0,0.0
20843,0,0.0,70,0,0.079976478,3400.0,4,0,0,0,0.0
20844,0,0.247096125,57,0,0.347426264,8916.0,9,0,2,0,2.0
20845,0,0.055822533,37,0,3341.0,,3,0,1,0,0.0
20846,0,0.198555957,67,0,2372.0,,3,0,1,0,0.0
20847,0,0.564246431,61,0,0.646335213,1950.0,5,0,1,0,0.0
20849,0,0.040276303,44,0,0.328238823,7000.0,5,0,1,0,1.0
20850,0,0.010492803,79,0,0.005851756,3075.0,7,0,0,0,0.0
20851,0,0.007883201999999999,72,0,0.569886023,5000.0,15,0,2,0,1.0
20852,0,0.564624614,37,0,0.20189905,2000.0,5,0,0,0,1.0
20853,0,0.009323753,79,1,18.0,,15,0,0,0,
20854,0,0.9999998999999999,67,0,1360.0,,5,0,1,0,0.0
20855,0,1.199714693,46,1,1168.0,,12,0,0,0,0.0
20856,0,0.18165629100000003,71,0,0.101469081,5853.0,11,0,0,0,0.0
20858,0,0.072568756,71,0,0.593169493,8666.0,21,0,3,0,0.0
20860,0,0.022795061000000002,68,0,0.021198157000000002,2169.0,10,0,0,0,0.0
20862,0,0.269915339,51,0,1732.0,,7,0,1,0,0.0
20863,0,0.15728208400000002,57,0,683.0,0.0,8,0,1,0,0.0
20864,0,0.025824929,42,0,0.023813852000000003,5500.0,10,0,0,0,1.0
20865,0,0.9999998999999999,45,0,1.477184841,1292.0,3,0,1,0,2.0
20867,0,0.25780936,46,0,0.416958837,7700.0,13,0,1,0,2.0
20868,0,0.04152413,43,0,0.005748563000000001,4000.0,3,0,0,0,2.0
20869,1,0.086791565,63,0,1910.0,,9,0,2,0,0.0
20870,0,0.009119818,89,0,0.003249188,4000.0,3,0,0,0,0.0
20871,0,0.0,33,0,0.188946015,2333.0,6,0,0,0,0.0
20874,0,0.924153676,45,1,0.9638554220000001,3900.0,13,0,2,0,2.0
20875,0,0.7806795190000001,43,0,1.864003312,4830.0,7,0,4,0,0.0
20876,0,0.659486599,53,0,0.673248648,7950.0,23,0,2,0,0.0
20877,0,0.770206462,49,2,0.7333153570000001,7416.0,9,0,1,0,1.0
20878,0,0.908241545,52,0,0.644922426,2835.0,9,2,2,0,1.0
20881,0,0.060674112,63,0,2884.0,,22,0,2,0,1.0
20882,1,0.0,57,0,0.47348055899999997,10595.0,13,0,5,0,1.0
20883,0,0.063287595,42,0,0.3388036,11333.0,12,0,6,0,0.0
20886,0,0.17895317600000002,50,0,0.231287425,4007.0,7,0,1,0,0.0
20887,0,0.00708771,30,0,1.881632653,734.0,5,0,1,0,0.0
20888,0,0.053797847999999995,32,0,0.42136473,11635.0,4,0,2,0,0.0
20889,0,0.0274926,54,0,0.264073593,10000.0,10,0,1,0,0.0
20890,0,0.49248629299999996,51,2,0.548461137,9584.0,20,0,6,0,2.0
20891,0,0.0,63,0,0.27517941100000004,4040.0,9,0,1,0,0.0
20893,0,0.279147235,22,0,0.007283321,2745.0,2,0,0,0,0.0
20894,0,0.878037438,30,2,923.0,,7,0,0,0,0.0
20895,1,0.0,25,0,0.0,,3,0,0,0,1.0
20900,0,0.9999998999999999,55,0,0.17950564,12500.0,5,0,1,1,0.0
20902,0,0.064035494,24,0,0.262458472,300.0,5,0,0,0,0.0
20903,0,0.013458146,54,0,0.247986223,18000.0,11,0,1,0,2.0
20906,0,0.045255002999999995,61,1,0.551390191,3200.0,17,0,1,0,0.0
20907,0,0.021738185,63,0,183.0,,3,0,0,0,0.0
20908,1,0.939488785,47,0,0.21678681800000002,3883.0,6,0,0,0,4.0
20909,1,0.0,50,2,0.541864534,4000.0,7,0,0,0,2.0
20910,0,0.135157409,61,0,0.23315602800000002,5639.0,8,0,1,0,0.0
20912,0,0.094895255,53,0,0.192629098,14000.0,14,0,1,0,1.0
20915,0,0.8756566790000001,35,0,2131.0,,10,0,0,0,0.0
20916,0,0.130021448,48,0,0.010697673999999999,6449.0,7,0,0,0,0.0
20917,0,0.149142374,45,0,0.341023069,3987.0,6,0,1,0,3.0
20920,0,0.0,49,2,0.577305451,5833.0,5,0,2,0,3.0
20922,0,0.879824035,62,1,489.0,,3,0,0,0,0.0
20924,0,0.9999998999999999,57,0,0.147317687,4771.0,2,0,0,0,0.0
20927,0,0.9999998999999999,47,0,0.357264274,10000.0,8,0,1,0,2.0
20929,0,0.0,64,0,1715.0,,16,0,1,0,0.0
20930,0,0.010920751999999999,61,0,0.168780668,10800.0,16,0,1,0,1.0
20932,0,0.995001666,37,1,1.5953372190000001,1200.0,7,0,1,0,2.0
20933,0,0.071226955,54,0,0.18761930699999999,11000.0,15,0,2,0,1.0
20935,0,0.886673535,32,0,0.131073785,3333.0,4,0,0,0,2.0
20936,0,0.004666045,62,0,0.161408122,6845.0,5,0,0,0,0.0
20938,0,0.050207287,70,0,0.39090469299999997,6200.0,11,0,5,0,0.0
20939,0,0.136221385,37,0,0.301396848,5583.0,30,0,1,0,0.0
20940,0,0.019634896000000002,67,0,0.5150865920000001,5600.0,15,0,1,0,1.0
20943,0,0.0,27,0,0.114690265,2824.0,4,0,0,0,0.0
20945,0,0.053717518,67,0,0.148148148,3185.0,12,0,0,0,0.0
20946,0,0.35605386899999997,64,0,0.346932387,9583.0,10,0,1,0,1.0
20948,0,0.09743610300000001,33,0,2720.0,0.0,7,0,2,0,2.0
20952,0,0.095594537,35,0,0.283584803,5500.0,5,0,1,0,2.0
20954,0,0.7808660279999999,29,0,0.376393695,2600.0,7,0,0,0,0.0
20955,1,0.9999998999999999,42,1,0.145713187,2600.0,1,2,0,0,4.0
20956,1,1.540706605,26,0,174.0,,4,0,0,0,0.0
20957,0,0.0,66,0,1709.0,,5,0,1,0,0.0
20960,0,0.0,41,0,0.108273182,1800.0,1,0,0,0,0.0
20961,0,0.523662846,53,0,1.091072499,3337.0,12,0,1,0,0.0
20962,0,0.01478636,72,1,0.47126156799999996,4105.0,13,0,2,0,0.0
20963,0,0.824933687,58,0,0.42702085100000003,3500.0,4,0,1,1,0.0
20964,0,0.613726132,44,0,0.6983254190000001,4000.0,20,0,2,0,0.0
20965,0,0.067572822,74,0,0.478595411,7147.0,13,0,2,0,0.0
20966,0,0.002509045,36,0,4.0,,5,0,0,0,0.0
20969,0,0.077263024,49,0,0.250679891,6250.0,6,0,1,0,0.0
20970,0,0.835675796,55,1,0.5091761029999999,2560.0,5,0,0,0,0.0
20971,0,0.233129328,66,0,1555.0,0.0,11,0,1,0,0.0
20972,0,0.107347913,40,0,0.241193272,3150.0,7,0,1,0,0.0
20974,0,0.041664886,64,0,28.0,,6,0,0,0,0.0
20975,0,0.988563215,52,0,0.425740916,17916.0,8,0,5,0,0.0
20976,0,0.089219235,57,0,0.183284203,5766.0,23,0,1,0,1.0
20977,0,0.18499471399999998,48,0,0.942383918,14127.0,14,0,9,0,0.0
20979,0,0.9999998999999999,35,0,0.29156947699999997,3000.0,2,0,0,0,0.0
20980,0,0.120029729,33,0,0.308527353,7000.0,6,0,2,0,1.0
20981,0,1.0497000859999999,42,1,1.531542786,1600.0,7,0,2,0,0.0
20982,0,0.269325852,63,0,0.235719569,12166.0,12,0,2,0,1.0
20983,0,0.113370079,42,0,0.40414896299999997,4000.0,8,0,2,0,2.0
20985,0,0.006232884,71,0,0.159214573,4226.0,13,0,0,0,0.0
20986,0,0.0,80,0,0.30522088399999997,2738.0,4,0,0,0,0.0
20987,0,0.17395703899999998,59,0,2039.0,,12,0,2,0,1.0
20988,0,0.008860619,57,0,0.143970282,11036.0,13,0,1,0,0.0
20990,0,0.023301238999999998,68,0,0.07123886900000001,6400.0,15,0,0,0,1.0
20992,1,0.271643215,39,3,0.47096232299999996,8333.0,13,0,2,0,3.0
20993,0,0.214893024,55,0,3414.0,,12,0,1,0,3.0
20997,0,0.0,53,0,0.0,,1,0,0,0,0.0
20998,0,0.004234915,42,1,7004.0,,16,0,1,0,
20999,0,0.9999998999999999,23,0,0.041848843999999996,1600.0,1,0,0,0,0.0
21002,0,0.12005714099999999,68,0,2.56316297,1036.0,9,0,1,0,0.0
21003,0,0.819601087,54,0,5.054228913999999,8500.0,35,0,2,0,0.0
21004,0,0.007332519,87,0,0.003117693,1282.0,4,0,0,0,0.0
21005,0,0.9999998999999999,46,0,0.18881713100000003,5883.0,4,0,1,0,2.0
21006,1,0.9038101190000001,31,0,0.41715237299999997,1200.0,4,0,0,0,0.0
21007,0,0.01639918,79,0,0.096147724,3140.0,3,0,1,0,0.0
21008,0,0.074897503,39,0,0.464321899,6908.0,7,0,2,0,1.0
21009,0,0.11474389999999998,68,0,2408.0,,6,0,1,0,
21010,0,0.9999998999999999,63,0,0.17964253300000002,3300.0,2,0,0,0,1.0
21011,0,0.010423034,61,0,0.19912600100000002,6864.0,6,0,1,0,3.0
21012,0,0.0,33,1,0.130108736,8000.0,12,0,0,0,2.0
21013,0,0.034979669,59,0,13.78730082,8283.0,8,0,2,0,3.0
21015,0,0.235808595,54,0,0.386936978,10900.0,32,0,3,0,1.0
21017,0,0.44891122299999997,42,0,2283.0,,8,0,1,0,0.0
21018,0,0.620138282,54,0,0.29573545100000004,12216.0,16,0,1,1,0.0
21019,0,0.0,38,0,0.33261912,9800.0,3,0,2,0,1.0
21020,0,0.08805709699999999,43,0,0.042160029,5573.0,13,0,0,0,1.0
21024,0,0.0031998720000000003,53,1,0.436695413,8000.0,10,0,4,0,1.0
21026,0,0.178605488,43,0,0.21407773100000002,7898.0,10,0,2,0,3.0
21030,0,0.044669510999999995,48,0,0.161992684,17222.0,5,0,1,0,1.0
21031,0,0.814437113,26,0,0.517017327,3231.0,8,0,1,0,0.0
21032,0,0.6892503959999999,58,0,0.485873736,8600.0,13,0,2,0,0.0
21033,0,0.0009483810000000001,54,0,0.04486567,45000.0,9,0,3,0,0.0
21034,0,0.0,39,0,0.498519834,1688.0,7,0,1,0,0.0
21036,1,0.709678487,53,0,0.810506312,7366.0,12,0,4,0,2.0
21037,0,0.835074675,74,0,0.38725711700000004,2212.0,8,0,0,0,0.0
21038,0,0.022413034,72,0,0.08886071,10251.0,8,0,1,0,0.0
21039,0,0.121668303,47,0,0.052273915,1912.0,2,0,0,0,2.0
21040,0,0.11075339599999999,63,1,135.0,,4,0,0,0,
21042,0,0.9999998999999999,38,0,0.0,7000.0,0,0,0,0,1.0
21043,0,0.003217251,70,0,0.28995085600000003,5900.0,6,1,1,0,0.0
21044,0,0.136908303,38,1,0.288704819,6639.0,11,0,0,0,2.0
21046,0,0.288492201,64,0,0.612414942,7200.0,16,0,2,0,1.0
21047,1,0.36977058,48,0,0.190155739,5200.0,9,0,0,0,2.0
21049,0,0.004922698,69,0,1.302521942,9000.0,7,0,3,0,0.0
21051,0,0.36050141799999996,64,0,0.59710106,7450.0,13,0,2,0,0.0
21053,0,0.477503214,27,0,0.37305078,2500.0,6,0,0,0,0.0
21054,0,0.044208209000000005,66,0,1158.0,,6,0,2,0,0.0
21055,0,0.007643579,28,2,0.10877824400000001,5000.0,9,0,0,0,0.0
21057,0,0.04995005,43,0,0.336319894,6026.0,5,0,1,0,0.0
21058,0,0.048822937000000004,50,0,0.10852982,5767.0,8,0,1,0,1.0
21059,0,0.0,51,0,0.234144987,10800.0,10,0,2,0,1.0
21064,0,0.028902999999999998,43,0,0.004072566,2700.0,5,0,0,0,0.0
21065,0,0.8093671379999999,35,0,0.160199266,3813.0,7,0,0,0,3.0
21066,0,0.033297186,70,0,0.473914402,3200.0,14,0,1,0,1.0
21067,0,0.69581862,45,0,0.370772176,4700.0,6,0,1,0,0.0
21068,0,0.431042404,52,0,0.449060743,7292.0,7,0,1,0,0.0
21069,0,0.09225166900000001,63,0,0.8320559809999999,3000.0,9,0,2,0,0.0
21070,0,0.0270025,74,0,0.253725918,5501.0,29,0,2,0,1.0
21071,0,0.21987801199999998,56,1,0.447776112,2000.0,7,0,0,0,2.0
21072,0,0.41870734600000004,31,0,0.153381186,5293.0,15,0,0,0,2.0
21073,1,0.995006242,47,0,0.00956106,2300.0,3,0,0,1,0.0
21074,0,1.002932942,28,0,0.09982862,2333.0,2,0,0,0,0.0
21075,0,0.027906362,61,0,0.315943851,9545.0,27,0,2,0,0.0
21076,0,0.199400009,56,0,1.371019843,2166.0,10,0,2,0,0.0
21077,0,0.827381813,46,1,0.26123672,7341.0,13,0,0,0,0.0
21080,0,0.191196481,40,0,2122.0,,8,0,1,0,1.0
21082,0,0.42036016200000004,59,0,0.334477562,11943.0,9,0,4,0,0.0
21085,1,0.9816727759999999,58,1,0.923397169,1200.0,10,9,0,1,1.0
21086,0,0.047053635999999996,65,0,0.541826554,2605.0,11,0,0,0,0.0
21088,0,0.052421419000000004,63,0,4121.0,,5,0,1,0,0.0
21090,0,0.01456028,56,0,0.23297192100000003,3596.0,9,0,1,0,2.0
21092,1,0.9482383390000001,54,1,0.604056563,7000.0,7,0,3,0,0.0
21093,0,0.1742582,41,0,0.12151821199999999,9800.0,13,0,0,0,0.0
21094,0,0.699133698,47,0,0.496138119,2200.0,11,0,0,0,0.0
21095,0,0.857142857,69,0,1573.0,,17,0,0,0,2.0
21096,0,0.7240112009999999,68,0,0.014586519,8500.0,3,0,0,0,1.0
21097,0,0.095952785,56,0,0.242920258,13806.0,6,0,2,0,0.0
21100,0,0.638312444,45,1,0.04603469,9166.0,6,0,0,0,0.0
21101,0,0.136111111,55,1,0.242154957,3600.0,3,5,0,1,1.0
21102,0,0.034048298,67,0,20.0,,3,0,0,0,0.0
21103,0,0.166379564,66,0,0.320094971,4632.0,7,0,2,0,0.0
21104,0,0.361799948,30,0,0.481842007,2670.0,7,0,0,0,0.0
21106,0,0.039377048,37,0,2407.0,,5,0,2,0,0.0
21107,0,0.14937836300000001,68,1,0.023018436,9600.0,5,0,0,0,0.0
21108,0,0.767303546,33,1,0.226410731,4323.0,7,0,0,0,0.0
21109,0,0.535997576,66,0,0.779512462,3650.0,10,0,2,0,0.0
21112,0,0.0,76,0,1354.0,,17,0,1,0,0.0
21113,0,0.002091558,79,0,0.000607903,6579.0,8,0,0,0,0.0
21115,0,0.9999998999999999,24,0,0.039415497,5200.0,3,0,0,0,1.0
21117,0,0.207682494,42,0,0.444470896,8400.0,10,0,2,0,0.0
21118,0,0.7630296209999999,39,0,1.9928622409999999,1400.0,4,0,1,0,2.0
21121,0,0.063933587,63,0,3498.0,,7,0,1,0,0.0
21123,0,0.007665495,57,0,0.311327311,12950.0,13,0,1,0,0.0
21124,1,1.1129568109999999,33,4,0.142009829,5900.0,3,2,0,0,0.0
21125,0,0.0,58,0,0.361177779,17082.0,19,0,7,0,0.0
21127,0,0.002063786,88,0,0.000761325,2626.0,2,0,0,0,0.0
21128,0,0.110736929,59,0,0.417435823,13867.0,12,0,3,0,0.0
21129,0,0.800879648,46,0,0.178626972,4500.0,5,0,1,0,1.0
21130,0,0.0,76,3,0.21232306399999998,1200.0,5,0,0,1,0.0
21131,0,0.125313225,62,0,0.35081005200000004,7838.0,8,0,2,0,0.0
21132,0,0.593924099,53,0,0.611564739,6000.0,6,0,2,0,0.0
21133,0,0.0,53,0,0.284974093,3473.0,6,0,1,0,0.0
21135,0,0.008483779,85,0,0.0051979209999999994,2500.0,6,0,0,0,0.0
21136,0,0.96590341,52,0,0.559622019,6666.0,8,0,2,0,3.0
21138,0,0.11822939199999999,57,0,3639.0,,11,0,2,0,
21139,0,0.28882232399999996,47,1,0.63113069,3404.0,9,0,2,0,2.0
21141,0,0.756587855,51,3,0.184788431,5600.0,14,0,0,0,0.0
21142,0,0.584205148,49,1,0.476327806,4160.0,11,0,1,0,0.0
21143,0,0.255220664,60,1,0.45686535899999997,5250.0,12,0,2,0,0.0
21147,0,0.09718538,73,0,0.331192404,3580.0,28,0,1,0,0.0
21151,0,0.134533509,62,0,2674.0,,11,0,2,0,1.0
21154,0,0.024866113999999998,60,0,0.003013423,10950.0,3,0,0,0,2.0
21156,0,0.020002521000000002,68,0,1820.0,,7,0,2,0,0.0
21159,0,0.40495720700000004,56,4,0.272877733,14500.0,12,0,2,2,3.0
21160,0,0.007044179,71,0,2603.0,,6,0,1,0,0.0
21161,0,0.9999998999999999,36,0,0.558882236,500.0,1,0,1,0,0.0
21163,0,0.050959415999999993,41,0,0.236689142,4300.0,16,0,1,0,2.0
21164,0,0.019505852,60,0,13.0,,4,0,0,0,
21165,0,0.612929909,48,0,0.401154891,8831.0,12,0,1,0,3.0
21166,0,0.002405774,51,0,0.27549796,4166.0,13,0,0,0,3.0
21168,0,0.023018788,75,0,35.0,,2,0,0,0,0.0
21170,0,0.865641795,42,0,0.440930571,2750.0,5,0,1,0,2.0
21171,0,0.003498936,71,0,0.163334591,2650.0,5,0,0,0,0.0
21175,0,0.10513047199999999,52,1,0.692662256,13450.0,17,0,7,0,0.0
21176,0,0.23710751100000002,77,0,0.33839444399999996,6190.0,4,0,2,0,1.0
21177,0,0.001419318,58,0,0.000256345,3900.0,11,0,0,0,0.0
21179,0,0.079369161,74,0,0.605904059,8129.0,6,0,2,0,1.0
21181,0,0.176989669,63,0,0.35596057299999995,5376.0,11,0,2,0,0.0
21182,1,0.9999998999999999,28,0,0.161389961,2589.0,1,0,0,1,1.0
21183,0,0.301094982,60,0,1889.0,,7,0,1,0,0.0
21184,0,0.257418555,64,0,0.303174206,4000.0,11,0,1,0,0.0
21185,0,0.047105185,62,0,0.420760697,3785.0,12,0,1,0,1.0
21186,1,0.9999998999999999,38,1,0.096028689,7528.0,2,1,1,0,4.0
21187,0,0.28904189199999997,40,0,0.24328859100000003,2383.0,6,0,0,0,2.0
21188,0,0.032253947000000005,37,0,0.581324763,5600.0,6,0,3,0,0.0
21190,0,0.9999998999999999,22,0,0.0,820.0,1,0,0,0,0.0
21191,0,0.11012317099999999,49,0,0.292948282,25000.0,10,0,2,0,0.0
21192,1,0.006825281999999999,41,0,1.45989179,4250.0,16,0,3,0,3.0
21193,0,0.009285271999999999,66,0,5.0,,3,0,0,0,0.0
21194,0,0.017262552,63,0,0.460890961,7721.0,12,0,2,0,0.0
21195,0,0.36477001299999995,51,0,1.3157319170000001,6400.0,12,0,2,0,4.0
21197,0,0.234399181,42,0,0.230195382,11259.0,13,0,2,0,2.0
21200,0,0.013694601,53,0,0.314027551,6750.0,8,0,2,0,2.0
21202,0,0.9999998999999999,52,0,0.0,3666.0,3,0,0,0,0.0
21203,0,0.032236742,80,1,0.12821221300000002,7237.0,6,0,1,0,0.0
21205,0,0.9999998999999999,68,0,0.093396475,3800.0,2,0,0,0,0.0
21206,0,0.020765053000000002,76,0,3548.0,,19,0,2,0,0.0
21207,0,0.088039626,53,0,0.211589472,4900.0,7,0,1,0,1.0
21209,0,0.0037221190000000003,37,0,0.001355932,2949.0,3,0,0,0,0.0
21210,0,0.033748312999999995,59,0,0.11696435300000001,13268.0,3,0,1,0,0.0
21212,0,0.505690884,61,1,0.467271031,7500.0,15,0,0,0,0.0
21213,0,0.918893395,58,2,1133.0,,8,0,1,0,0.0
21214,0,0.10099540900000001,59,0,33.0,1.0,2,0,0,0,0.0
21217,0,0.061926219000000005,50,0,2975.0,,4,0,1,0,0.0
21218,1,0.470405565,40,1,1.51665433,1350.0,13,0,1,0,3.0
21219,0,0.06808472,52,0,740.0,,5,0,1,0,0.0
21220,0,0.212645169,42,0,0.072887952,12333.0,5,0,1,0,4.0
21221,0,0.007674808000000001,44,0,0.7389044379999999,2500.0,6,0,2,0,0.0
21222,0,0.014465496999999999,63,1,2519.0,,14,0,1,0,
21224,1,0.8581309109999999,77,6,0.314021255,2916.0,21,1,0,1,0.0
21225,0,0.019189895,62,0,0.162824966,9500.0,6,0,2,0,0.0
21226,0,0.002976925,87,0,0.146420935,9820.0,7,0,1,0,1.0
21227,0,0.23613977,60,0,0.40924592600000004,7916.0,7,0,2,0,0.0
21228,0,0.029096662000000002,57,0,0.163274052,4666.0,8,0,1,0,1.0
21230,0,1.027486257,35,1,0.013552544,4500.0,1,0,0,0,2.0
21231,0,0.569314589,63,6,2662.0,,16,0,1,1,0.0
21232,0,0.7138019590000001,50,0,7483.0,,19,0,2,0,1.0
21234,0,0.18299085,72,0,0.024744607999999998,4404.0,2,0,0,0,0.0
21235,0,0.088324973,52,0,0.35604064700000004,5313.0,10,0,1,0,2.0
21236,0,0.44068827299999996,65,1,0.349457246,5250.0,11,0,0,0,1.0
21237,0,0.2042922,51,0,548.0,0.0,10,0,0,0,0.0
21238,0,0.0,75,0,0.048991835,6000.0,8,0,0,0,0.0
21242,1,1.096866097,42,0,200.0,,2,0,0,0,0.0
21244,0,0.046174772999999995,48,0,0.19338159300000002,2900.0,9,0,0,0,0.0
21245,0,0.085189924,64,0,0.265146971,5000.0,9,0,1,0,0.0
21248,0,0.004120713,44,0,0.891656063,5500.0,4,0,2,0,3.0
21249,0,0.139715754,46,0,0.131449765,18333.0,4,0,1,0,2.0
21250,0,0.0,80,0,0.0,2596.0,2,0,0,0,1.0
21251,0,0.9999998999999999,28,0,0.18987341800000002,1500.0,1,0,0,0,0.0
21253,0,0.023896103999999998,79,0,0.21213131100000002,6000.0,8,0,1,0,0.0
21255,0,0.791866555,38,4,0.709716114,2500.0,9,0,1,0,2.0
21256,0,0.33283622,50,0,259.0,,3,0,0,0,0.0
21257,0,0.295796756,33,0,0.43931461200000005,2100.0,9,0,0,0,1.0
21258,0,0.0,47,0,0.435893604,6691.0,7,0,3,0,3.0
21259,0,0.061198037000000004,40,0,0.41611677700000005,5000.0,6,0,1,0,0.0
21261,0,0.450610988,42,0,0.7010707909999999,3361.0,4,0,0,0,0.0
21262,0,0.010499475,66,0,0.370050396,4166.0,6,0,2,0,0.0
21263,1,0.18586838600000002,38,0,0.430214486,3216.0,11,0,1,0,3.0
21265,0,0.9999998999999999,30,0,20.0,,0,3,0,0,0.0
21267,0,0.41918800100000003,44,0,234.0,,4,0,0,0,0.0
21268,0,0.9999998999999999,30,1,0.39406053700000004,1750.0,2,0,0,0,0.0
21269,0,0.008980135,81,0,0.003787305,6600.0,10,0,0,0,0.0
21271,0,0.037952543,46,0,0.820436875,2700.0,9,0,1,0,1.0
21274,0,0.013070916,72,0,0.01998002,1000.0,8,0,0,0,0.0
21275,0,0.9999998999999999,46,1,0.46519704100000003,13245.0,6,0,2,0,3.0
21276,0,0.754416372,50,0,0.418762746,2941.0,5,0,1,0,0.0
21279,0,0.0,22,0,0.0,1500.0,2,0,0,0,0.0
21280,0,0.01843041,62,0,3619.0,,13,0,2,0,0.0
21281,0,0.32512859999999993,38,4,2033.0,,9,0,1,1,0.0
21282,0,0.02199945,43,0,0.210233273,10416.0,5,0,1,0,0.0
21283,0,0.0,40,0,0.245647599,10453.0,6,0,2,0,0.0
21284,0,0.207545482,48,0,0.20796077300000002,10400.0,11,0,1,0,0.0
21288,0,0.053439922,75,0,1.240094619,1690.0,23,0,2,0,0.0
21289,0,0.863763348,71,0,0.283347615,3500.0,2,0,0,0,0.0
21292,0,0.225949961,32,0,0.334605113,2620.0,4,0,2,0,0.0
21293,0,0.029217916,77,0,0.11551280800000001,10500.0,16,0,2,0,0.0
21294,0,0.012856308,84,0,5.0,,8,0,0,0,0.0
21295,0,0.285490531,47,0,0.35511315299999996,5876.0,8,0,1,0,0.0
21296,0,0.370141454,31,0,2802.0,,6,0,0,0,1.0
21299,0,0.9999998999999999,31,0,0.157134925,1800.0,0,0,0,0,0.0
21302,0,0.076711186,84,0,0.109873157,5833.0,10,0,0,0,0.0
21303,1,0.9999998999999999,42,0,1.766860949,1200.0,2,0,1,0,2.0
21304,0,0.039464036,49,0,0.14797136,3770.0,3,0,1,0,0.0
21309,0,0.238900522,62,0,3734.0,,18,0,2,0,0.0
21313,0,0.016773843,58,0,0.08249057,18292.0,9,0,1,0,5.0
21314,1,0.12222149800000001,33,0,0.242651657,3197.0,7,0,0,0,0.0
21315,0,0.9999998999999999,25,0,0.0,850.0,1,0,0,0,0.0
21318,0,0.259475143,45,0,0.637870855,4583.0,7,0,2,0,3.0
21319,0,0.023223342,86,0,0.008497876,4000.0,5,0,0,0,0.0
21321,0,0.004969985,59,0,0.246900413,7500.0,7,0,1,0,0.0
21322,0,0.11559486199999999,42,0,0.258883249,4333.0,11,0,2,0,0.0
21324,0,0.003682973,95,0,14.0,,12,0,0,0,
21325,1,0.61461794,31,0,140.0,,1,0,0,0,1.0
21326,0,0.154989667,43,0,0.39543409399999996,6000.0,6,0,2,0,1.0
21328,0,0.232908195,53,0,2612.0,,8,0,1,0,4.0
21330,0,0.08742918699999999,65,0,140.0,,3,0,0,0,
21331,0,0.176832927,44,0,0.25972602699999997,1824.0,7,0,0,0,1.0
21332,0,0.34972643200000003,46,0,915.0,,7,0,1,0,0.0
21334,0,0.446098227,56,0,0.568937456,4300.0,11,0,2,0,0.0
21335,0,0.9287350000000001,48,0,3475.0,,12,0,2,0,0.0
21336,0,0.8698283109999999,51,0,0.220603054,12900.0,7,0,1,0,1.0
21338,0,0.09198291,33,0,0.8428571429999999,2449.0,11,0,2,0,0.0
21339,0,0.8652541779999999,54,0,401.0,,3,0,0,0,2.0
21341,0,0.131507805,40,0,0.111688831,10000.0,9,0,0,0,0.0
21342,0,0.88701883,31,0,360.0,,2,0,0,0,0.0
21344,0,0.026440379,65,0,0.454718598,10500.0,7,0,2,0,1.0
21345,0,0.0,52,0,0.139019057,3200.0,4,1,0,1,1.0
21347,0,0.050949466,53,1,0.239980002,12000.0,13,0,2,0,1.0
21348,0,0.0,26,1,0.12482148,3500.0,7,0,0,0,0.0
21349,0,0.0,61,0,0.0,2600.0,1,0,0,0,0.0
21350,0,0.12643396099999998,68,0,0.169433465,7589.0,3,0,1,0,0.0
21351,0,0.991389367,61,0,0.25232678399999997,2900.0,6,0,0,0,0.0
21352,0,0.012483675,61,1,0.22511542,5414.0,6,0,1,0,0.0
21354,0,0.502608076,62,0,0.268205381,8101.0,8,0,1,0,1.0
21355,0,0.063575628,48,0,0.028535722000000003,4800.0,10,0,0,0,2.0
21357,0,0.228941292,45,0,0.604378555,5800.0,9,0,2,0,0.0
21358,0,0.172995977,60,0,0.375832354,5105.0,12,0,1,0,2.0
21360,0,0.9999998999999999,75,0,0.003498251,2000.0,1,0,0,0,0.0
21362,0,0.0,57,0,0.14256225,7750.0,9,0,1,0,0.0
21363,0,0.9999998999999999,30,0,41.0,,3,1,0,0,1.0
21364,0,0.185781422,55,0,0.20835594100000002,12900.0,2,0,1,0,0.0
21365,0,0.008086839,79,0,0.013053168,3140.0,8,0,0,0,0.0
21366,1,0.9849429479999999,48,0,0.407869482,2083.0,4,1,0,0,3.0
21368,0,0.28028578600000004,52,0,0.079287631,8197.0,11,0,0,0,0.0
21369,0,0.015124374,60,1,0.28919565,12966.0,10,0,4,0,2.0
21370,0,0.0015941570000000001,64,0,4262.0,,10,1,2,0,0.0
21371,0,0.7903162140000001,48,0,0.49209586899999996,5882.0,10,0,1,0,0.0
21372,0,0.028126287000000003,71,0,0.00733089,3000.0,3,0,0,0,0.0
21373,0,0.074746886,78,0,0.014397121,5000.0,7,0,0,0,0.0
21374,0,0.9999998999999999,37,98,0.0,,0,98,0,98,0.0
21376,0,1.044977511,57,1,0.494150181,4700.0,6,0,2,0,0.0
21377,0,0.9999998999999999,21,0,0.0,1.0,1,0,0,0,0.0
21378,0,0.807717673,42,0,0.406203515,18150.0,10,0,2,0,0.0
21379,0,0.847315706,57,2,1.780917192,4600.0,24,0,3,0,0.0
21380,0,0.31166293899999997,46,0,0.46664242899999997,5500.0,11,0,2,0,2.0
21382,0,0.01590335,62,0,2015.0,,11,0,2,0,2.0
21383,0,0.37007188,40,0,0.258630447,5300.0,12,0,0,0,0.0
21384,0,0.007705101,87,0,12.0,,11,0,0,0,
21386,0,0.050041666,54,0,1343.0,,10,0,1,0,0.0
21387,0,0.387215271,37,0,0.284518159,18750.0,12,0,1,0,2.0
21388,0,0.143663234,62,0,0.19563406100000003,6000.0,12,0,2,0,0.0
21390,0,0.043089191,66,0,185.0,,6,0,0,0,0.0
21391,0,0.232792635,58,0,0.49458784299999997,1200.0,4,0,0,0,0.0
21392,0,0.665952454,35,6,1252.0,,14,0,0,2,0.0
21393,0,0.559369136,37,0,0.349334601,4207.0,17,0,0,0,0.0
21394,0,0.256371814,23,0,0.018270401999999998,820.0,2,0,0,0,0.0
21395,0,0.7348693059999999,54,0,0.35851636600000003,11700.0,5,0,2,0,0.0
21396,0,0.049298339000000004,85,0,0.079704017,4729.0,11,0,1,0,0.0
21397,0,0.043573482999999996,59,1,0.293465801,7850.0,12,0,1,0,0.0
21398,0,0.536454745,54,0,0.761136395,7250.0,14,0,3,0,3.0
21399,0,0.11114927,47,0,0.29890848,13100.0,7,0,2,0,3.0
21400,0,0.009268494,62,0,0.090164724,10380.0,10,0,1,0,0.0
21401,0,0.538822151,67,0,0.337654161,27000.0,21,0,4,0,2.0
21404,0,0.0,59,0,2534.0,,6,0,1,0,2.0
21406,0,0.9999998999999999,46,0,0.481707317,5083.0,4,0,2,0,2.0
21407,0,0.0,34,0,259.0,,4,0,0,0,0.0
21408,0,0.025891985,70,0,0.013496626000000001,4000.0,12,0,0,0,1.0
21409,1,0.586565225,45,0,0.540204983,12000.0,11,0,2,0,0.0
21410,1,0.0,36,1,799.0,,6,1,0,0,0.0
21412,0,0.280510888,54,0,0.260894925,12000.0,21,0,2,0,2.0
21413,0,0.019436516,39,0,0.262080457,4200.0,13,0,1,0,1.0
21414,0,0.383193351,44,0,0.547989624,3083.0,10,0,1,0,0.0
21415,0,0.007355072,59,0,0.458620081,5666.0,20,0,3,0,2.0
21419,0,0.918333207,71,1,0.546064848,7000.0,11,0,1,0,1.0
21421,0,0.015242145,42,0,0.004666045,7500.0,6,0,0,0,1.0
21427,1,0.267667999,61,1,0.577568714,5420.0,29,0,5,0,0.0
21428,0,0.040890581,36,0,0.256752175,8848.0,7,0,2,0,2.0
21429,0,0.9999998999999999,88,1,664.0,,5,0,1,0,0.0
21430,0,0.796440712,53,0,0.572932331,5984.0,7,1,2,0,1.0
21431,1,0.9999998999999999,64,0,2939.0,,4,5,1,3,
21432,0,0.261821129,50,0,0.019996924,6500.0,4,0,0,0,0.0
21433,0,0.27940557,56,0,0.421485163,20320.0,19,0,3,0,0.0
21434,0,0.051329056,57,0,0.048915550999999995,2166.0,5,0,0,0,3.0
21435,0,0.043152498,58,0,1322.0,,8,0,1,0,0.0
21437,0,0.9999998999999999,28,1,0.141239174,1500.0,3,0,0,0,0.0
21438,0,0.040334012,66,0,0.008570449,5833.0,11,0,0,0,0.0
21439,0,0.016554373,69,0,0.008854613,3500.0,5,0,0,0,0.0
21440,0,0.014972272,75,0,0.006188511999999999,6301.0,11,0,0,0,0.0
21442,0,0.46660519,67,0,3665.0,,13,0,1,0,3.0
21443,0,0.016969183,76,0,0.004847016,3300.0,6,0,0,0,0.0
21445,0,0.0,23,1,0.0,1500.0,5,0,0,0,0.0
21446,0,0.0,60,0,0.0,,11,0,0,0,0.0
21447,0,0.069979444,34,0,0.248242462,6400.0,20,0,1,0,0.0
21449,0,0.417018591,37,0,0.547445255,10000.0,15,0,3,0,1.0
21450,0,0.05535598,59,1,0.205774029,8416.0,9,0,1,0,1.0
21454,0,0.12312225199999999,82,0,0.09240160000000001,4750.0,5,0,0,0,0.0
21455,0,0.44547182399999996,82,0,0.19240971199999998,4900.0,6,0,0,0,0.0
21457,0,0.148235812,48,0,0.36627772200000003,12940.0,10,0,2,0,0.0
21458,0,0.12392885599999999,34,0,0.863668808,1400.0,17,0,2,0,0.0
21459,0,0.391519292,33,0,1.080467125,6250.0,15,0,2,0,0.0
21461,0,0.0,72,0,0.0,2500.0,2,0,0,0,0.0
21463,1,0.502386789,81,0,0.37504998,2500.0,9,1,1,0,0.0
21466,0,0.9783940659999999,31,0,0.024993057000000003,3600.0,2,1,0,1,3.0
21467,0,0.027316211,48,0,0.344244634,12066.0,22,0,8,0,0.0
21469,0,0.09993877699999999,37,0,814.0,,5,0,0,0,0.0
21471,0,0.034152436,42,0,0.545704525,12000.0,20,0,4,0,2.0
21473,0,0.384331876,55,0,987.0,,3,0,1,0,0.0
21476,0,0.404403522,67,0,0.112710523,13893.0,11,0,0,0,0.0
21477,0,0.38126983299999995,72,1,0.166286119,12700.0,13,0,1,1,1.0
21478,0,0.24485199800000002,68,0,0.515521451,2866.0,17,0,1,0,2.0
21479,0,0.955440713,43,0,0.019135847,125000.0,9,0,0,0,1.0
21480,0,0.169240983,48,0,0.221202003,9583.0,9,0,1,0,0.0
21482,0,0.9999998999999999,60,0,25.0,,0,1,0,0,0.0
21483,0,0.720090115,68,1,2362.0,,17,0,1,0,0.0
21484,0,0.023405477,66,0,0.021654636,1800.0,5,0,0,0,0.0
21485,0,0.747872882,68,1,0.451637185,2656.0,4,0,1,0,0.0
21486,0,0.374754469,48,1,2422.0,,7,0,1,0,1.0
21487,0,0.191268028,76,0,0.453091151,6000.0,11,0,1,0,0.0
21488,0,0.285316041,75,0,0.067853705,2077.0,6,0,0,0,0.0
21490,0,0.7284362090000001,59,0,3259.0,,3,4,1,0,0.0
21491,0,0.0,59,1,0.340856244,7310.0,7,0,2,0,0.0
21492,0,0.41918748200000006,60,0,0.453648915,3548.0,8,0,1,0,0.0
21493,0,0.9999998999999999,43,0,736.0,,3,0,1,0,0.0
21494,0,0.081570768,28,0,32.0,,4,0,0,0,0.0
21495,0,0.099220285,48,0,0.523671847,2766.0,8,0,2,0,1.0
21497,0,0.03984696,68,0,0.008306414,6500.0,6,0,0,0,0.0
21498,0,0.015929266,76,0,0.0020796670000000003,6250.0,3,0,0,0,0.0
21499,0,0.12240834199999999,55,0,0.413673036,11774.0,11,0,3,0,0.0
21500,0,0.049662564000000006,31,0,0.030372048,77274.0,6,0,1,0,0.0
21501,0,0.924415117,38,0,0.274227423,3332.0,6,0,0,0,3.0
21507,0,0.095687917,47,1,0.078014184,8600.0,23,0,0,0,5.0
21508,0,0.37939710600000004,74,0,6069.0,,12,0,3,0,0.0
21509,0,0.044530365,56,0,0.009995002,2000.0,1,0,0,0,1.0
21511,0,0.043414858,65,0,0.008373852,3701.0,2,0,0,0,1.0
21513,0,0.932303085,26,0,0.664167916,1333.0,8,0,1,0,0.0
21514,0,0.900999945,53,0,735.0,,5,0,0,0,0.0
21517,0,0.630793072,51,0,0.633341665,4000.0,8,0,1,0,1.0
21518,0,0.042836041,68,0,11.0,,3,0,0,0,
21519,0,0.032509411,86,0,0.39456145,3750.0,13,0,1,0,1.0
21520,0,0.410117701,54,0,0.301733333,7499.0,11,0,1,0,0.0
21522,0,0.27582567199999997,64,0,0.167620454,10833.0,6,0,1,0,1.0
21523,0,0.110154001,50,0,0.291688724,17000.0,15,0,2,0,3.0
21524,0,0.36319142200000004,49,0,0.46627239200000004,11666.0,17,0,1,0,2.0
21525,0,0.0,52,0,0.36297384299999996,17700.0,13,0,4,0,3.0
21526,0,1.034643571,25,1,0.017685506,2600.0,2,0,0,0,0.0
21527,0,0.7541727559999999,48,0,0.568279936,4400.0,6,0,2,0,0.0
21528,0,0.220303926,59,0,0.334702259,11687.0,13,0,2,0,1.0
21530,0,0.322264104,57,0,1646.0,,8,0,1,0,0.0
21532,0,0.209431415,67,0,0.6935572179999999,5478.0,12,0,1,0,1.0
21534,0,0.046663839000000006,32,0,21.0,,6,0,0,0,0.0
21535,0,0.029226242000000003,65,0,0.268698504,12500.0,18,0,4,0,1.0
21537,0,0.044314433,43,0,0.5161753339999999,9056.0,10,0,2,0,2.0
21538,0,0.9215304459999999,45,0,0.36230655100000003,9433.0,6,0,1,0,3.0
21539,0,0.0,27,1,0.678431373,764.0,4,0,0,0,0.0
21541,0,0.062475777,32,0,0.237565445,4583.0,6,0,1,0,0.0
21542,0,0.008394716,42,0,0.195584989,40769.0,10,0,2,0,3.0
21543,0,0.14660387,56,2,0.44878915799999997,4500.0,16,0,1,0,0.0
21544,0,0.9999998999999999,61,0,1531.0,,2,0,1,0,0.0
21548,0,0.137720226,64,0,0.17964670600000002,9000.0,15,0,2,0,0.0
21549,0,0.070238892,61,0,0.21282940399999997,14419.0,13,0,1,0,1.0
21554,1,0.090071648,44,0,0.54059175,6860.0,5,0,2,0,0.0
21556,0,0.018165304,23,0,0.0,,1,0,0,0,
21557,0,0.8365592390000001,56,3,0.401713841,3850.0,10,0,2,0,0.0
21558,1,0.9999998999999999,27,0,0.133223296,4240.0,1,1,0,0,1.0
21559,0,0.328235951,50,1,0.528994728,5500.0,9,0,2,0,0.0
21562,0,0.719056189,46,0,0.44049904,2083.0,4,0,1,0,0.0
21563,0,0.0,65,0,3.0,,2,0,0,0,0.0
21564,0,0.0,85,0,2.0,,3,0,0,0,
21566,0,0.843464965,50,1,0.737849958,8250.0,13,0,4,0,3.0
21567,0,0.006765100000000001,57,0,0.164845385,4300.0,12,0,0,0,0.0
21568,0,0.867430712,83,0,0.788075745,16000.0,17,0,2,0,1.0
21569,0,0.642059657,41,0,0.429857014,10000.0,6,0,3,0,2.0
21570,0,0.085715721,72,0,0.996088657,2300.0,19,0,2,0,0.0
21571,0,0.149114307,40,0,0.407836714,7936.0,10,0,1,0,0.0
21572,0,0.8376324740000001,56,0,2936.0,,9,0,2,0,
21574,0,0.158394587,67,0,0.23875225,5000.0,9,0,1,0,0.0
21575,0,0.020159194,61,0,0.307711536,8000.0,8,0,2,0,3.0
21576,1,0.6724231959999999,26,2,0.133182418,5300.0,5,1,0,0,0.0
21577,0,0.008830713,85,0,0.0017140410000000001,7000.0,7,0,0,0,0.0
21579,0,0.052824529,35,0,0.24879923199999998,1040.0,8,0,0,0,0.0
21580,0,0.009516443000000001,58,0,0.021640489,2864.0,13,0,0,0,0.0
21581,1,0.9999998999999999,29,0,0.516571724,3861.0,4,0,2,0,1.0
21583,0,0.636363636,64,0,597.0,,2,0,0,0,0.0
21584,0,0.38465144100000004,47,1,5244.0,,9,0,2,0,2.0
21586,0,0.9999998999999999,30,1,202.0,,1,0,0,0,0.0
21588,0,0.470294647,54,0,0.445228684,7083.0,11,0,1,0,0.0
21589,0,0.085448791,56,0,1343.0,,7,0,1,0,1.0
21590,0,0.004047426,38,0,0.282179455,4000.0,2,0,1,0,0.0
21592,0,0.20526577699999998,46,0,0.326764228,15374.0,28,0,3,0,0.0
21594,0,0.753634336,25,0,0.10337932400000001,5000.0,9,0,0,0,0.0
21595,1,0.968031968,42,1,0.622810765,2340.0,5,2,0,0,1.0
21596,0,0.8966041359999999,52,0,0.7828220859999999,2444.0,11,0,0,0,0.0
21597,0,0.9999998999999999,45,0,0.19249171899999998,2716.0,3,0,0,0,2.0
21598,0,0.369826435,58,4,1979.0,,13,0,2,0,
21600,0,0.0,61,0,0.414166828,5166.0,5,0,1,0,1.0
21601,0,0.528270444,47,3,0.090993934,15000.0,8,0,0,0,1.0
21602,0,0.038431379,55,0,2510.0,,20,0,1,0,0.0
21603,0,0.007314391,69,0,0.000794123,10073.0,5,0,0,0,0.0
21604,0,0.9999998999999999,40,0,0.5085311570000001,8087.0,9,0,1,0,2.0
21605,0,1.0922947840000001,50,0,0.303652359,3750.0,7,0,0,0,0.0
21607,0,0.057917160999999995,42,0,0.20015063100000002,5310.0,7,0,0,0,3.0
21608,0,0.165583442,31,0,40.0,1.0,2,0,0,0,1.0
21609,0,0.22630232,65,2,0.232137013,9166.0,18,0,1,0,0.0
21610,0,0.797809208,37,1,0.513831259,4337.0,13,0,0,0,3.0
21612,0,0.023839804,63,0,0.024811097,8866.0,6,0,1,0,0.0
21614,0,0.9999998999999999,33,0,0.0,2190.0,0,0,0,0,3.0
21622,0,0.011559208999999999,51,0,0.001606856,5600.0,5,0,0,0,1.0
21623,0,0.066774042,69,0,0.019320453,1500.0,4,0,0,0,0.0
21624,0,0.165504539,44,0,0.307597662,3250.0,6,0,1,0,3.0
21625,0,0.435863166,42,1,0.34561478,9417.0,13,0,2,0,1.0
21626,0,0.7187280359999999,41,0,0.9767267270000001,3995.0,8,0,1,0,1.0
21627,0,0.004686543,83,0,0.23840041,3900.0,8,0,1,0,0.0
21629,0,0.019371763,92,0,0.0027774690000000003,9000.0,5,0,0,0,0.0
21630,0,0.100525167,33,0,0.016664445,7500.0,11,0,0,0,1.0
21631,0,0.929944523,29,1,0.13639035900000002,1700.0,6,0,0,0,0.0
21632,0,0.320038855,38,1,0.10692859699999999,8500.0,11,1,0,0,1.0
21633,0,0.386328003,53,0,0.580733111,3300.0,16,0,2,1,1.0
21635,1,0.9999998999999999,58,0,0.135549872,2736.0,1,0,0,0,0.0
21636,0,0.19992079399999999,58,3,0.550216884,2996.0,10,0,1,0,1.0
21637,0,0.618731395,46,0,0.7142264620000001,2410.0,7,0,1,0,0.0
21638,0,0.6936472109999999,57,1,0.11995201900000001,2500.0,9,0,0,0,0.0
21639,1,1.324594257,30,0,58.0,,2,2,0,1,0.0
21640,0,0.05568199099999999,40,0,0.261772674,7750.0,10,0,2,0,3.0
21641,0,0.886392886,40,0,0.803468208,3459.0,13,0,1,0,0.0
21646,0,0.079429192,52,0,0.197252208,11208.0,6,0,2,0,1.0
21647,0,0.9999998999999999,51,1,0.043579045,2156.0,1,0,0,0,0.0
21648,0,0.23599591399999997,54,0,0.570582687,19083.0,14,0,6,0,0.0
21649,1,0.886037827,42,4,0.952783789,5082.0,7,0,1,1,3.0
21651,0,0.9999998999999999,32,0,123.0,,1,0,0,0,
21652,0,0.157328089,37,0,0.599425512,7658.0,12,0,3,0,1.0
21653,0,0.187587494,64,0,0.014643613,5667.0,3,0,0,0,0.0
21655,0,0.626246442,41,0,0.952004682,3416.0,18,0,1,0,1.0
21659,0,0.004580554000000001,39,1,0.8294936409999999,8333.0,21,0,2,0,2.0
21660,0,0.7641970140000001,49,0,0.4477295,6121.0,11,0,1,0,3.0
21662,0,0.005625838,85,0,206.0,,13,0,0,0,
21665,0,0.067499294,53,0,0.51946651,10196.0,18,0,2,0,0.0
21666,0,0.01810795,57,1,0.35448989200000003,4253.0,10,0,1,0,0.0
21667,0,0.89762348,34,0,4447.0,,17,0,1,0,
21668,0,0.197787771,41,0,0.48452220700000004,5200.0,8,0,1,0,3.0
21670,0,0.367933103,26,0,0.403990025,400.0,5,0,0,0,0.0
21671,0,0.009220777,43,0,0.163059005,9100.0,12,0,1,0,2.0
21673,0,0.0,47,0,0.275766017,5025.0,8,0,1,0,3.0
21674,0,0.760398259,38,0,0.6177983539999999,7775.0,14,0,9,0,4.0
21676,0,0.141122785,78,0,0.068712781,2182.0,8,0,0,0,0.0
21677,0,0.926245379,28,1,0.489377656,4000.0,6,0,1,0,1.0
21678,0,0.9999998999999999,52,0,1.10319539,3817.0,10,0,2,0,0.0
21680,0,0.004951131,79,0,0.007362967,3666.0,21,0,0,0,1.0
21682,0,0.017484583999999997,71,0,35.0,,9,0,0,0,
21683,0,0.0011613939999999998,53,0,0.10515793699999999,2500.0,6,0,0,0,0.0
21684,0,0.776409592,61,0,0.37571347,7007.0,5,0,2,0,0.0
21685,0,0.26105512399999997,56,0,2090.0,,9,0,1,0,0.0
21686,0,0.881287123,38,1,0.520389872,8925.0,28,0,1,0,0.0
21687,0,0.25164172,78,0,2780.0,,18,0,2,0,0.0
21688,0,0.6815744020000001,29,1,0.562925943,2200.0,5,0,1,0,0.0
21690,0,0.6719404640000001,50,0,0.316112259,15000.0,15,0,1,0,2.0
21692,0,0.9999998999999999,57,0,0.440568762,4500.0,10,0,3,0,0.0
21693,0,0.9999998999999999,61,0,6.0445205479999995,583.0,3,0,2,0,0.0
21694,0,0.0,67,0,0.036498696000000004,28000.0,17,0,0,0,0.0
21695,0,1.210940919,23,0,0.053964024000000006,1500.0,4,1,0,0,0.0
21697,0,0.03304371,69,0,0.016660356,2640.0,4,0,0,0,0.0
21698,0,0.029832115,44,0,0.254996972,1650.0,11,1,0,0,0.0
21700,0,0.232402687,41,2,0.106578684,5000.0,8,0,0,0,0.0
21701,0,0.477187588,60,0,0.428095285,10200.0,19,0,2,0,2.0
21702,0,0.164843427,55,0,555.0,,6,0,0,0,0.0
21703,0,0.9668066390000001,45,0,0.368770764,2106.0,4,0,1,0,2.0
21705,0,0.003060513,49,0,0.274362819,2000.0,4,0,1,0,0.0
21706,0,0.933635545,55,0,0.312858966,18803.0,8,0,2,0,1.0
21707,0,0.38362797600000004,55,0,0.407460934,11070.0,17,0,1,0,2.0
21708,1,0.0,70,0,0.958402662,600.0,4,0,0,1,0.0
21709,0,0.49601317799999994,39,2,0.47820576,14200.0,14,0,7,1,4.0
21710,0,0.0,85,0,0.0,,2,0,0,0,
21711,0,0.675178486,75,0,0.695326168,4000.0,15,0,1,0,0.0
21712,0,0.030494918,32,0,0.022753292999999997,69000.0,8,0,1,0,0.0
21713,0,0.296978117,49,0,0.581640058,8267.0,16,0,4,0,3.0
21714,0,0.375199877,50,1,0.47313510700000005,5750.0,16,0,1,0,1.0
21715,0,0.226377362,61,0,0.690440739,20147.0,14,0,9,0,0.0
21717,0,0.0037764070000000003,59,0,0.24871490699999999,5057.0,20,0,1,0,0.0
21718,0,0.0,63,0,0.0,,2,0,0,0,0.0
21719,0,0.409379062,60,0,0.154406513,7000.0,12,0,0,0,0.0
21720,0,0.061859027000000004,77,0,0.03805395,2075.0,6,0,0,0,0.0
21721,0,0.0,47,0,1924.0,,5,1,1,0,0.0
21722,0,0.643531256,60,0,0.263720151,4773.0,10,0,0,0,0.0
21723,0,0.040599981,35,0,1287.0,1.0,11,0,2,0,0.0
21724,1,0.460941641,35,0,0.8560287940000001,3333.0,6,0,2,0,2.0
21725,0,1.016079965,29,0,0.046790642,1666.0,3,0,0,0,0.0
21726,0,0.709026452,41,0,0.652814308,1900.0,5,0,0,0,0.0
21727,0,0.045505408,71,0,0.021708083,3500.0,5,0,0,0,0.0
21728,0,0.513275183,37,0,0.311117035,3750.0,6,0,0,0,1.0
21729,0,0.0055970790000000005,39,0,0.404046415,3360.0,10,0,1,0,3.0
21730,0,0.451710083,65,0,0.5585412670000001,4167.0,12,0,2,0,0.0
21731,0,0.036606984,75,0,0.9732854240000001,6400.0,21,0,6,0,0.0
21732,0,0.9999998999999999,28,0,251.0,0.0,0,4,0,0,0.0
21733,0,0.026694878,64,0,32.0,,6,0,0,0,0.0
21736,0,0.218118922,52,1,0.499425419,4350.0,9,0,1,0,4.0
21738,0,0.811478812,43,0,0.42345344700000004,4800.0,8,0,0,0,1.0
21739,0,0.076468958,78,0,0.127601586,4035.0,8,0,0,0,0.0
21741,1,0.35381913,52,0,0.7383863079999999,5725.0,17,0,3,0,2.0
21742,0,0.005971913000000001,50,0,0.149186191,13700.0,11,0,1,0,3.0
21744,0,0.210382157,58,0,314.0,,3,0,0,0,2.0
21745,0,0.275661767,51,1,0.33012418,7166.0,9,0,1,0,1.0
21746,0,0.243802121,67,1,0.503030303,8744.0,12,0,5,0,0.0
21747,0,0.09607333300000001,68,0,10309.0,,7,0,4,0,0.0
21748,0,0.110610544,63,0,0.370929037,5833.0,18,0,1,0,0.0
21749,0,0.128005824,61,0,5098.0,,8,0,3,0,0.0
21750,0,0.9999998999999999,48,0,0.046247817999999996,4583.0,0,1,0,0,4.0
21751,0,0.065897803,57,0,0.12307307699999999,12000.0,5,0,1,0,3.0
21754,0,0.9345065490000001,43,0,0.461199397,8620.0,9,0,3,1,3.0
21758,0,0.098965636,49,0,2313.0,,6,0,1,0,0.0
21759,0,0.023200943999999998,58,0,1082.0,,10,0,1,0,0.0
21760,0,0.955908289,60,2,0.521692555,5600.0,11,0,1,0,1.0
21762,0,0.127557458,51,0,0.278553066,16337.0,11,0,5,0,2.0
21764,0,0.481314388,53,0,0.6116409079999999,3040.0,17,0,1,0,3.0
21765,0,0.758984188,26,0,1.8119999999999998,749.0,8,0,0,0,0.0
21766,0,0.099698267,49,2,197.0,,7,0,0,0,
21770,0,0.011084596,53,0,0.281896012,4788.0,15,0,1,0,1.0
21772,0,0.001764376,63,0,0.073207776,6583.0,23,0,0,0,0.0
21773,0,0.438251235,85,1,0.30133973199999997,5000.0,8,0,1,0,1.0
21775,0,0.13596785,57,1,0.6795267490000001,1943.0,14,0,1,0,0.0
21777,0,0.020103374,62,0,0.26912800600000003,4116.0,5,0,1,0,0.0
21779,0,0.040638847,50,0,0.443213649,7853.0,10,0,2,0,0.0
21781,0,0.005433275,61,0,0.28467883,4000.0,24,0,3,0,0.0
21782,0,0.0,49,0,0.0,6800.0,1,0,0,0,3.0
21784,0,0.079980005,61,0,0.46723581,4333.0,6,0,1,0,3.0
21785,0,0.0,62,0,1830.0,,6,0,1,0,0.0
21786,0,0.9999998999999999,69,0,29.0,,0,0,0,0,0.0
21787,0,0.036357772000000003,59,0,0.71884058,2069.0,7,0,2,0,0.0
21788,0,0.214274377,27,0,0.20522388100000002,1875.0,10,0,0,0,1.0
21789,0,0.413873276,60,1,0.43389152700000005,4000.0,6,0,1,0,2.0
21790,0,0.004925585,31,0,2472.0,,3,0,1,0,0.0
21792,0,0.457301708,34,0,0.08852153,7500.0,4,0,0,0,0.0
21793,0,0.08991009,23,0,0.000379075,5275.0,1,0,0,0,0.0
21794,0,0.06927565599999999,46,0,0.431094818,6000.0,8,0,2,0,3.0
21795,0,0.019974103,42,0,0.08038928099999999,7500.0,10,0,0,0,1.0
21796,0,0.9999998999999999,68,0,3740.0,,3,0,2,0,0.0
21797,0,2996.0,46,0,0.43689131299999995,5133.0,4,0,2,0,0.0
21798,0,0.7158655890000001,36,0,0.34642516700000003,5244.0,7,0,1,0,2.0
21802,0,0.529869403,61,0,0.108457272,15867.0,7,0,0,0,1.0
21804,0,0.20323768899999997,68,0,3790.0,,13,0,3,0,0.0
21805,0,0.014201051000000001,60,0,0.180094242,8700.0,8,0,1,0,1.0
21807,0,0.788211262,39,2,0.5217658820000001,6500.0,13,0,1,0,0.0
21808,0,0.9999998999999999,62,0,0.0,864.0,0,1,0,0,0.0
21809,0,0.635953886,44,2,2800.0,,22,0,1,0,0.0
21810,0,0.003163521,90,0,2.0,,3,0,0,0,
21811,0,0.019184475,72,0,1.452987384,4200.0,11,0,4,0,0.0
21814,0,0.07151252,51,0,0.180987072,14000.0,11,0,1,0,1.0
21816,0,0.031763875,33,1,0.418023476,5281.0,12,3,1,0,1.0
21817,0,0.204603747,64,0,0.310665839,11278.0,5,0,1,0,0.0
21818,0,0.177898702,47,0,0.080085349,7029.0,4,0,0,0,1.0
21819,0,0.272906605,44,0,0.229060209,4500.0,5,0,0,0,1.0
21822,0,0.052923789000000006,43,0,0.150430922,3828.0,10,0,0,0,2.0
21823,0,0.034487244,58,1,0.727989488,5326.0,11,0,3,0,1.0
21825,0,0.0,43,0,2.65138154,1700.0,8,0,1,0,3.0
21826,0,0.7169517879999999,76,0,0.055472264,2000.0,8,0,0,0,0.0
21830,0,0.8820715790000001,52,2,0.45632199700000003,14583.0,23,0,2,0,2.0
21834,0,0.859140859,28,0,1068.0,0.0,4,0,0,0,0.0
21835,0,0.569518238,45,0,0.44121881,8335.0,11,0,2,0,3.0
21836,0,0.9999998999999999,31,0,0.382788788,5600.0,8,0,2,0,1.0
21837,0,0.37739414600000004,50,0,3886.0,,8,0,1,0,1.0
21838,0,0.320795143,26,0,0.09987515599999999,800.0,3,0,0,0,0.0
21839,0,0.064709664,90,0,0.010795682,2500.0,2,0,0,0,0.0
21840,0,0.020921158000000002,71,0,485.0,,7,0,1,0,
21841,0,0.059705004000000006,44,0,0.295734701,9166.0,11,0,1,0,2.0
21842,1,0.9999998999999999,67,1,0.20588779899999998,5400.0,5,2,1,0,3.0
21845,0,0.010964688,66,0,0.14169188300000002,7600.0,17,1,1,0,0.0
21846,0,0.079846335,72,0,0.256941873,2700.0,13,0,1,0,0.0
21848,0,0.092169031,47,0,0.48156480399999996,8000.0,5,0,1,0,1.0
21849,0,0.9999998999999999,73,0,23.0,,2,0,0,0,0.0
21851,0,0.004019285,50,0,2690.0,,14,0,2,0,1.0
21852,0,0.010498688,62,1,0.194302962,5300.0,6,0,1,0,0.0
21853,0,0.095821739,62,0,0.33160499600000004,8485.0,16,0,2,0,1.0
21854,0,0.022932722000000003,65,0,0.465280849,2260.0,12,0,1,0,0.0
21855,0,0.035786235,57,0,1025.0,0.0,4,0,1,0,0.0
21856,0,0.030276348999999998,55,1,2197.0,,8,0,2,0,0.0
21858,0,0.0,49,1,552.0,,4,0,0,0,0.0
21859,0,0.17852567100000002,57,0,692.0,,4,0,0,0,0.0
21860,0,0.259888124,48,0,0.170565887,5000.0,5,0,1,0,1.0
21864,0,0.09143204699999999,63,0,0.308828653,14350.0,11,0,3,0,0.0
21865,0,0.740365279,56,0,0.783015193,7700.0,15,0,1,0,0.0
21866,0,0.9164334270000001,58,0,0.54302035,2800.0,3,0,1,0,0.0
21867,0,0.24486713,73,1,0.07526178,4583.0,8,0,0,0,0.0
21868,0,0.9999998999999999,31,0,0.910984848,527.0,5,0,0,0,0.0
21871,0,1.391014975,37,1,2.103792415,500.0,3,1,1,0,0.0
21872,0,0.504990472,41,0,0.644465291,4263.0,13,0,1,0,1.0
21873,0,0.5354410470000001,68,0,1.45044931,7900.0,12,0,1,0,1.0
21874,0,0.24594385100000002,61,0,0.72325171,9065.0,12,0,4,0,0.0
21876,0,0.36332961,35,0,0.636472705,6667.0,13,0,2,0,0.0
21879,1,1.459343795,54,3,1718.0,,18,9,0,7,0.0
21885,0,0.6959918009999999,52,1,0.23450336100000002,8033.0,17,0,1,0,0.0
21886,0,0.018326551,50,1,0.224809113,7988.0,6,0,1,0,2.0
21887,0,0.44754984200000003,65,0,0.372332774,4170.0,6,0,1,0,1.0
21889,0,0.154145651,29,0,79.0,,2,0,0,0,
21891,0,0.15522035,77,0,0.28198590100000004,6666.0,25,0,1,0,0.0
21892,0,0.134693265,38,0,0.8814396609999999,2833.0,5,0,1,0,0.0
21893,0,0.830438985,69,3,0.432530773,12916.0,6,0,2,0,0.0
21894,0,0.015913079,75,0,0.15652420000000003,3532.0,9,0,1,0,0.0
21895,0,0.811608815,42,0,2.474246231,3183.0,10,0,4,0,2.0
21896,0,0.753974868,41,0,341.5,1.0,8,0,0,0,0.0
21898,0,0.10413766099999999,62,0,0.600755388,4500.0,10,0,2,0,0.0
21899,0,0.9999998999999999,39,0,0.102028815,3400.0,2,0,0,0,3.0
21900,0,0.034048298,48,0,0.49049985399999996,3420.0,4,0,1,0,4.0
21901,0,0.016132975,44,0,0.047807504,6316.0,3,0,0,0,2.0
21902,0,0.625084785,65,0,0.8139984090000001,8800.0,28,0,2,0,0.0
21903,0,0.025012162,70,0,0.26154932399999997,9913.0,11,0,2,0,0.0
21904,0,1.00429957,41,0,1679.0,,4,0,1,0,0.0
21906,0,0.373062694,66,0,139.0,,2,0,0,0,0.0
21907,0,0.928191144,37,0,535.0,,5,0,0,0,0.0
21908,0,0.33011555,70,0,0.383446621,2500.0,10,0,0,0,0.0
21909,0,0.020652734,60,0,0.009596162,2500.0,8,0,0,0,1.0
21910,0,0.5751914539999999,56,1,0.427682199,34700.0,8,0,4,0,1.0
21913,0,0.409459054,39,1,0.48513549100000003,3800.0,10,0,1,0,0.0
21914,0,0.0,39,0,0.391220238,6719.0,7,0,2,0,3.0
21915,0,0.03719876,40,0,0.110215054,2603.0,4,0,0,0,0.0
21916,0,0.21830196600000001,62,0,1032.0,0.0,22,0,0,0,0.0
21917,0,0.014846837,85,1,0.03149685,10000.0,10,0,0,0,0.0
21918,0,0.009687248,65,0,0.006107718000000001,1800.0,6,0,0,0,0.0
21919,1,0.899337927,57,4,0.332033593,3333.0,6,0,1,2,1.0
21920,0,0.023776005,56,0,0.331817608,7916.0,7,0,1,0,1.0
21924,0,0.622438456,46,2,0.316007533,2654.0,9,0,0,0,0.0
21927,0,0.0046933,90,0,0.000988142,7083.0,10,0,0,0,1.0
21928,0,0.038803292999999996,77,0,0.127183042,7500.0,9,0,1,0,0.0
21929,0,0.9999998999999999,73,0,0.0,,1,0,0,0,0.0
21930,0,0.063622987,63,0,0.36766109,15720.0,16,0,3,0,0.0
21931,0,0.071459706,55,0,0.009221198,9000.0,3,0,0,0,0.0
21933,0,0.622568872,41,0,0.6491912989999999,1792.0,4,0,1,0,1.0
21935,0,0.0,52,0,2410.0,,7,0,1,0,0.0
21936,0,0.053240845,30,0,408.0,,10,0,0,0,0.0
21937,0,0.10446507199999999,70,0,0.046754845,3250.0,3,0,0,0,0.0
21939,0,0.081210136,59,0,11569.0,,20,0,2,0,0.0
21940,0,0.17796081600000002,51,1,0.27507641,7197.0,13,0,1,0,1.0
21942,0,0.09821253199999999,60,0,0.484165067,2083.0,10,0,1,0,1.0
21943,0,0.0,34,0,0.38642297700000006,4595.0,9,0,1,0,0.0
21944,0,0.09573582900000001,52,0,3662.0,0.0,8,0,1,0,4.0
21945,0,0.028722386000000003,44,0,0.18759080399999997,11700.0,5,0,1,0,0.0
21946,0,0.270042715,68,0,0.397923111,4525.0,9,0,1,0,0.0
21947,1,0.996254682,44,0,0.36840789799999996,4000.0,10,2,1,0,0.0
21949,0,0.9950984409999999,65,0,0.21091432899999998,11800.0,9,0,0,0,0.0
21952,0,0.9999998999999999,56,0,1334.0,,4,0,1,0,0.0
21953,1,0.004666572,55,1,1.390200445,2244.0,13,0,3,0,1.0
21954,0,0.13555762400000002,35,0,0.170491475,20000.0,6,1,1,0,1.0
21955,0,0.37672133,64,0,0.09602913699999999,11256.0,4,0,1,0,2.0
21956,1,0.071847037,69,0,0.526968033,7100.0,24,0,2,0,0.0
21958,0,0.021760544,72,0,0.09033691199999999,2700.0,6,0,0,0,0.0
21960,0,0.053356562999999996,80,0,0.214808466,15166.0,8,0,2,0,0.0
21961,0,0.047689342999999995,57,0,3427.0,0.0,13,0,1,0,1.0
21963,0,0.286571393,45,0,1.309358512,3600.0,8,0,3,0,0.0
21964,0,0.35892821399999997,36,0,121.0,,4,0,0,0,0.0
21966,0,0.000187968,76,0,0.0,5063.0,9,0,0,0,0.0
21967,0,0.097197376,46,0,0.142171566,5000.0,4,0,0,0,1.0
21970,0,0.9780435209999999,39,1,0.45535430600000004,3146.0,5,0,0,1,1.0
21971,0,0.89040932,56,0,1.946923077,1299.0,10,0,1,0,1.0
21972,0,0.228724526,60,0,1932.0,,7,0,1,0,0.0
21973,0,0.6764534320000001,41,3,3124.0,,8,0,1,0,3.0
21974,0,0.050761561,62,0,0.241816367,10019.0,12,0,1,0,0.0
21978,0,17441.0,51,1,0.35407216799999996,14770.0,14,0,2,0,0.0
21980,0,0.081784268,36,0,0.413984278,12084.0,18,0,2,0,4.0
21981,0,0.015526708,46,0,0.240451523,6466.0,9,0,1,0,3.0
21982,0,0.351540022,74,0,286.0,,1,0,0,0,0.0
21984,0,0.8921035970000001,34,0,0.525618595,4000.0,6,1,0,0,0.0
21985,0,0.060186711,60,0,0.20007020000000003,5697.0,10,0,1,0,0.0
21986,0,0.952474598,23,0,0.063387323,5000.0,9,0,0,0,0.0
21987,0,0.7155301270000001,61,0,0.236323155,6287.0,9,0,1,0,1.0
21988,0,0.12389766199999999,54,0,0.34328358200000003,6833.0,17,0,1,0,0.0
21990,0,0.29441176,63,0,0.523153679,14230.0,10,0,2,0,1.0
21991,0,0.014684175,52,0,0.675255442,2250.0,18,0,2,0,3.0
21993,0,0.511167396,39,0,0.708916433,2500.0,13,0,1,0,2.0
21994,0,0.054418067,75,0,0.011994003,2000.0,6,0,0,0,0.0
21995,0,0.043725384000000006,56,0,0.193748385,3870.0,5,0,1,0,1.0
21996,1,0.9999998999999999,34,1,0.24161073800000002,4916.0,1,3,0,1,0.0
21998,0,0.0,30,0,0.065324623,7500.0,1,0,0,0,0.0
21999,0,0.9999998999999999,89,0,0.11297175699999999,4000.0,9,0,1,0,0.0
22001,0,0.023921237,73,0,0.553722504,2363.0,6,0,0,0,0.0
22002,0,0.0,67,0,0.450677466,20000.0,12,0,3,0,0.0
22004,0,0.007466169,37,0,0.35425058299999995,9433.0,7,0,2,0,2.0
22006,0,0.057850822,77,0,0.020395921,6667.0,8,0,0,0,0.0
22007,0,0.007499530999999999,57,0,0.26074785,5000.0,5,0,1,0,3.0
22008,0,0.024071786,73,0,0.010179967,5500.0,12,0,0,0,1.0
22009,0,0.058172648,52,0,0.129441967,7400.0,6,0,1,0,1.0
22010,0,0.145364608,40,0,0.257699772,11850.0,9,0,1,0,2.0
22011,0,0.5753562560000001,54,0,1026.0,,6,0,0,0,0.0
22012,0,0.0,54,0,0.9300174959999999,4000.0,8,0,3,0,1.0
22015,0,0.088345583,65,0,1236.0,,4,0,1,0,0.0
22016,0,0.029920265,68,0,2800.0,,8,0,3,0,0.0
22017,1,0.069682744,47,0,0.414296134,5483.0,13,3,2,0,2.0
22018,0,1.036592681,40,2,0.21054226,3300.0,3,0,0,0,1.0
22019,0,0.10357928400000001,44,0,0.0043898159999999995,3416.0,6,0,0,0,2.0
22020,0,0.007688819,33,0,0.47084305200000004,3000.0,9,0,2,0,0.0
22021,0,0.665558949,42,0,0.631980772,7072.0,14,0,1,0,1.0
22022,0,0.021428173999999998,35,1,0.662921348,800.0,12,0,1,0,0.0
22023,0,0.001877513,72,0,0.114310646,4583.0,8,0,1,0,0.0
22024,0,0.057312102000000004,74,0,0.149411508,9175.0,6,0,1,0,0.0
22025,0,0.419327998,51,0,2665.0,,18,0,2,1,0.0
22026,0,0.255634293,56,0,0.360616395,15833.0,16,0,2,0,1.0
22027,0,0.5443280229999999,51,0,0.660212665,6300.0,9,0,3,0,0.0
22028,0,0.118348643,47,0,5163.0,,10,0,2,0,3.0
22031,0,0.562803243,51,0,0.499137373,9273.0,22,0,2,0,0.0
22032,0,0.9999998999999999,52,0,572.0,,3,1,0,0,0.0
22033,1,0.9999998999999999,39,0,0.282034771,1552.0,1,1,0,0,1.0
22035,0,0.924010132,70,0,0.452562151,1970.0,2,0,1,0,0.0
22039,0,0.750732992,32,0,0.382004185,4300.0,8,0,0,0,2.0
22041,0,0.0,48,0,0.38676132399999996,10000.0,13,0,2,0,3.0
22042,0,0.35863448200000003,31,0,0.082335329,4007.0,6,0,0,0,2.0
22043,0,0.260511404,71,0,164.0,,1,0,0,0,0.0
22046,0,0.0,24,0,0.0,2191.0,2,0,0,0,0.0
22048,0,0.034425867,76,0,0.01199904,4166.0,4,0,0,0,1.0
22049,1,0.9999998999999999,52,0,5369.0,,5,1,2,0,0.0
22050,0,0.272126336,62,0,2264.0,,7,0,0,0,0.0
22051,0,0.06888132799999999,57,0,2354.0,,5,0,1,0,0.0
22053,0,0.557937521,69,0,0.257880202,10500.0,12,0,1,0,0.0
22054,0,0.568743126,71,0,0.453466583,1600.0,5,0,0,0,0.0
22055,0,0.9999998999999999,53,0,1706.0,,2,0,1,0,2.0
22056,0,0.041083367,62,0,0.265237562,6250.0,8,0,1,0,0.0
22057,0,0.9999998999999999,63,0,376.0,,2,0,0,0,0.0
22058,0,0.690861828,44,0,0.285110558,13250.0,7,0,2,0,2.0
22059,0,0.142697488,45,0,0.559491501,7000.0,8,0,1,0,2.0
22061,1,0.924204913,36,7,0.777102946,3292.0,13,0,1,0,1.0
22062,0,0.127363815,49,1,0.28285733,15300.0,15,0,2,0,1.0
22063,0,0.020612238999999997,69,0,0.0069428369999999994,4320.0,3,0,0,0,0.0
22064,0,0.024908637999999997,46,0,0.184471291,22100.0,7,0,2,0,3.0
22067,0,0.734671203,40,0,0.506623344,4000.0,6,0,1,0,1.0
22068,0,0.166617106,61,4,0.411511061,5333.0,21,0,1,0,1.0
22069,0,0.0,32,0,0.388605697,3334.0,8,0,1,0,0.0
22070,0,0.168461599,55,0,1109.0,,12,0,1,0,0.0
22071,0,0.21244299600000002,33,0,0.20072490899999998,8000.0,14,0,0,0,2.0
22072,0,0.421695056,38,0,0.806548363,4000.0,4,0,1,0,2.0
22073,0,0.250065475,49,0,0.200288333,9710.0,15,0,0,0,0.0
22074,0,0.47517908,55,0,6595.0,,13,0,1,0,0.0
22075,0,0.523815295,41,0,0.378236952,7452.0,4,0,1,0,3.0
22076,0,0.966344552,61,1,0.34495130700000004,1950.0,3,0,0,0,0.0
22077,0,0.333203258,39,0,5824.0,,9,0,3,0,0.0
22079,1,0.45610143799999997,50,0,0.432189083,5330.0,15,1,2,3,1.0
22081,0,0.038229515,54,0,0.144259888,10896.0,17,0,0,0,3.0
22083,0,0.454954741,57,1,0.626106827,3500.0,6,0,1,0,0.0
22084,0,0.010771552,67,0,0.582608696,5174.0,9,0,3,0,1.0
22086,0,0.9999998999999999,41,0,0.091143998,4256.0,2,5,0,0,2.0
22088,0,0.105448211,36,0,0.019596081,5000.0,4,0,0,0,1.0
22089,1,0.0031320159999999996,53,0,0.056776557000000005,15833.0,6,0,0,0,2.0
22090,0,0.6989001570000001,33,0,0.182605798,3000.0,3,0,0,1,1.0
22091,0,0.018849405,58,0,0.040496625,12000.0,14,0,0,0,0.0
22093,0,0.9926399109999999,48,0,0.892260484,2932.0,11,0,2,0,1.0
22097,1,0.9999998999999999,31,98,0.0,,0,98,0,98,0.0
22098,0,0.9999998999999999,23,0,0.063936064,1000.0,1,0,0,0,0.0
22100,0,0.027603597999999997,56,0,1010.0,,15,0,1,0,0.0
22102,0,0.215187606,40,0,0.347607603,4576.0,5,0,1,0,1.0
22104,0,0.948457949,51,0,999.0,,3,0,0,0,0.0
22105,0,0.63422962,47,0,0.326389908,6816.0,7,0,1,0,1.0
22106,1,0.9999998999999999,42,0,0.0,4000.0,1,0,0,2,2.0
22107,0,0.7417082220000001,45,0,0.792872198,5218.0,19,0,1,0,1.0
22108,0,0.09541896,28,0,0.043272835999999995,13333.0,12,0,0,0,0.0
22110,0,0.54213082,35,0,0.534910166,4396.0,4,0,2,0,0.0
22111,0,0.940822713,47,0,4903.0,,9,0,2,0,0.0
22114,0,0.9458405240000001,54,0,0.221292422,8603.0,11,0,0,0,0.0
22115,1,0.9999998999999999,71,4,1.042454122,3650.0,3,2,1,0,0.0
22116,1,0.876273104,29,1,0.036385446,2500.0,2,3,0,0,0.0
22117,0,0.181617215,39,0,602.0,,14,0,0,0,3.0
22119,0,0.7093906940000001,46,0,0.40342082,6781.0,6,0,1,0,4.0
22120,0,0.11144611300000001,37,0,0.197982002,11000.0,9,0,1,0,2.0
22121,0,0.87258963,57,0,0.284616982,4816.0,8,0,1,0,3.0
22122,0,0.07605163200000001,51,0,0.310302027,7250.0,7,0,2,0,2.0
22123,0,0.9999998999999999,45,0,0.401025836,5263.0,9,0,1,0,0.0
22124,0,0.004885644000000001,39,0,0.860530476,5692.0,16,0,2,0,0.0
22125,0,0.650069986,60,0,0.127399651,4583.0,2,0,0,0,0.0
22128,1,0.9999998999999999,26,0,196.0,,2,3,0,0,0.0
22129,0,0.184951148,65,0,0.266309413,8583.0,22,0,2,0,0.0
22131,0,0.067446628,68,0,428.0,,10,0,1,0,0.0
22133,1,0.21157441600000002,48,1,1.6875160219999998,3900.0,15,0,4,1,3.0
22134,0,0.873250167,45,0,0.08362116,5500.0,2,0,0,0,0.0
22135,0,0.0,38,0,0.504471331,1900.0,6,0,1,0,0.0
22136,0,0.055786188,86,0,0.35626102299999995,1700.0,7,0,1,0,0.0
22137,0,0.635790241,60,0,0.812591508,4097.0,8,0,2,0,0.0
22138,0,0.236738163,60,0,0.252493052,12233.0,6,0,2,0,1.0
22139,0,1.011141796,33,0,2022.0,,5,0,1,0,2.0
22141,1,0.892788838,59,2,1.100557585,5200.0,10,0,3,0,2.0
22143,0,0.004399413,91,0,0.0,6000.0,1,0,0,0,0.0
22144,0,0.527063097,63,0,0.662905093,3455.0,11,0,1,0,0.0
22146,0,0.032139489,66,0,0.174202866,9000.0,6,0,1,0,0.0
22147,0,0.030944015,44,0,3428.0,,7,0,2,0,1.0
22149,0,0.8063872259999999,32,0,0.063688213,4207.0,3,0,0,0,3.0
22150,0,0.0,68,0,0.954602249,2400.0,3,0,1,0,1.0
22151,0,0.04109863,51,0,0.19736569899999998,14500.0,5,0,3,0,3.0
22153,0,1.009995002,51,0,0.171614477,4917.0,3,0,1,0,3.0
22154,0,0.04351365,39,0,0.44434241399999996,9800.0,5,0,1,0,0.0
22157,0,0.7814571240000001,58,0,0.320319228,17416.0,14,0,2,0,0.0
22158,0,0.073492237,63,0,0.400537466,16000.0,14,0,2,0,1.0
22159,0,0.004461195,74,0,0.00039984,2500.0,1,0,0,0,0.0
22160,0,0.133241672,33,0,1.089486859,1597.0,5,0,2,0,0.0
22161,0,0.936719566,40,0,0.528497409,7333.0,6,0,2,0,0.0
22162,0,0.097451274,59,0,0.592566119,1398.0,4,0,1,0,0.0
22168,0,0.000759184,72,0,0.0005875440000000001,1701.0,7,0,0,0,0.0
22170,0,0.958551272,56,0,0.7149122809999999,2507.0,15,0,0,0,3.0
22171,0,0.153076938,35,0,0.261859793,9000.0,8,0,1,0,0.0
22172,0,0.048636738,64,0,0.21895620899999998,5000.0,17,0,1,0,0.0
22173,0,0.9999998999999999,48,1,0.889258951,1200.0,5,0,0,1,3.0
22175,1,0.9999998999999999,47,5,0.487992315,3122.0,6,0,0,1,3.0
22176,0,0.064217644,59,0,333.0,,7,0,1,0,0.0
22177,0,0.0,47,0,0.34688437200000005,3000.0,4,0,1,0,1.0
22178,0,0.028283187,72,0,0.008997001,3000.0,5,0,0,0,0.0
22179,0,0.9999998999999999,33,1,0.165145589,2300.0,3,2,0,0,5.0
22181,0,0.047529395999999995,55,2,0.896131805,2791.0,20,0,1,0,1.0
22182,0,0.37419963799999995,32,0,0.19472847100000001,4400.0,5,0,0,0,1.0
22184,0,0.437597061,37,0,0.406831436,3600.0,10,0,0,0,0.0
22185,0,0.079520437,54,0,0.378801767,12000.0,5,0,2,0,1.0
22187,0,0.205773208,38,0,0.194296897,3576.0,7,0,0,0,3.0
22188,0,0.040865029,44,0,0.341081934,6968.0,9,0,1,0,2.0
22190,0,0.668409063,56,0,0.589235127,6000.0,7,0,1,0,1.0
22192,0,0.062638241,69,0,0.327073552,3833.0,8,0,2,0,1.0
22193,0,0.9999998999999999,23,1,0.068965517,2000.0,1,0,0,0,0.0
22194,0,0.39035418200000005,48,0,0.25774605100000003,6583.0,8,0,1,0,2.0
22195,0,0.46691878299999995,63,0,0.28728830899999996,4900.0,6,0,1,0,1.0
22196,0,0.026006616,77,0,0.30671341399999996,7700.0,8,0,3,0,1.0
22200,0,0.024893363999999998,49,0,0.733053389,5000.0,16,0,1,0,2.0
22201,0,0.007361915,71,0,0.20148373,5930.0,4,0,1,0,0.0
22202,0,0.6491064870000001,61,0,0.923433875,1723.0,6,0,2,0,0.0
22203,0,0.061316008,60,0,2836.0,,12,0,2,0,3.0
22204,0,0.013805172,62,0,0.270954841,6000.0,15,0,3,0,0.0
22205,0,0.922103487,83,0,0.047217537999999996,4150.0,6,0,0,0,0.0
22206,0,0.9999998999999999,36,2,0.08651295699999999,4900.0,0,1,0,0,1.0
22207,0,0.7487709359999999,41,0,0.283391096,3750.0,11,0,0,0,0.0
22208,0,0.023953946,61,0,0.005712925,4200.0,3,0,0,0,0.0
22209,0,0.6934219770000001,37,0,4000.0,,16,0,1,0,3.0
22211,0,0.9999998999999999,49,2,0.434633682,5254.0,6,0,1,0,3.0
22212,0,0.33732146700000004,49,0,0.298540292,5000.0,7,0,1,0,1.0
22213,0,0.017945389,32,0,0.005326494,5068.0,6,0,0,0,0.0
22214,0,0.9999998999999999,38,0,1.129948021,2500.0,5,0,2,0,2.0
22215,1,0.38014460299999997,50,0,1.355389929,5500.0,19,0,1,0,2.0
22216,0,0.005819333,61,0,0.764308923,4000.0,16,0,2,0,1.0
22218,0,9.93e-06,40,0,0.192089768,9000.0,10,0,1,0,4.0
22219,0,0.752463146,49,0,0.305469453,10000.0,18,0,2,0,0.0
22220,0,0.9999998999999999,26,0,0.36940686799999994,960.0,5,0,0,0,0.0
22222,0,0.063815281,64,0,1432.0,,5,0,1,0,1.0
22228,0,0.238464378,55,0,0.286327903,12338.0,12,0,1,0,2.0
22229,0,0.43896108899999997,53,0,0.637891867,2200.0,13,0,1,0,1.0
22230,0,0.003024598,50,0,0.318268173,10000.0,13,0,1,0,6.0
22231,0,0.20057709,50,0,0.22656734899999997,8054.0,11,0,2,0,0.0
22234,0,0.025233746,45,0,0.32725180800000003,6083.0,11,0,2,0,0.0
22240,0,0.007744165999999999,41,0,0.503645074,4800.0,18,0,1,0,2.0
22241,0,0.092254098,89,0,0.065757896,10416.0,5,0,0,0,0.0
22243,0,0.15450683699999998,33,1,0.041271612,3585.0,5,0,0,0,2.0
22244,0,0.149733669,67,0,0.734828646,8782.0,9,0,4,0,0.0
22245,0,0.029477172000000003,65,0,0.270339732,12450.0,5,0,1,0,1.0
22246,0,0.23208083399999999,36,1,0.328305337,8750.0,6,0,2,0,2.0
22248,0,0.073318242,28,0,0.31632194199999997,4447.0,11,1,1,0,1.0
22249,0,0.0,61,0,0.491475603,1700.0,11,0,2,0,0.0
22250,0,0.190967812,57,0,0.127085866,9048.0,7,0,1,0,1.0
22251,0,0.9999998999999999,53,0,1801.0,,9,0,2,0,0.0
22253,0,0.019541909,72,0,0.005891805,5600.0,7,0,0,0,0.0
22254,0,0.023444233999999998,42,0,0.9158683879999999,2400.0,5,0,2,0,1.0
22257,0,0.0,40,0,2440.0,,4,0,2,0,0.0
22258,0,0.300365108,48,0,0.402525876,10530.0,15,0,2,0,3.0
22259,0,0.24375854100000002,46,0,0.13190005800000001,1720.0,13,0,0,0,0.0
22261,0,0.478490901,52,0,0.953350611,2700.0,15,0,2,0,0.0
22263,0,0.211541208,69,0,241.0,,2,0,0,0,0.0
22265,0,0.542326071,42,0,0.472984749,4589.0,5,0,1,0,1.0
22266,0,0.001839331,81,0,0.0007404660000000001,2700.0,3,0,0,0,0.0
22267,0,0.056302613,72,0,322.0,,6,0,1,0,0.0
22272,0,0.285136068,49,0,2304.0,,12,0,1,0,0.0
22273,0,0.0,39,0,15.0,,1,0,0,0,0.0
22274,0,0.033168123,47,0,0.20770942899999997,9883.0,14,0,2,0,0.0
22277,0,0.043175929,59,0,0.278846857,13666.0,25,0,2,0,0.0
22278,0,0.9999998999999999,27,1,16.0,,4,0,0,1,0.0
22279,0,0.9999998999999999,38,0,0.0,5600.0,2,0,0,0,2.0
22280,0,0.054989002,26,0,0.048323266,4800.0,3,0,0,0,0.0
22281,0,0.11904404800000001,58,0,0.7142051859999999,8869.0,12,0,2,0,2.0
22284,0,0.112099583,44,0,1847.0,0.0,7,0,2,0,3.0
22285,0,0.008040918000000001,81,2,0.0077255169999999995,4400.0,16,0,0,0,1.0
22287,0,0.017920978,64,0,0.299714751,4907.0,6,0,2,0,1.0
22289,0,0.527647975,60,0,0.336050574,6010.0,10,0,1,0,4.0
22294,0,0.158395474,42,0,11988.0,,7,0,3,0,4.0
22296,0,0.21590768600000002,47,0,7638.0,,9,0,2,0,2.0
22297,0,0.0,46,0,2.578692115,6391.0,12,0,3,0,3.0
22299,0,0.22625692600000002,51,1,1.817260203,3846.0,12,0,5,0,4.0
22301,0,0.006657629,50,0,0.650286403,6633.0,12,0,2,0,0.0
22302,1,0.6126258729999999,40,3,0.37068811399999996,5594.0,15,0,1,0,3.0
22303,0,0.020132662,48,0,0.078732292,11011.0,5,0,1,0,1.0
22304,0,0.000131576,47,0,0.253668763,4769.0,9,0,1,0,1.0
22306,0,0.0,52,0,0.492200746,5897.0,8,0,1,0,0.0
22307,0,0.102445232,68,0,0.274105127,3100.0,9,0,1,0,0.0
22310,0,0.017849537,77,0,0.003450564,7534.0,4,0,0,0,0.0
22313,0,0.05079161,84,0,141.0,,18,0,0,0,0.0
22314,0,0.982017982,28,0,0.019366196999999998,2271.0,2,1,0,0,0.0
22315,0,0.610799169,51,0,0.47129032299999996,6199.0,9,1,1,0,4.0
22316,0,0.9999998999999999,58,0,0.0,,0,0,0,0,3.0
22317,0,0.0,43,0,0.290132355,7630.0,11,0,2,0,2.0
22318,0,0.389780511,58,0,0.289847867,10056.0,12,0,2,0,0.0
22322,0,0.032751827000000004,67,0,0.005249738,13333.0,7,0,0,0,0.0
22323,0,0.884798909,51,0,0.459466459,3860.0,10,0,1,0,1.0
22324,0,0.025544736000000002,68,0,21.0,,5,0,0,0,0.0
22325,0,0.012684721000000001,54,0,0.303159579,7500.0,6,0,1,0,0.0
22327,0,0.128624896,79,0,0.215196201,4000.0,6,0,2,0,0.0
22329,1,0.132347594,41,0,0.303194958,4600.0,7,0,0,0,1.0
22331,0,0.40121899,27,0,0.30142253,2600.0,3,0,0,0,0.0
22333,0,0.17343208,45,0,0.054094591,10000.0,9,0,1,0,0.0
22336,0,0.943865162,34,0,0.493328459,5470.0,9,0,2,0,1.0
22337,0,0.168405112,54,0,0.713506635,5500.0,10,0,1,0,1.0
22339,0,0.0037484379999999998,65,0,0.304119194,1140.0,2,0,0,0,1.0
22340,0,0.535255194,67,0,0.529256101,6801.0,12,0,2,0,3.0
22341,0,0.165109998,71,0,0.521810251,5501.0,5,0,1,0,0.0
22343,0,0.134246829,42,0,766.0,,7,0,1,0,0.0
22345,0,0.011012073999999998,58,0,0.275284401,12833.0,17,0,2,0,0.0
22346,0,0.40519985399999997,51,0,0.389178289,5950.0,11,0,1,0,0.0
22348,0,0.7940577670000001,52,0,0.5336081739999999,11157.0,49,0,1,0,0.0
22349,1,0.871407594,49,5,0.19879097899999998,4300.0,10,0,0,0,4.0
22352,0,0.01575937,57,0,0.150041356,6044.0,4,0,2,0,1.0
22353,0,0.091734483,49,0,0.46884273,7750.0,6,0,3,0,2.0
22354,0,0.578417045,59,0,0.882056814,2780.0,11,0,2,0,0.0
22355,0,0.33142939,63,0,0.454787825,4500.0,13,0,1,0,0.0
22356,0,0.237546471,47,0,0.44138822200000005,5416.0,13,0,1,0,0.0
22358,0,0.4349761,80,1,0.214183722,2100.0,8,0,1,0,0.0
22360,0,0.478606685,41,0,0.44556324700000005,4766.0,9,0,1,0,3.0
22362,0,1.02994012,52,1,6714.0,,8,0,1,0,0.0
22363,0,0.022176364,78,0,0.15917657300000002,3448.0,10,0,0,0,1.0
22364,0,0.91369293,56,0,0.849715428,6500.0,24,0,2,0,0.0
22366,0,0.08234412099999999,65,0,4432.0,,20,0,2,0,0.0
22367,0,0.0,52,0,0.014778325,3450.0,2,0,0,0,1.0
22368,0,0.0,69,0,3673.0,,8,0,2,0,
22370,0,0.556262844,52,0,4385.0,,15,0,2,0,0.0
22371,0,0.021691042,40,0,0.43359040299999996,3500.0,15,0,1,0,2.0
22373,0,0.566884231,53,0,0.405508197,15249.0,9,0,2,0,3.0
22374,0,0.033284822,33,0,21.0,,2,0,0,0,0.0
22377,0,0.5176168329999999,65,0,0.6749159379999999,7434.0,10,0,1,0,0.0
22378,0,0.065349348,70,0,0.206722689,2974.0,8,0,0,0,1.0
22379,0,0.014912395,27,0,0.428785607,2000.0,7,0,0,0,0.0
22380,0,0.036356812999999995,81,0,0.024274155,2100.0,12,0,0,0,0.0
22381,0,0.064501603,48,0,0.313195393,10245.0,9,0,2,0,2.0
22382,0,0.215070592,40,1,0.475530316,5986.0,11,0,2,0,2.0
22384,0,0.9999998999999999,37,0,146.0,,1,1,0,0,0.0
22386,0,0.557261949,52,0,2491.0,,17,0,0,0,2.0
22388,0,0.825817418,47,0,1.319670082,4000.0,10,0,3,0,2.0
22389,0,0.07995664200000001,54,0,0.269081213,9000.0,7,0,2,0,0.0
22390,0,0.025874171,59,1,0.15189007699999998,16083.0,6,0,1,0,1.0
22395,1,0.9999998999999999,41,0,0.0,3645.0,0,0,0,0,1.0
22397,0,0.511961232,48,0,0.266036698,20000.0,12,0,2,1,3.0
22399,0,0.515710049,58,0,0.607693213,8500.0,18,0,1,0,2.0
22400,0,0.36736944899999996,61,0,0.580481076,11598.0,24,0,1,0,1.0
22401,0,0.025347364,34,0,0.292905272,7568.0,8,0,1,0,3.0
22402,0,0.9999998999999999,34,0,0.0,800.0,1,0,0,0,0.0
22403,0,0.163717817,59,0,0.396533663,10500.0,9,0,1,0,0.0
22405,0,0.142831996,58,1,0.488478385,5250.0,29,0,1,0,2.0
22406,0,0.334929838,33,0,0.138426454,4384.0,8,0,0,0,1.0
22408,0,0.373204394,36,0,0.390601566,6000.0,8,0,1,0,2.0
22409,0,0.085170102,46,0,3817.0,,17,0,2,0,1.0
22411,0,0.566544385,48,3,0.540317378,7750.0,11,0,2,0,1.0
22412,0,0.0,66,0,2473.0,,8,0,2,0,
22414,0,0.008915713,46,0,0.282762069,18000.0,7,0,2,0,2.0
22415,0,0.052748535,42,0,0.404546411,4750.0,14,0,1,0,3.0
22417,0,0.260359852,27,0,0.087594886,10011.0,8,0,0,0,1.0
22418,0,0.809256812,40,0,0.10679458900000001,6357.0,2,0,0,0,0.0
22419,0,0.015984016,52,0,0.275698471,11381.0,4,0,2,0,1.0
22420,0,0.3640159,35,0,0.291311362,4338.0,4,0,0,0,1.0
22421,0,0.031468607999999995,63,0,942.0,,10,0,1,0,0.0
22423,0,0.223760625,46,0,0.424180745,4912.0,10,0,2,0,0.0
22425,0,0.0,39,0,0.0,,2,0,0,0,
22426,0,0.0,30,1,0.7176826629999999,2312.0,10,0,0,0,0.0
22427,0,0.031024849,59,0,0.098100039,2578.0,7,0,0,0,3.0
22429,0,0.6302476029999999,60,0,1.364513018,3110.0,14,0,2,0,0.0
22430,0,0.20805599800000002,47,0,0.521500875,13138.0,9,0,4,0,0.0
22433,0,0.317108828,42,0,0.429948816,8400.0,6,0,2,0,1.0
22434,0,0.429358825,41,0,0.298233922,3000.0,6,0,0,0,3.0
22436,1,1.149964294,43,0,0.539716823,8333.0,5,0,2,1,1.0
22438,0,0.031567207,59,0,124.0,,11,0,0,0,
22441,0,0.0,69,0,0.085947916,11250.0,9,0,1,0,1.0
22443,0,0.760445198,41,0,0.438568798,3800.0,10,0,1,0,1.0
22444,0,0.017344083,34,0,0.358761665,6750.0,11,0,2,0,0.0
22447,0,0.33716400799999996,59,0,0.304794198,10616.0,14,0,1,0,1.0
22448,0,0.011418986,43,1,0.347080878,5600.0,5,0,1,0,2.0
22449,0,0.41778753799999996,45,0,0.330411125,6615.0,10,0,2,0,0.0
22451,0,0.0,47,0,4013.0,,12,0,2,0,0.0
22452,0,0.015478394,52,0,0.253856702,5833.0,13,0,2,0,1.0
22454,0,0.143051589,46,0,0.118141311,7854.0,20,0,0,0,0.0
22455,0,0.046651649,57,0,12.27860697,200.0,9,0,2,0,0.0
22456,0,0.00109081,37,0,0.165398275,7883.0,11,0,2,0,0.0
22459,0,0.002719654,62,0,0.535925071,7793.0,10,0,2,0,0.0
22461,0,0.0,56,0,0.02309769,10000.0,3,0,0,0,1.0
22462,0,0.9999998999999999,29,0,10.0,0.0,5,0,0,0,0.0
22463,0,0.9999998999999999,26,98,0.0,,0,98,0,98,0.0
22465,0,0.9834437090000001,57,0,3429.0,,4,0,1,0,0.0
22466,0,0.0,71,1,7027.0,,24,0,4,0,0.0
22467,0,0.9999998999999999,61,0,0.424143964,4000.0,5,0,1,0,0.0
22469,0,0.9999998999999999,21,0,5.0,,2,0,0,0,
22470,0,0.363375467,48,0,0.599925009,8000.0,20,0,2,0,1.0
22471,0,0.0,51,0,0.26549106,4082.0,3,0,1,0,1.0
22472,0,0.667877414,55,0,0.27434690300000003,21665.0,17,0,2,0,2.0
22474,0,0.886093166,47,0,0.368292412,9000.0,17,0,3,0,1.0
22475,0,0.014927001,75,0,0.0023821339999999997,10074.0,2,0,0,0,0.0
22476,0,0.32137635800000003,74,0,1.103021082,4600.0,11,0,3,0,0.0
22478,0,0.0,39,0,0.23296500899999997,8687.0,4,0,1,0,4.0
22479,0,0.085309411,42,0,0.466651517,8800.0,9,0,2,0,2.0
22480,0,0.138146546,26,0,0.44848600299999997,5250.0,12,0,2,0,0.0
22481,0,0.55192589,53,0,786.0,0.0,8,1,0,0,0.0
22482,0,0.10624429,61,0,1992.0,,8,0,1,0,2.0
22487,0,0.07577197299999999,76,0,0.264352963,5416.0,11,0,0,0,0.0
22489,0,0.9999998999999999,62,0,0.211473566,5333.0,2,0,1,0,0.0
22490,1,0.012720086,42,0,0.299847077,8500.0,14,0,1,0,2.0
22491,0,0.080094684,76,0,0.571557156,3332.0,6,0,1,0,0.0
22492,0,0.019366021,72,1,0.004855755,3500.0,5,0,0,0,0.0
22493,0,1.034987504,22,0,0.066633014,1980.0,2,0,0,0,0.0
22498,0,0.020396874,70,0,0.150899862,6500.0,8,0,1,0,0.0
22499,0,0.21381724100000002,58,0,0.40257895299999996,9150.0,11,0,3,0,1.0
22500,0,0.39246119700000004,40,0,5.0,,2,0,0,0,0.0
22501,1,0.993067591,55,1,1.054486378,4000.0,12,0,2,0,1.0
22503,0,0.062936517,69,0,0.009755304000000001,12300.0,9,0,0,0,0.0
22504,0,0.400394191,45,1,0.8665797479999999,2300.0,13,0,1,0,0.0
22505,0,0.004024333,86,0,0.009618132,10500.0,12,0,0,0,0.0
22506,0,0.8547912990000001,38,1,1275.0,,5,0,0,3,2.0
22508,0,0.127160819,38,1,0.381602538,7250.0,21,0,2,0,2.0
22509,1,0.9999998999999999,53,1,0.19360199399999997,4813.0,3,2,1,0,1.0
22510,0,0.0,51,0,0.272496187,5900.0,6,0,1,0,0.0
22511,0,0.013108198,63,0,0.048162653,12000.0,6,0,0,0,0.0
22512,0,0.35088592,44,0,0.49375223100000004,2800.0,8,0,0,0,0.0
22513,1,0.99040096,45,0,2461.0,,3,1,1,0,0.0
22514,0,0.441971726,48,0,1.12138522,2800.0,9,0,3,1,2.0
22515,0,0.6974479370000001,30,0,0.258872651,9100.0,9,0,0,0,1.0
22516,0,0.022441713,69,0,0.005802469,8099.0,6,0,0,0,0.0
22517,0,0.46669580899999996,32,1,0.409882891,3500.0,6,0,0,0,1.0
22521,0,0.009488359,30,0,0.051498847,1300.0,8,0,0,1,0.0
22522,0,0.9034941759999999,34,1,0.17681000100000002,7278.0,5,0,0,0,1.0
22525,0,0.142329536,51,0,0.182568867,15500.0,10,0,1,0,2.0
22526,0,0.011930161000000002,69,0,0.092507141,4550.0,7,0,0,0,0.0
22527,0,0.048996230999999994,66,0,0.022698613,792.0,4,0,0,0,0.0
22529,0,0.662456251,39,0,0.404199921,17666.0,9,0,3,0,1.0
22530,0,0.486981083,57,1,0.26911702600000004,7100.0,9,0,1,0,0.0
22531,0,0.222759586,65,0,0.06507442,8666.0,5,0,0,0,1.0
22533,0,0.0,36,0,0.277657787,8333.0,11,0,1,0,1.0
22536,0,0.9999998999999999,23,0,0.0,1.0,1,0,0,0,0.0
22538,0,0.9999998999999999,65,0,5873.0,,6,0,1,0,0.0
22539,1,0.778693722,44,0,0.96753705,1416.0,10,0,0,2,2.0
22540,0,0.032309048,37,0,0.004768497,6500.0,1,0,0,0,0.0
22541,1,0.16912848800000002,70,4,0.240875912,10000.0,23,1,2,1,0.0
22542,0,0.076950765,44,0,0.205424661,16000.0,8,0,2,0,4.0
22543,0,0.0026265409999999996,66,0,0.0017115960000000001,2336.0,4,0,0,0,0.0
22545,0,0.6609222889999999,41,0,0.649722928,24000.0,11,0,2,0,1.0
22546,0,0.049977035999999996,72,0,0.0058323609999999994,6000.0,2,0,0,0,0.0
22547,0,1.00539892,34,0,0.187853455,12200.0,3,0,1,1,2.0
22548,0,0.043307842,45,0,0.6772295159999999,4417.0,22,0,2,0,1.0
22549,0,0.137606586,25,0,0.343034881,4500.0,5,0,1,0,0.0
22550,0,0.000250341,72,0,1230.0,0.0,6,0,1,0,0.0
22553,0,0.0,29,0,0.654384462,3500.0,7,0,1,0,3.0
22555,1,1.06723059,33,1,0.948346661,4626.0,18,3,1,5,0.0
22556,0,0.089759669,37,0,1248.5,1.0,13,0,1,0,3.0
22557,0,0.0,22,0,0.0,1520.0,1,0,0,0,1.0
22558,0,0.068983965,33,0,0.073692631,10000.0,10,0,0,0,0.0
22559,0,0.7589425809999999,38,0,0.436170922,15000.0,9,0,2,0,0.0
22561,0,1.077792221,50,1,0.679909345,7500.0,5,0,2,0,1.0
22562,0,0.0,44,0,0.562304134,6700.0,7,0,2,0,3.0
22566,0,0.304941387,60,1,0.593901016,6000.0,16,0,2,0,0.0
22567,0,0.05043195,53,0,0.20582857100000002,8749.0,7,0,1,0,1.0
22568,0,0.9999998999999999,43,0,2650.0,,7,0,2,0,0.0
22571,0,0.38439533200000003,48,0,0.503239741,4166.0,9,0,2,0,1.0
22572,0,0.003492955,48,0,0.382723455,5000.0,6,0,1,0,3.0
22573,0,0.011958373000000001,56,0,0.201273092,14452.0,4,0,1,0,0.0
22574,0,0.009119818,54,0,0.30983627,8000.0,5,0,1,0,1.0
22575,0,0.101079122,66,0,0.151174413,4001.0,6,0,0,0,1.0
22576,1,0.462920464,47,0,706.0,,11,0,0,0,1.0
22577,0,0.03079824,53,0,0.084143024,5145.0,5,0,0,0,0.0
22579,0,0.031163672000000003,44,0,0.356728871,15700.0,9,0,3,0,0.0
22580,0,0.9999998999999999,54,0,27.0,,1,1,0,0,0.0
22581,0,0.163231408,47,0,0.21607109800000002,5400.0,16,0,0,0,2.0
22582,0,0.101311445,40,1,1915.0,,10,0,1,0,0.0
22583,0,0.078258786,55,1,0.23442312199999998,8441.0,16,0,2,0,0.0
22584,1,0.6756756759999999,46,4,0.242889992,8262.0,10,0,0,1,0.0
22585,0,0.562387053,44,0,0.435269781,5800.0,8,0,1,1,0.0
22586,0,0.9999998999999999,22,0,0.0,820.0,1,0,0,0,0.0
22587,0,0.204138143,52,0,1036.0,,3,0,1,0,0.0
22588,0,0.015542508,63,0,1026.0,,7,0,1,0,
22589,0,0.01333295,63,0,0.004192196,3100.0,3,0,0,0,0.0
22590,0,0.17993091,63,0,0.333846549,3896.0,11,0,1,0,2.0
22591,1,0.921647907,44,0,2075.0,,11,0,1,1,0.0
22593,0,0.182632695,62,0,4152.0,,4,0,2,0,0.0
22594,0,0.302116314,33,0,0.146669468,4758.0,6,0,0,0,3.0
22596,0,0.435789474,60,0,0.43584629700000005,7520.0,10,0,2,0,0.0
22597,0,0.458479165,60,0,0.36712992200000005,9497.0,9,0,1,0,0.0
22598,0,0.696138527,43,1,0.573605707,6167.0,13,0,2,0,2.0
22599,0,0.062645248,64,1,889.0,,9,0,1,0,
22601,0,0.757747418,35,0,0.198001249,1600.0,4,0,0,0,2.0
22602,0,0.9999998999999999,59,1,0.298633441,4975.0,2,5,1,0,2.0
22603,0,0.292264657,49,0,0.505707538,10161.0,13,0,2,0,0.0
22604,0,0.009833006,47,0,0.37785467100000003,4334.0,11,0,2,0,0.0
22605,0,0.9999998999999999,26,1,0.34900054,1850.0,5,0,0,0,0.0
22606,0,0.035818197,64,0,658.0,,8,0,0,0,0.0
22607,0,0.173291335,63,0,0.292218105,11333.0,5,0,2,0,1.0
22609,0,0.7688462309999999,26,0,0.059781488,4850.0,2,0,0,0,1.0
22610,0,0.731786755,44,2,0.177402805,17541.0,14,0,1,0,0.0
22611,0,0.034437884,70,0,0.009390275,7773.0,5,0,0,0,0.0
22612,0,0.5987649079999999,47,1,0.34738878100000004,7754.0,10,0,1,0,2.0
22613,0,0.009165903000000001,74,0,0.102140946,6725.0,5,0,1,0,0.0
22614,0,0.0,28,0,0.187637162,2733.0,7,0,0,0,0.0
22615,1,0.891621676,48,0,0.429708779,4772.0,5,0,1,0,2.0
22616,0,0.313902238,60,0,0.75791288,6381.0,8,0,2,0,2.0
22617,0,0.0,40,0,0.407687181,4500.0,5,0,1,0,0.0
22618,0,0.19610372899999998,56,0,0.094160705,6010.0,3,0,0,0,0.0
22619,0,0.082638256,52,0,5545.0,,18,0,2,0,2.0
22620,0,0.0031293690000000003,65,1,0.001011999,6916.0,15,0,0,0,0.0
22621,0,0.028876507000000003,43,0,797.0,,9,0,0,0,1.0
22623,0,0.016771965,71,0,0.6865627759999999,3400.0,14,0,0,0,0.0
22624,0,0.335083246,38,0,2822.0,0.0,13,0,2,0,4.0
22625,1,1.025794841,50,0,0.409025993,3500.0,5,0,1,0,4.0
22626,0,0.075398521,55,1,0.082197945,40000.0,6,0,1,0,3.0
22627,0,0.09782688199999999,39,0,3418.0,,10,0,2,0,0.0
22630,0,0.281627025,60,3,0.639296188,3750.0,10,0,2,0,0.0
22632,0,0.088718226,74,0,0.031016527000000002,4416.0,7,0,0,0,0.0
22634,0,0.953868204,49,0,0.45167601399999996,7666.0,8,0,1,0,0.0
22636,0,0.219614417,40,0,0.33754784,14631.0,10,0,2,0,0.0
22637,0,0.090113684,39,0,0.011247188,4000.0,3,0,0,0,0.0
22638,0,0.6067864270000001,21,0,0.004862237,1850.0,2,0,0,0,1.0
22639,0,0.012733953999999999,64,0,4.0,,1,0,0,0,
22641,0,0.9999998999999999,35,0,0.911062907,2304.0,4,0,1,0,1.0
22643,0,0.026454022,49,0,0.00856531,1400.0,2,0,0,0,0.0
22644,0,0.093628028,57,0,0.261658729,11128.0,19,0,1,0,1.0
22645,0,0.015645507,65,0,0.012183693,3200.0,5,0,0,0,0.0
22646,0,0.014312405,77,0,0.083783243,5000.0,15,0,0,0,1.0
22648,0,0.043682677999999996,77,0,1.009066183,3308.0,15,0,3,0,0.0
22649,0,0.187957517,39,0,0.49958368,1200.0,16,0,0,0,4.0
22651,0,0.059094423,76,0,1889.0,,7,0,2,0,0.0
22653,0,0.053469462999999995,69,0,91.5,1.0,11,0,0,0,0.0
22656,0,0.9999998999999999,57,0,4835.0,,10,0,3,0,0.0
22658,0,0.016805503,74,0,0.009247688,4000.0,10,0,0,0,0.0
22660,0,0.009430997,65,0,0.40492610799999995,2029.0,9,0,1,0,1.0
22662,0,0.15255433699999998,67,0,0.07254333,12750.0,5,0,1,0,0.0
22663,0,0.23920000800000002,53,0,0.498850115,10000.0,20,0,2,0,1.0
22664,0,0.075163183,54,0,365.0,,4,0,0,0,0.0
22666,0,0.114313105,43,0,0.23080322600000003,9050.0,13,0,1,0,0.0
22667,0,0.0,24,0,135.0,,4,0,0,0,
22668,0,0.0041913670000000005,48,0,0.081064452,6500.0,17,0,0,0,3.0
22669,0,0.006269883,35,0,0.468133206,11500.0,19,0,2,0,1.0
22670,0,0.974217007,70,0,0.7332198440000001,4111.0,5,0,2,0,0.0
22671,0,0.044672416,46,0,9027.0,,14,0,2,0,0.0
22675,0,0.655719463,50,0,0.29759555,11145.0,7,0,0,0,0.0
22677,0,0.9999998999999999,40,0,0.455155071,8350.0,7,0,2,0,1.0
22678,0,0.00716268,46,0,13.0,,3,0,0,0,
22679,0,0.019077478000000002,50,0,0.223720267,9122.0,9,0,1,0,1.0
22680,0,0.11029951199999999,37,0,0.082332762,3497.0,7,0,0,0,4.0
22681,0,0.0,45,1,0.133716571,4000.0,2,0,0,1,3.0
22682,0,0.014566288,74,0,0.308993516,3546.0,12,0,1,0,0.0
22683,0,0.020452138,51,0,0.032213274,3600.0,57,0,0,0,0.0
22686,0,0.082895122,62,0,0.09872675199999999,15000.0,7,0,1,0,3.0
22687,0,0.09345435,39,0,2013.0,,8,0,1,0,3.0
22688,0,0.01118715,65,0,0.287851554,18915.0,6,0,2,0,2.0
22689,0,0.002999813,66,0,1.0,,2,0,0,0,0.0
22690,0,0.42907400700000004,33,0,0.38265149200000004,3250.0,17,0,0,0,0.0
22692,0,0.070041267,52,0,0.334572491,5379.0,6,0,1,0,0.0
22693,0,0.018906469,62,1,5310.0,,12,1,3,0,1.0
22695,0,0.52711822,34,0,693.0,1.0,4,0,1,0,1.0
22696,0,0.021641101,44,0,1193.0,0.0,8,0,1,0,3.0
22697,0,0.055349259000000005,59,0,0.221682617,7000.0,6,0,1,0,1.0
22698,0,0.139465612,43,1,3621.0,0.0,9,0,1,0,10.0
22699,0,0.230562018,42,0,0.40264933799999997,4000.0,8,0,1,0,2.0
22700,0,0.09709491099999999,46,0,0.259373683,7120.0,10,0,1,0,1.0
22702,0,0.0,60,0,0.25440712600000004,5388.0,6,0,1,0,0.0
22704,0,0.061579880999999996,44,0,0.239957717,7567.0,16,0,1,0,0.0
22705,0,0.937359588,47,1,0.87956022,2000.0,8,0,1,0,0.0
22706,0,0.020570831,88,0,0.005591692,8762.0,6,0,0,0,0.0
22707,0,0.0,56,0,0.320467953,10000.0,10,0,1,0,0.0
22708,0,0.070286084,82,0,0.022888712999999998,3800.0,3,0,0,0,0.0
22711,0,0.000568797,93,0,0.0,,7,0,0,0,
22714,0,0.810945274,49,0,4.0,,1,0,0,0,0.0
22716,0,0.001044745,65,0,1.0,,10,0,0,0,1.0
22719,0,0.392191865,46,0,0.214915892,8500.0,9,0,1,0,0.0
22720,0,0.5097722339999999,49,0,0.26907089100000003,8900.0,6,0,1,0,1.0
22721,0,0.014577453999999998,58,0,0.10694219599999999,10500.0,7,0,2,0,0.0
22723,0,0.04119794,54,0,3.43335224,1762.0,7,0,2,0,0.0
22724,0,0.136496898,79,0,0.222413793,2899.0,10,0,0,0,1.0
22726,0,0.950609878,44,0,0.446610678,3333.0,3,0,1,0,1.0
22727,0,0.65322667,28,0,2482.0,,10,0,1,0,0.0
22728,1,1.056839475,23,0,0.111269615,700.0,2,2,0,0,3.0
22729,0,0.422483534,40,0,0.6128494720000001,5400.0,8,0,2,0,1.0
22731,0,0.0,54,0,0.09028935,6600.0,6,0,0,0,0.0
22732,0,0.051316228,25,0,0.11234396699999999,2883.0,2,0,0,0,0.0
22733,1,0.091958002,88,3,0.328722093,7300.0,10,2,1,1,0.0
22735,0,0.049169502000000004,51,0,0.477730095,24000.0,15,0,4,0,5.0
22736,0,0.548422604,51,0,0.534728703,7500.0,15,0,3,0,1.0
22737,0,0.009585876,33,0,0.06898275400000001,4000.0,4,0,0,0,0.0
22738,0,0.050164296,54,0,0.287942412,5000.0,12,0,1,0,1.0
22742,0,0.38613707399999997,55,0,0.132645092,52500.0,20,0,3,0,2.0
22743,0,0.052767475,46,0,0.240048906,7360.0,9,0,2,0,0.0
22745,1,0.9999998999999999,54,1,521.0,,1,0,0,0,0.0
22746,0,0.236229921,45,0,0.276527331,13372.0,14,0,1,0,1.0
22747,0,0.6465664179999999,43,0,0.231890558,4458.0,12,0,0,0,2.0
22748,0,0.9999998999999999,21,0,0.0,500.0,1,0,0,0,0.0
22749,0,0.097418489,73,0,2589.0,,11,0,1,0,1.0
22750,0,0.949161149,85,0,0.5158526139999999,3500.0,13,0,0,0,0.0
22751,0,0.278760994,63,0,0.497994896,2742.0,7,0,1,0,0.0
22752,0,0.019749013,31,0,0.681054066,2200.0,4,0,2,0,0.0
22754,0,0.079114295,47,1,0.482180294,6200.0,17,0,3,0,2.0
22755,0,0.0,51,0,0.429591545,3500.0,14,0,1,0,3.0
22757,0,0.021450498,42,0,0.012794881999999999,2500.0,13,0,0,0,0.0
22759,0,0.642325021,43,0,0.356630525,5994.0,6,0,0,0,1.0
22762,0,0.034684597000000005,72,0,0.268743914,4107.0,9,0,1,0,0.0
22763,0,0.307233219,65,0,1.000874126,4575.0,11,0,1,0,0.0
22764,0,0.024982442,49,0,0.6272493570000001,3500.0,6,0,0,0,3.0
22767,0,0.044010723,90,0,0.019423021999999998,3500.0,8,0,0,0,0.0
22769,0,1.011498084,30,0,182.0,,1,0,0,0,2.0
22770,0,0.026933329,40,0,0.883852691,6000.0,13,0,4,0,0.0
22771,0,0.131044884,35,0,718.0,,9,0,0,0,0.0
22772,0,0.020087471000000003,59,0,0.268472023,5575.0,6,0,2,0,2.0
22773,0,0.569215392,28,0,0.041666667000000004,3671.0,2,0,0,0,0.0
22774,0,0.0,56,0,3460.0,,4,0,2,0,0.0
22775,0,0.414585415,28,0,0.002013761,5958.0,2,0,0,0,0.0
22776,0,0.029252193,59,0,0.434366519,7000.0,17,0,2,0,0.0
22779,0,0.41651727,29,0,0.23854961800000002,2619.0,12,0,0,0,0.0
22780,0,0.13682137,50,0,0.23337703699999998,10677.0,7,0,1,0,3.0
22782,0,1.007851535,32,0,0.213874583,3300.0,10,0,0,0,0.0
22784,0,0.060357586,59,0,0.48277718,5573.0,8,0,1,0,0.0
22787,0,0.507414139,58,0,0.6926077270000001,5383.0,17,0,1,0,0.0
22788,0,0.007465671,74,0,0.239940755,4050.0,5,0,1,0,0.0
22791,0,0.0034113629999999997,61,0,0.0,4333.0,2,0,0,0,1.0
22792,0,0.8661269340000001,29,0,0.517061508,4600.0,11,0,2,0,0.0
22793,0,0.9999998999999999,68,0,30.0,,0,0,0,0,0.0
22794,0,0.350162459,27,0,0.307216495,1454.0,4,0,0,0,1.0
22795,0,0.0,52,0,0.234168565,2194.0,9,0,0,0,0.0
22796,0,0.0,61,0,21.0,,8,0,0,0,2.0
22797,0,0.6848140079999999,30,0,0.321779318,3461.0,4,0,0,0,2.0
22798,0,0.039500153999999996,78,0,0.017551655,4500.0,6,0,0,0,2.0
22799,0,0.0019068879999999998,78,0,1.0,,3,0,0,0,
22800,0,0.9836642729999999,59,2,0.38856240700000005,11400.0,9,0,1,0,0.0
22802,0,0.028306289,67,0,0.008690777,7133.0,4,0,0,0,0.0
22805,0,0.18474464100000001,54,0,0.542007072,8200.0,12,0,4,0,0.0
22806,0,0.18506520899999998,52,0,0.286785536,6000.0,19,0,2,0,2.0
22808,0,0.0,64,0,0.495426195,4809.0,8,0,2,0,3.0
22809,0,0.34022017,49,0,0.36322936899999997,6700.0,8,0,2,0,2.0
22811,0,0.331227779,40,0,0.194384449,8333.0,9,0,0,0,0.0
22812,0,0.042676662000000004,55,0,0.15141369,8063.0,12,0,1,0,0.0
22814,0,0.0,27,0,0.0,2881.0,2,0,0,0,0.0
22815,1,0.8510627609999999,40,2,0.18589083399999998,3883.0,7,0,0,0,1.0
22817,0,0.033369134,65,0,2172.0,,10,0,1,0,0.0
22818,0,0.062168577,90,0,0.011996001000000001,3000.0,4,0,0,0,0.0
22819,1,1.0033222590000002,46,0,0.003213138,2800.0,1,0,0,0,0.0
22820,0,0.0034092379999999998,94,0,5.0,,13,0,0,0,0.0
22821,0,0.832921316,55,0,0.392051153,7975.0,10,0,2,0,2.0
22822,0,0.9999998999999999,36,0,0.0,3200.0,0,0,0,0,1.0
22823,0,0.62411312,66,0,4759.0,,15,0,2,0,0.0
22825,0,0.235693244,56,0,3880.0,0.0,12,0,1,0,0.0
22826,0,0.25683709899999996,31,0,0.127575277,2523.0,4,0,0,0,0.0
22827,0,0.540546545,34,0,0.197934022,3000.0,4,0,0,0,0.0
22828,0,0.08294810000000001,66,0,0.413161183,2400.0,4,0,1,0,0.0
22829,0,0.374398395,45,0,0.279760025,3166.0,8,0,0,0,0.0
22830,0,0.013228733999999999,43,0,7299.0,,6,0,1,0,0.0
22832,0,0.277315328,70,0,0.305322886,3700.0,14,0,0,0,0.0
22834,0,0.486975651,52,0,0.058557658,25000.0,3,0,1,0,0.0
22835,0,0.10087902900000001,31,0,1417.0,,7,0,1,0,0.0
22837,0,0.9999998999999999,31,0,0.205774705,2458.0,3,2,0,0,0.0
22838,0,0.09498706800000001,39,0,0.354596235,14500.0,11,0,1,0,2.0
22841,0,0.001618371,62,0,0.292266667,7499.0,11,0,1,0,1.0
22843,0,0.0,86,0,0.48216401200000003,7596.0,10,0,2,0,1.0
22845,0,0.0028787009999999996,63,0,0.000258031,7750.0,3,0,0,0,0.0
22846,1,0.528364125,45,0,0.8688524590000001,2744.0,17,0,1,0,0.0
22847,0,0.036548172999999996,65,0,0.003420753,6138.0,3,0,0,0,3.0
22848,0,0.159899045,57,0,0.38210206700000005,6916.0,8,0,1,0,0.0
22850,0,0.0,44,0,484.0,,2,0,1,0,0.0
22852,0,0.9999998999999999,28,0,0.131044708,8767.0,2,0,0,0,0.0
22853,0,0.934163975,69,0,1.6598746080000002,1275.0,5,0,1,0,0.0
22858,0,0.7952537959999999,62,2,1880.0,,14,1,0,0,0.0
22859,0,0.249156515,40,0,0.29511748,6000.0,13,0,1,0,0.0
22860,0,0.035867616,76,0,0.002852853,6659.0,1,0,0,0,0.0
22861,0,0.009112756,56,0,0.079455663,6833.0,19,0,0,0,0.0
22863,0,0.10502064900000001,46,0,3672.0,,12,0,1,0,1.0
22864,0,0.10149812,59,1,0.09186351699999999,8000.0,12,0,0,0,0.0
22865,0,0.755390495,33,0,0.343142842,19300.0,8,0,2,0,0.0
22866,0,0.08653513300000001,60,1,67.0,,6,0,0,0,0.0
22867,0,0.518031617,59,0,1.028911105,3700.0,17,0,2,0,0.0
22868,0,0.9999998999999999,49,0,0.516570803,3650.0,4,0,3,0,0.0
22869,0,0.029771167,57,0,0.23597752600000002,10500.0,18,0,2,0,0.0
22871,0,0.787591837,71,0,0.37115721100000004,4000.0,5,0,1,0,0.0
22872,0,0.9999998999999999,43,0,0.195567145,2300.0,3,0,0,0,0.0
22873,0,0.203987251,40,0,0.461815377,11666.0,6,0,1,0,0.0
22874,0,0.08284163900000001,40,0,0.224805475,10666.0,9,0,1,0,1.0
22875,0,1.0732113140000001,29,0,0.216600089,2252.0,4,0,0,1,1.0
22876,0,0.09758048400000001,28,0,0.110977804,5000.0,10,0,0,0,0.0
22877,0,0.001900912,82,0,0.303339332,5000.0,12,0,2,0,1.0
22878,0,0.032986494,46,0,0.18093229600000002,13750.0,7,0,2,0,3.0
22879,0,0.2277092,65,0,0.34862793,9000.0,12,0,1,0,1.0
22881,0,0.37985918,44,0,0.397706093,6974.0,5,0,2,0,0.0
22884,0,0.513035528,59,0,0.332167832,12583.0,9,0,2,0,2.0
22885,0,0.355908169,50,1,0.204552173,3382.0,7,0,0,0,0.0
22886,1,0.797666788,28,0,0.287599602,4015.0,6,0,0,0,0.0
22890,0,0.0,79,0,0.22311963699999998,3961.0,4,0,1,0,0.0
22891,0,0.005524521,56,0,4.0,0.0,14,0,0,0,0.0
22892,0,0.019324925,82,1,0.39030121799999995,4680.0,12,0,2,0,0.0
22893,0,0.9999998999999999,34,0,0.23458904100000003,1751.0,3,0,0,0,1.0
22894,0,0.085295735,54,0,0.236997239,13400.0,9,0,3,0,2.0
22896,0,0.69186808,48,3,0.125587441,10000.0,7,0,0,0,2.0
22898,0,0.35420585200000004,55,3,0.560515173,5667.0,15,0,2,0,0.0
22899,0,0.8179381590000001,50,1,0.38447555,5500.0,9,0,1,0,1.0
22900,0,0.19903398,70,0,0.28130989100000003,12000.0,10,0,3,0,0.0
22903,0,0.004327401,59,0,0.19750283800000001,7928.0,10,0,1,0,0.0
22904,0,0.036190605,65,0,1.885622875,5000.0,14,0,5,0,0.0
22905,0,0.09963574,49,0,0.125538258,9056.0,5,0,1,0,0.0
22906,0,0.0,62,0,0.45990783399999996,4339.0,6,0,2,0,0.0
22908,0,0.530938124,30,0,0.606398172,3500.0,11,0,2,0,0.0
22909,0,0.00809919,88,0,2.0,,3,0,0,0,0.0
22911,1,0.0,36,0,0.680863827,5000.0,9,0,4,0,1.0
22912,1,0.9920015999999999,45,0,0.280799765,3400.0,7,0,0,0,0.0
22914,0,0.8819559020000001,73,0,0.440809444,2964.0,4,0,1,0,0.0
22915,0,0.9999998999999999,31,0,0.596961216,2500.0,5,0,2,0,3.0
22916,0,0.150130644,46,0,0.045488627999999996,4000.0,9,0,0,0,2.0
22919,0,0.006316849,55,0,0.078118025,11200.0,17,0,0,0,1.0
22922,0,0.45490901799999994,31,0,0.405322862,4583.0,5,0,2,0,0.0
22923,0,0.7059287320000001,54,1,0.1529801,20250.0,9,0,2,0,3.0
22924,0,0.034215189,39,1,0.648188145,4166.0,10,0,1,0,1.0
22925,0,0.414930845,36,0,0.05036975,7166.0,6,0,0,2,1.0
22926,0,0.010122015,56,1,0.034907598,11200.0,6,0,0,0,2.0
22927,0,0.142048584,49,0,0.41370558399999996,4333.0,13,0,1,0,1.0
22928,0,0.024934099999999997,62,0,2696.0,,7,0,2,0,0.0
22931,0,0.0,59,4,1935.0,,12,0,2,0,2.0
22932,0,0.7393574,51,0,1.373271889,1301.0,6,0,2,0,2.0
22933,0,0.037176945,55,1,0.19070474399999998,12500.0,9,0,1,0,0.0
22934,0,0.246042779,70,0,0.318729785,3400.0,7,0,0,0,0.0
22935,0,0.0,61,0,796.0,,7,0,1,0,0.0
22936,0,0.00048431699999999995,63,0,0.269331931,1900.0,11,0,1,0,0.0
22937,0,0.9999998999999999,54,1,0.145963509,4000.0,1,1,0,0,1.0
22939,0,0.346513918,40,2,0.598824394,5443.0,6,0,1,0,2.0
22941,0,0.282206544,36,0,0.19853836800000002,7388.0,8,0,0,0,3.0
22944,0,0.991182219,48,2,0.216813897,16866.0,8,0,3,1,0.0
22945,0,0.036783087,41,0,0.589470177,3000.0,5,0,0,0,2.0
22946,0,0.045448864000000005,74,0,52.0,,7,0,0,0,
22947,0,0.7485500970000001,58,0,1.74450803,5416.0,8,0,3,0,0.0
22948,0,0.25910917899999997,62,1,0.845055337,2800.0,6,0,1,0,0.0
22949,0,0.97349049,38,1,0.346055359,8200.0,6,0,1,0,0.0
22950,0,0.710415812,45,0,0.38009839700000003,6300.0,8,0,1,0,3.0
22951,0,0.320559964,36,0,0.650837291,4000.0,9,0,1,0,1.0
22952,0,0.060246988,69,0,1899.0,,10,0,2,0,2.0
22953,0,1.046312742,69,0,0.355184424,22393.0,18,0,4,0,0.0
22955,0,0.9999998999999999,71,0,704.0,,2,0,1,0,0.0
22956,0,0.08185684900000001,72,0,0.129838594,7000.0,3,0,1,0,0.0
22958,0,0.047131337999999995,79,1,0.187524831,5033.0,14,0,1,0,1.0
22959,1,0.012143511999999999,69,0,3120.0,,10,0,1,0,0.0
22960,0,0.0,38,0,0.7056233059999999,2951.0,6,0,1,0,0.0
22961,0,0.029347472000000003,46,0,0.082073936,4300.0,6,0,0,0,0.0
22963,0,0.00881727,43,0,0.546184739,5726.0,5,0,2,0,4.0
22965,0,0.070371851,48,1,0.381945436,7000.0,7,0,1,0,2.0
22967,0,0.070296485,55,0,0.608187135,6497.0,6,0,1,0,0.0
22970,0,0.250077463,53,0,0.650587659,4083.0,13,0,2,0,4.0
22972,1,1.096665418,36,3,146.0,,5,1,0,0,0.0
22973,0,1.082983403,36,1,0.45603138299999996,3058.0,7,0,1,0,1.0
22974,0,0.007810778000000001,75,0,0.169264069,2309.0,7,0,0,0,0.0
22975,0,0.412769285,29,0,2715.0,,6,0,1,0,1.0
22977,0,0.08657661900000001,38,0,484.0,,9,0,0,0,2.0
22979,0,0.809960005,61,0,0.38137408899999997,7000.0,7,0,2,0,1.0
22982,0,0.662118943,33,1,0.6549639620000001,4300.0,10,0,1,0,1.0
22984,0,0.8541458540000001,24,0,33.0,0.0,4,0,0,0,0.0
22985,0,0.043189369000000005,43,2,0.0,,4,0,0,0,0.0
22986,0,0.02375905,80,0,0.133839794,8950.0,4,0,1,0,0.0
22987,0,0.42768583600000004,63,2,8550.0,,22,0,2,0,0.0
22989,1,0.7918858390000001,71,2,0.69356301,5514.0,14,1,1,1,0.0
22990,0,0.040549583,71,1,0.057032513,11133.0,9,0,0,0,0.0
22994,0,0.16119838,69,0,0.062919463,4767.0,4,0,0,0,0.0
22995,0,0.043882602,57,0,0.27432774600000004,16585.0,5,0,3,0,1.0
22997,0,0.325175347,32,1,0.602216749,811.0,11,0,0,0,0.0
22998,0,0.029159417000000003,63,0,0.22136563899999998,13619.0,6,0,2,0,0.0
22999,0,0.420967579,68,0,0.13983217,12750.0,6,0,1,0,0.0
23000,0,0.031503089,46,0,0.30519616,9583.0,9,0,1,0,1.0
23001,0,0.9449195340000001,30,1,0.417895526,4000.0,10,0,0,0,2.0
23002,0,0.858283433,24,0,0.028639618,418.0,2,0,0,0,0.0
23004,0,0.055817897000000005,70,0,0.068707991,8033.0,10,0,0,0,0.0
23006,0,1.052631579,24,0,0.05994006,1000.0,2,0,0,0,0.0
23007,0,0.019547653999999998,38,0,0.419525583,5100.0,15,0,2,0,1.0
23008,0,0.590281944,37,0,1.343828086,2000.0,4,0,1,0,1.0
23009,0,1.549153178,29,0,0.188968505,6000.0,5,0,0,0,0.0
23013,0,0.927507249,53,0,0.318934485,2777.0,4,0,0,0,1.0
23015,0,0.01459927,75,0,0.0035398229999999997,2259.0,3,0,0,0,0.0
23017,0,0.18168532,63,0,0.347896816,4302.0,6,0,1,0,0.0
23018,0,0.0,59,0,0.078075151,11283.0,7,0,0,0,0.0
23019,1,0.380062305,52,1,0.379009164,6983.0,12,0,2,0,0.0
23021,0,3.3e-05,45,0,0.211489578,5900.0,6,0,1,1,3.0
23022,0,0.0,50,0,0.264536406,13362.0,8,0,2,0,1.0
23023,0,0.9999998999999999,42,1,116.0,,2,0,0,0,3.0
23024,0,0.511963078,53,1,0.354699505,9500.0,13,0,2,0,2.0
23025,0,0.0,67,0,0.0,,3,0,0,0,0.0
23026,0,0.027757779,47,0,713.0,,5,0,0,0,0.0
23027,0,0.038626081,80,0,0.015996001,4000.0,3,0,0,0,0.0
23028,0,0.100984821,45,0,0.586490495,7416.0,11,0,3,0,2.0
23029,0,0.0,46,0,0.225874482,13750.0,11,0,2,0,0.0
23030,0,0.089037626,64,0,1538.0,,8,0,1,0,0.0
23031,0,0.0077622659999999994,54,1,0.390391603,7430.0,15,0,3,0,0.0
23032,0,0.6281428689999999,55,1,1.092781444,5000.0,11,0,2,0,0.0
23035,0,0.03967486,75,0,0.008995501999999999,2000.0,3,0,0,0,0.0
23037,1,0.0,37,2,598.0,,4,0,0,0,1.0
23038,0,0.899162968,35,1,0.238016659,12725.0,5,0,1,1,1.0
23039,0,1179.0,43,0,0.49749059,6375.0,8,0,2,0,0.0
23040,0,0.988011988,36,0,0.015157559,2506.0,2,0,0,1,1.0
23041,0,0.025955392999999997,72,0,0.0037436690000000002,4540.0,1,0,0,0,1.0
23043,1,0.28077192300000003,28,0,0.41358958100000004,20500.0,6,0,4,0,1.0
23044,0,0.0,55,0,0.140762311,19230.0,5,1,1,0,3.0
23048,0,0.950051468,36,1,0.5708237110000001,5195.0,9,0,2,0,0.0
23049,0,0.019184119,55,0,3092.0,,7,0,1,0,0.0
23050,1,0.756044356,45,3,0.894323456,2800.0,7,3,1,1,2.0
23051,0,0.0,37,0,2258.0,,8,0,2,0,0.0
23052,0,0.0,51,0,2483.0,,9,0,1,0,0.0
23056,0,0.976804639,38,0,0.123243058,5833.0,3,0,0,0,0.0
23058,0,0.408718414,51,0,1.958733205,2083.0,13,0,3,0,1.0
23060,0,0.555958818,50,0,0.41324150200000004,4500.0,10,0,2,0,1.0
23061,0,0.020628866000000003,74,0,16.0,,1,0,0,0,0.0
23062,0,0.06735730599999999,39,0,0.301266385,4500.0,3,0,1,0,0.0
23064,0,0.085997676,77,0,0.24844248600000002,6580.0,5,0,1,0,1.0
23065,0,0.372476566,34,1,1401.0,,7,0,1,0,0.0
23066,0,0.7921722240000001,46,0,0.582348971,5925.0,13,0,1,0,2.0
23067,0,0.062894979,74,0,0.527934008,8000.0,15,0,3,0,0.0
23068,0,0.044178199,61,0,0.37641523299999996,6800.0,7,0,2,0,0.0
23072,0,0.071306766,79,0,629.0,,5,0,0,0,0.0
23073,0,0.0,68,0,2579.0,,13,0,1,0,0.0
23074,0,0.05653599,62,0,91.0,,4,0,0,0,0.0
23076,0,0.829475673,48,2,0.071899596,4700.0,10,1,0,0,0.0
23077,0,0.16975178300000002,56,0,0.302715699,18300.0,6,0,1,0,0.0
23078,0,0.9999998999999999,37,0,0.084870029,4500.0,1,0,0,0,1.0
23079,0,0.40221708,44,0,0.75826277,3660.0,9,1,1,0,2.0
23080,0,0.279897762,29,0,0.38979063700000005,4250.0,10,0,1,0,1.0
23081,0,0.10928822,40,0,0.135470255,7580.0,8,0,0,0,0.0
23082,0,0.9999998999999999,27,0,0.0,6200.0,1,0,0,0,0.0
23083,0,0.0,47,0,4359.0,,11,0,4,0,0.0
23085,0,0.030125352,65,0,0.210548763,7033.0,14,0,1,0,2.0
23087,0,0.11157084,63,0,0.41583819,5833.0,16,0,2,0,0.0
23088,0,0.145284003,54,0,0.35697785,7358.0,14,0,2,0,3.0
23089,1,0.267710585,43,1,7357.0,,7,0,1,0,0.0
23090,0,0.020064468999999998,32,0,1.5823768969999998,2700.0,12,0,3,0,0.0
23091,0,0.734149811,65,0,1.9802616480000002,4356.0,21,0,5,0,0.0
23092,0,0.265532626,48,0,2263.0,,4,0,1,0,0.0
23093,0,0.095620806,65,0,0.11413628699999999,6500.0,6,0,1,0,0.0
23094,0,0.034848399,61,0,4459.0,,17,0,3,0,0.0
23095,0,0.05027615,60,0,0.454981779,11250.0,12,0,6,0,2.0
23096,0,0.0,23,0,0.105947026,2000.0,2,0,0,0,0.0
23097,0,0.277256573,58,0,0.464229115,8833.0,12,0,1,0,2.0
23098,0,0.005199653,55,0,0.007901668,6833.0,4,0,0,0,0.0
23099,0,0.004616923,85,0,0.000539898,9260.0,4,0,0,0,0.0
23100,0,0.011996571999999999,34,0,0.198316675,1900.0,4,0,0,0,2.0
23101,0,0.072309964,93,0,0.34255248299999996,3000.0,8,0,2,0,0.0
23102,0,0.81012525,26,1,2.65773447,820.0,8,0,1,0,0.0
23103,0,0.336950418,66,0,0.643271346,5000.0,11,0,2,0,0.0
23110,0,0.21144493399999997,57,0,0.548258138,1750.0,13,0,0,0,0.0
23111,0,0.076695292,72,0,0.311617312,4389.0,3,0,1,0,0.0
23112,0,0.252341157,51,0,0.423992383,3150.0,23,0,0,0,1.0
23113,0,0.505274847,72,0,0.128435782,2000.0,5,0,0,0,0.0
23116,0,0.9999998999999999,37,0,0.0,2000.0,2,0,0,0,0.0
23117,0,0.050773933,56,0,0.26544897,15000.0,9,0,3,0,2.0
23118,0,0.30790930699999997,71,0,0.607252366,7500.0,10,0,3,0,0.0
23119,0,0.19303668,56,0,0.16942321600000002,26300.0,9,0,3,0,0.0
23121,0,0.82852292,33,0,0.779911965,2498.0,7,1,1,0,0.0
23122,0,0.39219885,54,2,0.713390676,9416.0,11,0,3,0,0.0
23123,0,0.8390777559999999,29,0,0.163916863,4666.0,10,0,0,0,0.0
23124,0,0.271110082,61,0,0.675147143,5266.0,9,0,1,0,1.0
23125,0,0.06434394,67,0,0.368352413,6900.0,8,0,1,0,0.0
23126,1,0.9999998999999999,29,0,0.746198217,1906.0,6,0,1,0,1.0
23130,0,0.659136907,45,0,0.334610898,6000.0,10,0,1,0,3.0
23131,0,0.486317741,45,0,0.39459658200000003,5440.0,4,0,1,0,3.0
23132,0,0.217281718,38,0,0.116202587,4560.0,6,0,0,0,2.0
23133,1,0.0,41,0,5655.0,,11,0,6,0,1.0
23135,0,0.00090474,64,1,598.0,,8,0,3,0,0.0
23137,0,0.216271744,66,0,0.19971091300000002,4150.0,2,1,0,1,0.0
23138,0,0.20164939,59,0,0.469921105,4055.0,6,0,1,0,0.0
23140,0,0.044469542,62,1,0.42311248100000004,6489.0,13,0,2,0,1.0
23141,0,0.19642342100000001,47,1,0.40141155700000003,6800.0,9,0,1,0,0.0
23142,0,0.06529723700000001,61,0,0.29776768800000003,18500.0,13,0,1,0,1.0
23144,1,5.214380826,26,0,0.7040737890000001,1300.0,7,0,0,0,0.0
23146,0,0.130828972,60,0,0.080278813,8320.0,6,0,1,0,1.0
23149,0,0.5423505,54,0,865.0,,5,0,1,0,1.0
23150,0,0.007416125,84,0,0.006819591,4838.0,14,0,0,0,1.0
23151,0,0.11439428,54,0,69.0,,1,0,0,0,
23152,0,0.7831184059999999,69,1,0.48764074,7726.0,11,4,2,0,1.0
23153,0,0.029352596,82,0,0.494156928,1197.0,7,0,1,0,0.0
23155,0,0.9999998999999999,40,0,0.0,5000.0,1,0,0,0,1.0
23156,0,0.8338711879999999,51,0,5336.0,,7,0,2,0,0.0
23157,1,0.9999998999999999,31,1,478.0,,4,1,0,0,0.0
23158,0,0.002819496,63,0,0.39204951200000004,4200.0,5,0,1,0,0.0
23161,1,1.064733817,47,0,1.553633218,2600.0,9,0,3,0,2.0
23163,0,0.14805598,31,0,0.404932511,6000.0,10,0,1,0,0.0
23164,0,0.834853924,36,0,1.128122245,3402.0,6,0,2,0,0.0
23165,0,0.016715277,84,0,0.11992731699999999,1650.0,6,0,0,0,0.0
23166,0,0.011554700000000001,29,0,0.08972756800000001,4000.0,9,0,0,0,0.0
23167,0,0.0,46,0,0.245180254,11566.0,7,0,1,0,2.0
23168,1,0.645534179,67,1,0.371314343,2000.0,10,0,0,0,0.0
23169,0,0.657433429,54,0,0.871610271,4166.0,16,0,2,0,1.0
23170,0,0.976723366,50,0,0.24654190399999998,3686.0,4,3,0,0,1.0
23171,0,0.843462933,53,0,0.421236741,8861.0,17,0,2,0,0.0
23174,0,0.064182641,34,0,0.475619096,3916.0,5,0,1,0,0.0
23175,0,0.448227589,61,0,0.334722057,8400.0,6,0,1,0,2.0
23176,0,0.0,66,0,1297.0,,6,0,1,0,0.0
23177,0,0.21410586899999998,62,0,5404.0,,14,0,2,0,0.0
23179,0,0.308273461,46,0,2849.0,,4,0,2,0,
23180,0,0.291209738,30,0,0.345122425,2572.0,21,0,0,0,0.0
23181,0,0.879916818,73,0,4441.0,,5,0,2,0,0.0
23184,0,0.0027137840000000003,87,0,0.086652225,6000.0,11,0,1,0,0.0
23185,0,0.053929738,39,0,829.5,1.0,7,0,2,0,2.0
23186,0,0.13420411699999998,55,0,0.308506309,4913.0,15,0,0,0,0.0
23187,0,0.0,31,0,0.13293353300000002,6002.0,6,0,0,0,0.0
23189,0,0.7846996270000001,40,1,0.10598675199999999,8000.0,5,0,0,0,0.0
23190,0,0.112515875,49,0,0.368603643,6917.0,10,0,2,0,0.0
23194,0,0.005049748,39,0,0.40493338100000004,5553.0,3,0,1,0,0.0
23196,0,0.167258526,39,0,0.6228482,5750.0,13,0,1,0,1.0
23197,0,0.43134242899999997,41,0,3407.0,,12,0,1,0,0.0
23198,0,0.940662728,42,0,0.154713643,13566.0,7,0,0,0,2.0
23199,0,0.024647941,72,0,1334.0,,10,0,1,0,0.0
23200,0,0.277848143,38,0,0.428793601,4500.0,4,0,1,0,1.0
23204,0,0.06059798,66,0,0.016564416999999998,3259.0,2,0,0,0,1.0
23205,0,0.9999998999999999,32,0,0.411398246,4333.0,3,0,1,0,3.0
23206,0,0.082050997,72,0,0.010473696999999999,4200.0,4,0,0,0,0.0
23207,0,0.313438341,64,0,0.279008439,7583.0,8,0,1,0,1.0
23208,0,0.135045802,70,0,1.4256285969999998,3300.0,11,0,1,0,0.0
23209,1,0.907156121,26,0,0.254204709,2080.0,5,0,0,0,1.0
23212,0,0.266629777,58,0,0.14094718,10620.0,6,0,1,0,1.0
23214,0,0.991052722,39,0,0.202814868,11083.0,7,0,0,0,0.0
23215,0,0.034792546,74,0,0.03074558,1300.0,11,0,0,0,0.0
23216,1,0.9999998999999999,34,1,0.59141143,3166.0,4,1,1,1,2.0
23221,0,0.9999998999999999,27,0,0.0,1733.0,0,0,0,0,0.0
23225,0,0.018690995,49,0,1848.0,,14,0,1,0,0.0
23226,0,0.9999998999999999,31,0,0.550689862,5000.0,5,0,2,0,2.0
23228,0,0.0,63,0,0.001305341,9192.0,4,0,0,0,0.0
23230,0,0.0507198,79,1,0.262106797,35000.0,19,0,2,0,1.0
23231,0,0.0,57,0,1613.0,,10,0,1,0,0.0
23232,0,0.0,60,0,0.0,,1,0,0,0,1.0
23233,0,0.0009898889999999999,57,0,652.0,,8,0,1,0,
23234,0,0.0,81,0,0.0,,3,0,0,0,0.0
23235,0,0.001333306,92,0,0.000285633,3500.0,5,0,0,0,0.0
23238,0,0.067678195,66,0,0.029548988999999998,2571.0,2,0,0,0,0.0
23240,0,0.982458145,46,0,0.19823276399999998,8600.0,5,0,0,0,0.0
23241,0,0.077418377,74,0,0.008746356,3429.0,2,0,0,0,0.0
23244,0,0.034737362,59,0,0.198872932,5500.0,11,0,1,0,1.0
23250,0,0.0027032370000000003,75,0,0.22438957899999998,7330.0,7,0,1,0,0.0
23251,0,0.208998656,72,0,0.286308348,9618.0,10,0,1,0,1.0
23252,0,0.63234695,59,0,0.694501617,3400.0,9,0,1,0,0.0
23253,0,0.092026099,46,0,0.07623390099999999,12500.0,8,0,0,0,2.0
23255,1,0.244785382,78,2,0.317473011,2500.0,7,0,0,0,0.0
23256,0,0.8067906220000001,45,0,1359.0,,13,0,1,0,1.0
23257,0,0.9999998999999999,61,0,0.0,5000.0,1,0,0,0,0.0
23260,0,0.038852315,42,0,0.33278991399999996,9200.0,13,0,1,0,3.0
23263,0,0.020775218999999998,46,0,793.0,,16,0,1,0,0.0
23265,0,0.219280177,29,0,0.166952348,2916.0,9,0,0,0,0.0
23267,0,0.185873578,65,0,0.24578033800000001,25001.0,14,0,2,0,0.0
23268,1,0.377586446,57,1,0.17817078,7576.0,6,1,0,0,1.0
23269,0,0.196504652,30,0,0.08084772400000001,2547.0,3,0,0,0,1.0
23271,0,0.9664067190000001,44,1,850.0,,4,0,0,0,0.0
23272,0,0.42861323799999995,50,0,0.312132187,4417.0,12,0,1,0,2.0
23273,0,0.9999998999999999,43,0,0.309719934,1213.0,1,0,0,0,1.0
23274,0,0.251826783,38,0,0.36443926,6000.0,5,0,2,0,0.0
23277,0,0.028092872,67,0,0.233203359,6667.0,3,0,1,0,0.0
23278,0,0.953139552,69,0,0.510677809,14000.0,10,0,2,0,0.0
23279,0,0.008599296999999999,65,0,882.0,,11,0,0,0,0.0
23280,0,0.97030297,37,2,0.33636636299999995,10000.0,4,0,2,0,2.0
23281,0,0.011668821999999999,68,0,1699.0,,8,0,1,0,0.0
23283,0,0.04645452,28,0,0.013496626000000001,4000.0,3,0,0,0,0.0
23285,0,0.073074113,55,0,0.296673717,5200.0,7,0,1,0,2.0
23286,0,0.0,63,0,0.419131411,5341.0,4,0,2,0,0.0
23287,1,0.9999998999999999,25,98,0.0,,0,98,0,98,0.0
23288,0,0.065796385,73,0,0.191658049,5801.0,7,0,1,0,0.0
23290,0,0.985755499,32,1,795.0,,6,0,0,0,
23292,0,79.0,39,0,0.336924061,9375.0,10,0,2,0,2.0
23293,0,0.936213883,42,2,0.564630767,8300.0,11,0,3,0,4.0
23294,0,0.003174435,86,0,0.00049975,2000.0,3,0,0,0,0.0
23295,0,0.49078014200000003,40,0,0.597287428,1916.0,9,0,0,0,2.0
23296,0,0.019928876,67,0,0.304941305,3662.0,8,0,2,0,0.0
23297,0,0.9999998999999999,68,0,438.0,,1,0,0,0,0.0
23298,0,0.0,43,0,0.069656489,7335.0,2,0,0,0,4.0
23300,0,0.259211867,58,0,0.265953654,5609.0,11,0,0,0,1.0
23301,1,0.6824170829999999,40,2,0.21211534699999998,5166.0,2,3,0,1,1.0
23302,0,0.010726721000000002,62,0,1469.0,,10,0,1,0,0.0
23303,0,0.004620744,70,0,0.067993819,11000.0,6,0,0,0,0.0
23304,1,0.9535761620000001,56,0,1.5220643230000002,1336.0,10,0,0,0,0.0
23305,0,0.09627784,43,0,1.3511297740000001,5000.0,13,0,2,0,0.0
23306,0,0.000398006,57,0,2073.0,,15,0,1,0,0.0
23308,0,0.203028283,47,0,0.6390633920000001,1750.0,5,0,1,0,2.0
23309,0,0.0013512779999999998,36,0,0.19284603399999997,4500.0,12,0,1,0,4.0
23310,0,0.191041195,42,0,0.35252731,5400.0,12,0,1,0,0.0
23313,0,0.0,41,0,1.3486822180000002,3300.0,11,0,1,0,3.0
23315,0,0.033327779,48,0,0.490351718,7306.0,6,0,1,0,0.0
23316,0,0.100351248,43,0,0.614004879,6968.0,13,0,2,0,0.0
23318,0,0.811607992,44,3,0.650811735,3510.0,6,0,2,0,2.0
23319,0,0.012456726000000001,64,0,0.322117893,3833.0,13,0,1,0,0.0
23320,0,0.009776914,50,0,0.104397017,23333.0,17,0,2,0,2.0
23323,0,0.034511594,56,0,2106.0,,14,0,1,0,1.0
23325,0,0.023967064,37,0,408.0,,6,0,0,0,0.0
23327,0,0.0,53,0,0.128430174,9000.0,5,0,0,1,3.0
23329,0,0.216939685,66,0,0.657540603,4309.0,12,0,3,0,0.0
23330,0,0.800613809,48,1,0.30888513300000003,13606.0,13,0,2,0,0.0
23331,0,0.9297505090000001,46,0,0.337607559,11853.0,10,0,2,0,0.0
23333,0,0.053546298,57,0,0.38803059799999995,6666.0,31,0,2,0,2.0
23334,0,0.405560298,31,0,0.101749375,2800.0,8,0,0,0,0.0
23335,0,0.028003552999999997,64,0,0.238334608,9150.0,11,0,1,0,0.0
23336,0,0.0,52,0,0.0,,1,0,0,0,0.0
23337,0,0.0073461640000000005,47,0,0.22855803800000002,6400.0,6,0,1,0,1.0
23338,0,0.25198688199999997,46,0,0.6535866029999999,4000.0,7,0,1,0,2.0
23339,1,0.748352172,42,4,0.5787358420000001,8210.0,12,0,3,0,2.0
23340,0,0.11768123400000001,57,1,791.0,,5,0,1,0,
23341,0,0.180958812,44,1,0.28533274,4492.0,9,0,1,0,2.0
23342,0,0.058585988,55,0,2392.0,,7,0,1,0,
23343,0,0.054420797,46,0,0.073333333,7499.0,6,0,0,0,1.0
23344,0,0.0,74,0,0.0,,5,0,0,0,0.0
23345,0,0.004790455999999999,60,2,0.15274306,7600.0,23,0,1,0,0.0
23346,0,0.19967887,51,0,0.29655862,12000.0,9,0,2,0,1.0
23347,0,0.050424459000000005,27,0,0.072093693,20833.0,12,0,0,0,0.0
23349,0,0.290872089,28,0,0.732394366,2200.0,8,0,1,0,1.0
23352,0,0.087128755,47,0,0.12248775099999999,10000.0,8,0,0,0,4.0
23353,1,0.39885822299999996,39,0,0.492084653,6000.0,8,0,2,0,2.0
23354,0,0.011322728999999998,68,0,0.135368867,5665.0,6,0,0,0,0.0
23355,0,0.045577748,71,0,0.18642510199999998,7616.0,5,0,1,0,0.0
23356,0,0.00550765,77,0,0.00089991,10000.0,6,0,0,0,1.0
23359,0,0.009728398000000001,65,0,0.056971514,2000.0,6,0,0,0,0.0
23360,0,0.021832606,87,0,1373.0,,3,0,1,0,0.0
23361,0,0.090878495,63,0,0.38478320200000005,7333.0,18,0,1,0,0.0
23362,0,0.352754908,47,2,1652.0,,9,0,1,0,1.0
23363,0,0.0,37,0,0.283809739,8850.0,7,0,1,0,0.0
23364,0,0.11850471,62,0,1476.5,1.0,10,0,1,0,0.0
23365,0,0.004340421,83,0,2.0,,2,0,0,0,
23366,0,0.041973026,55,0,0.17272727300000001,2089.0,3,0,0,0,0.0
23367,0,1.00779844,43,0,0.2653414,2313.0,3,0,1,0,1.0
23369,0,0.07635011900000001,35,0,0.114171439,11000.0,9,0,1,0,1.0
23370,0,0.335329341,25,0,5.0,,1,0,0,0,0.0
23371,0,0.7541245879999999,48,0,0.084018707,6200.0,5,0,0,0,3.0
23372,0,0.0,51,0,0.099816289,13063.0,10,0,1,0,0.0
23373,0,0.0,61,0,0.0,,1,0,0,0,0.0
23374,0,0.878971928,36,0,0.24042500600000002,4046.0,9,0,0,0,0.0
23375,0,0.616587731,40,0,1826.0,,11,0,0,0,0.0
23376,0,0.193484651,28,0,0.340535311,3100.0,6,0,0,0,0.0
23377,0,0.9999998999999999,54,2,1748.0,,7,0,2,0,0.0
23378,0,0.991203519,29,0,0.43578680200000003,3939.0,7,0,1,0,0.0
23379,0,0.0,32,0,3.127872128,1000.0,3,0,2,0,2.0
23380,0,0.98040196,55,0,0.542461005,3461.0,7,0,0,0,0.0
23381,0,0.9999998999999999,40,0,0.010497376000000001,4000.0,0,1,0,0,1.0
23383,0,0.504518362,45,0,0.127677806,3500.0,2,0,0,0,2.0
23384,0,0.15850937699999998,58,0,0.300710339,3800.0,9,0,0,1,3.0
23385,0,0.052684994000000006,45,0,0.01039792,5000.0,2,0,0,0,1.0
23386,0,0.268886556,54,0,160.0,,2,0,0,0,0.0
23388,0,0.002483361,61,0,1407.0,,5,0,1,0,0.0
23389,0,0.0,80,0,0.0,,5,0,0,0,
23390,0,0.729565591,55,0,1.260886028,2640.0,20,0,1,0,0.0
23391,0,0.022821667,46,0,0.342255861,5416.0,8,0,2,0,1.0
23393,0,0.31243008699999997,31,0,0.590612503,4750.0,11,0,1,0,0.0
23394,0,0.531978932,51,0,0.395176026,8208.0,20,0,1,0,1.0
23395,0,0.9999998999999999,40,0,0.178785697,12500.0,6,0,1,0,2.0
23396,0,0.031999407,78,0,0.000803137,63500.0,6,0,0,0,0.0
23397,0,0.019143973,50,0,2284.0,,12,0,2,0,3.0
23399,0,0.018105917,33,0,11.0,,5,0,0,0,0.0
23403,0,0.133390551,47,1,1.066059226,6584.0,20,0,2,0,0.0
23404,0,0.02094759,82,0,0.006815084,2200.0,4,0,0,0,0.0
23405,0,0.603044106,58,0,0.48587779200000003,5416.0,5,0,2,0,1.0
23406,0,0.091487415,82,0,0.165804895,2900.0,6,0,0,0,1.0
23408,0,0.008532764,55,0,1405.0,,6,0,1,0,0.0
23410,0,0.9999998999999999,77,0,0.209362503,4250.0,5,0,2,0,0.0
23411,0,0.060110939,35,0,0.221446179,4867.0,7,0,0,0,1.0
23414,1,0.378180636,49,2,0.429494411,9750.0,18,1,2,0,2.0
23415,0,0.0198846,79,0,423.0,,9,0,1,0,0.0
23416,0,1.078146297,61,0,0.063537087,28203.0,6,0,1,0,1.0
23417,0,0.874520913,36,0,0.9991079390000001,1120.0,5,0,1,0,2.0
23418,0,0.158285071,34,0,0.595722483,1916.0,7,0,1,0,1.0
23419,0,0.232628043,45,0,0.531972506,4800.0,10,0,2,0,4.0
23420,0,0.145897811,67,0,680.0,,9,0,0,0,0.0
23421,0,0.261965071,29,0,0.149589432,2800.0,4,0,0,0,0.0
23422,0,0.9999998999999999,40,0,0.367477834,5300.0,3,0,1,0,1.0
23424,1,1.06448683,70,0,0.059512195,1024.0,1,1,0,0,0.0
23425,1,0.0,33,1,0.20822622100000002,3500.0,5,0,0,0,4.0
23427,0,0.0,24,0,0.0,3000.0,1,0,0,0,0.0
23429,0,0.584966014,43,0,0.346978558,1025.0,4,0,0,0,3.0
23431,0,0.23945070300000001,43,1,0.254576219,6500.0,8,0,1,0,2.0
23434,0,0.000213265,46,0,0.0,3305.0,4,0,0,0,0.0
23435,0,0.03809763,82,0,0.15457452,8131.0,11,0,2,0,0.0
23436,0,0.0,48,0,3000.0,,7,0,1,0,0.0
23437,0,0.164902925,40,0,0.329387003,3800.0,6,0,1,0,0.0
23438,0,0.287382895,46,1,0.29430759,30039.0,12,1,3,0,4.0
23439,0,0.35118685299999997,65,1,0.349812403,4530.0,5,0,1,0,1.0
23440,0,0.9999998999999999,45,2,0.096666667,5699.0,1,0,0,0,0.0
23441,0,0.0,44,0,0.186752366,5600.0,5,0,1,0,0.0
23442,0,0.381991219,46,0,0.524158614,3000.0,7,0,1,0,0.0
23444,0,0.013959935,52,0,0.31327629,10868.0,13,0,3,0,2.0
23446,0,0.991550422,52,0,0.25948902100000004,12250.0,7,0,2,0,0.0
23448,0,0.040893819,54,0,0.046511628,2192.0,7,0,0,0,1.0
23449,0,0.027636912000000003,60,0,3055.0,,6,0,2,0,0.0
23451,0,0.0,34,1,0.297352866,3890.0,10,0,1,0,0.0
23452,0,0.718983935,46,0,0.15542522,3750.0,5,0,0,0,1.0
23453,0,0.040581041,71,0,0.61971831,4188.0,15,0,2,0,1.0
23454,0,0.9999998999999999,61,0,263.0,,0,1,0,0,0.0
23455,0,0.04541193599999999,31,0,1.291976416,3900.0,11,0,4,0,0.0
23456,0,0.388500389,38,1,0.500374813,2667.0,12,0,3,0,0.0
23457,0,0.0,30,0,0.0,8000.0,2,0,0,0,0.0
23459,0,0.19835608100000002,43,0,0.534240205,8600.0,16,0,2,0,3.0
23460,0,0.8380258970000001,37,1,0.306065812,7566.0,8,0,2,0,2.0
23461,0,0.498451446,41,0,0.320901499,8740.0,13,0,2,0,1.0
23463,0,0.97060098,44,0,0.371157388,7058.0,7,0,2,0,4.0
23464,0,0.321011857,42,0,0.538133467,3985.0,10,0,1,0,1.0
23465,1,0.924839097,40,6,0.659425912,7733.0,24,1,4,2,2.0
23466,0,0.134245264,62,1,0.25463693,13316.0,15,0,3,1,0.0
23467,0,0.774014436,35,0,0.250917993,4084.0,3,0,0,0,2.0
23469,0,0.246458924,72,0,0.297909408,4591.0,5,0,2,0,0.0
23470,1,0.9999998999999999,68,0,0.49597523200000004,1614.0,4,0,1,0,0.0
23471,0,0.263142253,60,0,0.24282434,8709.0,11,0,1,0,0.0
23472,0,0.004599693,23,0,0.007769145,900.0,2,0,0,0,0.0
23474,0,0.9999998999999999,36,0,0.137465634,4000.0,5,0,1,0,2.0
23475,0,0.021367421,69,0,2726.0,,5,0,2,0,0.0
23476,0,0.41326085799999995,63,0,0.08722634,5800.0,9,0,0,0,0.0
23478,0,0.042435815,70,0,0.340963633,10833.0,21,0,2,0,1.0
23479,0,0.469556588,59,0,0.39029809299999996,5400.0,10,0,1,0,1.0
23480,0,0.230445123,38,0,0.49564348,7000.0,8,0,2,0,2.0
23482,1,0.12170242699999999,48,1,0.567881329,3100.0,12,0,1,0,2.0
23483,1,0.9999998999999999,45,0,0.20892418199999999,5288.0,8,0,0,0,1.0
23485,1,1.048293089,31,1,0.134548884,3180.0,6,0,0,0,1.0
23486,0,0.38457278200000006,66,0,0.055938812000000004,6667.0,4,0,0,0,1.0
23491,0,0.344622928,63,0,0.24591802699999998,3000.0,9,0,1,0,1.0
23492,0,0.878129162,52,0,0.36551030700000003,9944.0,5,0,2,0,1.0
23493,0,1.033685895,74,0,456.0,,7,0,0,0,
23494,0,0.19271623699999998,58,0,1637.0,,8,0,1,0,2.0
23495,0,0.008287575,41,0,0.36937580299999995,7000.0,7,0,2,0,2.0
23497,0,0.0,43,0,0.458135466,4000.0,7,0,2,0,3.0
23498,0,0.174525982,65,0,0.176351547,3458.0,6,0,0,0,0.0
23499,0,0.041116711,65,0,0.249517977,8816.0,10,0,3,0,1.0
23500,0,0.065765912,71,0,0.021863612999999997,3841.0,6,0,0,0,0.0
23503,0,0.27223817,47,0,0.19932226,18000.0,11,0,2,0,2.0
23505,0,0.070729212,42,1,0.12023151800000001,3800.0,5,0,0,0,1.0
23506,0,0.049596932999999996,63,0,0.113397966,12583.0,13,0,1,0,1.0
23507,0,0.36997021799999996,75,0,1923.0,,9,0,1,0,0.0
23508,0,0.11981702,57,0,839.0,,4,0,1,0,0.0
23509,0,0.159895595,49,1,4676.0,,15,0,2,0,1.0
23511,0,0.345650401,36,0,0.27223036899999997,7500.0,6,0,0,0,0.0
23512,1,0.793174767,44,1,547.0,,2,1,0,0,0.0
23513,0,0.9999998999999999,33,0,0.107400131,1526.0,0,2,0,0,0.0
23514,0,0.214672005,63,0,4148.0,,25,1,3,0,0.0
23515,1,0.123306775,51,0,1.275601189,3700.0,13,0,1,0,1.0
23516,0,0.097771532,71,0,0.430851064,13723.0,17,0,3,0,0.0
23518,0,0.46513488299999994,39,0,0.357085924,6272.0,12,0,1,0,0.0
23519,0,0.11308248300000001,71,0,118.0,0.0,4,0,0,0,0.0
23521,0,8.89e-05,40,0,2052.0,,8,0,1,0,0.0
23522,0,0.111108025,45,0,0.014998125,8000.0,4,0,0,0,3.0
23524,0,0.103567665,42,1,1737.0,,10,0,1,0,0.0
23525,0,0.200031999,34,0,0.491103203,3652.0,6,0,1,0,1.0
23526,0,0.010510489,69,0,0.068417957,5100.0,6,0,1,0,0.0
23527,0,0.117662309,62,0,0.238348653,6200.0,11,0,2,0,1.0
23528,0,0.349253029,60,0,0.501678791,3573.0,4,0,1,0,0.0
23530,0,0.075827938,71,0,0.299206087,6045.0,13,0,2,0,1.0
23534,0,0.0,53,0,0.22241529100000001,8056.0,7,0,1,0,3.0
23535,0,0.546307319,46,1,0.473582547,8800.0,5,0,1,0,1.0
23536,0,0.07983127599999999,75,0,0.584734212,2200.0,9,0,0,0,0.0
23538,0,0.990722606,48,0,0.859082094,1546.0,4,0,0,0,2.0
23540,1,0.9999998999999999,52,1,0.131982402,7500.0,5,0,0,0,0.0
23543,0,0.557363967,47,0,0.694424446,12500.0,13,0,2,0,2.0
23547,1,0.9999998999999999,34,1,0.389454209,1080.0,6,0,0,0,0.0
23548,0,0.064306266,53,0,0.17793466300000002,52833.0,24,1,2,0,0.0
23550,0,0.128043598,56,1,0.090636455,3000.0,12,0,0,0,0.0
23551,0,0.9999998999999999,55,0,0.0,,0,0,0,0,0.0
23552,0,0.9916905970000001,52,1,0.677350228,10732.0,13,1,3,1,3.0
23556,0,0.187453277,45,1,0.42665388299999996,7300.0,15,0,2,0,2.0
23557,0,0.130221354,40,0,0.75044991,5000.0,3,0,1,0,0.0
23559,0,0.996667407,41,0,0.15004122,2425.0,5,0,0,0,0.0
23560,0,0.237172484,44,0,0.48411454600000003,7018.0,8,0,2,0,2.0
23562,0,0.043524876,61,0,945.0,,5,0,1,0,0.0
23563,0,0.376764119,56,1,0.37962818299999995,6400.0,9,0,1,0,2.0
23564,0,0.028275232999999997,74,0,0.629415543,6227.0,9,0,3,0,0.0
23566,0,0.046510326,45,0,0.616730545,6000.0,11,0,3,0,0.0
23567,0,0.0,26,0,349.0,,3,0,0,0,0.0
23568,0,0.232050788,62,0,2941.0,,7,0,2,0,1.0
23570,0,0.000860376,86,0,0.000170039,5880.0,9,0,0,0,0.0
23573,0,0.669484556,37,0,0.6822565970000001,5494.0,9,0,3,0,3.0
23574,0,0.0,34,0,0.283358321,2000.0,7,0,0,0,0.0
23575,0,0.0,49,0,0.0,,1,0,0,0,2.0
23579,0,0.37062937100000004,28,0,614.0,0.0,1,0,0,0,0.0
23583,0,0.17103195899999998,52,0,0.703659268,3333.0,11,0,2,0,1.0
23584,0,0.9999998999999999,37,0,0.0,7000.0,0,0,0,0,0.0
23585,1,0.37692747,46,1,19.0,,3,0,0,0,0.0
23586,0,0.110683794,25,0,0.101113967,3500.0,5,0,0,0,0.0
23587,0,0.03134968,39,0,0.018817995,3400.0,8,0,0,0,2.0
23589,0,0.0,83,0,35.0,,2,0,0,0,
23590,0,0.7214489540000001,55,0,0.419934385,6400.0,10,0,0,0,0.0
23591,1,0.9999998999999999,60,0,0.661895024,4400.0,4,0,2,0,0.0
23593,0,0.304316876,61,0,0.361741396,9210.0,15,0,1,0,0.0
23594,0,0.059070752000000004,76,0,61.0,,2,0,0,0,0.0
23595,0,0.231992,54,0,0.491738489,21000.0,17,0,3,0,2.0
23596,0,0.289757593,77,0,1.361400189,2113.0,10,0,1,0,0.0
23597,0,0.238278248,29,1,0.054877231,7452.0,5,0,0,0,0.0
23598,0,0.073930923,67,0,1775.0,,5,0,1,0,0.0
23599,1,0.9999998999999999,27,0,18.0,,0,1,0,0,0.0
23601,0,0.14631470800000002,49,7,0.438071995,9833.0,19,0,2,0,0.0
23602,0,0.9999998999999999,38,0,0.281313131,1979.0,2,1,0,1,1.0
23603,0,0.062645785,56,0,8.0,,5,0,0,0,0.0
23606,0,0.046558409,60,0,0.311974551,4400.0,13,0,2,0,1.0
23607,1,0.16957826,52,0,0.695910647,5550.0,15,0,3,0,3.0
23608,1,0.20120805600000002,65,0,0.11273590800000001,8000.0,19,0,0,0,1.0
23611,0,0.109559652,33,0,0.149952033,13550.0,8,0,1,0,3.0
23612,0,0.6210695070000001,72,0,0.596029445,4482.0,7,0,1,0,0.0
23613,0,0.213849287,31,0,0.322834646,1650.0,2,0,0,0,0.0
23615,0,0.048443928,58,0,3549.0,,10,0,1,0,
23616,0,0.23872016,48,1,0.37817539200000005,4526.0,5,0,1,0,2.0
23617,0,0.0,65,0,3936.0,,7,0,2,0,0.0
23618,0,0.006958860999999999,65,0,0.002034884,3439.0,5,0,0,0,0.0
23619,0,0.9999998999999999,22,0,9.0,,0,0,0,0,
23621,0,0.051589682000000005,25,0,879.0,,4,0,0,0,0.0
23622,1,0.404128366,50,0,0.13445477,8500.0,6,0,1,0,0.0
23623,0,0.288493001,31,0,0.07270524099999999,3300.0,3,0,0,0,0.0
23624,0,0.021408247999999998,76,0,0.00733089,3000.0,5,0,0,0,0.0
23625,0,0.09656551699999999,49,2,2577.0,,9,1,2,0,1.0
23626,0,0.01030976,32,0,0.34487683,2800.0,11,0,1,0,0.0
23627,0,0.06502314299999999,62,0,0.11759504900000001,15833.0,7,0,1,0,1.0
23629,0,0.27866852,42,0,0.539243459,6000.0,9,0,2,0,4.0
23630,0,0.578997019,55,0,0.42854081899999996,4666.0,7,0,1,0,0.0
23631,0,0.403231959,54,1,0.350757576,6599.0,16,0,2,0,0.0
23632,1,0.021913178,48,0,0.19837355,7500.0,7,0,1,0,1.0
23633,0,0.08503533099999999,63,0,137.0,,4,0,0,0,0.0
23634,1,0.9999998999999999,35,2,0.362155689,4174.0,6,0,2,0,0.0
23635,0,0.9999998999999999,39,0,0.12664978,7500.0,3,0,0,0,0.0
23636,0,0.765614323,50,1,0.433713257,5000.0,10,1,1,0,0.0
23637,0,0.20252710699999998,67,1,0.420815017,8416.0,12,0,2,1,0.0
23639,0,0.243547278,67,0,0.334542351,4686.0,8,0,2,0,0.0
23640,0,0.158149739,59,0,0.581696615,2392.0,9,0,1,0,0.0
23642,0,0.07338744900000001,71,0,0.178843227,7883.0,11,0,1,0,0.0
23643,0,0.9999998999999999,35,0,0.086357373,2176.0,1,0,0,0,0.0
23645,0,0.066397049,33,0,0.057703295,5250.0,5,0,0,0,0.0
23646,0,0.029899402000000002,54,1,0.246686787,7620.0,8,0,1,1,3.0
23647,0,0.6165269560000001,41,0,0.306323483,3146.0,3,0,0,0,2.0
23650,0,0.16681464099999999,62,0,0.349053395,8820.0,15,0,1,0,1.0
23652,0,0.592067044,51,0,0.474687705,6083.0,7,0,1,0,3.0
23654,0,0.021606873,47,0,0.231893543,4583.0,7,0,1,0,1.0
23655,0,0.032074557000000004,57,0,115.0,,7,0,0,0,0.0
23658,0,0.0077498390000000006,54,0,0.284164859,2765.0,11,0,1,0,2.0
23659,0,0.597596636,50,0,1079.0,,10,0,0,0,0.0
23660,0,0.120893955,51,1,0.234314164,15666.0,6,0,1,0,2.0
23662,0,0.04598978,56,1,1343.0,,4,0,1,0,
23663,0,0.476930136,44,0,0.36681950799999996,9595.0,17,0,4,0,0.0
23667,0,0.8961515529999999,40,1,0.645148026,2431.0,5,0,0,0,0.0
23669,0,0.06637446799999999,62,2,0.263525305,4583.0,15,0,1,0,0.0
23670,0,0.073811896,66,0,0.338156579,17000.0,11,0,3,0,2.0
23671,0,0.9999998999999999,53,0,1.564145285,3000.0,3,0,2,0,0.0
23672,0,0.5240966420000001,62,0,0.273452545,7269.0,12,0,0,0,0.0
23674,0,0.5805612960000001,83,0,0.446307643,3100.0,3,0,2,0,0.0
23675,0,0.378331426,81,0,2730.0,,11,0,1,0,0.0
23677,1,0.68756082,43,0,0.35226779999999996,11530.0,9,0,2,0,0.0
23678,0,0.664539784,53,1,0.665256346,8035.0,13,0,1,0,1.0
23681,0,0.0,49,0,0.586879433,6203.0,16,0,3,0,3.0
23682,0,0.10464476800000001,70,0,1568.0,,7,0,1,0,0.0
23683,1,0.9999998999999999,61,4,0.33779682200000005,5600.0,9,1,1,0,0.0
23685,0,0.9659094779999999,51,0,0.488609422,9700.0,18,0,0,0,2.0
23686,0,0.061036114,59,0,0.296340131,10983.0,11,0,4,0,3.0
23688,0,0.10711904800000001,55,0,0.758936231,3496.0,4,0,1,0,0.0
23690,0,0.04023994,67,0,1.373865699,550.0,3,0,1,0,1.0
23693,0,0.5161311829999999,48,0,0.7764894040000001,2500.0,9,0,1,0,0.0
23695,0,0.051998496,42,0,0.280096794,3305.0,13,0,0,0,0.0
23696,0,0.620476118,38,0,0.418306821,7417.0,11,0,1,0,0.0
23697,0,0.0,25,0,0.0,,1,0,0,0,0.0
23698,0,0.057233155,52,0,69.0,0.0,11,0,0,0,0.0
23702,0,0.030023095,76,0,37.0,,3,0,0,0,0.0
23703,0,0.072950324,50,0,0.36343182799999996,6666.0,14,0,1,0,4.0
23704,0,0.0,82,0,0.156616052,2304.0,6,0,0,0,0.0
23705,0,0.003779782,85,0,0.657967796,1800.0,13,0,2,0,0.0
23707,0,0.36437085,77,0,136.0,,1,0,0,0,0.0
23708,1,0.986554622,42,0,1804.0,,4,1,1,1,0.0
23709,0,0.013774466,59,0,0.255268895,11007.0,13,0,2,0,3.0
23710,0,0.0985543,35,0,0.074151749,13350.0,19,0,0,0,0.0
23711,0,0.364218104,61,0,1491.0,,6,0,1,0,0.0
23715,0,0.050948726,47,0,0.027099067,2250.0,2,0,0,0,0.0
23716,1,0.9999998999999999,49,0,0.00779844,5000.0,0,3,0,0,3.0
23717,0,0.012211621,63,0,31.0,0.0,4,0,0,0,0.0
23718,0,0.14801787,65,0,0.958619001,4083.0,14,0,6,0,0.0
23721,0,0.19582547,62,0,0.47263963700000006,3526.0,8,0,1,0,1.0
23722,0,0.404013244,49,0,0.7316536690000001,5000.0,5,0,1,0,2.0
23723,0,0.035202086,30,1,0.270486342,1500.0,3,0,0,0,0.0
23725,0,0.080292218,56,0,0.119040119,34920.0,11,0,1,0,2.0
23727,0,0.686810527,44,0,0.390605055,3916.0,8,0,1,0,0.0
23728,0,0.034399595,86,0,0.172830725,4217.0,13,0,1,0,0.0
23730,0,0.9999998999999999,56,0,0.216849345,4652.0,4,0,1,0,0.0
23731,0,0.9999998999999999,54,0,1666.0,,1,0,1,0,0.0
23732,0,0.01259964,56,0,0.0015596879999999998,8334.0,2,0,0,0,0.0
23733,0,0.219154135,39,0,0.09445898800000001,9167.0,5,0,0,0,0.0
23734,0,0.0,75,0,14.0,,1,0,0,0,0.0
23735,0,0.10293059,76,1,0.067315955,3490.0,7,0,0,0,0.0
23738,0,0.9999998999999999,47,1,0.35872022299999995,5750.0,4,0,3,0,1.0
23739,0,0.449394869,51,0,0.6743585009999999,5416.0,14,0,3,0,2.0
23740,0,0.030245692999999997,48,0,0.38676132399999996,10000.0,7,0,2,0,2.0
23741,0,0.6826915259999999,30,1,0.475235564,4138.0,11,0,0,0,2.0
23742,0,0.419080654,48,0,0.5748728879999999,6096.0,16,0,2,0,2.0
23745,0,0.01062247,73,0,0.141912908,7715.0,7,0,2,0,0.0
23746,0,0.256540095,51,0,0.793825679,9166.0,13,0,2,0,2.0
23747,0,0.640967952,53,0,0.322169059,1880.0,4,0,0,0,0.0
23750,0,0.390161225,68,0,0.34965202799999995,12500.0,18,0,3,0,0.0
23752,0,0.352610308,40,0,253.0,0.0,4,0,0,0,0.0
23753,0,0.19011094399999998,27,0,0.164604898,3960.0,6,0,0,0,1.0
23755,0,0.001674601,65,0,0.0009456260000000001,2114.0,5,0,0,0,0.0
23756,0,0.270101759,39,0,0.126850553,6416.0,8,0,2,0,1.0
23757,0,0.018808628,51,0,0.62273579,1600.0,4,0,1,0,0.0
23758,0,0.013510955,69,0,0.22883820600000002,6532.0,11,0,2,0,0.0
23759,0,0.0,28,0,3427.0,0.0,20,0,2,0,2.0
23760,0,0.871791628,55,1,0.141268699,12500.0,14,0,0,0,0.0
23761,1,0.8684429640000001,62,0,0.17195701100000002,4000.0,4,0,0,0,0.0
23763,0,0.541454879,52,0,0.42094738200000004,8000.0,12,0,2,0,3.0
23764,0,0.020228948,74,0,574.0,,5,0,1,0,
23765,0,0.295845935,46,0,0.40495737299999995,6333.0,9,0,1,0,2.0
23766,0,0.124635015,50,2,0.310473016,7800.0,7,0,2,0,2.0
23768,0,0.698405644,35,0,0.373862696,4835.0,5,0,1,0,0.0
23769,0,0.009180479,66,0,0.491008839,3280.0,14,0,1,0,1.0
23770,0,0.029249478,27,0,0.035669192,3167.0,6,0,0,0,0.0
23771,0,0.09069774,72,0,120.0,,5,0,0,0,0.0
23772,0,0.812476953,57,0,1273.0,,21,0,0,0,0.0
23774,0,0.019797488999999998,83,0,0.079429735,5400.0,19,0,1,0,1.0
23775,0,0.028373002999999997,66,0,38.0,,5,0,0,0,0.0
23777,0,0.01919904,50,0,1276.0,,2,0,1,0,0.0
23778,0,0.015993395,48,0,0.544892279,9700.0,7,0,3,0,4.0
23779,0,0.0,34,0,0.0,4220.0,7,0,0,0,0.0
23781,0,0.26789967,50,0,0.267951598,13800.0,8,0,4,0,4.0
23782,0,0.99000238,45,0,0.511338617,9083.0,8,1,1,0,3.0
23783,0,0.408748736,63,0,0.512688433,13200.0,6,0,3,0,0.0
23784,0,0.0,75,0,0.265432099,3401.0,9,0,1,0,1.0
23785,0,0.0373471,45,0,0.006893036999999999,41200.0,2,0,0,0,0.0
23786,0,0.001976424,65,0,921.0,,6,0,1,0,1.0
23787,0,0.50875903,47,0,0.355948749,8194.0,12,0,1,0,1.0
23788,0,0.073472137,40,0,2243.0,,6,0,2,0,0.0
23790,0,0.015809431000000002,57,0,0.976604679,1666.0,15,0,1,0,0.0
23791,0,0.9999998999999999,48,2,2150.0,,5,0,2,1,1.0
23792,0,0.68701302,42,0,2047.0,,13,0,0,0,0.0
23793,0,0.030948452999999997,94,0,0.42879499200000004,1916.0,9,0,1,0,0.0
23794,0,0.072956719,68,1,0.681895617,6456.0,20,0,4,0,0.0
23795,0,0.362768317,62,0,0.10814864199999999,6000.0,5,0,1,0,0.0
23796,0,0.025927015,56,0,0.322741918,9000.0,9,0,3,0,0.0
23797,0,0.040908595,59,0,0.294341132,5000.0,14,0,1,0,0.0
23800,0,0.159201845,61,0,0.36531525,6930.0,19,0,2,0,0.0
23801,0,0.494729386,35,0,0.078351546,14000.0,4,0,0,0,0.0
23802,0,0.004717828,45,0,0.000498952,10020.0,4,0,0,0,3.0
23803,0,0.244558172,62,1,7314.0,,23,0,2,0,0.0
23804,0,0.172436925,57,0,0.6226039329999999,4016.0,19,0,1,0,2.0
23805,0,0.420472237,39,0,0.18205068600000002,4300.0,9,0,1,0,3.0
23806,0,0.05321821400000001,41,0,64.0,,6,0,0,0,
23808,0,0.454821807,53,1,0.43974661200000004,6787.0,8,0,2,0,2.0
23809,0,0.07741512,53,0,0.28430309600000003,8300.0,8,0,2,0,0.0
23810,0,0.248797362,32,0,0.248876175,2446.0,6,0,0,0,0.0
23813,1,0.8582054859999999,45,0,0.024877832000000002,2250.0,6,0,0,1,1.0
23814,0,0.007312043000000001,77,0,3.0,,2,0,0,0,0.0
23815,0,0.106573338,51,0,0.266293483,2500.0,4,0,0,0,0.0
23817,0,0.112039834,53,0,0.300055996,12500.0,10,0,2,0,2.0
23819,0,0.016736907,63,0,0.012569034,5250.0,15,0,0,0,0.0
23820,1,0.036886814,56,1,0.061318885,7566.0,10,0,0,1,0.0
23821,0,0.052069425999999995,61,0,588.0,,6,0,1,0,0.0
23822,0,0.0,66,1,0.289506637,3992.0,7,2,2,0,1.0
23823,0,0.541748608,52,0,0.22922557100000002,14500.0,6,0,1,0,2.0
23824,0,0.27571845100000003,22,0,0.236085627,1634.0,3,0,0,0,0.0
23825,0,0.127409545,38,0,2012.0,,6,0,2,0,0.0
23826,0,0.016057506000000003,56,0,16.0,,2,0,0,0,0.0
23827,0,0.06432778,79,0,0.014384858,7924.0,8,0,0,0,0.0
23829,0,1.004549886,60,0,0.676660915,4635.0,9,0,1,0,0.0
23831,0,1.052732045,45,0,0.35251626799999997,16750.0,12,0,2,0,3.0
23834,0,0.988200787,62,0,0.45043231100000003,8442.0,4,0,1,0,0.0
23835,0,0.290373488,23,0,15.0,0.0,3,0,0,0,0.0
23836,0,0.007908851,36,0,1850.0,,8,0,1,0,0.0
23837,0,0.39381415799999997,35,0,0.124775045,5000.0,3,0,0,0,0.0
23839,0,0.40368375700000003,74,0,1.5232383809999999,2000.0,11,0,1,0,1.0
23840,0,0.044426455999999996,47,0,13.5,1.0,2,0,0,0,1.0
23841,0,0.015374038999999999,26,0,0.10183150199999999,2729.0,2,0,0,0,0.0
23842,0,0.028516027000000003,70,0,0.213139343,6666.0,20,0,0,0,1.0
23843,0,0.186066068,73,0,0.101709257,5908.0,8,0,0,0,4.0
23844,0,0.640607618,54,0,0.46893951799999994,6100.0,7,0,2,0,1.0
23846,0,0.233598133,40,1,0.708663307,8333.0,10,0,3,0,3.0
23848,0,0.005333226,56,0,0.026527851,17000.0,6,0,1,0,0.0
23849,0,0.050031665999999995,48,1,95.0,,5,0,0,0,0.0
23850,0,0.0,67,0,35.0,,2,0,0,0,0.0
23851,0,0.39278572,38,0,0.006789609,80416.0,4,0,0,0,1.0
23852,0,0.022531736,53,0,0.443826799,3417.0,6,0,1,0,1.0
23853,0,0.25629115199999997,49,0,0.354243542,8400.0,11,0,1,0,5.0
23856,0,0.766737876,39,0,0.17174626,12500.0,9,0,0,0,0.0
23857,0,0.03907252,69,0,0.072256305,4400.0,14,0,0,0,0.0
23860,0,0.197178137,59,0,0.302292829,17750.0,13,0,2,0,2.0
23861,1,0.960313121,64,0,0.77814806,4200.0,11,0,1,0,1.0
23862,0,0.14301519099999999,42,0,3580.0,,10,0,2,0,0.0
23863,0,0.347631198,45,0,0.155567538,3708.0,4,0,0,0,0.0
23864,0,0.24768100199999998,40,0,0.528841717,6500.0,9,0,2,0,3.0
23866,0,0.522639416,57,0,8.662983425,180.0,5,0,2,0,0.0
23867,0,0.0,32,0,0.0,2636.0,1,0,0,0,0.0
23870,0,0.061466712,79,0,0.225113288,6840.0,8,0,0,0,0.0
23871,0,0.116966921,70,0,1.845855926,1290.0,26,0,2,0,0.0
23872,1,1.0486891390000002,34,1,984.0,,8,1,0,3,2.0
23873,0,0.003382633,48,0,0.34674543,8971.0,12,0,1,0,1.0
23874,0,0.047447184,75,0,0.011387038,8254.0,9,0,0,0,0.0
23875,0,0.132678133,51,0,0.048536759000000006,1400.0,7,0,0,0,0.0
23876,0,0.601629885,43,0,0.6025937929999999,4317.0,9,0,1,0,3.0
23877,0,0.000312494,49,0,0.29787234,5263.0,5,0,1,0,1.0
23878,0,0.464009571,76,0,2.019302153,1346.0,9,0,2,0,0.0
23879,0,0.007914997,79,0,0.054850874,5833.0,17,0,0,0,0.0
23880,0,0.011352273000000001,47,0,0.477299459,4250.0,4,0,1,0,0.0
23882,0,0.02896057,54,0,0.164298495,9500.0,8,0,1,0,0.0
23883,0,0.028311076,33,0,0.0135852,82000.0,7,0,0,0,0.0
23885,0,0.137724551,48,0,0.194384449,3240.0,2,0,1,0,2.0
23886,0,0.309795692,42,0,0.203551858,25000.0,7,0,2,0,2.0
23888,0,0.542171307,50,0,0.291336693,12500.0,11,0,2,0,1.0
23889,0,0.094739116,44,0,0.33629547299999996,3600.0,9,0,3,0,0.0
23890,0,0.438157807,44,0,0.164690505,10710.0,15,0,0,0,2.0
23891,0,0.9999998999999999,48,0,0.270772923,10000.0,5,0,2,0,0.0
23892,0,0.0,41,0,0.314908437,8900.0,9,0,2,0,2.0
23894,0,0.342747312,65,0,1.958270865,4001.0,14,0,6,0,0.0
23896,0,0.705227217,34,0,0.538955479,2335.0,4,0,0,0,0.0
23897,0,0.9999998999999999,29,0,0.140286571,3000.0,5,0,0,0,1.0
23899,1,0.998423508,55,0,0.620213911,15800.0,10,0,2,0,0.0
23900,0,0.028464785,66,1,0.269028871,7619.0,16,0,1,0,0.0
23901,0,0.9999998999999999,22,0,200.0,0.0,1,0,0,0,0.0
23903,0,0.011114361000000001,40,4,0.768648931,7667.0,9,0,2,0,1.0
23904,0,0.063283721,43,0,1.299678013,4347.0,10,0,4,0,2.0
23905,0,0.135271618,65,1,811.0,,10,0,1,0,0.0
23906,0,0.554259529,36,1,0.653061224,2400.0,4,0,1,0,1.0
23908,0,0.0034111959999999996,69,0,0.037447737,5500.0,9,0,0,0,0.0
23909,0,0.18036379600000002,41,0,909.0,,9,0,2,0,0.0
23910,0,0.787254682,56,1,0.24176387600000002,7800.0,5,0,1,1,0.0
23911,1,0.589234189,52,0,0.329283489,3209.0,8,1,0,0,2.0
23913,0,0.14341611,55,0,0.325334497,6875.0,13,0,1,0,1.0
23916,0,0.103947401,58,0,0.37204301100000003,8369.0,7,0,2,0,2.0
23918,0,0.045145053,61,0,875.0,,5,0,1,0,0.0
23919,0,0.16983320699999999,55,0,0.012957861000000001,9800.0,1,0,0,0,3.0
23920,0,0.027176427000000003,41,0,0.39943027,8073.0,8,0,1,0,2.0
23921,0,0.027276262000000003,68,0,0.575396322,7884.0,12,0,2,0,0.0
23922,0,0.92766541,34,1,0.182804913,3500.0,5,0,0,0,1.0
23924,0,0.308183076,53,0,0.28672610600000004,12000.0,12,0,1,0,4.0
23925,0,0.37286292299999996,42,0,0.301433982,23500.0,10,0,3,0,3.0
23927,0,0.231393775,46,2,0.24588665399999998,12033.0,17,0,2,0,4.0
23928,0,0.37433552700000006,59,1,0.30635461199999997,13800.0,16,0,2,0,5.0
23929,0,0.531386283,45,1,1113.5,1.0,9,0,1,0,2.0
23930,0,0.43784068299999995,56,0,0.8898438870000001,5700.0,10,0,5,0,0.0
23931,0,0.22716835800000001,56,1,0.495385325,4333.0,6,0,1,0,1.0
23932,0,0.0,33,0,69.0,,3,0,0,0,0.0
23934,0,0.0,60,0,1.0,,11,0,0,0,0.0
23936,0,0.8347478290000001,59,0,1543.0,,7,0,0,0,1.0
23938,0,0.9999998999999999,48,0,0.510244878,2000.0,2,1,1,0,0.0
23939,0,0.013868156000000001,56,0,0.131973605,5000.0,7,0,0,0,1.0
23940,0,0.433755309,51,0,0.51812047,4000.0,7,0,1,0,3.0
23941,1,0.727198531,81,5,0.273761714,5975.0,7,0,1,1,0.0
23942,0,0.047298818,65,0,12.35458167,250.0,4,0,2,0,0.0
23943,0,0.3787495,39,1,0.523104621,4998.0,10,1,2,0,2.0
23944,1,0.814098642,68,0,0.183966552,5500.0,16,3,1,0,0.0
23946,0,0.31121866600000003,45,0,0.471505699,5000.0,6,0,1,0,3.0
23947,0,0.030848458,68,0,0.065607451,7300.0,5,0,0,0,1.0
23948,0,0.39333265,33,1,0.849643423,5047.0,18,0,2,0,2.0
23949,0,0.20048914199999998,64,0,1244.0,,4,0,1,0,0.0
23950,0,0.61872133,56,0,0.386169548,4800.0,10,0,0,0,3.0
23951,0,0.159492025,30,0,0.692769077,3000.0,5,0,1,0,0.0
23952,0,0.03499825,58,0,56.0,,2,0,0,0,0.0
23953,0,0.0,81,0,3.9940119760000004,500.0,6,0,1,0,0.0
23955,0,0.0,35,0,0.6131202689999999,4755.0,7,0,1,0,2.0
23957,0,0.149863715,53,0,945.0,,9,0,1,0,0.0
23958,0,0.005293263,49,0,0.201815105,6500.0,6,0,1,0,0.0
23959,0,0.866966109,44,5,0.437642519,5700.0,20,1,1,2,0.0
23961,0,1.112299465,48,1,0.613412229,1520.0,6,1,0,1,0.0
23963,0,0.197997509,51,0,0.333293656,8400.0,10,0,1,0,1.0
23965,0,0.022740987,47,0,0.35494084299999995,6000.0,13,0,3,0,1.0
23966,0,0.771144279,33,0,0.20556076199999998,3200.0,2,1,0,0,0.0
23967,0,0.045875066,66,0,0.137905829,16416.0,9,0,1,0,1.0
23968,0,0.19237678800000002,42,0,1565.0,,6,0,2,0,5.0
23969,0,0.07178315099999999,66,0,0.016995751,4000.0,5,0,0,0,0.0
23971,0,0.275121689,52,0,0.368367231,8800.0,13,0,2,0,0.0
23973,0,0.0,60,1,16.0,,10,0,0,0,0.0
23974,0,0.145553403,41,0,0.27097083899999996,8332.0,4,0,1,0,2.0
23975,0,0.0,68,0,0.0,,1,0,0,0,0.0
23976,1,0.97420187,37,2,0.124652816,9000.0,8,2,1,2,2.0
23977,0,0.12734763400000002,58,0,213.0,,8,0,0,0,
23978,0,0.040320247000000004,92,0,0.014307811,2585.0,4,0,0,0,0.0
23980,0,0.17803718300000002,48,0,0.48629573,8500.0,10,0,2,0,0.0
23981,0,0.40071958,52,0,0.161792813,10463.0,8,0,0,0,3.0
23983,0,0.13867030800000002,85,0,0.7486950040000001,1340.0,9,0,0,0,0.0
23986,0,0.085702043,26,0,0.24474717199999999,4330.0,6,0,0,0,0.0
23987,0,0.265890112,30,2,0.476702509,5300.0,10,0,2,0,1.0
23988,0,0.009469861999999999,86,0,9.0,,4,0,0,0,
23990,1,0.356440593,38,1,0.346776973,2900.0,4,0,0,0,3.0
23992,0,0.9999998999999999,38,0,0.00022057200000000002,13600.0,0,1,0,0,2.0
23993,0,0.037555116,74,0,1599.0,,15,0,1,0,0.0
23994,1,1.156146179,44,1,0.104741954,5250.0,4,2,0,1,0.0
23996,0,0.8345847890000001,74,0,0.7640276709999999,1300.0,10,0,1,0,0.0
23998,0,0.641684461,68,1,0.95004995,1000.0,6,0,0,0,0.0
24001,0,0.6916179509999999,56,1,0.26905924800000003,4708.0,7,1,1,0,4.0
24003,0,0.888668522,52,0,0.635822554,12600.0,17,0,2,0,3.0
24004,0,0.0,94,0,1531.0,,5,0,1,0,
24005,0,0.588432631,40,0,0.39631930600000004,8530.0,7,0,1,0,4.0
24006,0,0.09508493900000001,33,0,0.290337859,6333.0,8,0,1,0,0.0
24007,0,0.0008426730000000001,99,0,0.0,,4,0,0,0,
24008,0,0.53977296,59,0,0.346661335,2500.0,9,0,0,0,0.0
24010,0,0.964530587,49,3,0.479934559,10390.0,13,0,4,0,4.0
24011,0,0.12555465300000002,28,0,0.44761508,4800.0,5,0,2,0,0.0
24013,0,0.036145491,75,0,0.037654115,3000.0,17,0,0,0,0.0
24014,0,0.881491345,45,0,0.11048158599999999,6000.0,2,0,0,1,0.0
24016,0,0.428806874,57,0,0.11532235,10500.0,8,0,0,0,0.0
24018,0,0.7163640640000001,37,0,1.110897744,2082.0,12,0,1,0,2.0
24020,0,0.012286816,75,0,0.009998182,5500.0,9,0,0,0,0.0
24021,0,0.8444209159999999,58,0,2039.0,,7,0,1,0,0.0
24023,0,0.072527117,85,0,0.08538292300000001,5000.0,11,0,1,0,0.0
24024,0,0.280831963,49,0,0.341869628,5583.0,12,0,1,0,0.0
24027,0,0.0,37,1,0.358527331,9750.0,6,0,2,0,2.0
24028,0,0.008552711999999999,68,1,0.19017996,4500.0,13,0,0,0,0.0
24029,0,0.9999998999999999,67,0,0.34117647100000004,6714.0,9,0,1,0,0.0
24030,0,0.062692633,56,0,0.6133829000000001,7800.0,7,0,2,0,1.0
24031,0,0.048331096,51,0,30.0,,2,0,0,0,0.0
24032,0,0.416197975,42,0,0.044823232000000005,3167.0,1,0,0,0,0.0
24033,0,0.051773705999999996,32,0,0.230589803,3000.0,3,0,1,0,0.0
24035,0,0.11845251,63,0,0.314313582,4100.0,4,0,1,0,1.0
24036,0,0.015459292,80,0,0.004666148,9000.0,8,0,0,0,1.0
24037,0,0.942774166,40,0,1695.0,,8,0,0,0,1.0
24038,0,0.070285817,48,0,0.55877712,10139.0,8,0,4,0,4.0
24039,0,0.09991373199999999,33,0,0.233416651,5200.0,6,0,1,0,0.0
24040,0,0.9999998999999999,51,0,964.5,1.0,4,0,1,0,0.0
24041,1,0.982134127,68,2,0.8884228190000001,3575.0,13,0,2,1,0.0
24042,0,0.085806042,76,0,0.034727703,3800.0,6,0,0,0,1.0
24043,0,0.022803587,70,0,0.08908046,5219.0,5,0,0,0,0.0
24044,1,1.041323205,42,2,1.6820572759999999,1710.0,11,7,0,1,3.0
24045,0,0.239549032,34,0,0.48254242799999997,9250.0,8,0,2,0,0.0
24046,0,0.266942733,52,0,0.20144963800000001,4000.0,9,0,0,0,0.0
24047,0,0.243502599,38,0,0.394521096,5000.0,4,0,1,0,2.0
24049,0,0.44355564399999997,40,0,2677.0,,8,0,1,0,0.0
24050,0,0.11685484,39,1,0.366402771,8083.0,9,0,1,0,2.0
24051,0,0.000194687,49,0,0.10536183,8000.0,7,0,1,0,1.0
24055,0,1.051474263,39,0,0.20116618100000003,2400.0,5,0,0,0,2.0
24056,0,0.505695275,42,0,0.45390921799999995,5000.0,17,0,2,0,0.0
24057,0,0.15274063400000001,60,0,0.249878385,6166.0,9,0,1,0,3.0
24058,0,0.01484015,71,0,0.155044248,2824.0,9,0,0,0,0.0
24059,0,0.326997203,58,0,0.35588843,7743.0,19,0,1,0,0.0
24061,0,0.881720075,34,0,0.168385603,4750.0,4,0,0,0,3.0
24062,0,0.035918507999999995,44,0,0.519641735,6363.0,5,0,1,0,0.0
24064,0,0.034353529,29,1,0.299729223,4800.0,3,0,1,0,0.0
24066,1,0.605906784,37,3,636.0,,12,0,0,0,0.0
24067,0,0.0,39,0,0.162199,2200.0,2,0,0,1,2.0
24069,0,0.0006086819999999999,61,0,967.0,,7,0,2,0,0.0
24071,0,0.391184353,51,0,1782.0,0.0,6,0,1,0,3.0
24072,0,0.9999998999999999,73,0,17.0,,1,0,0,0,
24073,0,0.009722165999999999,44,0,0.612487501,9000.0,6,0,3,0,2.0
24076,0,0.349561234,45,0,0.420750697,6100.0,12,0,1,0,1.0
24077,0,0.056336349,68,0,0.41507671799999996,7494.0,10,0,2,0,0.0
24078,0,0.954219253,47,1,310.0,,4,0,0,1,
24079,0,0.438935631,34,0,0.837837838,2700.0,19,0,2,0,0.0
24080,0,0.0,52,0,0.162482727,8683.0,11,0,1,0,1.0
24081,0,0.156535968,51,0,0.021013478,20700.0,3,0,0,0,2.0
24082,0,0.04419558,73,0,0.508121616,2400.0,9,0,1,0,0.0
24087,0,0.148388129,37,0,0.262028384,8666.0,8,0,2,0,0.0
24089,0,0.002509375,75,0,0.003623188,2483.0,9,0,0,0,0.0
24092,1,0.73835561,64,3,0.392008388,8583.0,8,0,3,0,1.0
24093,0,0.009999355,43,0,0.061971023,6970.0,4,0,0,0,1.0
24095,0,0.9999998999999999,70,0,0.0,,2,0,0,0,
24096,0,0.0,82,1,0.0,,8,0,0,0,0.0
24098,0,0.009793495,87,0,0.005452893,3300.0,10,0,0,0,0.0
24099,0,0.003642727,78,0,223.0,,9,0,0,0,
24100,0,0.675476552,48,1,1.0096485179999999,1450.0,12,0,1,0,1.0
24101,0,0.147142726,35,0,0.26675719,8100.0,5,0,1,0,2.0
24102,0,0.001374983,68,0,799.0,,14,0,1,0,0.0
24105,0,0.475330576,61,1,0.440248934,14300.0,11,0,3,0,1.0
24106,0,0.9999998999999999,48,1,167.0,,6,0,0,2,0.0
24107,0,0.306667987,54,0,0.59073724,6347.0,10,0,2,0,1.0
24109,0,0.153928202,43,0,0.5212778929999999,8200.0,6,0,2,0,2.0
24111,0,0.09784898199999999,63,0,1630.0,,3,0,1,0,0.0
24112,0,0.0,27,0,0.0,0.0,2,0,0,0,0.0
24114,0,0.01555156,59,0,0.06732772299999999,12000.0,10,0,1,0,0.0
24116,0,0.011513022,45,0,0.48329944799999996,3442.0,22,0,1,0,1.0
24117,0,0.0045422959999999995,48,0,0.002450123,2856.0,6,0,0,0,0.0
24119,0,0.0,84,0,0.0,,1,0,0,0,
24121,0,0.008267948,63,1,0.288798632,14033.0,11,0,1,0,0.0
24122,0,0.511895184,46,0,0.288471708,3781.0,2,0,1,0,1.0
24123,0,0.073314602,49,0,0.338721241,15342.0,9,0,1,0,2.0
24124,0,0.08843033,64,0,0.327217125,4577.0,5,0,1,0,0.0
24126,0,0.263782907,47,0,3155.0,,17,0,2,0,1.0
24127,0,0.0,43,0,521.0,,6,0,1,0,0.0
24128,0,0.13978602099999998,31,0,884.0,,7,0,0,0,0.0
24131,0,0.467497836,50,0,0.318690784,5804.0,8,0,1,0,3.0
24132,0,0.102601419,44,0,3192.0,,8,0,1,0,0.0
24133,0,0.205148757,66,0,0.537347913,6492.0,17,0,2,0,1.0
24135,0,0.5096246560000001,34,0,0.784347329,3500.0,11,0,2,0,1.0
24136,0,0.017428018,58,1,0.49500199899999997,2500.0,10,0,1,0,1.0
24138,0,0.36095515799999994,29,0,0.276309543,6318.0,6,0,0,0,0.0
24139,0,0.013191485,72,0,0.004761451,10500.0,15,0,0,0,0.0
24141,0,0.42402763,58,0,633.0,,5,0,0,0,0.0
24142,1,0.028075562999999998,45,0,0.317589992,7833.0,12,1,2,0,0.0
24144,0,0.9999998999999999,63,0,42.0,,1,0,0,0,0.0
24145,1,0.0,47,0,0.0,,1,0,0,0,0.0
24146,0,0.101534554,60,0,0.05973723400000001,15450.0,10,0,2,0,0.0
24147,0,0.01025403,65,3,1613.0,,18,0,1,0,0.0
24149,0,0.021130082,52,0,884.0,,4,0,0,0,0.0
24150,1,0.9522682579999999,39,0,0.8948021999999999,5636.0,8,0,2,0,2.0
24151,0,0.058299167,65,0,3917.0,,8,0,1,0,0.0
24152,0,0.15953160800000002,47,0,0.5105990779999999,2169.0,5,0,2,0,0.0
24154,1,0.9999998999999999,25,0,0.320987654,1700.0,2,0,0,1,0.0
24155,0,0.715591743,32,0,0.34207188200000005,7094.0,6,0,1,0,0.0
24156,0,0.9750718740000001,48,0,0.258678998,14488.0,10,0,1,0,1.0
24157,0,0.788541073,45,0,0.332269645,7520.0,13,0,0,0,1.0
24159,0,0.00877744,49,0,0.173793001,13400.0,8,0,2,0,3.0
24160,0,0.014299777,62,0,0.310789928,11000.0,12,0,1,0,4.0
24161,0,0.061397544000000005,47,0,0.309738994,39500.0,9,0,4,1,3.0
24163,0,0.22264832899999998,50,0,0.276230101,5527.0,24,0,0,0,0.0
24164,0,0.192936527,60,0,0.20015430399999998,9072.0,12,0,3,0,1.0
24166,0,0.035017356,45,0,0.226688103,11817.0,7,0,2,0,0.0
24167,0,0.034486027,62,0,0.122775445,5000.0,12,0,0,0,0.0
24168,0,0.16648379900000002,47,0,0.44956358399999996,9050.0,11,0,1,0,0.0
24169,0,0.011932682,33,0,0.143052704,1460.0,4,0,0,0,0.0
24170,0,0.177813028,50,0,0.34379263299999996,6596.0,10,0,1,1,0.0
24172,0,0.213026465,62,0,0.278072193,10000.0,11,0,2,0,0.0
24174,0,1.08478803,50,0,0.741801145,1920.0,6,2,1,0,1.0
24176,0,0.013672123000000001,55,0,0.243046454,6866.0,7,0,2,0,1.0
24177,0,0.9999998999999999,52,0,893.0,,1,0,0,0,0.0
24178,0,0.027972947999999997,35,0,0.232953038,3768.0,4,0,0,0,0.0
24179,0,0.051392253,72,0,0.09113632,5200.0,11,0,0,0,1.0
24180,0,0.0,73,0,0.0,2851.0,2,0,0,0,0.0
24181,0,0.65024541,44,0,0.521244155,4918.0,6,2,1,1,2.0
24183,0,0.682940193,38,1,0.582466805,6250.0,5,0,1,0,0.0
24184,0,0.39275408799999995,53,0,0.384852675,9400.0,9,0,1,0,1.0
24185,1,0.0,64,0,0.325945676,6000.0,7,0,2,0,0.0
24186,0,0.058635031,56,0,1712.0,0.0,6,0,1,0,1.0
24187,0,0.109625809,51,0,1578.0,,6,0,2,0,0.0
24188,0,0.9999998999999999,52,0,1490.0,,3,0,1,0,1.0
24189,0,0.042826102000000005,55,0,0.195680432,10000.0,6,0,1,0,1.0
24191,0,0.062012310999999994,51,1,0.24678320000000004,8237.0,12,0,1,0,3.0
24193,0,0.452643454,62,0,1.4586803330000002,1560.0,12,0,1,0,0.0
24194,0,0.42441423100000003,61,0,0.298805424,18583.0,9,0,4,0,0.0
24195,0,0.0,29,0,0.389031705,3500.0,8,0,1,0,0.0
24196,0,0.039858204,43,0,0.534659621,3216.0,9,0,1,0,3.0
24199,0,0.9999998999999999,36,0,0.22959461899999997,5500.0,3,0,1,0,0.0
24200,0,0.98876045,46,0,0.438056554,6400.0,8,0,1,0,1.0
24201,0,0.0,24,0,0.338051624,1200.0,2,0,0,0,0.0
24202,0,0.009190462,80,0,1631.0,,20,0,2,0,0.0
24203,0,0.023966961000000002,54,0,1629.0,,7,0,2,0,2.0
24204,1,0.11853413300000001,39,0,0.496613267,9300.0,10,0,3,0,1.0
24205,0,0.024407981000000002,75,0,256.0,,6,0,0,0,0.0
24207,0,0.021043112000000003,41,0,528.0,,10,0,0,0,0.0
24208,0,0.13998133599999998,72,1,0.315171207,4000.0,4,0,2,0,0.0
24209,0,0.857302,47,0,0.41848208,5691.0,9,0,0,0,2.0
24211,0,0.115752533,68,0,0.584593984,5750.0,14,0,3,0,0.0
24212,0,0.513025173,40,0,0.34895345200000005,3200.0,7,0,1,0,0.0
24213,0,0.15542714300000002,50,0,0.364393939,5279.0,18,0,0,0,1.0
24214,0,0.014349283000000001,81,0,47.0,,6,0,0,0,0.0
24216,0,0.086140396,52,0,0.39805825200000006,17200.0,8,0,2,0,4.0
24217,0,0.031164935,43,0,0.396438613,2133.0,8,0,1,0,0.0
24218,0,0.016339677,54,0,0.088582284,5000.0,27,0,0,0,1.0
24223,0,0.00239976,45,0,0.0,1805.0,2,0,0,0,0.0
24225,0,0.000120183,56,0,0.267433855,10166.0,16,0,2,0,1.0
24228,0,0.039780007,70,0,0.010362694,3666.0,10,0,0,0,0.0
24229,0,0.352774838,55,0,0.68602425,4700.0,11,0,2,0,0.0
24231,0,0.432557016,58,1,0.586601489,9000.0,17,0,3,0,0.0
24233,0,0.12086371300000001,36,0,0.6084015660000001,2808.0,9,0,2,0,2.0
24234,0,0.11802674,58,0,1979.0,,11,0,2,0,1.0
24236,0,0.019578524,28,0,0.423192269,3000.0,4,0,1,0,1.0
24237,0,0.0,45,0,6008.0,,11,1,2,0,3.0
24238,0,0.038294584,70,0,0.383206775,32000.0,9,0,3,0,0.0
24239,0,0.069718495,26,1,0.211294245,3700.0,8,0,0,0,0.0
24240,0,0.00599988,48,0,0.301224624,12166.0,7,0,2,0,2.0
24241,0,0.9999998999999999,29,0,0.283741966,4200.0,7,0,1,0,0.0
24242,0,0.015358056,77,0,0.438269656,6333.0,12,0,2,0,1.0
24244,0,0.948107886,47,0,0.303370787,5250.0,8,0,1,0,0.0
24246,0,0.059141862999999996,35,0,0.50029994,3333.0,12,0,2,0,0.0
24248,0,0.97550245,53,1,0.186759852,10301.0,8,0,1,0,0.0
24250,0,0.960673221,60,0,0.299323728,3400.0,3,0,0,0,0.0
24252,0,0.431540269,52,0,0.48675496700000004,2717.0,10,0,1,0,1.0
24253,0,0.150009682,49,3,0.49716795700000005,8650.0,17,0,3,0,1.0
24254,0,0.014364331999999999,81,0,0.10578781400000001,9830.0,15,0,1,0,0.0
24258,0,0.115618396,59,0,0.506497834,3000.0,5,0,1,0,1.0
24259,1,1.77476677,33,0,0.110624635,3425.0,5,0,0,0,2.0
24262,1,0.8127021459999999,53,2,1221.0,,6,1,1,0,0.0
24264,0,0.019195262,73,0,0.634130575,1546.0,6,0,1,0,0.0
24265,0,0.39297425399999997,50,0,0.861753785,3500.0,7,0,2,0,2.0
24267,0,0.11677675900000001,46,0,0.21367521399999997,12518.0,15,0,1,0,4.0
24268,0,0.520126485,42,0,0.5957720329999999,7000.0,7,0,1,0,1.0
24270,0,0.9999998999999999,55,0,1177.0,,4,0,1,0,0.0
24271,0,0.454383146,29,0,0.343224343,5290.0,7,0,1,0,1.0
24272,0,0.046539604000000005,57,0,0.6410080579999999,5832.0,25,0,1,0,0.0
24273,0,0.11852437699999999,61,0,1929.0,,8,0,1,0,0.0
24274,0,0.015997936,82,0,0.130454968,2153.0,4,0,0,0,0.0
24275,0,0.144062952,56,0,0.68712475,2997.0,17,0,2,0,2.0
24276,0,0.115040144,38,0,3499.0,,7,0,1,0,0.0
24279,0,0.168911068,49,0,0.696874013,9500.0,17,0,2,0,2.0
24280,0,0.06491816,73,0,0.011498083999999999,6000.0,5,0,0,0,1.0
24281,0,0.002017508,72,0,0.008283133,5311.0,3,0,0,0,0.0
24282,0,0.01479872,59,0,0.364849188,5171.0,10,0,2,0,0.0
24283,0,0.78989011,52,0,0.309924147,15819.0,14,0,4,0,2.0
24284,0,0.853431046,60,1,0.06596701599999999,2000.0,3,0,0,1,0.0
24285,0,0.309248923,44,0,0.521895621,5000.0,7,0,2,0,2.0
24286,0,0.302896392,87,0,373.0,,8,0,0,0,0.0
24287,0,0.617458896,56,1,0.50078329,7659.0,11,0,1,0,0.0
24290,0,0.013761593999999999,66,0,2149.0,,20,0,3,0,0.0
24291,0,0.031999086,37,0,0.237283692,11441.0,5,0,2,0,2.0
24294,0,0.142444145,58,0,1428.0,,12,0,1,0,0.0
24295,0,0.016016969,59,0,0.32299402899999996,6866.0,10,0,3,0,1.0
24296,0,0.204186846,35,0,3134.0,,15,0,1,0,0.0
24298,1,0.01975177,57,0,0.136,8249.0,10,0,1,0,3.0
24301,0,0.272482616,45,0,0.11075098300000001,14500.0,7,0,0,0,3.0
24302,0,0.05381329,63,0,0.17758907100000001,5416.0,3,0,1,0,0.0
24303,0,0.407772815,66,0,0.246444862,7453.0,5,0,2,0,2.0
24304,0,0.097700329,40,0,0.281554951,6250.0,6,0,1,0,2.0
24305,0,0.279627447,80,0,1.4728682169999998,1031.0,16,0,1,0,0.0
24306,0,0.15505729599999998,63,0,0.298056731,30000.0,12,0,2,0,3.0
24307,0,0.0,45,0,0.49979313200000003,4833.0,4,0,2,0,0.0
24310,0,0.0,76,0,0.189438605,3900.0,5,0,1,0,0.0
24312,0,0.514630201,46,0,0.371219357,3140.0,5,0,1,0,0.0
24313,0,0.9999998999999999,38,0,21.0,,0,2,0,0,0.0
24314,0,0.007062745,62,0,0.39596273299999996,7083.0,19,0,3,0,1.0
24315,0,0.059085538,40,0,376.0,,4,0,0,0,
24317,0,0.99720056,56,3,0.8927760109999999,2200.0,7,0,1,0,2.0
24318,0,0.140113815,61,0,1.960049938,800.0,8,0,1,0,1.0
24319,0,0.024023951,76,0,0.361106482,6000.0,16,0,2,0,1.0
24320,0,0.197035643,48,0,0.010926573,4575.0,2,0,0,0,1.0
24322,0,1.0684089159999999,33,0,0.317888563,1704.0,4,6,0,0,0.0
24323,0,0.83517129,57,0,0.47039864299999995,11789.0,17,0,3,0,3.0
24325,0,0.44828448200000004,39,0,2593.0,,6,0,1,0,1.0
24326,0,0.08527047300000001,65,0,9845.0,,12,0,3,0,0.0
24327,0,0.09826482,59,0,0.251099912,12500.0,18,0,3,0,0.0
24328,0,0.204621195,37,1,0.6179637029999999,3250.0,2,0,1,0,0.0
24330,0,0.0,43,0,0.067310896,3000.0,5,0,0,0,0.0
24331,1,0.947501989,49,3,0.9526415490000001,4750.0,13,6,3,2,2.0
24332,0,0.402223911,58,0,0.8056190790000001,3060.0,2,0,1,0,0.0
24334,0,0.009280834,49,0,0.375,5415.0,14,0,3,0,0.0
24335,0,0.9620050659999999,32,1,0.39733401700000004,3900.0,10,1,0,0,0.0
24336,0,0.0,35,0,0.0,5362.0,5,0,0,0,0.0
24337,0,0.065352785,64,1,1.134594616,25000.0,27,0,6,0,1.0
24340,0,0.00450756,57,0,0.058560970999999996,5600.0,8,0,0,0,0.0
24341,0,0.062548958,66,0,0.321331743,9220.0,8,0,3,0,0.0
24342,0,0.49700598799999995,44,0,4710.0,,5,0,3,0,2.0
24343,0,0.06358723,61,0,0.22138406,12195.0,15,0,1,0,1.0
24344,0,0.961730182,24,0,0.258651628,3900.0,5,0,0,0,0.0
24345,0,0.245210659,49,0,0.371121225,4833.0,14,0,1,0,0.0
24347,1,0.803132238,40,0,3590.0,,22,0,2,0,0.0
24348,0,0.45892885200000005,81,0,0.288538206,6019.0,13,0,0,0,0.0
24349,0,0.38758871799999994,48,1,0.296555009,6298.0,10,0,1,0,2.0
24350,1,0.9999998999999999,55,0,0.002458513,1626.0,0,0,0,0,0.0
24351,0,0.10734098800000001,73,0,0.012729315,2670.0,3,0,0,0,0.0
24352,0,0.44771165,76,0,0.78366305,4700.0,12,0,2,0,1.0
24354,0,0.12228777099999999,31,0,0.129079682,3400.0,7,0,0,0,0.0
24356,0,0.236717552,64,0,0.393715782,4200.0,11,0,1,0,0.0
24357,0,0.0,60,0,0.151708055,15865.0,14,0,1,0,0.0
24358,0,0.0,88,0,0.0,,12,0,0,0,0.0
24359,0,0.0,35,0,0.0,3362.0,1,0,0,0,0.0
24360,0,0.04795162,35,0,0.169474493,16916.0,12,0,3,0,0.0
24364,0,0.010325862,57,0,0.098016719,6100.0,4,0,0,0,0.0
24365,0,0.025357308,65,0,0.054755042999999996,6245.0,9,0,1,0,0.0
24366,0,0.633182726,35,0,0.40842442,3750.0,5,0,0,0,0.0
24368,0,0.03779811,62,0,1985.0,0.0,8,0,2,0,0.0
24369,0,0.9999998999999999,71,0,0.0,8000.0,0,0,0,0,0.0
24371,0,0.09982080000000002,53,0,0.086116792,4400.0,8,0,0,0,2.0
24372,0,0.065134255,60,0,0.485873736,8600.0,15,0,2,0,0.0
24376,0,0.136431784,42,0,0.326445592,6000.0,7,0,1,0,2.0
24377,0,0.400262611,49,0,0.34964600700000004,8050.0,14,0,1,0,3.0
24378,0,0.131264605,47,1,3122.0,,13,0,2,0,0.0
24380,0,0.13592427199999998,41,0,165.0,,4,0,0,2,0.0
24381,0,0.11329267800000001,53,0,0.374269006,5984.0,22,0,2,0,2.0
24382,0,0.984541605,72,0,0.35715238,7500.0,7,0,1,0,0.0
24383,1,1.014330945,51,2,0.377355803,21064.0,9,1,4,0,1.0
24384,0,0.008578721999999999,79,0,0.006746627,1333.0,6,0,0,0,0.0
24386,0,0.484885405,51,0,5095.0,,6,0,2,0,0.0
24388,0,0.110290943,57,0,0.04226361,5583.0,8,0,0,1,0.0
24389,0,0.8694753679999999,43,0,0.605863192,5525.0,6,0,1,0,1.0
24390,0,0.019955896,84,0,0.003461095,7800.0,3,0,0,0,0.0
24391,0,0.55922321,49,0,1.075055804,3583.0,12,0,2,0,0.0
24392,0,0.009066062,89,0,4.0,,1,0,0,0,0.0
24393,0,0.44158141700000003,68,0,0.18251928,3500.0,6,0,1,0,0.0
24394,0,0.145856609,66,0,1759.0,,13,0,1,0,0.0
24395,0,0.9999998999999999,57,0,0.620485615,4900.0,11,0,2,1,1.0
24398,0,0.9999998999999999,37,0,10.0,,0,0,0,0,0.0
24400,0,0.033657989,51,0,62.0,,9,0,0,0,
24401,0,0.025236117000000002,81,0,57.0,0.0,15,0,0,0,0.0
24404,0,0.8245904559999999,43,1,0.407118363,8456.0,9,0,1,0,1.0
24405,0,0.023628148999999998,78,0,0.141978157,6500.0,14,0,1,0,0.0
24407,0,0.038664224,53,0,0.264398221,8316.0,6,0,2,0,2.0
24408,0,0.090119368,29,0,1501.0,,9,0,1,0,0.0
24410,0,0.081616037,67,0,0.442246331,3133.0,11,0,2,0,0.0
24411,0,0.416195004,70,0,0.725455195,2800.0,7,0,1,0,0.0
24415,0,0.050582145,62,0,0.330506978,5660.0,11,0,1,0,0.0
24416,0,0.619923589,28,0,0.50572905,4450.0,11,0,1,0,0.0
24417,0,0.6757316179999999,59,0,0.649714052,9791.0,12,0,1,0,0.0
24420,0,0.045612534,38,0,0.605096226,9300.0,10,0,3,0,0.0
24421,0,0.15156782,77,0,209.0,,6,0,0,0,
24422,0,0.057342139,63,0,0.328949049,7830.0,8,0,2,0,1.0
24424,0,0.934303285,55,0,0.37370585700000003,7050.0,5,0,1,0,2.0
24425,0,0.9999998999999999,43,0,4095.0,,2,0,1,0,0.0
24426,0,0.01214219,73,0,48.0,,5,0,0,0,0.0
24427,0,0.13509285099999999,56,0,0.67431694,1829.0,4,0,1,0,0.0
24428,0,0.9999998999999999,34,0,196.0,,3,0,0,0,0.0
24429,0,0.07707691700000001,48,0,0.38927049799999996,11500.0,12,0,4,0,1.0
24431,1,0.23237216800000002,40,2,0.344280043,11083.0,15,0,2,0,2.0
24432,0,0.006468074,89,2,0.152711822,4000.0,21,0,0,0,0.0
24433,0,0.025615448,41,0,0.35325602100000003,3362.0,12,0,1,0,0.0
24434,0,0.413143937,50,0,0.293835682,10430.0,10,0,1,0,3.0
24437,0,0.0,50,0,17.0,,2,0,0,0,3.0
24439,0,0.022398507,79,0,0.001874609,4800.0,7,0,0,0,0.0
24441,0,0.0,67,0,0.20233463,2055.0,6,1,0,0,0.0
24443,0,0.060757375999999995,84,0,0.364727055,1666.0,20,0,1,0,0.0
24444,0,0.024795041,35,0,1970.0,,3,0,2,0,0.0
24445,0,0.36108512600000003,62,0,0.10541908400000001,8100.0,9,0,0,0,0.0
24446,0,0.005558834,65,0,0.000821423,6086.0,4,0,0,0,1.0
24447,0,0.40913478200000003,50,0,0.294442146,7250.0,7,0,2,0,0.0
24448,0,0.585586046,44,0,3296.0,,12,0,2,0,0.0
24449,0,0.015497381999999999,72,0,0.590049054,2853.0,11,0,1,0,0.0
24450,1,0.9999998999999999,30,0,0.005640303,7800.0,0,0,0,1,1.0
24451,0,0.012198708999999999,64,0,0.275034771,2875.0,10,0,1,0,0.0
24455,0,0.056090829,35,3,0.678808657,4666.0,16,0,1,0,0.0
24456,0,0.090922266,57,1,0.142331288,7334.0,8,0,1,0,0.0
24457,0,0.9999998999999999,28,1,0.028742814,4000.0,6,1,0,0,1.0
24458,0,0.0127904,54,0,0.009406231999999999,1700.0,5,0,0,0,0.0
24460,1,0.9999998999999999,21,98,0.0,2300.0,0,98,0,98,0.0
24461,0,0.9999998999999999,49,0,0.266487214,742.0,6,0,0,0,0.0
24462,0,0.015986243,75,0,0.41176470600000004,900.0,5,0,1,0,0.0
24463,0,0.667353494,26,0,0.09828780599999999,7650.0,5,0,0,0,2.0
24465,0,0.954869675,45,0,0.31134427,17250.0,5,0,1,0,1.0
24466,0,0.022323505,56,0,0.09323432300000001,3635.0,5,0,0,0,0.0
24467,0,0.00185005,44,0,3251.0,,11,0,1,0,0.0
24468,0,0.9999998999999999,26,0,0.36394328200000003,1480.0,2,0,0,0,0.0
24469,0,0.40282836899999996,45,0,0.39993601,6250.0,4,0,2,0,1.0
24470,0,0.020150669,66,0,0.19896961,15333.0,9,0,1,0,0.0
24476,0,0.91559307,29,1,0.949871465,4667.0,6,0,2,2,1.0
24477,0,0.038374019,44,0,0.250865833,6640.0,7,0,1,0,3.0
24478,0,0.9999998999999999,39,0,0.390435924,6858.0,6,0,2,0,4.0
24479,0,0.563820903,71,0,0.799342105,3647.0,7,0,1,0,0.0
24480,0,0.036392786,65,0,0.141607299,8000.0,33,0,1,0,0.0
24482,0,0.011188105,45,0,0.7069989859999999,6900.0,17,0,3,0,0.0
24483,0,0.349629552,36,0,2258.0,,13,0,0,0,0.0
24485,0,0.555120199,42,1,0.443207566,10150.0,9,0,4,0,0.0
24489,0,0.40858913700000005,35,0,12757.0,,17,0,4,0,
24490,0,0.220319872,32,0,0.163582531,1350.0,5,0,0,0,0.0
24491,0,0.800460136,46,1,2382.0,,7,1,1,2,1.0
24494,0,0.068959333,67,0,1262.0,,15,0,0,0,0.0
24495,0,0.9999998999999999,33,0,0.20903954800000002,2300.0,1,0,0,0,1.0
24496,0,0.122087791,56,0,0.180424397,9000.0,2,0,1,0,0.0
24497,0,0.03218412,52,0,0.008377246,7400.0,5,0,0,0,0.0
24498,0,0.030920697999999996,27,0,0.085769666,6190.0,4,0,0,0,0.0
24499,0,0.0,51,0,804.0,,5,0,1,0,1.0
24500,0,0.08887452800000001,68,1,0.22579838800000002,16000.0,8,0,2,0,1.0
24501,1,0.9999998999999999,36,0,0.0,1600.0,0,1,0,0,1.0
24503,0,0.0979951,43,0,0.18332637699999998,9583.0,4,0,1,0,5.0
24504,0,0.07966714,62,0,856.0,,5,0,1,0,0.0
24505,0,0.662125738,53,1,0.710695775,6366.0,13,0,2,0,1.0
24507,0,0.582197011,53,1,0.8980008159999999,2450.0,5,0,1,0,0.0
24508,0,0.264342416,45,0,0.49157649600000003,7300.0,15,0,2,0,3.0
24509,0,0.017883253,51,0,0.259709653,10607.0,10,0,1,0,0.0
24511,0,0.013701166,68,0,0.18156808800000002,2180.0,5,0,1,0,0.0
24512,0,0.9999998999999999,59,1,1562.0,,2,0,0,0,2.0
24513,0,0.043819389,70,0,0.155223312,10500.0,7,0,1,0,0.0
24515,0,0.0,53,0,0.002856463,4200.0,10,0,0,0,2.0
24516,0,0.575726897,43,0,4164.0,,13,0,2,0,2.0
24517,0,0.146031628,58,0,0.170119358,7288.0,6,1,1,0,0.0
24518,0,0.0,36,0,0.43721674200000005,3750.0,4,0,1,0,1.0
24519,0,0.97551517,50,4,0.7087126140000001,3844.0,12,0,1,0,1.0
24520,0,0.20553992399999998,59,0,3333.0,,12,0,1,0,0.0
24521,0,0.17833102899999997,50,0,0.548351888,4580.0,13,0,2,0,4.0
24522,0,0.654160007,45,0,0.272595711,7600.0,7,0,2,0,2.0
24523,0,0.131229287,78,0,0.425278583,6550.0,20,1,4,0,2.0
24524,0,0.0,53,0,0.0,,1,0,0,2,0.0
24527,0,0.9999998999999999,22,98,0.0,300.0,0,98,0,98,0.0
24529,0,0.746268657,29,1,0.068532132,4216.0,2,3,0,0,0.0
24530,0,0.097909867,40,0,0.582724538,6980.0,10,0,2,0,1.0
24532,0,0.269066574,47,1,0.480162549,9350.0,9,0,1,0,1.0
24534,0,0.028863485,64,0,0.322278739,4914.0,13,0,2,0,0.0
24535,1,0.872255489,26,0,0.116878124,2600.0,2,1,0,0,0.0
24536,0,0.0,67,0,0.021000276000000002,7237.0,3,0,0,0,0.0
24537,0,0.102940537,51,0,0.253783081,15000.0,14,0,2,0,0.0
24538,0,0.8168769140000001,52,2,0.5091097529999999,18331.0,16,0,2,0,0.0
24539,0,0.051758495999999994,34,0,0.44092651200000005,6000.0,13,0,2,0,0.0
24540,0,0.9488033929999999,25,0,0.21530554,1750.0,10,0,0,0,0.0
24541,0,0.270660508,55,0,0.38114918,7500.0,5,0,1,0,3.0
24542,0,0.514065257,45,0,0.6483364939999999,5800.0,7,0,2,0,1.0
24546,1,0.9321516959999999,44,0,0.638908727,7000.0,6,0,2,0,1.0
24548,0,0.290122134,37,0,0.416533883,10668.0,9,0,2,0,3.0
24549,0,0.310890558,41,0,0.075857917,3321.0,5,0,0,0,0.0
24551,0,0.42415931,56,0,6838.0,,4,0,2,0,0.0
24552,1,0.37678207700000005,31,0,0.15208854,2800.0,5,0,1,0,2.0
24553,0,0.000602003,69,0,3.312134218,2562.0,28,0,1,0,0.0
24554,0,0.003918469,67,0,774.0,,8,0,1,0,0.0
24558,0,0.017627087,41,0,0.299092121,15750.0,10,0,3,0,1.0
24559,0,0.584510387,55,0,0.347070283,6672.0,5,0,1,0,3.0
24561,0,0.301439473,53,0,0.243340533,12500.0,19,0,3,0,0.0
24563,0,0.9999998999999999,22,0,117.0,,0,2,0,0,0.0
24564,0,0.012564384,60,0,0.268945583,7956.0,10,0,1,0,0.0
24566,0,0.086550747,55,0,0.142074968,7122.0,4,0,1,0,0.0
24567,1,0.9999998999999999,28,2,0.207650273,1280.0,1,2,0,2,0.0
24569,0,0.714509081,49,0,0.682170543,8900.0,22,0,3,0,0.0
24570,0,0.057525180999999995,56,0,0.39025406100000004,2400.0,4,0,1,0,0.0
24571,0,0.10970089599999999,55,0,0.568101623,4250.0,9,0,1,0,1.0
24572,0,0.058380636,43,0,5.033491627,4000.0,13,0,9,0,2.0
24576,0,0.9999998999999999,30,0,263.0,,1,0,0,0,0.0
24577,0,0.23704559600000003,39,0,443.0,,4,0,0,0,0.0
24578,0,0.0,78,0,0.0,,2,0,0,0,0.0
24580,0,0.053591965,50,0,0.362608696,11499.0,25,0,3,0,0.0
24581,0,0.275402343,33,0,0.123261522,3666.0,5,0,0,0,0.0
24582,0,0.003047329,40,0,0.0,,2,0,0,0,0.0
24583,0,0.0,42,0,0.16825355399999997,7666.0,3,0,1,0,2.0
24584,0,0.040965301,72,0,0.003740157,10159.0,5,0,0,0,0.0
24585,0,0.013695152,77,0,0.26636753,4902.0,14,0,2,0,1.0
24587,0,0.459029468,59,1,0.418196995,9583.0,19,0,2,0,0.0
24588,0,0.059832237999999996,55,0,0.343739584,9000.0,12,0,2,0,2.0
24589,0,0.034151219,61,0,0.149046794,7500.0,7,0,1,0,0.0
24591,0,0.09923221,54,0,2093.0,,6,0,1,0,0.0
24592,0,0.185283947,33,2,0.027908857999999998,7416.0,6,0,0,0,0.0
24595,1,0.0,72,0,0.002377456,14300.0,11,0,0,2,1.0
24596,0,0.182990388,62,0,0.349489241,4600.0,10,0,1,0,0.0
24597,0,0.980747349,28,0,0.217005738,5750.0,16,0,0,1,0.0
24599,0,0.0,46,0,0.0,5033.0,2,0,0,0,0.0
24600,0,0.9999998999999999,75,0,1783.0,,2,0,1,0,
24601,0,0.67574511,33,0,0.372153305,5400.0,11,0,0,0,0.0
24602,0,0.182,49,0,0.025469729,2394.0,1,0,0,0,1.0
24603,0,0.9999998999999999,54,0,0.251215902,4728.0,2,0,1,0,0.0
24607,0,0.197155114,55,0,0.350909939,15000.0,13,0,2,0,0.0
24608,0,0.069746513,54,0,0.193756968,8969.0,5,0,1,0,0.0
24611,0,0.485502899,26,0,0.19432227100000002,2500.0,4,0,0,0,0.0
24612,0,0.076633064,39,0,3190.0,,11,0,2,0,1.0
24614,0,0.999197432,29,0,264.0,,4,0,0,0,0.0
24615,0,0.22678009899999998,67,0,0.10347152,8900.0,11,0,0,0,1.0
24616,0,0.875244512,26,0,0.234944061,4200.0,10,0,0,0,4.0
24617,0,0.37037741,44,0,0.277144571,5000.0,6,0,0,0,0.0
24618,0,0.097367533,44,0,0.542491121,7883.0,8,0,2,0,2.0
24619,0,0.454620036,48,0,0.292771465,6335.0,29,0,0,0,0.0
24620,0,0.007504619000000001,88,1,1.516746411,417.0,11,0,0,0,0.0
24622,0,0.548467127,78,0,3609.0,,19,0,2,0,0.0
24623,0,0.0,57,0,0.22430205600000003,12500.0,14,0,1,0,1.0
24624,1,0.9999998999999999,41,2,0.145356102,2400.0,2,0,0,0,3.0
24625,0,0.703141329,47,0,0.6382521489999999,5583.0,13,0,1,0,1.0
24626,0,0.01428317,63,0,0.350034795,4310.0,7,0,1,0,0.0
24627,0,0.0,47,1,0.544278273,5950.0,11,0,3,0,4.0
24628,0,0.002402441,45,0,0.227816756,2422.0,7,0,0,0,5.0
24629,0,0.0030432890000000002,39,2,0.06617234,8900.0,7,0,0,0,0.0
24631,0,0.147370111,50,1,0.23633678,8800.0,14,0,4,0,3.0
24635,0,0.588266525,56,2,0.263559497,4848.0,8,0,1,0,0.0
24637,0,0.47784465200000004,40,0,0.010829983999999999,53000.0,6,0,0,0,0.0
24639,0,0.720992961,60,0,2834.0,,11,0,1,0,0.0
24640,0,0.0,60,0,0.184392265,11583.0,5,0,1,0,0.0
24641,0,0.17209008899999997,48,0,0.17011855399999998,7000.0,9,0,1,0,0.0
24642,0,0.132786721,55,0,0.116777373,4666.0,5,0,1,0,0.0
24644,0,0.02831317,66,0,0.31741420000000004,11013.0,9,0,2,0,1.0
24645,1,0.483711835,42,1,0.380871534,7067.0,7,0,2,0,1.0
24646,0,0.069939209,36,0,0.098380324,5000.0,7,0,0,0,0.0
24647,0,0.004512962,63,0,0.18823358899999998,6900.0,14,0,1,0,0.0
24648,0,0.5089530720000001,62,0,0.365647365,3073.0,8,0,1,0,1.0
24649,0,0.030570992,58,0,8087.0,,18,0,3,0,3.0
24652,0,0.0,29,0,0.0,,1,0,0,0,0.0
24654,0,0.822811813,52,0,0.09992836699999999,5583.0,3,0,0,0,0.0
24655,0,0.48927975799999995,65,0,3195.0,,13,0,1,0,0.0
24657,0,0.0669203,27,0,0.154564825,6100.0,6,0,1,2,1.0
24659,0,0.003657995,44,0,1711.0,,6,0,1,0,1.0
24660,0,0.690661868,53,0,0.42312708299999996,6900.0,7,0,2,0,3.0
24661,0,0.3540025,67,0,0.228385807,2000.0,5,0,0,0,0.0
24662,0,0.222432087,76,0,126.0,,8,0,0,0,0.0
24663,0,0.9999998999999999,55,1,51.0,,0,0,0,0,0.0
24664,0,0.025789086,48,0,0.42222875600000004,3400.0,9,0,2,0,3.0
24666,0,0.010994878999999999,68,0,0.324815271,3247.0,5,0,1,0,0.0
24667,0,0.0669775,76,0,0.22470299100000002,4881.0,11,0,1,0,0.0
24669,0,0.764235764,27,0,0.007199424,4166.0,1,0,0,0,0.0
24670,0,0.02107911,43,0,2579.0,,12,0,2,0,0.0
24671,1,0.309640605,45,1,0.21538923100000001,20000.0,10,0,1,0,0.0
24673,0,0.0,65,0,0.17448837,12166.0,4,0,1,0,1.0
24675,0,0.0,62,0,468.0,,2,0,1,0,
24676,0,0.0,53,0,0.196554234,4120.0,2,0,1,0,3.0
24677,0,0.292807807,35,0,0.374805599,4500.0,9,0,1,0,2.0
24678,0,0.6756745590000001,36,0,0.737854738,8315.0,11,0,1,0,2.0
24679,0,0.9999998999999999,49,0,0.0,,0,0,0,0,0.0
24680,0,0.19992459699999998,78,0,0.362615323,2492.0,8,0,0,0,0.0
24682,1,0.9626814929999999,57,3,14969.0,0.0,15,1,8,2,3.0
24684,0,0.466553345,27,0,260.0,,3,0,0,0,0.0
24685,0,0.13227756699999998,35,0,0.35051299,16666.0,11,0,2,0,0.0
24686,0,0.089424755,41,0,2601.0,0.0,15,0,2,0,1.0
24687,1,0.9999998999999999,32,0,0.0,,0,1,0,0,0.0
24689,0,0.55503211,49,0,0.434025947,9480.0,14,0,2,0,0.0
24690,0,0.086723668,60,0,0.492236025,7083.0,8,0,1,0,1.0
24691,0,0.592227185,67,0,0.19072371100000002,2500.0,5,0,0,0,0.0
24692,0,0.674183636,39,0,0.23185362899999998,3333.0,5,0,0,0,0.0
24693,0,0.9832067170000001,29,0,0.437281359,2000.0,5,0,0,0,0.0
24694,0,0.743773105,48,0,0.31551544600000003,2880.0,5,0,1,0,0.0
24697,0,0.604449629,42,0,0.96271278,3700.0,10,0,2,0,1.0
24698,0,0.157794792,67,0,931.0,,5,0,1,0,
24701,0,0.967243613,54,0,0.026112916,56944.0,7,0,0,0,3.0
24703,1,0.923076923,30,1,0.06287497,4166.0,5,0,0,0,0.0
24704,0,0.9999998999999999,53,0,0.940029985,2000.0,2,0,1,0,0.0
24707,0,0.0,67,2,4027.0,,6,0,2,0,0.0
24708,0,0.07321071400000001,81,1,0.033828806,1950.0,11,0,0,0,0.0
24710,0,0.95170037,42,0,0.021449463999999998,40000.0,6,0,0,0,0.0
24711,0,0.057727747,57,0,0.145985401,10000.0,10,0,1,0,3.0
24712,1,1.42192691,25,0,292.0,,3,2,0,1,0.0
24713,0,0.674835816,51,1,0.286064903,14667.0,9,0,2,0,2.0
24714,1,0.9662743859999999,52,4,0.923659497,3300.0,6,1,1,1,2.0
24716,0,0.0,47,0,0.192743986,10225.0,3,0,1,0,1.0
24717,0,0.9999998999999999,67,0,2510.0,,4,0,1,0,0.0
24718,0,0.153254686,54,0,0.607582709,4140.0,12,0,2,0,1.0
24719,0,0.11424341199999999,77,0,0.725568608,4000.0,17,0,3,0,0.0
24720,0,0.23275917699999998,54,0,446.0,,6,0,0,0,0.0
24723,0,0.253030753,31,0,0.44916406700000006,12500.0,12,0,2,0,0.0
24724,0,0.832417228,56,1,0.525810012,15400.0,9,0,4,0,2.0
24725,0,0.121975605,38,0,5885.0,,7,0,3,0,0.0
24727,0,0.044060559000000006,36,0,0.08904332699999999,18417.0,8,0,1,0,1.0
24728,0,0.9999998999999999,68,0,19.0,,3,0,0,0,0.0
24730,1,1.0789210790000001,35,0,0.338314867,3880.0,9,0,0,0,2.0
24731,0,0.015991663,81,0,0.006569551999999999,3500.0,3,0,0,0,0.0
24732,0,0.326927193,49,0,0.39112177600000003,5000.0,26,0,1,0,0.0
24733,0,0.030249055,50,0,0.198742836,10817.0,5,0,1,0,2.0
24734,0,0.007718821,42,0,0.335347764,9100.0,19,0,1,0,3.0
24735,0,0.763356598,75,0,8371.0,,10,0,5,0,0.0
24736,0,0.7446170259999999,31,0,1.062120671,2800.0,9,0,2,0,1.0
24737,0,0.803532745,67,0,0.215268761,3850.0,3,0,1,0,0.0
24738,0,0.11607819999999999,39,0,0.523400474,13503.0,18,0,4,0,1.0
24739,0,0.0048106270000000005,91,0,0.003700962,1350.0,7,0,0,0,0.0
24740,0,0.041351829,45,0,77.0,,7,0,0,0,0.0
24741,0,0.828540987,46,0,0.520394737,7599.0,7,0,1,0,1.0
24742,0,0.5240750129999999,56,0,2139.0,,8,0,1,0,0.0
24743,0,0.10484459199999999,42,0,0.026394721,5000.0,5,0,0,0,0.0
24744,1,0.9999998999999999,28,0,0.087825777,2800.0,1,0,0,0,0.0
24745,0,0.278891883,62,0,0.429077018,17800.0,14,0,4,0,1.0
24747,0,0.09054964300000001,69,0,2063.0,,7,0,1,0,0.0
24748,0,0.193951543,62,0,0.27908039,6567.0,9,0,2,0,0.0
24749,0,0.004384531,50,0,0.12803463699999998,6466.0,5,0,1,0,3.0
24751,0,0.08516382800000001,33,0,0.404432595,6000.0,10,0,2,0,1.0
24752,0,0.068819481,48,0,0.432624113,1832.0,4,0,0,0,0.0
24754,0,0.535740147,66,0,1357.0,,11,0,1,0,0.0
24755,0,0.004699765,40,0,0.009178322,4575.0,3,0,0,0,1.0
24756,0,0.02359882,51,0,0.001999714,7000.0,1,0,0,0,4.0
24757,0,0.082739708,49,0,1319.0,,4,0,1,0,0.0
24758,0,0.0,58,0,0.22767648399999998,6416.0,7,0,1,0,2.0
24759,0,0.027576045,24,0,0.641900122,820.0,4,0,0,0,0.0
24760,0,0.03229677,59,0,0.0008570610000000001,10500.0,3,0,0,0,0.0
24762,0,0.065096758,58,0,1.202319588,775.0,8,0,1,0,0.0
24763,0,0.036686455,61,0,0.278842731,59000.0,16,0,3,0,1.0
24764,0,0.213320165,34,0,0.042898792000000005,2400.0,2,0,0,0,3.0
24765,0,0.010170196999999999,69,8,0.092920944,7500.0,36,0,0,0,0.0
24766,0,0.9999998999999999,24,0,0.10007358400000001,1358.0,3,0,0,0,0.0
24767,0,0.063041615,79,0,789.0,,2,0,1,0,0.0
24768,0,0.093214725,57,0,0.309025463,7500.0,3,0,1,0,1.0
24770,0,0.7393727459999999,39,1,0.28095986300000003,7000.0,5,0,1,0,2.0
24771,0,0.592508176,65,0,0.353938445,3833.0,10,0,2,0,0.0
24774,0,0.030811857999999998,70,0,0.008966911,7917.0,8,0,0,0,0.0
24775,0,0.9999998999999999,56,0,0.343131374,1666.0,1,0,0,0,0.0
24777,0,0.393116514,44,0,1524.0,,8,0,1,0,
24778,0,0.024144806,37,0,0.280245934,10083.0,11,0,2,0,2.0
24779,0,0.478526216,54,0,0.44025995700000004,6000.0,7,0,1,0,0.0
24780,0,0.772767302,69,0,6914.0,,21,0,1,0,0.0
24781,0,0.8533822059999999,25,0,112.0,1.0,3,0,0,0,0.0
24782,0,0.192419132,53,0,0.348739029,9000.0,13,0,1,0,0.0
24787,0,0.696521391,53,2,0.534116471,4000.0,11,0,1,1,2.0
24788,0,0.9999998999999999,62,0,747.0,,2,0,1,0,0.0
24789,0,0.041082649,43,0,3140.0,,10,0,2,0,0.0
24790,1,0.42876187299999996,54,1,0.437797417,1470.0,3,2,0,0,0.0
24792,0,0.0,22,0,0.008526188,820.0,4,0,0,0,0.0
24793,1,0.316947175,40,1,0.21196467300000002,6000.0,9,0,1,0,0.0
24794,0,0.086003958,53,0,520.0,,5,0,0,0,2.0
24795,0,0.018718282,67,0,0.330364372,6174.0,8,0,2,0,0.0
24796,0,0.810894673,25,0,140.0,,5,0,0,0,
24797,0,0.0,61,0,0.081113511,4166.0,11,0,0,0,0.0
24799,0,0.0,58,0,0.167087188,3566.0,10,0,1,0,0.0
24801,0,1.007390983,45,0,0.494320062,9066.0,9,0,1,0,0.0
24802,0,0.065409958,84,0,0.169827753,10333.0,26,0,1,0,0.0
24804,0,0.004499906,40,0,0.463197205,8300.0,7,0,2,0,3.0
24805,0,0.0,49,0,0.151540383,1200.0,8,0,0,0,0.0
24808,0,0.11117353,53,0,59.0,,4,0,0,0,0.0
24810,0,0.394061767,68,0,0.156807199,6000.0,8,0,0,0,0.0
24811,0,0.218114185,42,0,1.3966413430000002,2500.0,6,0,1,0,2.0
24813,0,0.700729807,54,0,0.43545143799999997,9945.0,11,0,2,0,0.0
24814,0,0.013646935,73,0,0.14031352800000002,5166.0,22,0,0,0,0.0
24815,0,0.014586247,74,0,0.007620452,4067.0,6,0,0,0,0.0
24816,0,0.14891853800000002,41,1,1.375424514,6477.0,25,0,6,0,0.0
24817,0,0.9999998999999999,23,0,0.0,375.0,0,0,0,0,0.0
24818,0,0.33882997299999995,65,0,0.16978731100000002,5500.0,9,0,0,0,1.0
24819,0,0.762931327,51,2,0.287106703,11695.0,7,0,2,0,1.0
24823,0,0.322188524,72,0,1.459318498,2875.0,12,0,1,0,0.0
24824,1,0.9214839359999999,47,1,0.21895620899999998,3333.0,5,1,0,0,2.0
24825,0,0.20211815,66,0,406.0,,11,0,0,0,
24826,0,0.9999998999999999,34,0,0.095380924,5000.0,4,0,0,0,0.0
24828,0,0.9999998999999999,32,0,0.0,1200.0,1,0,0,0,0.0
24829,0,0.060924695,73,0,509.0,,4,0,1,0,
24830,0,0.167879102,52,0,0.8120626459999999,3000.0,10,0,2,0,0.0
24831,1,0.000810592,71,1,0.212887099,7200.0,5,1,1,0,0.0
24832,0,0.073133209,63,0,0.113777245,5000.0,13,0,0,0,1.0
24833,0,0.001037301,69,0,1354.0,,8,0,1,0,0.0
24834,0,0.11311054,63,0,3158.0,,7,0,2,0,
24835,0,0.002223964,62,0,0.301959916,9030.0,12,0,2,0,1.0
24836,0,0.011205274,58,0,3298.0,,18,0,2,0,0.0
24837,0,0.9999998999999999,93,0,0.0,,1,0,0,0,0.0
24838,0,0.07343583299999999,62,0,0.476200826,4600.0,12,0,1,0,0.0
24841,0,0.392927433,53,0,0.319174757,2471.0,9,0,1,0,0.0
24843,1,0.5017910879999999,64,0,1.002320378,12066.0,19,0,2,0,0.0
24844,0,0.051725593,46,0,0.295375218,4583.0,5,0,1,0,1.0
24845,0,0.8502716579999999,64,0,0.513302487,6915.0,4,0,1,0,0.0
24846,0,0.078997743,43,0,0.230487195,18000.0,10,0,1,0,2.0
24847,0,0.0,89,0,0.0,4257.0,2,0,0,0,0.0
24848,0,0.9172477309999999,43,0,0.032851927999999996,6300.0,3,0,0,0,3.0
24849,0,0.0,59,0,0.528111033,4250.0,11,0,1,0,1.0
24850,0,0.837888375,58,1,5763.0,,18,0,2,0,0.0
24851,0,0.164046062,56,0,0.296061212,11500.0,9,0,2,0,1.0
24852,1,0.9999998999999999,23,0,0.003822405,3400.0,0,2,0,0,1.0
24853,0,0.47618095299999996,69,0,0.270025031,12783.0,6,0,2,0,0.0
24854,0,0.17559391100000002,65,0,0.9014084509999999,1916.0,7,0,1,0,0.0
24855,0,0.9999998999999999,74,0,0.376488095,671.0,2,0,0,0,0.0
24857,1,0.9999998999999999,34,4,0.025019963,3756.0,1,1,0,0,1.0
24858,1,1.198880299,37,2,0.478664524,5600.0,6,3,1,3,3.0
24859,0,0.957014329,29,0,0.342415985,1100.0,6,0,0,1,2.0
24860,0,0.070866556,41,0,0.076274818,7000.0,7,0,0,0,0.0
24861,0,0.902350344,56,0,0.080497382,4583.0,4,0,0,0,0.0
24862,0,0.22199962,46,0,0.41775254799999995,7750.0,8,0,2,0,2.0
24863,0,0.126479791,57,0,0.42578125,3583.0,7,0,2,0,0.0
24864,0,0.071032733,66,1,0.431856048,3000.0,11,0,1,0,1.0
24866,0,0.8690423629999999,62,0,0.453103553,6556.0,11,0,1,0,0.0
24867,0,0.035175091,48,0,0.08030027299999999,8791.0,4,0,0,0,1.0
24868,0,0.051527391,76,0,0.007659073000000001,5091.0,9,0,0,0,0.0
24869,0,0.062819308,67,0,0.25552120100000003,13583.0,9,0,3,0,1.0
24870,0,0.6132664729999999,44,3,0.252778597,10166.0,19,0,1,0,0.0
24873,0,0.090217336,62,1,0.41470566700000006,13640.0,17,0,1,0,1.0
24874,0,0.0,71,0,0.267870467,6700.0,8,0,1,0,0.0
24875,0,0.074886115,71,0,0.008988764,6674.0,3,0,0,0,0.0
24876,0,0.020416363,56,0,396.0,,8,0,1,0,0.0
24879,0,0.46393366799999997,57,0,0.48344725899999996,7460.0,8,0,2,0,0.0
24880,0,0.0,76,0,0.003338898,598.0,7,0,0,0,0.0
24884,0,0.554196903,45,1,0.247145735,5955.0,14,1,1,1,2.0
24887,0,0.517227013,65,0,0.95115409,14166.0,17,0,6,0,0.0
24888,0,0.070868921,48,0,0.423964325,15472.0,9,0,3,0,3.0
24889,0,0.077728151,78,0,0.010488545,3622.0,6,0,0,0,0.0
24890,0,0.32651303,52,0,0.222868569,5500.0,8,0,0,0,1.0
24892,0,0.627030674,58,0,0.38048956100000003,8333.0,5,0,1,0,2.0
24894,1,0.28667188600000004,80,0,0.69016373,8000.0,13,0,3,0,0.0
24895,0,0.131140841,50,0,0.586555663,14533.0,12,0,7,0,2.0
24896,0,0.16588804199999999,55,0,0.541559554,3500.0,5,0,2,0,0.0
24898,0,0.22578243,69,0,0.398052343,1642.0,7,0,0,0,1.0
24901,0,0.07285298,70,0,38.0,,4,0,0,0,0.0
24902,0,0.393152051,66,0,0.8401522359999999,6305.0,13,0,2,0,2.0
24903,0,0.074037397,66,0,115.0,0.0,5,0,0,0,0.0
24904,0,0.9999998999999999,48,1,0.842205323,525.0,3,1,0,1,2.0
24905,0,0.00135126,65,0,0.258666667,11249.0,9,0,1,0,0.0
24906,0,0.9999998999999999,49,1,0.186587908,8633.0,5,0,1,0,0.0
24907,0,0.053998683,63,0,0.455155947,6700.0,9,0,3,0,1.0
24908,0,0.078167598,71,0,4840.0,,11,0,2,0,0.0
24909,0,0.085721904,57,0,0.229935267,19000.0,5,0,2,0,0.0
24910,0,0.14543936,73,0,0.413463181,5852.0,7,0,1,0,0.0
24911,0,0.372556609,32,0,0.328736445,8483.0,15,0,3,0,2.0
24912,0,0.032676798,62,0,0.157273769,8729.0,9,0,1,0,0.0
24913,0,0.04108869999999999,59,0,4078.0,,7,0,1,0,0.0
24914,0,0.005416344,30,0,0.662157084,2660.0,12,0,1,0,1.0
24915,0,0.9999998999999999,37,0,0.030764497999999998,6500.0,6,0,0,0,4.0
24916,0,0.104258136,46,0,1583.0,,12,0,1,0,2.0
24918,0,0.9999998999999999,65,0,858.0,,2,0,1,0,0.0
24919,0,0.002483012,77,0,0.00243843,4100.0,18,0,0,0,0.0
24920,0,0.005618547,49,1,0.6443938770000001,4833.0,17,0,2,0,4.0
24921,0,0.321319052,39,0,0.05911761,8000.0,7,0,0,0,0.0
24922,0,0.042673703,47,1,6.965087282000001,400.0,21,0,2,0,1.0
24925,0,0.012552131000000001,50,0,0.49431869799999995,11000.0,10,0,3,0,4.0
24927,0,0.0,61,0,0.287606433,4227.0,6,0,2,0,1.0
24928,0,0.136301681,51,1,0.205296975,6380.0,4,1,2,0,2.0
24931,0,0.33993300299999996,51,0,0.396900221,14000.0,9,0,1,0,4.0
24934,1,0.951578252,34,1,0.435854715,3000.0,10,0,0,0,3.0
24935,0,0.7180807909999999,32,0,4.55904059,1083.0,5,0,2,0,0.0
24936,0,0.844183997,62,0,0.908684157,4916.0,11,0,1,0,0.0
24937,0,0.053501024,68,0,0.127696043,7000.0,7,0,1,0,1.0
24938,0,0.082152975,26,0,0.650426309,820.0,5,0,0,0,0.0
24939,0,0.39716507100000004,53,0,0.440162483,9600.0,14,0,2,0,0.0
24940,0,0.07215147,47,0,0.312710155,4460.0,9,0,2,0,5.0
24941,0,0.818118188,33,0,0.697534977,1500.0,4,0,0,1,1.0
24943,0,0.02551859,63,0,0.375033775,3700.0,10,0,1,0,0.0
24944,0,0.046684092,47,0,1803.0,,7,0,4,0,2.0
24945,0,0.113154466,40,0,414.0,1.0,9,0,0,0,1.0
24946,0,0.238135528,44,0,0.179224579,4100.0,3,0,0,0,2.0
24947,0,0.027880289,43,0,0.178527123,8866.0,12,0,0,0,3.0
24952,0,1.932040605,46,1,0.777536518,5065.0,13,0,2,0,2.0
24953,0,0.990033223,44,1,452.0,,2,3,0,0,0.0
24955,0,0.6936836999999999,75,0,0.406898641,19800.0,16,0,2,0,0.0
24956,0,0.017247426,62,0,0.133995669,7850.0,19,0,1,0,0.0
24958,0,0.131766417,50,0,0.387379088,13025.0,21,0,2,0,4.0
24959,1,1.021617133,50,3,0.514727185,12425.0,17,0,3,4,0.0
24962,0,0.514194019,56,0,0.5398901389999999,3822.0,9,0,1,0,0.0
24963,0,0.6298043489999999,35,0,0.785200221,5418.0,10,0,1,0,1.0
24964,1,0.9999998999999999,58,0,0.023353573,2140.0,1,0,0,0,0.0
24967,1,0.279030465,37,4,0.39959202200000005,4411.0,10,0,1,0,0.0
24968,0,0.0016795389999999999,60,0,0.176676458,16000.0,14,0,1,0,0.0
24970,1,0.991856823,31,4,0.854458217,2500.0,12,1,2,0,2.0
24971,0,0.9999998999999999,42,0,914.0,0.0,3,0,1,0,1.0
24972,0,0.296181108,50,2,0.186319765,4765.0,9,1,0,0,0.0
24974,0,0.330421791,28,1,0.448604493,1468.0,9,0,0,0,0.0
24975,0,0.033584588,72,0,1245.0,,6,0,0,0,0.0
24977,0,0.867673549,49,0,0.653338094,2800.0,7,0,1,0,4.0
24978,0,0.468220736,60,0,0.442730555,6093.0,7,0,1,0,0.0
24979,0,0.014384062,41,1,0.18583059600000001,7000.0,10,0,2,0,3.0
24981,0,0.13895781599999998,65,0,0.356660362,3700.0,14,1,1,0,0.0
24982,0,0.036706336,47,0,1409.0,,12,0,1,0,0.0
24984,0,0.8200155159999999,35,0,0.318168183,10000.0,8,0,2,0,0.0
24985,1,0.8641358640000001,26,1,0.130623126,3000.0,6,0,0,2,2.0
24986,0,0.6454391629999999,73,0,0.339704605,1150.0,4,0,0,0,0.0
24987,0,0.138908542,27,0,0.038756196,2218.0,9,0,0,0,0.0
24988,0,0.0,63,0,0.218908185,12840.0,8,0,1,0,0.0
24990,0,0.312961169,61,0,0.31347804100000004,11885.0,13,2,1,0,0.0
24993,0,0.130785599,55,0,0.1380369,34200.0,7,0,1,0,5.0
24994,0,0.255580331,40,0,0.44562043799999995,2739.0,11,0,1,0,2.0
24995,0,0.376248386,65,0,2471.0,,18,0,2,0,0.0
24997,0,0.047055797999999996,57,0,0.10011537,7800.0,9,0,1,0,0.0
24999,0,0.503030851,47,0,0.629974901,8366.0,21,0,3,0,1.0
25000,0,0.31301968199999997,46,0,0.454388489,3474.0,5,0,1,0,1.0
25001,0,0.0007070560000000001,89,0,0.00020404,4900.0,4,0,0,0,1.0
25002,0,0.74765566,38,1,0.49901174299999995,8600.0,9,0,2,0,1.0
25003,0,0.354437551,57,0,0.26331577899999997,15000.0,11,0,2,0,1.0
25004,0,0.009299845,90,0,0.00199975,8000.0,4,0,0,0,0.0
25005,0,0.035407599,24,0,9.0,,1,0,0,0,0.0
25006,0,0.613277345,40,0,0.38017050799999996,3166.0,4,0,0,0,3.0
25008,0,0.031296593,63,0,0.059917943,24616.0,16,0,0,0,0.0
25009,0,1.2576949,54,1,0.260144525,1798.0,7,3,0,0,1.0
25011,0,0.002707774,48,0,3997.0,,8,0,1,0,
25014,0,0.24393457899999998,49,0,0.167715661,2700.0,5,0,0,0,0.0
25017,0,0.0,43,0,0.0,1.0,2,0,0,0,3.0
25018,0,0.010349483,66,0,773.0,,8,0,1,0,0.0
25019,0,0.046100079,78,0,0.015062762,4779.0,8,0,0,0,1.0
25021,0,0.9999998999999999,55,0,0.290948551,7832.0,9,0,1,0,1.0
25022,0,0.0039223570000000004,38,0,0.148231471,8000.0,11,0,1,0,0.0
25023,0,0.11974572300000001,31,0,0.595744681,6250.0,6,0,2,0,0.0
25024,0,0.0,43,0,0.494584236,6000.0,7,0,2,0,0.0
25025,0,0.004099795,51,0,0.00079968,2500.0,10,0,0,0,0.0
25026,0,0.010474178,55,0,0.055812565,6700.0,27,0,0,0,0.0
25027,0,0.400553836,69,0,0.4733004,4250.0,13,0,1,0,0.0
25028,0,0.063217032,57,0,0.18743139399999997,7287.0,6,0,1,0,1.0
25030,0,0.18677958100000003,23,0,0.217782218,1000.0,4,0,0,0,0.0
25031,0,1.039083803,47,0,0.229881714,10313.0,4,0,1,0,1.0
25033,0,0.230285335,47,0,0.305788505,14666.0,11,0,2,0,2.0
25035,0,0.57248604,47,1,0.5131004370000001,3205.0,9,0,1,0,1.0
25037,0,0.078338433,61,0,0.422195561,8334.0,16,0,1,0,0.0
25038,1,0.9999998999999999,56,0,0.08003108,5147.0,2,1,0,1,0.0
25040,0,0.031199406000000002,75,0,48.0,,3,0,0,0,
25041,0,0.05326617,77,1,0.547745225,10000.0,23,0,4,0,0.0
25042,0,0.363126612,48,0,0.306129174,9103.0,14,0,1,0,2.0
25043,0,0.354698116,34,3,0.507708525,7588.0,16,0,2,0,2.0
25044,0,0.18400832600000003,53,0,0.33578621200000003,18073.0,7,0,2,0,2.0
25045,0,0.203064852,37,0,0.7379338670000001,4868.0,8,0,1,0,2.0
25046,0,0.020827976,46,0,0.002054593,10220.0,2,0,0,0,1.0
25048,0,0.117051895,58,0,0.767178867,11583.0,12,0,2,0,1.0
25050,0,0.106012572,31,0,0.326399141,7450.0,14,0,2,1,3.0
25052,0,0.115809089,35,0,0.087212532,9000.0,8,0,0,0,8.0
25053,0,0.220593961,46,0,0.488113752,4500.0,6,0,1,0,1.0
25055,0,0.010468047,45,0,0.21166306699999998,12500.0,15,0,1,0,3.0
25056,0,0.174015285,44,0,0.11224489800000001,2253.0,2,0,0,0,0.0
25057,0,0.0,32,0,0.058840330999999996,3500.0,2,0,0,0,2.0
25060,0,0.996572408,38,0,0.239953632,5175.0,7,0,0,0,2.0
25061,0,0.055147243,51,1,0.433569346,2400.0,5,0,1,0,1.0
25062,0,0.157795434,54,0,0.038037018,5888.0,6,0,0,0,1.0
25063,0,0.9999998999999999,43,0,0.36791890299999996,1676.0,1,0,0,0,4.0
25065,0,0.015415061,37,0,0.231074261,2773.0,7,0,1,0,3.0
25066,0,0.23457328800000002,50,0,0.559078161,8200.0,12,0,3,0,2.0
25067,0,0.04888611599999999,75,0,51.0,,2,0,0,0,0.0
25068,0,0.44543252899999997,74,0,0.06382130000000001,7520.0,6,0,0,0,0.0
25069,0,0.872763973,42,3,0.49910006,15000.0,11,0,3,0,2.0
25070,1,0.40185568,37,3,0.306461692,8000.0,14,0,2,0,2.0
25071,0,0.34570017,56,0,0.251585624,10405.0,11,0,2,0,0.0
25072,0,0.025272153,65,0,2744.0,,8,0,1,0,0.0
25073,0,0.025313923999999998,62,0,0.23792069300000002,3000.0,5,0,0,0,1.0
25074,0,0.0,46,0,0.279378826,6696.0,4,0,1,0,3.0
25076,0,0.632006562,31,0,0.537116128,4916.0,18,0,1,0,0.0
25078,0,0.09342446199999999,60,0,0.671654027,4878.0,17,0,1,0,0.0
25079,1,0.839993606,34,1,0.13945970900000002,4330.0,6,0,0,0,0.0
25080,0,0.015416238,73,0,1573.0,,6,0,3,0,0.0
25082,0,0.05527424400000001,66,0,0.037499542999999996,82000.0,10,0,1,0,0.0
25084,0,0.249149365,37,0,0.031930767,3350.0,4,0,0,0,1.0
25085,0,0.378147112,65,1,0.460961587,12000.0,19,0,4,0,1.0
25086,0,0.7877531729999999,65,3,0.44127936,2000.0,14,0,0,0,0.0
25087,1,1.0717851840000001,46,3,6243.0,0.0,9,4,2,0,0.0
25088,0,0.18812322399999998,64,0,0.11690821300000001,3104.0,6,0,0,0,0.0
25089,0,0.041116287,54,0,0.247145345,10333.0,9,0,2,0,0.0
25090,0,0.017403694,52,1,1053.0,,17,0,1,0,0.0
25091,1,0.601585041,53,3,1346.0,,9,0,0,0,0.0
25092,0,0.040739815,37,0,0.11170056,3392.0,5,0,0,0,0.0
25093,0,0.318442358,48,0,0.26148582600000003,8183.0,11,0,1,0,2.0
25095,0,0.39143308600000004,44,0,0.427503116,4813.0,10,0,1,0,2.0
25097,0,0.40900884200000004,74,0,0.427517132,1896.0,5,0,0,0,0.0
25100,0,0.320071571,33,0,0.077977721,2333.0,3,0,0,0,0.0
25102,0,0.9999998999999999,54,0,0.8059701490000001,1875.0,4,0,1,0,1.0
25105,0,0.025947387000000002,40,0,1487.0,,9,0,1,0,0.0
25106,0,0.549164326,59,0,0.134186581,10000.0,8,0,0,0,0.0
25107,0,0.01575958,82,0,0.003644647,4389.0,8,0,0,0,0.0
25108,0,0.9999998999999999,28,1,0.34608985,600.0,1,0,0,0,1.0
25109,0,0.063680859,25,0,0.028204213,2800.0,7,0,0,0,0.0
25111,0,0.042295124,27,0,0.028249574,22902.0,18,0,0,0,0.0
25112,0,0.22117569399999998,75,0,0.237190915,12900.0,19,0,3,0,1.0
25113,0,0.9999998999999999,54,1,0.186414108,7654.0,2,1,1,0,3.0
25114,0,0.030738174,70,0,0.379137691,3594.0,10,0,3,0,0.0
25115,0,0.10553578699999999,43,0,0.155737022,12000.0,9,0,0,0,2.0
25117,0,0.0,70,0,0.0,,4,0,0,0,
25119,1,0.988429398,41,0,0.38455962299999996,8276.0,8,0,2,0,3.0
25121,0,0.968354803,34,0,0.20246913600000002,2429.0,3,0,0,0,0.0
25122,0,0.47041573200000003,27,0,0.304805331,2850.0,10,0,0,0,0.0
25123,0,0.9999998999999999,32,0,0.229590137,3000.0,4,1,0,2,0.0
25124,0,0.0,57,0,0.036239275,16666.0,8,0,0,0,0.0
25125,0,0.21699702699999998,72,0,1960.0,,13,0,1,0,0.0
25126,0,0.729218052,36,0,0.09360851099999999,36000.0,7,0,1,0,1.0
25127,0,0.81313382,40,1,0.365286624,3139.0,7,0,0,0,3.0
25130,0,0.711415199,48,0,3830.0,,6,0,2,0,0.0
25133,0,0.017760313,81,0,37.0,,7,0,0,0,0.0
25135,0,0.5199760929999999,72,0,2179.0,,12,0,2,0,0.0
25136,0,0.106447339,45,0,0.403435645,7916.0,4,0,2,0,0.0
25137,0,0.99781087,53,0,0.597801241,9186.0,18,0,2,0,2.0
25138,1,0.9999998999999999,59,98,0.0,2180.0,0,98,0,98,0.0
25139,0,0.74775075,36,0,0.024916326000000003,2688.0,1,0,0,0,1.0
25140,0,0.09209724400000001,48,0,0.204599425,8000.0,6,0,2,0,0.0
25141,0,0.165896862,48,0,0.15746981699999998,13500.0,5,0,2,0,2.0
25142,0,0.885792184,55,3,0.26093476600000004,4000.0,2,1,1,0,0.0
25143,0,0.9999998999999999,47,0,0.138734011,3048.0,2,1,0,0,0.0
25144,0,0.624497481,44,0,0.8060089020000001,8087.0,10,0,2,0,2.0
25145,0,0.103578524,63,0,0.213653242,3500.0,11,0,0,0,0.0
25146,0,0.9999998999999999,57,0,485.0,,5,0,0,0,0.0
25148,0,0.018370418,61,0,51.0,,6,0,0,0,0.0
25150,0,0.048683894000000005,56,0,0.43804262,3800.0,11,0,1,0,0.0
25151,0,0.0074414830000000005,47,0,0.6522036210000001,2926.0,20,0,1,0,0.0
25152,0,0.021756636,64,0,1159.0,,14,0,1,0,0.0
25153,0,0.0,40,0,0.195400383,12000.0,9,0,1,0,2.0
25155,0,0.018130916,37,0,0.047370708,2300.0,2,0,0,0,2.0
25157,0,0.03626831,62,0,0.0445494,7833.0,7,0,0,0,0.0
25158,0,0.001982266,59,0,0.316669398,6100.0,5,0,1,0,0.0
25159,0,0.18555395800000002,51,0,0.51010929,7319.0,10,0,2,0,3.0
25160,0,0.0,51,2,4.390214638,7500.0,8,0,1,0,0.0
25161,0,0.39980048,43,0,1890.0,0.0,12,0,2,0,0.0
25162,0,0.311597405,48,0,0.478300678,5460.0,14,0,1,0,0.0
25163,0,0.07652007599999999,28,0,0.16336732699999998,5000.0,9,0,0,0,0.0
25168,0,0.390906065,56,0,0.907636945,2500.0,11,0,2,0,0.0
25170,0,0.768761562,49,0,0.14912613,18480.0,5,0,1,0,6.0
25172,0,0.538236257,46,0,1.7107630790000001,3000.0,10,0,1,0,0.0
25173,0,0.012458028999999999,53,0,1.0262434390000001,4000.0,14,0,2,0,1.0
25175,0,0.0,42,0,1528.0,0.0,4,0,1,0,1.0
25176,0,0.18046705,43,0,0.355230275,2800.0,4,0,0,0,0.0
25177,0,0.266429643,53,0,0.222074088,10500.0,10,0,2,0,0.0
25178,0,0.175184974,56,0,0.39928436100000003,4750.0,6,0,1,0,0.0
25180,0,0.9999998999999999,53,0,0.164704129,6708.0,9,0,1,0,0.0
25181,0,0.9800458040000001,73,0,0.538060606,8249.0,10,0,3,0,0.0
25182,0,0.894301667,56,0,0.492056786,11833.0,5,0,1,0,0.0
25184,0,0.35568818399999996,63,0,1577.0,,8,0,1,0,0.0
25186,0,0.34753661799999996,27,0,0.09489528800000001,4583.0,2,0,0,0,0.0
25188,0,0.726182545,25,0,0.410516605,1083.0,7,0,0,0,0.0
25190,0,0.131736527,23,0,1.0,0.0,1,0,0,0,0.0
25191,0,0.359507006,44,0,0.29527105,5201.0,10,0,0,0,3.0
25192,0,0.017415215,73,0,0.652793401,2666.0,5,0,1,0,0.0
25194,0,0.006678085,42,0,0.259853505,8600.0,6,0,1,0,1.0
25195,0,0.046189182,51,0,0.34029725200000005,7131.0,5,0,1,0,2.0
25196,0,0.41013420700000003,37,0,2457.0,,5,0,2,0,1.0
25197,0,0.0053967830000000005,51,0,0.260615504,7700.0,13,0,2,0,2.0
25199,0,0.831722299,53,0,0.48798031399999997,5282.0,7,0,2,0,2.0
25200,1,0.23554247,47,1,0.8488604559999999,2500.0,11,0,2,0,3.0
25201,0,0.9608799570000001,45,0,0.45800799799999997,5250.0,15,0,2,0,2.0
25202,0,0.760106662,36,0,0.202707738,8050.0,7,0,2,0,0.0
25203,0,1.070670901,49,2,0.354059666,9150.0,7,0,2,1,4.0
25204,0,0.0,65,0,17.0,,6,0,0,0,
25206,0,0.050566652999999996,68,0,0.14400562,12811.0,7,0,1,0,2.0
25207,0,0.000899955,86,0,0.0,2300.0,1,0,0,0,0.0
25208,0,0.11900447800000001,73,0,0.42293807299999997,3600.0,4,0,1,0,0.0
25210,0,0.54347976,54,0,0.183376178,3500.0,11,0,0,0,0.0
25211,0,0.035232543,67,0,2.575083426,898.0,7,0,1,0,0.0
25212,0,0.24555712100000002,36,1,0.241894307,7833.0,13,0,0,0,3.0
25213,0,0.00147612,49,0,2940.0,,5,0,2,0,0.0
25215,0,0.071950795,34,0,318.0,,4,0,0,0,0.0
25218,0,0.024321622,75,0,0.46679438100000004,3131.0,9,0,2,0,0.0
25219,0,0.392980351,31,0,0.06264996,3750.0,6,0,0,0,0.0
25220,0,0.425183915,47,0,0.376025237,1584.0,6,0,0,0,0.0
25221,0,0.408499455,32,1,0.1193251,5748.0,4,0,0,0,3.0
25222,0,1.0469031,51,2,0.21247453800000002,14236.0,12,0,1,0,2.0
25226,0,0.008712886999999999,68,0,0.317627452,13200.0,13,0,3,0,0.0
25228,0,0.01682274,46,1,0.700118171,11000.0,19,0,4,0,2.0
25230,0,0.139276141,55,0,1.266609881,1173.0,16,0,2,0,1.0
25231,0,0.799068621,51,0,0.312031417,2800.0,7,0,0,0,0.0
25233,0,0.011095106,60,0,0.021895101,8083.0,10,0,0,0,0.0
25234,0,0.358557512,45,0,0.304366302,9412.0,7,0,1,0,0.0
25235,0,0.02379881,64,0,0.650689159,4860.0,7,0,2,0,0.0
25237,0,0.005804784,78,0,0.5327545379999999,3800.0,14,0,2,0,1.0
25238,0,0.036126891,49,0,0.005881661,8500.0,3,0,0,0,2.0
25239,0,0.9999998999999999,62,1,0.040359728,4558.0,1,0,0,0,0.0
25242,0,0.34492666299999997,46,0,0.235294118,6000.0,12,0,0,0,0.0
25243,0,0.015153848999999999,57,0,0.009996876,3200.0,7,0,0,0,0.0
25244,0,0.11512933199999999,51,0,0.35732823399999997,7320.0,19,0,1,0,1.0
25246,0,0.245380188,25,0,0.057320595,4500.0,4,0,0,0,0.0
25247,0,0.020020206000000002,81,0,0.09587823599999999,9000.0,11,0,1,0,1.0
25248,0,0.134306912,56,0,0.116126268,7000.0,6,0,0,0,2.0
25249,0,0.00020661,69,0,0.184004903,19580.0,18,0,2,0,0.0
25251,0,0.351269207,57,0,0.24521072800000002,10700.0,14,0,2,0,1.0
25253,0,0.082179684,52,0,1156.0,,10,0,2,0,
25254,0,0.9216156679999999,49,0,0.448380787,4600.0,11,0,0,0,1.0
25255,0,0.022423336000000002,65,0,0.140507614,4924.0,12,0,1,0,3.0
25256,0,0.6758841659999999,48,0,0.404684751,10800.0,9,0,3,0,0.0
25257,0,0.264866773,37,0,1.0011750879999999,850.0,10,0,1,0,2.0
25258,0,0.09843957099999999,68,0,0.541475392,9366.0,14,0,3,0,0.0
25259,0,0.088678828,63,0,0.099681866,6600.0,10,0,1,0,0.0
25261,0,0.9086182759999999,28,0,0.7395891170000001,1800.0,6,0,0,0,1.0
25263,0,0.483826566,45,0,0.36325434799999995,8566.0,10,0,2,0,2.0
25265,0,0.042922895,61,0,0.62125903,1937.0,17,0,2,0,0.0
25266,0,0.046483410999999995,65,0,0.399568035,2314.0,8,0,1,0,0.0
25267,0,0.0,31,0,0.0,2916.0,3,0,0,0,0.0
25269,0,0.43462418399999997,51,0,1132.0,,6,0,1,0,0.0
25270,0,0.021881066,37,0,1.124671226,1900.0,5,0,1,0,0.0
25271,0,0.163189121,51,1,1073.0,,4,0,1,0,0.0
25272,0,0.054622724000000004,64,0,39.0,,6,0,0,0,0.0
25273,0,0.9334456609999999,39,0,0.184732582,6300.0,10,0,0,0,0.0
25274,0,0.242808307,70,0,0.28534071699999997,6500.0,10,0,3,0,1.0
25275,0,0.23218839100000002,66,0,0.581727338,1400.0,7,0,1,0,0.0
25276,1,0.344944742,41,2,0.685649774,3985.0,12,0,2,0,2.0
25279,0,0.912175649,26,0,0.058039433,3600.0,2,0,0,1,0.0
25280,0,0.107185709,37,0,0.35800677299999994,6200.0,5,0,1,0,1.0
25281,0,0.10961696,47,0,0.12641364800000002,10433.0,5,0,1,0,0.0
25282,0,0.942812247,58,0,0.886792453,6200.0,7,0,2,0,1.0
25283,0,0.204444634,59,0,0.488823529,6799.0,13,0,2,0,1.0
25288,1,0.943755408,47,0,0.44127793600000004,6666.0,9,6,1,1,2.0
25290,1,0.858678955,61,1,0.411302585,3945.0,7,1,0,2,0.0
25291,0,0.513690407,66,0,0.232389381,22599.0,21,0,1,0,1.0
25292,0,0.096633735,33,0,0.551224388,2000.0,8,0,1,0,0.0
25294,0,0.049386155999999994,59,0,0.419872766,3300.0,12,0,1,0,1.0
25296,0,0.261918145,33,0,0.317574996,6366.0,11,0,1,0,2.0
25297,0,0.254125681,24,0,93.0,0.0,2,0,0,0,1.0
25298,0,0.0,72,0,542.0,,7,0,1,0,0.0
25299,0,0.546894387,41,2,0.23835832699999998,3800.0,11,0,0,0,2.0
25301,0,0.5760377210000001,65,0,0.41629185399999996,2000.0,9,0,0,0,0.0
25303,0,0.040253082,52,0,2267.0,,5,0,1,0,0.0
25304,0,0.278993492,52,0,0.279704999,3660.0,10,0,0,0,2.0
25307,0,0.207575908,29,0,0.159392425,5200.0,5,0,0,0,0.0
25308,1,0.906685863,49,5,0.943097576,4990.0,16,1,1,1,3.0
25309,0,0.0,32,0,0.27136396100000004,4200.0,5,0,1,0,0.0
25310,0,0.9999998999999999,69,0,0.135348837,2149.0,1,0,0,0,0.0
25311,0,0.0,76,0,0.0,,4,0,0,0,0.0
25312,0,0.088760385,33,0,0.9506054429999999,8340.0,20,0,2,0,2.0
25313,0,0.006205288000000001,74,0,0.258195336,2958.0,6,0,1,0,1.0
25314,0,0.028414299,56,0,0.145284905,3000.0,6,0,0,0,1.0
25315,0,0.475368115,52,1,0.478720366,3500.0,9,0,1,0,0.0
25316,0,0.9999998999999999,28,0,0.19905910000000002,3400.0,2,0,0,0,2.0
25318,0,0.333101553,41,0,0.7324963790000001,2070.0,5,0,1,0,1.0
25320,0,0.08681885199999999,37,0,0.271418287,8333.0,4,0,1,0,1.0
25321,0,0.072274699,48,0,1306.0,1.0,8,0,1,0,1.0
25324,0,0.036316307,62,0,0.026752312,14166.0,8,0,0,0,1.0
25325,0,0.43808434799999996,56,1,0.170248956,19400.0,7,1,0,0,4.0
25326,1,0.371099105,46,2,3989.0,,7,0,2,0,0.0
25327,0,0.0,35,0,0.99823384,2830.0,5,0,1,0,0.0
25328,0,0.056093589000000006,75,0,0.100408299,12000.0,9,0,0,0,0.0
25329,0,0.7579390690000001,50,0,3224.0,,12,0,1,0,0.0
25330,0,0.021540337000000003,39,0,0.366558991,6500.0,6,0,1,0,0.0
25331,0,0.7144703240000001,56,0,0.5362160189999999,5480.0,19,0,2,0,0.0
25332,0,0.940029985,37,0,0.100094727,3166.0,5,0,0,1,0.0
25333,0,0.156354777,33,0,0.34597116899999997,12000.0,10,0,2,0,1.0
25335,0,0.083609362,38,0,0.927691822,3166.0,9,0,2,0,1.0
25341,0,0.05609071400000001,71,0,0.022386224,4064.0,6,0,0,0,0.0
25342,0,0.169261534,92,0,35.0,,3,0,0,0,0.0
25348,1,0.9999998999999999,34,0,190.0,,1,0,0,0,0.0
25349,0,0.39545130700000003,74,0,0.899775056,4000.0,11,0,3,0,0.0
25350,0,0.614756537,51,0,0.459189475,12312.0,12,0,2,0,3.0
25351,0,0.9999998999999999,57,0,0.373617694,7595.0,5,0,3,0,2.0
25353,1,0.9658971959999999,52,2,0.5509311339999999,8000.0,11,0,2,1,0.0
25354,0,0.8894087620000001,43,0,0.929257978,2600.0,9,0,0,0,3.0
25356,0,0.143181255,55,0,0.378243275,4200.0,12,0,3,0,0.0
25357,0,0.0,38,0,1.495851042,4940.0,13,0,2,0,0.0
25358,0,0.900041649,47,1,0.208908686,2244.0,3,0,0,0,3.0
25360,1,0.957081043,40,1,0.18539836399999998,3300.0,5,1,0,3,1.0
25362,0,0.181892555,37,0,0.30811348899999996,2008.0,6,0,0,0,2.0
25364,0,0.130162792,33,0,0.059451589000000006,4120.0,8,0,0,0,0.0
25366,0,0.000874945,40,1,0.468153549,4662.0,6,0,1,0,0.0
25367,0,0.18509553399999998,42,0,0.404840359,8800.0,10,0,3,0,0.0
25368,0,0.015136964,43,0,0.307692308,4250.0,15,0,2,0,0.0
25369,0,1.347578348,30,1,0.007679649,1822.0,1,0,0,0,1.0
25370,0,0.93352403,61,0,0.38011270700000005,5500.0,9,0,1,0,0.0
25373,0,0.364740237,47,0,0.39182041,7750.0,12,0,2,0,3.0
25374,0,0.012161833,61,0,0.315587764,14350.0,12,0,4,0,0.0
25377,0,0.262524849,41,0,0.23672041,8000.0,8,0,2,0,2.0
25379,0,0.053697004000000007,74,0,0.426191844,1740.0,6,0,1,0,0.0
25381,0,0.427505445,48,0,2036.0,,9,0,0,0,3.0
25382,1,0.9999998999999999,35,0,0.09836065599999999,2500.0,4,5,0,0,2.0
25383,0,0.98183299,51,4,0.7352185090000001,3500.0,9,0,0,0,1.0
25384,0,0.379155211,31,0,0.012140689,11201.0,2,0,0,0,2.0
25385,0,0.026283197999999997,44,0,6226.0,,14,0,9,0,0.0
25386,0,0.099797309,69,0,553.0,,14,0,1,0,
25388,0,0.211954563,60,0,0.332284456,14300.0,20,0,2,0,2.0
25389,0,0.578057413,30,1,532.0,,4,0,0,0,0.0
25392,0,0.02498115,41,0,0.096095195,20000.0,12,0,2,0,1.0
25394,0,0.259175057,41,0,0.190972718,7000.0,7,0,0,0,0.0
25395,0,0.9999998999999999,43,0,0.263909068,11700.0,10,0,2,0,2.0
25396,0,0.056794320999999995,47,0,0.253638485,9000.0,4,0,1,0,0.0
25397,0,0.8766780829999999,51,0,0.250869216,11216.0,5,0,0,0,1.0
25398,0,0.001827273,40,0,2.0498753119999997,400.0,11,0,1,0,1.0
25399,0,0.05473883,52,0,0.17834303399999998,13916.0,10,0,1,0,3.0
25400,0,0.166499814,38,0,2474.0,,11,0,2,0,0.0
25401,0,0.026856183999999998,52,0,0.135224839,9339.0,5,0,1,0,3.0
25402,0,0.860886899,55,0,3374.0,,11,0,2,0,1.0
25403,0,0.033848308,45,0,0.451854815,10000.0,5,0,2,0,0.0
25404,0,0.031442698,55,0,444.0,,3,0,1,0,0.0
25405,0,0.682907075,58,1,0.6227291079999999,4953.0,13,0,2,0,1.0
25406,0,0.05036434099999999,54,0,0.12242222,25166.0,17,0,1,0,0.0
25409,0,0.043471855,53,0,0.459142473,5200.0,25,0,3,0,0.0
25410,0,0.9999998999999999,60,0,99.0,,2,2,0,0,0.0
25412,0,0.0,51,0,0.065733567,4000.0,4,0,0,0,1.0
25413,0,0.0,81,0,0.0,,6,0,0,0,
25416,0,0.0,82,0,0.0,3598.0,4,0,0,0,0.0
25417,0,0.021786307,75,0,0.515806988,600.0,8,0,0,0,0.0
25418,0,0.10936374300000001,35,0,1588.0,0.0,7,0,1,0,2.0
25419,1,0.252955252,59,0,0.23876816399999998,7500.0,12,0,2,1,0.0
25420,0,0.7363502209999999,54,4,0.23620712100000002,7666.0,13,0,1,1,1.0
25422,0,0.315438628,53,1,0.190499802,10083.0,5,0,1,0,0.0
25424,0,0.004219461,37,0,0.126584211,6548.0,8,0,0,0,4.0
25427,0,0.037584966000000004,52,0,1399.0,,4,0,1,0,0.0
25429,0,0.9999998999999999,30,1,0.23266563899999998,1946.0,2,0,0,0,0.0
25432,0,0.606787781,54,0,0.22869691399999997,25500.0,16,0,3,0,0.0
25436,0,0.001616362,61,0,0.18592093899999998,15000.0,6,0,2,0,0.0
25438,0,0.73042065,61,0,0.26679226100000003,13800.0,12,0,2,0,0.0
25439,0,0.653334167,45,1,0.460019114,9416.0,17,0,2,0,2.0
25441,0,0.18383267399999997,57,0,0.21900736899999998,9227.0,18,0,1,0,0.0
25442,0,0.001886721,36,0,0.16829533100000002,2762.0,6,0,0,0,1.0
25443,0,0.01562298,62,0,2769.0,,23,0,1,0,3.0
25445,0,0.320142494,48,0,3.217364147,1600.0,16,0,1,0,2.0
25446,0,0.005171024000000001,73,0,0.52766869,2800.0,8,0,1,0,1.0
25448,0,0.8638136190000001,31,0,1036.0,,10,0,0,0,0.0
25450,0,0.020554193999999998,78,0,0.008664741,4500.0,10,0,0,0,0.0
25452,0,0.063482843,87,0,0.334851936,5706.0,4,0,1,0,1.0
25453,0,1.127908151,50,1,0.39751138799999997,9000.0,9,0,2,0,3.0
25454,0,0.144123106,63,0,0.209302326,3783.0,9,0,1,0,0.0
25455,0,0.673252799,47,0,0.258744553,8490.0,9,0,1,0,4.0
25457,0,0.00612671,51,0,0.171221788,10500.0,15,0,0,0,0.0
25458,0,0.035307244,56,1,0.289535666,5943.0,21,0,1,0,1.0
25459,0,0.017886808,74,0,1.534204458,1300.0,13,0,2,0,0.0
25460,1,0.686108292,31,0,0.420351033,4500.0,7,0,2,0,0.0
25462,0,0.780555447,56,0,0.590520474,6666.0,18,0,1,0,0.0
25463,0,0.013117574,59,0,2000.0,,12,0,2,0,0.0
25464,0,0.33935139299999995,61,0,0.474671981,6020.0,13,0,1,0,1.0
25465,1,0.756035687,55,0,0.706085895,9825.0,19,0,3,0,0.0
25467,0,0.007332844,42,0,2349.0,,11,0,2,0,
25468,0,0.999954008,45,1,4768.0,,5,0,2,0,0.0
25469,0,0.050681542999999996,80,0,28.0,,7,0,0,0,0.0
25471,0,0.19410319399999998,45,0,446.5,1.0,5,0,1,0,3.0
25472,0,0.462586404,33,0,0.32961048600000004,10833.0,10,0,2,0,1.0
25473,0,0.9346130770000001,64,1,1193.0,,8,0,1,1,0.0
25474,0,0.545961766,61,0,3347.0,,23,0,1,0,0.0
25475,0,0.020875751,74,0,0.024277043999999998,2800.0,9,0,1,0,0.0
25478,0,0.721329129,38,0,0.828585707,2000.0,6,0,1,0,0.0
25481,0,0.038417009,36,0,0.087304232,3000.0,3,0,0,0,1.0
25482,0,0.16531758900000001,46,0,0.289275442,7300.0,5,0,1,0,1.0
25483,0,0.0,50,0,0.0,,13,0,0,0,0.0
25484,0,0.64811173,45,0,0.28862022600000004,10421.0,10,0,2,0,0.0
25485,0,0.509777801,65,0,0.284874224,3060.0,5,0,0,0,0.0
25486,0,0.051120052,62,0,2773.0,0.0,18,0,4,0,3.0
25487,0,0.9999998999999999,39,1,389.0,,1,0,0,0,0.0
25488,0,0.16952699899999998,79,0,1043.0,,10,0,2,0,0.0
25489,0,0.9999998999999999,48,0,3101.0,,8,1,2,0,0.0
25490,0,0.138538899,48,0,0.141693136,7240.0,9,0,0,0,4.0
25493,0,0.9999998999999999,41,0,0.277817455,7000.0,7,0,2,0,0.0
25494,0,0.013999785,67,0,0.245740341,12500.0,11,0,1,0,2.0
25495,1,1.146596859,22,0,0.099785408,1863.0,6,1,0,0,0.0
25496,0,0.0,53,0,0.5724882729999999,9166.0,8,0,1,0,0.0
25497,1,1.381546135,46,2,0.119017571,10300.0,7,1,1,0,2.0
25498,0,0.0,88,0,0.0,,3,0,0,0,
25501,0,0.0,52,1,1493.0,,8,0,2,0,1.0
25502,0,0.389707353,51,0,0.36264603700000003,6333.0,9,0,2,0,0.0
25503,0,0.076802014,61,0,94.0,,5,0,0,0,0.0
25504,0,0.07687429900000001,74,0,0.709141274,1443.0,10,0,1,0,0.0
25505,0,0.008469513,49,0,0.549855491,6919.0,12,0,2,0,2.0
25506,0,0.038377351000000004,63,0,51.0,1.0,5,0,0,0,0.0
25507,0,0.02930119,49,0,0.289296856,8333.0,15,0,1,0,0.0
25508,1,0.51911978,52,0,0.660935626,2500.0,11,0,1,0,0.0
25509,0,0.096046891,59,0,2077.0,,13,0,1,0,1.0
25510,0,0.017354036,62,0,0.803194044,8327.0,10,0,5,0,2.0
25511,0,0.72207745,58,0,0.47886415,3098.0,6,0,0,0,0.0
25512,0,0.12785447,44,0,0.081621523,5500.0,3,0,0,0,2.0
25513,0,0.6852269390000001,56,1,0.56635139,3488.0,8,1,1,1,0.0
25516,0,0.004827463,48,1,0.180159635,4384.0,6,0,1,0,0.0
25518,1,0.9999998999999999,40,0,0.153846154,3600.0,2,0,0,0,4.0
25519,0,0.323496055,61,0,0.180666667,11999.0,10,0,1,0,1.0
25520,0,0.167531461,63,1,0.374925551,6715.0,9,0,1,0,0.0
25523,0,0.09811647400000001,75,0,97.0,,2,0,0,0,
25524,0,0.0,24,0,0.0,1.0,1,0,0,0,0.0
25525,0,0.223977602,61,0,0.401356901,5600.0,9,0,2,0,0.0
25527,0,0.036169187,46,0,0.026694661,3333.0,6,0,0,0,0.0
25529,0,0.15280555199999998,37,0,0.090990991,4439.0,8,0,1,0,3.0
25530,0,0.0,42,1,0.46389462,6300.0,5,0,1,0,3.0
25532,0,0.9202937059999999,43,1,0.504686914,8000.0,12,0,2,0,2.0
25533,0,0.030644172999999997,54,0,0.44882564700000005,5832.0,14,0,1,0,1.0
25534,0,0.093013239,49,0,0.436778372,3550.0,10,0,1,0,0.0
25535,1,1.0184795,61,3,0.932115527,4050.0,16,0,2,1,1.0
25536,1,0.9999998999999999,55,4,0.334221039,2252.0,4,0,0,0,1.0
25537,0,0.7236552690000001,29,0,0.151320485,1400.0,4,0,0,0,0.0
25538,0,0.112488751,53,1,0.797024793,3024.0,7,0,1,0,0.0
25539,0,0.224517353,45,0,0.795755152,3250.0,6,0,1,1,0.0
25540,0,0.0,69,1,0.115965371,4966.0,2,0,0,0,0.0
25542,0,0.022332506000000002,44,0,0.44060475200000004,8333.0,8,0,2,1,1.0
25543,1,0.7620345140000001,63,0,0.096063859,3632.0,4,0,0,1,0.0
25544,0,0.090864284,49,1,0.431960685,5900.0,12,0,1,0,1.0
25546,0,3.275905119,33,0,0.034649198,5800.0,6,0,0,0,2.0
25548,0,1.062293771,67,0,0.229768786,1383.0,1,0,0,0,0.0
25551,0,0.016907339,55,1,1428.0,1.0,11,0,2,0,0.0
25552,0,0.193513326,54,0,0.436581063,5100.0,6,0,1,0,2.0
25553,1,0.9999998999999999,37,0,0.436531365,2709.0,1,2,1,1,1.0
25554,0,0.015816744,69,0,0.598343685,2414.0,10,0,1,0,0.0
25558,0,0.24661207899999998,37,0,2724.0,,16,0,1,0,0.0
25559,0,0.028505376000000002,37,0,0.278066228,8666.0,8,0,1,0,0.0
25561,0,0.009866338,102,0,0.002423508,3300.0,3,0,0,0,0.0
25563,0,0.000764661,39,0,0.362826483,9877.0,7,0,2,0,2.0
25564,0,0.102908091,66,0,0.43464134,4000.0,6,0,1,0,1.0
25566,0,0.013812211999999999,73,0,0.199151302,6833.0,12,0,2,0,0.0
25567,0,0.117366095,43,0,0.828167482,3677.0,8,0,1,0,2.0
25568,0,0.056804845,73,0,41.0,,6,0,0,0,0.0
25569,0,0.9999998999999999,44,1,0.10956924,3458.0,1,2,0,1,3.0
25571,0,0.439446367,66,0,0.019892643,9500.0,4,1,0,0,0.0
25572,0,0.154546409,52,0,0.24752337100000002,7166.0,8,0,1,0,0.0
25573,0,0.721364583,37,0,0.250672818,2600.0,7,0,0,0,3.0
25574,0,0.0,66,0,0.683640162,15317.0,17,0,8,0,1.0
25576,0,0.039935797,52,0,881.0,,13,0,1,0,2.0
25578,0,0.995294694,55,0,2.428914217,3333.0,13,0,1,0,0.0
25579,0,0.15750878199999999,69,0,0.676622981,3280.0,9,0,1,0,1.0
25582,0,0.53512865,32,1,0.017820018,6733.0,2,0,0,0,0.0
25586,0,0.47500333299999997,50,0,0.152271212,10500.0,3,0,1,0,0.0
25587,0,0.22608556300000002,55,0,3301.0,,15,0,2,0,0.0
25588,0,0.8450774609999999,39,2,0.23552284399999998,7200.0,3,0,1,0,0.0
25590,0,0.089900971,35,0,0.650176678,3678.0,5,0,2,0,3.0
25591,0,0.7189598540000001,74,1,0.6604072670000001,8200.0,16,0,1,0,0.0
25593,0,0.003499924,69,0,0.216573462,5900.0,15,0,1,0,3.0
25595,0,0.023453124,51,0,0.421511213,7000.0,6,0,1,0,1.0
25597,0,0.674263869,58,0,0.42920435700000004,5416.0,19,0,0,0,1.0
25599,1,0.9999998999999999,38,4,0.133735849,6624.0,6,2,0,1,0.0
25600,0,0.006096575999999999,74,0,1202.0,,5,0,1,0,
25601,0,0.29394710399999996,62,1,0.37331334299999996,2000.0,7,0,0,0,0.0
25602,0,0.0,64,0,849.0,,2,0,1,0,0.0
25603,0,0.037127729,59,0,0.294298557,12680.0,12,0,2,0,5.0
25604,0,0.6397788320000001,31,0,0.49204233,12000.0,7,0,2,0,2.0
25605,0,0.205063871,67,0,0.367514721,9000.0,11,0,2,0,4.0
25606,0,0.9999998999999999,35,2,0.298650568,2815.0,2,1,1,1,3.0
25607,0,0.0017468829999999999,60,0,0.7554148620000001,3000.0,6,0,2,0,0.0
25608,0,0.501623421,51,0,0.552058824,6799.0,18,0,1,0,0.0
25609,0,0.019151758,61,0,672.0,,14,0,4,0,0.0
25611,0,0.070616947,58,0,0.17621261300000002,11400.0,9,0,2,0,1.0
25612,0,0.565843005,34,0,0.136543015,3800.0,9,0,0,0,0.0
25615,0,0.115085861,36,0,0.430011198,6250.0,8,0,1,0,0.0
25616,1,0.9999998999999999,25,1,0.065524625,2334.0,0,0,0,0,0.0
25617,0,0.142205537,54,0,0.019712408,10500.0,10,0,0,0,0.0
25618,0,0.27001262600000003,59,0,0.278017107,16016.0,12,0,4,0,2.0
25619,0,0.473856554,40,0,0.543474754,6198.0,10,0,3,0,0.0
25621,1,1.157728707,46,0,0.34138218200000003,1200.0,4,0,0,1,1.0
25623,0,0.10790767400000001,48,0,0.01845586,3250.0,4,0,0,0,0.0
25624,0,0.8347754620000001,60,1,1.06117553,2500.0,11,0,1,0,0.0
25625,0,0.011881082,64,0,0.39014520399999997,4200.0,3,0,2,0,0.0
25626,0,0.024143533,66,0,41.0,,4,0,0,0,0.0
25627,0,0.264271009,57,0,0.299761233,4606.0,7,0,2,0,0.0
25628,0,0.040755812,61,0,0.308422894,4000.0,5,0,1,0,0.0
25630,0,0.7284089490000001,64,1,0.187562488,5000.0,8,0,0,0,0.0
25631,0,0.692262534,58,0,530.0,,3,0,0,0,2.0
25632,0,0.0,21,0,0.0,820.0,2,0,0,0,0.0
25633,0,0.085102762,34,0,0.38984557299999995,9000.0,5,0,1,0,0.0
25634,0,0.0,44,1,0.681390837,6700.0,18,0,3,0,1.0
25637,0,0.075530816,51,0,1.81479014,1500.0,6,0,1,0,0.0
25638,0,0.24170957,37,0,0.267061078,12000.0,15,0,2,0,0.0
25639,0,0.111051483,63,0,1504.0,,9,0,1,0,0.0
25640,0,0.9999998999999999,63,0,0.13437268,4040.0,6,0,1,0,0.0
25642,0,0.0059916019999999995,46,0,425.0,,6,0,0,0,0.0
25644,0,0.134996625,33,0,2585.0,,10,0,2,0,0.0
25646,0,0.009371985,63,1,1687.0,,9,0,2,0,0.0
25651,0,0.020936565,26,0,0.525959368,3100.0,9,0,1,0,0.0
25652,0,0.073545152,40,0,2232.0,,4,0,1,0,1.0
25654,0,0.045609014,58,0,0.8824470209999999,2500.0,9,0,1,0,1.0
25655,0,0.9999998999999999,48,2,374.0,,4,0,0,0,2.0
25656,0,0.014861556000000001,53,0,0.7728380020000001,1641.0,11,0,1,0,2.0
25657,0,0.0,56,0,0.457491582,2375.0,5,0,1,0,1.0
25658,1,0.025566783,79,1,0.041697915,6666.0,9,0,0,0,1.0
25661,0,0.32813437300000003,27,0,61.0,,1,0,0,0,0.0
25663,0,0.10641767099999999,63,0,0.435507166,9000.0,26,0,2,0,3.0
25664,0,0.058575710999999996,76,0,0.162643258,4100.0,7,0,0,0,0.0
25665,0,0.137591152,58,0,0.630553551,9700.0,14,0,2,0,3.0
25666,0,0.368440189,38,0,2625.0,,5,0,1,0,1.0
25667,0,0.88734727,49,2,0.281188752,25000.0,8,0,2,0,3.0
25668,0,0.436702046,76,1,0.082855654,1918.0,4,0,0,0,0.0
25670,0,0.0,68,0,0.013678263000000001,3362.0,4,0,0,0,0.0
25671,0,0.0,44,0,0.302982178,5666.0,7,0,1,0,1.0
25672,0,0.371002629,57,0,1702.0,,8,0,1,0,0.0
25673,0,0.179472422,81,0,69.0,,3,0,0,0,0.0
25675,0,0.6964810909999999,46,0,0.267521932,10600.0,6,0,1,0,3.0
25676,0,0.029484324,45,0,0.31628062,6000.0,8,0,2,0,3.0
25677,0,0.019664166,57,0,0.23608407899999997,5137.0,8,0,2,0,1.0
25678,0,0.498957324,63,0,1.333161689,1941.0,17,0,2,0,0.0
25679,0,0.612905474,51,0,0.41607919600000004,6666.0,8,0,2,0,4.0
25680,0,0.27967572,54,0,2049.0,,8,0,0,0,0.0
25681,0,0.352136868,52,0,0.606716418,6699.0,10,0,2,0,1.0
25682,0,0.32269291699999997,73,0,0.335672309,11400.0,12,0,2,0,1.0
25684,0,0.0,64,1,0.19101373300000002,22500.0,14,0,2,0,1.0
25685,0,0.305181559,25,0,0.7304492509999999,600.0,4,0,0,0,0.0
25687,0,0.600446785,65,0,0.453295845,3200.0,7,0,0,0,1.0
25689,0,0.484017275,61,0,0.290094995,18000.0,18,0,3,0,1.0
25691,0,0.022606237999999997,36,0,0.36721369299999995,5666.0,5,0,2,0,1.0
25692,0,0.18157579,35,0,0.747626187,2000.0,4,0,1,0,2.0
25694,0,0.0,52,0,0.225979053,8783.0,4,0,1,0,0.0
25695,0,0.003853471,46,0,71.0,,7,0,0,0,0.0
25696,0,0.910232955,41,3,0.427645438,6170.0,10,0,2,0,2.0
25697,0,0.104611361,56,0,0.251474853,10000.0,8,1,2,0,5.0
25698,0,0.783937824,58,2,0.372837088,6125.0,19,2,1,1,1.0
25701,0,0.0007142569999999999,60,0,0.0,,5,0,0,0,0.0
25702,0,0.139638749,62,0,0.001999962,53000.0,8,0,0,0,0.0
25703,0,0.005955902,89,0,0.003041825,3944.0,7,0,0,0,0.0
25707,0,0.335708036,32,0,0.855863192,1227.0,9,0,1,0,0.0
25708,0,0.487219233,67,0,480.0,,3,0,0,0,0.0
25711,0,0.011996718,53,0,0.363000636,12583.0,19,0,2,0,2.0
25712,1,0.9999998999999999,61,0,0.128990648,3100.0,2,1,0,1,0.0
25714,0,0.093060169,57,1,3105.0,,15,0,2,0,
25715,0,0.379236395,72,0,0.43312202899999996,12619.0,14,0,3,0,3.0
25717,0,0.002119958,62,0,2591.0,,11,0,1,0,0.0
25718,0,0.0,54,0,0.179325843,6674.0,5,0,1,0,0.0
25720,0,0.027588261,68,0,0.008822164,6460.0,7,0,0,0,0.0
25721,0,0.212929024,71,0,19.0,,3,0,0,0,0.0
25723,0,0.030535992999999997,42,0,0.003999,4000.0,5,0,0,0,0.0
25724,0,0.95779254,62,2,0.36977544700000003,6100.0,12,0,1,0,1.0
25726,0,0.937070148,53,0,0.539619031,11496.0,17,0,2,0,3.0
25728,0,0.0,60,0,2102.0,,9,0,1,0,0.0
25730,0,0.9999998999999999,22,0,0.0,1600.0,1,0,0,0,0.0
25731,0,0.078736649,61,0,4506.0,,14,0,2,0,1.0
25732,0,0.24580151,52,0,0.93566505,3916.0,8,0,2,0,1.0
25733,0,0.0,26,0,0.0,5000.0,1,0,0,0,1.0
25736,0,0.247148769,65,0,0.35993413799999996,9109.0,25,0,2,0,1.0
25737,0,0.02820583,66,0,1150.0,,8,0,1,0,1.0
25738,0,0.105422364,36,0,0.27505999600000003,10833.0,3,0,1,0,3.0
25739,0,0.843596993,34,0,0.5704765079999999,3000.0,3,0,2,0,0.0
25740,0,0.0,43,0,1817.0,1.0,18,0,2,0,2.0
25741,0,0.0,51,0,0.460359321,6066.0,8,0,2,0,2.0
25743,0,0.39472746700000005,56,0,2.468265867,2000.0,29,0,2,0,0.0
25745,0,0.5066519939999999,69,0,0.580938344,4070.0,15,0,1,0,0.0
25746,1,0.44364750000000003,56,2,0.8467278559999999,13400.0,19,0,6,0,1.0
25748,0,0.01814079,58,0,0.228461923,6000.0,5,0,1,0,1.0
25749,0,0.0021947110000000002,70,0,1494.0,,11,0,1,0,
25751,0,0.110688582,38,0,0.42306572200000003,10300.0,8,0,1,0,2.0
25752,0,0.009906861999999999,70,0,0.004499438,5333.0,8,0,0,0,1.0
25753,0,0.258182528,31,0,0.371764706,424.0,2,0,0,0,0.0
25758,0,0.475277085,61,0,0.323734101,8333.0,10,0,1,0,1.0
25760,0,0.54176143,56,0,0.573231426,5625.0,8,0,3,0,0.0
25762,0,0.539696837,43,0,0.578698655,2750.0,14,0,0,0,0.0
25763,0,0.028289977,56,0,0.131979695,6500.0,16,0,2,0,0.0
25765,0,0.054827005,66,0,78.0,,7,0,0,0,0.0
25768,0,0.051590224000000004,38,0,0.397028814,12250.0,8,0,3,0,3.0
25770,0,0.9999998999999999,24,98,0.0,,0,98,0,98,
25772,0,0.19833573300000001,77,0,2124.0,,11,0,2,0,0.0
25775,0,0.023320077999999998,40,0,0.530744876,6000.0,10,0,2,0,0.0
25778,0,0.107475924,67,0,0.128124792,15000.0,8,0,1,0,0.0
25783,0,0.005643639000000001,65,0,0.56692763,5236.0,10,0,2,0,1.0
25784,0,0.587480982,28,0,2.656205421,700.0,5,0,1,0,0.0
25786,0,0.056840903,36,0,1048.0,,7,0,1,0,0.0
25787,0,0.24870466300000002,54,0,0.12830660300000002,4800.0,6,0,2,0,2.0
25789,0,0.9999998999999999,39,2,0.441233766,3079.0,6,1,0,0,0.0
25790,0,0.962206637,43,0,0.255349156,24816.0,8,0,2,0,2.0
25791,0,0.8308921440000001,22,0,0.308738252,5000.0,5,0,0,0,0.0
25792,0,0.712728283,35,0,0.634473105,5000.0,9,0,1,0,2.0
25793,0,0.30816456600000003,43,1,0.27021022,5850.0,9,0,1,0,0.0
25796,0,0.212082805,31,0,0.16993202699999999,2500.0,6,0,0,0,0.0
25798,0,0.000166049,66,0,3055.0,,8,0,1,0,1.0
25799,0,0.0,51,0,1477.0,,8,0,1,0,3.0
25800,0,0.007749539000000001,89,0,0.004482478,7361.0,7,0,0,0,0.0
25802,0,0.8653492779999999,47,1,4090.0,,16,0,2,0,0.0
25803,0,0.055622242,47,1,0.158778829,7500.0,16,0,0,0,3.0
25805,0,0.8381221390000001,41,0,0.527705061,4583.0,6,0,1,0,2.0
25807,0,0.22898369699999999,81,0,0.385285824,3900.0,8,0,1,0,0.0
25808,0,0.280737547,70,1,0.5108481260000001,4055.0,10,0,1,0,0.0
25809,0,0.43910523100000004,60,0,0.265455757,6000.0,7,0,1,0,0.0
25811,0,0.012665611,29,0,0.09598511,3760.0,3,0,0,0,0.0
25812,0,0.01519848,55,0,0.003610108,3600.0,3,0,0,0,0.0
25813,0,0.9722282870000001,47,0,3522.0,,5,0,2,1,2.0
25815,0,0.004809326,68,0,0.004997501,4001.0,16,0,0,0,0.0
25816,0,0.583471786,34,0,0.444807182,4900.0,10,0,1,0,4.0
25817,0,0.042084338,78,0,0.014498188,8000.0,10,0,0,0,1.0
25818,0,0.05024686,57,0,0.246786632,3500.0,4,0,1,0,0.0
25820,0,0.312556528,49,0,2489.0,,11,0,1,0,3.0
25823,0,0.165392709,39,0,7622.0,0.0,13,0,2,0,3.0
25824,0,0.035914128999999996,74,0,0.008888889,5624.0,4,0,0,0,0.0
25825,0,0.8279097329999999,30,0,0.9545669659999999,4225.0,7,0,3,0,0.0
25826,0,0.06173375,44,0,0.39090412,10971.0,12,0,2,0,1.0
25827,0,0.489276602,71,0,0.138686131,1780.0,4,0,0,0,0.0
25829,0,0.021468415,64,0,0.00342207,22500.0,11,0,0,0,0.0
25830,0,0.769315843,55,0,0.431094818,6000.0,16,0,2,0,2.0
25831,1,0.9731646340000001,61,1,0.78550149,6041.0,12,0,1,0,0.0
25832,0,0.111254719,42,0,98.0,,2,0,0,0,
25833,0,0.16670881099999998,59,0,217.0,,8,0,0,0,0.0
25835,0,0.7907283709999999,61,0,0.433371226,7916.0,7,0,1,0,1.0
25836,0,0.012196321000000001,38,0,0.069912609,800.0,11,0,0,0,0.0
25838,0,0.164192764,53,0,0.41067897200000003,1516.0,5,0,0,0,2.0
25839,0,0.011456816000000002,58,0,0.368882396,4106.0,7,0,1,0,0.0
25841,0,0.171599065,31,0,0.023504274,6083.0,6,0,0,0,0.0
25842,0,0.050778011,34,0,2169.0,,5,0,1,0,0.0
25845,0,0.205788658,69,0,0.880144653,5806.0,14,0,3,0,0.0
25846,0,0.427957199,47,0,0.59749383,5266.0,18,0,3,0,0.0
25847,0,0.45206604200000006,56,3,1.043284365,3811.0,15,0,3,0,1.0
25848,0,0.44514064799999997,26,0,0.077444501,5900.0,5,0,0,0,0.0
25849,0,0.871103269,38,0,0.465320742,3070.0,6,0,1,0,1.0
25851,0,0.648624267,52,0,566.0,,6,0,0,0,0.0
25852,0,0.11877681300000001,68,0,3633.0,,7,0,2,0,0.0
25853,0,0.0,58,0,0.218361095,10445.0,13,0,1,0,1.0
25854,0,0.002897431,46,0,0.147031683,3250.0,9,0,1,0,0.0
25855,0,0.000237385,55,0,0.29928345300000003,6000.0,10,0,2,0,3.0
25857,0,0.30770086,39,1,1.660974594,2400.0,14,0,2,0,3.0
25858,0,0.511434126,46,1,0.398700162,8000.0,5,0,2,0,2.0
25859,0,0.931449869,61,3,0.37356842700000004,12136.0,12,0,2,0,0.0
25860,0,0.9910897209999999,44,0,0.267985221,4600.0,7,2,0,0,0.0
25861,0,0.041708213,72,0,0.09235896199999999,4200.0,4,0,0,0,0.0
25862,0,0.26812776,43,0,0.166816082,14500.0,9,0,1,0,3.0
25863,0,0.0,38,0,20000.0,0.0,2,0,0,0,0.0
25864,0,0.019032814,52,0,0.9150530920000001,1600.0,11,0,1,0,3.0
25867,0,0.0,37,0,1.486810552,1250.0,8,0,2,0,3.0
25870,0,0.896724698,36,0,0.37645369700000003,6964.0,6,0,1,0,0.0
25871,0,0.543143384,37,0,0.364545378,11800.0,11,0,1,0,1.0
25872,0,0.709629037,35,0,0.230923026,3000.0,3,0,0,0,0.0
25873,0,0.021427347000000003,41,0,3.351324338,2000.0,8,0,1,0,2.0
25874,0,0.143246743,37,0,0.069883708,9200.0,7,0,0,0,1.0
25875,0,0.037762294,66,0,0.216556689,3333.0,13,0,1,0,0.0
25876,0,0.493657995,45,0,0.06391324400000001,4333.0,10,0,0,0,0.0
25880,0,0.38939597,48,0,0.430679287,3591.0,10,0,2,0,0.0
25884,0,0.189040337,57,1,1154.0,,5,0,1,0,1.0
25885,0,0.9999998999999999,23,0,0.146041507,1300.0,1,0,0,0,0.0
25886,1,0.7531442859999999,35,0,0.464697739,6500.0,4,1,1,0,2.0
25887,0,0.17228973,63,0,0.139119336,7834.0,7,0,0,0,1.0
25889,0,0.7712425,46,0,4599.0,,9,0,2,0,1.0
25890,0,0.130569913,31,1,0.5089940039999999,1500.0,12,0,1,0,0.0
25891,0,0.20274203100000002,45,0,2544.0,,17,0,2,0,0.0
25892,0,0.41078523299999997,40,0,0.237745517,5854.0,12,0,0,0,2.0
25893,0,0.965678936,48,2,1.1082741409999999,10417.0,9,0,6,0,0.0
25895,0,0.081009042,58,0,0.17759112,6666.0,8,0,1,0,0.0
25897,0,0.273011608,59,0,1.06477409,2500.0,6,0,1,0,0.0
25900,0,0.016927361999999998,71,1,7.0,,3,0,0,0,
25901,0,0.76185831,39,0,0.387801743,7000.0,3,0,1,0,3.0
25903,0,0.041379621,68,0,709.0,,15,0,1,0,0.0
25907,1,0.9999998999999999,49,1,0.034975279,5460.0,3,0,0,0,3.0
25909,0,0.525468026,74,0,0.43485254700000003,3729.0,5,0,1,0,1.0
25910,0,0.0,58,0,1.0,,5,0,0,0,0.0
25912,0,0.9999998999999999,36,0,0.099475131,4000.0,5,0,0,0,0.0
25913,0,0.9878721770000001,64,0,0.280057595,12500.0,8,0,0,0,2.0
25914,0,0.2976096,72,0,0.156136688,9100.0,9,0,1,0,0.0
25916,0,0.057643045999999996,59,0,0.159354901,10416.0,9,0,2,0,0.0
25917,0,0.013235658,48,0,0.414170692,6209.0,7,0,1,0,2.0
25918,0,0.0035187440000000003,45,0,0.0007228569999999999,6916.0,7,0,0,0,1.0
25919,0,0.49231323200000005,42,0,7894.0,,15,0,3,0,0.0
25921,0,0.046500108,60,0,1609.0,,7,0,1,0,0.0
25922,0,0.672313865,61,0,2141.0,,11,0,2,0,1.0
25923,0,0.213049325,28,0,0.5564831720000001,3832.0,12,0,1,0,2.0
25924,0,0.357221725,38,0,0.6134837879999999,7000.0,7,0,1,0,3.0
25926,0,0.660311958,65,1,0.297459321,7005.0,7,1,1,0,2.0
25927,0,0.0,79,0,0.0,,3,0,0,0,
25928,0,0.119632738,52,0,0.34958177100000004,10400.0,8,0,2,0,1.0
25929,0,0.031115962,63,0,45.0,,8,0,0,0,1.0
25930,0,0.919970043,54,0,0.30260529,50550.0,20,0,3,0,0.0
25932,0,0.6624406270000001,53,0,0.15989847699999998,4333.0,1,0,0,0,0.0
25933,0,0.398705935,44,0,0.267455424,6000.0,8,0,1,0,1.0
25934,0,0.8844214859999999,66,0,0.7683137859999999,5200.0,22,0,1,0,1.0
25935,0,0.0,54,0,1.426661095,4785.0,12,0,4,0,2.0
25936,0,0.020956843,57,0,0.003103837,14175.0,2,0,0,0,2.0
25937,0,0.6930763740000001,24,0,0.30569948199999997,1350.0,2,0,0,0,0.0
25938,0,0.03336143,55,0,0.414058594,10000.0,14,0,3,0,0.0
25939,0,0.451741393,53,0,0.398375254,6400.0,10,0,1,0,2.0
25940,0,0.006151113000000001,64,0,0.746408495,1600.0,7,0,1,0,0.0
25941,0,0.059789175,32,0,0.132947977,6400.0,8,0,0,0,0.0
25943,0,0.16132270199999998,59,0,0.21704353199999998,6500.0,4,0,1,0,3.0
25944,0,0.132382349,41,0,1255.0,,3,0,1,0,0.0
25945,0,0.000548663,59,0,0.233956835,6949.0,21,0,2,0,0.0
25946,0,0.023378782,66,0,0.008347979,9103.0,9,0,0,0,0.0
25947,0,0.001585743,70,0,0.11123934699999999,11263.0,13,0,1,0,1.0
25948,0,0.292868977,49,0,6304.0,,10,0,3,0,0.0
25949,0,0.9400023999999999,58,0,0.541484716,4350.0,9,0,1,0,1.0
25950,0,0.0071920000000000005,55,0,2410.0,,9,0,1,0,1.0
25952,0,0.585028439,68,0,0.560343966,10000.0,15,0,1,0,0.0
25955,0,0.9999998999999999,29,0,0.185644731,6366.0,4,0,0,0,0.0
25956,0,0.8448946340000001,42,2,0.379853095,16200.0,16,0,3,0,1.0
25957,0,0.650817008,85,0,0.5813093979999999,3787.0,9,0,1,0,0.0
25958,0,0.013129606,58,0,0.00229977,10000.0,8,0,0,0,0.0
25960,0,0.15465894,57,3,0.377167905,5246.0,15,0,2,0,0.0
25961,0,0.005304117,74,0,0.001873829,1600.0,8,0,0,0,1.0
25962,0,0.23816649,51,0,1578.0,,14,0,1,0,1.0
25963,0,0.055855547,72,0,0.01442651,7000.0,3,0,0,0,0.0
25966,0,0.036070622999999996,41,0,0.192655259,5200.0,6,0,0,0,2.0
25967,0,0.801813212,28,0,0.420614139,4200.0,8,0,1,0,0.0
25969,0,0.468125009,44,0,0.144861776,11900.0,13,0,0,0,2.0
25971,1,0.900817512,33,0,0.39073164899999996,8350.0,8,0,1,0,1.0
25973,0,0.080123748,64,0,0.157651884,3900.0,11,0,0,0,1.0
25974,0,0.9999998999999999,60,0,0.0,,0,0,0,0,
25975,0,0.026398944,53,0,0.517484761,6233.0,6,0,2,0,4.0
25977,0,0.180980604,57,0,0.09468158199999999,16000.0,15,0,1,0,2.0
25978,0,0.048853201,71,0,0.611905113,6786.0,13,0,2,0,0.0
25979,0,1.0009999,42,0,0.679731243,6250.0,7,0,2,0,3.0
25980,0,0.772409197,59,0,0.462929476,7741.0,9,0,3,0,0.0
25982,0,0.506488643,78,2,0.417763706,6000.0,16,0,2,0,0.0
25983,0,0.0,54,0,2089.0,,5,0,1,0,0.0
25984,0,0.602341324,69,0,0.42413659299999995,7730.0,14,0,1,0,1.0
25985,0,0.6949227859999999,29,0,0.122979503,6000.0,10,0,0,0,0.0
25986,0,0.16879156,56,0,1768.0,,3,0,2,0,0.0
25987,0,0.049999014,61,0,0.162837757,8400.0,8,0,1,0,1.0
25989,0,0.0,29,1,0.47100828299999997,3500.0,8,0,1,0,0.0
25990,0,0.0050336140000000005,88,0,0.002765369,4700.0,13,0,0,0,0.0
25991,1,1.007763792,61,0,0.16855558199999998,4146.0,4,1,0,0,2.0
25993,0,0.0,66,0,0.0,,8,0,0,0,0.0
25994,0,0.094064718,51,0,0.15379022,5500.0,9,0,1,0,0.0
25995,0,0.9999998999999999,44,0,0.37606239399999997,10000.0,8,0,2,0,2.0
25997,0,0.000693809,61,0,0.7112408020000001,3940.0,13,0,2,0,1.0
25999,0,0.388998195,38,0,3207.0,,8,0,3,0,0.0
26000,0,0.9999998999999999,86,0,1.0,,1,0,0,0,
26002,0,0.45510380200000006,41,0,0.22678050800000002,4801.0,3,0,1,0,1.0
26003,0,0.055264363,57,0,0.285055114,3900.0,8,0,0,0,0.0
26004,0,0.155544123,57,0,0.408583627,13350.0,9,0,3,0,1.0
26005,0,0.9795034159999999,48,0,0.32395531699999996,7250.0,10,0,2,0,3.0
26006,0,0.485621681,45,0,0.054717324000000005,5500.0,6,0,0,0,0.0
26007,0,0.969457322,30,0,0.282557222,3800.0,3,0,0,0,2.0
26010,0,0.635184827,35,1,1.34611172,1825.0,9,0,1,0,2.0
26011,0,0.15092269,57,0,0.27399999999999997,9499.0,14,0,1,0,1.0
26012,0,0.9009401509999999,26,0,1.387283237,864.0,6,0,0,0,0.0
26013,0,0.29598355600000004,49,0,0.36555034399999997,9166.0,4,0,2,0,0.0
26014,0,0.309921089,59,1,0.306444135,2156.0,8,0,2,0,0.0
26016,0,0.165043689,60,0,3586.0,,12,0,3,0,0.0
26017,0,0.693229524,46,0,0.518304859,4506.0,10,0,1,0,0.0
26018,1,0.545804169,45,1,0.426038377,4116.0,3,4,1,0,0.0
26019,0,0.055294222000000004,42,0,0.352529494,5000.0,7,0,1,0,0.0
26020,0,0.0,34,0,0.67608098,4000.0,8,0,2,0,1.0
26022,0,0.08431135199999999,46,0,0.011883803,4543.0,6,0,0,0,0.0
26023,0,0.34149101299999995,66,1,0.550414167,3500.0,6,0,1,0,0.0
26024,0,0.496501166,50,0,0.063136456,5400.0,3,0,0,0,0.0
26025,0,0.31018111800000003,59,0,0.50673989,6008.0,9,1,1,0,0.0
26026,0,0.7268701129999999,46,0,0.235648589,6305.0,10,0,1,0,2.0
26028,0,0.151313947,65,0,0.148529829,10576.0,5,0,1,0,0.0
26030,0,1.104473882,58,0,0.315123251,1500.0,4,0,0,0,0.0
26031,1,1.07189029,53,3,1.4088920630000001,11200.0,17,0,8,1,1.0
26032,0,0.024310353,78,0,0.305198435,10733.0,37,0,2,0,0.0
26033,0,0.533679776,46,0,0.24678524699999999,12986.0,10,0,2,0,1.0
26034,0,0.9999998999999999,75,0,0.0,,0,0,0,0,0.0
26036,0,0.221851877,26,0,0.08518296300000001,3333.0,6,0,0,0,0.0
26037,0,0.510158375,67,0,0.261183913,6638.0,10,0,1,0,1.0
26039,0,0.275249413,80,0,5.057142857,69.0,5,0,0,0,0.0
26044,0,0.11787352699999999,54,0,1.145553423,3125.0,10,0,2,0,0.0
26047,0,0.586624357,58,0,0.284464442,8000.0,11,0,1,0,1.0
26048,0,0.167797682,74,0,0.35699065700000004,6100.0,11,0,1,0,0.0
26050,0,0.07431985599999999,53,0,0.332277954,6000.0,11,0,2,0,1.0
26051,0,0.3360577,65,0,0.8583403190000001,2385.0,8,0,1,0,1.0
26052,0,0.9999998999999999,31,0,0.057980672999999996,3000.0,1,0,0,0,0.0
26054,0,0.481399223,22,0,1.641791045,200.0,2,0,0,0,0.0
26055,0,0.015122331000000001,68,0,0.729296359,5300.0,12,0,2,0,0.0
26056,0,0.230167355,35,0,221.0,,6,0,0,0,0.0
26058,0,0.44993695899999997,42,0,0.397524399,4200.0,5,0,1,0,1.0
26061,0,0.968677108,29,1,0.24078834600000001,2333.0,6,1,0,0,0.0
26063,0,0.03357949,56,0,0.127797834,6924.0,12,0,0,0,2.0
26064,0,0.0017493679999999998,51,0,1933.0,0.0,9,0,1,0,0.0
26065,0,0.34844864700000006,55,0,0.538692262,5000.0,11,0,1,0,0.0
26066,0,0.012084743,52,0,1553.0,,5,0,1,0,0.0
26070,0,0.131016304,46,0,0.577497839,8096.0,12,0,3,0,0.0
26072,0,0.011373578,32,0,0.20555628,7666.0,9,0,1,0,1.0
26073,1,0.956087824,49,2,0.38548483,3361.0,5,0,2,0,1.0
26074,0,0.0,45,0,0.135716071,4000.0,6,0,0,0,1.0
26075,0,0.047604618,73,0,224.0,,7,0,0,0,0.0
26076,0,0.888740839,41,0,0.21421770899999998,3150.0,2,0,1,0,2.0
26078,0,0.951048951,21,0,0.009029345,3100.0,1,0,0,0,0.0
26079,0,0.0,62,0,0.509516709,11400.0,12,0,4,0,2.0
26081,0,0.083102545,75,0,132.0,,6,0,0,0,1.0
26082,0,0.10925053400000001,37,0,0.39201857,11200.0,11,0,3,0,2.0
26083,0,0.014545549,43,0,2081.0,,7,0,1,0,0.0
26084,0,0.0,39,0,0.884356206,13800.0,12,0,6,0,5.0
26088,0,0.282321088,45,0,0.34361787200000005,8750.0,9,0,2,0,1.0
26089,0,0.943749194,59,0,0.86438152,4025.0,6,0,1,0,0.0
26090,0,0.10078031300000001,68,0,0.008237037,33749.0,5,0,0,0,1.0
26093,1,0.075094358,48,1,0.09665055800000001,6000.0,20,2,0,0,3.0
26094,0,0.23047460399999997,54,3,0.35440783600000003,3368.0,10,0,1,0,1.0
26095,0,0.281775465,45,1,0.327804247,17000.0,11,0,2,0,1.0
26096,0,0.140410902,74,0,0.39770028700000004,8000.0,8,0,2,0,0.0
26101,0,0.9999998999999999,58,0,0.0,3190.0,0,0,0,0,0.0
26102,0,0.0,68,0,0.344049823,5940.0,9,0,1,0,1.0
26104,0,0.21839862899999998,59,0,3243.0,,9,0,2,0,0.0
26105,0,0.000924235,55,0,0.287186587,6500.0,11,0,1,0,0.0
26106,0,0.019020149,84,0,0.004315335,9500.0,8,0,0,0,0.0
26107,0,0.75739064,66,0,0.44022391,2500.0,3,0,0,0,1.0
26108,0,0.088381216,65,0,0.15651307,27083.0,5,0,1,0,0.0
26109,0,0.6310324939999999,43,1,0.363545485,3000.0,7,0,0,0,0.0
26110,0,0.17440881600000002,51,0,0.304412036,5416.0,7,0,2,0,1.0
26111,0,1.016596681,42,2,0.979596001,4900.0,4,0,2,0,0.0
26112,0,0.690683851,55,0,0.432552146,12416.0,7,0,2,0,2.0
26113,0,0.022782114,39,0,0.023937762,1670.0,10,0,0,0,1.0
26114,0,0.00729326,34,1,0.107104605,2800.0,4,0,0,0,1.0
26115,0,0.755832037,43,0,0.43434792299999997,4500.0,4,0,1,0,0.0
26116,0,0.011727811999999999,52,0,0.99706408,7833.0,9,0,3,0,0.0
26118,1,0.9999998999999999,39,0,0.7139752229999999,4600.0,7,0,2,0,2.0
26121,0,0.032231663,52,0,1.647270546,5000.0,9,0,2,0,3.0
26122,0,0.110412798,56,1,0.299017573,7226.0,12,0,1,0,0.0
26123,0,0.422486189,64,0,3370.0,,13,0,1,0,0.0
26124,0,0.11884745,60,0,1765.5,1.0,11,0,1,0,0.0
26125,0,0.055493392,61,0,0.692369867,6185.0,17,0,3,0,0.0
26126,0,0.011347676999999999,64,0,0.00239904,2500.0,2,0,0,0,1.0
26128,0,0.026032466,67,0,0.05286215,10271.0,4,0,1,0,0.0
26130,0,0.38972205600000004,55,1,0.144878499,3250.0,6,0,0,0,0.0
26133,0,0.591151897,52,0,0.414664981,2372.0,9,0,1,0,0.0
26134,0,0.047920362,69,0,0.284026137,7192.0,12,0,1,0,0.0
26136,0,0.035539155,67,0,0.005651682,11500.0,5,0,0,0,0.0
26138,0,0.079886217,64,0,190.0,,9,0,0,0,0.0
26139,1,0.5507543970000001,39,2,0.525252525,3167.0,7,0,0,1,0.0
26141,0,0.44569374700000003,48,0,307.0,,5,0,0,0,1.0
26142,0,0.023591941,75,0,0.012992126000000001,2539.0,3,0,0,0,0.0
26144,1,0.809177392,40,1,0.7962288409999999,4666.0,7,0,2,0,3.0
26145,0,0.0,75,0,1.0,,3,0,0,0,0.0
26146,0,0.01259724,60,0,0.51069786,5000.0,9,0,1,0,1.0
26147,0,0.023868885,57,1,0.17372402399999998,11500.0,8,0,1,0,1.0
26148,0,0.9999998999999999,69,0,68.0,,4,0,0,0,0.0
26149,0,0.07330448099999999,55,0,0.20802639899999997,30000.0,13,0,2,0,1.0
26152,0,0.021126932999999997,46,0,0.192972433,7000.0,5,0,1,0,3.0
26153,1,0.9999998999999999,44,0,0.666547662,2800.0,2,0,0,0,2.0
26154,0,0.001307642,61,0,2639.0,,6,0,2,0,1.0
26156,1,1.015074604,30,0,0.136561955,4583.0,3,0,0,0,5.0
26157,0,0.095103746,64,0,0.359456218,2500.0,3,0,1,0,0.0
26158,0,0.770596397,65,0,7579.0,,21,0,2,0,0.0
26159,0,0.148371706,64,0,0.055164143,6670.0,4,0,0,0,0.0
26160,0,0.03362041,80,0,0.015761821000000002,1712.0,5,0,0,0,0.0
26161,0,0.01965309,42,0,0.344931014,5000.0,11,0,2,0,0.0
26162,0,0.07506195,56,0,2332.0,,16,0,2,1,2.0
26167,0,0.38514886600000003,40,0,2183.0,,8,0,3,0,1.0
26168,0,0.026735492000000003,49,0,0.296591271,9416.0,5,0,1,0,0.0
26169,0,0.315109027,54,1,0.150280627,10333.0,8,0,0,0,0.0
26170,0,0.341359811,47,0,0.838948038,12585.0,17,0,8,0,2.0
26171,0,0.9260739259999999,23,0,0.035322777,820.0,2,0,0,0,0.0
26172,0,0.10961574699999999,86,0,0.36438561399999997,4003.0,8,0,1,0,0.0
26173,0,0.031138255,53,0,0.142462366,13750.0,10,0,1,0,0.0
26175,0,0.248675132,35,0,0.23907455,3500.0,8,0,0,0,0.0
26176,0,0.004404675,51,0,0.292865531,6811.0,5,0,1,0,0.0
26177,0,0.0,76,0,0.0,,1,0,0,0,0.0
26178,0,0.0,64,0,0.18560479800000002,3000.0,5,0,0,0,0.0
26179,0,0.131288192,30,0,0.238349342,8432.0,11,0,1,0,1.0
26180,0,0.004766239,62,0,0.195451872,5100.0,9,0,2,0,1.0
26181,0,0.005123561,68,0,0.007075471999999999,1695.0,9,0,0,0,0.0
26182,0,0.24738959600000002,44,0,0.165041398,5434.0,4,0,0,0,3.0
26183,0,1.259159371,63,2,0.69188989,8100.0,17,0,2,0,0.0
26184,1,0.7621922459999999,41,3,0.521344866,7167.0,14,0,3,0,1.0
26185,0,0.042938650999999994,69,0,1.0767846429999999,3333.0,9,0,1,0,0.0
26186,1,0.9999998999999999,38,0,31.0,,0,0,0,0,0.0
26190,0,0.810384398,43,0,1.5530893819999998,3333.0,14,0,2,0,0.0
26191,0,0.221164914,51,1,0.04860393,2900.0,6,0,0,0,0.0
26192,0,0.306355853,42,0,0.017091036,8600.0,1,0,0,0,2.0
26194,0,0.235747675,68,0,0.014744763000000001,9833.0,8,0,0,0,0.0
26196,0,0.8395481090000001,49,0,671.0,,5,0,0,0,0.0
26197,0,0.027620018,87,0,0.00509898,3333.0,4,0,0,0,0.0
26198,0,0.836911815,42,0,0.377842284,6200.0,6,0,1,0,3.0
26199,0,0.0,29,0,473.0,,5,0,0,0,1.0
26200,0,0.014360712,74,0,0.002908562,5500.0,5,0,0,0,1.0
26202,0,0.056111867,73,0,0.10811128800000001,17000.0,15,0,3,0,1.0
26204,0,0.012283541,35,0,2143.0,1.0,8,0,2,0,2.0
26205,0,0.117307582,27,0,304.0,,7,0,0,0,0.0
26206,0,0.676043194,50,0,0.588773789,4150.0,11,0,1,0,0.0
26207,1,1.01779822,44,2,0.465957985,3950.0,4,0,1,0,0.0
26208,0,0.0483289,88,0,0.040564374,1700.0,4,0,0,0,0.0
26209,0,0.202908212,58,0,0.061134124000000005,7000.0,6,0,1,0,0.0
26210,0,0.6611951420000001,59,0,0.7099070140000001,8710.0,20,0,5,0,0.0
26214,0,0.431106131,71,0,0.477175898,4928.0,8,0,1,0,0.0
26216,0,0.007949354,41,0,6.0,,6,0,0,0,0.0
26217,0,0.062925831,59,1,0.284108788,4448.0,10,0,1,0,1.0
26218,0,0.0,37,0,0.779864763,9316.0,10,0,4,0,2.0
26220,1,0.9999998999999999,43,2,0.801427934,2240.0,4,2,1,1,0.0
26221,0,0.382557108,43,0,0.149026361,7548.0,7,0,0,0,0.0
26222,0,0.0,45,0,0.113005051,4751.0,9,0,1,0,0.0
26223,0,0.004684222,76,0,309.0,,10,0,0,0,
26226,0,0.35936384,58,0,0.34237966,7000.0,10,0,2,0,0.0
26227,0,0.09093280599999999,75,0,0.75919362,4513.0,11,0,2,0,0.0
26230,0,0.109767969,62,0,0.037792442,5000.0,3,0,0,0,2.0
26232,0,0.980005713,45,0,0.03398867,3000.0,1,0,0,0,0.0
26234,0,0.8711433759999999,46,0,13.0,,3,0,0,0,
26235,0,0.005466846,82,0,0.09038382199999999,2422.0,4,0,0,0,0.0
26236,0,0.38114987100000003,52,1,0.466748768,3247.0,10,0,1,0,0.0
26239,0,0.0,32,0,0.308138372,5000.0,12,0,1,0,2.0
26241,0,0.175686311,59,0,0.03700033,3026.0,6,0,0,0,0.0
26242,0,0.39456054399999996,64,0,2339.0,,9,0,1,0,0.0
26243,0,0.062943154,40,0,0.30724479600000004,11000.0,9,0,2,0,2.0
26244,0,0.056125272999999996,55,0,0.23556859100000002,7500.0,22,0,1,0,0.0
26249,0,0.07137088,61,0,529.0,,12,0,0,0,0.0
26250,0,0.9793510320000001,53,0,0.45567394200000005,9666.0,8,0,2,0,0.0
26251,0,0.023716645,70,0,0.016463585,10750.0,27,0,0,0,0.0
26252,0,0.9999998999999999,47,0,0.241650557,15000.0,4,0,1,0,2.0
26254,0,0.9999998999999999,41,0,0.130849933,58333.0,7,0,2,0,1.0
26255,0,0.171177754,40,0,2256.0,,13,0,1,0,2.0
26256,1,0.9999998999999999,46,0,0.0,2300.0,0,0,0,0,0.0
26258,0,0.002932942,52,3,0.09286339199999999,8000.0,8,0,0,0,2.0
26260,0,0.0,35,0,0.308117353,7600.0,7,0,1,0,0.0
26261,0,0.9999998999999999,56,0,0.104947396,11500.0,4,0,2,0,3.0
26265,0,0.9999998999999999,57,1,0.23996471100000002,6800.0,3,2,1,0,1.0
26266,0,0.046097738,39,0,0.154193832,25000.0,13,0,1,0,0.0
26267,0,0.038605764,41,0,5851.0,,8,0,3,0,0.0
26268,0,0.010389042,75,0,104.0,,7,0,0,0,0.0
26269,0,0.046205302999999996,62,0,0.17606684600000003,3350.0,5,0,0,0,1.0
26271,0,0.0,40,0,2594.0,,5,0,1,0,4.0
26272,0,0.0,43,0,0.45351623799999996,12100.0,4,0,2,0,0.0
26274,0,0.560195443,48,0,0.325531342,3716.0,7,0,0,0,2.0
26275,0,0.972055888,27,0,0.116929485,3360.0,5,0,0,0,0.0
26277,0,0.9999998999999999,35,1,1463.0,,3,0,1,0,0.0
26279,1,0.9999998999999999,67,3,4.979695431000001,590.0,4,7,1,1,0.0
26282,0,0.767219475,61,0,0.498215235,13166.0,16,0,2,0,0.0
26283,0,0.002689542,86,0,0.007996801,2500.0,14,0,0,0,0.0
26284,0,0.057657057000000005,83,0,10.0,,1,0,0,0,0.0
26285,0,0.072495762,62,0,174.0,,10,0,0,0,0.0
26287,0,0.75060446,51,1,0.262688503,6166.0,15,0,1,0,1.0
26289,0,0.9461317340000001,51,0,0.334000667,2996.0,3,0,0,0,3.0
26290,0,0.9999998999999999,48,0,0.144182963,3016.0,4,0,0,0,1.0
26292,1,0.246245353,38,0,0.251991876,6400.0,9,0,2,0,4.0
26294,0,0.307792285,44,0,0.098780244,5000.0,10,0,0,0,0.0
26296,1,0.810698217,54,0,0.045063927999999996,4770.0,1,0,0,0,3.0
26298,0,0.208031679,67,0,4605.0,,7,0,4,0,0.0
26301,0,0.04116996,59,0,0.6781160940000001,6666.0,15,0,1,0,0.0
26302,0,0.065774728,72,0,0.232751916,9000.0,5,0,1,0,1.0
26303,0,0.059335784,30,0,2.0392576730000003,1400.0,7,0,1,0,0.0
26304,0,0.032532211,39,1,0.093080132,6950.0,5,0,0,0,0.0
26305,0,0.7736452709999999,35,0,0.039766884,2916.0,1,0,0,0,1.0
26307,0,0.083116583,36,0,0.225462423,6000.0,3,0,1,0,0.0
26308,0,0.9999998999999999,46,0,0.0,6000.0,1,0,0,1,4.0
26309,0,0.074961923,45,0,0.003548006,9300.0,5,0,0,0,1.0
26310,0,0.142277136,54,1,0.33614956,11125.0,11,0,3,0,2.0
26311,0,1.094905095,26,1,0.027801911000000002,1150.0,1,0,0,0,0.0
26314,0,0.004473637,74,0,0.003308519,3626.0,8,0,0,0,0.0
26316,0,0.188085172,37,1,0.5620729879999999,6000.0,17,0,2,0,0.0
26319,0,0.277908311,44,1,999.0,,8,0,2,0,0.0
26320,0,0.552558288,63,1,0.797040592,5000.0,12,0,3,0,4.0
26321,0,0.618583153,64,0,0.139547803,18000.0,9,0,1,0,1.0
26323,0,0.20203405300000002,47,0,0.658520329,4500.0,8,0,2,0,4.0
26324,0,0.562838206,53,1,0.336035718,17021.0,12,0,2,0,2.0
26325,0,0.058705325,71,0,0.077060475,3918.0,10,0,1,0,0.0
26327,0,0.0070974969999999995,67,0,0.003249188,4000.0,4,0,0,0,0.0
26329,1,0.549686229,43,1,0.026459561,9334.0,6,0,0,1,0.0
26330,0,0.268488147,51,0,8276.0,,15,0,3,0,0.0
26332,1,0.9999998999999999,51,4,0.363837068,9058.0,5,2,1,1,2.0
26333,0,0.010171235,61,0,1556.0,,8,0,1,0,
26335,0,0.953370953,32,0,0.407847576,5300.0,7,0,2,0,2.0
26336,0,1.016058173,28,3,0.211708483,4184.0,5,1,0,1,0.0
26340,0,0.019312938,81,0,0.32907489,4539.0,6,0,1,0,0.0
26341,0,0.01764066,46,0,0.5034993,5000.0,10,0,2,0,2.0
26343,0,0.086665473,40,0,3746.0,,8,0,2,0,0.0
26344,0,0.041643075,52,0,0.279202883,9433.0,8,0,2,0,1.0
26346,0,0.0,57,0,4181.0,,4,0,2,0,0.0
26347,0,0.9999998999999999,43,98,0.0,2000.0,0,98,0,98,1.0
26348,0,0.9999998999999999,36,1,0.155827835,6365.0,3,1,0,0,0.0
26349,0,0.0,71,0,0.211684045,7000.0,13,0,2,0,0.0
26352,0,0.12127029800000001,31,0,0.228885557,2000.0,5,0,0,0,0.0
26355,0,0.114640315,37,0,1116.0,,4,0,1,0,0.0
26357,0,0.026982938999999997,36,0,0.154658982,4163.0,10,0,0,0,0.0
26358,0,0.047229235,31,0,0.887351019,2600.0,5,0,1,0,0.0
26359,0,0.44447733899999997,66,0,0.478802575,11958.0,35,0,2,0,0.0
26360,0,0.203090833,50,0,0.081611275,10500.0,4,0,0,0,1.0
26361,0,0.77447184,47,4,0.49988374799999996,4300.0,5,1,1,0,1.0
26362,0,0.311373309,62,0,0.34158730200000004,4724.0,4,0,1,0,1.0
26363,0,0.744989575,42,0,0.258749028,9000.0,12,0,0,0,2.0
26365,0,0.657703319,77,0,0.178177759,21500.0,18,0,1,0,1.0
26366,0,0.392326605,48,0,0.476565501,5205.0,10,0,1,0,1.0
26368,0,0.14573498699999998,40,0,0.132527443,22500.0,8,0,2,0,1.0
26370,1,0.808814528,62,0,0.279004883,4300.0,12,0,0,0,0.0
26373,0,0.046032153,69,0,0.41032442399999997,4900.0,13,0,1,0,1.0
26375,0,0.122516524,77,0,0.040802896,27350.0,11,0,2,0,0.0
26376,0,0.038893871,62,0,0.192440378,6666.0,10,0,2,0,3.0
26377,0,0.20614591699999998,46,0,0.569701198,8600.0,4,0,2,0,2.0
26380,0,0.92020399,31,0,0.37672137299999997,5300.0,2,0,1,0,1.0
26381,0,0.09152181599999999,50,0,1224.0,,6,0,1,0,
26382,0,0.714846733,35,1,0.103825137,13541.0,6,0,0,0,0.0
26383,0,0.027848422999999997,71,0,2218.0,,12,0,1,0,0.0
26384,0,0.6733266729999999,25,0,0.011104942,1800.0,1,0,0,0,0.0
26387,0,0.139403139,46,0,267.0,,7,0,0,0,0.0
26389,0,0.056753033,78,0,0.45184938399999997,3000.0,9,0,2,0,0.0
26390,0,0.90824437,57,0,0.586648983,15833.0,20,0,2,0,0.0
26391,0,0.9999998999999999,49,0,991.0,,1,0,1,0,4.0
26392,0,0.118494075,48,0,5802.0,,5,0,2,0,0.0
26394,0,0.22944315199999998,78,0,0.303107489,5888.0,15,0,2,0,1.0
26395,0,0.01347333,63,0,0.293514483,3900.0,9,0,1,0,0.0
26397,0,0.042991402000000005,68,0,0.07903780099999999,3200.0,2,0,0,1,0.0
26398,0,0.017663723,24,0,0.11619640099999999,4500.0,4,0,0,0,0.0
26399,0,0.060986023,60,0,2022.0,,7,0,1,0,2.0
26400,0,0.0,57,0,0.19058606399999997,6500.0,3,0,0,0,0.0
26402,0,0.023121522999999998,74,0,0.414234306,2500.0,4,0,1,0,0.0
26403,1,0.35552064,33,0,0.7909491390000001,2496.0,5,3,0,0,0.0
26405,0,0.14500703,42,0,0.157449427,13000.0,6,0,1,0,3.0
26406,0,0.26061064,50,0,589.0,,5,0,0,0,2.0
26407,0,0.008649935,66,0,0.17737956100000002,7700.0,11,0,1,0,2.0
26408,0,0.504815275,42,0,0.7428809559999999,7198.0,6,0,2,0,1.0
26412,0,0.404004495,47,1,0.203234579,6986.0,10,0,1,0,2.0
26413,0,0.028419716,62,0,0.33065524,5600.0,18,0,2,0,0.0
26414,0,0.105137541,55,1,0.53481332,4954.0,10,0,1,0,1.0
26416,0,0.077099143,52,0,0.49214778,8850.0,11,0,3,0,1.0
26418,0,0.19725351600000002,72,0,0.254216115,1600.0,11,0,0,0,0.0
26419,0,0.034453501,49,0,0.34718498700000006,3729.0,6,0,1,0,0.0
26420,0,0.268473153,31,0,0.043318894000000004,3000.0,2,0,0,0,0.0
26422,0,0.155779428,64,0,0.8182971529999999,7093.0,17,0,2,0,0.0
26423,0,0.140673621,52,0,0.293582493,12200.0,14,0,1,0,1.0
26424,0,0.07003742,73,1,0.726702228,3186.0,17,0,3,0,0.0
26425,1,0.138045262,40,0,157.0,,12,0,0,0,0.0
26426,0,0.033838122000000005,74,0,52.0,,8,0,0,0,0.0
26427,0,0.0,49,0,0.11843276900000001,7860.0,3,0,1,0,0.0
26429,0,0.0,55,1,0.7226701059999999,3100.0,16,0,2,0,0.0
26431,0,0.9745406240000001,46,2,0.412616339,2900.0,6,0,0,0,1.0
26432,0,0.0013715370000000001,54,0,0.188108252,7500.0,7,0,2,0,2.0
26433,0,0.0012417489999999999,65,0,91.0,,6,0,1,0,0.0
26434,0,0.028229986000000002,43,0,0.427659106,4540.0,6,0,2,0,0.0
26437,0,0.062607753,52,0,2348.0,,6,0,1,0,0.0
26439,0,0.011951518999999999,45,0,2060.0,,7,0,1,0,0.0
26440,0,0.016569062,29,1,0.312171957,4000.0,3,0,1,0,0.0
26441,0,0.46789069899999997,44,0,0.445710858,5000.0,7,0,1,0,0.0
26442,0,0.394331494,46,0,0.79049377,6500.0,21,0,3,0,3.0
26443,0,0.735055197,31,0,0.209711973,4200.0,6,0,0,0,0.0
26444,0,0.9999998999999999,87,0,0.084979054,5012.0,10,0,0,0,0.0
26446,0,0.9999998999999999,63,0,3608.0,,7,0,1,0,0.0
26447,0,0.032061832,50,0,3352.0,,8,0,1,0,0.0
26449,0,0.015224305,51,0,0.01445709,3250.0,6,0,0,0,0.0
26451,0,0.008138904,28,0,0.887323944,1916.0,7,0,1,0,1.0
26452,0,0.02753971,26,0,1096.0,,6,0,0,0,0.0
26453,0,0.20122484699999998,70,0,0.066207801,6101.0,5,0,0,0,0.0
26454,0,0.069607819,41,2,0.434588385,4700.0,13,0,2,0,1.0
26455,1,1.114863364,26,0,0.35394298399999996,2700.0,5,1,0,1,1.0
26456,0,0.08987738599999999,38,0,0.42829499,4650.0,7,0,1,0,0.0
26457,0,0.162183782,71,0,2304.0,,8,0,1,0,0.0
26458,0,0.008967163,36,0,0.40376603899999997,6000.0,7,0,2,0,0.0
26459,0,0.5183548720000001,32,1,0.482007576,3167.0,10,0,0,0,0.0
26461,0,0.0,33,0,0.508375819,5491.0,11,0,2,0,0.0
26462,1,0.9796734420000001,43,2,0.5431321729999999,2700.0,4,1,2,3,0.0
26463,0,0.09339013,51,0,0.17628090300000002,2790.0,5,0,0,1,1.0
26465,0,0.291410918,48,0,5286.0,,7,1,2,0,0.0
26466,0,0.022200266,40,0,0.6120838470000001,4054.0,11,0,2,0,0.0
26468,0,0.310505414,45,1,0.09608579099999999,9324.0,4,0,0,0,1.0
26471,0,0.142444176,60,0,0.21344512,13000.0,10,0,3,0,1.0
26472,0,0.856541755,48,2,0.377398721,4220.0,8,0,1,0,0.0
26474,0,0.64740455,82,0,0.293696635,15927.0,13,0,2,0,0.0
26476,0,0.018974471,63,0,0.336317517,3350.0,14,0,1,0,0.0
26481,0,0.089172421,85,0,0.042212842,4500.0,10,0,0,0,1.0
26482,0,0.22180994899999998,31,0,0.073514997,5100.0,3,0,0,0,0.0
26485,0,0.039849004,50,1,0.32861371100000003,12500.0,11,0,2,0,3.0
26487,0,0.177675224,54,0,0.441388066,4725.0,9,0,1,0,0.0
26488,0,0.06269104,56,0,0.379155211,4000.0,11,0,1,0,1.0
26489,0,0.832300444,57,0,0.276544691,5000.0,8,0,0,0,1.0
26490,0,0.136913853,67,0,0.670772676,2678.0,18,0,2,0,0.0
26492,0,0.070230866,51,0,0.40255345299999995,6500.0,10,0,1,0,0.0
26493,0,0.20311250100000003,49,0,82.0,,3,0,0,0,2.0
26494,0,0.10344827599999999,24,0,299.0,,4,0,0,0,0.0
26495,0,0.01457421,57,0,0.0014544570000000001,16500.0,6,0,0,0,0.0
26497,0,0.097301626,77,0,0.11191888300000001,5226.0,20,0,0,0,0.0
26498,0,0.027184782,75,0,0.540614846,4000.0,15,0,2,0,0.0
26499,0,0.9999998999999999,24,0,0.0,,0,1,0,0,0.0
26500,0,0.9545606040000001,39,2,0.5193495929999999,9224.0,7,0,2,0,2.0
26501,0,0.026107032000000002,47,0,0.075828865,9138.0,9,0,0,0,3.0
26502,0,0.0,34,0,0.0,1000.0,5,0,0,0,1.0
26503,0,0.0,71,0,0.0,,3,0,0,0,0.0
26504,0,0.095225851,55,0,99.0,,2,0,0,0,0.0
26507,0,0.5400878720000001,43,0,0.204776332,5610.0,7,0,0,0,0.0
26508,0,0.630170102,48,0,0.677003942,7609.0,8,0,2,0,0.0
26509,0,0.039288961000000004,61,0,0.7050761720000001,17000.0,7,0,3,0,0.0
26510,0,0.0,58,0,0.206182367,22547.0,6,0,2,0,0.0
26511,0,0.0,47,0,0.315679443,7174.0,4,0,1,0,1.0
26512,0,0.081483001,47,0,0.173916149,14000.0,6,0,1,0,2.0
26513,0,0.385863268,36,1,0.499914545,5850.0,10,0,1,0,2.0
26515,0,0.987099548,31,4,0.83734741,3030.0,8,1,1,0,0.0
26516,0,0.229446467,54,0,2711.0,,11,0,2,0,0.0
26517,0,0.5270749370000001,43,0,0.631184896,6143.0,10,0,2,0,0.0
26518,0,0.8830705640000001,52,0,0.585795996,4195.0,12,0,0,0,0.0
26519,0,0.045217328,76,0,0.058657361,6017.0,8,0,1,0,0.0
26520,0,0.17287796600000002,36,0,0.720563972,6666.0,9,0,2,0,0.0
26521,0,0.366447673,61,1,0.261498905,10500.0,13,0,2,0,0.0
26522,0,0.170055701,32,0,0.525797936,4166.0,8,0,2,0,1.0
26523,1,0.6943202559999999,48,0,0.75164156,5177.0,13,0,2,0,0.0
26524,1,0.779388084,64,3,490.0,,7,2,0,1,2.0
26525,0,0.131156284,58,0,0.4801263,5383.0,14,0,2,0,0.0
26526,0,0.150576988,73,0,0.404887531,3600.0,7,0,1,0,0.0
26527,0,0.00025764099999999997,47,1,4750.0,,10,0,3,0,0.0
26528,0,0.081218376,55,0,0.18495672100000002,10050.0,8,0,1,0,2.0
26531,1,0.168541252,38,1,0.26881874,7000.0,12,0,1,0,1.0
26532,0,0.096972701,55,0,0.306346827,2000.0,9,0,1,0,0.0
26533,1,1.287356322,34,1,0.140388769,4166.0,5,0,0,0,4.0
26534,0,0.9999998999999999,48,0,0.075726717,5400.0,2,0,0,0,0.0
26537,0,0.220173135,64,0,0.29008746399999996,12347.0,24,0,2,0,0.0
26539,0,0.024957725,79,0,0.065818853,10300.0,16,0,0,0,1.0
26541,0,0.887043189,28,0,0.189061445,2961.0,6,0,0,0,1.0
26542,0,0.18264457,55,0,0.37525355,1971.0,9,0,1,0,0.0
26543,0,0.14031352800000002,44,0,0.494929296,7000.0,8,0,2,0,3.0
26545,0,0.0,77,0,0.0,,6,0,0,0,0.0
26546,0,0.072830895,39,0,0.22059313600000002,3000.0,7,0,0,0,3.0
26547,1,0.76325604,49,1,1.102435978,1600.0,7,0,2,0,3.0
26549,1,0.9999998999999999,44,1,548.0,,1,3,0,0,0.0
26552,0,0.065223198,63,0,2261.0,,18,0,1,0,0.0
26553,1,0.9999998999999999,40,0,0.103157895,5224.0,1,5,0,0,1.0
26555,0,0.012132398999999999,60,0,20.0,,9,0,0,0,0.0
26556,0,0.0,67,0,1202.0,,9,0,1,0,0.0
26557,0,0.9999998999999999,32,1,0.25345113199999997,1810.0,1,0,0,0,1.0
26558,0,0.688453986,39,0,0.640533124,7652.0,10,0,2,0,2.0
26559,0,0.0,40,0,231.0,,8,0,0,0,2.0
26564,0,0.136252068,64,0,0.18351931300000002,5824.0,10,0,1,0,0.0
26565,0,0.448850178,64,0,0.21420914100000002,10260.0,16,0,0,0,2.0
26566,0,0.078534312,53,1,0.162238276,8166.0,7,0,0,0,1.0
26567,0,0.9999998999999999,27,0,0.00461361,2600.0,0,1,0,0,1.0
26568,0,0.06817126400000001,45,0,3376.0,,18,0,1,0,0.0
26569,0,0.072570705,55,0,394.0,,7,0,0,0,0.0
26571,1,0.895473635,56,2,0.322056495,12000.0,9,0,2,0,0.0
26572,0,1.043410399,38,4,0.46536538899999996,4200.0,9,1,0,3,3.0
26573,0,0.023150288999999998,65,0,951.0,,8,0,1,0,0.0
26575,0,0.11606269400000001,43,0,0.34769566399999996,11000.0,9,0,2,0,0.0
26577,0,0.444386703,56,0,0.326086957,6025.0,10,0,1,0,3.0
26579,0,0.0,75,0,0.0,,3,0,0,0,0.0
26580,0,0.056838932,63,0,0.5150231120000001,2595.0,4,0,1,0,0.0
26581,0,0.197995112,51,0,0.782789507,3125.0,10,0,1,0,1.0
26582,1,0.939097507,36,0,0.363159348,3620.0,10,0,0,0,2.0
26583,0,0.985457754,44,0,6412.0,,16,0,2,0,0.0
26585,0,0.609753958,58,1,1.079858813,4532.0,13,0,1,0,1.0
26586,0,0.550655229,46,0,0.043562977999999995,7184.0,2,0,0,0,2.0
26590,0,0.310471094,50,0,0.02806341,4667.0,4,0,0,0,1.0
26591,1,1.20829476,45,1,0.153419843,7397.0,8,4,0,6,1.0
26592,0,0.013557598999999998,55,0,0.232389032,6600.0,14,0,2,0,0.0
26596,0,0.025813921,63,0,0.35429921799999997,5500.0,17,0,2,0,1.0
26597,0,0.0,69,0,0.48740503799999996,2500.0,16,0,2,0,0.0
26599,0,0.103786686,32,1,0.01127018,3282.0,3,0,0,0,0.0
26602,0,0.485138854,66,0,4097.0,,9,0,2,0,0.0
26603,0,0.08870307300000001,53,0,70.0,0.0,3,0,0,0,0.0
26604,0,0.0,68,0,1598.0,,7,0,1,0,0.0
26607,0,0.30452951300000003,62,2,0.31556148,3000.0,13,0,1,1,0.0
26608,0,0.122037559,60,0,0.159962139,4225.0,11,0,0,0,0.0
26611,0,0.0037010640000000004,68,0,561.0,,8,0,1,0,0.0
26612,0,0.111878122,68,0,1925.0,,8,0,1,0,0.0
26613,0,0.015481989,60,5,1.1758241759999999,1000.0,13,0,1,0,0.0
26615,1,0.9999998999999999,29,0,164.0,,3,2,0,0,0.0
26617,0,0.9632814690000001,48,0,0.5433675920000001,10410.0,12,0,1,0,3.0
26618,0,0.763491006,26,0,0.008497876,4000.0,1,0,0,0,0.0
26619,0,0.18253300600000003,64,0,0.9817684590000001,3290.0,16,0,1,0,2.0
26620,0,0.0,59,0,0.0,1250.0,1,0,0,0,1.0
26621,0,0.010393374,32,0,0.315539739,5900.0,7,0,1,0,2.0
26622,0,0.07328148400000001,64,0,0.215977266,9500.0,8,0,2,0,0.0
26624,0,0.979099445,39,0,1.206597801,3000.0,6,0,1,0,0.0
26625,0,0.162476865,59,0,0.684375893,3500.0,15,0,1,0,0.0
26627,0,0.011396624,45,0,0.533674083,3325.0,11,3,2,0,0.0
26628,0,0.159948573,72,0,0.04433171599999999,4533.0,2,0,0,0,1.0
26629,0,0.039323092999999996,57,0,1296.0,,13,0,1,0,3.0
26630,0,0.081354499,74,0,1924.0,,6,0,2,0,0.0
26631,0,0.09795831099999999,46,0,4491.0,,8,0,1,0,2.0
26632,0,0.300665312,58,0,4728.0,,10,0,3,0,0.0
26633,0,0.054595985,51,0,1051.0,,5,0,1,0,
26634,0,0.13203527,42,0,0.296130346,9819.0,14,0,2,0,4.0
26635,0,0.802456792,77,0,1715.0,0.0,9,0,2,0,0.0
26637,0,0.06742696599999999,32,1,0.161867365,4583.0,9,0,0,0,0.0
26639,0,0.45439527,45,1,2.387225549,500.0,9,1,1,0,1.0
26641,0,1.003498251,51,0,0.42295466,5976.0,6,0,2,1,0.0
26642,0,0.0,26,0,0.0,1.0,3,0,0,0,0.0
26643,0,0.015807786,49,0,0.253454545,5499.0,5,0,1,0,2.0
26644,0,0.0,56,0,0.290603769,7800.0,11,0,2,0,0.0
26645,0,0.06869976,42,1,0.354245229,8750.0,7,0,2,0,2.0
26646,0,0.549450549,59,0,0.006397440999999999,2500.0,2,0,0,0,0.0
26647,0,0.36248935200000004,47,0,0.39475381600000004,4650.0,8,0,1,0,0.0
26648,0,0.10753581599999999,55,0,0.7029774870000001,6884.0,24,0,4,0,2.0
26649,0,0.020198653,62,0,3610.0,,9,0,2,0,0.0
26651,0,0.745453325,57,1,0.835464147,1798.0,9,0,0,0,0.0
26652,0,0.266965038,62,0,0.314373222,4570.0,20,0,1,0,0.0
26653,0,0.5860706960000001,56,0,1408.0,,4,0,1,0,
26654,0,0.22384483300000002,56,0,0.207083545,5900.0,11,0,0,0,0.0
26655,0,0.9999998999999999,75,0,0.004284949000000001,5600.0,1,1,0,0,0.0
26656,0,0.080121478,69,0,0.884529772,7187.0,20,0,3,0,1.0
26657,1,0.458616553,35,0,0.013746563,4000.0,2,1,0,0,3.0
26659,0,0.0,59,0,0.141309091,13749.0,7,0,1,0,2.0
26661,0,0.16504609,59,0,0.649672684,5040.0,24,0,3,0,1.0
26662,0,0.090939485,62,0,0.012634238999999998,7914.0,8,0,1,0,0.0
26663,0,0.5849590579999999,45,0,0.333125944,11250.0,8,0,1,0,5.0
26664,0,0.007363709,46,0,0.335566443,10000.0,8,0,3,0,0.0
26665,0,0.14680996,46,0,0.35725763299999996,5600.0,10,0,4,0,2.0
26666,0,0.075065877,48,0,2.412989176,1200.0,9,0,2,0,2.0
26667,1,0.26056397,50,3,0.538659478,8160.0,13,0,1,2,0.0
26668,0,0.0,70,0,0.0,7000.0,6,0,0,0,2.0
26669,0,0.007739698000000001,61,0,1965.0,,7,0,2,0,0.0
26670,0,0.080024864,35,0,0.235294118,7700.0,9,0,2,0,4.0
26671,1,0.9999998999999999,55,1,162.0,,1,2,1,0,0.0
26672,0,0.241792198,73,0,0.016959122,10200.0,13,0,0,0,0.0
26673,0,0.25307345600000003,35,0,0.21412471800000002,3992.0,6,0,0,0,0.0
26674,0,0.8423976409999999,36,0,0.305923519,4000.0,7,0,0,0,1.0
26675,0,0.060585265,72,0,0.070202174,9842.0,5,0,1,1,0.0
26676,0,0.015038921,45,0,0.552006666,7200.0,6,0,2,0,4.0
26677,0,0.524534489,51,0,0.311177191,5716.0,16,0,0,0,0.0
26679,0,0.029820521000000003,51,0,0.454531607,6564.0,19,0,2,0,0.0
26680,0,0.9185656990000001,49,0,0.413063477,25000.0,18,0,2,0,3.0
26681,0,1.2135728540000001,22,0,18.0,,1,0,0,0,0.0
26682,0,0.108203862,55,0,0.481061334,5200.0,16,0,2,0,0.0
26684,0,0.0,41,0,0.5387435429999999,6000.0,7,0,3,0,2.0
26685,0,0.163499592,46,0,1526.0,,3,0,1,0,0.0
26687,0,0.0,90,0,0.0,,4,0,0,0,0.0
26689,0,0.014109451,78,0,0.09704514800000001,6666.0,6,0,1,0,0.0
26690,0,0.024022746,56,0,0.635227462,6000.0,9,0,2,0,2.0
26691,0,0.021458314,66,0,0.533183352,8000.0,10,0,3,0,0.0
26692,0,0.9999998999999999,52,0,0.074585083,5000.0,3,0,0,0,2.0
26693,0,0.09686114300000001,32,0,0.351619457,8366.0,4,0,1,0,2.0
26694,0,0.897605285,66,2,0.304237595,2760.0,6,0,0,0,1.0
26695,0,0.607107628,52,0,0.409073985,18800.0,21,0,3,0,2.0
26696,0,0.036802272999999996,37,0,0.262798635,7031.0,5,0,1,0,3.0
26697,0,0.04351913,60,0,0.24065698600000002,4200.0,6,0,1,0,0.0
26698,0,0.21600845300000002,51,0,0.22667546600000002,16666.0,10,0,1,0,4.0
26699,0,0.09572833900000001,65,0,1.036473088,2823.0,27,0,2,0,0.0
26700,0,0.440866418,57,0,2528.0,0.0,10,0,1,0,0.0
26701,0,0.26318541300000003,51,0,0.248671808,5834.0,8,0,1,0,0.0
26702,0,0.302748828,67,0,3059.0,,7,0,1,0,0.0
26703,0,0.009230582,75,0,13.0,,4,0,0,0,0.0
26704,0,0.5504946270000001,40,0,0.19164378199999998,5097.0,9,1,1,0,2.0
26705,0,0.0,42,0,0.33542442699999997,5100.0,6,0,2,0,0.0
26706,0,0.444403596,45,0,0.719856029,5000.0,13,0,1,0,0.0
26707,0,0.041174983,56,0,0.356725146,5300.0,8,0,1,0,2.0
26708,0,0.22308632399999997,45,1,0.61347649,2700.0,7,0,2,0,2.0
26709,0,0.225868669,33,0,0.627074585,5000.0,11,0,2,0,1.0
26710,0,0.06588971099999999,48,0,0.019575856000000003,5516.0,2,0,0,0,0.0
26711,0,0.060228512000000005,47,0,0.37293449700000003,11800.0,10,0,3,0,3.0
26713,0,0.021815049,49,0,0.26225209,6100.0,7,0,1,0,1.0
26714,0,0.022320437000000002,62,0,491.0,,13,0,1,0,0.0
26715,0,0.203888505,39,0,0.38490156600000003,6450.0,8,0,2,0,0.0
26717,1,0.341938705,54,1,0.226431265,5833.0,6,0,0,0,1.0
26719,0,0.538552675,27,1,0.124056512,5166.0,6,0,0,0,0.0
26720,0,0.0,65,0,0.174133333,3749.0,9,0,0,0,4.0
26721,0,0.081648764,80,0,0.172557715,7666.0,11,0,1,0,1.0
26722,0,0.9999998999999999,44,1,0.058687792999999995,13000.0,3,0,0,0,3.0
26723,0,0.05266548,74,0,0.097299444,2517.0,14,0,0,0,0.0
26725,0,0.043194240999999994,31,0,0.310492505,1400.0,6,0,0,0,0.0
26726,0,0.023661476,51,0,0.033837293,4166.0,30,0,0,0,2.0
26727,1,0.853658537,39,1,493.0,,5,2,0,0,1.0
26731,1,0.99640036,47,3,0.38086191399999997,10000.0,5,5,1,4,4.0
26732,0,0.557074944,45,1,0.552466762,9100.0,14,0,2,0,2.0
26733,0,0.20834606600000002,77,0,0.417473809,5058.0,8,0,1,0,2.0
26734,0,0.00731426,76,0,12.0,,7,0,0,0,
26735,0,0.421459371,51,1,0.432048415,7600.0,26,0,1,0,3.0
26736,0,0.884619822,38,0,0.520385932,3212.0,13,0,1,1,0.0
26739,0,0.340933561,51,0,0.41062104200000005,9000.0,14,0,2,0,2.0
26740,0,0.028222042000000003,38,0,2956.0,,4,0,1,0,0.0
26741,0,0.627089015,37,0,0.701178883,1950.0,11,0,0,0,2.0
26742,0,0.049334218,64,0,192.0,,4,0,1,0,0.0
26743,0,0.0,75,0,0.0,,1,0,0,0,
26744,0,0.008536377,60,0,0.002380386,4200.0,4,0,0,0,1.0
26745,0,0.0,57,0,0.5792630679999999,2333.0,14,0,1,0,0.0
26746,0,0.009844415,72,0,615.0,,6,0,0,0,
26747,0,0.042948926,58,0,0.304414705,6500.0,8,0,1,0,1.0
26748,0,0.004333153,39,0,0.056561448,6240.0,4,0,0,0,0.0
26749,0,0.021968334,67,0,67.0,,14,0,0,0,0.0
26750,0,0.013161821,68,0,39.25471698,105.0,20,0,2,0,0.0
26751,0,0.025126358999999997,85,0,471.0,,5,0,1,0,
26752,0,0.018260148,66,0,0.129294191,1600.0,6,0,0,0,0.0
26754,1,0.63340754,67,0,0.675243301,7500.0,25,0,2,0,0.0
26756,0,0.353273185,67,0,0.352156937,10500.0,21,0,2,0,0.0
26757,0,0.13057944400000002,58,0,0.08737063099999999,13333.0,4,0,1,0,0.0
26758,1,1.0611002920000001,25,0,562.0,,7,1,0,1,
26759,0,0.8520190940000001,65,0,1013.0,,3,1,0,0,0.0
26760,0,0.0,43,0,0.275029996,7500.0,9,0,1,0,4.0
26761,0,0.653780596,59,0,0.6836843979999999,2800.0,7,0,0,0,0.0
26762,0,0.026662627,37,0,0.46076946399999996,3300.0,7,0,2,0,0.0
26763,0,0.029146585,59,0,0.003249594,8000.0,5,0,0,0,0.0
26766,0,0.018803236,89,0,0.00719856,5000.0,7,0,0,0,0.0
26767,1,0.9999998999999999,44,0,0.08403134300000001,3700.0,2,2,1,1,0.0
26768,0,0.041063929,67,0,18.0,,2,0,0,0,0.0
26769,0,0.318988608,66,0,0.20202952,5419.0,7,0,1,0,1.0
26772,0,0.01593143,62,0,0.004083932,7100.0,5,0,0,0,0.0
26773,0,0.014452856000000002,88,0,19.0,,5,0,0,0,0.0
26774,0,0.083367327,65,0,0.172823913,9500.0,8,0,1,0,0.0
26775,0,0.9999998999999999,54,0,4281.0,,6,0,3,0,0.0
26776,0,0.114292959,40,0,0.42614755299999996,6600.0,10,0,3,0,2.0
26777,0,0.540110227,76,1,0.604207246,2566.0,10,0,0,0,0.0
26778,0,0.85593092,55,0,3292.0,,6,0,3,0,0.0
26779,0,0.631551085,40,1,0.438829304,5500.0,9,0,1,1,2.0
26780,0,0.413798725,44,0,3013.0,,13,0,1,0,0.0
26782,0,0.011617047,84,0,0.27345432199999997,6501.0,6,0,1,0,0.0
26784,0,0.9999998999999999,67,0,13.0,,0,0,0,0,0.0
26785,0,0.0,65,0,0.14792594,15500.0,7,0,1,0,0.0
26786,0,0.347867059,66,0,0.338924469,9836.0,11,0,1,0,0.0
26787,0,0.9054562559999999,53,0,0.242822454,7000.0,7,1,2,1,0.0
26788,0,1.048951049,30,0,0.021925978,5700.0,3,0,0,0,1.0
26792,0,0.164949652,48,0,0.327570045,9600.0,9,0,2,0,1.0
26795,0,0.47745383,65,0,0.34843787299999995,12578.0,10,0,2,0,0.0
26796,0,0.9999998999999999,63,0,0.0,4251.0,2,0,0,0,1.0
26797,0,0.9999998999999999,92,0,16.0,,5,0,0,0,0.0
26798,0,0.037123415,83,0,0.013056836,2603.0,2,0,0,0,0.0
26799,0,0.118875245,37,0,0.19522029899999999,10167.0,8,0,1,2,0.0
26801,0,0.573672935,80,0,0.050176677999999995,1414.0,2,0,0,0,0.0
26802,0,0.312808368,29,0,0.287356322,2000.0,6,0,0,0,0.0
26803,0,0.39120923,53,0,0.314263774,10417.0,17,0,1,0,0.0
26804,0,0.119959274,50,0,2051.0,,9,0,1,0,0.0
26805,0,0.011566281000000001,53,0,0.0014118310000000001,7082.0,1,0,0,0,2.0
26807,0,0.108484076,34,0,0.26334583100000003,5600.0,17,0,1,0,2.0
26808,0,0.337839158,53,0,2729.0,,10,0,1,0,1.0
26809,0,0.9999998999999999,39,0,0.0,3565.0,1,1,0,0,1.0
26810,0,0.054392748,46,0,0.321873558,4333.0,6,0,1,0,0.0
26811,0,0.024842871000000002,62,0,0.018710596,4916.0,6,0,0,0,0.0
26812,0,0.0,32,0,1398.0,,3,0,2,0,0.0
26813,1,0.9999998999999999,27,1,0.498753117,1202.0,6,0,0,0,0.0
26814,0,0.5312447929999999,40,0,2084.0,,5,0,2,0,0.0
26815,0,0.477079097,55,0,0.45114036700000004,5392.0,14,0,1,0,2.0
26818,0,0.143042848,59,0,0.500955414,6279.0,6,0,2,0,0.0
26819,0,0.0,55,0,0.0039996,10000.0,3,1,0,0,0.0
26820,0,0.0,39,0,0.356802082,6916.0,5,0,2,0,0.0
26823,0,0.047745249000000003,73,0,0.053898829,4526.0,15,0,1,0,0.0
26827,0,0.274218063,49,0,0.36827340000000003,7841.0,7,0,1,0,1.0
26828,0,0.008824732,60,0,0.057782405,7683.0,7,0,0,0,2.0
26829,0,0.119955215,44,0,0.172548452,6913.0,3,0,0,0,1.0
26830,0,0.005305689000000001,40,0,0.483103379,5000.0,5,0,2,0,3.0
26832,0,0.110467531,52,0,150.0,,6,0,0,0,0.0
26834,0,0.39860023299999997,26,0,0.11172206900000001,4000.0,4,0,0,0,0.0
26835,0,0.0,41,0,0.408621264,9000.0,5,0,1,0,3.0
26836,0,0.065992236,36,0,0.003999,4000.0,4,0,0,0,2.0
26837,0,0.41121086100000004,59,0,0.46873411299999995,5900.0,7,0,1,0,2.0
26839,0,1.006632315,32,0,0.337941628,3254.0,4,0,0,0,1.0
26840,0,0.9999998999999999,34,0,0.33573880100000003,11362.0,3,0,2,0,1.0
26841,0,0.060604013,64,0,0.111495579,2600.0,5,0,0,0,0.0
26842,0,0.024365339,53,0,0.378909493,10838.0,14,0,2,0,2.0
26844,0,0.95234536,59,0,0.550786331,8456.0,12,0,2,0,1.0
26847,0,0.30066222600000003,64,0,0.311384088,7000.0,11,0,1,0,0.0
26850,0,0.014035721999999999,63,0,0.716073524,2556.0,5,0,2,0,0.0
26851,0,0.124478745,48,0,0.61087163,13686.0,14,0,2,0,1.0
26852,0,0.122128948,50,0,2216.0,0.0,18,0,2,0,1.0
26853,0,0.10897072099999999,55,0,0.102654707,11036.0,6,0,0,0,3.0
26854,0,0.334814486,45,0,0.419423947,4200.0,6,0,1,0,0.0
26855,0,0.654735655,47,0,0.124925045,10005.0,6,0,0,0,2.0
26857,0,0.0,81,0,0.0,4416.0,5,0,0,0,0.0
26858,0,1.026853657,33,0,0.273945825,3580.0,2,0,0,0,0.0
26859,0,0.0,29,0,0.002210294,3166.0,1,0,0,0,0.0
26860,1,0.928126769,47,1,0.078368653,2500.0,3,0,0,1,0.0
26861,0,0.029335806000000002,60,0,2632.0,,6,0,3,0,0.0
26862,0,1.004694383,61,0,0.721835387,5600.0,7,0,1,1,0.0
26863,0,0.003285255,48,0,0.181959565,4500.0,14,0,1,0,2.0
26866,0,0.365357001,42,0,0.629173989,7965.0,11,0,2,0,3.0
26867,0,0.020423005,82,0,733.0,,10,0,1,0,
26868,0,0.082904125,62,0,688.0,,10,0,1,0,
26869,0,0.9999998999999999,71,0,0.09740074300000001,3500.0,1,0,0,0,0.0
26871,0,0.130771492,41,0,0.287539581,18000.0,17,0,3,0,0.0
26872,0,0.441651193,61,3,2.233766234,1000.0,5,0,1,0,0.0
26873,0,0.7743403209999999,54,1,4936.0,,13,0,1,0,1.0
26874,0,0.421593361,75,0,0.438261502,5498.0,12,0,1,0,1.0
26876,0,0.19161761600000002,43,0,0.147463134,4000.0,4,0,0,0,0.0
26877,0,0.36626098,48,0,0.477411144,11000.0,15,0,2,0,6.0
26880,0,0.341187195,55,2,3.20793069,3000.0,9,0,2,0,2.0
26882,0,0.17482563199999998,62,0,0.320515286,5200.0,15,0,1,0,1.0
26884,0,0.417430642,40,1,0.537267081,7083.0,15,0,2,0,2.0
26886,0,0.9258589509999999,41,1,0.09486482199999999,6250.0,3,0,0,0,2.0
26887,0,0.058667092000000004,48,0,0.909446104,4350.0,9,0,3,0,0.0
26889,0,0.013452457,66,0,0.19567317,5176.0,17,0,1,0,0.0
26890,1,0.03685028,32,0,0.506070561,7000.0,7,0,2,0,0.0
26891,0,0.23010691,38,1,0.447944794,6665.0,10,0,2,0,0.0
26893,0,0.48836446299999997,39,0,0.510367071,6510.0,15,0,2,0,2.0
26894,0,0.081863455,60,1,0.8254497,1500.0,10,0,0,0,0.0
26895,0,0.0,44,1,1890.0,,6,0,1,1,2.0
26896,1,0.9999998999999999,43,0,0.108018386,3915.0,1,3,0,1,0.0
26897,0,0.018330047,68,0,1375.0,,6,0,1,0,0.0
26898,0,0.048498788,74,0,0.007732302,7500.0,2,0,0,0,0.0
26901,0,0.088097798,45,0,0.374461418,5105.0,12,0,1,0,2.0
26903,0,0.12234826,65,0,0.6940611879999999,5000.0,18,0,2,0,0.0
26904,0,0.7500313279999999,38,0,0.39292522799999996,4720.0,6,0,1,0,2.0
26905,0,0.159743884,38,0,0.153102605,18000.0,12,0,1,0,2.0
26906,0,0.0,22,0,0.0,820.0,2,0,0,0,0.0
26908,0,0.22781853300000002,50,0,0.299045599,7543.0,10,0,2,0,0.0
26910,0,0.031858531,78,0,0.028417819,1301.0,13,1,0,0,0.0
26912,0,0.094802753,54,0,0.46146379299999996,5150.0,15,0,1,0,0.0
26915,0,0.035694876,73,0,0.029746282000000002,8000.0,6,0,1,0,0.0
26919,0,0.013699026000000001,41,0,0.6338251429999999,8200.0,7,0,2,0,0.0
26921,0,0.043735327000000004,47,0,0.001976285,7083.0,3,0,0,0,0.0
26922,1,0.9999998999999999,65,0,0.0,11558.0,1,0,0,0,0.0
26923,0,0.33908781299999996,33,0,3196.0,0.0,7,0,3,0,2.0
26924,0,0.966681245,38,0,0.16211858099999998,8061.0,6,1,0,0,2.0
26926,0,0.9999998999999999,31,0,0.077552257,3300.0,2,0,0,0,0.0
26928,1,0.428018557,38,1,535.0,,7,0,0,0,0.0
26929,0,0.026855225,44,0,0.003141959,3500.0,4,0,0,0,1.0
26930,0,0.6011475860000001,58,0,0.45997125200000005,16000.0,23,0,3,0,2.0
26931,0,0.22363444,56,0,0.28447629399999996,12000.0,11,0,2,0,2.0
26934,0,0.0031425579999999997,55,0,0.637113574,12000.0,4,0,2,0,0.0
26935,0,0.15398366900000002,56,0,0.293055328,6090.0,10,0,1,0,0.0
26936,0,0.008297671,52,0,0.212543554,10618.0,9,0,1,0,2.0
26938,0,0.8315542109999999,58,1,0.565651421,9816.0,14,0,3,0,0.0
26940,0,0.0,28,0,0.0,6121.0,2,0,0,0,0.0
26941,1,0.325189035,53,0,0.344196034,7916.0,6,0,1,0,2.0
26942,0,0.036441745,45,2,0.25449964,8333.0,8,0,1,0,1.0
26943,0,0.114584743,46,0,0.495550445,10000.0,12,0,2,0,3.0
26944,0,0.017158603,64,0,0.017982018,1000.0,8,0,0,0,0.0
26945,0,0.0,87,0,0.0,,3,0,0,0,1.0
26946,0,0.16943109899999997,72,0,0.745906801,3175.0,10,0,1,0,0.0
26947,0,0.9312275090000001,46,0,0.080342796,5600.0,2,0,0,0,1.0
26948,0,0.25035925,47,1,0.761809548,4000.0,20,0,1,0,0.0
26949,0,0.014381941,61,0,623.0,,6,0,1,0,0.0
26951,0,0.555897059,49,0,0.9343501329999999,3015.0,10,0,1,0,1.0
26952,0,0.11138886099999999,25,0,0.025541366,1800.0,6,0,0,0,0.0
26954,0,0.49888715899999997,45,0,2203.0,,18,0,1,0,2.0
26956,0,0.044893555,73,0,0.652789342,1200.0,7,0,1,0,0.0
26957,0,0.412842882,56,0,4422.0,,16,0,3,0,0.0
26959,0,0.247975202,53,1,0.399868895,3050.0,10,0,1,0,0.0
26962,0,0.9580028,41,2,990.0,,9,0,0,0,1.0
26964,0,0.89415248,50,0,0.10887495900000001,3030.0,3,0,0,0,2.0
26965,0,0.057062802999999995,43,0,0.451861571,6096.0,18,0,1,0,2.0
26966,0,0.035867323,55,0,0.26174640600000004,4660.0,4,0,1,0,0.0
26967,0,0.0,67,0,0.126619948,10416.0,6,0,2,0,0.0
26968,0,0.650180274,62,0,0.929360695,2533.0,8,0,1,0,0.0
26969,0,0.148928192,49,0,0.474694939,4998.0,11,0,1,0,4.0
26970,0,0.038668987,73,0,0.312852209,5500.0,17,0,1,0,0.0
26972,0,1.23180593,66,0,1.603221704,2358.0,5,0,2,0,0.0
26974,0,0.042524125,45,0,0.10902545599999999,23333.0,8,0,1,0,3.0
26975,0,0.8166877370000001,37,0,0.306899138,5333.0,7,0,1,0,3.0
26976,0,0.258986886,67,0,0.5491928110000001,3282.0,20,0,2,0,0.0
26978,0,0.035724025,28,0,1.377588307,820.0,4,0,0,0,0.0
26979,0,0.474809909,59,0,0.7833216679999999,10000.0,19,0,3,0,1.0
26980,1,0.38978226299999996,66,0,0.294020754,6070.0,16,0,2,0,4.0
26983,0,1.1335465809999998,28,0,0.046678372999999995,6833.0,2,0,0,0,0.0
26985,1,0.122708716,52,0,0.433499354,5420.0,12,0,2,0,0.0
26988,0,0.462523791,43,0,0.107432507,9000.0,4,0,1,0,3.0
26989,0,0.715284715,22,0,0.008329863,2400.0,2,0,0,0,0.0
26991,0,0.021459977,38,0,1.149528706,2333.0,10,0,2,0,1.0
26995,0,0.461070065,51,0,0.341824645,3375.0,8,0,0,0,1.0
27000,0,1.337528012,39,1,0.339449541,3378.0,6,1,0,3,0.0
27001,0,0.042917588,72,0,0.261115926,15000.0,9,0,4,0,0.0
27002,0,0.01772949,68,1,1613.0,,9,0,2,0,1.0
27003,0,0.9999998999999999,43,0,0.140396855,2670.0,3,0,0,0,0.0
27004,0,0.267732268,24,0,8.0,0.0,1,0,0,0,0.0
27005,0,0.652758715,46,0,0.322256305,5867.0,7,0,1,0,0.0
27006,0,1.000109087,61,0,0.42457231700000003,4500.0,7,0,2,0,0.0
27007,0,0.009941496999999999,48,0,49.0,,17,0,0,0,0.0
27008,0,0.054443364,49,0,0.138377641,4400.0,11,0,1,0,3.0
27009,0,0.027073478999999998,61,0,0.08244772,5833.0,14,0,0,0,0.0
27012,0,0.049213274,66,0,31.0,,4,0,0,0,0.0
27013,0,0.7454609240000001,54,0,0.7521487459999999,5700.0,9,0,2,0,1.0
27014,0,0.037105381,87,0,1386.0,,6,0,1,0,
27016,0,0.9974594590000001,34,1,0.271100821,4750.0,8,0,0,0,0.0
27017,1,0.9999998999999999,58,0,0.031521739,2759.0,0,0,0,0,0.0
27018,0,0.519774564,53,1,796.0,,3,0,0,0,
27020,0,0.614804314,40,1,0.7086723559999999,5038.0,13,0,1,0,2.0
27022,1,0.7759303559999999,31,0,5971.0,,12,0,3,0,0.0
27023,0,0.220506227,38,0,0.5572782079999999,1160.0,18,0,0,0,0.0
27024,0,0.012397516,66,0,0.01032989,3000.0,10,0,0,0,0.0
27025,0,0.9066573290000001,33,1,0.321946342,6000.0,6,0,0,0,2.0
27026,1,0.135331131,52,0,0.41075721200000004,9983.0,17,0,5,1,3.0
27027,0,0.006015218,56,2,0.516328586,6950.0,12,0,3,0,5.0
27028,0,0.275186959,26,0,0.260145682,960.0,5,0,0,0,0.0
27029,0,0.054398445999999996,61,0,0.005843681999999999,9582.0,5,0,0,0,1.0
27030,0,0.8290041090000001,47,0,0.17144705600000001,9273.0,8,0,0,0,1.0
27031,0,0.110583625,60,0,1471.0,0.0,7,0,1,0,3.0
27032,0,0.484462499,47,1,0.733531943,9062.0,21,0,2,0,5.0
27033,0,0.115242797,69,0,0.195816028,6500.0,6,0,1,0,0.0
27035,1,0.990614735,40,5,663.0,,14,1,0,1,0.0
27036,0,0.025931605,38,0,0.26109911199999997,12500.0,8,0,2,0,3.0
27039,0,0.021135462,86,0,0.009663446,3000.0,11,0,0,0,1.0
27040,0,0.063276675,73,0,13.0,,3,0,0,0,0.0
27041,0,0.001940202,81,0,1.0,,2,0,0,0,0.0
27042,0,0.707229277,62,0,0.075616789,3120.0,1,0,0,0,0.0
27043,0,0.011772696000000001,29,0,0.048448276,17399.0,4,0,0,0,2.0
27044,0,0.008199504,65,0,0.176778773,11833.0,11,0,2,0,0.0
27045,0,0.36270322200000005,38,0,0.704514825,2967.0,7,0,1,0,0.0
27046,0,0.0,64,0,2217.0,,6,0,2,0,0.0
27048,0,0.019574755,66,0,0.059294071,10000.0,10,0,1,0,0.0
27049,0,0.043497035,84,0,0.151985525,10500.0,23,0,1,0,0.0
27050,0,0.13057163,36,0,0.38194973299999996,7877.0,7,1,2,0,0.0
27052,0,0.018063758,67,0,0.234086242,4382.0,14,0,1,0,0.0
27053,0,0.095182221,46,0,0.673518022,3356.0,11,0,1,0,2.0
27055,0,0.015900781,61,0,2420.0,,19,0,1,0,0.0
27056,0,0.022105035,58,0,0.19593771199999999,7384.0,13,0,1,0,0.0
27057,0,0.0042174,47,0,0.40801042,3070.0,6,0,1,0,2.0
27058,0,0.004197144,63,0,2251.0,,12,0,1,0,0.0
27059,0,0.9999998999999999,53,0,0.0,3700.0,1,0,0,0,1.0
27060,0,0.07340189,54,0,0.315285495,8458.0,7,0,1,0,0.0
27061,0,0.06764505700000001,45,0,0.21396433899999998,6000.0,17,0,0,0,4.0
27062,0,0.979755061,31,1,0.935680139,2300.0,7,0,1,0,1.0
27063,0,0.016373131000000003,68,0,41.0,,11,0,0,1,0.0
27064,0,0.28762807100000004,52,0,0.389935011,6000.0,11,0,2,0,2.0
27065,0,0.473880113,39,0,0.53254151,8250.0,9,0,1,1,2.0
27066,0,0.44550320600000004,28,0,0.448220712,2500.0,8,0,0,0,1.0
27069,0,0.004336981,56,0,0.007596961,2500.0,4,0,0,0,0.0
27071,0,0.058760785999999995,79,0,1157.0,,7,0,1,0,3.0
27072,0,0.060503231,65,0,0.267288785,6000.0,13,0,3,0,1.0
27073,0,0.0,57,0,0.47236614899999996,2315.0,10,0,1,0,2.0
27074,0,0.449551682,38,0,0.306296692,6558.0,11,0,2,0,3.0
27075,1,0.806896168,51,2,0.7835468640000001,4448.0,15,0,1,0,2.0
27076,0,0.321699255,50,0,1498.0,,5,0,1,0,0.0
27077,0,0.012191002,48,0,0.540090498,11049.0,19,0,3,0,3.0
27079,0,0.009984812,80,0,19.0,,7,0,0,0,1.0
27080,0,0.07379781,40,0,0.215370664,4410.0,7,0,1,0,0.0
27081,0,0.122508779,52,0,0.188900925,12000.0,7,0,2,0,2.0
27083,0,0.306544732,54,0,0.423767326,4400.0,11,0,2,0,1.0
27084,0,0.024760108,74,0,0.234539298,5610.0,8,0,2,0,0.0
27085,0,0.023754018,70,0,809.0,,5,0,1,0,
27086,0,0.9999998999999999,39,0,0.48348106399999996,1240.0,1,1,0,1,2.0
27087,0,0.9999998999999999,53,1,0.11177764400000001,5000.0,1,0,0,0,0.0
27089,0,0.07885564099999999,71,0,0.11737558599999999,13000.0,7,0,0,0,0.0
27090,0,0.07840419700000001,35,0,0.37216455200000004,2600.0,6,0,1,0,0.0
27091,0,0.477681419,36,0,0.7056277059999999,2078.0,8,0,2,0,2.0
27092,0,0.0,73,0,0.0,3500.0,2,0,0,0,0.0
27095,0,0.754880859,54,0,0.523534672,12300.0,10,0,2,0,1.0
27096,0,0.0,67,0,0.003413802,4100.0,9,0,0,0,0.0
27097,0,0.0,55,0,0.606691886,18768.0,26,0,6,0,0.0
27098,0,0.34398435,46,0,94.0,,3,0,0,0,0.0
27100,0,0.082861143,48,0,0.014225298,2600.0,2,0,0,0,0.0
27101,0,0.089407736,55,0,3798.0,,9,0,2,0,0.0
27102,0,0.607756897,31,0,0.047990402,5000.0,5,0,0,0,0.0
27103,0,0.070666596,50,0,0.08493932900000001,1400.0,11,0,0,0,0.0
27105,0,0.9999998999999999,41,0,0.422694549,5833.0,2,0,0,0,3.0
27106,0,0.12784409800000002,29,0,37.0,,2,0,0,0,0.0
27107,0,0.097848465,51,0,0.18594081399999998,9900.0,6,0,1,0,0.0
27108,0,0.082009134,49,0,0.424485745,11083.0,14,0,2,0,0.0
27110,0,0.0,33,0,0.308648369,1930.0,8,0,0,0,1.0
27111,0,0.00817451,52,0,0.376389624,5666.0,14,0,3,0,1.0
27113,0,0.929354446,63,0,0.045131291,3655.0,5,0,0,0,0.0
27115,1,1.010781671,33,1,0.37185708,2266.0,5,0,0,0,0.0
27116,0,0.9999998999999999,93,0,0.0,,2,0,0,0,0.0
27117,0,0.253413862,39,0,0.575738916,6495.0,11,0,3,0,3.0
27118,0,0.056598434,48,0,0.303738318,3209.0,5,0,1,0,0.0
27119,0,0.59906091,57,0,0.40042735,2339.0,4,0,0,0,1.0
27120,0,0.630678206,42,0,0.256038647,2897.0,6,0,0,0,1.0
27121,0,0.9999998999999999,57,0,900.0,,2,0,1,0,0.0
27122,0,4666.0,26,0,0.282199154,2600.0,3,0,0,0,0.0
27123,0,0.419161677,30,0,0.041753319,6250.0,3,0,1,0,0.0
27124,0,0.15759606,59,0,0.669891173,1653.0,4,0,1,0,0.0
27125,0,0.256602543,43,0,0.223762376,3029.0,8,0,0,0,2.0
27126,0,0.049847780999999994,54,0,0.162293599,8841.0,6,0,1,0,0.0
27127,0,0.001679481,52,0,0.326449413,15833.0,13,0,3,0,2.0
27128,0,0.099843956,62,0,3065.0,,18,0,2,0,1.0
27129,0,0.926362638,30,0,1273.0,,5,0,0,0,0.0
27130,0,0.037611477000000004,83,0,0.014311736,3842.0,2,0,0,0,0.0
27131,1,0.021998977000000003,45,0,0.16162707,8333.0,5,2,1,0,2.0
27133,0,0.001066015,30,0,1.0,,6,0,0,0,0.0
27136,0,0.02887065,58,0,0.014076382,8666.0,16,0,0,1,0.0
27137,0,0.729090303,44,3,0.095260568,14832.0,8,0,0,0,2.0
27138,0,0.12937948900000001,67,1,0.034663669,5336.0,6,0,0,0,1.0
27139,0,0.271699421,54,0,3838.0,,11,0,1,0,0.0
27140,0,0.422806949,34,0,0.633807706,2880.0,10,0,1,0,0.0
27143,0,0.0013332779999999998,63,0,3.0,,3,0,0,0,0.0
27145,0,0.016604696999999998,59,0,0.104983849,4333.0,6,0,1,0,0.0
27146,0,0.049149104000000006,69,0,35.0,,6,0,0,0,0.0
27147,0,0.356528694,86,0,540.0,,2,0,0,0,
27149,0,0.782100059,66,1,0.944142578,9201.0,16,0,4,0,1.0
27150,0,0.06629218,83,0,2768.0,,8,0,1,0,0.0
27151,0,0.0,86,1,1.0,,8,0,0,0,0.0
27152,0,0.845423092,62,0,0.41234204399999996,8150.0,5,0,1,0,1.0
27155,0,0.9999998999999999,49,1,0.074701488,17000.0,2,0,1,0,1.0
27156,0,0.055071887,54,0,33.0,,4,0,0,0,1.0
27157,0,0.014641811000000001,59,0,158.0,,3,0,0,0,
27160,0,0.813062313,52,1,0.016218618,4500.0,5,0,0,0,0.0
27161,0,0.52932988,46,0,0.220427627,6500.0,12,0,0,0,3.0
27164,1,0.020070782,50,0,0.187762448,5000.0,9,0,1,0,1.0
27165,0,0.43842807899999997,61,1,0.264926409,3600.0,3,0,1,1,0.0
27166,1,0.9999998999999999,35,0,0.237826394,2833.0,1,3,1,0,2.0
27167,0,0.16692459699999998,55,0,4957.0,,6,0,2,0,2.0
27169,0,0.0,66,0,0.0,4166.0,5,0,0,0,1.0
27170,0,0.0,39,0,0.851787053,4000.0,3,0,1,0,2.0
27171,0,0.17824167,42,0,0.190567453,12000.0,5,0,1,0,4.0
27173,0,0.0,61,1,0.29481502600000004,7000.0,12,1,2,0,0.0
27174,0,0.019992003,26,0,0.00140056,1427.0,6,0,0,0,0.0
27175,0,0.49230154,42,0,0.092171016,1800.0,2,0,0,0,0.0
27176,0,0.616262482,24,0,142.0,,2,0,0,0,0.0
27178,0,0.215816704,72,1,2763.0,,5,0,2,0,
27179,0,0.0064731680000000005,44,0,0.244049383,10124.0,6,0,3,0,8.0
27180,0,0.013309886000000002,78,0,0.007686395,1300.0,5,0,0,0,0.0
27181,0,0.017950675,63,0,0.734340859,10983.0,13,0,5,0,0.0
27182,0,0.17444532699999998,40,0,0.270572264,9575.0,18,0,2,0,5.0
27183,0,0.17003233199999998,52,0,0.452603792,12500.0,11,0,2,1,1.0
27185,0,0.47144430200000004,48,0,0.056433409000000004,8416.0,2,0,0,0,0.0
27186,0,0.016052813,39,0,3371.0,,12,0,2,0,0.0
27188,0,0.84717608,54,0,40385.0,,18,0,0,0,0.0
27189,0,0.738850248,33,0,0.592112631,12500.0,19,0,3,0,3.0
27190,0,0.19475425,64,0,0.08542861300000001,6800.0,3,0,1,0,1.0
27192,0,0.018917576000000002,57,0,1.3495300940000001,5000.0,10,0,3,0,0.0
27193,0,0.9999998999999999,43,0,0.000555401,3600.0,7,0,0,0,1.0
27194,0,0.0,26,0,405.0,,7,0,0,0,0.0
27195,0,0.28174365100000004,34,0,0.363772705,6000.0,5,0,1,0,2.0
27196,0,0.771266453,33,0,0.579855036,4000.0,13,0,1,0,1.0
27198,0,0.11324636800000001,49,0,0.42674383200000005,3282.0,11,0,2,0,0.0
27199,0,0.008305556,66,0,0.001624797,8000.0,4,0,0,0,0.0
27201,0,0.0,66,0,0.0,4000.0,1,0,0,0,0.0
27203,0,0.0,77,0,7.0,,4,0,0,0,
27205,0,0.003482639,35,0,0.000829187,3617.0,2,0,0,0,0.0
27207,0,0.0009996669999999999,29,0,0.121964097,3787.0,2,0,0,0,2.0
27208,0,0.91031134,41,0,0.125068209,18325.0,8,0,1,0,0.0
27209,0,1.00759962,58,0,0.272414358,6100.0,4,0,1,0,0.0
27211,0,0.23715616,72,0,0.329949875,15959.0,25,0,2,0,1.0
27212,0,0.285933897,50,0,0.234689846,2530.0,4,0,0,0,0.0
27213,0,0.026599408999999997,74,0,0.004036909,8669.0,6,0,0,0,0.0
27214,0,0.009411211,62,0,6887.0,,9,0,3,0,0.0
27215,0,0.9633943429999999,53,0,301.0,,5,1,0,0,0.0
27218,0,0.045478219,42,0,0.38044685799999994,8100.0,6,0,1,0,2.0
27219,0,0.23205827199999998,58,0,0.9370798140000001,5800.0,12,0,0,0,0.0
27220,0,0.152388787,59,0,0.20718017100000002,8996.0,15,0,2,0,0.0
27221,0,0.585327505,45,0,0.46017498,8800.0,9,0,1,0,1.0
27225,0,0.047766789000000004,47,0,2765.0,,26,0,3,0,2.0
27226,0,0.014881478,43,0,0.154801575,3300.0,6,0,1,0,0.0
27227,0,0.012333058999999999,59,0,16.0,,4,0,0,0,1.0
27230,0,0.5780421960000001,60,0,0.244212233,11100.0,8,0,0,0,0.0
27231,1,0.283060796,53,0,1.040433925,6083.0,17,0,4,0,1.0
27232,0,0.300361731,57,0,2138.0,,8,0,2,0,0.0
27233,0,0.039718995,25,0,0.001441615,2080.0,2,0,0,0,0.0
27234,1,0.06661712,36,0,1.40139965,4000.0,7,0,4,0,1.0
27235,0,0.041920747,53,0,0.315971275,11000.0,10,0,2,0,2.0
27237,1,0.539551166,49,1,0.35443407200000004,10283.0,8,0,1,0,0.0
27239,0,0.301566145,62,1,0.251054612,8770.0,10,0,1,0,1.0
27240,0,0.9999998999999999,78,0,0.0,,0,0,0,0,0.0
27241,0,0.309291091,70,0,0.092562613,10500.0,9,0,1,0,0.0
27243,0,0.094795861,85,0,178.0,,5,0,0,0,
27244,0,0.001646739,56,0,0.606263982,9833.0,9,0,3,0,0.0
27247,0,0.009633173,86,0,0.0026367829999999997,6067.0,3,0,0,0,0.0
27249,0,0.10042480699999999,46,0,0.307305871,6966.0,10,0,1,0,2.0
27250,0,0.807993407,66,0,1333.0,,8,0,0,0,0.0
27251,0,0.039608427,56,0,0.24819655699999998,14000.0,11,0,1,0,1.0
27252,0,0.700979646,30,0,0.473710195,4050.0,10,0,1,0,1.0
27254,0,0.13081031199999998,52,0,5377.0,,14,0,3,0,1.0
27255,0,0.0,88,0,0.192935688,3000.0,2,0,1,0,0.0
27256,0,0.08930938199999999,63,1,0.280537088,7670.0,9,0,1,0,2.0
27257,0,0.505406554,73,0,0.243350311,5300.0,10,0,0,0,0.0
27258,0,0.9812788509999999,43,0,0.36933983200000003,11284.0,13,0,2,0,3.0
27259,0,0.010138185,45,0,0.49800332799999997,6009.0,9,0,4,0,1.0
27264,1,0.024450202999999997,67,0,705.0,,8,0,1,0,0.0
27265,0,0.0,47,0,1653.0,,4,0,1,0,0.0
27268,1,0.9999998999999999,44,0,0.562771818,3448.0,1,1,1,0,0.0
27270,1,0.9528189909999999,71,2,0.820882731,7000.0,22,0,1,0,1.0
27271,0,0.013677732,81,0,0.004598161,5001.0,10,0,0,0,0.0
27272,0,0.038697184,81,0,36.0,,3,0,0,0,0.0
27274,0,0.0,49,0,0.374797824,6800.0,16,0,1,0,2.0
27275,0,0.013204872,66,0,0.00739852,5000.0,11,0,0,0,0.0
27276,0,0.009593665,67,0,543.0,,4,0,1,0,0.0
27278,0,0.17625485899999999,47,0,0.5059156810000001,6000.0,11,0,2,0,1.0
27279,0,0.316129203,52,1,2674.0,0.0,9,0,2,0,0.0
27280,0,0.17374713100000003,69,0,0.329931591,8916.0,15,0,2,0,0.0
27281,0,0.8627137290000001,25,0,0.274362819,2000.0,3,0,0,0,0.0
27282,0,0.024069708999999998,30,0,0.223776224,1000.0,4,0,0,0,0.0
27285,0,0.270227602,58,0,133.0,,7,0,0,0,0.0
27286,0,0.529821204,36,0,0.539275651,14550.0,11,0,7,0,2.0
27287,0,0.393088383,61,1,0.506402735,19600.0,20,0,3,0,1.0
27288,0,0.9999998999999999,54,0,0.0,16288.0,0,0,0,0,2.0
27289,0,0.43674896799999996,51,0,5783.0,,13,0,1,0,0.0
27290,0,0.323073224,44,0,0.35121012100000004,3635.0,8,0,1,0,0.0
27291,0,0.9999998999999999,50,1,0.29278453600000004,6000.0,4,0,1,0,2.0
27292,0,0.017803853999999997,72,0,0.006713327,7000.0,8,0,0,0,0.0
27293,0,0.057547123,40,0,0.246459481,5083.0,7,0,2,0,0.0
27294,0,0.545894685,43,0,0.728013331,5400.0,14,0,2,0,4.0
27296,0,0.0,36,0,0.39211330200000005,3600.0,7,0,1,0,4.0
27297,0,0.489130435,33,0,955.0,,9,0,0,0,0.0
27299,0,0.010663964,53,0,0.198197254,9540.0,16,0,2,0,0.0
27300,0,0.9999998999999999,60,2,87.0,,0,2,0,0,0.0
27302,0,0.20761857399999997,61,0,0.187426745,9384.0,7,0,0,0,0.0
27303,0,0.018243752,55,0,0.599361336,4070.0,10,0,2,0,0.0
27304,0,0.0,53,0,2480.0,,7,0,1,0,0.0
27305,0,0.907809375,47,0,0.12857366,6400.0,3,0,0,0,1.0
27307,0,0.684276675,46,0,0.669628971,4500.0,10,0,1,0,3.0
27309,0,0.0,65,0,0.32363203100000004,11750.0,6,0,2,0,0.0
27310,0,0.518792671,51,0,0.33970313700000004,11250.0,8,0,1,0,0.0
27311,0,0.012729711999999999,72,0,11.0,,4,0,0,0,0.0
27313,0,0.10753554800000001,36,0,0.7080945559999999,5583.0,14,0,3,0,3.0
27314,1,0.9999998999999999,33,0,0.331261101,1125.0,1,0,0,0,1.0
27315,0,0.019029496,34,0,255.0,,3,0,0,0,0.0
27316,0,0.505022859,51,0,1.127391829,5800.0,10,0,2,0,0.0
27317,0,0.577035843,44,1,0.128218714,9436.0,12,0,0,0,4.0
27318,0,0.013849027,31,0,926.0,,8,0,1,0,0.0
27319,0,0.599902,42,0,3455.0,,13,0,2,0,0.0
27321,0,0.168465177,64,0,0.38843919600000004,10500.0,12,0,3,0,0.0
27322,0,0.459754128,36,0,0.439795492,9583.0,7,0,2,0,3.0
27323,0,0.062410967000000005,64,0,0.254308337,6440.0,13,0,0,0,0.0
27324,1,0.948627915,38,1,3010.0,,10,0,0,0,0.0
27326,0,0.9999998999999999,40,0,0.0,,0,0,0,0,0.0
27327,0,0.072723182,53,0,0.015815306,5500.0,1,0,0,0,5.0
27328,0,0.011521955,40,0,1999.0,,5,0,1,0,0.0
27329,0,0.057592112,66,0,0.401815487,5397.0,9,0,1,0,0.0
27330,0,0.828320607,90,1,0.47044728399999997,2503.0,7,0,0,0,0.0
27331,0,1.01569843,39,1,0.241451085,3362.0,3,0,0,0,2.0
27332,0,0.0,27,0,0.770491803,2500.0,5,0,1,0,0.0
27333,0,0.9999998999999999,55,1,0.495262566,6226.0,8,1,2,1,1.0
27334,0,0.800664452,41,0,375.0,,4,3,0,0,0.0
27335,0,0.027448512999999997,66,0,0.047952048,1000.0,5,0,0,0,0.0
27336,0,0.025165782999999997,47,0,841.0,,8,0,1,0,0.0
27339,0,0.027886604,51,0,0.65205799,6000.0,14,0,2,0,0.0
27341,0,0.9999998999999999,65,0,0.013904463,4458.0,1,0,0,0,0.0
27342,0,0.61889853,53,0,0.238410596,7700.0,9,0,0,0,0.0
27344,0,0.609491578,46,0,0.289060268,3500.0,12,0,1,0,1.0
27345,1,1.065754866,53,2,0.19724044300000002,8841.0,13,0,1,0,2.0
27347,0,0.0,56,0,0.532254225,4200.0,4,0,1,0,0.0
27349,0,0.5691674760000001,29,0,0.45310937799999995,5000.0,12,0,1,0,0.0
27350,0,0.121667594,58,0,0.339805825,1750.0,7,0,0,0,0.0
27351,0,0.043140965,31,0,0.338740765,6225.0,7,0,2,0,0.0
27352,0,0.042748664000000006,77,0,0.03953238,6500.0,8,0,1,0,0.0
27354,0,0.03098833,28,1,0.074923344,7500.0,12,0,0,0,3.0
27356,0,0.9999998999999999,23,0,0.0,,0,0,0,0,0.0
27357,0,0.027970072000000002,32,1,0.625251307,2486.0,11,0,1,0,1.0
27358,0,0.007998223,25,0,0.049180327999999995,2500.0,6,0,0,0,0.0
27359,0,0.021371884,71,0,0.069980006,3500.0,13,0,0,0,0.0
27360,0,0.334568555,58,1,0.655367232,6194.0,16,0,2,0,0.0
27361,0,0.0,43,0,0.501119236,6700.0,5,0,3,0,0.0
27362,0,0.7310030120000001,40,0,0.416867747,8702.0,12,0,1,0,2.0
27365,0,0.90471812,40,2,764.0,,7,0,1,0,2.0
27369,0,0.162584647,50,1,3327.0,,6,0,1,0,0.0
27372,0,0.429641171,57,0,9211.0,,11,0,7,0,0.0
27373,0,0.206097835,45,1,0.325078479,8600.0,19,0,2,0,2.0
27374,0,0.170822332,66,0,428.0,,5,0,0,0,
27375,0,0.299654882,48,0,0.502635884,5500.0,17,0,1,0,0.0
27377,0,0.992436639,38,1,0.593323037,8416.0,7,0,4,0,0.0
27380,0,0.095727442,51,0,0.50229954,5000.0,8,0,2,0,1.0
27381,0,0.039691267,39,0,0.12665822300000001,15000.0,11,0,1,0,2.0
27382,0,0.010186863,67,0,5.0,,6,0,0,0,0.0
27384,0,0.08510638300000001,56,0,82.0,,5,0,0,0,0.0
27389,0,0.00019998,38,0,0.38737392600000004,2676.0,5,0,1,0,1.0
27392,0,0.06707606299999999,57,0,0.377663984,20504.0,11,0,5,0,1.0
27393,0,0.0,59,0,0.445027749,6666.0,4,0,2,0,0.0
27394,0,0.913934149,45,1,0.428043167,13250.0,11,0,2,0,4.0
27395,0,0.007236683000000001,74,0,9.0,,5,0,0,0,0.0
27396,1,0.9999998999999999,66,0,0.193286166,6642.0,3,0,1,0,0.0
27397,0,0.144814948,56,0,0.265830246,11875.0,5,0,1,0,0.0
27398,0,0.233896098,34,0,685.0,0.0,2,0,0,0,3.0
27399,0,0.694501018,55,0,0.080824264,18100.0,10,0,0,0,2.0
27400,1,1.112273147,49,1,0.33139050800000003,1200.0,4,0,0,0,2.0
27401,0,0.441989087,48,1,0.680574555,8771.0,13,0,2,0,3.0
27403,0,0.46836149299999996,39,1,0.293391287,10122.0,12,0,2,0,0.0
27404,0,0.498542885,46,0,0.074342772,12818.0,6,0,0,0,3.0
27405,1,0.9999998999999999,39,1,0.440984999,3532.0,3,3,1,0,0.0
27406,0,0.088092011,70,0,0.280235988,6101.0,7,0,1,0,2.0
27408,0,0.6820086759999999,28,0,0.20775420600000002,4100.0,8,0,0,0,0.0
27409,0,0.032712403,79,0,2.0,,1,0,0,0,
27410,0,0.0,63,0,0.15368501199999998,5250.0,12,0,0,0,0.0
27411,0,0.776963072,48,0,0.41515390700000004,3800.0,8,0,1,0,0.0
27412,0,0.30751603,36,0,0.477991419,6292.0,13,0,1,0,1.0
27413,0,0.231448903,50,0,0.439137645,15074.0,15,0,3,0,1.0
27415,0,0.9999998999999999,92,0,0.25277300399999997,6400.0,3,0,1,0,0.0
27416,0,0.7381021059999999,36,0,0.49571984399999997,2569.0,15,0,0,0,0.0
27417,0,0.045207255,52,1,0.265530369,11557.0,10,0,1,0,5.0
27419,0,0.9999998999999999,66,3,0.174956694,4040.0,6,0,0,0,1.0
27421,0,0.668993855,41,1,0.6215818879999999,3400.0,7,0,1,0,1.0
27422,0,0.033482234,48,0,0.03967486,10333.0,5,0,0,0,0.0
27423,0,0.08683329599999999,43,0,0.5242484279999999,11608.0,18,0,3,0,2.0
27424,0,0.000234306,65,0,0.185081492,10000.0,5,0,1,0,0.0
27425,0,0.003618875,41,0,0.5978260870000001,2115.0,5,0,2,0,1.0
27427,0,0.006161099000000001,93,0,6.0,,3,0,0,0,
27428,0,0.0,49,0,0.29093050600000003,4244.0,8,0,2,0,0.0
27430,0,0.217693553,36,0,68.0,,8,0,0,0,0.0
27431,0,0.746467234,32,0,0.522575579,2546.0,7,0,1,0,4.0
27432,0,0.09188378400000001,61,0,0.31459675600000003,4500.0,6,0,1,0,0.0
27434,0,0.064468924,53,0,0.5822592870000001,3956.0,2,0,1,0,2.0
27436,0,0.833512609,36,0,0.290870913,10000.0,7,0,2,0,2.0
27437,0,0.0,64,0,0.149577008,16666.0,7,1,2,0,1.0
27440,0,0.021428231000000002,59,0,0.525233225,8896.0,14,0,2,0,0.0
27441,0,0.413654618,32,0,0.565259117,2083.0,4,0,1,0,0.0
27442,0,0.17779356300000002,38,0,0.974051297,6666.0,13,0,2,0,1.0
27443,0,0.0,84,0,0.0,2040.0,14,0,0,0,0.0
27444,0,0.13334023,49,0,0.29642589399999997,4000.0,8,0,2,0,1.0
27445,0,0.17023028699999998,38,0,0.356974502,4666.0,11,0,1,0,2.0
27446,0,0.012449378,52,0,0.004115226,1700.0,2,0,0,0,0.0
27447,0,0.9999998999999999,50,1,402.0,,3,0,0,0,4.0
27448,0,0.016471165,67,0,734.0,,12,0,1,0,1.0
27449,0,0.9999998999999999,22,0,0.0,1000.0,1,0,0,0,0.0
27450,0,0.620291787,39,0,0.624458514,3000.0,11,0,1,0,3.0
27451,0,0.19737217899999998,25,0,20.0,0.0,1,0,0,0,0.0
27454,0,0.316343686,65,3,2913.0,,8,0,1,1,0.0
27455,0,0.09480812599999999,54,0,0.046384422,9140.0,8,0,1,0,0.0
27456,0,0.0,65,1,817.0,,12,0,1,0,0.0
27457,0,0.013457628999999999,53,0,1787.0,,5,0,1,0,1.0
27459,0,0.009400524,47,0,0.005553499,2700.0,4,0,0,0,2.0
27465,0,0.9999998999999999,79,0,0.0,,1,0,0,0,0.0
27466,0,0.029884007,74,0,0.196908055,1228.0,5,0,1,0,0.0
27467,0,0.34657217,27,1,0.334841629,5082.0,6,0,1,0,3.0
27468,0,0.09678542400000001,52,0,3214.0,,5,0,1,0,0.0
27469,0,0.150387347,29,0,0.132314025,3400.0,12,0,0,0,0.0
27470,0,0.0,58,0,2369.0,,13,0,2,0,1.0
27471,0,0.019836766000000002,32,0,369.0,,6,0,0,0,0.0
27472,0,0.566858285,42,1,0.083993281,4166.0,4,0,1,0,0.0
27474,0,0.0,24,0,0.0,2200.0,2,0,0,0,0.0
27475,0,0.006644946999999999,58,0,530.0,,7,0,1,0,
27477,1,0.40919885,32,3,0.280241935,2479.0,7,1,0,1,1.0
27480,0,0.266198303,48,0,0.191237763,30950.0,11,0,2,0,1.0
27481,0,0.096361133,35,0,0.56011659,4116.0,6,0,2,0,0.0
27483,0,0.066449625,26,0,0.08650261,4022.0,4,0,0,0,0.0
27484,0,0.044646839,82,0,0.524265778,4800.0,10,0,1,0,1.0
27485,0,0.097029355,75,0,0.042519267,3762.0,4,0,0,0,0.0
27486,0,0.146978828,62,0,0.016429573,4990.0,4,0,0,0,0.0
27489,0,0.772287863,65,0,0.583640189,3801.0,13,0,2,0,1.0
27490,0,0.238073108,48,0,0.269404643,13050.0,17,0,2,0,3.0
27491,0,0.012832276,77,0,0.26943164399999997,3254.0,5,0,0,0,0.0
27492,0,0.450173603,55,1,0.44141217200000005,4616.0,17,0,1,0,0.0
27493,0,0.846307385,26,4,0.11989100800000001,1100.0,4,0,0,0,0.0
27495,0,0.100774615,34,0,0.071997696,10416.0,9,0,0,1,1.0
27496,0,0.022918674,71,0,0.050204009,5636.0,10,0,1,0,0.0
27497,0,0.018784335,57,0,2.5913978490000003,836.0,8,0,2,0,0.0
27498,0,0.832695792,47,2,657.0,,6,0,0,3,0.0
27499,0,0.00239988,56,0,892.0,,6,0,1,0,3.0
27502,0,0.719559466,45,0,0.485811385,5884.0,8,0,1,0,1.0
27503,0,0.000435477,62,0,0.0,4700.0,6,0,0,0,0.0
27504,0,0.9999998999999999,35,0,0.313965115,9000.0,7,0,2,0,3.0
27505,0,0.007362368,46,0,0.37732867600000003,12023.0,8,0,1,0,4.0
27506,0,0.0,73,0,0.06784745,7000.0,6,0,1,0,1.0
27507,0,0.121722966,51,0,0.597809668,5295.0,10,0,2,0,0.0
27508,0,0.236258855,56,0,786.0,,6,0,0,1,1.0
27509,0,0.9999998999999999,42,0,18.0,,6,0,0,0,0.0
27510,0,0.8202726579999999,50,0,0.785919083,3138.0,9,1,2,1,0.0
27512,0,0.031952189,76,0,0.016306563,2452.0,3,0,0,0,0.0
27513,0,0.47578940299999994,66,2,0.357153603,6646.0,7,1,2,0,0.0
27514,0,0.641196013,35,0,0.149570086,5000.0,4,0,0,0,0.0
27516,0,0.000607701,49,0,1.067071935,4934.0,8,0,2,1,0.0
27517,0,0.041797214,73,0,0.267676046,7000.0,7,0,2,0,1.0
27518,0,0.0,52,0,0.8224151540000001,3800.0,7,0,1,0,0.0
27520,0,0.23099775399999997,45,0,0.643610291,2370.0,8,0,1,0,0.0
27521,0,0.019705457,62,0,0.17218278199999998,10000.0,10,0,1,0,1.0
27524,0,0.35865431,82,0,0.485302939,5000.0,10,0,1,0,1.0
27527,0,0.067047169,67,0,2923.0,,20,0,1,0,0.0
27529,0,0.023495337,48,0,0.11975021400000001,8166.0,12,0,2,0,1.0
27530,0,0.017782537,65,0,37.0,,7,0,0,0,0.0
27533,0,0.000809485,65,0,0.347061176,2500.0,4,0,1,0,0.0
27534,0,0.249334731,42,0,0.220164341,7666.0,4,0,1,0,2.0
27535,1,0.315473699,58,0,0.355265924,4756.0,9,0,1,0,2.0
27537,0,0.0,62,1,341.0,,6,1,1,0,
27539,0,0.308671504,50,1,0.45219206700000003,4789.0,11,0,2,0,6.0
27540,0,0.23288359600000003,58,1,0.032220114,68000.0,8,0,1,0,3.0
27541,0,0.808671859,51,0,0.36823353600000003,8700.0,5,0,2,0,2.0
27542,0,0.001699958,50,0,0.00017517700000000002,11416.0,6,0,0,0,2.0
27543,0,0.074519355,55,0,3538.0,,14,0,3,0,0.0
27545,0,0.012041422,70,0,528.0,,8,0,1,0,0.0
27546,0,0.01498193,83,0,12.0,,8,0,0,0,1.0
27547,0,0.9999998999999999,24,0,150.0,,0,0,0,0,0.0
27548,0,0.0,50,0,0.0,4500.0,4,0,0,0,1.0
27549,0,0.8415391609999999,30,1,0.07848038,4000.0,2,0,0,1,1.0
27550,0,0.337652988,59,0,0.183697678,5900.0,7,0,2,0,0.0
27552,0,0.042472893,49,0,0.379745884,13300.0,15,0,2,0,1.0
27553,0,0.048980415,41,0,1883.0,,15,0,2,0,0.0
27554,0,0.49103056799999995,57,1,0.577279202,5615.0,18,0,1,0,2.0
27556,0,0.9141264170000001,54,0,2141.0,,6,0,1,0,2.0
27561,0,0.08248219,49,1,0.325708061,2753.0,11,0,1,0,0.0
27562,0,0.012432235,89,0,0.005748563000000001,4000.0,7,0,0,0,0.0
27563,1,1.396226415,37,3,3506.0,,10,4,2,4,4.0
27564,0,0.180705681,50,0,0.477686541,2800.0,3,0,1,0,2.0
27566,1,0.9781857840000001,36,0,0.464958553,2653.0,5,0,0,1,1.0
27567,0,0.38386648100000004,39,0,239.0,,2,0,0,0,0.0
27568,0,0.008549573000000001,64,0,741.0,,8,0,0,0,0.0
27569,0,0.117854419,44,0,0.44116893100000004,3900.0,26,0,1,0,0.0
27571,0,0.987817492,29,0,2696.0,,5,0,2,0,0.0
27573,0,0.883550944,44,0,0.343670491,20830.0,15,0,2,0,3.0
27574,0,0.276844799,43,0,0.45691666700000005,11999.0,11,0,3,0,2.0
27576,0,0.028064013,62,0,0.147071077,12000.0,7,0,2,0,2.0
27577,0,0.072573354,38,1,79.0,,7,0,0,0,0.0
27578,0,0.111214168,41,3,1.351099267,1500.0,14,0,1,0,0.0
27579,0,0.346379648,50,0,0.23669089100000001,11833.0,10,0,2,0,1.0
27581,0,0.552423979,66,0,0.738630685,2000.0,15,1,0,1,0.0
27583,1,0.101034521,63,0,0.6913188379999999,6300.0,19,0,4,0,1.0
27585,0,0.128388272,70,0,0.123600973,4109.0,3,0,0,0,0.0
27586,0,0.634397626,65,0,0.64490787,7000.0,18,0,3,0,0.0
27589,0,0.47734748200000005,49,0,0.34139732899999997,10333.0,15,0,2,0,0.0
27590,0,0.082792571,47,2,0.223367698,6983.0,16,0,1,0,1.0
27591,0,0.0,80,0,0.0,3311.0,7,0,0,0,0.0
27592,0,0.34347720299999995,44,0,0.607541605,4746.0,11,0,1,0,0.0
27593,0,0.317683498,61,0,2500.0,,18,0,2,0,0.0
27594,0,0.8838391859999999,66,1,1.487347295,4583.0,25,1,3,0,0.0
27595,0,0.010346465,56,0,0.005554321,4500.0,11,0,0,0,0.0
27597,0,0.022419131000000002,65,0,18.0,,4,0,0,0,0.0
27598,0,0.081173287,44,0,0.410585287,6782.0,8,0,2,0,0.0
27599,0,0.006046135,61,0,0.455007893,5700.0,9,0,2,0,2.0
27601,0,0.631410541,48,1,0.29130626,6820.0,4,1,1,0,2.0
27603,0,0.20238988100000002,42,0,4.698773285,2200.0,19,0,10,0,3.0
27605,0,0.12087912099999999,23,0,0.003329634,900.0,2,0,0,0,0.0
27606,0,0.042716462999999996,93,0,58.0,,5,0,0,0,0.0
27607,1,1.079607415,46,4,0.127104655,3028.0,9,1,0,0,4.0
27609,0,0.5249501,25,0,0.005380477,1300.0,1,0,0,0,0.0
27610,0,0.342566838,37,0,0.9552179129999999,2500.0,5,0,1,0,0.0
27611,0,0.010392966,89,0,10.0,,7,0,0,0,
27612,0,0.130434783,27,0,0.177793645,2800.0,2,0,0,0,1.0
27613,0,0.001899905,48,0,4201.0,,14,0,3,0,0.0
27614,0,0.492502499,52,0,0.22354717,6624.0,5,0,1,0,3.0
27616,0,0.43482966100000003,30,2,0.309738052,5000.0,13,0,1,0,0.0
27618,0,0.9999998999999999,29,0,0.016151361,2166.0,0,0,0,0,1.0
27621,0,0.037563207,81,2,0.276769912,4519.0,9,0,1,0,0.0
27628,0,0.089683316,39,0,0.38036957,8333.0,17,0,1,0,0.0
27629,0,0.097379118,60,0,0.26538031300000003,7151.0,7,0,2,0,0.0
27630,0,0.012571265,44,0,0.20089955,2000.0,23,0,0,0,0.0
27631,0,0.170775942,34,0,0.29937612199999997,11700.0,7,0,2,0,2.0
27632,0,0.060280513,36,1,0.9114399809999999,4256.0,12,0,5,0,0.0
27633,0,0.172774733,54,0,0.25906919100000003,5650.0,8,0,2,0,0.0
27634,0,0.023655791000000002,44,1,0.009471192,3800.0,4,0,0,0,1.0
27635,0,0.021388146,38,0,0.161167167,11000.0,8,0,2,0,4.0
27636,0,0.738280382,31,0,1.7715540909999998,1820.0,10,0,1,0,2.0
27637,0,0.075371162,56,2,0.549626763,7233.0,11,0,2,0,1.0
27638,0,0.0046656070000000004,55,1,0.22069138300000002,7983.0,19,0,2,0,0.0
27639,0,0.0,80,0,0.154563624,3001.0,2,0,1,0,0.0
27640,0,0.04258719,65,0,0.0244,4999.0,14,0,0,0,0.0
27642,0,0.43744708200000004,36,0,0.177291135,6666.0,10,0,0,0,0.0
27644,0,0.514167083,46,0,0.7469970779999999,9240.0,15,0,4,0,2.0
27645,0,0.568102621,37,0,0.151588944,8212.0,11,0,0,0,2.0
27646,0,0.9466698990000001,46,0,1105.0,,4,0,0,0,0.0
27647,0,0.402966155,58,0,0.34350663,4750.0,11,0,1,0,1.0
27649,0,0.137565352,57,0,0.048412632000000004,12000.0,12,0,0,0,0.0
27650,0,0.150269224,46,0,0.20122812,14167.0,14,0,2,0,2.0
27651,0,0.23424479999999998,31,0,0.173132798,5850.0,14,0,0,0,1.0
27653,0,0.7171314740000001,33,2,0.161654135,5053.0,4,0,0,0,2.0
27654,0,0.815755456,51,0,0.41733519399999996,5733.0,12,0,1,0,0.0
27655,0,0.332737639,69,0,0.292501164,2146.0,5,0,0,0,0.0
27657,0,0.0,51,0,1325.0,,3,0,1,0,0.0
27658,0,0.106602516,31,0,0.374814307,8750.0,8,0,1,0,2.0
27659,0,0.022237566,59,0,2093.0,,8,0,1,0,
27660,0,0.28860038600000004,80,0,1022.0,,4,0,1,0,0.0
27661,0,3.324786325,45,0,1666.0,,6,0,1,0,0.0
27662,0,0.032032726,43,0,0.017997,6000.0,5,0,0,0,1.0
27663,0,0.145703651,50,0,0.346331709,8000.0,16,0,1,0,0.0
27664,0,0.011039117,24,0,4.0,0.0,1,0,0,0,0.0
27666,0,0.349475847,54,1,0.331784668,9900.0,11,0,1,0,2.0
27667,0,0.015226911999999999,88,0,0.058397570999999995,4280.0,9,0,1,0,0.0
27668,0,0.017653167,41,0,0.326697892,7685.0,6,0,2,0,2.0
27670,0,0.788772679,50,0,0.753589141,3830.0,8,0,2,0,2.0
27671,0,0.07956038900000001,52,0,0.270353026,11103.0,7,0,1,0,2.0
27672,0,0.11230326300000001,54,0,0.400530504,4900.0,10,0,1,0,4.0
27673,0,0.047676185999999995,43,0,0.002164209,7392.0,3,0,0,0,0.0
27674,0,0.23271060899999998,48,2,0.092323894,8545.0,8,0,0,1,2.0
27675,0,0.9518364090000001,45,0,0.560858552,7500.0,15,0,2,0,1.0
27676,0,0.083180278,73,0,0.21048246,12000.0,9,0,4,0,1.0
27678,0,0.009094128,43,0,0.177823471,13130.0,48,0,2,0,0.0
27679,0,0.587657206,40,2,0.40433755600000004,4656.0,5,0,1,0,3.0
27680,0,0.02083555,64,0,0.214162162,9249.0,10,0,2,0,1.0
27682,1,0.967387975,80,0,1.7159389790000001,1900.0,16,0,2,0,1.0
27683,0,0.261145462,50,0,0.53060302,11060.0,10,0,4,0,1.0
27684,0,0.066888146,60,0,0.025567776,7000.0,6,0,0,0,0.0
27686,0,0.06668380900000001,78,0,70.0,,5,0,0,0,0.0
27687,0,0.132579408,62,0,0.400196726,14232.0,6,0,2,0,0.0
27688,0,0.007524812,50,0,0.741275866,8166.0,7,0,3,0,1.0
27689,0,0.008752850999999999,41,0,0.43131373700000003,5000.0,5,0,2,0,2.0
27690,1,0.9999998999999999,68,1,0.786108919,1266.0,4,0,3,1,0.0
27693,0,0.597261749,61,0,0.095484086,6000.0,10,0,0,1,0.0
27694,0,0.332458842,34,0,0.37465014,2500.0,5,0,1,0,2.0
27696,0,0.015588613999999999,53,0,0.00579884,5000.0,8,0,0,0,0.0
27698,0,0.071066515,70,0,0.117952266,2890.0,3,0,1,0,0.0
27699,0,0.026617502999999997,63,0,99.0,,8,0,1,0,1.0
27700,0,0.004230355999999999,39,0,0.146094878,9000.0,15,0,1,0,3.0
27701,0,0.0,75,0,0.0,10500.0,4,0,0,0,0.0
27702,0,0.072951782,68,0,0.08628613800000001,6744.0,4,0,1,0,0.0
27703,0,0.8444027059999999,34,0,0.225318312,15000.0,9,0,1,0,1.0
27705,0,0.054591102999999995,41,0,0.334940174,11616.0,15,0,3,0,0.0
27706,0,0.043109195,50,0,0.074347039,7733.0,7,0,0,0,0.0
27707,0,0.9999998999999999,59,0,0.0,14550.0,3,0,0,0,0.0
27708,0,0.5134865129999999,23,0,27.0,0.0,3,0,0,0,0.0
27709,0,0.788303503,36,0,0.367151047,7500.0,7,0,1,0,1.0
27713,0,0.8901109890000001,41,0,0.220677857,9352.0,7,0,2,0,1.0
27715,0,0.69823561,33,0,0.554289142,5000.0,15,0,2,0,1.0
27717,0,0.0,28,0,438.0,,4,0,0,1,0.0
27718,0,0.0,35,0,0.215997461,6300.0,6,0,1,0,3.0
27719,0,0.37423225299999996,31,0,0.262931034,6727.0,4,0,1,0,1.0
27720,0,1.057061341,55,0,0.023210291,3575.0,3,0,0,0,0.0
27721,0,0.775420977,51,0,0.474924012,3947.0,10,0,1,0,2.0
27722,0,0.510535296,42,0,0.343519494,1897.0,7,0,0,0,3.0
27724,0,0.300849575,77,0,0.004329004,4157.0,3,0,0,0,1.0
27725,0,0.021805342000000002,58,0,0.029371328999999998,8000.0,7,0,0,0,0.0
27726,0,0.142738779,47,0,0.36790726100000004,4916.0,8,0,1,0,2.0
27727,0,0.34228041200000003,49,0,0.18258729399999998,6500.0,9,0,0,0,2.0
27728,0,0.21477433399999998,57,0,0.42514114700000005,14700.0,17,0,3,0,2.0
27732,0,0.162213639,38,0,0.030312599,3166.0,3,0,0,0,3.0
27733,0,0.827780063,56,0,0.293633975,11796.0,10,0,0,0,1.0
27735,0,0.8451637329999999,58,0,0.70302204,4400.0,12,0,1,0,1.0
27736,0,0.174177655,42,0,0.257285595,1200.0,7,0,0,0,0.0
27737,0,0.500039059,51,0,0.23204419899999998,3800.0,6,0,0,0,0.0
27738,0,0.738331939,58,0,1.1750792490000002,4100.0,12,0,3,0,1.0
27739,0,0.90233321,46,3,2.676664667,1666.0,14,0,1,0,3.0
27742,0,0.109677715,61,0,0.239643727,11900.0,6,0,1,0,0.0
27744,0,0.012499702,64,0,0.052926275999999994,7500.0,14,0,0,0,1.0
27745,0,0.02874375,46,0,0.386835279,3083.0,16,0,1,0,2.0
27746,0,0.031612912,39,0,0.310336208,8000.0,24,0,2,0,2.0
27747,0,0.9999998999999999,51,0,0.039368544,5130.0,4,1,0,0,0.0
27748,0,0.014756024,32,0,2.14985015,1000.0,5,0,1,0,0.0
27749,0,0.081970402,54,0,0.311981648,11333.0,19,0,1,0,2.0
27751,0,0.925749959,55,0,0.922963587,4750.0,9,0,2,1,1.0
27752,1,0.9999998999999999,35,1,0.107934055,3881.0,1,1,0,0,1.0
27753,0,0.35143641200000003,30,0,0.122886748,5500.0,10,0,0,0,0.0
27754,0,0.253119195,43,1,0.163255741,6400.0,8,0,0,0,1.0
27755,0,0.103752336,53,0,0.304674255,4128.0,10,0,2,0,0.0
27757,0,0.130437075,42,0,3864.0,,8,0,1,0,0.0
27758,0,0.9999998999999999,51,0,0.6830380629999999,5700.0,8,0,2,0,1.0
27759,0,0.035821072999999995,54,0,0.228049265,7550.0,7,0,1,0,0.0
27762,0,0.08328442,68,0,0.897120576,3333.0,24,0,2,0,0.0
27763,0,0.204412295,42,0,0.50010636,4700.0,6,0,2,0,2.0
27764,0,0.9999998999999999,24,0,0.0,,0,0,0,0,
27765,0,0.02419879,48,0,0.19025853399999998,7000.0,6,0,1,0,2.0
27766,0,0.0,76,0,870.0,,6,1,1,0,
27767,0,0.0,61,0,0.29463171,800.0,6,0,0,0,0.0
27768,0,0.032705343,63,0,0.269432642,4000.0,7,0,0,0,1.0
27770,0,0.0019499029999999998,76,0,0.101918465,2501.0,4,0,0,0,1.0
27771,0,0.286358141,61,0,0.38278646,13500.0,8,0,2,0,0.0
27772,0,0.153081808,75,0,0.229332669,4015.0,6,0,1,0,1.0
27774,0,0.046164607,59,0,0.274465692,5333.0,9,0,2,0,1.0
27775,0,0.64197413,39,1,0.74327957,2975.0,4,0,1,0,3.0
27776,0,0.007784315,49,0,473.0,,10,0,1,0,0.0
27778,0,7696.0,55,0,0.178210764,8416.0,3,0,1,0,0.0
27779,0,0.064170206,44,0,0.03029385,3300.0,5,0,0,0,3.0
27780,0,0.007249799,83,0,7.0,,5,0,0,0,0.0
27783,0,0.0,58,0,0.091181764,3333.0,6,0,0,0,6.0
27784,0,0.04715346,70,0,0.005165805999999999,6000.0,6,0,0,0,0.0
27786,0,0.580930956,48,0,1.020478206,8740.0,11,0,3,0,2.0
27788,0,0.0,58,0,0.0,,2,0,0,0,
27790,0,0.259168151,59,0,0.37748038799999994,6500.0,10,0,1,0,0.0
27791,1,0.0,54,0,0.378419891,10416.0,11,0,2,0,2.0
27792,0,0.175120622,42,0,0.532761015,7920.0,13,0,2,0,3.0
27793,0,0.10902344300000001,61,0,1344.0,,9,0,1,0,0.0
27794,0,0.065973351,63,0,0.246289864,9500.0,7,0,2,0,1.0
27796,0,0.9999998999999999,27,0,0.0,2000.0,0,0,0,0,0.0
27797,0,0.55521479,56,0,0.168011682,13010.0,8,0,3,0,3.0
27798,0,0.6045019070000001,31,2,0.715634546,3600.0,6,0,1,0,1.0
27799,0,0.02324172,61,0,0.0037186740000000004,6184.0,2,0,0,0,0.0
27801,0,0.0,46,0,0.15359616,40000.0,5,0,1,0,2.0
27803,1,0.544293656,64,1,0.5468920389999999,1833.0,11,0,0,0,0.0
27804,0,0.444079155,61,0,0.761633615,5092.0,18,0,1,0,0.0
27805,0,0.9999998999999999,47,0,0.190374123,5131.0,7,1,0,0,0.0
27806,0,0.267279075,68,0,2383.0,,8,0,1,0,0.0
27807,0,0.153736031,62,1,2297.0,,11,0,2,0,0.0
27809,0,0.339317694,64,0,0.446637196,6333.0,14,0,2,0,0.0
27810,0,0.068451735,59,0,0.356017356,4378.0,12,0,1,0,0.0
27813,0,0.9963652890000001,40,1,0.153339605,2125.0,3,0,0,0,3.0
27814,0,0.117915961,56,0,0.317410139,17081.0,11,0,2,0,2.0
27815,0,0.343069405,65,0,0.17159519,19376.0,8,0,2,0,0.0
27816,0,0.624274842,37,0,0.815606776,3600.0,7,0,1,0,2.0
27817,0,0.9999998999999999,47,0,0.42931937200000003,3628.0,7,0,1,0,4.0
27818,0,0.905118602,41,2,0.218593802,3000.0,4,1,0,0,0.0
27820,0,0.047410805,59,0,317.0,,7,0,0,0,0.0
27821,0,0.043615445999999995,64,0,0.186887303,12750.0,6,0,2,0,0.0
27822,0,0.18629947800000002,55,0,0.450637341,4000.0,5,0,0,0,0.0
27824,0,0.048718051,65,2,0.146699267,1635.0,5,0,0,0,1.0
27826,1,0.9999998999999999,64,0,0.280532939,1350.0,1,0,0,1,0.0
27827,1,0.025766242999999998,69,0,1.029385035,3300.0,9,1,3,0,0.0
27828,0,0.301180601,39,0,0.373925215,5000.0,11,0,2,0,1.0
27829,0,0.281752708,48,0,0.11701081599999999,8135.0,7,0,0,0,1.0
27830,0,0.038729544,34,0,0.217565203,12000.0,7,0,2,0,0.0
27831,0,0.768174317,61,1,0.419950579,7688.0,18,0,2,0,1.0
27832,0,0.055608109,64,0,0.242534793,7400.0,17,0,1,0,1.0
27833,0,0.04793314,40,0,0.45816515799999996,9166.0,5,0,2,0,1.0
27834,0,0.030461573999999998,57,0,0.482282847,6377.0,6,0,3,0,1.0
27835,0,0.033980809,73,0,0.029077692000000002,2200.0,13,0,0,0,0.0
27836,0,0.016124597,56,0,0.08591918400000001,7250.0,7,0,1,0,0.0
27837,0,0.00447257,66,0,3264.0,,16,0,1,0,0.0
27839,0,0.026031417999999997,40,0,0.185507587,8500.0,13,0,2,0,0.0
27840,0,0.990786429,52,0,0.24319578600000002,6833.0,5,0,0,0,0.0
27841,0,0.002376415,67,0,0.18931530300000002,10500.0,8,0,1,0,0.0
27842,0,0.609560994,46,4,0.282960954,14008.0,7,0,1,0,2.0
27843,0,0.44874205,32,0,0.080729637,5536.0,5,0,0,0,1.0
27844,0,0.29680042100000004,56,1,0.264602441,14500.0,10,0,2,1,3.0
27846,0,0.17726572100000001,38,0,0.586126052,7250.0,5,0,1,0,0.0
27847,1,0.484648087,69,4,0.021958243,8333.0,7,3,1,1,0.0
27848,0,0.234557428,54,0,0.649878804,7425.0,20,0,2,0,2.0
27849,0,0.874446508,49,1,0.175397522,10250.0,6,0,1,0,0.0
27850,0,0.038473009,78,0,65.0,,5,0,0,0,0.0
27851,0,0.478622083,72,0,0.747679124,4200.0,11,0,1,0,0.0
27854,0,0.001135322,74,0,0.129350556,5573.0,6,0,1,0,1.0
27856,0,0.128161889,62,0,0.468453155,10000.0,14,0,1,0,3.0
27857,0,0.183106438,58,0,0.371828521,8000.0,8,0,2,0,2.0
27858,0,0.5878586920000001,44,0,0.51070091,7475.0,24,0,2,0,3.0
27860,0,0.302066899,41,0,0.371086707,6100.0,11,0,1,0,2.0
27864,0,0.140864402,72,0,0.479631053,1300.0,9,0,1,0,0.0
27865,0,0.15772788599999998,56,1,0.19423648899999998,9750.0,15,0,2,1,3.0
27868,0,0.00767604,81,0,0.308492201,7500.0,9,0,1,0,0.0
27871,0,0.044887642,57,0,0.023488256000000002,2000.0,2,0,0,0,0.0
27873,0,0.444669085,69,0,2733.0,,21,0,2,0,0.0
27874,0,0.225546794,53,0,8013.0,,14,0,4,0,2.0
27875,0,0.726605692,45,0,0.288354139,12175.0,6,0,1,1,2.0
27876,0,0.083993001,27,0,0.007405579,4050.0,3,0,0,0,0.0
27877,0,0.865567216,40,0,0.496751624,2000.0,4,0,1,0,1.0
27879,0,0.37589465299999997,43,1,0.324061449,11000.0,12,0,1,0,3.0
27881,0,0.31387496800000003,50,0,0.338989236,5480.0,16,0,0,0,1.0
27882,0,0.0037221190000000003,50,0,0.9238451940000001,800.0,5,0,1,0,0.0
27883,0,0.49019433700000004,68,0,0.550603915,2400.0,11,0,0,0,0.0
27885,0,0.099174449,38,0,0.523499049,3680.0,12,0,1,0,2.0
27886,1,0.9999998999999999,39,0,0.24641981699999999,7750.0,1,1,1,1,2.0
27887,0,0.102697249,45,0,1433.0,,12,0,2,0,0.0
27888,0,0.074170448,54,0,0.555920583,7000.0,11,0,1,0,0.0
27889,0,0.041658073999999996,46,0,0.246845989,4200.0,8,0,1,0,1.0
27890,0,0.031926819,52,0,0.004772727,4399.0,2,0,0,0,2.0
27891,0,0.576000476,50,0,0.328139322,12000.0,7,0,1,0,2.0
27892,0,0.0,59,0,0.0,,2,0,0,0,0.0
27893,0,0.009802441,62,0,0.003954034,8092.0,12,0,0,0,0.0
27894,0,0.02849715,63,0,0.137823372,2241.0,2,0,0,0,0.0
27896,0,0.030375179,46,0,0.8740419859999999,3000.0,19,0,1,0,2.0
27897,0,0.24123306100000003,34,0,0.436912617,5000.0,11,0,2,0,0.0
27898,0,0.025614209,61,0,0.16671567199999998,3400.0,4,0,1,0,0.0
27899,0,0.001053741,45,0,0.22117051100000001,7500.0,6,0,1,0,1.0
27900,1,0.9999998999999999,44,0,5358.0,,7,0,2,0,1.0
27904,0,0.0,78,0,0.432311978,8974.0,20,0,3,0,0.0
27906,0,0.9999998999999999,48,2,761.0,,3,2,1,0,2.0
27907,0,0.787799212,78,0,0.283053158,2200.0,6,0,0,0,0.0
27909,0,0.02709729,46,0,0.36137425799999995,7916.0,10,0,2,0,0.0
27910,0,0.038454642000000004,56,0,0.147285271,10000.0,7,0,2,0,3.0
27912,0,0.9999998999999999,30,1,0.244186047,1375.0,1,1,0,0,1.0
27913,0,0.455735799,49,2,3779.0,,12,0,1,0,0.0
27916,0,0.12606473599999998,52,0,1047.0,,3,0,1,0,0.0
27920,0,0.8547625659999999,51,1,0.120725285,15000.0,4,0,0,0,2.0
27921,0,0.0,91,0,0.0,,5,0,0,0,0.0
27922,0,0.528843991,53,0,0.49145192200000004,11990.0,15,0,3,0,3.0
27923,0,0.420583981,52,0,0.533064375,5700.0,18,0,1,0,1.0
27925,0,0.472021119,30,1,2847.0,,10,0,1,0,
27927,1,0.0027070159999999996,55,1,439.0,,14,0,0,0,
27928,0,0.045853742999999995,49,0,0.6741880790000001,7666.0,12,0,2,0,0.0
27929,0,0.066794576,37,0,2128.0,,8,0,3,0,0.0
27931,0,0.9999998999999999,24,0,0.017262213000000002,5792.0,0,0,0,0,0.0
27932,0,0.034614993,52,0,0.18029350100000002,11447.0,12,0,2,0,2.0
27934,0,0.066380862,57,0,1540.0,,9,0,1,0,1.0
27935,0,0.632615876,64,0,0.629939429,10400.0,18,0,1,0,1.0
27937,0,0.054681804,40,0,1.433826469,2500.0,5,0,2,0,3.0
27938,0,0.843649285,47,0,0.379033916,4864.0,5,0,0,0,0.0
27939,0,0.282612422,62,0,0.513976739,4900.0,16,0,1,0,0.0
27940,0,0.225451223,56,0,0.183715107,10782.0,13,0,1,0,2.0
27941,0,0.829626607,31,0,0.218130922,4643.0,5,1,0,3,2.0
27942,0,0.00159996,47,0,0.13562328699999998,6200.0,4,0,1,0,1.0
27944,0,0.428165456,31,1,0.608848315,2847.0,7,0,1,0,0.0
27945,0,0.049475262,44,0,0.128603104,7666.0,10,0,0,0,0.0
27946,0,0.35261694600000004,46,0,1819.5,1.0,7,0,2,0,0.0
27947,0,0.005539889,80,1,0.186897306,10058.0,12,0,2,0,0.0
27948,0,0.284248599,48,1,0.735710715,6000.0,16,0,2,0,0.0
27949,0,0.0,83,0,45.0,,4,0,0,0,
27950,0,0.916443916,31,0,0.423192269,3000.0,8,0,0,0,1.0
27951,0,0.523375059,48,2,8370.0,,8,1,1,0,0.0
27952,0,0.38068812399999996,60,1,0.165629169,4497.0,4,1,0,1,0.0
27954,1,1.116601888,23,2,0.037785016,1534.0,3,0,0,0,0.0
27955,0,0.09503514699999999,61,0,1.0575357840000001,3562.0,13,0,3,0,0.0
27956,0,0.063332479,55,0,0.210236654,3633.0,21,0,2,0,0.0
27957,0,0.243378311,42,0,1217.0,,3,0,2,0,0.0
27958,0,0.544688516,36,0,0.548493479,6670.0,11,0,2,0,0.0
27960,0,0.14785293,70,0,0.182554042,10500.0,17,0,1,0,0.0
27961,0,0.115705334,83,0,0.255037687,6500.0,16,0,1,0,1.0
27962,0,0.14552902,47,0,0.353797579,5700.0,20,0,1,0,0.0
27963,0,0.614563917,54,1,0.653103653,3366.0,10,0,2,0,3.0
27964,1,0.76147208,46,0,0.494569902,5800.0,7,0,1,0,2.0
27966,0,0.004380535,38,0,0.105884281,6100.0,6,0,0,0,0.0
27967,0,0.0011289960000000002,80,0,2209.0,,6,0,2,0,0.0
27968,1,0.240006909,52,1,0.5517413760000001,6000.0,21,1,1,0,0.0
27970,0,0.05964996,69,0,0.210973725,3881.0,13,0,1,0,0.0
27972,0,0.078391107,31,0,0.101814365,6668.0,7,0,0,0,1.0
27973,0,0.105187973,69,0,0.643971206,3333.0,13,0,1,0,0.0
27974,0,0.9999998999999999,57,0,0.433726813,2964.0,2,0,2,0,0.0
27977,0,0.048426842000000005,50,0,0.150511913,10450.0,6,0,1,0,0.0
27978,0,0.0,43,0,2081.0,,9,0,1,0,0.0
27979,0,0.016931433,64,0,21.0,,14,0,0,0,
27981,0,0.21450139199999999,32,0,0.21199892399999998,3716.0,8,0,0,0,2.0
27982,0,0.9999998999999999,60,2,3111.0,,5,1,1,2,0.0
27983,0,0.075452528,51,0,3011.0,,9,0,1,0,0.0
27985,0,0.653893844,46,0,0.47154558,9400.0,8,0,2,0,3.0
27986,0,0.025848707999999998,56,0,15.0,,4,0,0,0,0.0
27989,0,0.269479785,47,0,0.535608934,9491.0,14,0,1,0,1.0
27990,0,0.034552318,31,0,0.048670062,5300.0,11,0,0,0,0.0
27993,1,0.9999998999999999,49,0,0.012170385,3450.0,0,1,0,0,2.0
27995,0,0.165388075,58,0,93.0,,1,0,0,0,0.0
27996,0,1.051321928,29,1,0.07268305900000001,3700.0,2,0,0,0,2.0
27997,0,0.062503378,38,0,0.270720655,6840.0,10,0,1,0,1.0
27999,0,0.014422204,61,0,0.628685657,2000.0,8,0,1,0,0.0
28000,0,0.7712927820000001,45,0,1.434719606,6900.0,11,0,2,0,2.0
28002,0,0.832609991,72,1,0.318594104,6173.0,9,3,1,0,1.0
28003,0,0.0,38,1,0.397320536,5000.0,5,0,1,0,0.0
28004,1,0.74245151,63,0,0.539054364,4800.0,9,0,1,0,0.0
28006,0,0.9937048690000001,28,1,0.10313618199999999,4750.0,13,0,0,0,3.0
28007,0,0.0,40,0,0.012329267,85000.0,13,0,0,0,4.0
28008,0,0.243523902,66,0,0.09432624099999999,11279.0,12,0,0,0,0.0
28009,0,0.6561770029999999,48,0,0.47012257399999996,3915.0,5,0,1,0,1.0
28010,0,0.0,32,0,0.0,,3,0,0,0,0.0
28011,0,0.10444625,64,0,0.512470234,7978.0,18,0,4,0,0.0
28012,0,0.050470892,74,0,377.0,,14,0,0,0,0.0
28014,0,0.19070782100000003,43,1,3925.0,,12,0,3,0,1.0
28015,0,0.536716434,34,1,0.518029275,2800.0,5,0,0,0,0.0
28016,0,0.9999998999999999,61,1,1.311250714,1750.0,2,0,2,0,1.0
28018,0,0.024283411,91,2,0.118772625,5800.0,7,0,1,0,0.0
28021,0,0.159815119,50,0,0.21939722899999997,7000.0,10,0,2,0,1.0
28023,0,0.032018353,53,1,0.219163579,11333.0,10,0,1,0,0.0
28024,0,0.0,40,0,0.457966511,5792.0,4,0,2,0,1.0
28025,0,0.458229568,35,0,0.458847051,3000.0,7,0,1,0,1.0
28028,0,0.927163814,42,0,7513.0,,16,0,1,0,4.0
28029,0,0.200874186,44,0,0.127460169,3200.0,10,0,0,0,3.0
28031,0,0.031794732,85,1,0.60516129,1549.0,7,0,1,0,0.0
28032,0,0.028356516000000002,38,0,265.0,,7,0,0,0,0.0
28035,0,0.230126478,50,0,0.634287366,3458.0,7,0,2,0,0.0
28036,0,0.0,56,0,0.304695624,12500.0,15,0,2,0,1.0
28037,0,0.9999998999999999,53,0,1.0,,7,0,0,0,2.0
28038,0,0.078630265,53,0,0.364773471,13750.0,12,0,3,0,2.0
28039,0,0.02992382,59,0,0.17116625800000002,11000.0,14,0,1,1,0.0
28040,1,0.62245918,41,0,0.036762335,3100.0,3,0,0,1,0.0
28041,0,0.11614578699999999,44,0,0.5187874960000001,3166.0,14,0,1,0,0.0
28042,0,0.232051197,47,0,1209.0,,5,0,1,0,3.0
28043,0,0.7638040220000001,54,0,0.651073065,4146.0,14,0,2,0,0.0
28045,0,0.9999998999999999,59,0,0.0,,0,0,0,0,0.0
28046,0,0.0,29,0,0.0,2900.0,4,0,0,0,0.0
28047,0,0.027238954,60,0,0.31910620100000003,3982.0,10,0,1,0,0.0
28048,0,0.9999998999999999,37,2,0.279507882,2600.0,4,0,0,0,0.0
28049,0,0.053998036,44,0,0.006566184,6700.0,3,0,0,0,3.0
28050,0,0.9434655999999999,75,0,0.47267638799999995,6788.0,16,0,0,0,1.0
28052,0,0.45154845200000004,23,1,0.014428413000000001,900.0,3,0,0,0,0.0
28053,0,0.005296266,37,0,2878.0,,14,0,1,0,0.0
28054,0,0.607478504,33,0,0.650161874,5250.0,3,0,1,0,1.0
28056,0,0.029291857,65,0,0.145895828,11000.0,11,0,1,0,0.0
28057,0,0.05699918599999999,80,0,2853.0,,11,0,1,0,0.0
28058,0,1.034987504,36,4,0.715642179,2000.0,9,0,2,1,2.0
28059,0,0.018486223,50,1,0.13603526400000002,8166.0,7,0,1,0,2.0
28060,0,0.373592484,69,0,3592.0,,7,0,2,0,0.0
28062,1,0.9999998999999999,33,0,0.0,,0,0,0,0,
28063,0,0.486068524,29,0,0.279086367,1400.0,8,0,0,0,0.0
28064,0,0.9827714740000001,62,0,0.709602418,4300.0,15,0,0,0,0.0
28065,0,0.624082563,39,0,0.9627407640000001,6333.0,15,0,7,0,3.0
28067,0,0.078741535,60,2,1298.0,,23,0,2,0,0.0
28069,0,0.35630048299999995,40,0,7.068181817999999,351.0,20,0,1,1,5.0
28070,0,0.133958002,42,0,0.37506520600000004,5750.0,7,0,2,0,2.0
28071,0,0.073245022,37,0,0.501428377,7350.0,9,0,3,0,0.0
28072,0,0.9999998999999999,24,0,34.0,,0,0,0,0,0.0
28073,0,0.040231389,63,0,0.010247438000000001,4000.0,8,0,0,0,0.0
28074,0,0.008525368,85,0,7.0,,4,0,0,0,0.0
28076,0,0.5668553279999999,36,0,0.179979778,11867.0,7,0,0,0,4.0
28077,0,0.194836139,29,0,0.274241919,3000.0,9,0,0,0,0.0
28078,0,0.276138013,57,0,0.289089111,9100.0,10,0,3,0,2.0
28079,0,0.040260122,43,0,1818.0,,7,0,1,0,0.0
28082,0,0.053935667,41,0,35.0,,3,0,0,0,0.0
28083,0,0.028224085,48,0,0.78139382,6083.0,10,0,3,0,2.0
28084,0,0.24535291399999998,52,2,0.257953922,7291.0,25,0,0,0,0.0
28087,0,0.015386998,65,0,2291.0,,14,0,2,0,2.0
28088,0,0.0,48,0,0.0,,2,0,0,0,0.0
28089,0,0.7663829679999999,45,0,0.516721793,5441.0,11,0,2,0,2.0
28090,0,0.041900771,34,0,0.342589418,8750.0,6,0,1,0,1.0
28091,0,0.36744217100000004,50,0,0.689856612,1882.0,5,0,1,0,1.0
28093,0,0.9999998999999999,41,1,0.36649453200000004,6583.0,9,0,1,0,1.0
28094,0,0.489535579,38,0,0.31846815300000003,10000.0,10,0,2,0,2.0
28095,0,0.006948666,29,0,0.19187222,4945.0,13,0,0,0,0.0
28097,0,0.030704979,55,1,5634.0,,14,0,3,0,2.0
28098,0,0.9999998999999999,35,0,0.267660719,8181.0,3,0,1,0,0.0
28101,0,0.797240552,37,2,0.470603919,7500.0,9,0,2,0,3.0
28102,0,0.30903838699999997,33,0,0.781687325,2500.0,8,0,1,0,1.0
28104,0,0.06513846400000001,72,0,0.34252019,7800.0,8,0,2,0,1.0
28105,0,0.05769172400000001,50,0,0.35246494100000003,6916.0,11,0,1,0,1.0
28106,0,0.350577783,61,0,0.248603715,7698.0,11,0,0,0,1.0
28111,0,0.019393461,50,0,0.16524586900000002,40000.0,15,0,1,0,3.0
28113,0,0.8998085509999999,54,0,0.43173943200000003,10100.0,5,0,3,0,0.0
28114,0,0.17920967399999999,75,0,0.179666085,4012.0,8,0,0,0,0.0
28115,0,0.34572101,74,0,0.330533893,5000.0,15,0,0,0,0.0
28116,0,0.879824035,25,1,0.690193629,1600.0,5,0,0,0,1.0
28117,0,0.27698892,33,0,0.09225560699999999,7088.0,5,0,0,0,0.0
28118,0,0.9999998999999999,24,98,0.0,1041.0,0,98,0,98,0.0
28119,1,0.176183485,53,0,0.934536638,3711.0,10,0,2,0,2.0
28121,0,0.12824564,61,0,0.333838106,14527.0,14,0,3,0,1.0
28122,0,0.00043663,53,0,451.0,,11,0,0,0,0.0
28124,1,0.014528557,73,0,0.263962291,7000.0,7,0,1,0,0.0
28125,0,0.12327992900000001,36,0,0.30591819,2297.0,7,0,0,0,0.0
28129,0,0.317016262,43,0,471.0,,9,0,0,0,0.0
28130,0,0.04843156,46,0,0.208135133,10300.0,5,0,1,0,2.0
28131,0,0.9999998999999999,31,0,0.201582674,2400.0,1,0,0,0,0.0
28132,0,0.614282143,40,0,0.295921593,6325.0,6,0,1,0,1.0
28133,0,0.04381846599999999,62,0,0.418033783,8228.0,9,0,2,0,0.0
28134,0,0.235988201,49,0,0.036370453999999997,8000.0,4,0,1,0,1.0
28136,0,0.08839410699999999,55,0,0.005411406,7206.0,6,0,0,0,1.0
28137,0,1.003765745,59,2,0.46181579799999994,3050.0,10,0,1,0,0.0
28140,1,0.6111054229999999,46,1,3024.0,,6,0,1,0,3.0
28141,0,0.005192909,60,0,0.188842177,8800.0,14,0,1,0,4.0
28142,0,0.0,50,0,0.439755691,1800.0,10,0,1,0,0.0
28143,0,0.038687065,45,0,0.35305320799999995,8400.0,9,0,2,0,2.0
28146,0,0.304067837,52,0,0.306615564,6000.0,9,0,3,0,1.0
28148,0,0.13919304,43,0,0.237670585,7400.0,4,0,1,0,1.0
28149,0,0.425678514,54,0,0.380809595,2000.0,5,0,0,0,0.0
28150,0,0.783565472,36,1,4791.0,,19,0,1,0,0.0
28151,0,0.46050158,66,0,0.325686689,6625.0,6,0,1,0,1.0
28152,0,0.019881887,54,0,752.0,,11,0,1,0,0.0
28154,0,0.308684566,44,0,0.17087238600000001,4160.0,4,0,1,0,0.0
28155,0,0.600382136,69,0,0.079415294,27500.0,8,0,1,0,0.0
28156,0,0.0,23,0,0.0,3600.0,1,0,0,0,0.0
28157,0,0.0,80,0,0.0,2094.0,3,0,0,0,0.0
28159,0,0.0031505409999999998,65,0,2291.0,,6,0,2,0,0.0
28160,0,0.94522566,52,1,0.45016970100000003,6481.0,8,0,1,0,0.0
28161,0,1.496493864,48,0,0.466785159,4500.0,18,0,1,0,0.0
28162,1,0.824701195,33,3,0.118051084,4658.0,4,0,0,0,2.0
28163,1,1.040519317,65,2,0.299242965,7000.0,7,0,1,1,1.0
28164,0,0.047241717999999995,50,0,0.05941169599999999,8600.0,6,0,0,0,0.0
28165,0,0.648251025,47,1,6997.0,0.0,9,0,2,0,2.0
28166,0,0.00473163,58,0,0.228163993,14585.0,8,0,1,0,0.0
28167,0,0.00254711,58,0,0.348060145,5386.0,9,0,1,0,1.0
28169,0,0.291440761,34,0,0.266369558,5833.0,5,0,1,0,1.0
28170,0,0.03149895,42,0,1854.0,,4,0,1,0,0.0
28172,0,0.207452836,34,0,0.04892162,1900.0,3,0,0,0,0.0
28173,0,0.059358693,56,0,0.42874283399999996,7500.0,12,0,2,0,0.0
28174,0,0.07926552099999999,81,0,26.0,,1,0,0,0,0.0
28175,0,0.828627697,44,0,1.198987662,3160.0,11,0,2,0,0.0
28176,0,0.10240631300000001,69,0,0.19710610899999997,3109.0,13,0,0,0,0.0
28177,0,0.043758833,58,0,3890.0,,7,0,2,0,3.0
28178,1,0.97872026,46,0,1.222168752,6233.0,7,1,2,1,1.0
28179,0,0.536695805,63,0,0.40076112399999997,6831.0,8,0,2,0,0.0
28180,0,0.0,48,0,0.221781765,4792.0,6,0,1,0,0.0
28181,0,0.069029977,53,0,0.343821304,8326.0,8,0,2,0,2.0
28183,0,0.057911365,49,0,0.40245325200000004,30000.0,11,0,4,0,4.0
28185,0,0.960158425,58,0,2734.0,,13,1,2,0,0.0
28187,0,0.0,85,0,0.0,,2,0,0,0,0.0
28188,0,0.0,31,0,1.091387245,1520.0,6,0,1,0,0.0
28191,0,0.544276239,51,1,0.273686388,4833.0,20,0,0,0,2.0
28192,0,0.249166975,63,0,0.481129718,4000.0,11,0,1,0,0.0
28195,0,0.000976167,43,0,0.061938062,1000.0,7,0,1,0,2.0
28196,0,0.129765302,49,0,0.474037041,8800.0,7,0,2,0,1.0
28197,0,0.390742586,31,0,0.339470551,10916.0,14,0,1,0,0.0
28198,0,0.08974029300000001,58,0,0.060344827999999996,13455.0,6,0,0,0,2.0
28200,0,0.011693638999999999,41,0,0.459660736,4833.0,11,0,1,0,0.0
28201,0,0.10708913,64,0,0.407858861,12469.0,23,0,3,0,1.0
28205,0,0.011727311,66,0,0.0117624,5100.0,28,0,0,0,0.0
28206,0,0.9999998999999999,51,4,4221.0,0.0,9,1,1,1,2.0
28207,0,0.026621361,37,2,0.347153713,7500.0,17,0,1,0,0.0
28208,0,0.008965839,66,0,0.037214886,5830.0,10,0,0,0,1.0
28209,0,0.035054057,53,0,1543.0,,5,0,1,0,0.0
28211,0,0.11812054,51,0,0.309822799,14333.0,18,0,3,0,2.0
28212,0,0.165085906,51,0,1.904076739,833.0,7,0,1,0,3.0
28213,1,0.861602667,43,4,0.695602756,14076.0,15,1,2,4,1.0
28214,0,0.280059161,36,0,0.458857082,9466.0,19,0,1,0,3.0
28215,0,0.058534012999999996,60,1,3683.0,,9,0,3,0,
28216,0,0.38180314299999996,28,0,0.14445044099999998,5558.0,7,0,0,0,1.0
28217,0,0.9372125570000001,29,0,0.22287258,2220.0,2,0,0,0,0.0
28219,0,0.348599486,59,0,0.733287624,5833.0,12,0,2,0,2.0
28220,0,0.024948752999999997,64,0,0.010760953,1300.0,4,0,0,0,0.0
28221,0,0.0059244169999999995,59,0,0.080735591,4458.0,11,0,0,0,0.0
28222,0,0.00630538,77,0,0.001180173,5083.0,2,0,0,0,1.0
28223,0,0.001127636,81,0,0.107005758,2083.0,12,0,1,0,0.0
28224,1,1.0,59,1,0.08541266800000001,2083.0,1,0,0,0,0.0
28225,0,0.0,47,0,2973.0,,8,0,2,0,0.0
28228,0,0.006912806,62,0,0.08835083199999999,14000.0,13,0,1,0,0.0
28230,1,0.197775753,51,2,0.533717303,8333.0,12,0,3,0,3.0
28231,0,0.041415502,68,0,1678.0,,4,0,2,0,0.0
28232,0,0.149837075,58,0,0.470820739,4300.0,16,0,1,0,0.0
28233,0,0.025309794,63,1,3266.0,,7,0,1,0,0.0
28235,0,0.667666167,24,0,0.146110057,2634.0,2,0,0,0,0.0
28236,0,0.001045106,72,0,0.68371938,6000.0,18,0,6,1,0.0
28237,0,0.419330104,56,1,746.0,1.0,13,0,0,0,0.0
28238,0,0.10774700699999999,47,0,0.401622042,9000.0,6,0,2,0,2.0
28239,0,0.07446183099999999,69,0,0.096280744,3333.0,11,0,0,0,0.0
28242,0,0.064305714,49,0,0.25087189,4300.0,5,0,0,0,3.0
28243,0,0.38997096,61,0,0.52948848,6900.0,19,0,2,0,0.0
28244,0,0.104191255,73,0,535.0,,11,0,0,0,0.0
28246,0,0.9999998999999999,39,0,0.012516128999999999,15499.0,1,0,0,0,0.0
28247,0,0.005969286,74,0,0.09972973,3699.0,11,0,0,0,0.0
28248,0,0.006096074,34,0,0.685900925,3673.0,12,0,1,0,3.0
28249,0,0.9999998999999999,52,0,0.245570663,2426.0,6,0,1,0,1.0
28251,0,0.9999998999999999,37,1,0.24297701600000002,2740.0,3,1,0,0,0.0
28253,1,0.0,53,2,0.37714537200000003,6816.0,9,0,1,3,2.0
28254,0,0.006718984,50,0,0.758570029,4083.0,12,0,1,0,2.0
28255,0,0.015366118,79,0,0.183950268,3538.0,8,0,1,0,0.0
28257,0,0.073793379,67,1,7077.0,,12,0,1,0,3.0
28259,0,0.214052397,32,0,0.356974502,14000.0,5,0,2,1,2.0
28260,0,0.007933069000000001,41,0,8.0,,3,0,0,0,5.0
28261,1,0.973675442,35,0,0.57987114,4500.0,5,0,2,0,1.0
28262,0,0.14007271300000002,48,0,0.592545193,6250.0,14,0,2,0,0.0
28263,1,0.965194698,49,0,0.7900302109999999,3309.0,14,0,0,0,2.0
28264,0,0.006315125,67,0,47.0,,4,0,0,0,
28265,0,0.024664611,31,0,0.10235658199999999,4200.0,2,0,0,0,2.0
28266,0,0.233553289,39,0,0.016738403,2090.0,1,0,0,0,2.0
28268,0,2355.0,56,0,1273.0,,6,0,1,0,0.0
28269,0,0.018594412,86,0,0.000383327,60000.0,3,0,0,0,0.0
28271,0,0.10990594,63,0,1509.0,,3,0,1,0,
28272,0,0.0,25,0,0.0,1675.0,4,0,0,0,0.0
28273,0,1.1397205590000001,52,2,0.03091832,4333.0,3,0,0,0,1.0
28274,0,0.7669735529999999,43,1,1.36709737,4333.0,21,0,1,0,0.0
28275,0,0.9999998999999999,45,0,3534.0,0.0,6,0,2,0,2.0
28276,0,0.343935129,52,0,4293.0,,7,0,2,0,0.0
28277,0,0.028313582,69,0,51.0,,9,0,0,0,0.0
28280,0,0.669549826,49,0,0.835507054,3756.0,10,0,1,0,4.0
28281,0,0.214618306,49,0,0.8932261770000001,2612.0,9,0,1,0,4.0
28283,0,0.14461779800000002,59,0,0.15324944,5800.0,5,0,0,0,0.0
28284,0,0.034199022999999995,76,0,0.332977873,3750.0,6,0,1,0,0.0
28285,0,0.009708738,63,0,0.306224443,2200.0,4,0,1,0,0.0
28286,0,0.023292237,86,0,0.000761171,22333.0,4,0,0,0,0.0
28287,0,0.050221898,74,0,0.038147977,6500.0,6,0,1,0,0.0
28288,0,0.053067135999999994,39,1,0.795585839,6750.0,7,0,2,0,2.0
28289,1,0.40288729,47,1,4469.0,,10,0,2,0,0.0
28290,0,0.0061610680000000004,41,0,0.000967742,3099.0,3,0,0,0,0.0
28294,0,0.043652014,74,0,0.013088529,5500.0,5,0,0,0,0.0
28295,0,0.40259740299999996,55,0,0.22546270300000001,1782.0,3,0,0,0,0.0
28296,0,0.374920026,54,1,0.426969032,4100.0,11,0,1,0,0.0
28297,0,0.108849694,41,0,2623.0,,7,0,1,0,0.0
28298,0,1.4830339319999999,31,2,0.124381894,2628.0,2,3,0,0,3.0
28300,0,0.364487949,79,0,0.15880547,7165.0,4,0,1,0,0.0
28302,0,0.0,66,0,0.0,,7,0,0,0,0.0
28303,0,0.20350206699999998,52,0,0.062566278,6600.0,6,0,0,0,1.0
28305,0,0.572250377,29,0,0.207512875,3300.0,5,2,0,0,1.0
28306,0,0.103294835,77,0,324.0,,11,0,1,0,0.0
28307,0,0.029684635,63,0,0.721879687,6000.0,16,0,4,0,0.0
28308,0,0.08326079,70,0,1932.0,,10,0,2,0,0.0
28309,0,0.9999998999999999,54,0,0.065947242,833.0,0,0,0,0,0.0
28311,0,0.000798697,73,0,0.0,,4,0,0,0,
28313,0,0.193612774,35,0,0.136452242,4616.0,3,0,0,3,0.0
28315,1,0.9999998999999999,35,0,101.0,,1,1,0,0,3.0
28316,0,0.341886426,52,0,0.40331606200000003,9649.0,14,0,2,0,0.0
28319,0,0.754491018,23,0,0.055493895999999994,900.0,3,0,0,0,0.0
28321,0,0.386240972,57,0,0.084183673,10583.0,14,0,0,0,2.0
28322,0,0.086916533,44,0,0.329924875,9583.0,8,0,1,0,2.0
28323,0,0.032132262,53,0,0.40025275299999996,5538.0,4,0,1,0,0.0
28325,0,0.397507884,39,0,0.021880293999999998,7083.0,1,0,0,0,0.0
28327,0,0.0070999290000000005,54,0,0.031208884,19000.0,11,0,0,0,3.0
28328,0,0.006744314,44,0,0.269512013,6700.0,21,0,1,0,2.0
28329,0,0.033372914,61,0,0.009626955,1661.0,5,0,0,0,0.0
28330,0,0.458712176,53,0,2511.0,,10,0,2,0,0.0
28331,0,0.15979976,47,0,0.1945,5999.0,5,0,1,0,2.0
28334,0,0.005599776,35,0,0.27647736,5211.0,6,0,0,0,1.0
28335,0,0.46280132799999996,57,0,2339.0,,21,0,1,0,0.0
28336,0,0.500774961,52,0,1.3025034770000001,2875.0,2,0,1,0,2.0
28340,0,0.0,62,0,1966.0,,8,0,1,0,0.0
28342,0,0.0,35,0,0.125811283,8011.0,4,0,0,0,1.0
28344,0,0.010133108,71,1,0.18439441,2575.0,12,0,0,0,0.0
28345,0,0.9999998999999999,48,1,0.199781858,5500.0,2,1,1,0,0.0
28346,0,0.143377025,48,0,0.303899513,5333.0,11,0,2,0,1.0
28347,0,0.9020195959999999,30,0,0.328339576,800.0,6,0,0,0,0.0
28348,0,0.109292045,45,0,0.56774916,6250.0,22,0,1,0,2.0
28349,0,0.00934221,37,0,0.341063575,2500.0,9,0,0,0,3.0
28350,0,0.38021563,49,0,0.466396659,7900.0,11,0,1,0,2.0
28351,0,0.9625394859999999,53,0,0.415381099,8750.0,11,0,2,0,2.0
28352,1,0.95286669,35,0,1.040843042,7638.0,16,0,3,0,1.0
28354,0,0.913907285,23,0,264.0,,2,0,0,0,
28355,0,0.279450202,50,0,0.5730259529999999,7243.0,19,0,2,0,0.0
28357,0,0.607322527,77,2,0.789802549,4000.0,10,0,1,0,0.0
28358,0,0.986121474,36,3,5016.0,,12,0,1,0,0.0
28359,1,0.9999998999999999,30,0,0.05088596099999999,2200.0,2,1,0,0,0.0
28360,0,0.611070844,33,0,0.895688875,3316.0,12,0,1,0,2.0
28362,0,0.634335868,45,0,0.653383568,6900.0,13,0,2,0,2.0
28363,0,0.9999998999999999,78,0,0.268953069,553.0,1,0,0,0,0.0
28364,0,0.002474534,30,0,0.25834833,5000.0,12,0,2,0,0.0
28366,0,0.171471421,26,0,0.208496965,2800.0,5,0,0,0,0.0
28367,0,0.0,36,0,2051.0,,7,0,2,0,0.0
28372,0,0.001903195,35,1,0.225887056,2000.0,13,0,0,0,0.0
28373,0,0.00249727,78,0,0.002332556,3000.0,15,0,0,0,0.0
28374,0,0.24210340600000002,28,0,0.051237190999999994,4000.0,7,0,0,0,0.0
28375,0,0.243071824,32,0,0.22007722,10100.0,4,0,1,0,2.0
28376,0,0.074103372,49,1,0.17120697399999998,15600.0,7,0,1,0,3.0
28377,0,0.7424960509999999,49,0,0.531413613,3055.0,8,0,1,0,0.0
28378,0,0.26351619800000003,58,0,0.36373205,13300.0,13,0,3,0,1.0
28379,0,0.02129929,83,0,0.010556622,2083.0,2,0,0,0,0.0
28381,0,0.049781760999999994,65,0,0.201308273,10853.0,8,0,2,0,0.0
28382,0,0.423849655,63,0,0.82919166,3500.0,11,0,1,0,0.0
28383,0,0.0058941440000000005,73,0,0.017312307,5833.0,16,0,0,0,0.0
28384,0,0.114054769,40,0,0.178238008,37275.0,17,0,3,0,0.0
28386,0,0.013508191999999999,86,0,0.43393677399999997,3700.0,13,0,1,0,1.0
28387,0,0.08271629400000001,62,0,12816.0,,21,0,5,0,0.0
28391,0,0.9999998999999999,34,0,0.940402194,2734.0,8,0,1,0,1.0
28392,0,0.063095629,65,0,705.0,,4,0,1,0,0.0
28393,0,0.00661277,62,2,0.003737215,5083.0,9,0,0,1,0.0
28394,0,0.324984043,66,1,0.337443759,6000.0,16,0,1,0,0.0
28395,0,0.177054525,60,0,1.9870064969999999,2000.0,10,0,2,0,0.0
28398,0,0.33079606699999997,55,0,0.534496864,11000.0,18,0,2,0,0.0
28400,0,0.024305102000000002,82,0,0.859285179,4000.0,12,0,2,0,0.0
28402,0,0.186195862,58,0,0.344123711,14549.0,10,0,2,0,2.0
28403,1,0.647653676,54,0,0.262126988,7606.0,10,0,1,0,4.0
28404,0,0.34730538899999996,63,0,3565.0,,12,0,1,0,1.0
28406,0,0.048830238,69,0,2100.0,,16,0,2,0,1.0
28407,0,0.709560403,49,0,0.40305224,5110.0,10,0,1,0,1.0
28408,0,0.10006203300000001,52,1,0.524618845,4000.0,21,0,1,0,0.0
28409,0,0.33410923800000003,47,0,0.418742406,6583.0,10,0,2,0,4.0
28410,0,0.037236912999999996,53,0,1467.0,,8,0,1,0,
28411,0,0.22475646,64,0,0.437731196,3243.0,14,0,1,0,0.0
28412,0,0.9999998999999999,44,0,0.08898220400000001,5000.0,1,0,0,0,0.0
28415,0,0.0,45,0,1231.5,1.0,4,0,2,0,2.0
28417,0,0.036051683,47,0,0.253303965,8625.0,10,0,1,0,2.0
28418,0,0.142739198,61,0,0.034990792,3800.0,8,0,0,0,0.0
28419,0,0.013491174,70,0,0.064945878,1200.0,9,0,0,0,0.0
28423,0,0.09916115800000001,74,0,0.01766078,3000.0,3,0,0,0,0.0
28424,0,0.7226339559999999,48,0,0.321580421,9642.0,11,0,0,0,0.0
28425,0,0.148114075,34,0,0.5883321570000001,4250.0,9,0,2,0,0.0
28426,0,0.564007915,68,0,0.6184615379999999,6824.0,12,0,3,0,0.0
28427,0,0.09212373900000001,34,0,0.36298748299999994,9666.0,6,0,2,0,1.0
28430,0,0.006249844,61,0,1141.0,,7,0,1,0,0.0
28431,0,0.424662515,53,0,0.66712049,4406.0,13,0,7,0,2.0
28432,0,0.05879525,29,0,3.183400268,746.0,7,0,2,0,0.0
28434,0,0.030402783,59,0,0.004999107,5600.0,3,0,0,0,0.0
28435,0,0.18016396699999998,33,0,0.701570681,3628.0,7,0,1,0,1.0
28436,0,0.0,48,0,0.11465902300000001,15000.0,4,0,1,0,1.0
28438,0,0.0,29,0,0.377624475,3333.0,6,0,1,0,0.0
28439,0,0.200939953,50,0,2251.0,,7,0,1,0,0.0
28440,0,0.066696665,46,0,6948.0,,5,0,4,0,
28442,0,0.063142668,77,0,792.0,,6,0,2,0,0.0
28443,0,0.0,52,0,0.576842105,1424.0,9,0,0,0,0.0
28445,0,0.041485085,66,0,0.09178164400000001,5000.0,12,0,1,0,1.0
28446,0,0.594253237,36,0,0.823025282,7000.0,9,0,3,0,1.0
28448,0,0.216995548,62,0,0.38301231399999996,6333.0,10,0,1,0,2.0
28449,0,0.001277742,58,0,0.248252124,9296.0,10,0,2,0,0.0
28450,0,0.034915913,66,0,840.0,,3,0,0,0,0.0
28452,1,1.584009994,42,3,0.299690642,2585.0,9,3,1,0,0.0
28453,0,0.07579621,38,0,0.494755769,10010.0,5,0,1,0,3.0
28454,0,0.625591146,59,0,0.718537415,5879.0,13,0,3,0,0.0
28455,0,0.9669120990000001,47,0,0.711800522,3448.0,11,0,1,0,2.0
28456,0,0.054449093,44,0,1793.0,,8,0,2,0,0.0
28457,0,0.0,63,0,0.069683145,16000.0,9,0,1,0,0.0
28460,0,0.243324688,64,0,0.439440994,7083.0,7,0,1,0,0.0
28462,0,0.067163048,62,0,2090.0,,13,0,3,0,0.0
28468,0,0.087738958,66,1,0.344814534,7925.0,13,0,2,0,1.0
28469,0,0.129863872,31,0,0.48953452,3200.0,9,0,0,0,0.0
28470,1,0.9999998999999999,30,98,0.0,2200.0,0,98,0,98,0.0
28471,0,0.13238681900000002,53,0,0.06489837799999999,40000.0,11,0,2,0,1.0
28472,0,0.403298351,51,0,0.647740904,2500.0,7,0,1,0,0.0
28475,0,0.012035283999999999,67,0,359.0,,6,0,0,0,0.0
28476,0,1.01239752,36,0,0.547290542,5000.0,10,0,1,0,4.0
28477,0,0.9999998999999999,78,0,0.0,,0,0,0,0,
28478,1,0.798134577,28,1,0.5335068310000001,1536.0,3,0,0,1,0.0
28479,0,0.164069391,32,0,0.80109945,2000.0,5,0,1,0,0.0
28480,0,0.584241576,44,0,0.08664527300000001,4050.0,5,0,0,0,1.0
28481,0,0.010501165,64,0,0.016496846000000003,2060.0,10,0,0,0,0.0
28482,0,0.032389762,68,0,1431.0,,8,0,1,0,0.0
28485,0,0.155722952,58,0,0.023898942000000003,2928.0,2,0,0,0,0.0
28487,0,0.014884668,68,0,0.154338265,2500.0,12,0,0,0,0.0
28489,0,0.020401315,74,0,0.003996448,2251.0,3,0,0,0,0.0
28490,0,0.158117342,56,0,1.235050196,4581.0,22,0,2,0,2.0
28491,0,0.058820149,71,0,0.384246301,2500.0,7,0,0,0,0.0
28492,0,0.349820024,54,0,0.19312936100000003,18629.0,4,0,2,0,2.0
28493,0,0.640926077,30,0,0.914034386,2500.0,8,0,1,0,2.0
28496,0,0.9999998999999999,52,0,0.350839776,3750.0,2,0,2,0,0.0
28497,0,0.197726593,83,0,0.041628959,3314.0,4,0,0,0,0.0
28498,0,0.0,41,0,0.0,,6,0,0,1,0.0
28499,0,0.00576584,63,0,0.10336208,8000.0,8,0,1,0,1.0
28500,0,0.09321704300000001,54,0,0.476209516,2500.0,10,0,1,0,0.0
28501,0,0.9999998999999999,54,1,0.09707325900000001,5500.0,4,0,0,0,1.0
28502,0,0.575475628,36,0,0.263065179,5108.0,6,0,0,0,0.0
28503,0,0.065233692,23,0,0.504369538,800.0,3,0,0,0,0.0
28504,0,0.075931568,57,0,0.239695341,6695.0,4,0,2,0,0.0
28505,0,0.006589519,80,0,0.171261248,7000.0,12,0,1,0,1.0
28506,0,0.102870042,40,0,1953.0,0.0,5,0,1,0,0.0
28507,0,1.096914385,54,2,0.467333095,2800.0,7,0,1,1,0.0
28508,0,0.044041027,48,1,0.276830778,10500.0,4,0,2,0,2.0
28509,0,0.44112222100000004,24,0,0.131464031,4350.0,4,0,0,0,1.0
28510,0,0.381151723,57,0,0.256590053,7700.0,8,0,1,0,0.0
28512,0,0.470389547,35,0,0.38365493799999995,12333.0,9,0,1,0,1.0
28513,0,0.323487927,51,0,0.257369419,5800.0,6,0,2,0,2.0
28517,0,0.18686456899999998,74,0,0.38511710600000004,3372.0,13,0,1,0,0.0
28518,0,0.06903266400000001,66,0,0.11776558,14392.0,11,0,3,0,0.0
28520,0,0.003860372,78,0,0.358564144,10000.0,13,0,2,0,0.0
28525,0,0.182510242,35,0,0.092581484,5000.0,5,0,0,1,0.0
28528,0,0.194327,47,0,0.785467128,2600.0,9,0,1,0,0.0
28529,0,0.311651272,57,0,0.34413656600000003,8083.0,13,0,1,0,0.0
28531,0,0.816398573,59,0,0.875494071,7083.0,31,0,2,0,3.0
28532,0,0.0,45,0,0.327223148,6600.0,13,0,2,0,0.0
28533,0,1.004284949,42,0,0.615486726,2259.0,7,0,1,0,1.0
28534,0,0.8664534190000001,51,0,0.326304308,5500.0,8,0,1,0,0.0
28535,0,0.003524015,82,0,0.0008693969999999999,10351.0,13,0,0,0,0.0
28537,0,0.136206955,39,1,0.31720127600000003,5330.0,8,0,1,0,4.0
28538,0,0.018528619,74,0,1.244796003,1200.0,15,0,1,0,0.0
28539,0,0.257798065,61,0,0.017825759,3982.0,3,0,0,0,0.0
28540,0,6.17e-05,82,0,110.0,,6,0,1,0,0.0
28541,0,0.108610611,45,0,0.015866116,4600.0,4,0,0,0,3.0
28542,0,0.999945566,68,1,0.277824368,8346.0,4,0,1,0,0.0
28543,0,0.10732956699999999,78,0,0.041635838,14866.0,11,0,1,0,0.0
28545,0,0.006617067,81,0,0.003907638,5629.0,11,0,0,0,1.0
28549,0,0.000244893,62,0,0.147404505,8167.0,4,0,1,0,0.0
28550,0,0.382336874,70,1,0.927145964,15633.0,29,0,3,0,1.0
28551,0,0.565203166,49,0,0.309275258,16667.0,10,0,2,0,5.0
28552,0,0.11266879699999999,51,0,1898.0,,4,0,1,0,
28554,0,0.127544192,71,0,7318.0,,17,0,4,0,0.0
28555,0,0.085263825,66,0,0.0064343609999999996,11966.0,5,0,0,0,1.0
28556,0,0.005124589000000001,71,0,0.001904308,4200.0,7,0,0,0,0.0
28557,0,0.246097528,61,0,0.37921215,8427.0,9,0,1,0,0.0
28560,1,0.942249667,37,6,0.074714023,12500.0,7,1,0,0,1.0
28561,0,0.916770807,30,0,0.382312298,2170.0,2,0,0,0,0.0
28562,0,0.8049350809999999,63,0,0.222492401,3289.0,4,0,0,0,0.0
28563,0,0.049625599000000006,62,0,907.0,,9,0,1,0,0.0
28564,0,0.366118272,80,0,0.606134669,8182.0,9,0,3,0,1.0
28565,0,0.0,46,0,0.26991565100000003,3200.0,5,0,1,0,1.0
28566,0,0.60994455,28,0,0.034634088,8430.0,4,0,0,0,0.0
28569,0,0.016101314,71,0,0.09631728,6000.0,5,0,0,0,0.0
28570,0,0.053569898,72,0,3110.0,,5,0,1,0,0.0
28571,0,0.845125729,58,0,1.581806065,3000.0,12,0,1,0,0.0
28572,0,0.159981054,67,0,1978.0,,15,0,1,0,0.0
28573,0,0.446855314,54,0,0.42743009299999996,1501.0,6,0,0,0,0.0
28574,1,0.9999998999999999,32,0,0.003745318,3203.0,1,2,0,0,1.0
28575,0,0.062233539000000004,65,1,0.276419012,4333.0,16,0,1,0,1.0
28577,0,0.314524394,47,0,2962.0,,10,0,2,0,0.0
28578,0,0.342192691,23,0,0.040824828,4800.0,2,0,0,0,0.0
28579,0,0.846861255,48,0,0.017255546,3650.0,1,0,0,0,0.0
28581,0,0.085060193,42,2,0.578991833,3550.0,16,0,1,0,1.0
28582,0,0.044146513,48,0,0.379412276,5750.0,7,0,2,0,2.0
28584,0,0.475013151,38,1,0.818590705,2000.0,8,0,1,0,0.0
28587,0,0.068417452,40,0,0.028615756000000003,5800.0,13,0,0,0,1.0
28588,0,0.846945678,55,1,0.186572465,26750.0,12,0,4,0,1.0
28589,0,0.0,68,0,3942.0,,9,0,2,0,0.0
28590,0,0.9999998999999999,66,0,0.182583647,4512.0,2,0,1,0,0.0
28591,0,0.38858988200000005,67,0,1543.0,,11,0,1,0,0.0
28593,0,0.37755187100000004,34,0,0.19952019199999999,2500.0,3,0,0,0,4.0
28595,1,1.097899365,29,2,1040.0,,7,0,0,1,0.0
28596,0,0.576978581,64,0,0.598770852,15945.0,20,0,4,0,1.0
28597,0,0.0,66,0,0.0,,2,0,0,0,0.0
28598,0,0.0,82,0,0.151777575,2193.0,4,0,0,0,0.0
28599,0,0.1099945,48,0,66.0,,1,0,0,0,0.0
28601,0,0.381482185,66,0,0.339522925,7000.0,11,0,1,0,0.0
28603,0,0.906704759,52,3,3178.0,,12,0,1,0,0.0
28605,0,0.0,46,0,2345.0,,10,0,1,0,3.0
28609,0,1.07831158,45,0,0.347135184,4467.0,4,0,0,1,0.0
28611,0,0.024773394,62,0,0.306361049,13000.0,3,0,1,0,0.0
28612,0,0.43213228299999995,64,0,0.391128614,9648.0,21,0,2,0,0.0
28613,0,0.009317088000000001,57,0,0.0044977509999999995,2000.0,6,0,0,0,0.0
28615,1,0.49169435200000006,56,2,889.0,,5,3,0,1,0.0
28616,0,0.046665347999999995,36,0,0.375017603,7100.0,3,0,1,0,3.0
28617,0,0.8593850670000001,40,0,0.20177741899999999,4950.0,6,0,0,0,1.0
28619,0,0.376194095,39,0,0.315836833,3333.0,14,0,0,0,2.0
28620,0,0.021551595,41,0,0.676718547,3083.0,7,0,2,0,0.0
28621,0,0.014495093999999998,54,0,0.149053992,6500.0,9,0,1,0,3.0
28622,0,0.054654142,40,0,0.441258638,6800.0,7,0,1,0,2.0
28625,0,0.20297225,62,0,0.39599702299999995,12090.0,12,0,3,0,1.0
28626,0,0.17423785600000002,77,0,0.375329974,4166.0,13,0,2,0,2.0
28627,0,0.317346638,54,1,0.291574181,11262.0,13,0,1,0,1.0
28628,0,0.08899931,42,0,0.445977326,7320.0,15,2,1,0,5.0
28629,0,0.11427381,51,1,0.7129733779999999,5333.0,18,0,2,0,0.0
28630,0,0.377201754,50,1,0.376709797,2704.0,4,0,0,0,2.0
28632,0,0.0,58,0,309.0,,6,0,1,0,
28633,0,0.9999998999999999,32,0,0.248560963,1910.0,2,0,0,0,1.0
28636,0,0.45045465100000004,40,0,0.456613961,7778.0,18,0,2,0,2.0
28637,0,0.9999998999999999,37,1,0.593499197,4983.0,4,0,1,2,3.0
28638,0,0.501588271,64,1,1821.0,,8,0,0,0,0.0
28639,0,0.084817595,40,0,0.285982713,7982.0,11,0,2,0,4.0
28640,0,0.100220951,76,0,0.13770127699999998,1800.0,4,0,0,0,0.0
28641,0,0.10787359,46,0,1.0063974409999998,2500.0,9,0,1,0,0.0
28642,0,0.0,41,0,0.0,1800.0,5,0,0,0,0.0
28643,0,0.021248845,82,0,0.106297901,3000.0,6,0,0,0,0.0
28644,0,0.501872659,33,2,0.547411104,6411.0,8,0,1,0,3.0
28645,0,0.701648802,45,1,0.176263655,5400.0,8,0,0,0,0.0
28650,0,0.14872128199999998,91,0,0.315949448,6250.0,5,0,1,0,0.0
28652,0,0.039135033,56,0,0.183981602,10000.0,8,0,2,0,0.0
28653,0,0.147009496,60,1,0.207172377,7500.0,11,0,1,0,1.0
28654,0,0.044085429,67,0,0.010887678999999999,9000.0,6,0,0,0,0.0
28655,0,0.05330991,65,0,0.384653465,4039.0,15,0,2,0,0.0
28656,0,0.903601483,52,0,0.311493512,21733.0,11,0,2,0,2.0
28657,1,1.086378738,51,0,0.032098765,3644.0,1,0,0,0,0.0
28658,0,0.005041433,79,0,8.0,,9,0,0,0,0.0
28659,0,0.177116986,40,0,0.32625390000000004,8333.0,8,0,2,0,1.0
28660,0,0.707967283,24,0,0.46553446600000004,1000.0,3,0,0,0,2.0
28662,1,1.021736768,41,3,0.352867308,7166.0,13,0,1,1,0.0
28663,0,0.044723207,77,0,0.21381640699999999,5326.0,10,0,1,0,0.0
28664,0,0.32508436399999996,70,0,0.497762118,10500.0,14,0,2,0,0.0
28668,0,0.019419516,77,1,0.06814935700000001,4900.0,13,0,0,0,0.0
28669,0,0.011315364,76,0,0.079685194,2032.0,3,0,0,0,0.0
28670,0,0.013317995,38,0,0.12237623800000001,5049.0,6,0,0,0,0.0
28671,0,0.9999998999999999,36,1,0.0,7000.0,0,2,0,0,0.0
28672,0,0.12064795800000001,35,0,1603.0,,15,0,3,0,0.0
28673,0,0.057357504000000004,69,0,0.262680087,5066.0,6,0,1,0,1.0
28675,0,0.0,60,0,0.05701592,2700.0,1,0,0,0,0.0
28676,0,0.021092532999999997,60,0,0.150545688,9345.0,5,0,1,0,1.0
28677,0,0.001157773,53,0,0.0,,3,0,0,0,0.0
28678,0,0.012095967,56,1,0.161658827,10416.0,8,0,1,0,0.0
28680,0,0.134371386,59,0,1182.0,,10,0,1,0,1.0
28681,0,0.052321737,37,0,0.167855476,15000.0,7,0,1,0,2.0
28682,0,0.254256291,91,2,0.519274036,6666.0,18,0,0,0,0.0
28683,0,0.473414784,37,0,0.207782935,2800.0,4,0,0,0,0.0
28685,0,0.004734409,77,0,4.277870216,600.0,7,0,2,0,0.0
28687,0,1.002307337,31,0,0.244521338,2600.0,5,0,0,0,3.0
28688,0,0.049365020999999995,64,0,2964.0,,9,0,2,0,0.0
28689,0,0.000843361,64,0,0.269485253,8916.0,9,0,2,0,0.0
28690,0,0.04423823,41,0,0.519230769,2183.0,4,0,2,0,0.0
28691,1,0.723410145,49,0,1.424131627,1640.0,13,0,3,1,2.0
28693,0,0.8982101790000001,39,0,0.463832785,4257.0,6,0,0,0,2.0
28694,0,0.072013225,44,0,0.009554494,9000.0,7,0,0,0,2.0
28697,0,0.037547632000000004,41,0,0.26997128,9400.0,5,0,1,0,3.0
28699,0,0.060217528,61,0,1028.0,,5,0,1,0,0.0
28702,0,0.063592646,79,0,0.10007942800000001,3776.0,8,0,0,0,0.0
28704,1,0.614755052,36,0,0.34717797,8787.0,12,0,1,0,2.0
28705,0,0.04209579,36,0,0.132135613,3450.0,6,0,0,0,2.0
28706,0,0.780183181,56,0,28.0,,1,0,0,1,0.0
28708,0,0.02212609,51,0,0.002755664,3265.0,2,0,0,0,0.0
28711,0,0.013841136,34,0,0.610807933,7512.0,10,0,3,0,0.0
28712,0,0.0,32,0,0.15137648,13766.0,3,0,2,0,0.0
28713,0,0.063106707,39,0,0.21044088,15400.0,9,0,2,0,4.0
28714,1,0.35961419299999997,52,2,0.750296209,3375.0,12,0,2,1,2.0
28715,0,0.9999998999999999,39,0,0.22227777199999998,10000.0,5,0,1,0,1.0
28716,0,0.100392345,57,0,0.949025487,2000.0,13,0,2,0,0.0
28718,0,0.01418299,44,0,0.371841155,3600.0,12,0,1,0,4.0
28720,0,0.731121134,54,0,0.7188818570000001,7583.0,18,0,2,0,0.0
28721,0,0.054857177,91,0,0.013623297,8000.0,5,0,0,0,1.0
28722,0,0.052537920999999994,58,0,1559.0,,6,0,1,0,0.0
28724,0,0.20573971300000002,71,0,0.357312832,5462.0,4,0,1,0,0.0
28725,0,0.418595159,61,0,0.165460472,18100.0,10,0,1,0,0.0
28726,0,0.655562958,31,0,0.135338346,6250.0,6,0,0,0,2.0
28727,0,0.811925983,60,1,0.5389320160000001,4250.0,8,0,2,0,0.0
28728,0,0.04480739,89,0,0.009462656,2958.0,3,0,0,0,1.0
28732,0,0.034865504,50,0,0.18960189100000002,5500.0,5,0,1,0,1.0
28733,0,0.042302269,51,0,1645.0,,9,0,1,0,0.0
28735,0,0.183575985,64,1,0.442542118,7300.0,21,0,2,0,0.0
28736,0,0.34273969600000004,32,0,302.0,,2,0,0,0,0.0
28737,0,0.090181964,30,0,0.003713225,3500.0,2,0,0,0,0.0
28739,0,0.10246064199999999,66,0,0.686345092,4166.0,18,0,2,0,2.0
28740,0,0.15758538,54,0,0.25822812100000003,9266.0,12,0,1,0,0.0
28741,0,0.246063405,62,1,1924.0,,17,0,1,0,3.0
28742,0,0.313015935,54,3,0.278201615,13500.0,17,0,1,0,0.0
28744,0,0.360691595,40,0,0.23603839399999998,2291.0,4,0,0,0,2.0
28745,0,0.7582016079999999,46,0,0.292906178,7865.0,6,0,2,0,1.0
28746,0,0.24374009800000002,47,0,10484.0,,22,0,4,0,0.0
28747,0,0.495823478,33,1,0.13905553,6500.0,7,0,0,0,0.0
28748,0,0.9999998999999999,59,0,0.280892978,40000.0,6,0,3,0,0.0
28750,0,0.139603364,74,0,1.158590308,1588.0,12,0,1,0,0.0
28751,0,0.9999998999999999,40,0,0.20672421600000002,2200.0,1,0,0,0,2.0
28752,0,0.011947794,37,0,0.30173092100000004,5083.0,11,0,1,0,1.0
28753,1,0.934410132,46,0,1.325593761,5641.0,10,0,3,0,4.0
28754,0,0.752026103,37,0,0.631099024,6250.0,9,0,2,0,1.0
28756,0,0.09483157699999999,64,0,1.017676768,4355.0,10,0,3,0,0.0
28757,0,0.271545486,63,0,0.412264623,6000.0,9,0,1,0,0.0
28759,0,0.056212632,36,0,0.21248835,8583.0,13,0,2,0,0.0
28760,0,0.67945529,44,0,0.295021577,9500.0,9,0,1,0,3.0
28761,1,0.9999998999999999,26,0,0.20589705100000003,2000.0,3,3,0,0,0.0
28762,0,0.0,50,1,0.705786777,8000.0,11,0,2,0,2.0
28763,0,0.146221344,68,0,0.303680289,4428.0,4,0,1,0,1.0
28765,0,0.22944263899999998,49,0,0.005666289000000001,15000.0,2,0,0,0,2.0
28766,0,0.04826324,58,0,0.14821294699999998,4000.0,12,0,1,0,0.0
28767,0,0.57972053,58,0,1828.0,,6,0,1,0,0.0
28768,0,0.014166605,53,0,0.216936572,2963.0,19,0,1,0,2.0
28769,0,0.262779267,65,0,0.42484063299999997,9725.0,15,0,2,0,1.0
28771,0,0.079120824,26,0,0.146719234,3550.0,8,0,0,0,0.0
28773,0,0.040366523,48,0,0.006876927,8433.0,8,0,0,0,0.0
28774,0,0.011778225,58,0,1327.0,,7,0,1,0,0.0
28775,0,0.0,60,0,1821.0,,8,0,1,0,
28776,0,0.038352489,51,0,0.12102905900000001,9600.0,10,0,2,0,0.0
28777,0,0.41848505399999997,53,0,0.19533851300000002,1801.0,7,0,0,0,1.0
28778,0,0.103964388,51,0,0.347301329,7373.0,3,0,1,0,0.0
28779,0,0.9999998999999999,46,0,481.0,,5,0,0,0,0.0
28780,0,0.637792505,37,0,0.459908018,5000.0,9,0,1,0,2.0
28782,0,0.0419985,65,0,0.044558698,1166.0,1,0,0,0,0.0
28783,0,0.176308202,33,0,0.249449246,5900.0,11,0,1,0,0.0
28785,0,0.08009488599999999,52,0,0.027192749,3750.0,11,0,0,0,0.0
28786,0,0.0,63,0,0.029291056,48000.0,9,0,1,0,1.0
28787,0,0.09795226300000001,56,0,0.492285439,4147.0,11,0,2,0,0.0
28789,0,0.00286209,78,0,0.20429086800000001,5266.0,8,0,1,0,0.0
28790,0,0.480311703,42,0,0.099417209,2916.0,6,1,0,0,1.0
28793,0,0.363245076,50,0,1.5671865630000001,3333.0,20,0,2,0,2.0
28794,0,0.187116258,47,0,0.408397901,4000.0,8,0,1,0,2.0
28795,0,0.04419779,31,0,0.772384388,3048.0,7,0,1,0,0.0
28796,0,0.111346499,64,0,0.406067804,9261.0,10,0,3,0,0.0
28797,0,0.047716904000000004,41,0,0.647319844,5633.0,5,0,2,0,1.0
28798,0,0.113006052,58,0,0.031221855,3330.0,5,0,0,0,0.0
28800,0,0.989274677,30,0,0.141220088,8900.0,3,0,0,0,1.0
28802,0,0.714323808,28,0,0.300531084,3200.0,7,0,0,0,0.0
28804,0,0.055949753,53,0,0.052868390999999994,2666.0,7,0,0,0,0.0
28805,0,0.583236127,29,2,0.323709051,1800.0,13,0,0,1,3.0
28808,0,0.035869811,54,0,0.022099447999999997,3800.0,4,0,0,0,1.0
28810,0,0.003071735,61,0,0.000970685,5150.0,9,0,0,0,1.0
28811,0,0.326949085,55,0,0.389145047,18000.0,13,0,3,0,0.0
28812,0,0.043611965,61,0,2820.0,,12,0,1,0,0.0
28813,0,0.49879713600000003,43,0,0.269735472,4800.0,6,0,0,0,0.0
28816,0,0.9660339659999999,30,0,0.14985015,1000.0,2,0,0,0,0.0
28817,0,0.036308982999999996,67,0,0.009022371,8090.0,6,0,0,0,1.0
28818,0,0.11559422,57,0,0.214382326,8871.0,4,0,1,0,0.0
28820,0,0.0,91,0,1315.0,,3,0,1,0,0.0
28826,0,0.0017420139999999998,50,0,0.000272702,11000.0,15,0,0,0,2.0
28827,0,0.11090039199999999,37,0,0.843696867,8233.0,9,0,3,0,2.0
28828,0,0.018076792,72,0,0.12145499400000001,4865.0,17,0,2,0,0.0
28829,0,0.011889543,51,0,0.079124958,35563.0,15,0,1,0,3.0
28830,0,0.4188547,42,0,0.384020533,30000.0,13,0,4,0,2.0
28831,0,0.0,52,0,0.10565921,9700.0,6,0,1,0,3.0
28832,0,0.046485935,43,0,0.38597449899999997,5489.0,7,0,2,0,3.0
28833,0,0.0,53,0,0.170863309,1667.0,8,0,0,0,0.0
28835,0,0.010893165,75,0,0.10384147,9032.0,10,0,0,0,0.0
28836,0,0.9999998999999999,62,0,692.0,,5,0,0,0,0.0
28837,0,0.580032531,71,0,0.151531931,5417.0,10,0,0,0,0.0
28838,0,0.483279904,42,0,0.5674290710000001,8000.0,8,0,2,0,3.0
28840,0,0.9999998999999999,66,0,0.0,,1,0,0,0,0.0
28841,0,0.929836129,53,0,0.5394927939999999,8950.0,22,0,1,0,0.0
28842,0,0.006906476999999999,62,0,1800.0,,13,0,2,0,1.0
28844,0,0.0,31,0,0.568311972,3666.0,4,0,2,0,0.0
28845,0,0.42804361399999996,35,1,0.892162114,5600.0,13,0,2,0,3.0
28846,0,0.454698325,60,0,0.46806649200000006,8000.0,10,0,2,1,0.0
28847,0,0.23863168899999998,82,0,0.100515735,9500.0,4,0,0,0,1.0
28849,0,0.006594416,81,0,0.27192442,4868.0,3,0,1,0,0.0
28850,0,1.6445182719999998,40,0,0.002153515,6500.0,1,0,0,0,5.0
28851,0,0.24685021,61,0,0.256522066,13300.0,6,0,1,0,0.0
28852,0,0.152408871,73,0,0.231501762,10500.0,17,0,2,0,0.0
28853,0,0.018584913,65,0,0.456108778,5000.0,9,0,1,0,0.0
28855,0,0.136954431,68,0,0.533068305,8300.0,13,0,3,0,2.0
28856,0,0.017419694,40,0,0.295800195,7166.0,5,0,2,0,0.0
28857,0,0.056895637,59,0,0.438012655,4266.0,10,0,2,0,0.0
28859,0,0.112919299,61,0,0.814296426,4000.0,25,0,2,0,1.0
28860,0,0.36980094700000005,72,0,0.7264085,7152.0,15,0,3,0,0.0
28861,1,0.9999998999999999,58,98,0.0,,0,98,0,98,0.0
28862,0,0.9999998999999999,40,0,0.8002666070000001,4500.0,6,0,2,0,1.0
28863,0,0.16496945,29,0,0.115109969,3500.0,5,1,0,1,1.0
28864,0,0.098768577,51,0,0.024821002,4189.0,4,0,0,0,2.0
28865,0,0.016771438,48,0,0.025989604,2500.0,8,0,0,0,0.0
28866,0,0.040177546,73,0,0.261609907,2583.0,5,0,1,0,0.0
28867,0,0.00373325,63,0,5.0,,5,0,0,0,0.0
28868,0,0.542208256,31,1,0.442047974,4960.0,6,0,1,0,0.0
28870,0,0.9999998999999999,97,0,0.0,,1,0,0,0,
28871,0,0.48763314700000004,45,0,0.386555951,12644.0,18,0,3,0,0.0
28872,0,0.121995643,49,0,0.20428978600000003,6666.0,4,0,1,0,0.0
28874,0,0.0,61,0,0.0,,2,0,0,0,0.0
28876,0,0.038512162,44,1,0.090272763,18000.0,10,0,2,0,1.0
28878,0,0.0,71,0,0.0,,2,0,0,0,
28879,0,0.379924015,53,0,2193.0,,6,1,1,0,0.0
28880,1,1.10442124,31,1,0.609365559,3309.0,7,0,1,0,0.0
28881,1,0.533710245,66,0,0.560355605,7198.0,16,1,1,0,0.0
28882,0,0.045590367,51,0,0.11019089,9900.0,8,0,1,0,1.0
28883,0,0.056447971,62,0,0.0026313020000000003,9500.0,2,0,0,0,0.0
28884,0,0.01499925,27,0,0.346663567,4300.0,13,0,1,0,0.0
28886,0,1.03127715,40,0,672.0,,3,1,0,0,0.0
28887,0,0.082406443,28,0,430.0,,13,0,0,0,0.0
28888,0,0.065842777,84,0,51.0,,3,0,0,0,0.0
28889,0,0.17283285899999998,39,0,0.27006863600000003,3350.0,5,0,0,0,2.0
28890,0,0.896367877,48,0,0.214642752,3400.0,5,0,0,0,0.0
28892,0,0.658341658,26,2,0.193829487,4245.0,3,4,0,0,2.0
28894,0,0.5402208310000001,47,0,2526.0,,12,0,1,0,5.0
28896,0,0.5724361139999999,42,0,3429.0,,8,0,1,0,0.0
28898,0,0.7654373740000001,36,0,920.0,,6,0,0,0,3.0
28899,0,0.49587219200000004,54,0,0.145990876,16000.0,8,0,0,0,0.0
28901,0,0.052358079,64,0,1.156562292,1500.0,9,0,1,0,1.0
28903,0,0.043639494,27,0,2.620915033,764.0,6,0,2,0,0.0
28904,0,0.036618821,43,0,0.238180946,8333.0,12,0,2,0,0.0
28905,0,0.9999998999999999,26,0,0.055511707,3800.0,1,0,0,0,0.0
28906,0,0.945746372,40,0,0.33196094600000003,8500.0,8,0,1,0,0.0
28909,0,0.254165858,33,0,0.390048867,4501.0,10,0,0,0,4.0
28912,1,1.142952349,25,0,102.0,,1,0,0,0,0.0
28914,0,0.0,54,0,2138.0,,9,0,1,0,0.0
28915,1,0.9872025590000001,67,3,0.6512195120000001,2869.0,3,1,1,0,0.0
28916,0,0.23191656,85,0,0.386183613,7700.0,11,0,1,0,0.0
28917,0,0.251043588,85,0,0.253641817,3500.0,13,1,1,0,0.0
28918,0,0.019799505,55,1,0.6492800870000001,3680.0,5,0,1,0,0.0
28920,0,0.145933474,31,0,0.06346682099999999,6916.0,4,0,0,0,0.0
28921,0,0.069177491,59,0,0.274336283,7005.0,6,0,1,0,1.0
28922,0,0.795046858,42,0,0.46220383600000003,7976.0,8,0,2,0,4.0
28924,0,0.760861957,33,0,0.20954033,5764.0,5,0,0,0,0.0
28925,0,0.0054913359999999994,68,0,0.438518188,4480.0,9,1,1,0,0.0
28926,0,0.05350759099999999,48,0,0.257983876,16000.0,16,0,2,0,2.0
28927,0,0.0,48,0,0.484402496,6250.0,11,0,2,0,2.0
28928,0,0.9652851929999999,62,0,0.30307209999999996,7974.0,16,0,1,0,0.0
28930,0,0.189770425,58,0,0.41477473200000003,8500.0,9,0,1,0,1.0
28931,0,1.119300437,62,5,0.646762831,2980.0,9,1,0,0,0.0
28932,0,0.008647644,52,0,0.003998001,2000.0,4,0,0,0,0.0
28934,0,0.085126921,43,0,0.219479653,5995.0,13,0,1,0,0.0
28938,0,0.9999998999999999,52,0,0.186892723,10085.0,12,0,2,0,0.0
28939,0,0.039403824,59,0,49.0,0.0,4,0,0,0,0.0
28940,0,0.0,52,1,0.168053245,600.0,4,1,0,0,0.0
28941,0,0.9999998999999999,38,0,0.05252633,7500.0,3,0,0,0,0.0
28942,0,0.9999998999999999,40,2,0.34421330899999997,8700.0,8,0,2,0,3.0
28943,0,0.0,78,0,1785.0,,4,0,1,0,0.0
28944,0,0.477042494,28,0,0.133560124,6760.0,10,0,0,0,1.0
28945,0,0.22446259,54,0,0.44863784100000004,4000.0,4,0,1,0,0.0
28947,1,1.667613935,42,0,0.295540892,5000.0,7,0,0,0,3.0
28949,0,0.046341727,45,0,0.228200371,4850.0,13,0,0,0,0.0
28950,0,0.48812555,53,1,0.451949783,9000.0,21,0,4,0,0.0
28951,0,0.002216877,42,1,0.531559729,5750.0,7,0,1,0,2.0
28952,1,0.5574521179999999,56,5,7160.0,,25,0,4,0,0.0
28953,0,0.0,45,0,0.408065619,2925.0,2,0,1,0,0.0
28954,0,0.9999998999999999,50,0,0.0,,0,0,0,0,0.0
28955,0,0.9999998999999999,69,0,0.0,,0,0,0,0,
28957,0,0.012518274,76,0,0.332333533,5000.0,14,0,1,0,0.0
28960,0,0.174761225,50,0,0.11342834,8630.0,13,0,0,0,2.0
28961,0,0.023792888999999998,56,0,0.009331778,6000.0,7,0,0,0,0.0
28963,0,0.004799904,42,0,0.27489086,7100.0,4,0,1,0,2.0
28964,0,0.195271145,67,0,560.0,,4,0,0,0,
28965,0,0.07375705,32,0,0.17036970399999998,11116.0,5,0,2,0,0.0
28966,0,0.96440356,38,0,0.470323548,4666.0,9,0,1,0,0.0
28967,0,0.0,56,0,0.0,11105.0,6,0,0,0,2.0
28968,0,0.11072455099999999,43,0,0.368895761,7760.0,11,0,1,0,3.0
28969,0,0.07156953,33,0,0.347640629,3750.0,12,0,1,0,0.0
28970,0,0.0,68,0,0.10534473300000001,20000.0,9,0,1,0,1.0
28971,0,0.0,23,0,0.186781609,1739.0,2,0,0,0,0.0
28972,0,1.011094718,44,1,0.36107012899999996,10166.0,7,0,1,1,2.0
28973,0,0.22235233699999998,43,0,0.38677555700000005,13958.0,9,0,1,0,0.0
28974,0,0.00169074,53,0,125.0,,6,0,0,0,
28975,0,0.42974951,68,0,1.047458665,3265.0,9,0,2,0,0.0
28977,0,0.034927948,62,0,1396.0,,8,0,1,0,0.0
28979,0,0.899271678,44,3,0.34400226899999997,45833.0,15,0,3,0,3.0
28980,0,0.6033986929999999,54,0,0.19585051899999997,8000.0,9,0,2,0,1.0
28981,0,0.027021998999999998,49,3,0.77689824,9600.0,15,0,5,0,2.0
28983,0,0.027375467,38,0,0.164135041,21000.0,7,0,1,0,0.0
28984,1,0.8830587109999999,52,0,0.325521393,4650.0,7,0,1,0,0.0
28985,0,0.058974001,43,0,0.264426388,7260.0,3,0,1,0,2.0
28987,0,0.33797746799999995,42,1,0.253323879,5640.0,6,0,1,0,2.0
28988,0,0.0,61,0,0.076386467,2866.0,2,0,0,0,0.0
28990,0,0.04341589,41,0,902.0,,6,0,2,0,0.0
28991,0,0.9999998999999999,66,0,0.23200514100000003,4667.0,5,0,1,0,0.0
28992,0,0.072044861,67,0,0.32620575,4208.0,10,0,2,0,0.0
28993,0,0.060019086,47,0,88.0,,6,0,0,0,0.0
28994,0,0.028396526000000002,65,0,1014.0,,7,0,1,0,0.0
28995,0,0.9999998999999999,47,0,543.0,,1,1,0,1,
28997,0,0.48668567799999995,62,1,0.280567534,7188.0,7,0,2,0,1.0
28998,0,0.018216258,60,0,2339.0,0.0,7,0,1,0,0.0
28999,0,0.897431339,44,1,0.408709339,3811.0,5,0,1,0,0.0
29000,0,0.9999998999999999,70,0,0.0,11000.0,1,0,0,0,0.0
29001,0,0.01459854,75,0,4.0,,2,0,0,0,0.0
29002,0,0.01196252,64,0,2017.0,,6,0,1,0,0.0
29003,0,0.07824837,52,0,0.269654666,4082.0,8,0,1,0,1.0
29007,0,0.97790221,43,2,0.38778579999999996,3323.0,5,0,0,0,1.0
29008,0,0.012135812,74,0,1830.0,,5,0,2,0,0.0
29009,0,0.023093622,61,0,4093.0,,9,0,3,0,2.0
29010,0,0.589632784,38,0,0.13356488800000002,6333.0,4,0,0,0,3.0
29011,1,0.38424416299999997,49,1,0.7734241909999999,1760.0,8,0,1,0,4.0
29017,0,0.539283042,56,2,0.382722379,3900.0,4,0,1,1,0.0
29018,0,0.000390225,60,0,0.0,,3,0,0,0,
29019,0,0.469312884,45,1,0.25436445,6930.0,13,0,1,0,4.0
29020,0,0.096408261,66,0,5212.0,,14,0,2,0,0.0
29021,0,0.9999998999999999,32,0,0.08140531299999999,3500.0,8,0,0,0,0.0
29022,0,0.002549767,65,0,924.0,,7,0,1,0,0.0
29023,0,0.08433326599999999,61,0,0.024010383,1540.0,3,0,0,0,0.0
29025,0,0.26786523100000004,30,0,1.231256248,3000.0,11,0,2,0,1.0
29026,0,1.013403648,62,4,0.364327135,5000.0,7,1,1,2,0.0
29028,0,0.0,69,0,0.0,2083.0,4,0,0,0,0.0
29030,0,0.9999998999999999,23,0,0.11555278,1600.0,1,0,0,0,0.0
29031,0,0.04449555,40,0,0.0016880920000000002,7700.0,1,0,0,0,0.0
29032,0,0.0,54,0,693.0,,7,0,1,0,0.0
29033,0,0.148052461,71,0,0.40360791100000004,4600.0,12,0,1,0,2.0
29035,0,0.269162282,56,0,0.17548603100000001,15533.0,12,0,1,0,0.0
29037,0,0.045730304000000006,53,0,0.012596505,2460.0,5,0,0,0,0.0
29039,0,0.228650243,39,0,0.39141447799999995,7500.0,8,0,0,0,0.0
29041,1,0.9844551840000001,50,2,0.12584615400000002,9749.0,4,1,0,2,3.0
29043,0,0.15727080400000001,63,0,0.054117647000000005,2974.0,2,0,0,0,0.0
29044,0,0.059553193,67,0,0.007088475,3808.0,2,0,0,0,0.0
29045,0,0.10015333,45,0,0.635649691,4201.0,9,0,1,0,2.0
29046,0,0.292827797,73,0,0.193124464,10500.0,13,0,1,0,0.0
29047,0,0.152587969,50,0,0.23168764100000003,9296.0,14,0,1,0,0.0
29048,0,0.007734876999999999,58,0,0.462276381,7713.0,6,0,1,0,0.0
29051,0,0.07215711400000001,77,0,54.0,,1,0,0,0,0.0
29053,0,0.72144362,50,0,0.46311780799999996,12078.0,15,0,2,0,1.0
29056,0,0.691849853,77,0,0.6302046579999999,1416.0,6,0,0,0,0.0
29058,0,0.415584416,23,0,0.005997001,2000.0,1,0,0,0,0.0
29059,0,0.43134027399999997,65,4,0.680429803,18333.0,29,0,8,0,0.0
29062,0,0.766657823,54,0,3019.0,,4,0,1,0,0.0
29063,0,0.002894845,88,0,0.001999429,3500.0,11,0,0,0,0.0
29064,0,0.9999998999999999,68,0,84.0,,5,0,0,0,0.0
29065,0,0.38166545799999996,45,0,0.688577856,4000.0,9,0,2,0,3.0
29066,0,0.10243875300000001,45,0,2894.0,,6,0,1,0,1.0
29069,0,0.0,61,0,0.639765748,7000.0,14,0,3,0,0.0
29070,0,0.94247172,45,0,0.796833773,5305.0,13,0,2,0,3.0
29071,0,0.05780677099999999,40,0,0.36764464799999996,6100.0,14,0,2,0,2.0
29072,0,0.41738068700000003,45,0,1.166021672,5167.0,13,0,3,0,0.0
29075,0,0.048651629,65,0,0.244722613,13500.0,7,0,3,0,1.0
29076,0,0.005579306,71,0,0.007763975,3219.0,4,0,0,0,0.0
29077,0,0.026211651000000002,61,0,557.0,,7,0,1,0,0.0
29079,0,0.9999998999999999,47,0,1970.0,,2,1,2,1,0.0
29080,0,0.00718165,52,0,0.261155051,6700.0,11,0,1,0,2.0
29081,0,0.061093571,58,0,5079.0,,21,1,4,0,1.0
29084,0,0.056702547,86,0,174.0,,5,0,0,0,0.0
29086,0,0.24523642699999998,64,0,0.23208707,9922.0,14,0,2,0,0.0
29087,1,0.9999998999999999,32,0,439.0,,1,0,0,0,3.0
29088,0,0.046531160999999994,75,0,0.04931689400000001,3000.0,21,0,0,0,0.0
29089,0,0.104752698,68,0,1010.0,,9,0,0,0,0.0
29092,0,0.9999998999999999,33,0,1.0,,2,0,0,0,0.0
29093,0,0.30728294899999997,53,0,1826.0,,9,0,2,0,0.0
29094,0,0.643938342,30,0,559.0,0.0,6,0,0,0,2.0
29095,0,0.21699783,51,0,0.8460747340000001,8750.0,12,0,2,0,2.0
29096,0,0.937327864,65,0,0.512817716,9166.0,11,0,2,0,1.0
29097,0,0.5009890770000001,42,1,0.426902431,9500.0,14,0,1,0,2.0
29099,0,0.138591585,42,0,3142.0,,10,0,2,0,1.0
29100,0,0.08864258400000001,52,0,0.41389652600000004,4000.0,7,0,1,0,1.0
29103,0,0.001045738,73,0,0.000349101,5728.0,5,0,0,0,1.0
29104,0,0.587457187,81,0,0.133216696,4000.0,11,0,0,0,0.0
29105,0,0.043538927000000005,52,0,68.0,,6,0,0,0,0.0
29107,0,0.010103634,32,0,0.013398295,820.0,5,0,0,0,0.0
29109,0,0.9999998999999999,40,0,1.31746504,3360.0,6,0,1,0,0.0
29110,0,0.0,44,0,0.474693252,2607.0,3,0,1,0,4.0
29112,0,0.260567717,47,0,0.106366658,11732.0,12,0,2,1,2.0
29113,0,0.139501826,49,0,0.471950321,9500.0,11,0,3,0,2.0
29114,0,0.03267642,58,0,2332.0,,5,0,3,0,0.0
29115,0,0.006571240999999999,63,0,0.429038064,15000.0,5,0,2,0,0.0
29118,0,0.550601195,60,0,0.5876802560000001,5616.0,13,0,2,0,0.0
29120,0,0.657675444,65,0,0.5191364079999999,3056.0,4,0,1,0,0.0
29121,0,0.9999998999999999,30,98,0.0,,0,98,0,98,1.0
29122,0,0.381983023,35,0,0.165254773,7908.0,8,0,0,0,0.0
29123,0,0.211755862,51,0,0.584438166,4600.0,14,0,1,0,2.0
29129,0,0.170457188,54,0,0.026441446,120000.0,12,0,1,0,3.0
29131,0,0.200034653,63,0,935.0,,6,0,0,0,0.0
29132,0,0.251358288,63,0,0.206974128,2666.0,4,0,0,0,0.0
29134,0,0.157651357,67,0,408.0,,12,0,0,0,0.0
29135,0,0.658178909,32,0,2133.0,,6,1,1,0,4.0
29137,0,0.61618569,42,1,0.585517346,6600.0,15,0,1,0,0.0
29138,0,1.007496252,32,0,0.362772871,6000.0,8,0,1,0,2.0
29139,0,0.0,51,0,0.005998081,4167.0,5,0,0,0,0.0
29140,0,0.03559822,41,0,0.282937365,4166.0,3,0,1,0,0.0
29141,0,0.0,60,0,0.116359628,6350.0,5,0,1,0,0.0
29142,0,0.0,45,0,0.0,,2,0,0,0,0.0
29143,0,0.822245653,56,0,1.0707943359999998,4166.0,14,0,2,1,2.0
29144,0,0.01392272,68,0,0.269682579,4000.0,7,0,1,0,0.0
29145,0,0.952031979,43,0,0.261692253,2800.0,5,3,0,2,0.0
29146,0,0.06793674400000001,68,0,2905.0,0.0,10,0,1,0,1.0
29147,0,0.801006419,45,0,0.167728603,5806.0,3,0,0,0,1.0
29148,0,0.112783538,42,0,0.384303435,4191.0,9,0,2,0,0.0
29150,0,0.0,35,0,0.237235173,16000.0,8,0,2,0,2.0
29151,0,0.070191491,48,0,0.797571974,14414.0,5,0,3,0,3.0
29153,0,0.435654565,38,0,1559.0,,8,0,2,0,0.0
29155,0,0.374494735,72,0,0.413685098,8300.0,16,0,1,0,0.0
29157,1,0.9999998999999999,31,0,503.0,,4,7,0,7,0.0
29158,0,0.544446464,53,0,0.880108992,1100.0,8,0,0,0,0.0
29159,0,0.040844917,47,0,0.270659761,4440.0,19,0,1,0,1.0
29160,0,0.305570918,56,0,0.6989199909999999,4536.0,18,0,1,0,1.0
29161,0,0.000532981,80,0,0.006087251,2956.0,5,0,0,0,0.0
29162,0,0.488317977,29,1,0.9100359859999999,2500.0,11,0,2,0,0.0
29164,0,0.07210496799999999,47,0,0.41707286600000004,8000.0,16,0,1,0,3.0
29166,0,0.049635172000000005,88,0,0.088382324,5000.0,11,0,0,0,0.0
29168,0,0.896054569,51,0,0.6754287840000001,5363.0,10,0,2,0,0.0
29170,0,0.3443505,48,3,193.0,,4,0,0,0,0.0
29171,0,0.19456018100000003,56,0,0.31884058,8900.0,4,0,2,0,0.0
29172,0,0.08949776300000001,69,0,0.061435085,4166.0,11,0,0,0,1.0
29173,0,0.38957320100000004,67,4,0.335107412,10333.0,7,0,2,0,1.0
29175,0,0.149327892,49,1,0.20670346399999998,12500.0,10,0,1,0,2.0
29176,0,0.236219127,71,0,0.015677492,5357.0,3,0,0,0,0.0
29179,0,0.9999998999999999,50,0,0.253539477,11512.0,3,0,1,0,3.0
29180,0,0.127467148,47,0,0.484841213,12500.0,13,0,1,0,2.0
29181,0,0.079269773,46,0,1106.0,,6,0,1,0,0.0
29182,0,0.0,24,1,0.091313042,4500.0,6,0,0,0,1.0
29183,0,0.165776502,48,0,0.308093606,6708.0,10,0,1,0,3.0
29184,0,0.0,45,0,0.0,3896.0,4,0,0,0,3.0
29185,1,1.08624264,41,0,0.737644733,3540.0,7,1,0,1,0.0
29186,0,0.10881414800000001,52,1,0.31928225600000004,7021.0,13,0,1,0,1.0
29188,0,0.7118266390000001,61,0,0.45457615700000004,2960.0,12,0,1,0,0.0
29189,0,0.09290709300000001,23,0,0.002150538,929.0,2,0,0,0,0.0
29190,0,0.579413285,47,0,1.3870451819999998,2500.0,13,0,5,0,2.0
29191,0,0.882614331,34,0,0.130872483,3575.0,3,0,0,0,3.0
29194,0,0.9999998999999999,27,0,0.0,1300.0,1,0,0,0,0.0
29195,0,0.927303635,55,0,3132.0,,5,0,2,0,0.0
29196,0,0.0,69,0,0.881277213,3444.0,7,0,3,0,1.0
29197,0,0.101293979,49,0,3138.0,,5,0,2,0,0.0
29198,0,0.26609596399999996,62,0,0.256189047,5331.0,16,0,1,0,0.0
29200,0,0.0,61,0,6556.0,,8,0,4,0,0.0
29201,0,0.637151936,42,1,1.5879307269999998,5600.0,20,0,5,0,1.0
29202,0,0.016199751000000002,73,0,0.004861982,6375.0,9,0,0,0,0.0
29203,0,0.05537669,67,0,0.021191522999999997,2500.0,3,0,0,0,0.0
29204,0,0.9999998999999999,52,0,0.256670902,1573.0,2,0,0,0,0.0
29207,0,0.514383259,55,2,5366.0,,16,0,3,0,1.0
29209,0,0.44830206799999994,79,0,0.412184674,2100.0,2,0,0,0,0.0
29210,0,0.95690988,39,0,4151.0,,8,0,2,0,3.0
29212,0,0.548804876,34,0,172.0,,3,0,0,0,3.0
29218,0,0.028640541000000002,43,0,0.214914075,9775.0,13,0,2,0,1.0
29219,0,0.334800795,45,0,0.410074674,7900.0,10,0,2,0,2.0
29220,0,1.0128850409999999,38,0,0.521191045,4600.0,12,0,1,0,3.0
29221,0,0.407810677,28,0,0.395920816,1666.0,9,0,0,0,0.0
29222,0,0.378025679,67,0,0.46760471200000003,3055.0,9,0,1,0,0.0
29224,0,0.111509502,68,0,744.0,,10,0,0,0,1.0
29227,0,0.8070192979999999,40,0,0.37118245899999996,3830.0,4,0,2,0,0.0
29230,0,0.9999998999999999,76,0,0.353425463,3400.0,8,0,2,0,0.0
29232,0,0.066079563,45,0,0.280410399,11500.0,12,0,1,0,4.0
29233,0,0.040381508999999996,39,0,0.872586176,5540.0,7,0,2,0,1.0
29234,0,0.14897993,41,0,0.285171483,10000.0,10,0,1,0,3.0
29235,0,0.177474066,74,0,0.19836885,3800.0,12,0,0,0,0.0
29236,0,0.040176636,50,0,0.22655763899999998,11250.0,11,0,1,0,0.0
29238,0,0.32535595300000003,26,0,0.22923173,1600.0,4,0,0,0,0.0
29241,0,0.926332756,43,0,1.016753453,4416.0,11,0,2,0,1.0
29242,0,0.000471041,66,0,0.34280817,7000.0,12,0,1,0,1.0
29243,0,0.0033768920000000003,45,0,0.784575982,3513.0,7,0,2,0,0.0
29247,0,0.31768949399999996,53,0,0.40338285700000004,21874.0,14,0,4,0,1.0
29248,0,0.71314741,26,0,0.11991434699999999,1400.0,2,0,0,0,0.0
29249,0,0.6775268729999999,56,2,0.352455943,8000.0,7,0,1,0,2.0
29250,0,0.269926624,60,0,0.649257749,13000.0,15,0,2,0,3.0
29251,0,0.328353945,54,0,0.065327889,12000.0,4,0,0,0,0.0
29252,0,0.017410372,76,0,0.140305011,2294.0,14,0,1,0,0.0
29253,0,0.118384565,64,0,210.0,,4,0,0,0,0.0
29255,0,0.46935223600000003,58,1,0.303209148,2710.0,8,0,0,0,1.0
29256,0,0.009273023,41,0,1778.0,,8,0,2,0,0.0
29258,0,0.011459771,81,0,0.21052631600000002,2906.0,7,0,1,0,0.0
29259,1,0.871272832,38,0,811.0,,20,0,0,1,0.0
29261,0,0.599755202,61,0,0.017592963,2500.0,2,0,0,0,0.0
29262,0,0.15580411800000002,55,0,1.201124297,1600.0,13,0,2,0,1.0
29263,0,0.346942398,69,1,0.403457613,4800.0,7,0,2,0,0.0
29264,0,0.249813562,66,0,0.623675265,5000.0,13,0,2,0,1.0
29265,0,0.07192169400000001,69,0,0.23057112600000002,6600.0,5,0,1,0,1.0
29266,0,0.0,36,0,0.953441874,3500.0,6,0,2,0,0.0
29267,0,0.30248837,55,0,0.6942591709999999,8395.0,18,0,3,0,0.0
29268,1,0.9999998999999999,40,0,0.0,,0,0,0,0,0.0
29271,0,0.035510322000000004,51,0,0.179079605,7800.0,7,0,1,0,3.0
29273,0,0.218103142,78,0,0.5549780089999999,2500.0,18,0,1,0,0.0
29274,0,0.01899393,66,0,1034.0,,7,0,1,0,0.0
29276,0,0.11339149400000001,44,0,0.341654247,5367.0,8,0,1,0,2.0
29277,0,0.191764601,71,1,0.242787775,3500.0,30,0,0,0,0.0
29279,0,0.256891851,31,1,75.0,,4,0,0,0,0.0
29280,0,0.011503806,80,1,0.5286878939999999,6500.0,17,0,1,0,0.0
29281,0,0.795932437,25,1,0.037756802,1800.0,3,0,0,0,0.0
29282,0,0.0,55,0,63.0,,2,0,0,0,0.0
29284,0,0.167011612,75,0,0.353272343,1420.0,5,0,0,0,0.0
29285,1,0.312819318,47,2,5497.0,0.0,24,0,2,0,2.0
29286,0,0.614833607,39,1,0.6478873239999999,2200.0,6,0,1,1,0.0
29287,0,0.873250167,45,0,0.461759387,9400.0,12,0,2,0,1.0
29288,0,0.038382442999999995,66,0,0.20322939899999998,7183.0,7,0,1,0,0.0
29290,0,0.0,55,0,0.22194624300000002,11272.0,8,0,3,0,0.0
29292,0,0.038002609,58,0,0.088059988,5200.0,19,0,0,0,2.0
29293,0,0.0,60,0,0.189688097,3141.0,5,0,0,0,0.0
29295,0,0.010849185,63,0,0.311586052,8000.0,9,0,4,0,0.0
29296,0,0.034426193,74,0,0.012035011000000002,3655.0,7,0,0,0,0.0
29298,0,0.0,64,0,0.862123613,630.0,9,0,1,0,0.0
29300,0,0.01022392,53,0,13.0,,5,0,0,0,0.0
29301,0,0.016859493,59,0,14.0,,2,0,0,0,0.0
29302,0,0.003785778,65,0,0.230544544,4792.0,7,0,1,0,0.0
29303,0,0.091501834,65,0,0.227013918,9483.0,6,0,2,0,3.0
29304,0,0.012890846000000001,53,0,0.061196345,5800.0,14,0,0,0,0.0
29305,0,0.335116663,67,2,0.30598723,8300.0,12,0,1,0,0.0
29306,0,0.06834892099999999,27,0,0.330393367,5668.0,8,0,2,0,0.0
29307,0,0.9999998999999999,35,0,0.18032786899999997,2500.0,2,1,0,0,2.0
29310,0,0.172134271,53,0,0.259977393,11500.0,14,0,3,0,0.0
29311,0,0.05834391,68,0,0.312488638,5500.0,8,0,2,0,0.0
29312,0,0.017813917,62,0,0.004126805,5330.0,5,0,0,0,1.0
29314,0,0.009507109,58,0,0.35225349899999997,6500.0,15,0,2,0,0.0
29315,0,0.341100145,58,1,1.780310984,20000.0,12,0,5,1,0.0
29316,0,0.82263389,36,0,0.306169022,13583.0,12,0,2,0,3.0
29318,0,0.35698725,67,0,0.10936357,2733.0,2,0,0,0,0.0
29319,0,0.0,35,0,0.170493405,2046.0,4,0,0,0,0.0
29320,0,0.888321667,33,0,1019.0,,4,0,0,0,2.0
29326,1,0.0,86,1,0.082983403,5000.0,12,1,0,0,0.0
29327,0,0.524205982,53,0,0.471228616,4500.0,10,0,1,0,2.0
29328,0,0.9999998999999999,32,0,0.0,4000.0,0,0,0,0,0.0
29329,0,0.585360976,48,0,0.7604099940000001,1560.0,4,0,1,0,1.0
29331,0,0.9999998999999999,46,0,0.00260794,3450.0,0,1,0,0,0.0
29332,0,0.9662796509999999,47,0,0.41809638299999996,9150.0,9,0,2,0,0.0
29334,0,0.7802861790000001,41,0,0.7249626309999999,2675.0,9,0,1,0,0.0
29335,1,0.80058651,31,0,0.397911833,6033.0,11,0,1,0,0.0
29339,0,0.013250637,50,0,0.231894727,10866.0,18,0,1,0,1.0
29340,0,0.044261635,78,0,0.025616608,10500.0,10,0,1,0,0.0
29341,0,0.571490656,36,0,0.11386353800000001,2300.0,6,1,0,0,0.0
29343,0,0.24085752600000002,36,0,0.274748478,8050.0,14,0,1,0,3.0
29345,1,0.30662351,50,0,1.6385247719999998,4500.0,10,1,3,0,1.0
29346,0,0.151492425,59,0,0.200518135,7719.0,3,0,2,0,0.0
29349,0,0.019332918,78,0,0.077974009,3000.0,5,0,0,0,1.0
29350,0,0.04876609,41,0,0.29773913,11499.0,15,0,3,0,2.0
29351,0,0.48617127600000004,47,0,43.0,,2,0,0,0,0.0
29352,0,0.011539768999999998,48,0,0.09268517800000001,13000.0,9,0,1,0,4.0
29353,0,0.039191284,61,0,0.172273409,14000.0,13,0,0,0,1.0
29355,0,0.09526283199999999,50,0,0.6788186429999999,4333.0,16,0,2,0,0.0
29356,0,0.971835642,39,1,0.37915785399999996,5200.0,12,0,0,1,2.0
29358,0,0.037188929,62,0,0.585467003,5545.0,19,0,2,0,0.0
29363,0,0.867292142,28,0,0.182064237,5541.0,4,0,0,0,0.0
29364,0,0.580652933,25,0,193.0,0.0,4,0,0,0,1.0
29365,0,0.0009130039999999999,30,1,0.16993202699999999,2500.0,7,0,0,0,0.0
29366,0,0.24311167600000003,42,0,0.55601907,3355.0,6,0,1,0,0.0
29367,0,0.5797139729999999,46,0,0.679433805,1200.0,5,0,0,0,0.0
29370,0,852.0,63,0,6820.0,,4,0,2,0,0.0
29372,0,0.151722365,48,0,0.085140175,85000.0,16,0,3,0,3.0
29373,0,0.27803186,53,0,0.485423645,8060.0,10,0,2,0,5.0
29374,0,0.341034656,46,0,0.402132521,2625.0,6,0,1,0,0.0
29377,0,0.900455505,26,0,0.9281364190000001,820.0,3,0,0,0,0.0
29378,0,0.09350823300000001,44,0,0.21069110300000002,13094.0,6,0,2,0,0.0
29379,0,0.592975293,35,0,2.2743628190000003,2000.0,12,0,2,0,0.0
29380,0,0.291321004,65,0,0.656782549,2933.0,20,0,1,0,0.0
29381,1,0.9999998999999999,33,0,0.30696995,4791.0,5,0,2,0,0.0
29383,0,0.000251043,47,0,0.08898397300000001,13788.0,7,0,1,0,2.0
29384,0,0.012590421999999999,53,0,0.23272403,11214.0,7,0,2,0,0.0
29385,0,2128.0,49,0,5443.0,,6,0,2,1,0.0
29387,0,0.35293414,55,2,0.372516344,7800.0,7,0,2,0,1.0
29389,0,0.363232735,48,0,0.107170166,17000.0,6,0,0,0,3.0
29390,0,0.37589198700000004,69,0,0.391159939,7827.0,11,0,3,0,0.0
29391,0,0.004370262,48,0,0.05779422099999999,10000.0,8,0,0,0,2.0
29393,0,0.092555178,53,0,2692.0,,8,0,1,0,0.0
29394,0,0.479368189,47,0,1718.0,,11,0,1,0,1.0
29396,0,0.024872132,74,0,953.0,,16,0,1,0,0.0
29398,0,0.102103795,63,0,0.097284151,7400.0,6,0,2,0,1.0
29399,1,1.0924672979999999,44,3,0.300569143,6500.0,40,0,0,0,1.0
29400,0,0.953253896,52,0,0.727970239,4300.0,7,0,2,0,1.0
29402,0,0.059681403,67,0,0.413917421,14700.0,8,0,2,0,0.0
29403,0,0.115377219,34,0,0.275164735,4400.0,3,0,1,0,3.0
29404,0,0.461733135,64,0,0.5082341429999999,6132.0,23,0,1,0,0.0
29405,0,0.0,62,0,0.447063806,7083.0,11,0,1,0,1.0
29407,0,0.492216926,44,0,0.450119986,2916.0,4,0,0,0,2.0
29408,0,0.363171485,76,0,0.11026616,4996.0,4,0,0,0,0.0
29411,0,0.5280007760000001,53,0,2315.0,,16,0,2,0,1.0
29416,0,0.031812398,33,0,0.369883041,8207.0,6,0,2,0,3.0
29417,0,0.861165202,38,0,0.655672164,2000.0,9,0,1,0,2.0
29418,0,0.0,48,0,0.11784779,12600.0,4,0,1,0,4.0
29419,0,0.34320124799999996,53,0,0.377370662,7750.0,8,0,1,0,3.0
29420,0,0.9999998999999999,37,0,0.0,,0,0,0,0,
29422,0,0.496749282,60,0,1.3583106269999998,2201.0,10,0,2,0,0.0
29423,0,0.38922155700000005,34,1,0.184345282,4100.0,3,2,0,1,0.0
29424,1,0.28915456,53,0,1.49190162,3333.0,14,0,2,0,2.0
29426,0,0.9999998999999999,35,0,0.106966925,2841.0,1,0,0,0,3.0
29427,0,0.945635578,59,0,0.534717541,7416.0,9,0,3,0,2.0
29430,0,0.311075476,37,0,0.27150926,7612.0,4,0,1,0,0.0
29431,0,0.9999998999999999,58,0,992.0,0.0,4,0,1,0,0.0
29432,0,0.15835935,58,0,0.6086710439999999,8833.0,18,0,3,0,1.0
29433,0,0.87210825,43,0,0.239236573,4505.0,3,0,0,0,0.0
29434,0,0.0,51,0,0.28580946,1500.0,6,0,0,0,0.0
29435,0,0.10888798400000001,46,1,0.43685567,3879.0,19,0,1,0,2.0
29436,0,0.9315961859999999,59,0,0.678904011,5583.0,10,0,2,0,0.0
29437,0,0.446328506,49,5,0.42668306200000006,6505.0,16,0,2,0,2.0
29438,0,0.08801356099999999,44,0,2522.0,,10,0,2,0,0.0
29439,0,0.023992085,58,0,0.613951266,6278.0,12,0,4,0,0.0
29441,0,0.22833565600000003,39,0,0.281461096,7993.0,10,0,2,0,2.0
29444,0,0.37137217,54,0,0.160732305,6936.0,12,0,0,0,0.0
29445,0,0.031871987000000004,68,0,0.37467269700000005,4200.0,12,0,1,0,0.0
29446,0,0.9999998999999999,28,0,0.11425851,4200.0,2,0,0,0,1.0
29447,0,0.058774849000000004,61,0,0.9557302440000001,2416.0,18,0,2,0,0.0
29448,0,0.103972356,29,0,3236.0,,9,0,3,0,0.0
29449,0,0.302469753,52,0,0.327873149,7630.0,10,0,2,1,3.0
29450,0,0.004899878,33,0,0.037804076,6083.0,9,0,0,0,0.0
29451,0,0.90964784,62,0,0.40682330200000005,6213.0,7,0,1,0,1.0
29452,1,0.365028862,49,0,1.820354665,1296.0,4,0,2,0,0.0
29453,0,0.087844594,42,0,0.11169582900000001,7600.0,2,0,1,0,0.0
29454,0,0.101487765,42,0,1.231340206,2424.0,16,0,2,0,0.0
29455,0,0.073697186,57,0,0.34410152899999996,10400.0,7,0,2,0,0.0
29456,0,0.741100324,35,0,0.18102687,7926.0,4,0,0,1,0.0
29457,0,0.0,46,0,0.000192345,5198.0,4,0,0,0,2.0
29458,0,0.907493436,54,1,0.111970141,3750.0,3,0,0,0,0.0
29459,0,0.5290743929999999,56,0,0.394658754,4380.0,10,0,2,0,0.0
29460,0,0.35613091399999997,57,0,0.45810449200000003,7100.0,9,0,2,0,0.0
29461,0,0.6976322420000001,29,0,0.305037126,4982.0,7,0,1,0,3.0
29462,0,0.010611841,86,0,0.193461308,3333.0,17,0,1,0,0.0
29465,0,0.19586684699999998,29,0,0.441619353,4050.0,13,0,1,0,0.0
29466,0,0.0,31,0,1966.0,,9,0,2,0,0.0
29467,0,0.180768362,53,0,166.0,,6,0,0,0,0.0
29468,0,0.623144432,47,0,0.631365198,3200.0,10,0,1,0,2.0
29469,1,1.898004435,41,0,0.49529259700000006,5416.0,3,5,1,1,3.0
29471,0,0.0,32,2,0.13143280300000001,2700.0,5,0,0,0,0.0
29472,0,0.672748072,37,2,0.319478769,4450.0,11,0,0,0,0.0
29474,0,0.15885981300000002,53,0,0.43540595299999996,6416.0,12,0,1,0,1.0
29477,0,0.470406671,42,1,0.621932899,11981.0,24,0,7,0,1.0
29478,0,0.258975351,64,1,0.5268700070000001,2753.0,10,0,0,0,0.0
29479,0,0.0,45,0,0.596618797,5500.0,5,0,1,0,0.0
29482,0,0.04502557099999999,67,0,0.272727273,15883.0,11,0,2,0,0.0
29484,0,0.042152405,81,0,0.008747813,4000.0,5,0,0,0,0.0
29485,0,0.9999998999999999,55,0,23.0,,0,1,0,0,0.0
29491,0,0.0,74,0,1232.0,,5,0,1,0,0.0
29492,0,0.128545051,47,0,0.489603454,8800.0,16,0,1,0,1.0
29493,1,0.968832696,24,0,0.09352518,1250.0,5,0,0,0,0.0
29494,0,0.004173329,64,0,0.100611189,6380.0,5,0,1,0,2.0
29497,0,0.9999998999999999,25,0,0.12724850099999999,1500.0,1,0,0,0,1.0
29498,0,0.009640985,90,0,0.079624782,4583.0,16,0,0,0,1.0
29499,0,0.030032999999999997,52,0,0.24092816600000003,4050.0,12,0,1,0,2.0
29500,0,0.40592952299999996,39,0,0.310441665,3916.0,8,0,1,0,0.0
29501,0,0.012783763,77,0,44.0,,14,0,0,0,0.0
29503,0,0.11525898300000001,45,0,1689.0,,6,0,2,0,0.0
29505,0,0.024125771,55,0,0.204256535,7000.0,18,0,1,0,3.0
29506,0,0.018558536,72,0,0.36857630799999996,6440.0,10,0,1,0,0.0
29507,0,1.0013331970000001,39,0,0.27972179999999996,4600.0,8,0,0,0,2.0
29509,0,0.071118657,73,0,0.063929708,6600.0,3,1,1,0,2.0
29511,0,0.147213124,63,0,0.282179455,4000.0,7,0,2,0,1.0
29513,0,0.131741878,60,0,0.11207783699999999,10688.0,15,1,2,0,0.0
29514,0,0.9999998999999999,29,0,0.0,1801.0,0,0,0,0,0.0
29515,0,0.121439534,51,0,0.454712599,10333.0,17,0,2,0,2.0
29519,0,0.212627108,40,1,0.919189114,3600.0,16,0,2,0,0.0
29520,0,0.0037035640000000003,67,2,0.8184072640000001,25000.0,12,0,3,0,0.0
29521,0,0.805287788,45,0,0.350012244,12250.0,5,0,2,0,2.0
29522,0,0.7298135090000001,32,0,757.0,,7,0,0,0,3.0
29523,0,0.030807986000000002,36,1,0.278980014,7254.0,7,0,2,0,0.0
29524,0,0.490195124,57,0,0.5384817789999999,7600.0,17,0,4,0,0.0
29525,0,0.0023635929999999998,94,0,0.00044603,6725.0,6,0,0,0,0.0
29526,0,0.452570735,39,1,0.30616072699999997,6930.0,7,0,2,0,2.0
29527,0,0.00680345,57,0,2556.0,,6,0,1,0,3.0
29528,0,0.412782989,62,2,0.6091994589999999,17000.0,17,0,6,0,2.0
29529,0,0.500537596,49,0,0.392921416,5000.0,6,0,1,0,2.0
29531,0,0.072947539,57,0,0.15703266400000002,10500.0,16,0,1,0,0.0
29532,0,0.040152357,57,0,0.602135026,3465.0,24,0,2,0,0.0
29534,0,0.055041737,64,0,0.319678127,4100.0,5,0,1,0,0.0
29536,0,0.211951479,62,0,0.07155158,18000.0,7,0,1,0,0.0
29538,0,0.022644266,50,0,0.370631195,3833.0,12,0,1,0,2.0
29539,0,0.013332785,74,0,0.0035985609999999997,2500.0,5,0,0,0,0.0
29540,0,0.05855833,42,0,0.175720465,17800.0,6,0,1,0,2.0
29542,1,0.9999998999999999,40,0,0.005782918000000001,2247.0,0,0,0,0,0.0
29543,0,0.9999998999999999,27,2,0.15818707,4500.0,2,1,0,1,0.0
29544,0,0.460036732,47,0,0.523295341,5000.0,9,0,1,0,2.0
29546,0,1.2137977,34,2,0.319966319,9500.0,8,4,0,0,2.0
29547,0,0.117020259,64,0,0.231508761,6448.0,9,0,1,0,0.0
29548,0,0.011926008,84,0,35.0,0.0,10,0,0,0,0.0
29549,0,0.006148877,32,0,0.0009998,5000.0,6,0,0,0,0.0
29550,0,0.210297559,42,0,0.267001435,6969.0,10,0,1,0,4.0
29551,0,0.497361812,68,0,0.490411408,6100.0,8,0,2,0,0.0
29552,0,0.133174343,69,0,0.332313845,8500.0,14,0,3,0,1.0
29553,0,0.29418783,52,0,2326.0,,4,0,1,0,0.0
29554,0,0.050373589,41,1,3120.0,,12,0,1,0,0.0
29555,0,0.002264523,70,0,0.009498417,6000.0,5,0,0,0,0.0
29557,1,0.730882974,63,0,0.656276015,10810.0,15,0,2,0,0.0
29558,0,0.38643647700000006,58,0,0.21104747100000001,10300.0,6,0,1,0,0.0
29559,0,0.33538066,39,1,0.43773859299999995,5500.0,8,0,1,0,1.0
29560,0,0.200371833,60,0,0.51029154,15400.0,21,0,7,0,1.0
29561,0,0.11472216699999999,53,0,0.145436452,7033.0,12,0,0,0,1.0
29563,0,0.9999998999999999,22,98,0.0,,0,98,0,98,0.0
29564,0,0.6057735320000001,53,0,0.444417238,4083.0,4,0,1,0,0.0
29565,0,0.012391671000000002,62,0,0.000858287,10485.0,5,0,0,0,0.0
29566,0,0.093637676,52,0,0.37377287600000003,8250.0,13,1,3,0,0.0
29567,0,0.41682822799999997,55,0,0.40202041,9700.0,18,0,2,0,1.0
29568,0,0.206223783,37,0,0.728628231,2011.0,3,0,1,1,0.0
29570,0,0.12289376699999999,57,0,0.139143476,6000.0,9,0,0,0,0.0
29571,0,0.047319014000000006,67,0,0.006517553000000001,6750.0,9,0,0,0,1.0
29572,0,0.43450026799999997,40,0,0.366204865,9166.0,9,0,1,0,0.0
29573,0,0.11022965900000001,51,0,0.038532477,45000.0,7,0,1,0,1.0
29574,0,0.660459621,58,0,2517.0,,14,0,2,0,1.0
29575,0,0.0,47,1,0.082158776,8300.0,7,0,0,1,2.0
29577,0,0.386520937,40,0,0.18138604,11990.0,14,0,2,0,3.0
29579,0,0.164780053,54,0,0.249947928,4800.0,11,0,0,0,3.0
29581,0,0.0078117559999999996,47,0,0.08219401,6143.0,6,0,0,0,0.0
29582,0,0.7466631309999999,67,0,0.982437179,3700.0,16,0,2,0,0.0
29583,0,0.919774967,61,0,2305.0,,23,0,0,0,0.0
29584,0,0.138431305,46,1,0.484631453,3350.0,17,0,2,0,2.0
29585,0,0.9999998999999999,38,0,0.061437001,8642.0,4,0,0,0,3.0
29587,1,0.396764871,52,0,1.3712236469999999,4600.0,12,0,3,0,3.0
29589,0,0.34322617899999996,46,0,0.32895318,9055.0,4,0,1,0,0.0
29590,0,0.052147498,50,1,0.491637631,2869.0,6,0,1,0,1.0
29591,0,0.0,22,0,0.106642291,1640.0,3,0,0,0,0.0
29592,0,0.718246553,61,0,0.8023218320000001,3100.0,14,1,1,0,1.0
29593,0,0.08138738200000001,57,0,0.515428289,4050.0,6,0,2,0,0.0
29594,0,0.9999998999999999,30,0,0.0,,0,0,0,0,0.0
29596,0,0.00539946,57,0,1.0,,3,0,0,1,0.0
29597,0,0.635016534,54,1,0.438842415,4422.0,15,0,1,0,0.0
29598,0,0.032242372000000005,56,0,0.135755914,8750.0,8,0,1,0,3.0
29599,0,0.209438613,61,0,3375.0,,10,0,1,0,1.0
29603,0,0.13707451699999998,51,1,3743.0,,8,0,1,0,0.0
29604,0,0.013998833,93,0,5.0,,2,0,0,0,0.0
29606,0,0.0,37,0,0.42829331600000003,1540.0,13,0,1,0,2.0
29608,0,0.073548215,61,0,0.18648668,14000.0,7,0,1,0,2.0
29609,0,0.273460978,46,0,0.34073369299999995,9458.0,14,0,1,0,3.0
29610,0,0.00471574,28,0,0.002888247,4500.0,12,0,0,0,0.0
29611,0,0.048760343,66,0,0.164778714,7591.0,14,0,2,0,0.0
29612,0,0.9999998999999999,85,0,0.024062933999999998,2160.0,1,0,0,0,0.0
29616,0,0.30571234199999997,36,0,0.41181783,7750.0,7,0,1,0,1.0
29617,0,0.22780864,67,0,0.379350125,5200.0,19,0,2,0,0.0
29618,0,0.890849296,55,0,0.33714146799999994,16455.0,14,0,1,0,3.0
29619,0,0.011249297,61,4,0.365459301,12616.0,11,0,3,0,0.0
29620,0,0.071514769,67,0,0.080856403,12750.0,24,0,0,0,2.0
29621,0,0.041081322999999996,50,0,544.0,,3,0,1,0,0.0
29624,0,0.705130914,50,0,0.31810686,6063.0,4,0,0,0,0.0
29628,0,0.328582083,42,0,969.0,,6,0,0,0,0.0
29629,0,0.062648434,69,0,0.075970003,9200.0,8,0,0,0,1.0
29630,0,0.9999998999999999,53,0,0.0,7000.0,0,0,0,0,0.0
29632,0,0.043053812000000004,53,0,0.457796595,11100.0,13,0,2,0,1.0
29633,0,0.9804007840000001,36,0,0.40111977600000004,5000.0,9,0,1,1,0.0
29635,0,0.7504990020000001,22,0,0.009159034,1200.0,1,0,0,0,0.0
29636,0,0.931369236,40,0,0.262789535,6000.0,14,0,0,0,3.0
29637,0,0.20247536600000002,61,0,0.039132812999999995,20110.0,7,0,0,0,0.0
29638,0,0.043951505999999994,75,0,44.0,,5,0,0,0,0.0
29639,0,0.491474381,57,1,0.599038096,7900.0,20,0,3,0,0.0
29640,0,0.021911227999999998,40,0,0.315595201,3250.0,7,0,1,0,0.0
29641,0,0.00760583,50,0,0.045677256,6326.0,5,0,1,0,0.0
29644,0,0.759323607,50,0,0.816436713,5000.0,11,0,1,0,3.0
29645,0,0.9999998999999999,54,0,0.415260817,14166.0,9,0,1,0,0.0
29646,0,0.900309072,74,0,0.5193229,3130.0,7,0,1,0,0.0
29650,0,0.09621547800000001,50,0,3043.0,,7,0,2,0,0.0
29651,0,0.08711179699999999,43,0,1.724647194,3046.0,10,0,2,0,1.0
29652,0,0.162353424,48,0,0.56017968,7568.0,11,0,2,0,1.0
29653,0,0.0,37,1,0.35816388200000004,4966.0,5,0,2,0,0.0
29655,0,0.12043775300000001,52,0,0.5300948329999999,5166.0,9,0,2,1,2.0
29657,0,0.034265647999999996,72,0,0.057647962999999997,1300.0,9,0,0,0,0.0
29659,0,0.036110632999999996,45,0,0.075955491,6200.0,11,0,0,0,4.0
29660,0,0.060547410999999995,61,0,0.102815979,10688.0,4,0,1,0,1.0
29662,0,0.00818067,64,0,0.121234846,8000.0,18,0,1,0,0.0
29663,0,0.493715265,46,0,743.0,,4,0,0,0,0.0
29664,0,0.917605992,56,0,0.20264824399999998,3473.0,4,0,0,0,2.0
29665,0,0.9999998999999999,31,0,0.0,3710.0,0,0,0,0,3.0
29667,0,0.9999998999999999,53,0,0.274138188,6700.0,4,0,1,0,1.0
29670,1,0.006619235,45,2,0.285218146,9213.0,7,0,2,0,4.0
29672,0,0.44347649200000006,46,0,0.60789193,5625.0,14,0,1,1,3.0
29674,0,0.572129806,35,0,0.078431373,2396.0,1,0,0,0,0.0
29675,0,0.165891705,38,0,113.0,,8,0,0,0,0.0
29676,0,0.197333428,37,0,0.39587310200000003,11000.0,9,0,3,0,0.0
29677,0,0.117937167,53,0,0.31558004300000003,9800.0,10,0,2,0,0.0
29681,0,0.038753655,64,0,4010.0,,12,0,2,0,2.0
29682,0,0.060096995,48,0,4044.0,,11,0,2,0,0.0
29683,0,0.099580084,26,0,0.14202415699999998,2400.0,2,0,0,0,1.0
29685,0,0.047912002,68,0,0.021672875,2952.0,6,0,0,0,0.0
29686,0,0.293967337,36,0,0.7789570840000001,4333.0,7,0,2,0,0.0
29687,0,0.613041254,60,0,0.21337695399999998,2750.0,6,0,0,0,0.0
29689,0,0.25651161100000003,33,0,474.0,1.0,5,0,1,0,3.0
29690,0,0.027327194,48,0,0.60389084,3700.0,14,0,1,0,2.0
29691,0,0.20608154199999998,60,0,0.600965202,3936.0,6,0,3,0,3.0
29692,0,0.233927327,66,0,1938.0,,13,1,2,0,0.0
29693,0,0.028108069,71,0,22.0,,3,0,0,0,0.0
29694,0,0.0,43,0,0.25247783,5750.0,17,0,1,0,0.0
29698,0,0.07414744599999999,36,0,885.0,,5,0,2,0,0.0
29699,0,0.125041665,56,0,0.503056373,4416.0,9,0,3,0,0.0
29706,0,0.221471141,28,0,0.476601545,2200.0,9,0,0,0,0.0
29707,0,0.043082615,66,0,0.377952756,8000.0,12,0,2,0,0.0
29708,0,0.039176924,53,1,0.36104741100000004,18750.0,16,0,3,0,3.0
29712,0,0.013589395,75,0,0.039245094,8000.0,6,0,0,0,0.0
29713,0,0.010427081999999999,73,0,0.73096976,2876.0,11,0,1,0,0.0
29715,1,0.9252781170000001,56,0,4546.0,,23,0,2,0,0.0
29716,0,0.20418134300000002,33,0,0.209116353,2500.0,5,0,0,0,1.0
29717,0,0.5677396929999999,76,0,0.204248601,6966.0,14,0,0,0,1.0
29718,0,0.18303762,37,0,0.464395021,4900.0,6,0,1,0,0.0
29719,0,0.07437135,67,0,83.0,,5,0,0,0,0.0
29720,0,0.617264283,63,0,0.264941395,8616.0,4,0,1,0,2.0
29721,0,0.040845473,39,0,0.314457029,1500.0,6,0,0,0,2.0
29723,0,0.10464582,44,0,0.36468044899999996,7400.0,11,0,2,0,2.0
29724,0,0.447456817,63,0,0.5211032179999999,7178.0,11,0,1,0,0.0
29726,0,0.0,75,0,1.061277034,3883.0,11,0,7,0,0.0
29728,0,1.001636238,45,1,0.852778956,7070.0,12,0,2,0,0.0
29729,0,0.212398967,39,0,0.472018445,9541.0,10,0,4,0,0.0
29732,0,0.097773432,57,0,4820.0,,8,0,3,0,0.0
29734,0,0.31520946899999996,31,0,0.157065006,5137.0,5,0,0,0,0.0
29735,0,0.002514347,63,0,3078.0,,11,0,1,0,0.0
29736,0,0.460194637,44,0,0.407014682,4903.0,7,0,1,0,0.0
29737,0,0.464237127,63,0,1.560274828,1600.0,17,0,1,0,0.0
29738,0,0.48386200799999995,37,0,3490.0,,8,0,2,0,0.0
29739,0,0.034331426,69,0,1123.0,,12,0,1,0,0.0
29740,0,0.0,58,0,1241.0,,10,0,2,0,0.0
29741,0,0.757078202,37,1,0.594704684,5400.0,7,0,2,0,3.0
29742,0,0.22430879999999997,49,3,0.426403642,5271.0,11,0,3,0,1.0
29743,0,0.10514808699999999,85,0,0.30850091399999996,2187.0,14,0,1,0,0.0
29744,0,0.0035026590000000004,62,1,0.00049995,10000.0,10,0,0,0,0.0
29745,0,0.038916458,47,0,0.165276074,8149.0,9,0,2,0,0.0
29747,0,0.02499219,51,0,0.307666777,3012.0,6,0,1,0,2.0
29748,0,0.023439829,70,0,32.0,,4,0,0,0,
29749,0,0.043811916,49,0,0.18970257399999998,4000.0,7,0,1,0,0.0
29750,0,0.9999998999999999,55,0,0.143964009,4000.0,1,0,0,0,0.0
29751,0,0.088051434,45,0,0.312464493,8800.0,9,1,2,0,0.0
29752,0,0.6281958910000001,65,0,0.47484276700000005,4451.0,8,0,1,0,0.0
29753,0,0.9999998999999999,47,0,0.465267783,13200.0,7,0,3,0,1.0
29754,0,0.9999998999999999,45,0,0.250868878,3164.0,2,0,0,0,0.0
29755,0,0.5843513220000001,54,0,1453.0,,3,0,1,0,0.0
29756,0,0.24990319100000002,44,0,0.593167702,7083.0,11,0,2,0,0.0
29757,0,0.25623741699999997,56,0,5705.0,,13,0,2,0,0.0
29759,0,0.53493014,64,1,593.0,,3,0,1,0,0.0
29760,0,0.01405871,34,0,613.0,,3,0,1,0,0.0
29761,0,0.064144123,66,0,0.133179511,10834.0,5,0,1,0,1.0
29762,0,0.09773769199999999,62,0,0.400266622,6000.0,31,0,1,0,5.0
29763,0,0.0312491,77,0,0.116655557,10500.0,21,0,1,0,0.0
29764,0,0.158692065,42,0,0.015830695,6000.0,1,0,0,0,3.0
29765,0,0.033229759,68,2,2841.0,,21,0,1,0,0.0
29766,0,0.0,73,0,0.403729226,7400.0,7,0,2,0,0.0
29767,0,0.11307350599999999,50,0,0.29776364,10373.0,10,0,1,0,0.0
29768,1,1.5948103790000001,30,0,0.11457325300000001,5166.0,4,5,0,0,0.0
29769,0,0.001807658,39,0,0.339932014,5000.0,4,0,1,0,0.0
29771,1,0.471885029,51,0,1788.0,,8,6,2,0,3.0
29772,0,0.143654774,52,0,3070.0,,5,0,1,0,
29776,0,0.24776921600000001,49,0,0.299592643,8100.0,20,0,1,0,1.0
29777,0,0.565676944,56,0,0.47607272700000003,6874.0,8,0,2,0,0.0
29778,0,0.53175888,60,0,0.405483727,4485.0,6,0,0,0,0.0
29781,0,0.031357702,50,0,0.185164985,7333.0,8,0,1,0,0.0
29783,0,0.17173232300000002,58,0,0.336925133,23200.0,6,0,4,0,1.0
29784,0,0.127549647,34,0,0.224552146,7200.0,6,0,1,0,2.0
29785,0,0.174926023,37,0,2435.0,0.0,5,0,1,0,3.0
29786,0,0.0,34,0,2270.0,,4,1,2,0,0.0
29787,0,0.19395124600000002,42,0,0.5093262279999999,5253.0,14,0,4,0,3.0
29789,0,0.697455952,78,0,0.325604341,6080.0,7,0,0,0,0.0
29790,0,0.027022398,70,0,102.0,,23,0,0,0,0.0
29798,0,0.220930483,70,0,0.7680043240000001,7400.0,21,0,4,0,0.0
29801,0,1.154477518,62,0,0.339709204,14167.0,13,0,2,0,0.0
29802,0,0.9999998999999999,38,0,0.47792765200000004,3261.0,3,0,1,0,0.0
29804,0,0.136511946,32,0,0.5936549329999999,2300.0,9,0,1,0,2.0
29806,0,0.030468763,55,1,0.45176735700000004,7100.0,13,0,2,0,2.0
29807,0,0.36593800600000004,42,1,0.19501491399999998,29166.0,13,0,1,0,0.0
29808,0,0.963190184,36,0,0.16054101699999998,3400.0,4,2,0,0,0.0
29810,0,0.22172535899999998,26,0,0.034182522,3100.0,3,0,0,0,0.0
29811,0,0.025576431,68,0,0.160921824,10066.0,7,0,1,0,0.0
29813,0,0.53106169,58,0,0.381146128,14500.0,23,0,2,0,0.0
29814,0,0.033866798,67,0,0.186232505,3500.0,5,0,0,0,0.0
29815,0,0.6457942760000001,33,0,0.39773484299999995,1500.0,4,0,0,0,0.0
29817,0,0.040123245,40,0,0.356984905,10400.0,9,0,1,0,2.0
29819,0,0.041493458999999996,70,0,0.26325893899999997,4166.0,4,0,2,0,0.0
29820,1,0.01955643,52,0,4130.0,,23,0,2,0,0.0
29821,0,0.051284493,64,0,0.011621573,5506.0,2,0,0,0,0.0
29824,0,0.346631408,42,2,0.6263930839999999,9600.0,22,0,3,0,3.0
29825,0,0.009818039,46,0,0.009086779,2200.0,7,0,0,0,0.0
29826,0,0.028809362999999998,88,0,0.004531985,5736.0,2,0,0,0,0.0
29828,0,0.983288102,32,1,0.565581695,3102.0,7,0,1,0,2.0
29832,0,0.056516837,74,0,0.43890828299999995,3150.0,7,0,1,0,0.0
29833,1,0.7832124540000001,55,2,0.15574754,4166.0,7,0,0,0,0.0
29834,0,0.151168463,60,0,0.20214432,8300.0,8,0,1,0,0.0
29837,0,0.001236871,45,0,0.148970206,5000.0,11,0,1,0,3.0
29838,0,0.020698786,69,0,0.38929874299999995,12334.0,15,0,2,0,0.0
29839,0,0.7816985909999999,52,0,0.354030367,8100.0,5,0,2,0,3.0
29840,0,0.06196152,40,0,0.29807342800000003,2750.0,3,0,0,0,2.0
29841,0,0.046998763,64,0,1900.0,,12,0,1,0,0.0
29842,0,0.0,87,0,0.0,,6,0,0,0,
29844,0,0.060276265999999995,47,1,0.28191144,7700.0,11,0,1,0,2.0
29845,0,0.061583142,59,0,0.297276563,10427.0,9,0,2,0,0.0
29850,0,0.361506299,56,0,0.298471537,8308.0,15,0,1,0,0.0
29851,1,0.7488543009999999,42,1,0.282472613,3833.0,8,0,0,0,1.0
29852,0,0.330820706,28,0,0.141502179,3900.0,4,0,0,0,1.0
29853,0,0.07722035,56,0,163.0,,6,0,0,0,0.0
29854,0,0.220665847,77,0,0.033193361,5000.0,4,0,0,0,0.0
29855,0,0.0,50,0,0.33680766,8250.0,11,0,2,0,0.0
29857,0,0.601734731,25,0,0.09436372300000001,6262.0,4,0,0,0,1.0
29858,0,0.000535951,42,0,0.042930116,9200.0,5,0,0,0,1.0
29861,0,0.0,79,0,0.070121165,3878.0,2,0,0,0,0.0
29862,0,0.135793295,52,2,0.247660187,8333.0,12,0,2,0,0.0
29865,0,0.065408616,51,0,4243.0,,7,0,2,0,0.0
29866,0,0.123274383,36,0,0.070560096,5016.0,7,0,0,0,0.0
29867,0,0.027665349,74,0,1116.0,,5,0,1,0,0.0
29869,0,0.165844527,74,0,2.157579389,3337.0,22,0,5,0,0.0
29870,0,0.085679384,63,0,0.268444752,8660.0,9,0,1,0,2.0
29872,0,0.0,84,0,0.461154021,2200.0,12,0,1,0,0.0
29874,0,0.33420764399999997,50,0,1.185113179,7200.0,15,0,2,0,0.0
29876,1,0.9999998999999999,48,0,0.968507873,4000.0,11,0,2,0,0.0
29877,0,0.993653855,45,1,0.613005958,9733.0,14,1,3,0,2.0
29878,0,0.20693868399999998,34,0,0.130177515,4900.0,19,0,0,0,0.0
29879,0,0.063443762,51,0,0.209962507,5600.0,8,0,1,0,2.0
29880,0,0.10148664800000001,46,0,0.266943292,5783.0,7,0,2,0,0.0
29881,0,0.189767183,45,0,0.527169949,10967.0,22,0,3,0,0.0
29883,0,0.9999998999999999,62,0,1775.0,,4,0,1,0,2.0
29884,0,0.8768691690000001,42,0,0.315223085,21000.0,16,0,1,0,3.0
29887,1,0.059756298,66,0,0.250163624,13750.0,16,0,2,0,0.0
29888,0,0.33783752100000003,52,0,1336.0,0.0,14,0,1,0,1.0
29891,0,0.017581565,74,0,17.0,,8,0,0,0,0.0
29892,0,0.372042372,58,0,0.61334002,1993.0,4,0,0,0,0.0
29893,0,0.003928149000000001,73,0,0.00019045799999999998,10500.0,14,0,0,0,0.0
29894,0,0.22341927600000003,41,0,3382.0,,15,0,2,0,1.0
29895,0,0.9999998999999999,33,4,0.748319328,2379.0,6,1,0,1,1.0
29896,0,0.7339362209999999,46,0,0.5122438779999999,2000.0,6,0,0,0,0.0
29897,0,0.0024721879999999997,74,0,58.0,,9,0,0,0,0.0
29898,0,0.037192561,27,0,0.360172926,3700.0,6,0,1,0,1.0
29901,0,0.164373474,62,0,0.196765075,6367.0,6,0,1,0,0.0
29902,0,0.024866156,87,0,0.002699055,5927.0,4,0,0,0,0.0
29903,0,0.310772282,32,1,0.361599448,2900.0,8,0,1,0,2.0
29904,0,0.301410954,29,0,0.133333333,3554.0,5,0,0,0,0.0
29908,0,0.017159314,38,0,0.185579345,15879.0,4,0,1,0,1.0
29909,0,0.528879393,59,0,0.639218915,8500.0,19,0,1,0,0.0
29910,0,0.49440705100000004,63,0,0.724283493,4500.0,6,0,1,0,0.0
29911,0,0.69480872,52,0,0.549165779,8450.0,8,0,2,0,0.0
29912,0,0.0,41,0,0.585269981,14500.0,17,0,2,0,1.0
29914,0,0.147258574,67,3,0.59445431,7320.0,15,0,2,0,2.0
29915,0,0.0029676140000000004,56,0,0.000152858,13083.0,4,0,0,0,0.0
29916,0,0.115187624,65,1,0.480803839,3333.0,8,0,1,0,0.0
29917,0,0.36906629799999996,56,0,0.325500337,8893.0,13,0,1,0,0.0
29919,0,0.18018426399999998,49,0,0.45113369799999997,6394.0,13,0,1,0,0.0
29922,0,0.543985786,40,0,0.23454943,8688.0,5,0,2,0,4.0
29925,0,0.058463572000000005,54,0,0.225167411,3583.0,5,0,1,0,0.0
29926,0,0.018457678,61,0,0.287840864,7590.0,12,0,2,0,2.0
29928,0,0.01617321,36,0,10.0,,4,0,0,0,0.0
29929,0,0.656167509,63,0,0.499920773,6310.0,15,0,3,0,1.0
29930,0,0.062143855,39,0,0.463014794,2500.0,6,0,0,0,2.0
29933,0,0.36024157100000004,36,0,2548.0,,9,0,1,0,
29934,0,0.995006242,38,1,0.28388897,6808.0,9,0,1,0,0.0
29935,0,0.0,79,0,0.0,9916.0,4,0,0,0,0.0
29939,0,0.696783975,49,0,0.344413897,4000.0,5,0,0,0,2.0
29940,0,0.068362601,59,0,0.39862259,3629.0,6,0,1,0,0.0
29943,0,0.043300312,35,0,0.19620943600000001,7333.0,4,0,2,0,2.0
29945,0,0.021045201,58,0,0.00433635,5303.0,3,0,0,0,0.0
29947,0,0.145742021,43,0,0.812080537,3426.0,8,0,2,0,3.0
29948,0,0.0,79,0,0.000245761,4068.0,7,0,0,0,0.0
29950,0,0.0,63,0,2182.0,,5,0,2,0,0.0
29951,0,0.047566762,52,0,0.01079784,3333.0,8,0,0,0,0.0
29952,0,0.00280939,81,0,400.0,,5,0,0,0,
29953,0,0.30491428600000003,65,2,0.28274231699999997,4229.0,18,0,0,0,0.0
29955,0,0.014605567,65,0,0.06255514400000001,11333.0,9,0,2,0,0.0
29956,0,0.36093141,79,0,0.472764125,3946.0,10,0,2,0,0.0
29957,1,0.184182787,35,0,0.121567582,3750.0,7,0,0,0,0.0
29959,0,0.00191296,41,0,3026.0,,11,0,2,0,0.0
29960,0,0.026285232999999998,65,0,46.0,,12,0,0,0,0.0
29961,0,0.062512401,49,0,0.562583321,6750.0,12,0,2,0,2.0
29962,0,0.008705200000000001,80,0,0.000861698,2320.0,4,0,0,0,0.0
29963,0,0.016349183,49,0,0.059306975,9003.0,4,0,1,0,0.0
29964,0,0.326146058,70,0,0.74652029,5100.0,14,0,2,0,0.0
29965,0,0.9999998999999999,27,0,0.014330945,6000.0,2,0,0,1,1.0
29966,1,0.9999998999999999,52,0,0.011244378000000001,5335.0,2,2,0,0,1.0
29968,0,0.022395521,80,0,0.10963012300000001,3000.0,2,0,0,0,0.0
29971,0,0.760820913,43,0,0.33609311299999994,8333.0,7,0,2,0,4.0
29975,0,0.937242798,65,0,0.662911612,1153.0,6,0,1,0,0.0
29977,0,0.9999998999999999,32,0,0.23988006,2000.0,1,0,0,0,0.0
29982,0,0.015414715,49,0,5025.0,,6,0,2,0,4.0
29984,0,0.035770446000000004,60,0,0.29504715,11770.0,7,0,2,0,2.0
29985,0,0.123872895,51,0,0.5220796529999999,6000.0,9,0,1,0,2.0
29986,0,0.051877359000000005,53,1,0.055590256,1600.0,9,0,0,0,0.0
29990,0,0.45169454200000003,58,0,0.425562299,2800.0,10,0,1,0,0.0
29994,0,0.004399707,68,0,1.0,0.0,1,0,0,0,0.0
29995,0,0.019170826000000002,64,0,954.0,,15,0,1,0,0.0
29996,0,0.013745595,69,0,0.00299925,4000.0,3,0,0,0,0.0
29997,0,0.404014625,54,0,0.070418512,7000.0,3,0,0,0,0.0
29998,0,0.439308476,62,0,0.46815029799999996,6200.0,9,0,1,0,1.0
30000,0,0.20583922100000002,41,0,0.174591563,4100.0,7,0,1,0,1.0
30002,0,0.027237694,67,0,1944.0,,10,0,2,0,0.0
30003,0,0.43027229200000006,37,2,0.39140899799999995,5400.0,6,0,1,0,1.0
30004,0,0.004284385,58,0,742.0,,8,0,1,0,2.0
30005,0,0.073634132,46,0,0.444150344,5666.0,9,0,1,0,3.0
30006,1,0.9453466979999999,55,4,1.608956417,2500.0,17,0,1,6,1.0
30008,0,0.0,36,0,1896.0,,7,0,1,0,0.0
30009,0,0.42242097700000003,54,0,0.23007751899999998,3224.0,5,0,0,0,3.0
30010,1,0.8656869079999999,64,4,0.212443717,7328.0,12,0,1,2,1.0
30012,0,0.0,44,1,503.0,1.0,4,0,1,0,2.0
30013,0,0.06389840299999999,47,1,0.120575885,5000.0,11,0,0,0,1.0
30014,0,0.0,70,0,2.776353276,701.0,15,0,1,0,0.0
30015,0,0.027422613,72,0,0.420939866,7000.0,16,0,2,0,0.0
30017,0,0.348216295,44,0,1320.0,0.0,12,0,1,0,2.0
30019,0,0.017293806999999998,40,0,0.279836008,20000.0,16,0,2,0,3.0
30020,0,0.006276966,52,0,0.007915018000000001,4800.0,10,0,0,0,0.0
30021,0,0.314468225,43,0,0.452246625,9925.0,6,0,2,0,3.0
30023,0,0.425983925,70,0,0.08447888,4000.0,6,0,0,0,0.0
30024,0,0.560054993,37,0,2274.0,,5,0,1,0,2.0
30026,0,0.060593941,37,0,0.00359928,5000.0,1,0,0,0,1.0
30029,0,0.0,50,0,0.511171293,1476.0,4,0,0,0,3.0
30030,0,0.9999998999999999,23,0,61.0,,1,0,0,0,0.0
30031,0,0.004289899000000001,57,0,0.060742407000000005,8000.0,10,0,0,0,1.0
30032,0,0.9999998999999999,29,0,0.39037178299999997,2097.0,4,0,0,0,1.0
30033,0,0.11471321699999999,40,5,0.449105398,6650.0,4,5,1,1,2.0
30034,0,0.889577288,47,0,0.09259074099999999,10000.0,4,0,0,0,0.0
30038,0,0.9141880590000001,50,3,0.280143971,5000.0,17,0,0,1,2.0
30039,0,0.9999998999999999,23,0,0.0,201.0,1,0,0,0,0.0
30040,0,0.0,50,0,0.60940499,4167.0,6,0,2,0,1.0
30041,0,0.10394030900000001,59,0,161.0,,6,0,0,0,0.0
30042,0,0.64823451,48,0,0.8742016109999999,3600.0,3,0,1,0,0.0
30043,0,0.011833932,73,0,0.094820018,3416.0,8,0,0,0,0.0
30047,0,0.051871704000000005,48,1,0.280568606,8300.0,6,0,2,0,2.0
30048,0,0.038145005,78,0,0.34566358399999997,4000.0,29,0,3,0,0.0
30049,0,0.0,37,0,0.372849501,6916.0,6,0,2,0,1.0
30050,0,0.11053564699999999,53,0,0.380864198,3239.0,12,0,2,0,1.0
30051,0,0.084847184,53,0,0.37458657,13000.0,20,0,1,0,1.0
30056,0,0.17866168600000001,62,0,858.0,,6,0,0,0,0.0
30058,0,0.0038815570000000003,71,0,0.117237953,6038.0,5,0,1,0,0.0
30059,0,0.093436263,61,0,0.062302839000000006,3803.0,4,0,0,0,0.0
30060,0,0.066102205,56,0,1616.0,,12,0,1,0,0.0
30061,0,0.265166758,34,0,0.28309741899999996,1200.0,8,0,0,0,0.0
30062,1,0.9999998999999999,52,0,0.346331334,4333.0,2,2,1,0,1.0
30065,0,0.04272477,76,0,0.043021033,2091.0,7,0,0,0,1.0
30067,0,0.18817584199999998,37,0,0.12696377,6237.0,12,0,0,0,3.0
30068,0,0.18299131899999999,37,0,2004.0,0.0,7,0,2,0,4.0
30069,0,0.022263684,67,0,0.467985535,4700.0,9,0,1,0,0.0
30070,0,0.46012483200000004,41,0,4200.0,,17,0,2,0,2.0
30071,0,0.047755320999999996,61,0,0.095113111,8000.0,9,0,1,0,1.0
30072,0,0.41538011,52,0,0.35607266,15083.0,10,0,2,0,2.0
30073,0,0.021909794,41,0,0.183824317,9334.0,4,0,2,0,4.0
30076,0,0.097612868,64,0,1496.0,,4,0,1,0,0.0
30077,0,0.100118963,66,0,0.30461133100000004,3794.0,4,0,1,0,0.0
30078,1,0.521604751,36,1,0.571828833,3925.0,7,0,1,0,4.0
30079,0,0.554040075,60,0,0.213217789,10500.0,13,0,2,0,0.0
30080,0,0.9999998999999999,22,98,0.0,,0,98,0,98,
30082,0,0.7672465509999999,54,0,2785.0,,6,0,2,0,1.0
30084,0,0.18694532600000002,68,0,1545.0,,13,0,2,0,0.0
30086,0,0.521946342,52,0,0.30144657,15000.0,8,0,2,0,0.0
30088,0,0.098431348,41,0,0.29889835800000003,4810.0,9,0,1,0,3.0
30091,0,0.015791617,59,0,0.577874332,8975.0,13,0,4,0,1.0
30093,0,0.0,51,0,29.0,,7,0,0,0,0.0
30094,1,0.06715899,48,0,0.7820132390000001,4380.0,18,0,1,0,0.0
30095,0,0.116198212,47,0,1688.0,,10,0,1,0,0.0
30097,0,0.011147114,74,0,0.354313217,2700.0,16,0,1,0,0.0
30098,0,0.340212835,30,1,373.0,,3,0,0,0,0.0
30099,0,0.0,46,0,4878.0,,12,0,2,0,0.0
30100,1,1.002038736,59,0,0.35920019,4200.0,4,0,1,0,0.0
30101,0,0.001698584,66,0,0.185029644,4047.0,6,0,1,0,0.0
30102,0,0.76023976,41,0,0.659624413,3833.0,5,0,1,0,3.0
30103,0,0.34717646799999996,37,2,0.185305592,3075.0,10,0,0,0,0.0
30104,0,0.05704176,65,0,0.658948014,6520.0,11,0,2,0,0.0
30105,0,0.035476637000000005,53,0,0.510311211,2666.0,8,0,1,0,0.0
30107,0,0.380148761,48,0,1041.0,,6,0,0,0,0.0
30110,0,0.624614172,43,0,0.700814762,8345.0,14,0,2,0,1.0
30111,0,0.000491219,73,0,1564.0,,8,0,1,0,0.0
30112,0,0.258608177,33,0,2626.0,,8,0,1,0,0.0
30113,0,0.000573939,65,0,0.231576842,10000.0,7,0,2,0,1.0
30114,0,0.096936052,33,0,0.141750228,8775.0,4,0,1,0,3.0
30115,0,0.591293222,81,0,0.295940812,5000.0,8,0,0,0,1.0
30116,0,0.249169435,53,0,0.319661625,3900.0,5,2,3,1,0.0
30117,0,0.9999998999999999,77,0,0.213914434,2500.0,3,0,0,0,1.0
30118,0,0.25723713800000003,65,0,154.0,,3,0,0,0,
30120,1,0.87234643,58,1,0.20118058100000002,8300.0,14,1,0,0,4.0
30121,0,0.7215012129999999,47,0,0.319597284,8541.0,11,0,2,0,0.0
30122,0,0.01802383,59,0,1425.0,,11,0,1,0,2.0
30124,0,0.003982713,44,0,790.0,,3,1,1,0,0.0
30125,0,0.0,40,0,0.38307470200000004,5541.0,10,0,1,0,1.0
30126,0,0.015689698999999998,37,1,0.7300981459999999,3667.0,12,0,1,0,2.0
30127,0,0.08386086599999999,52,0,4062.0,,12,0,3,0,0.0
30128,0,0.976136515,35,0,0.43939888899999996,3060.0,6,0,0,0,1.0
30131,0,0.020065931000000002,54,0,0.09406039599999999,15000.0,15,0,1,0,0.0
30132,0,0.411947946,50,0,0.429809141,7963.0,13,0,1,0,0.0
30133,0,0.858327574,66,3,0.385323266,4237.0,10,1,1,0,0.0
30134,0,0.00510152,66,0,3893.0,,8,0,2,0,0.0
30135,0,0.9999998999999999,46,0,0.031390135,1560.0,0,0,0,0,0.0
30136,0,0.0,23,0,0.0,1.0,1,0,0,0,0.0
30137,0,0.00861374,62,0,830.0,,7,0,2,0,0.0
30139,0,0.147352918,76,0,1180.0,,5,0,1,0,0.0
30140,0,0.9999998999999999,56,0,0.0,12000.0,1,0,0,0,0.0
30141,1,0.476014971,48,0,0.695092355,14833.0,13,0,4,0,2.0
30143,0,8.57e-05,48,0,6002.0,0.0,10,0,1,0,2.0
30144,1,0.275776498,62,0,0.181737392,4500.0,13,0,0,0,0.0
30145,0,0.0038357820000000003,76,0,0.42244719399999997,8000.0,17,0,2,0,1.0
30146,0,0.23343006800000002,63,0,0.107417916,7400.0,12,0,0,0,0.0
30147,0,0.089590183,48,0,0.004679906,16666.0,5,0,0,0,0.0
30150,0,0.0,46,0,0.25928367399999996,4550.0,6,0,1,0,1.0
30151,0,0.018358151,63,0,0.011847463999999999,2700.0,11,0,0,0,0.0
30153,0,0.331410441,60,0,102.0,,2,0,0,0,0.0
30154,0,0.016905022,55,0,1.509056839,1600.0,13,0,1,0,0.0
30155,0,0.049344793,59,0,74.0,,10,0,0,0,0.0
30156,0,0.690549651,29,0,0.17521704800000001,3800.0,4,0,0,0,0.0
30158,0,0.157873066,44,0,0.5921985820000001,2255.0,9,0,2,0,2.0
30160,0,0.44080095399999997,46,0,0.165833452,7000.0,5,0,0,0,0.0
30162,0,0.916350597,50,0,0.080191981,10000.0,6,0,0,0,1.0
30164,0,0.082422025,35,0,0.338550158,9200.0,4,0,1,0,0.0
30166,0,0.035591715,68,0,0.523844538,9519.0,15,0,3,0,0.0
30167,0,0.046602715999999995,76,0,0.166472255,6000.0,8,0,1,0,0.0
30169,0,0.163274411,57,1,1528.0,,8,0,1,0,0.0
30170,0,0.2231509,57,0,0.359059814,5700.0,14,0,1,0,1.0
30173,0,0.04414889599999999,34,1,0.632697275,12000.0,9,0,3,0,2.0
30174,0,0.36214561799999995,35,0,0.279696041,7500.0,10,0,0,0,0.0
30176,0,0.174032785,50,0,0.213750985,10151.0,13,0,1,0,1.0
30177,0,0.701679897,41,0,0.463867466,3500.0,17,0,0,0,4.0
30179,0,0.014031785,91,0,0.076294278,4036.0,11,0,0,0,0.0
30180,0,0.0,87,0,0.0,,2,0,0,0,
30182,0,0.448688386,64,0,1.285480349,1831.0,4,0,1,0,0.0
30183,0,0.051959557,64,0,1587.0,,11,0,1,0,0.0
30185,0,0.151245944,43,0,0.486951305,10000.0,10,0,2,0,2.0
30186,0,0.118088225,54,0,0.272222712,11350.0,11,0,1,0,2.0
30187,0,0.410317936,41,0,0.025481019,3845.0,3,0,0,0,2.0
30188,0,0.000276159,63,0,1654.0,,13,0,1,0,0.0
30189,0,0.519553245,34,0,0.234455959,3859.0,10,0,0,0,1.0
30190,0,0.580945222,61,0,0.333976055,22300.0,9,0,5,0,1.0
30192,0,0.995006242,43,0,0.010082493,3272.0,4,2,0,0,2.0
30193,0,0.30987175699999997,47,0,0.281337372,8583.0,10,0,1,0,0.0
30194,0,0.80725841,54,0,0.402637704,11600.0,11,0,4,0,2.0
30195,0,0.21790007399999997,67,0,0.369900655,4730.0,8,0,1,0,0.0
30196,0,0.017534399,60,0,0.15111873,11083.0,11,0,1,0,0.0
30197,0,0.458882512,32,0,0.6807037779999999,3466.0,8,0,1,0,0.0
30199,0,0.040991344,65,0,0.018745314,4000.0,4,0,0,0,0.0
30200,0,0.359747375,49,1,0.44601270299999995,4250.0,10,0,1,0,2.0
30201,0,1.664451827,52,1,1808.0,,5,0,1,0,
30202,0,0.093078174,58,0,0.708009847,5280.0,12,0,2,0,0.0
30203,0,0.105170284,60,0,1732.0,,7,0,1,0,0.0
30204,0,0.506715157,38,1,0.104686549,11500.0,7,0,0,0,0.0
30206,0,0.860093271,30,0,38.0,0.0,3,0,0,0,2.0
30207,0,0.145791003,51,0,0.310452418,7050.0,10,0,2,0,1.0
30208,0,0.013256763999999999,60,0,1933.0,0.0,12,0,2,0,0.0
30209,1,0.642277379,28,0,0.64583854,4000.0,9,0,1,0,0.0
30210,0,0.92020399,31,0,2022.0,,3,0,1,0,0.0
30213,1,0.9999998999999999,51,0,0.145141196,4815.0,2,0,0,0,0.0
30215,0,0.228988616,31,0,0.11565672099999999,3250.0,7,0,0,0,0.0
30217,0,0.0031425579999999997,41,0,0.366220736,5381.0,6,0,2,0,2.0
30218,0,0.0,22,0,0.0,,3,0,0,0,0.0
30219,0,0.396963238,47,0,0.244954273,12683.0,12,0,2,0,1.0
30221,0,0.000260075,44,0,0.319126074,5583.0,15,0,2,0,0.0
30222,0,0.002477514,64,0,0.0028557829999999998,2100.0,6,0,0,0,0.0
30224,0,0.7862213779999999,38,0,0.185381668,3392.0,4,0,0,0,3.0
30225,0,0.24376510899999998,38,1,0.198450387,4000.0,10,0,0,0,0.0
30226,0,0.009027413,52,0,0.47769106200000006,6790.0,16,0,2,0,0.0
30227,0,0.416289714,49,0,5753.0,,9,0,2,0,2.0
30228,0,0.010199709,86,0,0.252279635,4605.0,11,0,1,0,0.0
30230,0,0.9999998999999999,42,3,0.09176984699999999,9610.0,5,0,0,0,2.0
30231,0,0.9718161120000001,40,0,0.428847748,3618.0,5,0,0,0,3.0
30233,1,0.9999998999999999,49,0,1550.0,,2,1,1,0,0.0
30234,0,0.004966501,50,0,0.374583426,4500.0,6,0,1,0,3.0
30235,0,0.7071057190000001,56,0,1155.0,,8,0,1,0,0.0
30237,0,0.21668039100000003,54,0,0.138758477,1916.0,5,0,0,0,0.0
30240,0,0.547422596,40,0,0.251521298,3450.0,8,0,0,0,2.0
30241,0,0.6885533709999999,47,0,0.636752137,5381.0,15,0,2,0,3.0
30242,0,0.381747072,37,0,1354.0,,9,0,0,0,1.0
30243,0,0.971352432,25,0,0.177039665,3100.0,5,0,0,0,0.0
30244,0,0.123690274,44,0,0.25358763100000004,10800.0,5,0,2,0,5.0
30245,0,0.084146002,40,0,1373.5,1.0,8,0,1,0,2.0
30246,0,0.055288294,45,1,0.180712183,18000.0,16,0,2,0,4.0
30247,0,0.007486593000000001,54,0,11.0,,6,0,0,0,0.0
30248,0,0.9999998999999999,35,0,0.0,,0,0,0,0,
30249,0,0.9999998999999999,63,0,0.083371789,6500.0,6,1,0,0,1.0
30250,0,0.22617738199999998,48,0,0.364377795,3800.0,3,0,1,0,0.0
30252,0,0.736832222,37,0,0.30698659100000003,1416.0,8,0,0,0,0.0
30254,0,0.160094344,53,0,5788.0,,6,0,1,0,0.0
30255,0,0.0,51,0,2366.0,,8,0,2,0,0.0
30259,0,0.05936480400000001,73,0,0.045065059000000005,3150.0,10,0,0,0,0.0
30260,0,0.103724069,53,0,0.520842947,6500.0,9,0,2,0,0.0
30261,0,0.0,66,0,0.0,,4,0,0,0,0.0
30262,0,0.472527473,23,0,0.195464363,925.0,2,0,0,0,0.0
30263,0,0.021420866,63,0,0.011558888,3200.0,7,0,0,0,0.0
30264,0,0.063303539,33,0,0.254558541,4167.0,5,0,1,0,1.0
30265,0,0.203875525,58,0,0.25725923,7610.0,9,0,1,0,1.0
30266,0,0.061108382,56,1,3865.0,,11,0,2,0,2.0
30267,0,0.513542992,32,0,0.047401485,1750.0,3,0,0,0,0.0
30268,0,0.057215713,74,0,0.209282981,6010.0,13,0,1,0,0.0
30269,0,0.0,56,0,0.049112142000000004,6250.0,12,0,0,0,1.0
30270,0,0.994824788,42,0,0.20729878399999999,6000.0,7,0,0,0,0.0
30271,0,0.16146058800000002,52,0,0.535205275,4700.0,16,0,1,1,2.0
30272,0,0.09962622,43,0,1840.0,,12,0,1,0,0.0
30273,0,0.753655307,75,1,1.273257428,3600.0,8,0,2,0,0.0
30274,0,0.006187113,77,0,0.361659585,4000.0,4,0,1,0,0.0
30275,0,0.0,73,0,0.277077857,11032.0,8,0,2,0,0.0
30277,0,0.0,26,0,0.10422650800000001,2436.0,2,0,0,0,0.0
30278,0,0.743951557,75,0,0.177249708,7700.0,5,0,0,0,1.0
30279,0,0.131649015,60,0,0.033990288,3500.0,6,0,0,0,1.0
30281,0,0.07673946,29,0,0.309870887,2400.0,8,0,0,0,1.0
30282,0,0.241429819,38,0,360.0,,5,0,0,0,0.0
30284,0,0.18032871,69,0,0.376424066,10620.0,6,0,1,0,0.0
30287,0,0.053668227,79,0,46.0,,4,0,0,0,0.0
30288,0,0.433849069,63,1,1808.0,,7,0,1,0,
30290,0,0.023905865,75,0,0.004499100000000001,3333.0,5,0,0,0,0.0
30293,0,0.194717635,41,0,0.37786394100000004,2836.0,8,0,1,0,0.0
30295,0,0.022801607,56,0,7.0,,3,0,0,0,
30296,0,0.198036602,50,3,0.37241097799999995,9800.0,15,0,2,0,3.0
30298,1,0.9999998999999999,60,1,0.582508251,1817.0,5,2,1,1,0.0
30300,0,0.001967149,78,0,0.00023998099999999998,4166.0,3,0,0,0,0.0
30301,0,0.492325384,40,0,4901.0,,5,0,2,0,0.0
30302,0,0.199987501,42,0,0.974554707,2750.0,7,0,1,0,1.0
30304,0,0.236292124,38,0,5994.0,,7,0,2,0,1.0
30305,0,0.019322269,73,0,0.004666045,7500.0,4,0,0,0,0.0
30308,1,1.029725869,57,1,1.022630835,9190.0,8,0,1,0,2.0
30309,0,0.9999998999999999,52,0,552.0,,3,0,0,0,0.0
30310,0,0.082393618,75,0,854.0,,7,0,1,0,0.0
30312,0,0.041123972,62,0,0.9275603659999999,1200.0,8,0,1,0,0.0
30313,0,0.0,49,0,90.0,,8,0,0,0,0.0
30315,0,0.140100686,62,0,1309.0,0.0,14,0,1,0,0.0
30316,0,0.031736664,48,0,0.882506527,4595.0,9,0,3,0,0.0
30317,0,0.28422173,34,1,1234.0,,11,0,0,0,0.0
30318,0,0.0,67,0,842.0,,8,0,1,0,2.0
30319,0,0.0,67,0,0.0,,4,0,0,0,
30320,1,0.023255137999999998,27,0,0.138141576,5240.0,11,1,0,0,0.0
30321,0,0.485689947,40,0,0.420409511,9083.0,8,0,2,0,2.0
30323,0,0.0,40,0,0.194722111,2500.0,4,0,0,0,0.0
30324,0,0.9999998999999999,42,0,0.48755865200000004,7032.0,5,0,2,0,1.0
30325,0,0.001538567,43,0,0.8475270709999999,6833.0,19,0,2,0,2.0
30330,1,0.744726268,33,0,0.37989146,3500.0,8,0,0,0,5.0
30331,0,0.9999998999999999,47,1,0.625791403,3000.0,4,0,1,0,0.0
30332,0,0.282490749,56,0,5274.0,,16,0,2,0,2.0
30334,0,0.005153311,49,0,0.016995751,4000.0,7,0,0,0,0.0
30335,0,0.15641687199999998,38,0,0.384863867,4333.0,10,0,2,0,1.0
30337,0,0.019849008,64,0,1187.0,,6,0,1,0,
30340,0,0.040663278,68,0,725.0,,6,0,0,0,0.0
30341,0,0.067298917,43,0,0.230517965,15000.0,8,0,2,0,2.0
30342,0,0.022410345,76,0,24.0,,3,0,0,0,0.0
30343,0,0.111921205,58,0,0.497593484,2700.0,10,0,2,0,1.0
30344,1,0.198336837,47,2,0.5341763970000001,21666.0,14,0,4,0,4.0
30345,0,0.484099431,60,0,0.07994670200000001,1500.0,4,0,0,1,0.0
30346,0,0.014475501000000002,42,0,0.633626432,7505.0,8,0,4,0,0.0
30347,0,0.210700925,52,0,0.190306947,18569.0,17,0,1,0,3.0
30349,0,0.0,40,0,0.27267804,3692.0,9,0,0,0,0.0
30351,0,0.0,46,0,0.09477792199999999,5380.0,10,0,0,0,0.0
30352,0,0.5963403660000001,31,1,0.37358845700000004,6375.0,9,0,2,0,0.0
30353,0,0.6506986029999999,52,2,0.070718232,7239.0,5,0,0,2,3.0
30357,0,0.130246043,68,0,1393.0,,9,0,0,0,1.0
30358,0,0.9999998999999999,33,0,0.001678255,4170.0,0,0,0,0,1.0
30359,0,1.01036845,28,2,0.042695835999999994,5667.0,8,0,0,0,0.0
30361,0,0.657707485,48,0,2751.0,,10,0,1,0,0.0
30362,0,0.023094322,77,0,0.00874036,1944.0,2,0,0,0,0.0
30363,0,0.477406371,46,0,0.541642568,3457.0,9,0,1,0,3.0
30365,1,0.045869095,51,0,0.44113322200000005,10200.0,15,1,2,1,2.0
30367,0,0.7061586440000001,68,0,0.997930386,5314.0,10,0,2,0,0.0
30370,0,0.063364555,44,0,0.009001895,6331.0,4,0,0,0,3.0
30371,0,0.008534215,77,0,0.122469383,4000.0,17,0,1,0,0.0
30373,0,0.996454906,25,0,0.316677077,1600.0,3,0,0,0,0.0
30375,0,0.9999998999999999,83,0,0.0,3000.0,2,1,0,0,0.0
30376,0,0.084162666,46,0,2476.0,0.0,10,0,1,0,3.0
30377,0,0.309479463,55,0,1684.0,,6,0,1,0,0.0
30379,0,0.018821683999999998,60,0,0.9689396640000001,2800.0,4,0,1,0,0.0
30382,0,0.001159692,55,0,0.372193114,5343.0,18,0,1,0,0.0
30385,0,0.08793201099999999,39,0,1.206825233,2900.0,7,0,2,0,0.0
30386,0,0.176068195,73,0,0.31922692399999997,3000.0,11,0,1,0,1.0
30387,0,0.302514672,51,0,0.332629356,10416.0,7,0,3,1,1.0
30390,0,0.362733914,44,0,0.925522252,2201.0,5,0,1,0,1.0
30391,0,0.07352843099999999,44,0,0.013189448000000001,2501.0,5,0,0,0,2.0
30392,0,0.5344724279999999,55,0,2488.0,,12,0,1,0,0.0
30393,0,0.074388594,38,0,0.29190162,8334.0,8,0,3,0,2.0
30394,0,0.9999998999999999,39,0,0.36195236700000005,3400.0,2,0,2,0,1.0
30395,0,0.081020804,56,2,0.317548747,14000.0,15,0,1,1,1.0
30396,0,0.047582449000000006,74,0,0.035185926,2500.0,10,0,0,0,0.0
30397,0,0.13879277199999998,22,0,0.020430108,929.0,3,0,0,0,0.0
30398,0,0.018524537,33,0,0.010056898,87700.0,4,0,0,0,0.0
30399,0,0.009718643,57,1,0.17051554100000002,8010.0,17,0,1,0,0.0
30400,0,0.54264484,46,0,0.513226174,7900.0,9,0,1,0,1.0
30401,0,0.047944903,68,0,0.37965508600000003,4000.0,5,0,1,0,0.0
30402,0,0.892293408,56,0,1.257116621,3266.0,10,0,1,0,0.0
30403,0,0.072658547,64,0,0.13473669800000002,14583.0,9,0,1,0,0.0
30406,0,0.013058136000000001,53,0,0.095592353,12500.0,7,0,0,0,1.0
30407,0,0.234707412,51,0,0.6702412870000001,3356.0,16,0,2,0,0.0
30408,0,0.516375906,64,0,0.71813775,9901.0,22,0,5,0,0.0
30409,0,0.057140579000000004,55,0,0.40346329299999995,9643.0,14,0,1,0,0.0
30410,0,0.039348033,60,0,3147.0,,3,0,1,0,
30411,0,0.9999998999999999,61,2,187.0,0.0,1,6,0,1,0.0
30412,0,0.00179991,88,0,13.0,,2,0,0,1,0.0
30413,0,0.06284100299999999,55,0,0.234742762,4800.0,8,0,2,0,0.0
30414,0,0.055728006,68,0,0.276635929,9000.0,5,0,1,0,1.0
30415,0,0.623368832,33,0,0.40027510299999997,9450.0,6,0,2,0,2.0
30416,0,0.9999998999999999,29,0,0.031914894,1503.0,0,1,0,0,0.0
30418,0,0.083197227,45,0,3121.0,,4,0,1,0,0.0
30422,1,0.9999998999999999,42,2,0.325331971,7831.0,3,1,1,1,3.0
30424,0,0.0045500409999999995,53,0,0.648796246,13000.0,24,0,2,0,2.0
30425,0,0.03049695,68,0,0.001094757,8220.0,5,0,0,0,0.0
30426,0,0.519699212,66,0,0.407832278,7583.0,8,0,1,0,0.0
30427,1,0.98708423,54,2,0.6748521679999999,12175.0,16,1,3,0,2.0
30428,0,0.17337296600000002,39,0,0.398160184,10000.0,12,0,1,0,2.0
30430,0,0.9999998999999999,60,0,3.0,,0,0,0,0,0.0
30431,0,0.953490093,45,0,0.9407503229999999,3864.0,26,0,2,0,2.0
30434,0,0.926687809,51,0,0.50769846,5000.0,6,0,0,0,1.0
30435,0,0.37771924700000004,62,0,1829.0,,6,0,1,0,1.0
30436,0,0.715188303,46,0,1.034950071,2803.0,6,0,1,0,2.0
30437,0,0.029372098,71,0,0.050118735,8000.0,14,0,0,0,0.0
30438,0,0.228056234,67,0,0.110415217,4310.0,8,0,0,0,1.0
30439,0,0.578125629,42,0,0.413622728,5666.0,7,0,1,0,0.0
30441,0,0.22558496100000003,42,0,1538.0,0.0,3,0,1,0,2.0
30442,0,0.9345853590000001,64,1,0.187320845,15000.0,8,0,0,0,0.0
30443,0,0.0,43,0,0.543945605,10000.0,8,0,2,0,0.0
30444,0,0.046619068,40,0,0.777173155,7166.0,10,0,4,0,2.0
30445,0,0.662126872,65,1,0.36577237100000004,6000.0,11,0,1,0,0.0
30446,0,0.277758994,60,0,0.04179582,10000.0,6,0,0,0,1.0
30448,0,0.9999998999999999,48,1,0.20368634800000002,3200.0,2,3,0,1,3.0
30449,0,0.042276542,59,0,0.22470058199999998,9100.0,9,0,1,0,0.0
30450,0,0.132095991,54,0,0.088601754,6500.0,9,0,0,0,0.0
30451,0,0.02509749,53,0,0.0028889809999999997,2422.0,2,0,0,0,1.0
30452,0,0.874867561,41,0,5.1212524980000005,1500.0,5,0,1,0,0.0
30453,0,0.053497325,43,0,0.226077392,10000.0,4,0,2,0,1.0
30454,0,0.63895812,43,0,0.349216928,3000.0,6,1,0,0,0.0
30455,0,0.062016312999999997,51,0,0.15758424199999999,10000.0,11,0,1,0,1.0
30456,0,0.033139269,48,0,0.330601892,10250.0,8,0,3,0,3.0
30458,0,0.7500675659999999,46,0,0.35417843,7083.0,14,0,1,0,0.0
30461,0,0.015147747,63,0,1167.0,,11,0,1,0,1.0
30462,1,0.239164591,61,1,10229.0,,20,0,5,1,0.0
30463,0,0.286942611,47,0,0.040393013,4579.0,4,3,0,0,2.0
30464,0,0.017799676,46,0,0.394857485,5016.0,10,0,1,0,1.0
30466,0,0.066240302,64,0,0.027958992999999998,3218.0,9,0,0,0,0.0
30467,1,0.9999998999999999,34,0,0.003635262,3300.0,0,0,0,0,4.0
30468,0,0.136309811,45,0,0.439235725,4500.0,3,0,1,0,0.0
30469,0,0.00588657,71,0,3.0,,3,0,0,0,0.0
30470,1,0.9999998999999999,55,0,52.0,,3,2,0,0,0.0
30471,0,0.34114945799999996,62,0,0.164855954,18500.0,14,0,1,0,0.0
30473,0,0.024641302,51,0,0.057780097,7666.0,5,0,0,0,0.0
30474,0,0.053998412,41,0,0.36244898,6124.0,11,0,1,0,3.0
30475,0,0.36748944,59,0,3107.0,,8,0,2,0,0.0
30476,0,0.0,54,1,0.141968451,4500.0,6,0,0,0,0.0
30477,0,0.002342405,74,0,972.0,,14,0,1,0,0.0
30479,0,0.001434095,75,0,1.025487256,666.0,19,0,2,0,0.0
30480,0,0.057262352999999995,64,0,0.72735761,4283.0,9,0,2,1,0.0
30482,0,0.155285196,50,0,0.266826661,9166.0,5,0,1,0,1.0
30483,0,0.09474044400000001,47,0,0.36842105299999994,6250.0,8,0,1,0,3.0
30484,0,0.268182997,86,1,1749.0,,18,0,0,0,0.0
30487,0,0.09166655900000001,57,0,0.26964416199999997,9582.0,9,0,2,0,2.0
30489,0,0.039829544,52,0,0.178637748,13462.0,7,0,1,0,4.0
30491,0,0.655021834,27,0,0.222259247,3000.0,7,0,0,0,0.0
30493,0,0.21566899,64,0,0.23011015899999998,2450.0,12,0,0,0,0.0
30494,0,0.058464444000000004,67,0,103.0,,5,0,0,0,0.0
30495,0,0.002549873,85,0,1.0,,2,0,0,0,
30496,0,0.051482762,65,0,0.12763596,900.0,7,0,0,0,0.0
30501,0,0.0,69,0,0.004041721,7669.0,4,0,0,0,0.0
30503,0,0.018955417,76,0,0.0029521,10500.0,13,0,0,0,0.0
30505,0,0.27924661,43,0,0.16940692899999998,10217.0,8,0,0,0,1.0
30506,0,0.079820501,70,0,0.026141241000000003,2562.0,5,0,0,0,0.0
30507,0,0.572553431,58,1,0.43475431200000003,3072.0,8,0,1,0,0.0
30508,1,0.5771538279999999,52,2,5435.0,,8,0,3,0,3.0
30509,0,0.9999998999999999,66,0,1433.0,,3,0,0,0,0.0
30510,0,0.0,54,1,0.61391087,2400.0,4,0,1,0,2.0
30511,0,0.050479254,39,0,0.6067487460000001,10964.0,11,0,6,0,2.0
30516,0,0.006052509,46,0,0.24767801899999997,3875.0,22,0,1,0,0.0
30517,0,0.936753162,71,0,0.160419598,7816.0,6,0,0,0,0.0
30519,0,0.49810038,28,0,0.34014474200000006,2348.0,3,0,0,0,0.0
30520,0,0.018137016000000002,56,1,0.46115784299999996,4041.0,8,0,1,0,6.0
30523,0,0.087668295,47,0,3797.0,,6,0,1,0,0.0
30524,0,0.31794036600000003,49,1,0.668158224,5586.0,14,0,1,0,1.0
30526,0,0.019999512,70,0,296.0,,14,0,1,0,0.0
30527,0,0.069919213,48,0,0.466588902,6000.0,7,0,2,0,2.0
30528,0,0.8216713309999999,58,1,0.346432265,2900.0,6,0,1,2,0.0
30529,0,0.5839270089999999,54,0,0.28343690899999996,3700.0,9,0,1,0,0.0
30531,0,0.07011268799999999,28,0,54.0,,1,0,0,0,
30533,0,0.001688686,78,0,1.0,,6,0,0,0,0.0
30536,0,0.535282157,46,0,0.386894301,7965.0,6,0,2,0,2.0
30537,0,0.453494425,50,0,2837.0,,8,0,1,0,0.0
30538,0,0.922046868,60,1,1.4269850080000002,1800.0,12,2,1,1,0.0
30540,0,0.19562072,53,0,0.45340157799999997,4688.0,7,0,1,0,0.0
30541,0,0.02789721,28,0,1.215513794,2500.0,5,0,2,1,0.0
30543,1,0.162722501,45,0,0.06245193,6500.0,4,1,0,0,2.0
30544,1,0.9999998999999999,60,1,2711.0,,6,2,2,2,0.0
30545,0,0.011184063000000001,67,0,1162.0,,9,0,1,0,0.0
30546,0,0.011647255,46,0,0.204814052,9222.0,10,0,0,0,1.0
30547,0,0.36636336399999997,44,0,1673.0,,6,0,1,0,2.0
30548,0,0.0,62,0,1131.0,,10,0,1,0,0.0
30550,0,0.13297578,64,0,0.299492386,6500.0,35,0,2,0,0.0
30553,1,0.9800133240000001,49,0,0.07727975299999999,5175.0,3,2,0,1,1.0
30554,0,0.003950191,52,0,0.453218745,12333.0,12,0,2,0,3.0
30555,1,0.269296783,40,1,0.428433269,11373.0,17,0,3,0,2.0
30556,0,0.904327654,55,1,2160.0,0.0,17,0,0,0,2.0
30557,0,0.9999998999999999,28,0,379.0,0.0,1,1,0,0,0.0
30558,0,0.054405392000000004,36,0,2266.0,,5,0,1,0,
30559,0,0.301156486,61,0,0.401554404,7333.0,13,0,2,0,0.0
30560,0,0.0,40,0,0.424048875,3600.0,5,0,2,0,0.0
30561,0,0.545852613,40,0,1189.0,0.0,8,0,1,0,2.0
30564,0,0.174660195,71,0,0.174042687,6371.0,12,0,1,0,0.0
30565,0,0.008052724,63,0,0.18931530300000002,10500.0,32,0,1,0,1.0
30566,0,0.825025543,60,0,1137.0,,3,0,0,0,0.0
30568,0,0.48179984200000003,48,0,0.364756415,8846.0,7,1,1,0,2.0
30570,0,0.207105185,68,0,0.4332117999999999,3016.0,17,0,1,0,0.0
30572,0,0.423841852,69,0,0.47968509600000003,11050.0,15,0,2,0,0.0
30573,0,0.107475574,44,0,0.332037217,7200.0,6,0,2,0,2.0
30574,0,0.12566434,51,0,0.20575485300000002,15916.0,9,0,2,0,2.0
30577,0,0.0,85,1,0.160279907,3000.0,5,0,0,0,0.0
30581,1,0.93006993,27,0,0.10315873699999999,2500.0,4,0,0,0,0.0
30582,1,0.9999998999999999,30,0,0.158273381,2779.0,1,0,0,0,1.0
30583,0,0.002140767,66,0,0.010830325,3600.0,24,0,0,0,0.0
30584,0,0.006091119,85,0,0.029616227000000002,10500.0,17,0,0,0,0.0
30585,0,0.619818027,59,0,0.375466191,12333.0,14,0,1,0,0.0
30586,0,0.039289992999999995,62,0,0.59133258,7083.0,10,0,2,0,0.0
30587,0,0.003032193,53,0,5.967504062000001,8000.0,58,0,54,0,0.0
30588,0,0.394152117,40,0,0.18710664100000002,17000.0,6,0,2,0,3.0
30589,0,0.0,37,1,0.4124,4999.0,20,0,1,1,2.0
30592,0,0.263329535,32,0,1244.0,,7,0,1,0,0.0
30594,0,0.07488058,49,0,0.649739982,6537.0,11,0,1,0,3.0
30595,0,0.0,60,0,0.0,7391.0,3,0,0,0,0.0
30598,0,0.23099392100000002,38,0,0.31735723899999996,14166.0,9,0,2,0,8.0
30599,0,0.037602388,43,0,0.9239704329999999,10416.0,14,0,3,0,3.0
30600,0,0.035964211,63,0,55.0,,5,0,0,0,0.0
30602,0,0.066286186,38,0,0.18700749600000002,15608.0,20,0,1,0,0.0
30604,0,0.8747656540000001,37,0,0.20345153,7416.0,4,0,0,0,2.0
30605,0,0.10128595800000001,63,1,0.38926999100000004,9766.0,19,0,1,0,1.0
30607,0,0.0,69,0,0.394467601,7916.0,12,0,2,0,1.0
30608,0,0.62540801,37,1,0.753042233,4190.0,15,0,1,0,2.0
30611,1,0.9999998999999999,41,1,0.0,5500.0,1,0,0,2,0.0
30614,0,0.480728915,26,1,0.031774366,2800.0,2,0,0,0,0.0
30616,0,0.02800345,41,0,0.46486390299999997,5620.0,12,0,2,0,3.0
30619,1,0.38953682100000003,85,1,239.0,,2,0,0,0,0.0
30620,0,0.36680726,45,0,0.053571429000000004,4311.0,5,0,0,0,0.0
30622,0,0.002679893,50,0,0.597973874,3750.0,8,0,2,0,0.0
30623,0,0.302832814,34,0,0.127881276,6333.0,11,0,0,0,0.0
30624,0,0.5045787270000001,49,0,0.437522725,8250.0,14,0,1,0,2.0
30626,0,0.189067022,47,0,0.184366657,13483.0,5,0,1,0,2.0
30627,0,0.134254553,48,0,0.646844384,4388.0,9,0,3,0,3.0
30628,0,0.137119036,62,0,0.34688437200000005,3000.0,4,0,1,0,0.0
30629,0,0.919981339,41,0,0.7309269070000001,10000.0,15,0,3,0,0.0
30630,0,0.91747767,49,0,0.39894783,2280.0,5,0,0,0,0.0
30631,0,0.941718449,66,0,1.033251232,2435.0,8,0,1,0,0.0
30632,0,0.9999998999999999,23,0,33.0,,2,0,0,0,0.0
30634,0,0.9999998999999999,28,0,0.965574681,1800.0,4,1,1,0,0.0
30636,0,0.052123524000000004,61,0,777.0,0.0,14,0,2,0,0.0
30637,0,0.575069171,47,0,0.24496461600000002,5510.0,4,0,1,0,3.0
30638,0,0.319201393,74,0,2823.0,,15,0,2,0,0.0
30640,0,0.320812359,48,0,5589.0,,23,0,2,0,2.0
30641,0,0.439728919,33,0,0.09229864800000001,1700.0,4,0,0,0,0.0
30642,0,0.49952945299999996,52,0,2487.0,,7,0,1,0,0.0
30643,0,0.061062385999999996,44,0,0.318266542,8583.0,7,0,2,0,3.0
30644,0,0.005116041,34,0,0.309272626,1800.0,3,0,0,0,2.0
30645,0,0.00036781300000000004,85,0,2103.0,,14,0,2,1,0.0
30647,0,0.051722570999999995,42,0,0.008495751999999999,2000.0,2,0,0,0,0.0
30648,0,0.551229918,73,0,0.322100313,2551.0,3,0,1,0,0.0
30649,0,0.34538893600000004,32,0,0.40916726700000006,8333.0,13,0,1,0,1.0
30650,0,0.142438114,50,0,0.451729028,9166.0,9,0,1,0,1.0
30651,0,0.191067125,65,0,1007.0,,7,0,1,0,0.0
30652,0,0.281710852,45,0,0.259942235,4500.0,6,0,2,0,2.0
30653,0,0.129677406,64,0,0.28420557,14865.0,11,0,2,0,2.0
30654,0,0.445776505,63,1,0.405909566,6700.0,25,0,1,0,0.0
30655,1,0.048922995999999996,47,1,0.365775615,15000.0,11,0,2,0,1.0
30657,1,0.0,29,0,0.46886284100000003,18000.0,12,0,5,0,0.0
30658,0,0.501138391,47,5,0.56737425,4333.0,8,0,1,0,2.0
30659,0,0.105776627,59,0,4.261477046,500.0,5,0,1,0,1.0
30660,0,0.040153962,58,0,0.104973894,10916.0,8,0,2,0,1.0
30662,0,0.109792057,38,0,0.246546672,7166.0,9,0,1,0,1.0
30664,0,0.850296407,47,0,0.7993912559999999,3613.0,7,0,1,0,0.0
30665,0,0.05114087900000001,32,0,0.136183417,5800.0,14,0,0,0,0.0
30666,0,0.416097416,56,0,0.6633266529999999,3991.0,12,1,1,0,0.0
30668,0,0.105289942,56,0,0.43143346899999996,9333.0,15,0,2,0,1.0
30669,0,0.042092279,57,0,0.061964940999999996,7358.0,8,0,1,0,2.0
30670,0,0.109245168,68,0,0.286839145,8000.0,28,0,1,0,0.0
30671,0,0.6759613259999999,49,0,0.249753208,10129.0,13,0,1,0,1.0
30672,0,0.9368434379999999,29,1,0.088364654,2500.0,3,1,0,0,1.0
30674,0,0.24420424100000002,62,1,0.355317645,9900.0,12,0,2,0,0.0
30675,0,0.033056879,60,0,0.105357601,3900.0,7,0,0,0,1.0
30676,0,0.9999998999999999,32,1,0.099484536,3879.0,2,15,0,0,3.0
30678,0,0.678676471,51,2,0.138715321,4000.0,5,0,0,0,0.0
30679,1,0.9999998999999999,39,1,0.20853565,3912.0,3,1,0,0,2.0
30681,0,0.971337155,38,1,0.451034011,5850.0,4,0,2,0,1.0
30682,0,0.001156773,40,0,0.037994572000000004,7000.0,4,0,0,0,2.0
30683,0,0.20710798800000002,74,0,0.636558372,2800.0,12,0,1,1,0.0
30684,0,0.011049723999999999,86,0,0.003249188,4000.0,1,0,0,0,0.0
30686,0,0.788011157,36,0,0.258359873,5023.0,6,0,0,0,2.0
30688,0,0.029839203999999998,49,0,0.292723912,5950.0,8,0,3,0,0.0
30691,0,0.040250378999999996,50,0,0.157377259,15662.0,14,0,1,0,4.0
30692,0,0.637362002,48,0,0.20390893699999998,18316.0,17,0,1,1,3.0
30694,0,0.0,42,1,0.52014652,7916.0,7,0,2,0,0.0
30695,0,0.373404485,39,0,0.251612903,5114.0,8,0,0,0,0.0
30696,1,0.9999998999999999,64,6,967.0,,7,3,0,2,0.0
30697,0,0.439051743,45,0,0.724076281,1677.0,10,0,1,0,0.0
30698,0,0.296550916,43,1,0.502199707,7500.0,10,0,1,0,3.0
30700,0,0.0,68,0,0.21032241899999998,8001.0,7,0,2,0,1.0
30701,0,0.002277715,54,0,0.376871451,5810.0,8,0,1,0,2.0
30704,0,0.322846168,36,1,0.09288653699999999,1700.0,4,0,0,0,0.0
30709,0,0.37632287600000003,58,0,0.483471394,12916.0,13,0,3,0,2.0
30711,0,0.424343772,52,0,0.644101685,3500.0,8,0,1,0,2.0
30712,0,0.050632329000000004,68,0,0.145054607,6500.0,12,0,1,0,0.0
30713,0,0.195207639,57,2,0.622343908,16800.0,12,0,4,0,0.0
30714,0,0.038768447000000004,52,0,3673.0,,20,0,6,0,2.0
30715,0,0.05158102,33,0,0.5375386289999999,5500.0,11,0,2,1,0.0
30716,0,0.020804785,66,0,89.0,,16,0,0,0,0.0
30717,0,0.208577706,38,0,0.878024395,5000.0,9,0,2,0,0.0
30718,0,0.160166949,78,0,0.143603133,765.0,2,0,0,0,0.0
30719,0,0.8450228940000001,69,0,0.584631095,11750.0,15,0,2,0,0.0
30720,0,0.009050906,48,0,2153.0,,14,0,1,0,0.0
30721,0,0.020466981000000002,36,0,0.22436781600000003,4349.0,9,0,1,0,0.0
30722,0,0.363808773,44,0,0.214143709,3520.0,7,0,0,0,2.0
30723,0,0.8398595529999999,48,0,0.329844413,3534.0,9,0,2,0,1.0
30724,0,0.53019797,62,0,0.281487405,2500.0,7,0,0,0,0.0
30725,0,0.9999998999999999,45,0,160.0,,3,0,0,0,0.0
30726,0,0.120658954,60,0,0.082491751,10000.0,8,0,0,0,0.0
30727,0,0.000579387,63,0,0.0,,4,0,0,0,
30728,0,0.004750006,70,0,1578.0,,6,0,1,0,0.0
30730,0,0.309297495,46,0,0.379910685,15450.0,22,0,2,0,3.0
30731,0,0.033208778,89,0,0.009468701,1900.0,4,0,0,0,0.0
30733,0,0.028578713999999998,47,0,1742.0,,21,0,3,0,0.0
30736,0,0.150364596,53,0,0.25234946,5745.0,9,0,1,0,3.0
30737,0,1.02509749,65,0,0.631362569,5107.0,8,0,1,0,0.0
30738,0,0.39922746600000003,61,0,3382.0,,11,0,2,0,0.0
30739,0,0.99950224,23,1,0.07991121,900.0,4,0,0,0,0.0
30740,0,0.467832945,33,0,0.38651293700000006,7458.0,8,0,2,0,1.0
30743,1,0.9820248290000001,56,3,0.257929255,9300.0,15,0,0,0,0.0
30745,0,0.109424596,64,0,1657.0,,16,0,1,0,0.0
30746,0,0.21331549,61,0,0.661642572,3250.0,10,0,1,0,0.0
30747,0,0.437125749,48,0,2558.0,,9,0,1,0,0.0
30748,0,0.9166268590000001,37,1,0.7091757390000001,4500.0,6,0,2,0,2.0
30749,0,0.9999998999999999,27,0,0.0,2500.0,0,1,0,0,1.0
30750,0,0.030167472999999997,55,0,0.162183782,10000.0,21,0,2,0,2.0
30753,0,0.131678769,80,0,0.09308707599999999,22956.0,14,0,1,0,0.0
30755,0,0.028972873,30,0,0.338238624,8833.0,9,0,1,0,0.0
30756,0,0.0,44,0,1689.0,,4,0,2,0,2.0
30758,0,0.030342599999999997,36,0,0.37429917,8917.0,7,0,2,0,0.0
30759,0,0.23774229800000002,51,0,0.460104302,7669.0,17,0,2,0,0.0
30760,0,0.072429023,33,0,2654.0,,10,0,2,0,3.0
30761,0,0.0,36,0,0.0,3218.0,3,0,0,0,0.0
30762,0,0.032331177999999995,48,0,0.118813531,6000.0,2,0,1,0,0.0
30763,0,0.020217419,54,0,2179.0,,9,0,1,0,0.0
30764,0,0.42211646399999997,66,0,0.060250190999999995,3916.0,6,0,0,0,0.0
30766,0,0.799098926,34,0,0.163783622,10000.0,8,0,0,0,0.0
30767,0,0.9999998999999999,29,0,0.18756815699999999,2750.0,3,0,0,1,0.0
30768,0,0.043697451,60,0,0.13688631099999998,10000.0,11,0,2,0,3.0
30769,0,0.7743547040000001,53,1,0.22128794100000002,4875.0,3,1,0,0,2.0
30770,0,0.9999998999999999,45,1,2370.0,,7,0,1,0,0.0
30771,0,0.000735258,82,0,0.0,2500.0,3,0,0,0,0.0
30772,1,0.521478521,24,0,0.008375209,1790.0,3,0,0,0,0.0
30773,0,0.397433761,46,0,0.8776019979999999,1200.0,3,0,1,0,1.0
30774,0,0.222555489,44,0,0.13947210599999998,3333.0,6,0,0,0,3.0
30777,0,0.024718023,89,0,0.002666222,6000.0,3,0,0,0,0.0
30779,1,0.9999998999999999,63,0,0.544984933,4645.0,3,0,1,3,1.0
30780,0,0.023599798999999998,70,0,358.0,,7,0,0,0,0.0
30783,0,0.09952979699999999,76,0,0.20490911899999997,6436.0,5,0,1,0,0.0
30785,0,0.029209013,51,0,0.099083989,7750.0,4,0,1,0,0.0
30787,0,0.9999998999999999,51,2,0.138893055,6666.0,2,0,0,1,0.0
30788,0,0.0,27,0,0.164261931,900.0,4,0,0,0,0.0
30791,0,0.108554698,50,0,0.19271307699999998,7684.0,9,0,1,0,0.0
30793,0,0.008018895,82,0,0.003427592,3500.0,8,0,0,0,0.0
30794,0,0.647676162,37,0,0.024197791,1900.0,5,0,0,0,1.0
30795,0,0.018899055,49,0,0.331254331,17315.0,6,0,2,0,3.0
30796,0,0.089558425,57,0,0.149487543,12000.0,10,0,1,0,3.0
30798,0,0.062775095,50,0,0.284454029,5100.0,6,0,1,0,1.0
30801,0,0.373470387,27,0,0.24876499600000002,2833.0,6,0,0,0,0.0
30803,0,0.183789045,46,0,0.44912531200000005,2800.0,4,0,1,0,2.0
30804,0,0.661934491,56,0,0.411614142,6250.0,11,0,1,0,2.0
30805,0,0.036910679,51,0,0.224387242,9750.0,8,0,2,0,0.0
30807,0,0.0,54,0,433.0,,7,0,1,0,0.0
30809,0,0.527261401,53,0,1368.0,,5,0,1,0,1.0
30810,0,0.050391957,62,0,0.310737852,5000.0,6,0,2,0,0.0
30811,0,0.0,32,0,0.001129305,1770.0,6,0,0,0,0.0
30813,0,0.16787919399999998,63,0,0.39510081700000005,6000.0,11,0,2,0,0.0
30815,0,0.9999998999999999,45,0,703.0,,6,2,0,0,0.0
30817,0,0.228418727,67,0,0.20419895,4000.0,7,0,0,0,1.0
30818,0,0.019765504,37,1,0.235550709,2750.0,11,1,1,0,0.0
30821,0,0.09046267,49,0,2162.0,,9,0,1,0,0.0
30822,0,0.17688231199999999,52,0,0.421763039,6000.0,6,0,1,0,1.0
30823,0,0.0,25,0,0.633373934,820.0,3,0,0,0,0.0
30824,0,0.039067618,45,0,0.09868712199999999,6778.0,6,0,0,0,3.0
30826,0,0.041494916,58,0,0.12382579,3512.0,18,0,0,0,0.0
30827,0,0.13163482,64,0,0.350521354,7000.0,7,0,1,0,0.0
30829,0,0.312776057,56,0,0.6787227109999999,3068.0,18,0,2,0,1.0
30833,0,0.9999998999999999,37,1,0.091743119,2833.0,1,0,0,0,1.0
30835,0,0.038064129,27,0,0.041679823,3166.0,3,0,0,0,0.0
30836,0,0.015972515,59,0,1737.0,,10,0,1,0,1.0
30838,0,0.7846274240000001,23,1,0.455684455,2154.0,5,0,0,0,0.0
30839,0,0.9999998999999999,48,0,0.30015552100000004,4500.0,1,0,0,0,1.0
30842,0,0.090286055,38,0,0.226039162,11643.0,9,0,1,0,3.0
30843,0,0.214822509,46,0,0.17882836600000002,6810.0,7,0,0,0,1.0
30847,0,0.048989618,39,0,0.505907931,10578.0,16,0,2,0,2.0
30848,0,0.14334192699999998,62,0,0.280371963,10000.0,10,0,2,0,3.0
30849,0,0.364963504,62,0,0.407844143,3900.0,6,0,1,0,1.0
30850,0,0.295415374,34,0,0.254686328,4000.0,7,0,1,0,0.0
30851,0,0.000305551,65,0,3876.0,,10,0,2,0,0.0
30852,0,0.031069882000000004,64,0,0.009247688,4000.0,4,0,0,0,0.0
30853,0,0.027176919,65,0,0.15607672,11000.0,6,0,1,0,0.0
30854,0,0.9770023000000001,49,0,0.079529494,5695.0,2,0,0,0,2.0
30856,0,0.512592814,41,0,0.299770023,10000.0,5,0,1,0,1.0
30857,0,0.229680529,29,0,0.686514108,4500.0,8,0,1,0,1.0
30858,0,0.339535208,31,0,0.226254156,6916.0,7,0,0,0,0.0
30859,0,0.0,64,0,0.0,6750.0,6,0,0,0,0.0
30860,0,0.826465564,51,0,0.48115239600000004,3713.0,6,0,1,0,0.0
30861,0,0.3251305,46,0,0.481765835,2083.0,7,0,1,0,1.0
30862,0,0.009399624,60,0,2046.0,,6,0,1,0,0.0
30863,0,0.018493683,32,0,0.028942116,9017.0,7,0,0,0,0.0
30864,0,0.000262286,40,0,8176.0,,9,0,2,0,2.0
30865,0,0.8240064,53,5,0.21731723600000002,13500.0,10,0,1,0,0.0
30867,0,0.26748367100000003,66,0,0.743083004,505.0,6,0,0,0,0.0
30868,0,0.24787607600000003,64,0,0.575815282,4200.0,16,0,2,0,1.0
30871,0,0.276966396,39,0,0.353329334,5000.0,5,0,1,0,3.0
30874,0,6.0,63,0,0.015710545,4200.0,1,0,0,0,0.0
30875,0,0.04408497,57,0,0.318041464,6800.0,10,0,3,0,1.0
30876,1,0.0,40,0,0.076322848,4100.0,2,1,0,0,2.0
30879,0,0.324275769,43,1,0.17495650100000001,16666.0,17,0,1,1,4.0
30880,0,0.05042064,43,0,0.38836511700000004,9333.0,12,0,3,0,3.0
30881,0,0.038846937000000005,48,0,0.177583286,7083.0,7,0,1,0,3.0
30884,0,0.661930323,63,2,0.36122940200000003,5400.0,8,0,1,0,0.0
30885,0,0.654869026,29,0,0.224591803,3000.0,3,0,0,0,0.0
30886,0,0.046882038,42,0,0.245275472,10000.0,10,0,1,0,2.0
30887,1,0.687402643,33,0,0.257774223,10000.0,9,0,2,0,0.0
30888,0,0.069501267,54,0,0.360282149,12900.0,20,0,2,0,4.0
30889,0,0.078816533,61,3,0.205661948,20416.0,10,0,1,0,0.0
30890,0,0.212639368,60,0,0.343753131,9980.0,7,0,2,0,0.0
30891,0,0.9999998999999999,62,1,0.11040204199999999,4700.0,4,0,0,0,3.0
30892,0,0.0,59,0,0.352836353,10100.0,14,0,3,0,0.0
30893,0,0.024448777999999997,37,0,3215.0,,7,0,1,0,0.0
30894,0,0.155645898,59,0,0.59650798,7330.0,12,0,3,0,0.0
30895,0,0.07822146599999999,73,0,0.075099666,9280.0,9,0,0,0,0.0
30896,0,0.892253367,56,0,1.5344438169999999,3541.0,8,0,4,0,0.0
30898,0,0.28197085,59,0,1851.0,,9,0,2,0,0.0
30899,0,0.34237261,55,0,0.220192497,5090.0,8,1,0,0,3.0
30901,0,0.160951041,29,0,0.364515054,9000.0,4,0,1,0,0.0
30902,0,0.9999998999999999,34,0,0.013089719,3666.0,0,2,0,0,1.0
30903,0,0.18433863600000003,61,0,4347.0,,12,0,2,0,1.0
30904,0,0.116165055,44,0,0.160236293,10833.0,8,0,1,0,0.0
30905,0,0.597337178,54,3,0.7457792659999999,7166.0,28,0,2,0,1.0
30906,0,0.03860775,56,0,324.0,,2,0,0,0,2.0
30907,0,0.017395707,55,0,852.0,,8,0,1,0,0.0
30908,0,0.129787735,61,0,0.248975876,8787.0,11,0,2,0,0.0
30909,0,0.146781436,53,0,2789.0,,11,0,1,0,0.0
30910,0,0.11291688400000001,58,0,0.272864625,9927.0,10,0,2,0,1.0
30911,0,0.211802497,31,0,0.139676393,7230.0,6,0,0,0,0.0
30912,0,0.0,41,0,2451.0,0.0,4,0,1,0,2.0
30914,0,0.8397541340000001,34,0,0.086114236,8000.0,9,0,0,0,1.0
30915,0,0.005808838,70,0,5161.0,,19,0,5,0,0.0
30916,0,0.144695333,70,0,0.418918919,8583.0,15,0,1,0,0.0
30918,0,0.043053259,65,0,4039.0,,11,0,1,0,2.0
30921,0,0.0,26,0,0.081225746,7472.0,9,0,0,0,1.0
30924,0,0.056108070999999995,48,0,117.0,,14,0,0,0,0.0
30927,0,0.08741638,80,0,1623.0,,18,0,2,0,0.0
30929,0,0.046147876,40,0,0.286892759,12000.0,15,0,2,0,2.0
30930,0,0.036121111000000004,49,0,67.0,0.0,12,0,0,1,0.0
30931,0,0.0,31,0,0.06377983599999999,7666.0,4,0,0,0,0.0
30932,0,0.016061291000000002,49,0,0.250684442,8400.0,12,0,1,0,0.0
30933,0,0.206630416,53,0,0.28911205100000004,3783.0,5,0,1,0,1.0
30934,0,0.98970103,56,1,0.5586664929999999,7678.0,12,0,2,0,0.0
30935,0,0.005020738,61,0,0.30525558,12500.0,16,0,3,0,0.0
30936,0,0.09658651900000001,75,0,0.013692676,4600.0,5,0,0,0,0.0
30937,0,0.35373847399999997,65,0,0.379633902,6500.0,6,0,1,0,0.0
30939,0,0.11547877699999999,37,0,2553.0,,4,0,1,0,0.0
30940,0,0.975610946,35,0,0.436563226,9473.0,9,0,1,0,4.0
30941,0,0.006124234,32,0,0.000180473,5540.0,2,0,0,0,0.0
30942,0,0.98150515,39,0,0.22745782399999998,1718.0,3,0,0,0,2.0
30943,0,0.125078567,37,0,0.014441235,4500.0,5,0,0,0,0.0
30945,1,0.9999998999999999,42,1,0.07571169,1650.0,8,0,0,0,3.0
30946,0,0.15466396699999999,25,0,0.006665432,5400.0,3,0,0,0,1.0
30947,0,0.013799655,65,0,0.082228117,4900.0,7,0,0,0,3.0
30949,0,0.359513176,65,0,1.0778844890000001,7600.0,15,0,4,0,0.0
30950,0,0.0,53,0,0.052176528,13300.0,10,0,0,0,1.0
30951,0,0.006807596,66,0,0.003998934,3750.0,8,0,0,0,0.0
30952,0,0.078804661,49,1,0.40349954,7600.0,6,0,1,0,0.0
30953,0,0.012252863999999999,74,0,0.476801207,2650.0,9,0,1,0,0.0
30954,0,0.010873246000000001,74,0,0.070041609,2883.0,7,0,0,0,0.0
30956,0,0.9999998999999999,33,0,0.060306030999999996,4443.0,2,0,0,0,0.0
30957,0,0.303051151,53,1,0.323683816,13333.0,12,0,2,0,0.0
30959,0,0.9999998999999999,44,1,0.138939671,3828.0,1,1,0,1,0.0
30960,0,0.041298541,89,0,25.0,,7,0,0,0,
30961,0,0.9999998999999999,23,0,0.302149178,790.0,2,0,0,0,0.0
30962,0,0.563218391,38,0,0.183581125,4640.0,12,0,0,0,1.0
30963,0,0.193256357,61,0,0.38736532799999995,4083.0,9,0,0,0,1.0
30964,0,0.262982468,25,0,644.0,,6,0,0,0,0.0
30966,0,0.041739775,63,0,1.088303899,3000.0,9,0,1,0,0.0
30967,0,0.003958194,63,1,1150.0,,20,0,1,0,0.0
30968,0,0.0011109569999999999,47,0,0.0,,2,0,0,0,0.0
30969,0,0.053251386,61,0,1630.0,,7,0,1,0,
30970,0,0.024307252,46,1,0.178097764,15833.0,10,0,1,0,4.0
30973,0,0.5004581029999999,40,0,0.349262446,6507.0,12,0,2,0,3.0
30974,0,0.27428896199999997,56,1,0.324306473,9083.0,9,0,1,0,1.0
30975,0,0.9999998999999999,26,0,0.155986725,3916.0,8,0,0,0,0.0
30976,0,0.210658023,63,0,0.575480211,7756.0,6,0,2,0,3.0
30977,0,0.044100303,49,0,0.013915547,2083.0,7,0,0,0,1.0
30978,0,0.023617417999999998,71,1,0.234635382,7500.0,9,0,1,0,1.0
30979,0,0.369202784,55,0,0.805883716,4316.0,15,0,3,0,0.0
30980,0,0.00088551,36,0,66.0,,5,0,0,0,0.0
30981,0,0.161577226,55,1,0.24932367600000002,11458.0,15,0,2,0,1.0
30983,0,0.04389561,50,0,1965.0,0.0,4,0,1,0,2.0
30984,0,0.10764461800000001,67,0,0.0074757619999999995,8560.0,1,0,0,0,1.0
30985,0,0.9999998999999999,44,0,0.315747928,7600.0,5,0,1,0,0.0
30988,1,1.014992504,33,1,227.0,,3,0,0,0,
30989,0,0.205138066,75,0,0.710429857,3000.0,10,1,1,0,0.0
30990,0,0.19504691600000001,33,0,0.398522382,2300.0,10,0,1,0,1.0
30991,0,0.11441971599999999,46,0,0.38126978799999994,6000.0,7,0,1,0,3.0
30992,0,0.003481353,46,0,0.444464643,5500.0,8,0,1,0,3.0
30993,1,0.8392312190000001,43,0,0.304188424,9000.0,8,0,1,0,4.0
30995,0,0.12412413800000001,77,0,1.41590106,2829.0,20,0,5,0,0.0
30996,0,0.857185361,60,0,7509.0,,11,0,3,0,1.0
30997,0,0.39755020399999996,27,0,0.299723757,1447.0,5,0,0,0,0.0
30998,0,0.025207449,55,0,0.22827018699999999,11665.0,13,0,2,0,0.0
30999,0,0.07352843099999999,41,0,4.082621083,350.0,4,0,1,0,0.0
31000,0,0.228167918,58,0,3.052519517,1408.0,14,0,2,0,0.0
31001,0,0.7778922490000001,33,0,0.135237846,7630.0,7,0,0,0,4.0
31002,0,0.523324618,47,1,0.4333174,8367.0,6,0,2,0,1.0
31003,0,0.11359697099999999,45,0,0.316323819,18812.0,11,0,2,0,2.0
31004,0,1.154795577,66,1,0.5395983329999999,7916.0,10,0,1,0,0.0
31005,0,0.047599295,61,0,0.04855418400000001,11100.0,9,0,0,0,0.0
31007,0,0.674925992,68,3,0.27597240300000003,10000.0,14,0,2,0,0.0
31008,0,0.58277994,28,0,0.796002352,1700.0,4,0,1,0,1.0
31009,0,0.131871703,54,0,0.528157281,3000.0,10,0,1,0,0.0
31011,0,0.155084492,35,0,0.257376466,5625.0,6,0,2,0,0.0
31012,0,0.853419932,49,1,0.5277815889999999,7288.0,16,0,2,0,4.0
31013,0,0.070898734,74,0,3884.0,,13,0,4,0,0.0
31015,0,0.440797605,32,0,0.919847328,1833.0,12,0,2,0,0.0
31016,0,0.31911891600000003,65,0,0.329988031,10860.0,13,0,2,0,0.0
31017,0,0.7711370679999999,44,0,0.452089277,5958.0,11,0,2,0,2.0
31018,1,0.885873543,43,1,1.289641766,3600.0,24,0,1,0,1.0
31020,1,0.199755828,56,1,0.522944116,2200.0,10,0,1,0,0.0
31022,0,0.517435321,65,0,0.010781671000000001,11500.0,2,0,0,0,0.0
31023,0,0.859394929,35,0,1783.0,0.0,8,0,0,0,0.0
31025,0,0.132934951,55,0,0.637672466,3333.0,9,0,2,0,2.0
31026,0,0.048063826,64,0,0.36239723100000004,4621.0,7,0,1,0,0.0
31027,1,0.9999998999999999,31,0,0.495669554,1500.0,2,1,0,1,3.0
31028,0,0.016830732,63,0,1.175501433,5583.0,14,0,4,0,1.0
31030,1,0.758695722,55,3,1.402485143,1850.0,12,0,1,0,0.0
31032,0,0.6805410340000001,69,0,2304.0,,16,0,1,0,0.0
31034,0,0.334147181,53,0,0.42195790299999997,17150.0,21,0,4,0,1.0
31035,1,0.9999998999999999,50,0,0.551068418,5100.0,2,1,1,0,1.0
31037,0,0.010419398,66,0,0.31956290000000004,3751.0,7,0,2,0,0.0
31038,0,0.387922211,54,0,0.111195159,1321.0,2,0,0,0,0.0
31040,0,0.98624357,33,0,0.465121136,4787.0,16,0,2,0,0.0
31041,0,0.8083879140000001,43,2,2778.0,,5,0,1,0,3.0
31042,0,0.173455103,57,0,0.294672852,6250.0,11,0,1,0,1.0
31043,0,0.9999998999999999,28,0,0.00840718,4400.0,0,0,0,0,2.0
31044,0,0.06476424900000001,68,0,0.013881177,1800.0,5,0,0,0,0.0
31045,0,0.0,66,0,0.0,,5,0,0,0,0.0
31047,0,0.333583321,35,0,0.47165757700000005,6050.0,7,0,1,0,1.0
31048,0,0.041452431,55,0,0.19966675899999997,3600.0,10,0,0,0,0.0
31049,0,0.610367636,24,0,0.10784149800000001,5980.0,6,0,0,0,0.0
31050,0,0.103806871,55,0,0.333754004,10300.0,14,0,2,0,0.0
31052,0,1.0335269470000001,47,4,0.8747357290000001,3783.0,10,0,1,2,3.0
31053,0,0.0,64,0,0.369789517,2422.0,8,0,2,0,0.0
31054,0,0.12604300000000002,53,0,1.715713715,2500.0,12,0,1,0,2.0
31055,0,0.9999998999999999,60,0,0.013551108000000001,78000.0,5,0,1,0,0.0
31056,0,0.13809915,67,0,0.235837734,8331.0,14,0,1,0,3.0
31057,0,1.071030401,51,1,4.305389222,500.0,8,0,2,0,0.0
31058,1,0.316952886,44,4,0.44523439200000003,4500.0,14,0,1,0,3.0
31059,1,1.084165478,58,1,0.005485087,5833.0,4,1,0,0,0.0
31060,0,0.387224888,44,3,0.425548141,5244.0,13,0,1,0,1.0
31061,0,0.043592559,53,0,0.33943643700000004,7700.0,19,0,1,0,2.0
31062,0,0.272530311,53,2,0.16262699,12500.0,13,0,1,0,3.0
31065,0,0.36162578700000003,79,2,0.675754271,2750.0,11,0,1,0,0.0
31067,0,0.15658038800000001,64,0,0.578208295,7690.0,15,0,3,0,0.0
31070,0,0.107315328,62,4,0.218445389,4000.0,8,1,1,0,0.0
31072,0,0.55059601,50,0,0.472379159,9557.0,12,1,4,0,4.0
31074,1,0.9999998999999999,44,0,0.067599068,4718.0,2,0,0,0,4.0
31075,0,0.167650359,51,1,0.170057216,12583.0,4,0,1,0,3.0
31077,0,0.289692758,60,0,0.7336417709999999,1512.0,6,0,0,0,3.0
31078,1,0.761919913,62,0,0.033650623,14917.0,5,0,0,1,0.0
31079,0,0.086924233,65,0,2237.0,0.0,12,0,2,0,0.0
31080,0,0.00384745,61,0,0.238521247,7600.0,11,0,1,0,0.0
31081,0,0.091495425,48,0,9.633466135,250.0,3,0,1,0,1.0
31082,0,0.41816657,34,1,1486.0,,8,0,1,1,1.0
31083,0,0.011720758000000001,55,0,0.339665084,4000.0,14,0,2,0,1.0
31084,0,0.856179647,47,0,0.50989802,5000.0,5,0,2,0,1.0
31085,0,0.028517591000000002,59,0,0.049798685999999995,18875.0,11,0,1,0,0.0
31087,0,0.104404345,45,0,0.32829159399999996,4032.0,8,0,1,0,1.0
31090,0,0.9999998999999999,37,1,0.00311042,4500.0,1,1,0,2,1.0
31091,0,0.9999998999999999,39,0,0.0,,0,0,0,0,0.0
31092,0,0.086021505,56,0,0.510088415,4410.0,12,0,1,0,1.0
31093,0,0.0,41,0,0.296980201,15000.0,9,0,3,0,1.0
31096,0,0.043080555,63,0,37.0,,3,0,0,0,
31098,0,0.619505712,36,0,1824.0,,13,0,0,0,0.0
31099,1,0.23977376,33,0,0.153938425,2500.0,4,0,0,0,0.0
31100,0,0.036824812,58,1,0.167692425,13160.0,8,0,1,0,0.0
31101,0,0.0,60,0,0.0,,5,0,0,0,
31102,0,0.007377122,35,0,0.0008354219999999999,2393.0,3,0,0,0,0.0
31104,0,0.5410046239999999,73,0,4223.0,,16,0,2,0,0.0
31105,0,0.9999998999999999,75,0,1808.0,,5,0,1,0,0.0
31106,0,0.86871043,27,0,0.44448411299999996,2800.0,6,0,0,0,0.0
31107,0,0.052398328,50,0,0.522405387,8613.0,13,0,3,0,2.0
31108,0,0.0,53,0,0.256738988,6083.0,9,0,2,0,0.0
31109,0,0.0,74,0,0.0,,2,0,0,0,0.0
31110,0,0.841031794,55,0,0.159525379,3033.0,2,0,0,0,0.0
31111,0,0.9410970009999999,40,2,0.7171954079999999,8100.0,8,0,2,3,2.0
31113,0,0.30304367,27,0,0.279920023,3500.0,4,0,0,0,0.0
31114,0,0.000163486,44,0,0.318584071,3615.0,17,0,1,0,1.0
31115,0,0.004332972,32,0,0.000168039,5950.0,5,0,0,0,0.0
31116,0,0.5078994729999999,61,0,0.04229577,10000.0,2,0,0,0,0.0
31118,0,0.38467928,45,0,1.031025026,5833.0,9,0,2,0,0.0
31119,0,0.20122884,57,1,0.246078314,8350.0,15,0,1,0,1.0
31120,0,0.694773683,53,0,0.816698825,5700.0,10,0,2,0,2.0
31122,0,0.678221691,40,0,0.41202247200000003,8899.0,9,0,2,0,2.0
31123,0,0.639500686,41,0,0.33281493,9001.0,5,0,2,0,3.0
31124,0,0.35313999700000004,61,0,0.159660005,4352.0,7,0,0,0,0.0
31125,0,0.306313874,47,0,0.28666982,14800.0,6,0,2,0,4.0
31126,1,0.39716902600000004,26,1,0.110269961,7000.0,4,2,0,1,3.0
31127,0,0.41459952899999997,37,0,0.201266245,3000.0,2,0,0,0,2.0
31128,0,0.11160877,65,0,0.14258274199999998,6767.0,6,0,1,0,1.0
31129,0,0.017963418999999998,75,0,0.340900563,5329.0,11,0,2,0,0.0
31130,1,0.410347202,60,1,0.39041871,2650.0,7,1,1,0,0.0
31131,0,0.9999998999999999,23,0,652.0,,1,0,0,0,0.0
31132,0,0.6310530360000001,25,0,0.011406844,2103.0,2,0,0,0,0.0
31136,0,0.012145748999999999,74,0,0.0029985009999999998,2000.0,6,0,0,0,0.0
31138,0,0.166967774,45,0,1801.0,,13,0,1,0,0.0
31140,0,0.9999998999999999,40,0,0.009696459000000001,2371.0,1,0,0,1,0.0
31141,0,0.798120188,38,0,0.45407279,4615.0,2,0,1,0,1.0
31143,0,0.0052739959999999995,89,0,10.0,,5,0,0,0,0.0
31144,0,0.008249656,76,0,5.0,,1,0,0,0,0.0
31145,0,0.9248496209999999,39,0,0.415500538,1857.0,5,0,0,0,1.0
31148,0,0.285698661,54,0,0.592173913,5749.0,13,0,3,0,1.0
31149,0,0.031054283,70,0,0.201576235,6597.0,10,0,1,0,0.0
31151,1,0.7050514920000001,39,0,0.9631797120000001,4100.0,13,4,2,2,0.0
31152,0,0.968015992,30,0,375.0,,2,0,0,1,0.0
31153,0,0.814036071,37,0,0.204359128,5000.0,7,0,0,0,3.0
31154,0,0.013595723999999998,35,0,0.555728761,1282.0,4,0,2,0,0.0
31155,0,0.24692015899999997,63,0,1.4235860409999999,2492.0,9,0,2,0,0.0
31159,0,0.114452124,51,0,0.764705882,1750.0,7,0,2,0,3.0
31160,1,0.7062758840000001,74,0,0.472547255,3332.0,5,0,0,0,1.0
31161,0,0.660159814,41,0,0.617156287,8509.0,11,0,1,0,3.0
31162,0,0.019914917,65,0,0.22674123,5900.0,9,0,2,0,0.0
31163,0,0.000136581,41,0,0.200378327,7400.0,19,0,1,0,0.0
31164,0,0.016585741,38,0,2.171710063,1420.0,10,0,1,0,3.0
31166,0,0.14551688,63,0,0.070992901,10000.0,10,0,1,0,0.0
31168,0,0.9999998999999999,44,0,0.180126134,6500.0,2,0,0,0,2.0
31169,0,0.050077707,62,0,0.361504029,5584.0,11,0,2,0,0.0
31170,0,0.07672708,60,0,5920.0,,5,0,2,0,
31171,0,0.083431591,44,0,0.883503913,3321.0,14,0,1,0,2.0
31172,0,0.9964620829999999,64,1,0.373868396,7400.0,7,0,1,0,2.0
31173,0,0.8803304059999999,43,0,1.163255593,2100.0,6,0,0,0,3.0
31174,0,0.721980886,47,0,653.0,,6,0,0,0,2.0
31175,0,0.132447567,46,0,0.085628349,10638.0,6,0,0,0,2.0
31176,0,0.6734421859999999,35,2,0.173241229,5500.0,4,0,0,0,0.0
31178,0,0.485889952,40,0,0.484263606,5750.0,9,0,1,0,5.0
31179,0,0.0,74,0,19.0,,2,0,0,0,
31180,0,0.049185963,39,0,0.41388400700000005,2275.0,6,0,1,0,0.0
31182,0,0.165330645,63,0,0.281545528,3700.0,7,0,1,0,2.0
31183,0,0.9999998999999999,24,0,0.011996001000000001,3000.0,0,0,0,0,0.0
31185,1,0.987055598,54,4,0.5400707579999999,6500.0,11,2,2,3,2.0
31187,0,0.37502499899999997,55,0,0.502460745,4266.0,8,0,1,0,0.0
31188,0,0.0,50,0,0.112649294,3683.0,5,0,0,0,4.0
31189,0,0.002039973,70,0,0.09539386400000001,11310.0,9,0,1,0,0.0
31190,0,0.9999998999999999,29,0,0.238756247,1800.0,1,0,0,0,0.0
31194,0,0.297712786,62,0,0.19658119699999999,1520.0,3,0,0,0,1.0
31195,0,0.661333407,46,0,0.611171484,4600.0,16,0,1,0,1.0
31196,0,0.169525957,47,1,0.190815116,5900.0,19,0,0,0,3.0
31198,0,0.15549831,53,0,5933.0,,11,0,3,0,3.0
31200,0,0.9999998999999999,66,0,0.24375125,5000.0,1,0,1,0,0.0
31204,0,0.091574696,58,0,0.00839944,15000.0,9,0,1,0,0.0
31205,0,0.015866138000000002,72,0,1407.0,,7,0,1,0,0.0
31206,0,0.12229417199999999,43,0,0.417146319,3300.0,19,0,2,0,1.0
31209,0,0.024734466,81,0,0.007323944000000001,5324.0,8,0,0,0,0.0
31213,0,0.069521884,61,0,0.428409275,6166.0,15,0,1,0,0.0
31215,0,0.466745905,37,0,0.258353065,3800.0,7,0,1,0,1.0
31216,0,0.010166328,55,0,0.171026318,12500.0,2,0,1,0,2.0
31217,0,0.536027898,60,0,0.5464949929999999,2795.0,7,0,0,0,0.0
31218,0,1.02456087,46,2,0.211413748,4625.0,9,0,0,0,1.0
31219,0,0.142861236,53,0,0.25098814199999997,3541.0,4,0,0,0,0.0
31222,0,0.002897362,90,0,3.0,,6,0,0,0,0.0
31223,0,0.055954467,59,0,1.3337774820000001,1500.0,17,0,2,0,0.0
31224,0,0.155784422,61,0,0.22294426399999998,4000.0,3,0,0,0,0.0
31226,0,0.058512771,69,0,3668.0,,3,0,1,0,0.0
31227,0,0.451659539,48,2,0.7192224620000001,4166.0,17,0,1,0,1.0
31228,0,0.36618886700000003,68,0,0.484303139,5000.0,10,0,2,0,0.0
31229,1,0.976148977,48,3,0.515393842,2500.0,13,0,0,0,0.0
31230,0,0.080137671,63,0,0.7918506790000001,12000.0,9,0,3,0,1.0
31231,0,0.775074655,70,0,0.43285976200000004,4363.0,7,0,1,0,0.0
31232,1,0.8864015670000001,46,0,0.452913585,11085.0,12,0,2,0,3.0
31233,0,0.402646018,57,0,0.566654817,2812.0,6,0,1,0,1.0
31234,0,0.020595571,44,0,0.036546185,9959.0,7,0,0,0,1.0
31235,0,0.048365875,32,0,0.043326112,6000.0,3,0,0,0,0.0
31237,0,0.0,29,0,0.656357388,3200.0,4,0,2,0,1.0
31238,0,0.091254647,45,0,0.5900585629999999,7000.0,10,0,1,0,1.0
31239,0,0.393903031,44,0,0.365019446,8741.0,13,0,2,0,2.0
31240,0,0.059055607,70,0,0.113839286,2687.0,6,0,1,0,0.0
31242,0,0.009795281999999999,81,0,0.006748313000000001,4000.0,18,0,0,0,1.0
31244,0,0.023779526000000002,62,0,0.34235342399999996,7316.0,13,0,2,0,1.0
31246,0,0.016310064,57,0,0.12930898400000002,19000.0,7,0,1,0,0.0
31247,1,0.240255532,58,0,0.119129242,5833.0,11,0,0,0,0.0
31249,1,0.523253584,58,0,0.591254066,5533.0,29,0,1,0,0.0
31251,0,0.006253006,80,0,0.0015785320000000001,3800.0,3,0,0,0,0.0
31252,0,0.495350093,52,0,0.263208178,20933.0,5,0,1,0,2.0
31253,0,0.003136002,71,0,0.000245881,12200.0,4,0,0,0,1.0
31254,0,1.014965811,71,0,0.45158998,5628.0,6,0,1,1,2.0
31257,0,0.0,53,1,0.50596108,13000.0,16,0,2,0,1.0
31258,0,0.8941652520000001,57,1,1.0665,3999.0,8,0,1,0,0.0
31261,0,2.099009901,43,0,0.03331945,2400.0,1,0,0,0,0.0
31262,0,0.926147705,26,0,34.0,0.0,2,0,0,0,0.0
31263,0,0.0,80,0,0.0,1800.0,6,0,0,0,0.0
31265,0,0.37025346600000003,44,0,0.323032176,5500.0,11,0,1,0,4.0
31266,0,0.0057821159999999995,38,0,0.598470076,6666.0,12,0,2,0,0.0
31269,0,0.057581929000000004,47,0,0.22883803600000002,4500.0,7,0,0,0,0.0
31270,0,0.9861547340000001,33,0,0.430101768,5600.0,9,0,1,0,0.0
31272,0,0.9999998999999999,92,0,0.0,,2,0,0,0,0.0
31274,0,0.0,50,0,0.186133666,1600.0,21,0,0,0,2.0
31275,1,0.9999998999999999,36,2,424.0,,2,3,0,0,
31276,0,0.197584783,48,0,0.5523185660000001,5800.0,10,0,2,0,0.0
31279,0,0.69027507,64,1,2255.0,,13,0,1,0,
31280,0,0.9999998999999999,55,0,0.0,,2,0,0,0,0.0
31281,0,0.93971773,64,2,0.37018149100000003,6666.0,10,2,1,1,0.0
31282,0,0.0,35,0,0.271796185,7810.0,6,0,2,0,0.0
31283,1,0.272045698,28,0,0.015492253999999999,2000.0,3,1,0,0,0.0
31284,0,0.5474542379999999,36,0,0.22920976399999998,7250.0,5,0,2,0,2.0
31285,0,0.15359232,62,0,2350.0,,3,0,1,0,0.0
31286,0,0.0,62,0,0.1842723,1703.0,2,0,0,0,0.0
31287,0,0.054537592999999995,63,0,30.0,,2,0,0,0,0.0
31288,0,0.617253238,60,0,0.28250233,8583.0,8,0,1,0,2.0
31289,0,0.069669276,32,0,0.100445663,5833.0,8,0,0,0,0.0
31290,0,0.057813823,70,0,86.0,0.0,10,0,0,0,0.0
31291,1,1.13672496,26,1,0.040937997000000004,2515.0,2,1,0,1,0.0
31292,0,0.0,65,0,0.0,,3,0,0,0,
31293,0,1.010391687,51,0,0.03458837,24487.0,5,2,0,1,0.0
31294,1,0.0,50,0,0.087478385,9830.0,6,1,0,1,0.0
31297,1,0.744366917,75,0,0.44231570200000003,2400.0,17,0,0,0,0.0
31298,0,0.0,44,1,0.071873897,8500.0,8,0,0,0,2.0
31299,0,0.9999998999999999,44,0,0.29501681399999996,13083.0,6,0,2,0,2.0
31302,0,0.007088428000000001,55,0,0.37242524899999996,3009.0,6,0,1,0,0.0
31304,0,0.44536763,25,0,0.15818707,4500.0,18,0,0,0,0.0
31306,0,0.362987045,51,0,0.123024349,2340.0,4,0,0,0,1.0
31307,0,0.47893740799999995,48,0,1.304199219,2047.0,13,0,1,0,3.0
31308,0,0.0,52,0,0.192640535,13750.0,9,0,1,0,3.0
31309,0,0.014732599999999998,62,0,0.013435701000000001,2083.0,14,0,0,0,0.0
31310,0,0.008266391,82,0,80.0,,4,0,0,0,
31311,0,0.000588166,48,0,1018.0,,7,0,1,0,0.0
31312,1,1.102564103,36,0,0.0035783990000000003,3073.0,3,9,0,0,0.0
31313,0,0.019266633000000002,71,0,0.21252371899999997,6850.0,10,0,2,0,0.0
31314,0,0.17762530399999998,44,0,0.514536225,6500.0,14,0,2,0,0.0
31315,0,0.351297405,25,0,0.097611324,3390.0,3,0,0,0,1.0
31316,0,0.9914297959999999,28,0,0.262295082,2500.0,5,0,0,0,1.0
31317,0,0.9999998999999999,25,0,811.0,0.0,3,0,0,0,1.0
31319,0,0.399475453,64,2,0.162011173,3400.0,5,0,0,0,0.0
31320,0,0.0,25,0,0.701754386,740.0,4,0,0,0,0.0
31322,0,0.016164971,31,0,0.14663643199999998,10583.0,9,0,2,0,1.0
31323,0,0.0,41,0,0.35207199200000006,9000.0,9,0,2,0,2.0
31324,0,0.003594738,59,0,0.165233137,4417.0,10,0,0,1,0.0
31325,0,0.050614225,72,0,0.015755329,5394.0,2,0,0,0,0.0
31326,0,0.008747266,21,0,0.0,0.0,2,0,0,0,0.0
31329,0,0.645162856,58,0,4451.0,,8,0,1,0,4.0
31331,0,0.26093719600000004,42,0,0.31771631300000003,12400.0,10,0,3,0,5.0
31332,0,0.6853642809999999,34,1,0.18614602800000002,3738.0,5,0,0,0,2.0
31333,0,0.7049123829999999,55,0,0.658108108,5919.0,12,0,2,0,0.0
31334,0,0.556001358,73,0,0.300858704,6404.0,9,0,2,0,0.0
31336,0,0.9999998999999999,30,0,0.0,3100.0,0,2,0,0,0.0
31337,0,0.265789337,84,0,154.0,,7,0,0,1,0.0
31338,0,0.017876821,86,0,0.001439885,8333.0,6,0,0,0,0.0
31339,0,0.6567053310000001,41,0,0.361514127,9166.0,8,0,2,0,2.0
31340,0,0.9467303779999999,60,1,0.37853504299999996,5692.0,6,1,1,0,1.0
31342,0,0.0,58,0,1.089986767,2266.0,6,0,1,0,1.0
31343,0,0.36154161700000004,60,1,1.0874035990000002,3500.0,11,0,2,0,0.0
31346,0,0.119982279,66,0,3682.0,,9,0,2,0,0.0
31349,1,0.953339952,55,2,0.303255575,3900.0,3,2,0,2,0.0
31352,0,0.040433857000000004,53,0,0.40631345799999996,5416.0,12,0,2,0,0.0
31353,0,0.166415528,48,0,0.38248233600000003,7500.0,12,0,1,0,1.0
31355,0,0.09416509699999999,41,0,0.360370023,7458.0,9,0,2,0,1.0
31357,0,0.32327879600000003,48,0,0.48856183,6250.0,7,0,1,0,0.0
31359,0,0.550030208,28,0,2896.0,,8,1,2,0,0.0
31360,0,0.031550364,56,0,0.254114994,4434.0,10,0,1,0,0.0
31361,0,0.013777523,59,2,0.185469088,6000.0,12,0,0,0,2.0
31363,0,0.668129861,74,0,0.773363775,6569.0,19,0,2,0,4.0
31364,0,0.5133852489999999,46,0,0.180824522,8416.0,7,0,0,0,3.0
31365,0,0.037096664,67,0,49.0,,8,0,0,0,0.0
31366,0,0.48979622799999994,61,0,0.646967341,4500.0,15,0,2,0,1.0
31367,0,0.251788012,73,0,4381.0,,22,0,4,0,0.0
31369,0,0.340196624,60,0,0.471961245,6811.0,16,0,1,0,1.0
31370,0,0.015474200000000002,70,0,0.007739630999999999,5038.0,6,0,0,0,0.0
31372,0,0.948207171,44,0,0.80902397,6382.0,7,0,3,0,1.0
31373,1,0.83978373,52,0,0.37714524899999996,7166.0,14,0,1,0,0.0
31374,1,0.9999998999999999,35,2,0.637526157,4300.0,5,3,1,1,1.0
31375,0,0.386909974,34,0,0.42337528,5800.0,6,0,1,0,0.0
31377,0,0.289785036,48,0,0.196647588,4891.0,4,0,2,0,0.0
31378,0,0.018452076,47,0,0.005237596,10500.0,14,0,0,0,3.0
31380,0,0.146800502,66,0,0.238768719,1201.0,8,0,0,0,0.0
31381,0,0.9999998999999999,28,0,0.00149975,6000.0,2,0,0,0,1.0
31382,0,0.9809102479999999,65,0,0.683165292,3272.0,5,0,1,0,0.0
31383,0,0.0,29,0,0.046520569000000005,2600.0,2,0,0,0,0.0
31384,0,0.000114282,62,0,0.42486633100000004,12530.0,13,0,1,0,0.0
31387,1,0.922467459,52,0,0.09848540800000001,13534.0,8,6,0,2,4.0
31388,0,0.991150442,63,0,0.9362373740000001,3167.0,8,0,2,0,2.0
31389,0,0.0013952839999999999,32,0,1462.0,,3,0,1,0,
31390,0,0.9421574079999999,48,0,0.55629612,4200.0,12,0,1,0,2.0
31392,0,0.07471858299999999,35,0,0.579837006,3312.0,13,0,2,0,2.0
31393,0,0.9999998999999999,39,0,0.504505716,7434.0,4,0,1,0,0.0
31396,0,0.451235911,51,0,3327.0,,8,0,1,0,0.0
31399,0,0.553569345,44,0,0.677011678,6250.0,17,0,2,0,1.0
31400,0,0.006105879,66,0,0.21705224899999997,11540.0,14,0,2,0,1.0
31401,0,0.784804402,67,0,1.047449321,4488.0,12,0,1,0,0.0
31402,0,0.86980671,39,0,0.304770066,3500.0,7,0,1,0,0.0
31405,0,0.001309043,56,0,0.18025634,11000.0,6,0,1,0,1.0
31406,1,1.1005996,53,1,0.772305496,1400.0,4,1,0,2,0.0
31407,0,0.9999998999999999,85,0,0.382130763,3838.0,3,0,1,0,0.0
31410,0,0.001439358,59,0,0.276144771,5000.0,9,0,1,0,0.0
31411,0,0.0,23,0,0.0,820.0,2,0,0,0,0.0
31412,0,0.283810155,81,0,0.184001649,9700.0,9,0,1,0,0.0
31413,0,0.0,61,0,0.0,,3,0,0,0,
31414,0,29110.0,58,0,0.402559744,10000.0,7,0,1,0,0.0
31415,1,0.869048685,62,1,2.021295089,2300.0,20,0,2,0,2.0
31416,0,0.0,53,0,4452.0,,2,0,1,0,3.0
31417,0,0.588682264,48,0,0.620085995,3255.0,5,0,3,0,2.0
31420,0,1.006513164,34,0,1.107321376,3400.0,7,0,2,0,1.0
31421,0,0.9999998999999999,38,0,3655.0,,3,0,2,0,0.0
31423,0,0.175935846,56,0,2542.0,,9,0,1,0,0.0
31424,0,0.501999273,26,1,0.19844502,2700.0,6,0,0,0,0.0
31425,0,0.018544331,54,0,0.41924646,4166.0,13,0,1,0,0.0
31426,0,0.9999998999999999,43,0,0.191003213,2800.0,3,0,0,0,2.0
31427,0,0.0,67,2,0.271932299,3544.0,13,0,1,0,0.0
31428,0,0.6943929059999999,47,0,0.505164945,3000.0,12,0,0,0,0.0
31430,0,0.251357113,35,0,0.448896984,4940.0,13,0,1,0,2.0
31431,0,0.143253443,51,1,0.37585483700000005,10966.0,10,0,2,0,3.0
31432,0,0.005848308000000001,35,0,0.013014055,1920.0,5,0,0,0,0.0
31434,0,0.009155712,49,0,0.319744635,13000.0,12,0,3,0,3.0
31435,1,1.039946738,26,0,0.7841079459999999,2000.0,11,0,0,0,0.0
31436,0,0.269936503,63,0,0.015852698000000002,10155.0,7,0,0,0,0.0
31437,0,0.04205635,66,0,1599.0,,4,0,1,0,0.0
31438,0,0.057084899,70,0,0.046390722,5000.0,5,0,1,0,1.0
31439,0,0.074101601,62,0,0.251703713,15700.0,15,0,2,0,1.0
31440,0,0.356527394,27,3,0.7687253609999999,760.0,8,0,0,0,0.0
31441,0,0.115237829,40,1,2.491686461,2946.0,17,0,3,0,0.0
31442,0,0.0,47,0,2010.0,,4,0,2,0,0.0
31443,0,0.08179892,81,1,0.624966225,3700.0,18,0,2,0,0.0
31445,0,0.041063842999999996,61,0,0.15996001,4000.0,7,0,1,0,0.0
31446,0,0.0,61,0,0.060884398,7620.0,3,0,1,0,0.0
31447,0,0.9999998999999999,43,1,0.190916399,2487.0,1,0,0,0,3.0
31449,0,0.23446309699999998,51,0,0.41870009700000005,13400.0,5,0,1,0,1.0
31450,0,1.338289963,37,1,0.112824675,7391.0,5,1,0,2,0.0
31451,0,0.06491024,46,0,0.20450827100000002,5500.0,12,0,1,0,2.0
31452,0,0.07211598599999999,59,0,457.0,,7,0,1,0,
31453,0,0.008186363,73,0,528.0,,2,0,0,0,0.0
31454,0,0.14665933,44,0,3378.0,,10,0,2,0,0.0
31455,1,0.501868639,47,0,1.686971235,6500.0,16,0,3,0,1.0
31456,0,0.000982024,82,1,0.096515025,9583.0,6,0,1,0,0.0
31457,0,0.052994701,68,1,0.27513091300000003,11648.0,8,0,3,0,1.0
31458,0,0.9999998999999999,37,0,0.06956248,3176.0,2,0,0,0,4.0
31459,0,0.005974467,32,0,0.386432299,3640.0,4,0,1,0,0.0
31460,0,0.384584617,44,0,0.348108649,6000.0,7,0,1,0,3.0
31461,0,0.15490986,52,0,0.678412792,3376.0,10,0,2,0,2.0
31462,0,0.056319167999999996,60,0,0.552516042,11843.0,24,0,2,1,0.0
31465,0,0.011110425,31,1,0.164470625,6450.0,17,0,1,0,1.0
31466,0,0.033747055,67,0,0.36170688100000004,4475.0,7,0,1,0,0.0
31467,0,0.616255829,22,0,0.148822745,2250.0,3,0,0,0,0.0
31469,0,0.0017221270000000002,78,0,0.0,,1,0,0,0,
31470,0,0.079227761,51,0,1.025448298,9312.0,12,0,3,0,1.0
31471,0,0.0,36,0,0.17164179100000002,8977.0,6,0,1,0,0.0
31473,0,0.48052395700000006,36,0,0.321669583,4000.0,4,1,1,2,0.0
31474,0,1.011848504,51,0,0.223190933,5734.0,4,1,0,0,1.0
31475,0,0.025716912,58,0,1.520826391,3000.0,10,0,2,0,0.0
31476,1,0.9999998999999999,31,1,0.434688111,4600.0,3,0,2,3,2.0
31477,0,0.006759134,68,0,0.17011855399999998,7000.0,11,0,2,0,0.0
31478,0,0.9329067090000001,50,0,0.6507830720000001,3000.0,13,0,1,0,1.0
31479,0,0.308134593,60,0,1839.0,,8,0,1,0,0.0
31481,0,0.00019710599999999998,76,0,0.177742292,8140.0,14,0,1,0,0.0
31482,0,0.043230363,38,0,0.357910522,4000.0,6,0,0,0,3.0
31483,0,0.0073527969999999995,75,0,0.0029994,3333.0,7,0,0,0,0.0
31485,0,0.133039622,34,2,0.021471424,6333.0,7,0,0,0,1.0
31486,0,0.9999998999999999,79,0,0.211805556,5183.0,7,0,1,0,0.0
31487,0,0.9999998999999999,72,0,0.000434594,9203.0,0,0,0,0,1.0
31488,0,0.09362708800000001,65,0,0.23798677899999998,18000.0,13,0,2,0,0.0
31489,0,0.126443916,37,0,0.146529563,3500.0,6,0,0,0,0.0
31491,0,0.064155974,36,0,0.09454394,2400.0,5,0,0,0,0.0
31492,0,0.149598614,51,1,0.5909860020000001,6500.0,18,0,3,0,2.0
31493,0,0.004988118,61,0,2579.0,,8,0,3,0,0.0
31494,0,0.954976574,50,2,0.33821027600000003,5877.0,4,2,1,0,5.0
31495,0,0.06920934200000001,48,0,29.0,,4,0,0,0,0.0
31498,0,0.0,54,0,0.405328191,14000.0,8,0,3,0,2.0
31499,0,0.0,54,0,0.139931741,2050.0,3,0,0,0,0.0
31500,0,0.9215525859999999,36,0,1165.0,,3,0,0,0,0.0
31501,0,0.080284567,48,0,2419.0,0.0,6,0,1,0,3.0
31502,0,0.161206015,69,0,1486.0,,5,0,1,0,0.0
31503,0,0.08267985900000001,48,0,685.0,,2,0,1,0,
31504,0,0.009997369,39,0,315.0,,5,0,0,0,0.0
31505,0,0.0,35,0,3092.0,,7,0,1,0,0.0
31506,0,0.055673827,35,0,0.606590724,2457.0,9,0,1,0,1.0
31507,0,0.106485703,45,0,0.17744228199999998,20400.0,10,0,3,0,2.0
31508,0,0.5633344920000001,51,0,6647.0,,8,0,2,0,0.0
31509,0,0.0,57,0,0.019025349,18816.0,3,0,0,0,0.0
31512,0,0.14012623,54,0,0.133280867,21600.0,8,0,2,0,1.0
31513,0,0.053881447,68,0,0.21361133,5083.0,13,0,1,0,2.0
31515,0,0.300104197,46,1,0.346115749,7066.0,14,0,1,0,2.0
31516,0,0.9999998999999999,33,0,0.0017540779999999998,5700.0,3,0,0,0,0.0
31517,0,0.06062079,38,0,0.5050547470000001,33334.0,29,0,21,0,0.0
31518,0,0.9999998999999999,48,0,2642.0,,9,0,2,0,0.0
31520,0,0.0,31,1,1590.0,,5,0,2,0,0.0
31521,0,0.14870736699999998,72,0,2367.0,,12,0,1,0,1.0
31522,0,0.027670349,62,0,0.099682866,11666.0,8,0,0,0,0.0
31524,0,0.0,29,0,0.19326891,3000.0,3,0,0,0,0.0
31525,0,0.270461931,69,1,0.5451516160000001,3000.0,11,0,0,0,0.0
31526,1,0.92371926,50,5,0.16810746899999998,16078.0,15,3,0,0,2.0
31527,0,0.388996447,38,0,0.532610727,5350.0,7,0,2,0,1.0
31528,0,0.017711682,78,0,0.010562051999999999,2650.0,11,0,0,0,0.0
31532,0,0.0,43,0,0.312949986,10416.0,5,0,3,0,3.0
31533,0,0.007292156,60,0,0.45199373600000003,8300.0,8,0,3,0,0.0
31534,0,0.064997046,59,0,0.7929603040000001,11562.0,8,0,2,0,0.0
31535,0,0.0,48,0,1.7883597880000002,1700.0,4,0,2,0,0.0
31536,0,0.243666131,36,1,1698.0,,8,0,1,0,0.0
31537,0,0.01999934,41,0,0.485601355,7083.0,6,0,2,0,1.0
31538,0,0.033451138,63,0,942.0,,4,0,1,0,0.0
31539,0,0.011059875,55,0,400.0,,7,0,0,0,0.0
31541,0,1.002263724,55,4,0.175012775,3913.0,5,0,0,0,1.0
31542,0,0.071569384,71,0,0.018495376,4000.0,3,0,0,0,0.0
31543,0,0.9999998999999999,65,0,0.25374925,5000.0,1,0,0,0,1.0
31546,0,0.042847185999999995,49,0,2313.0,,5,0,1,0,2.0
31547,0,0.08419503800000001,54,0,0.314068593,10000.0,15,0,2,0,2.0
31548,0,0.9999998999999999,56,0,0.154897797,7533.0,3,0,1,0,1.0
31549,0,0.489228359,68,0,0.418632547,2500.0,10,0,0,0,0.0
31551,1,1.023255814,43,2,0.316672747,2740.0,4,1,0,2,2.0
31552,0,0.005293835,41,0,2721.0,,6,0,1,0,0.0
31553,0,0.333429113,40,0,0.106289809,2511.0,7,0,0,0,2.0
31554,1,0.736895555,40,0,2494.0,,11,0,1,0,1.0
31555,0,0.322111624,56,0,1.153641798,4516.0,18,0,5,0,0.0
31556,1,0.962179459,33,1,0.879790526,4200.0,14,0,2,0,0.0
31557,1,0.718554804,57,0,0.7019298070000001,10000.0,10,0,3,0,1.0
31558,0,0.043856312,59,0,0.363251738,3308.0,16,2,1,0,2.0
31559,0,0.0,33,0,0.132157789,5500.0,3,0,0,0,1.0
31561,0,1.043182727,58,2,983.0,,5,2,0,2,3.0
31562,0,0.102825131,34,0,0.380082656,7500.0,8,0,1,0,1.0
31563,0,0.170185762,50,0,0.441662334,25000.0,6,0,4,0,5.0
31564,0,0.23353021399999999,22,0,0.016129031999999998,929.0,3,0,0,0,0.0
31565,0,0.024061287999999997,77,0,0.14183688,7000.0,17,0,1,0,0.0
31567,0,0.9999998999999999,63,0,0.182963929,2300.0,3,0,0,0,0.0
31568,0,0.026327006,64,0,24.0,,2,0,0,0,
31569,1,0.875078076,25,1,0.5933897,1300.0,10,0,0,3,0.0
31570,0,0.019658738000000002,60,0,0.276516906,8635.0,9,0,1,0,0.0
31571,0,0.9416403790000001,41,1,0.410281147,7255.0,11,0,0,0,4.0
31572,0,0.0,51,0,0.7675694209999999,5833.0,9,0,2,1,0.0
31573,0,0.18151977100000002,58,0,0.361055578,2500.0,12,0,0,0,0.0
31574,0,0.430116569,56,3,4761.0,,6,0,2,0,0.0
31575,0,0.091381005,41,0,0.275484162,6660.0,13,0,2,0,0.0
31576,0,0.023620011,45,0,3408.0,,6,0,1,0,0.0
31577,0,0.263955514,39,0,0.393785571,6500.0,9,0,2,0,2.0
31578,0,0.113830894,51,0,2449.0,,13,0,4,0,0.0
31580,0,0.04330325,37,0,0.18476304699999999,5000.0,10,0,1,0,2.0
31581,0,0.00490535,86,0,0.003959683,8333.0,8,0,0,0,1.0
31582,0,0.103544278,84,0,0.026759356,10500.0,13,0,0,0,0.0
31584,0,0.021177307000000003,50,0,0.110315186,8375.0,3,0,1,0,0.0
31586,0,0.090500217,67,0,907.0,,8,0,1,0,0.0
31587,0,0.428398505,45,0,0.339366516,3756.0,8,0,1,0,0.0
31588,0,0.009873765999999999,34,0,0.000425441,4700.0,1,0,0,0,2.0
31589,0,0.067993819,75,0,0.191118345,4300.0,13,0,1,0,0.0
31590,0,0.0,46,0,0.002997003,1000.0,8,0,0,0,0.0
31593,0,0.9999998999999999,53,0,0.581842062,6090.0,8,0,2,0,2.0
31594,0,0.300373063,60,0,0.408990623,3625.0,6,0,2,0,0.0
31595,0,0.9999998999999999,22,0,0.0,,0,0,0,0,
31596,0,0.825745073,53,1,334.0,,1,1,0,1,0.0
31597,0,0.07007209,34,0,0.045899489,21350.0,7,0,0,0,0.0
31601,0,0.241952681,51,0,0.345465453,10000.0,12,0,2,0,2.0
31602,0,0.7436281859999999,32,2,0.436113714,3200.0,4,1,0,0,3.0
31603,0,0.953725831,43,0,0.283799137,4400.0,4,0,0,0,0.0
31604,0,0.9999998999999999,30,0,0.106950175,3150.0,2,0,0,0,0.0
31605,0,1.463571889,42,0,0.189170665,2917.0,6,2,0,2,2.0
31606,0,0.9945455790000001,47,0,0.65318818,3857.0,7,0,1,0,1.0
31607,0,0.067015234,57,0,0.230615399,11000.0,7,0,1,0,3.0
31608,0,0.900415917,65,0,0.441564675,12500.0,10,0,2,0,0.0
31609,0,0.0,81,0,17.0,,4,0,0,0,0.0
31611,0,0.742658668,26,0,0.23987698600000001,3901.0,15,0,1,0,2.0
31612,0,1.082907439,53,0,0.466328167,3741.0,7,0,2,0,1.0
31614,0,0.0,26,0,1.0,,2,0,0,0,
31615,0,0.035822972,84,0,12.0,0.0,5,0,0,0,0.0
31618,0,0.842315369,22,0,0.22798251100000003,1600.0,3,0,0,0,0.0
31619,0,0.27266565,26,0,0.358106982,6000.0,5,0,1,1,1.0
31623,0,0.251532971,45,0,4310.0,,10,0,4,0,0.0
31626,0,0.327998041,58,0,0.38389475799999995,5016.0,12,0,1,0,0.0
31629,0,0.236020167,62,0,0.44193201,6500.0,14,0,1,0,0.0
31632,0,0.266146771,35,1,0.42190624299999996,4500.0,7,0,1,1,0.0
31633,1,0.142594054,27,2,0.365284263,3640.0,9,0,0,0,0.0
31636,0,0.027592367000000003,81,0,33.0,,6,0,0,0,0.0
31637,0,0.06084664099999999,62,1,0.530201342,4916.0,11,0,2,0,3.0
31639,0,0.012267645,63,0,0.068655224,6000.0,14,0,0,0,0.0
31640,0,0.5107993,47,1,0.825962733,8049.0,11,0,4,0,2.0
31643,0,0.35800940600000003,51,0,0.429658341,6965.0,10,0,1,0,3.0
31646,0,0.623344958,53,3,0.40078655700000004,11187.0,10,0,2,2,1.0
31647,0,0.005660921,54,0,172.0,,7,0,1,0,
31648,0,0.505220809,53,0,2931.0,,9,0,1,0,1.0
31651,0,0.412102445,36,0,0.368879946,2981.0,6,0,0,0,0.0
31652,0,0.0,61,0,0.0,,3,0,0,0,0.0
31655,0,0.09486774099999999,70,0,0.17620217600000002,11395.0,6,0,2,0,1.0
31656,0,0.470417299,47,0,0.691861628,5000.0,8,0,2,0,1.0
31658,0,0.0,73,0,0.0,7000.0,6,0,0,0,0.0
31659,0,0.5139471870000001,69,0,327.0,,6,0,0,0,0.0
31660,0,0.261015453,60,0,0.24553702100000002,6833.0,7,0,2,0,0.0
31661,0,0.07624618799999999,38,1,1550.0,1.0,8,0,2,0,4.0
31662,0,0.315368739,54,0,0.80705369,8250.0,9,0,2,0,3.0
31664,0,0.007373835,68,0,0.213453329,8666.0,10,0,1,0,0.0
31666,0,0.0037687759999999997,35,0,0.24165513,6500.0,9,0,1,0,0.0
31669,0,0.31064078,44,0,0.242025075,6300.0,7,0,0,0,2.0
31670,0,0.083625962,57,0,0.09620807599999999,33333.0,8,0,1,0,2.0
31671,0,0.253705715,50,0,269.0,1.0,8,0,0,0,1.0
31672,0,0.034059498,66,0,0.179394177,10200.0,26,0,2,0,1.0
31675,0,0.9999998999999999,84,0,29.0,,1,0,0,0,0.0
31676,0,0.251358288,61,0,0.290886392,800.0,7,0,0,0,1.0
31678,0,0.912377973,58,0,0.445686422,13329.0,8,0,2,0,0.0
31680,0,0.9999998999999999,75,1,1.8509345080000001,6580.0,13,0,1,0,0.0
31682,0,1.101544273,48,1,0.18489148600000002,9583.0,8,0,0,1,4.0
31685,0,0.008845668000000001,62,0,1390.0,,7,0,2,0,0.0
31686,0,0.371759468,54,0,0.703895145,10833.0,14,0,2,0,2.0
31691,0,0.31618222,40,0,0.707613198,7000.0,18,0,2,0,0.0
31692,0,0.000437147,80,1,0.215486067,4700.0,17,0,0,0,0.0
31694,0,0.022227301,73,1,0.183389831,5899.0,5,0,1,0,0.0
31697,0,0.40066999200000003,58,0,0.838947744,8400.0,18,0,2,0,1.0
31698,0,0.007884514,86,0,18.0,,8,0,0,0,0.0
31699,0,0.0,38,0,0.492607671,4666.0,2,0,1,0,0.0
31703,0,0.0,70,0,0.85159263,7000.0,8,0,3,0,0.0
31705,0,0.891841543,61,1,0.34156746,10079.0,10,0,0,0,3.0
31706,0,0.0,30,0,0.272606088,4500.0,2,0,1,0,0.0
31707,0,0.552018335,59,0,0.48010583100000004,9826.0,16,0,2,0,1.0
31709,1,0.0053615419999999995,33,0,0.187078452,5633.0,8,1,1,1,0.0
31711,0,0.133811031,32,0,0.524277812,4880.0,6,0,1,0,2.0
31712,0,0.0048704740000000005,54,0,0.24330089300000002,7500.0,8,0,1,0,0.0
31713,1,0.9999998999999999,52,0,0.0,,2,3,0,0,
31714,0,0.027661192999999997,87,0,29.0,,8,0,0,0,
31715,0,0.295639861,65,0,4438.0,,29,0,3,0,0.0
31716,1,0.9780619359999999,62,5,2156.0,0.0,13,0,1,2,0.0
31717,0,0.032521845,38,0,0.177840508,8501.0,6,0,1,0,0.0
31719,0,0.047197902,84,0,0.0061806940000000005,5500.0,6,0,0,0,0.0
31720,0,0.644233894,50,1,0.35304906,4361.0,9,0,1,0,2.0
31723,0,0.007687416999999999,49,0,270.0,,6,0,1,0,0.0
31727,0,0.155605549,56,0,0.140369772,5570.0,4,0,0,0,0.0
31729,0,1.004312034,28,1,0.36681659200000005,2000.0,6,0,0,0,0.0
31730,0,0.004498214,66,0,0.421431427,2500.0,31,0,1,0,0.0
31732,0,0.06263919400000001,42,0,0.14280520000000002,11000.0,9,0,2,0,1.0
31733,0,0.490964931,41,0,0.44059521,4300.0,10,0,1,0,0.0
31736,0,0.13843888099999999,51,0,0.11841599400000001,2600.0,4,0,0,0,0.0
31737,0,0.404932511,39,0,2068.0,,5,0,1,0,0.0
31739,0,0.24760468100000002,64,0,0.599707816,6844.0,24,0,3,0,1.0
31740,0,0.25440866,66,0,0.66211878,1245.0,16,0,0,0,0.0
31741,0,0.9999998999999999,57,2,2.8850442139999997,2600.0,8,0,3,1,0.0
31742,0,0.095506694,46,0,0.6795045479999999,5166.0,21,0,1,0,2.0
31743,0,0.010638101,69,3,0.29695384,5350.0,20,0,4,0,1.0
31744,0,0.25896854399999997,57,0,0.553778032,7000.0,13,0,1,0,0.0
31746,0,0.9999998999999999,52,1,0.126025524,4387.0,4,0,0,0,1.0
31747,0,0.042699750999999994,78,0,915.0,,9,0,1,0,0.0
31748,0,0.677117098,65,0,0.315877863,6549.0,13,0,0,0,0.0
31749,0,0.434196514,44,1,0.217731421,2300.0,3,0,0,0,0.0
31751,0,0.163744152,47,0,0.307544634,10417.0,7,0,2,0,2.0
31752,0,0.132685072,58,1,3861.0,,20,0,1,1,0.0
31755,0,0.069592349,61,1,0.265323924,12610.0,18,0,1,0,3.0
31756,1,0.028393678999999998,72,0,0.46882399399999997,3800.0,10,0,1,0,0.0
31758,1,0.914376264,33,7,0.668148062,17100.0,14,0,8,1,0.0
31759,1,0.407282256,41,5,0.553357161,7833.0,15,0,1,0,1.0
31760,0,0.07270788,68,0,811.0,,4,0,1,0,0.0
31761,1,0.9999998999999999,54,0,16.0,,0,2,0,1,0.0
31762,0,0.00170906,66,0,0.01622153,6102.0,6,0,0,0,1.0
31763,0,0.423553942,30,0,0.36026235799999995,6250.0,8,0,2,0,3.0
31764,0,0.715564841,49,0,0.25431889,3530.0,9,1,0,0,1.0
31765,0,0.0071294109999999996,49,0,3562.0,,5,0,2,0,0.0
31766,0,0.043369757,49,0,0.042703758,8195.0,10,0,1,0,0.0
31767,0,0.0,44,0,0.43972058299999994,8302.0,15,0,2,0,2.0
31769,0,0.017310541000000002,57,0,0.312468753,10000.0,24,0,1,0,0.0
31773,0,0.08687873300000001,69,0,0.680439853,6001.0,21,0,2,0,0.0
31774,0,0.25569534899999996,46,0,0.30804640000000005,5430.0,11,0,1,0,0.0
31775,0,0.003220195,73,0,0.001355702,5900.0,11,0,0,0,0.0
31776,0,0.01467964,64,0,695.0,,6,0,2,0,
31778,0,0.9999998999999999,30,98,49.0,,0,98,0,98,2.0
31779,0,0.9041916170000001,28,0,0.084983003,5000.0,4,0,0,0,1.0
31780,0,0.010526131000000001,87,0,1591.0,,6,0,1,0,0.0
31781,0,0.9999998999999999,41,2,0.00329934,3333.0,2,0,0,0,1.0
31784,0,0.183085055,47,0,0.814069038,3823.0,9,0,2,0,1.0
31785,0,0.231863126,43,0,0.453853296,5384.0,9,0,2,0,0.0
31787,0,0.9999998999999999,66,0,2245.0,,5,0,1,0,
31788,0,0.0,45,0,1779.0,,6,0,2,0,0.0
31789,0,0.390425935,48,0,0.40570923299999995,7916.0,13,0,2,0,0.0
31790,0,0.123712037,69,0,0.036321226,3000.0,2,0,0,0,0.0
31791,0,0.001207185,79,0,3.0,,3,0,0,0,
31793,0,0.045497156,51,1,0.331181004,4800.0,9,0,1,0,3.0
31794,0,0.082351557,41,0,0.045353903,14000.0,4,0,0,0,1.0
31795,1,0.089000547,65,0,0.079315708,4500.0,5,0,0,0,1.0
31796,0,0.7256740909999999,63,0,0.36245173700000005,2071.0,5,0,0,0,0.0
31798,0,0.318406399,61,0,0.064544265,6878.0,7,0,0,0,1.0
31799,0,0.024381065,77,0,0.48883508200000003,3716.0,12,0,2,0,1.0
31800,0,0.0,57,0,1.946953091,2280.0,9,0,3,0,0.0
31801,0,0.038439269,65,0,0.503398641,2500.0,6,0,2,0,0.0
31803,0,0.06359576,58,0,0.011285772,2480.0,2,0,0,0,0.0
31805,1,3629.0,46,1,1407.0,,5,3,1,0,0.0
31806,0,0.014029878,75,0,0.19553072600000002,3400.0,14,0,1,0,0.0
31807,0,0.9999998999999999,44,0,2398.0,,3,0,1,0,0.0
31808,0,0.982716755,33,0,0.08306451599999999,2479.0,1,0,0,0,1.0
31809,0,0.539550375,47,1,393.0,,4,0,0,1,3.0
31811,0,0.869752638,53,0,0.503054545,13749.0,21,0,2,0,1.0
31813,0,0.010522703999999999,86,0,0.196695096,1875.0,10,0,1,0,0.0
31816,0,0.0016074470000000001,67,0,0.133457336,4300.0,7,0,0,0,0.0
31817,1,0.55290426,39,0,0.5072463770000001,2690.0,9,0,0,0,0.0
31818,0,0.140237632,72,0,0.105311439,10900.0,7,0,0,0,0.0
31820,0,0.7234417809999999,51,1,0.25137505600000004,6726.0,6,1,0,0,3.0
31822,0,0.0075410469999999995,54,0,0.002066529,15000.0,10,0,0,0,3.0
31823,0,0.06362404299999999,64,0,0.007665981999999999,7304.0,6,0,0,0,0.0
31825,0,0.059112015,64,0,0.114259049,15000.0,7,0,1,0,1.0
31826,0,0.0,46,0,0.34130082799999995,10500.0,4,0,2,0,0.0
31827,0,0.961259685,45,2,0.469955616,5857.0,7,2,0,1,3.0
31828,0,0.0,50,0,2020.0,,11,0,2,0,0.0
31830,0,0.811341718,64,0,0.38274605100000003,13167.0,5,0,2,0,0.0
31832,0,0.0,58,0,1.325837081,2000.0,11,0,1,0,0.0
31835,0,0.130187534,43,0,0.701224662,4735.0,8,0,1,0,3.0
31836,0,0.607402344,47,1,0.347612191,8333.0,9,0,2,0,2.0
31837,1,0.614243323,46,3,0.7428979529999999,6300.0,11,1,2,0,1.0
31839,0,0.047782347,44,0,0.30270643,5800.0,19,0,1,0,1.0
31841,1,0.9999998999999999,50,0,0.004284694,4200.0,0,1,0,0,0.0
31842,0,0.02420628,87,0,4.0,,1,0,0,0,
31844,0,0.070714297,63,0,0.9262244270000001,1612.0,11,0,2,0,0.0
31845,0,0.165104996,39,0,0.49786975,11500.0,8,0,3,0,0.0
31847,0,0.135324312,60,1,1528.0,,6,0,1,0,0.0
31848,0,0.0,56,0,0.00409959,10000.0,20,0,0,0,1.0
31849,1,0.990001136,52,0,0.461638774,4600.0,5,1,0,0,1.0
31850,0,0.9773656940000001,58,1,0.40531429700000005,5042.0,8,0,1,0,2.0
31851,0,0.47222873200000004,68,0,0.090952155,2110.0,10,0,0,0,0.0
31852,0,0.227050743,58,0,0.356480605,5284.0,9,0,2,0,1.0
31853,0,0.17755572600000002,26,0,0.074405787,2902.0,3,0,0,0,0.0
31854,0,0.0,43,0,164.0,,2,0,0,1,0.0
31855,0,0.968374423,44,0,1833.0,,4,0,0,0,0.0
31858,0,0.048594711,42,0,0.009712898000000001,7000.0,4,0,0,0,2.0
31859,0,0.030308069,59,0,0.06884058,551.0,4,0,0,0,0.0
31860,0,0.002323409,39,0,0.191300763,4850.0,8,0,0,0,0.0
31862,0,0.09573803300000001,30,0,0.056882210999999995,3726.0,3,0,0,0,0.0
31863,0,0.06826028,50,0,3603.0,,9,0,2,0,0.0
31866,0,0.0,22,0,0.0,2745.0,1,0,0,0,0.0
31867,0,0.012740627,60,0,0.087610704,10500.0,7,0,1,0,0.0
31869,0,0.090610232,58,0,0.663084229,4000.0,9,0,1,0,0.0
31870,0,0.406043471,47,0,0.36593268100000004,16666.0,23,0,2,0,3.0
31871,0,0.200259445,39,0,702.0,,6,0,1,0,0.0
31872,0,0.9999998999999999,42,0,158.0,,2,0,0,0,
31874,0,0.374101619,55,2,0.13862376099999998,11000.0,5,0,1,0,1.0
31875,0,0.9999998999999999,57,1,0.17135451699999998,10416.0,10,0,1,0,2.0
31876,0,0.6860949209999999,52,0,2211.0,,5,0,2,0,0.0
31877,0,0.34398328799999994,69,0,0.420287221,5500.0,9,0,1,0,0.0
31879,0,0.03220999,80,0,21.0,,5,0,0,0,0.0
31880,0,0.648160585,28,0,0.18270432399999997,4000.0,10,0,0,0,1.0
31881,0,0.176227723,58,0,0.511597699,5388.0,22,0,2,0,0.0
31884,0,0.450280891,54,1,4983.0,,18,0,2,0,0.0
31885,0,0.078647673,32,0,0.254397334,5400.0,7,0,1,0,0.0
31887,0,0.011766583999999998,58,1,0.299056925,8800.0,25,0,1,0,0.0
31888,0,0.13175563099999998,34,0,0.485602094,4583.0,4,0,2,0,0.0
31889,0,0.731925765,65,0,0.41609719100000003,3950.0,10,0,0,0,0.0
31890,0,0.25788980300000003,54,0,0.235721134,7300.0,8,0,1,0,0.0
31891,1,0.438513563,48,0,0.38795424,5943.0,15,0,1,0,0.0
31892,1,0.838208561,45,2,1206.0,,6,0,0,2,0.0
31894,0,0.226051597,47,0,3208.0,,12,0,1,0,1.0
31895,0,0.0,24,0,0.0,0.0,1,0,0,0,0.0
31896,0,0.004858288,48,0,2338.0,,11,0,1,0,0.0
31897,0,0.052637628,38,0,0.029950083,600.0,2,0,0,0,0.0
31898,0,0.066178536,55,2,0.8288119740000001,3206.0,10,0,1,0,0.0
31900,0,0.075161043,33,0,0.041533546,2503.0,5,0,0,0,0.0
31901,0,0.027533698,55,0,0.136972605,5000.0,7,0,1,0,3.0
31902,0,0.752921787,68,0,0.747460261,8366.0,25,0,1,0,1.0
31903,0,0.9999998999999999,50,1,0.171681416,3389.0,2,3,1,1,0.0
31905,0,0.001960707,80,0,1.0,,1,0,0,0,0.0
31906,0,0.033085977,69,1,1595.0,,18,0,2,0,0.0
31908,0,0.072839549,43,0,1303.0,,6,0,1,0,0.0
31912,0,0.21481963,69,0,0.233261918,3733.0,6,0,0,0,2.0
31915,0,0.049010202999999995,62,0,50.0,,10,0,0,0,0.0
31916,1,0.9999998999999999,36,1,0.588137288,3000.0,7,1,0,2,1.0
31917,0,0.001289154,53,0,1266.0,,7,0,1,0,1.0
31918,0,0.057233077,68,0,0.011225863999999999,2226.0,6,0,0,0,0.0
31920,0,0.07507035599999999,60,0,1376.0,,8,0,1,0,
31921,0,0.228262258,37,0,0.729459544,3200.0,14,0,2,0,2.0
31922,0,0.494850515,66,0,0.215037995,7500.0,10,0,1,0,0.0
31923,0,0.45985358,41,0,0.496537396,5775.0,8,0,2,0,0.0
31924,0,0.12559162699999998,64,0,0.144544951,5416.0,3,0,0,0,1.0
31925,0,0.9999998999999999,24,0,0.0,,0,0,0,0,
31927,0,0.26376596199999996,61,0,0.035510305,4026.0,7,0,0,0,1.0
31929,0,0.960607254,66,0,0.38378637299999996,8350.0,8,0,1,0,0.0
31930,0,0.025516841000000002,48,0,0.271974098,10500.0,12,0,2,0,1.0
31931,0,0.473763118,36,0,0.41432664799999996,1744.0,3,0,0,0,4.0
31932,0,0.9999998999999999,39,0,0.028569796,17500.0,1,0,0,0,2.0
31933,0,0.089677052,49,1,0.701188182,6227.0,24,0,3,1,1.0
31934,0,0.623706351,44,0,1497.0,,16,0,0,0,0.0
31935,0,0.6875416390000001,62,0,0.024937656000000002,1202.0,1,0,0,0,0.0
31937,1,0.98760248,30,1,2.119850187,800.0,7,0,2,0,0.0
31938,0,0.026514077999999996,59,0,0.220987723,18000.0,16,0,3,0,0.0
31941,0,0.639154815,47,0,1970.0,,14,0,0,0,
31943,0,0.016299185,85,0,9.0,,3,0,0,0,0.0
31945,0,0.00631879,60,0,0.256716058,8300.0,13,0,1,0,1.0
31946,0,0.9999998999999999,40,0,0.547613393,4210.0,4,1,1,1,0.0
31947,0,0.58548513,57,0,4087.0,,13,0,1,0,1.0
31948,0,0.074051442,49,0,2546.0,,6,0,2,0,0.0
31949,0,0.379767565,37,0,0.607410675,6800.0,13,0,2,0,3.0
31951,0,0.128415262,64,0,0.6286915160000001,9040.0,24,1,3,0,0.0
31953,0,0.14067322300000001,56,0,0.14660425,13457.0,11,0,2,0,3.0
31954,0,0.9999998999999999,28,0,0.0,,1,0,0,0,0.0
31955,0,0.9999998999999999,27,0,371.0,,4,0,0,0,0.0
31956,0,0.095436807,68,0,0.664938912,2700.0,13,0,2,0,0.0
31957,0,0.648836152,49,0,0.120534885,16152.0,19,0,0,0,2.0
31958,0,0.9999998999999999,50,0,0.098334401,9365.0,7,0,1,0,0.0
31959,1,0.200482121,37,0,1.053208138,3833.0,12,0,2,0,2.0
31960,0,0.42044340700000005,49,0,1.305084746,2300.0,8,0,2,0,1.0
31963,0,0.179140644,62,0,0.23991236100000002,5476.0,9,0,1,0,0.0
31964,0,0.37158111200000005,79,0,1074.0,0.0,10,0,1,0,0.0
31965,0,0.003941929,31,0,0.067671486,3250.0,2,0,0,0,2.0
31967,0,0.031827189,52,0,0.575256632,7500.0,12,0,4,0,0.0
31968,0,0.163772515,54,1,0.422563642,8916.0,10,0,1,0,2.0
31969,0,0.237275015,29,0,0.66888836,4200.0,6,0,1,0,1.0
31970,1,1.025906147,72,0,3948.0,,8,2,3,1,0.0
31972,0,0.030777207999999997,37,0,0.046325612,6000.0,6,0,0,0,0.0
31974,0,0.016135609,48,0,1005.0,,7,0,1,0,
31975,0,0.19583109,85,0,0.026564137999999998,2860.0,7,0,0,0,0.0
31976,0,1.03654485,28,1,1.0223910440000001,2500.0,5,0,2,0,2.0
31977,0,0.0,76,0,771.0,,5,0,1,0,
31980,0,0.122909638,51,0,0.249537208,2700.0,6,0,0,0,0.0
31981,0,0.11280545,48,0,0.46398458200000003,4150.0,6,0,1,0,0.0
31982,0,0.15950682,71,0,5971.0,,14,0,3,0,0.0
31983,0,0.9999998999999999,48,4,0.072649015,7666.0,6,1,0,0,0.0
31985,0,0.059626108,56,0,3614.0,,11,0,2,0,0.0
31986,0,0.043397621,67,0,0.22264475,8151.0,8,0,1,0,1.0
31987,0,0.045694699000000005,65,0,5935.0,,10,0,3,0,0.0
31990,0,0.128402191,31,0,0.19814009300000002,6666.0,11,0,0,0,0.0
31993,0,0.826447426,54,0,0.20900760399999999,5128.0,4,0,0,0,2.0
31994,0,0.051615117,33,0,0.558139535,300.0,4,0,0,0,1.0
31995,0,0.36782528700000006,35,0,0.321303258,5984.0,4,0,1,0,0.0
31996,0,1.4830339319999999,52,2,0.014160766000000002,2400.0,2,1,0,0,1.0
31998,0,0.031148999,55,0,0.520123045,3900.0,11,0,2,0,0.0
31999,1,0.0,43,0,0.0,,11,0,0,0,0.0
32000,0,0.121075886,45,0,0.251617457,8500.0,12,0,1,0,2.0
32002,0,0.073995067,43,0,0.512743628,2000.0,10,0,2,0,0.0
32003,0,0.780730897,37,0,0.12255244800000001,5719.0,8,0,0,0,1.0
32004,0,0.024176602999999998,53,0,1553.0,,13,0,2,0,
32006,0,0.714741741,53,2,2503.0,,14,0,2,0,1.0
32007,0,0.8925816590000001,33,0,0.442687747,4300.0,8,0,1,0,0.0
32010,0,0.97811008,73,0,1511.0,,5,0,1,0,0.0
32011,0,0.09135697300000001,47,0,0.12606082,5655.0,4,0,0,0,2.0
32012,0,0.010296042,70,0,86.0,,8,0,1,0,0.0
32013,0,0.12634994,57,0,0.014688093999999999,5786.0,2,0,0,0,0.0
32014,0,0.094110245,34,1,0.636681659,2000.0,11,0,1,0,0.0
32017,0,0.124199012,33,0,0.650094399,4766.0,7,0,1,0,0.0
32020,0,0.017086214,64,0,22.0,,2,0,0,0,0.0
32021,1,1.02247191,61,1,0.12236589999999999,8351.0,5,0,0,1,0.0
32022,0,0.007095529000000001,73,1,0.8068357420000001,11000.0,12,0,5,0,0.0
32023,0,0.129727886,55,0,0.48488121,8333.0,14,0,2,0,0.0
32024,0,0.064065437,66,0,2.613619541,1350.0,10,0,2,1,0.0
32025,1,0.9999998999999999,31,0,0.250277675,2700.0,2,0,0,0,0.0
32026,0,0.105669964,61,0,665.0,,5,0,0,0,0.0
32027,0,0.157317383,42,0,0.30296970300000003,10000.0,6,0,1,0,1.0
32028,0,0.7350819670000001,53,1,0.454007359,6250.0,11,0,1,0,0.0
32029,0,0.713022075,46,0,0.548769961,9267.0,13,0,1,0,1.0
32030,0,0.280977312,35,1,0.128459446,6250.0,11,0,0,0,0.0
32032,0,0.966790745,29,0,0.40090209600000004,7537.0,6,0,1,0,0.0
32033,0,0.9999998999999999,28,0,0.200266578,3000.0,1,0,0,0,0.0
32034,0,0.42428776799999995,63,0,0.448775527,11800.0,16,0,2,3,2.0
32036,1,1.036422067,34,1,0.598782873,4600.0,6,3,1,2,0.0
32038,0,0.190958823,35,0,0.77310293,2661.0,6,0,2,0,0.0
32039,0,0.014199507,74,0,2891.0,0.0,21,0,3,0,0.0
32040,0,0.099239417,57,1,5394.0,,8,0,3,0,0.0
32041,0,0.407027465,57,0,3174.0,,8,0,1,0,0.0
32042,0,0.0,40,0,2608.0,,4,0,2,0,0.0
32043,0,0.42797349100000004,31,0,196.0,,5,0,0,0,0.0
32044,0,0.391456013,58,0,2511.0,,6,0,1,0,1.0
32046,0,0.9396040259999999,44,0,0.44071904700000003,4950.0,9,0,0,0,3.0
32047,0,0.09644959199999999,64,0,0.14252984400000002,8292.0,7,0,1,0,1.0
32048,0,0.41821324200000004,47,0,0.397200933,3000.0,6,0,1,1,3.0
32050,0,0.046571818,63,0,1419.0,,6,0,1,0,2.0
32052,0,0.090231829,70,0,0.22767723199999998,10000.0,7,0,1,0,0.0
32054,0,0.021848066,78,0,28.0,,4,0,0,0,0.0
32056,0,0.8668916390000001,58,1,0.354235109,7000.0,5,0,1,0,0.0
32057,0,0.496756145,46,0,0.93314633,2138.0,8,0,0,0,0.0
32058,1,0.21553656300000001,52,3,1.628895184,6000.0,15,0,10,0,3.0
32059,1,0.7376163659999999,34,1,0.276757072,3428.0,5,5,0,0,3.0
32060,0,0.0,50,1,0.228607515,15834.0,7,0,1,0,1.0
32061,1,0.42562592,53,2,0.54575394,4250.0,20,1,1,1,1.0
32063,0,0.0,72,0,0.166555566,10500.0,9,0,1,0,0.0
32064,0,0.520952514,40,1,0.30778278800000003,5100.0,8,0,0,0,2.0
32065,0,0.004609436,57,0,0.469740634,9715.0,10,0,4,0,1.0
32067,0,1.013266451,30,0,0.531078154,6000.0,20,0,2,0,1.0
32069,0,0.036541813,56,0,0.5916916170000001,2671.0,10,0,1,0,1.0
32070,0,0.299469508,41,0,1.495003331,1500.0,7,0,2,0,2.0
32071,0,0.9999998999999999,65,0,0.046651116,3000.0,0,0,0,0,0.0
32072,0,0.029944385,71,0,54.0,,5,0,0,0,
32074,0,0.056923176,57,0,0.019199643,17916.0,12,0,0,0,2.0
32075,0,0.046239382999999995,62,0,0.253016977,14666.0,10,0,1,0,0.0
32076,0,0.0,34,0,358.0,,3,0,0,0,3.0
32079,0,0.39793367799999996,38,0,0.361199455,2200.0,7,0,0,0,1.0
32080,0,0.34206257,68,0,4088.0,,12,0,2,0,0.0
32081,0,0.09683870900000001,38,0,0.479107849,7083.0,12,0,2,0,1.0
32082,0,0.067155474,54,0,0.142200992,5442.0,2,0,1,0,0.0
32083,0,0.014373535,45,0,0.08856363199999999,8061.0,4,0,1,0,0.0
32084,0,0.068020493,47,0,0.5399325079999999,8000.0,11,0,1,0,0.0
32085,0,0.21696220300000002,67,0,0.36178861799999995,7133.0,11,0,2,0,0.0
32086,0,0.0,53,0,0.186883663,14500.0,3,0,0,0,2.0
32087,0,0.016489697,65,0,2441.0,,13,0,2,0,
32089,0,0.118750595,41,0,0.331678252,5034.0,3,0,1,0,0.0
32090,0,0.21811120399999998,60,0,0.39551738,7450.0,21,0,2,0,0.0
32091,0,0.0119994,55,0,0.19058768399999998,17083.0,3,0,1,0,0.0
32093,0,0.0,62,0,940.0,,7,0,0,0,0.0
32094,0,0.387898941,53,0,0.44757442399999997,17500.0,19,1,2,0,2.0
32099,0,0.9999998999999999,69,0,0.152376033,1935.0,2,0,0,0,0.0
32101,0,0.559248025,48,0,0.21506331899999998,4500.0,2,0,0,0,1.0
32102,0,0.021894278,63,0,0.449275362,5864.0,9,0,2,0,0.0
32103,0,0.029226493,47,0,0.076236973,10650.0,15,0,0,0,1.0
32105,0,0.379562044,62,0,0.821756895,1957.0,6,0,2,0,0.0
32106,0,0.987001444,33,0,0.10399257199999999,3230.0,3,0,0,0,2.0
32107,1,0.6171788229999999,58,0,0.042729152,1450.0,8,0,0,0,0.0
32109,0,0.022869167000000003,60,0,2120.0,,7,0,2,0,0.0
32112,0,0.547785167,63,0,0.44069790200000003,5100.0,9,0,0,0,0.0
32114,0,0.104115835,50,0,0.34552206799999996,7000.0,6,0,2,0,1.0
32115,0,0.014925373,64,0,0.487302539,5000.0,10,0,2,0,0.0
32116,1,0.0,40,0,0.0053136780000000005,5833.0,3,1,0,0,0.0
32117,0,0.036676414,46,1,0.234135667,8682.0,5,0,2,0,2.0
32119,0,0.00242967,58,0,0.279786702,6000.0,17,0,2,0,0.0
32120,0,0.129961036,49,0,0.313856427,9583.0,9,0,1,0,3.0
32121,0,0.612113157,35,0,5.874251497,500.0,5,0,1,0,3.0
32122,0,0.239842403,57,0,0.181818182,2529.0,2,0,0,0,2.0
32123,0,0.061099005,64,1,3080.0,,11,0,3,0,0.0
32125,0,0.507696356,43,0,0.304295656,12500.0,5,0,2,0,0.0
32126,0,0.0,35,0,127.0,,4,0,0,0,0.0
32128,0,0.7122731179999999,63,1,0.5104985,7000.0,13,0,1,0,1.0
32129,0,0.888791282,50,0,0.29579646,9039.0,15,0,1,0,1.0
32130,0,0.213138598,46,0,0.45880730799999997,2900.0,6,0,2,0,1.0
32131,0,0.595702149,38,0,1.4544646819999998,2250.0,8,0,2,0,0.0
32132,0,1.0191634729999999,52,0,1.227354529,5000.0,7,0,2,0,0.0
32133,0,0.31341053399999996,51,0,3220.0,,9,0,1,0,1.0
32134,0,0.697563541,47,0,0.174651372,8891.0,13,0,1,0,0.0
32136,0,1.158676152,63,0,0.217857143,6999.0,10,1,1,1,0.0
32137,0,0.472149635,46,0,1.189106837,5250.0,18,0,3,0,1.0
32138,0,0.010977381999999999,64,0,0.21118103300000002,6832.0,8,0,1,0,0.0
32139,0,0.10075870599999999,58,0,0.250828477,8750.0,8,0,1,0,0.0
32140,0,0.074711818,78,0,2563.0,,9,0,1,0,
32141,0,0.256004784,64,0,0.17627118600000002,3539.0,8,0,0,0,0.0
32142,0,0.113655721,45,0,0.219984829,14500.0,5,0,1,0,2.0
32143,1,1.043824701,55,0,0.004824259,1450.0,1,0,0,0,0.0
32144,1,0.8308454829999999,55,0,0.2909007,13000.0,22,0,2,0,0.0
32145,0,0.95724314,48,0,419.0,,4,0,0,0,0.0
32146,0,0.0,65,1,0.250657462,6083.0,18,0,1,0,0.0
32147,0,0.043413605,64,0,117.0,,7,0,0,0,0.0
32148,0,0.714593817,26,0,0.145142476,6000.0,6,0,0,0,0.0
32152,1,0.0,61,0,0.011039367,4800.0,1,0,0,0,3.0
32153,0,0.016606425,61,0,0.100281162,3200.0,4,0,1,0,0.0
32155,0,0.126673292,64,0,0.199165972,5994.0,17,0,1,0,0.0
32156,0,0.519252674,50,0,0.350397081,9317.0,18,0,1,0,1.0
32157,0,0.057045865,26,0,0.00749875,6000.0,5,0,0,0,0.0
32160,0,0.175,41,1,0.296128756,21000.0,18,0,1,0,1.0
32161,0,0.594724431,84,0,5071.0,,17,0,1,0,
32163,0,0.49371332799999995,63,0,0.23659306,6339.0,10,0,0,0,1.0
32164,0,0.9999998999999999,53,0,0.0,6600.0,0,0,0,0,3.0
32165,0,0.000495718,54,0,0.579110651,2900.0,11,1,1,0,0.0
32167,0,0.047427215999999994,55,0,0.13519673699999998,8335.0,5,0,2,0,0.0
32168,1,0.166069516,43,0,0.624890036,17050.0,18,0,3,0,3.0
32170,1,0.93555667,43,0,280.0,,5,0,0,0,5.0
32171,0,0.24172689100000003,59,0,0.581437487,9933.0,27,0,2,0,0.0
32172,0,1.004607391,51,0,0.9751882479999999,8100.0,18,0,10,0,0.0
32174,0,0.542640654,47,0,0.275644265,3957.0,5,0,0,0,0.0
32175,0,0.019773556,49,0,0.124648547,5334.0,5,0,0,0,0.0
32176,0,0.305963267,52,1,0.304873546,10833.0,7,0,1,0,2.0
32177,0,0.21724638899999998,40,0,0.290688331,11200.0,8,0,2,0,0.0
32178,0,0.0,68,0,0.0,,2,0,0,0,0.0
32179,0,0.491167256,29,0,0.142738933,7250.0,4,0,0,0,0.0
32180,0,0.02739726,55,1,2532.0,,13,0,2,0,2.0
32184,0,0.702325275,80,1,0.239694455,7592.0,9,0,1,0,0.0
32186,0,0.008043129,64,0,438.0,,5,0,1,0,0.0
32187,1,0.300903672,41,2,1433.0,,4,1,1,2,0.0
32189,0,0.823401339,39,0,0.36782423799999997,1410.0,5,0,0,0,0.0
32194,0,0.10156179,64,0,2374.0,,7,0,1,0,1.0
32195,0,0.9086182759999999,28,0,0.548472776,2258.0,5,0,0,0,0.0
32196,0,0.603527929,50,0,0.163277778,17999.0,8,0,0,0,2.0
32198,0,0.040618595,44,0,0.259374353,4826.0,3,0,1,0,0.0
32199,0,0.020440842,72,0,0.103326935,3125.0,9,0,0,0,0.0
32200,0,0.20171358600000003,51,0,0.444200748,7750.0,14,0,2,0,0.0
32202,1,0.846418883,58,3,0.392260774,10000.0,10,0,2,0,1.0
32203,0,0.042900457999999995,49,0,0.29838295,17500.0,11,0,3,0,0.0
32204,0,0.10783798,65,0,0.058917622,3750.0,2,0,0,0,2.0
32208,0,0.280663134,62,0,0.6856677520000001,5525.0,13,0,2,0,1.0
32209,1,0.8337392640000001,35,2,0.423732885,4162.0,7,2,0,0,0.0
32212,0,0.017895558,50,0,0.002562908,8583.0,3,0,0,0,0.0
32213,0,1.0103806229999999,41,0,2740.0,,7,0,1,0,0.0
32214,0,0.004457058,49,0,2766.0,,10,0,1,0,0.0
32216,0,0.16419179,65,0,0.4033748,8118.0,4,0,1,0,0.0
32217,0,0.0630076,56,0,0.8707507729999999,5500.0,11,0,2,0,2.0
32219,0,0.0,45,0,0.0,5882.0,4,0,0,0,6.0
32220,0,0.9999998999999999,27,0,317.0,,2,0,0,0,0.0
32222,0,0.017651972,36,0,0.153895112,7855.0,10,1,1,0,0.0
32223,0,0.080267459,62,0,0.24922502600000002,30000.0,11,0,2,0,0.0
32224,0,0.000207404,58,0,0.09062865699999999,9400.0,5,0,1,0,0.0
32225,0,0.149437622,39,0,0.190906927,4200.0,11,0,1,0,2.0
32227,0,0.070237811,48,3,3971.0,,18,0,2,0,3.0
32228,0,0.105415569,43,0,0.244866628,5210.0,11,0,1,0,0.0
32230,0,0.004894748,43,0,0.066447285,7900.0,7,0,0,0,4.0
32233,0,0.02633159,48,1,0.340079032,8350.0,15,0,1,0,0.0
32234,0,0.07907489599999999,72,0,0.35845281799999995,5997.0,7,0,1,0,0.0
32236,0,0.211501262,82,0,2183.0,,3,0,1,0,0.0
32237,0,0.108322838,59,0,0.252432797,10378.0,22,0,2,0,1.0
32238,0,0.15748963900000001,59,3,0.112867933,14166.0,5,0,1,0,0.0
32239,0,0.02593014,31,0,3417.0,,8,0,2,0,1.0
32240,0,0.065289807,25,0,0.09763412199999999,3000.0,2,0,0,0,1.0
32242,0,0.024936717999999997,68,0,0.311844078,2000.0,9,0,1,0,0.0
32243,0,0.7212839259999999,55,1,0.398591931,3692.0,9,0,0,0,1.0
32245,0,0.034491238,68,0,0.162418791,2000.0,14,0,0,0,0.0
32246,0,0.062208339,56,0,0.44292080899999997,2916.0,15,0,1,0,1.0
32247,0,0.0037221520000000003,45,0,1614.0,,13,0,1,0,2.0
32248,0,0.143767128,37,0,890.0,,3,0,1,0,0.0
32249,0,0.5713425520000001,47,0,0.31824545,15000.0,16,0,2,0,2.0
32250,0,0.9999998999999999,26,0,0.276170437,1900.0,2,1,0,0,0.0
32253,0,0.011064338,83,0,20.0,,5,0,0,0,0.0
32254,0,0.022573619,48,0,0.12155327099999999,6128.0,7,0,0,0,0.0
32255,0,0.828343313,28,0,0.379039301,1144.0,4,0,0,0,1.0
32256,0,0.04927418,51,0,0.573262686,4906.0,12,0,1,0,2.0
32257,0,0.454523551,45,0,0.337523211,7000.0,16,0,1,0,1.0
32259,0,0.145428411,43,0,0.20338983100000002,2300.0,5,0,0,0,3.0
32260,0,0.8404001320000001,47,0,0.805303639,8710.0,17,0,2,0,2.0
32261,0,0.38326692,64,0,2601.0,,8,0,1,0,0.0
32266,0,0.236439106,33,0,0.46640488700000005,9167.0,9,0,2,0,1.0
32268,0,0.462222039,41,1,0.26013215100000003,28300.0,13,0,3,0,4.0
32269,0,0.36041240799999996,50,0,0.17916416699999999,5000.0,5,0,0,0,3.0
32270,0,0.9999998999999999,29,0,0.0,2800.0,1,0,0,0,0.0
32271,0,0.47343335700000005,34,0,1.002281617,3067.0,10,0,2,0,1.0
32272,1,0.909882486,60,0,0.378929686,4166.0,9,0,0,0,0.0
32275,0,0.216560143,56,2,779.0,0.0,6,0,0,0,0.0
32276,0,0.116025256,45,0,10244.0,,13,0,4,0,0.0
32277,0,0.026989957999999998,81,1,51.0,,8,0,0,0,0.0
32279,0,0.0,76,0,693.0,,5,0,1,0,0.0
32280,1,0.9999998999999999,53,0,173.0,,2,0,0,0,0.0
32281,0,0.176038324,52,0,0.109729254,18171.0,3,0,1,0,2.0
32283,0,0.09814285699999999,64,0,0.1482661,2825.0,6,0,0,0,0.0
32284,1,0.929339235,54,1,0.333868952,5600.0,6,0,1,0,0.0
32286,1,0.673251163,27,0,0.26785353,4942.0,9,0,1,0,0.0
32287,0,0.0,58,0,0.229249012,4300.0,4,0,0,0,0.0
32288,0,0.113893915,41,0,0.237238185,9500.0,10,0,2,0,0.0
32289,0,0.01540609,63,0,0.175718345,6333.0,18,0,1,0,1.0
32290,0,0.053758925,83,0,0.373523175,3300.0,6,0,0,0,0.0
32291,1,0.575561629,41,4,0.5856027420000001,5250.0,7,1,1,1,2.0
32292,0,0.0,51,0,568.0,,3,0,1,0,0.0
32293,0,0.0018016389999999998,84,0,0.0,4545.0,1,0,0,0,1.0
32294,0,0.0,39,0,0.551765513,5833.0,5,0,1,0,0.0
32295,0,0.004062437,87,0,0.0016275279999999998,4300.0,5,0,0,0,0.0
32298,0,0.291524512,52,0,0.43258095,16923.0,12,0,2,0,2.0
32299,0,0.0,41,0,0.140747176,1150.0,5,0,0,0,1.0
32300,0,0.806364773,48,2,0.561622765,5200.0,7,1,1,2,0.0
32301,0,0.944657955,45,2,0.481265612,1200.0,7,1,0,1,0.0
32302,0,0.054561647000000005,47,0,0.31160175,4800.0,14,0,2,0,0.0
32305,0,0.520576781,29,0,0.141554702,4167.0,4,0,0,0,0.0
32307,0,0.012810461,73,0,1411.0,,14,0,1,0,0.0
32310,0,0.161908583,40,1,0.297881795,6750.0,6,0,1,0,3.0
32311,0,0.742132039,56,3,0.40449292299999995,7700.0,25,0,1,0,0.0
32313,0,0.010107835,67,0,943.0,,6,0,1,0,0.0
32314,0,0.007567506,65,0,0.43931213799999996,5000.0,16,0,4,0,0.0
32315,0,0.010682226999999999,76,0,2145.0,,14,0,2,0,0.0
32316,0,0.864103263,42,2,0.7674309779999999,2136.0,6,0,1,0,0.0
32320,0,0.005428313000000001,78,0,0.011056222,4250.0,6,0,0,0,0.0
32322,0,0.0179982,47,0,0.021185909,15953.0,2,0,0,0,3.0
32324,0,0.076315843,37,0,0.261240564,3046.0,7,0,0,0,0.0
32325,0,0.031968032,29,0,0.0680479,5260.0,2,0,0,0,0.0
32327,0,0.022720311,85,0,0.008999357,4666.0,10,0,0,0,0.0
32328,0,0.9999998999999999,29,0,0.01799775,2666.0,0,0,0,0,0.0
32330,0,0.000962612,53,0,1426.0,,6,0,1,0,0.0
32332,0,0.020979021,23,0,0.0,929.0,3,0,0,0,0.0
32335,0,0.005108372,70,0,0.003959793,3282.0,10,0,0,0,0.0
32336,0,0.42571618899999997,25,1,0.656516443,820.0,3,0,0,1,0.0
32337,0,0.9999998999999999,54,1,0.8944409740000001,1600.0,2,0,1,1,2.0
32338,0,0.042203718,55,0,0.353416149,6439.0,10,0,2,0,0.0
32339,0,0.32363203100000004,58,0,0.47867170600000003,3703.0,7,0,2,0,1.0
32341,0,0.312419645,71,0,1433.0,,3,0,1,0,0.0
32342,1,0.064198614,55,0,0.306355511,6041.0,12,0,1,0,3.0
32343,0,0.275872419,65,1,0.46842193,6000.0,25,0,1,1,0.0
32345,1,0.990016639,51,2,0.08563968699999999,3829.0,2,1,1,1,1.0
32347,0,0.9999998999999999,32,1,0.23773820699999998,3200.0,4,0,0,0,2.0
32349,0,0.004154665,32,0,0.01304121,5750.0,14,0,0,0,0.0
32350,0,0.035611427,53,0,0.229701464,15776.0,15,0,2,0,0.0
32352,0,0.017192119,68,0,0.001904581,10500.0,15,0,0,0,0.0
32353,1,0.03491279,52,0,0.14856661,5929.0,6,0,1,0,0.0
32354,0,0.566311441,35,1,0.520369593,2380.0,8,0,1,0,0.0
32355,0,1.009327115,54,0,0.031936496,5416.0,1,2,0,0,3.0
32356,0,0.344164636,42,0,0.192651908,6368.0,4,0,1,0,3.0
32357,0,0.229786374,53,0,1805.0,,4,0,1,0,
32358,1,0.37371717200000004,45,0,0.792004997,1600.0,21,0,0,0,0.0
32359,0,0.012644753,81,0,11.0,,2,0,0,0,0.0
32360,0,0.9999998999999999,51,0,1.161676647,500.0,2,0,0,0,2.0
32361,0,0.090650568,54,0,0.20844811800000002,9800.0,4,0,1,0,2.0
32362,0,0.256266662,46,0,0.310666517,8896.0,9,0,2,0,1.0
32364,0,0.9999998999999999,62,2,2917.0,,5,0,2,1,3.0
32365,0,0.16790100300000002,42,0,161.0,,4,0,0,0,0.0
32366,0,0.023155389,67,0,0.022785398999999998,4300.0,20,0,0,0,0.0
32367,0,0.049326043,45,0,0.39113741799999996,6250.0,11,0,1,0,0.0
32368,0,0.193583737,29,0,0.05571269400000001,11666.0,6,0,0,0,0.0
32371,0,0.100750514,41,0,0.086485586,6000.0,11,0,0,0,0.0
32372,0,0.000548546,60,0,0.28303865699999997,6673.0,10,0,1,0,0.0
32378,0,0.003621589,58,0,0.310172457,4000.0,14,0,1,0,2.0
32379,0,0.67359554,32,0,0.24074578100000002,7347.0,10,0,0,0,3.0
32382,0,0.118402365,75,0,0.23025658100000002,3000.0,7,0,0,0,0.0
32383,0,0.125343733,69,0,0.018452646,4497.0,3,0,0,0,0.0
32384,0,0.021199058,62,0,0.002651515,5279.0,4,0,0,0,0.0
32385,0,0.0,47,0,1746.0,,7,0,1,0,4.0
32386,0,0.394801079,44,1,0.034340895,17500.0,6,0,0,0,3.0
32388,0,0.017551105,54,0,0.149279639,5760.0,7,0,1,0,0.0
32389,0,0.12959901199999999,49,0,0.506260512,5350.0,11,0,2,0,2.0
32390,0,0.013980868,60,0,0.200110762,5416.0,5,0,1,0,0.0
32391,0,0.002448234,48,0,4.0,0.0,4,0,0,0,0.0
32392,0,0.016999056000000002,59,0,0.290963152,9416.0,9,0,3,0,0.0
32393,0,0.009154141,55,0,0.33860111200000004,6833.0,6,0,2,0,3.0
32395,0,0.015775409,55,0,331.0,,7,0,0,0,0.0
32398,0,0.262912614,52,0,2375.0,,7,0,1,0,0.0
32399,0,0.306379575,34,0,0.040087265,3666.0,1,0,0,0,0.0
32401,0,0.7759272559999999,67,0,0.37161346,11589.0,12,0,2,0,0.0
32402,0,0.021028792999999997,58,0,1249.0,,6,0,1,0,1.0
32403,0,0.99670492,52,0,0.770472895,2600.0,3,0,1,0,0.0
32405,0,0.016431988,46,0,0.004555809,3950.0,2,0,0,1,0.0
32407,0,0.8392165709999999,48,0,1.2617196179999999,4500.0,13,0,1,0,1.0
32408,0,0.062976171,59,0,0.843056035,17381.0,17,0,4,0,1.0
32409,0,0.233301655,71,0,0.20417685,4500.0,11,0,1,0,0.0
32410,0,0.265318593,33,0,0.25585446100000003,5166.0,9,0,0,0,0.0
32412,0,0.0,47,0,1891.0,,5,0,1,0,0.0
32413,0,0.202120897,57,0,1291.0,1.0,18,0,1,0,0.0
32414,0,0.91322264,58,0,0.22775399899999998,4438.0,2,0,0,0,2.0
32415,0,0.176047389,44,1,0.5274433789999999,4900.0,14,0,2,0,0.0
32420,0,0.292231736,33,0,5.423529412000001,84.0,2,0,0,0,0.0
32421,0,0.121691501,67,0,0.37459058799999995,5800.0,12,0,1,0,0.0
32422,0,0.9999998999999999,66,0,193.0,,2,0,1,0,1.0
32424,0,0.0,25,0,0.158371041,220.0,3,0,0,0,0.0
32425,0,0.021326095,57,0,0.681399632,4886.0,12,0,2,0,2.0
32426,0,0.37658904200000004,66,1,0.795095769,9501.0,17,0,4,0,0.0
32428,0,0.004530403,79,0,0.217311234,3800.0,11,0,0,0,0.0
32431,0,0.9999998999999999,59,1,650.0,,2,0,0,0,0.0
32433,0,0.058172337000000005,57,0,0.192550466,16000.0,15,0,1,0,0.0
32434,0,0.498013097,50,0,1.388805597,2000.0,6,0,1,0,0.0
32435,0,0.660359015,66,0,0.651573716,3621.0,6,0,1,0,0.0
32436,0,0.800899888,28,1,0.263459701,3138.0,2,0,0,0,1.0
32437,0,0.0,49,0,0.15350997,7321.0,8,0,2,0,1.0
32438,0,0.234942121,59,0,0.18973901,10076.0,14,0,1,0,1.0
32439,0,0.61878713,46,0,0.39273716200000003,6250.0,5,0,2,0,1.0
32440,0,0.0,69,0,0.39052751,3525.0,6,0,1,0,0.0
32441,0,0.034131058,78,0,1206.0,,8,0,1,0,0.0
32442,0,0.240019,56,1,0.8195451140000001,4000.0,8,0,1,0,1.0
32443,0,0.049587702000000004,38,0,0.005199307,7500.0,6,0,0,0,0.0
32444,0,0.012513928,68,0,173.0,,4,0,0,0,
32445,1,0.49759104200000004,52,0,0.386674905,9710.0,18,1,1,0,1.0
32446,0,0.544182327,28,0,0.09717166099999999,3570.0,3,0,0,0,0.0
32448,0,0.533677175,46,0,0.490658076,10864.0,8,0,2,0,4.0
32449,0,0.170635095,62,0,0.15642708,6705.0,4,0,0,0,0.0
32450,0,0.014076561999999999,41,0,0.23705021699999998,5057.0,7,0,1,0,4.0
32452,0,0.34872245399999996,67,0,2399.0,,7,0,1,0,1.0
32453,0,0.209650582,60,0,0.24875048100000002,2600.0,6,0,0,0,0.0
32454,0,0.020528946,62,0,0.170328549,14700.0,12,0,2,0,2.0
32456,0,0.975930291,35,0,0.30542397,8443.0,10,0,0,0,3.0
32457,0,0.166709219,59,0,0.041160526,9960.0,8,0,0,0,2.0
32459,0,0.007092595,81,0,0.00449925,6000.0,11,0,0,0,1.0
32461,0,0.9962367609999999,49,0,0.580072091,7767.0,7,0,3,0,0.0
32463,0,0.0,64,0,0.433193965,5500.0,4,0,1,0,0.0
32466,0,0.083055564,32,1,0.297940412,5000.0,6,0,0,0,0.0
32467,0,0.144744831,67,0,0.041709755,2900.0,2,0,0,0,0.0
32468,0,0.069842317,66,0,0.22159794300000002,10500.0,25,0,1,0,0.0
32469,0,0.346384078,45,0,0.37688262,8365.0,10,0,1,0,2.0
32471,0,0.29212043600000004,47,0,0.047019312,11909.0,5,0,0,0,3.0
32473,0,0.074642402,59,0,2833.0,,10,0,3,0,0.0
32474,0,0.9190514740000001,32,0,0.331671888,7021.0,8,0,1,0,0.0
32476,0,0.9071956409999999,41,0,0.353730246,5441.0,8,1,0,0,2.0
32480,0,0.014389497,65,0,0.316670832,4000.0,23,0,1,0,2.0
32482,0,0.9999998999999999,32,0,0.155131265,3351.0,1,1,0,0,4.0
32484,0,0.12694268,73,0,5151.0,,19,0,4,0,1.0
32485,0,0.018033033,59,0,0.270931213,8300.0,9,0,2,0,0.0
32486,0,0.9999998999999999,67,0,1795.0,,3,0,1,0,0.0
32487,0,0.9999998999999999,25,1,0.13254350199999998,2700.0,1,0,0,0,0.0
32488,0,0.144785634,56,0,0.419395151,4000.0,3,0,1,0,0.0
32489,0,0.047385080999999996,76,1,0.088140286,6500.0,14,0,0,0,1.0
32492,0,0.209139543,70,0,1097.0,,5,0,1,0,0.0
32493,1,0.9999998999999999,43,98,96.0,,0,98,0,98,0.0
32494,0,0.05038332400000001,68,0,58.0,,6,0,0,0,0.0
32495,0,0.01075421,43,0,1139.0,,9,0,2,0,0.0
32498,0,0.569575051,60,0,0.184605241,6066.0,8,0,0,0,0.0
32499,0,0.061253199,70,0,128.0,,5,0,0,0,
32500,0,0.517309844,71,0,2316.0,,8,0,1,0,0.0
32501,0,0.046781287000000005,41,0,1325.0,,2,0,1,0,0.0
32502,0,0.281507527,31,0,0.24700581100000002,8432.0,5,0,1,0,2.0
32503,0,0.821402425,65,0,2965.0,,12,0,0,0,0.0
32504,0,0.000549991,47,0,0.226945835,10984.0,12,0,2,0,0.0
32505,0,0.08920090900000001,52,1,0.132339967,10200.0,7,0,1,0,2.0
32506,0,0.072334886,41,0,0.21629859399999998,18700.0,9,0,3,0,3.0
32507,0,0.822392826,51,0,0.934454848,6300.0,8,0,2,0,0.0
32508,0,0.226964484,59,0,0.454226587,2850.0,7,0,2,0,0.0
32515,0,0.477848902,77,0,0.282232868,4800.0,12,0,0,0,0.0
32516,1,0.0035263770000000002,75,0,769.0,,8,0,1,0,0.0
32517,0,1.010619332,70,0,0.246186218,3801.0,12,0,0,0,0.0
32518,0,0.09713102400000001,45,0,0.21094575100000001,10414.0,5,0,1,0,2.0
32520,0,0.0,59,0,1670.0,,6,0,1,0,0.0
32521,0,0.060829713,81,0,30.0,,3,0,0,0,0.0
32523,0,0.18699712300000002,66,0,0.26908049,7677.0,4,0,1,0,0.0
32524,0,0.084044284,40,0,0.390782708,5250.0,5,0,2,0,0.0
32525,0,0.01039189,68,0,0.21934758199999999,8000.0,13,0,1,0,0.0
32526,0,0.083916385,60,0,2835.0,,6,0,2,0,
32528,0,0.02730303,67,0,879.0,,14,0,1,0,
32529,0,0.047591607,71,0,0.475448398,3400.0,6,0,1,0,0.0
32530,0,0.435029018,74,1,0.307357088,3900.0,7,0,1,0,0.0
32531,0,0.950350534,45,0,0.6377665539999999,3563.0,9,0,1,0,2.0
32532,0,0.092209595,56,0,0.077281812,1500.0,4,0,0,0,0.0
32534,0,0.06745414,76,0,44.17367367,5993.0,16,0,0,0,1.0
32535,1,1.6416978780000002,54,1,0.42063174700000006,2500.0,4,0,0,1,2.0
32538,0,0.0,67,0,0.008279338,8333.0,3,0,0,0,0.0
32539,0,0.6372907729999999,53,0,0.34585146200000005,13100.0,11,0,3,0,2.0
32541,0,0.046631034,35,0,935.0,0.0,7,0,1,0,2.0
32542,0,0.889441567,30,0,0.724050173,5500.0,11,0,1,0,2.0
32543,0,0.9999998999999999,30,0,0.537015276,850.0,5,0,0,0,3.0
32544,0,0.057275050999999993,79,0,0.33051313,9100.0,11,0,3,0,0.0
32546,0,0.072854541,49,0,0.36207974,8000.0,7,0,2,0,0.0
32548,0,0.008116495999999999,64,0,0.117417389,10500.0,9,0,1,0,0.0
32550,0,0.937233937,67,0,0.063813055,8900.0,12,0,0,0,0.0
32551,0,0.071226682,49,0,0.359534884,4299.0,15,0,1,0,1.0
32553,0,0.014902037,63,0,370.0,,11,0,0,0,0.0
32554,0,0.0,67,0,0.20484190800000002,9582.0,9,0,1,0,0.0
32555,0,0.0,80,0,502.0,,4,0,0,0,0.0
32557,0,0.013466068000000001,32,0,0.134173165,5000.0,5,0,0,0,0.0
32559,0,0.063655143,68,2,1.486902619,5000.0,16,0,4,0,0.0
32561,0,0.02293741,54,0,0.096475508,20087.0,20,0,1,0,1.0
32562,0,0.226663103,53,0,0.33477508699999997,5779.0,7,0,1,0,1.0
32563,0,0.9999998999999999,32,0,0.494643622,7000.0,11,0,2,0,0.0
32565,0,0.111662531,33,0,0.591141397,1760.0,9,0,1,0,0.0
32566,0,0.522938004,41,0,0.37534441399999996,11250.0,10,0,2,1,1.0
32567,1,1.033870072,40,0,0.2064,6249.0,4,0,1,0,0.0
32568,0,0.033199115,51,0,0.519189765,1875.0,6,0,1,0,0.0
32569,0,0.016233942,72,0,26.0,,12,0,0,0,0.0
32570,0,0.7151805590000001,31,1,1.018511662,2700.0,15,0,2,0,0.0
32572,0,0.983972498,66,1,0.7803272520000001,5316.0,11,0,1,0,0.0
32573,0,0.0,70,0,0.160493827,9800.0,10,0,0,0,0.0
32575,0,0.0,67,0,0.28933797899999997,7174.0,11,0,1,0,0.0
32576,0,0.000270265,35,0,0.46150769799999997,5000.0,13,0,1,0,1.0
32577,0,0.04349757,65,0,0.270072993,4246.0,6,0,1,0,1.0
32578,0,0.053825175999999995,40,0,0.307098986,7000.0,11,0,1,0,0.0
32579,0,0.14675491599999999,75,0,0.21881103,12800.0,7,0,1,0,0.0
32582,0,0.061581078,33,0,0.158278629,2741.0,12,0,0,0,0.0
32583,0,1.0024987509999999,31,1,0.017426082,7000.0,2,1,0,1,2.0
32586,0,0.575210975,39,0,4854.0,,7,0,1,0,0.0
32588,0,0.147526694,59,0,0.324150189,4500.0,6,0,1,0,0.0
32589,0,0.081423653,57,0,0.047765555999999994,13000.0,5,0,0,0,2.0
32591,0,0.319158806,41,1,0.594343518,4843.0,8,0,2,0,2.0
32592,0,0.523448137,37,0,0.498300068,25000.0,11,0,3,0,2.0
32593,0,0.48790242,62,1,0.256998314,2964.0,7,0,1,0,0.0
32595,0,0.9657432659999999,51,2,0.755144033,1943.0,7,0,0,1,1.0
32596,0,0.36891108200000006,58,0,0.658709937,7456.0,16,0,1,0,1.0
32597,0,0.012752554,58,1,0.156257714,4050.0,6,0,1,0,0.0
32601,0,0.010840032,76,0,0.0029994,5000.0,7,0,0,0,0.0
32602,0,0.38158231600000003,49,0,0.822137727,7100.0,21,0,4,0,1.0
32603,0,0.030145416,82,0,0.231323132,1110.0,8,0,0,0,0.0
32604,0,0.024297046,56,0,0.360264473,6200.0,10,0,1,0,0.0
32605,0,0.24246943,51,0,0.690788651,8000.0,12,0,2,0,0.0
32607,0,0.9999998999999999,55,0,0.631881247,13405.0,10,0,2,0,0.0
32608,0,0.10784584400000001,29,1,0.161941374,2080.0,8,0,0,0,0.0
32609,0,0.021701922000000002,63,0,0.225382086,5168.0,21,0,1,0,0.0
32611,0,0.620995564,61,0,0.643789188,5900.0,6,0,1,0,1.0
32612,0,0.354830646,47,0,0.18448965399999998,5750.0,7,0,1,0,0.0
32613,0,0.0,34,0,0.647696105,7291.0,9,0,2,0,1.0
32614,0,0.681015017,40,0,0.124458204,9689.0,7,0,0,0,1.0
32615,0,0.210323318,46,0,0.057634409000000004,2324.0,3,0,0,0,0.0
32618,0,0.029171100000000002,59,0,0.24158200800000001,15650.0,16,0,2,0,2.0
32619,0,0.031019,78,0,0.004475764,10500.0,3,0,0,0,0.0
32620,0,0.9999998999999999,34,0,0.0,,0,2,0,1,0.0
32621,0,0.0,59,0,0.233400781,21250.0,9,0,3,0,2.0
32623,0,0.324779203,42,1,0.138540214,2150.0,3,0,0,0,0.0
32624,0,0.236585061,46,1,0.33124924899999997,8316.0,11,0,2,0,0.0
32626,0,0.079769968,59,0,0.243575953,16733.0,11,0,3,0,0.0
32628,0,0.023498042,64,1,0.281585921,20000.0,7,0,2,0,1.0
32629,1,0.622822884,55,0,0.7832463059999999,9000.0,23,0,2,0,0.0
32630,0,0.9999998999999999,30,1,0.25916056,1500.0,1,1,0,1,0.0
32631,0,0.41272585799999995,68,1,0.410196601,3000.0,10,0,1,1,0.0
32632,0,0.419057555,42,0,0.27551384100000004,8416.0,9,0,2,0,0.0
32635,0,0.09014878300000001,42,0,0.391799055,4657.0,10,0,1,0,1.0
32636,0,0.901713212,39,0,0.650874896,8400.0,19,0,1,0,1.0
32638,0,0.09644591,46,0,2489.0,,16,0,2,0,0.0
32639,0,0.40192679200000003,50,0,0.171193152,25000.0,13,0,2,0,1.0
32640,0,0.294994556,41,0,0.656073059,5474.0,9,0,3,0,2.0
32644,0,0.9999998999999999,41,0,0.21379770000000003,6000.0,5,0,0,0,2.0
32645,0,0.9999998999999999,29,0,0.197740113,2300.0,2,0,0,0,4.0
32646,0,0.2626427,65,0,0.021668324,29166.0,6,0,0,0,0.0
32647,0,0.196601133,31,0,0.050623800000000004,4167.0,2,0,0,0,1.0
32648,0,0.061756816,53,0,0.224815312,11911.0,11,0,2,0,2.0
32649,0,0.0025622329999999997,69,0,738.0,,20,0,0,0,0.0
32650,0,0.08911391099999999,31,0,0.125597566,4601.0,10,0,0,0,0.0
32652,0,0.9999998999999999,52,0,1.087427144,1200.0,3,0,1,0,0.0
32654,0,0.066631885,50,0,0.167663585,11033.0,7,0,2,0,1.0
32656,0,0.83341607,57,0,0.18862969300000001,6472.0,10,0,2,0,0.0
32662,0,0.007644605,58,0,0.199200533,3001.0,11,0,1,0,0.0
32664,0,0.02910541,39,0,0.449355898,3958.0,4,0,2,0,2.0
32665,1,0.963457302,52,3,0.225208982,6100.0,12,0,0,2,2.0
32667,1,0.9999998999999999,49,1,0.278026035,5146.0,3,5,2,1,4.0
32669,0,0.155124365,52,0,0.299221515,7064.0,13,0,2,0,2.0
32671,0,0.89834906,54,0,0.483037355,8164.0,12,0,2,0,0.0
32672,0,0.000291655,71,0,0.007782101,3083.0,6,0,0,0,0.0
32674,0,0.346757754,69,4,5687.0,,17,1,2,0,0.0
32675,0,0.049062849000000006,67,0,0.20051662899999997,15484.0,16,0,3,0,1.0
32676,0,0.225913215,41,0,0.441102757,13166.0,18,0,3,0,0.0
32677,0,0.23861270699999998,64,0,7269.0,,14,0,4,0,0.0
32678,0,0.398652726,53,0,0.8331090170000001,5200.0,14,0,2,0,1.0
32679,0,0.0,78,0,865.0,,6,0,1,0,0.0
32680,0,0.166743084,74,0,0.351883932,9235.0,17,0,2,0,0.0
32681,0,0.02985629,85,0,0.13448406699999998,5271.0,7,0,1,0,0.0
32683,0,0.063830674,43,0,0.40924176700000003,3916.0,8,0,1,0,4.0
32684,0,0.018197508,48,0,0.099858857,2833.0,8,0,0,0,0.0
32685,0,0.086487522,49,0,0.26517744600000004,11101.0,7,0,2,0,1.0
32687,0,0.008437995,62,0,1407.0,,6,0,0,0,0.0
32688,0,0.09529553699999999,51,0,0.215923615,13300.0,11,0,2,0,3.0
32689,0,0.6512008770000001,54,0,1.145331191,5600.0,32,0,2,0,1.0
32690,0,0.003621607,62,1,0.183928008,6333.0,18,0,1,0,0.0
32693,0,0.011380172,38,1,0.671541057,8000.0,17,0,2,0,2.0
32695,1,0.9999998999999999,50,1,0.37244676200000004,2300.0,2,4,1,0,0.0
32696,0,0.890105382,38,0,1828.0,,6,0,0,0,0.0
32697,0,0.022574902,86,0,349.0,,5,0,1,0,0.0
32698,0,0.1958753,35,0,0.273009599,7083.0,9,0,1,0,2.0
32699,0,0.21808692300000002,35,0,0.45625729,6000.0,8,0,1,0,2.0
32700,0,0.030700985,63,0,36.0,,2,0,0,0,0.0
32701,0,0.12258839,65,0,0.056491367,42802.0,22,0,2,0,1.0
32702,0,0.586048869,63,1,0.43862489299999996,10500.0,15,0,2,0,0.0
32704,0,0.419513475,36,0,0.235656053,6500.0,8,0,1,0,3.0
32705,0,0.638104472,56,0,0.659805939,3400.0,4,0,1,0,1.0
32706,0,0.04512320400000001,59,1,0.880599885,5200.0,13,0,3,0,1.0
32707,0,0.044964122999999995,37,0,0.011690508999999998,6500.0,4,0,0,0,0.0
32709,0,0.07447516900000001,64,0,1.01585601,4666.0,14,0,2,0,0.0
32710,0,0.866311858,42,1,0.338908535,10462.0,7,1,1,0,3.0
32711,0,0.19006156300000002,42,0,0.26234753,5000.0,10,0,1,0,1.0
32712,0,0.20046998800000002,51,0,240.0,,4,0,0,0,0.0
32713,0,0.104919344,75,0,1263.0,,4,0,1,0,0.0
32714,0,0.011343476000000002,61,1,1242.0,,6,0,1,0,0.0
32715,0,0.027017375,68,0,1909.0,,12,0,1,0,0.0
32717,0,0.034099147999999996,73,0,0.0062848159999999995,7000.0,5,0,0,0,0.0
32718,0,0.08395927199999999,47,0,0.35595550600000003,8000.0,12,0,1,0,1.0
32719,0,0.610018139,34,0,3211.0,0.0,10,0,2,0,0.0
32720,0,0.336239141,51,1,0.655575108,6250.0,10,0,2,0,4.0
32723,0,0.020425653000000002,30,0,0.415194935,3000.0,7,0,0,0,0.0
32725,0,0.019066954,59,0,0.6761667259999999,2806.0,13,0,1,0,1.0
32727,0,0.097146137,75,0,0.261469265,3334.0,20,0,1,0,0.0
32728,0,0.360842415,72,0,0.36185444,5866.0,4,0,2,0,0.0
32729,0,0.362294625,29,0,0.509972434,6166.0,8,0,1,0,0.0
32730,1,0.039289264,41,2,2198.0,,15,0,1,1,0.0
32732,0,0.675314502,74,0,0.849691718,6000.0,15,0,2,0,0.0
32733,0,0.55217663,35,0,0.190610329,2129.0,6,0,0,0,0.0
32734,0,0.7150122,65,0,2214.0,,16,0,0,0,4.0
32735,0,0.16689098300000002,66,0,0.8730025229999999,3566.0,9,0,3,0,0.0
32736,0,0.46956247100000004,45,0,0.313098129,7000.0,5,0,1,0,6.0
32738,0,0.188763052,77,0,0.225297962,2600.0,9,0,0,0,0.0
32740,0,0.105605805,87,0,0.355961332,4654.0,14,0,1,0,1.0
32741,0,0.598366803,81,0,0.08458285300000001,2600.0,8,0,0,0,0.0
32743,0,0.748242958,42,1,0.292626728,10415.0,6,0,1,0,3.0
32745,0,0.768313458,48,0,0.421611722,2729.0,4,0,0,0,0.0
32746,0,0.052312608,63,0,0.537199399,7983.0,12,0,3,0,0.0
32747,0,0.653730508,41,1,0.5838938370000001,5500.0,10,0,1,0,2.0
32748,0,0.179654867,49,0,0.104371012,10500.0,8,0,1,0,0.0
32749,0,0.37718481200000004,48,0,0.742752416,3000.0,11,0,1,0,0.0
32750,0,0.062298306,46,1,0.125587117,8941.0,18,0,2,0,1.0
32751,0,1.0668337509999999,51,0,616.0,,5,0,0,0,3.0
32752,0,0.31304598899999997,66,0,0.29201714,6300.0,11,0,2,0,0.0
32753,0,0.250093748,52,0,0.6087989,8000.0,8,0,2,0,2.0
32755,0,0.36690827299999995,73,0,0.010997251000000001,4000.0,1,0,0,0,1.0
32758,0,0.23190007,65,0,1890.0,,12,0,2,0,1.0
32759,0,0.000850555,60,0,0.371641034,5916.0,6,0,2,0,0.0
32761,0,0.00594975,71,0,0.102859336,5210.0,11,0,1,0,0.0
32762,0,0.0,28,2,0.028321533,2400.0,2,0,0,0,0.0
32764,1,1.194023292,49,2,0.473293345,3500.0,3,3,1,1,3.0
32765,0,0.00669933,29,0,2.0,,2,0,0,0,
32766,0,0.10366090800000001,40,0,0.236433052,11000.0,7,0,2,0,4.0
32770,0,0.9999998999999999,64,0,0.0,10833.0,0,0,0,0,0.0
32772,0,0.089233119,26,0,73.0,,3,0,0,0,
32773,0,0.108694565,46,0,873.0,,5,0,1,0,2.0
32774,0,0.194900071,65,0,0.409334524,4477.0,14,0,1,0,1.0
32775,0,0.318178788,42,0,0.479822288,2700.0,4,0,1,0,2.0
32776,0,0.7013150779999999,26,0,0.21642124100000001,2240.0,6,0,0,0,0.0
32777,0,0.0,25,1,0.118752499,2500.0,2,2,0,0,0.0
32779,0,0.089443773,52,0,0.127710637,11666.0,6,0,2,0,2.0
32780,0,0.129886852,67,0,0.231332357,4097.0,6,0,1,0,0.0
32782,0,0.125181417,48,0,0.47586403899999996,3500.0,11,0,1,0,1.0
32784,0,0.093557603,44,0,0.530911515,6000.0,8,0,1,0,2.0
32785,0,0.0,65,0,2121.0,,8,0,1,0,0.0
32788,0,1.062744771,48,0,0.17370644100000002,41667.0,11,0,2,0,2.0
32789,0,0.065835497,68,0,91.0,,3,0,0,0,
32790,0,0.010508252,41,0,0.21514282,15333.0,6,0,1,0,2.0
32791,0,0.09135388,53,0,0.47938561,3710.0,9,0,1,0,1.0
32792,0,0.078123283,28,0,0.335082459,1333.0,4,0,0,0,0.0
32793,0,0.016755066000000002,77,0,0.061187762,5000.0,4,0,1,0,0.0
32797,0,0.127791195,43,0,0.44960212200000005,3769.0,5,0,1,0,2.0
32798,0,0.0,41,1,0.141006098,6559.0,9,0,0,0,1.0
32799,1,0.962075848,26,0,0.183865778,4350.0,3,1,0,0,0.0
32801,0,0.030099445,66,0,81.0,,11,0,0,0,0.0
32802,0,0.039998864,47,0,1.160752794,5100.0,8,0,4,0,0.0
32806,0,0.0,79,0,0.0,,2,0,0,0,1.0
32807,0,0.013382956000000001,53,0,0.687816815,5720.0,9,0,2,0,0.0
32808,0,0.005808595,67,0,0.39369473299999996,2600.0,7,0,1,0,0.0
32809,0,0.9999998999999999,62,2,0.4375,2095.0,6,1,1,1,0.0
32816,0,0.475454545,40,3,2648.0,,5,1,1,0,2.0
32817,0,0.033665919,54,0,0.07089620099999999,5500.0,8,0,0,0,3.0
32818,0,0.119509953,89,0,3676.0,,12,0,1,0,0.0
32819,1,0.120186661,74,1,0.079684764,2283.0,3,2,0,0,1.0
32822,0,0.665174947,41,1,0.7865327670000001,7766.0,13,0,3,0,3.0
32823,0,0.011739867,28,0,0.417681974,3200.0,8,0,1,0,0.0
32824,0,0.0,53,0,1.0289321409999999,1900.0,8,0,1,0,0.0
32825,0,0.047027228,43,0,1294.0,,5,0,1,0,1.0
32827,0,0.746330147,64,0,1.605024424,1432.0,7,0,2,0,0.0
32828,0,0.0,66,0,0.561996161,5209.0,6,0,1,0,0.0
32831,0,0.061693482,37,0,0.157656087,8600.0,9,0,1,0,0.0
32833,0,0.318730862,49,1,0.344500387,5163.0,10,0,1,0,2.0
32834,0,0.013475549,88,0,0.0019193860000000001,4167.0,5,0,0,0,0.0
32835,0,0.02640667,52,0,0.165871393,4400.0,21,0,1,0,0.0
32836,0,0.107780266,54,0,0.43048174200000006,5832.0,8,0,1,0,1.0
32838,1,0.9999998999999999,42,1,0.165509581,3600.0,2,1,0,2,3.0
32839,0,0.236719238,55,0,0.460747343,5833.0,7,0,1,0,0.0
32840,0,0.516816066,81,0,0.5184007270000001,2200.0,13,0,0,0,0.0
32841,0,0.078307211,67,0,0.970240595,16666.0,18,0,6,0,0.0
32843,0,0.040242649,41,0,0.472264953,11050.0,16,0,3,0,3.0
32845,0,0.032060552,55,0,0.5874,4999.0,4,0,1,0,1.0
32846,0,0.24369643800000002,45,0,0.386734943,4100.0,16,0,2,0,2.0
32847,0,0.13579218,70,0,0.152855994,8700.0,16,0,0,0,0.0
32848,0,0.19904449800000001,70,0,0.12385919199999999,2300.0,6,0,1,0,0.0
32849,0,0.021449400000000004,66,0,0.381581523,10217.0,12,0,2,0,1.0
32850,0,0.017068632,45,0,0.014436424,1800.0,8,0,0,0,0.0
32851,0,0.30492676399999996,28,0,0.017995766,2833.0,4,0,0,0,0.0
32852,0,0.014969971,41,0,0.34922412399999997,6250.0,11,0,1,0,0.0
32853,0,0.0,46,0,0.0,4433.0,1,0,0,0,0.0
32855,0,0.40012911700000003,60,0,3532.0,,27,0,2,0,2.0
32856,1,0.740129935,29,2,893.0,,4,4,0,1,1.0
32858,0,0.11753477,66,0,0.017132552,2217.0,1,0,0,0,0.0
32859,0,0.409276659,55,0,0.498561841,7300.0,11,0,2,0,0.0
32862,1,0.9999998999999999,28,0,0.25516372800000003,3969.0,5,2,0,3,0.0
32863,0,0.255367748,61,0,0.07851171900000001,6100.0,4,0,0,0,1.0
32866,0,0.046848448,41,0,0.18872483199999998,3724.0,8,0,0,0,2.0
32868,0,0.40602969899999997,47,0,0.175770192,12009.0,11,0,1,0,3.0
32869,0,0.165505359,86,0,0.081516456,7200.0,8,0,0,0,0.0
32870,0,0.041331752,56,0,0.389602688,10117.0,13,0,1,0,2.0
32871,0,0.10688086599999999,50,1,0.50589882,5000.0,16,0,2,0,2.0
32872,0,0.24165861100000002,62,0,0.35803736399999997,4870.0,4,0,1,0,2.0
32875,0,0.259054582,50,0,0.48616564700000003,10950.0,14,0,1,0,0.0
32876,0,0.312092198,56,0,0.139406648,12875.0,19,0,1,0,0.0
32877,0,0.309467297,73,0,0.496583903,6000.0,13,0,2,1,0.0
32880,0,0.15429763900000001,68,0,675.0,,5,0,0,0,0.0
32881,0,0.219412899,53,0,0.4671209,6310.0,10,0,2,0,1.0
32883,0,0.257157837,70,0,0.601638505,3905.0,9,0,1,0,0.0
32886,0,0.848742419,49,1,2577.0,0.0,8,0,0,0,0.0
32887,0,0.262782062,44,2,2044.0,,8,0,1,0,
32888,0,0.40033599200000003,63,0,0.576792772,7083.0,17,0,2,0,0.0
32889,0,0.20693391100000003,37,0,0.296289175,5200.0,11,0,1,0,0.0
32890,0,0.9999998999999999,44,1,2853.0,,8,0,1,0,0.0
32891,0,0.07110638799999999,46,0,0.17433516300000002,7106.0,7,0,1,0,2.0
32892,0,0.05181724,59,0,0.213182945,12500.0,10,0,2,0,0.0
32893,0,0.320274265,49,0,0.335277516,10629.0,11,0,2,0,0.0
32894,0,0.022718328,68,1,0.058809608,8450.0,15,0,1,0,0.0
32895,0,0.341525724,55,0,5186.0,,19,0,2,0,0.0
32897,0,0.232325272,57,0,0.330303375,8800.0,11,0,1,0,0.0
32899,0,0.46488796,39,0,0.685262947,5000.0,7,0,1,0,2.0
32900,0,0.44916153299999995,44,0,0.520373302,12000.0,10,0,5,0,2.0
32901,0,0.200307282,66,0,0.279737681,43000.0,28,0,6,0,1.0
32902,0,0.0,64,0,0.273389571,5215.0,6,0,1,0,2.0
32903,0,0.542710218,49,0,0.518365573,4600.0,14,0,1,0,3.0
32905,0,0.18980048600000002,52,0,0.10076148,13000.0,4,1,0,1,1.0
32909,0,0.073759959,41,0,0.154222367,9200.0,5,0,1,0,2.0
32910,0,0.276182679,48,1,0.013366412,39501.0,4,0,0,0,1.0
32912,0,0.0,83,0,0.0,,2,0,0,0,0.0
32913,0,0.219718685,38,0,0.039184326,2500.0,2,0,0,0,2.0
32914,0,0.002218506,48,0,3.0,,5,0,0,0,
32915,0,0.028530358,67,0,0.14367469900000002,3319.0,8,0,0,0,1.0
32916,0,0.11980493699999999,80,0,0.040191962000000005,3333.0,8,0,0,0,0.0
32917,0,0.304092398,54,0,1770.0,1.0,5,0,2,0,1.0
32919,0,0.40909454799999995,52,0,0.380851627,7561.0,19,0,3,0,2.0
32923,0,0.001538343,38,0,466.0,0.0,7,0,0,0,0.0
32924,0,0.015254741,40,0,0.278421802,9833.0,12,0,2,0,3.0
32926,0,0.344164342,57,0,0.764117941,2000.0,6,0,1,0,0.0
32927,0,0.220877212,46,0,0.463026695,10750.0,12,0,2,0,2.0
32929,0,0.023048847999999997,81,0,0.004331889,3000.0,6,0,0,0,0.0
32931,0,0.9999998999999999,54,0,0.0,13666.0,1,0,0,0,0.0
32932,0,0.195129818,28,1,0.208958208,5000.0,6,0,0,0,1.0
32933,0,0.026812727999999997,83,0,38.0,,6,0,0,0,
32935,0,0.0,30,1,291.0,1.0,3,0,0,0,0.0
32936,0,0.008199836,78,0,0.316105215,6500.0,10,0,2,0,1.0
32937,0,0.054091651,66,0,0.18472611,2500.0,10,0,0,0,0.0
32938,0,8.851851852000001,34,0,0.16853758600000002,12916.0,7,0,1,0,0.0
32939,0,0.042076275999999996,54,0,0.302385009,7043.0,6,0,1,0,1.0
32940,0,0.8048869000000001,51,0,0.488830032,8683.0,16,0,2,0,1.0
32944,0,0.843003568,57,0,0.892355694,7050.0,11,0,3,0,3.0
32945,0,0.316697524,66,0,0.12050304099999999,9700.0,13,0,0,0,2.0
32946,0,0.070405695,61,0,1.8347368419999999,949.0,13,0,4,0,0.0
32947,0,0.41708284100000004,54,0,0.517442359,11666.0,15,0,2,0,3.0
32948,1,1.820359281,40,1,0.297528996,1982.0,5,8,0,1,1.0
32949,0,0.8466061359999999,73,0,0.231576597,4477.0,6,0,0,0,0.0
32950,0,0.682670197,55,7,2077.0,,22,0,0,0,0.0
32951,0,0.01085135,69,0,0.37494619,2322.0,7,0,1,0,0.0
32952,0,0.017363653,81,0,0.236546422,1690.0,8,0,0,0,0.0
32953,0,0.081997657,39,0,0.246431729,7916.0,3,0,2,0,0.0
32954,0,0.190364948,50,0,0.292588426,8000.0,14,0,2,0,1.0
32955,0,0.9999998999999999,52,1,0.0,17500.0,0,0,0,0,1.0
32956,0,0.812900458,47,0,0.587902524,4595.0,7,0,1,0,0.0
32957,0,1.980066445,39,0,2036.0,,6,3,1,2,0.0
32958,0,0.557390242,53,0,2925.0,,11,0,2,0,2.0
32959,0,0.256467942,47,1,61.0,,4,0,0,0,0.0
32960,0,0.08557111099999999,53,0,113.0,,3,0,0,0,0.0
32961,0,0.029924252000000002,48,0,0.011998628999999999,2916.0,5,0,0,0,0.0
32962,0,0.239159913,34,0,0.174781155,10166.0,12,0,2,0,2.0
32964,0,0.116501141,68,0,0.047544918,30833.0,12,0,1,0,1.0
32965,0,0.626757076,67,0,0.561275451,5205.0,8,0,2,0,0.0
32966,0,0.204052056,35,0,0.352851453,11800.0,4,0,2,0,0.0
32967,0,0.026132897999999998,69,0,0.103550296,9125.0,4,0,1,0,2.0
32968,0,0.589600392,46,0,0.203751165,8583.0,7,0,0,0,4.0
32969,0,0.028931405,72,0,0.002516779,4767.0,4,0,0,0,1.0
32971,0,0.000380946,78,1,0.000749906,8000.0,8,0,0,0,0.0
32973,1,0.36815920399999996,54,0,0.069860279,3506.0,4,0,0,0,0.0
32974,0,0.247699119,70,0,0.910224439,1603.0,29,0,1,0,0.0
32975,0,0.90320484,62,0,3818.0,,11,0,1,0,0.0
32976,0,0.019271949,25,1,0.0,1400.0,1,0,0,1,0.0
32978,0,0.6172046999999999,62,1,0.36319124399999997,3471.0,17,0,0,0,2.0
32979,0,0.000862032,56,1,0.6537830170000001,6700.0,12,0,1,0,1.0
32980,0,0.764872111,65,0,0.375300336,2080.0,7,0,0,0,0.0
32981,0,0.001199977,81,0,1.0,,6,0,0,0,0.0
32983,0,0.9993211129999999,27,0,44.0,,1,0,0,0,
32984,0,0.9999998999999999,59,1,0.711566618,1365.0,1,0,0,0,0.0
32985,0,0.290923348,51,1,5168.0,,6,4,3,2,0.0
32986,0,0.176996695,60,0,0.373982064,9700.0,28,0,3,0,0.0
32987,0,0.002124734,90,0,0.0,6500.0,4,0,0,0,0.0
32988,0,0.09258199,40,0,0.385062749,9800.0,12,0,1,0,2.0
32991,0,0.9999998999999999,50,0,0.315495208,6259.0,3,0,1,0,0.0
32992,0,0.004285589,70,0,0.08175268299999999,6800.0,9,0,0,0,0.0
32995,0,0.168341307,75,0,0.315723966,7230.0,15,0,1,0,0.0
32996,0,0.023565593,75,0,0.008440797,4264.0,2,0,0,0,0.0
32997,0,0.531140176,37,0,0.414868901,3012.0,6,0,0,0,0.0
32999,0,0.237288136,49,0,0.30527518600000003,5250.0,5,0,2,0,1.0
33000,0,0.9383697809999999,32,1,0.191269577,3000.0,7,0,0,0,0.0
33002,0,0.9999998999999999,60,0,0.022584227999999998,2700.0,0,2,0,0,0.0
33004,0,0.9999998999999999,27,0,0.025851938999999997,850.0,0,1,0,0,0.0
33006,0,0.462160639,59,0,0.339483395,10297.0,13,0,1,0,1.0
33007,0,0.0479297,46,0,0.006269285,20416.0,12,0,0,0,0.0
33008,0,0.790895535,33,0,0.144106622,2400.0,6,0,0,0,0.0
33009,0,0.9999998999999999,41,0,0.8983877020000001,8000.0,5,0,2,0,0.0
33010,0,0.019130171,66,0,0.006398976,6250.0,7,0,0,0,0.0
33011,0,0.255902668,54,0,0.21684948899999998,13400.0,5,0,1,0,5.0
33012,0,0.0,64,1,0.9141074859999999,2083.0,11,1,1,0,0.0
33013,0,0.0,55,0,0.152854921,4500.0,5,0,0,0,0.0
33014,0,0.0,31,0,0.315321984,1350.0,2,0,0,0,1.0
33015,0,0.06616097,52,0,4508.0,,13,0,1,0,0.0
33016,0,0.002921511,76,0,0.00059988,5000.0,7,0,0,0,1.0
33017,0,0.023630609,57,0,0.523904745,5500.0,11,0,1,0,1.0
33020,0,0.220389805,26,0,0.008119925,1600.0,1,0,0,0,0.0
33021,0,0.023730837,93,0,0.5101343660000001,4390.0,8,0,0,0,0.0
33024,0,0.13277034199999999,47,0,0.132425498,10133.0,7,0,1,0,2.0
33025,0,0.048496107000000004,66,0,247.0,,6,0,0,0,0.0
33026,0,0.000654749,47,0,0.0,,5,0,0,0,
33027,0,0.539109507,64,0,0.314268513,9965.0,13,0,1,0,3.0
33029,0,0.070614681,46,0,1675.0,,6,0,1,0,2.0
33030,0,0.0,51,0,0.23478582899999997,8100.0,2,0,1,0,2.0
33032,0,0.961807638,44,1,0.294234592,3520.0,6,0,1,0,2.0
33033,0,0.014105945,77,0,268.0,,4,0,0,0,0.0
33035,0,0.14008511199999998,33,0,242.0,,7,0,0,0,
33036,0,0.083305565,41,0,0.310461192,2666.0,7,0,1,0,0.0
33037,0,0.04379107,61,0,1373.0,,12,0,1,0,0.0
33040,0,0.041342402,55,0,0.37110104,3750.0,12,0,0,0,0.0
33041,0,0.06164696,53,0,0.0046359420000000005,11000.0,2,0,0,0,0.0
33043,0,0.087433237,51,0,0.181121227,10434.0,5,0,1,0,2.0
33044,0,0.127716304,29,0,0.13138164900000002,2800.0,3,0,0,0,0.0
33047,0,0.760746418,36,1,0.168484188,3667.0,3,0,0,1,2.0
33048,0,0.019353763,72,0,27.0,,4,0,0,0,0.0
33049,0,0.081236313,46,0,0.262894797,4400.0,6,0,1,0,1.0
33050,0,0.087947215,70,1,0.072110286,6600.0,12,0,1,0,0.0
33051,0,0.76302982,55,1,0.639429044,4833.0,9,0,3,0,0.0
33052,0,0.630550175,34,2,0.341436766,3660.0,10,0,0,0,1.0
33053,0,0.13988816199999998,59,0,0.482868951,7500.0,14,0,2,0,1.0
33054,0,0.0,64,0,0.164980864,7315.0,7,0,1,0,1.0
33057,0,0.00924263,70,0,1325.0,,13,0,2,0,0.0
33058,0,0.719438162,58,0,0.452160826,4650.0,7,0,1,0,0.0
33060,0,0.275074238,75,0,0.370338248,2305.0,9,0,2,0,0.0
33061,0,0.9384373659999999,51,2,0.7982860909999999,3033.0,5,1,1,1,3.0
33062,0,0.07108523900000001,80,0,296.0,,12,0,0,0,
33064,0,0.10972549300000001,50,0,0.665439411,6246.0,11,0,1,0,3.0
33065,0,0.647246827,38,1,0.351218848,7342.0,12,0,3,0,0.0
33067,0,0.407155937,50,0,0.279088365,2500.0,5,0,0,0,0.0
33068,0,957.0,79,0,0.00430703,6500.0,3,0,0,0,0.0
33070,0,0.167853175,53,0,0.378384426,4468.0,9,0,1,0,2.0
33071,0,0.9999998999999999,63,0,3045.0,0.0,2,0,1,0,0.0
33073,0,0.801927817,62,0,0.542357189,10800.0,15,0,2,0,1.0
33074,0,0.60688901,43,0,1000.0,0.0,8,0,0,0,3.0
33076,0,0.666577781,84,1,0.9994939270000001,1975.0,11,0,1,0,0.0
33077,0,0.0,39,1,0.43161367700000003,3333.0,9,0,1,0,0.0
33081,0,0.987269842,30,1,0.21537494100000001,6360.0,9,0,0,0,0.0
33082,0,0.007437226999999999,68,0,1842.0,,30,0,2,0,0.0
33083,0,0.22690734699999998,63,0,3033.0,,12,0,1,0,0.0
33085,0,0.073687637,50,0,0.20879909800000002,9750.0,8,0,2,0,1.0
33087,0,0.236338785,48,0,3.790087464,2400.0,8,0,2,0,2.0
33088,0,0.021092349,68,0,0.179255511,8300.0,9,0,2,0,0.0
33091,0,0.355682858,32,0,0.13559322,2890.0,5,0,0,0,0.0
33092,1,0.401754744,40,3,0.654822335,6500.0,10,0,4,0,2.0
33093,0,0.021159577000000002,36,0,0.120536989,3500.0,5,0,0,0,0.0
33095,0,0.568700483,61,3,0.659496634,6833.0,17,0,2,2,0.0
33096,0,0.323565172,45,0,0.15963396,5900.0,6,0,0,0,0.0
33097,0,0.051889687000000004,58,0,2084.0,,12,0,2,0,2.0
33098,0,0.038605281,43,0,0.361648319,6721.0,7,0,2,0,3.0
33099,0,0.554790818,56,0,0.291870015,8400.0,6,0,1,0,1.0
33100,0,0.017364591999999998,64,0,2530.0,,11,0,3,0,1.0
33103,0,0.133146671,53,0,0.321653378,4765.0,3,0,1,0,0.0
33105,0,0.350630802,49,0,0.005543656,7936.0,2,0,0,0,3.0
33106,0,0.0,26,0,0.043812452,1300.0,2,0,0,0,0.0
33107,0,0.357950461,52,0,163.0,,3,0,0,0,0.0
33109,0,0.001262095,54,1,1915.0,,12,0,2,0,0.0
33111,0,0.480365164,56,0,0.10620728900000001,3511.0,3,0,0,0,1.0
33112,0,0.053574830999999996,42,0,0.7720911640000001,2500.0,15,0,1,0,2.0
33113,0,0.9999998999999999,70,0,0.0,,5,0,0,0,0.0
33114,1,0.96872285,46,1,0.316534777,2400.0,6,0,0,0,2.0
33115,0,0.004949753,56,0,0.262140614,4138.0,10,0,1,0,0.0
33117,1,0.326984883,39,1,1895.0,,10,2,1,0,0.0
33118,0,0.001204898,59,0,0.0008293589999999999,4822.0,14,0,0,0,0.0
33119,0,0.694702925,45,0,0.269879059,10500.0,5,0,1,0,1.0
33121,0,0.0706678,36,0,0.273267947,9583.0,7,0,2,0,0.0
33122,0,0.001940241,58,0,32.0,,5,0,0,0,0.0
33123,0,0.08833137,50,0,0.023795241,5000.0,6,0,0,0,1.0
33124,0,0.0,67,0,2224.0,,7,0,1,0,
33126,0,0.160857804,53,0,0.162989134,15000.0,8,0,1,0,2.0
33127,0,0.21372306600000002,62,0,0.188681028,10583.0,17,0,1,0,2.0
33129,0,0.013449663999999998,51,0,0.11834777199999999,12927.0,3,0,1,0,0.0
33130,0,0.46442581299999997,84,0,0.287713841,4500.0,11,1,1,0,0.0
33131,0,0.377829925,48,0,0.266563147,7727.0,12,0,1,0,1.0
33132,0,0.18247719,44,0,0.18119949,2350.0,4,0,1,0,2.0
33135,0,0.109594411,68,0,0.17140238300000002,12000.0,19,0,1,0,1.0
33136,0,0.782220635,59,1,0.131583646,5600.0,5,0,1,0,0.0
33137,0,0.32621896100000003,40,0,1.3405318940000002,5000.0,7,0,2,0,1.0
33138,1,0.058944131,52,1,0.21087160300000002,3200.0,4,1,1,0,2.0
33140,0,0.10278988800000001,49,0,0.121812559,54000.0,12,0,3,0,0.0
33141,0,0.108107686,71,0,0.292360222,9371.0,13,0,2,0,0.0
33142,0,0.034254451,55,0,0.202195956,16666.0,19,0,1,0,3.0
33144,0,0.9820727090000001,63,3,0.367743074,5666.0,5,0,1,0,2.0
33145,0,0.522471117,47,1,0.386903231,11666.0,8,0,2,0,3.0
33146,0,0.0,46,0,0.40999905299999995,10560.0,11,0,2,0,0.0
33147,0,0.038759027,41,0,0.069114471,4166.0,8,0,0,0,1.0
33148,1,0.938658578,44,1,0.33714396399999996,5160.0,5,1,2,0,0.0
33149,1,0.579142403,42,0,1.05378383,5800.0,6,0,1,0,0.0
33150,0,0.9999998999999999,69,0,3997.0,,3,0,2,0,0.0
33151,0,0.083583283,26,0,0.450392577,1400.0,6,0,0,0,0.0
33152,0,0.05273977,77,0,1419.0,,6,0,1,0,0.0
33153,0,0.983455147,71,0,0.776595745,5075.0,14,0,2,0,0.0
33155,0,0.631475805,48,0,0.282612092,6400.0,11,0,0,0,0.0
33156,0,0.170572565,59,0,0.159903341,12000.0,5,0,1,0,2.0
33157,0,0.069385271,37,0,4251.0,,9,0,1,0,0.0
33158,0,0.07040350299999999,67,0,0.131490608,14000.0,6,0,1,0,0.0
33160,0,0.20489854100000002,61,0,0.270414398,9000.0,24,0,0,0,0.0
33161,0,0.124175165,82,0,0.064889237,5100.0,2,0,0,0,1.0
33163,0,0.36356652799999994,49,0,0.404664939,2700.0,7,0,0,0,2.0
33166,0,0.602399923,43,0,0.543014996,3800.0,5,0,1,0,2.0
33167,0,0.9999998999999999,32,0,0.209809264,1100.0,2,0,0,0,1.0
33168,0,0.033707631,85,0,48.0,,6,0,0,0,0.0
33170,0,0.205680841,50,0,0.363927215,5000.0,8,0,1,0,0.0
33172,0,0.31086353699999997,56,0,0.378860019,7350.0,12,0,2,0,1.0
33173,0,0.001023232,72,0,0.000282646,3537.0,6,0,0,0,1.0
33175,0,0.0,73,1,2.048096192,498.0,13,0,2,0,0.0
33176,0,0.50863605,50,1,0.242643558,10500.0,12,0,1,0,1.0
33178,1,1.432972523,31,0,0.0012174710000000001,45996.0,3,0,0,1,1.0
33181,0,0.9999998999999999,46,0,0.391768039,6000.0,4,0,1,0,1.0
33183,0,0.019454482,52,0,0.333288895,7500.0,5,0,1,0,1.0
33185,1,1.111438873,50,1,2716.0,,7,0,1,0,
33187,0,0.011671057,52,0,11.0,,10,0,0,0,0.0
33188,0,0.8596140390000001,61,1,0.44664203399999997,4600.0,5,0,3,0,1.0
33189,1,1.032350143,53,0,0.19449776100000002,3125.0,12,0,0,0,2.0
33190,0,0.8957591079999999,39,0,0.33806146600000003,13958.0,14,0,2,0,3.0
33191,0,0.7047798540000001,30,0,0.84498094,2360.0,9,0,1,0,0.0
33192,0,0.853936745,34,0,2512.0,,3,0,1,0,0.0
33193,0,0.18925129300000001,51,0,3062.0,,5,0,1,0,0.0
33194,0,0.074342588,75,2,0.346459711,10436.0,8,0,4,0,0.0
33195,0,0.410107161,50,1,0.411235342,7333.0,19,0,1,0,1.0
33196,0,0.23544866399999997,58,0,928.0,,16,0,0,0,1.0
33197,0,0.200949763,39,0,0.25814837,5000.0,2,0,1,0,0.0
33199,0,0.589757834,41,0,4202.0,,13,0,1,0,0.0
33200,0,0.9999998999999999,24,0,0.10075188,1994.0,2,0,0,0,0.0
33202,1,0.671535643,54,0,0.6534214420000001,11500.0,16,0,2,0,4.0
33203,0,0.8301446570000001,46,1,0.844710362,3676.0,8,0,1,0,3.0
33205,0,0.9999998999999999,21,0,0.0,0.0,1,0,0,0,0.0
33206,0,0.009679742,74,0,10.0,,5,0,0,0,0.0
33207,0,0.541754875,40,0,0.32321627199999997,6292.0,11,0,0,0,1.0
33208,0,0.122813604,68,0,3774.0,,8,0,2,0,0.0
33211,0,0.9999998999999999,46,0,0.569664903,1700.0,4,0,1,0,3.0
33213,0,0.0,58,0,0.0,3692.0,2,0,0,0,0.0
33214,0,0.01455215,61,0,0.706826046,3178.0,16,0,1,0,0.0
33215,0,0.096422589,45,1,0.603790513,17833.0,16,0,4,0,2.0
33216,0,0.20666223,67,0,0.09740560599999999,8633.0,13,0,0,0,1.0
33219,0,0.15570610099999999,40,0,0.294942904,6129.0,7,0,1,0,3.0
33220,0,0.037245123,57,0,0.382179758,9000.0,4,0,2,0,0.0
33222,0,0.01996008,22,0,0.048387097000000004,929.0,2,0,0,0,0.0
33223,0,0.153003495,60,0,0.264937274,4702.0,9,0,1,0,0.0
33224,0,0.316216271,57,0,0.19765349,15000.0,18,0,0,0,1.0
33227,0,0.882461154,43,0,0.275872413,10000.0,10,0,1,1,0.0
33228,0,0.09354992,68,0,0.024786672000000003,4921.0,8,0,0,0,0.0
33229,0,0.087526688,77,0,0.6866602690000001,2083.0,17,0,1,0,0.0
33230,0,0.265273473,64,0,0.442998028,2534.0,7,0,1,0,1.0
33232,0,0.042918146,77,0,70.0,,3,0,0,0,0.0
33234,0,0.9999998999999999,36,0,515.0,,2,2,0,0,2.0
33236,0,0.019228022,40,0,0.468118582,12075.0,6,0,2,0,2.0
33237,0,0.506877625,45,0,2460.5,1.0,19,0,4,0,3.0
33238,0,0.242543455,69,0,2393.0,,8,0,1,0,0.0
33242,0,0.032624592,67,3,0.008399695,9166.0,8,0,0,0,1.0
33244,0,0.031793641,24,0,0.00119976,3333.0,1,0,0,0,0.0
33245,0,0.103007061,68,0,86.0,,7,0,0,0,0.0
33246,0,0.19974567399999998,43,0,0.32864520399999997,9100.0,14,0,1,0,4.0
33248,0,0.9999998999999999,28,0,304.0,,1,0,0,0,0.0
33249,0,0.008982833,41,0,2.058941059,1000.0,8,0,2,0,2.0
33252,0,0.985894974,40,0,0.37211686299999996,1950.0,5,0,0,0,2.0
33253,0,0.0058026530000000005,42,0,0.001333037,4500.0,7,0,0,0,0.0
33254,0,0.6894770170000001,58,0,0.46958492399999996,8383.0,3,0,1,0,1.0
33255,0,0.082097962,62,0,0.496372606,6891.0,26,0,2,0,0.0
33256,0,0.012555346,58,0,0.2992,7499.0,12,0,1,0,0.0
33257,0,0.355141781,58,0,1265.0,,9,0,1,0,0.0
33258,1,0.9999998999999999,33,98,120.0,,0,98,0,98,0.0
33259,0,0.0043632540000000004,78,0,0.067828723,7916.0,6,0,1,0,0.0
33260,0,0.088781435,46,0,0.284909055,25014.0,9,0,3,0,0.0
33261,0,0.028705207000000003,63,0,36.0,,4,0,0,0,0.0
33262,0,0.832104197,49,1,0.525541395,9650.0,11,0,2,0,1.0
33263,0,0.453893036,68,1,0.40766172799999995,8300.0,15,0,1,0,1.0
33264,0,0.028431223999999998,57,0,0.48922825200000003,3666.0,8,0,1,0,0.0
33265,0,0.22355224399999998,48,0,616.0,,18,0,0,0,0.0
33266,0,0.9999998999999999,58,1,461.0,,2,0,0,0,5.0
33268,0,0.115974668,41,0,0.21138211399999998,3443.0,4,0,0,0,0.0
33270,0,0.0,32,0,0.40378079899999997,4707.0,8,0,1,0,1.0
33272,0,0.021112024,63,0,553.0,,7,0,1,0,0.0
33273,0,0.8532848609999999,46,0,3549.0,,5,0,1,0,0.0
33274,0,0.288550117,27,1,0.132045723,5073.0,11,0,0,0,1.0
33275,0,0.0,64,0,0.033605188,10176.0,6,0,0,0,0.0
33276,0,0.082897928,53,0,1058.0,,4,0,1,0,0.0
33277,0,0.9999998999999999,45,1,0.225216065,5900.0,2,3,0,1,1.0
33279,0,0.299285553,39,0,0.424650064,5500.0,13,0,1,0,0.0
33280,0,0.180917968,46,0,0.605541789,4438.0,10,0,1,0,1.0
33281,0,0.08773911599999999,47,0,0.25104154300000003,8400.0,5,0,1,0,0.0
33282,1,0.066530257,61,0,0.130844681,10500.0,15,0,1,1,0.0
33283,0,0.038476922000000004,53,0,3317.0,,5,0,2,0,0.0
33284,0,0.032512098999999996,53,0,0.452397661,4274.0,11,0,1,0,2.0
33285,0,0.0031953290000000002,71,0,0.679661017,1179.0,7,0,0,0,0.0
33286,0,0.022115232000000002,61,0,127.0,,4,0,0,0,0.0
33289,0,0.313533881,73,0,0.229942514,4000.0,6,0,1,0,0.0
33291,0,0.019918819,65,0,0.24416818,7158.0,11,0,2,0,0.0
33292,0,0.972607387,60,1,5482.0,,23,0,2,0,1.0
33293,0,0.209609066,33,0,0.516310725,4260.0,7,0,2,0,0.0
33294,0,0.282132144,48,0,0.537128383,7500.0,6,0,4,0,1.0
33296,0,0.02112368,47,0,0.32349412,8333.0,3,0,2,0,0.0
33299,0,0.17431179600000002,64,0,0.580455939,7500.0,13,0,1,0,0.0
33300,0,0.000967638,87,0,1044.0,,4,0,1,0,0.0
33301,0,0.017507623,65,0,16.0,,2,0,0,0,0.0
33304,0,0.535452914,52,0,0.726080072,4420.0,6,0,1,0,0.0
33305,0,0.269058449,80,0,2989.0,,10,0,2,0,0.0
33306,0,0.158894704,37,0,0.8983672109999999,3000.0,15,0,1,0,2.0
33307,0,0.21627503399999998,51,0,0.38870920299999995,3400.0,12,0,2,0,0.0
33309,0,0.0079998,89,0,0.00143977,6250.0,5,0,0,0,0.0
33310,0,0.35351252899999996,50,0,0.280357586,4026.0,5,0,0,0,2.0
33311,0,0.024197799,52,0,0.192874047,7605.0,4,0,1,0,0.0
33312,0,0.38714491799999995,66,0,0.24032326699999998,2350.0,7,0,0,0,0.0
33313,0,0.06467848400000001,47,1,1587.0,,5,0,1,0,2.0
33314,1,0.5559814670000001,44,0,0.22572905100000001,5417.0,6,1,0,0,1.0
33315,1,0.775522569,32,1,0.129103188,6366.0,5,1,0,0,1.0
33316,0,0.0,61,0,0.13297698300000002,9166.0,8,0,1,0,0.0
33317,0,0.184557193,68,3,0.158361555,6200.0,9,0,1,0,0.0
33318,0,2.138823529,55,0,0.360063994,10000.0,7,0,2,0,0.0
33319,0,0.058604132,69,0,0.423076923,5355.0,9,0,2,0,0.0
33320,0,0.269921772,66,0,0.32694550899999997,6000.0,7,0,2,0,0.0
33321,0,0.024889603,50,0,4878.0,,6,0,2,0,0.0
33322,0,0.12306935,64,0,60.0,,6,0,0,0,0.0
33323,0,0.009707543,49,0,0.429807217,4045.0,6,0,2,0,2.0
33324,0,0.04979917,33,0,0.53042563,15200.0,11,0,3,0,0.0
33327,0,0.9999998999999999,57,1,0.07878984,6180.0,2,1,0,0,0.0
33328,1,0.7834713329999999,35,0,0.25379979,7631.0,10,0,1,0,1.0
33332,0,0.030168362,76,0,10.0,,4,0,0,0,0.0
33333,0,0.135786991,43,0,0.462354373,5750.0,13,0,1,0,0.0
33336,1,0.581513568,74,2,0.634363718,8863.0,17,0,4,1,1.0
33338,0,0.531468531,30,0,0.0020158579999999997,7440.0,1,0,0,0,2.0
33339,0,0.251681594,48,0,0.332666788,5500.0,6,0,1,0,0.0
33340,0,0.9999998999999999,48,1,128.0,,2,2,0,0,0.0
33343,0,0.027996267000000002,69,0,0.35944009299999996,6000.0,8,0,2,0,0.0
33344,0,0.052502651,37,0,1439.0,,10,0,1,0,0.0
33345,0,0.143716097,70,0,0.018672795,3480.0,1,0,0,0,0.0
33346,0,0.9999998999999999,58,1,1921.0,,4,0,1,1,0.0
33347,1,0.727943033,42,0,0.136517999,8833.0,13,0,0,0,2.0
33348,0,0.15788281099999998,60,0,0.253436641,4000.0,7,0,1,0,0.0
33350,0,0.019876235,54,0,0.142973303,7378.0,7,0,2,0,1.0
33351,0,0.038313859,43,0,459.5,1.0,12,0,2,0,2.0
33354,0,0.007949166,46,0,1942.0,,4,0,1,0,0.0
33357,0,0.0,60,0,1970.0,,11,0,1,0,0.0
33359,0,0.026957647999999997,42,0,0.136211818,16466.0,17,0,2,0,3.0
33360,0,0.7783164659999999,34,0,975.0,,5,0,0,0,2.0
33361,0,0.9999998999999999,40,0,0.385922815,5000.0,7,0,1,1,3.0
33363,0,0.16665422900000001,37,0,0.12574994,8333.0,14,0,0,0,0.0
33365,0,0.37599437700000005,64,0,0.36908881200000004,2600.0,7,0,1,0,0.0
33366,0,0.9999998999999999,41,0,0.058442914000000006,4790.0,1,0,0,0,0.0
33367,1,1.0,48,0,0.628058104,2615.0,9,0,0,0,0.0
33368,0,0.38277353799999997,52,1,0.148455094,11100.0,15,0,0,0,0.0
33369,0,0.80586362,67,0,0.7570332479999999,4300.0,11,0,1,1,2.0
33370,0,0.23576990399999997,57,0,0.38999168,8412.0,11,0,2,0,0.0
33371,0,0.9999998999999999,29,0,0.00768935,2600.0,0,0,0,0,1.0
33372,0,0.09364443,63,0,5009.0,,13,0,4,0,0.0
33373,0,0.9999998999999999,55,0,0.303953238,6500.0,3,0,2,0,0.0
33374,0,0.09631614699999999,51,0,0.638120626,3000.0,6,0,1,0,0.0
33376,0,0.9999998999999999,61,0,303.0,,1,0,0,0,0.0
33377,0,0.037730818,63,0,16.0,,2,0,0,0,0.0
33378,0,0.38419182399999996,84,1,0.287707062,8028.0,18,0,1,0,1.0
33379,0,0.044086901,95,0,695.0,,3,0,1,0,
33380,0,0.009081642,71,0,0.299683294,2525.0,24,0,0,0,0.0
33383,0,0.000595411,87,0,0.059991305999999994,6900.0,11,0,0,0,0.0
33384,0,0.01444411,89,0,0.00539892,3333.0,5,0,0,0,0.0
33386,0,0.058916625,74,2,0.108386315,6605.0,7,0,1,0,0.0
33387,0,0.074564181,77,0,0.528567185,10098.0,12,0,3,0,0.0
33389,0,0.165728307,73,0,1.55416903,1762.0,7,0,3,0,1.0
33390,0,0.0,42,0,0.664438159,11666.0,8,0,5,0,1.0
33392,0,0.108976415,43,0,4449.0,,7,0,2,0,0.0
33394,0,0.176986153,67,0,0.125995869,10166.0,6,0,1,0,0.0
33395,1,0.9999998999999999,47,0,556.0,,4,0,0,1,1.0
33399,0,0.437810945,25,0,0.000908678,2200.0,1,0,0,0,0.0
33400,0,0.047882312999999996,35,0,0.004999138,5800.0,3,0,0,0,0.0
33402,0,0.9999998999999999,54,0,0.140868731,12500.0,11,0,1,0,2.0
33403,0,0.08512287199999999,38,0,932.0,,5,0,1,0,0.0
33404,1,0.9999998999999999,28,2,0.666666667,2573.0,4,2,0,1,2.0
33405,0,0.070385923,52,0,0.2047381,4600.0,3,0,1,0,2.0
33406,0,0.091928836,72,0,157.0,,3,0,0,0,0.0
33407,0,0.628963854,50,0,0.256107914,10600.0,8,0,1,0,2.0
33408,0,0.008449578000000001,41,0,0.166574125,1800.0,10,0,0,0,1.0
33409,0,0.5134205820000001,58,0,0.6352272729999999,4399.0,10,0,2,1,1.0
33411,0,0.206832701,50,0,0.16701327800000002,6250.0,2,0,1,0,0.0
33412,0,0.215725157,74,0,1111.0,,14,0,0,0,0.0
33414,0,0.05537327,55,0,0.256744714,12342.0,12,0,1,0,0.0
33416,0,0.37243939600000003,55,0,0.34012799200000005,12656.0,16,0,1,0,1.0
33418,0,0.022833875,78,0,0.004331889,3000.0,2,0,0,0,0.0
33419,1,0.8305647840000001,35,1,1480.0,,2,0,0,0,0.0
33421,0,0.15865964800000001,53,0,3074.0,,18,0,2,0,0.0
33422,0,0.007694464,36,0,0.46765442399999996,9583.0,12,0,2,0,0.0
33423,0,0.9999998999999999,34,0,0.0,2400.0,3,0,0,0,0.0
33425,0,0.438785076,47,0,0.425832492,10900.0,5,0,3,0,1.0
33426,0,0.9999998999999999,43,0,0.136059964,6136.0,1,0,1,0,1.0
33427,0,0.0,48,0,0.351529694,5000.0,10,0,0,0,3.0
33429,0,0.08837569099999999,68,0,0.250839866,6250.0,17,0,1,0,0.0
33431,0,0.9999998999999999,39,0,1432.0,,4,0,1,0,0.0
33433,0,0.17857441300000002,52,0,0.427839604,5660.0,13,0,1,0,3.0
33434,0,0.657696162,61,1,0.5256917,4300.0,10,0,2,0,1.0
33435,0,0.860005384,46,0,0.49158094399999996,17400.0,14,0,4,0,3.0
33436,0,0.067764018,48,0,2295.0,,9,0,1,0,0.0
33437,1,0.737003058,48,2,0.51206553,4516.0,8,0,1,0,2.0
33439,0,0.009126941,88,0,6.0,,3,0,0,0,
33440,0,0.0,55,0,0.26356266899999997,4810.0,5,0,1,0,1.0
33442,0,0.7492594890000001,74,0,0.910788382,3373.0,13,0,2,0,1.0
33444,0,0.10173567300000001,47,0,0.7388849679999999,4250.0,7,0,2,0,2.0
33446,0,0.16913534,47,0,0.310682583,9800.0,14,0,2,0,2.0
33447,0,0.599415079,67,0,0.637246501,3500.0,8,0,1,0,0.0
33450,0,0.036598094,77,0,0.001999875,16000.0,3,0,0,0,0.0
33452,1,0.089338347,55,1,1.111452729,1300.0,18,0,1,1,0.0
33453,0,0.0,46,0,3738.0,,6,0,1,0,0.0
33456,0,0.107781505,34,0,0.296075213,6700.0,10,0,1,0,0.0
33457,0,0.62334123,41,0,2.333666334,1000.0,4,0,1,0,2.0
33459,0,0.164202665,59,0,0.790593047,7334.0,20,0,2,0,1.0
33460,0,0.17538673100000002,55,0,0.45657149700000005,8300.0,17,0,2,0,2.0
33461,0,0.15351086,77,0,0.213891081,3800.0,4,0,1,0,0.0
33463,0,0.022158142000000002,84,0,0.00749875,6000.0,8,0,0,0,0.0
33464,0,0.264230807,62,1,0.704532736,5360.0,24,0,1,0,0.0
33465,0,0.9999998999999999,28,0,1759.0,0.0,4,0,1,0,0.0
33466,0,0.8060594940000001,90,0,0.566944266,3121.0,8,0,0,0,0.0
33469,0,0.15060214800000002,49,0,0.196727917,12407.0,11,0,2,0,3.0
33470,0,0.421361029,71,1,0.40288309299999997,12000.0,22,0,3,0,2.0
33471,0,0.075248672,63,0,0.27573581199999997,7100.0,16,0,2,0,0.0
33472,0,0.34873615799999996,77,0,0.670940171,6083.0,22,0,1,0,0.0
33473,0,0.404207276,46,0,0.432111288,6900.0,8,0,1,0,2.0
33476,0,0.566102294,50,0,0.357341956,8968.0,9,0,2,0,2.0
33478,0,0.027425377999999997,60,0,0.518547226,9030.0,20,1,4,0,0.0
33479,0,0.0,59,0,0.496821656,14000.0,5,0,2,0,2.0
33480,0,0.019008722,48,0,1.064487103,3333.0,10,0,1,0,1.0
33482,0,0.340159795,62,0,0.381757668,22233.0,26,0,3,0,2.0
33483,0,0.478502407,50,0,2427.0,,17,0,2,0,0.0
33484,0,0.639744102,27,2,0.13673688,2800.0,5,0,0,0,0.0
33486,0,0.031949201,75,0,0.008603124,4416.0,3,0,0,0,0.0
33487,0,0.149583836,53,1,0.273784557,10489.0,5,0,1,0,2.0
33488,0,0.017918012,45,0,1189.0,,10,0,1,0,0.0
33489,1,0.06623470099999999,48,1,943.0,,4,0,1,0,0.0
33491,0,0.0,52,1,0.623576468,18000.0,14,0,5,0,0.0
33492,0,0.153988737,46,1,5439.0,,19,0,5,0,0.0
33493,0,0.9999998999999999,71,3,0.47188106,4640.0,4,2,1,2,0.0
33494,0,0.7260727440000001,48,0,0.451581028,7083.0,11,0,2,0,1.0
33496,0,0.7850358270000001,31,0,0.473136193,2400.0,10,1,0,0,1.0
33497,0,0.7294262309999999,46,0,0.721946375,12083.0,11,0,3,0,3.0
33498,0,0.000325728,69,0,0.287674017,9840.0,17,0,2,0,0.0
33499,0,0.9999998999999999,21,0,0.0,1.0,1,0,0,0,0.0
33500,0,0.078823029,50,0,0.39190057899999997,14000.0,11,0,4,0,3.0
33501,0,0.636988088,32,0,1.094830049,3500.0,10,0,2,0,3.0
33502,0,0.239147356,37,0,0.112221945,4000.0,11,0,0,0,0.0
33503,0,0.07177674099999999,65,0,0.020995801,5000.0,9,0,0,0,0.0
33504,0,0.279436028,32,0,0.697638338,5800.0,9,0,2,0,0.0
33505,0,0.043782587000000005,59,0,0.296431173,6864.0,13,0,2,0,1.0
33506,0,0.027034098,39,0,0.264957265,8891.0,10,0,5,0,0.0
33507,0,0.030159397,54,0,0.19782673899999997,30000.0,10,0,2,0,4.0
33509,0,0.641414343,50,0,0.80413642,7300.0,14,0,2,0,0.0
33510,0,0.0,67,0,0.022846263999999998,2100.0,3,0,1,0,0.0
33511,0,0.03175485,58,0,0.11751059900000001,12500.0,11,0,0,0,0.0
33512,1,1.045129963,57,3,0.42031593700000003,5000.0,5,1,1,2,0.0
33513,0,0.622096915,44,0,0.593047753,5695.0,16,0,1,0,2.0
33514,0,0.031211261,76,0,0.013194721999999999,2500.0,5,0,0,0,0.0
33515,1,0.554817276,35,2,19.0,,2,1,0,1,0.0
33516,0,0.0023832939999999998,75,0,0.17182050699999998,4300.0,7,0,0,0,0.0
33517,0,0.085273178,47,0,0.452073635,9451.0,8,0,4,0,0.0
33518,0,0.9999998999999999,55,0,0.243397573,1400.0,1,0,0,0,0.0
33519,0,0.9999998999999999,22,0,0.0,,0,0,0,0,
33520,0,0.149841115,43,0,0.137093145,6666.0,5,0,1,0,1.0
33522,0,0.20498718800000001,53,0,2657.0,,4,0,1,0,1.0
33523,0,0.10859427,21,0,4.0,,1,0,0,0,
33525,0,0.015399115,49,1,0.131313131,9800.0,5,0,2,0,4.0
33527,0,0.016059633,50,0,0.0009458180000000001,7400.0,3,0,0,0,0.0
33528,0,0.006887638000000001,50,0,0.272545472,10500.0,9,0,1,0,2.0
33529,0,0.0,32,0,0.18512595,2500.0,9,0,0,0,0.0
33530,0,0.38368223,53,0,0.564040805,7057.0,10,0,2,0,2.0
33533,0,0.184794314,54,1,0.25364642600000004,9666.0,7,0,1,0,2.0
33535,0,0.61062366,51,0,0.477654388,14767.0,14,0,3,1,2.0
33536,1,0.647576388,53,1,3957.0,,13,1,2,0,0.0
33537,0,0.9999998999999999,46,0,3571.0,,4,0,1,0,0.0
33538,0,0.9999998999999999,91,0,0.0,,0,0,0,0,0.0
33540,0,0.014596578999999998,48,0,0.106575697,8500.0,7,0,0,0,2.0
33541,0,0.15624252800000002,49,3,1653.0,,12,0,1,0,0.0
33542,0,0.9999998999999999,76,0,509.0,,5,0,1,0,
33544,1,0.785581845,42,0,1.4578504890000001,4400.0,9,0,3,0,1.0
33546,0,0.9999998999999999,79,0,0.0,4583.0,1,0,0,0,0.0
33548,0,0.22169358,51,0,0.132724559,39532.0,12,0,3,0,2.0
33549,0,0.00049975,27,0,150.0,,2,0,0,0,0.0
33551,0,0.276637288,63,0,4.361581921,1238.0,8,0,2,0,0.0
33552,0,0.87175741,56,0,0.8227303990000001,5815.0,12,0,2,0,0.0
33553,0,0.0018381679999999998,53,0,0.713095635,3000.0,5,0,1,0,0.0
33554,0,0.0,53,0,0.24789379600000003,7833.0,11,0,1,0,1.0
33555,0,0.116858876,77,0,52.0,,4,0,0,0,
33557,1,0.069174204,49,1,0.521504651,7416.0,18,0,3,1,0.0
33558,0,0.568914887,60,0,0.508349267,7844.0,13,0,2,0,0.0
33559,0,0.034074573999999996,65,0,0.16884626600000002,10322.0,11,0,1,0,0.0
33561,0,0.8995517340000001,75,2,0.23208317899999997,2692.0,6,1,0,0,1.0
33563,0,0.102829503,45,0,0.35168307200000004,8228.0,6,0,2,0,0.0
33564,0,0.0,73,0,343.0,,5,0,0,0,0.0
33566,0,0.589509171,47,0,0.230175292,9583.0,3,0,1,0,0.0
33568,0,0.106571729,47,0,1522.0,0.0,8,0,2,0,1.0
33569,0,0.105649058,29,1,0.26587746,6250.0,8,0,1,0,0.0
33570,0,0.007028370999999999,62,0,0.141429285,2000.0,3,0,0,0,0.0
33571,0,0.10078316300000001,47,0,0.35298414,9583.0,6,0,1,0,2.0
33572,0,0.030040415,40,0,0.15929608,8750.0,6,0,2,0,0.0
33573,0,0.901418418,47,1,1.042054464,2900.0,10,0,1,0,2.0
33574,0,0.452774127,63,0,1.912965455,2228.0,7,0,3,0,1.0
33575,0,0.0,55,0,1.305477809,2500.0,8,0,1,0,2.0
33576,0,0.025555229,49,0,1656.0,,12,0,2,0,0.0
33577,0,0.394471439,73,0,2525.0,,11,0,1,0,0.0
33579,0,0.080534034,71,0,0.012562567,10188.0,6,0,0,0,0.0
33580,0,0.0,44,0,1.070371082,5200.0,10,0,1,0,2.0
33581,0,0.19643469300000002,37,1,0.44088817799999996,4998.0,8,0,1,0,2.0
33583,0,0.908916252,67,0,726.0,,10,0,0,0,0.0
33584,0,0.692307692,41,0,0.002856735,7000.0,1,0,0,0,3.0
33587,0,0.054123872,63,0,1567.0,,7,0,1,0,1.0
33588,0,0.024626341,81,0,0.044591082000000004,5000.0,13,0,1,0,1.0
33590,0,0.273692489,55,0,0.24480177399999997,3606.0,4,0,1,0,2.0
33591,0,0.9999998999999999,29,98,0.0,1854.0,0,98,0,98,0.0
33592,0,0.0,33,0,0.297922154,6833.0,6,0,1,0,0.0
33593,0,0.348834049,64,1,0.497874455,18112.0,23,0,5,0,3.0
33594,0,0.858453756,57,1,1317.0,,8,0,0,0,0.0
33598,0,0.296641947,33,0,0.46804835899999997,11000.0,3,0,2,0,0.0
33600,0,0.039824915,53,0,0.218430034,9668.0,12,0,4,0,1.0
33601,0,0.042737863,62,0,3041.0,,11,0,1,0,0.0
33602,0,0.06598516,74,0,0.075851393,5167.0,7,0,0,0,0.0
33603,0,0.652650206,46,0,1.025919526,4050.0,10,0,0,0,0.0
33604,0,0.010187898,35,0,1355.0,,13,0,1,0,0.0
33605,0,0.009551882,33,0,0.351891506,1400.0,17,0,1,0,0.0
33606,0,0.0,36,0,3481.0,,3,0,1,0,0.0
33607,0,0.01099945,56,0,3008.0,,7,0,2,0,0.0
33608,0,0.06153928,78,0,34.0,,2,0,0,0,
33609,0,0.9999998999999999,50,0,0.035926272999999995,3200.0,5,0,0,0,1.0
33610,0,0.267739968,45,0,1433.0,,18,0,1,1,0.0
33612,0,0.171094297,60,1,2791.0,,6,0,2,0,0.0
33613,0,1.042478761,54,0,0.488470191,3555.0,8,0,0,0,0.0
33614,0,0.21569249199999999,65,1,0.088186277,21000.0,11,0,0,0,1.0
33617,0,0.0,27,0,0.069165143,3281.0,6,0,0,0,0.0
33618,0,0.018493938999999997,73,0,1204.0,,4,0,1,0,
33619,0,0.0,56,0,0.206141395,4200.0,4,0,0,0,2.0
33620,0,0.9999998999999999,22,0,0.827242525,300.0,1,0,0,0,0.0
33621,1,0.498646374,61,0,0.21533860300000002,4680.0,13,1,0,0,0.0
33622,0,0.129821089,50,0,4023.0,,8,0,1,0,0.0
33623,0,0.631277112,47,2,0.189476315,8000.0,14,0,0,1,2.0
33624,0,0.694112878,53,0,0.264533638,7000.0,13,0,2,0,0.0
33625,0,0.0,77,0,0.009541118000000001,2200.0,3,0,0,0,0.0
33627,0,0.27402876600000003,43,0,0.795201371,3500.0,13,0,1,0,0.0
33628,0,0.0,62,0,168.0,,4,1,0,0,0.0
33629,0,0.019477486999999998,47,0,0.00499875,4000.0,4,0,0,0,0.0
33630,0,0.033751303999999996,58,0,0.44199125200000006,4800.0,21,0,1,0,0.0
33631,0,0.198500056,34,0,0.606605257,4450.0,5,0,1,0,0.0
33632,1,0.09734901800000001,34,0,0.443991853,2945.0,13,0,1,0,0.0
33634,0,0.009056158,67,0,0.014874421,4100.0,17,0,0,0,0.0
33635,0,0.057179312,77,0,0.6971861159999999,7000.0,9,0,4,0,0.0
33636,0,0.42504836700000004,57,0,0.6565579979999999,7913.0,10,0,2,0,1.0
33637,0,0.079105258,69,0,0.318566374,6500.0,8,0,2,0,0.0
33638,0,0.6702045839999999,24,0,0.071968923,4890.0,5,0,0,0,0.0
33639,0,0.184523482,72,0,0.307290154,3442.0,17,0,0,0,0.0
33640,0,0.6975019090000001,65,0,0.38608913,2400.0,4,0,0,0,0.0
33641,0,0.9451297320000001,41,0,0.494521549,5475.0,7,0,2,0,3.0
33642,0,0.15584942699999998,48,0,2646.0,,13,0,2,0,0.0
33643,0,1.086388106,37,2,0.16745283,1695.0,3,1,0,0,0.0
33644,0,0.013713408,63,0,19.0,,5,0,0,0,0.0
33645,0,0.0,25,0,0.002305919,1300.0,3,0,0,0,0.0
33646,0,0.035586464,63,0,10930.0,,19,0,5,0,0.0
33647,0,0.47015569999999995,46,0,0.172745788,5400.0,7,0,0,0,1.0
33649,0,0.8144605090000001,61,0,2215.0,0.0,9,0,0,0,2.0
33650,0,0.9999998999999999,47,0,0.25281521100000004,10833.0,10,0,2,0,3.0
33651,0,0.064754196,49,0,0.272652048,7250.0,4,0,1,0,0.0
33652,0,0.051849785999999995,37,0,0.430446569,7008.0,12,0,2,0,1.0
33654,0,0.06699797,77,0,66.0,,4,0,0,0,0.0
33655,0,0.56138287,66,0,0.35683235700000004,5290.0,6,0,1,0,0.0
33656,0,0.052231592,50,0,0.268049039,6606.0,6,0,1,0,2.0
33657,0,0.636375142,26,2,1.459196102,820.0,7,0,0,0,0.0
33661,0,0.03473015,62,0,0.304428447,9167.0,28,0,2,0,0.0
33662,0,0.042072690999999995,65,0,0.47979798,2375.0,7,0,2,0,0.0
33665,0,0.16713642,32,0,0.333333333,5750.0,11,0,0,0,0.0
33666,1,0.165507635,39,0,0.547702152,6875.0,9,0,1,0,2.0
33668,0,0.034681988999999996,55,0,0.182204172,10833.0,8,0,2,0,1.0
33669,0,0.9999998999999999,48,1,85.0,,1,0,0,0,1.0
33670,0,0.556872967,61,0,0.5978620020000001,10289.0,15,0,3,0,0.0
33671,0,0.004078271,64,0,4979.0,,3,0,1,0,
33672,0,0.043259843,72,0,0.35791826299999996,6263.0,9,0,2,0,0.0
33673,0,904.0,30,0,0.00779844,5000.0,3,0,0,0,0.0
33674,0,0.087442015,74,0,94.0,,4,0,0,0,
33676,0,0.019841213,72,0,0.00063076,65000.0,20,0,0,0,0.0
33678,1,0.747859488,38,0,856.0,1.0,9,0,0,0,0.0
33679,0,0.039033995,69,0,0.103073808,5432.0,17,0,1,0,0.0
33680,1,0.9747634070000001,51,2,0.6216839679999999,2600.0,4,0,1,2,2.0
33682,1,0.44734038200000004,26,0,935.0,,9,0,0,0,0.0
33683,0,0.8411588409999999,31,0,749.0,,8,0,0,0,0.0
33684,0,0.001234025,78,0,0.000476145,10500.0,13,0,0,0,0.0
33685,0,0.026378411,30,0,0.003499125,4000.0,4,0,0,0,0.0
33686,0,0.653733851,63,0,0.549798259,4708.0,4,0,1,0,0.0
33687,0,0.227971843,55,1,6069.0,,18,0,2,0,1.0
33689,0,0.14320619,39,0,3383.0,,8,0,2,0,0.0
33690,0,0.047904192000000005,26,0,0.004239400999999999,4009.0,3,0,0,0,0.0
33692,0,0.575538789,70,0,0.146141215,4871.0,5,0,0,0,0.0
33693,0,0.23442364699999999,62,1,0.412917417,5000.0,7,0,2,0,0.0
33694,0,0.403930532,56,0,1.167464115,2298.0,13,0,2,0,0.0
33696,0,0.852032882,58,0,0.075949367,1500.0,2,0,0,0,2.0
33697,0,0.019394041,79,0,0.014042357,4343.0,10,0,0,0,0.0
33700,0,0.18439096600000002,53,0,0.254624229,6000.0,12,0,2,0,0.0
33701,0,0.300955272,46,2,0.768369298,3660.0,10,1,2,0,2.0
33702,0,0.07390820099999999,45,0,0.420402261,7606.0,10,0,2,0,1.0
33704,0,0.033260147000000004,50,0,629.0,,5,0,1,0,0.0
33705,0,0.0,63,0,0.078230442,4000.0,5,0,0,0,1.0
33709,0,0.472029104,57,0,0.297081168,2500.0,8,0,0,0,0.0
33710,0,0.345561381,37,0,0.448197688,4410.0,10,0,3,0,0.0
33711,0,0.6351936,37,0,0.45660812700000003,7800.0,13,0,2,0,2.0
33714,0,0.068191796,39,1,6.462686567,200.0,6,0,1,0,3.0
33716,0,0.10222244400000001,58,0,0.16463454,15500.0,5,0,1,0,1.0
33718,0,0.065221828,72,0,48.0,,6,0,0,0,0.0
33719,0,0.266914824,47,0,0.974102681,2200.0,13,0,2,1,1.0
33720,0,0.9999998999999999,26,0,0.091387476,5700.0,4,0,0,0,2.0
33721,0,0.901879942,45,1,1.021915341,3330.0,8,0,1,0,3.0
33723,0,0.269971397,71,0,377.0,,4,0,0,0,0.0
33725,0,0.9999998999999999,62,1,0.135098622,3700.0,1,0,0,0,0.0
33726,0,0.0,64,0,0.0016901029999999999,14791.0,5,0,0,0,2.0
33727,0,0.10887129,50,0,53.0,,1,0,0,0,0.0
33728,0,0.052127729000000005,55,0,2481.0,,9,0,2,0,0.0
33729,0,0.9650025,41,1,0.497927335,4100.0,8,0,1,0,2.0
33731,0,0.171398665,62,0,0.552489502,5000.0,14,0,2,0,0.0
33734,0,0.0,63,0,0.14619009300000002,8700.0,4,0,1,0,2.0
33735,0,0.137463543,43,0,0.371682665,7083.0,5,0,1,0,2.0
33737,0,0.274736209,58,1,4421.0,,15,0,3,0,0.0
33738,0,0.48375619200000003,68,0,0.5980233070000001,6778.0,16,0,1,0,0.0
33739,0,0.064212539,46,1,0.193867348,9000.0,7,0,2,0,0.0
33740,0,0.203610536,55,0,0.33676796700000006,7666.0,8,0,2,0,0.0
33742,0,0.06734858099999999,40,1,0.44047398600000004,5400.0,7,0,2,0,2.0
33744,0,0.257534638,51,0,0.7650672909999999,3417.0,4,0,1,0,0.0
33745,1,0.9999998999999999,34,1,0.8941058940000001,1000.0,1,0,1,0,3.0
33746,0,0.719069521,60,0,0.999808466,5220.0,14,0,1,0,0.0
33747,0,0.680523414,49,0,0.145809032,6000.0,3,0,0,0,3.0
33748,1,0.501214074,62,1,0.330667333,4000.0,17,0,0,1,0.0
33749,0,0.8635113740000001,48,0,1.239504198,2500.0,7,0,1,0,2.0
33752,0,0.0,41,0,2058.0,0.0,9,0,1,0,2.0
33753,0,0.437853076,74,0,0.25974805,5000.0,12,0,0,0,1.0
33754,0,0.261389064,65,0,0.57788671,5507.0,10,0,1,0,0.0
33756,0,0.00646967,77,0,0.0041979009999999995,3334.0,18,0,0,0,0.0
33757,0,0.018715858999999998,64,0,0.40079296700000006,5800.0,6,0,2,0,1.0
33759,1,0.169393116,67,2,1.802146211,1490.0,13,0,2,0,0.0
33762,0,0.05637787,28,0,0.198320672,2500.0,7,0,0,0,0.0
33763,0,0.97282748,53,0,0.073495178,6013.0,9,0,0,0,0.0
33765,0,0.000799947,84,0,0.0,,7,0,0,0,
33766,0,0.011880796,41,0,0.351129774,5000.0,8,0,1,0,0.0
33767,0,0.547439049,55,0,0.74573613,5100.0,15,0,2,0,1.0
33768,0,0.0,41,0,0.0,3250.0,4,0,0,0,0.0
33769,0,1.8129675809999999,23,0,41.0,,0,2,0,0,0.0
33770,1,0.0,32,1,0.332223147,1200.0,4,2,0,0,0.0
33771,0,0.641451676,47,3,0.357964204,10000.0,8,0,2,0,1.0
33772,0,0.185825486,58,0,0.19205052,5383.0,9,0,1,0,0.0
33773,0,0.00355045,64,0,2471.0,,11,0,2,0,1.0
33774,0,0.9999998999999999,68,0,52.0,,0,0,0,0,0.0
33775,0,0.038428673999999996,59,1,0.307093822,4369.0,9,0,0,0,0.0
33776,0,0.150949683,40,0,0.049787492,1646.0,3,0,0,0,0.0
33777,0,0.185544922,51,0,38.0,,2,0,0,0,0.0
33778,0,0.020544521,75,0,340.0,,9,0,1,0,0.0
33780,1,0.90708209,50,7,1.07261247,3800.0,8,2,1,2,4.0
33783,0,0.9999998999999999,82,0,0.0,1900.0,0,0,0,0,0.0
33784,0,0.0,22,0,39.0,,3,0,0,0,0.0
33785,0,0.24443232399999998,33,0,0.106616585,3460.0,6,0,0,0,0.0
33786,0,0.16165676699999998,63,0,0.251458074,10458.0,6,0,2,0,2.0
33788,1,0.00035292699999999995,73,0,0.214317943,6648.0,14,1,0,0,0.0
33791,0,0.293117075,36,0,1640.0,0.0,6,0,2,0,1.0
33793,0,0.059898855,49,1,0.178117412,7000.0,8,0,1,0,2.0
33794,0,0.083693787,35,0,0.428428595,6000.0,8,0,2,0,0.0
33795,0,0.045369741,47,0,0.013445958000000001,5800.0,7,0,0,0,0.0
33796,0,0.39860139899999997,27,0,11.0,,2,0,0,0,0.0
33797,0,0.296737411,53,0,0.600173837,2300.0,9,0,1,0,1.0
33798,0,0.9999998999999999,41,0,5465.0,,8,0,2,0,1.0
33799,0,0.890478388,39,1,0.487274069,2710.0,4,0,0,0,1.0
33800,0,0.046703135,53,0,1.240759241,1000.0,4,1,2,0,3.0
33801,0,0.7973086629999999,37,0,0.72395417,3752.0,9,0,1,0,4.0
33802,0,0.042669043,40,0,0.369005153,5045.0,8,0,1,0,1.0
33803,0,0.05048924900000001,63,0,0.16160563,7672.0,4,0,1,0,1.0
33805,0,0.12465004699999999,32,0,446.0,,2,0,0,0,0.0
33808,0,0.150120417,42,0,0.313796598,18750.0,6,0,3,0,0.0
33809,0,0.63519218,31,0,85.0,,1,0,0,1,2.0
33810,0,0.11858760800000001,22,0,0.005376344,929.0,2,0,0,0,0.0
33811,0,0.189567536,32,0,0.8737502909999999,4300.0,8,0,2,0,2.0
33813,0,0.016815731,62,0,0.103275885,7600.0,18,0,0,0,0.0
33814,0,0.306192415,38,1,0.817355747,2200.0,8,0,1,2,0.0
33815,0,0.014139298,75,0,1466.0,,6,0,2,0,1.0
33817,0,0.02414968,49,0,0.148170366,5000.0,6,0,0,0,0.0
33818,0,0.9999998999999999,93,0,1974.0,,1,0,1,0,0.0
33819,0,0.110731014,53,0,0.244022231,7736.0,15,0,1,0,0.0
33821,1,0.507029494,55,0,1.162945685,3000.0,13,0,1,0,2.0
33822,0,0.395806755,56,0,0.8101791740000001,3850.0,13,0,1,0,0.0
33823,0,0.9999998999999999,24,0,39.5,1.0,0,0,0,0,0.0
33824,0,0.038780612,73,0,0.219111766,4750.0,9,0,1,0,0.0
33826,0,0.155915133,52,0,0.332131823,5825.0,11,0,2,0,2.0
33827,0,0.0,76,0,0.258327165,1350.0,2,0,1,0,0.0
33829,0,0.391185775,38,0,0.26664952399999997,35000.0,9,0,0,0,2.0
33830,0,0.087113031,73,0,32.0,,1,0,0,0,
33831,0,0.08221856799999999,74,0,54.0,,2,0,0,0,
33832,0,0.757655293,32,0,0.10043755,5027.0,3,0,0,0,3.0
33833,0,0.060644196,78,0,0.078378861,5600.0,5,0,1,0,0.0
33834,0,0.0,78,0,0.173451327,1694.0,3,0,0,0,1.0
33836,0,0.647384376,51,0,1.07577618,5700.0,11,0,2,0,2.0
33838,0,0.9999998999999999,35,0,0.373125551,3400.0,7,0,1,0,2.0
33839,0,0.994939881,52,0,0.450850539,7700.0,7,0,1,0,0.0
33840,0,0.0,51,0,0.402155417,5288.0,6,0,2,0,2.0
33841,0,0.009055881,65,0,0.268746768,5800.0,17,0,1,0,0.0
33842,1,0.439892709,32,0,0.391797346,4144.0,4,0,2,1,4.0
33843,0,0.718503705,46,0,0.47042727799999995,4750.0,6,0,1,0,1.0
33844,0,0.075646105,76,0,603.0,,2,0,0,0,0.0
33846,0,0.09838962300000001,62,0,0.077084583,3333.0,4,0,0,0,0.0
33847,0,1.001999,53,0,0.158250911,3841.0,5,1,0,0,0.0
33848,0,0.99621826,32,2,0.188162368,5000.0,21,0,0,0,4.0
33849,0,0.3027357,66,0,0.601893207,15000.0,8,0,1,0,0.0
33850,0,0.27953411,21,0,0.496993988,498.0,2,0,0,0,0.0
33852,0,0.0,46,0,0.48605123,7885.0,12,0,3,0,2.0
33853,0,0.529388245,24,0,1.096938776,783.0,5,0,0,0,0.0
33854,0,0.0,25,0,0.225887056,2000.0,7,0,0,0,0.0
33856,0,0.129934061,70,0,0.36228775700000004,5594.0,7,0,1,0,0.0
33857,0,0.0033311129999999997,36,0,0.145108534,3362.0,4,0,0,0,1.0
33858,0,0.11862005699999999,56,0,0.30012725,5500.0,5,0,2,0,0.0
33859,0,0.9999998999999999,54,0,3549.0,,5,0,1,0,0.0
33860,0,0.10317432900000001,70,0,0.108231341,4166.0,7,0,0,0,1.0
33861,0,0.08817431099999999,58,0,0.043446646,5500.0,18,0,0,0,0.0
33863,0,0.051537223,44,0,0.023324695,2700.0,8,0,0,0,0.0
33864,0,0.325696478,32,0,0.46589018299999996,4206.0,10,0,2,0,1.0
33865,0,0.39602901700000004,55,0,0.268083648,5833.0,6,0,1,0,2.0
33866,0,0.9999543609999999,59,0,5650.0,,5,0,1,0,2.0
33867,0,0.257156689,46,0,0.247341151,11000.0,19,0,2,0,1.0
33869,0,0.7178243409999999,55,0,1.307550645,3800.0,20,0,2,0,0.0
33870,0,1.045740893,45,0,0.601918465,1250.0,9,0,0,0,0.0
33871,0,0.7087097440000001,46,0,0.573242676,10000.0,10,0,2,0,0.0
33872,0,0.034972408999999996,60,0,0.0076661559999999995,15000.0,6,0,0,0,0.0
33874,0,0.019275775,46,0,3821.0,,8,0,2,0,0.0
33878,0,0.9999998999999999,48,0,0.22962465199999998,10416.0,6,0,1,0,1.0
33879,1,0.167290295,63,0,0.442327573,13541.0,24,0,4,0,1.0
33880,1,0.896114071,49,5,0.46318015799999995,5200.0,13,1,1,4,1.0
33881,0,0.20619029600000002,60,0,0.6275465570000001,8000.0,14,0,2,0,1.0
33883,0,0.403088139,50,0,0.530891485,9500.0,30,0,2,0,1.0
33885,0,0.010844816,70,0,0.24016563100000002,2897.0,7,0,1,0,0.0
33886,0,0.16099058900000002,48,0,2257.0,,11,0,1,0,0.0
33887,0,0.112995964,74,0,1656.0,,5,0,2,0,0.0
33888,0,0.55126575,36,2,0.13255249300000002,7000.0,10,0,0,0,3.0
33891,0,0.9999998999999999,28,0,0.087165134,2500.0,2,0,0,0,0.0
33892,0,0.049204037,35,0,0.274772523,10000.0,15,0,1,0,4.0
33893,0,0.267772772,48,0,0.210533525,14600.0,12,0,2,0,4.0
33894,0,0.0,62,0,0.000181785,5500.0,8,0,0,0,0.0
33895,0,0.0,32,0,0.724530253,5800.0,11,0,1,0,0.0
33897,0,0.358351717,37,0,0.467948718,3899.0,23,0,0,0,2.0
33898,0,0.0,37,0,0.069232692,4000.0,8,0,0,0,0.0
33899,1,0.9999998999999999,61,3,0.146090535,2429.0,2,2,0,0,0.0
33900,1,0.9999998999999999,65,3,0.196399045,5442.0,6,3,0,2,2.0
33902,0,1.018178513,76,2,0.321163166,3094.0,7,0,0,0,0.0
33903,0,0.0,48,1,0.059623910999999995,13081.0,7,0,0,0,1.0
33904,0,0.9999998999999999,22,0,0.0,1.0,1,0,0,0,0.0
33905,0,0.9791034540000001,37,0,0.209503527,15025.0,8,0,1,0,0.0
33907,0,0.620780279,43,0,0.488500767,15000.0,8,0,2,0,0.0
33909,0,0.009576739,55,0,0.349450885,19667.0,14,0,2,0,1.0
33910,0,0.35866728299999995,75,1,0.420539445,7896.0,23,0,3,0,0.0
33911,0,0.109089091,38,0,0.248297625,6020.0,8,0,1,0,0.0
33913,0,0.004247553,65,0,1062.0,,12,0,1,0,0.0
33914,0,0.6511120539999999,63,2,0.486378405,4000.0,10,0,1,1,0.0
33915,0,0.031573488999999996,55,0,1262.0,,5,0,1,0,0.0
33916,0,0.254933951,42,0,3620.0,,9,0,6,1,0.0
33919,0,0.041181993,51,0,0.36994308600000003,6500.0,6,0,2,0,0.0
33920,0,0.9999998999999999,31,0,1.089273112,2833.0,9,0,1,0,0.0
33921,0,0.04578257,43,0,0.220182385,8333.0,11,0,2,0,0.0
33922,0,0.980942559,41,0,0.6001996510000001,4006.0,8,0,1,0,0.0
33923,0,0.9999998999999999,60,0,9.0,,1,0,0,0,0.0
33925,0,0.884052033,29,0,0.7794746490000001,1636.0,9,0,0,0,0.0
33926,0,0.128705924,45,0,4249.0,,5,0,2,0,0.0
33927,0,0.074034738,78,0,894.0,,6,0,1,0,1.0
33928,0,0.09511239099999999,48,0,0.24710189100000002,4916.0,3,0,1,0,0.0
33929,0,0.9999998999999999,60,0,0.03938754,18939.0,3,1,0,0,0.0
33930,0,0.001515991,37,0,0.335508314,4750.0,13,0,1,0,0.0
33932,0,0.054926370999999995,63,0,0.11968744,5246.0,13,0,1,0,0.0
33933,0,0.004825003,74,0,0.485111451,5876.0,11,0,1,0,0.0
33935,0,0.226325533,44,0,0.16832481800000001,3718.0,17,0,0,0,0.0
33936,0,0.5201512979999999,25,0,0.134459576,5800.0,9,0,0,0,0.0
33937,0,0.9999998999999999,31,0,0.22640632300000002,2150.0,1,0,0,0,0.0
33938,0,0.348712805,26,0,0.45084971700000004,3000.0,9,0,0,0,0.0
33939,0,0.147443201,45,0,5012.0,,14,0,3,0,1.0
33941,0,0.163331738,39,0,0.322459693,8000.0,12,0,2,0,4.0
33942,0,0.027054053999999998,37,0,0.155867901,8750.0,7,0,1,0,2.0
33943,0,0.036224976,36,0,0.21281783399999998,5741.0,7,0,1,0,0.0
33944,0,0.066671679,55,0,0.29017126600000004,9166.0,11,0,1,0,2.0
33947,0,0.529894021,27,0,0.285102332,2100.0,5,0,0,0,0.0
33948,0,0.15371283800000002,54,0,0.18267929600000002,14040.0,2,0,1,0,3.0
33949,0,0.006505545,57,0,3624.0,,18,0,1,0,0.0
33950,0,0.783698502,49,2,0.598214286,5039.0,5,1,1,0,1.0
33952,0,0.684035141,40,1,0.334416396,4000.0,4,0,1,0,3.0
33954,0,0.044130391,46,0,19.0,,2,0,0,0,0.0
33955,1,0.44439549799999994,33,0,0.790682833,4700.0,10,0,2,0,0.0
33956,0,0.9999998999999999,60,0,0.181758958,1534.0,3,0,0,0,0.0
33957,0,0.001101945,91,0,0.000856898,3500.0,5,0,0,0,1.0
33958,0,0.011215913000000001,87,0,0.09783121199999999,4241.0,5,0,1,0,0.0
33959,0,0.446236181,29,0,0.299850075,2000.0,7,0,0,0,0.0
33961,0,0.129172184,35,1,0.41594022399999997,4014.0,12,1,2,0,0.0
33962,0,0.99960016,70,0,1236.0,,4,0,1,0,0.0
33965,0,0.071020732,59,0,0.007311041999999999,9300.0,6,0,0,0,0.0
33967,0,0.56737552,55,1,0.637038286,5928.0,21,0,2,0,2.0
33969,0,0.15292667599999998,60,0,0.34692001200000006,6525.0,4,0,2,0,2.0
33971,0,0.0,63,0,0.0,1500.0,2,0,0,0,0.0
33974,0,0.9999998999999999,29,0,862.0,,2,0,1,0,0.0
33978,0,0.9999998999999999,59,0,0.186527737,6813.0,3,0,2,0,0.0
33979,0,0.9999998999999999,49,0,0.0,1831.0,0,1,0,0,0.0
33983,0,0.392443607,47,0,0.28579364,7200.0,16,0,1,0,1.0
33985,0,0.438350733,60,0,0.548490302,5000.0,10,0,1,0,0.0
33987,0,0.095626901,54,0,0.196787926,5167.0,12,0,1,0,0.0
33988,0,0.308138372,31,0,0.058775676,4916.0,3,0,0,0,0.0
33989,0,0.405315615,38,0,0.673469388,2400.0,16,0,0,0,4.0
33992,1,0.935477364,42,0,0.833917309,5707.0,8,0,2,0,3.0
33993,0,0.526862947,73,0,0.099450275,2000.0,2,0,0,0,0.0
33994,0,1.2607361959999999,53,1,566.0,,5,1,0,2,
33995,0,0.046026270999999994,33,0,0.192865106,2690.0,9,0,0,0,0.0
33996,0,0.047626929000000005,46,0,0.288166882,10833.0,13,0,2,0,2.0
33999,0,0.937648893,65,0,0.359557953,7600.0,9,0,1,0,0.0
34000,1,0.252643722,52,0,1374.0,,10,0,1,0,0.0
34001,0,0.004847079000000001,46,0,0.063234941,8333.0,16,0,0,0,2.0
34002,1,0.881839898,41,0,0.525756824,10074.0,7,0,2,0,3.0
34003,0,0.986320547,43,0,0.47653217299999995,8500.0,8,0,1,0,2.0
34004,0,0.00359928,52,0,0.204704818,4420.0,5,0,1,0,1.0
34005,1,0.682317682,41,0,0.238568588,3520.0,4,1,0,0,1.0
34006,0,0.0008997189999999999,45,0,0.22178988300000002,2826.0,5,0,1,0,2.0
34007,1,1.201554692,27,3,0.264273504,2924.0,7,0,0,0,0.0
34008,0,0.069276814,86,0,838.0,,15,0,1,0,0.0
34009,0,0.10824699300000001,70,0,0.038987004,3000.0,5,0,0,0,0.0
34010,0,0.009281813,60,0,2622.0,,7,0,2,0,0.0
34011,0,0.0,44,0,0.607922991,2700.0,2,0,1,0,1.0
34013,0,0.049829912999999997,28,0,0.18539477199999999,3710.0,7,0,0,0,0.0
34014,0,0.022781403999999998,62,0,0.184578744,6717.0,8,0,2,0,1.0
34015,0,0.7527439229999999,28,0,0.285224546,5833.0,7,0,1,0,1.0
34016,0,0.056027764,68,0,57.0,,2,0,0,0,0.0
34017,0,0.177870291,37,0,0.46531585200000003,4194.0,6,0,1,0,2.0
34021,0,0.12581625,62,0,0.343900096,10409.0,18,0,1,0,0.0
34022,0,0.071081885,53,0,0.304169583,10000.0,15,0,2,0,2.0
34023,1,0.49023828,55,1,0.5810035179999999,5400.0,21,0,2,0,1.0
34024,0,0.012754236,58,0,0.006783292,2800.0,7,0,0,0,0.0
34025,0,0.9999998999999999,57,0,0.7175092829999999,3500.0,4,0,1,0,0.0
34027,0,0.743438047,46,0,0.45647735700000003,10775.0,8,0,3,0,2.0
34029,0,0.383583015,63,0,0.326076439,6200.0,6,0,1,0,0.0
34030,0,0.008851524,67,0,0.007822686,2300.0,3,0,0,0,0.0
34031,0,0.06281542700000001,53,0,79.0,,2,0,0,0,0.0
34032,1,1.055014308,36,2,0.305763529,19900.0,12,10,2,3,3.0
34033,1,0.9999998999999999,25,0,78.0,,1,0,0,0,0.0
34034,0,0.33206004699999997,52,3,0.506880334,5740.0,19,0,1,0,1.0
34035,1,0.9999998999999999,31,0,0.0,4000.0,0,1,0,0,1.0
34036,0,0.564604368,66,0,0.43352215899999996,3000.0,9,0,0,0,1.0
34040,0,0.017428052,76,0,0.287639584,2596.0,10,0,1,0,0.0
34041,0,0.458730175,38,0,0.613569668,8518.0,11,0,2,0,2.0
34042,0,0.0,66,0,0.098416813,10800.0,14,0,2,0,1.0
34043,0,0.905570292,36,0,0.259267195,4666.0,8,1,0,0,0.0
34044,0,0.273381775,46,0,0.254883807,10800.0,4,0,1,0,2.0
34046,0,0.117796073,48,0,0.734281271,4500.0,8,0,1,0,3.0
34047,0,0.094661565,70,0,0.026223776,1715.0,6,0,0,0,0.0
34051,0,0.116667538,42,0,0.193883225,10789.0,6,0,1,0,2.0
34052,0,0.008063286,64,0,0.7682463509999999,5000.0,13,0,3,0,1.0
34053,0,0.9999998999999999,62,0,2102.0,,5,0,1,0,0.0
34054,0,0.598404072,40,0,0.182876652,11422.0,8,0,1,0,1.0
34055,0,0.109965095,40,0,0.694615159,6833.0,6,0,2,0,2.0
34056,0,0.06974507,49,0,0.224092255,12833.0,8,0,1,0,2.0
34057,0,0.009926194000000001,46,0,0.213843487,8075.0,10,0,2,0,2.0
34058,0,0.610362237,29,0,0.437512186,5128.0,7,0,0,0,1.0
34059,1,0.9170414790000001,25,0,0.044213764,2600.0,3,0,0,0,0.0
34060,0,0.073450428,67,0,0.042486723,3200.0,4,0,0,0,0.0
34061,0,0.170873317,32,0,0.221722285,8000.0,9,0,1,0,2.0
34062,0,0.085134733,51,0,0.6712024440000001,3600.0,13,0,2,0,3.0
34064,1,1.055948293,37,2,0.18992758399999998,3037.0,7,1,0,0,4.0
34065,0,0.045846940999999995,65,0,0.613374327,1300.0,10,0,0,0,0.0
34067,0,0.0038403590000000002,58,0,1279.0,,5,0,1,0,0.0
34068,0,0.062002285,58,0,0.175494576,4700.0,15,0,0,0,0.0
34069,0,0.215964192,43,2,0.369966367,11000.0,9,0,2,0,4.0
34070,0,0.865280892,49,0,4056.0,,13,0,1,0,3.0
34073,0,0.227638914,61,0,1907.0,,14,0,2,0,1.0
34074,0,0.038992136000000004,56,0,0.20222991199999998,2600.0,7,0,0,0,0.0
34076,0,0.027392697999999997,61,0,0.19265473,14185.0,14,0,2,0,1.0
34079,0,0.9999998999999999,51,0,956.0,,3,0,1,0,0.0
34080,0,0.096900044,45,0,0.464870703,16666.0,15,0,4,0,3.0
34081,0,0.8731448209999999,55,0,0.26102224,5125.0,5,0,0,0,0.0
34082,0,0.062443873,52,0,0.396978778,16350.0,23,0,3,0,4.0
34084,0,0.034335041000000004,59,0,0.7134557290000001,4302.0,8,0,0,0,0.0
34085,0,0.054738225999999994,61,0,0.35026087,5749.0,8,0,1,0,1.0
34086,0,0.002132006,55,0,0.274558968,11166.0,16,0,2,0,2.0
34087,0,0.9628971340000001,43,0,0.323774283,1080.0,4,0,0,0,0.0
34088,0,0.412811866,75,0,0.8335941579999999,3833.0,10,0,2,0,1.0
34091,0,0.296364497,64,0,709.0,,8,0,0,0,0.0
34092,0,0.151459711,50,0,0.46715889899999996,6500.0,25,0,1,0,0.0
34093,0,0.007910935,60,0,0.257909605,7079.0,11,0,3,0,0.0
34096,0,0.098273603,56,0,1067.0,,5,0,1,0,0.0
34097,0,0.6008987060000001,32,5,0.366061504,2698.0,10,0,0,0,0.0
34100,0,0.335172008,35,1,0.554068605,6500.0,16,0,2,0,2.0
34102,0,0.009243117,38,1,0.001454281,5500.0,6,0,0,0,0.0
34103,0,0.054314137,47,0,0.45612927700000006,7920.0,18,0,2,0,3.0
34104,0,0.0061546859999999995,63,0,0.042174042,10100.0,10,0,1,0,3.0
34105,0,0.077728151,43,0,0.679773409,3000.0,6,0,2,0,0.0
34106,0,0.012433493,67,0,0.18222165899999998,7885.0,11,0,1,0,0.0
34107,0,0.21319172600000003,55,0,0.548445362,7750.0,28,0,2,0,2.0
34108,0,0.057929247,45,0,0.271375465,7800.0,8,0,3,0,1.0
34109,0,0.0,63,5,30.32646669,8300.0,16,1,2,1,0.0
34110,0,0.025299368,70,0,1.416763873,6000.0,8,0,1,0,0.0
34111,0,0.43517955,50,0,0.070767428,8534.0,3,0,0,0,1.0
34112,0,0.001441556,47,0,0.138469638,5697.0,13,0,0,0,1.0
34114,0,0.69484189,51,0,0.474747475,4850.0,10,0,1,0,2.0
34115,0,0.005726752,80,0,0.000384468,2600.0,2,0,0,0,0.0
34116,0,0.004302096,45,0,0.17680145,16000.0,10,0,1,0,3.0
34118,0,0.022013993,48,0,478.0,,4,0,0,0,0.0
34120,0,1.0070367759999999,44,0,0.364409861,13750.0,7,0,1,1,2.0
34123,0,0.781230124,68,0,0.732725669,3400.0,11,0,1,0,0.0
34125,0,0.038999606,59,0,3454.0,,10,0,1,0,2.0
34126,0,0.21976634,43,0,1745.0,,6,0,1,0,0.0
34127,0,0.0,63,0,968.0,,4,0,1,0,2.0
34128,0,0.065574061,67,0,0.05497251400000001,2000.0,9,0,0,0,0.0
34129,0,0.645392435,31,0,1.002437835,2050.0,8,0,1,0,0.0
34130,0,0.041774478,76,0,0.520785514,3920.0,12,0,2,0,1.0
34133,0,0.00018518200000000002,57,0,0.4804107,3700.0,18,0,1,0,0.0
34134,0,0.9326134770000001,33,0,0.300291545,2400.0,5,0,0,0,2.0
34135,0,0.9999998999999999,83,0,0.12216532599999999,4100.0,3,0,0,0,0.0
34137,0,0.0,67,0,0.0,,2,0,0,0,0.0
34139,0,0.56127097,34,0,0.119979134,3833.0,4,0,0,0,2.0
34140,0,0.138386383,38,0,0.46308854899999996,5160.0,10,0,2,0,0.0
34142,0,0.100340176,62,0,0.279237901,11756.0,25,0,2,0,0.0
34143,0,0.44032704,29,0,0.282583622,2600.0,8,0,0,0,2.0
34145,0,0.297780148,39,1,0.40438099899999996,8125.0,5,0,1,0,3.0
34146,0,0.210820896,57,0,0.525115207,4339.0,3,0,1,0,0.0
34147,0,0.150653209,72,0,1172.0,,14,0,1,0,0.0
34148,1,0.9999998999999999,39,1,0.445456565,4500.0,7,4,0,0,1.0
34149,0,0.007069439,43,0,0.082602677,6500.0,5,0,0,0,1.0
34151,0,0.060672494,30,0,0.534990003,3500.0,17,0,2,0,0.0
34152,0,0.331944169,58,0,0.094183399,4830.0,18,0,0,0,1.0
34154,0,0.95158648,59,0,6219.0,,6,0,3,0,0.0
34155,0,0.0,44,0,1969.0,,10,0,2,0,0.0
34158,0,0.000249988,56,0,5751.0,,16,0,3,0,0.0
34159,0,0.34312009600000004,44,1,0.311336717,6500.0,10,0,0,0,3.0
34160,0,0.008199836,45,0,0.279148834,25000.0,11,0,5,0,1.0
34164,0,0.053480059,75,0,0.013597281000000001,5000.0,7,0,0,0,2.0
34165,0,0.0,45,0,0.40409576,10400.0,7,0,1,0,2.0
34167,0,0.9999998999999999,66,0,80.0,,2,3,0,0,0.0
34168,0,0.025755595,49,0,0.006392395,6100.0,6,0,0,0,1.0
34169,0,0.9999998999999999,35,0,0.254950971,5200.0,2,0,1,0,2.0
34171,0,0.053125480999999995,89,0,0.18917758199999998,4656.0,5,0,0,0,0.0
34174,0,0.069007231,49,0,0.703629637,10000.0,9,0,3,0,2.0
34175,0,0.187258008,63,0,0.107597421,17834.0,5,0,0,0,1.0
34176,0,0.9999998999999999,36,1,0.131467133,4000.0,3,0,0,0,2.0
34180,0,0.340937595,44,0,301.0,,5,0,0,0,0.0
34183,0,0.446729506,30,0,0.7055393590000001,2400.0,2,0,1,0,0.0
34184,0,0.37461095299999997,40,0,2186.0,,2,0,1,0,0.0
34185,0,0.0,70,0,1039.0,,7,0,1,0,0.0
34186,0,0.312610708,54,0,0.23991448899999998,14500.0,10,0,2,0,0.0
34188,0,0.035643388,80,0,0.14769394800000002,3750.0,7,0,1,0,1.0
34189,0,0.032843434,63,0,1238.0,,12,0,1,0,0.0
34190,0,0.15116976599999998,26,0,22.0,,2,0,0,0,0.0
34192,0,0.03355333,61,0,0.21519803899999998,7750.0,12,0,1,0,0.0
34193,0,0.051938748,57,0,0.44694413200000005,8000.0,6,0,1,0,2.0
34194,0,0.059409269,51,0,0.275128523,5640.0,6,0,2,0,4.0
34195,0,0.772255965,51,0,0.373645578,2860.0,6,0,1,0,2.0
34196,0,0.823026275,51,0,0.24075837600000002,11550.0,11,0,1,0,0.0
34198,0,0.727561857,29,0,0.087654589,4608.0,5,1,0,0,0.0
34199,1,1.2069370959999999,55,0,1120.0,,7,0,0,2,0.0
34200,0,0.014689353,37,0,2417.0,,7,0,1,0,0.0
34201,0,0.080985587,44,0,8538.0,,10,0,3,0,0.0
34204,0,0.082413011,41,0,0.38324934,12500.0,12,0,2,0,2.0
34205,0,0.003253475,44,0,0.6664485170000001,4583.0,10,0,3,0,1.0
34206,0,0.081289221,53,0,0.385561444,10000.0,11,0,2,0,1.0
34209,1,0.9999998999999999,30,0,0.0,2700.0,0,0,0,0,0.0
34210,0,0.280387652,80,0,0.152387809,4166.0,11,0,0,0,0.0
34213,1,0.827930175,38,0,0.737408689,2600.0,4,0,2,1,0.0
34214,0,0.09406097199999999,46,0,1.685657171,2000.0,15,0,1,0,0.0
34215,0,0.034620135,73,0,1235.0,,6,0,1,0,0.0
34216,0,0.8735358540000001,41,0,0.21967035899999998,3700.0,4,0,0,0,0.0
34217,0,0.0164068,37,1,3036.0,0.0,5,0,2,0,0.0
34218,0,0.730226977,47,0,0.24184225199999998,5362.0,3,0,0,0,2.0
34219,0,0.8433359309999999,64,2,0.7600922720000001,2600.0,12,0,1,0,1.0
34221,0,0.000624984,64,0,0.0,4100.0,1,0,0,0,0.0
34223,0,0.0,34,2,0.17289337300000002,3666.0,4,0,0,0,0.0
34224,0,0.23245549699999998,60,1,0.524820078,5418.0,16,0,2,0,0.0
34226,0,0.0039992,66,0,0.078312605,27900.0,10,0,1,0,0.0
34227,0,0.403832216,64,0,1603.0,,26,0,0,0,1.0
34228,0,0.043332088,73,0,1045.0,,7,0,1,0,0.0
34229,0,0.0,32,0,0.0,1576.0,2,0,0,0,0.0
34230,1,0.9999998999999999,49,3,2953.0,,6,2,2,5,
34231,0,0.0030669309999999997,78,0,909.0,,5,0,1,0,0.0
34232,0,0.594410447,51,0,0.648667725,5666.0,14,0,1,0,1.0
34233,0,0.031262389,58,0,0.24615031,4350.0,8,0,2,0,0.0
34234,0,0.15165672800000002,62,0,0.425208154,3482.0,7,0,1,0,0.0
34235,0,0.08976425,55,0,3169.0,,9,0,1,0,0.0
34236,1,0.9999998999999999,37,1,0.171622327,3833.0,6,0,0,1,2.0
34237,0,0.7713126859999999,36,0,0.21079784,8334.0,5,0,0,0,3.0
34239,0,0.724054636,56,0,0.28087718100000003,14500.0,17,0,1,0,5.0
34241,1,0.9999998999999999,50,1,0.964087375,2700.0,2,1,1,1,5.0
34243,0,0.507714401,55,0,0.24597240399999998,12972.0,9,0,1,0,0.0
34244,1,0.06579342099999999,69,0,0.551149617,3000.0,12,3,1,0,0.0
34245,0,0.158841063,55,1,0.296126614,2400.0,5,0,0,0,3.0
34247,0,0.031640131,73,0,0.006761261,10500.0,15,0,0,0,0.0
34248,0,0.280583559,51,1,0.477087152,6000.0,14,0,1,0,0.0
34250,0,0.02459464,72,2,0.0049479829999999995,7881.0,9,0,0,0,0.0
34252,0,0.0223315,87,0,26.0,,8,0,0,0,0.0
34253,0,0.30049236100000004,39,0,1747.0,,10,0,2,0,4.0
34255,0,0.0,53,0,0.486071827,11666.0,7,0,3,0,0.0
34256,0,0.199963643,33,0,0.185583899,4272.0,4,0,0,0,0.0
34257,0,0.38903219,68,0,1956.0,,8,0,1,0,0.0
34258,0,0.036566057,81,0,0.009998462,6500.0,2,0,0,0,0.0
34259,0,0.619032765,49,0,0.487367385,9142.0,16,0,2,0,0.0
34260,0,0.022458312999999997,68,0,2400.0,,19,0,4,0,0.0
34261,0,0.00015382200000000002,33,0,0.324120122,10455.0,7,0,3,0,2.0
34262,0,0.5948484039999999,63,0,1232.0,0.0,4,0,0,0,0.0
34263,0,0.0,38,0,0.692087975,3500.0,6,0,1,0,2.0
34264,0,0.026139477,61,0,38.0,,4,0,0,0,0.0
34265,0,0.023649704,59,0,0.16806907100000001,13666.0,9,0,2,0,0.0
34266,0,0.027404097999999998,44,1,0.29701752600000003,9756.0,14,0,1,0,0.0
34268,0,1.028387448,54,2,2577.0,,7,1,1,0,1.0
34269,1,0.75756061,40,3,0.524241933,6166.0,8,2,2,2,1.0
34270,0,0.037291707,67,1,0.398449082,8768.0,12,0,2,0,1.0
34274,0,0.253596377,74,0,0.458370866,7770.0,17,0,1,0,0.0
34277,0,0.13988229,60,0,0.144244565,9060.0,11,0,1,0,0.0
34278,0,0.003174099,26,0,0.0,2500.0,1,0,0,0,0.0
34280,0,0.164609267,41,1,0.320824979,3490.0,27,0,0,0,3.0
34281,0,0.0,39,0,0.185339442,2400.0,6,0,0,0,0.0
34282,0,0.11828302800000001,63,0,0.056146648,7800.0,8,0,0,0,1.0
34283,1,0.9999998999999999,22,0,0.234853217,1600.0,1,0,0,0,0.0
34284,0,0.013560866999999999,89,0,0.0031699590000000004,4100.0,16,0,0,0,0.0
34285,0,0.061933895,74,0,1.084050633,3949.0,14,0,2,0,0.0
34288,0,1.009685628,52,4,0.6434070829999999,12338.0,17,0,2,1,1.0
34289,1,0.163346614,39,0,0.21779703399999997,6000.0,4,0,0,0,3.0
34290,0,0.299472243,57,0,0.716380603,6000.0,11,0,2,0,0.0
34291,0,0.040139197,54,0,1597.0,,10,0,1,0,0.0
34292,0,0.8347961340000001,36,0,0.472421263,6000.0,3,0,1,0,2.0
34293,0,0.040284935,47,0,0.49313162899999996,5750.0,13,0,2,0,0.0
34298,0,0.19535233899999999,61,0,0.632301863,6333.0,10,0,2,0,1.0
34299,0,0.617621037,61,1,0.39316951299999997,4801.0,11,0,1,0,0.0
34300,0,0.00851503,58,0,0.179863269,8044.0,6,0,1,0,1.0
34301,0,0.416514034,43,0,0.49927515200000006,3448.0,9,0,1,0,0.0
34302,0,0.001257557,68,0,1622.0,,8,0,1,0,0.0
34303,0,0.0,67,0,0.331605258,5400.0,22,0,2,0,0.0
34304,0,0.9999998999999999,27,0,0.0,1000.0,0,0,0,0,1.0
34305,0,0.00347431,68,0,0.151773467,10205.0,10,0,1,0,0.0
34306,0,0.19345163699999998,49,0,1723.0,,2,0,1,0,0.0
34307,0,0.0,51,0,0.0,,4,0,0,0,0.0
34308,0,0.052703757999999996,74,0,0.24985983899999997,5350.0,11,0,1,0,0.0
34309,0,0.05537093,59,0,0.437051694,4042.0,11,0,2,0,0.0
34310,0,0.43655361,56,0,1424.0,,11,0,1,0,1.0
34312,0,0.053035399000000004,70,0,0.214691098,6166.0,5,0,1,0,0.0
34314,0,0.382247636,53,1,0.340978171,10856.0,15,0,2,0,2.0
34316,0,0.019770786999999998,74,0,0.057054525,3557.0,9,0,1,0,0.0
34318,0,0.005032096,89,0,4.0,0.0,8,0,0,0,0.0
34319,0,0.015928003,81,0,0.00359928,3333.0,7,0,0,0,0.0
34320,0,0.197565369,70,0,356.0,,4,0,0,0,0.0
34321,0,0.015761154,67,0,0.39268200700000006,2650.0,9,0,0,0,0.0
34323,0,0.121832427,74,0,0.018999519,8315.0,5,0,0,0,1.0
34324,0,0.010160937,54,0,21.0,0.0,13,0,0,0,0.0
34326,0,0.09425957800000001,39,0,2.232767233,1000.0,18,0,0,0,0.0
34328,0,0.419810578,36,0,0.23563841300000002,4612.0,10,0,0,0,1.0
34329,0,0.315022517,44,1,0.4552766,9200.0,11,0,2,0,0.0
34330,0,0.0,58,0,802.0,,4,0,0,0,0.0
34331,0,0.9999998999999999,37,0,1325.0,,2,0,1,0,0.0
34332,0,0.0048867,50,0,0.069770026,9000.0,4,0,0,0,1.0
34334,0,0.22137175399999998,66,0,3659.0,,8,0,3,0,0.0
34335,0,0.043388534000000006,57,0,0.42843021,5057.0,15,0,2,0,0.0
34336,0,0.046231792,75,0,0.101313321,532.0,2,0,0,0,0.0
34337,0,0.072297111,41,0,0.301641313,4995.0,7,0,1,0,2.0
34338,0,0.0,56,0,0.220524429,5300.0,8,0,1,0,2.0
34339,0,0.285207895,70,0,0.48691561299999997,3400.0,10,0,1,0,1.0
34340,0,0.47621374200000005,63,0,0.9941961690000001,3445.0,11,0,1,1,0.0
34341,0,0.036741887,34,0,0.13243762,4167.0,9,0,0,0,0.0
34342,0,0.377734261,41,0,0.13474610199999998,2500.0,6,0,0,0,0.0
34343,0,1.001817851,32,0,0.090410959,1824.0,2,0,0,0,0.0
34344,1,1.44795539,27,1,954.0,,4,3,0,1,0.0
34346,0,0.9999998999999999,58,0,3561.0,,3,0,1,0,0.0
34347,1,0.9999998999999999,46,0,0.022913257000000003,610.0,0,0,0,0,1.0
34349,0,0.940513343,41,2,0.37241422399999996,16000.0,8,0,1,2,4.0
34351,0,0.834089685,47,0,0.453791758,4100.0,10,0,3,0,2.0
34353,0,0.642473301,60,0,0.215446138,4000.0,5,0,0,0,1.0
34354,0,0.002499375,76,1,1621.0,,2,0,1,0,0.0
34355,0,0.22781297,76,0,0.778296227,7500.0,17,0,3,0,0.0
34357,0,0.548006264,21,0,136.0,,1,0,0,0,0.0
34359,0,0.002650805,35,2,1.257097161,2500.0,9,0,2,0,0.0
34360,1,0.103185358,61,0,0.49391841299999995,10687.0,22,1,2,0,1.0
34363,0,0.9999998999999999,66,0,0.177345812,12500.0,6,0,1,0,2.0
34365,1,0.28992259,43,0,0.12815338,5945.0,13,0,0,0,5.0
34366,0,0.002719927,76,0,0.061517950999999994,10500.0,7,0,1,0,0.0
34367,0,0.21926931,54,0,0.605831853,6755.0,6,0,4,0,2.0
34368,0,0.9999998999999999,46,0,0.002525253,3563.0,0,1,0,0,0.0
34369,0,0.061379445,47,0,0.5231043710000001,5604.0,9,0,2,0,1.0
34370,0,0.006461439,92,1,0.008142116999999999,1350.0,6,0,0,0,0.0
34371,0,0.0,55,0,0.52948642,11818.0,13,0,5,0,2.0
34372,0,0.10565788699999999,50,0,0.293395022,6267.0,4,0,2,0,0.0
34373,0,0.9999998999999999,69,1,0.381153157,9486.0,2,0,2,1,4.0
34374,0,0.100855641,46,0,863.0,1.0,6,0,1,0,3.0
34375,0,0.107196228,69,0,0.23568367699999998,7700.0,11,0,0,0,0.0
34377,0,0.9999998999999999,57,0,0.18452667,2080.0,1,0,0,0,2.0
34378,0,0.352664734,39,0,0.164527027,5919.0,5,0,1,0,4.0
34379,0,0.527817404,57,0,0.012139605,1317.0,3,0,0,0,0.0
34380,0,1.080983803,40,1,0.376108503,3833.0,5,0,0,0,1.0
34381,0,0.207189641,50,0,0.6302521010000001,3212.0,6,0,1,0,1.0
34383,0,0.020939945,67,0,732.0,,4,0,2,0,0.0
34384,0,0.050031665999999995,85,0,44.0,,2,0,0,0,0.0
34386,0,0.173882135,55,0,0.404384536,6750.0,8,0,3,0,1.0
34387,0,0.9999998999999999,29,98,0.0,1600.0,0,98,0,98,0.0
34389,0,0.073643922,54,0,0.293336533,12500.0,13,0,1,0,2.0
34390,0,0.46627190700000004,36,1,0.117910567,12500.0,5,1,0,0,1.0
34391,0,0.002833215,65,0,2618.0,,9,0,2,0,0.0
34392,0,0.161374402,41,0,0.366572674,3900.0,8,0,2,1,2.0
34393,1,0.9999998999999999,50,0,18.0,,0,1,0,0,0.0
34395,0,0.967147457,61,1,0.406486374,9650.0,10,1,1,4,0.0
34396,0,0.0,24,0,0.301349325,2000.0,2,0,1,0,0.0
34397,1,0.7896014859999999,61,2,4089.0,,5,2,1,0,0.0
34398,0,0.39242722,69,0,0.113362039,14166.0,30,0,0,0,1.0
34399,0,0.001580414,39,1,0.138588913,8333.0,8,0,1,0,0.0
34400,0,0.0,64,0,0.03310431,1600.0,2,0,0,0,1.0
34401,0,0.028886527999999998,41,0,0.38024357200000003,4433.0,16,0,2,0,2.0
34402,0,0.09391223800000001,64,1,794.0,1.0,8,0,1,0,0.0
34404,0,0.483243243,51,1,0.793470711,4318.0,19,0,3,0,0.0
34407,0,0.4545035,41,0,0.46387251700000004,4580.0,8,0,1,0,0.0
34408,0,0.337070716,29,0,0.214261913,3000.0,7,0,0,0,0.0
34409,1,1.04636291,70,1,0.026858214,1600.0,5,1,0,0,0.0
34410,0,0.229448971,60,0,0.357169322,8096.0,15,0,1,0,1.0
34411,0,0.114608406,33,0,0.23465067,2833.0,5,0,0,0,0.0
34412,0,0.9999998999999999,33,0,0.8309398290000001,5500.0,12,0,2,0,1.0
34413,0,0.030773118999999998,79,0,0.004535147,10142.0,2,0,0,0,0.0
34414,0,0.012829513999999998,37,0,0.189740513,6666.0,13,0,1,0,2.0
34415,0,0.771564767,49,0,0.424660795,4200.0,12,0,1,0,0.0
34417,0,0.0042174,43,0,0.758589347,5500.0,5,0,2,0,0.0
34418,0,0.47939505,32,0,0.25288651100000004,3550.0,4,0,0,0,4.0
34419,0,0.053433157,88,0,32.0,,3,0,0,0,
34421,0,0.124446598,42,1,0.407656375,8776.0,8,0,1,0,0.0
34422,0,0.45924453299999995,50,4,0.554963035,8250.0,16,1,1,0,3.0
34423,0,0.8222273109999999,59,2,4588.0,,11,0,1,0,0.0
34424,0,0.028911786000000002,69,0,0.290335203,7666.0,8,0,1,0,0.0
34427,0,0.336656657,38,0,0.336523354,7000.0,9,0,1,0,0.0
34428,0,0.17579121,45,0,0.580225499,5764.0,4,0,2,0,3.0
34429,0,0.0,66,0,0.509076559,3800.0,4,0,1,0,0.0
34430,0,0.040619839,73,1,0.41572615700000004,8062.0,18,0,1,0,0.0
34432,0,0.242757243,34,0,10.0,,2,0,0,0,
34435,0,0.098446834,73,0,0.235704324,2150.0,10,0,2,0,0.0
34436,0,0.180457393,73,1,459.0,,3,1,0,0,0.0
34439,0,0.9999998999999999,50,0,134.0,,2,0,0,0,0.0
34441,0,0.05454485,60,0,0.324312134,8867.0,22,0,1,0,0.0
34443,0,0.9999998999999999,28,0,0.160160525,2740.0,1,2,0,0,0.0
34446,0,0.7692307690000001,28,0,0.500646114,5416.0,6,0,1,0,0.0
34448,0,0.015023901999999999,67,0,0.00465616,2791.0,5,0,0,0,0.0
34449,0,0.0,26,0,2.5,1.0,2,0,0,0,0.0
34450,0,0.736452709,43,0,0.330460265,5800.0,9,0,2,0,0.0
34452,1,0.9999998999999999,33,0,0.0019995,4000.0,0,0,0,0,0.0
34453,0,0.19209946100000003,55,0,0.20369488600000002,10500.0,16,0,2,0,0.0
34454,0,0.8861112729999999,45,1,0.430775316,7583.0,13,3,2,0,3.0
34457,0,0.9999998999999999,25,0,0.0024691360000000002,2834.0,1,0,0,0,0.0
34459,0,0.047747613,70,0,0.003624595,7724.0,1,0,0,0,2.0
34460,0,0.245528275,81,0,0.15133438,3184.0,3,0,0,0,0.0
34461,0,0.36967223299999996,46,1,0.44217513399999997,3916.0,10,0,1,0,2.0
34462,0,0.0,33,0,397.0,,4,0,0,0,0.0
34464,1,1.103585657,40,0,3654.0,,7,0,2,0,0.0
34465,0,0.9999998999999999,86,0,51.0,,0,0,0,0,0.0
34466,0,0.002374941,83,0,0.027243188999999998,4000.0,6,0,0,0,0.0
34467,0,0.038268665,41,0,0.212280477,7800.0,13,0,1,0,0.0
34468,0,0.10154021699999999,56,0,0.38812486399999996,4580.0,10,0,1,0,0.0
34470,0,0.0,41,0,0.989526303,4200.0,8,0,2,0,2.0
34471,0,0.001417597,79,0,9.520000000000001e-05,10500.0,6,0,0,0,0.0
34472,0,0.0,47,0,0.16619169,20000.0,23,0,1,0,3.0
34473,0,0.0,71,1,0.08507624400000001,12000.0,11,0,2,0,2.0
34474,0,0.4815005,37,0,0.134356523,23846.0,14,0,2,1,1.0
34475,0,0.0,48,0,0.244309959,7600.0,14,0,1,0,1.0
34477,0,0.25417855,36,0,0.41050976899999997,4452.0,5,0,1,0,2.0
34478,0,0.295062373,79,0,0.06760418,7750.0,5,0,0,0,0.0
34480,0,0.157861484,42,0,0.7064630279999999,5368.0,8,0,2,0,0.0
34482,0,0.126730517,36,1,0.33153347699999997,8333.0,11,0,2,0,0.0
34484,0,0.9999998999999999,57,0,117.0,,0,0,0,0,0.0
34485,0,0.9999998999999999,45,0,0.550907978,4900.0,4,3,2,1,0.0
34486,0,0.024891542000000003,61,1,0.236332944,7700.0,4,0,1,0,1.0
34487,0,0.215326022,54,0,0.310798607,7750.0,16,0,1,0,0.0
34489,0,0.006331223,61,0,0.24678522600000002,3654.0,3,0,2,0,0.0
34490,0,0.010126103000000001,91,0,14.0,,10,0,0,0,0.0
34491,0,0.9840319359999999,28,0,0.211697076,4000.0,3,1,0,0,0.0
34493,0,0.0,22,0,0.0,898.0,2,0,0,0,0.0
34494,0,0.37360921700000005,46,0,7145.0,0.0,11,0,2,0,2.0
34495,0,7809.0,40,0,0.294559099,2131.0,21,0,0,0,0.0
34496,0,0.018939035,75,0,339.0,,9,0,1,0,0.0
34497,0,0.901643726,41,0,2521.0,,7,0,2,0,0.0
34499,0,0.021530722999999998,63,0,0.761323868,10000.0,16,0,3,0,0.0
34500,0,0.34633562,56,1,2948.0,,14,0,1,0,1.0
34502,0,0.034843657,66,0,0.311952415,12440.0,9,0,1,0,0.0
34504,0,0.79194276,44,4,0.59757827,9166.0,13,0,1,2,1.0
34505,0,0.020121995,59,0,0.002279909,25000.0,8,0,0,0,0.0
34506,0,0.0,29,0,0.0,2125.0,2,0,0,0,0.0
34509,0,0.38135848299999997,51,1,1705.0,,6,0,1,0,2.0
34510,1,0.9999998999999999,29,98,0.009314141,1180.0,0,98,0,98,1.0
34511,0,0.9664134959999999,66,8,0.672762104,5741.0,10,1,1,0,0.0
34514,1,0.862018398,30,1,0.46233601399999996,4725.0,6,0,2,1,0.0
34516,0,0.15716914199999998,64,0,0.25193661100000003,19750.0,9,0,1,0,1.0
34517,0,0.029576755,45,0,0.41072015799999995,3040.0,10,0,2,0,2.0
34518,0,0.004623159,22,0,0.003322259,300.0,3,0,0,0,0.0
34520,0,0.263210245,35,0,0.292145349,11750.0,6,0,2,0,0.0
34521,0,0.415024279,70,0,450.0,,3,1,0,0,0.0
34523,0,0.9143630159999999,50,1,0.316442606,2900.0,8,1,0,1,2.0
34525,0,0.017537787,42,0,0.169536985,14167.0,6,0,1,0,2.0
34526,0,0.009315544,83,0,0.0029400240000000003,5101.0,7,0,0,0,0.0
34528,0,0.268670708,57,0,13796.0,,7,0,4,0,0.0
34530,0,0.9999998999999999,42,0,0.0,,0,1,0,0,0.0
34533,1,0.069844306,44,1,0.47593135200000003,21500.0,20,1,3,0,2.0
34534,0,0.6804066440000001,36,0,0.32989003699999997,3000.0,4,0,1,0,1.0
34537,0,0.017687772,61,1,0.309869931,1306.0,5,0,0,0,0.0
34538,0,0.023269316,74,0,443.0,,12,0,1,0,
34539,0,0.19398377100000003,50,2,0.069576421,6208.0,12,0,0,0,0.0
34540,0,0.146681151,66,0,0.13196480900000002,5796.0,8,0,1,0,1.0
34541,1,0.530087303,51,0,0.55244501,5500.0,9,0,1,0,0.0
34542,0,0.892625615,66,0,0.634478787,10417.0,11,0,2,0,0.0
34543,1,1.19276535,28,4,0.133216477,1140.0,8,2,0,2,0.0
34544,0,0.710934187,36,0,1.680216802,3320.0,14,0,1,0,0.0
34546,0,0.407097272,63,0,0.48862784299999995,4000.0,9,1,2,0,1.0
34548,0,0.11196455599999999,46,0,0.247000185,10833.0,14,0,1,0,0.0
34550,0,0.023533789,26,0,0.11282377199999999,6292.0,7,0,0,0,0.0
34553,0,0.05629303,53,0,1.077169132,2500.0,19,0,1,0,0.0
34554,0,0.275606489,63,1,3496.0,,12,0,2,0,3.0
34555,0,0.176768958,65,0,1.0487730990000002,3300.0,12,0,3,0,0.0
34556,0,0.055342894000000004,65,0,2047.0,,19,0,1,0,3.0
34557,0,0.0,26,0,0.706455542,820.0,4,0,0,0,0.0
34558,0,0.041658982000000004,70,0,110.0,,10,0,0,0,0.0
34559,0,0.9999998999999999,46,0,1.565773691,2500.0,3,0,1,0,3.0
34560,0,0.9999998999999999,21,0,162.0,,0,0,0,0,
34561,0,0.018990505,24,0,0.001218027,820.0,2,0,0,0,0.0
34563,0,0.301257727,63,0,1.5345501959999999,2300.0,5,0,1,0,0.0
34564,0,0.019419612,72,0,0.101755166,4500.0,3,0,1,0,0.0
34565,0,0.019232539,75,0,0.009239298,3246.0,4,0,0,0,0.0
34566,0,0.522702022,33,0,0.46273343200000006,6050.0,8,0,2,0,0.0
34567,0,0.13434539199999998,49,1,0.571913076,7960.0,15,0,2,0,1.0
34568,0,0.155884137,72,0,207.0,,5,0,0,0,0.0
34571,0,0.0,43,0,0.50275679,4896.0,12,0,2,0,2.0
34572,0,0.009327425,81,0,16.0,,5,0,0,0,0.0
34573,0,0.07586912,56,0,0.138225131,13600.0,15,0,1,0,0.0
34577,0,0.212761057,54,0,0.99661609,9160.0,18,0,3,0,2.0
34579,0,0.252659729,28,0,0.07526178,4583.0,9,0,0,0,0.0
34580,1,0.654636313,46,1,0.005637886999999999,6207.0,2,1,0,0,2.0
34582,0,0.221038948,62,0,0.35351331700000005,11000.0,4,0,3,0,1.0
34583,0,0.030093984,58,0,0.296159527,8123.0,4,0,1,0,0.0
34586,0,0.977270636,49,0,0.198832943,34616.0,17,0,3,0,2.0
34587,0,0.9999998999999999,64,0,0.1423624,8084.0,0,0,0,0,2.0
34591,0,0.287118997,67,0,1.077793494,2120.0,10,0,1,0,0.0
34592,0,0.306075365,24,0,0.013994402,2500.0,6,0,0,0,1.0
34593,0,0.37314954100000003,73,0,0.385122975,5000.0,14,0,0,0,0.0
34594,0,0.0,58,0,0.012724381000000002,4400.0,9,0,0,0,1.0
34595,0,0.49592126700000005,44,1,1.342266102,2126.0,5,0,2,0,2.0
34596,0,0.30011411600000004,74,0,764.0,,8,0,0,0,0.0
34597,0,0.105222675,27,0,41.0,0.0,3,0,0,0,0.0
34599,0,0.000266663,53,0,0.39645719100000004,4741.0,8,0,2,0,2.0
34602,0,0.108730917,42,0,0.8164396209999999,4330.0,14,0,1,0,2.0
34603,0,0.010570026000000001,55,0,0.144714117,11000.0,14,0,1,0,3.0
34605,0,0.009730395,87,0,1178.0,,9,0,1,0,0.0
34606,0,0.8047836620000001,66,3,0.432837785,7600.0,11,0,1,0,0.0
34607,0,0.039498481,57,0,0.286897048,8333.0,7,0,2,0,0.0
34608,0,0.20215448800000002,47,1,0.463845655,6167.0,9,0,1,0,2.0
34611,0,0.096899659,64,0,0.32038280199999997,7000.0,33,0,1,0,0.0
34614,0,0.0,61,0,0.459247,4833.0,10,0,1,0,0.0
34615,0,0.338283689,50,2,0.20987289399999998,3382.0,8,0,1,1,3.0
34616,0,0.28689336,61,0,0.254090294,16257.0,19,0,1,0,0.0
34617,0,0.132949849,54,0,0.263736813,20000.0,8,0,1,0,0.0
34618,0,0.7595608340000001,36,0,0.258393853,9500.0,5,0,1,0,2.0
34620,0,0.47017942,39,0,850.0,,5,0,0,0,0.0
34621,0,0.021783195,53,0,0.009998571999999999,7000.0,7,0,0,0,0.0
34622,0,0.0,71,0,0.747846065,1740.0,8,0,1,0,0.0
34623,0,0.190681436,63,0,152.0,,6,0,0,0,0.0
34625,0,0.106255171,62,0,0.38773061299999995,6666.0,9,0,1,0,0.0
34626,0,0.571685663,54,0,0.012939653999999998,8500.0,2,0,0,0,1.0
34629,0,0.007812011999999999,25,0,0.104579084,5000.0,3,0,0,0,0.0
34631,1,0.9999998999999999,52,1,36.0,,5,0,0,0,
34632,0,0.073022836,48,0,2896.0,,7,0,2,0,
34634,0,0.0,45,1,1290.0,,9,0,0,1,4.0
34636,0,0.156829475,55,1,0.070794336,4166.0,5,0,0,0,0.0
34637,0,0.35885649799999997,40,0,2861.0,,6,0,2,0,0.0
34639,0,0.25689483,51,5,0.33616392799999995,5416.0,10,0,1,0,3.0
34640,0,0.0019229289999999999,80,1,0.0,,4,0,0,0,0.0
34642,0,0.047932879000000005,63,0,0.267287132,13000.0,15,0,2,0,2.0
34643,0,0.015662956000000002,51,0,36.0,,11,0,0,0,0.0
34644,0,0.079826976,61,0,2714.0,,3,0,1,0,0.0
34645,0,0.002839651,73,0,0.001666111,3000.0,6,0,0,0,0.0
34646,0,0.53342028,49,0,0.538858658,7166.0,8,1,3,0,0.0
34647,0,0.9805570990000001,43,0,3066.0,,6,0,1,0,0.0
34648,0,0.9999998999999999,65,0,0.6022211,1980.0,5,1,1,0,0.0
34649,0,0.272664878,39,0,0.223102833,5046.0,10,0,1,0,0.0
34650,0,0.095532126,65,0,0.451637091,4000.0,10,0,1,0,0.0
34652,0,0.142934764,67,0,0.905455584,3500.0,12,0,1,0,0.0
34654,0,0.006949539,72,0,1.3735552469999999,2162.0,9,0,2,0,1.0
34655,0,0.21037283899999998,30,1,0.14766015400000002,2200.0,7,0,0,0,0.0
34656,1,0.594405594,39,1,0.537291042,4665.0,6,0,1,0,4.0
34657,0,0.30292426899999997,26,0,0.008924145,4033.0,2,0,0,0,0.0
34658,0,0.511395442,27,0,40.0,,2,0,0,0,
34659,0,0.483450351,34,0,0.41977077399999996,5583.0,12,0,2,0,1.0
34660,0,0.056226424000000004,74,0,2522.0,,5,0,2,0,0.0
34661,0,0.00377108,62,0,0.726078363,8600.0,19,0,3,0,1.0
34662,0,0.5053389229999999,31,0,0.34779946899999997,14700.0,13,0,2,0,1.0
34663,0,0.0,70,2,0.536057692,9983.0,16,0,4,0,0.0
34664,1,0.028968819,59,1,0.418292083,6100.0,8,0,2,1,0.0
34666,0,0.027329689,35,0,0.0014752889999999999,4066.0,1,0,0,0,0.0
34667,0,0.033296458,51,0,3267.0,,4,0,1,0,
34668,0,0.723704157,56,0,0.666241225,4700.0,10,0,2,0,1.0
34670,0,0.0,48,0,0.208279763,11666.0,8,0,1,0,3.0
34672,0,0.05546712400000001,73,0,0.283087127,3316.0,12,0,0,0,0.0
34675,0,0.569286143,26,0,0.322451402,6738.0,5,0,3,0,0.0
34676,0,0.9310414020000001,46,3,1656.0,,11,1,1,0,1.0
34677,0,0.00034577699999999997,61,0,0.041900771,10500.0,10,0,0,0,0.0
34679,0,0.16139209699999998,57,0,4593.0,,20,0,2,0,0.0
34680,0,0.181280832,31,0,0.098906958,3750.0,8,0,0,0,0.0
34682,0,0.7668173079999999,66,0,0.346895075,1400.0,4,0,0,0,0.0
34684,0,0.00244442,87,0,0.006480881,3085.0,9,0,0,0,0.0
34685,0,0.20486117399999998,66,0,0.133682999,7816.0,11,0,1,0,1.0
34686,0,0.134108742,41,0,0.432840795,9000.0,12,0,2,0,2.0
34687,0,0.302380624,60,0,0.45272766799999997,4600.0,7,0,1,0,1.0
34688,0,0.9999998999999999,21,0,0.0,1200.0,0,0,0,0,0.0
34690,0,0.007099645,50,0,2835.0,,14,0,1,0,0.0
34691,0,0.236414331,53,0,0.33236949,12795.0,12,0,2,0,4.0
34692,0,0.12998147599999998,65,0,0.415729034,8620.0,13,0,2,0,0.0
34696,0,0.006759585,81,0,12.0,,6,0,0,0,
34698,0,0.86277368,46,1,0.207575758,8579.0,9,0,0,0,3.0
34699,1,0.701880732,44,1,0.474180416,4666.0,8,1,1,0,2.0
34700,0,0.12087912099999999,22,0,3.0,,1,0,0,0,
34701,0,0.149129585,55,0,0.18177807199999998,9065.0,13,0,1,0,2.0
34702,0,0.9999998999999999,58,0,8010.0,,9,0,4,0,0.0
34703,0,0.024233704,62,0,1710.0,,6,0,1,0,0.0
34704,0,0.003710834,70,0,2698.0,,10,0,1,0,0.0
34705,0,0.131759095,90,0,791.0,,2,0,1,0,0.0
34706,0,0.348536115,68,0,0.221955609,5000.0,14,0,1,0,0.0
34707,0,0.170192625,58,2,0.389317181,5447.0,12,0,1,0,0.0
34708,0,0.189664358,63,0,0.136840291,34806.0,18,0,2,0,1.0
34709,0,0.9999998999999999,41,0,0.01142606,4550.0,3,0,0,0,2.0
34710,0,0.00249987,60,0,0.384202882,8950.0,9,0,2,0,0.0
34713,0,0.689464458,45,0,1221.0,,7,0,1,0,0.0
34714,0,0.567542943,64,0,0.297160379,7500.0,7,0,1,0,0.0
34715,0,0.5862466829999999,55,2,1.007389698,4600.0,13,0,2,0,1.0
34717,0,0.060243643,68,0,0.5250518829999999,3372.0,8,0,1,0,0.0
34718,0,0.167393689,37,0,0.25276049,4980.0,7,0,1,0,0.0
34719,0,0.9999998999999999,48,0,0.466680951,4666.0,4,0,1,0,1.0
34720,0,0.390221489,61,0,5553.0,,24,0,4,0,3.0
34722,0,0.9999998999999999,35,1,0.124507725,3300.0,2,0,0,1,0.0
34723,0,0.066547762,49,0,0.05700976,9015.0,4,0,0,0,1.0
34724,0,0.017317133000000002,66,0,0.013463167,11809.0,11,0,1,0,0.0
34725,0,0.139343033,64,0,0.025243689,4000.0,5,0,0,0,0.0
34726,0,0.331385541,52,0,0.31995765,9444.0,8,0,2,0,2.0
34727,0,0.01793791,49,0,0.239500429,8166.0,7,0,1,0,1.0
34728,0,0.007229124,58,0,0.466259372,3600.0,6,0,1,0,2.0
34729,0,0.032165093,41,0,0.308326463,8490.0,8,0,1,0,0.0
34730,0,0.9999998999999999,65,0,0.185727356,1092.0,5,0,0,0,0.0
34731,0,0.581041896,39,0,0.559720691,2720.0,6,0,1,0,1.0
34734,0,0.023276302000000002,58,0,0.345491576,5400.0,13,0,2,0,1.0
34735,0,0.006624404,82,0,0.296360485,7500.0,19,0,3,0,0.0
34740,0,0.057900295,54,0,0.5677142860000001,3499.0,16,0,2,0,0.0
34744,0,0.139880839,50,0,0.040355424,2700.0,13,0,0,0,3.0
34745,0,0.0,76,0,898.0,,10,0,1,0,0.0
34746,0,0.08101180200000001,73,0,1978.0,,3,0,0,0,0.0
34747,0,0.8871274570000001,50,0,1.0837533000000001,4166.0,9,0,2,0,0.0
34748,0,0.0,62,0,0.0,9606.0,10,0,0,0,0.0
34749,0,0.006790381999999999,47,0,0.17895272,5900.0,11,0,2,0,1.0
34750,0,0.953986398,49,0,0.467375,7999.0,11,0,1,0,0.0
34751,0,0.0032942509999999998,56,0,0.233721132,5758.0,9,0,1,0,1.0
34753,0,0.9999998999999999,44,0,0.648994516,2734.0,11,0,3,0,2.0
34756,1,0.9999998999999999,45,0,0.00509704,5100.0,0,0,0,0,2.0
34759,0,0.9999998999999999,69,0,0.372444444,2249.0,3,0,0,0,0.0
34760,0,0.847098734,48,0,0.58721908,6540.0,9,0,0,0,2.0
34762,0,0.9999998999999999,31,0,0.11009005699999999,5440.0,2,0,0,0,0.0
34770,1,0.375782832,62,0,0.022711909,250000.0,15,0,2,0,0.0
34771,0,0.9999998999999999,82,0,17.0,,3,0,0,0,0.0
34772,0,0.0,51,0,0.318997792,10416.0,6,0,3,0,2.0
34773,0,0.00739963,60,0,4.0,,5,1,0,0,0.0
34774,0,0.183515018,31,0,0.259889715,4170.0,6,0,0,0,3.0
34775,0,0.028673597999999998,58,0,1491.0,,3,0,1,0,0.0
34776,0,0.050584658,72,0,0.893421316,5000.0,11,0,2,0,0.0
34777,0,0.278465478,89,0,0.34457776799999995,4416.0,8,0,1,0,0.0
34779,0,0.026228072999999998,50,0,12018.0,0.0,16,0,3,0,0.0
34781,0,0.100706635,47,0,67.0,,3,0,0,0,0.0
34782,0,0.003332593,24,0,0.634591961,820.0,6,0,0,0,0.0
34783,0,0.13273359199999998,51,0,0.270346675,13441.0,12,0,1,1,3.0
34784,0,0.46239978299999995,46,1,0.84503874,4000.0,9,0,1,0,1.0
34786,0,0.9999998999999999,23,0,0.0,,1,0,0,0,0.0
34791,0,0.017247738000000002,64,0,0.30646890600000004,11191.0,8,0,2,0,0.0
34793,0,0.249963415,56,0,0.314636957,7808.0,23,0,2,0,0.0
34794,0,0.306982695,68,0,990.0,,5,0,1,0,0.0
34795,0,0.19273189899999998,52,0,2324.0,,18,0,1,0,0.0
34796,1,0.299128625,50,1,0.376583237,16500.0,10,0,1,0,0.0
34797,0,0.318068454,48,1,0.126208199,9000.0,9,0,0,0,2.0
34798,0,0.023286767000000003,59,0,0.19376043399999998,9583.0,20,0,2,0,2.0
34799,0,0.769882008,42,0,0.152269861,25375.0,6,0,2,0,3.0
34801,0,0.354314056,36,0,0.28845692300000003,8333.0,16,0,0,0,2.0
34803,0,0.094131239,78,0,0.257000903,2213.0,19,0,1,0,0.0
34804,1,0.026135401000000003,49,0,2.7401651289999998,2058.0,11,0,3,0,1.0
34805,0,0.023413002999999998,74,0,0.20919729,4870.0,9,0,1,0,0.0
34806,0,0.586449028,61,0,0.47775370799999994,6000.0,9,0,2,0,0.0
34807,0,0.0,49,0,1877.0,0.0,8,0,1,0,1.0
34810,0,0.101659426,53,0,0.043366472,5833.0,6,0,0,0,2.0
34811,0,0.9999998999999999,25,0,0.0,764.0,1,0,0,0,0.0
34812,0,0.248450235,30,0,0.201813532,4300.0,15,0,0,0,0.0
34813,1,0.747662617,48,0,0.620306599,4500.0,7,0,2,0,0.0
34814,0,0.819436113,42,0,0.325430576,9405.0,6,0,1,0,1.0
34815,0,0.366531651,59,0,0.20332671300000002,12083.0,10,0,1,0,3.0
34816,0,0.0,55,0,0.293468381,7700.0,13,0,2,0,0.0
34817,0,0.263728938,38,0,0.48137956299999995,5450.0,9,0,2,0,4.0
34818,0,0.251499824,26,0,0.112816851,2800.0,6,0,0,0,0.0
34819,0,0.11999601300000001,40,0,0.674811825,9166.0,8,0,3,0,1.0
34820,0,0.18284927899999998,45,0,0.51149954,3260.0,19,0,0,0,2.0
34821,0,0.128649738,55,0,0.445547445,10274.0,24,0,3,0,2.0
34822,0,0.0,27,0,0.112641635,4500.0,9,0,0,0,0.0
34825,0,0.112056584,40,0,0.0146269,8750.0,7,0,0,0,2.0
34826,0,0.034300053,64,0,0.30504655199999997,16862.0,14,0,2,0,0.0
34827,0,0.012554869,60,0,0.229070085,7333.0,9,0,1,0,0.0
34828,0,0.000976699,54,0,0.065422341,10500.0,7,0,1,0,0.0
34830,0,0.050235410999999994,35,0,0.596384578,6250.0,5,0,1,0,2.0
34831,0,0.008156474,60,0,1.1017257040000001,1100.0,6,0,2,0,1.0
34836,1,0.9999998999999999,63,1,0.035547656000000004,4500.0,2,5,0,0,0.0
34838,0,0.71541037,43,0,0.135305116,5882.0,11,0,0,0,1.0
34839,0,0.26102374100000003,61,1,0.179341836,6350.0,9,0,1,0,0.0
34840,0,0.0,71,0,0.057596456,5416.0,3,0,0,0,0.0
34841,0,0.04423894,25,0,0.639464068,820.0,4,0,0,0,0.0
34842,0,0.094472926,63,0,0.296462771,5116.0,9,0,2,0,0.0
34843,0,0.068754028,44,0,0.74305139,5000.0,8,0,1,0,0.0
34844,0,0.060829203,50,0,0.19895490600000001,10333.0,7,0,1,0,2.0
34846,0,0.000799947,38,0,0.38660223299999996,6000.0,5,0,1,0,1.0
34848,0,0.9999998999999999,51,1,0.300369004,4064.0,6,0,1,0,0.0
34849,0,0.145503096,61,0,0.02584155,2940.0,3,0,0,0,2.0
34851,0,0.9999998999999999,54,1,3722.0,,4,0,3,0,3.0
34852,0,0.0,82,0,0.0,2584.0,1,0,0,0,0.0
34857,0,0.004179437,51,0,3780.0,0.0,5,0,1,0,1.0
34860,1,0.277165305,56,1,0.38107308799999995,4733.0,10,0,1,0,0.0
34861,0,0.054769765,82,0,0.465667915,800.0,11,0,0,0,0.0
34862,0,0.018435548,40,0,0.20059177600000003,9800.0,13,0,3,0,2.0
34863,0,0.000945877,36,0,0.158780904,9383.0,11,0,4,0,2.0
34864,1,0.205651267,31,0,964.0,,14,0,1,0,1.0
34866,0,0.22810780100000003,65,0,0.052789442,5000.0,13,0,0,0,0.0
34867,0,0.029023422000000004,54,0,4238.0,,17,0,2,0,0.0
34868,0,0.0,65,0,0.271220401,10979.0,8,0,2,0,1.0
34869,0,0.0025896770000000003,50,0,0.193050193,9064.0,6,0,1,1,2.0
34871,0,0.9999998999999999,53,0,0.118982967,4050.0,1,0,0,0,5.0
34872,0,0.713334131,48,0,0.230268141,6600.0,8,0,1,0,2.0
34875,0,0.058867006,71,0,0.006856359,5833.0,4,0,0,0,0.0
34876,1,0.96424589,44,1,0.322289747,5100.0,7,0,0,0,4.0
34878,0,0.281163395,47,0,0.271420357,10433.0,13,0,1,0,2.0
34879,0,0.203314167,41,0,0.37129618299999995,8200.0,6,0,2,0,0.0
34880,0,0.043677012,75,0,0.012365167,3800.0,6,0,0,0,0.0
34881,0,0.149834219,36,0,2470.0,,9,0,1,0,3.0
34883,0,0.529879125,67,0,0.34523649100000003,14841.0,21,0,4,0,1.0
34884,0,0.9999998999999999,66,0,0.0,,2,0,0,0,
34885,0,0.22538524899999998,71,0,0.008241758,6915.0,5,0,0,0,1.0
34886,0,0.0,56,0,0.190976673,3900.0,9,0,0,0,1.0
34888,0,0.080794925,54,0,0.279905179,5483.0,5,0,1,0,1.0
34889,0,0.37062937100000004,52,0,910.0,,5,0,1,0,2.0
34890,0,0.18871173800000002,32,0,0.6495209279999999,3965.0,10,0,1,0,0.0
34892,0,0.025529317000000003,34,0,0.380161984,10000.0,10,0,2,0,2.0
34893,0,0.000455685,90,0,0.0,,8,0,0,0,0.0
34895,0,0.464225816,30,0,0.33971864700000004,3340.0,9,0,1,0,0.0
34896,1,0.469312413,61,0,3703.0,,12,4,1,0,3.0
34897,1,0.05367274599999999,56,0,73.0,,10,0,0,0,3.0
34898,0,0.08771444699999999,66,0,0.231311066,4400.0,13,0,0,0,0.0
34902,0,0.46580768200000006,51,1,1.045070847,6633.0,14,0,3,0,0.0
34909,0,0.7556288179999999,40,1,0.22156509800000002,11666.0,11,0,1,1,2.0
34910,0,0.361754212,39,1,0.531886527,13500.0,17,0,2,0,3.0
34912,0,0.016725675,75,0,0.23893083,4900.0,11,0,1,0,0.0
34913,0,0.934095902,50,0,0.253679654,6929.0,7,0,0,0,2.0
34914,0,0.126886176,36,0,0.179685417,3750.0,8,0,0,0,0.0
34915,0,0.319297856,33,4,0.647781712,4800.0,12,1,1,3,2.0
34916,0,0.08284151299999999,51,1,0.37611033200000005,12833.0,15,0,5,0,3.0
34917,0,0.5472979720000001,54,1,1691.0,,9,0,1,1,1.0
34918,0,0.00032785800000000004,58,1,0.23431654100000002,11492.0,4,0,1,0,0.0
34921,0,0.0005978180000000001,46,0,0.278760369,19166.0,12,0,1,0,0.0
34923,0,0.268546291,72,0,0.00810972,8384.0,2,0,0,0,1.0
34924,0,0.039226621,61,0,0.015963171,16725.0,12,0,0,0,0.0
34925,0,0.026276014,32,1,0.289604782,3010.0,5,0,0,0,1.0
34927,0,0.10415497800000001,38,0,0.54535539,5500.0,4,0,2,0,0.0
34929,0,0.184660563,52,0,0.382212039,4800.0,8,0,1,0,0.0
34930,0,0.010575906000000001,63,0,0.131391031,3500.0,5,0,1,0,0.0
34931,0,0.41179410299999997,84,0,24.0,,1,0,0,0,0.0
34933,0,0.018631693,86,0,0.004766949,7551.0,6,0,0,0,0.0
34935,0,0.173647645,72,1,0.165917041,2000.0,9,0,1,0,0.0
34936,0,0.055846422,31,0,1397.0,,4,0,1,0,0.0
34937,0,0.590818363,31,0,0.063085572,1600.0,4,0,0,0,0.0
34940,0,0.0,44,0,324.0,0.0,11,0,1,0,2.0
34942,0,0.30692317399999997,55,0,0.304141051,8620.0,7,0,1,0,1.0
34943,0,0.024032661,81,0,41.0,,7,0,0,0,0.0
34944,0,0.288159772,63,0,0.015761205,11356.0,5,2,0,1,1.0
34946,0,0.11766903199999999,63,0,0.030484757999999997,4001.0,6,0,0,0,1.0
34947,0,0.0,26,0,0.094743469,3176.0,6,0,0,0,1.0
34948,0,0.029831619,63,0,0.51455918,7417.0,21,0,2,0,0.0
34950,0,0.0,40,0,964.0,,3,0,1,0,0.0
34953,0,0.356743583,45,0,0.305055698,3500.0,8,0,0,0,2.0
34954,0,0.163279523,54,2,0.138803825,16000.0,21,0,1,0,1.0
34957,0,0.324502491,80,0,418.0,,11,0,0,0,0.0
34958,0,0.047678729,70,0,0.00529947,10000.0,3,0,0,0,1.0
34959,0,0.645418327,32,0,0.149401568,2422.0,3,0,0,0,1.0
34960,0,0.00827135,51,0,0.686313686,1000.0,9,0,1,0,2.0
34961,0,0.950033311,59,1,0.688836105,2946.0,5,0,1,0,0.0
34963,0,0.052932451,74,0,0.432069627,6778.0,9,0,1,0,0.0
34964,0,0.009788443,73,1,0.112222092,8500.0,7,0,1,0,0.0
34966,0,0.8902934259999999,54,2,0.17034212399999998,37500.0,8,0,2,0,3.0
34967,0,0.018483821,54,0,0.010395841999999999,2500.0,4,0,0,0,0.0
34968,0,0.643104377,32,0,0.249571551,4667.0,5,0,0,0,0.0
34970,0,0.460362805,60,2,0.31667508,5942.0,6,1,0,0,0.0
34971,0,0.129093545,47,0,87.0,,10,0,0,0,0.0
34972,1,0.8202766229999999,42,0,0.6913234709999999,2500.0,5,0,0,0,0.0
34973,0,0.343274879,46,1,0.295584513,10666.0,13,0,1,0,2.0
34976,0,0.14442290900000002,48,0,3288.0,,6,0,1,0,0.0
34977,0,0.43659537,50,1,0.054315572,7750.0,12,1,0,1,1.0
34979,0,0.029081138,62,0,0.139841689,8716.0,6,0,1,0,0.0
34981,0,0.8224641709999999,46,0,0.368277233,8050.0,8,1,3,0,3.0
34982,0,0.037087144,54,0,3182.0,,11,0,2,0,2.0
34983,1,0.794027886,55,2,0.34157546299999997,7400.0,11,3,1,1,2.0
34984,0,0.591020449,48,0,1463.0,,6,0,1,0,0.0
34985,0,0.45070328600000004,42,0,0.32509639,11411.0,13,0,3,0,2.0
34986,0,0.107436567,65,1,0.138177316,10500.0,19,0,1,0,0.0
34987,1,0.491674275,34,0,0.146644941,6750.0,9,0,0,0,0.0
34989,0,0.064003696,82,0,1754.0,,15,0,1,0,0.0
34993,0,0.9999998999999999,23,0,0.33423423399999996,1109.0,2,0,0,0,0.0
34994,1,0.474034621,36,2,698.0,,6,0,1,2,0.0
34995,0,0.260882416,45,0,1.7593933130000001,2900.0,12,0,2,0,0.0
34996,0,0.045505927,65,1,0.234353129,5000.0,7,0,1,0,0.0
34997,0,0.108961598,55,1,0.772395233,2600.0,15,0,2,0,2.0
35001,0,0.21392229899999998,63,0,0.297075078,7418.0,13,0,1,0,0.0
35002,1,0.002158816,69,0,0.416775315,2300.0,11,0,1,0,3.0
35005,0,0.684663067,50,0,0.39187588799999995,8443.0,5,0,2,0,3.0
35008,0,0.08307292299999999,41,0,1579.0,,3,0,1,0,2.0
35009,0,0.042740336,74,0,0.012974052,9017.0,12,0,0,0,0.0
35011,0,0.006100109,58,0,0.004585653,3052.0,4,0,0,0,0.0
35014,0,0.500988609,45,0,0.51934108,6798.0,12,0,1,0,3.0
35015,0,0.171982802,40,0,3727.0,,4,0,1,0,0.0
35016,0,0.458036215,43,0,0.32897281300000003,8790.0,15,0,2,0,2.0
35017,0,0.05919704,54,0,79.0,,1,0,0,0,
35018,0,0.011434285,80,0,0.0018257689999999999,3833.0,2,0,0,0,0.0
35019,0,0.8067018020000001,36,0,0.88834884,7200.0,19,0,2,0,0.0
35020,0,0.127627266,50,0,0.02059794,10000.0,5,0,0,0,1.0
35021,0,0.065055284,57,0,0.060429594,10474.0,5,0,1,0,1.0
35023,1,0.619591259,76,0,0.39610065,6000.0,12,0,1,1,2.0
35024,0,0.698682737,49,0,0.5509396639999999,5054.0,10,0,1,0,0.0
35025,0,0.9999998999999999,33,0,0.0,2500.0,2,0,0,0,1.0
35026,0,0.808297884,59,0,0.389098389,5833.0,10,0,2,0,0.0
35027,0,0.9999998999999999,36,0,0.104579084,5000.0,2,0,0,0,2.0
35029,0,0.15273061400000001,39,0,0.126774645,5000.0,6,0,0,0,0.0
35030,0,0.0,52,0,0.06648337900000001,4000.0,3,0,0,0,2.0
35031,0,0.049598015999999995,38,0,0.06433495,3916.0,3,0,0,0,0.0
35032,0,0.249461748,26,0,0.882352941,764.0,4,0,0,0,0.0
35033,0,0.9999998999999999,25,0,0.008817635,2494.0,0,1,0,0,0.0
35036,0,0.35780768799999996,60,3,0.577903683,5647.0,18,0,3,0,1.0
35037,1,0.9999998999999999,22,0,533.0,,2,0,0,0,0.0
35038,0,0.464535465,56,1,0.18468824,2533.0,2,0,1,0,0.0
35040,0,0.288632182,44,0,3840.0,,10,0,1,0,2.0
35041,1,0.029850746,42,0,685.0,,3,2,0,1,0.0
35044,0,0.059948500999999994,70,0,0.162279748,4596.0,8,0,0,0,2.0
35045,0,0.310213172,42,0,0.44312182,10416.0,10,0,3,0,0.0
35046,0,0.041598151,30,0,0.617165443,7083.0,8,0,2,0,0.0
35048,0,0.0,53,0,0.162064369,5250.0,4,0,1,0,0.0
35049,0,0.007286169,70,0,0.205948513,4000.0,7,0,1,0,0.0
35050,0,0.24910028899999997,44,0,0.381073785,6667.0,10,0,2,0,2.0
35051,0,0.0026908109999999996,69,0,0.048956084000000004,12500.0,9,0,0,0,0.0
35053,0,0.024881639,58,0,49.0,,3,0,0,0,0.0
35054,0,0.9999998999999999,58,3,6.586551681,8000.0,15,1,1,1,0.0
35055,0,0.9753954309999999,41,0,0.44576495,5300.0,5,0,1,0,2.0
35056,0,0.016727273,50,0,0.0031425579999999997,10500.0,20,1,0,0,0.0
35058,0,0.471543923,33,0,0.41716659,6500.0,11,0,1,0,0.0
35059,0,0.003643965,86,0,3.0,,5,0,0,0,
35060,0,0.04753591,78,0,17.0,,1,0,0,0,0.0
35061,0,0.099210273,63,0,258.0,,14,0,0,0,0.0
35062,1,0.9999998999999999,45,0,0.347033992,4500.0,3,1,1,1,1.0
35063,0,0.017133302,74,0,3416.0,,23,0,1,0,0.0
35064,0,0.9456036259999999,48,0,0.47467036799999995,2881.0,13,0,0,0,2.0
35066,1,0.9999998999999999,55,0,41.0,,0,0,0,0,1.0
35067,0,0.241993632,46,0,0.35723030899999997,7350.0,11,0,2,0,2.0
35068,0,0.240783948,71,0,1853.0,,10,0,0,0,0.0
35070,0,0.528958896,57,0,0.45230923700000003,5975.0,13,0,2,0,1.0
35071,0,0.35742884799999997,60,0,0.116544173,6666.0,9,0,1,0,0.0
35073,0,0.06634538200000001,64,0,0.301995565,4509.0,7,0,2,0,1.0
35075,1,0.958833589,33,1,1.426946632,8000.0,9,0,3,0,0.0
35077,0,0.09006306300000001,35,0,0.220038998,6666.0,7,0,2,0,0.0
35078,0,0.9640718559999999,28,1,14.0,,1,0,0,0,0.0
35079,0,0.449154324,39,0,0.409144623,11000.0,14,0,2,0,1.0
35080,0,0.3445477,45,0,0.030698659,2833.0,3,0,0,0,0.0
35081,0,0.0,25,0,0.0,,2,0,0,0,0.0
35082,0,0.25454909,60,0,0.351974898,5417.0,4,0,1,0,0.0
35084,0,0.021679884,65,0,0.072992701,10000.0,8,0,1,0,0.0
35086,0,0.076678333,66,0,398.0,,4,0,0,0,
35087,0,0.42306207,52,1,0.622385658,8701.0,14,0,3,0,0.0
35091,0,0.001003103,59,2,0.271899716,6700.0,10,0,4,0,0.0
35092,0,0.0,53,0,0.30233953199999997,5000.0,9,0,1,0,2.0
35093,0,0.011918758,75,0,0.145609889,5500.0,9,0,1,0,0.0
35098,0,0.004618448,37,0,0.788515017,14383.0,9,0,4,0,0.0
35102,0,0.054597230999999996,43,0,0.541537401,2900.0,15,0,1,0,2.0
35103,0,0.0032302459999999996,54,0,2.0,,3,0,0,0,0.0
35104,0,0.1339933,32,0,0.022703817999999997,3875.0,5,0,0,0,1.0
35105,0,0.962459913,31,0,484.0,,2,0,0,0,0.0
35106,0,0.9999998999999999,35,0,755.0,,9,0,0,0,0.0
35107,1,0.060524337000000004,36,0,5355.0,,15,0,2,0,2.0
35109,0,0.6967752690000001,54,2,0.47952100000000003,5761.0,10,0,1,0,0.0
35110,0,0.00366038,78,0,152.0,,4,0,0,0,1.0
35111,0,0.0,30,0,0.015357543000000001,6250.0,2,0,0,0,0.0
35112,0,0.000443934,52,0,0.215518226,8750.0,24,0,2,0,2.0
35113,0,0.9781677959999999,55,0,0.41059699299999997,6850.0,7,0,2,0,1.0
35114,0,0.9999998999999999,23,0,0.0,,0,0,0,0,
35115,0,0.051746568,73,0,0.199802339,6070.0,5,0,1,0,2.0
35116,0,0.266183823,62,0,0.15959596,2969.0,11,0,0,0,0.0
35117,0,0.028395333,53,0,0.647720175,1600.0,8,0,1,0,0.0
35119,0,1.01238011,45,2,0.754322365,3585.0,6,0,3,0,2.0
35120,0,0.41634813299999995,54,1,0.076620825,2035.0,7,0,0,0,2.0
35122,0,0.932465743,52,0,0.42342094399999997,21800.0,13,0,2,0,1.0
35123,0,0.333729142,46,0,3893.0,,5,0,1,0,0.0
35124,0,0.8407643309999999,30,0,0.25494901,5000.0,11,0,0,0,0.0
35127,0,0.269203711,48,0,0.45388540000000005,5095.0,13,0,2,0,0.0
35128,0,0.955360331,30,0,0.22680782300000002,5572.0,6,0,0,0,3.0
35130,0,0.992788316,30,0,0.605410173,3400.0,11,0,0,0,0.0
35131,0,0.035793483,68,0,0.27074585100000004,5000.0,7,0,2,0,0.0
35133,0,0.359396771,35,0,0.34721759399999996,3000.0,5,0,1,0,0.0
35134,0,0.888442354,52,1,0.48104956299999996,6516.0,13,0,1,0,1.0
35136,0,0.35895919600000004,26,0,1208.0,,14,0,0,0,0.0
35138,0,0.124715935,44,0,0.388710785,8733.0,3,0,2,0,2.0
35139,0,0.490625469,58,2,0.34401709399999997,6083.0,8,0,1,2,0.0
35140,0,0.0,38,0,0.549102863,7300.0,10,0,2,0,2.0
35141,0,0.18871542,38,0,0.8275641029999999,4679.0,10,0,2,0,1.0
35144,0,0.882583892,66,0,0.159403383,12000.0,4,0,0,0,0.0
35145,1,1.013589129,48,0,0.107101816,4350.0,7,0,0,0,0.0
35147,0,0.437216705,37,0,0.41195097,9789.0,6,0,1,0,1.0
35148,0,0.0,65,0,0.167166567,5000.0,10,0,1,0,0.0
35152,0,0.19654550399999998,54,0,0.371392158,13338.0,12,0,2,0,0.0
35153,0,0.092119351,67,0,136.0,,7,0,0,0,0.0
35157,0,0.017629571,67,0,0.20528720600000003,3063.0,9,0,1,0,0.0
35158,0,0.389839395,65,0,0.9608530359999999,16833.0,14,0,4,0,0.0
35159,0,0.013512905,68,0,0.037077342,12864.0,8,0,0,0,0.0
35160,0,0.0,41,0,944.0,0.0,4,0,1,0,2.0
35161,0,0.9999998999999999,79,0,0.269932517,4000.0,1,0,1,0,1.0
35162,0,0.055748839,62,0,0.218832622,4916.0,11,0,1,0,0.0
35163,0,0.46403912,51,0,0.5623973729999999,15833.0,10,0,2,0,1.0
35164,0,0.062187518,55,0,2639.0,,4,0,1,0,1.0
35165,0,0.00015337,78,0,1172.0,,4,0,1,0,
35166,0,0.279441118,22,0,0.0014809329999999998,2700.0,1,0,0,0,0.0
35167,0,0.0,81,0,0.0,,1,0,0,0,
35169,0,0.198025958,75,0,2658.0,,9,0,1,0,0.0
35170,0,0.401230683,60,0,3124.0,,13,0,1,0,0.0
35171,0,0.36940676,72,2,0.342131574,5000.0,10,0,2,0,0.0
35173,1,0.031343092,71,0,19.73078365,8000.0,16,0,1,0,0.0
35174,0,0.31143433600000003,34,0,0.130534999,8242.0,6,0,0,0,0.0
35175,1,0.956087824,38,2,0.324957167,1750.0,7,1,0,0,1.0
35176,0,0.033815107999999997,64,0,0.434010695,4674.0,5,0,1,0,0.0
35177,0,0.050545482999999995,45,0,5.160623229,7059.0,10,0,3,0,3.0
35179,0,0.7670465909999999,42,0,0.259496202,2500.0,3,0,0,0,2.0
35180,0,0.477480557,61,1,0.207559982,4417.0,8,1,0,0,0.0
35182,0,0.005762936,74,0,0.0017773829999999998,4500.0,8,0,0,0,0.0
35185,0,0.030961196,77,0,31.0,,4,0,0,0,0.0
35186,0,0.928143713,25,0,0.44196771700000004,1300.0,5,0,0,0,3.0
35187,0,0.9999998999999999,38,0,3037.0,,2,0,1,0,0.0
35188,0,0.0,78,0,0.204144722,8733.0,18,0,1,0,0.0
35190,0,0.064098398,63,0,0.10466852800000001,15400.0,7,0,1,0,1.0
35191,0,0.209881116,48,1,0.251340232,8020.0,19,0,1,0,2.0
35192,0,0.033560402,50,0,0.863412101,3850.0,10,0,3,1,1.0
35194,0,0.0,54,0,0.15716169900000002,18954.0,7,0,2,0,2.0
35195,1,0.007539247,32,0,0.17601043,2300.0,12,0,0,0,2.0
35196,0,0.011814461000000002,58,0,31.0,,7,0,0,0,0.0
35197,0,0.14473745400000002,50,0,0.054794521,10000.0,4,0,0,0,3.0
35198,0,0.038391648,68,0,0.103769761,7400.0,17,0,0,0,0.0
35200,0,0.141148112,63,0,0.010471204,4583.0,6,0,0,0,0.0
35201,0,0.128466923,64,0,2336.0,,8,0,1,0,0.0
35202,1,0.439780785,43,0,0.10419696699999999,9625.0,7,0,0,0,0.0
35205,0,0.5104374220000001,64,0,0.808399458,5166.0,12,0,3,0,0.0
35206,0,0.14977501599999998,63,0,0.657690006,1670.0,5,0,1,0,0.0
35207,0,0.9999998999999999,40,0,578.0,,3,0,0,0,
35208,0,0.09162284300000001,25,0,0.641705069,867.0,3,0,0,0,0.0
35209,0,0.11602678699999999,64,0,0.368926215,1666.0,10,0,0,0,0.0
35211,0,0.015050323999999999,49,0,1633.0,,15,0,1,0,0.0
35212,0,0.221078831,62,0,4042.0,,18,0,2,0,1.0
35213,0,0.126541495,66,0,0.0035617009999999996,9545.0,1,0,0,0,0.0
35214,0,0.007866404,48,0,996.0,,4,0,1,0,0.0
35215,0,0.03914727,83,0,0.008541601,3160.0,2,0,0,0,0.0
35218,0,0.070542889,50,0,0.204417237,8330.0,4,0,2,0,0.0
35219,0,0.000603751,27,0,1.151633987,764.0,7,0,0,0,0.0
35220,0,0.35375074,35,1,0.5301174710000001,4000.0,15,0,2,0,1.0
35221,0,0.625764655,67,1,0.51628866,7274.0,16,0,2,0,0.0
35223,1,0.9999998999999999,47,0,545.0,,1,2,0,0,0.0
35224,0,0.9999998999999999,50,3,0.14615050000000002,4597.0,7,0,0,0,0.0
35225,0,0.08676684400000001,74,0,0.009108197,9990.0,7,0,0,0,0.0
35226,1,0.9999998999999999,28,0,25.0,,1,1,0,0,0.0
35227,0,0.9999998999999999,77,0,0.0,435.0,1,0,0,0,0.0
35228,0,0.074265443,49,0,0.503749856,8666.0,6,0,1,0,0.0
35229,0,0.032867073999999996,31,0,0.26675630899999997,9667.0,7,0,1,0,0.0
35230,0,0.659824718,48,0,0.169781625,5082.0,5,0,0,0,0.0
35231,0,0.081594748,36,0,0.013996501000000001,4000.0,2,0,0,0,0.0
35233,0,0.006357292,58,0,1748.0,,11,0,1,0,0.0
35235,0,0.013361086999999999,65,0,0.370626203,8830.0,12,0,2,0,1.0
35236,0,0.021262608,61,0,1156.0,,11,0,1,0,0.0
35237,0,0.443088369,58,0,0.24062075,12500.0,12,0,2,0,0.0
35238,0,0.221871013,42,0,0.317750845,12128.0,16,0,6,0,2.0
35239,0,0.002959882,49,0,1.093200917,1308.0,4,0,2,0,1.0
35240,0,0.6588056870000001,52,0,10613.0,,16,0,1,0,0.0
35241,0,0.074508028,57,0,4794.0,,4,0,1,0,0.0
35243,0,0.9999998999999999,51,0,0.6918238990000001,2225.0,3,2,1,1,3.0
35244,0,0.834470345,51,0,0.49609042299999995,12916.0,14,0,2,0,3.0
35246,1,0.067025238,56,4,3459.0,,5,3,1,4,2.0
35247,0,0.9999998999999999,39,0,77.0,,6,0,0,0,0.0
35248,0,0.19321706100000002,63,0,863.0,,9,0,0,0,0.0
35249,0,0.021928863,56,0,0.162930929,16417.0,8,0,2,0,0.0
35250,0,0.801135843,49,1,1906.0,,16,0,1,0,2.0
35251,1,1.179401993,47,0,10.0,,1,0,0,0,0.0
35252,0,0.053394355,77,0,0.030271031,2840.0,7,0,0,0,0.0
35253,1,0.9999998999999999,27,1,0.108420351,4500.0,2,1,0,0,1.0
35255,0,0.687312445,55,0,4462.0,,21,0,2,0,0.0
35256,0,0.009999571,68,0,0.205680705,9188.0,5,0,1,0,0.0
35257,0,0.029322175,72,0,638.0,,5,0,1,0,0.0
35258,0,0.5069228139999999,60,0,0.298175025,6958.0,22,0,0,0,0.0
35259,0,0.0,70,0,567.0,,7,0,1,0,
35260,0,0.39550418,58,0,0.667922341,3450.0,5,0,1,0,0.0
35261,0,0.11132962199999999,57,0,0.125843708,6666.0,8,0,1,0,1.0
35262,0,0.014423955,81,0,1060.0,,12,0,1,0,0.0
35263,0,0.019193196000000003,43,0,293.0,0.0,4,0,0,0,1.0
35264,0,0.635719233,56,0,11930.0,,19,0,4,0,0.0
35265,0,0.026292219,43,1,0.13451731,16666.0,11,0,1,0,2.0
35268,0,0.116513547,42,0,0.793371598,5400.0,10,0,1,0,0.0
35269,0,0.303503813,31,0,0.102827763,3500.0,5,0,0,0,0.0
35270,1,0.298804781,39,0,0.02270663,1100.0,1,2,0,0,4.0
35271,0,0.101449275,67,0,0.373991935,1983.0,17,0,1,0,0.0
35272,0,0.12702572199999998,33,0,0.532376748,5435.0,6,0,2,0,1.0
35273,0,0.042257845,53,0,1531.0,,6,0,1,0,0.0
35274,0,0.08374885,56,0,0.44341417,4205.0,18,0,1,0,2.0
35275,0,0.66548727,59,0,1993.0,,11,0,0,0,0.0
35276,0,0.95550445,37,0,0.24307340800000002,3500.0,3,0,0,0,0.0
35278,0,0.07415851700000001,51,0,0.405279296,7500.0,6,0,1,0,0.0
35279,0,0.9999998999999999,65,0,104.0,,1,0,0,0,0.0
35281,0,0.6601150689999999,55,1,0.536632101,8871.0,11,0,2,0,1.0
35282,0,0.32760796600000003,54,0,0.140607424,8000.0,10,0,0,0,1.0
35283,0,0.019670573,80,0,0.016431925,2555.0,24,0,0,0,0.0
35284,0,0.8469831329999999,37,1,0.097513089,4583.0,8,0,0,0,0.0
35285,0,0.143068775,59,0,0.297543643,6472.0,4,0,1,0,0.0
35287,1,0.231179214,31,1,0.02444842,5030.0,3,1,0,1,2.0
35288,0,0.223089431,54,0,0.47077538399999996,11000.0,14,0,4,0,2.0
35292,0,0.013662613999999998,61,1,0.464522838,12500.0,14,0,5,0,0.0
35293,0,0.0,71,0,0.003808315,3150.0,4,0,0,0,0.0
35294,0,0.456351455,45,0,0.573785243,6667.0,11,0,2,0,3.0
35295,0,0.9999998999999999,50,2,0.131407713,6300.0,3,1,1,1,2.0
35297,0,0.601535052,31,0,0.471387131,7583.0,11,0,2,0,0.0
35298,0,0.133607542,56,0,0.15123599199999999,54166.0,20,0,3,0,3.0
35300,0,0.0,47,1,0.464956136,10600.0,16,0,7,0,1.0
35302,0,0.0,41,0,0.054529963,7041.0,5,0,0,0,2.0
35303,0,0.079210459,25,0,0.038039216,2549.0,6,0,0,0,0.0
35304,0,0.42591481700000006,48,1,0.09600140900000001,5676.0,3,1,0,1,3.0
35306,0,0.784530387,34,0,0.225215744,4750.0,8,0,1,0,0.0
35308,0,0.046223107,62,0,0.41656179200000004,3972.0,8,0,2,0,0.0
35309,0,0.278756507,62,0,0.406362379,3614.0,8,0,1,0,0.0
35310,0,0.032647926,40,0,1.1207516990000002,2500.0,5,0,1,0,2.0
35315,0,0.19947811699999998,56,0,0.268831492,12040.0,12,0,1,0,1.0
35317,0,0.148401342,43,0,0.7850066929999999,3734.0,14,0,3,0,0.0
35319,0,0.009999615,72,0,0.032611283,4200.0,5,0,1,0,0.0
35320,0,0.168454608,61,0,0.311337732,5000.0,15,0,1,0,0.0
35322,0,0.0014267000000000001,68,0,0.185220455,10500.0,15,0,3,0,1.0
35325,0,0.202052437,70,0,0.956668923,2953.0,12,0,1,0,1.0
35326,0,0.0,28,0,0.08881853,6000.0,1,0,0,0,2.0
35328,0,0.127069257,70,0,0.384359031,4500.0,17,0,2,0,1.0
35330,0,0.149900067,23,0,0.219830899,1300.0,2,0,0,0,0.0
35331,1,0.091960849,64,0,0.38958037,5623.0,18,0,2,0,2.0
35333,0,0.9999998999999999,45,0,1078.0,,2,0,1,0,
35334,0,0.003686278,61,0,2224.0,,10,0,1,0,
35338,0,0.47821747200000003,53,0,0.31364095,10900.0,9,0,2,0,1.0
35339,0,0.280671933,46,0,1761.0,,5,0,1,0,0.0
35340,0,1.065797807,36,1,1.821146765,1900.0,8,0,1,0,2.0
35341,0,0.090462111,56,0,0.015185602,5333.0,6,0,0,0,1.0
35342,0,0.19995480300000001,59,0,0.746662527,3220.0,14,0,1,0,0.0
35343,0,0.311738118,26,0,0.24590639,6900.0,9,0,1,0,1.0
35345,0,0.9999998999999999,76,0,0.0012498960000000001,12000.0,1,0,0,0,1.0
35346,1,0.249566724,53,0,3175.0,,6,0,2,0,0.0
35347,0,0.052104432,54,0,0.18882785800000002,9648.0,10,0,2,0,0.0
35348,0,2.363982245,50,1,0.21427138399999998,14952.0,15,0,2,0,2.0
35350,0,0.06665128299999999,50,0,0.012737263,4003.0,3,0,0,0,0.0
35351,0,0.235529386,48,0,1785.0,,9,0,2,0,0.0
35354,1,0.168316252,54,0,0.008515643,70575.0,4,1,0,1,1.0
35355,0,0.0,24,0,0.0,1.0,2,0,0,0,0.0
35356,0,0.21269189300000002,56,0,1346.0,,14,0,1,0,1.0
35357,0,0.020718343,63,1,3771.0,,7,0,1,5,1.0
35358,0,0.053834571,69,0,0.011903618999999999,10416.0,11,0,0,0,0.0
35359,0,0.117525136,51,0,1845.5,1.0,13,0,1,0,2.0
35360,0,0.243519653,53,0,0.384863867,4333.0,13,0,1,0,0.0
35362,1,0.9999998999999999,40,1,0.111972007,4000.0,1,4,0,0,1.0
35364,0,0.015260501999999999,58,0,0.314374583,4500.0,8,0,2,0,0.0
35366,0,0.059235910999999995,29,0,0.34460923200000004,6000.0,8,0,1,0,0.0
35367,0,0.743548325,47,0,1.150433276,2884.0,7,0,1,0,1.0
35368,0,0.0,53,0,0.915208479,10000.0,17,0,6,0,1.0
35369,0,0.035503263,62,0,13526.0,,26,0,9,0,0.0
35370,0,0.9999998999999999,59,0,0.174008122,3200.0,2,0,0,0,0.0
35371,0,0.282684526,61,0,0.7663954040000001,2088.0,10,0,2,0,0.0
35373,0,0.162383762,71,0,0.89535865,1184.0,3,0,0,0,0.0
35374,0,0.35319492,60,0,0.223288815,9583.0,14,0,1,0,0.0
35376,1,0.984000696,43,2,0.782817997,5400.0,8,1,2,0,2.0
35377,0,0.058828063,76,1,257.0,,14,0,0,0,0.0
35378,0,0.02945884,59,1,0.018023092,3550.0,13,0,0,0,0.0
35379,0,0.034156225,73,0,0.237601851,9940.0,8,0,3,0,0.0
35382,0,0.049480393,61,0,0.6922503729999999,1341.0,9,0,1,0,0.0
35384,0,0.0068252980000000005,51,0,0.148077448,7333.0,7,0,1,0,0.0
35385,0,0.268670008,40,0,0.20649285399999998,13922.0,8,0,1,0,2.0
35386,0,0.364325034,42,0,0.317695832,9165.0,5,0,1,0,2.0
35387,0,0.38633779100000004,56,2,0.49300056,12500.0,23,0,3,0,0.0
35388,0,0.0,39,0,3326.0,,8,0,1,0,1.0
35391,0,0.084705095,78,0,0.05984155099999999,13000.0,6,0,0,0,1.0
35393,0,0.920887815,49,0,0.156147541,4879.0,6,0,0,0,1.0
35395,0,0.7600922720000001,25,0,0.059432933,1833.0,3,0,0,0,0.0
35396,0,0.433792513,33,0,0.559821735,5833.0,8,0,2,0,2.0
35397,1,0.814837033,60,0,5857.0,1.0,10,0,7,0,0.0
35399,0,0.027475061000000002,58,0,1069.0,,11,0,1,0,0.0
35401,0,0.850709697,46,0,0.5413909720000001,6800.0,18,0,2,0,1.0
35402,0,0.034125892000000005,47,0,46.0,,5,0,0,0,0.0
35403,0,0.063374865,61,0,2306.0,,5,0,1,0,5.0
35405,0,0.30188214,57,0,0.184393224,3600.0,8,0,1,0,0.0
35407,0,0.034333245,28,1,1556.0,,4,0,2,0,0.0
35408,0,0.028667198999999997,48,0,0.142455483,3200.0,14,0,1,0,0.0
35409,0,0.0,56,0,0.49890829700000006,1831.0,3,0,1,0,1.0
35411,0,0.000765214,73,0,0.00036920800000000005,5416.0,11,0,0,0,1.0
35412,0,0.9999998999999999,71,0,0.229150685,9124.0,3,0,2,0,0.0
35413,0,0.0061295790000000005,52,0,0.019739958000000002,65450.0,12,0,1,0,0.0
35414,0,0.17478042,34,0,0.08815871,8064.0,5,0,0,0,0.0
35416,0,0.0,23,0,0.0,,1,0,0,0,0.0
35419,0,0.683263347,52,0,20.95348837,42.0,5,0,1,0,0.0
35420,0,0.373905821,63,1,0.30333855,3833.0,8,0,1,0,0.0
35421,0,0.064479879,64,0,2850.0,,7,0,1,0,0.0
35422,1,0.899631902,42,0,1.496201519,2500.0,12,0,2,0,0.0
35424,0,0.990641364,51,0,0.576116855,10542.0,14,0,2,0,2.0
35425,0,0.029724257,55,0,5483.0,,12,0,3,0,0.0
35426,0,0.0,48,0,3078.0,,7,0,1,0,3.0
35427,0,0.9999998999999999,62,0,34.0,,0,0,0,0,0.0
35428,0,0.928248362,41,0,1354.0,0.0,4,0,0,0,3.0
35429,0,0.060133432,85,1,0.159478261,11499.0,19,0,0,0,1.0
35430,1,0.9999998999999999,64,0,0.004470939,2683.0,1,1,0,0,0.0
35433,0,0.052080724,42,0,0.012879788999999999,9083.0,18,0,0,0,0.0
35434,0,0.9682063590000001,68,1,0.217754905,6217.0,5,0,0,0,0.0
35435,0,0.12001463,56,0,0.436284312,5500.0,13,0,1,0,1.0
35436,0,0.691179513,41,0,0.388712624,10400.0,10,0,2,0,4.0
35437,0,0.8321720690000001,52,3,0.45754156799999995,3367.0,10,1,2,0,1.0
35438,0,0.038645393,61,0,0.063968016,2000.0,18,0,0,0,1.0
35439,0,1.114863364,45,5,0.8288213240000001,2400.0,5,0,1,0,1.0
35441,0,0.076848079,48,0,3183.0,,10,0,2,0,0.0
35446,0,0.8074979090000001,58,1,0.378381223,9500.0,11,0,2,0,1.0
35450,0,0.0,73,0,500.0,,5,0,1,0,0.0
35451,0,0.9999998999999999,84,0,0.0,3174.0,1,0,0,0,0.0
35452,0,0.236263938,60,0,2691.0,,9,0,1,0,3.0
35454,0,0.124516888,54,0,0.081972676,3000.0,5,0,0,0,0.0
35455,0,0.88327069,53,5,5093.0,,16,1,2,0,1.0
35456,0,0.087577616,45,0,0.052761114000000005,6500.0,5,0,0,0,2.0
35459,0,0.9999998999999999,30,0,0.0,1.0,0,0,0,0,2.0
35461,0,0.401051631,29,0,0.34280503,10416.0,12,0,1,0,0.0
35462,0,0.0,48,0,0.332439955,9700.0,11,0,3,0,0.0
35463,0,0.10077984400000001,87,0,0.001799856,8333.0,2,0,0,0,0.0
35467,0,0.010151583,65,0,87.0,,7,0,0,0,0.0
35469,0,0.897237033,27,2,0.242503945,1900.0,4,0,0,0,4.0
35475,0,0.031310542999999996,65,0,0.458483755,3600.0,8,0,1,0,0.0
35476,0,0.007185258000000001,53,0,0.43465219299999996,7000.0,13,0,1,0,3.0
35477,0,0.9999998999999999,74,0,0.0,7654.0,1,0,0,0,0.0
35478,0,0.030113331,82,0,55.0,,6,0,0,0,0.0
35479,0,0.030152848,52,0,0.370662631,9250.0,8,0,2,0,1.0
35480,0,0.074173835,33,0,0.342587123,8464.0,12,0,1,0,3.0
35481,0,0.822281974,44,1,0.542078324,8400.0,13,0,1,0,2.0
35482,0,0.170172433,48,0,0.125948821,22000.0,6,0,1,0,2.0
35483,0,0.012169458999999999,67,0,0.072927073,1000.0,10,0,0,0,0.0
35487,0,0.01699915,63,0,0.05970483,4471.0,2,0,0,0,0.0
35488,0,0.110889111,22,0,4.0,0.0,3,0,0,0,0.0
35490,0,0.496404388,55,0,0.40562591299999995,8211.0,12,0,0,1,0.0
35491,0,0.13814716900000001,43,0,0.353087064,7660.0,7,0,2,0,0.0
35495,0,0.23935683300000002,68,0,0.21045552899999997,17100.0,17,0,2,0,1.0
35496,0,0.050778193,33,0,0.124808966,1962.0,3,0,0,0,0.0
35497,0,0.378138221,59,0,3530.0,,12,0,2,0,0.0
35499,0,0.288346506,48,0,0.210754361,9000.0,15,0,0,0,3.0
35500,0,0.0074593590000000005,61,0,0.332266756,11875.0,19,0,2,0,1.0
35501,0,0.033587848,82,0,0.023992002999999998,3000.0,5,0,0,0,0.0
35502,0,0.445856019,39,0,0.42679980700000003,6208.0,12,0,1,0,2.0
35503,0,0.49407853700000004,35,1,0.161709573,4000.0,11,0,0,0,0.0
35505,0,0.829759769,61,0,0.47398746,5900.0,12,0,1,0,1.0
35506,0,0.007768238,73,0,424.0,,3,0,1,0,
35507,0,0.09672603800000001,52,0,0.360813929,14300.0,7,0,3,0,2.0
35508,1,0.9999998999999999,39,0,0.06736484599999999,7065.0,1,0,0,0,1.0
35510,0,0.799800011,34,0,0.831433713,5000.0,5,0,1,0,1.0
35511,0,0.155525949,42,0,0.892586773,7000.0,13,0,4,0,3.0
35512,0,0.11272677199999999,46,0,3938.0,,4,0,1,0,0.0
35516,0,0.314027742,58,0,6328.0,,11,0,2,0,0.0
35520,0,0.08587317,46,0,0.300479543,9800.0,13,0,1,0,2.0
35521,0,0.0,68,0,1511.0,,6,0,1,0,0.0
35522,0,0.9999998999999999,46,0,3738.0,,2,0,2,0,0.0
35523,0,0.045350182999999995,67,0,147.0,,7,0,1,0,0.0
35525,0,0.002079713,86,2,0.15199258599999999,1078.0,8,0,0,0,0.0
35526,0,0.02945985,62,1,0.46499715399999997,5270.0,8,0,1,0,3.0
35527,0,0.064322151,58,0,0.13619319,6666.0,8,0,1,0,0.0
35528,0,0.19971597100000002,59,0,1022.0,,11,0,0,0,0.0
35529,0,0.0,62,0,467.0,,6,0,1,0,0.0
35530,0,0.22567743199999998,71,1,5008.0,,6,0,4,0,
35531,0,0.9999998999999999,46,1,0.45663584100000004,4000.0,5,0,1,0,0.0
35534,1,1.22558538,50,3,817.0,,12,3,0,0,0.0
35535,0,0.03548179,53,2,0.358142635,4500.0,12,0,0,0,0.0
35537,0,0.045992924000000004,30,0,8.0,,2,0,0,0,
35538,0,0.121889483,43,0,0.348584227,6250.0,10,0,2,0,0.0
35539,0,0.608773078,41,1,0.14463653,9312.0,6,0,0,0,4.0
35540,0,0.493853372,69,0,2.427181843,3700.0,20,0,3,0,0.0
35541,0,0.156348343,43,0,0.039490127,4000.0,6,0,0,0,2.0
35543,0,0.465139533,43,0,0.28237843,4153.0,3,0,1,0,2.0
35544,0,0.896996655,59,0,1.263859437,3300.0,20,0,2,0,0.0
35545,0,0.048136209000000006,68,0,0.204174706,5700.0,16,0,1,0,0.0
35546,0,0.9999998999999999,55,0,0.836989247,2324.0,9,0,2,0,0.0
35547,0,0.288094797,33,0,0.21754279699999998,6600.0,5,0,0,0,3.0
35548,1,0.71138756,28,0,0.10307564400000001,2405.0,5,0,0,0,1.0
35549,0,0.038974931000000004,33,0,581.0,,4,0,0,0,0.0
35551,0,0.010220166,65,0,0.25792630699999997,3500.0,9,0,1,0,1.0
35552,0,0.91830129,56,0,0.33653685899999997,18000.0,12,0,2,0,0.0
35553,0,0.0,68,0,215.0,,22,0,0,0,0.0
35554,0,0.7354031870000001,56,0,2163.0,,6,0,1,0,0.0
35555,0,0.0,49,0,0.32401634100000004,4650.0,16,0,2,0,0.0
35556,0,0.0,71,0,0.12848394,8000.0,17,0,1,0,0.0
35557,0,0.261703482,27,0,0.143542583,2500.0,6,0,0,0,0.0
35558,0,0.0,47,0,0.310595065,6200.0,3,1,1,0,0.0
35559,0,0.0,61,0,0.637975466,9700.0,16,0,3,0,0.0
35560,0,0.0,62,1,0.459827508,2202.0,6,0,1,0,0.0
35561,0,0.0,50,0,0.243522073,4167.0,11,0,2,0,0.0
35562,0,0.00867811,68,0,0.311104121,3178.0,13,0,1,0,0.0
35565,0,0.9999998999999999,69,0,2932.0,,3,0,2,0,0.0
35568,0,0.458989671,47,0,0.12454171800000001,9000.0,6,0,0,0,0.0
35569,0,0.083283673,64,0,0.20614350899999997,8333.0,7,0,1,0,0.0
35570,0,0.066199547,44,0,0.77967298,8500.0,8,0,2,0,1.0
35572,0,0.11807527699999999,56,0,1224.0,,5,0,1,0,0.0
35573,1,0.539984348,31,0,0.52707152,10933.0,11,0,1,0,2.0
35575,0,0.189005229,41,1,0.264385368,14406.0,18,0,2,0,2.0
35576,0,0.0,76,0,3.0,,5,0,0,0,
35578,0,0.521190578,59,0,0.403714736,5706.0,6,0,2,0,0.0
35579,0,0.202818492,46,0,0.422874342,7973.0,10,0,2,1,2.0
35580,0,0.016217534,32,0,0.710540993,1792.0,7,0,1,0,0.0
35581,0,0.024211195,56,0,0.278034149,4333.0,8,0,1,0,0.0
35583,0,0.200779393,44,0,0.495800336,12500.0,11,0,2,0,3.0
35585,0,0.538312096,34,0,0.259541985,2750.0,6,0,0,0,0.0
35587,0,0.12396083,35,0,0.021081577,12000.0,5,1,0,0,0.0
35588,0,0.16108114699999998,39,0,0.28185757100000003,9000.0,6,0,1,0,2.0
35589,1,0.9999998999999999,30,0,0.467213115,1463.0,6,1,0,1,0.0
35590,0,0.012628681999999999,50,0,1240.0,,10,0,1,0,0.0
35591,0,0.9646070790000001,25,0,0.241340148,1760.0,2,0,0,0,1.0
35592,0,0.079565395,39,0,0.918481643,4820.0,13,0,2,0,0.0
35593,0,0.00563236,48,0,0.421511213,7000.0,10,0,1,0,1.0
35594,0,0.18038528899999998,26,0,0.06910343299999999,9000.0,5,0,0,0,0.0
35596,0,0.011541073,64,0,0.669545625,5325.0,20,0,4,0,1.0
35597,0,0.019966722,39,0,0.329037992,4500.0,6,0,1,0,0.0
35598,0,0.9513095490000001,67,1,11600.0,,9,0,2,1,0.0
35599,0,0.35316457100000004,52,0,0.374437594,6000.0,16,0,1,0,0.0
35600,0,0.013812389,29,1,215.0,0.0,7,0,0,0,0.0
35602,0,0.023998452000000003,34,0,187.0,,5,0,0,0,1.0
35603,0,0.101849349,50,0,0.027847197,2800.0,5,0,0,0,0.0
35604,0,0.013525632,41,0,0.287271273,10000.0,9,0,2,0,0.0
35607,0,0.8805497640000001,49,0,0.144285238,3000.0,3,0,0,0,0.0
35608,0,0.07559622,42,1,0.568886223,5000.0,20,0,2,0,0.0
35609,0,0.006502376999999999,33,0,0.00149925,2000.0,4,0,0,0,0.0
35610,0,0.62633527,63,0,2810.0,,11,0,1,0,
35612,0,0.04188733,63,0,0.244393658,7000.0,13,0,1,0,0.0
35613,0,0.39953348899999996,27,0,0.12277657300000001,4609.0,5,0,0,0,0.0
35614,0,1.321357285,44,1,0.007596961,2500.0,1,0,0,0,0.0
35615,0,0.672041571,57,0,0.32020346899999996,15333.0,6,0,1,0,1.0
35616,0,0.0,49,0,0.033986405,2500.0,2,0,0,0,0.0
35617,0,0.145755143,51,0,1692.0,,7,0,2,0,2.0
35618,1,0.006883704,44,1,0.22002689600000003,9666.0,12,0,1,0,5.0
35619,0,0.422350041,73,0,0.25714857,5000.0,9,0,0,0,1.0
35620,0,0.0,57,0,0.0,,2,0,0,0,0.0
35622,0,0.007668324,76,0,7.0,,6,0,0,0,0.0
35624,0,0.967536684,30,0,0.808282756,2800.0,6,0,1,0,0.0
35625,0,0.66352097,86,0,0.099192065,12500.0,5,0,1,0,1.0
35626,0,0.08593910099999999,50,0,62.0,,2,0,0,0,3.0
35627,0,0.031028498999999998,34,0,0.236105531,7466.0,7,0,2,0,3.0
35628,0,0.0,38,0,0.128974205,5000.0,5,0,0,0,2.0
35629,0,0.169596477,61,0,0.18946598399999998,4100.0,11,0,0,0,0.0
35630,0,0.011418339,80,0,0.003999619,10500.0,11,0,0,0,0.0
35631,0,0.021849295,81,0,1119.0,,12,0,2,0,0.0
35632,0,0.0,32,0,0.38755111299999995,2200.0,6,0,1,0,0.0
35633,0,0.010696948999999999,64,0,0.211010864,5430.0,18,0,2,0,0.0
35635,0,0.0,51,0,0.246840775,3560.0,5,0,0,0,0.0
35637,0,0.2593335,50,0,0.557207964,4168.0,9,0,2,0,1.0
35639,0,0.045628792,46,0,0.030847155,46000.0,10,0,1,0,0.0
35641,0,0.46583163200000005,80,0,0.255938697,2609.0,6,0,0,0,0.0
35642,0,0.047196107,53,0,0.525819998,8810.0,13,0,1,0,3.0
35643,0,0.035598576,52,0,0.15944788199999999,2100.0,6,0,0,0,1.0
35644,0,0.011950473,55,0,3619.0,,12,0,2,0,0.0
35645,0,0.043573267,33,0,0.058470984000000004,6840.0,14,0,0,0,0.0
35647,0,0.019263594,33,2,0.19479400100000002,5800.0,11,1,1,1,0.0
35648,0,0.67592155,38,0,0.050727834000000006,6800.0,6,0,0,2,1.0
35650,0,0.12971548,52,0,0.41046984799999997,5405.0,6,0,2,0,1.0
35653,0,0.0,55,1,4656.0,,8,0,1,0,2.0
35654,0,0.023159691,65,0,0.35416146,4000.0,13,0,1,0,0.0
35655,0,0.34786521299999995,49,0,0.217521932,8320.0,5,0,1,0,2.0
35656,0,0.016023152,68,0,0.298304246,8078.0,3,0,1,0,0.0
35657,0,0.058079226,73,0,0.009224438,14092.0,4,0,0,0,0.0
35658,0,0.9999998999999999,46,0,0.0,2000.0,0,0,0,0,0.0
35659,0,0.171831658,61,0,0.8310887929999999,4380.0,24,0,4,0,0.0
35660,0,0.11704330199999999,36,0,0.21472316,8000.0,6,0,0,0,0.0
35661,0,0.038292459,77,0,1379.0,,8,0,1,0,0.0
35662,0,0.155644438,79,0,0.161186331,4652.0,4,0,0,0,0.0
35664,0,0.0,28,1,0.165933627,2500.0,6,0,0,0,0.0
35666,0,0.506483453,58,0,3137.0,,9,0,1,0,0.0
35667,0,0.029417258999999998,55,0,0.510294303,7916.0,11,0,3,0,1.0
35668,0,0.37163033100000004,82,0,0.461141342,7166.0,16,0,1,1,0.0
35670,0,0.5515278379999999,47,0,1.266592613,3600.0,14,0,3,0,0.0
35673,0,0.892249159,34,0,0.363729859,5833.0,10,0,0,0,0.0
35674,0,0.926147705,22,3,1.577344702,820.0,7,0,1,0,0.0
35676,0,0.29753342,52,0,0.496484924,6400.0,7,0,3,0,1.0
35678,0,0.009828357,79,0,0.078241431,4025.0,6,0,0,0,0.0
35680,0,0.11823300099999999,57,1,0.576462875,6100.0,14,0,2,0,1.0
35681,0,0.032820215,37,0,402.0,,3,0,0,0,0.0
35683,0,0.0,66,0,0.42242277,2880.0,8,0,3,0,0.0
35685,0,0.7324413120000001,49,0,1092.0,,8,0,1,0,1.0
35686,0,0.9149912,62,0,0.6028571429999999,2449.0,6,0,1,0,0.0
35687,0,0.054863010999999996,62,0,0.00939812,5000.0,3,0,0,0,0.0
35688,0,0.092715853,72,0,361.0,,6,0,0,0,0.0
35690,0,0.135580894,53,0,0.511770397,3100.0,7,0,1,0,1.0
35691,0,0.312819382,64,0,0.6983546620000001,2734.0,7,0,1,0,0.0
35692,0,0.005040968,88,0,0.385868065,3622.0,10,0,1,0,0.0
35693,0,0.032010462999999996,56,0,0.36770116,10600.0,13,0,1,0,3.0
35695,0,0.953234109,41,0,0.24068323,7083.0,8,0,0,0,0.0
35696,0,0.887293219,95,0,0.029043167,5026.0,5,0,0,0,0.0
35697,0,0.558977641,59,0,0.7001171420000001,2560.0,6,0,1,0,0.0
35699,0,0.008345655,65,0,9.0,,4,0,0,0,0.0
35700,0,0.374679059,58,0,0.159288374,4833.0,10,0,0,0,0.0
35701,0,0.006896076,68,0,0.139941691,2400.0,4,0,0,0,0.0
35703,0,0.014408215,40,0,0.06344301,5500.0,4,0,0,0,1.0
35704,0,0.072936471,54,0,3868.0,,7,0,2,0,2.0
35705,0,0.019349033,65,0,1879.0,,12,0,1,0,0.0
35706,0,0.078343724,38,0,0.27086525300000003,12400.0,6,0,2,0,2.0
35707,1,0.548682969,62,0,0.574062165,4664.0,12,0,2,0,0.0
35710,0,1.347305389,36,1,116.0,,1,0,0,0,0.0
35713,0,0.020188203000000002,64,0,0.013121546999999999,2895.0,15,0,0,0,0.0
35714,0,0.022757247999999997,65,0,893.0,,8,0,2,0,
35715,0,0.011375782,63,0,1844.0,,12,0,1,0,0.0
35716,0,0.542998822,39,0,4182.0,,8,0,2,0,1.0
35717,0,0.046073848,36,0,2928.0,,5,0,1,0,0.0
35718,1,0.026524717000000003,83,0,0.016183986,3521.0,7,0,0,0,0.0
35719,0,0.015781246999999998,75,0,22.0,,7,0,0,0,0.0
35721,1,0.943862932,51,0,0.668704923,6377.0,21,0,2,0,1.0
35723,0,0.282884975,40,0,131.0,,11,0,0,0,
35726,0,0.35259221,56,0,7094.0,,11,0,3,0,0.0
35727,0,0.172260735,35,0,2038.0,,5,0,1,0,0.0
35728,0,0.278452233,36,0,0.892906815,2875.0,8,0,2,0,0.0
35730,0,0.166166767,55,0,0.535011355,5283.0,9,0,1,0,0.0
35732,0,0.872759297,47,0,0.981908208,5250.0,11,0,3,0,3.0
35733,0,0.07475701,81,0,0.015195948,3750.0,3,0,0,0,2.0
35735,0,1.219195201,31,1,0.204718113,2500.0,3,0,0,0,2.0
35736,0,0.0,23,0,194.0,,5,0,0,0,0.0
35739,0,0.043579702000000005,36,0,0.132775695,10400.0,4,0,1,0,2.0
35740,0,0.060171297,78,0,0.011425306999999999,3500.0,4,0,0,0,1.0
35741,0,0.740599714,26,0,0.228855721,200.0,1,0,0,0,0.0
35742,0,0.0,42,0,0.22596285,33000.0,5,0,1,0,3.0
35743,0,0.0,24,0,0.0,820.0,2,0,0,0,0.0
35746,0,0.002482587,67,0,1.0,,1,0,0,0,
35749,0,0.771228771,22,0,27.0,0.0,1,0,0,0,0.0
35750,0,0.001534073,72,0,1018.0,,9,0,1,0,0.0
35752,0,0.0,60,0,0.35837245700000003,1916.0,2,0,1,0,0.0
35753,0,0.9999998999999999,73,0,0.0,2912.0,1,0,0,0,0.0
35754,0,0.025932137999999997,59,0,654.0,,5,0,1,0,0.0
35755,0,0.08454161199999999,82,0,0.011578947,4749.0,4,0,0,0,0.0
35756,0,0.808104215,61,1,1.879450344,1600.0,12,0,2,0,0.0
35757,0,0.349732079,54,0,0.5105160329999999,8700.0,19,0,2,0,0.0
35758,0,0.069108011,64,0,460.0,,19,0,1,0,0.0
35759,0,0.013955998999999998,75,0,0.233981281,4166.0,10,0,1,0,0.0
35760,0,0.255501025,63,0,0.502026479,3700.0,9,0,2,0,1.0
35761,0,0.0,91,0,0.0,,3,0,0,0,0.0
35762,0,0.0,47,0,2255.0,,4,0,2,0,0.0
35763,0,0.031527465,71,0,0.15836587,10500.0,12,0,1,0,0.0
35765,0,0.21712046,40,0,0.277182445,14650.0,15,0,1,0,1.0
35766,1,0.9999998999999999,49,0,0.023731751000000002,15000.0,1,1,1,0,3.0
35767,0,0.071259407,34,0,0.009283504,4200.0,4,0,0,0,0.0
35768,0,0.204144839,47,1,3398.0,,16,0,2,0,3.0
35769,0,0.0,85,0,0.0,,4,2,0,0,0.0
35770,0,0.7188435009999999,53,0,0.297683374,16100.0,14,0,3,0,1.0
35772,0,0.461784278,65,0,0.5875948529999999,3030.0,6,0,0,0,1.0
35775,0,0.369631883,45,0,0.201161316,14982.0,14,0,0,0,1.0
35779,0,0.042948291,54,0,1030.0,,12,0,1,0,0.0
35780,0,0.356006086,52,1,4242.0,,23,0,2,0,2.0
35781,0,0.046291095,56,0,1391.0,,4,0,1,0,0.0
35783,0,0.38195387399999997,34,1,0.328952739,12250.0,12,0,1,0,2.0
35784,1,0.020616011,70,1,0.129865772,2979.0,6,0,0,0,0.0
35786,0,0.9999998999999999,32,0,566.0,,1,2,0,0,0.0
35787,0,0.041208879,63,0,0.40226171200000005,9284.0,6,0,2,0,0.0
35788,0,0.8246420609999999,75,1,0.7473684209999999,3324.0,10,0,0,0,0.0
35789,0,0.0,42,0,0.46349403200000006,6450.0,19,0,2,0,2.0
35790,0,0.020370535,71,0,0.323558814,3000.0,28,0,1,0,0.0
35791,0,0.17764445,58,0,0.217472816,8000.0,8,0,2,0,0.0
35792,0,0.063371894,64,0,0.333508749,7600.0,15,0,1,0,0.0
35793,0,0.720705831,70,0,0.451545572,10060.0,9,0,2,0,4.0
35794,0,0.00990754,64,0,0.081400943,10392.0,9,0,0,0,0.0
35796,0,0.132192778,54,0,0.517096581,5000.0,13,0,1,0,1.0
35797,0,0.016987836,40,0,0.546751864,4694.0,9,0,2,0,1.0
35801,0,0.501830762,49,0,0.633862999,7488.0,11,0,2,0,2.0
35802,0,0.9999998999999999,27,0,0.194041552,2550.0,1,1,0,0,0.0
35803,0,0.377396888,69,0,0.482122261,2600.0,12,0,0,0,1.0
35804,0,0.022747547000000003,69,0,1249.0,,7,0,1,0,0.0
35806,0,0.604828015,40,0,0.35318275200000004,7791.0,10,0,2,0,0.0
35807,0,0.100109078,31,0,0.211531262,2670.0,4,0,0,1,0.0
35808,0,0.85341786,47,0,5435.0,0.0,10,0,1,0,3.0
35809,0,0.011413036000000001,59,0,0.003879728,6185.0,7,0,0,0,0.0
35812,0,0.607471402,25,1,750.0,0.0,7,0,0,0,5.0
35814,0,0.9999998999999999,75,0,0.0,3400.0,0,0,0,0,0.0
35815,0,0.56456395,64,0,1.0693825590000001,10996.0,15,0,2,0,1.0
35817,0,0.464866336,28,0,0.12963379,4450.0,6,0,0,0,2.0
35818,0,0.158259171,46,0,0.44384227200000004,5350.0,19,0,2,0,0.0
35820,0,0.18377258800000001,73,0,1205.0,,4,0,1,0,
35821,0,0.039900249,41,0,2068.0,,12,1,0,1,0.0
35823,0,0.076829065,46,0,1702.0,,4,0,1,0,3.0
35824,0,0.559497413,45,0,3429.0,,8,0,2,0,2.0
35825,0,0.0,86,0,0.0,2468.0,3,0,0,0,0.0
35826,0,0.26349350899999996,46,2,0.8285037959999999,12250.0,12,0,6,0,4.0
35827,0,0.341950026,38,0,0.180060423,6619.0,5,0,0,0,2.0
35828,1,0.562550401,66,0,0.209309723,9430.0,15,0,1,0,0.0
35829,1,0.913071475,49,1,0.704683196,3629.0,12,2,1,3,3.0
35831,0,0.9999998999999999,24,0,344.0,,1,0,0,0,
35835,0,0.006417174,67,1,1276.0,,18,0,1,0,0.0
35836,0,0.011298882,69,0,0.158122928,7841.0,21,0,1,0,0.0
35837,0,0.056692189000000004,44,1,0.42185250399999996,6250.0,14,0,1,0,2.0
35838,0,0.0,46,0,0.423255335,9700.0,7,0,2,0,4.0
35841,0,0.9999998999999999,31,0,0.248629474,3100.0,2,1,0,1,3.0
35842,0,0.568078953,64,0,0.723319328,4759.0,8,0,1,0,0.0
35844,0,0.208550675,44,0,0.092057026,4909.0,18,0,0,0,0.0
35845,0,0.033737455,55,0,0.264342998,9725.0,11,0,2,0,0.0
35846,0,0.0,59,0,0.19945272100000003,9866.0,6,0,1,0,4.0
35847,0,0.0,52,0,0.184506456,2400.0,8,0,1,0,3.0
35850,0,0.0062601819999999996,44,0,0.15422366699999998,16300.0,22,0,1,0,2.0
35852,0,0.019643492,65,0,0.005804312,2411.0,6,0,0,0,0.0
35853,0,0.229970715,55,0,0.422804533,5647.0,10,0,1,0,0.0
35854,1,0.962888145,39,0,1916.0,,14,0,0,0,3.0
35855,0,0.120357231,49,1,3377.0,,13,0,1,0,0.0
35856,0,0.110179524,51,0,0.502142245,3500.0,14,0,1,0,0.0
35857,0,0.016811003999999997,81,0,0.004435346,5861.0,10,0,0,0,0.0
35858,0,0.043997800000000004,49,0,0.25663285199999997,10251.0,3,0,2,0,0.0
35859,0,0.024461978,50,0,0.19322479899999997,6080.0,8,0,1,0,0.0
35860,0,0.019685216000000002,87,0,0.002147363,7450.0,5,0,0,0,0.0
35861,0,0.9202657809999999,36,0,0.063548733,2800.0,3,1,0,0,0.0
35862,0,0.9999998999999999,32,0,0.0,2600.0,0,0,0,0,0.0
35864,0,0.144638551,48,0,0.40200563,5683.0,5,0,1,0,1.0
35865,0,0.743096685,32,0,0.102542131,3500.0,4,0,0,0,1.0
35866,0,0.7873049540000001,33,0,0.196691511,5500.0,8,0,0,0,2.0
35867,0,0.016499313,82,0,0.384323135,5000.0,4,0,1,0,1.0
35869,0,0.05315682099999999,53,0,0.46069241299999997,8000.0,24,0,1,0,2.0
35870,0,0.528235882,32,0,0.264635603,1673.0,4,0,0,0,0.0
35871,0,0.830092336,56,0,0.453494035,8213.0,17,0,1,0,5.0
35872,1,0.154724314,44,0,0.7274167990000001,4416.0,10,0,3,0,0.0
35873,0,0.005785556999999999,73,0,0.8229282379999999,4500.0,13,0,3,0,0.0
35874,0,0.7107007390000001,43,0,0.41558222100000003,5916.0,8,0,1,0,2.0
35875,0,0.012513524,66,0,0.005999,6000.0,9,0,0,0,0.0
35877,0,0.26694592300000003,59,0,0.935565155,8333.0,23,0,3,0,0.0
35878,0,0.291493134,57,0,0.295243537,7000.0,9,0,1,0,1.0
35879,0,0.008554011,42,0,0.13009864,3750.0,6,0,0,0,2.0
35880,0,0.0,62,0,0.037254081,7166.0,3,0,1,0,0.0
35881,0,0.060537692000000004,47,0,0.906582105,5833.0,14,0,1,0,0.0
35884,0,0.058731799,70,0,0.245025295,5929.0,13,0,0,0,0.0
35885,0,0.079996522,63,0,736.0,,5,0,1,0,0.0
35887,0,0.45703268700000005,74,0,0.5405844160000001,3695.0,14,0,1,0,1.0
35890,0,0.356821589,38,0,0.009541118000000001,2200.0,1,0,0,0,0.0
35891,0,0.315020048,35,0,3146.0,,9,0,2,0,1.0
35892,0,0.214297342,62,0,0.332012828,5300.0,8,0,1,0,1.0
35893,0,1.1028971029999999,49,0,1853.0,,5,0,2,2,0.0
35894,0,0.056723117999999996,24,0,0.11391129,2975.0,3,0,0,0,0.0
35895,0,0.019981655,70,0,0.08346556599999999,3150.0,11,0,0,0,1.0
35896,0,0.9999998999999999,61,0,0.37863167799999997,3200.0,2,0,1,0,0.0
35901,0,0.23252859,29,0,0.050721955,2700.0,7,0,0,0,1.0
35902,0,0.0,61,0,0.00951912,6092.0,3,0,0,0,2.0
35905,0,0.099706461,57,0,0.309601253,8300.0,4,0,1,0,1.0
35911,0,0.9999998999999999,24,0,0.0,,1,0,0,0,0.0
35912,0,0.013899537,61,0,0.40226036,7166.0,11,0,2,0,0.0
35913,0,0.013013832,56,0,0.21660981399999998,7621.0,15,0,1,0,0.0
35914,0,0.081824029,48,1,0.501679866,8333.0,15,0,2,0,1.0
35915,0,0.753549763,47,0,2208.0,,17,0,2,0,2.0
35916,0,0.9999998999999999,64,0,0.09740320599999999,10666.0,1,0,1,0,1.0
35917,1,1.238451935,30,1,0.11464755900000001,6000.0,5,0,0,1,0.0
35918,0,0.110288971,66,0,5979.0,,6,0,4,0,1.0
35919,0,0.024400746,69,0,1631.0,,18,0,2,0,0.0
35920,0,0.006510361,34,0,0.442635271,3991.0,5,0,2,0,0.0
35921,0,0.046342734000000003,57,0,0.306670476,7000.0,9,0,2,0,0.0
35924,0,0.516241879,54,0,0.008998200000000001,3333.0,1,0,0,0,0.0
35925,1,0.9999998999999999,53,0,0.039112051,5675.0,0,0,0,0,0.0
35927,0,0.0,42,0,0.088721805,9309.0,7,0,0,0,2.0
35928,0,0.189344835,60,0,0.7017163809999999,6000.0,15,0,2,0,0.0
35932,0,0.402263274,36,0,0.448573254,9391.0,15,0,1,0,1.0
35933,0,0.0,55,0,0.0,8416.0,3,0,0,0,0.0
35934,0,0.07099645,63,0,43.0,,3,0,0,0,0.0
35935,0,0.069437574,39,1,0.26586410899999996,4900.0,17,0,1,0,1.0
35938,0,0.09986587,86,0,24.0,,1,0,0,0,0.0
35939,0,0.017686321,51,0,0.19446349,11667.0,16,0,3,0,0.0
35941,0,0.043307358,68,0,1090.0,,7,0,1,0,1.0
35942,0,0.0,59,1,0.7748900440000001,2500.0,8,0,1,0,0.0
35943,0,0.21103727,73,0,0.34657039700000003,3600.0,10,0,0,0,1.0
35944,0,0.9999998999999999,57,0,1851.0,,3,0,2,0,0.0
35945,0,0.051072994000000004,49,0,0.394501964,2800.0,4,0,1,0,0.0
35948,0,0.018314826,39,0,0.25054339999999997,6900.0,7,0,2,0,2.0
35950,0,0.19366021100000003,39,0,0.09692977300000001,8500.0,6,0,0,0,0.0
35951,0,0.05125257,87,0,0.260467442,8000.0,13,0,4,0,1.0
35952,0,0.084898302,53,2,0.9180126129999999,6500.0,11,0,3,0,2.0
35954,0,0.001996008,24,0,0.031968032,1000.0,3,2,0,0,0.0
35956,0,0.284121832,39,0,0.431019709,3500.0,7,0,2,0,0.0
35957,0,0.119618426,30,0,0.499066915,3750.0,15,0,1,0,1.0
35959,1,1.075979739,37,3,1687.0,,5,1,0,2,0.0
35960,0,0.049789559000000004,65,0,0.629456848,3000.0,9,0,1,0,1.0
35961,0,0.9999998999999999,46,0,0.20288914100000002,6160.0,12,0,1,0,1.0
35962,0,0.019134618,86,0,0.004180298,5501.0,9,0,0,0,0.0
35963,0,0.9999998999999999,54,0,1706.0,,1,0,1,0,0.0
35964,0,0.184131359,61,1,0.075172049,17000.0,19,0,1,0,0.0
35965,0,0.22695460899999997,36,0,0.095697981,3416.0,2,0,0,0,0.0
35967,0,0.0019999,82,0,5.0,,3,0,0,0,
35970,1,0.373718857,50,0,2536.0,,10,0,2,2,3.0
35975,0,0.30798768,65,0,0.32279949999999996,5600.0,6,0,1,0,0.0
35977,0,0.18616319,73,1,0.410343922,7617.0,11,0,1,0,0.0
35979,0,0.6769971690000001,28,0,0.412401394,5450.0,9,0,0,0,3.0
35980,0,0.011628781000000001,58,0,1639.0,,3,0,1,0,
35981,0,0.037448835,53,0,0.153192608,11416.0,8,0,1,0,0.0
35983,0,0.27223486399999997,32,0,0.154969006,5000.0,13,0,0,0,0.0
35986,0,0.548055726,35,0,0.472631842,4000.0,5,0,2,0,1.0
35987,0,0.9999998999999999,32,0,0.0,1400.0,0,0,0,0,1.0
35989,0,0.163177301,56,0,0.01194487,6529.0,1,0,0,0,3.0
35990,0,0.7925040740000001,48,0,0.234691502,8589.0,8,0,2,0,1.0
35991,1,0.9999998999999999,28,0,0.0,1.0,0,0,0,0,1.0
35994,0,0.04436306,64,0,0.162950384,13543.0,10,0,2,0,2.0
35996,0,8.89e-05,43,0,0.578961786,7300.0,5,0,3,0,0.0
35997,0,0.020515747,50,0,0.245448415,2965.0,9,0,1,1,2.0
35998,0,0.9999998999999999,40,0,244.5,1.0,4,0,0,0,0.0
35999,0,0.001417069,36,0,0.113083951,5800.0,5,0,0,0,0.0
36000,0,0.616111724,62,2,0.421674225,10583.0,17,0,2,0,0.0
36002,0,0.183881612,37,0,0.595015576,8666.0,6,0,3,0,1.0
36003,0,0.9999998999999999,74,0,8.0,,0,0,0,0,0.0
36005,0,0.09007185,71,0,0.39310115,6000.0,9,0,1,0,0.0
36006,0,0.021135064,70,0,0.25262208199999997,8866.0,15,0,2,0,0.0
36008,0,0.010906444,60,0,0.041106544,9000.0,9,0,0,0,3.0
36009,0,0.9325126490000001,51,1,4401.0,,13,0,2,0,4.0
36011,0,0.014308831000000001,61,0,0.274729116,2860.0,9,0,1,0,0.0
36013,0,0.0,44,0,1.003997335,1500.0,7,0,1,0,0.0
36016,0,0.028731417999999998,79,0,0.00299925,4000.0,1,0,0,0,0.0
36018,0,0.17669331100000002,52,0,0.237524593,5590.0,11,0,0,0,0.0
36021,0,0.922498668,56,0,4581.0,,24,0,1,0,0.0
36024,0,0.680933162,33,0,0.711881353,6000.0,11,0,2,0,0.0
36025,0,0.074877691,43,0,0.04532008,8450.0,9,0,1,0,0.0
36027,0,0.276085166,29,0,2168.0,,5,0,1,0,2.0
36029,0,0.127324845,71,0,0.226628895,6000.0,7,0,1,0,0.0
36030,0,0.962037962,51,0,0.463036381,8575.0,8,0,1,0,1.0
36031,0,0.067824121,39,0,0.211596135,3000.0,5,0,1,0,3.0
36032,0,0.071426531,53,1,0.005919526,12500.0,6,0,0,0,0.0
36033,0,0.18159625100000001,72,0,3548.0,,22,0,1,2,0.0
36034,0,4.39e-05,41,0,925.0,,5,0,1,0,0.0
36035,0,0.8709811820000001,40,2,0.978010995,2000.0,6,0,1,0,0.0
36036,0,0.0,25,1,0.11451612900000001,3099.0,2,0,0,0,0.0
36037,0,0.754351531,55,1,0.427683284,17049.0,5,0,2,0,2.0
36038,0,0.009738822,57,0,1054.0,,15,0,1,0,0.0
36040,1,0.275816123,37,1,0.131420639,2160.0,5,0,0,0,4.0
36041,0,0.06694918400000001,57,0,2698.0,,9,1,2,1,0.0
36042,0,0.010777607,47,0,0.14066826699999999,10833.0,8,0,1,0,0.0
36043,1,0.9999998999999999,33,0,0.651449517,3000.0,2,2,1,0,3.0
36044,0,0.021114788,58,0,321.0,,5,0,0,0,0.0
36045,0,0.048454565,44,0,0.312662035,9642.0,15,0,2,0,2.0
36046,1,0.291048264,69,0,1.14624393,3500.0,19,2,2,0,0.0
36047,0,0.9999998999999999,34,0,0.02500414,6038.0,1,1,0,1,0.0
36048,0,0.604080175,52,0,0.64376871,6346.0,13,1,2,0,0.0
36049,0,0.659057254,70,0,0.63470116,4483.0,13,0,2,0,0.0
36050,1,0.873250269,30,0,0.503749375,6000.0,9,0,1,0,0.0
36051,0,0.639627545,70,0,7160.0,,15,0,5,0,0.0
36052,0,0.038838744,79,0,363.0,,13,0,1,0,0.0
36053,0,0.9999998999999999,34,0,0.364528796,4583.0,3,0,1,0,0.0
36055,0,0.032848817999999995,70,0,0.27407509999999996,7216.0,15,0,3,0,0.0
36056,0,0.10562453599999999,57,0,0.240267195,9580.0,23,0,2,0,0.0
36058,0,0.005016178,48,0,0.000413189,12100.0,5,0,0,0,3.0
36059,0,0.457415446,36,0,3532.0,,9,0,1,0,2.0
36061,0,0.540306462,33,0,0.404016693,3833.0,4,0,1,0,0.0
36062,0,0.000735761,53,0,0.0,4129.0,3,0,0,0,0.0
36063,0,0.143051493,55,0,0.250179986,8333.0,7,0,1,0,1.0
36065,1,0.027671022000000003,31,0,0.24318054600000003,12500.0,9,0,0,0,2.0
36066,0,0.065201875,45,0,1394.0,,20,0,1,0,3.0
36067,0,0.049002949000000004,67,0,1813.0,,8,0,1,0,0.0
36068,0,0.03972066,58,0,3319.0,,10,0,2,0,0.0
36069,0,0.9999998999999999,40,0,0.0,4000.0,1,0,0,0,1.0
36070,0,0.9183852020000001,48,0,0.569850039,3800.0,6,0,1,0,1.0
36071,0,0.33780858399999997,63,0,0.49724022100000004,4166.0,13,0,2,0,0.0
36072,0,0.177812864,65,0,0.188816449,3987.0,9,0,0,0,1.0
36073,0,0.013002576,69,0,391.0,,14,0,0,0,0.0
36076,0,0.01682039,50,0,0.129980003,6500.0,18,0,0,0,0.0
36077,0,0.7230823209999999,51,0,0.482606957,2500.0,8,0,1,0,0.0
36078,0,0.577604302,54,0,0.21274310899999999,8380.0,15,0,0,0,1.0
36079,1,0.906996958,29,0,0.140599807,3100.0,3,0,0,1,1.0
36081,1,0.9999998999999999,32,1,628.0,,2,0,0,1,0.0
36082,0,0.0,31,0,0.94789167,2916.0,6,0,1,0,0.0
36084,0,0.28690937899999996,60,0,0.908642652,7300.0,16,0,4,0,0.0
36085,0,0.007413918,57,0,0.21670685,7050.0,10,0,1,0,3.0
36086,0,0.9999998999999999,32,1,0.041293339,2566.0,3,0,0,1,0.0
36087,0,0.073585283,87,0,0.004072566,2700.0,1,0,0,0,0.0
36088,1,0.9999998999999999,38,0,0.031230481,1600.0,2,2,0,0,0.0
36089,0,0.20948448,47,0,1647.0,0.0,15,0,1,0,0.0
36090,0,0.042804527,37,0,0.29917008300000003,10000.0,9,0,1,0,2.0
36091,0,0.20379620399999998,31,0,0.003806844,24166.0,3,0,0,0,0.0
36093,0,0.015657541,63,0,0.146557471,10500.0,24,0,1,0,0.0
36095,0,0.0005351959999999999,39,0,0.054067298,6121.0,11,0,0,0,3.0
36096,0,0.047190562,25,0,0.003249188,4000.0,3,0,0,0,0.0
36098,0,0.007292346,58,0,10.0,,2,0,0,0,0.0
36099,0,0.243038678,48,0,0.178782122,10000.0,6,0,2,0,1.0
36100,1,1.677740864,37,0,33.0,,1,1,0,1,2.0
36102,0,0.20789636,41,0,0.22753733199999998,3950.0,15,0,0,0,1.0
36103,0,0.041268337,54,0,0.036801454,2200.0,16,0,0,0,0.0
36104,0,0.321632116,62,1,0.317043741,3314.0,5,0,1,0,1.0
36105,0,0.222633955,79,1,0.32791802,4000.0,20,0,2,0,0.0
36106,0,0.9999998999999999,42,0,181.0,,1,0,0,0,0.0
36107,0,0.032815483,53,0,0.14047510300000002,8755.0,6,0,1,0,1.0
36109,0,0.17635980399999998,25,1,654.0,,5,2,0,0,0.0
36110,0,0.272304473,44,0,0.04519774,2300.0,5,0,0,0,0.0
36112,0,0.7888699370000001,56,0,1066.0,0.0,11,0,0,0,3.0
36113,1,0.879282219,42,2,0.094055013,5634.0,3,2,0,0,2.0
36116,0,1.089552239,44,0,0.44718889700000003,4250.0,8,0,1,0,1.0
36117,0,0.252604241,53,0,7040.0,,25,0,3,0,0.0
36118,0,0.489434249,43,0,0.23068133100000002,7000.0,14,0,0,0,1.0
36121,0,0.20718061,56,0,0.16559470099999998,20833.0,9,0,1,0,3.0
36122,0,0.621637065,37,0,0.301226715,2200.0,5,0,0,0,0.0
36127,0,0.10058356800000001,36,0,0.39130434799999997,4346.0,8,1,0,0,0.0
36128,0,0.134312077,63,0,0.237687813,9583.0,8,0,2,0,0.0
36129,0,0.5611346220000001,31,0,0.117191944,8788.0,3,0,0,0,4.0
36130,0,0.012028637,52,0,0.07998666900000001,6000.0,8,0,1,0,3.0
36131,0,0.070238595,64,0,1425.0,,4,0,1,0,2.0
36133,0,0.17110379899999997,33,0,0.32123912600000004,4712.0,7,0,1,0,1.0
36134,1,0.11985143599999999,43,0,0.706151832,4583.0,9,0,4,0,0.0
36135,0,0.7622850729999999,55,2,0.466351209,5705.0,16,0,0,1,0.0
36136,0,0.000172226,64,0,0.0009998,5000.0,14,0,0,0,0.0
36137,0,0.20457254,49,0,0.562582844,5280.0,10,0,2,0,2.0
36138,0,0.9999998999999999,86,0,0.31353491699999997,8333.0,5,0,1,0,0.0
36139,0,0.773909842,66,0,0.8491328109999999,8417.0,17,0,2,0,0.0
36140,0,0.027230842,66,0,4072.0,,8,0,1,0,0.0
36141,0,0.093555221,47,0,0.232007429,6460.0,24,0,1,0,3.0
36142,0,0.011312533,89,0,14.0,,8,0,0,0,
36143,0,0.660083225,34,0,1.0178154209999999,3423.0,8,0,2,0,1.0
36144,0,0.301338795,80,0,0.7334666479999999,7000.0,10,0,1,0,0.0
36145,0,0.001830223,71,0,2119.0,,17,0,2,0,0.0
36146,0,0.024722777999999997,24,0,0.638246041,820.0,5,0,0,0,0.0
36147,0,0.447639199,66,0,0.18263622699999998,6000.0,5,0,1,0,0.0
36149,0,0.7690795659999999,69,6,0.6013131079999999,4416.0,11,0,2,0,0.0
36150,1,0.577800076,47,0,0.366492626,10916.0,11,0,1,0,1.0
36151,0,0.027078847000000003,66,0,708.0,,7,0,1,0,0.0
36152,0,0.9033784979999999,61,0,0.320030407,2630.0,3,0,0,0,0.0
36153,0,0.0,41,0,0.52004635,8629.0,11,0,3,0,4.0
36154,1,0.887058564,41,3,0.7252100840000001,2379.0,12,0,1,1,1.0
36155,0,0.504714681,57,0,0.392955801,11583.0,15,0,2,0,0.0
36159,1,0.567755229,54,0,0.22384701899999998,8000.0,11,0,1,0,0.0
36160,0,0.006593117,69,0,9.0,,9,0,0,0,0.0
36161,0,0.21419559800000001,43,0,0.984308658,5416.0,17,0,5,0,2.0
36162,1,0.806607449,35,1,0.273698725,2900.0,12,0,0,0,2.0
36163,0,0.61346923,50,0,0.55503413,2343.0,5,0,1,0,3.0
36164,0,0.218058295,64,0,0.013482633,4375.0,3,2,0,0,0.0
36166,0,0.968900415,78,1,0.5778100310000001,6200.0,18,0,1,0,0.0
36167,0,0.0,59,0,3.067961165,1029.0,7,0,1,0,0.0
36168,0,0.056238645,63,0,0.299902586,22583.0,17,0,2,0,0.0
36169,0,0.9999998999999999,27,0,0.617687075,734.0,4,0,0,1,0.0
36170,0,0.20819908899999998,50,0,0.630783959,9400.0,7,0,3,0,0.0
36171,0,0.019608745,34,0,0.052139622999999996,6846.0,7,0,0,0,0.0
36172,0,0.007201169,42,0,0.133497385,3250.0,11,0,1,0,0.0
36174,0,0.929267043,31,1,0.056628914,1500.0,7,0,0,0,2.0
36175,0,0.067815099,70,1,52.0,,3,0,0,0,
36176,0,0.007698851,48,1,0.40013330399999997,4500.0,15,0,0,0,4.0
36177,0,0.054835934,53,0,1193.0,,8,0,1,0,0.0
36178,0,0.0,69,0,1904.0,,7,0,1,0,0.0
36179,0,0.232264621,58,0,0.094381124,5000.0,6,0,0,0,0.0
36181,0,0.167491118,50,0,0.480541455,6500.0,18,0,2,0,0.0
36182,0,0.018230466,41,1,0.489560835,4166.0,13,0,1,0,0.0
36183,0,0.701783224,45,0,0.435831549,7004.0,14,0,2,0,0.0
36185,0,0.090968011,76,0,0.006570803,10500.0,7,0,0,0,0.0
36188,0,0.015,60,0,0.013197361000000001,3333.0,17,0,0,0,0.0
36189,0,0.00827642,64,0,1.348802395,667.0,13,0,1,0,0.0
36193,0,0.174253293,56,0,614.0,,6,0,2,0,2.0
36194,0,0.036191776,56,1,1431.0,,13,0,1,0,
36195,0,0.072363674,43,0,0.797772065,3500.0,10,0,1,0,1.0
36198,0,0.0045545640000000005,59,0,0.39391100700000004,6404.0,10,0,2,0,1.0
36199,0,0.011471816000000001,68,0,0.151056596,15000.0,6,0,1,0,0.0
36200,0,0.003474913,75,0,0.139033223,6350.0,7,0,1,0,0.0
36201,0,0.043941604,76,0,0.020350547,8500.0,8,0,0,0,2.0
36202,0,0.658796001,46,0,0.43893129799999997,1833.0,6,0,0,0,1.0
36205,0,0.021575514,45,0,0.46299447,4701.0,5,0,1,0,3.0
36206,0,0.038539774,29,0,0.026347791000000002,4933.0,7,0,0,0,0.0
36207,0,0.054071164000000005,68,0,3414.0,,11,0,1,1,0.0
36208,0,0.018071746,42,0,0.256681575,9166.0,6,0,1,0,1.0
36209,0,0.057592874,58,0,0.254468191,8000.0,13,0,2,0,0.0
36210,0,0.030422497000000003,69,0,2110.0,,8,0,1,0,0.0
36211,0,0.25010199899999996,40,0,0.353532905,8250.0,7,0,1,0,3.0
36212,0,0.002773513,60,0,0.002999,3000.0,11,0,0,0,0.0
36214,0,0.423832414,27,0,0.256687536,3513.0,9,0,0,0,0.0
36215,0,0.050330832,28,0,0.085457271,2000.0,9,0,0,0,0.0
36216,0,0.0758237,65,0,1045.0,,19,0,1,0,1.0
36217,0,0.5047205539999999,47,0,0.605139486,10000.0,13,0,2,0,0.0
36218,0,0.6648525120000001,61,0,0.74224924,6579.0,12,0,2,0,1.0
36219,0,0.06075856599999999,38,0,0.40166277,3848.0,14,0,2,0,2.0
36220,0,0.13747182300000002,46,0,0.685682575,4504.0,13,0,3,0,1.0
36221,0,1.0055549940000001,34,0,0.613233557,7616.0,8,0,2,0,1.0
36222,0,0.024108172,46,0,0.177164567,5000.0,9,0,1,0,0.0
36223,0,0.062631246,53,0,0.482260184,11414.0,7,0,3,0,0.0
36225,0,0.100910175,58,0,0.498601119,5003.0,16,0,1,0,3.0
36226,0,0.177496302,37,0,0.144882749,5500.0,8,0,0,0,0.0
36227,0,0.128196431,64,0,0.408899364,14000.0,34,0,4,0,0.0
36229,0,0.38923414799999995,35,0,1.5142788580000002,4166.0,16,0,2,0,0.0
36230,0,0.295132112,77,0,0.484577749,4700.0,19,0,0,0,0.0
36231,0,0.0,33,0,0.273622813,7714.0,5,0,1,0,2.0
36232,0,0.08771672800000001,64,0,0.290064596,3250.0,13,0,1,0,0.0
36233,0,0.141217324,72,1,0.413773148,6911.0,11,0,2,0,0.0
36234,0,0.002938875,65,0,4.0,,6,0,0,0,0.0
36235,0,0.9999998999999999,45,0,0.042553191,6250.0,1,0,0,1,0.0
36236,0,0.32469073,31,0,57.0,,2,0,0,0,0.0
36237,0,0.514407727,40,0,0.212387223,4100.0,13,0,0,0,0.0
36238,1,0.64940239,25,0,7.0,,2,1,0,0,0.0
36239,0,0.004208628,37,1,3077.0,,6,0,1,0,0.0
36241,0,0.019724507,82,0,0.047069682,6500.0,2,0,0,0,0.0
36242,0,0.007984032,28,2,388.0,,4,0,0,0,1.0
36244,0,0.08203671900000001,72,0,85.0,,4,0,0,1,
36245,0,0.0,65,0,0.040751416,10060.0,8,0,0,0,0.0
36246,1,0.9999998999999999,39,0,0.106679035,2155.0,1,2,0,0,3.0
36247,0,0.677246389,63,0,1.520121488,3950.0,20,0,1,0,0.0
36251,0,0.16130756400000001,59,1,0.48274520000000004,7707.0,14,0,3,0,0.0
36252,0,0.06858202,43,0,0.293064267,11000.0,10,0,2,0,2.0
36253,0,0.000291537,41,0,0.27862295600000003,14000.0,10,0,2,0,3.0
36254,0,0.184332734,73,0,0.102951764,4166.0,5,0,0,0,1.0
36255,0,0.20593083399999998,49,0,0.196870772,17000.0,21,0,2,0,1.0
36256,0,0.057162852,50,0,1207.0,0.0,11,0,3,0,2.0
36257,0,0.0068094159999999996,74,0,1863.0,,7,0,1,0,0.0
36258,0,0.25958183,46,0,0.332333533,5000.0,8,0,2,0,4.0
36260,0,0.0,51,0,0.074074074,7100.0,6,0,1,0,0.0
36261,0,0.0,37,2,0.549542048,1200.0,4,0,1,0,2.0
36262,0,0.006328353,48,0,2383.0,,10,0,1,0,0.0
36266,0,0.00436324,26,0,0.11878124300000001,4200.0,6,0,0,0,0.0
36268,0,0.022964725,67,0,0.187138795,10900.0,8,0,1,0,0.0
36269,0,0.0,59,0,941.0,,3,0,1,0,0.0
36270,0,0.9999998999999999,51,0,0.577507599,4605.0,3,2,1,0,0.0
36273,0,0.009805819,32,0,0.002855103,1400.0,3,0,0,0,0.0
36274,0,0.075495233,45,0,0.0069995330000000005,15000.0,6,0,0,1,0.0
36276,0,0.455413615,71,0,2407.0,,8,0,2,0,0.0
36277,0,0.001235886,82,0,0.0,3100.0,3,0,0,0,0.0
36279,0,0.9224039159999999,28,1,788.0,0.0,14,0,0,0,0.0
36280,0,0.49250163,32,0,0.85778781,3100.0,3,0,1,0,2.0
36281,0,0.5331925999999999,40,0,1.2226386809999998,1333.0,6,0,1,0,1.0
36283,0,0.025625689,58,0,0.16626671199999998,5833.0,4,0,1,0,0.0
36284,0,0.323876095,49,0,0.122748858,11160.0,11,0,0,0,2.0
36286,0,0.256049961,64,0,0.067644119,3000.0,13,0,0,1,0.0
36287,0,0.7289815890000001,36,1,0.777189888,1700.0,6,0,1,0,0.0
36289,1,0.9876363640000001,41,0,1673.0,,5,0,1,0,2.0
36290,0,0.23035392899999999,47,1,0.010194903,3334.0,1,0,0,0,0.0
36291,0,0.0012940669999999999,70,0,2441.0,,9,0,1,0,0.0
36293,0,1.9635045619999998,31,0,0.38520269,5500.0,8,0,1,0,3.0
36294,0,0.859626817,55,0,0.83833408,2232.0,6,0,1,0,1.0
36297,0,0.045804974000000005,63,0,0.46991257700000005,15670.0,5,0,2,0,1.0
36299,0,0.96920308,42,1,0.254124705,9333.0,6,0,1,0,0.0
36301,0,0.5301505,41,0,1.059202059,1553.0,4,0,1,0,2.0
36302,0,0.0,69,0,715.0,,3,0,1,0,0.0
36303,0,0.30977125899999997,47,0,0.9035943820000001,4200.0,6,0,2,0,0.0
36304,0,0.041481195,85,0,0.273464164,2343.0,4,0,1,0,0.0
36305,0,0.096207448,60,0,0.165257494,1300.0,7,0,0,0,0.0
36306,0,0.010321089,52,0,0.241524762,6400.0,11,0,1,0,1.0
36307,0,0.034595277,52,0,0.005839674,5650.0,11,0,0,0,1.0
36308,0,0.002409745,69,0,26.0,,12,0,0,0,0.0
36310,0,0.084855278,57,0,115.0,,4,0,0,0,
36311,0,0.0015338779999999998,61,0,0.00019604,5100.0,4,0,0,0,0.0
36312,0,0.9999998999999999,45,1,0.189039652,7590.0,3,0,1,0,0.0
36313,0,0.9999998999999999,32,0,0.36576912799999994,3750.0,8,0,2,0,0.0
36315,0,0.320667933,69,1,0.164367127,5000.0,4,0,1,0,0.0
36316,0,0.354148521,61,0,1904.0,,9,0,0,0,2.0
36317,0,0.058798737999999996,66,0,0.036043147000000005,3800.0,8,0,0,0,0.0
36318,0,0.0,68,0,0.428892777,4000.0,7,0,1,0,0.0
36321,0,0.179581283,34,0,0.060336763,2137.0,5,0,0,0,0.0
36322,0,0.891277181,49,0,333.0,,4,2,0,1,0.0
36324,0,0.167504459,49,0,0.447710458,5000.0,8,0,2,0,1.0
36325,0,0.18805413,25,0,0.197520992,2500.0,5,0,0,0,0.0
36326,0,0.030384855,47,0,0.272497045,5922.0,6,0,1,0,2.0
36327,0,0.098963651,58,0,1620.0,,24,0,2,0,0.0
36328,0,0.9295457559999999,36,0,1950.0,,6,0,1,0,0.0
36329,0,0.00944392,51,0,0.0017568520000000002,2845.0,3,0,0,0,1.0
36331,0,0.496099681,53,0,0.916458408,2800.0,9,0,1,0,0.0
36332,0,0.219096285,46,0,0.543482434,5208.0,10,0,1,0,1.0
36333,0,0.530412129,47,0,1482.0,,9,0,0,0,0.0
36334,0,0.054426555999999994,47,0,0.011997474,4750.0,7,0,0,0,0.0
36335,0,0.6758826029999999,50,0,1.040078201,8183.0,8,0,2,0,2.0
36336,0,0.206639668,45,0,0.282251908,5239.0,2,0,1,0,0.0
36340,0,0.002949765,49,0,1398.0,,10,0,1,0,0.0
36341,0,0.032111548999999996,54,1,0.28108594600000003,6666.0,10,0,2,0,1.0
36342,0,0.104748408,40,0,0.588983821,5500.0,20,0,2,0,2.0
36343,0,0.012476293000000001,43,0,0.0054748869999999995,4200.0,5,0,0,0,0.0
36344,0,0.006816846999999999,67,0,0.416597234,6000.0,13,0,3,0,0.0
36345,0,0.034454571,85,0,75.0,,6,0,0,0,0.0
36346,0,0.346079615,48,0,0.550514849,6700.0,19,0,2,0,2.0
36348,0,0.0,73,0,2138.0,,8,0,1,0,0.0
36350,0,0.089451835,88,0,0.065259117,2083.0,3,0,0,0,0.0
36351,0,0.084368169,51,0,0.552456594,5413.0,7,0,2,0,1.0
36353,0,0.08204589799999999,83,0,0.051864195,4800.0,7,0,0,0,0.0
36354,0,0.035570412,68,0,39.0,,6,0,0,0,0.0
36356,0,0.0,75,0,1737.0,,2,0,1,0,3.0
36357,0,0.412041691,25,1,0.334073745,2250.0,7,0,0,0,0.0
36358,0,0.062197927,74,0,0.249821454,7000.0,8,0,1,0,0.0
36359,0,0.011607861,59,0,2487.0,,12,0,2,0,0.0
36360,0,0.8431568429999999,26,1,1168.0,,4,0,1,0,0.0
36361,0,0.478835045,51,0,0.281414287,9700.0,13,0,1,0,0.0
36363,0,0.34742659200000003,44,0,0.564891367,5200.0,11,0,1,0,2.0
36364,0,0.0,83,0,1.0,,10,0,0,0,
36365,1,0.342832146,47,1,0.259490844,2238.0,2,4,0,0,2.0
36366,0,0.082020821,78,0,577.0,,15,0,0,0,0.0
36367,1,0.40964430700000004,63,0,0.32230908,3325.0,6,0,0,0,0.0
36368,0,0.03521174,64,0,0.007004248,8708.0,4,0,0,0,0.0
36370,0,0.35010613399999996,61,0,0.31713657300000003,5000.0,13,0,2,0,0.0
36371,0,0.063583072,35,0,201.0,,12,0,0,0,0.0
36375,0,0.41180911600000003,58,0,0.9419750379999999,4566.0,14,0,1,0,0.0
36376,0,0.322890281,46,0,0.208666667,4499.0,5,0,0,0,0.0
36377,1,0.7200608559999999,27,2,634.0,,3,0,0,2,0.0
36379,0,0.029373588,52,0,0.14667270300000002,4417.0,8,0,0,0,0.0
36380,0,0.125211947,63,1,0.038056779,8171.0,4,0,1,0,0.0
36381,0,0.137918407,58,0,0.387323944,3833.0,17,0,0,0,0.0
36383,0,0.0144895,81,0,697.0,,7,0,0,0,0.0
36385,0,0.640084995,62,0,0.20492681199999999,2800.0,5,0,0,0,0.0
36386,0,0.005067146,66,0,0.42260362700000004,6175.0,20,0,3,0,0.0
36389,0,0.176460208,31,0,0.10471847,5700.0,8,0,0,0,0.0
36390,0,0.150983224,79,0,0.039276258,2265.0,3,0,0,0,0.0
36392,0,0.038658437000000004,67,0,0.011994003,2000.0,3,0,0,0,0.0
36394,0,0.038177208,82,0,0.101323966,3700.0,3,0,1,0,0.0
36395,0,0.556165684,67,0,0.42835111200000003,7780.0,10,1,1,0,3.0
36396,0,0.115437458,40,0,4472.0,,11,0,2,0,1.0
36397,0,0.26096205100000003,64,0,0.688278505,3130.0,10,0,1,0,2.0
36398,0,0.393989983,57,1,0.161892525,13230.0,14,0,1,0,0.0
36400,0,0.386624505,48,0,0.292553791,8876.0,15,0,1,0,2.0
36402,0,0.24045978899999998,35,0,0.623288725,6500.0,11,0,2,0,2.0
36403,0,0.83292428,52,0,0.27905039600000003,2400.0,3,0,0,0,1.0
36404,0,0.017224229,63,0,0.172206948,4000.0,6,0,1,0,0.0
36405,0,0.9413895859999999,49,1,0.577642236,10000.0,40,0,2,0,0.0
36406,0,0.088784045,45,0,0.5613704820000001,2655.0,17,0,1,0,2.0
36407,0,0.034548273,73,0,1.027473925,3930.0,4,0,2,0,0.0
36408,0,0.9999998999999999,62,0,357.0,,7,0,0,0,0.0
36409,0,0.113368543,52,0,0.279229839,10750.0,14,0,2,0,2.0
36410,0,0.07072585599999999,58,0,0.060136737999999995,7166.0,8,0,1,0,0.0
36411,0,0.051996414000000005,39,0,0.274241919,3000.0,5,0,0,0,2.0
36417,0,0.032759345,34,1,0.221570766,7333.0,5,0,2,0,0.0
36418,0,0.24857871,70,0,0.354778555,2144.0,8,0,1,0,0.0
36420,0,0.0,49,0,4434.0,,6,0,2,0,0.0
36422,0,0.088721122,60,0,0.308694876,5600.0,10,0,1,0,0.0
36425,0,0.022799349,68,0,1.104952294,2200.0,9,0,2,0,0.0
36426,0,0.038204194,49,0,0.05895187,45833.0,7,0,1,0,1.0
36427,0,0.06637935,37,0,0.18936446199999998,3083.0,5,0,0,0,0.0
36428,0,0.14464738,36,0,0.11275188400000001,6500.0,5,0,0,0,3.0
36429,0,0.041233365,44,0,0.50354481,5500.0,6,0,2,0,3.0
36430,0,0.5795540339999999,74,0,0.433643571,2900.0,7,0,1,0,0.0
36431,0,0.014789621000000001,63,0,0.175977293,7750.0,11,0,1,0,0.0
36433,0,0.17673434100000002,65,0,0.840204305,5481.0,14,0,3,0,0.0
36434,0,0.8782435129999999,29,1,576.0,,8,0,0,0,0.0
36436,0,0.008284925,76,0,2.0,,1,0,0,0,0.0
36437,0,0.422974785,37,0,1730.0,0.0,6,0,1,0,0.0
36438,1,0.168511246,27,2,0.177239523,2600.0,5,0,0,0,1.0
36439,0,0.025787908,54,0,1502.0,0.0,8,0,1,0,2.0
36441,0,0.412490798,67,0,0.5476754970000001,9700.0,17,0,2,0,2.0
36442,0,0.18412242899999998,39,0,0.527904017,5500.0,5,0,1,0,0.0
36443,0,0.0,59,0,0.272282493,4700.0,15,0,1,0,0.0
36444,1,0.998461775,51,1,0.458009255,10156.0,6,1,2,2,1.0
36445,0,0.008561137,78,0,0.004346314,5751.0,14,0,0,0,0.0
36447,0,0.146550493,34,0,1.120786517,2135.0,5,0,1,0,0.0
36448,0,0.587096552,36,1,0.303791393,6250.0,10,0,1,0,1.0
36449,0,0.043261959,70,0,0.024718023,4166.0,3,0,0,0,0.0
36450,0,0.051941867999999995,58,0,0.154937625,10500.0,10,0,1,0,0.0
36451,0,0.015286547,48,0,0.00192283,7800.0,4,0,0,0,1.0
36452,0,0.0,37,0,1.788169464,1250.0,6,0,2,0,1.0
36454,0,0.200689883,46,0,0.43370021,7631.0,9,0,2,0,3.0
36455,0,0.9999998999999999,32,0,812.0,1.0,11,2,0,3,0.0
36456,0,0.366654684,50,0,0.538820393,3000.0,14,0,0,0,0.0
36457,0,0.089269689,61,0,0.16815221100000002,5833.0,9,0,1,0,0.0
36458,0,1.015316326,55,1,0.31875,6879.0,6,0,1,0,1.0
36460,0,0.0,46,0,0.0029994,5000.0,5,0,0,0,0.0
36461,0,0.7408920459999999,44,0,0.37673972200000005,6250.0,16,0,1,0,0.0
36462,0,0.256476863,58,0,0.882512182,1846.0,12,0,2,0,0.0
36463,0,0.022392265,66,0,0.19787193100000003,15600.0,16,0,3,0,0.0
36464,0,0.354468395,71,1,0.42844872,5820.0,10,0,1,0,0.0
36465,0,0.09915419199999999,34,0,0.295965181,8500.0,17,0,1,0,2.0
36466,0,0.8894663009999999,46,1,0.24646297399999997,13287.0,13,0,0,0,3.0
36468,0,0.0,31,0,1.696048632,1315.0,6,0,1,0,0.0
36470,0,0.21633531600000003,74,0,5778.0,,12,0,2,0,0.0
36471,0,0.9999998999999999,80,0,0.0,,0,0,0,0,
36472,0,1.256391944,30,1,0.346826587,2000.0,6,1,0,0,0.0
36474,0,0.10235433099999999,43,0,0.364658835,4000.0,4,0,1,0,0.0
36475,0,0.45334186600000004,47,4,0.426395939,6500.0,7,0,2,1,2.0
36476,0,0.027141057000000003,72,1,0.112219451,400.0,14,0,0,0,0.0
36477,0,0.121675999,54,0,0.457297915,3500.0,15,0,2,0,0.0
36479,0,0.054684152,71,0,0.049790042,5000.0,7,0,1,0,0.0
36480,0,0.00015555200000000002,50,0,0.36654558,5780.0,11,0,1,0,2.0
36481,0,0.544222385,38,0,0.17587767399999998,14583.0,4,0,0,0,3.0
36482,0,0.17011364399999998,39,1,0.158226473,4600.0,16,0,0,0,2.0
36483,0,0.028430311,63,0,0.273962168,7876.0,11,0,1,0,2.0
36484,0,0.9056251670000001,40,4,0.651565623,1500.0,5,1,0,0,1.0
36485,0,0.226745478,45,0,0.180361545,4867.0,5,0,0,1,5.0
36487,0,0.06470572200000001,49,0,0.14710716599999998,6083.0,7,0,1,0,1.0
36488,0,0.964452344,38,0,0.5045574829999999,3400.0,5,0,2,0,2.0
36489,1,0.870458838,32,3,1.1462463440000001,3076.0,14,0,2,1,0.0
36490,0,0.302953466,59,0,0.5535880710000001,2145.0,7,0,1,0,1.0
36491,0,0.046560952999999995,47,0,0.322278057,2984.0,7,0,1,0,0.0
36492,0,0.15188658300000002,42,0,0.24913167,9500.0,14,0,2,0,0.0
36493,0,0.107996516,52,0,0.198732868,7733.0,9,0,3,0,2.0
36494,1,0.23390081399999998,38,0,0.8881879490000001,4596.0,7,1,2,0,0.0
36495,0,0.0018780860000000002,65,0,0.496138119,2200.0,18,0,2,0,0.0
36496,0,0.021107202000000002,33,0,0.14104223,8500.0,6,0,0,0,0.0
36498,0,0.038818051,64,0,0.12631868599999999,10900.0,7,0,0,0,0.0
36499,0,0.9999998999999999,23,0,370.0,,3,0,0,0,0.0
36501,0,0.0,50,0,740.0,,3,0,1,0,0.0
36502,0,0.0024285220000000002,84,0,0.149323927,1700.0,9,0,0,0,1.0
36505,0,0.017983034,54,0,2648.0,,5,0,2,0,1.0
36507,0,0.007983315,79,0,0.16464516099999998,3874.0,8,0,1,0,0.0
36509,0,0.9999998999999999,55,0,0.0,,0,0,0,0,1.0
36510,0,0.0,30,0,0.552164435,3210.0,7,0,1,0,0.0
36511,0,0.33668877700000005,38,1,0.48185118,6611.0,5,0,1,0,2.0
36513,0,0.037312787,48,0,1814.0,,7,0,1,0,0.0
36514,0,0.976695428,27,0,2175.0,,11,0,0,0,0.0
36518,0,0.968864701,41,1,1497.0,,4,3,0,0,2.0
36519,0,0.08815294800000001,49,0,0.25674865,3333.0,7,0,1,0,2.0
36520,0,0.10390821800000001,34,0,0.17440750800000002,12573.0,5,0,2,1,0.0
36521,0,0.786790593,33,1,0.12231331699999999,4512.0,3,0,0,0,1.0
36522,0,0.013149343,56,0,0.426994224,13676.0,5,0,2,0,0.0
36523,0,0.057676185,81,1,0.052408360999999994,3300.0,14,0,0,0,0.0
36524,0,0.276597264,39,0,0.347141087,5648.0,7,0,1,0,2.0
36526,0,0.85693321,38,0,1970.0,,9,0,0,0,2.0
36527,0,0.65087211,58,1,0.655409909,4500.0,23,0,1,0,0.0
36528,0,0.019771665,35,1,0.37707231,2834.0,7,0,2,0,0.0
36531,0,0.13343985,49,0,0.431388774,7250.0,9,0,1,0,1.0
36532,0,0.135982454,68,1,0.204804805,3329.0,6,0,1,0,1.0
36533,0,0.0042190529999999995,71,0,807.0,,4,0,1,0,0.0
36535,0,0.00077271,51,0,3551.0,,7,0,2,0,0.0
36536,0,0.496689845,56,1,1.182657181,5200.0,20,0,2,0,0.0
36538,0,0.24243057699999998,31,0,0.7050983009999999,3000.0,12,0,1,0,0.0
36539,0,0.058739462,60,0,0.09728151,4450.0,11,0,0,0,0.0
36542,0,0.047812842,80,1,0.158263105,7000.0,9,0,1,0,0.0
36543,0,0.14739260099999998,36,0,0.246375332,9793.0,9,0,1,0,2.0
36544,0,0.10945934,48,0,0.26956521699999997,3334.0,4,0,0,0,0.0
36545,0,0.128978504,29,0,0.475128128,9950.0,7,0,2,0,1.0
36546,0,0.889421274,37,0,0.33808274,8000.0,12,0,1,0,2.0
36547,0,0.154055938,49,0,0.238313474,12000.0,7,0,2,0,3.0
36548,0,4.937062937,33,0,0.7661677490000001,3540.0,12,2,1,0,0.0
36549,0,0.010262129,76,0,2440.0,,26,0,2,0,0.0
36550,0,0.021955561000000002,85,0,0.01390059,2373.0,9,0,0,0,0.0
36551,0,0.079482579,66,0,0.134609182,9300.0,16,0,1,0,1.0
36552,0,0.041686005,75,0,0.17593880399999998,2875.0,7,0,0,0,0.0
36554,0,0.376661569,48,0,646.0,,3,0,0,0,0.0
36555,0,0.9999998999999999,32,0,0.409062694,6443.0,3,1,1,0,1.0
36559,0,0.283212051,41,0,0.42892178299999995,11416.0,12,0,2,0,3.0
36560,0,0.078355788,44,0,0.474505099,5000.0,10,0,1,0,2.0
36561,0,0.44942170600000003,44,1,0.349107712,6275.0,13,0,1,0,4.0
36562,0,0.041994400999999994,80,0,10.0,,5,0,0,0,0.0
36563,0,0.0,62,0,0.066692554,10300.0,7,0,0,0,0.0
36564,0,0.12098487699999999,36,0,0.333148251,1800.0,10,0,0,0,0.0
36565,0,0.162288036,60,0,0.028561577,17400.0,9,0,0,0,0.0
36567,0,0.309852767,43,4,0.22886133,12417.0,20,0,2,0,3.0
36568,0,0.00533558,58,0,13.0,,14,0,0,0,
36569,0,0.066011523,62,1,0.406532988,3091.0,8,0,3,0,0.0
36574,1,1.090670171,43,0,0.09778743599999999,5061.0,2,0,0,1,4.0
36575,0,0.081232217,54,0,0.391604137,4930.0,5,0,1,0,1.0
36576,0,0.078955767,57,0,0.185454163,9500.0,17,0,1,0,1.0
36578,0,0.357611274,60,0,5336.0,,9,0,2,0,0.0
36579,0,0.09728728800000001,45,0,0.33862151700000004,7500.0,12,0,1,0,0.0
36581,0,0.133011279,64,1,2.004847016,3300.0,19,0,3,0,0.0
36582,0,0.811689842,56,2,0.5,8127.0,17,0,1,0,1.0
36583,0,0.141985054,59,0,0.22991157199999998,2600.0,4,0,1,0,0.0
36584,1,0.782801911,29,4,0.17689243,3764.0,4,0,0,0,1.0
36585,0,0.07781760900000001,71,0,0.33106689300000003,10000.0,19,0,3,0,0.0
36586,0,0.34899591,40,1,0.362204724,8000.0,14,0,2,0,0.0
36589,0,0.028539602999999997,53,0,0.335366377,11640.0,24,0,1,0,0.0
36590,0,0.165927192,57,0,0.060197939000000006,9800.0,13,0,0,0,0.0
36591,0,0.451936578,31,0,1.02736266,4750.0,6,1,2,0,0.0
36593,0,0.039435776,62,0,0.082196712,25000.0,8,0,1,0,0.0
36595,0,0.22576166,56,1,0.350464116,8833.0,27,0,2,1,1.0
36596,0,0.103609238,46,0,0.072985403,5000.0,8,0,0,0,2.0
36599,0,0.079446028,59,0,1321.0,,4,0,1,0,0.0
36600,0,0.001782366,65,0,326442.0,,6,0,1,0,0.0
36601,0,0.807999769,83,0,0.534098582,2961.0,8,0,1,0,0.0
36602,0,0.0071887109999999995,66,0,0.167603085,10500.0,18,0,1,0,0.0
36605,1,0.035312292,53,1,0.16723058400000002,25712.0,22,1,2,0,0.0
36606,0,0.007254783000000001,76,0,0.094891838,5500.0,11,0,1,0,0.0
36607,0,0.600418259,49,0,0.279772023,10000.0,16,0,2,0,4.0
36608,0,0.11834210699999999,29,0,0.853053435,3667.0,15,0,1,0,0.0
36609,0,0.088696944,52,0,0.096390361,10000.0,5,0,0,0,3.0
36610,0,0.03490996,60,0,0.443567482,3800.0,7,0,2,0,0.0
36612,0,0.9999998999999999,39,0,0.7409968309999999,3470.0,4,2,1,2,2.0
36616,0,0.001694548,65,0,327.0,,8,0,0,0,0.0
36617,0,0.623976173,27,2,0.165219679,3800.0,4,0,0,0,1.0
36618,0,0.145952252,51,0,0.15695921300000001,6300.0,13,0,0,0,0.0
36620,1,0.981555032,42,1,0.5536022429999999,9271.0,21,0,2,0,1.0
36622,0,0.0,51,0,0.075279421,6083.0,4,0,0,0,0.0
36626,1,0.533291945,60,1,1.690344646,3800.0,17,0,2,0,0.0
36627,0,0.127077055,37,1,0.27496072,7000.0,6,0,0,0,3.0
36629,0,0.26562932100000003,48,4,0.321996186,12583.0,14,0,3,1,0.0
36633,0,0.9999998999999999,63,0,3615.0,,6,0,4,0,0.0
36634,0,0.103744813,33,1,0.327244761,5200.0,7,0,1,0,2.0
36635,0,0.0,32,0,239.0,,4,0,0,0,0.0
36636,0,0.886535552,36,0,0.008602891,2905.0,2,0,0,0,2.0
36637,0,0.019091536,79,0,0.013397321,5000.0,11,0,0,0,1.0
36639,0,0.091996933,75,0,534.0,,2,0,0,0,0.0
36640,0,0.021119428,75,0,1379.0,,12,0,0,0,0.0
36641,0,0.09815214800000001,60,0,1509.0,,8,0,1,0,0.0
36643,0,0.126771831,79,0,0.059985004,4000.0,5,0,0,0,0.0
36644,0,0.083713311,49,0,1264.0,0.0,6,0,1,0,0.0
36645,0,0.135878513,49,0,0.35851677,14400.0,15,0,2,0,0.0
36646,0,0.049375842,59,0,0.016381143,7996.0,6,0,0,0,3.0
36647,0,0.075804129,61,0,0.212270543,8116.0,11,0,2,0,0.0
36648,0,0.078751445,48,0,0.25715696,8103.0,8,0,1,0,3.0
36649,0,0.9999998999999999,60,0,24.0,,1,0,0,0,0.0
36650,0,0.033259868,54,0,0.152961981,7916.0,12,0,2,0,2.0
36651,0,1.0607809559999999,48,0,0.30537557,8333.0,10,0,1,1,0.0
36652,0,0.808959552,38,0,0.44342659100000004,4038.0,5,0,1,0,1.0
36653,1,0.011595931,64,0,0.459478758,2800.0,10,0,0,0,0.0
36655,0,0.215481746,47,0,1.255062804,3900.0,10,0,0,0,1.0
36656,0,0.159730702,65,0,0.1409467,10393.0,6,0,1,0,1.0
36657,1,0.546625459,40,1,0.098308891,14250.0,4,1,0,0,0.0
36658,0,0.03029809,59,0,0.222591362,6320.0,19,0,1,0,0.0
36660,0,0.04616349,62,0,1092.0,,8,0,1,0,0.0
36661,0,0.06825938599999999,82,0,556.0,,4,0,1,0,0.0
36662,0,0.172542317,35,0,0.708658268,5000.0,10,0,2,0,0.0
36663,0,0.089191638,26,0,0.266103954,2250.0,8,0,0,0,0.0
36666,0,0.616923765,40,0,43843.0,,14,0,1,0,0.0
36673,0,0.010019644,66,0,29.0,,11,0,0,0,0.0
36674,0,0.029815555,74,0,0.010114764,5140.0,4,0,0,0,0.0
36675,0,0.047163052999999996,70,2,0.413690646,17500.0,16,0,4,0,0.0
36676,0,0.9999998999999999,40,0,0.131161159,10833.0,4,0,1,0,2.0
36677,0,0.022883505,44,0,0.076769248,9000.0,8,0,1,0,0.0
36678,0,0.09641777800000001,55,0,0.9927682959999999,6913.0,16,0,3,0,0.0
36679,0,0.020334206,51,1,0.0007999289999999999,11250.0,3,0,0,0,2.0
36680,0,0.38765859,43,0,0.950809838,5000.0,13,0,2,0,2.0
36681,0,0.162253815,24,0,0.385045982,2500.0,5,0,0,0,0.0
36684,0,0.03650222,64,0,992.0,,4,0,1,0,0.0
36685,0,0.042684319000000005,57,0,0.652139144,2500.0,16,0,1,0,0.0
36687,0,0.347756677,53,0,0.20418903300000002,9500.0,10,0,1,0,2.0
36688,0,0.018632423000000002,44,0,0.462209945,9049.0,17,0,2,0,2.0
36690,0,0.083689615,58,0,0.18678774899999998,11231.0,20,0,1,0,3.0
36691,0,0.47986080600000003,35,0,0.107678464,3333.0,2,0,0,0,2.0
36692,0,0.9999998999999999,73,1,0.027541312000000002,1996.0,1,1,0,0,0.0
36694,1,1.026564062,53,5,1.253898441,2500.0,8,0,1,1,2.0
36695,0,0.0,76,0,0.0,3596.0,2,0,0,0,0.0
36696,0,0.959560049,49,0,0.301469853,10000.0,8,1,0,0,2.0
36698,0,0.311638874,32,0,0.276430892,4000.0,10,0,0,0,0.0
36699,0,1.076846165,44,0,0.7110013890000001,6480.0,5,0,2,0,0.0
36702,0,0.392535821,36,2,1425.0,,11,0,1,1,0.0
36703,0,0.075333253,60,0,0.169991174,5664.0,11,0,0,0,0.0
36705,0,0.514148585,50,0,0.571777571,8595.0,11,0,3,0,3.0
36707,0,0.201988118,49,0,0.456852792,6500.0,5,0,1,0,1.0
36709,0,0.0,70,0,0.20559929999999998,8000.0,6,0,2,0,0.0
36711,0,0.9999998999999999,34,0,0.640830318,5250.0,4,0,2,0,2.0
36712,0,0.12903533,75,0,0.666780939,5833.0,6,0,2,0,0.0
36714,0,0.000839983,55,0,1354.0,,5,0,1,0,0.0
36715,0,0.753133855,29,0,0.040133423,159791.0,21,0,2,0,0.0
36717,1,0.42108178,51,0,0.194532338,7900.0,7,0,1,1,2.0
36718,0,0.00587775,59,0,0.149120949,18883.0,9,0,1,0,1.0
36720,0,0.105390822,32,0,0.127202643,3631.0,8,0,0,0,0.0
36723,0,0.315181795,40,0,0.399622264,9000.0,16,0,1,0,3.0
36724,0,0.050760424000000005,54,0,0.063651067,19166.0,10,0,0,0,3.0
36725,0,0.9999998999999999,64,0,0.209159178,8122.0,3,0,1,0,1.0
36727,0,0.017352673,33,0,452.0,,9,0,0,0,0.0
36729,0,0.572432273,71,0,10.97038567,1451.0,9,0,0,0,0.0
36730,0,0.084966573,34,0,0.130747701,2500.0,5,0,0,0,0.0
36731,0,0.0032299459999999996,67,0,693.0,,7,0,1,0,0.0
36732,1,0.62871442,46,0,0.96383936,6000.0,15,0,2,0,0.0
36733,0,0.37059052299999995,41,0,0.340484557,5406.0,14,6,1,0,3.0
36734,1,0.400962572,43,0,0.252668176,12367.0,8,0,1,0,0.0
36737,0,0.030723037,37,0,0.5131375579999999,5175.0,10,0,2,0,0.0
36738,0,0.071430618,52,0,1847.0,,7,0,2,0,2.0
36739,0,0.39676215200000003,46,0,0.374990273,12850.0,8,0,2,0,2.0
36740,0,0.796168153,39,0,0.073886773,15225.0,4,0,0,0,3.0
36741,1,1.11887568,71,4,0.32246890300000003,6350.0,15,0,0,1,0.0
36743,0,0.016249728999999997,70,0,0.280466873,2912.0,10,0,1,0,0.0
36745,0,0.08878656800000001,46,0,5488.0,,3,0,2,0,0.0
36746,0,0.084434225,61,0,0.239339752,8723.0,10,0,2,0,0.0
36747,0,0.118107025,46,0,9773.0,,11,0,3,0,0.0
36748,0,0.487593512,63,0,0.325438109,19800.0,19,0,3,0,1.0
36749,0,0.006460063,84,0,956.0,,6,0,1,0,0.0
36751,0,0.007322964,69,0,0.18236472899999998,10478.0,10,0,1,0,1.0
36752,0,0.021710392999999998,72,0,139.0,,10,0,1,0,
36753,0,0.142843956,47,0,968.0,0.0,8,0,2,0,0.0
36754,0,0.0,26,0,67.0,,2,0,0,1,0.0
36756,0,0.9999998999999999,48,0,0.074814576,3100.0,2,8,1,0,0.0
36757,0,0.526899215,65,0,5919.0,,9,0,2,0,
36759,0,0.08550889099999999,69,0,47.0,,8,0,0,0,0.0
36762,0,0.871192746,51,0,0.306923269,4000.0,4,0,0,0,0.0
36763,1,0.915273643,39,1,1.0790531490000002,2238.0,10,0,0,2,0.0
36764,0,0.9999998999999999,45,0,0.065973611,2500.0,2,0,0,0,3.0
36765,0,0.17857072100000002,64,0,0.30718433300000003,8782.0,9,0,2,0,1.0
36766,0,1.019258308,47,0,0.334261192,4310.0,11,1,0,0,3.0
36767,0,0.990438618,59,0,0.25989456899999996,11950.0,10,0,2,0,1.0
36768,0,0.17306643100000002,45,0,0.382702162,8000.0,17,0,3,0,7.0
36769,0,0.493439344,51,0,0.308535317,12500.0,9,0,1,0,1.0
36770,0,0.882087663,39,0,0.269050144,6600.0,8,0,0,0,0.0
36771,0,0.9999998999999999,73,1,0.0012694380000000001,3150.0,3,0,0,0,0.0
36772,0,0.011767647,72,0,0.003166139,6000.0,6,0,0,0,0.0
36773,0,0.16850543399999998,58,0,0.150167785,3575.0,10,0,0,0,0.0
36774,0,0.03775226,61,0,0.391102739,6900.0,19,0,2,0,1.0
36775,0,0.09766053300000001,44,0,0.320775321,7325.0,9,0,2,0,1.0
36778,0,0.028284906000000002,46,0,0.319168083,10000.0,6,0,2,0,0.0
36780,0,0.007293903000000001,44,0,0.8619148440000001,4250.0,5,0,2,0,0.0
36782,0,0.09422318699999999,61,0,0.19287211699999998,3815.0,10,0,1,0,0.0
36784,1,0.9789710359999999,31,2,7.7328936520000005,2425.0,8,0,0,2,0.0
36785,0,0.026786476,70,0,1.119952019,2500.0,16,0,2,0,0.0
36787,0,0.8241758240000001,43,0,1.062915065,2860.0,6,0,2,0,0.0
36790,0,0.044306154,32,0,1.85313569,4384.0,12,0,3,0,2.0
36792,0,0.09642132099999999,57,0,95.0,,5,0,0,0,0.0
36793,0,0.012986313999999999,70,0,0.206890283,11000.0,8,0,1,0,1.0
36795,0,1.058076225,34,0,0.105578435,2670.0,3,0,0,0,2.0
36796,0,0.35923957799999995,52,0,0.340613538,5997.0,9,0,1,0,0.0
36797,0,0.062063626,65,0,0.324505048,7626.0,11,0,3,1,0.0
36798,0,0.13042591,47,0,0.029094181,6667.0,4,0,0,0,2.0
36801,0,0.652426831,76,0,0.760932945,2400.0,5,0,1,0,0.0
36802,0,0.171625962,27,0,0.200933022,3000.0,7,0,0,0,0.0
36803,0,0.26413560399999997,59,0,0.244893606,18750.0,6,0,3,0,3.0
36804,0,0.082619628,54,6,0.395577396,6918.0,14,0,1,1,2.0
36805,0,0.558110268,65,0,1.099336331,4670.0,12,0,2,0,1.0
36806,0,0.0024371139999999998,74,0,0.067993524,10500.0,15,0,1,0,0.0
36807,0,0.01969803,41,0,0.08798849199999999,4170.0,3,0,0,0,0.0
36808,0,0.787925655,40,0,1.200095359,6291.0,9,0,2,0,1.0
36812,0,0.524436534,79,0,0.9311059309999999,3860.0,10,0,1,0,0.0
36813,0,0.0041694440000000004,47,1,0.46730484,14833.0,10,0,1,0,0.0
36814,0,0.09896560300000001,65,0,0.053591216,9926.0,6,0,0,0,0.0
36815,0,0.0,80,0,645.0,,8,0,1,0,0.0
36816,0,0.0,34,0,0.187077385,1330.0,6,0,0,0,2.0
36817,0,0.9999998999999999,23,0,0.12093953,2000.0,1,0,0,0,0.0
36819,0,0.688213987,58,0,0.316698656,3125.0,11,0,0,0,0.0
36820,0,0.052806581,42,0,0.010284245,7000.0,4,0,0,0,0.0
36821,0,0.161823948,39,0,0.316400581,6200.0,7,0,1,0,0.0
36822,0,0.113521065,34,1,0.005364430999999999,8574.0,5,0,0,0,1.0
36823,0,0.28847613899999996,55,0,2173.0,,7,0,1,0,
36824,0,0.776801657,44,0,2101.0,,5,1,1,0,3.0
36825,0,0.004260728,69,0,285.0,,11,0,1,0,0.0
36828,0,0.131228895,34,0,0.31408263,2250.0,10,0,0,0,2.0
36829,0,0.38607064700000004,71,0,0.220177982,10000.0,6,0,2,0,1.0
36831,0,0.003506247,61,0,1.595096406,4200.0,23,0,4,0,0.0
36832,1,0.9999998999999999,26,0,0.168559746,2200.0,3,1,0,0,0.0
36833,0,0.023977337999999997,68,0,42.0,1.0,7,0,0,0,0.0
36836,0,0.270729271,33,0,150.0,,2,0,0,0,0.0
36837,0,0.048348094,53,0,0.19987369800000002,9500.0,12,0,2,0,2.0
36838,0,0.9999998999999999,50,0,7811.0,,3,0,1,0,0.0
36839,0,0.250058331,29,0,0.523431867,4160.0,8,0,1,0,0.0
36840,0,0.075487419,25,0,0.012987013,1000.0,3,0,0,0,0.0
36841,0,0.036413632,59,0,17.0,,2,0,0,0,
36843,0,0.396470775,55,0,0.580458539,14000.0,11,0,2,0,0.0
36845,0,0.07920003,63,0,0.019056545,3200.0,4,0,0,0,0.0
36846,0,0.0,48,5,1.171412619,1790.0,11,0,1,0,0.0
36849,0,0.0023185429999999997,66,0,0.042341792,6541.0,6,0,0,0,0.0
36852,0,0.49373764,53,0,0.318023545,6030.0,18,0,0,0,2.0
36854,0,0.028726837,49,0,0.089022215,6166.0,8,0,0,0,1.0
36857,0,0.027466462999999997,59,0,0.58105213,4200.0,27,0,2,0,1.0
36858,0,0.060194459000000006,68,0,2165.0,,5,0,1,0,0.0
36859,0,0.086083083,38,0,292.0,,2,0,0,0,0.0
36860,0,0.323772591,53,0,0.8700173309999999,7500.0,17,0,2,0,0.0
36862,0,0.48288961799999996,56,0,0.399975394,8127.0,22,0,1,0,0.0
36863,0,0.6294815029999999,37,0,1809.0,,4,0,1,0,0.0
36864,0,0.99260148,37,2,0.8657835540000001,4000.0,8,0,2,0,0.0
36866,0,0.031602577,59,0,0.003333016,10500.0,6,0,0,0,0.0
36867,0,0.035922377000000005,39,0,734.0,,10,0,1,0,1.0
36870,0,0.444284846,25,1,0.059735065999999996,4000.0,6,0,0,0,0.0
36871,0,0.920008332,55,0,0.189926951,2600.0,6,1,0,0,0.0
36872,0,0.160406197,40,0,1.095478204,6147.0,6,0,3,0,0.0
36873,0,0.0,41,0,0.24945848399999998,2769.0,2,0,1,0,0.0
36874,0,0.9999998999999999,30,0,44.0,,0,0,0,0,0.0
36875,0,0.414729973,42,0,0.698519515,5200.0,8,0,1,0,0.0
36876,0,9.48e-05,46,0,0.179400058,10300.0,10,0,1,0,3.0
36877,0,0.011999293999999999,54,0,0.22542526899999998,7700.0,7,0,1,0,1.0
36878,0,0.024534817999999996,45,0,0.282101549,5100.0,4,0,1,0,0.0
36880,1,0.968051597,56,1,1098.0,,3,1,1,0,
36881,0,0.106056235,54,1,0.415983761,13300.0,13,0,3,0,2.0
36883,0,0.049119555,33,0,0.10235507199999999,5519.0,3,0,0,0,0.0
36884,0,0.055361564,61,0,0.32526475,2643.0,6,0,2,0,1.0
36886,0,0.540972266,55,0,0.419354839,2200.0,7,0,0,0,0.0
36889,0,0.263736264,27,1,466.0,,5,2,0,1,0.0
36891,0,0.43517291,65,0,0.3105603,4800.0,6,0,1,0,0.0
36892,0,0.671661858,46,1,0.546055188,5145.0,15,0,1,0,2.0
36894,0,0.016619686,57,0,0.316504031,2356.0,17,0,2,0,0.0
36895,0,0.5324342870000001,53,0,4655.0,,17,0,2,0,0.0
36896,0,0.043749399,69,0,95.0,,6,0,0,0,
36898,0,0.001015157,59,0,0.2296717,7218.0,10,0,1,0,0.0
36900,0,0.43988900299999995,54,0,0.509479242,4166.0,7,0,1,0,2.0
36902,0,0.191054516,71,0,0.689277204,6294.0,6,0,2,0,3.0
36903,0,0.26301097,59,1,0.679364127,3333.0,12,0,1,0,1.0
36905,0,0.09191190199999999,61,0,221.0,,9,0,0,0,1.0
36906,1,0.858156028,31,2,0.15390163,6932.0,4,0,0,1,0.0
36907,0,0.013923261000000001,59,0,0.537395749,7433.0,6,0,2,0,0.0
36910,0,0.9820559940000001,52,0,0.340949555,3369.0,8,0,0,0,1.0
36911,0,0.141624525,56,0,0.274745051,5000.0,3,0,1,0,0.0
36912,1,0.017980476000000002,57,0,0.02066487,16694.0,10,0,0,0,1.0
36914,0,0.011128178,75,0,1149.0,,9,0,0,0,0.0
36915,0,0.175991619,41,0,0.160205696,7583.0,4,0,1,0,3.0
36916,0,0.116988301,49,1,0.327084583,6667.0,8,0,1,0,1.0
36918,0,0.9999998999999999,54,0,0.541745474,3700.0,2,0,1,0,1.0
36921,1,1.090727285,42,0,0.22555488899999998,3333.0,8,0,0,0,0.0
36924,0,0.027105927000000002,64,0,4412.0,,7,0,2,0,2.0
36925,0,0.0,40,0,0.06897700799999999,3000.0,5,0,0,0,1.0
36926,0,0.418779061,42,0,6973.0,,9,0,2,0,0.0
36927,0,0.06636308,74,0,0.24098536199999998,2800.0,8,0,0,0,0.0
36929,0,0.11157768400000001,66,0,0.268854597,4600.0,7,0,0,1,1.0
36930,0,0.021895797,57,0,2090.0,,8,0,1,0,0.0
36931,0,1.0373804690000001,57,1,0.048780488,2500.0,6,3,0,1,1.0
36932,0,0.675578846,28,0,0.524822695,3947.0,10,0,2,0,0.0
36933,0,0.035109745,40,0,0.401697144,8366.0,15,0,4,0,4.0
36934,0,0.001184815,52,0,2607.0,,13,0,1,0,2.0
36936,0,0.554641598,58,1,0.007098492,2253.0,6,0,0,1,0.0
36937,0,0.037970227999999995,58,0,0.119656695,12000.0,12,0,2,0,2.0
36938,0,0.53692135,56,0,0.531699924,7917.0,25,0,1,0,0.0
36939,0,0.9999998999999999,31,0,0.0013495279999999998,8150.0,0,3,0,0,0.0
36942,0,0.044535662000000004,46,0,4207.0,,12,0,4,0,0.0
36943,0,0.0119992,92,0,5.0,,2,0,0,0,
36944,0,0.101503621,33,0,0.22829006300000002,3350.0,7,0,0,0,0.0
36945,0,0.0,48,0,0.462679719,6537.0,4,0,2,0,2.0
36946,0,0.119467234,60,0,0.180581942,10000.0,14,0,1,0,0.0
36947,0,0.044075228,35,0,0.319136173,5000.0,10,0,1,0,0.0
36948,0,0.6462324389999999,42,1,4438.0,,13,0,2,0,2.0
36949,0,0.604286778,70,0,0.647470506,5000.0,8,0,1,0,1.0
36950,0,0.182477162,58,0,0.044565062,7000.0,12,0,0,0,0.0
36951,0,0.113170405,57,0,0.182766745,8912.0,5,0,1,0,1.0
36954,0,0.178680647,51,0,2021.0,,4,0,1,0,0.0
36956,0,0.034280179,39,0,0.010663111999999999,3000.0,3,0,0,0,1.0
36958,0,0.949207153,40,0,0.645328248,7341.0,11,0,2,0,2.0
36959,1,1.036900369,31,1,142.0,,6,0,0,1,0.0
36960,0,0.0,47,0,2290.0,,5,0,1,0,0.0
36961,0,0.492766827,38,0,0.26163261600000004,11110.0,7,0,2,0,0.0
36962,0,0.589589399,43,0,0.142385831,5758.0,10,0,0,0,0.0
36964,0,0.058503647,39,0,0.449205805,8750.0,8,0,2,0,1.0
36966,1,0.39531855,43,0,0.891444342,3260.0,18,1,2,0,3.0
36967,0,0.906790945,30,0,0.135375846,2806.0,2,0,0,0,0.0
36968,0,0.24769081399999998,45,0,3222.0,,17,0,1,0,0.0
36969,0,0.068772458,42,0,2436.0,,8,0,1,0,0.0
36971,0,0.880874608,53,0,0.752335085,6851.0,8,0,3,0,2.0
36972,0,0.251179765,68,0,0.4592,4999.0,11,0,2,0,0.0
36973,0,0.10518125800000001,41,0,0.319613398,6000.0,5,0,1,0,0.0
36974,0,0.036947601000000004,64,0,0.7174402129999999,12000.0,14,0,4,0,2.0
36977,0,0.204325592,57,0,0.242478786,11666.0,10,0,2,0,2.0
36978,0,0.17952734899999997,42,0,0.449857164,6650.0,6,0,2,0,2.0
36981,0,0.445703733,51,0,0.667607843,6374.0,15,0,2,0,0.0
36982,0,0.219706428,60,0,0.339509441,17000.0,10,0,2,0,0.0
36984,0,0.155153794,47,1,1.1049008359999999,6100.0,12,0,4,0,3.0
36987,0,0.045194363,58,0,0.137508999,8333.0,10,0,1,0,0.0
36989,1,0.06942213900000001,27,2,0.30202498899999997,2320.0,8,1,0,0,2.0
36990,0,0.024486126,60,0,0.169165705,2600.0,7,0,1,0,0.0
36991,0,0.14597280099999999,47,0,0.348217261,3000.0,8,0,0,0,2.0
36992,1,0.678937558,29,1,0.386050644,2250.0,4,0,0,0,4.0
36993,0,0.6963672940000001,28,0,855.0,,6,0,0,0,3.0
36994,0,0.9999998999999999,79,0,0.260493005,1500.0,1,0,0,0,0.0
36995,0,0.36495861399999996,45,1,0.44828213100000003,5500.0,9,0,2,0,0.0
36996,0,0.144308161,52,0,3326.0,,13,0,3,0,0.0
36997,0,0.198670033,37,0,0.202279202,4913.0,4,0,0,0,0.0
36998,0,0.028368392000000003,46,0,0.014746313,4000.0,5,0,0,0,0.0
36999,0,0.084383123,39,0,290.0,,2,0,0,0,0.0
37000,0,0.634209221,55,0,0.44848638,23750.0,22,0,2,0,0.0
37002,0,0.045155938,49,0,0.179831453,7000.0,12,0,1,0,0.0
37003,0,0.0,44,0,0.230195713,2145.0,9,1,0,0,2.0
37004,0,0.246939637,29,0,0.635252731,5400.0,15,0,2,0,0.0
37005,0,0.9999998999999999,81,0,0.153258795,11000.0,4,0,3,0,0.0
37006,0,0.04127562,50,0,3243.0,,11,0,2,0,0.0
37007,0,0.072723182,66,0,0.26174765,5000.0,5,0,1,0,1.0
37008,0,0.9999998999999999,55,0,3235.0,,5,0,2,0,0.0
37011,0,0.040231085,82,0,0.124987501,10000.0,7,0,1,0,0.0
37012,0,0.0,26,0,0.259870065,2000.0,5,0,0,0,0.0
37013,0,0.115213044,33,0,0.29387298,6250.0,2,0,1,0,0.0
37014,0,0.10066412599999999,63,0,0.011809327,11600.0,9,0,0,0,0.0
37015,0,0.9999998999999999,45,0,6768.0,,6,0,2,0,0.0
37018,0,0.018508015,57,0,0.38861485100000004,7500.0,11,0,2,0,1.0
37019,0,0.00039998,66,0,0.298750811,12327.0,7,0,3,0,0.0
37021,0,0.051662361,81,0,0.10551790900000001,2065.0,4,0,0,0,0.0
37026,1,1.0433421109999998,44,2,1186.0,,15,1,1,0,2.0
37027,0,0.18313996600000002,64,0,0.09708208300000001,7333.0,11,0,1,0,1.0
37028,0,0.002274421,72,0,0.11755075300000001,3053.0,4,0,1,0,0.0
37029,0,0.007262013,47,0,0.5761790920000001,4600.0,24,0,2,0,2.0
37030,1,0.962025316,27,1,272.0,0.0,2,2,0,0,0.0
37031,0,0.164527951,51,1,0.5084983000000001,5000.0,10,0,1,0,1.0
37032,0,0.9999998999999999,26,0,0.16872428,1457.0,1,0,0,0,1.0
37033,0,0.059606467999999996,49,0,1.171569036,12000.0,20,0,8,1,5.0
37035,0,0.254218223,26,0,504.0,0.0,7,0,0,0,0.0
37036,0,0.20503542100000002,40,0,0.294143453,4558.0,11,0,2,0,1.0
37037,0,0.9999998999999999,27,0,0.061884669,7820.0,5,0,0,0,0.0
37039,0,0.0,65,0,0.158365406,8833.0,2,0,0,0,0.0
37040,1,0.9999998999999999,48,1,0.8071928070000001,1000.0,3,0,1,0,2.0
37041,0,0.025994224,71,2,2718.0,,7,0,0,0,0.0
37042,0,0.085932712,42,0,0.39370485,3875.0,9,0,1,0,3.0
37043,0,0.345934266,46,1,0.23366664199999998,13300.0,13,0,0,0,1.0
37044,0,0.023066165,74,0,0.170488374,12428.0,17,0,2,0,1.0
37047,0,0.239630415,65,0,0.34587554299999995,4145.0,7,0,1,0,1.0
37048,0,0.338162953,47,0,0.23725565399999998,2608.0,11,0,0,0,2.0
37051,0,0.07270238,61,0,2624.0,,11,0,2,0,0.0
37053,0,0.611816082,32,0,0.392596596,3700.0,9,0,1,0,1.0
37055,0,0.005104824,65,0,0.25083326899999997,12900.0,17,1,2,0,0.0
37056,0,0.221487427,67,0,2926.0,,10,0,1,0,1.0
37057,0,0.46854254,40,0,0.16853932600000002,9967.0,6,0,1,0,4.0
37058,0,0.035825944,62,0,0.350043975,4547.0,13,0,1,0,0.0
37059,0,0.030726714,45,0,0.357866963,7200.0,9,0,3,0,0.0
37062,0,0.9999998999999999,60,0,0.017453799,1947.0,0,1,0,0,0.0
37065,0,0.140113408,32,0,0.6875416390000001,1500.0,9,0,0,0,0.0
37066,0,0.35298789399999997,74,0,0.45044661799999997,2350.0,9,0,1,0,1.0
37067,0,0.397315053,30,0,0.10635341699999999,7916.0,9,0,0,0,0.0
37068,0,0.0014998129999999998,63,0,0.0,3545.0,2,1,0,0,3.0
37070,0,0.050942577999999995,58,0,0.32364597100000003,4541.0,13,0,1,0,3.0
37071,0,0.9999998999999999,32,0,0.0,,0,1,0,0,0.0
37072,0,0.008838005,59,0,0.231208735,7875.0,11,0,1,0,0.0
37073,0,0.18125738600000002,52,0,0.386489081,8333.0,19,0,2,0,2.0
37075,0,0.920226654,41,0,0.460051352,6620.0,8,0,1,0,1.0
37076,0,0.007128083,64,0,0.0031991470000000003,3750.0,10,0,0,0,0.0
37078,0,0.0,83,0,0.0,629000.0,3,0,0,0,0.0
37080,0,0.9999998999999999,46,0,0.9394032609999999,3250.0,6,0,2,0,2.0
37081,0,0.571173234,44,0,0.695688573,7166.0,21,0,3,0,1.0
37082,0,0.029225864,66,0,0.014058107,3200.0,10,0,0,0,0.0
37083,0,0.065053572,72,0,0.351932863,11200.0,20,0,1,0,0.0
37084,0,0.025581903,79,0,0.0014141689999999998,21920.0,3,0,0,0,0.0
37085,0,0.049416167000000004,72,0,545.0,,5,0,1,0,0.0
37086,1,0.43602889799999994,34,0,0.592350546,9333.0,9,0,2,0,2.0
37088,0,0.208599838,38,0,0.20463198,3151.0,8,0,0,0,3.0
37090,0,0.21163461,49,0,0.439675762,13816.0,14,0,1,0,0.0
37091,0,0.9980241440000001,54,1,0.8784668720000001,5191.0,11,0,1,0,0.0
37092,0,0.0,62,0,3221.0,,9,0,1,0,0.0
37093,0,0.188695845,62,0,0.258520111,3256.0,12,0,0,0,0.0
37094,0,0.652797425,54,0,0.6970647959999999,5416.0,7,0,1,0,1.0
37096,0,0.018640123,67,0,0.147935073,14600.0,5,0,1,0,2.0
37097,1,0.8860302959999999,28,2,1.490848586,600.0,6,1,0,0,0.0
37098,0,0.996000667,32,0,0.462341702,4500.0,8,0,1,0,0.0
37099,0,0.039125393,72,0,0.148874365,8261.0,5,0,1,0,1.0
37100,0,0.53368742,44,0,1141.0,,4,0,0,0,2.0
37101,0,0.9999998999999999,57,2,0.572085583,5000.0,3,0,2,0,0.0
37102,0,0.242940565,40,0,1285.0,,6,0,1,0,0.0
37104,0,4116.0,62,0,0.318609023,12767.0,6,0,1,0,3.0
37105,0,0.056062983,54,0,0.22878383300000002,19100.0,14,0,2,0,1.0
37106,0,0.266771475,60,0,0.35829283100000003,6583.0,7,0,1,0,0.0
37109,0,0.36590404600000004,68,0,0.273310557,12000.0,14,0,1,0,1.0
37111,0,0.354017944,52,1,0.400163094,8583.0,16,0,3,1,1.0
37112,0,0.16037280199999998,48,1,2670.0,,13,0,1,0,
37113,0,0.036474087999999995,60,0,0.30549869399999996,28333.0,12,0,2,0,1.0
37114,0,0.004674577,42,0,0.322382517,7000.0,7,0,1,0,0.0
37117,0,0.9999998999999999,46,0,4.088713036000001,2400.0,7,1,0,0,1.0
37118,0,0.021098945,62,0,12.0,,3,0,0,0,
37119,0,1.080963986,52,0,0.50809838,5000.0,11,0,1,0,1.0
37120,0,0.0,23,0,0.054533060999999994,4400.0,3,0,0,0,1.0
37123,0,0.014029551999999999,46,0,0.0037330840000000002,15000.0,2,0,0,0,0.0
37124,1,0.808644824,51,2,0.054383588,5166.0,7,0,0,0,0.0
37131,0,0.9999998999999999,32,0,0.098509725,3958.0,3,1,0,0,0.0
37132,0,0.009802835,59,0,0.18900177399999998,6200.0,10,0,2,0,0.0
37134,0,0.651174413,50,0,0.506872137,2400.0,4,0,1,0,2.0
37135,0,0.29648941100000004,45,0,0.531423429,6666.0,7,0,2,0,3.0
37136,0,0.085710545,49,0,0.224724775,9900.0,11,0,1,0,2.0
37137,0,0.084575576,40,0,0.176483468,9133.0,7,0,2,0,1.0
37138,0,0.56482045,56,0,0.5035357229999999,4100.0,6,0,2,1,2.0
37139,1,0.0,52,4,1364.0,,7,1,0,2,1.0
37140,0,0.034816849,40,0,2298.0,,4,0,1,0,0.0
37142,0,0.009635253,67,0,0.011106175,2250.0,9,0,0,0,0.0
37144,0,0.9333580159999999,54,1,4614.0,,6,1,1,1,0.0
37145,0,0.145291808,65,0,0.251256682,12532.0,6,0,1,0,0.0
37146,0,0.0,36,0,13.0,,6,0,0,0,1.0
37147,0,0.18954435100000003,45,0,39.0,,1,0,0,0,0.0
37149,0,0.072980127,77,0,298.0,,4,0,0,0,0.0
37150,0,0.061014015,67,0,0.29512587,5600.0,8,0,1,0,0.0
37151,0,0.6612178910000001,78,0,1.693997072,682.0,6,0,1,0,0.0
37152,0,0.407800535,49,0,0.558088382,5000.0,9,0,1,0,2.0
37153,0,0.43804956,27,4,0.148493735,3750.0,9,0,0,0,0.0
37154,1,0.609953211,37,4,0.660161927,4816.0,7,0,1,1,0.0
37155,0,0.004129312,58,0,0.581596979,7150.0,13,0,2,0,0.0
37156,0,0.110319587,64,0,52.0,,7,0,0,0,0.0
37157,0,0.324558323,44,0,5197.0,,14,0,4,0,1.0
37158,0,0.008799413,75,0,21.0,,2,0,0,0,0.0
37159,0,0.9292070790000001,40,0,0.38465383700000005,4000.0,6,0,1,0,2.0
37160,0,0.029709656,38,0,0.997334222,3000.0,10,0,1,0,1.0
37161,0,0.031281929,62,0,0.005302096,8109.0,10,0,0,0,1.0
37162,0,0.940905909,31,0,0.5929011829999999,6000.0,8,0,2,0,2.0
37163,0,0.0,44,0,0.16462696,11030.0,5,0,1,0,4.0
37164,0,0.0,58,1,0.291876115,6166.0,10,0,2,0,0.0
37165,0,0.0,31,0,0.075983115,4500.0,9,0,0,0,2.0
37166,0,0.044818435,52,0,0.22316544,5300.0,16,0,1,0,1.0
37168,0,0.391373908,55,0,0.6892318479999999,2850.0,7,0,1,1,0.0
37170,1,0.521926285,54,0,0.252978918,4363.0,7,1,2,0,0.0
37176,0,0.9999998999999999,35,1,0.382637093,7348.0,6,0,2,0,0.0
37177,0,0.19819568,43,1,0.35955206,7500.0,10,0,1,0,1.0
37178,0,0.008308213,43,0,0.079680049,6500.0,6,0,0,0,2.0
37180,0,0.06252882,52,0,0.42299301899999997,4583.0,19,0,2,0,2.0
37181,0,0.368014448,27,0,0.279786603,3373.0,7,0,0,0,0.0
37183,0,0.0,59,0,785.0,,10,0,1,0,1.0
37184,0,0.62503039,82,1,0.12244398199999999,8166.0,7,0,0,0,0.0
37185,0,0.127893054,58,0,0.413683907,10420.0,14,0,2,0,0.0
37186,1,0.9999998999999999,28,1,0.115752055,4500.0,5,0,0,0,0.0
37187,1,0.8827908959999999,48,0,153.0,,0,1,0,0,0.0
37188,0,0.008628474,90,0,0.00139972,5000.0,4,0,0,0,0.0
37191,0,0.182150411,77,0,0.312046033,10600.0,8,0,1,0,0.0
37193,0,0.035950628,55,1,1562.0,,8,0,1,0,2.0
37194,0,0.064900762,48,1,0.468210863,6259.0,9,0,2,0,0.0
37195,0,0.063072979,63,0,0.23506211800000001,5070.0,13,0,1,0,0.0
37196,0,0.096843308,68,0,20.0,,1,0,0,0,0.0
37197,0,0.938209905,34,0,0.40141494899999997,3250.0,7,1,1,0,0.0
37199,0,0.17314594100000003,69,0,0.648396666,7078.0,9,0,2,1,0.0
37200,0,0.094098543,40,0,0.245625729,6000.0,3,0,1,0,0.0
37201,0,0.0,55,1,0.23446092300000002,6000.0,6,0,1,1,1.0
37203,0,0.292727933,48,0,0.251384183,12100.0,13,0,2,0,0.0
37205,0,0.114828235,61,0,1033.0,,5,0,0,0,
37207,0,0.038855909,48,0,0.19745063699999998,4000.0,7,0,1,0,0.0
37208,0,0.02453072,73,0,0.25760974,3120.0,14,0,0,0,1.0
37210,0,0.684696801,40,0,0.354177898,1854.0,3,0,0,0,2.0
37212,0,0.018514902,67,0,14.0,,3,0,0,0,0.0
37213,0,0.316177245,55,0,0.22145040300000002,3598.0,6,0,0,0,1.0
37214,0,0.210946055,57,0,0.302008853,2936.0,7,0,1,0,0.0
37215,0,0.019702418,67,0,1179.0,,7,0,1,0,
37216,0,0.98828683,46,0,0.539486838,3000.0,9,0,2,0,1.0
37218,0,0.236498903,55,2,0.48197726,12400.0,16,0,3,0,2.0
37219,1,0.010245663,55,0,1975.0,,16,0,1,0,1.0
37220,0,0.122655975,67,0,0.379846684,9000.0,18,0,5,0,0.0
37221,0,0.94376875,53,0,0.260277305,12332.0,9,0,1,0,0.0
37222,0,0.093650879,29,0,323.0,,5,0,0,0,0.0
37223,0,0.24748463699999998,70,0,0.35754907399999997,5450.0,12,0,1,0,1.0
37225,0,0.843874803,74,0,1.3673695890000002,900.0,6,0,0,0,0.0
37226,1,0.908454616,48,1,0.667314635,3600.0,6,1,1,0,1.0
37227,0,0.31449213800000003,52,0,393.0,,6,0,0,0,0.0
37228,0,0.19211541199999999,29,1,0.13917724,2600.0,4,0,0,0,0.0
37229,0,0.45847176100000003,46,0,0.338141288,6100.0,4,0,1,1,0.0
37231,0,0.33848832,31,0,0.410562181,1760.0,4,0,0,0,0.0
37232,0,0.0,91,0,23.0,,4,0,0,0,0.0
37235,0,0.133030919,53,0,0.251948665,12700.0,14,0,3,0,3.0
37236,0,0.42836475,53,0,0.618614797,5500.0,11,0,2,0,0.0
37237,0,0.0,77,0,0.0,3679.0,2,0,0,0,1.0
37238,0,0.9800734520000001,51,0,0.403186699,8660.0,9,0,1,0,2.0
37239,0,0.011191013,47,0,0.857485693,5416.0,11,0,3,0,2.0
37241,0,0.17681859800000002,40,0,0.477132525,4700.0,7,0,3,0,3.0
37242,0,0.660377358,45,0,0.354609929,4370.0,6,0,1,0,1.0
37243,0,0.9999998999999999,43,0,0.139457401,2100.0,2,0,0,0,0.0
37244,0,0.133669851,49,0,0.287965882,10785.0,9,0,1,0,1.0
37245,0,0.043325145,56,0,0.561583152,13769.0,8,0,3,0,1.0
37246,0,0.023508137000000002,46,0,0.76797829,2210.0,10,0,1,0,1.0
37247,0,0.08207294799999999,86,0,98.0,,3,0,0,0,0.0
37249,0,0.415806945,61,1,0.322694677,9900.0,28,0,2,0,0.0
37250,0,0.00539973,77,0,377.0,,4,0,0,0,
37252,0,0.526247375,41,1,0.34866447700000003,7000.0,5,0,1,0,4.0
37254,0,0.0,59,0,0.019064125,7500.0,4,0,0,0,1.0
37255,0,0.011412057,78,0,43.0,,9,0,0,0,0.0
37256,0,0.451967027,45,0,0.18006993,4575.0,6,0,0,0,1.0
37258,0,0.829078801,34,1,1.094316052,1600.0,7,1,2,0,0.0
37259,0,0.9999998999999999,21,0,0.0,926.0,1,0,0,0,0.0
37263,0,0.137174729,50,0,0.18250899899999998,7500.0,8,0,1,0,3.0
37265,0,0.023618557999999998,52,0,1535.0,,7,0,1,0,0.0
37266,0,0.003065815,60,0,488.0,,7,0,0,0,0.0
37268,1,0.510818646,64,1,0.474397962,12166.0,25,0,3,0,0.0
37270,0,0.026765855,61,1,0.249000114,8750.0,9,0,1,0,0.0
37271,0,0.304263981,62,1,0.35758122700000006,5539.0,7,0,0,0,0.0
37272,0,0.813394327,38,0,0.287894866,12250.0,7,0,3,0,4.0
37275,0,0.005945716,74,0,0.001249609,3200.0,2,0,0,0,0.0
37276,0,0.06476348400000001,78,0,0.763328351,2006.0,9,0,1,0,0.0
37277,0,0.206836414,46,3,0.3498015,6800.0,13,0,3,0,2.0
37279,0,0.133718975,47,0,0.12535933,8000.0,8,0,0,0,0.0
37280,0,0.39446836799999996,71,0,0.179048099,3970.0,5,0,1,0,1.0
37284,1,0.172725871,64,0,0.25853741199999997,11800.0,18,0,1,0,0.0
37285,0,0.9999998999999999,22,0,3.0,,0,0,0,0,
37286,0,0.190474845,59,1,0.32085974899999997,6466.0,6,0,1,0,1.0
37289,0,0.290701618,55,0,1.588822355,500.0,9,0,0,0,0.0
37290,0,0.076502732,48,0,0.116223484,3346.0,4,0,0,0,0.0
37291,1,0.9509140490000001,59,0,1.899128269,802.0,8,2,1,3,2.0
37292,0,0.868391525,47,1,0.23064802,5076.0,8,0,0,0,0.0
37294,0,0.13122332,38,0,0.221244601,6250.0,13,0,1,0,2.0
37296,1,0.9999998999999999,48,0,0.0,2500.0,0,1,0,0,0.0
37297,0,0.252911399,59,1,0.310921614,15244.0,14,0,3,0,1.0
37298,0,0.6073108660000001,61,1,0.7311268870000001,10000.0,18,0,5,0,1.0
37299,0,0.0,87,0,0.0,,4,0,0,0,0.0
37301,0,0.017849108,73,0,176.0,,8,0,0,0,0.0
37302,0,0.340966338,44,0,0.307381408,4700.0,7,0,1,1,1.0
37304,0,0.241885535,38,0,1227.0,,6,0,1,0,0.0
37305,0,0.017749113,49,0,0.659456371,12250.0,10,1,4,0,0.0
37308,0,0.183312965,46,0,0.154772141,2325.0,5,0,0,0,0.0
37309,0,0.287670737,42,1,0.39310115,6000.0,9,0,2,0,1.0
37310,0,0.43408117,39,0,0.535340314,4583.0,10,0,2,0,0.0
37312,0,0.615823464,53,0,0.382208227,5080.0,9,0,0,0,1.0
37313,1,0.5980755,29,1,0.147327249,2300.0,5,1,0,0,2.0
37314,0,0.11974528599999999,59,2,0.308160707,16750.0,8,0,1,0,0.0
37315,0,0.032623797,46,0,0.397274478,6750.0,12,0,1,0,2.0
37316,0,0.0,48,0,0.43571609,3958.0,7,0,1,0,2.0
37317,0,0.9999998999999999,41,0,0.909236305,2500.0,8,0,2,0,2.0
37318,0,0.960983702,46,0,1.820170611,7267.0,17,0,5,0,0.0
37319,0,0.025249369,63,0,5027.0,0.0,7,0,2,0,2.0
37320,0,0.062200507,67,0,1381.0,,13,0,1,0,0.0
37322,0,0.079961482,77,0,0.375524895,5000.0,14,0,2,0,0.0
37323,0,0.054996563,50,0,304.0,,2,0,0,0,
37324,0,0.9999998999999999,37,0,0.423266109,4065.0,7,0,1,0,1.0
37325,0,0.209279845,49,0,0.144948426,22200.0,10,0,2,0,0.0
37326,0,0.026363317,64,0,64.0,,8,0,0,0,0.0
37327,0,0.676293739,45,0,0.328075352,8811.0,10,0,1,0,1.0
37329,0,0.30295588100000004,63,0,0.341891245,6270.0,8,0,1,0,0.0
37330,0,0.189722633,56,0,0.571314316,3750.0,11,0,2,0,0.0
37331,1,0.7250252709999999,54,1,0.742984205,6520.0,10,0,2,0,1.0
37332,0,0.176323538,43,0,0.410397401,4000.0,2,0,1,0,0.0
37333,0,1.00259948,41,0,0.472567666,4100.0,4,0,1,0,2.0
37334,0,0.524108721,66,0,1025.5,1.0,7,0,1,0,0.0
37335,0,0.151655457,47,1,0.163490623,6611.0,12,0,0,0,3.0
37337,0,0.007371762,25,0,0.24217462899999997,1820.0,11,0,0,0,0.0
37338,0,0.0017499129999999999,47,0,0.000999001,1000.0,2,0,0,0,0.0
37339,0,0.035683121,77,0,0.158460385,4000.0,10,0,1,0,0.0
37340,0,0.119585339,63,0,0.0035985609999999997,2500.0,2,0,0,0,0.0
37341,0,0.9555222390000001,55,1,2254.0,,7,1,1,1,0.0
37342,0,0.119125392,35,0,0.379724055,5000.0,8,0,1,0,1.0
37343,0,0.48584008100000003,41,0,0.47652376799999996,3428.0,8,0,1,0,1.0
37344,0,0.015571336000000002,41,0,0.14344932900000001,9166.0,7,0,1,0,2.0
37345,0,0.305043324,23,0,0.085828343,500.0,4,0,0,0,0.0
37347,0,0.206885882,74,0,607.0,,9,0,0,0,
37349,0,0.558255264,46,0,0.443373932,5500.0,9,0,1,0,2.0
37350,0,0.9807525579999999,50,3,0.461195361,4483.0,12,0,2,0,1.0
37351,0,0.018787033999999998,76,0,462.0,,14,0,0,0,0.0
37354,0,0.042639544,55,0,52.0,,5,0,0,0,0.0
37355,0,0.0058988719999999994,69,0,0.324190894,3645.0,6,0,2,0,1.0
37358,0,0.9999998999999999,61,0,0.0,,0,1,0,0,0.0
37359,0,0.0,68,0,0.0,1200.0,1,0,0,0,0.0
37360,0,0.9999998999999999,47,1,0.350373483,4283.0,1,0,1,0,2.0
37362,0,0.59742351,61,0,0.578419379,4086.0,9,0,1,0,1.0
37363,0,0.9999998999999999,60,0,0.007386057,5550.0,1,0,0,0,1.0
37364,0,0.004849758,52,0,0.495287839,8806.0,6,0,4,0,0.0
37365,0,0.08240168,49,0,0.014328556999999999,3000.0,2,0,0,0,0.0
37367,0,0.410198251,38,0,1.327251553,2575.0,24,0,3,0,0.0
37370,0,0.531082545,50,0,0.374525095,5000.0,8,0,1,0,0.0
37371,0,0.712734805,40,0,0.281934996,10583.0,5,0,2,0,2.0
37372,0,0.198597352,64,0,0.482041437,12500.0,16,0,4,1,0.0
37374,0,0.9999998999999999,27,0,0.070185963,5000.0,1,1,0,0,0.0
37375,0,0.041611112,55,0,0.11343184099999999,9000.0,9,0,1,0,3.0
37377,0,0.326446219,62,0,0.441016852,3500.0,13,0,2,0,0.0
37378,0,0.023038166000000002,72,0,55.0,,8,0,0,0,0.0
37379,0,0.058983689000000006,68,0,1056.0,,5,0,1,0,0.0
37382,0,0.062937063,27,1,0.11430356,1600.0,10,0,0,0,1.0
37383,0,0.004498875,81,0,1583.0,,13,0,1,0,0.0
37384,0,0.310707348,32,3,0.303739252,5000.0,6,0,0,1,0.0
37386,0,0.0,48,0,1338.0,,3,0,1,0,0.0
37387,0,0.061340044,78,0,0.444996956,9853.0,19,0,4,0,0.0
37388,0,0.045553290999999996,74,0,2017.0,,12,0,2,0,0.0
37389,0,0.415624806,46,0,0.518142415,8074.0,9,0,1,0,1.0
37390,0,0.02687853,68,0,2012.0,,8,0,1,0,0.0
37392,0,0.306022462,46,0,0.950719688,4098.0,12,0,2,0,1.0
37394,0,0.288194766,49,0,0.167833167,7000.0,11,0,0,0,0.0
37397,0,0.075020135,57,0,0.036758404,10500.0,13,0,0,0,0.0
37398,0,0.09015479400000001,48,0,0.166472255,6000.0,10,0,1,0,0.0
37399,0,0.013649318,47,0,6188.0,,3,0,2,0,
37400,0,0.852917666,28,2,0.118515784,5416.0,4,0,0,0,2.0
37403,0,0.026523337,53,0,0.373848764,8251.0,13,0,2,0,0.0
37404,0,0.07888276599999999,52,0,0.49928038700000005,7642.0,7,0,2,0,1.0
37406,0,0.9999998999999999,49,0,469.0,0.0,6,0,0,0,0.0
37407,0,0.012241419,61,1,0.601865285,4824.0,24,0,1,0,0.0
37408,0,0.284245258,51,0,0.5248220029999999,10252.0,11,0,2,0,0.0
37409,0,0.0,56,0,0.0,3333.0,9,1,0,0,0.0
37410,0,0.653707304,30,2,0.14061979300000002,3000.0,6,0,0,1,0.0
37411,0,0.003448038,67,0,4731.0,,10,0,2,0,0.0
37412,0,0.7397323490000001,42,3,0.01329149,10833.0,2,1,0,0,0.0
37414,0,0.955215885,41,1,1.114295235,3000.0,9,1,2,0,2.0
37415,0,0.224297621,61,0,4579.0,,9,0,2,0,0.0
37416,0,0.128623407,56,0,3372.0,,15,0,2,0,0.0
37417,0,0.799640072,42,0,0.5228409470000001,2998.0,4,0,1,0,0.0
37418,0,0.612624449,54,0,0.479920013,6000.0,27,0,1,0,0.0
37419,0,1.020767633,80,0,0.430734292,1320.0,2,0,0,0,1.0
37420,0,0.028794241,80,0,0.276861569,2000.0,4,0,1,0,0.0
37421,0,0.262719478,59,0,0.25254093699999997,7083.0,22,1,0,0,0.0
37423,0,0.08937335699999999,76,0,0.577689243,250.0,5,0,0,0,0.0
37424,0,0.005020671,61,0,0.004343383,3913.0,13,0,0,0,1.0
37425,0,0.516780201,57,0,427.0,,4,0,0,0,0.0
37426,0,0.274989,48,0,0.031062525,7500.0,8,0,0,0,0.0
37427,0,0.9999998999999999,62,0,0.014381435,6118.0,5,3,0,0,0.0
37428,0,0.081857206,40,0,0.36609119100000004,6776.0,13,0,2,0,0.0
37430,0,0.120855534,32,0,0.311048777,6416.0,6,0,1,0,2.0
37431,0,0.9999998999999999,33,0,3630.0,0.0,6,0,2,0,1.0
37433,0,0.013138007,43,0,0.232979388,1600.0,3,0,1,0,0.0
37434,0,0.003119875,49,1,0.251387431,20000.0,9,0,1,1,2.0
37436,0,0.113398985,25,1,0.018328241999999998,3600.0,4,0,0,0,0.0
37437,0,0.0,43,0,0.26271432699999997,3440.0,5,0,1,0,1.0
37439,0,0.0,24,0,0.27393617,1127.0,2,0,0,0,0.0
37441,0,0.184616965,55,0,476.5,1.0,8,1,1,0,1.0
37444,0,0.0,37,0,0.190982638,11000.0,9,0,1,0,3.0
37446,0,0.754211388,37,0,0.541230681,10416.0,10,0,1,0,4.0
37447,0,0.969961202,42,0,0.7366469859999999,7282.0,10,0,2,0,1.0
37449,0,0.034624653,64,0,0.545634528,5050.0,13,0,1,0,0.0
37451,1,0.538753925,53,1,0.115509541,4925.0,5,4,0,1,5.0
37454,0,0.352801894,22,0,0.206396802,2000.0,4,0,0,0,0.0
37455,0,0.7758448309999999,45,0,0.906728847,1500.0,3,0,1,0,2.0
37458,0,0.031212662000000002,49,0,0.136643168,6666.0,7,0,0,0,1.0
37459,0,0.00124321,84,0,0.000124673,8020.0,5,0,0,0,0.0
37460,0,0.115652986,52,0,0.248536168,11100.0,9,0,1,0,1.0
37461,0,0.8908675359999999,48,1,0.480674526,6700.0,7,0,2,0,1.0
37465,0,0.023154848,53,0,0.366684502,5606.0,10,0,2,0,3.0
37466,0,0.086574358,57,0,0.505623594,4000.0,7,0,1,0,2.0
37468,0,0.060924045999999996,41,0,0.071988002,6000.0,4,0,0,0,0.0
37469,1,1.7305389219999998,39,2,0.124753034,3542.0,2,1,0,0,2.0
37471,0,0.000483863,82,0,0.0,3333.0,4,0,0,0,0.0
37475,1,0.7940514870000001,47,0,0.36113009799999995,4388.0,7,0,0,0,3.0
37476,0,0.9999998999999999,38,0,0.161526546,7100.0,4,0,0,0,1.0
37477,0,0.9999998999999999,80,0,3.0,,4,0,0,0,0.0
37478,0,0.023621516000000002,69,0,32.0,,9,0,0,0,
37479,0,0.050636734,69,0,670.0,,8,0,1,0,0.0
37481,0,0.005117909,31,0,0.045541314000000006,7333.0,5,0,0,0,0.0
37484,0,0.0081704,53,0,0.722079406,3500.0,8,0,1,0,0.0
37485,0,0.8713534190000001,64,0,0.406345067,2300.0,5,0,0,0,1.0
37488,0,0.052161136,46,0,0.193444542,10250.0,6,0,1,0,1.0
37489,0,0.656666988,39,0,0.26303159600000003,7500.0,9,0,0,0,0.0
37492,0,0.006332278,69,0,0.23430127,11019.0,7,0,3,0,0.0
37493,0,0.35929341200000003,57,0,1368.0,,4,0,1,0,0.0
37496,0,0.579712779,52,0,0.033272027999999995,5980.0,4,0,0,0,1.0
37497,0,0.280681064,58,0,0.43511183600000003,8583.0,7,0,1,0,0.0
37498,0,0.060024084000000005,56,0,0.290814474,16525.0,13,0,2,0,5.0
37499,0,0.002582213,69,0,1670.0,,11,0,1,0,0.0
37500,0,0.0,70,0,0.337288362,7500.0,14,0,1,0,0.0
37501,0,0.000545435,74,0,0.221796866,8358.0,9,0,2,0,0.0
37503,0,0.12423696199999999,62,0,0.780882353,2719.0,13,0,1,0,0.0
37504,0,0.028110392999999997,75,0,0.21341228899999998,13002.0,15,0,3,0,0.0
37505,0,0.157996375,60,0,0.390201225,8000.0,24,0,1,0,0.0
37506,0,0.446221511,27,0,0.040194884,820.0,2,0,0,0,0.0
37508,0,0.267331066,38,1,0.33777726700000005,8700.0,8,0,2,0,0.0
37509,0,0.48366027799999994,32,0,0.16336732699999998,5000.0,8,0,0,0,2.0
37510,1,0.187207111,77,0,1.056377449,2500.0,18,0,2,0,0.0
37513,0,0.227077292,64,0,0.016995751,4000.0,3,0,0,0,1.0
37514,0,0.127112958,63,0,0.20626607,10500.0,20,0,1,0,0.0
37516,0,0.07713545,41,0,0.41467233299999995,8941.0,4,0,2,0,0.0
37517,1,1.0010925720000001,45,1,0.269632376,16184.0,8,0,1,0,1.0
37518,0,0.0,74,0,0.0,3000.0,4,0,0,0,0.0
37519,0,0.562628292,61,0,0.491886576,6100.0,10,0,1,0,1.0
37521,0,0.00077842,65,1,0.125327225,9167.0,10,0,1,0,0.0
37522,0,0.078156874,74,0,93.0,,2,0,0,0,
37523,0,0.9999998999999999,66,0,0.0,4097.0,0,0,0,0,0.0
37525,0,0.9999998999999999,76,0,0.0,,4,0,0,0,0.0
37528,0,0.0146458,64,0,0.513318934,8333.0,38,0,2,0,0.0
37529,0,0.148850055,70,0,3207.0,,13,0,2,0,
37530,0,0.41923579,49,0,0.472160825,9500.0,17,0,2,0,7.0
37531,0,0.153382031,47,0,0.097657929,9307.0,13,0,0,0,4.0
37532,0,0.593217016,59,1,0.854120758,2268.0,6,1,1,1,1.0
37533,0,0.18619308699999998,60,0,0.30230781,6542.0,25,0,2,0,0.0
37534,0,0.465533404,51,1,2525.0,,10,1,2,0,0.0
37535,0,0.095495225,46,0,0.8235784209999999,4800.0,6,0,2,0,0.0
37536,0,0.529635164,45,0,3883.0,,17,0,0,0,0.0
37538,0,0.9511929509999999,32,0,0.25391930100000004,3890.0,6,0,0,0,5.0
37540,1,0.533682093,50,0,0.819091967,8589.0,10,6,1,4,0.0
37541,0,0.16404518699999998,52,0,0.343471377,12000.0,11,0,1,0,2.0
37542,1,1.157412212,59,6,1.290616751,4166.0,11,0,1,1,0.0
37544,0,0.17309065899999998,51,0,0.277461464,7200.0,9,0,2,0,0.0
37545,0,0.005903347,55,0,0.28875607,8030.0,8,0,1,0,3.0
37546,0,0.0,58,0,0.067784149,6800.0,5,0,1,0,0.0
37547,0,0.9999998999999999,26,0,458.0,,2,0,0,0,0.0
37548,0,0.265162315,32,1,0.191582003,6200.0,10,0,0,0,0.0
37549,0,0.11015704400000001,69,0,0.027875794,2833.0,8,0,0,0,0.0
37550,0,0.20745899,72,0,0.381106561,10500.0,15,0,1,0,0.0
37551,0,0.9999998999999999,54,0,0.157400722,5539.0,3,0,1,0,0.0
37553,0,0.0,44,0,0.268636965,6800.0,8,0,2,0,2.0
37554,0,0.0,81,0,0.0,,5,0,0,1,
37555,0,0.023311417,74,0,0.274049449,9625.0,17,0,2,0,2.0
37556,0,0.19913447199999998,60,0,0.238341969,11000.0,10,0,2,0,1.0
37558,0,5.91e-05,72,0,0.168305282,6000.0,13,0,1,0,1.0
37559,0,0.9999998999999999,54,0,0.323170732,4591.0,5,0,1,0,3.0
37560,1,0.857197158,35,0,0.40787418,9600.0,13,0,2,0,0.0
37562,0,0.656896444,29,0,0.687599787,1878.0,5,0,0,0,0.0
37565,1,0.675344253,46,6,1.0789690159999998,3646.0,14,1,1,1,3.0
37567,0,0.061379787000000005,46,0,121.0,0.0,4,0,0,0,2.0
37568,0,0.304745547,33,0,0.5502787929999999,5200.0,16,0,2,0,2.0
37569,0,0.755503461,33,0,0.489924433,2381.0,5,0,0,0,0.0
37570,0,0.10839458,58,0,0.49859944,15350.0,3,0,2,0,0.0
37571,0,0.050598313,54,0,0.945513622,4000.0,12,0,2,0,1.0
37573,0,0.035666597,69,1,0.282239254,3000.0,10,0,0,0,0.0
37576,0,0.0,45,0,0.0,,2,0,0,0,0.0
37578,0,0.246677299,36,0,0.137572486,5000.0,7,0,0,0,0.0
37580,0,0.115736454,47,0,0.083916084,2573.0,9,0,0,0,0.0
37581,0,0.80848294,48,0,0.163189121,15000.0,7,0,0,0,3.0
37582,0,0.154615273,36,0,0.344827586,2000.0,7,0,1,0,0.0
37583,0,0.004679427,42,0,0.56228793,2062.0,13,0,1,0,0.0
37585,0,0.041674549,73,0,149.0,,5,0,0,0,0.0
37586,0,0.023839046000000003,32,0,0.003616252,4700.0,2,0,0,0,1.0
37588,0,0.0,66,1,0.00647177,4480.0,3,0,0,0,0.0
37591,0,0.021357062000000003,58,0,0.551773387,4200.0,30,0,1,0,1.0
37592,0,0.23255643,46,0,1587.0,,2,0,1,0,0.0
37595,0,0.130220414,57,0,0.5866840729999999,7659.0,5,0,1,0,0.0
37596,0,0.0,51,0,2325.0,,3,0,1,0,0.0
37597,0,0.012756412,76,0,14.0,,4,0,0,0,0.0
37598,0,0.45556060200000004,56,0,2732.0,,12,0,1,0,0.0
37600,0,0.790877167,42,2,0.600342808,7000.0,12,0,1,0,0.0
37601,0,0.5044991,56,0,0.286302175,1700.0,3,0,0,0,1.0
37603,0,0.020470767,61,0,0.003563377,13750.0,10,0,0,0,1.0
37604,0,0.002142755,87,0,160.0,,2,0,1,0,0.0
37605,0,0.278965129,59,1,0.553711976,4700.0,5,0,1,0,0.0
37607,0,0.182637877,41,0,0.24732373600000002,2708.0,8,0,0,0,3.0
37608,0,0.129996429,42,0,0.355697662,9538.0,12,0,2,0,0.0
37609,0,0.0,71,0,0.0,1945.0,3,0,0,0,0.0
37612,0,0.129233139,58,0,0.17608968100000003,14361.0,14,0,1,0,2.0
37613,0,0.119725753,30,0,0.326168458,4000.0,8,0,1,0,0.0
37615,0,0.42474117299999997,61,0,0.047842088,2988.0,4,0,0,0,0.0
37616,0,0.131239212,42,0,0.074935717,24500.0,8,0,1,0,1.0
37618,0,0.976682212,39,0,3416.0,,10,0,2,0,0.0
37619,0,0.350164984,40,0,0.560058594,2047.0,5,0,1,0,5.0
37622,0,0.31959176699999997,68,0,0.32483394,4666.0,12,1,2,0,1.0
37623,0,0.024552827000000003,63,0,0.256025867,3401.0,9,0,0,0,0.0
37624,0,0.156280753,35,0,2302.0,,14,0,2,0,1.0
37625,0,0.053510620999999994,64,0,0.004832528,6000.0,3,0,0,0,1.0
37626,0,0.55747137,33,0,0.22741917600000003,9000.0,8,0,0,0,0.0
37627,1,0.653992755,52,0,0.44652491299999997,6301.0,9,0,1,0,3.0
37628,0,0.8665516679999999,63,0,9641.0,,11,0,2,0,0.0
37629,0,0.254041672,41,0,0.304381923,10200.0,10,0,1,0,2.0
37630,0,0.9999998999999999,40,0,0.255785478,16333.0,2,0,1,0,2.0
37633,0,0.033249745,88,0,59.0,,9,0,0,0,
37638,0,0.08539336300000001,52,0,0.327449699,13766.0,13,0,1,0,0.0
37640,0,0.9999998999999999,37,0,0.925997117,2080.0,3,0,1,0,0.0
37641,0,0.399575764,43,0,0.428117405,5348.0,17,0,2,0,0.0
37642,0,0.004666356,28,0,0.000444346,4500.0,1,0,0,0,1.0
37644,0,0.187919463,37,0,0.426653335,7000.0,5,0,1,0,2.0
37646,0,0.021175338,45,0,0.5155625110000001,5750.0,10,0,1,0,1.0
37647,0,0.036612048,56,0,0.11140752,7871.0,9,0,0,0,1.0
37648,0,0.34389759299999995,41,0,0.157423251,9934.0,4,0,1,0,4.0
37649,0,0.473686923,53,1,0.5079153160000001,5242.0,6,0,2,0,1.0
37650,0,0.026770542,51,0,0.08440899199999999,6894.0,10,0,0,0,0.0
37651,0,0.9999998999999999,25,0,0.0,,0,0,0,0,0.0
37652,0,0.113232554,56,0,0.45236415,4250.0,26,0,1,0,2.0
37653,1,0.880288958,27,3,0.284583333,2399.0,8,1,0,2,0.0
37654,0,0.620120355,72,3,0.36267524700000003,4350.0,11,0,1,0,0.0
37655,0,0.041289345,51,1,0.17226110600000002,7000.0,12,0,1,0,0.0
37656,0,0.43403908,47,0,2458.0,,14,0,1,0,2.0
37657,0,0.0,61,0,0.168166578,5666.0,5,0,1,0,0.0
37658,0,0.144553193,81,0,0.16264035400000001,8816.0,18,0,1,0,0.0
37659,0,0.014284693999999999,62,0,0.28648957399999997,3500.0,4,0,0,0,0.0
37660,0,0.017949103,66,0,2304.0,,6,0,1,0,0.0
37661,0,0.031612953,74,0,87.0,,6,0,0,0,0.0
37662,0,0.409685022,52,0,0.372806043,4500.0,7,0,1,0,0.0
37664,0,0.013332888999999999,43,0,0.195681152,3750.0,5,0,1,0,0.0
37665,0,0.9999998999999999,50,0,0.141167395,11666.0,2,0,1,0,0.0
37667,0,0.234070637,52,0,4775.0,,12,0,3,0,0.0
37669,0,0.36067675,53,3,0.039794294,24500.0,7,0,0,0,0.0
37670,0,0.133433283,72,0,0.421294172,2178.0,5,0,1,1,0.0
37672,0,0.9999998999999999,72,0,0.20279967100000001,8500.0,5,0,1,0,0.0
37673,0,0.639593909,67,2,918.0,,7,0,0,2,0.0
37675,0,0.036806984,57,0,0.818888521,6045.0,15,0,3,0,1.0
37676,0,0.113750214,66,0,0.13439683800000002,14166.0,4,0,1,0,0.0
37677,0,0.079994667,47,0,0.001433286,30000.0,4,0,0,0,0.0
37678,0,0.0,64,0,0.0,7500.0,3,0,0,0,0.0
37679,0,0.008940337,64,0,0.155381605,10219.0,6,0,1,0,0.0
37680,0,0.014665915,44,0,0.079529926,3658.0,3,0,0,0,0.0
37681,0,0.023807237999999998,45,0,0.37840733200000004,8400.0,12,0,1,0,2.0
37683,0,0.192512231,31,1,0.11292647800000001,4161.0,4,0,0,0,0.0
37684,0,0.0,27,0,0.052589482,5000.0,5,0,0,0,0.0
37686,0,0.021042868,67,0,0.283218889,8300.0,6,0,2,0,0.0
37687,0,0.135196395,45,1,0.544542215,13750.0,10,0,3,0,2.0
37688,0,1.009998824,47,0,0.61212929,3000.0,6,0,1,0,0.0
37689,0,0.049663427999999996,67,0,0.018192375,15500.0,8,0,0,0,0.0
37690,0,0.00516502,73,0,0.07084124,1580.0,15,0,0,0,0.0
37691,0,0.9999998999999999,50,0,0.0,6000.0,0,0,0,0,2.0
37695,0,0.011405799,53,0,2813.0,,17,0,1,0,0.0
37697,0,0.072654558,29,0,0.5258264460000001,1935.0,5,0,1,0,0.0
37699,0,0.060493951,46,0,0.547646785,8583.0,7,0,2,0,7.0
37701,0,0.030260093,63,0,0.24895021,5000.0,7,0,1,0,0.0
37702,0,0.072478797,85,0,0.006723079,8626.0,3,0,0,0,0.0
37704,0,0.860784804,32,0,0.029420166,3500.0,1,0,0,0,0.0
37706,0,0.018115205,66,3,0.362457229,12566.0,10,0,1,2,1.0
37709,0,0.375046417,42,2,0.428960964,6967.0,12,0,1,0,2.0
37710,0,0.034359375,77,0,520.0,,4,0,1,0,3.0
37711,0,0.386185299,41,0,0.619942061,10700.0,15,0,3,0,1.0
37712,0,0.020978277000000004,32,0,0.020884248,4500.0,6,0,0,0,0.0
37713,0,0.004157595,80,1,0.500719942,8333.0,16,0,4,0,1.0
37716,0,0.060848384000000005,53,1,0.688161136,6900.0,15,0,2,0,1.0
37717,0,0.253701964,64,0,0.598164922,8500.0,20,0,1,0,0.0
37718,0,1.324168099,36,2,0.11093722800000001,5750.0,7,0,1,1,0.0
37719,0,0.011989877,74,0,0.005910271,11166.0,4,0,0,0,0.0
37720,0,0.013635123999999998,50,0,1218.0,,5,0,3,0,
37721,0,0.118081181,30,0,0.210572074,5750.0,11,0,0,0,0.0
37722,0,0.727031787,60,0,2961.0,0.0,8,0,0,0,0.0
37723,0,0.009288778000000001,38,0,2585.0,0.0,10,0,1,0,5.0
37724,0,0.7014845009999999,60,0,0.09636156900000001,10553.0,2,0,1,0,1.0
37726,0,0.0,45,0,0.17980336600000002,6000.0,5,0,1,0,2.0
37727,0,0.192385413,52,0,1829.0,,15,0,1,0,3.0
37728,0,0.10216326099999999,71,0,92.0,,3,0,0,0,0.0
37729,0,0.0006678910000000001,61,0,0.324735053,5000.0,6,0,1,0,2.0
37731,0,0.010520195,70,0,0.008217034,7666.0,11,0,0,0,0.0
37732,0,0.744184148,53,0,0.45974108,3166.0,10,0,2,0,0.0
37733,0,0.970675733,46,0,0.21764141899999997,7300.0,3,0,0,0,2.0
37734,0,0.427206925,61,0,0.353084911,1636.0,4,0,0,0,0.0
37735,0,0.110599078,23,0,0.125860374,3050.0,3,0,0,0,0.0
37736,0,0.0,41,0,2643.0,,5,0,1,0,0.0
37737,0,0.721568862,35,0,1077.0,,8,1,0,0,2.0
37739,0,0.00907441,48,0,0.204462659,8783.0,10,0,2,0,4.0
37740,0,0.489518959,54,0,1.141548709,1200.0,6,1,1,0,4.0
37741,0,0.714135882,44,0,0.073170732,2500.0,3,0,0,0,2.0
37743,0,0.130449866,50,0,0.364429368,4126.0,15,0,1,0,3.0
37745,0,0.155987596,78,0,0.466545455,8249.0,6,0,1,0,2.0
37746,0,0.531468531,29,0,0.314634824,3600.0,4,0,1,0,2.0
37747,0,0.0,80,0,0.327883742,1100.0,5,0,0,0,0.0
37748,0,0.424146591,46,1,0.42166065,4154.0,5,0,2,0,0.0
37749,0,0.1985874,32,0,0.7187258190000001,7753.0,22,0,5,0,1.0
37750,0,0.08241449,60,0,0.408582469,14750.0,8,0,2,0,5.0
37751,0,0.9723425520000001,55,1,0.291200647,7420.0,7,0,2,0,0.0
37752,0,0.32953826399999997,62,0,0.647738044,11604.0,34,0,2,0,0.0
37753,0,0.0,47,0,0.47742481299999995,13000.0,7,0,2,0,1.0
37756,0,0.769620477,46,0,0.58377973,9333.0,20,0,2,0,0.0
37757,0,0.21521395899999998,54,0,1626.0,,3,0,1,0,0.0
37758,0,0.33896178899999996,52,0,0.442724458,2260.0,7,0,0,0,0.0
37759,0,0.31027093899999997,30,0,0.118532955,5643.0,2,0,0,0,0.0
37760,0,0.022127625,61,0,7134.0,,8,0,5,0,
37762,0,0.514248575,51,0,0.28895758899999996,10350.0,5,0,1,1,0.0
37763,0,0.16802488100000001,49,0,0.127739355,12000.0,7,0,1,0,1.0
37764,0,0.029020396,69,0,0.301267542,8835.0,6,0,1,0,0.0
37765,0,0.004966501,74,0,0.139024868,5106.0,10,0,0,0,0.0
37766,0,0.074324541,66,0,0.34833033399999996,5000.0,7,0,1,0,0.0
37768,0,1.043037079,47,0,5024.0,,10,0,3,0,0.0
37769,0,0.0,71,0,0.0,6501.0,2,0,0,0,0.0
37770,0,0.32345483,91,0,2860.0,,11,0,4,0,
37771,0,0.513848751,49,1,0.362702055,10021.0,6,0,1,0,2.0
37772,0,0.9999998999999999,27,0,0.0,5500.0,0,0,0,0,1.0
37773,0,0.5652763270000001,47,1,0.086860486,16750.0,6,0,0,0,0.0
37774,0,0.350872354,55,0,0.056981005999999994,3000.0,7,0,0,0,0.0
37775,0,0.5387254429999999,44,0,0.5349102960000001,8750.0,13,0,2,0,0.0
37777,0,0.026207581,70,0,48.0,0.0,2,0,0,0,0.0
37778,0,0.17992050199999998,70,0,217.0,,3,0,0,0,0.0
37779,0,0.9999998999999999,37,0,0.8097098209999999,3583.0,4,0,2,0,0.0
37780,0,0.08064407700000001,50,0,0.304426847,7702.0,15,0,2,0,3.0
37783,0,0.88797338,62,4,0.11353905199999999,6772.0,9,0,0,0,0.0
37785,0,0.0,61,0,0.7251025740000001,2680.0,4,0,1,0,0.0
37787,0,0.40632834799999995,41,0,0.264455924,6000.0,9,0,1,0,0.0
37788,0,0.9999998999999999,38,0,0.49236323200000004,3600.0,7,0,1,0,0.0
37789,0,0.36715596100000003,31,0,2330.0,,12,0,1,0,0.0
37791,0,0.392114532,39,0,0.05294635,5684.0,4,0,0,0,1.0
37793,0,0.038201248,70,0,0.07793765,833.0,5,0,0,0,0.0
37794,0,0.9630030829999999,54,0,0.43237347299999995,4583.0,10,0,1,0,0.0
37795,0,0.837751026,66,0,2057.0,,6,0,0,0,1.0
37797,0,0.138962198,66,0,0.36075407,3500.0,12,0,1,0,0.0
37798,0,0.005069708,46,2,0.382397396,8600.0,11,0,1,0,0.0
37799,0,0.05808172,77,0,0.018440145,3307.0,4,0,0,0,0.0
37801,0,0.00881738,47,0,0.753881988,6439.0,6,0,2,0,2.0
37802,0,0.012237893,40,0,1799.0,,4,0,1,0,
37803,0,0.0,37,0,0.372604566,6000.0,7,0,2,0,0.0
37804,0,0.9999998999999999,25,0,0.603396603,1000.0,3,0,0,0,0.0
37805,0,0.176891155,52,1,0.33840139,6905.0,9,0,2,0,0.0
37806,0,0.007917225,78,0,1607.0,,15,0,1,0,0.0
37807,0,0.114514721,93,0,0.03832056,3000.0,3,0,0,0,0.0
37808,0,0.343500445,54,0,0.464480874,8600.0,14,1,2,0,2.0
37809,0,0.011055404,44,0,0.241050853,6508.0,13,0,2,0,3.0
37810,0,0.6245,60,0,0.7124,4999.0,16,0,1,0,1.0
37811,0,0.031083531,41,0,2194.0,,7,0,1,0,2.0
37815,0,0.16168628599999998,47,0,7331.0,0.0,23,0,1,0,2.0
37816,0,0.139080204,27,0,182.0,1.0,5,0,0,0,0.0
37817,0,0.06832906799999999,71,0,0.307300255,6670.0,7,0,1,0,1.0
37818,0,0.001272689,59,0,0.284243295,4175.0,8,0,1,0,0.0
37820,0,0.015723167,41,0,0.534419236,5156.0,4,0,2,0,0.0
37821,0,0.0,28,0,0.0,1200.0,2,0,0,0,0.0
37822,0,0.085178296,70,0,0.11266073199999999,10109.0,5,0,1,0,0.0
37823,0,0.02089484,78,0,0.518370407,4000.0,9,0,3,0,1.0
37825,0,0.9999998999999999,23,0,0.0,,0,0,0,0,0.0
37826,0,0.397174753,58,0,0.190934197,10500.0,17,0,2,0,0.0
37827,0,0.307399887,52,1,0.28759434899999997,5166.0,6,0,1,0,0.0
37828,0,0.9999998999999999,37,0,0.12095968,3000.0,2,0,0,0,0.0
37829,0,0.095695215,81,0,56.0,,2,0,0,0,1.0
37830,0,0.9413605709999999,68,0,0.28864524,21250.0,7,0,1,0,3.0
37831,0,0.254916339,49,0,0.423192269,3000.0,8,0,2,1,2.0
37832,0,0.7666270479999999,37,1,0.43325080899999996,5250.0,6,0,2,0,1.0
37833,0,0.0010162189999999998,78,0,0.20916641,3250.0,7,0,0,0,0.0
37836,0,0.20966388100000002,58,0,0.253262983,3600.0,8,0,1,0,0.0
37837,0,0.11464309,52,0,0.603210637,6166.0,13,0,2,0,1.0
37839,0,0.787198231,73,0,0.6037562989999999,4365.0,12,0,1,0,0.0
37840,0,0.013722647,69,0,5968.0,,16,0,3,0,0.0
37841,0,0.217394262,66,0,403.0,,5,0,0,0,
37843,0,0.9999998999999999,62,0,0.615454545,1099.0,2,0,0,0,0.0
37845,0,0.67426645,32,1,0.142717178,6123.0,6,0,0,1,2.0
37846,0,0.358973541,55,0,0.23321076100000002,5166.0,22,0,0,0,0.0
37848,0,0.097448879,50,0,3350.0,,7,0,1,0,
37850,1,0.690052859,64,0,1.155267579,4166.0,13,0,4,0,0.0
37851,0,0.33769349299999996,32,0,0.639120293,3000.0,4,0,1,0,0.0
37852,0,0.9999998999999999,60,0,118.0,,5,0,0,0,0.0
37853,1,0.9999998999999999,23,0,53.0,,1,0,0,0,0.0
37854,0,0.170520877,27,0,0.100597815,4850.0,11,0,0,0,0.0
37856,0,0.408599218,75,0,0.082772464,8468.0,6,0,1,0,0.0
37857,1,0.7790187270000001,56,1,0.96495233,7446.0,12,0,5,1,1.0
37858,0,0.70836867,50,0,0.598128445,7800.0,18,0,1,0,0.0
37859,1,0.9999998999999999,30,0,74.0,,0,0,0,0,0.0
37860,1,0.30655282100000003,39,0,0.538162426,9000.0,5,0,2,0,0.0
37861,0,0.015678477,78,0,0.002285497,10500.0,10,0,0,0,0.0
37862,0,0.109403716,49,0,0.26573073399999997,9900.0,14,0,2,0,0.0
37863,0,0.011260315,69,0,0.061042815,30666.0,5,0,1,0,0.0
37864,0,0.230950333,46,0,0.23855229,5000.0,12,0,2,0,4.0
37865,0,0.0,66,0,0.0,1500.0,1,0,0,0,1.0
37866,0,0.5017198620000001,34,0,0.306119381,6650.0,6,0,2,0,1.0
37867,0,0.9999998999999999,38,1,0.000322477,3100.0,1,1,0,0,1.0
37868,1,0.9884965929999999,52,5,1.7296683330000002,2200.0,14,0,3,1,1.0
37869,0,0.050683085,54,1,0.073807321,15133.0,10,0,0,0,3.0
37872,0,0.35714935,58,0,0.22137166100000003,6400.0,6,0,1,0,0.0
37875,0,0.13265986400000002,76,0,0.142039317,9257.0,9,0,0,0,0.0
37876,0,0.66551411,42,1,1.001565558,5109.0,17,0,1,0,1.0
37877,0,0.145208429,28,0,0.01272149,2200.0,1,0,0,0,0.0
37878,0,0.045772143,67,0,0.061363219000000004,5442.0,7,0,0,0,1.0
37879,0,0.0,36,1,0.0,2500.0,3,0,0,0,2.0
37883,0,0.17006505600000002,46,0,0.22481844,3166.0,9,0,0,0,3.0
37885,0,0.364235019,30,0,0.067561777,7000.0,10,0,0,0,1.0
37886,0,0.073496659,39,0,0.49588980200000005,4500.0,12,0,2,0,2.0
37887,0,0.409540387,63,0,0.259781223,14900.0,16,0,2,0,2.0
37888,0,0.0,49,0,5.0,,5,0,0,0,1.0
37890,0,0.9999998999999999,47,0,0.0,2100.0,1,0,0,0,0.0
37895,0,0.716614467,69,0,0.551089782,5000.0,6,0,1,0,0.0
37896,0,0.27844983100000004,46,0,0.517319043,12875.0,14,0,3,0,3.0
37900,0,0.006460639000000001,93,0,0.0005271480000000001,7587.0,6,0,0,0,0.0
37901,0,0.785483988,51,0,0.546167418,5100.0,9,0,0,0,1.0
37903,0,0.522206073,74,0,0.293437106,9507.0,9,0,1,0,0.0
37904,0,0.09928034300000001,54,0,1604.0,,12,0,1,0,
37905,0,0.006425757,62,0,0.292518862,11000.0,15,0,3,0,0.0
37907,0,0.032161583,60,0,0.123011016,3267.0,6,0,0,0,0.0
37910,0,0.361360676,37,0,0.423165667,6500.0,13,0,1,0,1.0
37911,1,0.746659945,33,1,0.297250529,5200.0,9,1,0,0,4.0
37912,0,0.02479752,40,1,0.243455497,4583.0,6,0,0,0,3.0
37913,0,0.0,85,0,0.0,3000.0,4,0,0,0,0.0
37914,0,0.001442576,63,0,0.00011242299999999999,8894.0,4,0,0,0,0.0
37915,0,0.13771212300000002,33,1,0.317909169,3500.0,7,0,0,0,0.0
37916,0,0.392721456,29,0,0.053352559,4160.0,3,0,0,0,0.0
37918,0,0.106508744,58,0,142.0,,2,0,0,0,0.0
37922,0,0.9999998999999999,32,1,0.255980007,2800.0,5,0,0,0,2.0
37924,1,0.9999998999999999,79,1,0.036151065,13000.0,1,3,0,0,1.0
37926,0,0.075907238,40,0,0.952294412,2200.0,13,0,2,0,2.0
37927,0,0.141545775,51,1,0.256305385,4400.0,5,0,2,2,3.0
37928,0,0.30780593100000003,68,0,0.063688859,5887.0,3,0,0,0,0.0
37931,0,0.633091254,39,0,0.100508187,7083.0,7,0,0,0,1.0
37935,1,0.9999998999999999,24,98,20.0,,0,98,0,98,0.0
37936,0,0.15980098,45,0,0.144466917,3460.0,6,0,0,0,2.0
37938,0,0.48801625299999996,53,0,0.34037301200000003,14583.0,9,0,3,0,0.0
37939,0,0.18352041600000002,33,0,0.04411298,3150.0,8,0,0,0,0.0
37941,0,0.263616762,45,0,0.356741789,13000.0,6,0,2,0,2.0
37942,0,0.583579219,38,0,1.404269739,2950.0,13,0,2,0,0.0
37944,0,0.142232221,34,0,0.20555555600000003,4319.0,4,0,1,0,1.0
37945,0,0.044604412,51,0,0.233369684,2750.0,9,0,0,0,2.0
37948,0,0.006899655,88,0,0.001598721,2501.0,3,0,0,0,0.0
37949,0,0.055117795,45,0,0.5103242579999999,13075.0,10,0,3,0,4.0
37951,0,0.8725239490000001,35,0,0.385343823,6863.0,4,0,2,0,0.0
37952,1,0.835027495,28,0,0.284396618,1300.0,5,0,0,0,0.0
37953,1,0.9999998999999999,51,0,2025.0,,5,3,0,0,0.0
37954,0,0.051489242000000005,54,0,0.24895591600000003,21549.0,11,0,2,0,2.0
37955,1,0.9999998999999999,52,0,0.005759539,4166.0,0,1,0,0,0.0
37958,0,0.946147822,33,0,1323.0,,7,1,0,0,2.0
37959,0,0.9999998999999999,61,0,0.0,2000.0,0,0,0,0,1.0
37960,0,0.598998465,59,0,0.9432035740000001,4700.0,12,0,2,0,1.0
37961,0,0.001805183,62,0,236.0,,4,0,1,0,
37962,0,0.255056963,37,0,0.551833012,5700.0,8,0,1,0,0.0
37964,0,0.9796734420000001,34,0,0.075114834,3700.0,2,0,0,0,0.0
37965,0,1.0459693540000001,23,0,0.133398247,3080.0,6,0,0,0,1.0
37967,0,0.462400708,60,0,0.235061484,16182.0,11,0,1,0,2.0
37969,0,0.0,66,0,2616.0,,10,0,1,0,0.0
37970,0,0.592670916,54,0,0.515259985,10615.0,11,0,3,0,2.0
37971,0,0.244908336,47,1,0.311143011,5572.0,8,0,1,0,2.0
37972,0,0.03259109,70,0,0.011927732,5700.0,9,0,0,0,0.0
37973,0,0.9393626629999999,63,0,0.393876276,4800.0,4,0,1,0,0.0
37974,0,0.18356580100000003,41,0,0.208631895,6000.0,9,0,1,0,0.0
37975,1,0.99992511,30,6,1.4168426280000002,8050.0,17,1,7,0,2.0
37976,0,0.06340248,41,0,0.333333333,8000.0,8,0,1,0,0.0
37977,0,0.101176877,50,0,0.447265625,8703.0,19,0,1,0,1.0
37978,0,0.860996509,40,0,0.165126677,3354.0,5,0,0,0,3.0
37981,0,0.270988568,73,0,0.5013815970000001,7237.0,9,0,2,0,0.0
37982,0,0.21086204,49,0,0.21304960899999997,7800.0,10,0,0,0,2.0
37983,0,0.138212172,67,0,2208.0,,13,0,0,0,3.0
37985,0,0.9999998999999999,68,0,0.00379245,5800.0,1,0,0,0,3.0
37986,0,0.02487186,29,0,0.371842267,3245.0,7,0,2,0,0.0
37987,0,0.33473104,48,0,0.181065515,8333.0,4,0,1,0,5.0
37988,0,0.77187003,55,0,356.0,,2,0,0,0,0.0
37990,0,0.102897694,50,0,0.354568705,4300.0,7,0,1,0,2.0
37991,0,0.02279886,71,0,1143.0,,3,0,1,0,0.0
37992,0,0.9999998999999999,76,0,0.0,,1,0,0,0,
37993,0,0.188640568,55,0,0.045188937,7700.0,3,0,1,0,2.0
37994,0,0.012524501,85,0,10.0,,4,0,0,0,0.0
37995,0,0.49015512,61,0,0.36666666700000006,8729.0,14,0,1,0,0.0
37997,0,0.9999998999999999,51,0,2.871991247,913.0,5,0,1,0,2.0
37998,1,1.180699731,61,2,1235.0,,6,3,1,2,0.0
37999,0,0.08721852199999999,48,0,0.303126551,10074.0,8,0,1,0,0.0
38005,0,0.0,42,1,0.842386898,6166.0,13,0,3,0,3.0
38006,0,0.36169609399999997,45,0,0.59289966,9407.0,14,0,5,0,0.0
38007,0,0.601098604,49,1,3325.0,,18,0,2,0,2.0
38008,0,0.031707938,65,0,0.273347448,4250.0,8,0,0,0,0.0
38009,0,0.230398618,40,0,2033.0,,3,0,1,0,0.0
38012,0,0.012789893,82,0,0.0023940289999999998,7100.0,4,0,0,0,0.0
38013,0,0.520920299,29,2,0.129243737,4270.0,7,0,0,0,0.0
38014,0,0.17321742,41,0,127.0,,7,0,0,0,0.0
38015,0,0.874348839,50,0,0.340273363,6291.0,11,0,1,0,1.0
38018,0,0.051224944,84,0,0.15143246900000001,4397.0,6,0,0,0,0.0
38019,0,0.002275705,53,0,1343.0,,3,0,1,0,0.0
38020,0,0.532220677,50,0,34.0,,1,0,0,0,0.0
38021,0,0.43964009,23,0,424.0,,3,0,0,0,0.0
38023,0,0.494885523,45,1,0.67611512,11500.0,6,0,3,0,2.0
38024,0,0.583416583,24,0,0.01827957,929.0,4,0,0,0,0.0
38028,0,0.37260066799999997,78,0,0.413091641,4964.0,7,0,2,0,0.0
38029,0,0.0,51,0,0.0,6090.0,9,0,0,0,0.0
38030,0,0.733248245,50,0,0.2139765,3233.0,8,0,0,0,0.0
38031,0,0.003544066,68,0,0.24706133800000002,4678.0,8,0,2,0,0.0
38032,0,0.251957919,73,0,0.725163325,4438.0,21,0,2,0,0.0
38034,0,0.020331073999999998,56,0,1144.0,,5,0,1,0,0.0
38036,1,0.011421162,35,0,0.9478041759999999,8333.0,12,0,5,0,3.0
38037,0,0.581766715,58,0,0.812743715,12052.0,26,0,2,0,0.0
38038,0,0.0,45,0,0.328286853,10039.0,7,0,1,0,3.0
38040,0,0.0,26,0,0.203398301,2000.0,3,0,0,0,0.0
38041,0,0.98070193,50,0,0.2913592,4200.0,5,0,0,0,1.0
38042,0,0.604116471,65,0,0.8394642520000001,5300.0,21,0,3,0,0.0
38043,0,0.012540688000000001,75,0,0.014723926000000002,2444.0,10,0,0,0,0.0
38046,0,0.017499205,56,1,0.184555275,4350.0,5,0,1,0,0.0
38047,0,0.9999998999999999,29,1,2879.0,,6,0,2,0,1.0
38048,0,0.009964932,33,0,15.01724138,115.0,11,0,1,0,1.0
38050,0,0.003645616,70,0,0.000813736,12288.0,19,0,0,0,0.0
38051,0,0.879890065,41,0,1076.0,,3,0,0,0,0.0
38052,0,0.0,78,0,4.0,,5,0,0,0,0.0
38053,0,0.023022376,40,0,0.253440253,10100.0,9,0,1,0,2.0
38054,0,0.024996694,31,0,0.128421053,1424.0,3,0,0,0,0.0
38056,1,1.005564621,46,3,1.291727141,2066.0,10,0,1,0,1.0
38057,0,0.9999998999999999,51,0,1467.0,,8,0,1,0,0.0
38058,0,0.052610632000000004,55,0,0.845507562,10116.0,15,0,7,0,3.0
38059,0,0.616566011,49,0,1.210438645,1800.0,13,0,2,0,0.0
38060,1,0.231927534,49,0,130.0,0.0,15,0,0,0,0.0
38061,0,0.6216774620000001,47,0,0.068256731,27000.0,6,0,0,0,1.0
38063,0,0.231724243,63,0,0.45444419700000005,4488.0,19,0,2,0,0.0
38065,0,0.907339511,36,0,0.6192724239999999,3600.0,9,0,0,0,0.0
38067,1,0.147487709,36,1,0.369691923,1200.0,5,0,0,0,2.0
38068,0,0.038228751,73,0,0.285028791,2083.0,13,0,1,0,0.0
38069,0,0.077676498,73,0,2254.0,,9,0,2,0,1.0
38071,0,0.00493596,71,0,0.28917770600000003,4000.0,8,0,2,0,0.0
38072,0,0.650291424,65,3,0.249011858,3288.0,9,0,0,0,0.0
38073,0,0.0,85,0,0.0,,1,0,0,0,
38074,0,0.17372175199999998,42,0,0.12169690000000001,7000.0,4,0,0,0,1.0
38075,0,0.607738872,58,0,0.8692192940000001,2010.0,13,0,2,0,0.0
38076,0,0.0,58,0,0.055968784,8200.0,4,0,0,0,0.0
38078,0,0.429571872,71,0,0.471531928,3178.0,17,0,1,0,2.0
38079,0,0.566921946,49,0,0.483856894,9167.0,13,0,2,0,1.0
38080,0,0.738347946,38,0,0.146970606,5000.0,3,0,0,0,0.0
38081,0,0.024298958,69,0,0.069048254,3750.0,6,0,0,0,0.0
38082,0,0.47255164299999997,42,0,0.344808491,10834.0,7,0,2,0,3.0
38085,0,0.9999998999999999,47,0,0.094220495,4117.0,6,0,0,0,1.0
38086,0,0.104971955,69,0,0.504489524,3006.0,13,0,1,0,0.0
38087,0,0.836862852,40,0,0.199565546,10587.0,8,0,0,0,0.0
38088,0,0.131575957,46,0,0.007346354,5580.0,2,0,0,0,0.0
38089,0,0.045606713,81,0,107.0,,4,0,0,0,0.0
38090,0,0.0,69,0,0.311178823,5250.0,4,0,1,0,0.0
38092,0,0.0,60,0,2304.0,,6,0,1,0,0.0
38096,0,0.0,49,0,1.4125151880000002,6583.0,13,0,4,0,0.0
38097,0,0.0,58,0,1808.0,,7,0,1,0,3.0
38098,0,0.374700591,49,0,0.708029197,10000.0,20,0,5,0,1.0
38099,0,0.171425262,56,1,1.05057926,10616.0,15,0,4,0,1.0
38100,0,0.670896751,45,0,0.275338491,10339.0,7,0,3,0,0.0
38101,0,0.041330274,82,0,70.0,,12,0,0,0,
38102,0,0.0,45,0,0.46093064100000003,3416.0,5,0,2,0,2.0
38103,0,0.034358467999999996,49,0,0.143702906,3715.0,7,0,1,0,1.0
38104,0,0.056200047999999996,51,0,0.24115831899999998,12638.0,13,0,2,0,1.0
38107,0,0.48767488299999995,29,0,0.14285714300000002,4500.0,5,0,0,0,0.0
38108,0,0.002254877,63,0,0.220456293,3900.0,8,0,1,0,0.0
38110,0,0.367724409,34,2,0.176058237,3708.0,6,0,1,0,0.0
38112,0,0.30076965,30,0,685.0,,4,0,0,0,0.0
38114,0,0.326419387,52,0,4885.0,,9,0,2,0,1.0
38118,0,0.054942237000000005,47,0,0.1648032,11000.0,21,0,1,0,4.0
38119,0,0.030294365,57,0,0.28341599100000003,8266.0,7,0,1,0,2.0
38120,0,0.147318544,49,1,0.48466762700000005,4858.0,8,0,1,0,0.0
38121,0,0.95489149,48,4,0.6918682159999999,5250.0,14,0,2,0,3.0
38123,0,0.11267218300000001,69,0,68.5,1.0,4,0,0,0,0.0
38125,0,0.9999998999999999,40,0,53.0,,1,0,0,0,0.0
38126,0,0.0,29,0,2658.0,,3,0,1,0,0.0
38127,0,0.601365158,40,0,0.33828076700000004,3233.0,6,0,0,0,3.0
38131,0,0.000986699,43,0,0.00023998099999999998,4166.0,9,0,0,0,0.0
38132,0,0.012499432,58,0,3543.0,,8,0,3,0,
38133,0,0.053380589000000006,77,0,0.28262519,5271.0,52,0,1,0,1.0
38134,0,0.129998488,49,0,0.450059776,9200.0,8,0,2,0,2.0
38135,0,0.109872759,42,2,2095.0,0.0,5,0,1,0,2.0
38136,0,0.9005635340000001,72,1,1459.0,,5,0,1,0,0.0
38137,0,0.268080256,42,0,5030.0,,7,0,2,0,
38138,0,0.13179733,33,0,0.487653386,6600.0,11,0,1,0,0.0
38141,0,0.45750887799999995,74,0,0.7075328609999999,3955.0,18,0,2,0,1.0
38142,0,0.050223813,86,0,0.050779687999999996,2500.0,13,0,0,0,0.0
38143,0,0.474840816,57,0,0.37615755799999995,7666.0,10,0,2,0,2.0
38144,1,1.4047936090000002,41,0,0.43810643899999996,3400.0,3,0,1,0,0.0
38146,0,0.017744471,47,0,1.5636147440000001,840.0,13,0,2,0,0.0
38148,0,0.288324956,68,1,0.372375691,12669.0,10,0,1,0,0.0
38149,0,0.123717891,48,0,0.068272229,9300.0,6,0,0,0,0.0
38150,0,0.9999998999999999,48,0,0.313966029,7417.0,7,0,1,0,3.0
38151,0,0.9999998999999999,42,1,0.564717641,2000.0,4,0,1,0,2.0
38152,0,0.127904616,58,0,887.0,,9,0,0,0,0.0
38153,1,1.079946702,38,1,0.46353401899999996,2042.0,5,2,0,0,2.0
38154,0,0.130369159,36,0,0.173266675,7600.0,9,0,0,0,2.0
38156,0,0.22989750899999997,41,0,1.6674742580000002,1650.0,7,0,2,0,0.0
38157,0,0.007753325,75,0,11.0,,6,0,0,0,
38158,0,0.13800801199999999,50,0,0.10545260599999999,7500.0,4,0,0,0,1.0
38160,0,0.74712216,54,0,0.94174059,4170.0,10,0,4,0,0.0
38161,0,0.489001048,82,0,0.581408141,1817.0,4,0,1,0,0.0
38162,0,0.9392550620000001,66,0,0.418103448,4175.0,7,0,1,1,0.0
38165,0,0.134865135,48,0,0.001142531,3500.0,1,0,0,0,1.0
38166,0,0.049442917999999995,84,0,0.00939812,5000.0,4,0,0,0,1.0
38167,0,0.28322605100000003,63,0,0.940020683,2900.0,11,0,1,0,0.0
38168,0,0.056519405999999994,39,0,3253.0,0.0,14,0,1,0,0.0
38169,1,0.9174457970000001,48,1,0.386426096,8368.0,10,0,1,0,1.0
38171,0,0.802853955,45,4,0.754177975,7000.0,16,0,1,2,2.0
38172,0,0.323580608,59,1,0.37924905600000003,4500.0,8,0,2,0,1.0
38173,0,0.075572177,69,0,0.41537902200000004,5500.0,6,0,1,0,0.0
38174,0,0.9031776770000001,76,1,0.372604566,6000.0,9,0,0,0,0.0
38176,0,0.8372633829999999,46,0,0.433094484,6000.0,8,0,2,1,0.0
38177,0,0.127280897,43,0,0.373879444,6469.0,18,0,1,0,0.0
38179,0,0.055499709,59,0,1019.0,,10,0,0,0,1.0
38180,0,0.804391218,37,0,110.0,,2,0,0,0,0.0
38181,0,0.046892724000000004,36,0,0.22385650199999998,5574.0,12,0,0,0,1.0
38183,0,0.44495050700000005,50,0,0.734053189,5000.0,8,0,2,0,3.0
38185,0,0.130773845,51,0,31.0,,1,0,0,0,0.0
38186,1,0.9999998999999999,26,1,0.487926728,1200.0,4,0,0,1,0.0
38187,0,0.971054445,31,1,0.435564436,1000.0,3,0,0,0,0.0
38189,0,0.7680106940000001,44,0,5869.0,,14,0,1,0,0.0
38190,0,0.6254778360000001,75,1,0.395636951,3712.0,12,0,1,1,0.0
38191,0,0.023289253,57,0,0.009278515,6250.0,5,0,0,0,0.0
38192,0,0.01599966,76,0,0.005279578,4166.0,3,0,0,0,0.0
38196,0,0.007230668000000001,66,0,0.139817629,6250.0,9,0,1,0,0.0
38197,0,0.138531842,70,0,0.030067757999999997,7083.0,7,0,0,0,0.0
38198,0,0.406755979,53,0,0.310344828,5741.0,8,0,1,0,1.0
38199,0,0.324054076,34,0,0.291068082,1600.0,4,0,0,0,0.0
38200,0,0.030389555,56,0,0.036296686,1900.0,9,0,0,0,0.0
38201,0,0.035696899,48,0,0.603199289,4500.0,19,0,2,0,2.0
38202,0,0.9999998999999999,30,0,36.0,,1,1,0,0,0.0
38203,0,0.039835521,35,0,0.099063771,20400.0,13,0,1,0,2.0
38204,1,0.830755721,52,0,0.743262546,10500.0,14,0,8,0,3.0
38205,0,0.045385725999999994,44,0,0.21541502,5565.0,8,0,1,0,2.0
38206,0,0.071879113,52,0,0.39272073700000004,4450.0,5,0,1,0,4.0
38207,0,0.11819209800000001,42,0,0.197518382,10879.0,10,0,2,0,3.0
38208,0,0.092095315,70,0,0.281674738,6400.0,9,0,1,0,1.0
38209,0,0.006929377,54,0,0.30596940300000003,10000.0,18,0,2,0,0.0
38210,0,0.222793591,51,0,0.708822794,4000.0,19,0,1,0,2.0
38211,0,0.17362842,59,0,0.19016196800000001,5000.0,7,0,2,0,2.0
38212,0,0.0,36,1,2.4879297730000003,4100.0,8,0,4,0,0.0
38215,0,0.021666185,80,0,0.902560899,1600.0,7,0,1,0,0.0
38216,0,0.020481301,49,0,0.148685502,9166.0,7,0,1,0,1.0
38218,0,0.039774183,73,0,1490.0,0.0,11,0,1,0,0.0
38219,0,0.078225373,38,0,0.245275472,10000.0,9,0,2,0,4.0
38221,0,0.011506031000000002,76,0,27.0,,4,0,0,0,0.0
38222,0,0.506904108,62,0,0.490151299,7005.0,11,0,2,0,0.0
38223,0,0.976404719,39,0,0.236906077,4524.0,4,1,0,0,3.0
38224,0,0.067105389,58,0,0.232353135,15200.0,8,0,1,0,1.0
38227,0,0.0,62,0,0.0,3499.0,3,0,0,0,0.0
38228,0,0.49918656899999997,52,0,0.41030467,8500.0,11,0,2,0,1.0
38230,0,0.074336248,76,0,0.687347932,3287.0,10,0,1,0,0.0
38231,0,0.321767823,35,0,0.7184148340000001,5500.0,6,0,2,0,1.0
38233,0,0.992308876,47,0,0.36352620399999996,3300.0,5,0,1,0,1.0
38234,0,0.188927481,49,0,0.8206278029999999,1560.0,6,0,0,0,0.0
38235,0,0.095452274,26,0,0.005780347,864.0,2,0,0,0,0.0
38239,0,0.485002174,31,0,0.098760496,2500.0,6,0,0,0,0.0
38240,0,0.060704097,40,0,0.063095629,9128.0,6,0,0,0,4.0
38241,0,0.16572868300000002,59,0,0.37549787100000004,7280.0,20,0,1,0,0.0
38242,0,0.980566352,58,3,0.140822785,7583.0,5,1,0,2,0.0
38243,0,0.743170386,56,0,0.32838619,6400.0,7,0,1,0,1.0
38244,0,0.126534814,77,0,77.0,,3,0,0,0,
38245,0,0.604008283,57,0,3580.0,,8,0,2,0,0.0
38248,0,0.055588882,47,0,0.185328185,10359.0,5,0,1,0,1.0
38249,1,0.689748997,38,2,0.650817884,4584.0,13,1,2,0,0.0
38251,1,0.650820665,68,0,0.579335108,16152.0,8,0,2,0,0.0
38252,0,0.078068291,60,0,0.007071042,9050.0,4,0,0,0,0.0
38254,1,1.305867665,42,3,0.226564713,3530.0,4,0,0,0,3.0
38255,0,0.0014084070000000002,50,0,0.417419537,7083.0,23,0,2,0,0.0
38256,0,0.181085091,31,0,0.165111407,5250.0,4,0,0,0,1.0
38257,0,0.282494112,54,1,0.40570828200000003,5710.0,20,0,2,0,0.0
38259,0,0.051419047999999995,37,0,3205.0,,4,0,1,0,0.0
38262,0,0.260143984,50,1,0.387966435,5600.0,10,0,1,0,0.0
38263,1,0.718637035,65,4,0.334073992,9000.0,12,0,1,0,1.0
38264,0,0.273246679,44,0,0.24331118699999998,5568.0,6,0,2,0,0.0
38265,0,0.0,68,0,0.433638444,873.0,2,0,0,0,0.0
38266,0,0.9999998999999999,32,0,0.0,1916.0,0,1,0,0,4.0
38268,0,0.0,60,0,0.378088844,7000.0,10,0,2,0,3.0
38269,0,0.077776207,51,0,0.426373934,7150.0,9,0,2,0,3.0
38270,0,0.031717266,63,2,0.465589068,6000.0,21,0,2,0,1.0
38273,0,0.08099055299999999,47,0,0.662674651,500.0,9,0,0,0,2.0
38274,0,0.529427823,68,0,0.7293836440000001,5856.0,14,0,2,0,1.0
38276,0,0.069017566,40,0,0.47626551100000003,5076.0,8,0,1,0,2.0
38277,0,0.0,32,0,0.215850175,9450.0,4,1,1,0,0.0
38279,0,0.08832481699999999,38,0,0.658222785,15000.0,15,0,3,0,0.0
38283,0,0.023526592000000002,89,0,20.0,,4,0,0,0,
38286,0,0.353807879,81,0,0.433478595,3900.0,19,0,1,0,0.0
38287,0,0.488853459,44,0,0.504139392,10387.0,9,0,1,0,2.0
38288,0,0.8318161470000001,33,0,0.044521461,3750.0,5,0,0,0,0.0
38289,0,0.9999998999999999,43,0,0.552282158,2409.0,8,0,1,0,1.0
38290,0,0.122611867,56,1,0.311084975,3400.0,6,0,0,0,0.0
38291,0,0.234679009,63,0,0.32683757399999996,21141.0,6,0,3,0,1.0
38293,0,0.016155373,69,0,0.100561851,10500.0,6,0,1,0,0.0
38294,0,0.350010484,49,0,1.469265367,2000.0,9,0,3,0,2.0
38295,0,0.500065443,54,0,0.5606092220000001,9585.0,7,0,2,0,0.0
38297,0,0.012499534,41,0,0.37129596600000003,2800.0,7,0,0,1,2.0
38298,0,0.0007691719999999999,59,0,4.340599455,1100.0,14,0,3,1,0.0
38299,1,0.557177122,42,0,0.48321131,7921.0,11,0,6,0,2.0
38302,0,0.266262985,57,0,0.115109969,3500.0,5,0,0,1,0.0
38303,0,0.290873058,78,0,0.13237686699999998,6760.0,16,0,1,0,1.0
38304,1,0.194069976,57,0,0.176621571,18700.0,16,0,2,0,3.0
38305,0,0.996806857,52,1,0.612567541,4996.0,12,0,1,0,1.0
38306,0,0.035421861,77,0,0.23362906600000002,7100.0,13,0,2,0,0.0
38307,0,0.9999998999999999,78,0,38.0,,2,0,0,0,
38308,0,0.010639573999999999,84,0,0.003197807,2188.0,3,0,0,0,0.0
38309,0,0.538606765,57,0,0.145332855,8366.0,6,0,0,0,1.0
38310,1,0.118334533,59,1,0.2011997,4000.0,9,0,0,0,3.0
38311,0,0.255744256,27,0,0.51974013,2000.0,2,0,0,0,0.0
38312,0,0.25801855,51,0,0.131490935,5680.0,2,0,0,0,0.0
38314,0,0.9999998999999999,58,0,0.0,6351.0,0,1,0,0,0.0
38315,0,0.0,59,0,0.593200716,9500.0,6,0,2,0,0.0
38316,0,0.464203233,66,0,0.619228336,1580.0,21,0,0,0,0.0
38317,0,0.0,46,0,1010.0,,7,0,1,0,0.0
38319,0,0.0,23,0,0.0,861.0,2,0,0,0,0.0
38320,0,0.013330162,77,0,0.161587119,3477.0,14,0,1,0,0.0
38321,0,0.27656134600000004,68,0,2346.0,,15,0,1,0,1.0
38323,0,0.015222826,59,0,0.003835672,9906.0,11,0,0,0,0.0
38327,0,0.004145024000000001,70,0,0.001919846,4166.0,8,0,0,0,0.0
38328,0,0.0,33,0,0.24670131899999997,2500.0,5,0,0,0,2.0
38332,0,0.199614504,27,0,0.06433495,3916.0,6,0,0,0,0.0
38333,0,0.006214064,46,0,0.21407859199999998,10000.0,9,0,2,0,2.0
38339,0,0.9999998999999999,36,0,0.966813275,2500.0,7,0,1,0,0.0
38340,0,0.18596280699999998,30,0,1.758967001,696.0,3,0,1,0,0.0
38341,0,0.029499017000000002,47,1,0.137937285,5516.0,2,0,1,0,3.0
38343,0,0.15718058199999999,46,0,0.421631531,12000.0,13,0,1,0,3.0
38344,0,0.007959102,57,0,0.040493251,6000.0,10,0,1,0,1.0
38345,0,0.696108658,63,2,0.321607132,16600.0,10,0,1,1,0.0
38346,0,0.41328408,59,0,0.5239813560000001,6650.0,9,0,3,0,0.0
38347,0,0.9999998999999999,36,0,0.166989539,2580.0,2,0,0,0,0.0
38348,0,0.019518146,53,0,0.486982115,4416.0,8,0,1,0,0.0
38349,1,0.9999998999999999,37,0,0.195120325,15000.0,5,0,1,0,2.0
38351,0,0.022917864,70,0,0.019417476,1750.0,7,0,0,0,0.0
38353,1,0.9999998999999999,48,1,0.255372314,2000.0,3,3,0,0,4.0
38354,0,0.072619941,52,0,2759.0,,10,0,1,0,0.0
38358,0,0.026666343,61,0,0.217435071,14900.0,9,0,1,0,0.0
38359,0,0.9999998999999999,46,1,2.438818565,5450.0,5,3,1,0,1.0
38360,0,0.145091105,57,0,0.366680236,9825.0,18,0,2,0,0.0
38361,0,0.148584399,48,0,0.364939177,6000.0,8,0,2,0,3.0
38362,0,1.119601329,40,2,360.0,,2,0,0,0,0.0
38364,0,0.063329111,32,0,396.0,,3,0,0,0,0.0
38366,0,0.84229022,54,0,0.756276383,4500.0,5,0,1,0,0.0
38368,0,0.012520496,44,0,0.026277724,4147.0,10,0,0,0,0.0
38371,1,1.092202389,40,3,0.531131479,6327.0,8,1,2,3,0.0
38372,0,0.22141685600000002,36,0,0.336376679,7666.0,6,0,2,0,1.0
38375,0,0.051244354000000006,70,0,0.212578742,10000.0,11,0,1,0,0.0
38376,0,0.0,41,0,0.288835507,8741.0,7,0,1,0,2.0
38377,0,0.18447270000000002,56,0,0.376834382,1907.0,11,0,0,0,4.0
38379,0,0.821976515,46,0,0.559544021,4122.0,5,0,1,0,2.0
38380,1,0.565689736,47,0,0.881367639,5790.0,12,0,2,0,2.0
38383,0,0.036655105,49,0,0.48903148799999996,6700.0,11,0,1,0,2.0
38385,0,0.752185885,30,0,0.219486967,4833.0,6,0,0,0,0.0
38387,0,0.962368022,34,1,0.536490059,8700.0,9,1,2,0,0.0
38389,1,1.001998002,23,0,0.134276562,3745.0,7,0,0,1,0.0
38390,0,0.005017086,70,0,0.203885344,10500.0,12,0,1,0,0.0
38392,0,0.009514575,67,0,4.0,,7,0,0,0,
38393,0,0.009020154,53,0,0.401899525,4000.0,7,0,1,0,2.0
38395,0,0.714520445,57,0,0.388940956,3200.0,10,0,2,0,1.0
38396,0,0.29304818,44,0,0.6532663320000001,3581.0,5,0,1,0,0.0
38398,0,0.242757243,24,0,0.008526188,820.0,2,0,0,0,0.0
38399,0,0.393354105,55,0,0.45300254,18500.0,15,0,2,0,1.0
38400,0,0.047877712999999995,48,0,0.195108184,5314.0,5,0,1,0,2.0
38401,0,0.028899684,72,0,310.0,,5,0,0,0,0.0
38404,0,0.0,60,1,1068.0,,5,0,1,0,0.0
38405,0,0.16966067899999998,43,1,0.270665953,5600.0,3,1,2,3,0.0
38406,0,0.231038456,55,0,0.043241773,7353.0,7,0,0,0,0.0
38407,0,0.34768068,73,1,0.43561705,4480.0,8,1,1,0,3.0
38409,0,0.127742636,77,0,0.37134573600000004,4138.0,15,0,2,0,0.0
38410,0,0.021162463,81,0,0.21896086399999998,2963.0,20,0,0,0,0.0
38414,0,0.847843978,50,0,0.259522695,10684.0,6,0,0,0,0.0
38415,0,0.9999998999999999,40,0,0.27562564300000003,5833.0,3,0,1,1,0.0
38416,0,0.9999998999999999,41,0,144.0,,1,3,0,0,0.0
38417,0,0.974029347,57,3,0.236532811,4083.0,9,0,0,1,2.0
38418,0,0.0,31,0,0.06780839799999999,11502.0,4,0,1,0,0.0
38419,0,0.179029852,50,0,0.559906682,6000.0,19,0,2,0,1.0
38423,0,0.29935829,51,0,0.134886511,10000.0,9,0,0,0,3.0
38425,0,0.301248658,32,0,0.41927743,7500.0,11,0,1,0,0.0
38426,0,0.0,73,0,0.09520476,5713.0,10,0,1,0,0.0
38428,0,0.0015805939999999998,69,0,1.0,,3,0,0,0,
38430,0,0.001666551,69,0,0.0,2833.0,1,0,0,0,0.0
38432,0,0.003131497,67,0,4.0,,7,0,0,0,0.0
38433,0,0.22331520100000002,53,0,2281.0,,2,0,1,0,1.0
38434,0,0.370445687,47,0,0.015112763999999999,4300.0,5,0,0,0,3.0
38435,0,0.790026247,40,0,0.579221908,4600.0,6,0,2,0,0.0
38438,0,0.5604349820000001,61,0,0.194565345,8500.0,6,0,1,0,1.0
38439,0,0.052460134000000005,62,0,0.506281514,11700.0,9,0,2,0,0.0
38441,0,0.295480053,32,0,0.502677165,3174.0,5,0,1,0,0.0
38442,0,0.8544145590000001,63,0,0.107142857,3583.0,2,0,0,0,0.0
38443,0,0.082494845,66,0,0.380270129,13400.0,12,0,6,0,0.0
38444,0,0.16828993399999997,76,0,0.120208936,14166.0,10,0,2,0,0.0
38445,0,0.575044684,53,0,0.27715307899999997,7825.0,8,0,1,0,0.0
38446,0,0.0,41,1,627.0,,6,0,1,0,0.0
38447,0,0.9999998999999999,35,0,560.0,,1,2,0,2,0.0
38448,0,0.040687985,46,0,54.0,,2,0,0,0,0.0
38449,0,0.7408765209999999,51,0,0.367522841,5800.0,9,0,3,0,0.0
38450,0,0.066762272,54,0,0.41813136,7566.0,10,0,2,0,1.0
38451,0,0.126025177,49,0,0.199436415,11000.0,10,0,1,0,2.0
38453,0,0.10698662699999999,56,0,25.0,,5,0,0,0,0.0
38454,0,0.202528481,40,0,0.295950483,9531.0,4,0,2,0,2.0
38455,0,0.760454912,53,0,0.35802104799999995,10166.0,7,0,2,0,1.0
38459,0,1.002194988,59,0,0.710144928,5450.0,7,0,2,0,0.0
38460,0,0.013239932,41,0,0.46293007,15200.0,30,0,3,0,0.0
38461,0,0.115894205,48,0,1299.0,,2,0,1,0,0.0
38462,0,0.021951968,44,0,944.0,,11,0,1,0,2.0
38463,0,0.0,71,1,0.277755734,12600.0,10,0,1,0,0.0
38464,0,0.613430127,69,1,0.46687532600000003,1916.0,3,0,1,0,0.0
38465,0,0.020715353,41,0,0.027136792000000003,10833.0,7,0,0,0,0.0
38467,0,0.021630104,58,0,1702.0,,6,0,1,0,0.0
38470,0,0.006624793,70,0,973.0,,5,0,1,0,1.0
38472,0,0.369042064,51,0,2573.0,,11,0,2,0,2.0
38473,0,0.33976247,43,0,0.34506748299999995,7186.0,7,0,2,0,2.0
38474,0,0.216646034,54,0,0.261828645,9383.0,8,0,4,0,2.0
38476,0,0.361859945,47,0,0.17154466399999999,15750.0,10,1,1,0,0.0
38477,0,0.004338105,38,0,3398.0,,12,0,1,0,0.0
38478,0,0.9770229770000001,35,1,29.0,,1,0,0,0,0.0
38480,0,0.029613107000000003,23,0,0.002143367,4198.0,5,0,0,0,0.0
38481,1,1.458471761,55,1,1.180455303,1800.0,3,1,1,0,0.0
38482,0,0.7973261429999999,32,3,0.243482538,2032.0,7,0,0,0,4.0
38483,0,0.119640021,28,0,0.011129975,5300.0,4,0,0,0,0.0
38484,0,0.9810234459999999,32,0,0.306117591,4200.0,8,0,0,0,1.0
38485,0,0.975405126,30,0,0.074683916,3400.0,3,0,0,0,2.0
38488,0,0.0,51,0,0.826970749,6050.0,12,0,3,0,2.0
38489,0,0.200769645,62,0,0.370538947,9666.0,15,0,2,0,1.0
38490,0,0.0,36,0,0.454343479,4500.0,10,0,2,0,0.0
38491,0,0.060162702,69,0,89.0,,9,0,0,0,0.0
38492,0,0.914095285,39,0,0.069008393,3216.0,2,1,0,0,0.0
38493,0,0.10873093199999999,71,0,0.020057582,10419.0,9,0,0,0,0.0
38497,0,0.143765314,35,0,0.18445437,15000.0,4,0,1,0,1.0
38498,0,0.011116173,76,0,28.0,,5,0,0,0,0.0
38501,0,0.06412285599999999,78,0,0.493835388,3000.0,14,0,1,0,0.0
38502,0,0.00434959,42,0,0.164285714,3219.0,6,0,0,0,2.0
38503,0,0.575910602,68,0,0.25537992800000003,5250.0,5,0,0,0,3.0
38506,0,0.300591406,72,0,0.62805951,6250.0,9,0,1,0,0.0
38507,0,1.009948169,39,1,0.24164782699999998,3980.0,13,1,0,3,1.0
38511,0,0.139997183,68,1,0.313634318,13333.0,8,0,2,0,0.0
38513,0,0.6962652490000001,42,0,0.303688497,15100.0,8,0,1,0,1.0
38515,0,0.206699154,55,0,0.7760497670000001,4500.0,8,0,2,0,0.0
38516,0,0.32916106300000003,31,0,0.401506298,7700.0,12,0,2,0,1.0
38518,0,0.763150155,78,3,0.429740047,5500.0,12,0,1,0,0.0
38519,0,0.005358288,61,0,335.0,,5,0,1,0,0.0
38521,0,0.040896414,50,0,2215.0,,7,0,2,0,0.0
38522,0,0.727520878,44,0,0.406779661,6666.0,7,0,1,0,0.0
38523,0,0.688047993,46,0,1.963316214,1362.0,5,0,1,0,2.0
38524,0,0.18279980199999998,55,0,0.458556397,10833.0,14,0,3,0,1.0
38526,0,0.087403599,24,0,9.0,,3,0,0,0,
38527,0,0.49692640899999996,33,1,0.715079145,3600.0,7,0,1,0,0.0
38529,0,0.023619149,47,0,0.680829793,4000.0,5,0,1,0,0.0
38530,0,0.8108223109999999,54,0,0.422403999,4400.0,6,0,1,0,2.0
38531,1,0.9999998999999999,61,0,0.07918733,6250.0,3,0,0,0,1.0
38535,0,0.3422421,46,0,0.292360136,4986.0,6,0,1,0,0.0
38536,0,0.952318172,28,0,0.34323432299999995,5150.0,10,0,2,0,1.0
38537,0,0.19107322699999998,65,0,0.186840717,7583.0,13,0,0,0,0.0
38538,0,0.0,39,0,0.17482601399999997,8333.0,9,0,1,0,2.0
38540,0,0.9999998999999999,65,98,0.125475285,525.0,0,98,0,98,0.0
38541,0,0.44954701700000005,66,0,0.91928934,3939.0,6,0,2,0,0.0
38542,0,0.9999998999999999,28,1,0.21990642300000002,2350.0,1,0,0,0,0.0
38545,1,0.964290816,47,0,0.331649331,3364.0,3,4,0,1,1.0
38547,0,0.053694631,31,1,0.251959686,6250.0,7,0,1,0,0.0
38548,0,0.017992044,70,0,13.0,,4,0,0,0,0.0
38549,0,0.517920991,55,0,0.847603441,2440.0,8,0,1,0,0.0
38550,0,0.214269638,32,0,0.078947368,2583.0,8,0,0,0,0.0
38551,0,0.157466691,64,1,0.16222814,13517.0,17,0,2,0,0.0
38552,0,0.0,53,0,5581.0,,7,0,2,0,0.0
38554,0,0.538956192,59,0,2276.0,,15,0,2,0,1.0
38555,0,0.014788196000000002,41,0,0.469235384,15000.0,18,0,3,0,1.0
38558,0,0.9999998999999999,35,0,0.027287697000000003,4250.0,1,0,0,0,0.0
38559,0,0.549085348,31,0,365.0,,4,0,0,0,0.0
38560,0,0.900539964,29,0,0.097481254,5200.0,5,0,0,0,0.0
38561,1,0.450868765,51,0,0.182188015,27284.0,9,1,2,0,1.0
38562,0,0.018162598999999998,62,0,0.062480475,3200.0,25,0,0,0,0.0
38564,0,0.01330462,59,0,0.213766972,9500.0,8,0,2,0,0.0
38565,0,0.09449685,58,0,0.18242935300000002,8775.0,2,0,1,0,0.0
38568,0,0.948992145,74,0,0.679654967,3361.0,10,0,2,0,0.0
38569,0,0.000503339,34,0,0.234215886,5400.0,11,0,1,1,2.0
38572,0,0.260467442,31,1,2564.0,,6,0,1,0,1.0
38573,0,0.24134483199999998,40,0,0.048942217,9500.0,5,0,0,0,5.0
38575,0,0.01717445,52,0,0.49429324,3416.0,3,0,2,0,2.0
38576,0,0.24625775,61,0,479.0,0.0,8,0,0,0,0.0
38578,0,0.023920255,48,0,0.173739169,4500.0,7,0,0,0,1.0
38579,0,0.147277607,63,0,4324.0,,10,0,2,0,
38581,0,0.0,67,0,1693.0,,8,0,1,0,1.0
38582,0,0.045330420999999996,58,0,0.423353145,8075.0,11,0,2,0,0.0
38583,0,0.046691589000000006,47,0,0.189158785,24000.0,7,0,1,0,1.0
38584,0,0.259558352,62,0,0.6641674479999999,3200.0,21,0,1,0,0.0
38585,0,0.017099145,75,0,0.005997001,3334.0,3,0,0,0,1.0
38587,0,0.025049374,55,0,2638.0,,7,0,1,0,0.0
38589,0,0.612439645,43,0,0.24744006699999999,8300.0,6,1,0,0,1.0
38591,0,0.010749103999999999,48,0,0.45230953799999996,5000.0,8,0,1,0,0.0
38592,0,0.031793641,33,0,0.000727141,5500.0,2,0,0,0,0.0
38593,0,0.929922803,56,2,0.325562483,7377.0,7,0,2,0,0.0
38594,0,0.36230873,53,0,1684.0,,3,0,1,0,0.0
38595,0,0.974378585,26,3,0.079365079,1700.0,3,1,0,0,0.0
38596,0,0.002714253,72,1,0.09745717599999999,9398.0,11,0,1,0,0.0
38597,0,0.9999998999999999,58,0,0.155176005,4800.0,2,0,0,0,1.0
38598,0,0.33819549299999996,50,1,0.329611853,9583.0,5,0,1,0,1.0
38599,0,0.127901638,41,0,0.281128302,9500.0,7,0,2,0,2.0
38600,0,0.7804065309999999,60,0,0.127790179,3583.0,6,0,0,0,2.0
38601,0,0.010024749,42,0,0.1298027,6740.0,3,0,0,0,3.0
38602,0,0.006928588,33,0,0.043444829000000004,2600.0,3,0,0,0,0.0
38603,0,0.0,85,0,0.0,,4,0,0,0,
38607,0,0.9999998999999999,44,0,0.0,9000.0,0,0,0,0,6.0
38608,0,0.060079165,57,0,0.705843146,4500.0,7,0,2,0,1.0
38611,0,0.048625334000000006,66,0,4715.0,,7,0,2,0,0.0
38612,0,0.039721236,31,0,0.051166438,5100.0,13,0,0,0,0.0
38613,0,0.0024561120000000003,69,0,0.001170503,5125.0,7,0,0,0,0.0
38614,0,0.8119075509999999,90,0,1.66827853,3101.0,24,0,2,0,0.0
38615,0,0.022744911,79,0,0.0027493129999999998,4000.0,2,0,0,0,0.0
38618,1,0.6809951190000001,54,2,3450.0,,10,3,1,1,0.0
38621,0,0.621892465,52,0,0.40134247,7150.0,12,0,2,0,1.0
38622,0,0.074801546,76,0,303.0,,9,0,1,0,
38623,0,0.00059996,50,0,0.306453674,7824.0,5,0,1,0,2.0
38624,0,0.016677201000000003,40,0,0.092568784,35000.0,9,0,2,0,1.0
38625,0,0.9999998999999999,21,98,0.0,,0,98,0,98,
38626,1,0.98296837,64,3,0.976804639,5000.0,15,0,1,0,0.0
38627,0,0.058679947,54,0,3281.0,,6,0,2,0,0.0
38629,0,0.0,62,0,0.0,14100.0,1,0,0,0,0.0
38631,1,0.32481851300000003,54,0,0.332333533,5000.0,6,0,1,0,2.0
38632,0,0.25973326,61,0,0.262481251,14000.0,6,0,2,0,0.0
38633,0,0.255230126,58,0,0.373290137,8333.0,9,0,2,0,0.0
38634,0,0.089164334,27,0,0.099984003,6250.0,7,0,0,0,0.0
38636,0,0.9999998999999999,41,0,0.428801029,6221.0,4,0,1,0,0.0
38637,0,0.052053255,42,0,0.373642288,9666.0,5,0,1,0,2.0
38641,0,0.052019151,72,0,5.550218341,228.0,7,0,1,0,0.0
38644,0,0.46895218899999996,32,0,0.8781725890000001,4333.0,15,0,3,2,1.0
38645,0,0.577366505,51,1,4320.0,,9,0,2,0,0.0
38646,0,0.9999998999999999,58,0,1531.0,,2,0,1,0,0.0
38648,0,0.9999998999999999,29,1,179.0,,1,0,0,0,0.0
38649,0,0.03531581,28,0,3886.0,,10,0,2,0,1.0
38650,0,0.031883892000000004,50,0,0.700683851,1900.0,6,0,1,0,0.0
38653,1,0.0,48,2,0.49770046,5000.0,4,3,2,1,0.0
38654,0,0.17389792199999998,35,0,0.02665482,2250.0,1,0,0,0,0.0
38655,0,0.004714117,67,0,0.104445635,5600.0,4,0,0,0,1.0
38656,0,0.701732213,31,0,0.735243222,5200.0,8,0,2,0,3.0
38657,0,0.6214138889999999,78,0,4865.0,,16,0,2,0,0.0
38658,1,0.925349922,30,0,0.109617373,966.0,3,0,0,0,1.0
38660,0,0.188239076,56,0,0.160963245,7100.0,18,0,0,0,1.0
38661,0,0.343541944,22,1,0.009744214000000001,820.0,2,0,0,0,0.0
38662,0,0.947985348,37,3,0.243918694,3000.0,5,0,0,3,2.0
38664,0,0.925848782,32,1,0.09141791,3215.0,4,0,0,0,1.0
38665,0,0.18529536800000002,62,0,0.266977481,11367.0,7,0,2,0,0.0
38666,0,0.5537765610000001,66,3,1.73028216,4500.0,12,0,4,0,0.0
38667,0,717.0,43,0,0.21303841699999998,5153.0,11,0,1,0,0.0
38668,0,0.8060431020000001,63,0,2693.0,,9,0,1,0,0.0
38669,0,0.593511227,61,0,4714.0,,10,0,2,0,0.0
38671,0,0.741374323,62,0,0.371517869,7358.0,7,0,1,0,1.0
38672,0,0.395837049,72,0,0.169153183,4758.0,9,0,0,0,0.0
38674,0,0.22361557199999998,63,1,0.4348659000000001,3653.0,13,0,1,0,0.0
38676,0,0.007968898,59,0,0.011647972,2317.0,19,0,0,0,0.0
38678,1,0.0,44,0,0.22535211300000002,2200.0,5,0,1,0,1.0
38681,0,0.129800078,66,0,0.448591901,6000.0,10,0,1,0,0.0
38682,1,0.357240251,53,0,0.45500692200000004,4333.0,4,0,1,0,3.0
38683,0,0.07928549900000001,69,0,682.0,,5,0,1,0,2.0
38684,0,0.140535221,70,0,0.177468309,5600.0,6,0,1,0,0.0
38686,0,0.77849772,56,2,8945.0,,12,0,4,0,2.0
38687,0,0.880950514,47,0,882.0,,6,0,1,0,0.0
38688,0,0.000150941,77,0,0.0,,5,0,0,0,0.0
38689,0,0.0032499190000000004,87,0,0.0014395389999999999,2083.0,4,0,0,0,0.0
38691,0,0.785214785,27,0,0.125074985,3333.0,5,0,0,0,0.0
38692,0,0.0,34,1,0.29156947699999997,3000.0,8,0,0,0,0.0
38693,0,0.71512602,47,0,0.395006687,2242.0,13,0,0,0,0.0
38694,0,0.000245605,69,0,0.24688763100000002,6184.0,10,0,2,0,0.0
38697,0,0.22429595100000002,24,0,0.013712718999999998,2916.0,4,0,0,0,0.0
38698,0,0.314367508,51,1,0.28897466,11917.0,13,0,2,0,2.0
38701,0,0.016199676,38,0,0.19892473100000002,7253.0,6,0,1,0,3.0
38702,0,0.11856578300000001,51,0,0.125124982,7000.0,5,0,1,0,1.0
38703,1,0.9999998999999999,49,0,0.0,3683.0,0,0,0,0,1.0
38704,0,0.04576242,84,0,55.0,,5,0,0,0,0.0
38705,0,0.549535635,64,0,2978.0,,28,0,0,0,2.0
38706,0,0.032475575,32,0,0.042970574000000004,6422.0,4,0,0,0,0.0
38707,0,0.9999998999999999,45,0,0.35523275,3028.0,3,0,0,0,0.0
38708,0,1.020979021,31,0,0.160473254,6000.0,4,0,0,0,0.0
38709,0,0.820589705,36,0,0.430622634,7660.0,6,0,3,0,1.0
38710,0,0.9999998999999999,54,0,0.00299987,7666.0,1,4,0,0,1.0
38711,0,0.000499986,52,0,0.41790337899999996,6333.0,8,0,2,0,2.0
38713,0,0.051799137,62,0,0.008544653000000001,10883.0,4,0,0,0,1.0
38714,0,0.127574485,28,0,0.206176203,1100.0,5,0,0,0,0.0
38716,0,0.3959901,58,0,0.27734033199999997,5714.0,10,0,1,0,0.0
38718,0,0.7452619009999999,36,2,0.17391304300000002,4300.0,6,0,0,0,0.0
38720,0,0.000749813,71,0,0.202466256,6000.0,5,0,2,0,1.0
38721,0,0.916009693,34,0,0.308039377,4875.0,13,0,0,0,1.0
38722,0,0.21673779899999998,53,0,0.215561915,12928.0,8,0,1,0,4.0
38723,0,0.00339932,36,0,0.0,1300.0,2,0,0,0,0.0
38724,0,0.03635876,49,0,0.007399576999999999,3783.0,3,0,0,0,0.0
38725,0,0.0,49,0,0.0,,4,0,0,0,0.0
38726,0,0.210210358,33,0,0.083551483,4583.0,5,0,0,0,0.0
38730,0,0.25408964300000003,63,0,0.63048136,7000.0,17,0,2,0,0.0
38731,0,0.0,41,0,0.362842812,15350.0,8,0,2,1,3.0
38732,0,0.595120644,47,0,1.042708185,7000.0,17,0,2,0,3.0
38733,0,0.863190683,58,0,2938.0,,17,0,1,0,0.0
38734,0,0.081673466,64,0,780.0,,4,0,1,0,0.0
38735,0,0.9999998999999999,61,0,0.0,,2,0,0,0,
38736,0,0.132632852,56,0,0.53520677,12525.0,29,0,2,0,0.0
38737,0,0.24151696600000003,39,0,0.037493751,6000.0,11,0,0,0,0.0
38738,1,0.314563258,45,0,1.142857143,4500.0,16,0,5,1,0.0
38739,0,0.21259580100000003,26,0,0.27973856199999997,764.0,3,0,0,0,0.0
38742,0,0.9359849179999999,30,0,0.32744542600000004,6000.0,7,0,0,0,0.0
38743,1,0.9999998999999999,48,4,2665.0,,5,1,4,0,0.0
38745,0,0.065835299,27,0,0.01946344,1900.0,7,0,0,0,0.0
38746,0,0.035761925,72,0,0.124175165,5000.0,10,0,0,0,0.0
38747,0,0.038359916,48,0,0.063186112,7833.0,11,0,0,0,0.0
38750,0,0.9492514879999999,44,0,0.904713324,4900.0,6,0,2,0,2.0
38751,0,0.017189799,85,0,0.264347131,5000.0,8,0,0,0,0.0
38752,0,0.704831827,49,2,0.6194754379999999,6900.0,15,0,2,0,1.0
38754,0,0.003277173,66,0,0.25539493,4772.0,5,0,1,0,1.0
38755,0,0.058244184000000004,40,0,0.306764998,7050.0,6,0,1,0,2.0
38756,0,0.113386251,51,0,0.32792005,1600.0,3,0,0,0,0.0
38760,0,0.032282859,24,0,1.0,,1,0,0,0,0.0
38762,0,0.131529264,70,0,56.0,,1,0,0,0,0.0
38763,0,0.333644424,63,0,2317.0,,5,0,2,0,0.0
38765,0,0.9999998999999999,62,0,0.20390937399999998,2250.0,1,0,0,0,0.0
38766,0,0.021659422999999997,75,0,0.25793291,6617.0,10,0,2,0,1.0
38769,0,0.37780100899999997,49,0,0.38190452399999997,4000.0,6,0,1,0,3.0
38772,0,0.487265393,64,0,0.277674935,2700.0,12,0,0,0,0.0
38773,0,0.24925005,62,0,0.416194602,3000.0,3,0,1,0,0.0
38775,0,0.000419149,39,0,0.201017812,3929.0,5,0,2,0,0.0
38777,0,0.051787686,40,0,0.231576842,10000.0,13,0,1,0,2.0
38779,0,0.005432338,85,0,0.30377524100000003,2277.0,9,0,1,0,1.0
38780,0,0.02908091,64,0,0.132973405,5000.0,4,0,1,0,0.0
38781,0,0.1089055,68,0,1.3063672720000001,3250.0,8,0,2,0,0.0
38783,0,0.070098832,63,0,0.242619079,7620.0,24,0,3,0,0.0
38784,0,0.05825918099999999,65,0,0.108722819,4000.0,9,0,0,0,0.0
38785,0,0.216550805,49,0,0.453801878,3300.0,2,0,1,0,0.0
38786,1,0.196786816,42,0,0.13294936400000001,4166.0,8,0,0,0,4.0
38788,1,0.231202677,62,1,2596.0,,15,1,1,1,0.0
38790,0,0.0,36,0,0.575663027,2563.0,5,0,1,0,0.0
38791,0,0.054998982,57,0,0.167712905,18000.0,6,0,1,0,1.0
38793,1,0.9999998999999999,48,1,0.079457961,3246.0,3,0,0,0,4.0
38794,0,0.661160862,60,1,0.7305339270000001,14383.0,23,0,2,0,0.0
38795,0,0.027382016000000002,65,0,0.126275642,9700.0,5,0,1,0,1.0
38796,0,0.296279322,47,0,0.473878531,5416.0,6,0,2,0,3.0
38798,0,0.05753184,81,0,1397.0,,5,0,2,0,0.0
38799,0,0.49682259700000003,49,0,0.827413838,3800.0,11,0,2,0,2.0
38800,0,0.45998805200000004,48,1,0.286823235,15200.0,9,1,2,0,4.0
38801,0,0.01884328,71,0,0.210232285,3400.0,8,0,1,0,0.0
38802,0,0.947670155,42,0,1463.0,,5,0,0,0,
38804,0,1.026991003,26,0,0.14606476,4230.0,7,0,0,0,0.0
38805,0,0.386445539,52,0,2.2872606159999997,1200.0,8,0,1,0,1.0
38806,0,0.954070086,42,0,0.472651967,8208.0,8,0,1,0,0.0
38807,0,0.13726494,72,0,0.265141938,8700.0,5,0,1,0,0.0
38809,0,0.024171811,46,1,0.5767450470000001,5400.0,8,0,1,0,2.0
38811,0,0.9999998999999999,30,0,0.02617801,2291.0,0,0,0,0,0.0
38813,0,760.0,63,0,0.060827936,3550.0,2,0,0,0,0.0
38814,1,1.1498335179999999,42,1,0.040196595,5696.0,6,2,0,0,0.0
38815,0,0.295291832,53,0,0.67017258,13500.0,18,0,3,0,0.0
38816,0,0.0009450010000000001,70,0,0.003149843,20000.0,11,0,0,0,0.0
38818,0,0.132812934,37,0,0.35541805,6625.0,15,0,2,0,1.0
38820,0,0.5270262410000001,40,1,0.34208819700000004,3083.0,10,0,0,0,0.0
38821,1,0.441390061,48,1,1058.0,,12,0,1,0,
38822,0,0.179995872,48,0,1792.0,,5,0,1,2,2.0
38823,0,0.41127016200000005,45,0,0.7119891009999999,3669.0,10,0,2,0,2.0
38824,1,0.384274327,38,2,0.394551101,7083.0,11,0,2,0,2.0
38827,0,0.081454939,46,0,1738.0,,4,0,1,0,0.0
38828,0,0.011969792,51,0,0.28903554800000003,6666.0,19,0,0,0,1.0
38830,0,0.028731417999999998,77,0,0.003998667,3000.0,2,0,0,0,0.0
38831,0,0.06419786,52,1,0.009331778,6000.0,4,0,0,0,1.0
38833,0,0.39206519799999995,52,0,1.178234314,1800.0,6,0,2,0,1.0
38834,0,0.200099988,24,0,0.052280310999999996,898.0,2,0,0,0,0.0
38835,0,0.16167664699999998,26,0,0.000874891,2285.0,1,0,0,0,0.0
38836,0,0.027821892999999997,70,0,0.003249188,4000.0,6,0,0,0,0.0
38837,0,0.848136708,42,0,0.50090054,9993.0,8,0,2,0,1.0
38839,0,0.38584796,40,1,0.45229298,4600.0,6,0,1,0,3.0
38840,1,0.462268866,33,0,0.336132773,5000.0,3,0,1,1,0.0
38841,0,0.034300951,37,0,0.121794872,4367.0,8,0,0,0,4.0
38842,0,0.12072119199999999,40,0,0.357329642,6500.0,11,0,1,0,2.0
38843,0,0.9999998999999999,64,1,0.183262065,1636.0,2,0,0,0,0.0
38844,1,0.135728543,39,0,0.19026991,3000.0,3,2,0,2,2.0
38845,0,0.134419812,33,0,0.10683053699999999,4230.0,7,0,0,0,0.0
38848,0,0.33846682299999997,63,0,0.377188029,7083.0,17,0,1,0,0.0
38849,1,0.072029642,57,2,0.502699683,5370.0,14,0,2,0,3.0
38852,0,0.071713147,71,0,0.028311779,2860.0,5,0,0,0,0.0
38854,0,0.05979496,52,0,0.352635486,4040.0,4,0,1,0,0.0
38855,0,0.96119687,26,1,278.0,,4,1,0,1,0.0
38856,0,0.004193278,55,0,1377.0,,7,0,2,0,
38857,1,0.72278005,54,3,1.062036213,3368.0,14,0,2,0,2.0
38859,0,0.22810905899999998,64,0,0.111087844,9550.0,8,0,0,0,0.0
38861,0,0.332896976,48,0,0.325521393,4650.0,11,0,2,0,0.0
38862,0,0.384963582,42,0,0.5182710660000001,7333.0,4,0,1,0,2.0
38863,0,0.944365193,41,2,0.268867388,8784.0,7,0,0,0,1.0
38866,0,0.970195622,38,0,0.295448566,3800.0,7,0,0,0,3.0
38867,0,0.161621671,38,0,0.125392745,3500.0,4,0,0,0,2.0
38868,0,0.9999998999999999,32,0,0.503627232,3583.0,4,0,1,0,0.0
38870,0,0.0,55,0,0.178205449,4000.0,4,0,2,0,0.0
38872,0,0.2187219,48,0,0.304720134,9575.0,9,0,1,0,1.0
38874,0,0.154407154,65,0,3221.0,,15,0,1,0,1.0
38876,0,0.018170019,45,1,0.838714965,6100.0,11,0,4,0,4.0
38879,0,0.091108515,36,1,0.152551289,1900.0,8,0,0,0,0.0
38883,0,0.058602284000000004,48,0,0.534681074,5737.0,10,0,3,0,2.0
38884,0,0.017787301999999998,40,0,0.660866957,6666.0,18,0,3,0,2.0
38885,0,0.02941916,58,0,2712.0,,8,0,2,0,0.0
38887,0,0.09607322800000001,73,0,0.033166742,2200.0,8,0,0,0,0.0
38889,0,0.41595484200000005,73,0,0.24343914,4000.0,12,0,0,0,0.0
38890,0,0.08519028099999999,56,0,0.01317041,13666.0,12,0,0,0,0.0
38892,0,0.9999998999999999,68,0,4047.0,,4,0,3,0,0.0
38893,0,0.00934742,80,0,4766.0,,5,0,1,0,0.0
38895,0,0.175862663,49,0,0.40557746899999997,14450.0,17,0,3,0,1.0
38897,0,0.22919929600000002,32,0,0.28271621399999997,7480.0,9,0,1,0,3.0
38898,0,0.066124924,66,0,0.184050212,5416.0,7,0,1,0,0.0
38899,0,0.04389248900000001,56,0,0.060889359000000004,12300.0,10,0,0,0,0.0
38900,0,0.401279936,36,2,0.345269506,7958.0,9,0,2,0,2.0
38901,0,0.7404161579999999,60,0,1.5826339569999999,3097.0,10,0,1,0,0.0
38903,0,0.189620758,44,0,0.164573408,2308.0,3,0,0,0,3.0
38904,0,0.9999998999999999,44,0,0.08696444800000001,5484.0,1,1,0,0,1.0
38905,0,0.598913514,47,0,0.317766497,3939.0,7,0,1,0,2.0
38906,0,0.018076952,54,0,0.35405027899999997,5727.0,10,0,1,0,3.0
38907,0,0.177152914,60,0,0.317938801,8790.0,7,0,1,0,0.0
38908,0,0.126179633,74,0,1589.0,,14,0,1,0,0.0
38910,0,0.43112003299999996,62,0,4640.0,,11,0,2,0,0.0
38911,0,0.009634169,84,0,0.003378378,8879.0,14,0,0,0,0.0
38912,0,0.0,79,0,0.0,,5,0,0,0,0.0
38913,0,0.03129825,66,0,0.279883647,11000.0,11,0,2,0,0.0
38914,0,0.519193234,52,0,0.68903887,8000.0,15,0,1,0,2.0
38916,0,0.36439216,71,0,0.275067469,9633.0,11,0,0,0,1.0
38918,0,0.9999998999999999,55,0,0.85203252,1229.0,4,0,1,0,0.0
38920,0,0.039202962,62,0,81.0,,10,0,0,0,0.0
38921,0,0.9999998999999999,37,0,0.0,,0,0,0,0,0.0
38922,0,0.899728997,55,2,0.335320163,5871.0,7,0,1,0,0.0
38924,0,0.037297733,50,0,0.004777247,9000.0,3,0,0,0,0.0
38928,0,0.280374393,62,0,0.8789013729999999,800.0,10,0,0,0,0.0
38930,0,0.678348359,38,1,0.10774326599999999,16000.0,12,0,0,0,2.0
38931,0,0.087269278,32,0,0.450645564,2400.0,8,0,1,0,0.0
38932,1,0.0,56,3,2956.0,,5,0,1,0,0.0
38933,1,0.245727556,84,0,0.22092635800000002,3000.0,8,0,0,0,1.0
38934,1,0.501367291,52,4,0.427155865,7467.0,10,1,1,0,0.0
38937,0,0.003649818,68,0,1714.0,,8,0,2,0,0.0
38938,0,0.0076135659999999996,58,0,0.7158409240000001,4500.0,8,0,2,0,0.0
38939,0,0.718037595,25,0,0.18378119,2083.0,3,0,0,0,0.0
38941,0,0.052787192999999996,62,0,0.106105164,8500.0,8,0,1,0,3.0
38942,0,0.117812015,80,0,0.247252747,2729.0,9,0,1,0,0.0
38945,0,0.033550527000000004,68,0,3416.0,,9,0,2,0,0.0
38946,0,0.0008790730000000001,68,0,0.0,4710.0,7,1,0,0,0.0
38947,0,0.144620307,85,0,0.029988005,2500.0,6,0,0,0,0.0
38950,0,0.10965448300000001,40,1,0.47046843200000005,5400.0,10,0,2,0,3.0
38953,0,0.27368158,78,0,0.18707271600000003,1608.0,3,0,0,0,0.0
38955,0,0.009519962,88,0,11.0,,7,0,0,0,
38957,0,0.145712898,75,0,0.076487252,6000.0,15,0,0,0,1.0
38958,0,0.960712529,52,1,6766.0,,8,0,1,0,
38960,0,0.055160482000000004,65,0,1822.0,,6,0,1,0,
38961,0,0.296908344,32,0,0.225554435,3967.0,10,0,0,0,0.0
38962,0,0.26782335,56,1,0.673642821,7883.0,16,0,2,0,3.0
38963,0,0.008055924,45,0,0.60172931,5666.0,14,0,2,0,0.0
38964,0,0.280621413,43,0,0.35572327,3974.0,9,0,0,0,2.0
38965,0,0.003312049,69,0,0.18877551,3135.0,8,0,2,0,0.0
38966,0,0.130749452,27,0,0.088916563,4014.0,2,1,0,0,0.0
38967,0,0.977593422,47,0,0.396772859,7250.0,6,0,1,0,2.0
38968,1,0.307736259,39,1,0.45932373600000004,5973.0,6,0,1,0,2.0
38969,1,0.868519508,35,0,0.054363674,4800.0,3,2,0,1,3.0
38970,0,0.100380811,40,0,0.120496466,5800.0,6,0,0,0,2.0
38971,0,0.084669115,38,0,0.724606772,3750.0,9,0,2,0,1.0
38973,0,0.002739703,66,0,0.19747775899999997,10228.0,10,0,1,0,0.0
38974,0,0.0,73,0,550.0,,6,0,1,0,0.0
38976,0,0.53600265,50,0,0.495212766,3759.0,8,0,2,0,1.0
38978,0,0.0,57,1,0.65738758,1400.0,6,0,1,0,0.0
38979,0,0.046149419000000004,47,0,0.340043986,11821.0,7,0,2,0,3.0
38983,0,0.356266422,54,0,0.233883058,2000.0,7,0,0,0,1.0
38984,0,0.715399714,55,0,3443.0,,7,0,2,0,0.0
38985,0,0.0,71,0,1347.0,,6,0,1,0,0.0
38986,0,0.045379265,38,0,0.098502496,6009.0,9,0,0,0,3.0
38988,0,0.016485967,71,0,0.051423622,9236.0,27,0,1,0,2.0
38989,1,0.9999998999999999,29,2,0.103421761,2600.0,5,4,0,0,2.0
38990,0,0.0,74,0,0.0,5200.0,5,0,0,0,0.0
38993,0,0.0,68,0,123.0,,1,0,0,0,0.0
38996,0,0.027329689,68,0,6.0,,5,0,0,0,0.0
38998,0,0.042957043,55,0,0.00166627,4200.0,6,0,0,0,0.0
38999,0,0.032163291000000004,52,1,0.237190702,4000.0,11,0,1,0,0.0
39000,0,0.069458941,54,0,0.8644975290000001,7283.0,12,0,4,0,1.0
39001,0,0.9999998999999999,56,0,0.035528942,2504.0,1,0,0,0,0.0
39002,0,0.350125553,67,0,662.0,,6,0,0,0,2.0
39004,0,0.0,82,0,0.0,,3,0,0,0,0.0
39005,0,0.969945431,52,0,1.181954511,4000.0,12,0,2,0,0.0
39006,0,0.176712405,58,3,0.69035533,4333.0,8,0,1,0,0.0
39007,0,0.0,61,0,460.0,,4,0,0,0,0.0
39009,0,0.226117997,45,1,0.694093813,6416.0,24,0,1,0,3.0
39010,0,0.0,77,0,432.0,,4,0,0,0,
39011,0,0.9999998999999999,34,0,0.0,1500.0,1,0,0,0,0.0
39012,0,0.040165328,76,0,0.003794094,9751.0,9,0,0,0,0.0
39013,0,0.000679986,50,0,0.00018460400000000002,5416.0,3,0,0,0,0.0
39017,0,0.41732164200000005,36,0,0.36099317,10833.0,11,0,1,0,2.0
39018,0,0.0033887009999999996,40,0,1.290521054,5200.0,4,0,3,0,1.0
39019,0,0.094922829,44,0,0.500071418,7000.0,9,0,2,0,1.0
39020,0,0.220620891,41,0,0.89044141,3148.0,11,0,1,0,2.0
39021,0,0.0437675,49,0,0.01144545,5416.0,3,0,0,0,0.0
39022,0,0.180183105,45,0,0.511306832,4200.0,7,0,2,0,1.0
39023,0,0.132148226,34,0,0.207817337,2583.0,5,0,0,0,0.0
39024,0,0.054441261,44,0,0.245134485,9145.0,7,0,1,0,3.0
39026,0,0.294913071,61,0,0.262159273,3741.0,10,0,1,0,1.0
39027,0,0.04075144,66,0,1070.0,,9,0,0,0,0.0
39028,0,0.6625301229999999,68,0,1.3898440619999999,2500.0,7,0,2,0,1.0
39029,0,0.781065089,50,0,0.30821750800000003,4100.0,6,0,1,0,1.0
39030,0,0.004503817,40,0,0.293103448,2145.0,17,0,1,0,1.0
39031,0,0.35155468799999995,38,1,1.250288351,2600.0,11,0,1,0,5.0
39032,0,0.117767712,84,0,407.0,,5,0,0,0,0.0
39033,0,0.6474291879999999,42,0,0.37924966,12500.0,12,0,2,0,5.0
39034,0,1.013427612,38,0,0.254658385,6600.0,5,0,2,0,2.0
39035,0,0.322995508,59,0,0.377975337,3486.0,6,0,1,0,0.0
39036,0,0.0,52,0,2719.0,,13,0,1,0,1.0
39037,0,0.9999998999999999,52,0,0.576020455,10950.0,4,0,4,0,2.0
39039,0,0.0,51,0,0.162143918,7406.0,3,0,1,0,0.0
39042,0,0.101660554,69,0,0.275412294,13339.0,9,0,1,0,0.0
39043,0,0.45987781200000005,45,0,0.8081507109999999,2600.0,8,0,1,0,2.0
39044,0,0.220167235,44,0,0.292925114,7250.0,7,0,2,0,0.0
39045,0,0.027900091000000002,37,0,0.23331111300000001,10500.0,20,0,2,0,0.0
39046,0,0.228803189,38,0,0.494126468,4000.0,10,0,1,1,1.0
39047,0,0.0045907,43,0,0.202849644,2666.0,12,0,0,0,1.0
39048,0,0.227249979,54,0,0.114049394,8583.0,11,0,0,0,2.0
39049,0,0.083721508,49,0,923.0,,4,0,1,0,0.0
39050,0,0.35048660200000004,38,0,0.21619595100000003,4000.0,5,0,0,1,0.0
39051,0,0.8658756870000001,74,0,0.45852231200000004,6834.0,5,0,1,0,0.0
39053,1,0.296703297,32,2,0.262315943,5500.0,10,1,0,0,2.0
39054,0,0.116536523,73,0,0.156888309,2300.0,11,0,0,0,0.0
39055,0,0.35332762100000004,25,1,0.37183189,3116.0,6,0,1,0,1.0
39056,0,0.006689616999999999,59,0,34.0,,11,0,0,0,0.0
39057,0,0.37916004299999995,37,0,0.34050686700000005,7062.0,5,1,2,0,0.0
39058,0,0.11737011,39,0,0.528325834,8666.0,9,0,2,0,1.0
39059,1,0.5317664120000001,47,0,0.645153774,4291.0,11,0,2,0,2.0
39060,0,0.828509527,50,1,0.540071864,6400.0,8,0,3,1,0.0
39061,0,0.852981045,54,0,0.629885475,5500.0,14,0,2,0,0.0
39062,0,0.556983719,48,5,0.268261255,12416.0,6,3,1,0,2.0
39063,0,0.007890009,87,0,0.000833102,3600.0,4,0,0,0,0.0
39064,0,0.8012284340000001,55,0,0.7045412590000001,10833.0,17,0,2,0,1.0
39065,0,0.13302271300000001,72,0,0.10300690800000001,9843.0,20,0,0,0,1.0
39066,0,0.397088289,50,0,0.243121741,5560.0,5,0,1,0,1.0
39067,0,0.054850447999999996,41,0,1839.0,0.0,10,0,1,0,2.0
39068,0,1.459027315,46,0,0.023991276000000002,2750.0,2,0,0,2,1.0
39069,0,0.8744692629999999,34,1,0.19328367600000002,7920.0,13,0,0,1,1.0
39070,0,0.405148713,47,0,0.307886542,11880.0,5,0,1,0,1.0
39071,0,0.38448068799999996,73,0,0.559512652,3200.0,11,0,1,0,1.0
39072,0,0.365627356,32,0,0.10668775,10750.0,6,0,0,0,4.0
39074,0,0.0,22,0,0.0,2500.0,1,0,0,0,0.0
39075,0,0.089615283,69,0,0.531924563,4400.0,20,0,1,1,0.0
39076,0,0.40269718600000004,51,2,0.184437028,5692.0,5,0,0,0,3.0
39077,0,0.264436307,66,0,0.12411238,3238.0,7,0,0,0,0.0
39078,0,0.8194627520000001,33,0,0.38024541700000003,6600.0,10,0,1,0,1.0
39079,0,0.09688718199999999,40,0,1537.0,,9,0,2,0,0.0
39080,0,0.0,46,1,0.497127097,4350.0,8,0,0,1,1.0
39081,0,0.03261487,38,0,0.19350704800000001,2340.0,11,0,0,0,0.0
39082,0,0.9999998999999999,78,0,3.0,,3,0,0,0,
39084,0,0.62322397,43,1,0.44572825200000005,9000.0,9,0,2,0,2.0
39085,0,0.032559252999999996,65,0,2209.0,,5,0,1,0,0.0
39087,0,0.95037266,57,1,0.188182005,4856.0,11,1,0,0,0.0
39088,0,0.358947835,29,0,0.200277681,2880.0,4,0,0,0,0.0
39089,0,0.047265613,38,0,2.095808383,500.0,7,0,1,0,0.0
39090,0,0.028448723999999998,65,0,0.233204633,5179.0,11,0,1,0,1.0
39091,0,0.007966401,71,0,44.0,,13,0,0,0,0.0
39094,0,0.419177029,40,0,0.823050847,1474.0,6,1,1,0,2.0
39100,0,0.9999998999999999,38,0,0.536932883,5333.0,3,0,1,0,3.0
39102,0,0.007685755,47,0,0.10718182400000001,15580.0,14,0,2,0,4.0
39103,0,0.043449657,69,0,0.151957849,8350.0,14,0,1,0,0.0
39106,0,0.37917542200000004,53,0,3780.0,,3,0,1,0,0.0
39109,0,0.366326735,54,0,0.336415896,4000.0,5,0,1,0,0.0
39111,0,2990.0,56,0,0.048947719,10500.0,10,0,1,0,0.0
39113,0,0.126168945,43,0,0.18578172699999998,3600.0,6,0,0,0,0.0
39114,0,0.081763637,72,0,0.037192561,5000.0,7,0,0,0,1.0
39115,0,0.201343982,55,0,0.534306569,13014.0,12,0,4,0,3.0
39116,0,0.056486170999999995,60,1,0.001321944,9833.0,1,0,0,0,0.0
39117,1,1.257954797,47,1,0.534917207,12500.0,14,0,1,0,0.0
39119,1,1.042871684,47,5,0.400565095,4600.0,6,0,2,1,4.0
39120,0,1.481037924,46,0,163.0,,1,3,0,0,0.0
39122,0,0.160520961,63,0,0.298137356,8750.0,13,0,1,0,2.0
39123,0,0.33693962,46,0,0.049585433,6150.0,5,0,0,0,2.0
39124,0,0.134354198,51,0,0.478443214,5960.0,5,0,1,0,1.0
39126,0,0.06648713099999999,44,0,44.0,,3,0,0,0,0.0
39128,0,0.9999998999999999,40,0,0.018363402,3103.0,0,1,0,0,0.0
39130,0,0.049730709000000005,60,0,0.36366363399999996,10000.0,16,0,3,0,4.0
39131,0,0.000151514,58,0,0.318246575,9124.0,14,0,2,0,0.0
39132,0,0.6078817089999999,47,1,0.42609467,12400.0,15,0,2,0,3.0
39134,0,0.141646015,38,0,0.44271145799999995,5000.0,8,0,2,0,1.0
39136,0,0.000848459,97,0,0.000431593,2316.0,5,0,0,0,0.0
39138,0,0.013568095,85,0,0.0027262809999999997,3667.0,3,0,0,0,1.0
39139,0,0.19916856,66,0,0.392980936,2307.0,13,0,0,0,0.0
39140,0,0.42609213799999995,53,1,0.9701591509999999,7539.0,12,0,2,0,0.0
39141,0,0.165104996,36,2,0.18329794800000002,4238.0,7,0,0,0,1.0
39142,0,0.141131018,60,0,528.0,,9,0,1,0,0.0
39143,0,0.009951799999999998,64,0,0.256249107,7000.0,4,0,1,0,0.0
39144,0,0.075477141,45,0,1950.0,,6,0,1,0,0.0
39145,0,0.554531344,47,0,0.262516266,14600.0,10,0,2,0,0.0
39146,0,0.062973692,49,0,0.616466694,4833.0,11,0,2,0,1.0
39147,0,0.9559484890000001,57,0,2400.0,,9,0,1,0,0.0
39148,0,0.044705404000000004,59,0,1.399650087,4000.0,13,0,2,0,2.0
39149,0,0.8063872259999999,23,0,0.005847953,2222.0,3,0,0,0,0.0
39150,0,0.5404682439999999,61,0,0.764450616,5760.0,25,0,2,0,1.0
39151,0,0.869626075,48,0,2252.0,,6,0,1,0,0.0
39152,0,0.0,57,0,0.341740039,6700.0,7,0,1,0,1.0
39153,0,0.9999998999999999,47,1,0.003690037,2438.0,0,0,0,0,0.0
39154,1,1.033621373,35,0,0.5048721070000001,3283.0,7,0,0,0,1.0
39155,0,0.134127256,40,0,0.29468896,8133.0,10,0,1,0,3.0
39156,0,0.049294471,63,0,0.17527548199999998,5807.0,7,0,0,0,0.0
39157,0,1.4875207990000001,35,3,0.069559668,4700.0,3,0,0,0,2.0
39159,0,1.1481646490000001,36,0,0.537251966,5341.0,7,0,1,0,4.0
39160,0,0.8641858109999999,56,5,0.312593578,6010.0,11,0,1,0,2.0
39162,0,0.0014435320000000002,38,0,0.081435473,8693.0,6,0,0,0,0.0
39165,0,1.084366253,56,1,0.292647486,3440.0,5,0,2,1,1.0
39167,0,0.154413179,41,1,2120.0,,5,0,1,0,0.0
39168,1,0.9542562859999999,49,1,0.40602621299999997,7400.0,6,0,1,0,4.0
39169,0,0.0,63,1,1248.0,,5,0,1,0,0.0
39170,0,0.686154835,67,1,0.270718232,10135.0,21,0,2,0,0.0
39171,1,0.980939753,52,3,0.589016185,5498.0,15,2,1,0,0.0
39174,0,0.041015983,45,0,0.332169497,6300.0,3,0,1,0,0.0
39175,0,0.077597783,67,0,0.711096301,3000.0,9,0,0,0,1.0
39177,0,0.023474413,66,0,0.261435929,3300.0,7,0,1,0,1.0
39178,0,0.010141719,71,0,0.122469383,4000.0,8,0,1,0,0.0
39179,0,0.723318334,52,0,563.0,,8,0,0,1,0.0
39181,0,0.234863271,61,0,1863.0,,11,0,1,0,0.0
39185,0,0.727868482,49,0,0.397024276,3830.0,9,0,1,0,2.0
39190,0,0.008623704,71,0,2.0,0.0,2,0,0,0,0.0
39191,0,0.9999998999999999,66,0,0.38525564799999995,5886.0,7,0,1,0,2.0
39192,0,0.005211754,87,0,1525.0,,11,0,1,0,0.0
39193,0,0.039683005,62,0,1945.0,,13,0,1,0,0.0
39194,0,0.33979529299999994,49,1,0.35433165299999997,8333.0,7,0,2,0,1.0
39196,0,0.021596922,50,0,0.31828866899999997,10634.0,11,0,3,0,2.0
39197,0,0.002140553,41,0,0.376786299,9166.0,9,0,2,0,3.0
39198,0,0.244358916,42,0,0.349605864,7230.0,5,0,1,0,2.0
39199,0,0.064199908,62,0,0.179747765,16333.0,5,0,1,0,0.0
39200,0,0.029946828999999998,48,0,0.668587281,4685.0,13,0,3,0,2.0
39201,0,0.341533259,35,0,0.6664166979999999,8000.0,11,0,1,0,2.0
39202,0,0.220754123,45,0,0.226034111,5100.0,6,0,0,0,3.0
39203,0,0.90181912,68,3,0.364725906,14100.0,17,0,3,0,0.0
39204,0,0.331078785,82,0,0.70272042,3050.0,12,0,1,0,0.0
39205,0,0.393663776,51,1,0.382304165,10250.0,23,0,2,0,2.0
39208,0,0.40672402,70,0,0.326614363,8284.0,13,0,2,0,0.0
39209,1,0.9999998999999999,56,1,0.11628919900000001,4591.0,3,0,0,0,0.0
39210,0,0.5690389570000001,45,0,0.26024503600000004,7100.0,7,0,1,0,0.0
39212,0,0.018561485,55,0,2058.0,,6,0,1,0,2.0
39214,0,0.790066829,49,0,0.263157895,8758.0,9,0,0,0,2.0
39215,0,0.296227713,62,0,0.28162498199999997,20750.0,11,0,3,0,1.0
39216,0,0.030997959,70,0,0.610634043,8500.0,12,0,1,0,1.0
39217,0,0.112656326,64,0,0.190854871,6538.0,7,0,1,0,1.0
39218,0,0.044946186,64,0,1756.0,,5,0,1,0,0.0
39219,1,0.314337659,56,0,0.063179916,2389.0,8,0,0,0,1.0
39222,0,0.030295019,61,0,1206.0,,7,0,1,0,0.0
39226,0,0.035269951,41,0,0.210996073,2800.0,6,0,0,0,0.0
39227,0,0.012576023,72,0,3.0,,2,0,0,0,0.0
39230,0,0.02899855,36,0,0.431009199,7500.0,5,0,2,0,0.0
39231,0,0.0038962040000000003,47,0,0.491392967,9468.0,11,0,4,0,0.0
39232,0,0.24501764,57,0,0.200758555,11600.0,11,0,1,0,0.0
39233,0,0.99467022,25,1,43.0,,2,0,0,0,
39234,1,1.108254784,29,2,0.255561894,3505.0,5,4,0,1,2.0
39235,0,0.0,65,0,0.00119952,2500.0,15,0,0,0,0.0
39236,0,0.042291651,69,0,0.007322911999999999,7100.0,8,0,0,0,0.0
39237,0,0.615589607,26,1,549.0,0.0,7,0,0,0,0.0
39238,0,0.055664605,54,0,1941.0,,4,0,1,0,
39240,0,0.09683870800000001,32,0,0.18531334100000002,2600.0,4,0,1,0,0.0
39241,0,0.287625964,56,0,0.741185158,5416.0,16,0,2,0,1.0
39242,0,0.983818917,33,0,0.314016532,11250.0,3,0,1,0,2.0
39243,0,0.007129016,78,0,0.003434951,2328.0,4,0,0,0,0.0
39244,0,0.163351309,50,0,0.208617398,11000.0,6,0,1,0,1.0
39245,0,0.213289846,32,0,0.12960781,5940.0,6,0,0,0,2.0
39247,0,0.028540265,75,0,0.0034632029999999998,1154.0,5,0,0,0,1.0
39248,0,0.9999998999999999,47,0,0.0,1104.0,1,0,0,0,0.0
39251,0,0.046306277,79,0,59.0,,5,0,0,0,1.0
39252,0,0.01471376,63,0,1377.0,,5,0,1,0,1.0
39253,0,1.051792829,38,2,0.332022472,1779.0,2,1,0,0,0.0
39255,0,0.00040372,38,0,0.446156315,6230.0,17,0,2,0,0.0
39256,0,0.034778057,78,0,1026.0,,7,0,1,0,0.0
39257,0,0.7053201659999999,37,0,0.421929678,6000.0,6,0,1,0,2.0
39262,0,0.003545768,84,0,5.0,,8,0,0,0,0.0
39263,0,0.0,80,0,18.0,,4,0,0,0,0.0
39265,1,0.9993365240000001,57,0,5021.0,,11,0,2,0,0.0
39270,0,0.30543881100000003,61,0,0.306210017,12817.0,8,0,3,0,0.0
39272,0,0.078950957,52,0,0.307825732,9800.0,7,0,2,0,1.0
39273,0,0.073968362,45,0,0.312977099,9300.0,11,0,2,1,3.0
39274,0,0.138723598,61,0,0.079243911,2750.0,6,0,0,0,0.0
39277,0,0.232376762,42,0,0.313251658,8896.0,4,0,1,0,0.0
39278,0,0.004349891,54,0,0.283085455,7933.0,12,0,1,0,2.0
39280,0,0.08686087599999999,67,0,0.005492184000000001,7100.0,1,0,0,0,0.0
39281,0,0.9999998999999999,30,0,0.0,3900.0,1,0,0,0,1.0
39282,0,0.9999998999999999,28,0,0.0,2607.0,2,0,0,0,0.0
39283,0,0.009998611,44,0,787.0,,10,0,0,0,2.0
39284,0,0.205480815,60,0,3322.0,,11,0,2,0,0.0
39285,1,0.7673369959999999,51,5,0.555177217,6460.0,16,0,2,0,0.0
39286,0,0.5029588660000001,47,0,0.431543299,6200.0,9,0,1,0,1.0
39287,0,0.026098793,56,0,0.31320607699999997,7700.0,12,0,2,0,0.0
39288,0,0.16591826699999998,69,0,557.0,,5,0,0,0,0.0
39290,0,0.0,54,0,2045.0,,5,0,1,0,3.0
39291,0,0.359541199,31,2,0.424831849,5500.0,8,0,1,0,1.0
39292,0,0.6715547409999999,27,0,0.055956158,3466.0,4,0,0,0,0.0
39293,0,0.024961793,71,0,0.74475105,3333.0,7,0,2,0,0.0
39294,0,0.342364007,53,2,0.650967199,3566.0,22,1,1,0,0.0
39295,0,0.0,30,0,0.633239613,3200.0,11,0,1,0,0.0
39296,0,0.9110889109999999,26,0,360.0,0.0,6,0,0,0,0.0
39297,0,0.9999998999999999,49,0,0.46193024899999996,11583.0,10,0,4,0,2.0
39298,0,0.203362541,46,0,0.173138758,28300.0,15,0,3,0,2.0
39299,0,0.03322036,66,0,0.038262371,3475.0,5,0,0,0,1.0
39300,0,0.026462597,81,0,0.24686941,6148.0,6,0,1,0,0.0
39301,0,0.469228086,47,0,0.747977277,5808.0,12,0,3,0,0.0
39304,0,0.085980255,61,0,0.252390057,7844.0,8,0,1,0,0.0
39305,0,0.105675773,53,0,0.194513716,400.0,5,0,0,0,0.0
39309,0,0.445895919,72,0,0.147760646,5447.0,8,0,0,0,1.0
39310,0,0.84007138,43,1,0.43218927,3000.0,11,0,0,0,0.0
39311,0,0.003483692,66,0,2633.0,,7,0,1,0,1.0
39312,0,0.022902302000000003,68,0,0.002428225,7000.0,3,0,0,0,0.0
39313,0,0.036915737000000004,44,0,489.0,,8,0,0,0,0.0
39315,0,0.027679262000000003,77,0,0.28125833100000003,3750.0,13,0,1,0,0.0
39316,1,0.276356421,68,1,0.430599171,7960.0,14,0,2,1,0.0
39319,0,0.5564936229999999,33,0,1211.0,,8,0,1,0,0.0
39321,1,0.10728096300000001,59,2,0.006617647,4079.0,6,1,0,0,0.0
39322,0,0.065339035,63,0,0.010035999,9166.0,9,0,0,0,1.0
39324,0,0.17339323199999998,56,0,0.178665112,3430.0,7,0,1,0,1.0
39325,0,0.942673036,37,1,0.354407514,2767.0,11,0,0,0,2.0
39326,0,1.046476762,44,2,1.449,7999.0,5,1,1,2,4.0
39327,0,0.037646173,45,0,0.233418509,9000.0,8,0,0,0,4.0
39328,0,0.593820088,47,0,0.321290539,5950.0,11,0,1,0,0.0
39331,0,0.464451402,45,0,0.39451172100000004,9000.0,9,0,3,0,1.0
39332,0,0.194402235,53,0,0.20505841,8816.0,6,0,1,0,3.0
39334,0,0.37759019299999996,44,0,0.344268047,11400.0,10,0,3,0,2.0
39335,0,0.0,24,0,0.0,820.0,3,0,0,0,0.0
39336,0,0.190468771,62,1,0.693531283,6600.0,15,0,3,0,2.0
39337,0,0.014033324,64,0,32.0,,7,0,0,0,0.0
39338,0,0.49687515600000004,38,2,0.14445479999999997,4291.0,7,0,1,0,0.0
39339,0,0.8033105190000001,48,0,0.332333533,5000.0,4,0,0,0,0.0
39340,1,0.500989899,47,2,2.485255031,7900.0,19,0,9,0,0.0
39342,0,0.071252327,36,0,690.0,,10,0,1,0,0.0
39343,0,0.519341378,57,0,0.349297508,9750.0,5,0,2,0,1.0
39344,0,0.138601336,46,0,0.6412453579999999,3500.0,23,0,2,0,0.0
39345,0,0.9999998999999999,37,0,9.48e-05,10550.0,1,0,0,0,0.0
39346,0,0.046289225999999996,32,0,0.445310938,5000.0,8,0,1,0,1.0
39349,0,0.11121592300000001,31,0,0.07355242599999999,10223.0,5,0,0,0,0.0
39350,0,0.574850299,37,1,0.146864884,8340.0,7,0,0,1,2.0
39351,0,0.096112455,66,0,0.150225582,8200.0,10,0,1,0,0.0
39352,0,0.011626725,72,0,0.123954373,3944.0,5,0,0,0,0.0
39353,0,0.031902197,47,0,0.750627615,8364.0,9,0,4,0,3.0
39354,0,0.01475522,76,0,0.166196388,3543.0,6,0,1,0,0.0
39355,0,0.030544066,81,0,0.008643042,2313.0,2,0,0,0,0.0
39356,0,0.10905459599999999,47,0,0.22403933,9966.0,9,0,1,0,3.0
39357,0,0.9824320609999999,37,1,0.313953488,5417.0,8,0,0,0,0.0
39360,0,0.050169520999999995,50,0,35.0,,6,0,0,0,0.0
39362,0,0.046196019000000005,66,0,0.203544248,18000.0,8,0,1,0,0.0
39363,0,0.004153755,56,0,1452.0,,7,0,1,0,2.0
39365,0,0.135817165,36,0,0.33706070299999996,5633.0,3,0,1,0,0.0
39366,0,0.053349389000000004,88,0,61.0,,4,0,0,0,0.0
39370,0,0.9999998999999999,46,0,4269.0,,6,0,3,0,1.0
39371,0,0.767295597,46,1,0.62190984,8251.0,8,0,3,0,2.0
39373,0,0.371950327,60,0,0.368757259,6887.0,8,0,0,0,0.0
39374,0,0.0,75,0,0.0,1700.0,4,0,0,0,0.0
39375,0,0.072620461,58,0,0.501367989,2923.0,4,0,2,0,0.0
39377,0,0.16082652,53,0,2127.0,,9,0,1,0,0.0
39378,0,0.114997511,50,1,0.6128387160000001,10000.0,12,0,3,0,4.0
39383,1,0.9999998999999999,36,0,0.078653558,6000.0,2,0,0,0,0.0
39384,0,0.30033476800000003,38,0,0.610160837,7833.0,6,0,2,0,0.0
39385,0,0.295282538,55,0,0.223342133,12500.0,6,0,2,0,3.0
39386,0,0.000499979,86,0,0.145220588,2175.0,6,0,1,0,0.0
39387,0,0.8976751940000001,34,0,0.256232544,9666.0,8,0,1,0,2.0
39389,0,0.012699683,63,0,0.002142551,7000.0,5,0,0,0,0.0
39390,0,0.8938792,52,1,0.319909885,3550.0,10,0,0,0,0.0
39392,1,0.939553726,58,0,0.44032921799999997,1700.0,10,0,0,0,0.0
39393,0,0.002395927,79,0,0.322535493,5000.0,6,0,1,0,0.0
39394,0,0.208478871,51,0,0.12564572599999999,6000.0,6,0,0,0,3.0
39395,0,0.9999998999999999,58,0,0.0,,2,0,0,0,1.0
39397,1,0.8981159879999999,48,0,0.475448335,4683.0,6,0,1,0,2.0
39398,0,0.388853412,63,0,0.5761904760000001,5039.0,9,0,1,0,1.0
39400,0,0.67044984,49,0,2994.0,,13,1,1,0,0.0
39401,0,0.997012377,30,0,0.22610261,5554.0,5,0,0,0,2.0
39402,0,0.05267618,78,0,0.016216216000000002,2774.0,11,0,0,0,0.0
39403,0,0.334005333,32,0,0.466010314,6398.0,8,0,3,1,3.0
39405,0,0.28142254699999997,45,0,249.0,1.0,5,0,1,0,1.0
39407,0,0.006077995,63,0,9.0,,10,0,0,0,0.0
39410,0,0.18855860100000002,83,0,0.065547562,1250.0,7,0,0,0,0.0
39411,1,0.075511473,47,4,0.640670666,6500.0,8,0,1,0,3.0
39412,0,0.051550304000000005,59,0,0.3977813,4416.0,13,0,0,0,0.0
39413,0,0.776351971,47,0,0.39031805399999997,4275.0,9,0,2,0,3.0
39414,0,0.531884201,56,0,849.0,,3,0,1,0,0.0
39416,0,2.197674419,39,1,0.8668325259999999,7636.0,14,0,2,0,3.0
39419,0,0.049263220999999996,43,0,0.356818975,8600.0,9,0,2,0,0.0
39420,0,0.057024252000000004,62,0,3098.0,,8,0,1,0,1.0
39421,0,0.097917495,60,0,0.118985387,16833.0,5,0,2,0,2.0
39423,0,0.204049133,54,0,0.126949844,12500.0,6,0,0,0,0.0
39425,0,0.972462026,50,0,0.154880931,5500.0,4,0,0,0,3.0
39426,0,0.257046806,49,0,0.8286681020000001,3250.0,4,0,1,0,1.0
39427,0,0.07749819299999999,51,0,1162.0,,8,0,1,0,0.0
39431,0,0.072958732,51,0,0.6869037290000001,4611.0,7,0,1,0,0.0
39433,0,0.317842627,45,0,0.167945906,5471.0,7,0,0,0,4.0
39434,0,0.9999998999999999,27,0,0.064623584,1500.0,2,0,0,0,0.0
39435,0,0.647923774,26,0,0.039934054,5458.0,3,0,0,0,1.0
39436,0,0.063757959,31,0,0.38825591600000003,1140.0,7,0,0,0,0.0
39437,0,0.00215616,53,0,0.206458587,7400.0,11,0,2,0,1.0
39438,0,0.424047776,85,0,0.47472150799999996,3500.0,9,0,2,0,0.0
39439,0,0.017343715,52,0,0.005554321,4500.0,6,0,0,0,2.0
39440,0,0.868836484,52,0,581.0,,12,0,0,0,0.0
39441,1,0.8704318940000001,25,0,0.32978014699999997,1500.0,4,0,0,0,0.0
39444,0,0.0,58,0,33448.0,,28,0,4,0,0.0
39445,0,0.152047644,43,0,0.044198056,6583.0,7,0,0,0,0.0
39447,0,0.0,71,0,0.0,,1,0,0,0,
39448,0,0.0,78,0,0.0,,4,0,0,0,0.0
39449,0,0.00159996,70,0,0.360329959,8000.0,5,0,2,0,0.0
39450,0,0.0,33,0,0.08920187800000001,3833.0,4,0,0,0,1.0
39451,0,0.11664074699999999,44,0,0.140383956,5833.0,5,0,1,1,1.0
39452,0,0.28424851100000004,38,0,0.36643336200000004,6857.0,14,0,1,0,1.0
39453,0,0.891452875,30,0,0.41961607700000003,3333.0,8,0,0,0,0.0
39455,0,0.148168348,52,0,0.258059657,6637.0,4,0,1,0,1.0
39456,0,0.044265190999999995,79,0,39.0,,2,0,0,0,1.0
39458,1,0.833138638,48,0,2204.0,,8,2,1,0,0.0
39460,1,0.16980010399999998,47,0,0.615676865,5000.0,14,0,2,0,0.0
39461,0,0.23595280899999999,35,1,0.176894069,2916.0,4,1,0,0,1.0
39462,0,0.44748966700000004,72,0,0.938812238,1666.0,5,0,0,0,0.0
39463,1,0.324884553,73,2,279.0,,6,0,0,0,0.0
39464,0,0.089264612,61,0,0.405955585,5943.0,5,0,2,0,0.0
39465,0,0.1737964,48,0,106.0,,2,0,0,0,0.0
39467,0,0.010751458,61,0,0.06331574599999999,3600.0,12,0,0,0,0.0
39468,0,0.9999998999999999,48,0,1392.0,,3,0,0,2,0.0
39470,0,0.008733188000000001,74,0,0.17708286,22000.0,12,0,2,0,0.0
39471,0,1.143571286,35,0,0.23815237,5000.0,6,0,0,0,0.0
39472,0,0.450899645,75,1,0.573674612,15900.0,14,0,2,0,1.0
39473,0,0.17668672,32,0,0.34239300200000006,3200.0,10,0,0,0,0.0
39475,0,0.29158575600000003,49,0,0.47056926299999996,6200.0,12,0,1,0,0.0
39477,0,0.199215165,76,0,0.543713315,6473.0,25,0,2,0,1.0
39478,0,0.280343931,35,0,0.004940595,8500.0,1,0,0,0,3.0
39479,0,0.21495700899999998,50,0,0.598489057,9000.0,3,0,1,0,1.0
39480,0,0.004749921,58,1,0.28563067,3416.0,14,0,1,0,0.0
39481,0,0.12664789199999998,55,0,560.0,,4,0,1,0,0.0
39482,0,0.857555143,27,0,0.128884826,4375.0,5,0,0,1,0.0
39483,1,0.13879773,43,0,0.369377588,14250.0,10,0,1,0,2.0
39484,0,0.865067466,46,1,0.788013319,900.0,5,0,0,0,3.0
39485,0,0.0,59,0,3131.0,,7,0,2,0,0.0
39486,0,0.095090861,50,0,0.452733723,9583.0,15,0,2,0,0.0
39489,0,0.41591681700000005,34,0,0.34319162,1622.0,2,0,0,0,0.0
39490,0,0.09443787199999999,66,0,0.221298064,7333.0,8,0,1,0,0.0
39492,0,0.8311688309999999,46,0,0.657747721,3400.0,8,2,1,0,1.0
39494,0,0.542084029,53,0,0.419605665,3600.0,13,0,1,0,0.0
39497,0,0.003684133,36,0,0.536837053,8333.0,15,0,1,0,0.0
39498,0,0.031995177,31,0,0.084401418,7333.0,4,0,0,0,0.0
39499,0,0.154880284,79,0,83.0,,3,0,0,0,
39500,0,0.100228057,72,0,0.23726628,1550.0,8,0,0,0,1.0
39501,1,0.868657272,54,0,0.7855539690000001,4900.0,15,1,2,0,0.0
39502,0,0.7468094470000001,47,0,0.357940343,6000.0,9,0,1,0,1.0
39503,0,0.01864651,49,0,2468.0,,5,0,1,0,0.0
39505,0,0.021471075,65,0,0.003721425,13166.0,5,0,0,0,1.0
39508,0,0.9999998999999999,58,0,0.30514921,3417.0,1,0,1,0,0.0
39509,0,0.051047064,63,0,0.037820957999999995,8645.0,5,0,0,0,0.0
39510,0,0.0,37,0,0.36012797399999996,5000.0,9,0,1,0,0.0
39512,0,0.29557649199999997,63,0,0.22163755,4750.0,8,0,0,0,1.0
39513,0,0.048376446,60,0,0.014997001000000001,5000.0,5,0,0,0,0.0
39514,1,0.0,38,0,0.114563631,3700.0,2,0,0,0,3.0
39515,0,0.006964634,69,1,0.38583127,5250.0,10,1,2,0,1.0
39516,0,0.00618047,74,0,0.31073269800000003,6400.0,14,0,1,0,0.0
39517,0,0.090723803,75,0,0.011776469,9000.0,4,0,0,0,0.0
39518,0,0.587227518,57,0,0.634268259,3600.0,10,0,1,0,0.0
39519,0,0.29105221600000003,63,0,0.537213952,4500.0,12,0,1,0,0.0
39520,0,0.049762247,45,0,0.099440149,3750.0,9,0,0,0,0.0
39521,0,0.033457249,63,0,7331.0,,12,0,3,0,0.0
39522,0,0.36293718799999997,64,3,4492.0,,15,0,2,0,0.0
39523,0,0.978498523,44,3,0.719660003,6352.0,18,0,2,0,1.0
39524,0,0.011090573000000001,56,0,0.000666622,15000.0,8,0,0,0,1.0
39528,0,0.009998,57,1,0.791618608,2600.0,7,0,3,0,0.0
39529,0,0.22973548300000002,47,0,0.29639889199999997,14800.0,15,0,5,0,1.0
39530,0,0.016234653,78,0,0.410015649,1916.0,13,0,1,0,0.0
39531,0,0.721190952,31,0,0.854762322,5700.0,7,0,2,0,1.0
39532,1,0.9999998999999999,37,3,0.39649338700000003,3250.0,3,1,1,0,0.0
39533,0,0.0,70,0,0.0,,4,0,0,0,0.0
39534,0,0.04063034,34,0,0.131875133,4708.0,2,0,0,0,0.0
39535,0,0.129572536,77,0,0.012429073,3700.0,6,0,0,0,0.0
39536,1,1.024337245,31,0,0.541675595,4666.0,10,0,2,0,1.0
39538,0,0.9999998999999999,31,0,0.046186516,5650.0,2,0,0,0,3.0
39539,0,0.223145388,53,0,0.332944509,6000.0,11,0,1,0,4.0
39540,0,0.091111855,44,0,0.016882386,5330.0,4,0,0,0,2.0
39541,0,0.5870202729999999,55,2,0.847384418,6250.0,13,0,3,0,2.0
39542,0,0.13492025400000002,48,0,0.386550172,7553.0,14,0,2,0,1.0
39545,0,0.295458595,62,0,0.44459225799999996,7516.0,14,0,2,0,0.0
39548,0,0.001070304,48,0,3295.0,,4,0,1,0,0.0
39549,0,0.479011409,57,0,3800.0,,14,0,2,0,0.0
39550,1,0.84718156,49,0,1.306031035,6250.0,14,0,4,0,1.0
39551,0,0.015184443,75,0,321.0,,10,0,0,0,1.0
39552,0,0.020056978,55,0,31.0,,4,0,0,0,0.0
39554,0,0.217856948,49,0,0.11589153199999999,6600.0,7,0,2,0,1.0
39556,0,0.040257597,62,1,38.0,,7,0,0,0,0.0
39557,0,0.07066646,43,0,0.24466042699999999,8333.0,7,0,2,0,4.0
39558,1,0.8341658340000001,59,0,0.450922196,4716.0,11,0,2,0,1.0
39561,0,0.15658029199999998,39,1,19153.0,,19,0,13,0,0.0
39562,0,0.031449181,70,0,0.06157537,2500.0,8,0,0,0,0.0
39565,0,0.129431508,37,0,0.45786918,3500.0,10,0,2,0,0.0
39566,0,0.140789875,58,1,0.155713983,14166.0,18,0,1,0,0.0
39567,0,0.067388688,50,1,0.25763190399999997,5666.0,13,0,1,0,2.0
39569,0,0.140321492,58,1,0.141049383,3239.0,7,0,0,0,0.0
39570,0,0.018587361,65,0,0.49071405700000004,6245.0,12,0,1,0,0.0
39572,1,0.9999998999999999,50,0,0.0,,7,3,0,0,0.0
39573,0,0.003513763,55,0,0.196792128,25000.0,9,0,2,0,0.0
39575,0,0.9999998999999999,68,0,4255.0,,5,0,3,0,0.0
39576,0,0.11999610699999999,66,0,0.378415654,11600.0,23,0,1,0,1.0
39579,0,0.879272445,43,0,3789.0,,9,0,2,0,2.0
39580,0,0.004459736,67,0,810.0,,22,0,0,0,0.0
39582,0,0.336924306,58,0,2222.0,,20,0,1,0,0.0
39583,0,0.681478308,34,0,0.41675832399999996,10000.0,18,0,2,0,0.0
39585,0,0.87470217,85,2,2.205947955,1344.0,14,0,1,0,0.0
39586,0,0.122369065,71,0,52.0,,2,0,0,0,0.0
39587,0,0.207205324,45,1,0.031167922,5710.0,4,0,0,0,0.0
39588,1,0.115114261,72,0,0.01995184,5813.0,6,0,0,0,0.0
39590,0,0.0,29,2,0.104566608,6875.0,10,1,0,0,1.0
39591,0,0.011573017,42,0,5661.0,,6,0,2,0,0.0
39592,0,0.141995697,37,0,0.343184091,9000.0,10,0,2,0,1.0
39593,0,0.18456556899999998,67,0,173.0,,3,0,0,0,
39594,1,0.18820801399999998,33,0,0.46218092,8500.0,10,0,2,0,0.0
39595,0,0.954627949,56,2,0.304916986,3131.0,6,1,0,0,3.0
39597,0,0.114747131,79,0,137.0,0.0,4,0,0,0,0.0
39598,0,0.077454761,51,1,0.418263623,6000.0,10,0,1,0,0.0
39599,0,0.6876212979999999,33,2,0.295176206,4000.0,12,0,0,1,3.0
39601,0,0.0,52,0,0.075855231,6050.0,7,0,0,0,3.0
39602,0,0.005442969000000001,42,0,0.118880397,9681.0,10,0,1,0,0.0
39603,0,0.2184709,53,0,1629.0,,7,0,1,0,0.0
39604,0,0.139996185,58,1,0.627946606,14083.0,12,0,4,0,2.0
39606,0,0.035474887000000004,67,0,0.147330188,23952.0,20,0,1,0,1.0
39607,1,0.9999998999999999,37,1,0.0,6100.0,0,2,0,0,0.0
39608,0,0.059972368,66,0,338.0,,11,0,1,0,0.0
39610,0,0.320026666,48,0,0.219241556,8200.0,10,0,1,1,3.0
39612,0,0.338888851,67,1,1.040489878,4000.0,10,0,2,0,0.0
39615,0,0.513949521,62,0,0.7844143720000001,15000.0,12,0,2,0,1.0
39616,0,0.02288215,74,0,0.010190348,5200.0,10,0,0,0,0.0
39617,0,0.9999998999999999,76,0,4.0,,2,0,0,0,0.0
39618,0,0.32781765399999996,38,0,0.44694771899999997,16200.0,17,0,3,0,2.0
39619,0,0.11511629599999999,52,0,0.14979209,10340.0,9,0,1,0,2.0
39620,0,0.033633685,41,0,0.459990182,6110.0,7,0,1,0,3.0
39621,0,0.078295571,56,0,0.27873535899999996,10500.0,13,0,2,0,0.0
39622,1,1.011726947,42,1,0.209502844,5450.0,7,0,2,0,4.0
39623,0,0.024031483,66,0,0.005386876,4083.0,2,0,0,0,0.0
39624,0,0.268277539,74,1,0.424904943,3155.0,10,0,2,0,0.0
39626,0,0.497500833,24,0,26.0,1.0,4,0,0,0,0.0
39627,0,0.10142132699999999,45,0,0.009710744,4839.0,7,0,0,0,0.0
39628,0,0.022179802000000002,36,0,7.0,,4,0,0,0,0.0
39629,0,0.893607055,36,0,1.036932486,4250.0,11,0,1,0,1.0
39630,0,0.0007649410000000001,73,0,15893.0,,12,0,7,0,0.0
39633,0,0.122969883,63,0,0.203684211,7599.0,15,0,1,0,1.0
39634,0,0.10045350199999999,78,0,0.12447925300000001,6000.0,6,0,0,0,0.0
39635,0,1.081967213,38,4,0.082513581,6810.0,4,1,0,1,2.0
39636,0,0.285098444,51,0,0.547996272,9656.0,20,0,2,0,4.0
39637,1,1.61752988,50,2,0.276570048,1655.0,2,4,0,0,0.0
39638,0,0.0,52,0,0.28461945,3783.0,11,0,1,0,1.0
39639,0,0.151731011,33,0,0.383075523,7692.0,19,0,2,0,0.0
39641,0,0.064355126,37,0,2892.0,,8,0,2,0,0.0
39642,1,0.52710085,50,3,0.467539553,5498.0,15,1,1,1,1.0
39644,0,0.502716576,44,0,0.362074735,8964.0,4,0,2,0,2.0
39646,0,0.527524232,55,0,0.296914948,17600.0,15,0,2,0,4.0
39647,0,0.211143954,72,0,0.537315679,6645.0,21,0,2,0,0.0
39648,0,0.006027665,75,0,0.069986003,5000.0,6,0,0,0,1.0
39649,1,0.060656144,52,0,0.378448054,3878.0,8,1,1,1,3.0
39650,0,0.057396944000000005,79,0,0.028809803,7670.0,4,0,0,0,0.0
39652,0,0.66603982,59,0,0.21947449800000002,10998.0,11,0,1,0,1.0
39654,0,0.76185226,43,0,0.7660779740000001,3000.0,5,0,1,0,0.0
39655,0,0.061797528,65,0,0.503498834,3000.0,4,0,2,0,0.0
39656,1,0.52505311,47,3,0.7230553890000001,5000.0,14,0,1,0,4.0
39657,0,0.011302563,32,0,0.564069749,6250.0,10,0,2,0,1.0
39658,0,0.0,36,0,0.190755105,6316.0,13,0,1,0,3.0
39660,0,0.019954926,60,0,0.485005998,2500.0,7,0,0,0,0.0
39661,0,1.030862856,41,0,0.26659261300000003,3600.0,4,2,0,2,0.0
39662,0,0.037070751,83,0,84.0,,6,0,0,0,0.0
39663,0,0.791540282,63,0,0.477654901,6600.0,10,0,0,0,1.0
39664,0,0.007210146999999999,85,0,4.0,,1,0,0,0,0.0
39665,0,0.115827765,39,0,0.124573685,5570.0,18,0,0,0,0.0
39666,0,0.562988509,49,0,0.470180428,11250.0,12,0,2,0,0.0
39669,0,0.9788737209999999,62,2,0.36139104,73728.0,11,0,7,0,2.0
39670,0,0.363133484,65,0,0.24634009,3551.0,7,0,1,0,0.0
39674,1,0.8152730909999999,27,1,473.0,,3,2,0,0,1.0
39675,0,0.18107065100000003,61,0,1.528835063,1733.0,12,0,1,0,0.0
39676,0,0.329002591,75,0,1.091304348,459.0,8,0,0,0,0.0
39679,0,0.083084353,55,0,1.796586716,2167.0,6,0,3,0,3.0
39680,0,0.003207345,33,0,1.0,,4,0,0,0,0.0
39681,0,0.790566928,48,0,0.4204513,3500.0,6,1,1,0,3.0
39682,0,0.0056601640000000005,94,0,4.0,,4,0,0,0,0.0
39683,0,0.513123698,49,0,0.5538645179999999,3350.0,8,0,1,0,1.0
39684,0,0.294727181,62,0,0.483172276,3000.0,11,0,1,0,0.0
39685,0,0.168290818,59,0,0.24082984899999998,12676.0,9,0,2,0,0.0
39686,0,0.9999998999999999,23,0,0.0,,1,0,0,0,0.0
39689,0,0.038018661,32,0,1960.0,,11,0,1,0,0.0
39691,0,0.064355611,63,0,0.49630411799999996,2840.0,9,0,3,0,1.0
39692,0,0.038379725,62,0,0.190794678,13904.0,12,0,1,0,1.0
39693,0,0.076814063,45,0,0.39787105799999994,4978.0,13,0,1,0,0.0
39694,0,0.6463922679999999,51,0,0.192850894,8000.0,4,0,1,0,1.0
39696,1,0.016765601,46,0,0.664957966,4876.0,6,0,2,0,0.0
39698,0,0.993480279,53,0,0.543380898,9600.0,7,0,1,0,2.0
39700,0,0.450604939,52,0,0.346505144,10400.0,11,0,2,0,1.0
39702,0,0.109856367,41,0,635.0,,5,0,0,0,1.0
39703,0,0.021862807999999997,50,0,0.28947105300000003,10000.0,22,0,2,0,1.0
39705,0,4321.0,71,0,129.0,,2,0,0,0,
39706,1,0.658544156,53,0,0.951917573,5240.0,17,0,4,1,1.0
39707,0,0.020088441999999998,74,0,0.023616797999999998,10500.0,11,0,1,0,0.0
39709,0,0.9999998999999999,63,0,0.044367527000000004,3177.0,1,2,0,0,1.0
39710,0,0.0,64,0,0.00790798,1390.0,17,0,0,0,0.0
39712,0,0.9999998999999999,33,0,49.0,,0,1,0,0,0.0
39713,0,0.7341592240000001,42,0,0.09209815800000001,16666.0,5,0,0,0,0.0
39714,0,0.9999998999999999,63,0,0.531893621,5000.0,6,0,2,0,0.0
39715,0,0.123725023,49,0,0.19048945899999997,10766.0,12,0,0,0,1.0
39716,0,0.107436404,61,0,0.45511010700000004,7083.0,11,0,3,0,0.0
39717,0,0.020048292,41,0,2423.0,,7,0,1,0,2.0
39719,1,0.9196654590000001,48,1,0.6995144240000001,3500.0,12,0,0,0,3.0
39720,0,0.251180666,63,0,1485.0,,8,0,1,0,1.0
39722,0,0.34318265600000003,38,0,0.483729781,5254.0,10,0,1,0,2.0
39723,0,0.029148543,37,0,2574.0,,5,0,1,0,0.0
39724,0,0.027276015,78,0,0.001349966,40000.0,6,0,0,0,0.0
39725,0,0.266449328,46,0,0.7079964059999999,2225.0,6,0,1,0,2.0
39726,0,0.030083262000000003,70,0,4116.0,,9,0,1,0,
39727,0,0.039271689,27,0,1.613905325,675.0,7,0,0,0,0.0
39729,0,0.036294616,65,0,0.007664112,3000.0,2,0,0,0,0.0
39731,0,0.757781003,51,0,0.38118600700000005,4687.0,9,0,2,0,1.0
39732,0,0.173667303,52,0,0.432751678,3724.0,8,0,1,0,2.0
39734,0,0.027567546000000002,40,0,0.411235342,11000.0,8,0,2,0,2.0
39735,0,0.0,71,0,0.003810805,4460.0,7,0,0,0,0.0
39738,0,0.039534302,42,0,48.0,,2,0,0,0,0.0
39741,0,0.418062726,67,0,0.41383205700000003,7966.0,32,0,3,0,0.0
39742,0,0.666633337,31,0,0.50312989,3833.0,5,0,1,0,0.0
39743,0,0.9999998999999999,26,2,0.157201272,2200.0,1,0,0,1,0.0
39744,0,0.029536702,34,2,325.0,0.0,12,0,0,0,0.0
39746,0,0.19037660899999997,50,0,3552.0,,10,0,2,0,1.0
39747,0,0.0,47,0,0.593101725,4000.0,17,0,2,0,1.0
39748,0,0.444815615,63,0,0.647243197,7018.0,17,0,4,0,1.0
39753,0,0.019070975,57,0,24.0,,2,0,0,0,0.0
39755,0,0.077548061,70,0,0.25944811,3333.0,7,0,2,0,0.0
39756,0,0.001184954,53,0,0.12814645300000002,10050.0,11,0,1,0,0.0
39757,0,0.278761479,56,0,2377.0,,8,0,2,0,0.0
39758,0,0.41771135600000003,49,1,2423.0,,8,0,2,0,0.0
39759,0,0.052693628,84,0,74.0,,4,0,0,0,0.0
39761,0,0.045232787,62,0,0.41229838700000004,1983.0,34,1,1,0,0.0
39762,0,0.0037174720000000003,38,0,0.44942023200000003,2500.0,8,0,1,0,1.0
39765,0,0.19861457100000002,76,0,0.396825397,8000.0,7,0,3,0,0.0
39766,0,1.3013972059999999,35,0,0.08140263,3193.0,5,1,1,0,1.0
39768,0,0.46806147,38,1,0.48704023700000004,4050.0,6,0,1,0,1.0
39771,0,0.0,46,0,0.331077564,3841.0,6,0,0,0,0.0
39772,0,0.200331412,50,0,0.46661505700000006,5166.0,18,0,1,0,0.0
39773,0,0.239347118,45,0,0.424944462,6301.0,11,0,1,0,3.0
39775,0,0.129327185,74,0,1107.0,,8,0,1,0,
39777,0,0.02956792,59,0,0.21907534899999997,11333.0,9,0,2,0,2.0
39778,0,0.045604195,51,0,0.233267645,13700.0,5,0,1,0,2.0
39780,0,0.027915504,58,0,0.0026371309999999996,7583.0,4,0,0,0,2.0
39781,0,0.0,31,0,0.0,2000.0,3,0,0,0,0.0
39783,0,0.029138079,75,0,0.008264463,3750.0,7,0,0,0,0.0
39784,0,0.063900069,68,0,1.0998668440000001,750.0,6,0,0,0,0.0
39785,0,0.13875766,51,0,0.306495883,7650.0,19,0,1,0,1.0
39786,0,0.22661546800000001,45,1,0.08472881800000001,4000.0,3,0,0,0,0.0
39787,0,0.076677799,63,0,0.19539141399999999,6335.0,5,0,1,0,2.0
39788,0,0.140694187,33,0,0.224355129,5000.0,6,0,1,0,0.0
39789,0,0.8737740420000001,47,0,366.0,,6,0,0,0,0.0
39791,0,0.007726881999999999,54,0,1177.0,,2,0,1,0,0.0
39792,0,0.006428189,30,0,0.468850541,6837.0,5,0,2,0,0.0
39793,0,0.004464213,64,0,0.478003519,6250.0,8,0,1,0,0.0
39794,0,0.9999998999999999,25,0,0.560878244,500.0,2,0,0,0,0.0
39796,0,0.0,31,0,0.067037649,11500.0,4,0,0,0,0.0
39799,0,0.143217739,50,0,0.21633695,4700.0,6,0,1,0,2.0
39800,0,0.023621196,57,0,0.008746356,4458.0,9,0,0,0,1.0
39801,0,0.28492939899999997,58,0,0.46177726,2576.0,5,0,0,0,0.0
39802,0,0.0,65,1,297.0,,7,0,0,0,0.0
39803,0,0.9999998999999999,79,0,0.03992016,500.0,2,0,0,0,0.0
39804,0,0.809616997,46,0,0.994001714,3500.0,16,0,2,0,2.0
39805,0,0.007083137,69,0,0.6828780809999999,1500.0,7,0,1,0,0.0
39806,0,0.0,50,0,0.0,,7,0,0,0,0.0
39807,1,0.772901946,47,0,0.5282779320000001,8663.0,7,0,2,1,0.0
39808,0,0.451979311,53,3,0.340929671,6625.0,11,0,2,0,0.0
39811,0,0.105772356,68,0,0.10821114400000001,3409.0,6,0,0,0,0.0
39813,1,0.0,32,0,0.088182792,2800.0,4,0,0,0,0.0
39815,0,0.071342999,34,0,0.016108128,5400.0,4,0,0,0,2.0
39816,0,0.023571037000000003,48,0,0.439779271,4167.0,7,0,1,0,0.0
39817,0,0.038121555,70,0,0.33808096,4001.0,11,0,1,0,1.0
39818,0,0.060318392,53,0,0.252697635,13066.0,10,0,2,0,0.0
39819,0,0.98920072,55,0,0.822496263,2675.0,5,0,1,0,0.0
39820,0,0.12943528199999998,22,0,7.0,0.0,4,0,0,0,0.0
39821,0,0.119788252,61,0,3524.0,,12,0,3,0,
39823,0,0.864114959,40,0,2080.0,,7,0,1,0,0.0
39824,0,0.40453721600000003,83,0,194.0,,2,0,0,0,
39825,0,0.31458571,70,0,0.491525424,4542.0,16,0,1,0,1.0
39826,0,0.916566675,41,0,2131.0,,4,0,1,0,1.0
39827,0,0.0,62,0,0.016736402,716.0,6,0,0,0,0.0
39828,1,0.7418571909999999,51,4,0.45396937200000004,5680.0,14,0,1,1,0.0
39829,0,0.165353007,41,0,0.298892989,7858.0,7,0,2,0,0.0
39830,0,0.303851508,42,0,0.489780237,6506.0,11,0,2,0,4.0
39832,0,0.139544182,26,0,0.002940312,3400.0,3,0,0,0,0.0
39834,0,0.19148085199999998,55,0,0.054466518,7600.0,3,0,0,0,3.0
39836,0,0.011335911,33,0,0.323148296,6250.0,4,0,2,0,0.0
39837,0,0.509949435,49,0,0.256967879,8000.0,7,0,1,0,0.0
39838,0,0.9999998999999999,36,0,0.330485698,10417.0,6,0,2,0,0.0
39840,0,0.051551729000000004,42,0,0.283268374,7183.0,10,0,1,0,0.0
39841,0,0.085301131,37,0,0.214355469,4095.0,4,0,0,0,3.0
39843,0,0.6938847290000001,31,0,0.375387797,2900.0,5,0,0,0,0.0
39844,0,0.02837818,32,0,491.0,,4,0,1,0,0.0
39845,0,0.037654307000000005,62,0,0.7935172070000001,12000.0,10,0,3,0,1.0
39846,1,0.001271033,99,0,0.00046146699999999996,6500.0,15,0,0,0,0.0
39850,0,0.885874275,65,0,0.28222648100000003,12000.0,6,0,1,0,2.0
39852,0,0.036978942,71,0,0.12128966199999999,1953.0,4,0,0,0,0.0
39853,0,0.055965734,68,0,0.008719302,12500.0,8,0,0,0,0.0
39854,1,0.82021071,75,1,1.120111378,7900.0,28,0,1,0,0.0
39856,0,0.128642856,45,0,0.360998562,7650.0,15,0,2,0,0.0
39857,0,0.165723968,59,1,0.371630205,7084.0,12,0,1,1,2.0
39859,0,0.25054989,53,0,43.0,,3,0,0,0,0.0
39860,0,0.07712213700000001,59,0,2176.0,,5,0,2,0,4.0
39861,0,0.97960204,35,1,0.36503751799999995,4930.0,7,0,1,1,1.0
39862,0,0.023998629,46,0,0.449626443,8833.0,11,0,4,0,2.0
39863,0,0.132373721,54,0,0.45135495299999995,2250.0,6,0,0,0,1.0
39866,0,0.6666493960000001,65,0,0.43557611399999996,11889.0,22,0,2,0,1.0
39867,0,0.010715785,41,0,0.281905509,5100.0,19,0,1,0,0.0
39868,0,0.050179210999999994,59,0,0.164696764,5160.0,8,0,0,0,0.0
39870,0,0.10525761800000001,52,0,763.0,,5,0,1,0,1.0
39871,0,0.000350871,83,0,0.0,540.0,6,0,0,0,0.0
39877,0,0.36518577399999996,31,1,0.040159973,6000.0,4,0,0,0,0.0
39878,0,0.198933435,52,0,0.120432321,13600.0,5,0,1,0,3.0
39880,0,0.035907731,42,0,1.166333467,2500.0,6,0,2,0,2.0
39881,0,0.9999998999999999,24,0,0.0,0.0,2,0,0,0,0.0
39883,0,0.034474549,58,0,0.33329669100000003,9096.0,6,0,1,0,1.0
39884,0,0.034186787999999996,68,0,0.281572809,3000.0,6,0,0,0,1.0
39885,0,0.37529284,37,0,0.325656133,5600.0,4,0,1,0,0.0
39888,0,0.006122044,68,0,0.382323535,5000.0,13,0,2,0,0.0
39889,0,0.7788866879999999,48,0,0.449637591,4000.0,6,0,0,0,0.0
39890,0,0.11405537199999999,38,0,0.292531339,9492.0,8,0,2,0,3.0
39891,0,0.9333090279999999,35,1,2254.0,0.0,10,0,0,0,3.0
39892,0,0.039775568,45,0,10.5,1.0,4,0,0,0,2.0
39893,0,0.0,46,0,0.162810781,22000.0,6,0,1,0,0.0
39894,0,0.014890981000000001,58,0,0.012658228,1500.0,10,0,0,0,1.0
39895,0,0.08403592,54,0,0.327467253,10000.0,7,0,2,0,3.0
39896,0,0.9999998999999999,48,2,0.34172528700000004,2700.0,8,0,2,1,1.0
39897,0,0.025489362999999998,44,1,0.19548777399999998,7933.0,6,0,1,0,3.0
39898,0,0.471281532,56,1,0.131356925,8533.0,8,0,1,0,0.0
39899,0,0.006340494,82,0,6.0,,8,0,0,0,0.0
39900,0,0.013174671,43,0,0.324110672,7083.0,5,0,1,0,3.0
39902,0,0.016016265,52,0,0.120092825,5170.0,7,0,0,0,0.0
39903,0,0.545806884,50,0,0.8103302290000001,3542.0,8,0,1,0,0.0
39904,0,0.010722106,46,0,1467.0,,6,0,1,0,0.0
39906,1,0.993335555,46,2,0.145532308,8650.0,9,3,0,0,0.0
39907,0,0.095598241,52,0,1458.0,,4,0,1,0,3.0
39911,0,0.650194182,39,0,0.411372631,4800.0,5,0,1,0,3.0
39913,0,0.0,82,0,1169.0,,5,0,1,0,0.0
39915,0,0.10512062,81,0,75.0,,3,0,0,0,0.0
39916,1,0.012025343999999999,31,0,886.0,,12,0,0,0,0.0
39917,0,0.041576759,38,3,2153.0,,9,0,3,0,0.0
39919,0,0.02339883,59,0,0.043211867,3100.0,12,0,1,0,0.0
39921,0,0.070348409,48,0,0.345709069,11500.0,4,0,1,0,2.0
39923,0,0.00449985,67,0,1.217110573,11150.0,9,0,3,0,0.0
39924,0,1.036330609,52,3,0.239106635,4566.0,10,0,1,0,0.0
39925,0,0.684280538,67,0,0.095358383,9500.0,7,0,0,0,0.0
39926,0,0.30451370899999997,48,0,0.09865549400000001,68500.0,9,0,4,0,3.0
39927,0,0.145854146,23,0,68.0,,2,0,0,0,0.0
39928,0,0.058253163,25,0,24.0,,2,0,0,0,0.0
39930,0,0.7745869009999999,60,0,8809.0,,13,0,3,0,0.0
39931,0,0.035565536,41,0,0.469720607,7050.0,8,0,1,0,0.0
39932,0,0.080427037,57,0,0.020236272,9141.0,11,0,0,0,0.0
39933,0,0.44036424,59,0,0.269351109,7350.0,8,0,1,0,0.0
39937,0,0.002372245,63,0,1548.0,,13,0,1,0,0.0
39938,0,0.006139370999999999,58,0,0.14401057,20435.0,15,0,2,0,2.0
39939,0,0.055697062,64,0,0.364499425,3475.0,6,0,1,0,0.0
39940,0,0.302105894,56,4,1.358852933,3800.0,10,0,3,0,2.0
39941,0,0.9999998999999999,57,0,1.49015544,964.0,5,0,1,0,0.0
39945,0,0.037718491,89,0,28.0,,5,0,0,0,0.0
39946,0,0.006216882,63,0,0.352132701,4219.0,12,0,1,1,1.0
39947,0,0.380239765,66,0,4014.0,,17,0,1,0,0.0
39948,0,0.031086125,35,0,0.279403745,5500.0,14,0,1,0,0.0
39949,0,0.9601683259999999,53,8,0.497947584,9500.0,10,2,2,2,1.0
39954,0,0.9999998999999999,55,0,0.184894053,8777.0,4,0,2,0,3.0
39955,0,0.051284039000000003,68,0,0.016683808,8750.0,8,0,0,0,1.0
39958,0,1.29744213,36,1,0.453966699,6125.0,9,0,1,0,0.0
39960,0,0.009282826999999999,78,0,35.0,,10,0,0,0,0.0
39961,0,0.7722562270000001,43,0,0.455707975,4300.0,4,0,1,0,4.0
39963,0,0.202631712,38,0,0.602099475,4000.0,10,0,2,0,2.0
39965,0,0.0,31,0,208.0,,7,0,0,0,2.0
39966,0,0.00339434,84,0,0.006496752,2000.0,2,0,0,0,0.0
39967,0,0.023433407000000003,60,0,0.33813294899999996,4166.0,15,0,1,0,2.0
39970,0,0.263756764,62,0,0.13093991,10500.0,11,0,0,0,0.0
39972,0,0.309379897,48,0,0.217508781,3700.0,4,0,1,0,2.0
39973,0,0.007064288,59,0,0.211395151,10600.0,12,0,1,0,0.0
39976,0,0.872658315,34,0,0.18985849100000002,5087.0,7,0,0,1,0.0
39977,0,0.01930729,85,0,16.0,,5,0,0,0,0.0
39978,0,0.897009363,60,0,3.8509485089999997,1106.0,5,0,1,0,0.0
39979,0,0.31789302399999997,48,0,0.38077403200000004,7208.0,10,0,1,0,0.0
39980,0,0.17123164899999999,60,0,0.130732644,22916.0,15,0,1,0,1.0
39982,0,0.0,41,0,0.063005432,8284.0,5,0,0,0,0.0
39983,0,0.288093256,24,0,10.0,,2,0,0,0,
39984,0,0.253971781,39,0,0.25187481300000003,10000.0,5,0,3,0,2.0
39985,0,0.5610720020000001,50,0,5.021978022,1000.0,19,0,2,0,1.0
39986,0,0.625430646,51,0,0.40185646399999997,8833.0,11,0,1,0,0.0
39988,0,0.008588923,35,0,0.032563167000000004,7400.0,13,0,0,0,3.0
39989,0,0.002241953,80,0,0.001428061,2800.0,5,0,0,0,0.0
39990,0,0.0037237109999999998,67,0,0.004553734,1097.0,8,0,0,0,0.0
39992,0,0.047362399000000006,49,0,0.297157217,6366.0,12,0,2,0,0.0
39993,0,0.883116883,26,0,0.299750208,1200.0,2,0,0,0,0.0
39994,0,0.101720055,67,0,2639.0,,3,0,1,0,0.0
39995,0,0.140052393,51,0,0.20717309,8977.0,7,0,1,0,1.0
39996,0,0.974069128,51,0,0.386922615,3333.0,12,0,0,0,0.0
39999,0,0.5936435870000001,30,0,0.21975604899999998,5000.0,6,0,0,0,0.0
40002,0,0.008622009,60,0,0.11424731199999999,2975.0,6,0,0,0,0.0
40003,0,0.016337296,73,0,0.00390439,10500.0,13,0,0,0,0.0
40005,0,0.0043361929999999995,46,0,0.0032076979999999997,3740.0,12,0,0,0,2.0
40006,0,0.0,61,0,0.0,6667.0,5,0,0,0,0.0
40008,0,0.901238304,50,0,0.282762692,6775.0,6,0,0,0,1.0
40012,0,0.090502593,35,0,0.318173021,5166.0,13,0,2,0,0.0
40013,0,0.857142857,33,0,0.422042371,4200.0,6,0,2,0,0.0
40014,0,0.46458502,63,0,5164.0,,8,1,1,0,0.0
40015,0,0.0,49,1,104.0,,11,0,0,0,0.0
40017,0,0.223843918,54,0,4720.0,,14,0,5,0,
40020,0,0.69593833,56,4,0.718737353,4941.0,16,0,3,1,0.0
40021,1,0.09774481800000001,29,0,0.88055972,2000.0,7,0,2,0,0.0
40022,0,0.0054277959999999995,44,0,0.132458607,3200.0,3,0,0,0,1.0
40024,0,0.100937981,58,0,1237.0,,14,0,1,0,0.0
40026,0,0.06022513,73,0,0.031440162,985.0,2,0,0,0,0.0
40027,0,0.000829317,63,0,0.14358564099999999,10000.0,12,0,2,0,0.0
40030,0,0.007848675,90,0,0.20794801300000001,4000.0,14,0,0,0,0.0
40031,1,0.0,37,0,1.113954418,2500.0,9,0,2,1,0.0
40034,0,0.386885611,54,0,0.30758643,12350.0,15,0,2,0,2.0
40037,1,0.466800284,46,2,3165.0,,13,0,2,0,0.0
40038,0,0.25146854399999996,79,0,0.12913786800000002,2748.0,4,0,0,0,0.0
40039,0,0.047285617,65,0,314.0,,8,0,0,0,
40040,0,0.176102987,38,0,0.644701692,4491.0,4,0,2,0,3.0
40041,0,0.065587406,65,0,0.635868278,4220.0,13,0,1,0,0.0
40042,0,0.089612787,51,2,0.240187039,15183.0,9,0,3,0,4.0
40043,0,0.071705374,60,0,2656.0,,2,0,1,0,0.0
40044,0,0.001162131,72,0,1170.0,,5,0,1,0,
40045,0,0.038528656,57,0,0.34502216799999996,2480.0,8,0,1,0,0.0
40046,0,0.061187762,34,1,0.002221674,4050.0,1,0,0,0,1.0
40048,0,0.141771646,45,0,2596.0,,8,0,2,0,0.0
40049,0,0.517589506,47,0,1.184792487,3300.0,14,0,2,0,0.0
40050,0,0.012971861999999999,68,0,1488.0,,6,0,1,0,0.0
40051,0,1.0383293409999999,45,2,0.08959736900000001,18850.0,8,0,1,0,2.0
40052,0,0.055170351,65,0,0.434490482,6250.0,11,0,2,0,3.0
40053,0,0.7293411390000001,57,0,0.558529457,6500.0,15,0,1,1,1.0
40055,0,0.194023928,82,0,2303.0,,11,0,1,0,0.0
40056,0,0.190944592,42,0,349.0,,6,0,0,0,0.0
40057,0,0.261323085,57,0,1522.0,,5,0,1,0,0.0
40058,0,0.115939679,57,0,0.06273781099999999,11300.0,7,0,0,0,2.0
40059,0,0.0,64,0,1285.0,,9,0,1,0,
40060,0,0.7895432109999999,63,0,0.579293344,4867.0,7,0,2,0,0.0
40062,0,0.104815535,44,2,0.34144869200000005,4969.0,8,0,1,0,1.0
40066,0,0.0,42,0,0.0,3594.0,4,1,0,0,0.0
40067,0,0.156713731,63,0,0.803222489,5833.0,8,0,3,0,1.0
40068,0,0.7361755640000001,63,0,0.6290231510000001,7083.0,9,0,3,0,0.0
40070,0,0.038686661000000004,65,0,0.186816016,7766.0,20,0,2,0,0.0
40071,0,0.05088049,68,0,65.0,,5,0,0,0,0.0
40073,0,0.007443617,40,0,0.131336406,3905.0,3,0,0,0,3.0
40074,0,0.685375283,37,1,0.44207018200000003,5100.0,7,0,2,0,1.0
40076,0,0.175776357,44,0,0.35887729700000004,10830.0,10,0,2,0,2.0
40077,0,0.17557118800000002,45,0,0.555394927,7608.0,6,0,2,0,2.0
40078,0,0.039232373,42,0,0.0032139029999999997,8400.0,3,0,0,0,2.0
40079,0,0.9999998999999999,32,0,0.073235686,3754.0,2,1,0,0,1.0
40080,0,0.04949505,76,0,0.001333206,10500.0,5,0,0,0,0.0
40081,0,0.09733024300000001,31,0,808.0,,9,0,0,0,1.0
40082,1,0.7333624740000001,46,0,93.0,4.0,5,0,0,0,1.0
40083,1,0.9999998999999999,35,1,143.0,,1,2,0,0,0.0
40084,0,0.990745856,51,1,1.129465865,5653.0,12,0,2,0,3.0
40085,0,0.9999998999999999,46,0,0.0,,0,0,0,0,1.0
40086,0,0.136172765,32,0,0.46384561700000004,4300.0,2,0,1,0,0.0
40087,0,0.052960623,45,0,0.035532995,6500.0,5,0,0,0,0.0
40090,0,0.250957608,59,0,0.376405899,4000.0,21,0,0,0,0.0
40091,0,0.107647528,45,0,67.0,,2,0,0,0,
40092,0,0.9006254659999999,58,0,8358.0,,14,0,4,0,1.0
40094,0,0.0017258010000000001,67,0,1.0,,5,0,0,0,
40095,0,0.023373689,65,0,3350.0,,6,0,2,0,0.0
40096,0,0.178723241,60,0,0.909318101,2800.0,19,0,1,0,0.0
40099,0,0.034320425,70,0,0.134773045,5000.0,10,0,1,0,0.0
40100,0,0.051226707999999996,68,0,106.0,,5,0,0,0,0.0
40101,0,0.008767882,28,0,0.073363044,5833.0,5,0,0,0,0.0
40104,0,0.0,78,0,0.432168968,1230.0,11,0,0,0,0.0
40105,1,0.728386883,40,1,0.191233017,3900.0,3,1,0,0,0.0
40107,0,0.9999998999999999,52,0,0.0,3932.0,0,0,0,0,0.0
40108,0,0.281709551,43,0,0.276062417,6023.0,8,0,0,0,3.0
40109,0,0.137492534,67,0,1.051082033,3973.0,19,0,5,0,0.0
40110,0,0.063293671,62,0,0.650545562,3390.0,8,0,2,0,0.0
40112,0,0.103368713,26,0,25.0,,3,0,0,0,
40113,0,0.361118438,62,0,0.298200212,8500.0,8,0,2,0,0.0
40114,0,0.004446157,72,0,0.16646033699999999,10500.0,16,0,1,0,0.0
40115,0,0.98077416,41,1,0.644361504,3750.0,15,0,2,0,2.0
40116,0,0.182532395,36,0,0.189423836,3800.0,5,0,0,0,0.0
40119,1,0.305387784,46,0,0.898050975,2000.0,5,0,2,0,0.0
40120,0,0.037041202999999995,58,0,0.316060795,11250.0,10,0,2,0,3.0
40121,1,0.888835991,45,1,0.250721015,5200.0,8,0,1,0,1.0
40122,0,0.452145829,30,0,217.0,,4,0,0,0,0.0
40123,0,0.137232846,30,0,1.1960784309999999,2600.0,4,0,1,0,0.0
40124,0,0.017894412,66,1,0.41303895,4800.0,16,0,3,0,1.0
40126,0,0.001999956,89,0,2.0,,10,0,0,0,
40128,0,1.7230549609999999,45,0,0.113926994,4300.0,8,2,0,2,1.0
40129,0,0.075618205,63,0,0.568803508,4788.0,18,0,2,0,1.0
40131,0,0.080374183,72,0,2694.0,,6,0,1,0,0.0
40132,0,0.07712007,77,0,1199.0,,4,0,1,0,
40134,0,0.27913240300000003,67,0,291.0,,10,0,0,0,0.0
40135,0,0.0,30,0,0.05679418,4260.0,3,0,0,0,0.0
40137,0,0.440137656,29,2,0.090780393,5650.0,4,0,0,0,0.0
40138,0,0.9999998999999999,30,2,26.0,,2,1,0,0,
40140,0,0.7299391559999999,60,0,0.224784402,5333.0,6,0,0,0,1.0
40141,0,0.549715009,55,0,0.6869519829999999,9579.0,11,0,4,0,1.0
40143,0,0.07765048599999999,38,0,0.070697816,6548.0,5,0,0,0,2.0
40144,0,0.115147186,56,0,3217.0,,7,0,2,0,
40145,0,0.118337536,67,0,0.329851567,7275.0,4,0,1,0,0.0
40146,0,0.037739279,45,1,0.004557292,9215.0,3,0,0,0,0.0
40149,0,0.413442309,52,0,0.449132256,3341.0,9,0,1,0,1.0
40150,1,0.560625067,56,5,0.761178327,1900.0,6,0,0,2,2.0
40151,0,0.25337427100000004,47,0,0.438082331,11805.0,16,0,3,0,8.0
40154,0,0.626518997,48,0,0.059370846,2256.0,2,0,0,0,4.0
40159,0,0.017223624,46,0,0.293657596,9333.0,10,0,2,0,3.0
40165,0,0.961384637,27,4,0.44159245700000005,1908.0,8,0,0,0,2.0
40166,0,0.030798767999999997,31,0,1793.0,,6,0,1,0,0.0
40167,0,0.0,52,0,0.532047849,5600.0,9,0,4,0,0.0
40168,0,0.113187444,76,0,0.42544350299999995,6256.0,5,0,1,0,0.0
40171,0,0.788359788,30,1,0.015243902,3279.0,2,0,0,2,0.0
40173,0,0.454220826,78,0,0.8735332459999999,2300.0,7,0,1,0,2.0
40174,0,0.0016206929999999999,30,0,0.117576485,5000.0,9,0,0,0,0.0
40176,0,0.9999998999999999,50,0,1832.0,,4,0,2,0,0.0
40178,0,0.38434803799999995,63,0,0.149640041,5833.0,5,0,0,0,0.0
40180,0,0.0077962019999999995,67,0,0.34084982399999997,6518.0,16,0,1,0,0.0
40181,0,0.078072422,60,0,0.171825282,10370.0,9,0,1,0,1.0
40182,0,0.0,40,0,0.0,8917.0,1,0,0,0,0.0
40185,1,0.9999998999999999,53,1,0.523369158,4000.0,6,4,2,0,1.0
40186,0,0.86285397,33,1,64.0,,1,1,0,0,0.0
40187,1,0.0,31,0,0.018490904,3352.0,2,0,0,0,1.0
40189,0,0.21443818399999998,56,0,0.548672566,6666.0,8,0,1,0,0.0
40190,0,0.0,62,0,0.0,10001.0,3,0,0,0,0.0
40191,0,0.9999998999999999,67,0,729.0,,2,0,1,0,0.0
40193,0,0.9999998999999999,25,1,0.0,1501.0,0,0,0,0,0.0
40194,0,0.645303352,50,0,0.22966162699999998,4166.0,9,0,0,0,0.0
40195,0,0.083739533,48,0,0.167879762,10578.0,2,0,1,0,3.0
40197,0,0.023184418,76,0,0.17744627600000001,9585.0,8,0,1,0,1.0
40198,1,0.656904425,50,2,0.194363972,3796.0,9,1,0,0,2.0
40199,0,0.012801058,52,0,9.0,,10,0,0,0,0.0
40201,0,0.0,22,0,0.0,2713.0,2,0,0,0,0.0
40202,0,0.04462908,37,0,77.0,,16,0,0,0,3.0
40203,0,0.059106733,38,1,0.084446972,7033.0,8,0,0,0,0.0
40204,0,0.013188718,68,0,1760.0,,14,0,2,0,2.0
40205,0,0.069398265,63,0,0.380870561,3491.0,5,0,1,0,0.0
40207,0,0.079942898,49,2,3.0,,4,0,0,1,0.0
40208,0,0.981818182,28,1,0.19963647399999998,3300.0,5,0,0,1,3.0
40209,0,0.35615529799999995,45,0,0.7365220920000001,4933.0,8,0,2,0,1.0
40210,1,0.8305990190000001,44,0,0.492304676,10200.0,10,0,2,0,4.0
40211,0,0.118547036,49,0,142.0,0.0,8,0,0,0,2.0
40213,0,0.084349958,63,0,2078.0,,18,0,2,0,0.0
40214,0,0.542585077,47,0,2.90699462,1300.0,17,0,1,0,1.0
40215,0,0.103948654,55,0,0.01196215,5600.0,4,0,0,0,0.0
40216,0,0.499017682,22,1,0.11898017,6000.0,17,0,0,0,0.0
40218,0,0.015382261000000001,46,0,0.005609224,3208.0,6,0,0,0,0.0
40219,0,0.21315899800000002,42,0,0.151193634,15833.0,9,0,1,0,1.0
40221,0,0.002154054,64,0,0.343395746,7850.0,11,0,2,0,0.0
40223,0,0.181511333,40,0,0.47145126600000004,10700.0,13,0,4,0,1.0
40226,0,0.41823270700000004,26,0,0.548279689,900.0,7,0,0,0,1.0
40227,0,0.106566354,69,0,0.08998875099999999,8000.0,5,0,0,0,0.0
40228,1,0.801391863,46,0,1257.0,,14,7,0,0,2.0
40229,0,0.045210191,38,0,0.554259529,4800.0,14,0,2,0,2.0
40232,0,0.0,55,0,0.0,6000.0,5,0,0,0,0.0
40233,0,0.019428175,64,0,0.009079118,3083.0,6,0,0,0,0.0
40234,0,0.0,47,0,0.141484045,2600.0,5,0,0,0,0.0
40236,0,0.577142434,76,2,0.108889489,3700.0,13,1,0,0,0.0
40237,0,0.005705574000000001,82,0,11.0,,8,0,0,0,0.0
40238,1,0.43103294299999995,49,2,0.45046344,4854.0,9,0,1,1,2.0
40239,0,0.9999998999999999,40,0,0.193373322,3500.0,1,0,0,0,0.0
40241,0,0.0,36,0,0.080767693,2500.0,2,0,0,0,2.0
40244,0,0.010994478,89,0,0.6186196979999999,5563.0,10,0,3,0,0.0
40245,0,0.2165063,50,0,0.21430564600000002,10750.0,11,0,2,0,3.0
40246,0,0.072246388,54,0,0.30140445,6336.0,3,0,1,0,0.0
40247,0,0.18620647899999998,65,0,7661.0,,10,0,4,0,0.0
40248,0,0.0,39,0,0.178432271,8725.0,5,0,1,0,0.0
40249,0,0.7948983340000001,41,0,0.480796586,5623.0,7,0,1,1,1.0
40250,0,0.9999998999999999,70,0,0.07873031700000001,4000.0,3,0,0,0,2.0
40251,0,0.744937922,58,0,1371.0,,7,0,1,0,0.0
40252,0,0.038866186000000004,90,0,0.0029994,5000.0,5,0,0,0,0.0
40253,0,0.14893617,67,0,0.6292241789999999,2100.0,6,0,0,0,0.0
40254,0,0.418055457,62,3,0.758839307,4100.0,11,0,3,0,0.0
40255,0,0.077557653,50,0,1.144263304,3250.0,9,0,2,0,0.0
40259,0,0.053077877,65,0,0.141306519,15016.0,7,0,2,0,0.0
40262,0,0.0,39,0,0.5257123,5755.0,6,0,2,0,1.0
40264,0,0.005354441,65,0,16.0,,8,0,0,0,0.0
40265,0,0.9638288490000001,39,0,0.21832725600000003,8500.0,5,0,0,0,4.0
40266,0,0.336267683,41,0,0.585680751,4259.0,8,0,0,0,1.0
40267,0,0.098959152,53,0,0.136839182,10800.0,8,0,2,0,2.0
40269,0,0.003678748,86,0,0.0021663060000000002,6000.0,7,0,0,0,1.0
40272,0,0.355901297,46,0,0.45340621299999995,7500.0,12,0,2,0,0.0
40274,0,0.33107054399999997,55,0,0.33866569700000004,5500.0,8,0,1,1,1.0
40276,0,0.000533298,39,0,0.044991002,5000.0,3,0,0,0,3.0
40277,0,0.011747063,81,0,4.0,,3,0,0,0,0.0
40279,0,0.044300942999999995,51,0,0.75856036,4000.0,11,0,2,0,1.0
40280,0,0.009788377,80,0,0.040489878,4000.0,6,0,0,0,0.0
40282,0,0.15277707199999999,44,1,0.6809787079999999,8500.0,15,0,1,0,4.0
40283,0,0.0,66,0,0.872539831,3200.0,6,0,1,0,0.0
40284,0,0.9999998999999999,47,0,0.0632806,1200.0,0,0,0,0,0.0
40285,0,0.5506322229999999,31,0,0.23505099699999998,15000.0,10,0,2,0,0.0
40286,0,0.242224209,61,0,0.6940556259999999,5500.0,20,0,1,0,0.0
40287,0,0.317068293,74,0,0.011399088,8333.0,3,0,0,0,0.0
40289,0,0.083215313,66,0,0.09216940900000001,6563.0,8,0,0,0,0.0
40290,0,0.20256316100000002,38,0,0.819136173,3333.0,7,0,2,0,0.0
40291,0,0.0,74,0,0.0,4203.0,4,0,0,0,0.0
40292,0,0.357382131,53,0,0.10158374699999999,6250.0,4,0,0,0,1.0
40293,0,0.296772208,52,0,0.9969647770000001,14166.0,18,0,6,0,0.0
40294,0,0.006912379000000001,75,0,0.007328448,1500.0,7,0,0,0,0.0
40297,0,0.114346406,30,0,0.040228517000000005,4200.0,9,0,0,0,0.0
40298,0,0.616341224,64,0,508.0,0.0,3,0,0,0,0.0
40299,0,0.166671442,70,0,0.215781847,7590.0,8,0,2,0,0.0
40300,0,0.0023226279999999998,50,0,0.401967765,15448.0,11,0,2,0,2.0
40302,0,0.025999536,58,0,0.055327185999999993,9000.0,11,0,0,0,3.0
40304,0,0.417539355,59,0,0.37239324700000004,3020.0,5,0,1,0,0.0
40305,0,0.0,59,0,0.463731121,4700.0,6,0,1,0,0.0
40306,1,0.006420884,57,3,0.23377570399999997,6856.0,20,0,1,1,2.0
40307,1,0.022767217000000003,54,0,0.009154421,4150.0,7,0,0,1,3.0
40308,0,0.48495375799999996,71,0,3209.0,,8,0,1,0,1.0
40309,0,0.11249178,69,1,4710.0,,13,0,3,0,1.0
40310,0,0.003846964,75,0,0.317270992,6287.0,15,0,2,0,0.0
40312,0,0.15088123,42,0,0.014830862,6000.0,3,0,0,0,3.0
40314,0,0.0,25,0,0.601156069,864.0,2,0,0,1,0.0
40315,0,0.8745410509999999,28,0,0.5297787860000001,3525.0,10,0,1,0,2.0
40316,0,0.032448378,42,0,19.0,,1,0,0,0,0.0
40318,0,0.9999998999999999,34,0,0.60068673,4950.0,4,0,1,0,0.0
40319,0,0.733886088,39,0,0.372347985,9850.0,9,0,2,0,3.0
40321,0,0.9666955909999999,50,1,0.216254821,7000.0,6,0,0,0,3.0
40322,0,0.21304121899999998,40,1,0.481481481,5993.0,17,0,2,0,0.0
40323,0,0.114795039,58,0,0.303889886,8354.0,21,0,1,0,0.0
40324,0,0.608807215,44,0,0.445419554,6494.0,10,0,2,0,1.0
40325,0,0.16895655699999998,67,0,0.552545308,16166.0,27,0,4,0,0.0
40326,1,0.9999998999999999,28,1,0.767088608,394.0,1,0,0,0,0.0
40327,0,0.436163084,79,1,819.0,,7,0,1,0,0.0
40328,0,0.032372093,65,0,2353.0,,9,0,1,0,2.0
40331,0,0.230673514,39,0,0.357256778,11285.0,15,0,4,0,0.0
40332,0,0.07317325400000001,57,0,0.19164687800000002,7158.0,12,0,1,0,1.0
40334,0,0.137285576,70,0,5669.0,,7,0,1,0,0.0
40335,0,0.09089697,62,0,4620.0,,8,0,2,0,0.0
40336,0,0.12400254,65,0,0.420587307,9500.0,17,0,2,0,0.0
40337,0,0.008418334,47,0,5753.0,,10,0,2,0,0.0
40338,0,0.009974751,87,0,0.005497251,2000.0,3,0,0,0,0.0
40339,1,1.527192009,46,1,0.020217729,4500.0,3,3,0,4,2.0
40340,0,0.001309196,59,1,818.0,,10,0,1,0,0.0
40341,0,0.003198839,57,1,0.824989657,4833.0,15,0,7,0,0.0
40342,0,0.00159992,60,0,0.0,10500.0,3,0,0,0,0.0
40343,1,0.136876006,58,3,0.370772176,4700.0,24,0,1,0,0.0
40344,1,0.036177641,56,0,0.28623751399999997,9009.0,12,0,1,0,0.0
40346,1,0.505797156,54,1,0.391555556,4499.0,8,0,0,0,1.0
40347,0,0.7515153379999999,40,0,1133.0,,4,0,0,0,0.0
40348,0,0.003888673,32,0,1.725124378,803.0,4,0,1,0,1.0
40349,1,0.9999998999999999,29,0,0.396743787,3500.0,2,2,0,0,0.0
40351,0,0.0,55,0,0.43092218,5833.0,14,0,1,0,0.0
40352,0,0.006492565,86,0,0.00092302,5416.0,2,0,0,0,0.0
40354,1,0.9112929240000001,72,1,0.398299079,5643.0,14,0,2,1,0.0
40355,0,0.011519816,70,1,0.003650214,6300.0,9,0,0,0,0.0
40358,0,0.015073165,50,0,1462.0,,9,0,1,0,0.0
40360,0,0.117288271,46,0,1972.0,,4,0,1,0,0.0
40361,0,0.106450495,39,0,0.29181622399999996,2785.0,4,0,1,0,0.0
40363,0,0.057351139,61,1,0.200799645,2250.0,5,0,0,0,0.0
40365,0,0.015879533,61,0,765.0,,13,0,0,0,0.0
40366,0,0.002052312,58,0,646.0,,4,0,1,0,0.0
40367,0,0.0,64,1,0.34576948700000004,1500.0,6,0,0,0,0.0
40368,0,0.012653444,69,0,0.151402263,14226.0,18,0,2,0,0.0
40369,0,0.040988209,50,0,0.365071015,1900.0,6,0,1,0,2.0
40370,1,0.32966719,51,0,0.7649043870000001,2666.0,8,0,1,2,2.0
40371,0,0.9999998999999999,47,3,0.259990133,2026.0,3,0,0,1,0.0
40372,0,0.032061029,34,0,0.257772908,7300.0,6,0,2,0,0.0
40373,0,0.991796975,44,1,0.318334216,5666.0,6,0,1,0,0.0
40374,1,0.434745251,49,1,1.107111693,4583.0,36,0,2,0,0.0
40375,0,0.0310923,79,0,0.087218381,4482.0,7,0,0,0,1.0
40376,0,0.151563885,63,0,0.579806731,3000.0,10,0,2,0,0.0
40377,0,0.332896925,77,0,0.413622728,17000.0,12,0,4,0,0.0
40378,0,0.48356159600000004,58,0,0.36855057700000005,11783.0,11,0,1,0,3.0
40383,0,0.997320805,37,0,1.0445582979999999,6440.0,8,0,2,0,3.0
40384,1,0.9999998999999999,48,2,0.609056425,4217.0,5,2,2,2,3.0
40385,0,0.10563788699999999,52,0,0.20971645100000003,21900.0,8,0,1,0,0.0
40387,0,0.00945076,28,0,0.068887634,7083.0,7,0,0,0,1.0
40390,0,0.273197187,29,0,0.174092589,4600.0,9,0,0,0,1.0
40391,0,0.362911692,68,0,3125.0,,13,0,1,0,0.0
40392,0,0.369759268,55,0,0.42239440100000003,4000.0,6,0,1,0,0.0
40393,0,0.002067869,49,0,0.000545355,5500.0,5,0,0,0,0.0
40394,0,0.5296024029999999,52,0,2708.0,,13,0,1,0,1.0
40395,0,0.070296485,70,0,0.204469712,5100.0,3,0,1,0,1.0
40396,0,0.23622301,61,0,0.42365028200000004,4963.0,7,0,2,0,0.0
40397,0,0.12179391,73,0,508.0,,3,0,0,0,0.0
40398,0,0.9999998999999999,27,98,0.0,,0,98,0,98,0.0
40399,0,0.604220659,51,0,0.213624583,2700.0,5,3,0,0,0.0
40401,0,0.524699238,46,1,0.033316881,12155.0,3,0,0,0,0.0
40402,0,0.278859194,49,1,0.566308244,5300.0,11,0,4,0,1.0
40403,0,0.057917683,52,0,3808.0,,7,0,2,0,0.0
40404,0,0.9999998999999999,51,0,0.23213231,5078.0,3,0,1,0,1.0
40409,0,0.9999998999999999,59,1,0.5064255120000001,2100.0,1,0,1,0,0.0
40410,1,0.15662327199999998,43,2,0.8639175259999999,2424.0,11,2,1,1,3.0
40412,0,0.020389788,54,0,0.24255140600000002,4765.0,7,0,1,0,0.0
40413,0,0.492775361,61,0,0.190974493,7644.0,4,0,0,0,0.0
40414,0,0.30876223,38,0,0.6764411859999999,3000.0,13,0,1,0,1.0
40415,0,0.9853343109999999,42,0,1.053986503,4000.0,5,0,2,0,0.0
40417,0,0.24345709100000001,34,0,0.329945009,6000.0,3,0,1,0,0.0
40418,1,0.9999998999999999,63,0,0.0,1714.0,0,0,0,0,2.0
40419,0,0.9999998999999999,44,0,124.0,,0,1,0,0,0.0
40420,0,0.9999998999999999,27,0,373.0,,4,0,0,0,
40421,0,0.163612129,24,0,14.0,,3,0,0,0,0.0
40423,0,0.149779095,37,0,0.165505226,5739.0,6,0,0,0,0.0
40424,0,0.221255891,34,0,0.083966413,2500.0,6,0,0,0,0.0
40425,0,0.359466671,47,0,0.650875894,4052.0,15,0,2,0,0.0
40426,0,0.0,64,0,0.065793676,3130.0,7,0,0,0,0.0
40427,0,0.04591539099999999,45,0,0.273901135,7666.0,4,0,1,0,0.0
40428,0,0.212630622,30,0,0.506785411,2357.0,6,0,2,0,1.0
40429,0,0.016470104,75,0,15.0,,5,0,0,0,0.0
40430,0,0.0013755660000000002,47,0,0.250641805,7400.0,10,0,1,0,0.0
40431,0,0.083875571,48,1,0.83038987,3000.0,18,0,2,0,1.0
40434,0,0.9938380040000001,39,0,0.39343091799999996,2800.0,2,0,0,0,0.0
40435,0,0.005620496,38,0,0.211457708,3333.0,7,0,1,0,2.0
40436,0,0.642178911,43,1,0.11009539,5031.0,4,1,0,2,3.0
40437,0,0.132886079,57,0,0.44076006,2683.0,8,0,1,0,0.0
40438,0,0.008553142,45,0,0.312703926,9500.0,9,0,1,0,0.0
40439,1,0.010364207,87,0,0.303748126,3334.0,9,0,2,0,0.0
40440,1,0.503930998,38,0,0.38121547,3800.0,9,0,1,1,1.0
40442,0,0.040138674,48,0,1676.0,,17,0,2,0,0.0
40444,0,0.9999998999999999,24,0,4.0,,0,0,0,0,
40446,0,0.66067332,25,0,0.378405399,4000.0,10,0,0,0,0.0
40448,0,0.175203042,46,0,0.034785334,3190.0,4,0,0,0,2.0
40449,0,0.661219224,36,0,0.399141631,5125.0,10,0,2,0,0.0
40450,0,0.353563905,67,0,3283.0,,12,0,1,0,
40451,0,0.009365985,45,0,21.0,0.0,14,0,0,0,0.0
40452,0,0.0,24,0,0.207916833,2500.0,2,0,0,0,0.0
40456,1,1.108698757,45,2,3230.0,,6,0,1,1,0.0
40458,0,0.9560988970000001,31,0,1219.0,0.0,3,0,1,0,2.0
40459,0,0.27137684100000004,60,0,0.5508303729999999,10416.0,19,0,2,0,2.0
40462,0,0.8751406070000001,66,0,0.385674931,1088.0,3,0,0,0,0.0
40464,0,0.009780393,77,0,592.0,,6,0,1,0,0.0
40465,0,0.206079392,71,1,0.346367474,4500.0,6,0,2,0,1.0
40466,0,0.049062807,67,0,0.276215473,8000.0,9,0,1,0,0.0
40467,0,0.006743651,43,0,0.525821596,5750.0,5,0,1,0,2.0
40468,1,2.239600666,45,0,0.07522666,4080.0,4,4,0,0,2.0
40469,0,0.012472896,48,0,0.262912363,3000.0,5,0,0,0,0.0
40470,0,0.064766372,33,0,0.294280955,1800.0,8,0,0,0,1.0
40471,0,0.048733429,44,0,0.150865571,16000.0,10,0,1,0,2.0
40472,0,0.794577882,49,1,0.267987859,5600.0,4,0,0,0,1.0
40473,0,0.040151139,36,0,0.508436191,8830.0,10,0,3,0,2.0
40474,0,0.854461301,57,1,0.256599594,10833.0,6,0,1,0,2.0
40476,0,0.000100501,90,0,0.10077984400000001,5000.0,8,0,1,0,1.0
40477,0,1.032759578,27,0,0.14061979300000002,3000.0,4,0,0,0,1.0
40479,0,0.002035378,60,0,0.423208776,5833.0,7,0,1,0,0.0
40480,0,0.009479191999999999,56,0,0.762110312,2084.0,6,0,2,0,0.0
40482,0,0.5078648379999999,62,1,0.22713258,6810.0,19,0,1,0,1.0
40483,0,0.116570886,64,0,0.118176365,1666.0,6,0,0,0,0.0
40485,0,0.206176405,25,1,102.0,,9,0,0,0,
40486,0,0.034836896,77,0,0.006079027,6250.0,4,0,0,0,0.0
40487,0,0.0,46,0,0.453041363,6164.0,12,0,3,0,0.0
40488,1,0.890772307,40,1,1.102120536,3583.0,12,0,3,0,2.0
40489,0,0.190333675,38,0,0.230441295,8678.0,10,0,2,0,1.0
40490,0,0.027803075,81,0,44.0,,7,0,0,0,0.0
40492,0,0.9202079790000001,36,0,0.5784586820000001,6461.0,5,0,2,0,0.0
40493,0,0.105834081,77,0,0.160488537,4666.0,13,0,1,0,0.0
40494,0,0.839436867,40,0,0.375291634,9000.0,6,0,1,0,0.0
40496,0,0.231465246,61,0,0.355404955,9000.0,16,0,1,0,1.0
40497,0,0.39326160299999996,50,0,0.435235692,12282.0,12,0,2,0,2.0
40498,0,1100.0,36,0,0.206034637,5600.0,4,0,1,0,1.0
40499,0,0.163851335,63,0,4694.0,,17,0,3,0,0.0
40500,1,0.271818787,25,1,0.011994003,2000.0,1,1,0,1,0.0
40501,0,0.0,52,0,0.422680412,3200.0,8,0,1,0,1.0
40504,0,0.103536429,43,0,0.268654188,11806.0,17,0,2,0,5.0
40505,0,0.04019836,74,0,0.309335047,14000.0,11,0,2,0,0.0
40507,0,0.0,55,0,0.0,9000.0,6,0,0,0,0.0
40508,0,0.045139633,27,0,0.07674943599999999,3100.0,5,0,0,0,0.0
40510,0,0.001446778,74,0,1590.0,,10,0,1,0,0.0
40511,0,0.7429028390000001,28,0,0.372712146,600.0,2,0,0,0,0.0
40512,1,0.9348109520000001,35,0,0.388736553,4740.0,9,0,2,1,2.0
40514,0,0.0402041,50,0,0.103958362,7300.0,7,0,1,0,4.0
40516,0,0.046262345999999996,83,0,1087.0,,9,0,1,0,0.0
40517,0,0.12285107,53,0,0.131963499,15670.0,12,0,0,0,0.0
40518,0,0.252114249,31,0,0.034138015,4100.0,4,0,0,0,0.0
40519,0,0.161434754,64,0,0.673362445,1144.0,10,0,0,0,0.0
40521,0,0.04874373,64,1,398.0,,12,0,0,0,0.0
40523,0,0.003143618,76,0,0.385169186,4166.0,9,0,1,0,0.0
40524,0,0.147461822,37,0,0.40561896399999997,6833.0,16,0,2,0,2.0
40525,0,0.00879824,50,0,0.37966538,3107.0,4,0,1,0,0.0
40527,0,0.029578566,63,0,0.24586819,4900.0,12,0,1,0,0.0
40531,0,0.09699757699999999,78,0,0.38207411700000005,3480.0,18,0,2,0,1.0
40532,0,0.20630975699999998,61,0,0.039138724,8916.0,14,0,0,0,0.0
40533,0,0.719128689,43,1,0.144136533,5917.0,11,0,0,0,0.0
40534,0,0.081756124,30,0,2.11420414,1400.0,6,0,1,0,0.0
40535,0,0.47188299200000006,33,0,0.701206377,4641.0,15,0,1,0,0.0
40537,0,0.04237893400000001,36,0,0.311832807,6650.0,4,0,1,0,0.0
40539,0,0.825490908,62,0,0.41664729100000003,4300.0,13,0,1,0,0.0
40541,0,0.009588346,69,0,0.5043323710000001,4500.0,16,0,2,0,1.0
40542,0,0.9999998999999999,45,0,0.979841613,4166.0,8,0,2,0,0.0
40543,0,0.074892511,54,0,0.012495537,2800.0,5,0,0,0,3.0
40544,0,0.61675017,53,0,3398.0,,7,0,1,0,0.0
40545,0,0.019166004,71,0,0.271778258,8333.0,14,0,2,0,0.0
40546,0,0.022884496,57,0,0.17506397199999998,11332.0,6,1,1,0,0.0
40547,0,0.9457635590000001,62,2,1913.0,,10,0,1,0,0.0
40548,0,0.011647125,73,0,0.05609439099999999,10000.0,19,0,0,0,1.0
40550,1,1.117853385,35,3,374.0,,5,1,0,2,1.0
40551,0,0.103316277,58,1,0.02498091,9166.0,2,0,0,0,4.0
40553,0,0.027185519,38,0,0.30810093,5270.0,5,0,1,0,0.0
40554,0,0.9943019940000001,41,2,0.12210168,4700.0,5,0,0,1,2.0
40555,0,0.372132955,46,0,0.20553359699999998,7083.0,12,0,0,0,0.0
40558,0,0.39644159100000004,43,0,0.262323337,2900.0,4,0,0,0,0.0
40559,0,0.953069795,37,0,0.302693114,6200.0,5,0,2,0,0.0
40560,0,0.14884151199999998,54,0,0.650264951,2641.0,19,0,1,0,2.0
40561,0,0.049524732,89,0,0.093116252,3500.0,10,0,0,0,0.0
40562,0,0.201762562,69,0,0.37465915299999997,5500.0,10,0,1,0,1.0
40563,0,0.704590818,36,0,0.09793063199999999,3430.0,7,0,0,0,1.0
40564,0,0.014221431999999999,45,0,0.082340832,6800.0,4,0,0,0,0.0
40565,0,0.575809688,44,1,0.297933792,4500.0,10,0,0,0,1.0
40568,0,0.625994909,52,0,0.44454264299999996,4525.0,6,0,2,0,2.0
40569,0,0.052359797,49,0,0.176156195,9167.0,6,0,1,0,1.0
40572,0,0.590598093,50,0,0.17833159199999998,6700.0,6,0,1,0,0.0
40573,0,0.531746519,33,0,0.17087238600000001,4160.0,6,0,0,0,0.0
40574,0,0.12909032199999998,52,0,0.339652303,10813.0,9,0,2,0,2.0
40575,0,0.448398759,44,0,0.34816319,5416.0,8,0,2,0,1.0
40576,1,0.44592567899999996,31,0,0.009140981999999999,8532.0,6,0,0,1,2.0
40577,0,0.0,62,2,0.348670022,4172.0,9,0,1,0,0.0
40579,0,0.6178626970000001,36,0,0.152998776,2450.0,4,0,0,1,3.0
40580,0,0.033874421,54,0,2593.0,,7,0,3,0,
40581,0,0.01712665,68,0,62.0,0.0,4,0,0,0,0.0
40582,0,0.010461362,59,0,25.0,,6,0,0,0,0.0
40584,0,0.069606401,81,0,62.0,,7,0,0,0,0.0
40585,0,0.010322918,66,0,0.0016499179999999998,13333.0,6,0,0,0,0.0
40586,0,0.0,84,0,0.0,1600.0,5,0,0,0,0.0
40587,0,0.9999998999999999,50,0,0.413318211,6171.0,9,0,4,0,1.0
40588,0,0.9999998999999999,25,0,0.026243439,4000.0,6,0,0,0,0.0
40589,0,0.117988201,53,0,0.053111502000000005,6250.0,2,0,0,0,0.0
40590,1,0.9999998999999999,28,0,79.0,,2,0,0,0,0.0
40592,0,0.585050838,71,1,0.589148411,6892.0,9,0,3,0,0.0
40593,0,0.026498675,49,0,22.0,,4,0,0,0,
40596,0,0.272941555,64,0,0.232276772,10000.0,7,0,2,0,1.0
40597,0,0.264802666,38,0,0.36035791799999994,7375.0,5,0,2,0,1.0
40598,0,0.069870578,63,0,0.165798792,4800.0,16,0,1,0,0.0
40599,0,0.033536272,43,0,0.495349702,5375.0,11,0,2,0,3.0
40600,0,0.301528182,25,0,0.330955777,4906.0,11,0,0,0,4.0
40602,0,0.017204613,33,0,0.263578893,7750.0,5,0,1,0,1.0
40603,0,0.38094813,66,0,0.232972815,3420.0,5,0,0,0,0.0
40604,0,0.17080254399999997,42,0,0.056194380999999995,10000.0,4,0,0,0,1.0
40605,0,0.007029471,37,0,0.33669821200000005,4754.0,8,0,2,0,0.0
40606,0,0.9999998999999999,24,98,0.0,3345.0,0,98,0,98,0.0
40607,0,0.577039527,67,0,0.8600279940000001,5000.0,9,0,2,0,0.0
40608,0,0.00279408,54,0,0.559410558,5360.0,10,0,2,0,0.0
40609,0,0.014768781000000002,41,0,0.400999884,8600.0,7,0,2,0,2.0
40610,0,0.009331275,80,0,0.04149585,10000.0,9,0,1,0,1.0
40611,0,0.038685082,52,0,1036.0,,4,0,1,0,
40612,0,0.746709801,33,0,0.516451479,2400.0,8,0,0,0,2.0
40613,0,0.540236818,44,0,0.481304031,9600.0,9,0,2,0,3.0
40614,0,0.9999998999999999,65,0,0.231010568,6055.0,2,0,1,0,1.0
40615,0,0.043647273,52,0,0.366771361,15600.0,10,0,1,0,0.0
40616,0,0.9999998999999999,35,0,0.09265536699999999,3539.0,1,0,0,1,2.0
40617,0,0.9999998999999999,52,0,0.004398241,2500.0,0,1,0,0,1.0
40618,0,0.397135378,61,0,3346.0,,6,0,1,0,2.0
40619,0,0.667636201,57,0,0.286465375,19970.0,18,0,1,0,3.0
40620,0,0.0,55,0,0.0,4142.0,6,0,0,0,0.0
40621,0,0.12432544300000001,55,0,1097.0,0.0,12,0,1,0,1.0
40622,0,0.005317065,68,0,784.0,,7,0,1,0,0.0
40624,0,0.360323324,46,0,388.0,,2,0,0,0,0.0
40625,1,1.3407325190000001,42,2,0.130637636,4500.0,4,2,0,0,1.0
40626,0,0.144006436,46,0,0.321362458,2700.0,4,0,1,0,0.0
40628,0,0.064335188,64,0,0.021296961,8357.0,9,0,0,0,0.0
40630,0,0.830927063,45,1,0.388528328,5700.0,10,0,1,1,0.0
40631,1,0.916444425,73,1,0.17954960399999997,11500.0,9,0,1,3,0.0
40633,0,0.146521337,52,0,0.307827687,25000.0,6,0,2,0,2.0
40635,0,0.0,75,0,0.0,,4,0,0,0,0.0
40636,0,0.036695967999999995,70,1,0.005748563000000001,4000.0,14,0,0,0,0.0
40638,0,0.647084557,58,0,0.991004498,2000.0,6,0,1,0,0.0
40640,0,0.045421105999999996,69,0,0.124587541,10000.0,11,0,2,0,0.0
40641,1,0.886787623,29,0,0.578736877,6000.0,10,0,1,0,4.0
40642,0,0.317479926,56,0,0.465682745,8333.0,16,0,1,1,3.0
40643,0,0.047699269,46,0,0.447989216,4450.0,11,0,1,0,0.0
40644,0,0.0,53,0,94.0,,13,0,0,0,
40645,0,0.0,54,0,0.509679467,3150.0,6,0,1,0,0.0
40646,0,0.078785118,48,0,0.33938726799999996,5450.0,16,0,2,0,1.0
40648,0,0.027004851,87,0,0.019047619,4094.0,7,0,0,0,0.0
40649,0,0.046355487,60,1,0.230251795,11000.0,4,0,1,0,2.0
40650,0,0.6994412309999999,76,0,965.0,,9,0,1,0,0.0
40652,0,0.030271528,64,0,49.0,,6,0,0,0,0.0
40654,0,0.0,71,4,0.16853682899999997,9000.0,13,0,1,1,0.0
40655,0,0.6842419679999999,61,0,1.25894821,5000.0,9,0,3,0,2.0
40656,0,0.779407353,35,0,0.20982142899999998,3583.0,6,0,0,0,0.0
40660,0,0.015704837,38,0,0.002499583,6000.0,8,0,0,0,0.0
40661,0,0.024927321000000002,75,0,0.00879824,5000.0,4,0,0,0,1.0
40663,0,0.32101192300000003,37,0,3702.0,,12,0,2,0,
40664,0,0.9999998999999999,58,0,0.594127807,11000.0,7,0,3,0,1.0
40665,0,0.022811074,63,0,6.136602452000001,570.0,11,0,1,0,0.0
40666,0,0.051784419000000005,45,0,0.048538755,3934.0,14,0,0,0,0.0
40669,0,0.05094582,35,0,0.23960345,7766.0,16,0,0,0,1.0
40670,0,0.033305766,51,0,14.0,,3,0,0,0,0.0
40673,0,0.237932972,41,0,0.123607275,10500.0,20,0,0,0,0.0
40674,0,0.024998437999999998,40,0,0.172706823,4000.0,5,0,0,0,1.0
40675,0,0.9450879090000001,52,0,1137.0,,12,0,1,0,0.0
40676,0,0.8058718429999999,40,0,0.998678996,6055.0,12,0,2,0,3.0
40677,0,0.031426908999999996,28,0,2.2653061219999997,734.0,8,0,2,0,0.0
40679,0,0.9999998999999999,22,0,0.222777223,1000.0,0,0,0,0,0.0
40680,0,0.034967578,58,0,17.0,,3,0,0,0,0.0
40681,0,0.622072058,33,0,0.263067695,2333.0,5,0,0,0,0.0
40682,0,0.613419329,38,0,1.043079548,4688.0,10,0,2,0,0.0
40683,0,1.004164931,46,0,0.36860502100000003,6293.0,6,0,2,0,0.0
40684,0,0.014959106000000002,48,0,0.554973822,2100.0,16,0,0,0,0.0
40687,0,0.09117195300000001,44,0,1414.0,,12,0,1,0,0.0
40689,0,0.943842693,28,0,0.15850963099999998,3166.0,3,0,0,0,1.0
40690,0,0.944042165,54,1,2546.0,,11,0,2,0,2.0
40691,0,0.140179207,45,1,0.099038415,62500.0,9,0,4,0,2.0
40692,0,0.0,61,0,4770.0,,8,0,1,0,1.0
40693,0,0.10762528800000001,60,0,0.21524041,5760.0,8,0,0,0,1.0
40695,0,0.116647225,54,0,0.450397981,5150.0,8,0,1,0,3.0
40696,0,0.9999998999999999,52,0,0.000294118,3399.0,2,0,0,0,0.0
40697,0,0.6044301910000001,43,0,0.8641314379999999,5416.0,9,0,3,0,1.0
40698,0,0.009910272,38,0,1.275766977,2900.0,15,0,2,0,0.0
40700,0,0.052173696,48,1,0.479116991,13000.0,8,0,1,0,2.0
40701,0,0.16464956,42,0,0.541576404,6000.0,12,0,2,0,3.0
40702,0,0.799963341,47,0,0.147590361,7967.0,6,0,0,0,0.0
40703,0,0.131726547,48,0,0.338517942,9000.0,5,0,1,0,4.0
40705,0,0.064603078,31,0,0.058453182,16200.0,8,0,0,0,2.0
40706,1,0.956841035,47,0,0.135920019,4200.0,9,4,0,0,0.0
40707,0,0.005104401,74,0,0.062633729,5140.0,9,0,0,0,0.0
40708,0,0.032488345,36,0,0.011728503000000001,17222.0,13,0,0,0,0.0
40709,0,0.593084763,54,0,0.327258922,3950.0,5,0,0,0,0.0
40712,0,0.007848247,75,0,0.498800959,1667.0,7,0,1,0,0.0
40713,0,0.9999998999999999,50,0,0.37714401,14866.0,6,0,4,0,0.0
40716,1,0.922275671,47,0,1892.0,,10,1,1,1,2.0
40717,0,0.317240934,47,0,0.324712513,22000.0,19,0,3,0,2.0
40719,0,0.046821384,55,0,0.007612771,8800.0,5,0,0,0,0.0
40720,0,0.9999998999999999,45,1,0.34761496700000005,3500.0,1,1,1,1,1.0
40721,0,0.00383712,52,0,0.685052491,6000.0,9,0,1,0,1.0
40722,0,0.124422885,42,0,0.231128145,6000.0,10,0,1,0,2.0
40723,0,0.436590044,54,2,1.228956229,2375.0,9,0,1,0,0.0
40724,0,0.161759353,49,0,0.37183578,4700.0,7,0,1,0,0.0
40726,0,0.504718455,49,0,0.584166497,4900.0,5,0,1,0,2.0
40727,0,0.056559029000000004,60,0,0.013995335,3000.0,3,0,0,0,0.0
40729,0,0.683175157,61,0,0.399289701,7883.0,8,0,1,0,1.0
40730,0,0.23459722600000002,54,0,0.27040816300000003,6075.0,8,0,2,0,1.0
40732,0,0.179726562,45,0,0.6988127470000001,4800.0,11,0,1,0,0.0
40734,1,0.923865675,34,0,0.34721899,4296.0,13,0,1,0,4.0
40735,1,0.798571965,39,1,0.302016894,5800.0,8,1,0,1,2.0
40736,0,0.000559034,53,0,0.007992792,112100.0,16,0,1,0,0.0
40738,0,0.9999998999999999,27,0,442.0,0.0,4,0,0,0,0.0
40739,0,0.0,61,0,0.215127491,4666.0,20,0,1,0,0.0
40740,0,0.296113116,57,0,0.445092485,6000.0,10,0,2,0,0.0
40741,0,0.002768869,85,0,0.011494253000000001,2000.0,6,0,0,0,1.0
40742,0,0.402812286,46,0,0.114341304,44200.0,15,0,1,0,5.0
40743,0,0.0,48,1,1064.0,,3,0,1,0,2.0
40744,0,0.9999998999999999,79,0,0.33536999300000003,1472.0,5,0,0,0,0.0
40745,0,0.702980352,43,1,0.403241694,11166.0,10,0,2,0,3.0
40746,1,0.7144139140000001,54,3,1726.0,,5,0,0,3,0.0
40748,0,0.36918013299999997,49,0,0.20392341100000003,8512.0,5,0,1,0,3.0
40749,0,0.34083243700000004,48,0,0.6907957809999999,2085.0,31,0,0,0,1.0
40750,0,0.029255962000000003,64,0,0.31538404600000003,13500.0,6,0,2,0,0.0
40752,0,0.9999998999999999,32,0,0.24083494100000002,5700.0,5,0,1,0,2.0
40754,0,0.9632760659999999,48,0,2507.0,,5,0,1,0,0.0
40756,0,0.59466724,62,0,0.221274175,1757.0,8,0,0,0,1.0
40757,0,0.413105166,69,1,11902.0,0.0,23,0,3,0,0.0
40759,1,0.273012729,51,0,0.435100548,5469.0,10,1,1,1,0.0
40760,0,0.053204815,79,0,0.32054176100000004,3100.0,8,0,1,0,0.0
40761,0,0.014528618,70,0,0.214683617,7000.0,9,0,1,0,0.0
40762,0,0.0,30,0,0.123798539,2600.0,2,0,0,0,0.0
40763,0,0.311543072,43,0,0.37994723,7200.0,11,0,2,0,1.0
40764,0,0.09961825099999999,27,0,0.079636202,4507.0,4,0,0,0,0.0
40765,0,0.18974407,48,0,0.208368843,11733.0,7,0,1,0,3.0
40766,0,0.039012292999999997,51,0,0.245278827,4500.0,12,0,1,0,3.0
40768,0,0.0018668789999999999,73,0,1682.0,,6,0,1,0,0.0
40769,0,0.952852357,48,0,2657.0,,6,0,2,0,0.0
40770,0,0.0,79,0,0.00189981,10000.0,2,0,0,0,0.0
40774,0,0.324184884,29,2,0.298491183,5500.0,9,0,1,0,0.0
40775,0,0.0,42,0,0.0,3980.0,4,0,0,0,1.0
40776,0,0.039489473,48,0,871.0,,7,0,1,0,0.0
40777,0,0.484695295,36,0,0.237595301,8000.0,13,0,1,0,0.0
40778,0,0.085845708,32,0,0.089043259,9500.0,2,0,0,0,0.0
40779,0,0.9999998999999999,49,1,603.0,,4,0,0,0,0.0
40780,1,0.139643044,85,0,0.020185029,3566.0,3,0,0,1,0.0
40781,0,0.041805512999999996,27,0,0.00153787,2600.0,2,0,0,0,0.0
40782,0,0.03082827,54,0,0.390681004,6416.0,32,0,1,0,1.0
40783,1,0.969100618,47,2,1.083436151,6483.0,10,0,2,0,2.0
40784,0,0.643190402,81,0,0.823424495,1681.0,4,2,1,1,0.0
40785,1,0.211747398,49,0,0.573242342,6300.0,27,0,2,0,3.0
40786,0,0.315740705,28,1,0.080964891,4186.0,5,0,0,0,1.0
40787,1,0.6735193340000001,58,0,0.607913669,1111.0,5,0,0,0,0.0
40790,0,0.87367909,69,1,0.443901355,4500.0,11,0,0,0,0.0
40791,0,0.041424972000000004,53,0,0.387691346,3200.0,6,0,1,0,2.0
40793,0,0.9999998999999999,56,0,1681.0,,3,0,2,0,0.0
40795,0,0.184911574,36,0,74.0,,5,0,0,0,0.0
40796,0,0.273931616,61,0,0.734053189,5000.0,14,0,1,0,0.0
40797,0,0.029850746,32,1,0.55910337,6200.0,4,5,1,2,2.0
40798,0,0.982493339,56,1,0.692901014,7000.0,16,0,3,1,0.0
40799,0,0.005792904000000001,78,0,0.000616067,8115.0,7,0,0,0,0.0
40801,0,0.029727523999999998,78,0,0.06432942,6046.0,4,0,0,0,0.0
40802,1,0.8535057429999999,67,3,1.146778043,2513.0,7,3,1,0,1.0
40803,0,0.14068012400000002,57,0,2059.0,,8,0,1,0,0.0
40804,0,0.0,56,0,0.323181532,17500.0,9,0,6,0,1.0
40805,0,0.364787359,49,0,0.514588641,12166.0,6,0,4,0,0.0
40807,0,0.46774140799999997,58,0,0.667156719,3400.0,15,0,1,0,3.0
40808,0,0.9999998999999999,55,0,0.20044419800000002,1800.0,3,0,0,0,1.0
40809,0,0.021229379,71,0,1103.0,,8,0,0,0,0.0
40810,0,0.003192579,34,0,787.0,,6,0,0,0,0.0
40815,0,0.009593072,58,0,53.0,,6,0,0,0,0.0
40816,0,0.39994805899999997,30,0,0.255091474,5793.0,8,0,1,0,1.0
40818,0,0.21138497399999998,44,0,0.207924505,16000.0,6,0,1,0,2.0
40819,1,0.031492376,33,0,0.329800714,8680.0,14,0,2,0,1.0
40820,0,0.971617568,77,0,1763.0,,6,0,1,0,0.0
40821,0,0.014797041,61,0,0.411582213,2900.0,6,0,1,0,0.0
40822,0,0.449501824,37,0,0.532231853,7383.0,16,0,2,0,0.0
40824,0,0.282372031,68,0,1938.0,,12,0,2,0,0.0
40825,0,0.133138526,52,0,0.708731393,4500.0,6,0,2,0,1.0
40826,0,0.8918620009999999,57,0,0.49856000000000006,12499.0,12,0,3,0,2.0
40827,0,0.174159327,44,0,0.227477252,10000.0,7,0,1,0,2.0
40829,0,0.11492488699999999,48,0,3065.0,,5,0,1,0,2.0
40830,1,0.9999998999999999,28,0,36.0,,1,0,0,0,
40832,0,0.563816587,71,0,1547.0,,6,0,0,0,0.0
40833,0,0.275709721,61,0,1867.0,,16,0,1,0,1.0
40834,0,0.9590971859999999,38,0,0.421526158,3000.0,6,0,0,0,1.0
40835,0,0.208750976,43,0,0.196800533,6000.0,15,0,0,0,0.0
40836,0,0.29675699699999997,45,1,0.6400620579999999,5800.0,12,0,3,0,0.0
40838,0,0.019686642,58,0,0.07173133400000001,9200.0,9,0,1,0,1.0
40840,0,0.09805155800000001,71,0,1199.0,,8,0,0,0,0.0
40841,0,0.7599283090000001,37,0,0.22087585,4703.0,6,0,0,0,2.0
40842,0,0.100544384,65,0,27.0,,2,0,0,0,0.0
40843,0,0.046655474,59,0,0.165021514,3950.0,7,0,0,0,0.0
40844,0,1.002514142,44,0,0.44860097299999996,6575.0,9,0,2,0,5.0
40845,1,0.9020163309999999,43,1,687.0,,2,0,0,0,0.0
40846,0,0.028861191,59,0,0.524911557,6783.0,8,0,2,0,1.0
40847,0,0.012213571000000001,60,0,0.48939082799999994,1460.0,6,0,2,0,0.0
40848,0,0.008380976,44,0,0.339758477,12917.0,7,0,2,0,3.0
40851,0,0.046952401,72,0,0.13787024,2835.0,5,0,0,0,0.0
40854,0,0.0,47,0,0.0,7375.0,5,0,0,0,2.0
40855,0,0.006719399,88,0,0.002977456,2350.0,5,0,0,0,0.0
40856,0,0.9999998999999999,63,0,0.029389018,9050.0,0,0,0,0,2.0
40857,0,0.17876814600000002,42,0,0.551655868,5555.0,13,0,1,0,1.0
40858,0,0.0,66,0,0.116221621,8500.0,15,0,0,0,0.0
40859,0,0.278668119,61,0,0.445449406,3537.0,12,0,2,0,0.0
40862,0,0.041927888999999996,53,0,0.48990202,5000.0,9,0,2,0,3.0
40863,0,0.9999998999999999,23,98,0.0,3635.0,0,98,0,98,0.0
40864,0,0.49737557299999996,46,0,3374.0,,23,0,2,0,1.0
40866,0,0.019965486,50,0,0.42078220899999996,13039.0,7,0,1,0,1.0
40867,0,0.9999998999999999,63,0,0.90396287,2800.0,6,0,1,0,0.0
40870,0,0.017444576,48,0,0.298833436,11400.0,12,0,2,0,1.0
40871,0,0.730526598,38,1,0.260894065,5323.0,14,0,0,0,4.0
40873,0,0.0,64,0,1602.0,,16,0,2,0,1.0
40874,0,0.9999998999999999,67,0,0.45793419399999996,4801.0,2,0,1,0,0.0
40875,1,1.258637155,33,0,3.667732907,2500.0,12,0,7,0,0.0
40876,0,0.047125433,67,0,0.26960831,10492.0,5,0,2,0,0.0
40877,0,0.013824381,35,1,0.653669266,5000.0,13,0,2,0,0.0
40878,0,0.0,65,0,0.45769487,1500.0,6,0,1,0,0.0
40880,0,0.299980457,44,2,0.024808464,5481.0,5,0,0,0,3.0
40881,0,0.146733176,35,0,0.028918628,6500.0,5,0,0,0,3.0
40882,0,0.6790664609999999,69,0,0.364190981,7539.0,13,0,1,0,0.0
40883,0,0.20291553699999998,46,0,2988.0,,7,0,1,1,1.0
40887,0,0.714822814,40,0,0.327740093,2800.0,5,1,0,0,0.0
40888,0,1.321484307,26,0,0.211610207,6700.0,10,0,0,0,2.0
40889,0,0.7079967070000001,39,6,0.44670758899999996,3583.0,7,0,0,0,2.0
40890,0,0.023671336,46,0,0.117813995,12332.0,6,0,1,0,0.0
40891,0,0.119371104,40,0,0.651175708,5400.0,11,0,2,0,0.0
40892,0,0.017049148,60,1,5813.0,,11,0,2,0,1.0
40893,0,0.072611522,35,0,0.311857958,7884.0,9,0,2,0,1.0
40894,0,0.011478731,46,0,0.560426882,3466.0,14,0,2,0,0.0
40895,0,0.11583901199999999,49,1,2911.0,,12,0,2,0,0.0
40897,0,0.585622622,47,0,2.587664192,1750.0,8,0,2,0,2.0
40898,0,0.08113193,37,0,0.19384082100000002,7500.0,4,0,1,0,2.0
40900,1,0.009203857,79,0,0.046707612999999995,7000.0,9,0,0,0,1.0
40901,0,0.087086574,31,0,0.30871737899999996,1800.0,4,0,0,0,0.0
40903,0,0.047044159,50,0,0.368414306,7800.0,15,0,2,0,5.0
40904,0,0.017731527,50,0,0.278773707,3848.0,7,0,1,0,1.0
40905,0,0.7390706859999999,44,0,0.272359425,7166.0,15,0,0,0,1.0
40907,0,0.018925906,64,0,1305.0,1.0,6,0,1,0,0.0
40908,0,0.20045765399999999,66,0,0.567299752,4843.0,12,0,1,0,0.0
40911,0,0.119507863,65,0,0.240026054,6140.0,8,0,1,0,0.0
40912,0,0.9999998999999999,38,0,0.002806525,5700.0,1,1,0,0,0.0
40913,0,0.003210396,84,0,6.0,,5,0,0,0,0.0
40914,0,0.0,55,0,0.0,,6,0,0,0,0.0
40915,0,0.72170145,68,0,0.720426782,6466.0,20,0,1,0,0.0
40917,0,0.0,79,0,0.0,,4,0,0,0,0.0
40918,0,0.11980729,44,0,0.586015054,9166.0,6,0,2,0,1.0
40919,0,0.9999998999999999,25,0,0.072565716,2700.0,2,0,0,0,0.0
40922,0,0.6816318370000001,50,0,0.794051374,4437.0,5,0,1,0,0.0
40923,0,0.0339983,48,0,4273.0,,8,0,2,0,0.0
40926,0,0.660739414,54,2,5.379452568,5333.0,18,0,1,0,1.0
40927,0,0.020293833,57,0,0.13792590400000002,13441.0,12,0,2,0,0.0
40928,0,0.391524476,67,0,0.60940919,8225.0,14,0,2,0,0.0
40930,0,0.013144275,41,0,2528.0,,9,0,2,0,0.0
40931,0,0.141533018,62,1,0.20055988800000002,5000.0,12,0,1,1,0.0
40936,0,0.267023644,73,0,0.060379971,13000.0,6,0,0,0,0.0
40938,1,0.035598648,50,0,0.17007251199999998,3033.0,10,0,0,0,0.0
40941,0,0.727227277,48,0,0.53930544,13216.0,11,0,3,0,1.0
40942,0,0.063210313,61,0,0.43871225799999997,5000.0,13,0,1,0,0.0
40944,0,0.98940212,45,0,0.659367032,6666.0,9,0,2,0,0.0
40945,0,0.037026392000000005,54,0,0.016242318000000002,6833.0,8,0,0,0,1.0
40946,0,0.028045629,51,0,0.15669676400000002,10631.0,6,0,1,0,1.0
40947,0,0.13897183800000001,58,0,0.641936917,2250.0,17,0,1,0,0.0
40948,0,0.9999998999999999,70,0,0.0,,6,0,0,0,0.0
40952,0,0.17224272100000002,50,0,0.339196445,5400.0,11,0,2,0,3.0
40953,0,0.013944698,58,0,304.0,,12,0,0,0,0.0
40954,0,0.178149141,36,0,0.431472081,6500.0,11,0,2,0,3.0
40956,0,0.638636136,52,0,0.741254858,1800.0,3,0,1,0,2.0
40957,0,0.9999998999999999,27,2,0.13754498199999998,2500.0,4,0,0,0,0.0
40958,0,0.059592054000000005,56,0,0.189450095,5800.0,5,0,2,0,1.0
40960,0,0.095000066,42,0,0.433298862,2900.0,9,0,0,0,2.0
40961,0,0.025295359,73,0,0.13415628300000002,8586.0,12,0,2,0,0.0
40962,0,0.9844390759999999,69,1,0.29877177899999996,3500.0,10,0,0,0,0.0
40963,0,0.059995385,62,0,0.004258471,5400.0,2,0,0,0,0.0
40964,1,0.07681818900000001,49,1,0.4544406,2600.0,10,0,1,0,0.0
40965,0,0.06852647099999999,40,0,0.384783628,6400.0,9,0,2,0,1.0
40966,0,0.419800561,61,0,1.4130347859999999,2500.0,20,0,2,0,1.0
40967,1,0.8555326520000001,33,1,0.301674581,4000.0,10,0,0,0,3.0
40968,0,0.339080063,34,0,0.491884263,4250.0,5,0,2,0,0.0
40969,0,0.302567796,43,0,0.737950732,2800.0,10,0,2,0,2.0
40972,0,0.45782134,40,1,0.558250927,6471.0,14,0,2,0,3.0
40973,0,0.040420212999999997,69,0,0.169102296,4310.0,13,0,0,0,1.0
40975,0,0.714260318,55,0,0.43151171,5635.0,9,0,2,0,0.0
40976,0,0.174117745,41,0,0.43402514799999997,6600.0,14,0,1,0,1.0
40979,0,0.641613138,50,0,0.46104417700000005,1244.0,14,0,0,0,0.0
40980,0,0.595038509,35,0,0.512761838,5680.0,10,0,3,0,0.0
40981,0,0.9179400109999999,42,0,0.815960547,4460.0,4,0,2,0,3.0
40984,0,0.023655791000000002,89,0,0.018792483000000002,2500.0,4,0,0,0,0.0
40985,0,0.216730227,68,0,0.245625729,6000.0,21,0,2,0,0.0
40989,0,0.00649244,66,0,0.24187066100000001,8210.0,11,0,2,0,0.0
40990,0,0.022459811,39,0,0.42491305700000004,3162.0,3,0,1,0,1.0
40991,0,0.9999998999999999,29,1,0.407102642,2308.0,3,0,0,0,0.0
40992,0,0.211551042,31,0,0.211132438,4167.0,8,0,0,0,0.0
40993,0,0.308088458,40,1,5394.0,,9,0,2,0,0.0
40995,0,0.124867196,53,0,0.432227109,2500.0,5,0,1,0,0.0
40996,0,0.014202171999999999,75,0,16.0,,5,0,0,0,0.0
40999,0,0.229057399,27,0,0.220259913,3000.0,10,0,0,0,0.0
41000,0,0.31556148,36,0,0.359017076,2400.0,4,0,0,0,2.0
41001,0,0.067963574,53,0,0.528122656,12000.0,11,0,3,0,0.0
41002,0,0.0,53,0,0.0,,2,0,0,0,0.0
41004,0,0.04154673,39,0,0.544229515,4600.0,10,0,1,0,2.0
41005,0,0.009563366,85,0,0.117952819,2500.0,11,0,0,0,0.0
41006,0,0.012199512,50,0,1204.0,,9,0,2,0,2.0
41007,0,0.57691206,48,0,1.295855169,2098.0,15,0,1,0,1.0
41008,0,0.124596216,25,0,0.662606577,820.0,5,0,0,0,0.0
41009,0,0.8125960059999999,43,2,0.334195898,10433.0,7,0,2,0,2.0
41010,0,0.175893095,32,0,1.03070332,2800.0,9,0,2,0,0.0
41014,0,0.0,37,0,0.07764078599999999,3000.0,4,0,0,0,1.0
41016,0,0.716414179,53,0,0.376412024,5222.0,4,0,2,0,0.0
41017,0,0.0,44,1,0.0,6540.0,1,0,0,2,3.0
41019,1,0.077682834,61,0,0.684303351,1700.0,13,0,1,1,0.0
41020,0,0.050725897,58,0,0.18715524,10151.0,6,0,2,0,2.0
41021,0,0.39567326,48,0,0.121203356,6913.0,5,0,0,0,1.0
41022,1,0.496733479,33,1,0.32085229600000004,4833.0,7,0,2,0,1.0
41023,0,0.009413469,65,0,0.299326668,4900.0,10,0,1,0,0.0
41024,0,0.081463991,43,0,0.12186328199999999,13867.0,11,0,2,0,0.0
41025,0,1.10150963,62,1,0.342758703,8416.0,8,0,2,0,0.0
41027,0,0.0,57,0,0.190573932,12666.0,11,0,2,0,1.0
41028,0,0.0,81,0,0.0,8333.0,3,0,0,0,0.0
41029,0,0.35520548799999996,75,0,0.08896261300000001,42500.0,16,0,2,0,1.0
41030,0,0.000622213,68,0,0.054575359000000004,6687.0,5,0,0,0,0.0
41031,0,0.7469140059999999,42,0,0.831309813,7000.0,10,0,3,0,0.0
41033,0,0.07422886599999999,41,0,2.295881647,2500.0,16,0,7,0,0.0
41034,0,0.9999998999999999,59,0,0.0,,0,0,0,0,0.0
41035,0,0.707641196,37,4,0.334247515,5833.0,7,0,0,2,0.0
41036,0,0.027354454,74,0,0.029721697000000002,3700.0,6,0,0,1,1.0
41038,1,0.331446666,79,0,2334.0,,18,0,1,0,0.0
41040,0,0.00697337,76,0,0.003141062,3501.0,13,0,0,0,0.0
41042,0,2.237619264,54,0,0.156729739,2800.0,8,0,0,0,1.0
41045,0,0.004826585,83,0,0.005597761,2500.0,10,0,0,0,0.0
41048,0,0.9999998999999999,24,2,0.388170055,540.0,5,0,0,0,0.0
41050,0,0.7666047709999999,65,0,0.109391001,16600.0,7,0,1,0,0.0
41053,0,0.391104721,38,0,0.215837888,7500.0,9,0,1,0,4.0
41054,1,0.699255225,53,0,1135.0,,10,3,0,2,0.0
41055,0,0.0,48,0,0.236914601,7622.0,6,0,1,0,0.0
41056,1,0.155773719,43,0,0.9915966390000001,3450.0,20,0,1,0,2.0
41057,1,0.026791157000000003,60,0,272.0,,5,0,0,0,2.0
41058,0,0.071954385,53,1,2748.0,,5,0,1,0,0.0
41060,0,0.42485000799999995,50,0,0.36454515200000004,3000.0,4,0,1,0,0.0
41061,0,0.0,37,0,0.053278103,7000.0,5,0,0,0,0.0
41063,0,0.265515679,47,0,0.32440839899999996,9000.0,8,0,1,0,2.0
41064,0,0.516747678,55,0,4228.0,,10,0,1,0,0.0
41065,0,0.559052702,50,0,0.650123196,5681.0,11,0,2,0,2.0
41067,0,0.122967127,54,0,0.284355566,8200.0,15,0,2,0,1.0
41068,0,0.06838933,49,0,0.244917715,11362.0,14,0,1,0,2.0
41069,0,0.304594928,42,0,0.167505874,2978.0,5,0,0,0,3.0
41070,0,0.332244162,59,0,0.68928036,2667.0,12,0,1,0,0.0
41071,0,0.0,28,0,0.0,,1,0,0,0,
41073,0,0.9579320709999999,40,0,0.7551307509999999,12083.0,15,0,5,0,0.0
41074,0,0.36501197399999996,59,0,0.313261723,9681.0,20,0,1,0,0.0
41075,0,0.6132443439999999,33,0,0.622336227,2533.0,9,0,0,0,0.0
41076,0,0.7988879790000001,33,1,0.380952381,8000.0,22,0,2,0,0.0
41078,0,0.267622063,59,0,3793.0,,3,0,2,0,0.0
41079,0,0.011728408999999999,72,0,0.252266195,4522.0,11,0,2,0,0.0
41080,0,0.36556344399999996,48,0,0.207632061,6000.0,5,0,0,0,1.0
41082,0,0.843303293,81,0,1.2392380379999999,6666.0,18,0,2,0,1.0
41084,0,0.009612697,87,0,0.24095181,5000.0,5,0,0,0,0.0
41086,1,0.45467080299999996,30,0,0.052378664000000005,2080.0,6,3,0,0,0.0
41087,0,0.316938051,34,0,0.421629021,5843.0,19,0,2,0,0.0
41088,0,0.079293011,69,0,0.203197868,1500.0,2,0,0,0,0.0
41089,0,0.9999998999999999,47,0,0.10881519699999999,6000.0,7,0,0,1,0.0
41090,0,0.26379837,47,0,0.456323494,8333.0,13,0,2,0,2.0
41091,0,0.28134373100000004,34,0,1.68165596,1400.0,5,0,1,0,3.0
41092,0,0.10192376,56,0,0.476884631,2400.0,7,0,1,0,0.0
41094,0,0.018830239,56,0,0.079615048,8000.0,10,0,1,0,0.0
41095,0,0.18562714600000002,40,0,0.1636207,16250.0,5,0,3,0,0.0
41100,0,0.78135297,34,0,4338.0,,15,0,1,0,1.0
41101,0,0.016594649,61,0,0.15909489599999999,5700.0,11,0,2,0,0.0
41102,0,0.110928126,69,0,0.030277064,3500.0,2,0,0,0,0.0
41105,0,0.015445455,83,0,0.012851023,2100.0,6,0,0,0,0.0
41106,0,0.669442888,49,0,0.7779260640000001,7492.0,17,0,2,0,2.0
41107,0,1.0089985000000001,26,0,1.4310275890000002,2500.0,3,0,2,0,0.0
41108,1,0.9487852370000001,33,0,0.630826027,4333.0,10,0,1,0,0.0
41109,0,0.10906342699999999,54,0,0.376925155,3700.0,4,0,1,0,0.0
41110,0,0.049647518,37,0,0.511641194,7000.0,7,0,2,0,0.0
41111,0,0.043682862,45,0,0.31805307899999996,9532.0,14,0,2,0,1.0
41112,0,0.02156428,58,0,14.0,,1,0,0,0,0.0
41113,1,0.865168539,55,2,1.768526228,1200.0,9,0,1,0,0.0
41114,0,0.258369211,47,0,0.466095857,10160.0,19,0,1,0,2.0
41115,0,0.000571408,68,0,0.126449531,9916.0,4,0,2,0,1.0
41116,0,0.931150378,43,0,0.507257936,6268.0,10,0,1,0,0.0
41117,0,0.09123156699999999,57,0,6450.0,,18,0,4,0,1.0
41118,0,0.210528675,33,0,1.5492079980000002,3850.0,7,0,4,0,0.0
41119,0,0.151558008,49,0,0.274870059,8272.0,10,0,2,0,1.0
41120,0,0.026726487,73,0,0.01368061,3800.0,9,0,0,0,0.0
41121,0,0.004102512,74,1,2740.0,,12,0,1,0,0.0
41122,0,0.332266773,52,0,397.0,,7,0,0,0,0.0
41124,0,0.11259385699999999,58,0,2272.0,,16,0,1,0,0.0
41126,1,0.03036029,53,0,846.0,,11,0,1,0,0.0
41127,0,0.00859957,97,0,5.0,,3,0,0,0,
41128,0,0.0,50,0,0.0,6999.0,5,0,0,0,1.0
41130,0,0.713001062,35,0,0.173404394,15385.0,7,0,0,0,2.0
41131,0,0.595157712,61,0,0.542904749,3600.0,7,0,2,0,0.0
41132,0,0.037604274,59,1,0.114274831,10500.0,12,0,1,0,0.0
41133,0,3831.0,48,0,0.22877828100000003,11049.0,4,0,2,0,2.0
41134,1,0.573796369,36,0,0.322923173,1600.0,8,0,0,1,2.0
41137,0,8.47e-05,56,0,0.24148841899999998,7900.0,6,0,1,0,0.0
41138,0,0.02201156,48,0,0.227141829,8333.0,5,0,1,0,6.0
41140,0,0.0,59,0,1807.0,,2,0,1,0,0.0
41141,0,0.040165328,75,0,0.41645184,4266.0,9,0,3,0,0.0
41142,0,0.9999998999999999,48,0,1821.0,,4,0,1,0,0.0
41143,0,0.012474153,51,0,0.302096398,5580.0,10,0,1,0,0.0
41145,0,0.041350606,44,0,2037.0,,7,0,2,0,0.0
41146,0,0.842845715,41,0,0.520079987,6000.0,6,0,1,0,0.0
41147,0,0.000155035,59,0,0.49182222200000003,11249.0,16,0,3,0,2.0
41151,0,0.012182249,39,1,0.259710452,5663.0,11,0,2,0,2.0
41152,0,0.9999998999999999,41,1,0.040734823999999996,5007.0,2,0,0,0,0.0
41153,0,0.791034828,55,0,0.434669696,6160.0,9,0,2,0,1.0
41154,0,0.00029849900000000003,67,0,0.0,,7,0,0,0,0.0
41156,0,0.054382062,83,0,180.0,,7,0,0,0,0.0
41157,0,0.051498019000000006,74,0,0.00779844,5000.0,2,0,0,0,0.0
41158,0,0.65107816,50,0,0.183844011,14000.0,10,0,1,0,1.0
41159,0,0.918016397,56,1,1.373297003,1100.0,7,0,1,0,0.0
41162,0,0.197156083,71,0,0.819556996,1850.0,11,0,2,0,0.0
41163,0,0.9999998999999999,34,0,726.0,,3,0,0,0,0.0
41164,0,0.052570967999999996,44,1,2.344655345,1000.0,13,0,1,1,0.0
41166,0,0.28630317899999996,42,0,0.43530682,11113.0,10,2,2,0,1.0
41167,0,0.899319691,62,0,0.49660113899999997,10885.0,7,0,2,0,0.0
41168,0,0.7774612890000001,47,0,1.1222473179999999,7083.0,12,0,2,0,0.0
41169,0,0.016644087,48,0,0.306091215,3266.0,3,0,1,0,1.0
41170,0,0.18371237899999998,51,1,0.332133573,5000.0,9,0,2,1,0.0
41171,0,0.051900920999999996,77,0,0.019996001,5000.0,7,0,0,0,0.0
41172,0,0.049534268,72,0,0.16452837,11067.0,19,0,1,0,1.0
41173,0,0.6719698740000001,74,0,0.969503812,8000.0,14,0,2,0,0.0
41174,0,1.039481324,45,0,0.05974765,8083.0,2,0,0,0,0.0
41175,0,0.001764602,48,0,277.0,,3,0,0,0,
41176,0,0.005399892,79,0,0.507053828,7300.0,9,0,1,0,0.0
41177,0,0.5962082879999999,56,2,0.8950187470000001,5600.0,12,0,1,0,0.0
41179,0,0.105736783,70,0,0.49233209899999997,1890.0,6,0,1,0,2.0
41180,0,0.059198979000000006,39,0,32.0,,6,0,0,0,0.0
41181,0,0.022780832999999997,56,0,0.292891422,6667.0,7,0,2,0,0.0
41182,0,0.026050107000000003,58,0,95.0,,6,0,0,0,0.0
41184,0,0.08610237300000001,45,0,0.616501259,6750.0,9,0,4,0,0.0
41185,0,0.048801493,78,0,0.229554089,5000.0,6,0,1,0,0.0
41186,1,0.023351826000000003,53,0,5.0,,2,2,0,0,2.0
41188,0,0.368996252,54,2,0.473994478,13400.0,21,0,2,0,1.0
41189,0,0.0,33,0,0.16011998300000002,7000.0,6,0,1,0,0.0
41192,0,0.050476155999999994,31,0,0.098731574,5833.0,10,0,0,0,0.0
41193,0,0.010094597,72,1,0.237173993,8166.0,9,0,2,0,0.0
41194,1,0.591321334,42,1,0.389230319,6833.0,13,0,1,0,2.0
41195,0,0.050183719,58,0,1528.0,,8,0,1,0,0.0
41196,1,0.364390379,49,0,0.88968073,7015.0,10,0,6,0,0.0
41197,0,0.398717785,71,0,0.722515723,3974.0,14,0,1,0,0.0
41198,1,0.9999998999999999,47,1,620.0,,1,1,1,0,0.0
41199,0,0.296936245,31,0,1045.0,,7,0,1,0,0.0
41200,1,0.9999998999999999,38,0,0.8584283140000001,5000.0,6,0,1,0,3.0
41201,0,0.840855844,56,1,9564.0,,14,0,3,0,1.0
41202,0,0.9999998999999999,48,0,0.039588688999999996,5834.0,3,0,0,0,2.0
41204,0,0.194744797,43,0,0.300169862,4120.0,12,0,0,0,0.0
41206,0,0.9999998999999999,60,0,0.0,2712.0,1,0,0,0,0.0
41207,0,0.755756106,47,0,0.220772193,31416.0,11,0,3,0,1.0
41208,0,0.9999998999999999,32,0,0.946872322,3500.0,6,1,2,0,2.0
41209,0,0.10327587099999999,39,0,0.22450728399999997,3500.0,7,0,1,0,4.0
41210,1,0.577449623,35,1,0.47316072,6333.0,6,0,2,0,0.0
41211,0,0.186138318,50,0,3452.0,,14,0,3,0,0.0
41212,0,0.279773465,32,0,0.165833578,3400.0,10,0,0,0,0.0
41214,1,1.097587481,40,6,1135.0,,7,4,0,5,0.0
41215,0,0.058930477,33,0,0.004888346,9000.0,3,0,0,0,0.0
41217,0,0.029037051,78,0,0.00469953,10000.0,8,0,0,0,0.0
41219,0,0.044645172999999996,46,0,0.204909919,5050.0,12,0,2,0,2.0
41221,0,0.020266762,65,1,5293.0,,17,0,2,0,2.0
41222,0,0.005999931,47,0,0.283992501,11200.0,10,0,2,0,3.0
41224,0,0.600709069,46,0,0.44311137799999994,5000.0,4,0,1,0,3.0
41225,1,0.953967923,32,1,0.09139647699999999,3916.0,7,3,0,1,0.0
41226,0,0.008455844,79,0,0.001142748,10500.0,8,0,0,0,0.0
41228,0,0.05824636,79,0,0.004977876,5423.0,4,0,0,0,0.0
41230,0,0.074697913,56,0,0.5513359720000001,8083.0,14,0,4,0,2.0
41231,0,0.31578947399999996,26,0,0.125678378,3500.0,6,0,0,0,0.0
41233,0,0.062475777,78,0,24.0,,1,0,0,0,
41234,0,0.256380827,63,0,0.23585019999999998,8250.0,11,0,2,0,0.0
41235,0,0.13167959,34,0,0.187707641,601.0,6,0,0,0,1.0
41237,0,0.470562883,26,0,0.973856209,764.0,6,0,0,1,0.0
41238,0,0.45205834799999994,32,0,0.358453962,6700.0,12,0,0,0,2.0
41239,0,0.9999998999999999,72,0,0.0,1100.0,1,0,0,0,0.0
41240,0,0.0,77,0,0.070158805,4218.0,3,0,0,0,0.0
41241,0,0.28814924199999997,36,0,0.09190583699999999,3100.0,8,0,0,0,0.0
41242,0,0.307248852,33,0,0.184658105,2880.0,6,0,0,0,0.0
41243,0,0.202797203,25,0,0.017595308,340.0,1,0,0,1,0.0
41244,0,0.43249312100000004,57,0,0.381061894,10000.0,8,0,1,0,3.0
41245,0,0.046232575,39,0,0.35265886,5208.0,7,0,2,0,2.0
41247,0,0.004744371,57,0,0.286742651,5000.0,18,0,1,0,0.0
41248,0,0.171191244,45,0,0.42057242799999994,8000.0,10,0,2,0,3.0
41249,0,0.048757136,63,0,0.042527663,7500.0,6,0,0,0,0.0
41250,0,0.060477580999999996,72,0,384.0,,3,0,0,0,0.0
41251,0,0.08198633599999999,28,0,502.0,,7,0,0,0,0.0
41253,0,0.140241235,71,0,0.009570061,7000.0,8,0,0,0,0.0
41254,0,0.425586297,59,0,0.259790035,6000.0,11,0,1,0,0.0
41256,0,0.013681533999999999,65,0,0.20555962,4100.0,4,0,1,0,1.0
41261,0,0.082944327,52,0,0.069028992,2172.0,7,0,0,0,3.0
41262,0,0.596111551,63,0,0.260094129,4036.0,21,0,0,0,0.0
41263,0,0.439623599,47,0,0.422974271,9366.0,11,0,1,1,3.0
41265,0,0.017900152,31,0,0.203427308,16280.0,23,0,3,0,2.0
41266,0,0.239893338,54,0,2149.0,,5,0,1,0,0.0
41267,0,0.005709493,49,0,798.0,,7,0,1,0,
41269,0,0.008305311,59,0,2363.0,,17,0,1,0,0.0
41270,0,0.33231266600000003,62,0,0.271136506,11200.0,16,0,1,0,1.0
41271,0,0.0509983,40,0,0.15595704800000001,5866.0,3,0,1,0,2.0
41272,1,0.9999998999999999,32,0,0.156173743,2048.0,1,0,0,0,2.0
41273,0,0.113819045,78,0,0.105671965,5535.0,15,0,0,0,0.0
41274,0,0.320059362,61,0,0.500116252,4300.0,9,0,1,0,0.0
41275,0,0.12249647599999999,61,0,0.295286247,19580.0,17,0,3,0,0.0
41276,0,0.011138925,73,0,0.195375963,4800.0,7,0,2,0,0.0
41277,1,0.782811459,50,2,0.607763485,4430.0,13,1,1,0,0.0
41279,0,0.037765253,74,0,0.004127868,10416.0,3,0,0,0,0.0
41284,0,0.11085397599999999,52,0,0.061992251,8000.0,4,0,0,0,1.0
41285,0,0.441343163,49,0,0.23611752,6500.0,19,0,0,0,1.0
41287,1,0.784245702,60,0,0.617184084,4573.0,10,0,1,0,0.0
41288,0,0.9999998999999999,52,1,0.160593357,3100.0,1,1,0,0,2.0
41289,0,0.015873848,84,0,0.011662779,3000.0,11,0,0,0,1.0
41290,0,0.057060942,51,0,970.0,,7,0,1,0,0.0
41291,0,1.119576085,49,2,0.196979232,4766.0,7,0,0,0,2.0
41292,0,0.99690881,56,1,2.642271546,5000.0,13,0,1,0,1.0
41293,0,0.421852341,41,1,0.48789158,4500.0,6,0,1,0,3.0
41294,0,0.600126115,29,0,0.232245681,2083.0,4,0,0,0,0.0
41295,0,0.22019521600000003,55,0,0.5087592989999999,8333.0,13,0,1,0,0.0
41296,0,0.014232858999999999,57,0,1775.0,,7,0,1,0,0.0
41297,0,0.889055472,25,1,0.19152339100000002,2500.0,5,0,0,0,0.0
41298,0,0.9960185159999999,42,0,0.86525974,1847.0,7,0,0,0,2.0
41300,0,0.058462515,41,0,1248.0,,9,0,1,0,
41301,0,0.162865762,47,0,0.484416189,6448.0,27,0,2,0,1.0
41302,0,0.9999998999999999,68,0,0.305441963,3178.0,3,0,0,0,0.0
41303,0,0.903246595,62,1,0.322031533,21500.0,18,0,2,0,0.0
41304,0,0.006286331,48,1,11622.0,,19,0,5,0,2.0
41305,0,0.116168109,60,0,0.093791179,12900.0,6,0,1,0,2.0
41306,0,0.9213231470000001,56,0,0.270670583,16000.0,6,0,2,0,0.0
41308,0,0.0,61,0,0.0,2500.0,5,0,0,0,0.0
41309,0,0.06659788,53,0,0.45053113899999997,4800.0,9,0,1,0,0.0
41310,0,0.391022452,54,0,0.610115095,9035.0,10,0,3,0,5.0
41311,0,0.008347584,65,0,0.143809365,6000.0,7,0,1,0,0.0
41312,0,0.024637305,53,0,1.0183926429999999,2500.0,12,0,3,0,0.0
41314,0,0.543464478,43,0,0.577284543,5000.0,8,0,1,0,0.0
41316,0,0.082697243,77,0,85.0,0.0,6,0,0,0,1.0
41317,0,0.261818788,66,0,0.051824695999999996,6000.0,3,0,0,0,0.0
41318,0,0.051912685,46,0,1.7136027809999999,2300.0,9,0,4,0,0.0
41319,0,0.005046770999999999,58,0,0.382040383,11291.0,17,0,2,0,0.0
41320,0,0.8782435129999999,34,1,0.017568919,7000.0,2,3,0,0,2.0
41321,0,0.108142697,26,0,0.003166139,6000.0,4,0,0,0,0.0
41322,0,0.723600948,69,0,0.37804878,5083.0,13,0,0,0,0.0
41324,0,1.152748037,22,3,0.200532978,1500.0,7,0,0,0,0.0
41325,0,0.947443588,30,0,0.131364799,4300.0,2,0,0,0,1.0
41326,0,0.728734966,44,0,0.046068138,4666.0,3,0,0,0,0.0
41327,0,0.5024999,53,0,0.49236323200000004,3600.0,6,0,1,0,2.0
41328,0,0.474193855,45,0,0.37451394299999996,9000.0,10,0,1,0,3.0
41330,0,0.027941207000000003,69,0,0.237028099,5800.0,14,0,1,0,0.0
41333,0,0.038664459,60,0,0.07743547,1200.0,7,0,0,0,0.0
41334,0,0.013863739,81,0,0.016928658,4134.0,7,0,0,0,0.0
41336,0,0.9224429129999999,36,0,0.12798031099999999,6500.0,8,0,0,0,3.0
41339,0,0.0052901680000000005,45,0,0.157141953,15800.0,19,0,2,0,2.0
41340,0,0.02527043,72,0,8.0,,6,0,0,0,0.0
41343,0,0.004626548,74,0,1080.0,,10,0,1,0,0.0
41345,0,0.9999998999999999,54,0,0.674586033,4166.0,7,0,2,0,2.0
41346,0,0.9999998999999999,22,0,0.0,0.0,0,0,0,0,0.0
41347,0,0.219478719,82,0,2927.0,,8,0,2,0,0.0
41348,0,0.138630765,63,0,0.45961555,11600.0,7,0,1,0,1.0
41350,1,0.8335783590000001,52,0,0.083824821,7968.0,6,0,0,0,1.0
41351,0,0.0,46,0,1.220243674,3200.0,8,0,3,0,2.0
41352,0,0.36943152799999995,68,0,0.7527386540000001,1916.0,5,0,1,0,0.0
41354,0,0.070018343,61,0,0.21912006899999997,12750.0,6,0,1,0,0.0
41359,0,0.48919254700000003,48,0,0.38708903299999997,4166.0,8,0,1,0,1.0
41360,0,0.023192136000000002,48,1,0.082734676,62500.0,15,0,2,1,3.0
41361,1,0.426635585,72,0,0.867687726,4700.0,14,0,2,1,0.0
41362,0,0.414708635,43,0,3086.0,,6,0,3,0,0.0
41364,0,0.057549891,61,0,0.26910343,7550.0,9,0,1,0,0.0
41365,0,0.042988970999999994,55,0,39.0,,4,0,0,0,0.0
41366,0,0.56071964,60,2,0.33921136399999996,4082.0,3,2,1,2,0.0
41367,0,0.727250689,54,0,3747.0,,8,0,2,0,2.0
41369,0,0.45748856299999996,62,0,0.411049079,12000.0,14,0,1,0,2.0
41370,0,0.0,52,0,2958.0,,8,0,2,0,0.0
41371,0,0.662303427,43,1,0.48557555,3500.0,7,0,0,0,2.0
41372,1,0.8022328870000001,55,1,1678.0,,12,0,0,0,0.0
41373,0,0.9999998999999999,30,0,0.041828198,4900.0,1,0,0,0,2.0
41374,0,0.9999998999999999,26,0,0.0,2000.0,0,1,0,0,0.0
41375,0,0.137045419,27,0,2661.0,,9,0,1,0,0.0
41376,0,0.146411953,75,0,1.272794663,1348.0,6,0,1,0,0.0
41377,0,0.115094245,65,0,0.009198773,7500.0,3,0,1,0,1.0
41379,0,0.07813846599999999,53,0,0.329869295,9333.0,8,0,1,0,2.0
41381,0,0.011542937,54,1,0.13830452,4800.0,12,0,1,0,3.0
41382,0,0.07082828,74,0,620.0,,6,0,1,0,0.0
41386,0,0.99995007,38,0,2702.0,,7,0,2,0,2.0
41387,0,0.007707106,83,1,828.0,,9,0,1,0,0.0
41388,0,0.9999998999999999,50,0,0.000914181,8750.0,1,0,0,0,3.0
41390,0,0.661135708,46,0,0.564065159,4112.0,8,0,2,0,1.0
41392,0,0.212032832,67,0,0.306862203,3613.0,13,0,1,0,0.0
41393,0,0.010752688,39,0,7.0,,5,0,0,0,0.0
41394,0,0.6839052090000001,32,0,0.077475789,3200.0,8,0,0,0,0.0
41395,0,0.0,46,0,0.159195596,8900.0,6,0,1,0,0.0
41396,0,0.908094884,63,0,256.0,,1,0,0,0,0.0
41397,0,0.939232808,59,0,1.729255169,3530.0,24,0,3,0,1.0
41398,0,0.049323917,50,0,0.49487628100000003,4000.0,11,1,2,0,0.0
41399,0,0.001799949,41,0,659.0,,3,0,0,0,1.0
41401,0,0.9999998999999999,48,0,0.59311788,4300.0,6,0,2,0,1.0
41403,0,0.29213400300000003,62,0,0.306169965,11166.0,11,0,1,0,1.0
41404,0,1.000666223,39,0,1911.0,,5,0,2,0,0.0
41405,0,0.0,62,0,0.355728854,5000.0,6,0,1,0,1.0
41406,0,0.032721814,74,0,1017.0,,7,0,1,0,1.0
41407,0,0.265117038,54,0,0.33670253200000005,9200.0,14,0,3,0,1.0
41408,0,0.09454527300000001,75,0,0.706798569,4750.0,5,0,1,0,0.0
41411,0,0.023339771000000002,45,0,2516.0,,8,0,1,0,2.0
41413,0,0.509943661,49,0,0.40473172799999996,7100.0,15,0,0,0,0.0
41414,0,0.0506083,62,0,0.003063725,9791.0,5,0,0,0,0.0
41415,0,0.9999998999999999,52,1,1721.0,,5,3,0,0,0.0
41416,0,0.0028499529999999997,69,0,0.002271695,2200.0,4,0,0,1,1.0
41419,0,0.004373346,45,0,10.0,,13,0,0,0,0.0
41421,1,0.463443376,42,0,1321.0,,17,0,0,0,0.0
41424,0,0.0,69,0,0.529149978,4493.0,8,0,1,0,0.0
41425,0,0.0,50,0,0.125850891,12339.0,5,0,2,0,1.0
41428,0,0.047206656,54,0,3672.0,,4,0,1,0,2.0
41429,0,0.073751404,44,0,1342.0,,6,0,0,0,0.0
41430,0,0.019068757,39,0,0.481903619,5000.0,12,0,1,0,1.0
41435,0,0.008422753,33,0,0.170414793,2000.0,6,0,0,0,0.0
41436,0,0.9999998999999999,54,0,0.049945457,12833.0,3,1,1,0,1.0
41438,0,0.889250427,36,0,0.241347485,6500.0,6,0,0,0,1.0
41441,0,0.540876275,58,0,0.7654748170000001,2600.0,12,0,1,0,0.0
41442,0,0.922164215,37,0,0.42034097600000003,1700.0,7,0,0,0,0.0
41443,0,0.9568086379999999,55,0,0.29605415,13000.0,13,0,2,0,1.0
41444,0,0.080140448,50,0,0.23397537100000002,9500.0,12,0,1,0,2.0
41445,0,0.40944650299999996,64,0,0.723877917,2784.0,8,0,1,0,0.0
41446,0,0.0,37,0,0.0,6166.0,17,0,0,0,0.0
41447,0,0.05300399,45,1,0.38681868700000005,7191.0,14,0,3,0,2.0
41448,0,0.5545742379999999,38,0,0.13712326800000002,7000.0,4,0,0,0,0.0
41450,1,0.743005977,56,0,0.724282227,8602.0,16,0,2,0,0.0
41452,0,0.0,86,0,0.00762987,6159.0,5,0,0,0,0.0
41454,0,0.149837261,71,0,5644.0,,8,0,3,0,0.0
41455,0,0.512027405,53,0,0.573828187,6250.0,8,0,2,0,2.0
41456,0,0.865758755,42,3,0.616890023,4700.0,8,2,1,0,4.0
41458,0,0.23356575699999998,53,3,0.534116584,6638.0,11,0,2,1,2.0
41461,0,0.001178258,52,2,0.25408437,4100.0,7,0,1,1,0.0
41462,0,0.529231855,36,0,134.0,,2,0,0,0,0.0
41463,0,0.297749239,43,0,0.266897747,1153.0,6,0,0,0,0.0
41464,0,0.026429925,62,0,0.35602310200000004,7271.0,17,0,3,0,0.0
41466,0,0.182529407,47,0,0.323519609,9000.0,5,0,1,0,3.0
41467,0,0.0,60,0,0.267967634,2100.0,13,0,1,0,1.0
41470,0,1.069572171,45,0,0.019954271000000003,4810.0,2,0,0,0,1.0
41471,0,0.025031752,51,0,0.130561555,9259.0,8,0,1,0,2.0
41472,0,0.00112156,54,0,0.605776861,6300.0,15,0,2,0,1.0
41473,0,0.014772044,87,0,0.007993441,4878.0,12,0,0,0,0.0
41474,0,0.545298706,53,0,0.476269775,1200.0,8,0,0,0,0.0
41475,0,0.025625872,49,0,31.0,,4,0,1,0,
41476,0,0.0,27,0,0.24652970600000002,1800.0,3,0,0,0,3.0
41478,1,0.8688097309999999,31,4,0.27951115600000004,10800.0,10,0,2,0,0.0
41479,0,0.9999998999999999,58,1,0.083127165,2020.0,2,2,0,0,0.0
41480,0,0.711031802,48,1,0.545771241,10333.0,17,0,2,0,3.0
41481,0,0.145122372,26,0,810.0,,5,0,0,0,0.0
41483,0,0.029751813999999998,81,0,0.319148936,140.0,8,0,0,0,0.0
41484,0,0.00600448,69,0,1811.0,,6,0,1,0,0.0
41485,0,0.033377008,66,0,154.0,,2,0,0,0,0.0
41487,0,0.824154396,56,0,0.260789868,6000.0,2,0,0,0,0.0
41488,0,0.10250099800000001,65,0,2596.0,,19,0,2,0,0.0
41489,0,0.268578067,57,0,781.0,,4,0,1,0,0.0
41490,0,0.40107605799999996,58,0,2660.0,,5,0,1,0,0.0
41492,1,0.6536081810000001,51,0,1490.0,,6,0,0,0,0.0
41494,0,0.049202055999999994,68,0,0.27562073,6000.0,18,0,3,0,0.0
41496,0,0.06563039700000001,74,0,21.0,,2,0,0,0,
41498,0,0.0,68,0,0.207654956,7001.0,5,0,1,0,1.0
41499,0,0.028418437999999997,30,0,0.09871668300000001,7090.0,4,0,0,0,0.0
41502,0,1.011046918,38,0,0.25881104,4709.0,6,0,0,0,1.0
41505,0,0.40138156700000005,24,0,0.7137637029999999,820.0,5,0,0,0,0.0
41506,0,0.126958261,46,0,102.0,,2,0,0,0,0.0
41507,0,0.9999998999999999,57,1,0.0,9833.0,0,1,0,0,0.0
41509,0,0.121575685,61,0,0.131328841,5786.0,3,0,1,0,0.0
41510,0,0.017349918,75,0,30.0,0.0,3,0,0,0,0.0
41511,0,0.049665010999999995,56,0,1606.0,,5,0,1,0,2.0
41514,0,0.006166324,29,0,692.0,0.0,8,0,0,0,0.0
41515,0,0.75124975,46,0,188.0,,1,0,0,2,0.0
41516,0,0.023124639,68,0,1167.0,,10,0,0,0,0.0
41517,0,0.953251948,28,0,0.32634243399999996,5530.0,8,0,0,0,2.0
41519,0,0.9999998999999999,54,0,0.0,,2,0,0,0,
41521,0,0.06734831599999999,74,0,0.12381269800000001,6000.0,14,0,0,0,1.0
41522,0,0.246659259,55,1,0.45010242899999997,6833.0,11,0,1,0,0.0
41527,0,0.10419982900000001,43,3,0.405445729,2680.0,6,0,1,1,3.0
41530,0,0.703476895,61,0,0.43696734200000004,14666.0,13,0,2,0,0.0
41533,0,0.059471777999999996,63,0,0.198583333,11999.0,7,0,1,0,1.0
41534,0,0.008259561,55,0,0.34501992,5019.0,15,0,2,0,0.0
41535,0,0.0,48,1,907.0,,6,0,2,0,0.0
41536,0,0.06910538,45,0,0.463907219,5000.0,12,0,3,0,2.0
41537,0,0.048594526,67,0,0.11437733800000001,13096.0,12,0,2,0,1.0
41538,0,0.13814039,36,0,4.767116442,2000.0,16,0,8,0,2.0
41539,0,0.09955656,33,0,1825.0,,4,0,1,0,0.0
41540,0,0.0,36,0,0.063936879,7350.0,5,0,1,0,2.0
41541,0,0.044538577999999995,79,0,0.15094017099999998,11699.0,15,0,1,0,0.0
41542,0,0.017406575,72,0,0.028437725,11111.0,9,0,0,0,1.0
41543,0,0.664544767,71,0,0.42081771100000004,5600.0,11,0,2,0,0.0
41546,0,0.38247238100000003,50,0,0.413948256,8000.0,8,0,2,0,1.0
41547,0,0.534543064,63,0,0.232685631,16416.0,11,0,3,0,0.0
41548,0,0.485003488,57,1,0.017033883,5400.0,4,0,0,0,2.0
41550,0,0.09205507,48,0,0.167470015,8920.0,13,0,1,0,1.0
41552,0,0.9999998999999999,59,1,0.008999,9000.0,2,3,0,0,1.0
41553,0,0.130397392,40,0,0.687057435,5083.0,9,0,1,0,0.0
41554,0,0.315929448,40,0,0.586691659,3200.0,14,1,1,0,3.0
41555,0,0.48921942399999996,76,0,0.388200714,4762.0,9,0,2,0,0.0
41556,0,0.314064562,50,0,0.350129974,5000.0,6,0,1,0,1.0
41558,0,0.515146168,42,0,2348.0,,7,0,2,0,0.0
41559,0,0.47500172399999996,47,0,0.15705401800000002,8200.0,3,0,0,0,2.0
41560,0,0.603579881,45,0,0.8569841709999999,3600.0,8,0,2,0,0.0
41563,0,0.018943863999999998,79,0,0.006869633000000001,6404.0,8,0,0,0,0.0
41565,0,0.00041999199999999995,77,0,0.0,8333.0,5,0,0,0,0.0
41566,0,0.142175356,42,0,0.686475979,3600.0,5,0,2,0,3.0
41567,0,0.000218743,90,0,0.0,10500.0,6,0,0,0,0.0
41569,0,0.11442154,51,0,1528.0,,4,0,2,0,0.0
41570,0,0.0,22,0,0.0,2800.0,2,0,0,0,0.0
41571,0,0.300879799,50,0,0.348769899,7600.0,15,0,2,0,0.0
41575,0,0.9999998999999999,49,0,2903.0,,2,0,1,0,0.0
41577,0,0.003227036,68,0,0.002726653,4400.0,16,0,0,0,0.0
41579,0,0.975614476,39,1,0.678552134,1850.0,4,0,0,0,3.0
41580,0,0.357545956,39,0,0.295052474,3334.0,10,0,0,0,1.0
41583,0,0.451502853,52,1,1.255179935,1833.0,7,0,1,1,3.0
41584,0,0.149783423,51,1,0.632306154,11000.0,33,0,5,0,1.0
41585,0,0.650264654,32,1,0.13249819300000001,4150.0,4,0,0,0,0.0
41586,0,0.014474638,46,0,0.134007424,7812.0,6,0,1,0,4.0
41587,0,0.0,29,0,0.06508206,5300.0,3,0,0,0,0.0
41588,0,0.066482834,51,0,65.0,,4,0,0,0,0.0
41589,0,0.9999998999999999,47,0,0.304326768,6193.0,1,0,1,0,2.0
41591,0,0.132956425,48,0,0.630987182,4446.0,7,0,1,0,2.0
41592,0,0.06241941,74,0,0.309925397,12331.0,7,0,3,0,0.0
41593,0,0.8164761070000001,39,0,0.40721888,8643.0,9,0,2,0,3.0
41594,0,0.030681121000000002,55,0,1404.0,,6,0,1,0,0.0
41598,0,0.843419789,49,0,0.131376518,4939.0,4,0,0,1,2.0
41600,0,0.031368097000000005,55,0,0.278368513,6300.0,18,0,1,0,0.0
41602,1,0.108178364,36,0,0.662162162,9397.0,10,0,2,0,1.0
41603,0,1.006044627,53,0,0.399334443,1201.0,8,0,0,1,0.0
41604,0,0.0928365,37,0,0.269141531,6033.0,8,0,1,0,0.0
41606,0,0.005062184,41,0,1095.0,,3,0,1,0,
41608,0,0.9999998999999999,51,1,0.266717518,7865.0,9,0,2,0,0.0
41610,1,1.054011572,38,2,1.732909974,2676.0,12,0,2,2,0.0
41612,0,0.081447141,46,0,0.34242093799999995,2750.0,5,0,1,0,0.0
41615,0,0.11982087699999999,54,0,0.9574541679999999,2890.0,4,0,1,0,0.0
41616,0,0.0,39,0,0.30419199,6416.0,7,0,2,0,0.0
41617,0,0.023532407999999998,50,0,0.600721421,3603.0,11,0,1,0,0.0
41619,0,0.006065774,37,0,0.257092863,8000.0,6,0,1,0,3.0
41620,0,0.9999998999999999,54,0,607.0,,3,0,0,0,0.0
41621,0,0.326533673,55,0,0.138832104,11250.0,5,0,2,0,0.0
41623,0,0.230331932,46,0,0.457726581,4600.0,8,0,2,1,1.0
41624,0,0.374003473,46,0,0.8416959820000001,5400.0,10,0,1,0,2.0
41625,0,0.393323586,71,0,0.445729537,4495.0,13,0,0,0,0.0
41626,0,0.0,55,0,0.0,,2,0,0,0,0.0
41627,0,0.08719027,52,0,0.366043325,5400.0,10,0,2,0,0.0
41628,1,0.89276808,74,0,0.144305307,1676.0,1,0,0,0,0.0
41629,0,0.155814319,48,0,0.291185135,4412.0,17,0,1,0,0.0
41631,0,0.118845933,28,1,0.048410861,4750.0,6,0,0,0,0.0
41632,0,0.02785837,60,0,0.006691278,4333.0,2,0,0,0,0.0
41633,0,0.572680069,53,0,0.332507228,9683.0,11,0,1,0,0.0
41636,0,0.9999998999999999,54,0,0.009634611999999999,5500.0,2,0,0,0,0.0
41638,0,0.0,73,0,0.0,3627.0,2,0,0,0,0.0
41639,0,0.223856682,84,0,0.101633656,6916.0,10,0,0,0,0.0
41643,0,0.892411333,30,0,0.299297183,17500.0,11,0,2,0,2.0
41645,1,0.604386116,38,1,0.321712381,3900.0,4,1,1,0,2.0
41646,0,0.014931336000000002,72,0,0.004145304,9166.0,4,0,0,0,0.0
41647,1,1.03169683,39,1,0.419037824,8750.0,8,0,2,0,3.0
41648,0,0.60374506,76,0,0.317821658,7950.0,13,0,2,0,1.0
41649,0,0.555995251,35,6,0.23430627699999998,2500.0,5,2,0,0,1.0
41650,0,0.064804717,38,0,0.6454193229999999,8000.0,11,0,3,0,2.0
41651,0,0.11056414099999999,70,0,0.189819724,6600.0,10,0,1,0,0.0
41652,0,0.0,76,0,0.071053934,10104.0,7,0,1,0,0.0
41653,0,0.042867783,52,0,1698.0,,12,0,2,0,0.0
41656,0,0.173204671,46,2,0.332594235,2254.0,8,0,2,0,1.0
41657,0,0.438481445,40,0,0.45648855,4584.0,7,0,1,0,3.0
41659,0,0.040728051,53,0,0.175675676,4513.0,10,0,0,0,0.0
41660,0,0.9999998999999999,63,0,0.315698573,11000.0,5,0,2,0,2.0
41662,0,0.857344522,38,0,0.455432264,8200.0,8,1,2,0,4.0
41665,0,0.036872695,40,0,1648.0,,4,0,1,0,0.0
41666,1,0.001986987,77,0,0.208261499,14500.0,10,0,1,0,0.0
41668,0,0.160645738,42,0,0.316336317,6255.0,15,0,2,0,2.0
41669,1,0.44803982600000003,39,0,0.225995518,5800.0,13,0,1,1,0.0
41670,0,0.565622918,54,2,1008.0,,9,0,0,0,0.0
41671,0,0.08775399199999999,58,0,0.05038609,18000.0,14,0,1,0,2.0
41672,0,0.048756098,37,0,0.007383479,6500.0,4,0,0,0,0.0
41673,1,0.0160809,59,0,0.103226728,7003.0,21,0,0,3,0.0
41675,0,0.351543712,56,0,0.509310919,13800.0,26,0,3,0,0.0
41676,0,0.222878935,47,0,0.425574743,9438.0,15,0,3,0,1.0
41678,0,0.0,55,0,0.0,6900.0,2,0,0,0,0.0
41679,0,0.9999998999999999,40,3,0.34824345,15000.0,8,0,3,0,2.0
41681,1,0.9487451159999999,41,1,0.9273347959999999,4100.0,13,1,1,2,2.0
41682,0,0.009256309,81,0,0.006283919000000001,3500.0,7,0,0,0,0.0
41683,0,0.020842675,53,0,0.32052483600000004,3200.0,7,0,1,0,0.0
41684,0,0.039968178,72,0,0.29344042800000003,3734.0,7,0,0,0,0.0
41686,0,0.294331405,46,0,0.517337383,3950.0,11,0,0,0,3.0
41687,0,0.022839346,54,0,0.68143952,3000.0,6,0,1,0,0.0
41688,0,0.065672717,64,1,473.0,,7,0,0,0,2.0
41690,0,0.566995037,43,0,0.49958368,1200.0,6,0,0,0,1.0
41691,0,0.0028162120000000002,51,0,3143.0,,8,0,1,0,0.0
41692,0,0.255018813,27,0,0.10116159400000001,6800.0,7,0,0,0,0.0
41693,0,0.9999998999999999,34,0,1.7358916480000002,3100.0,6,0,4,0,0.0
41695,0,0.18376054100000003,38,0,0.17187748,6300.0,7,0,0,0,2.0
41696,0,0.20587941199999998,78,0,0.010427081999999999,7000.0,3,0,0,0,0.0
41697,0,0.015370989,37,0,4218.0,,7,0,2,0,0.0
41700,0,0.9999998999999999,55,1,0.167373751,7306.0,3,1,0,0,1.0
41702,0,0.0,46,0,0.489404238,2500.0,3,2,0,0,0.0
41703,0,0.659565805,66,0,0.63363697,4500.0,6,0,0,0,0.0
41704,1,0.402410463,53,2,0.362909273,4000.0,15,0,2,1,0.0
41705,0,0.972149523,54,4,0.359870849,10839.0,12,3,1,1,2.0
41706,0,0.209462919,34,0,0.379436655,7916.0,14,0,2,0,2.0
41707,0,0.9999998999999999,63,0,0.499656593,2911.0,7,0,0,0,1.0
41708,0,0.746946607,58,1,0.29263318899999996,7845.0,8,0,0,0,0.0
41710,0,0.104038031,31,0,0.055194805,3695.0,6,0,0,0,0.0
41712,0,0.24279393,67,0,0.240697093,14000.0,7,0,2,0,0.0
41713,0,0.359202119,60,0,209.0,,4,0,0,0,0.0
41714,0,3050.0,49,0,0.558573571,6000.0,6,0,2,1,2.0
41715,0,0.173471088,50,1,0.299952008,6250.0,8,0,1,0,2.0
41716,0,0.181799383,64,2,0.115668674,8800.0,16,0,2,1,1.0
41719,1,0.109103029,28,2,0.08759819099999999,4200.0,7,0,0,1,0.0
41721,0,0.7402023,57,0,0.448728203,6250.0,8,0,2,0,0.0
41722,0,0.012476915,42,0,0.139965009,4000.0,3,0,0,0,4.0
41723,0,0.233754608,51,0,0.306336708,8000.0,11,0,2,0,2.0
41724,0,0.06269568,46,0,0.35756525299999997,9807.0,21,0,3,0,0.0
41725,0,0.0052940140000000005,54,0,0.436071018,7828.0,6,0,1,0,0.0
41726,1,0.977228647,53,3,0.291444154,8800.0,6,3,1,1,3.0
41728,0,0.470078294,51,0,3941.0,,6,0,1,0,0.0
41729,0,0.13636931800000002,51,0,2423.0,,5,0,1,0,0.0
41730,0,0.045093865,70,0,0.013993003,2000.0,5,0,0,0,0.0
41731,0,0.0,25,0,0.0,2500.0,2,0,0,0,0.0
41733,0,0.318197352,65,0,0.383578815,3190.0,5,0,1,0,0.0
41736,0,0.21948542899999998,66,0,0.005142367,10500.0,7,0,0,0,0.0
41737,0,0.21024210100000001,62,0,384.0,,10,0,0,0,0.0
41738,1,0.763075292,46,4,0.152880207,15050.0,10,0,0,1,3.0
41739,0,0.000432425,54,0,686.0,,9,0,1,0,0.0
41740,0,0.0,70,0,922.0,,4,0,1,0,0.0
41742,0,0.384630035,28,1,551.5,1.0,4,0,1,0,0.0
41743,0,0.721948432,33,0,0.500648028,5400.0,8,0,0,0,0.0
41744,0,0.9999998999999999,26,0,345.0,0.0,5,0,0,0,0.0
41746,0,0.0,35,0,0.5814373420000001,8306.0,4,0,3,0,2.0
41747,0,0.048699189000000004,62,0,0.015315933,150300.0,6,0,1,0,0.0
41749,0,0.622688401,46,0,0.152507799,8333.0,13,0,0,0,0.0
41750,0,0.877890264,55,0,0.379231263,10900.0,5,0,2,0,2.0
41751,0,0.0,39,0,414.0,,3,0,0,0,
41752,0,0.064354889,40,0,1264.0,,3,0,1,0,0.0
41753,0,0.435720355,53,1,0.28296462899999997,8000.0,8,0,1,0,2.0
41754,0,0.972149322,39,1,0.374754817,8666.0,14,2,2,0,1.0
41756,0,0.090982794,25,0,30.0,0.0,5,0,0,0,0.0
41760,0,0.350468375,47,0,0.24871569100000002,13625.0,15,0,1,0,1.0
41762,0,3.18e-05,42,0,0.284886248,6900.0,9,0,1,0,5.0
41763,0,0.029542013,77,0,30.0,,5,0,0,0,
41764,0,0.9999998999999999,26,0,0.24715057,1666.0,3,0,0,0,0.0
41765,0,0.851561053,40,0,0.453493825,6396.0,8,0,2,0,0.0
41767,0,0.439525209,35,0,0.610837438,7916.0,15,0,1,0,1.0
41768,0,0.310076658,47,3,0.29061823,6000.0,10,0,1,0,0.0
41770,0,0.05559722,81,0,33.0,,2,0,0,0,
41771,0,0.138540605,34,0,0.16280177099999998,21000.0,11,0,3,0,0.0
41772,0,0.899784163,57,0,0.717939578,11220.0,9,0,2,0,0.0
41774,0,0.297953645,78,0,0.304828112,10500.0,13,0,1,0,0.0
41775,0,0.017199471,67,0,0.43256743299999995,1000.0,7,0,1,0,0.0
41776,0,0.015899178,51,1,0.43652919100000004,5600.0,12,0,1,0,2.0
41777,0,0.346169946,39,0,0.464875059,4241.0,6,0,1,0,1.0
41778,0,0.827052558,36,0,0.220602527,4115.0,8,0,0,0,2.0
41780,0,0.09310959,45,0,0.332111315,6000.0,5,0,1,0,5.0
41782,0,0.025434672000000002,48,0,0.21218819100000003,9500.0,3,0,1,0,1.0
41784,0,0.0,26,0,0.209264527,2460.0,3,1,0,0,0.0
41786,0,0.446527701,70,0,698.0,,6,0,1,0,0.0
41788,0,0.0,63,0,128.0,,4,0,0,0,0.0
41789,0,0.466619065,41,0,4706.0,,6,0,2,0,0.0
41792,0,0.845820525,44,0,0.227446625,8102.0,4,0,0,0,1.0
41793,0,0.078544397,72,0,0.007971200999999999,11666.0,5,0,0,0,0.0
41794,0,0.520958084,25,0,0.205517793,2500.0,3,0,0,0,0.0
41795,0,0.08460101,57,0,0.214973804,5916.0,10,0,1,0,1.0
41797,0,0.000441155,85,0,0.08122449,2449.0,5,0,0,0,1.0
41799,0,0.018103358,26,0,0.090931018,4145.0,5,0,0,0,0.0
41800,0,0.064299133,67,0,31.0,,6,0,0,0,0.0
41801,0,0.932315958,39,0,0.46805568399999997,10846.0,9,0,2,0,1.0
41802,0,0.718785152,36,1,0.4381036,10250.0,12,0,2,0,2.0
41803,0,0.062730467,55,0,1327.0,,9,0,1,0,0.0
41804,0,0.08819412,54,0,39.0,,1,0,0,0,0.0
41805,0,0.068551075,49,0,0.46580406700000004,5950.0,17,0,2,0,2.0
41806,0,0.204240607,66,0,911.0,,11,0,0,0,0.0
41807,0,0.537239909,58,0,0.468185607,3598.0,6,0,2,0,1.0
41808,0,0.012947725,53,0,0.30743509,5083.0,11,0,2,0,2.0
41809,0,0.786220687,40,0,0.46753560200000005,8285.0,7,0,2,0,2.0
41812,0,0.126879711,43,0,1.2560926079999999,4923.0,16,0,5,0,0.0
41813,0,0.586226267,29,0,0.5888108910000001,4700.0,9,0,2,0,1.0
41814,0,0.34652813299999996,60,0,0.8485378659999999,4000.0,14,0,1,0,0.0
41815,0,0.467647131,27,0,0.29149078,4500.0,8,0,0,0,1.0
41816,0,0.9999998999999999,32,0,0.0,8833.0,0,0,0,0,0.0
41817,0,0.177378376,55,0,514.0,,13,0,0,0,
41819,0,0.09573280099999999,57,0,0.35135942600000003,6693.0,13,0,1,0,0.0
41821,1,0.9999998999999999,24,0,449.0,,1,1,0,0,0.0
41822,0,0.288447442,47,3,0.547426781,8296.0,13,0,3,0,0.0
41825,1,0.96031922,36,3,0.418759019,3464.0,5,1,0,0,3.0
41826,0,0.434674615,58,0,0.512279018,12500.0,28,0,2,0,3.0
41827,0,0.753324668,33,0,0.339441899,2400.0,6,0,1,0,1.0
41828,0,1.049611568,44,0,0.589675828,5675.0,8,0,1,2,0.0
41830,0,0.100713119,51,0,0.219898342,12000.0,7,0,2,0,2.0
41831,0,0.01803507,56,0,0.29443447,4455.0,4,0,1,0,0.0
41833,1,0.724120083,55,1,2178.0,,10,2,1,2,0.0
41834,0,0.007039437,72,0,0.24177579,3130.0,8,0,0,1,0.0
41835,0,0.989672695,31,0,0.33041739600000003,4000.0,13,0,0,1,0.0
41836,0,0.30414717,33,0,0.34521926700000005,6954.0,9,0,2,0,2.0
41837,0,0.085090536,61,1,0.367058011,17375.0,15,0,2,0,1.0
41838,0,0.376854105,67,0,0.251483911,3200.0,4,0,1,0,1.0
41839,0,0.845689318,43,0,0.13689675099999998,5200.0,4,0,0,0,3.0
41841,0,0.268685177,34,0,0.330834583,2000.0,7,0,0,0,0.0
41842,0,0.34063318299999995,34,0,42.0,,1,0,0,0,0.0
41843,0,0.0,73,0,536.0,0.0,2,0,0,0,1.0
41844,0,0.042408367,32,0,0.15,5619.0,10,0,0,0,0.0
41845,0,0.672875098,60,0,1.962115233,2533.0,17,0,4,0,0.0
41848,0,0.065079014,54,0,0.474917763,9727.0,6,0,3,0,0.0
41849,0,0.29985625899999996,44,1,0.253666066,11660.0,6,0,2,0,3.0
41850,0,0.034677125,76,0,0.030763315,5200.0,15,0,0,0,0.0
41852,0,0.018375646000000002,59,0,0.008951528,10500.0,16,0,0,0,0.0
41854,0,0.972592406,59,0,0.39217864700000005,9000.0,8,0,1,0,3.0
41855,1,0.36380681200000003,29,1,0.42614346399999997,4000.0,10,0,0,1,0.0
41857,0,0.619645917,63,1,0.16671170000000002,3700.0,3,1,0,0,0.0
41858,0,0.098173749,59,0,0.149318019,9750.0,9,0,1,0,0.0
41860,0,0.182280936,39,0,0.203597356,9228.0,5,0,2,0,0.0
41861,0,0.03223095,72,0,0.00319968,10000.0,4,0,0,0,1.0
41862,0,0.7830989190000001,50,0,0.439373526,5937.0,10,2,1,0,1.0
41863,0,0.075795213,43,0,0.016040371,11096.0,5,0,0,0,2.0
41865,0,0.43550467299999995,49,0,0.651623787,2370.0,10,0,0,0,3.0
41866,0,0.003241268,72,0,1129.0,,7,0,1,0,0.0
41867,1,0.591754993,48,1,0.511306832,4200.0,12,0,2,1,1.0
41868,0,0.018731631000000002,46,0,3099.0,,9,0,2,0,0.0
41869,0,0.9999998999999999,34,98,0.0,,0,98,0,98,0.0
41870,1,0.303299633,42,0,0.42699289700000004,3800.0,8,1,1,0,1.0
41871,0,0.09302962,40,0,0.306836645,8000.0,8,0,1,0,2.0
41873,0,0.007386195999999999,35,0,0.281045752,10250.0,12,0,2,0,2.0
41874,0,0.073701511,34,0,0.33427762,6000.0,12,0,1,0,1.0
41876,0,0.02659283,76,0,0.19497214699999998,7000.0,18,0,1,0,0.0
41877,0,0.737052589,35,1,0.046700942999999995,2333.0,3,0,0,0,0.0
41878,0,0.042102533,57,0,0.268582136,1600.0,5,0,0,0,0.0
41880,0,0.077993033,55,0,0.314210724,8000.0,6,0,2,0,2.0
41881,0,0.06616028,48,0,0.66222328,4200.0,20,0,2,1,2.0
41882,0,0.610721891,60,0,0.157710572,4000.0,8,0,0,0,0.0
41883,0,0.07301545,73,0,0.025994801,5000.0,3,0,0,0,0.0
41884,0,0.185831451,58,0,0.535548627,13150.0,24,0,4,0,2.0
41885,0,0.08793621800000001,39,0,1459.0,,12,0,0,0,2.0
41886,0,0.0,39,1,462.0,,7,2,0,1,0.0
41888,0,0.046177012,50,0,0.197600229,10500.0,15,0,2,0,0.0
41890,0,0.869817037,65,0,0.569454225,11359.0,18,0,1,0,1.0
41891,0,0.019692873,43,0,1068.0,,8,0,0,0,0.0
41893,0,0.779895294,49,0,0.5869781310000001,8047.0,14,0,1,0,0.0
41894,0,0.78141043,44,1,0.163231927,3056.0,2,0,0,0,1.0
41895,0,0.00498871,73,0,0.16945763600000002,4000.0,14,0,1,0,0.0
41898,0,0.10640932,64,0,0.242328875,3812.0,16,0,1,0,0.0
41899,0,0.05339822,47,0,0.241739318,9290.0,8,0,2,0,0.0
41902,0,0.246438926,36,0,0.441376027,8400.0,12,0,4,0,2.0
41903,0,0.009357173,40,0,0.547626474,16030.0,19,0,6,0,1.0
41905,0,0.625145681,38,0,2922.0,,7,0,1,0,2.0
41907,0,0.399422865,62,0,0.485177866,7083.0,13,0,1,0,1.0
41909,0,0.049387974,70,0,0.23413729100000003,5389.0,5,0,1,0,1.0
41910,0,0.022837972999999998,78,0,37.0,,5,0,0,0,0.0
41912,0,0.08425031,49,0,0.036902381,5500.0,10,0,0,0,5.0
41913,0,0.060414693,33,0,0.143792038,5500.0,10,0,0,0,0.0
41915,0,0.0,46,0,0.34223682299999997,7000.0,12,0,1,0,3.0
41916,0,0.7647919609999999,41,0,0.37351890200000004,5316.0,4,0,1,0,3.0
41917,0,0.17843664899999997,38,0,0.210478952,10000.0,6,0,3,0,2.0
41920,0,0.437616523,56,0,0.420407782,10691.0,14,0,2,0,2.0
41921,0,0.144340891,48,1,2.182348043,1200.0,10,0,1,0,2.0
41922,0,0.312149269,41,0,0.53231912,14000.0,13,0,2,0,1.0
41923,0,0.032257486,33,0,0.363179916,5974.0,16,0,1,0,0.0
41924,0,0.882238035,41,1,0.299967127,6083.0,6,0,1,1,0.0
41925,0,0.967092405,48,0,0.27808846,5900.0,5,0,0,0,3.0
41926,0,0.025064996000000003,40,0,1351.0,,6,0,1,0,2.0
41927,0,0.010349074,62,0,108.0,,12,0,0,0,0.0
41928,1,0.641476446,39,1,0.623857956,5800.0,11,0,1,0,0.0
41929,1,0.9999998999999999,40,2,0.434666667,1499.0,2,1,0,0,1.0
41931,0,0.02756749,33,1,0.838053982,3000.0,4,0,1,0,1.0
41932,0,0.120147523,65,0,1996.5,1.0,15,0,4,0,0.0
41934,0,0.020130916999999998,64,0,544.0,,8,0,0,0,0.0
41935,0,0.16435476,52,0,0.610851809,3427.0,7,0,2,0,1.0
41936,1,0.9331442320000001,58,0,0.638429376,5500.0,10,1,1,0,0.0
41938,0,0.090556784,39,0,0.40723570600000003,11000.0,7,0,2,0,3.0
41940,0,0.9090909090000001,52,3,0.696371086,6833.0,12,0,2,0,2.0
41941,0,0.584406248,43,0,0.33792205399999997,10750.0,10,0,1,0,2.0
41943,0,0.10395459900000001,29,0,0.004658385,7083.0,2,0,0,0,0.0
41946,0,0.539384455,32,0,0.14871651800000002,3583.0,8,6,0,1,0.0
41947,0,0.012430758,62,0,0.233576642,11233.0,22,0,1,0,1.0
41949,0,0.51229972,56,1,1.1555145359999999,6500.0,20,0,4,0,0.0
41952,0,0.585467916,50,0,0.478137075,9833.0,12,0,2,0,2.0
41953,0,0.0,45,0,2250.0,,8,0,2,0,0.0
41954,0,0.09222813199999999,43,0,0.47170024899999996,8833.0,11,0,3,0,0.0
41957,0,0.0,75,0,0.0,,2,0,0,0,
41959,0,0.000928674,45,0,0.000422119,2368.0,5,0,0,0,0.0
41960,0,0.892349009,56,0,1116.0,,7,0,0,0,0.0
41961,0,0.0007825410000000001,37,0,0.323032176,5500.0,9,0,2,0,0.0
41962,1,0.786220687,35,1,0.37436318799999996,6084.0,11,1,1,1,3.0
41964,0,0.009737863000000001,46,0,2163.0,0.0,9,0,2,0,0.0
41965,0,0.18805302899999998,48,0,0.23534117300000001,12500.0,18,0,1,0,2.0
41966,0,0.048066607000000004,32,0,0.298713235,5439.0,12,0,1,0,1.0
41968,0,0.005045872,63,0,0.006313131,791.0,6,0,0,0,0.0
41969,0,0.039760011,65,0,0.00312989,7667.0,7,0,0,0,0.0
41970,0,0.04999901,72,0,0.19997647300000002,8500.0,7,0,2,0,0.0
41971,0,0.034232289,41,0,275.0,,12,0,0,0,0.0
41973,0,0.29722828,53,0,0.236157271,15946.0,9,0,2,0,1.0
41976,0,0.051713191,59,0,446.0,,10,0,0,0,1.0
41978,0,0.0,42,0,0.060381769,7700.0,6,0,0,0,4.0
41979,0,0.0,73,0,0.251902701,6700.0,7,0,1,0,0.0
41980,1,0.9999998999999999,55,0,0.132851696,4982.0,1,1,0,0,0.0
41982,0,0.09567950199999999,55,1,1.213261649,1115.0,8,0,1,0,0.0
41986,0,0.00079984,52,0,10.6119403,200.0,5,0,2,0,7.0
41987,0,0.229096363,34,0,0.054800575,9050.0,3,0,0,0,3.0
41989,0,0.14352911699999998,57,0,0.17325367600000002,2175.0,13,0,0,0,0.0
41991,0,0.8696596670000001,48,0,0.8846030220000001,3110.0,6,0,1,0,3.0
41992,0,0.09024589999999999,56,0,0.10377830199999999,14000.0,11,0,1,0,3.0
41994,0,0.642890603,49,0,0.516849555,15400.0,8,0,2,0,2.0
41996,0,0.334139279,49,1,0.39278383899999997,9256.0,18,0,1,0,0.0
41997,0,0.064390894,76,0,100.0,,5,0,0,0,1.0
41999,0,0.567134889,44,0,0.197518097,2900.0,4,0,0,0,0.0
42001,0,0.26298962800000003,40,0,0.17239436600000002,12424.0,10,0,0,0,1.0
42002,0,0.445413865,59,0,0.551288795,1900.0,5,0,0,0,0.0
42003,0,0.589136954,35,0,0.200076511,5227.0,6,0,1,0,0.0
42004,0,0.9999998999999999,24,0,0.17063797100000003,1300.0,3,0,0,0,0.0
42005,0,0.081127925,39,0,0.474682025,8333.0,5,0,3,0,2.0
42008,0,0.004484794,47,1,0.34165527799999995,30000.0,8,0,4,0,4.0
42010,0,0.061560801,62,0,0.367118915,7517.0,11,0,2,0,0.0
42012,0,0.057994957,28,0,0.646264626,2221.0,6,0,1,0,1.0
42013,0,0.22797388100000002,46,0,0.471531676,3740.0,12,0,1,0,0.0
42014,0,0.34339931100000004,63,0,0.7791315209999999,3200.0,12,0,1,0,0.0
42016,0,0.029773239,60,0,0.139343033,6666.0,10,0,2,0,1.0
42017,0,0.9999998999999999,39,0,0.11857817300000001,3600.0,1,0,0,0,1.0
42018,0,0.29256250899999997,56,0,2417.0,0.0,12,0,0,0,2.0
42019,0,0.036397572999999996,56,0,1.304836895,2666.0,3,0,1,0,0.0
42020,0,0.014051583000000001,52,0,0.374418204,5800.0,9,0,4,0,0.0
42021,0,0.11299405300000001,36,0,0.7129148340000001,2500.0,7,0,1,0,3.0
42023,0,0.025430726,42,0,0.004999375,8000.0,8,0,0,0,0.0
42025,0,0.097324585,63,4,0.40733145299999995,3900.0,17,0,1,0,1.0
42026,0,0.260402258,47,0,0.47303271399999997,7916.0,6,0,1,0,0.0
42027,0,0.509936183,38,0,0.801389327,3166.0,7,0,2,0,1.0
42028,0,0.36806944399999997,67,0,3492.0,,9,0,2,0,0.0
42029,0,0.9999998999999999,62,0,25.0,,2,0,0,0,0.0
42030,0,0.138075884,49,1,0.7635254770000001,5082.0,18,0,2,0,2.0
42031,0,0.022388578,79,0,0.008758568000000001,5251.0,9,0,0,0,0.0
42032,0,0.175248985,38,0,0.055797970999999995,18333.0,6,0,0,0,0.0
42033,0,0.041825287999999995,52,0,0.152401747,2289.0,5,0,0,0,0.0
42035,0,1.039488672,31,0,0.386522695,5000.0,5,0,2,0,0.0
42036,0,0.692734948,29,0,0.19021886,3700.0,5,0,0,0,0.0
42037,0,0.237660381,68,0,0.196700825,4000.0,9,0,1,0,0.0
42038,0,0.000876385,54,0,9.15e-05,10933.0,4,0,0,0,1.0
42039,0,0.0,39,0,0.35597359100000003,11056.0,7,0,2,0,2.0
42040,0,0.040709787000000004,37,0,0.3557263,9630.0,17,0,2,0,3.0
42041,0,0.0,88,0,0.0,,1,0,0,0,0.0
42042,0,0.24652915,60,0,318.0,,3,0,0,0,0.0
42043,0,0.020151006000000003,74,0,23.0,,4,0,0,0,
42044,0,0.0,80,0,0.289883268,3083.0,6,0,1,0,0.0
42045,0,0.0,34,0,1005.0,,8,0,1,0,0.0
42048,0,0.016507656000000002,67,0,0.221561531,3867.0,11,0,1,0,0.0
42050,0,0.054683719000000006,48,0,0.217062582,20500.0,8,0,1,0,3.0
42051,1,0.9785567470000001,42,0,0.214506453,5500.0,7,0,0,0,3.0
42052,0,0.044760129,38,0,0.012905749,2556.0,3,0,0,0,0.0
42053,0,0.0026208620000000003,48,0,0.275520699,23333.0,8,0,2,0,3.0
42057,0,0.42112025,49,0,0.556510459,6166.0,9,0,2,0,0.0
42058,0,0.057995563,45,0,0.17411526800000002,14834.0,20,0,2,0,2.0
42059,0,0.5827362110000001,39,1,0.517233857,4583.0,12,0,1,1,1.0
42060,0,0.9999998999999999,40,0,2873.0,,5,0,2,0,0.0
42061,0,0.191907772,53,0,0.34849608600000004,12134.0,12,0,1,0,2.0
42062,0,0.012564671000000001,60,0,0.51995667,12000.0,6,0,4,0,1.0
42063,0,0.021698047,29,0,4439.0,,6,0,3,0,0.0
42064,0,0.046192885,38,0,0.324478649,12083.0,8,0,1,0,0.0
42065,0,0.0,71,0,0.14602346800000002,2300.0,3,0,0,0,0.0
42066,0,0.09964974,62,0,0.237569823,14500.0,10,0,1,0,2.0
42067,0,0.6759291759999999,40,2,0.755692085,8300.0,17,0,1,0,3.0
42069,0,0.287526944,62,0,1062.0,1.0,9,0,2,0,0.0
42070,0,0.9999998999999999,39,0,0.40181309200000004,7500.0,4,0,2,0,0.0
42071,0,0.6429145829999999,45,0,0.069082535,8250.0,10,0,0,0,2.0
42073,0,0.9999998999999999,31,0,0.463768116,2000.0,5,0,0,0,1.0
42074,0,0.369844089,36,0,0.733706517,2500.0,11,0,2,0,0.0
42075,0,0.8365817090000001,50,1,0.74748924,2090.0,6,0,1,2,0.0
42076,0,0.602365666,68,0,4291.0,,11,0,1,0,0.0
42077,0,0.025474142,35,0,0.014968656,160000.0,21,0,1,0,2.0
42078,0,0.10257875400000001,44,0,0.264255212,3980.0,13,0,1,0,0.0
42079,1,0.9999998999999999,51,0,0.29336921899999996,4086.0,7,2,0,0,0.0
42082,0,0.558117775,52,0,0.261602452,4567.0,10,0,0,0,0.0
42085,1,0.9464874329999999,66,5,0.698974359,7799.0,20,0,2,0,2.0
42086,0,0.061509663,67,0,0.428081703,7000.0,6,0,1,0,0.0
42087,0,0.370587777,63,0,0.696776418,5800.0,10,0,2,0,1.0
42088,0,0.69433066,52,0,0.36343230299999996,9800.0,11,0,1,0,0.0
42091,0,0.9999998999999999,28,0,0.379666402,1258.0,4,0,0,1,0.0
42093,0,0.515014697,44,0,0.799561083,4100.0,6,0,1,0,3.0
42094,0,0.030713554,47,2,0.60340643,23484.0,19,0,9,0,2.0
42097,0,0.037479097,52,0,0.23111056300000002,8112.0,12,0,1,0,2.0
42098,0,0.008315939,60,1,28.0,,16,0,0,0,0.0
42100,0,0.031431898,62,0,30.0,,4,0,0,0,0.0
42101,0,0.060327335,63,0,0.103057905,7684.0,10,0,1,0,0.0
42102,0,0.9999998999999999,24,1,0.12005551699999999,1440.0,2,0,0,0,0.0
42103,1,0.9999998999999999,54,2,5001.0,,7,3,2,3,0.0
42104,0,0.048811482999999996,49,0,0.454463154,5522.0,3,0,1,0,2.0
42105,0,0.015749606,67,0,0.20381174600000002,5141.0,6,0,1,0,1.0
42106,0,0.04919877,85,0,0.009075527,6500.0,3,0,0,0,0.0
42109,0,0.635134595,38,0,9164.0,,5,0,3,0,0.0
42111,0,0.17006310100000002,39,0,873.0,,8,0,0,0,4.0
42113,0,0.9999998999999999,31,3,0.301395543,4800.0,6,0,0,0,2.0
42114,0,0.006380649,60,0,0.001212121,3299.0,2,0,0,0,0.0
42115,0,0.0,52,0,0.290598291,6200.0,4,0,2,0,0.0
42116,0,0.005256591,59,0,0.269033433,12083.0,13,0,1,0,0.0
42118,0,0.009838685,51,0,0.20598006600000002,8427.0,17,0,1,0,0.0
42119,0,0.123630225,42,0,0.494712555,5200.0,11,0,2,0,3.0
42120,0,0.023026814,35,0,0.000666556,6000.0,4,0,0,0,0.0
42121,0,0.574407298,44,0,0.7951953409999999,4120.0,13,0,1,0,2.0
42122,1,0.0,59,0,1293.0,,2,0,1,0,
42123,0,0.818814495,40,1,0.21250595100000003,6300.0,6,0,0,0,2.0
42124,1,0.943201515,66,1,7181.0,,17,0,2,2,0.0
42125,0,1.302788845,47,1,0.087564974,2500.0,3,1,0,0,1.0
42129,0,0.265036748,33,0,0.094374833,3750.0,6,0,0,0,0.0
42130,0,0.412198475,24,0,0.241594996,2557.0,4,0,0,0,0.0
42131,0,0.313294778,51,0,0.301515733,10423.0,13,0,2,0,0.0
42132,0,0.0,33,0,0.139715071,4000.0,3,0,0,0,0.0
42133,1,0.602389348,29,1,0.538120731,5416.0,12,0,2,0,2.0
42134,0,0.043006837,67,0,2206.0,,13,0,1,0,0.0
42136,0,0.052634470999999995,64,0,40.0,,4,0,0,0,0.0
42137,0,0.9689829459999999,40,0,0.807846845,4230.0,9,0,1,0,1.0
42138,0,0.036490092,64,0,0.325173986,8333.0,12,0,1,0,1.0
42139,1,0.944111776,47,1,0.160528935,7032.0,3,1,1,1,2.0
42140,0,0.076230575,84,0,82.0,,2,0,0,0,0.0
42141,0,0.8766157459999999,42,0,0.011660189,1800.0,2,0,0,0,0.0
42142,0,0.0,63,0,1646.0,0.0,4,0,1,0,0.0
42143,0,0.090979967,39,0,0.506749518,14000.0,8,0,5,0,1.0
42144,0,0.9999998999999999,41,0,0.48557555,3500.0,4,0,2,0,1.0
42145,0,0.06997587,64,0,0.558800922,1300.0,5,0,0,0,0.0
42146,0,0.025103728,47,0,0.43497031799999997,3705.0,9,0,1,0,4.0
42147,0,0.073406665,62,0,107.0,,3,0,0,0,0.0
42149,0,0.7662741609999999,35,1,0.148450491,6614.0,8,0,0,0,0.0
42150,0,0.516082551,69,0,0.567858035,4000.0,17,0,0,0,0.0
42151,0,0.9999998999999999,46,0,0.00091832,19600.0,0,2,0,0,2.0
42154,0,0.011204368999999999,71,0,23.0,,8,0,0,0,0.0
42157,0,0.9999998999999999,69,0,0.18893438699999998,10500.0,12,0,1,0,0.0
42159,0,0.9999998999999999,57,2,0.523066711,3012.0,2,0,1,0,0.0
42160,0,0.0,54,0,0.008904375,5165.0,5,0,0,0,0.0
42162,0,0.055676222000000004,35,0,0.08312536,5208.0,13,0,0,0,2.0
42166,0,0.099401004,58,0,3592.0,,14,0,1,0,9.0
42168,0,0.012238197,33,0,0.6301232920000001,3000.0,7,0,1,0,0.0
42169,0,0.320926615,43,0,1.1332166959999999,4000.0,9,0,3,0,0.0
42170,0,0.006516795,81,0,1118.0,,16,0,2,0,0.0
42174,0,0.01124707,82,0,0.003938041,3808.0,2,0,0,0,0.0
42175,1,0.9999998999999999,27,0,0.279125567,3750.0,4,1,0,0,0.0
42176,0,0.473586469,45,0,0.098980204,5000.0,6,0,0,0,0.0
42178,0,0.0,56,0,0.259521402,8900.0,2,0,1,0,0.0
42180,0,0.0064998090000000005,54,0,1421.0,,3,0,1,0,0.0
42181,0,0.9999998999999999,41,0,0.0,692.0,0,0,0,0,0.0
42183,0,0.000778455,74,0,0.510146645,6750.0,14,0,3,0,0.0
42184,0,0.9999998999999999,36,0,487.0,,1,0,0,0,0.0
42185,0,0.434585502,49,0,0.685100548,4375.0,19,0,2,0,2.0
42187,1,0.812318607,66,1,1.92453426,3166.0,14,1,2,1,0.0
42188,0,0.312569849,46,0,0.162449235,3200.0,11,0,0,0,1.0
42189,0,0.013095929,51,0,356.0,,3,0,0,0,0.0
42190,0,0.0,34,0,0.775690358,4417.0,12,0,4,0,0.0
42192,0,0.008253289,62,0,0.270623742,4969.0,4,0,1,0,1.0
42195,0,0.036393938,68,0,1.306553911,945.0,10,0,2,0,0.0
42196,0,0.024955625,49,0,0.7638090479999999,4000.0,12,0,2,0,1.0
42198,0,0.165404942,47,0,0.517827391,3000.0,8,0,1,0,3.0
42199,1,0.146471656,75,3,0.225887056,2000.0,7,3,0,0,0.0
42200,0,0.10340179,55,0,4344.0,,12,0,2,0,0.0
42202,1,1.006997667,52,2,0.175149014,4361.0,5,0,0,2,7.0
42204,0,0.017278968000000002,65,0,0.142558344,9083.0,6,0,1,0,2.0
42207,0,0.0,23,0,0.0,820.0,2,0,0,0,0.0
42208,0,0.012537022,82,0,634.0,,10,0,0,0,1.0
42209,0,0.000416655,57,0,0.36433890700000005,7116.0,6,0,2,0,0.0
42210,0,1.156146179,43,0,1321.0,,5,0,1,0,0.0
42211,0,0.0,73,0,0.0,1642.0,2,0,0,0,0.0
42212,0,0.62215114,33,0,0.026495584,6000.0,2,0,0,0,0.0
42213,0,0.508143734,50,1,0.536692661,5000.0,11,0,2,0,0.0
42214,0,0.725970369,33,1,0.278491859,3500.0,7,0,0,0,0.0
42215,0,0.245960972,51,0,0.166959321,6833.0,12,0,0,0,2.0
42217,0,0.101499674,39,0,0.175025853,7735.0,5,0,1,0,0.0
42218,0,0.485183863,50,1,0.06031746,2519.0,10,1,0,0,0.0
42219,0,0.0,56,0,1.0433530640000002,6250.0,9,0,3,0,2.0
42220,0,0.535191278,53,0,0.372557928,8803.0,3,0,2,0,2.0
42223,0,0.0,28,0,1906.0,,5,0,1,0,2.0
42224,0,0.018288499,60,0,0.625570333,10300.0,18,0,4,0,2.0
42227,1,0.11540755,41,0,0.321886144,7570.0,7,0,2,1,0.0
42228,0,0.6031798070000001,32,3,0.08397660800000001,4274.0,6,0,0,0,1.0
42229,0,0.784511972,47,0,0.4916182,5845.0,10,0,1,0,2.0
42230,0,0.050294317000000005,55,0,0.205518554,4203.0,9,0,0,0,0.0
42231,0,0.0,69,0,1496.0,0.0,10,0,2,0,0.0
42232,0,0.039128888,58,0,0.348278365,12400.0,7,0,2,0,1.0
42233,0,0.8753406309999999,68,2,0.140705999,8101.0,16,0,0,0,0.0
42234,0,0.171062753,38,0,0.483172276,3000.0,9,0,0,0,3.0
42235,0,1.0229942509999999,29,0,0.307466196,1700.0,2,0,0,0,1.0
42239,1,0.646202106,52,1,4621.0,,11,6,1,0,0.0
42240,0,0.01650336,59,0,0.36544751700000006,6725.0,10,0,2,0,1.0
42242,0,0.7835779979999999,51,0,0.7593871390000001,4633.0,15,0,2,0,2.0
42243,1,0.9999998999999999,40,1,2049.0,,7,0,1,0,
42244,0,0.000848433,33,0,274.0,,5,0,0,0,0.0
42245,0,0.9999998999999999,30,0,0.108254784,3500.0,1,0,0,1,0.0
42246,0,0.164413983,65,0,1187.0,,17,0,0,0,0.0
42247,0,0.14203046,64,0,0.142474558,5600.0,7,0,0,0,1.0
42248,0,0.490167135,55,0,1044.0,,8,0,1,0,0.0
42249,0,0.13814406699999998,69,0,0.23834694899999997,2080.0,3,0,1,0,0.0
42250,0,0.7166021220000001,47,1,2696.0,,12,0,2,0,1.0
42251,0,0.10263603800000001,65,0,0.359187442,3248.0,6,0,2,0,0.0
42252,0,0.16880144600000002,47,0,0.502882014,8500.0,12,0,2,0,0.0
42253,0,0.188520765,25,0,0.26832518899999996,2250.0,4,0,0,0,0.0
42255,0,0.032759972000000005,67,0,0.408150664,3238.0,13,0,1,0,1.0
42257,0,0.0,68,0,689.0,,6,0,0,0,
42261,0,0.157335454,75,1,0.419222904,4400.0,22,0,2,0,0.0
42263,0,0.409571701,44,0,0.13379073800000002,4080.0,7,0,0,0,1.0
42265,0,0.712225381,48,0,2840.0,,12,0,2,0,0.0
42266,0,0.9999998999999999,36,0,0.500313283,3191.0,8,0,2,0,0.0
42268,0,0.35577487399999996,67,0,0.460394199,2688.0,6,2,1,0,0.0
42269,0,0.985119926,68,0,0.618629767,8888.0,17,0,3,0,1.0
42270,0,0.883255089,54,0,3637.0,,16,0,0,0,1.0
42272,0,0.014604538,76,0,0.126291236,6001.0,11,0,1,0,0.0
42274,1,0.510970258,36,1,0.11024510300000001,9750.0,6,3,0,0,0.0
42275,0,0.0,53,0,829.0,,10,2,1,0,0.0
42276,0,0.254468191,56,0,0.064526485,6229.0,4,0,0,0,1.0
42277,0,0.0643403,72,0,0.38376441299999997,6417.0,9,0,2,0,0.0
42278,0,0.035579497,92,0,32.0,,7,0,0,0,0.0
42280,0,0.357975415,53,0,0.511407808,5916.0,7,0,2,0,0.0
42282,0,0.053758380999999994,44,0,0.08617313,7658.0,4,0,0,0,1.0
42283,0,1.127744511,31,1,0.273456295,2493.0,5,1,0,0,0.0
42285,0,0.9999998999999999,56,0,0.0,,0,0,0,0,1.0
42289,0,0.071480589,29,0,0.295299145,4679.0,5,0,1,0,0.0
42290,0,0.406345174,40,0,0.40211246700000003,6721.0,10,0,1,0,0.0
42292,0,0.32607488100000004,66,0,0.268505974,8118.0,7,0,2,0,0.0
42293,1,1.774542674,53,0,0.406259374,10000.0,13,0,3,0,4.0
42295,0,0.048052789000000005,67,0,0.010976275,14667.0,5,0,0,0,1.0
42296,0,0.17394536300000002,41,0,0.473815773,8000.0,8,0,2,0,2.0
42297,0,0.24431976,65,0,0.35842326700000005,10933.0,9,0,1,0,0.0
42299,0,0.032678423,39,0,977.0,,8,0,1,0,0.0
42300,1,0.068827347,30,2,0.41406510399999996,9000.0,6,0,2,0,0.0
42301,0,0.0,52,0,0.59161055,7127.0,4,0,2,0,1.0
42302,0,0.7444543029999999,54,0,0.58899593,19410.0,25,0,4,0,3.0
42304,0,0.010553208,65,0,0.549725137,2000.0,19,0,1,0,0.0
42305,0,0.11285368300000001,54,0,0.636049724,5791.0,12,0,2,0,0.0
42307,0,0.757467351,45,0,0.298720417,8830.0,11,0,1,0,0.0
42308,0,0.481458848,64,0,2261.0,,7,0,1,0,0.0
42311,0,0.041305645,80,0,0.07121981200000001,6500.0,4,0,0,0,0.0
42312,1,0.619557459,24,0,0.009024644,2880.0,1,0,0,0,0.0
42313,0,0.051442756,54,0,0.147387447,6085.0,6,0,0,0,0.0
42314,0,0.023799048,53,0,0.281781587,7700.0,3,0,1,0,2.0
42315,0,0.550178099,48,0,0.46556169399999997,5429.0,11,0,2,0,0.0
42317,0,0.9999998999999999,39,0,0.223462756,6000.0,3,0,0,0,1.0
42318,0,0.48238584799999995,39,0,0.380089374,12083.0,21,0,2,0,2.0
42319,0,0.9660752579999999,38,0,0.24831667,4900.0,7,0,0,0,1.0
42320,0,0.276023991,53,0,0.266690195,17000.0,10,0,2,0,2.0
42321,0,0.026081108999999998,76,0,0.083923706,3669.0,7,0,0,0,0.0
42323,0,0.10322864,52,1,19257.0,,18,0,3,0,
42324,0,0.012187077,70,0,10.0,,5,0,0,0,0.0
42325,0,0.150895824,41,0,0.394598436,7034.0,12,0,2,0,1.0
42327,0,0.543675016,32,0,0.079793617,8333.0,6,0,0,0,1.0
42328,0,0.003137937,55,0,0.656137545,2500.0,15,0,1,0,0.0
42329,0,0.023626906,56,0,1964.0,,11,0,1,0,2.0
42330,0,0.167462636,51,2,0.445156125,3746.0,14,1,2,1,0.0
42331,0,0.36866735799999995,55,0,0.548013681,3800.0,9,0,1,0,1.0
42332,0,0.138214363,63,0,0.130962067,25808.0,9,0,2,0,1.0
42333,0,0.08985160800000001,42,0,0.285428643,4000.0,7,0,1,0,0.0
42334,1,0.9999998999999999,41,1,0.212072435,2484.0,1,0,0,0,3.0
42335,0,0.518261098,59,0,0.370893729,13728.0,19,0,2,0,0.0
42337,0,0.43660789299999997,37,0,0.191292424,5833.0,10,0,0,0,1.0
42339,0,0.336975111,56,0,0.385871376,3000.0,9,0,1,0,0.0
42340,0,0.063855733,72,3,0.092517007,1469.0,14,0,0,0,0.0
42341,0,0.12861292300000002,48,0,0.300092638,18350.0,10,0,2,0,2.0
42342,1,0.9999998999999999,32,1,0.372937294,1211.0,3,0,0,0,1.0
42345,0,0.5357463000000001,61,1,0.361928508,75000.0,15,0,7,0,5.0
42348,0,0.316367015,50,0,0.522895421,5000.0,19,0,1,0,0.0
42349,0,0.35176011100000004,75,0,0.23525528199999998,9087.0,8,0,1,0,1.0
42351,0,0.574691905,40,2,0.304406649,10347.0,13,0,2,1,2.0
42352,0,0.191751141,62,0,0.45641623,5150.0,11,0,1,0,0.0
42354,0,0.244217928,55,0,0.25798053,8833.0,6,0,2,0,1.0
42355,0,0.66556817,47,0,0.417305023,19450.0,19,0,3,0,2.0
42356,0,0.050876513,59,0,0.19785189399999997,5306.0,5,0,1,0,0.0
42357,0,0.031022533999999997,53,0,0.308943089,6149.0,8,0,1,0,0.0
42358,0,0.065850931,50,0,0.25059984,3750.0,4,0,1,0,0.0
42360,0,0.46829966,47,0,0.35596609799999995,10500.0,16,0,2,0,3.0
42361,0,0.15685666,51,0,0.556388629,3200.0,8,0,1,0,1.0
42362,0,0.08770208,53,0,0.35115286100000004,17564.0,10,0,3,0,0.0
42364,0,0.112844358,45,0,0.34118431299999996,9000.0,10,0,1,0,3.0
42365,1,0.9999998999999999,39,0,0.35254915,3000.0,3,0,1,0,1.0
42367,1,0.9999998999999999,31,0,0.1488,1249.0,1,2,0,0,2.0
42368,0,0.076150108,64,0,0.120106029,27916.0,8,0,4,0,0.0
42369,0,0.13142031199999998,78,0,2503.0,,9,0,1,0,0.0
42370,0,0.83114459,45,4,0.605855856,4883.0,15,0,1,1,0.0
42371,0,0.029664445,93,0,107.0,,7,0,0,0,
42372,0,0.0,76,0,2867.0,,5,0,2,0,0.0
42374,0,0.041136513,42,0,0.34532733600000004,4001.0,6,0,1,0,1.0
42375,0,0.061113895,61,0,0.22553467300000002,13886.0,9,0,2,0,0.0
42378,0,0.94480046,43,0,0.8985041020000001,6216.0,18,0,2,0,2.0
42380,0,0.8900226990000001,44,0,0.329485834,6670.0,7,0,0,0,2.0
42381,0,0.138956771,48,0,1.028666667,1499.0,8,0,1,0,2.0
42382,0,0.013047495,46,0,0.381265089,10354.0,11,0,2,0,0.0
42383,1,1.055625509,55,1,0.46831472,7968.0,21,0,1,2,0.0
42384,0,0.0,29,0,0.33892292799999996,3100.0,2,0,1,0,1.0
42386,0,0.044530967000000005,49,0,0.11465914199999999,6732.0,4,0,1,0,1.0
42388,0,0.334503343,46,0,1.001917546,3128.0,12,0,3,0,2.0
42389,0,0.127843608,69,0,1210.0,,4,0,1,0,
42390,0,0.032367948,80,0,65.0,,4,0,0,0,
42392,0,0.581011822,44,0,1.7106529209999999,2909.0,7,0,2,0,0.0
42394,0,0.0018044920000000002,58,0,0.303571429,5991.0,24,0,2,0,0.0
42395,0,0.0,72,0,0.001363791,2932.0,1,0,0,0,1.0
42396,0,0.07211076200000001,63,0,0.005875022,5616.0,1,0,0,0,1.0
42397,0,0.130249809,53,0,0.33631142299999994,4700.0,24,0,1,0,0.0
42398,0,1.01032989,62,0,0.23014537100000002,6534.0,6,0,1,0,0.0
42400,0,0.022887794,67,0,1414.0,,8,0,2,0,0.0
42401,0,0.055903394,75,0,2833.0,,17,0,2,0,0.0
42402,0,0.0,56,0,0.27835957,14800.0,7,0,2,0,0.0
42403,0,0.014505818,68,0,1.34156051,1255.0,20,0,3,0,0.0
42405,0,0.80954813,70,0,0.474521142,8300.0,8,0,1,0,0.0
42406,0,0.25044227399999996,69,0,0.428850378,4096.0,8,0,1,0,0.0
42408,0,0.057917683,62,0,0.353264066,5100.0,5,0,1,0,0.0
42409,0,0.0,40,0,2249.0,,6,0,1,0,0.0
42410,0,0.404452139,40,0,0.074376125,45000.0,9,0,2,0,1.0
42411,0,0.712136123,37,0,0.218397372,7000.0,9,0,0,0,1.0
42412,0,0.21466808,53,0,0.1979901,6666.0,12,0,0,0,1.0
42413,0,0.0,58,0,0.0,,7,0,0,0,0.0
42414,0,0.00419504,35,0,0.413711021,4200.0,18,0,1,0,4.0
42415,0,0.13099931,53,0,0.41588117700000005,3500.0,15,0,0,0,2.0
42416,0,0.325412935,64,0,0.408435341,8250.0,11,0,2,0,0.0
42417,0,0.260806688,34,0,0.09227244300000001,4800.0,7,0,0,0,0.0
42418,0,0.251289313,50,0,0.515320334,4666.0,12,0,1,0,0.0
42422,0,0.061322447999999995,69,0,0.011425306999999999,3500.0,4,0,0,0,0.0
42423,0,0.5403626779999999,61,0,0.46256134200000004,6316.0,16,0,2,0,0.0
42425,0,0.013742288,30,0,14.0,,3,0,0,0,0.0
42426,0,0.003838943,50,1,0.229824311,7000.0,11,0,0,0,3.0
42427,0,0.132811651,40,0,0.009651475,3729.0,3,0,0,0,0.0
42429,0,0.64873296,40,1,0.402060294,6600.0,10,0,2,0,3.0
42430,0,0.215177216,51,0,0.203493592,12250.0,6,0,2,0,3.0
42431,0,0.017090132,88,0,11.0,,10,0,0,0,
42432,1,0.997529557,47,1,0.08668942,7324.0,7,0,0,0,0.0
42436,0,0.35802918,46,0,0.738380652,4754.0,9,0,1,0,2.0
42439,0,0.7025884240000001,36,0,0.59122466,3600.0,11,0,1,0,3.0
42441,0,0.031998476,67,0,0.007116105,2669.0,7,0,0,0,0.0
42442,0,0.9744017070000001,48,0,0.764207981,17366.0,12,0,6,0,1.0
42443,0,1.0538935390000002,54,2,0.495722037,9583.0,7,0,2,0,0.0
42444,0,0.8921625609999999,40,0,1.452775775,4160.0,16,0,2,0,3.0
42445,1,0.9999998999999999,28,0,0.0,900.0,0,0,0,0,3.0
42446,0,0.058340658,54,0,0.521495701,5000.0,17,0,1,0,0.0
42449,0,0.050900784000000004,40,0,0.396188096,6400.0,15,0,2,0,3.0
42451,0,0.9999998999999999,53,0,0.284075264,2178.0,3,0,0,1,3.0
42452,1,0.830339321,30,0,0.20238966100000003,4100.0,2,0,1,0,2.0
42453,0,0.0,37,0,1.009998,5000.0,7,0,3,0,4.0
42457,0,0.034868996,81,0,0.017391304,4484.0,6,0,0,0,0.0
42458,0,0.103421233,64,0,0.021218344,1460.0,2,0,0,0,0.0
42459,0,0.0,45,0,0.356938806,6650.0,4,0,2,0,2.0
42460,1,0.193486915,54,2,0.678680721,2940.0,10,0,2,0,0.0
42461,0,0.735466362,31,0,0.15266996,4250.0,7,1,0,0,1.0
42463,0,0.133346816,61,0,1652.0,,16,0,1,0,0.0
42464,0,0.010449478,63,0,1431.0,,11,0,1,0,0.0
42465,0,0.012059081000000001,62,0,0.18283705100000003,9100.0,5,0,1,0,1.0
42467,0,0.009441518000000001,48,1,0.202079445,3750.0,11,0,1,0,0.0
42468,1,0.9999998999999999,49,0,0.001345895,5200.0,0,0,0,0,6.0
42469,0,0.636712421,51,0,0.432709716,6627.0,11,0,2,0,0.0
42470,0,0.835118605,56,0,0.318568646,9752.0,7,0,1,0,1.0
42471,0,0.055743032000000005,63,0,0.33795172100000004,7000.0,7,0,1,0,0.0
42472,0,0.011831989,72,0,20.0,,5,0,0,0,
42473,0,0.01063752,81,0,6.371833604,8605.0,6,0,0,0,0.0
42474,0,0.802461793,78,0,0.957183805,5581.0,19,0,2,0,1.0
42478,0,0.570376882,27,0,1.589595376,864.0,5,1,0,0,0.0
42479,0,0.274765223,23,1,0.037758831,820.0,3,0,0,0,0.0
42480,0,0.0,72,0,1403.0,,4,0,1,0,1.0
42484,0,0.363864433,31,0,0.37438585,9158.0,10,0,2,0,0.0
42485,0,0.034481966,82,0,0.257790368,6000.0,6,0,2,0,0.0
42487,0,0.255695572,33,0,2826.0,,11,0,1,0,0.0
42488,0,0.7385593220000001,32,2,0.013417522,3800.0,2,0,0,1,0.0
42489,0,0.03874175,43,0,0.41959440200000003,3500.0,5,0,1,0,2.0
42491,0,0.577848362,47,0,0.38016528899999996,3750.0,10,0,1,0,2.0
42493,0,0.035608754,48,0,0.227590803,3000.0,11,0,1,0,0.0
42494,0,0.155894526,57,0,0.632023659,4733.0,12,0,2,0,0.0
42495,0,0.9999998999999999,47,0,2061.0,,6,0,2,0,0.0
42496,0,0.294335089,32,0,0.562859796,5384.0,12,0,1,0,0.0
42498,0,0.091904889,54,0,1316.0,,5,0,1,0,
42499,0,0.45298909299999995,58,0,0.27072758,6500.0,13,0,3,1,0.0
42500,0,0.593086886,37,1,0.650569886,6667.0,10,0,2,0,3.0
42502,0,0.035976542,32,0,0.176974718,7000.0,16,0,0,0,0.0
42503,0,0.055326817,59,0,0.71914043,2000.0,16,0,1,0,0.0
42504,0,0.266576531,56,0,0.021871582999999997,6400.0,5,0,0,0,6.0
42506,0,0.080413316,43,0,0.06575544900000001,8120.0,3,0,0,0,1.0
42510,0,0.004703195,51,0,0.387378944,3200.0,16,0,1,0,1.0
42512,0,0.011349716000000001,73,0,0.014271151999999999,980.0,3,0,0,0,0.0
42513,0,0.033530488,84,0,0.003098155,7100.0,3,0,0,0,0.0
42515,0,0.644903398,25,0,0.569892473,650.0,5,0,0,0,0.0
42516,1,0.89536685,54,2,1.2204871959999999,1600.0,6,0,1,0,1.0
42517,0,0.13384311,60,0,659.0,,3,0,1,0,0.0
42518,0,0.23038128800000002,54,0,0.327534493,3333.0,5,0,0,0,2.0
42522,0,0.0023013070000000003,40,0,0.012998347,21771.0,9,0,0,0,1.0
42523,0,0.773156098,43,0,0.581135761,7166.0,15,0,1,0,2.0
42525,0,0.590404177,35,0,1.058823529,4368.0,5,0,2,0,1.0
42528,0,0.059803419000000003,70,0,0.029153355,2503.0,5,0,0,0,0.0
42529,0,0.9999998999999999,73,0,0.0,385.0,0,0,0,0,0.0
42530,0,0.005831093000000001,70,0,0.10684696699999999,10500.0,14,0,1,0,0.0
42531,0,0.332912919,54,1,0.547693686,11164.0,15,0,4,0,0.0
42532,1,0.997827032,32,0,0.318729785,3400.0,6,1,1,0,0.0
42534,0,0.005485401,43,0,0.48291951299999997,6000.0,14,0,2,0,0.0
42535,0,0.146661235,73,0,180.0,,11,0,0,0,0.0
42536,1,0.9999998999999999,51,1,0.070289983,17000.0,3,1,0,0,6.0
42538,0,0.022978127,69,1,0.34796337200000005,9500.0,14,0,3,0,1.0
42540,0,0.268105073,58,0,0.732238486,2800.0,12,0,2,0,0.0
42542,0,0.14715345800000001,54,0,0.479634691,15000.0,16,0,3,0,1.0
42543,0,0.6211794110000001,46,0,0.278350515,3200.0,3,0,0,0,0.0
42544,0,0.9999998999999999,22,0,0.21488133399999998,1558.0,1,0,0,0,0.0
42545,0,0.012833396,68,0,0.033149171,3800.0,8,0,0,0,0.0
42546,0,0.035582758,51,0,0.238169123,11600.0,10,0,1,0,4.0
42547,0,0.14555204,68,0,0.242298533,13016.0,10,0,3,0,0.0
42549,0,0.273359966,62,0,2144.0,,9,0,2,0,0.0
42550,0,0.064333234,51,0,0.434250394,8250.0,16,0,1,0,1.0
42551,0,0.522047795,53,0,0.072652902,5133.0,3,0,0,0,0.0
42553,0,0.03837642,78,0,0.146107284,4790.0,6,0,1,0,0.0
42554,0,0.09793194,61,0,1858.0,,12,0,2,0,0.0
42555,0,0.003839912,86,0,0.0013328889999999999,3000.0,2,0,0,0,0.0
42557,0,0.38479954200000005,30,0,0.252358823,7100.0,29,0,0,0,0.0
42561,0,0.020441763,36,0,0.08364258599999999,45000.0,18,0,2,0,2.0
42563,0,0.152924975,59,1,0.32956725600000003,9381.0,6,1,1,0,0.0
42564,0,0.047519843,49,0,0.87089403,3500.0,5,0,1,0,0.0
42565,0,0.981120755,46,2,0.247448345,4016.0,3,2,0,1,0.0
42566,0,0.131885215,60,0,0.507605389,2300.0,7,1,2,0,0.0
42567,0,0.975604879,61,0,1102.0,,2,0,1,0,1.0
42568,0,0.0,28,0,0.0,1200.0,3,0,0,0,0.0
42569,0,0.0,56,0,336.0,,10,0,0,0,0.0
42570,1,0.9999998999999999,52,0,0.0,4200.0,0,1,0,0,5.0
42571,0,0.96182011,32,0,0.19591576300000002,4700.0,10,0,0,0,0.0
42572,0,0.041595976,52,0,0.340895802,8550.0,12,0,2,0,1.0
42573,0,0.197587712,34,1,0.284868319,6416.0,10,0,1,0,1.0
42574,0,0.392342609,66,0,0.739948119,3083.0,16,0,2,0,0.0
42575,0,0.139286781,63,0,0.278715161,8000.0,16,0,3,0,0.0
42576,1,0.473329678,36,0,0.5059362629999999,4800.0,14,0,1,1,3.0
42577,0,0.052153535,74,0,107.0,,6,0,0,0,
42579,0,0.612320651,57,0,0.141190007,6083.0,12,0,1,0,0.0
42580,0,0.105674431,39,0,0.288435578,20000.0,12,0,2,0,2.0
42581,0,0.0,73,0,76.0,,1,0,0,0,0.0
42582,0,0.291338583,36,0,0.183641975,2591.0,10,0,0,0,2.0
42583,0,0.780339582,54,0,0.150821895,5900.0,5,0,0,0,0.0
42585,0,0.0,69,0,0.0,12500.0,3,0,0,0,0.0
42586,0,0.9999998999999999,26,0,0.08420351,4500.0,1,0,0,0,0.0
42588,0,0.952081917,60,0,0.261639532,3500.0,7,0,0,0,1.0
42589,0,0.068054949,66,0,0.50965251,2848.0,5,0,1,0,0.0
42591,0,0.0029627440000000002,42,0,2400.0,,5,0,2,0,0.0
42592,0,0.6871209220000001,62,0,0.496790434,7944.0,10,0,2,0,0.0
42594,0,0.052787629,28,0,0.110920245,4074.0,11,0,0,0,0.0
42595,0,0.321126016,57,0,0.633072469,15716.0,17,0,3,0,1.0
42596,0,0.60081284,42,0,0.34455020799999997,7458.0,12,0,1,0,0.0
42597,0,0.07769741,58,0,0.271491403,2500.0,6,0,1,0,1.0
42598,0,0.6475782370000001,59,0,0.42011605399999996,7754.0,13,0,1,0,0.0
42599,0,0.011680376999999999,56,0,0.51521884,4500.0,17,0,1,0,0.0
42600,0,0.29125771899999997,58,0,0.6579076620000001,4071.0,9,0,1,0,0.0
42601,0,0.940930681,49,0,0.25469775899999997,4416.0,6,0,0,0,0.0
42603,0,0.033109836000000004,57,0,0.303097938,11200.0,8,0,2,0,2.0
42604,0,0.9999998999999999,42,1,0.254372814,2000.0,4,1,0,0,1.0
42606,0,0.367254425,58,0,0.21937468,11705.0,19,1,2,1,1.0
42607,0,0.36711610299999997,52,0,0.643981852,3746.0,10,0,1,0,0.0
42608,0,0.0008408160000000001,69,0,0.283250287,7826.0,8,0,1,0,0.0
42610,0,0.42906909200000004,33,0,0.287742683,3450.0,4,0,0,0,0.0
42611,0,0.0,57,0,0.0,9000.0,3,0,0,0,0.0
42613,1,1.145712783,59,2,569.0,,9,0,0,0,1.0
42614,0,0.028133109,62,0,7970.0,,19,0,6,0,0.0
42616,0,0.134443022,30,1,988.0,,6,0,1,0,
42618,0,0.051466205,59,0,0.315860505,18523.0,12,0,1,0,1.0
42619,0,0.07480018599999999,57,0,0.511329916,7413.0,8,0,1,0,0.0
42620,0,0.054343891,44,0,0.43008715399999997,7916.0,14,0,3,0,1.0
42621,1,1.107309487,58,1,0.370136187,6167.0,10,0,1,0,1.0
42622,0,0.00022900200000000001,53,0,0.172971563,7665.0,7,0,1,0,5.0
42623,0,0.349504675,31,0,0.178895301,2425.0,5,0,0,1,1.0
42624,0,0.9999998999999999,86,0,0.0,,0,0,0,0,
42625,0,0.027851483,56,0,0.267094017,6083.0,6,0,1,0,0.0
42626,0,0.802416555,48,0,0.12808904,5300.0,5,0,0,0,1.0
42627,0,0.05205902900000001,67,0,0.328398385,5200.0,8,0,1,0,2.0
42628,0,0.012319507,82,0,0.002698651,3334.0,8,0,0,0,0.0
42629,0,0.9999998999999999,29,1,0.18211728300000002,5166.0,1,1,0,1,0.0
42630,0,0.051523507999999996,41,1,0.31747016,6450.0,7,0,1,0,3.0
42631,0,0.9999998999999999,32,0,0.076889279,2275.0,2,0,0,0,1.0
42632,0,0.0,55,0,0.44501571,3500.0,3,0,1,0,1.0
42633,0,0.028361797,47,1,0.21950167199999998,9270.0,48,0,1,0,1.0
42635,0,0.46148531299999995,49,0,0.39329806,4535.0,7,0,1,0,0.0
42637,0,0.874843763,39,1,0.551074821,6000.0,13,0,1,0,2.0
42638,0,0.061191462,66,0,0.548826291,2129.0,9,0,1,0,1.0
42639,0,0.0,59,1,1517.0,,5,0,0,0,1.0
42640,0,0.002814287,68,0,0.000869943,2298.0,5,0,0,0,0.0
42641,1,0.9999998999999999,37,0,0.0,1738.0,3,0,0,0,0.0
42644,0,0.0,50,0,0.32260228,8945.0,9,0,1,0,3.0
42646,0,0.68107973,48,2,0.504033672,2850.0,9,0,1,1,3.0
42648,0,0.686888525,55,0,0.333501006,21867.0,12,0,2,0,0.0
42652,0,0.11942386699999999,60,0,0.66136888,3900.0,15,0,1,0,5.0
42654,0,0.473438374,50,0,0.317188668,12036.0,6,0,2,0,0.0
42655,0,0.049443558,49,0,3510.0,,7,0,1,0,2.0
42657,0,0.9999998999999999,46,0,0.33167638,5833.0,7,0,2,0,4.0
42658,0,0.41861986,56,0,0.41115550799999995,12262.0,10,0,3,0,3.0
42659,0,0.451259278,64,0,0.190461725,6583.0,16,0,0,0,0.0
42660,0,0.01992463,46,0,0.203089505,2200.0,7,0,0,0,0.0
42661,0,1.0,44,1,0.31799613,4650.0,6,0,0,0,3.0
42664,0,0.037005964,33,0,1741.0,,13,0,1,0,1.0
42665,0,0.075949367,63,0,2807.0,,9,0,1,0,
42666,0,0.063531693,62,0,0.119925338,15000.0,6,0,1,0,0.0
42668,1,0.8725001259999999,34,0,0.5441860470000001,2579.0,6,0,0,0,0.0
42669,0,0.018822976,44,0,1354.0,,3,0,1,0,0.0
42670,0,0.00812774,71,0,0.0979565,18252.0,16,0,1,0,1.0
42671,1,0.79152702,47,0,0.5880432560000001,4900.0,10,0,1,0,1.0
42672,0,0.0,55,0,0.423394151,4000.0,9,0,1,0,0.0
42673,0,0.21282623899999997,42,0,0.247420206,12500.0,8,0,2,0,2.0
42674,0,0.10224715,52,0,0.510711225,2333.0,9,0,1,0,0.0
42675,0,0.066393805,46,0,0.041973107,13460.0,3,0,0,0,3.0
42676,0,0.09286795,54,0,0.308586427,8000.0,8,0,2,0,0.0
42679,0,0.010990959,75,0,0.11409858699999999,2900.0,7,0,0,0,0.0
42682,0,0.9999998999999999,27,0,0.253164557,1500.0,4,0,0,0,0.0
42683,0,0.037717615,56,0,0.092888515,10700.0,8,0,1,0,0.0
42684,0,0.091912837,63,0,0.19903632300000001,10791.0,8,0,2,0,0.0
42685,0,0.9999998999999999,50,1,0.16091954,2000.0,1,0,0,1,2.0
42687,0,0.645351581,46,1,0.096161783,4845.0,10,4,0,1,2.0
42688,0,1.040939384,39,0,0.10278080699999999,3667.0,7,1,0,0,1.0
42689,0,0.041194293,56,0,0.078084556,4635.0,19,0,0,0,0.0
42690,0,0.305389222,60,0,0.36716647399999996,2600.0,5,0,1,1,1.0
42691,0,0.069991861,25,1,0.055327185999999993,9000.0,10,0,0,0,1.0
42692,0,0.008626748,67,0,0.05811138,825.0,19,0,0,0,0.0
42694,0,0.984223099,34,0,0.4915017,5000.0,4,0,0,0,2.0
42695,0,0.036999351,46,0,0.01511879,8333.0,9,0,0,0,2.0
42696,0,0.620579314,47,0,0.939789742,3138.0,2,0,1,0,0.0
42697,0,0.0,56,0,0.20572708399999998,6250.0,3,0,1,0,2.0
42698,0,0.330456455,71,2,0.160709823,4000.0,7,0,0,0,0.0
42699,0,0.09099053300000001,71,0,0.17685681600000003,16600.0,9,0,1,0,1.0
42700,1,0.756157035,74,3,0.23290013699999998,2923.0,5,0,0,0,0.0
42701,0,0.047986962,58,0,0.279588565,7485.0,6,0,1,0,2.0
42702,0,0.11121383900000001,64,0,243.0,,12,0,0,0,0.0
42704,1,0.033242436,54,0,0.207858638,4300.0,6,0,1,0,0.0
42706,0,0.013401574,54,0,0.44946105299999994,4916.0,12,0,2,0,3.0
42708,0,0.023393703,46,0,0.238273142,7226.0,16,0,1,0,2.0
42709,0,0.803361604,40,1,1.5513684209999998,4749.0,9,0,2,0,2.0
42711,0,0.263241513,76,0,0.140358184,2400.0,14,0,0,0,0.0
42714,0,0.9999998999999999,45,0,0.278144371,5000.0,6,0,1,0,2.0
42717,0,0.686390533,55,0,0.809141225,5600.0,6,0,2,0,2.0
42719,0,0.058903437999999995,72,0,0.00657049,7000.0,4,0,0,0,1.0
42721,1,0.8104784820000001,43,0,2707.0,,11,0,1,0,2.0
42723,0,0.09385951199999999,46,0,0.270094723,11084.0,9,0,3,0,0.0
42724,0,0.012956818,79,0,0.120783007,2400.0,3,0,0,0,0.0
42725,0,0.034912291,69,0,0.007832028000000001,6000.0,2,0,0,0,0.0
42726,0,0.01632832,56,0,0.205287976,5937.0,3,0,1,0,0.0
42727,1,1.093915853,44,1,0.882592928,6617.0,10,0,3,0,2.0
42728,0,0.902190596,32,0,0.48452220700000004,5200.0,9,0,1,0,1.0
42729,0,0.12954039,57,0,0.051237190999999994,4000.0,10,0,0,0,0.0
42731,0,0.017246807,84,0,0.014819805,5937.0,20,0,0,0,0.0
42732,1,0.9999998999999999,39,2,0.136668092,7016.0,5,1,1,0,0.0
42733,0,0.45183616200000004,49,2,0.39141830899999996,10300.0,12,0,1,0,3.0
42734,0,0.0,73,0,872.0,,10,0,0,0,0.0
42735,0,0.196468417,32,0,0.476511655,8450.0,8,0,6,0,0.0
42736,0,0.000988989,78,0,0.00023998099999999998,4166.0,4,0,0,0,1.0
42737,0,0.43528296200000005,44,0,0.30999582600000003,9583.0,8,0,2,0,0.0
42738,0,0.01189039,37,0,0.168979745,5331.0,10,0,1,0,2.0
42739,0,0.008103891,60,0,3713.0,,11,0,2,0,0.0
42740,0,0.010209275,49,0,0.21977329999999998,3175.0,12,0,0,0,0.0
42742,0,0.02521115,70,0,70.0,,7,0,0,0,0.0
42745,0,0.132750679,42,0,2865.0,,6,0,2,0,0.0
42747,0,0.797239485,40,0,1.073785243,5000.0,13,0,2,0,2.0
42748,0,0.055294471,57,0,0.227755362,9417.0,9,0,2,0,1.0
42749,0,0.0,62,0,0.344275954,6000.0,9,0,2,0,0.0
42752,0,0.10096891300000001,77,0,0.34670666200000005,8000.0,14,0,2,0,0.0
42753,0,0.0,41,0,704.0,,4,0,0,0,3.0
42756,0,0.92296719,22,0,0.12195122,2500.0,3,0,0,0,0.0
42757,0,0.533223339,53,0,0.278917401,25641.0,8,0,2,0,3.0
42758,0,0.05402364900000001,65,0,0.18430525600000003,4166.0,2,0,1,0,0.0
42760,0,0.179472563,68,0,0.304555896,5223.0,7,0,2,0,1.0
42761,0,0.17217170899999998,61,0,0.501982161,4035.0,12,0,1,0,0.0
42762,0,0.11542386,72,0,0.825292026,1968.0,5,0,2,0,0.0
42763,0,0.070136751,47,0,0.138300405,4200.0,11,0,1,0,1.0
42764,0,0.031714676000000004,51,0,2631.0,,18,0,1,0,4.0
42766,0,0.02937194,68,0,0.003331945,2400.0,3,0,0,0,0.0
42769,0,0.01820662,54,0,0.119704571,7175.0,6,0,1,0,0.0
42770,0,1.075189975,35,0,0.229395801,7000.0,5,1,0,1,0.0
42772,0,0.282994982,54,0,0.892575928,5333.0,23,0,2,0,0.0
42774,0,0.071229452,59,0,0.706850926,3400.0,13,0,2,0,1.0
42775,0,9.19e-05,64,0,275.0,,11,0,0,0,0.0
42776,0,0.34002458,58,0,0.188422247,2642.0,20,0,0,0,0.0
42777,0,0.031786128,55,0,9.0,,1,0,0,0,0.0
42779,1,0.9999998999999999,54,1,476.0,,1,5,0,0,0.0
42781,0,0.657666545,43,0,0.408327334,8333.0,15,0,1,0,2.0
42782,0,0.194652464,43,1,0.826902047,6400.0,21,0,2,0,4.0
42783,0,0.132795177,52,0,0.178269089,12166.0,9,0,2,0,0.0
42784,0,0.645844843,71,1,0.318030999,22000.0,24,0,2,0,0.0
42785,0,0.019291848,54,0,863.0,,8,0,2,0,0.0
42786,0,0.13430847699999998,75,1,0.269367158,7331.0,12,1,1,0,1.0
42789,0,0.788205886,49,0,0.531861724,2400.0,6,0,1,0,0.0
42790,0,0.153124699,63,0,3028.0,,16,0,1,0,
42791,0,0.137229658,57,0,0.169584193,20850.0,16,0,2,0,3.0
42792,0,0.689773566,45,0,0.581543035,7400.0,15,0,2,0,0.0
42793,0,0.11498727199999999,67,0,0.439883646,6187.0,14,0,1,0,0.0
42794,0,0.913534498,41,0,1593.0,,9,0,0,0,3.0
42795,0,0.117195312,53,0,0.444511098,3333.0,6,0,1,0,0.0
42796,0,0.033895016,59,0,0.376862745,5099.0,8,0,1,0,0.0
42798,0,0.126161843,31,0,0.406318736,5000.0,7,0,2,0,0.0
42799,0,0.027072988,56,0,2772.0,,7,0,1,0,0.0
42802,0,0.126387361,52,0,0.02292769,1700.0,2,0,0,0,0.0
42809,0,0.029988842999999998,84,0,0.014746313,4000.0,10,0,0,0,0.0
42810,0,0.138771256,43,2,0.256754072,10067.0,10,0,2,1,1.0
42812,0,0.041897905,57,0,0.209089035,9703.0,12,0,2,0,2.0
42813,0,0.061990462999999996,26,0,0.17988008,1500.0,6,0,0,0,0.0
42816,0,0.7717421640000001,56,0,2808.0,,9,0,2,0,0.0
42818,0,0.19638085800000002,62,0,387.0,,11,0,0,0,3.0
42819,0,0.00465228,60,0,0.00591466,2366.0,10,0,0,0,1.0
42820,0,0.017455834,42,0,0.14669452300000002,6700.0,14,0,1,0,0.0
42821,0,0.10228829699999999,53,0,1653.0,,6,0,1,0,0.0
42822,0,0.0006339869999999999,71,0,0.179982002,10000.0,9,0,2,0,1.0
42825,0,0.032509988,39,0,0.454898807,7460.0,24,0,2,0,1.0
42826,0,0.143435159,59,0,0.860308025,3700.0,31,0,3,0,0.0
42827,1,1.5623960069999998,32,0,788.0,,5,0,0,3,0.0
42828,0,0.38930061299999996,41,0,0.410359672,7200.0,11,0,2,0,3.0
42830,1,0.9734285090000001,48,0,0.6379636479999999,12158.0,16,0,3,0,4.0
42832,0,0.519917473,70,0,1968.0,,4,0,1,0,1.0
42833,0,0.42160429899999996,32,1,0.181204699,4000.0,6,0,0,0,0.0
42834,0,0.666573648,61,0,5334.0,,8,0,2,0,2.0
42835,0,0.32222625899999996,63,0,0.6808865190000001,6000.0,15,0,2,1,1.0
42836,0,0.0025907910000000003,64,0,1.0,0.0,5,0,0,0,0.0
42837,0,0.286793612,41,0,0.228554289,5000.0,10,0,1,0,0.0
42838,0,0.119377455,40,0,0.292341532,5000.0,8,0,2,0,1.0
42839,0,0.011460245,80,0,464.0,,6,0,0,0,0.0
42840,0,0.016578657,66,0,0.00539892,5000.0,6,0,0,0,1.0
42841,0,0.691542289,26,1,0.099214847,1400.0,2,0,0,0,1.0
42842,0,0.00930538,68,0,430.0,,12,0,1,0,0.0
42843,0,0.013757159,50,0,0.28238234100000004,2400.0,8,0,1,0,0.0
42844,0,0.01999964,57,0,0.36152594,14128.0,12,0,2,0,1.0
42846,0,0.091341088,47,0,681.0,,4,0,1,0,0.0
42847,0,0.279037174,75,0,0.09422644300000001,4000.0,6,0,0,0,0.0
42849,0,0.0,72,0,0.0,3339.0,11,0,0,0,0.0
42850,0,0.9999998999999999,52,0,0.107473132,4000.0,2,0,0,0,0.0
42851,0,0.430505672,51,0,0.38228663399999996,3104.0,9,0,3,0,0.0
42853,0,0.07851074400000001,61,0,0.07768094,5277.0,11,0,1,0,0.0
42855,0,0.26289236,52,0,0.364815997,4700.0,8,0,1,0,0.0
42858,0,0.59697427,59,2,0.37907735299999995,8583.0,18,0,2,0,0.0
42859,0,0.062290154,68,0,0.04373102,11524.0,7,0,0,0,0.0
42861,1,0.999333555,42,2,0.610770089,3583.0,9,5,1,0,0.0
42862,0,0.957217113,25,0,0.7790262170000001,800.0,5,0,0,0,1.0
42863,0,0.011382864,30,1,0.101694915,2300.0,5,0,0,0,0.0
42864,0,0.012602567,50,0,0.081209609,8200.0,5,0,0,0,1.0
42866,0,0.606388072,76,0,0.15202525,1900.0,4,0,0,0,0.0
42867,0,0.20608927800000001,68,0,0.502622243,12965.0,12,0,2,0,2.0
42868,0,0.073679943,49,0,0.335686053,10625.0,12,0,1,0,2.0
42870,0,0.046883007000000004,83,0,0.40960727,3080.0,15,0,1,0,1.0
42871,0,0.487683528,50,1,299.0,,2,0,0,0,0.0
42872,1,0.049967339000000006,59,0,0.033861621,14322.0,15,0,0,0,0.0
42873,0,0.019353194,78,0,0.23932335,3605.0,13,0,1,0,0.0
42874,0,0.08031492900000001,42,0,0.433962264,4663.0,21,0,2,0,1.0
42876,0,0.058063454,33,0,0.918121847,2576.0,5,0,1,0,0.0
42878,0,0.09104545300000001,62,0,0.874382885,14583.0,24,0,10,0,0.0
42882,0,0.097246527,66,0,679.0,,5,0,0,0,0.0
42886,0,0.0,54,0,0.257556603,8700.0,5,0,2,0,0.0
42887,1,0.9999998999999999,32,0,190.0,,2,0,0,0,0.0
42889,0,0.022726198,48,0,0.37614399,9833.0,14,0,2,0,0.0
42892,0,0.38149407,79,0,0.299793684,6300.0,15,0,2,0,0.0
42893,0,0.36295559299999997,49,1,0.707406815,6250.0,12,0,2,0,1.0
42894,0,0.644379801,65,0,425.0,,1,0,0,0,
42895,0,0.10979268,41,1,0.262924569,30000.0,6,0,2,0,3.0
42896,0,0.208141868,36,0,961.0,,7,0,0,0,1.0
42897,0,0.30728212,80,1,0.298500357,4200.0,7,1,2,0,0.0
42898,0,0.025187803999999998,47,0,0.124925005,15000.0,6,0,1,0,4.0
42899,0,0.9999998999999999,45,0,0.384199865,5923.0,12,0,1,0,1.0
42900,0,0.072512448,43,1,0.203215371,10200.0,15,0,2,0,5.0
42901,0,0.6370643220000001,29,0,3066.0,,12,0,3,0,0.0
42902,0,638.0,35,0,0.9728648959999999,3500.0,9,0,2,0,2.0
42903,0,0.8518216359999999,50,0,0.69065713,6710.0,16,0,5,0,0.0
42905,0,0.316803517,41,0,0.169721495,4200.0,7,0,0,0,0.0
42906,0,0.970686209,50,0,0.10135369699999999,2880.0,3,0,0,0,1.0
42908,0,0.9999998999999999,61,2,0.00259948,5000.0,2,1,0,0,1.0
42909,0,0.034413715,50,0,0.014513788,6200.0,3,0,0,0,0.0
42910,0,0.130546923,55,1,0.212275035,6500.0,6,0,1,0,2.0
42911,0,0.17376735899999998,64,0,0.49741837,13750.0,11,0,2,0,1.0
42912,0,0.272541498,48,0,2492.0,,14,0,1,0,0.0
42913,0,0.22625383,26,0,0.538820393,3000.0,6,0,1,0,1.0
42915,0,0.286952067,34,0,0.461544871,12000.0,17,0,1,0,3.0
42917,0,0.892273705,31,0,0.18523066100000002,5700.0,4,0,0,0,0.0
42920,0,0.606583175,49,3,0.727017763,3208.0,13,0,2,0,1.0
42921,0,0.9663301190000001,77,0,0.575914586,6368.0,26,0,2,0,1.0
42922,0,0.029024274,50,0,0.15441722300000002,4040.0,6,0,1,0,1.0
42923,0,1.023501763,40,0,0.30823059,3000.0,6,0,0,0,2.0
42924,0,0.048694685999999994,26,0,0.10316698699999999,2083.0,2,0,0,0,0.0
42926,0,0.0,72,0,993.0,,6,0,1,0,0.0
42927,0,0.111960639,45,0,0.434085096,4300.0,5,0,1,0,4.0
42928,1,0.870784043,38,0,0.547556555,8000.0,10,0,3,0,3.0
42929,0,0.0,73,0,10.0,,5,0,0,0,0.0
42930,0,0.563012341,56,3,0.50281767,5500.0,11,1,1,0,0.0
42932,0,0.509143421,66,0,0.29312192,14000.0,10,0,2,0,0.0
42933,0,0.7155934909999999,47,0,0.6974266509999999,6100.0,16,0,1,0,4.0
42934,1,0.9753415529999999,34,0,0.283177109,4053.0,4,1,1,0,0.0
42935,0,0.9999998999999999,49,1,0.0,3100.0,0,0,0,0,1.0
42936,0,0.711105943,36,0,0.19987269300000002,6283.0,6,0,0,0,1.0
42937,0,0.7608254590000001,70,0,0.289067975,2853.0,10,0,0,0,0.0
42938,0,0.114170378,53,0,0.675639155,18500.0,18,0,8,0,2.0
42939,0,0.904641136,43,0,0.815211372,5416.0,16,0,1,0,1.0
42940,0,0.252200467,28,2,0.169929196,2400.0,14,0,0,1,2.0
42941,1,0.9999998999999999,59,0,159.0,,1,0,0,0,0.0
42943,0,0.461426929,57,0,0.237813302,15200.0,8,0,2,0,2.0
42944,0,0.536546345,51,0,0.083346665,6250.0,2,0,0,0,0.0
42947,1,0.9999998999999999,23,0,0.089385475,1789.0,0,1,0,0,0.0
42948,0,0.5703732970000001,43,0,1.144781145,5939.0,16,0,3,0,0.0
42949,0,0.240357393,58,2,0.394343781,8167.0,14,0,1,0,3.0
42950,0,0.029957961,70,0,0.164688857,3454.0,6,0,1,0,0.0
42951,0,1.011293453,49,1,0.264999155,5916.0,6,0,1,0,3.0
42952,0,0.025858911000000002,48,1,0.23632513800000002,8500.0,7,0,2,0,2.0
42953,0,0.340612367,34,0,0.364885973,3200.0,8,0,1,0,1.0
42954,0,0.00909442,71,0,1680.0,,7,0,2,0,0.0
42955,0,0.685296791,54,0,1.398001665,1200.0,11,0,1,0,1.0
42957,0,0.105185975,44,0,0.46723799299999996,5600.0,4,0,2,0,0.0
42958,0,0.035085855,48,0,0.11888811099999999,10000.0,9,0,1,0,2.0
42959,0,0.590783479,44,0,0.5940771,11750.0,8,0,2,0,1.0
42961,0,0.016652721000000002,53,0,0.069331668,1600.0,7,0,0,0,0.0
42963,1,1.192563569,39,1,0.943906318,6916.0,20,1,2,1,1.0
42964,0,0.034871199,67,0,0.024390244,2500.0,6,0,0,0,0.0
42966,0,0.048851324,47,0,0.33983031399999997,4360.0,14,0,2,0,0.0
42967,0,0.037539526000000004,78,0,119.0,,3,0,0,0,0.0
42968,0,0.6843449559999999,48,0,0.465553445,10000.0,12,0,3,0,2.0
42970,0,0.404169326,41,0,0.21319670100000002,4000.0,3,0,1,0,2.0
42971,0,0.089837931,69,0,0.491143911,5419.0,21,0,3,0,0.0
42972,0,0.8261738259999999,32,1,1481.0,,4,0,1,0,0.0
42973,0,0.166854143,83,0,40.0,,2,0,0,0,
42974,0,0.056459467,47,1,0.331195697,4833.0,10,0,1,0,2.0
42976,0,0.07865246,75,0,0.172977885,3300.0,9,0,1,0,0.0
42978,0,0.823627288,32,0,0.08041958,857.0,4,0,0,0,0.0
42983,1,0.962207558,58,0,0.7959183670000001,440.0,5,0,0,1,1.0
42986,0,0.21586648,57,0,0.35353851,6400.0,8,0,1,0,2.0
42987,0,0.9999998999999999,33,0,158.0,,2,0,0,0,
42988,0,0.00290425,46,0,6185.0,,12,0,3,0,3.0
42989,0,0.42459020399999997,59,0,0.5373787329999999,5256.0,5,0,1,0,0.0
42991,1,0.9300437229999999,28,2,0.11852909699999999,2800.0,4,0,0,2,0.0
42992,0,0.001190063,54,0,0.366737029,9000.0,9,0,2,0,0.0
42993,0,0.887311269,44,0,0.064587083,5000.0,2,0,0,0,2.0
42994,0,0.04519548,40,0,0.086652225,6000.0,5,0,0,0,0.0
42995,0,0.001452015,41,0,3280.0,,6,0,1,0,0.0
42998,0,0.889541716,37,1,0.37607704,1972.0,4,0,0,0,0.0
42999,0,0.196089365,27,0,0.607998334,4800.0,10,0,2,0,0.0
43000,0,0.203186909,65,0,0.32805375600000003,4166.0,17,0,0,0,0.0
43001,0,0.041281409,57,0,0.355669745,14400.0,13,0,2,0,3.0
43002,0,0.242039741,38,0,0.394555645,6244.0,7,0,1,0,3.0
43003,0,0.924075503,67,0,16788.0,,12,0,1,0,0.0
43005,0,0.0,36,0,0.0,1000.0,3,0,0,0,0.0
43006,0,0.172101267,40,0,0.34624032,4002.0,15,0,0,0,3.0
43007,0,0.073785243,46,0,0.29067733100000004,4000.0,8,0,0,0,2.0
43008,0,0.7308781870000001,32,0,0.935907336,2589.0,7,0,1,0,0.0
43009,0,0.44994507799999994,33,0,0.202387545,16250.0,11,0,2,0,1.0
43010,0,0.0,69,0,0.0,,2,0,0,0,
43011,0,0.08999518699999999,58,0,0.457565116,6833.0,5,0,1,0,2.0
43012,0,0.631827866,67,0,0.301196809,7519.0,7,0,0,0,3.0
43013,0,0.0,47,0,3723.0,,10,0,3,1,2.0
43015,0,0.6814515090000001,60,0,0.187431574,13700.0,12,0,1,0,1.0
43016,0,0.647706934,51,2,0.538684319,7250.0,14,1,2,0,3.0
43017,0,0.891658258,49,0,1.203084833,3500.0,9,0,2,0,1.0
43018,0,0.000122447,54,0,690.0,,11,0,1,0,
43021,0,0.0,31,0,0.35068007100000004,1690.0,7,0,0,0,0.0
43022,0,0.8725177059999999,61,5,1518.0,,13,0,2,0,0.0
43023,1,0.8202574890000001,73,1,0.588342857,4374.0,9,2,2,0,0.0
43024,1,0.429098881,63,0,0.523548518,4925.0,14,0,1,0,1.0
43025,0,0.009453972,48,0,0.31532607100000004,6700.0,9,0,0,0,0.0
43026,0,0.019234552,41,0,0.113604488,4990.0,13,0,0,0,0.0
43027,0,0.9999998999999999,22,0,0.0,0.0,1,0,0,0,0.0
43028,0,0.333650756,45,1,0.328614009,4025.0,3,0,1,0,2.0
43030,0,0.269839031,70,0,0.244086148,8496.0,9,0,1,0,0.0
43031,0,0.067905603,49,0,0.048299892000000004,8322.0,3,0,0,0,0.0
43034,0,0.010366321,66,0,415.0,,2,0,0,0,0.0
43035,0,0.12047822300000001,58,0,292.0,,12,0,0,0,1.0
43036,0,3046.0,57,1,0.31292177,4000.0,4,0,0,0,0.0
43037,0,0.323988,65,0,0.302739452,5000.0,5,0,1,0,0.0
43038,0,0.020536084,61,0,0.065804935,5105.0,3,0,0,0,0.0
43039,0,0.015423481000000001,26,0,0.001129518,2655.0,2,0,0,0,1.0
43040,0,0.047261218,42,0,0.23766482,30866.0,14,0,4,0,0.0
43041,0,0.018954115,73,0,0.007496251999999999,3334.0,5,0,0,0,0.0
43043,0,0.618149379,62,0,3967.0,,14,0,3,0,4.0
43044,0,0.0,29,0,0.0,1150.0,1,0,0,0,0.0
43045,0,0.06794051599999999,74,1,0.476904619,5000.0,12,0,3,0,0.0
43046,0,0.051303710999999995,34,0,1720.0,,6,0,1,0,0.0
43047,0,0.23779384399999998,59,0,0.366807376,4500.0,10,0,0,0,2.0
43048,0,0.534244779,37,0,0.225618945,4644.0,5,0,0,0,0.0
43049,0,0.310951514,30,0,0.094572025,4789.0,7,0,0,0,3.0
43050,0,0.004120596,56,0,0.20800000000000002,5749.0,11,0,1,0,0.0
43051,0,0.0022296539999999998,65,0,0.006973644,9750.0,4,0,0,0,0.0
43054,0,0.01619919,42,1,0.6028794239999999,5000.0,15,0,1,0,2.0
43055,0,0.028708086,37,0,1.108039132,4701.0,19,0,2,0,1.0
43056,0,0.0,59,0,0.20759764600000002,14951.0,4,0,1,0,1.0
43057,0,0.032993218,46,0,0.331172937,6325.0,8,0,2,0,1.0
43058,0,0.40483822399999997,55,0,5171.0,,10,0,2,0,0.0
43059,0,0.9999998999999999,45,0,0.23915217,5000.0,5,0,1,0,0.0
43060,0,0.167363132,64,0,0.234269953,5800.0,13,0,1,0,1.0
43062,0,0.284935753,48,0,0.320035461,6767.0,8,0,2,0,3.0
43064,0,0.068659198,65,0,0.41410594100000003,3416.0,8,0,1,0,0.0
43065,0,0.0,59,0,958.0,,3,0,2,0,0.0
43066,0,0.21278254100000002,35,0,0.58167675,3470.0,10,0,2,0,0.0
43067,0,0.20100715,53,0,0.375683635,7130.0,14,0,3,0,1.0
43068,0,0.018534453,66,0,0.006569551999999999,3500.0,6,0,0,0,0.0
43069,0,0.061270871,44,0,0.209108848,18750.0,6,0,2,0,4.0
43072,0,0.817716661,41,0,0.35130823200000005,3133.0,3,0,1,0,1.0
43073,0,0.01904154,87,0,10.0,,2,0,0,0,0.0
43074,1,0.0,46,1,0.258632182,7500.0,11,0,1,0,2.0
43076,1,0.7998688740000001,47,2,0.5187165779999999,4300.0,6,0,2,0,0.0
43077,1,0.9999998999999999,35,1,0.306203082,2530.0,7,0,0,0,0.0
43078,0,0.019350551,59,0,1271.0,,17,0,2,0,0.0
43079,0,0.47282559399999996,43,1,0.7744451109999999,5000.0,12,0,2,0,2.0
43080,0,0.42494334200000006,48,0,0.283429143,4000.0,12,0,0,0,0.0
43082,0,0.49274396200000004,51,2,0.35196898600000004,4900.0,7,1,1,0,0.0
43083,0,0.538922156,33,0,0.089734211,4100.0,3,0,0,0,0.0
43086,0,0.8474384079999999,28,1,0.090181964,5000.0,5,0,0,0,1.0
43088,0,0.048480638,49,0,0.175874888,7800.0,14,0,2,0,2.0
43089,0,0.035849157,49,0,0.43342776200000005,3176.0,8,0,2,0,0.0
43090,0,0.010267393,75,0,0.21355179100000002,3600.0,6,0,1,0,0.0
43091,0,1.006570803,42,1,0.463307013,4305.0,4,0,1,0,2.0
43092,0,0.041228218999999997,59,0,0.085832949,6500.0,5,0,0,0,0.0
43093,0,0.058635031,58,0,0.515388628,1916.0,6,0,0,0,1.0
43094,0,0.252001761,52,0,0.380080996,6666.0,20,0,2,0,2.0
43095,0,0.02779651,48,0,0.450708137,3600.0,9,0,1,0,0.0
43098,0,0.392105607,28,0,0.18036392699999998,5000.0,7,0,0,0,1.0
43099,1,0.313764072,59,1,0.22195646,24666.0,11,1,1,0,0.0
43101,0,0.32896076,47,0,0.37967537100000004,2833.0,10,0,0,1,0.0
43102,0,0.118382344,65,0,2174.0,,7,0,1,0,0.0
43104,1,0.995001136,37,0,0.321441843,2690.0,18,0,0,0,2.0
43105,0,0.066335751,61,0,0.868065967,2000.0,9,0,2,0,0.0
43106,1,1.014375453,61,1,4761.0,,11,0,2,0,2.0
43107,1,0.9999998999999999,33,1,0.13197196,3280.0,2,1,0,0,0.0
43108,0,0.200842448,65,0,0.105649058,6000.0,4,0,0,0,1.0
43109,0,0.21482617199999998,57,0,239.0,,5,0,0,0,0.0
43110,0,0.103181556,32,0,0.38293825,6833.0,14,0,1,0,1.0
43111,0,0.053951658,67,0,0.26265188899999997,7488.0,6,0,1,0,0.0
43112,0,0.0,68,0,0.294916325,3166.0,5,0,1,0,0.0
43113,0,0.03050813,79,0,0.018878401,1800.0,13,0,0,0,0.0
43116,0,0.35579103700000003,50,0,1.429904466,4500.0,13,0,3,0,0.0
43117,0,0.195126193,56,0,0.38030095799999997,15350.0,8,0,2,0,2.0
43118,0,0.224493575,43,0,0.7013440390000001,5728.0,21,0,2,0,1.0
43119,0,0.6718106640000001,43,0,0.26347784399999996,6250.0,6,0,1,0,0.0
43121,0,0.888058723,27,0,0.21972894899999998,4500.0,10,0,0,0,1.0
43122,0,0.418517076,23,0,0.149201943,1440.0,6,0,0,0,0.0
43123,0,0.7394260570000001,62,1,0.271247529,8600.0,9,0,1,0,0.0
43124,0,0.739679436,69,0,0.317536301,12533.0,9,0,2,0,0.0
43126,0,0.828026358,46,3,0.27014597100000004,5000.0,4,0,0,0,0.0
43127,0,0.284896141,54,0,1723.0,,8,0,2,0,0.0
43130,0,0.041052129,63,0,0.043122035,2318.0,9,0,0,0,0.0
43131,0,0.42995649700000005,60,0,4.747006973,7600.0,20,0,3,0,1.0
43132,0,0.087515107,42,0,1449.0,,10,0,1,0,0.0
43133,0,0.104807051,53,0,0.111675127,4333.0,2,0,1,0,1.0
43134,0,0.864668483,24,0,2.311755361,2517.0,3,0,0,0,0.0
43135,0,0.784431138,61,0,0.005541069,3067.0,1,0,0,0,0.0
43136,1,0.301491625,65,1,1.38243007,4575.0,20,0,2,1,0.0
43137,0,0.157074181,49,0,0.179740507,8400.0,18,0,2,0,0.0
43138,0,0.0,64,0,0.399657925,1753.0,7,0,2,1,0.0
43139,0,0.148070994,66,0,0.261942052,5107.0,5,0,1,0,0.0
43140,0,0.8160941540000001,50,1,0.384587878,5592.0,10,1,1,0,1.0
43142,0,0.216860396,69,0,0.386462469,5288.0,15,0,1,0,0.0
43143,0,0.348441926,28,0,0.029509757,2100.0,2,0,0,0,0.0
43144,1,0.015483371999999999,51,1,2831.0,,7,0,1,0,0.0
43145,0,0.00359976,86,0,1.0,,2,0,0,0,0.0
43146,0,0.306965893,34,1,0.573237794,6000.0,7,0,2,0,0.0
43147,0,0.019592163,24,0,0.6016166279999999,865.0,3,0,0,0,0.0
43149,0,0.0,47,0,0.24011238399999998,4626.0,9,0,1,0,2.0
43150,0,0.864386925,55,0,1.578168733,2500.0,10,0,2,0,0.0
43152,0,0.021458879,55,0,0.172063687,13000.0,7,0,2,0,2.0
43154,0,0.012544081,61,0,357.0,,10,0,0,0,1.0
43156,0,0.743705451,50,0,0.14557281800000002,15833.0,7,0,2,0,2.0
43157,0,0.0,48,0,0.16876003399999998,10588.0,6,0,2,0,0.0
43158,0,0.009527042,50,0,0.248256053,4873.0,10,0,1,0,4.0
43160,0,0.16881062,55,0,0.217229394,12083.0,9,0,1,0,0.0
43162,0,0.15161424699999998,51,0,0.98114065,4400.0,18,0,1,0,3.0
43164,0,0.002636124,50,0,0.0,4000.0,4,0,0,0,0.0
43165,0,0.042391522,59,0,747.0,,3,0,1,0,0.0
43167,0,0.024738055,82,0,17.0,,2,0,0,0,0.0
43170,0,0.015153433000000001,55,0,0.011994003,2000.0,5,0,0,0,0.0
43171,0,0.976284198,66,0,0.623465704,2769.0,4,0,0,0,0.0
43172,0,0.0,46,0,0.0,3706.0,5,0,0,0,0.0
43174,0,0.23054909699999998,47,0,1.191659526,3500.0,11,0,1,0,1.0
43175,0,0.0,35,0,0.5698100629999999,3000.0,2,3,1,0,0.0
43176,0,1.013289037,28,0,0.10243597800000001,1600.0,2,0,0,0,0.0
43179,0,0.155971642,44,0,0.048310704,9500.0,7,0,0,1,2.0
43182,0,0.380967942,41,0,0.491049831,6200.0,9,0,2,0,0.0
43183,0,0.0,79,0,0.008997001,3000.0,7,0,0,0,0.0
43184,0,0.03170577,54,0,0.257096869,6833.0,5,0,1,0,0.0
43185,0,0.61345066,46,1,1808.5,1.0,4,0,1,0,3.0
43186,0,0.013249338000000001,49,0,2051.0,,4,0,2,0,0.0
43187,0,0.6801066309999999,43,0,0.512897421,3333.0,8,0,1,0,0.0
43188,0,0.649771808,44,0,1865.0,,6,0,0,0,0.0
43189,0,0.287664648,60,0,870.0,,6,0,0,0,0.0
43190,0,0.0037689409999999996,39,0,0.266090298,1040.0,2,0,0,0,2.0
43191,0,0.314871396,30,4,0.894785418,4333.0,13,0,1,0,1.0
43192,0,0.16162901699999999,51,0,0.021056814,5033.0,2,0,0,0,0.0
43194,1,0.005944334,54,0,0.5949669360000001,5443.0,9,0,2,0,0.0
43196,0,0.531128005,46,0,1.095115681,2333.0,8,0,1,0,2.0
43197,0,0.11886757099999999,70,0,1.176548967,1500.0,6,0,2,0,3.0
43200,0,0.0,61,0,1.089285714,3583.0,6,0,1,0,0.0
43201,0,0.077189345,42,0,0.207362378,8882.0,13,0,2,0,1.0
43202,0,0.609793995,38,1,0.168561873,4484.0,13,0,0,0,3.0
43203,0,0.8008471629999999,43,2,0.7032183909999999,4349.0,6,0,1,0,1.0
43204,0,0.0,39,0,1084.0,,3,0,1,0,0.0
43209,1,0.786697903,33,0,2.35514942,4048.0,15,0,13,0,0.0
43210,1,0.37723838299999995,52,0,0.264315989,11088.0,15,0,2,0,1.0
43211,0,0.0,30,0,0.358547151,3000.0,6,0,1,0,2.0
43214,0,0.01175953,73,0,15.0,,4,0,0,0,0.0
43217,0,0.389348559,40,0,0.340460983,3600.0,5,0,0,0,2.0
43218,0,0.727082461,65,0,0.235341551,8680.0,10,0,1,0,0.0
43219,0,0.234395086,54,0,0.18068847300000002,7000.0,2,0,1,0,2.0
43220,0,0.6497241779999999,62,0,7656.0,,21,0,2,0,0.0
43221,0,0.000631058,43,0,2100.0,,6,0,1,0,0.0
43222,0,0.003444005,36,0,0.09198063599999999,4750.0,12,0,0,0,0.0
43223,0,0.0,35,1,0.8391934679999999,6000.0,14,0,2,0,2.0
43225,0,0.0,58,0,0.291902699,3000.0,5,0,0,0,0.0
43227,0,0.048417617999999996,48,0,0.018238541,12500.0,13,0,0,0,2.0
43229,0,0.09824461300000001,69,0,0.30285313399999997,8551.0,18,0,1,0,1.0
43230,0,0.21278143100000002,54,0,0.205673386,19000.0,7,0,2,0,2.0
43231,0,0.52308017,49,0,0.321334293,12500.0,9,0,2,0,0.0
43232,1,0.302587177,60,0,0.28309735199999997,12500.0,5,0,1,0,1.0
43233,0,0.040349328,74,0,0.29018245,8056.0,5,0,2,0,1.0
43234,0,0.231641734,60,0,0.556688933,11077.0,25,0,2,0,0.0
43236,0,0.13834761199999998,44,0,0.036192761000000004,5000.0,4,0,0,0,3.0
43237,0,0.137257781,58,1,0.480886086,13000.0,17,0,2,0,0.0
43238,0,0.043320952999999995,53,0,0.01397321,10376.0,9,0,0,0,0.0
43242,0,0.091313403,58,0,0.117600941,2550.0,9,0,0,0,0.0
43243,0,0.06538043,37,0,2143.0,,7,0,2,0,
43244,0,0.056323592,58,0,0.112289926,10650.0,5,0,0,0,1.0
43245,0,0.0,34,0,0.031869309,3733.0,2,0,0,0,2.0
43246,0,0.138861139,79,0,0.0014809329999999998,2700.0,1,0,0,0,0.0
43249,0,0.052017155999999995,69,0,0.159246395,9500.0,10,0,3,0,0.0
43250,0,0.033573141,23,0,0.048144433,1993.0,3,0,0,1,1.0
43251,0,0.369012134,46,0,5075.0,,11,0,1,0,2.0
43252,0,0.975403536,28,0,0.397540984,2683.0,4,0,1,0,0.0
43253,0,0.109576299,46,0,0.23999077,8666.0,7,0,1,0,2.0
43254,0,0.471533087,67,0,0.28649427,16666.0,25,0,2,0,1.0
43255,0,0.17029190600000002,41,0,0.481296758,400.0,7,0,0,0,2.0
43256,0,0.64604166,57,0,0.414542356,14082.0,11,0,2,0,3.0
43258,0,0.121337079,25,0,183.0,1.0,9,0,0,0,0.0
43259,0,0.005197283,64,0,3254.0,,10,2,1,0,3.0
43260,0,0.06114553599999999,56,0,0.303895022,4800.0,5,0,1,0,5.0
43261,0,0.0,31,0,0.651269036,3939.0,8,0,2,0,1.0
43262,0,0.9999998999999999,23,0,0.214616096,1080.0,1,0,0,0,0.0
43263,0,0.538259729,41,0,1509.0,,18,0,1,0,3.0
43264,0,0.006374601999999999,48,0,3.0,,2,0,0,0,0.0
43265,0,0.17031754100000002,43,0,0.27307269300000003,10000.0,10,0,2,0,0.0
43267,0,0.513488348,39,0,3563.0,,18,0,2,0,1.0
43269,0,0.221710063,50,0,0.357075738,5320.0,13,0,1,0,1.0
43271,0,0.46593862,47,0,0.127174565,3333.0,6,0,0,0,0.0
43273,0,0.0014469910000000001,50,1,0.5823707370000001,7271.0,8,0,2,0,0.0
43275,0,0.035532149,50,0,0.29140156300000003,5500.0,6,0,1,0,0.0
43276,0,0.006080917,51,0,0.27391155300000003,2916.0,7,0,1,0,0.0
43277,0,0.92785722,38,0,0.346646943,6083.0,5,0,2,0,1.0
43280,0,0.28551035,28,1,0.175697002,1900.0,4,0,0,0,2.0
43281,0,0.026322672000000002,61,0,0.093190681,10000.0,4,0,1,0,1.0
43282,0,0.595540446,33,0,0.116076014,3893.0,3,0,0,0,0.0
43285,0,0.006193149,41,2,14508.0,,7,0,3,0,1.0
43286,0,0.076057106,69,0,199.0,1.0,6,0,0,0,0.0
43287,0,0.0,79,0,0.0,10000.0,2,0,0,0,0.0
43289,0,0.9999998999999999,77,0,0.0,,0,0,0,0,0.0
43291,0,0.362228903,63,0,0.163702593,4666.0,18,0,0,0,0.0
43293,0,0.512297326,60,0,2520.0,,9,0,1,0,1.0
43294,0,0.305423723,33,0,0.5958670110000001,12000.0,12,0,5,0,0.0
43295,0,0.7203879940000001,42,0,1.129226777,13100.0,7,0,3,0,6.0
43296,0,0.0,43,0,0.0,3583.0,2,0,0,0,3.0
43297,1,0.874054587,62,6,0.03234792,11128.0,15,2,0,6,1.0
43298,0,0.006062461999999999,49,0,8717.0,,13,0,0,0,0.0
43299,0,1.035200657,47,0,0.812773403,8000.0,12,0,2,0,1.0
43300,0,0.18855804199999998,32,0,0.202069812,5700.0,11,0,0,0,3.0
43302,0,0.27019957,61,0,0.349093775,6344.0,8,0,2,0,0.0
43303,0,0.0,52,0,0.27220327,8500.0,13,0,1,0,0.0
43304,0,0.256349421,46,0,0.92580872,2843.0,13,0,1,0,2.0
43307,0,0.2713846,41,2,3088.0,0.0,15,0,2,0,2.0
43310,0,0.012938683999999999,69,0,0.353473637,4418.0,12,0,2,0,0.0
43311,0,0.7764288970000001,40,0,0.17681865600000002,5745.0,8,0,0,0,0.0
43312,0,0.060508325,46,0,0.324668833,4000.0,13,0,1,0,2.0
43313,0,0.017889656,55,0,569.0,,14,0,1,0,0.0
43315,0,0.06659667,53,0,0.300299076,7355.0,8,0,1,0,0.0
43316,0,0.048531175999999995,49,0,32.0,,2,0,0,0,
43317,0,0.055521633,66,0,0.344262295,2500.0,19,0,1,0,0.0
43318,0,0.83568536,64,9,3015.0,,22,0,2,2,0.0
43320,0,0.9999998999999999,68,0,0.0,,0,0,0,0,
43321,0,0.09033142699999999,43,0,0.17974757,6892.0,8,0,1,0,3.0
43322,0,0.052480663,52,0,0.039748953999999996,4301.0,8,0,0,0,1.0
43323,0,0.894821036,56,0,0.820379656,5583.0,6,0,2,0,0.0
43326,0,0.9999998999999999,34,0,0.0,4379.0,1,2,0,0,2.0
43328,0,0.03039962,64,0,0.213324913,15834.0,9,0,1,0,1.0
43330,0,0.020119598,76,0,0.102241156,5398.0,6,0,1,0,0.0
43332,0,0.9999998999999999,44,0,0.0,,4,0,0,0,0.0
43334,0,0.204862503,66,0,0.465632816,9994.0,11,0,3,0,1.0
43335,0,0.07014716,62,0,0.184992837,5583.0,6,0,2,0,0.0
43336,0,0.083976845,64,0,0.24655206899999998,10005.0,9,0,2,0,1.0
43337,0,0.179432025,38,0,0.46099001799999995,4908.0,7,0,1,0,1.0
43338,0,0.023109405,63,0,9.0,,6,0,0,0,0.0
43339,0,0.0,52,0,0.9028097190000001,10000.0,13,0,3,0,0.0
43340,0,0.312818455,34,0,0.559950556,2426.0,7,0,2,0,1.0
43341,0,0.20151378399999997,48,0,0.333866453,2500.0,6,0,1,0,2.0
43342,0,0.02907257,54,0,0.016074259,4416.0,7,0,0,0,0.0
43343,0,0.0,41,0,0.34715025899999996,3859.0,11,0,1,0,4.0
43344,0,0.15135675699999998,59,0,0.011941056,287662.0,9,0,5,0,1.0
43345,0,0.036918522999999995,74,0,0.21568244,15341.0,11,0,2,0,0.0
43347,0,0.090210425,57,0,0.31724211399999996,9383.0,11,0,3,0,1.0
43348,0,0.9999998999999999,80,0,0.338216061,3822.0,4,3,2,0,0.0
43349,0,0.24663451,61,0,0.199781858,5500.0,10,0,1,0,0.0
43352,0,0.05893951099999999,49,0,0.543366472,2916.0,7,0,1,0,0.0
43353,0,0.106581835,55,1,0.261621622,4624.0,9,0,2,0,0.0
43354,0,0.80199988,53,0,0.452899437,4086.0,3,0,1,0,0.0
43356,0,0.006119884,29,0,0.146670666,3333.0,5,0,0,0,0.0
43357,0,0.6857152009999999,51,0,4053.0,,14,0,2,0,0.0
43359,0,0.9999998999999999,35,0,0.10992217900000001,3083.0,3,1,0,1,2.0
43360,0,0.113917205,58,0,2.347003155,950.0,17,0,2,0,2.0
43361,0,0.059612309,70,0,2655.0,,13,0,2,0,0.0
43362,0,0.0,28,0,0.054989425,5200.0,2,0,0,0,0.0
43364,0,0.461703449,50,0,0.418657702,8328.0,15,0,2,0,0.0
43365,0,0.351056395,62,0,2646.0,,8,0,1,0,0.0
43366,0,0.0,31,0,0.633202955,2300.0,7,0,1,0,0.0
43367,0,0.9562087579999999,69,1,0.594181164,3333.0,8,0,1,1,0.0
43368,0,0.008966368,53,0,0.825335215,2833.0,16,0,2,0,2.0
43369,0,0.028321002999999997,47,0,0.52143389,9400.0,15,0,1,0,0.0
43370,0,0.11737963900000001,51,0,0.441136518,8833.0,14,0,2,0,4.0
43372,0,0.0,40,0,2888.0,,6,0,2,0,3.0
43373,0,0.04099918,67,0,60.0,,3,0,0,0,0.0
43374,0,0.030958056,74,0,0.216397657,7000.0,8,0,1,0,0.0
43376,0,0.9634073190000001,33,0,0.27786106899999996,2000.0,3,0,0,0,2.0
43378,0,0.0008417230000000001,43,0,0.153688525,3415.0,13,0,2,0,0.0
43379,0,1.027681661,50,1,0.973016905,3075.0,9,1,2,0,2.0
43380,0,0.006080917,71,0,0.183163367,5000.0,6,0,1,0,0.0
43381,1,0.9999998999999999,46,0,0.302480563,2700.0,5,1,0,0,1.0
43382,0,0.9999998999999999,52,1,0.119975005,4800.0,3,1,0,0,1.0
43383,0,0.359693346,41,0,0.406332454,7200.0,7,0,2,0,1.0
43386,0,0.12409144400000001,58,1,0.386113328,6264.0,23,0,2,0,0.0
43387,0,0.824882862,43,1,0.23282388199999998,7000.0,7,0,0,0,0.0
43388,0,0.107131856,67,1,0.46167281200000004,5152.0,16,0,1,0,0.0
43389,0,0.982304301,55,0,0.462553822,14166.0,13,0,2,0,3.0
43390,0,0.59193105,71,0,0.7448758540000001,6000.0,17,0,2,0,3.0
43391,0,0.033657051,55,0,0.25401636899999996,6597.0,10,0,1,0,1.0
43392,0,0.024113597,58,0,0.10724106300000001,12000.0,6,0,1,0,0.0
43393,0,0.032770492000000005,49,0,1129.0,,4,0,2,0,0.0
43395,0,0.397982866,34,0,0.686268744,3400.0,14,0,2,0,0.0
43396,0,0.7145402670000001,49,1,0.870666293,10700.0,11,0,5,0,3.0
43397,0,0.9997778270000001,37,0,0.18645851600000002,5700.0,5,0,0,0,1.0
43398,0,0.284875357,58,0,3196.0,,7,0,1,0,0.0
43399,0,0.220861196,64,0,4260.0,,4,0,2,0,0.0
43400,0,0.286670256,39,0,0.488145049,3584.0,9,0,1,0,3.0
43402,0,0.093170824,57,0,0.214139153,5360.0,8,0,1,0,0.0
43403,0,0.020299994,62,0,0.200059988,3333.0,4,1,0,0,0.0
43405,0,0.0,82,0,0.0,,3,0,0,0,0.0
43407,0,0.9999998999999999,22,3,0.162918541,2000.0,3,1,0,0,1.0
43408,0,0.567020535,60,0,0.5465686270000001,9791.0,15,0,1,0,1.0
43409,0,0.02291428,32,0,0.680088864,3600.0,11,0,2,0,1.0
43410,0,0.818545449,37,0,0.378557145,6500.0,14,1,1,0,0.0
43412,0,0.9419225809999999,52,0,0.91622027,4666.0,9,0,2,0,0.0
43413,0,0.11230515099999999,70,0,3497.0,,8,0,2,0,
43414,0,0.67232371,47,0,0.795621974,4750.0,15,0,2,0,0.0
43415,0,1.001885091,56,0,0.290053784,13200.0,9,0,2,0,2.0
43416,0,0.921346308,65,1,0.059227468,6989.0,2,0,0,0,0.0
43418,0,0.064150029,65,0,0.139441869,11000.0,5,0,1,0,0.0
43419,1,0.9999998999999999,60,0,0.231107557,2500.0,1,2,0,1,0.0
43420,0,0.010868765,79,0,82.0,,4,0,0,0,0.0
43422,0,0.055973265999999994,68,0,84.0,,7,0,0,0,0.0
43423,0,0.6771045859999999,40,0,1.8032552830000002,3501.0,17,0,1,0,0.0
43424,0,0.7170427859999999,44,0,0.7597566090000001,4765.0,7,0,1,0,2.0
43425,0,0.297957018,45,0,0.668523677,4666.0,11,0,1,0,3.0
43426,0,0.274135032,33,1,110.0,,6,0,0,0,0.0
43428,0,0.003954369,65,0,0.343823117,8547.0,13,0,1,0,0.0
43429,1,0.83006294,41,0,0.268514312,2200.0,8,2,0,0,0.0
43432,0,0.0,46,0,0.5597515120000001,6116.0,6,0,2,0,7.0
43434,0,0.015113207,47,0,0.225750477,5762.0,4,0,1,0,1.0
43436,0,0.034738887,36,0,0.511748042,6000.0,6,0,2,0,3.0
43438,0,0.0169983,74,0,0.032820097,9871.0,4,0,0,0,0.0
43439,0,0.49902144299999995,51,0,0.6385852089999999,6219.0,10,0,1,0,0.0
43440,0,0.297909518,63,1,0.21363894100000003,58200.0,15,0,5,0,4.0
43442,1,0.9999998999999999,49,0,0.024958402999999997,600.0,0,0,0,0,1.0
43443,1,1.2558139529999999,42,3,0.477626459,3083.0,6,3,1,2,3.0
43444,0,1.0282767720000001,53,0,1.00559888,5000.0,12,0,1,0,1.0
43445,0,0.11543184599999999,63,0,0.051603905,2150.0,3,0,0,0,1.0
43447,0,0.5376628170000001,50,4,0.796150481,8000.0,15,0,2,0,0.0
43448,0,0.037571646,62,0,0.253582139,3000.0,28,0,1,0,2.0
43449,0,0.008827464,53,0,0.10128357199999999,9270.0,12,0,1,0,2.0
43450,0,0.051630708,67,0,0.06370405400000001,8460.0,11,0,0,0,0.0
43453,0,0.377621976,42,0,0.47045305299999995,6091.0,9,0,2,0,2.0
43454,1,0.7354705779999999,46,1,0.42529046200000004,3700.0,6,0,1,0,2.0
43455,0,0.086548616,65,2,2602.0,,19,0,2,0,1.0
43458,0,0.034143938,88,0,35.0,,2,0,0,0,
43460,0,0.08509149099999999,38,0,0.256871564,2000.0,3,0,0,0,2.0
43461,0,0.2156312,70,0,0.33306848899999997,6292.0,13,0,1,0,0.0
43462,0,0.0,44,0,0.0,12416.0,3,0,0,0,0.0
43463,0,0.254263941,63,0,0.09942135699999999,1900.0,2,0,0,0,1.0
43464,0,0.989688144,28,0,0.306769494,3500.0,4,0,0,0,0.0
43466,0,0.083118759,75,0,1381.0,,11,0,2,0,0.0
43467,0,0.0,44,0,0.434844698,2800.0,4,0,1,0,0.0
43468,0,0.156048203,41,0,0.16835887,5416.0,5,0,1,0,0.0
43470,0,0.0,52,1,1487.0,,6,0,2,0,0.0
43471,1,0.5541007020000001,30,0,0.37704918,2500.0,9,0,0,0,0.0
43473,0,0.0,50,0,0.19362427899999998,8500.0,7,0,1,0,1.0
43474,0,0.18168764899999998,41,0,0.37761398700000004,5833.0,7,0,1,0,0.0
43478,0,0.42140628700000005,29,0,0.342776204,3176.0,6,0,1,0,0.0
43479,1,0.214494347,54,2,2792.0,,15,0,2,0,0.0
43480,0,0.044230455,75,0,357.0,,5,0,0,0,
43481,0,0.041297935,73,0,2801.0,,4,0,2,0,0.0
43482,0,0.323795683,59,0,0.40620768700000004,9600.0,19,0,3,0,2.0
43483,0,0.23720736399999998,59,0,0.383446621,2500.0,6,0,0,0,0.0
43485,0,0.8643050990000001,41,0,0.309335874,7347.0,5,0,1,0,2.0
43486,0,0.001600585,61,0,0.21170282699999998,3041.0,8,0,1,0,0.0
43489,0,0.889741131,53,5,0.546666667,7049.0,6,0,1,3,0.0
43490,0,0.043619345999999996,44,0,0.561348379,7000.0,9,0,2,0,2.0
43491,0,0.003201559,63,2,1081.0,,12,0,0,2,0.0
43492,0,0.956993688,50,1,0.072833284,10118.0,6,0,0,0,2.0
43493,0,0.07405671400000001,28,0,0.153369326,5000.0,6,0,0,0,0.0
43494,0,0.42239704299999997,53,0,0.059640727000000004,28000.0,17,0,0,1,2.0
43495,0,0.45073085399999996,46,0,2655.0,,12,0,1,0,0.0
43496,0,0.336671964,31,0,0.341332103,6500.0,8,0,1,0,2.0
43497,0,1.00159984,44,0,0.93601828,3500.0,8,0,1,2,0.0
43498,0,0.9650069990000001,48,1,0.34848209399999996,5500.0,5,0,2,2,1.0
43499,1,1.0066445179999999,55,0,265.0,,4,1,0,0,0.0
43500,0,0.002291043,66,0,2.0,,10,0,0,0,0.0
43501,0,0.09157173699999999,41,0,0.465251204,8100.0,5,0,1,0,2.0
43502,0,0.013134034,59,0,484.0,,7,0,1,0,0.0
43504,0,0.127020646,51,0,0.027240298,9250.0,5,0,0,0,0.0
43509,0,0.8441575809999999,54,1,0.22495500899999998,5000.0,7,0,0,0,1.0
43510,0,0.061792230999999996,56,0,0.007141837,7000.0,3,0,0,0,0.0
43512,0,0.041354608,54,0,145.0,,10,0,0,0,0.0
43514,0,0.025443502000000003,33,0,2786.0,,11,0,1,0,3.0
43515,0,0.262273773,46,0,0.464186563,1800.0,2,0,0,0,0.0
43516,0,0.0,68,1,0.453746429,4550.0,10,0,1,0,0.0
43519,0,0.0,50,0,6501.0,,12,0,1,0,0.0
43520,0,0.194973555,51,0,0.370496454,3524.0,18,0,1,0,2.0
43521,0,0.016211248,72,0,960.0,,10,0,0,0,0.0
43522,1,0.483474035,41,0,0.888860403,7800.0,14,0,4,2,3.0
43523,0,0.026672485,63,0,0.227032735,7575.0,17,0,1,0,0.0
43525,0,0.054595894000000006,65,0,0.236803824,9623.0,6,0,2,0,0.0
43526,0,0.558420324,53,0,513.0,,4,0,0,0,0.0
43527,0,0.9999998999999999,47,0,0.015138532,3500.0,0,2,0,0,0.0
43528,0,0.045661504000000006,70,0,0.20873534600000002,28916.0,15,0,5,0,1.0
43529,0,0.27522463,44,0,0.110907577,12009.0,8,0,0,0,0.0
43532,0,0.014590203000000001,61,0,0.133606323,10500.0,12,0,1,0,0.0
43533,0,0.219649597,57,0,0.163623083,5475.0,5,0,1,0,1.0
43534,0,0.047189515999999994,55,0,0.098967011,3000.0,11,0,0,0,0.0
43535,0,0.47802363,58,1,0.231380592,7800.0,12,0,1,0,2.0
43536,0,0.223261225,37,1,0.245560936,9911.0,10,0,2,0,2.0
43537,0,0.7141868159999999,45,2,0.322335766,10274.0,8,0,0,0,4.0
43538,0,0.007891121999999999,65,0,0.296087989,8000.0,7,0,2,0,0.0
43539,1,0.9402525909999999,35,3,0.39707767200000005,3900.0,9,0,0,0,3.0
43542,0,0.208332834,41,0,0.246826271,17250.0,12,0,2,0,2.0
43543,0,0.7333813290000001,28,0,0.133584196,2125.0,6,0,0,0,0.0
43544,0,0.49586027899999996,41,0,0.587319452,5330.0,14,0,2,0,2.0
43545,0,0.0,45,0,0.0,,3,0,0,0,2.0
43546,0,0.081991801,43,0,0.238456803,4872.0,4,0,1,0,3.0
43547,0,0.21310930100000003,62,0,0.198412698,10835.0,10,0,3,0,0.0
43549,1,0.29730450399999997,33,0,0.353842785,13700.0,15,1,1,0,1.0
43551,1,0.443880162,63,0,0.303399382,5500.0,15,0,1,0,1.0
43552,0,0.381893861,68,0,0.47943098799999995,2600.0,9,0,1,0,0.0
43553,0,0.112342993,42,0,0.22456964,3833.0,5,0,0,0,2.0
43554,0,0.009005753,57,0,1361.0,,7,0,1,0,0.0
43555,0,0.9999998999999999,63,0,0.662594087,9166.0,9,0,4,0,0.0
43556,0,0.673377875,34,0,0.11699746300000001,6700.0,6,0,0,0,0.0
43558,0,0.9999998999999999,24,0,335.0,0.0,5,0,0,0,0.0
43559,0,0.003627703,47,0,0.20549066300000002,13440.0,11,0,2,0,2.0
43561,0,0.11366638,35,0,0.09657743099999999,2950.0,12,0,0,0,0.0
43562,0,0.23815047399999997,62,0,1033.0,,12,0,1,0,0.0
43563,0,0.127672666,30,0,0.467512579,4570.0,5,0,1,0,1.0
43564,0,0.9999998999999999,60,0,0.008296106999999999,3133.0,0,0,0,0,0.0
43565,0,0.065493451,76,0,0.395600733,6000.0,3,0,1,0,0.0
43566,0,0.277949464,42,1,45.0,,6,0,0,0,0.0
43567,1,0.828421293,42,2,0.428946382,5333.0,6,0,2,0,0.0
43569,0,0.43954508,49,1,0.30667908,29000.0,22,0,4,0,3.0
43570,0,0.08171095099999999,28,0,0.03879027,1520.0,4,0,0,0,0.0
43571,0,0.9877800409999999,56,0,1861.0,,5,0,1,0,0.0
43572,0,0.01645807,61,0,0.455693038,8000.0,15,0,2,0,0.0
43574,0,0.106855931,52,0,0.433239724,3916.0,6,0,1,0,0.0
43577,0,0.444061575,61,0,0.38493584399999997,6000.0,13,0,2,0,0.0
43578,0,0.9334892440000001,51,0,0.97957871,6218.0,10,0,2,0,3.0
43579,0,0.033870929,76,0,0.15889863099999998,6500.0,10,0,1,0,1.0
43580,0,0.36790989,66,0,0.23014158899999998,4166.0,5,0,0,0,0.0
43582,0,0.148927175,58,7,0.351364405,4140.0,8,0,2,0,0.0
43583,1,0.970956991,52,1,0.339441536,4583.0,10,1,0,0,0.0
43585,0,0.044037547999999996,56,0,5380.0,,22,0,2,0,0.0
43587,0,1.026486757,27,0,0.134097574,3750.0,4,0,0,0,0.0
43588,0,0.287227575,59,1,0.44185581399999996,10000.0,24,0,1,0,1.0
43589,0,1.00149975,47,1,2701.0,,7,0,0,0,0.0
43590,0,0.273017717,50,1,0.312029698,9966.0,10,0,2,1,1.0
43591,0,0.214751117,60,0,0.473318598,9500.0,23,0,1,0,1.0
43592,0,0.018656841,43,0,1450.0,,11,0,2,1,2.0
43594,0,0.012545715,42,0,0.101632705,7900.0,7,0,0,0,0.0
43595,0,0.08511853800000001,34,0,0.132644559,6000.0,3,0,1,0,0.0
43596,0,0.012827081,68,0,0.336491046,7705.0,14,0,1,0,0.0
43597,0,0.09871811800000001,82,0,0.09510054400000001,9000.0,5,0,0,0,0.0
43598,0,0.451176051,42,0,0.315536893,5000.0,13,0,1,0,1.0
43601,0,0.252177649,68,0,0.115376925,5000.0,14,0,0,0,0.0
43602,0,0.000208586,68,0,0.165074428,4500.0,9,0,1,0,0.0
43605,0,0.353806371,68,0,1634.0,,9,0,0,0,3.0
43606,0,0.000956005,56,1,0.9284482759999999,3479.0,15,0,3,0,1.0
43607,1,0.9999998999999999,39,1,0.783777298,4166.0,4,0,1,0,0.0
43610,0,0.151998123,52,0,0.113312693,3229.0,11,0,0,0,0.0
43611,0,0.202041998,41,0,0.33761264,8100.0,4,0,1,0,2.0
43613,0,0.115300261,41,0,0.773840935,2652.0,10,0,2,0,3.0
43614,0,0.0,82,0,0.333418043,3934.0,9,0,1,0,0.0
43617,0,0.0,91,0,5208.0,,4,0,1,0,0.0
43618,0,0.350649351,58,0,0.48548812700000005,4168.0,6,0,2,0,2.0
43620,0,0.9999998999999999,42,1,0.047375312,8400.0,3,0,0,0,2.0
43621,0,0.701962903,44,0,0.22199241600000003,2900.0,7,0,0,0,0.0
43622,0,0.13706929699999998,68,0,0.49591513200000004,8200.0,15,0,2,0,0.0
43623,1,0.9999998999999999,57,3,1.203074258,4618.0,10,1,2,1,1.0
43624,0,0.024449522999999997,69,0,0.120751185,17092.0,10,0,2,0,0.0
43625,0,0.037182051,47,0,0.098180364,5000.0,5,0,0,0,3.0
43626,0,0.008851652,80,0,0.001533272,3260.0,6,0,0,0,1.0
43630,0,0.017797513,69,0,0.24276837399999998,4666.0,13,0,1,0,0.0
43631,1,0.50059976,26,0,37.0,,3,0,0,0,1.0
43633,0,0.0,91,0,0.0,,5,0,0,0,0.0
43634,0,0.126662222,43,0,0.30848936600000004,5500.0,9,0,1,0,2.0
43637,0,0.022623311,63,0,0.21250595100000003,6300.0,8,0,1,0,0.0
43639,0,0.20149374,71,0,1082.0,,14,0,0,0,0.0
43641,0,0.463665125,44,2,0.24915017,5000.0,9,0,0,0,2.0
43642,0,0.046202692999999996,48,0,0.167090324,5900.0,4,0,1,0,2.0
43644,0,0.015170362,76,0,1367.0,,8,0,1,0,0.0
43645,0,0.133705231,67,0,596.0,,5,0,1,0,1.0
43648,0,0.029941166,64,0,0.10772560800000001,6005.0,6,0,1,0,1.0
43649,0,0.008266483,48,0,0.9724102029999999,1920.0,11,0,1,0,0.0
43650,0,0.9999998999999999,94,0,0.0,,2,0,0,0,
43654,0,0.00086955,48,0,0.044865404000000005,6017.0,5,0,0,0,0.0
43655,0,0.009860006999999999,71,0,2739.0,,8,0,1,0,0.0
43656,0,0.8228622040000001,67,4,1611.0,,10,0,0,0,0.0
43657,0,0.184904399,65,0,2780.0,,17,0,2,0,0.0
43658,0,0.0009159610000000001,45,0,0.23891342899999998,28750.0,7,0,3,0,2.0
43659,0,0.019760964,81,0,0.003748828,3200.0,4,0,0,0,0.0
43661,1,1.385685885,30,1,0.294789436,1400.0,5,0,0,2,0.0
43662,0,0.981992735,40,1,0.7801086629999999,6625.0,8,0,1,0,4.0
43663,0,0.0,56,0,0.34688437200000005,3000.0,6,0,1,0,3.0
43665,0,0.9999998999999999,34,0,4665.0,,4,0,1,0,2.0
43667,0,0.038803818,57,0,0.325376157,6911.0,7,0,2,0,0.0
43668,0,0.000491763,38,0,0.166541635,3998.0,5,0,0,0,0.0
43669,1,0.9999998999999999,54,2,0.558675445,5163.0,6,1,0,0,1.0
43670,0,0.13855445800000002,66,0,0.111467187,7176.0,3,0,0,0,0.0
43671,1,0.9999998999999999,22,1,0.075949367,1500.0,2,0,0,1,0.0
43672,0,0.008129479,42,0,0.005452067,2200.0,6,0,0,0,0.0
43673,0,1.001745755,42,1,0.213131145,6000.0,8,0,2,0,1.0
43674,0,0.650938432,29,0,0.20938628199999998,3600.0,4,0,0,0,1.0
43675,0,0.083701096,57,0,0.078125,7167.0,9,0,0,0,0.0
43677,0,0.663116112,33,0,0.278607587,16000.0,9,0,1,0,2.0
43680,0,0.66816656,46,0,0.960553997,5703.0,10,0,2,0,0.0
43681,0,0.9999998999999999,28,0,0.066345136,8500.0,5,0,0,0,0.0
43682,0,0.0,72,0,0.0,3775.0,5,0,0,0,0.0
43683,0,0.5465448070000001,69,0,0.132498696,5750.0,7,0,0,0,1.0
43684,0,0.0,37,0,4978.0,,5,0,2,0,0.0
43686,0,0.0,53,1,0.27714406399999997,7100.0,8,0,2,0,0.0
43689,0,0.01649945,59,0,524.0,,3,0,1,0,0.0
43690,0,0.538174327,58,0,1.45004583,1090.0,11,0,2,0,1.0
43691,0,0.127228924,48,2,0.38769183100000004,6450.0,26,0,3,0,2.0
43693,0,0.29983676800000003,47,0,0.159422302,7200.0,13,0,0,0,0.0
43694,0,0.9999998999999999,38,0,0.421020656,6583.0,7,0,2,0,1.0
43695,0,0.359336001,57,0,0.771317829,2579.0,14,0,1,0,1.0
43696,0,0.309858693,82,1,0.070482379,4000.0,3,0,0,0,0.0
43698,0,0.026343912999999997,36,0,0.072766812,5977.0,16,0,0,0,0.0
43699,0,0.021079984,63,0,0.43358331200000005,11600.0,8,0,2,0,0.0
43700,0,0.5664553920000001,51,0,0.979345199,4550.0,14,0,2,0,3.0
43702,0,0.000224994,53,0,0.03446712,6614.0,7,0,0,0,3.0
43703,0,0.000177776,33,0,0.42022568200000004,7000.0,14,0,2,0,2.0
43704,0,1.45508982,35,2,0.06560449900000001,3200.0,3,6,0,1,1.0
43705,0,0.34392533700000005,40,0,1547.0,,4,0,1,0,0.0
43706,0,0.043406260999999995,48,1,0.301629238,9083.0,8,0,1,0,3.0
43708,0,0.034518619,54,0,0.07297135099999999,13333.0,2,0,1,0,4.0
43711,0,0.168926474,83,0,0.107166778,2985.0,4,0,0,0,0.0
43712,0,0.024931252,77,0,32.0,,5,0,0,0,0.0
43713,0,0.049859865999999996,33,0,618.0,,5,0,1,0,0.0
43714,0,0.9481037920000001,41,0,0.84728214,1158.0,4,0,1,1,1.0
43715,0,0.49175141200000005,38,2,0.30128974199999997,6667.0,8,0,1,0,3.0
43716,0,0.2137575,53,1,0.297837578,10404.0,9,0,2,0,1.0
43719,0,0.9660030909999999,39,0,0.317682318,1000.0,1,0,0,0,0.0
43720,0,0.044089907000000005,62,0,0.097172984,11000.0,8,0,1,0,2.0
43721,0,0.036870391,43,0,0.42074928,2775.0,3,0,1,0,1.0
43723,0,0.1385536,41,0,0.320165094,6783.0,17,0,2,0,2.0
43724,0,0.7818669140000001,58,0,2068.0,,15,0,1,0,0.0
43725,0,0.13977921199999999,44,1,0.079350602,5481.0,12,0,0,0,0.0
43728,0,0.326513345,52,0,2971.0,,8,0,1,0,0.0
43730,0,0.270052198,45,0,0.249021143,16600.0,13,0,2,0,0.0
43731,0,0.0,32,0,0.119680091,3500.0,4,0,0,0,0.0
43733,0,0.083130527,78,0,0.034321893,3000.0,5,0,0,0,0.0
43734,0,0.052621602,56,0,0.499521073,4175.0,7,0,1,0,0.0
43735,0,0.032258065,54,0,0.216127712,7328.0,5,0,1,0,1.0
43736,0,0.030249243999999998,63,0,0.555686854,3384.0,12,0,1,0,0.0
43738,0,0.053795981,42,0,0.034786086,2500.0,5,0,0,0,0.0
43741,0,0.0,77,0,0.140625,3327.0,2,0,0,0,1.0
43742,0,0.025887011,82,1,0.016198703999999998,925.0,1,0,0,0,0.0
43743,0,0.094166087,28,0,0.350608232,6000.0,9,0,1,0,4.0
43745,1,0.741311926,52,4,0.216975892,9000.0,10,0,0,1,2.0
43746,0,0.021439071,42,0,0.305352113,3549.0,11,0,2,0,0.0
43747,0,0.252991095,37,2,3.651675485,1133.0,12,0,2,0,3.0
43749,0,0.853622662,65,0,0.374850012,4166.0,7,0,0,0,0.0
43750,0,0.0,52,1,0.0,6009.0,4,0,0,1,2.0
43751,0,0.0,53,0,0.023181455,1250.0,15,0,0,0,2.0
43752,0,0.331449439,45,0,0.070580887,1600.0,3,0,0,0,1.0
43753,0,0.0,52,0,0.45649903,6700.0,10,0,4,0,0.0
43755,0,0.20201612300000002,70,0,0.630818798,9000.0,10,0,3,0,1.0
43756,0,0.08153819799999999,61,0,0.528384279,2518.0,8,0,1,0,0.0
43757,0,0.8338870429999999,26,0,0.025019147000000002,3916.0,4,3,0,0,0.0
43759,0,0.011521713999999999,65,0,0.003422245,9934.0,9,0,0,0,0.0
43760,0,0.086032665,40,0,0.7994269340000001,6630.0,11,0,5,0,0.0
43762,0,0.284056414,54,0,0.103049125,7083.0,11,0,0,0,0.0
43763,0,0.288041265,33,0,0.31669683600000004,11600.0,14,0,3,0,2.0
43764,0,0.19035120600000002,62,1,0.423534365,9500.0,12,0,2,0,0.0
43766,0,0.0,45,0,0.349104859,8601.0,7,0,3,0,2.0
43767,0,0.0046871429999999995,37,0,1914.0,,7,0,2,0,0.0
43771,0,0.278712173,60,0,0.564605996,3768.0,6,0,1,0,1.0
43772,0,0.00215718,57,0,0.179154079,3309.0,11,0,1,0,0.0
43773,0,0.520492145,55,0,0.346236252,7000.0,15,0,1,0,2.0
43775,0,0.6875046290000001,57,0,0.17434804,6096.0,12,0,0,0,0.0
43777,0,0.058783615,55,0,0.076338247,6444.0,5,0,1,0,0.0
43778,0,2.461634591,50,0,3395.0,,11,0,1,0,0.0
43779,0,0.210552918,54,0,0.626737652,3380.0,16,0,1,0,1.0
43780,0,0.185379109,43,1,0.6102990779999999,4446.0,10,0,2,0,0.0
43781,0,0.00552264,64,0,75.0,,3,0,0,0,
43783,0,0.2258764,54,0,0.370973099,9032.0,8,0,2,1,2.0
43784,0,0.9999998999999999,61,0,450.33333330000005,2.0,7,0,1,0,0.0
43785,0,0.119045877,59,0,0.19007705800000002,7396.0,4,0,1,0,0.0
43788,0,0.23426255899999998,70,0,1199.0,,6,0,1,0,0.0
43789,0,0.5482759079999999,48,0,2381.0,,16,0,1,0,0.0
43793,0,0.011174721,62,0,1015.0,,5,0,1,0,
43795,0,0.0,42,0,0.19498227399999998,11000.0,6,0,1,0,5.0
43797,0,0.968659873,43,0,0.07339878400000001,2138.0,12,0,0,0,2.0
43798,1,0.76866601,60,2,0.459317585,8000.0,10,0,2,0,0.0
43800,1,0.430794677,55,0,0.11925383099999999,1500.0,10,2,0,0,0.0
43801,1,1.018836279,36,0,0.333427442,3541.0,4,0,0,0,1.0
43802,0,0.01773889,49,0,0.268582755,13116.0,10,0,2,0,2.0
43803,0,0.15014766699999998,33,0,0.657994827,6572.0,8,0,2,0,0.0
43806,0,0.228982386,30,0,0.123312565,7703.0,7,0,0,1,0.0
43809,0,0.492209561,39,1,0.26002805,3564.0,8,0,0,0,1.0
43810,0,0.10559472,36,0,0.382973348,7916.0,7,0,1,0,0.0
43811,0,0.35860242700000006,37,0,0.41585096299999996,3166.0,9,0,1,0,0.0
43812,0,0.597928157,74,0,1439.0,,5,0,1,0,0.0
43814,0,0.062826643,71,0,0.271433058,9552.0,17,0,2,0,0.0
43815,0,0.546945305,76,0,0.281185389,1450.0,8,0,0,0,0.0
43816,0,0.28354329100000003,49,0,1.2823588209999999,2000.0,9,0,2,0,2.0
43818,0,0.003448038,46,0,1939.0,,10,0,1,0,2.0
43819,0,0.002297235,58,0,0.051478409,4700.0,10,0,0,0,0.0
43820,0,0.44097985799999995,35,0,3102.0,,23,0,1,0,0.0
43821,0,0.043665696,36,0,0.284102271,7000.0,5,0,2,0,0.0
43822,0,0.371066182,47,0,0.392768579,12500.0,13,0,1,0,0.0
43825,0,0.0,52,0,0.10920659699999999,7700.0,11,0,0,0,1.0
43827,0,0.031933379,70,0,0.053541457,5957.0,9,0,1,0,0.0
43829,0,0.99960008,48,1,1568.0,0.0,6,0,0,0,0.0
43830,0,0.37574939,46,0,0.243189985,8626.0,26,0,1,0,3.0
43831,0,0.163630413,60,1,0.118904784,6500.0,9,0,1,0,0.0
43832,0,0.012075016000000001,84,0,9.0,,5,0,0,0,0.0
43833,0,0.049535921,29,1,0.317400812,3200.0,6,0,1,0,0.0
43834,0,0.234124158,49,0,0.8400319940000001,5000.0,12,0,2,0,3.0
43835,0,0.34998776299999995,73,0,0.544565051,6540.0,7,0,2,0,0.0
43837,0,0.29355887,29,0,0.254070266,2333.0,6,0,0,0,0.0
43838,1,0.9999998999999999,39,0,36.0,,0,3,0,0,0.0
43840,0,0.024225025,51,0,0.655558518,3750.0,6,0,2,0,2.0
43841,0,0.011301608000000001,60,0,45.0,,4,0,0,0,0.0
43842,0,0.404397069,22,0,0.021924482000000002,820.0,2,0,0,0,0.0
43843,0,0.10363384699999999,49,0,0.35897435899999997,4250.0,14,0,2,0,1.0
43844,1,0.857142857,32,0,0.053936065,7100.0,3,0,0,0,2.0
43845,0,0.143581412,49,0,0.109937273,3028.0,8,0,0,0,4.0
43846,0,0.003847512,32,0,0.894274462,3300.0,10,0,2,0,1.0
43847,0,0.0,32,0,0.274234992,4280.0,6,0,1,0,0.0
43848,0,0.034478621,65,0,1629.0,,7,0,1,0,0.0
43850,0,1.004782193,36,0,0.339824972,8112.0,8,0,2,0,1.0
43851,1,0.161939322,43,0,0.42933718200000004,9700.0,14,0,2,0,0.0
43852,0,0.171270082,64,0,0.14216738199999998,1863.0,13,0,0,0,0.0
43853,1,0.607758101,40,2,0.250833187,5700.0,6,0,0,0,2.0
43854,0,0.10868724099999999,56,1,2101.0,,6,0,1,0,
43856,0,0.00122672,65,0,1648.0,,3,0,1,0,
43857,0,0.9676503759999999,60,0,4411.0,,15,0,2,0,0.0
43859,1,0.9999998999999999,58,1,0.17379879899999998,2663.0,2,0,0,0,1.0
43860,0,0.120446055,85,0,2866.0,,10,0,1,0,
43861,0,0.60990745,39,1,0.23430178100000001,3200.0,4,1,0,0,5.0
43862,1,0.9999998999999999,34,0,0.0,,0,1,0,0,1.0
43865,1,0.9999998999999999,51,1,0.261873813,10000.0,3,2,1,3,3.0
43866,0,0.322268712,41,3,0.368974953,4750.0,10,0,1,0,0.0
43867,0,0.264083564,41,0,0.24196078399999998,10199.0,16,0,1,0,1.0
43869,0,0.284502706,80,0,3373.0,,19,0,1,0,0.0
43870,0,0.09759502199999999,54,0,0.114150868,12500.0,13,0,0,0,1.0
43871,0,0.654244355,46,0,3507.0,,16,0,2,0,2.0
43873,0,0.0,41,0,0.09564293300000001,3763.0,4,0,0,0,2.0
43874,0,0.200185891,69,0,187.0,,4,0,0,0,0.0
43875,1,0.455693038,62,1,0.325146707,4600.0,4,1,1,0,0.0
43876,0,0.009407727,75,0,0.414977245,2416.0,11,0,0,0,0.0
43878,0,0.008132791,88,0,0.0018939389999999999,1583.0,4,0,0,0,0.0
43879,0,0.5078193129999999,63,0,1596.0,,6,0,1,0,0.0
43881,0,0.064246788,52,0,3612.0,,10,0,2,0,0.0
43882,0,0.19254037300000001,49,0,2689.0,,3,0,1,0,0.0
43883,0,0.270683051,44,0,3480.0,,18,0,1,0,2.0
43885,0,0.066493039,55,0,1420.0,,7,0,1,0,0.0
43886,1,0.9999998999999999,50,2,0.18884473100000002,7296.0,8,5,0,3,1.0
43888,0,0.9999998999999999,38,0,0.543950362,2900.0,4,0,1,0,0.0
43889,0,0.108888996,31,0,0.053611995,2200.0,7,0,0,0,0.0
43890,0,0.016596681000000002,65,0,0.176268525,10188.0,6,0,3,0,0.0
43891,0,0.037095976,74,0,50.0,,4,0,0,0,0.0
43892,0,0.151934218,50,3,0.207237557,9201.0,5,0,1,0,0.0
43893,0,0.039319625,78,0,0.309086395,4027.0,6,0,1,0,0.0
43894,0,0.005823187,55,0,0.00034281800000000005,5833.0,3,0,0,0,1.0
43895,1,1.026378897,23,0,0.280266568,2700.0,5,0,0,0,1.0
43896,0,0.088536546,80,1,0.26297577899999997,2600.0,17,0,1,0,0.0
43900,0,0.049371661,57,0,0.142086217,15750.0,7,0,2,0,0.0
43901,0,0.43557168799999996,40,3,0.060479872999999996,5042.0,4,0,0,0,0.0
43902,0,0.0,66,0,86.0,,4,0,0,0,
43904,0,0.090422739,52,0,771.5,1.0,9,0,1,0,0.0
43905,0,0.0025356239999999998,46,0,0.53323162,10486.0,13,0,4,0,1.0
43907,0,0.017579227,46,0,0.25176417,4392.0,9,0,1,0,1.0
43909,0,0.096445178,56,0,0.18627797,14166.0,3,0,1,0,2.0
43910,1,0.778702163,49,1,0.06572457,7500.0,4,1,0,1,0.0
43911,0,0.225145893,56,1,8081.0,,6,0,2,0,3.0
43913,0,0.596179757,53,0,0.20496583899999998,6000.0,4,0,0,0,2.0
43914,0,0.20008737399999998,32,0,0.576459895,4400.0,8,0,2,0,4.0
43915,0,0.000196075,44,0,2006.0,1.0,6,0,2,0,0.0
43916,1,0.078100935,42,0,0.22467095199999998,9800.0,18,0,2,0,1.0
43917,0,0.6021896870000001,53,1,0.628628344,3513.0,7,0,1,0,2.0
43919,0,0.319158806,47,0,0.48252940200000005,5866.0,14,0,1,0,2.0
43920,0,0.049441002000000005,53,0,0.346696157,14467.0,5,0,3,0,0.0
43921,0,0.123134219,54,1,0.249959023,6100.0,6,0,1,0,0.0
43923,0,0.753681935,38,0,0.41936325700000004,3831.0,6,0,1,0,1.0
43929,0,0.09286986800000001,53,0,0.530244959,6000.0,11,0,2,0,0.0
43930,0,0.08338928,67,1,290.0,,6,0,0,0,0.0
43931,0,0.11209168,73,0,0.503795593,5400.0,6,0,2,0,0.0
43932,0,0.138976837,24,0,0.663824604,820.0,4,0,0,0,0.0
43933,0,0.058941059000000004,33,0,0.2013993,2000.0,4,0,0,0,0.0
43935,0,0.005157794,88,0,0.295400836,5500.0,14,0,1,0,0.0
43936,0,0.0,91,0,1.0,,6,0,0,0,
43937,1,0.037910913,46,0,0.458285527,6100.0,18,0,2,0,1.0
43938,0,0.149488747,67,0,0.35554815100000003,3000.0,5,0,1,0,2.0
43939,0,0.5566977320000001,70,0,0.03375946,62500.0,11,0,2,0,0.0
43940,0,0.130084703,59,0,270.0,,8,0,0,0,0.0
43941,0,0.014676108,79,0,0.060745278,3917.0,14,0,0,0,0.0
43942,0,0.022008532999999997,73,0,28.0,,7,0,0,0,0.0
43943,0,0.08579571,53,0,2290.0,,4,0,1,0,
43944,0,0.613697669,50,0,4320.0,,17,0,3,0,
43945,0,0.049790042,53,0,0.356683587,2954.0,9,0,1,0,2.0
43946,0,0.0,56,0,0.13650690099999999,9200.0,3,0,1,0,1.0
43947,0,0.0,34,0,0.22968435199999998,1488.0,1,0,0,0,1.0
43949,0,0.723047385,54,0,0.261626068,12643.0,13,0,2,0,4.0
43950,0,0.379674506,45,0,0.246761425,11115.0,8,0,1,0,2.0
43952,1,0.663644149,42,1,0.771683329,3700.0,7,0,2,0,0.0
43954,0,0.0,25,0,0.098117995,4728.0,5,0,0,0,1.0
43955,0,0.7715735109999999,63,0,0.7774070540000001,6293.0,16,0,2,0,0.0
43957,0,0.292910425,50,0,0.785728289,5100.0,20,0,2,0,1.0
43959,0,0.030835397999999997,55,0,0.234007833,3063.0,17,0,1,0,1.0
43960,0,0.0019070089999999999,60,0,0.27138331600000004,10416.0,14,0,2,0,0.0
43961,0,0.0013833810000000002,64,0,1434.0,,9,0,1,0,0.0
43962,0,0.9999998999999999,52,0,0.737423185,9600.0,16,0,3,0,2.0
43963,0,0.527365703,46,0,0.436914775,6300.0,9,0,2,0,2.0
43964,0,0.12202202699999999,56,1,0.10579894599999999,5500.0,8,0,1,0,0.0
43965,0,0.41710700799999995,67,0,3193.0,,9,0,2,0,1.0
43966,0,0.34630236200000003,67,0,0.125781793,4316.0,6,0,0,0,0.0
43967,0,0.056180115999999995,86,0,0.36039975,1600.0,6,0,0,0,0.0
43968,0,0.212861936,57,1,0.245400736,6250.0,11,0,1,0,0.0
43969,0,0.93323768,52,0,0.240426323,8068.0,25,0,0,0,0.0
43974,0,0.258859291,41,0,0.365340349,3040.0,7,0,0,0,2.0
43975,0,0.8382161779999999,52,0,0.267323281,11472.0,8,0,1,0,2.0
43977,0,0.04579771,78,0,0.280004844,8256.0,5,0,1,0,1.0
43978,0,0.062336273,58,0,0.42733160600000003,7719.0,24,0,3,0,0.0
43979,0,0.365431976,48,0,0.707642839,4042.0,13,0,1,0,0.0
43980,1,0.9999998999999999,48,98,0.0,1200.0,0,98,0,98,0.0
43982,0,0.32835455399999997,40,2,0.48872785799999996,3725.0,7,3,1,1,2.0
43983,0,0.354327399,28,0,0.151539384,2500.0,4,0,0,0,1.0
43986,0,0.071070404,35,0,1772.0,1.0,12,0,1,0,2.0
43987,0,0.261802315,52,0,0.19365262600000002,8664.0,6,0,2,0,2.0
43989,0,0.149015715,59,1,0.089991347,10400.0,16,0,1,0,2.0
43990,0,0.11782995199999999,62,0,0.460532302,8791.0,10,0,2,0,0.0
43991,0,0.8228804479999999,49,0,0.688655672,6002.0,8,0,1,0,0.0
43993,0,0.742003972,40,1,0.572952087,6469.0,6,0,1,0,0.0
43994,0,0.011045814,47,0,0.295058555,3500.0,5,0,1,0,2.0
43996,0,0.044110391,62,0,0.016522423,5083.0,8,0,0,0,0.0
43997,1,0.0,48,2,0.550743374,4640.0,10,0,3,1,1.0
43998,0,0.292492274,32,0,0.121334681,1977.0,5,0,0,0,1.0
43999,0,0.288933809,52,0,0.707063197,4034.0,9,0,1,0,0.0
44000,0,0.012169695,68,0,0.002332556,3000.0,6,0,0,0,1.0
44002,0,0.0,52,1,0.28671667100000003,8265.0,8,0,1,0,2.0
44006,0,0.0,22,0,0.0,0.0,1,0,0,0,0.0
44008,0,0.669211026,47,0,0.25187597300000003,7062.0,5,0,1,0,1.0
44009,0,0.00398508,44,0,0.401364545,8500.0,12,0,1,0,0.0
44010,0,0.45176649799999996,30,2,0.32229719100000004,6372.0,8,0,2,0,0.0
44011,0,0.785526444,80,0,0.477805349,3626.0,12,0,0,1,0.0
44013,0,0.880336455,33,0,0.260140926,5250.0,14,0,0,0,2.0
44014,0,0.026004017999999997,46,0,0.276993709,5880.0,4,0,1,0,5.0
44015,0,0.21471906300000002,52,0,0.37911369799999994,8416.0,4,0,2,0,2.0
44016,0,0.020498975,25,0,0.022732599,8533.0,2,0,0,0,0.0
44017,0,0.225264045,50,0,0.195734281,4500.0,5,0,0,0,0.0
44018,0,0.20641989800000002,44,0,0.209892002,19166.0,10,0,3,0,0.0
44021,0,0.238067273,82,0,218.0,,2,0,0,0,0.0
44023,0,0.008874723000000001,75,0,0.311483031,2150.0,7,0,1,0,0.0
44024,0,0.0032215409999999996,73,1,0.185740595,3800.0,13,0,1,0,1.0
44028,0,0.001113896,75,0,0.250699212,3932.0,9,0,1,0,0.0
44029,0,0.02596891,56,0,0.24719781899999999,3300.0,4,0,1,0,0.0
44030,0,0.08660145400000001,62,0,0.197818415,15584.0,6,0,2,0,0.0
44032,0,0.012449378,24,0,7.0,,1,0,0,0,0.0
44033,0,0.1966031,62,0,0.5552163529999999,7533.0,24,0,2,0,0.0
44035,1,0.611890029,56,0,0.418179091,6666.0,18,1,1,0,1.0
44037,0,0.0,84,0,0.183877415,1500.0,7,0,0,0,0.0
44038,0,0.005029865,72,0,9.0,,4,0,0,0,0.0
44040,0,0.216810084,63,0,0.30940967,7300.0,11,0,1,0,0.0
44041,0,0.09420128900000001,27,0,0.232115677,1313.0,7,0,0,0,0.0
44042,0,0.11788705,88,0,0.74766098,3633.0,22,0,2,0,0.0
44043,0,0.405311821,52,0,0.49040090299999994,7083.0,11,0,1,0,0.0
44044,0,0.007093175,59,0,3.0,,4,0,0,0,
44046,0,0.05954365,52,0,0.284950123,13833.0,6,0,1,0,0.0
44047,1,0.233234219,65,0,0.493948005,9500.0,10,0,3,0,0.0
44049,1,0.402754915,34,0,0.37540378399999996,4333.0,12,0,0,0,2.0
44050,0,0.063138056,26,0,0.6772228990000001,820.0,8,0,0,0,1.0
44051,1,0.276827003,48,1,0.572063428,9900.0,14,1,4,0,2.0
44052,0,0.347097194,47,0,0.435906078,8900.0,9,0,3,0,0.0
44053,0,0.033785766,48,0,0.363649202,7080.0,8,0,2,0,2.0
44054,0,0.015683421,53,0,0.361567636,5536.0,7,0,1,0,2.0
44055,0,0.039064062000000004,81,0,0.00531084,3200.0,2,0,0,0,0.0
44056,0,0.167183282,30,0,0.102206985,4666.0,3,0,0,0,0.0
44062,0,0.164702625,58,0,669.0,,4,0,1,0,0.0
44063,0,0.11837352699999999,78,0,224.0,,5,0,0,0,0.0
44064,0,0.473258213,62,2,411.0,,7,0,0,0,0.0
44065,0,0.005292009,79,0,0.345730854,5000.0,12,0,1,0,0.0
44066,0,0.030058803999999998,82,0,749.0,,5,0,1,0,1.0
44067,1,0.0009654510000000001,48,0,0.96671979,10666.0,11,0,8,0,3.0
44069,0,0.979777323,69,0,0.101840181,3966.0,3,0,0,0,0.0
44070,0,0.0037559140000000004,58,0,2.0,,2,0,0,0,0.0
44071,0,0.290809705,56,0,0.370648734,15167.0,25,0,1,0,2.0
44073,1,0.801999048,63,1,2084.0,,7,0,1,0,0.0
44074,0,0.02795105,50,0,0.39797874200000005,5738.0,8,0,1,0,0.0
44075,0,0.007727021999999999,29,0,0.16448464699999998,4200.0,13,0,0,0,0.0
44077,0,0.001011592,54,0,1.0,,9,0,0,0,0.0
44079,0,0.002119527,65,0,0.28099703,17170.0,13,0,3,0,1.0
44080,0,0.10004389999999999,37,0,0.42450914,2953.0,6,0,0,0,0.0
44081,1,0.034588857,50,0,880.0,,8,0,1,0,1.0
44082,0,0.318523033,50,1,0.582105263,2849.0,8,0,1,0,1.0
44086,0,0.097912455,66,0,977.0,0.0,11,0,2,0,0.0
44087,0,0.064434245,52,0,0.136763944,5790.0,8,0,1,0,2.0
44088,0,0.271406107,51,0,0.384746304,9400.0,19,0,2,0,0.0
44089,0,0.0,35,0,0.36750157899999997,4750.0,9,0,1,0,1.0
44091,1,0.230358092,62,1,1.916779738,2210.0,16,1,2,0,0.0
44094,0,0.22753027399999998,50,0,0.42083271200000005,6700.0,9,0,1,0,0.0
44095,0,0.9999998999999999,28,1,0.175882745,1500.0,1,0,0,2,0.0
44096,0,0.0,24,1,0.0,820.0,1,0,0,0,0.0
44097,0,0.053582829000000005,68,0,0.33801675200000003,3700.0,9,0,1,0,1.0
44098,0,0.0,40,0,0.002306805,2600.0,10,0,0,0,0.0
44099,0,0.0,36,0,1.187906047,2000.0,7,0,2,0,0.0
44100,1,0.24261374300000002,43,0,9052.0,,16,0,4,0,0.0
44101,0,0.40618118700000005,56,0,0.338107699,7260.0,9,0,2,0,5.0
44104,0,0.14373541199999998,46,0,0.461661626,5620.0,11,0,2,0,0.0
44105,0,0.017988689,55,0,0.083783243,5000.0,16,0,0,0,0.0
44108,0,0.6354256620000001,46,0,0.49726377200000005,5481.0,6,0,1,0,1.0
44110,0,0.12071476699999999,49,0,0.187866253,2900.0,4,0,0,0,0.0
44111,0,0.048762596,69,0,0.224727273,1374.0,9,0,0,1,2.0
44112,0,0.8633591559999999,41,0,0.652143523,4291.0,13,0,2,0,2.0
44113,0,0.065461085,66,0,0.208576795,9583.0,3,0,1,0,0.0
44115,0,0.030801232999999997,44,0,1126.0,,8,0,0,0,0.0
44117,0,0.054018777999999996,48,0,0.23323397899999998,8051.0,7,0,1,0,0.0
44119,0,0.12706016,64,0,0.268237935,9800.0,8,0,2,0,2.0
44121,0,0.041955089,63,0,0.259480704,23916.0,16,0,3,0,0.0
44122,0,0.043132375,39,0,0.376618639,5482.0,7,0,1,0,2.0
44123,0,0.217492398,34,0,0.297989793,9600.0,8,0,2,0,1.0
44124,0,1.114377125,69,1,6.2901391879999995,5100.0,5,0,1,0,0.0
44125,0,0.13829768,52,0,4245.0,,10,0,3,0,0.0
44126,0,0.008350896,61,0,2190.0,,11,0,3,0,1.0
44128,0,0.079021829,50,0,0.37708898700000004,7000.0,13,0,3,0,2.0
44129,0,0.7675292990000001,68,0,0.503300804,6967.0,3,0,1,0,0.0
44130,0,0.09155638,57,0,0.234553089,5000.0,6,0,1,0,0.0
44132,0,0.04744479,69,0,0.053053525,4240.0,5,0,0,0,2.0
44133,0,0.140704968,37,0,0.14675413,25000.0,11,0,2,0,0.0
44135,0,0.846731584,54,0,0.493640509,8333.0,11,0,1,0,2.0
44136,0,0.023761905,76,0,0.162973635,34704.0,25,0,1,0,1.0
44138,0,0.72379969,60,0,0.6398984289999999,6300.0,13,0,1,0,0.0
44139,0,0.054458594000000006,54,0,0.163347267,12200.0,14,0,1,0,1.0
44140,0,0.9999998999999999,44,0,0.24211917800000002,9833.0,8,0,2,0,3.0
44141,0,0.437883939,35,0,0.122728831,8750.0,8,0,0,0,3.0
44142,0,0.166065498,62,0,0.368796965,13440.0,8,0,2,0,1.0
44145,0,0.36350125200000005,71,0,0.249824138,9950.0,9,0,0,0,0.0
44149,0,0.809213385,59,0,0.425359151,1600.0,6,0,1,0,0.0
44150,0,0.0,28,0,250.0,,4,0,0,0,0.0
44151,0,0.872170439,50,0,0.070505001,8197.0,3,2,0,0,1.0
44152,0,0.389402929,57,0,0.20552378899999998,9268.0,11,0,2,0,0.0
44153,0,0.24628402100000002,34,0,0.564692675,7125.0,8,0,2,0,2.0
44154,0,0.229533972,59,1,2420.0,,13,0,1,0,0.0
44156,0,0.152694449,32,0,0.012921088999999998,6500.0,4,0,0,0,0.0
44157,0,0.04904735,30,0,0.10653169400000001,4148.0,3,0,0,0,0.0
44158,0,0.0,65,0,0.0,,3,0,0,0,0.0
44160,0,0.0,68,0,0.0,,11,0,0,0,0.0
44162,0,0.9999998999999999,72,0,0.0,7425.0,5,0,0,0,0.0
44163,0,0.025830151000000003,28,0,0.060505489,7833.0,4,0,0,0,0.0
44164,0,0.7682191279999999,68,1,0.6879302429999999,2178.0,12,0,1,0,0.0
44165,0,0.994333806,60,0,0.257150791,3600.0,6,0,0,0,0.0
44167,0,0.553194813,28,0,0.203246295,4250.0,3,0,0,0,1.0
44168,0,0.306263838,61,0,0.282746861,6450.0,10,0,2,0,1.0
44169,0,0.9999998999999999,50,0,0.0,,1,0,0,0,0.0
44170,0,0.190095435,38,2,0.034341954,9550.0,10,0,0,0,0.0
44171,0,0.081727464,45,0,1291.0,0.0,5,0,1,0,3.0
44173,0,0.9999998999999999,34,0,3094.0,,1,0,1,0,0.0
44175,1,0.160165851,63,0,0.37132553799999996,9150.0,17,0,2,0,0.0
44176,0,0.975300617,45,0,0.17209339899999998,12376.0,11,0,0,0,0.0
44177,0,0.0,40,0,0.365439093,6000.0,7,0,2,0,2.0
44178,0,0.006877713000000001,66,0,4.0,,1,0,0,0,0.0
44180,0,0.017214705,60,0,0.11602765599999999,7954.0,14,0,1,0,1.0
44181,1,0.513945853,57,0,0.538973051,20000.0,27,0,4,0,0.0
44182,1,0.36946836899999996,48,2,377.0,,6,0,0,1,0.0
44183,0,0.9999998999999999,25,1,0.145441562,4200.0,1,0,0,0,0.0
44185,0,0.9999998999999999,61,2,0.702710414,3504.0,3,3,1,0,2.0
44186,0,0.0,40,1,552.0,,6,0,1,0,0.0
44190,0,0.092991165,54,0,0.570959043,11865.0,26,0,5,0,0.0
44192,0,0.014179253999999999,56,0,2117.0,,9,0,1,0,0.0
44193,0,0.504896605,81,0,0.851962245,4025.0,12,0,2,0,0.0
44194,0,0.322795341,36,1,0.191890947,2860.0,5,0,0,0,0.0
44195,0,0.023569745,52,0,0.056616195,6075.0,2,0,0,0,2.0
44197,0,0.029328085,62,0,0.293610643,5336.0,13,0,2,0,0.0
44198,0,0.8959075609999999,53,0,0.477380952,4199.0,8,0,0,0,0.0
44199,0,0.618984135,34,2,0.389049786,7250.0,5,0,2,1,0.0
44200,0,0.866323559,57,0,0.309406362,5878.0,8,0,2,0,0.0
44201,0,0.032953048,73,0,21.0,,1,0,0,0,0.0
44202,0,0.9999998999999999,60,0,0.115722508,3300.0,4,0,0,0,0.0
44203,0,0.14654029300000002,39,0,0.35852829399999997,5000.0,11,0,2,0,3.0
44205,0,0.194436689,55,0,0.183471455,4343.0,7,0,1,0,1.0
44207,0,0.131690786,66,0,0.118234804,1200.0,5,0,0,0,0.0
44208,0,0.23528869600000002,61,0,0.40727446799999995,4178.0,7,0,2,0,0.0
44209,0,0.455845248,35,0,0.239617512,10666.0,8,0,2,0,2.0
44210,0,0.419183233,57,0,0.323486565,12355.0,7,0,1,0,0.0
44212,0,0.42309615100000003,25,0,0.821571238,750.0,7,0,0,1,0.0
44215,0,0.044762344,25,0,0.0019996,5000.0,3,0,0,0,0.0
44216,0,0.010869338999999999,47,0,0.192683214,8500.0,17,0,1,0,0.0
44218,1,0.909660323,37,0,0.130504661,3110.0,4,0,0,0,1.0
44219,0,0.9999998999999999,41,0,3.495207668,625.0,3,0,2,0,0.0
44220,0,0.009829369000000001,81,0,0.00270027,2221.0,3,0,0,0,0.0
44221,0,0.812747344,28,0,0.12490386099999999,6500.0,6,0,0,0,1.0
44222,0,0.961673054,43,0,0.576656261,5765.0,9,0,1,1,0.0
44223,0,0.024552827000000003,26,0,0.14186597,12250.0,5,0,1,0,1.0
44224,0,0.013159473999999999,87,0,12.0,,7,0,0,0,0.0
44226,0,0.9999998999999999,43,0,0.505496829,9459.0,7,0,2,0,2.0
44229,0,0.303138246,50,0,0.397145714,11000.0,16,0,3,0,0.0
44230,1,0.97729006,53,0,0.423527789,7250.0,5,0,2,0,4.0
44231,0,0.9999998999999999,71,0,0.001289491,1550.0,6,0,0,0,0.0
44232,0,0.108441206,33,0,0.177508145,8900.0,8,0,2,0,2.0
44234,0,0.160367926,56,0,831.0,,7,0,1,0,1.0
44235,0,0.5198000770000001,35,1,0.618531664,5352.0,8,0,2,0,3.0
44236,0,0.083997066,36,0,0.424715057,5000.0,15,0,2,0,2.0
44238,1,1.054678999,49,2,1.004498875,4000.0,10,0,1,0,0.0
44239,0,0.127504863,67,0,0.544229515,4600.0,11,0,2,0,0.0
44240,0,0.074689966,53,0,0.201820377,10766.0,8,0,1,0,2.0
44243,0,0.498756563,52,3,0.666143893,5100.0,16,0,1,0,1.0
44248,0,0.041697915,87,0,24.0,,5,0,0,0,0.0
44249,0,0.9163040459999999,48,3,2.324797002,1600.0,10,0,2,0,2.0
44251,0,0.23547975899999998,41,0,0.304126522,5500.0,10,0,2,0,2.0
44252,0,0.0,63,0,0.017734427,4510.0,8,0,0,0,1.0
44253,1,0.9999998999999999,26,1,0.291758762,3166.0,3,4,1,1,0.0
44254,0,0.516041773,39,0,0.837027162,6000.0,16,0,3,1,1.0
44256,0,0.733579506,29,0,776.5,1.0,9,0,1,0,0.0
44258,0,0.07597438200000001,71,0,0.44334862399999997,4359.0,6,0,1,0,1.0
44259,0,0.727372743,39,1,0.510783718,6583.0,8,0,2,0,0.0
44260,0,0.9999998999999999,38,0,0.49825038899999996,5143.0,1,0,1,0,2.0
44261,0,0.0015577170000000001,82,0,0.0009535160000000001,4194.0,12,0,0,0,0.0
44266,0,0.017389731999999998,73,0,0.007596961,2500.0,5,0,0,0,0.0
44267,0,0.032931836,64,0,0.145427002,5280.0,11,0,0,0,0.0
44270,1,0.88384755,45,0,28.0,,2,0,0,0,3.0
44272,0,0.032136382000000005,53,0,0.011699415,6666.0,11,0,0,0,0.0
44273,0,0.01456004,74,0,0.132637192,4500.0,7,0,1,0,0.0
44274,0,0.025450801000000002,74,0,0.31404848,7466.0,14,0,1,0,2.0
44276,0,0.9999998999999999,31,0,0.10488937400000001,3660.0,4,0,0,0,1.0
44278,0,0.22675464899999997,38,0,0.261435929,3300.0,4,0,0,0,0.0
44279,0,0.23323860600000001,48,0,0.343349536,9051.0,8,0,2,0,1.0
44280,0,0.028062567000000004,32,0,39.0,0.0,5,0,0,0,0.0
44282,0,0.0,68,0,0.16652245,10400.0,22,0,2,0,0.0
44283,0,0.19626937100000003,78,0,0.298150163,3675.0,9,1,1,0,1.0
44284,0,0.286361545,44,0,0.246318065,7400.0,6,0,0,0,3.0
44285,0,0.02789927,64,0,0.004565725,9417.0,4,0,0,0,0.0
44289,0,0.534949046,49,0,0.725689405,6200.0,12,0,2,0,4.0
44294,0,0.9999998999999999,77,0,0.137766189,2300.0,1,0,0,0,0.0
44295,0,0.480988469,49,0,0.302861351,9505.0,14,0,1,0,3.0
44296,0,0.5082295029999999,40,0,0.22626079100000002,2200.0,3,0,0,0,0.0
44297,0,0.0,55,0,0.322343077,8825.0,4,0,3,0,3.0
44298,0,0.982035928,76,0,34.0,,1,0,0,0,
44299,0,0.904091835,63,2,903.0,,8,1,1,0,
44302,0,0.06719552,61,0,0.288229151,6702.0,9,0,1,0,0.0
44304,0,0.12038977,64,0,0.292123085,22000.0,24,0,2,0,0.0
44306,0,0.9444493820000001,41,0,0.672443674,7500.0,6,0,2,0,2.0
44307,0,0.016260163,49,0,0.120864662,5319.0,7,0,0,0,0.0
44308,0,0.616067812,38,0,0.240069686,2869.0,8,0,0,2,1.0
44309,0,0.158448052,47,0,0.41816189600000003,7300.0,17,0,3,0,1.0
44310,0,0.9999998999999999,32,0,0.129181084,2600.0,5,0,0,0,3.0
44315,0,0.81819462,39,0,0.648905411,2420.0,10,0,1,0,1.0
44316,0,0.26285444,53,0,4928.0,,6,0,1,0,3.0
44319,0,0.8545593840000001,63,0,0.548901054,12238.0,12,0,2,0,0.0
44320,0,0.20219297100000003,34,3,0.49898467799999996,5416.0,14,0,1,0,3.0
44321,0,0.0037855790000000003,46,1,0.335161696,8750.0,17,0,1,0,2.0
44322,0,0.0,30,0,0.330415755,14166.0,12,0,3,0,0.0
44323,0,0.0,39,0,0.352274621,6000.0,8,0,1,0,3.0
44324,0,0.41493325799999997,32,0,0.23898228100000002,2200.0,4,0,0,0,1.0
44326,0,0.00131572,58,0,0.000150932,13250.0,5,0,0,0,1.0
44327,0,0.057091074000000006,64,1,0.17970145,14000.0,6,0,1,0,1.0
44329,0,0.41822311100000004,43,3,2.0074668140000003,3615.0,13,0,2,3,1.0
44331,0,0.0,87,0,0.0,,4,0,0,0,0.0
44332,0,0.0,43,0,0.066538852,8866.0,6,1,0,0,0.0
44333,1,0.9999998999999999,35,98,0.008663779,3000.0,0,98,0,98,0.0
44334,0,0.229834332,46,0,0.378684545,8650.0,14,0,2,0,2.0
44336,0,0.07490218,57,0,0.27452364100000004,5667.0,12,0,0,0,0.0
44338,0,0.0,59,0,0.20197307,7500.0,13,0,1,0,0.0
44339,0,0.031542753,44,0,0.38480337700000006,4500.0,7,0,1,0,0.0
44340,0,0.00749875,70,0,0.227172717,3635.0,7,1,1,0,0.0
44341,0,0.7611450359999999,65,0,0.7835541109999999,4000.0,6,0,1,0,1.0
44342,0,0.0,68,0,0.0,7000.0,5,0,0,0,0.0
44344,0,0.001905509,83,1,0.007998,4000.0,26,0,0,0,0.0
44346,0,0.016240398,49,0,0.31347461,2500.0,10,0,1,0,1.0
44348,0,0.7920979990000001,57,1,0.618884365,14000.0,18,0,2,0,3.0
44349,0,0.284715285,24,1,127.0,0.0,7,0,0,0,0.0
44351,1,0.698147602,58,0,0.407600471,5946.0,11,0,1,0,1.0
44352,0,0.22023047399999998,48,0,930.0,,3,0,2,0,0.0
44354,0,0.9999998999999999,30,1,0.0,2232.0,0,1,0,0,0.0
44355,0,0.34424204700000005,52,0,0.49032212,14000.0,9,0,1,0,0.0
44356,0,0.647821238,50,1,0.131468427,13333.0,7,1,2,1,1.0
44357,0,0.925515448,54,2,0.28247452300000003,6966.0,7,0,0,5,0.0
44358,0,0.011992005,41,5,0.033704656,3500.0,5,1,0,1,2.0
44359,0,0.9999998999999999,35,1,78.0,,3,0,0,0,0.0
44360,0,0.520273986,33,0,0.626580418,3400.0,7,0,2,0,0.0
44363,0,0.978952907,49,0,0.521285476,9583.0,3,1,1,1,0.0
44367,0,0.085625324,67,0,0.386176632,3645.0,8,0,1,0,0.0
44368,0,0.009613866,54,0,0.152894121,13250.0,10,0,1,0,4.0
44369,0,0.14826942699999998,29,1,0.13167205,6500.0,14,0,0,0,1.0
44370,0,0.0,54,1,0.336820875,7932.0,13,1,1,0,0.0
44372,0,0.029298535,61,0,1160.0,,4,0,1,0,0.0
44373,0,0.198872761,74,0,0.057630109000000006,3400.0,3,0,0,0,0.0
44375,0,0.027698537000000002,81,0,276.0,0.0,8,0,0,0,1.0
44376,0,0.022895238,51,0,0.323938297,5250.0,15,0,1,0,0.0
44377,0,0.081686933,55,0,1.025374856,2600.0,11,0,1,0,0.0
44379,0,0.033380158,56,0,1769.0,,8,0,2,0,
44380,0,0.767246653,54,1,0.73816568,4055.0,18,0,3,0,0.0
44381,1,0.004188394000000001,73,0,0.328009663,7450.0,6,0,3,0,0.0
44382,0,0.0,50,0,0.384102279,3597.0,5,0,2,0,0.0
44384,0,0.01160135,51,0,0.027099457999999996,50000.0,19,0,1,0,0.0
44385,0,0.038042183,60,0,845.0,,14,0,1,0,0.0
44387,0,0.892461497,38,0,0.094056656,5400.0,4,0,0,0,0.0
44388,0,0.0,39,0,2134.0,,4,0,1,0,0.0
44389,1,0.864872442,43,5,4210.0,,12,0,2,1,0.0
44390,0,0.0,49,1,3.837606838,350.0,7,2,1,0,4.0
44391,0,0.8732588490000001,79,0,0.7047927079999999,3400.0,11,0,2,0,0.0
44392,0,0.0,71,0,0.007570347,7000.0,2,0,0,0,1.0
44393,0,0.046949218,56,0,0.18340270600000003,11531.0,9,0,1,0,2.0
44394,0,0.017961819,68,0,2413.0,,10,0,2,0,0.0
44395,0,0.25401247,75,0,0.58459266,8800.0,15,0,2,0,0.0
44396,0,0.031353675,46,0,0.352594464,9500.0,13,0,3,0,2.0
44397,0,0.24420064,31,0,0.616489694,1600.0,7,0,1,0,0.0
44399,0,0.028245967,63,0,0.110179061,6198.0,5,0,1,0,4.0
44400,0,0.9585216590000001,38,0,1.2238880559999998,2000.0,5,0,0,0,2.0
44404,0,0.190192392,49,0,385.0,,6,0,1,0,0.0
44406,1,0.8145580590000001,48,2,0.800799467,1500.0,3,3,0,0,0.0
44409,0,0.6592172620000001,51,2,0.523377213,11014.0,18,0,2,0,5.0
44413,0,0.039078954,47,0,3609.0,,16,0,3,0,0.0
44417,0,0.9999998999999999,53,0,0.365244137,2600.0,2,0,0,0,2.0
44420,0,0.01281434,49,0,264.5,1.0,7,0,0,0,0.0
44421,0,0.013688022,72,0,0.11480941800000001,13038.0,8,0,2,0,2.0
44423,0,0.802443111,47,3,0.31882677800000003,10500.0,7,0,1,0,1.0
44424,0,0.08485025,63,0,0.013596374,3750.0,5,0,0,0,0.0
44425,0,0.026212956000000003,36,0,0.143434646,6678.0,5,0,0,0,2.0
44428,0,0.159230598,48,0,0.273396257,6250.0,8,0,1,0,1.0
44429,0,0.9999998999999999,42,0,0.739506995,3001.0,10,0,1,0,0.0
44430,0,0.0,67,0,3795.0,,14,0,2,0,0.0
44431,0,0.316785222,27,2,0.490892936,2250.0,11,0,0,0,0.0
44432,1,0.421496641,29,1,0.15294438400000002,3667.0,15,1,0,0,0.0
44433,0,0.664335664,27,0,0.116836961,2250.0,2,0,0,0,1.0
44434,0,0.9428514290000001,38,0,6624.0,,6,0,3,0,0.0
44435,0,0.019153063999999997,63,0,0.219169593,4840.0,13,0,1,0,2.0
44436,0,0.758933036,57,0,5479.0,,7,0,1,0,3.0
44437,0,0.004178643,61,0,0.18166238199999998,3500.0,19,0,0,0,1.0
44438,0,0.129774045,56,0,19.0,,4,0,0,0,
44439,0,0.011042768,72,0,8.0,,5,0,0,0,0.0
44441,0,0.007635219,69,0,0.073490814,8000.0,12,0,0,0,0.0
44442,0,0.9999998999999999,60,0,0.311211099,8000.0,8,0,1,0,0.0
44443,0,0.0,65,0,0.0,6761.0,5,0,0,0,0.0
44445,0,0.311726126,38,0,0.52478903,3791.0,5,0,1,0,3.0
44446,0,0.048761887999999996,55,0,0.18997546399999998,5705.0,9,0,2,0,1.0
44448,0,0.022180766,73,0,0.004427334000000001,10389.0,17,0,0,0,0.0
44449,0,0.9999998999999999,57,0,419.0,,1,0,0,0,1.0
44453,0,0.9999998999999999,52,2,0.150880533,4201.0,2,0,0,0,0.0
44454,0,0.0,67,0,0.256691216,11133.0,8,0,1,0,1.0
44455,0,0.114672795,54,1,0.273011269,8962.0,5,0,1,0,0.0
44457,0,0.8254583129999999,65,0,0.9526982009999999,1500.0,5,0,1,0,0.0
44458,0,0.06853778599999999,32,0,0.19103111,9610.0,7,0,1,0,0.0
44459,0,0.096069869,29,0,0.015596881000000002,5000.0,5,0,0,0,0.0
44460,1,0.9999998999999999,32,2,0.307128581,1500.0,1,1,0,0,3.0
44463,0,0.35315083399999997,33,0,0.10234148900000001,3800.0,3,0,0,0,0.0
44466,0,0.0,58,0,0.264157341,2948.0,10,0,0,0,0.0
44470,1,0.943821844,39,0,0.972237646,1800.0,6,1,1,0,1.0
44475,0,0.007989362,67,0,20.0,,9,0,0,0,0.0
44479,1,0.090149223,46,0,0.832866853,2500.0,15,0,2,0,0.0
44480,0,0.009346499,67,0,0.47793035799999994,4077.0,6,0,2,0,0.0
44481,0,0.00615732,60,0,0.214733542,5103.0,16,0,1,0,0.0
44482,0,0.034603873,63,0,0.098831702,9500.0,10,0,1,0,0.0
44483,0,0.051615892000000003,49,2,0.8483844759999999,16000.0,23,0,9,0,4.0
44484,0,0.838711333,41,1,0.72868017,7750.0,19,0,2,0,3.0
44485,0,0.0414633,54,0,6461.0,,13,0,3,0,0.0
44486,0,0.841698396,40,0,0.43822899299999996,4200.0,16,0,0,0,1.0
44488,0,0.244895095,70,0,108.0,,7,0,0,0,
44489,0,0.160418657,45,3,0.39262766299999996,8870.0,16,0,1,0,1.0
44490,0,0.085938649,53,0,0.6208061420000001,13024.0,14,0,5,0,2.0
44491,0,0.5450771520000001,45,0,0.284971503,10000.0,10,0,2,0,1.0
44492,0,0.20341138600000003,48,1,0.334628127,8752.0,9,0,1,0,0.0
44493,0,0.098651771,48,0,85.0,,2,0,0,0,0.0
44494,0,0.16978976699999998,53,0,0.19797525300000002,2666.0,7,0,0,0,0.0
44495,0,0.012126052,56,0,0.116711671,6665.0,13,0,1,0,0.0
44497,0,0.01621826,49,0,0.26267951300000003,5500.0,11,0,1,0,2.0
44498,0,0.030804578,39,0,0.090781844,5000.0,5,0,0,0,2.0
44501,0,0.028172687999999998,49,0,0.35876486799999996,8322.0,4,0,2,0,0.0
44503,0,0.031393579,62,0,1663.0,1.0,12,0,3,0,0.0
44504,0,0.9999998999999999,52,0,0.378046579,5538.0,4,0,2,0,0.0
44505,0,0.20256285699999999,45,0,2255.0,,22,0,2,0,0.0
44506,0,0.07971921400000001,49,0,0.45322653799999996,6616.0,16,0,2,0,0.0
44507,0,0.0164781,68,0,10.0,0.0,6,0,0,0,0.0
44508,0,0.09033657099999999,84,0,0.024665402000000003,19500.0,17,0,0,0,0.0
44510,0,0.04938166099999999,68,0,0.904849192,6000.0,20,0,4,0,0.0
44511,0,0.025115695,66,0,0.256467207,7653.0,5,0,2,0,3.0
44512,0,0.460892956,39,0,1456.0,,6,0,1,0,2.0
44513,0,0.010226808,49,0,3516.0,,11,0,2,0,3.0
44514,0,0.003788379,70,0,5519.0,0.0,9,0,2,0,0.0
44516,0,0.046821182,55,0,0.23733898,17000.0,7,0,2,0,0.0
44517,0,0.16224744900000002,40,0,940.0,0.0,9,0,2,0,0.0
44518,0,0.958910585,54,0,0.6419154420000001,6598.0,11,0,2,0,0.0
44519,0,0.203418885,41,0,0.486360192,7917.0,5,0,1,0,1.0
44521,0,0.012052783000000001,88,0,0.007495901,4268.0,7,0,0,0,0.0
44523,0,0.0,39,0,4288.0,,9,0,2,0,0.0
44524,0,0.582697981,61,1,0.409380113,5500.0,12,0,1,0,0.0
44525,0,0.09073882300000001,58,0,1.100973236,3287.0,14,0,3,0,0.0
44526,0,0.041882635,74,0,609.0,,10,0,0,0,0.0
44527,0,0.710013488,43,0,0.5162169529999999,3668.0,4,0,2,0,1.0
44528,0,0.9999998999999999,63,0,72.0,,1,0,0,0,0.0
44529,0,0.0,44,0,0.017518599,4166.0,3,0,0,0,2.0
44530,0,0.026152464,40,0,0.494635799,3541.0,11,0,1,0,2.0
44532,0,0.09054027,56,0,2401.0,,9,0,1,0,0.0
44533,0,0.14045227300000002,76,0,0.154860668,4700.0,4,0,1,0,0.0
44534,0,0.065054146,50,0,0.6182562,3910.0,8,0,1,0,1.0
44535,0,0.438677821,55,0,3.920918367,783.0,14,0,2,0,1.0
44536,0,0.0,47,0,0.165703065,9166.0,4,0,1,0,2.0
44537,0,0.20614099600000002,54,0,214.0,,7,0,0,0,0.0
44538,0,0.35609720899999997,39,0,0.655668866,5000.0,8,0,1,0,0.0
44540,0,0.14198709199999998,36,0,0.042435424000000006,1083.0,3,0,0,0,0.0
44541,0,0.363150265,57,1,1.635711439,2508.0,20,0,1,0,0.0
44543,0,0.005512173,28,1,0.20338983100000002,6666.0,8,0,0,0,0.0
44544,0,0.271792027,83,0,2274.0,,20,0,1,0,1.0
44545,0,0.000256405,53,0,0.334590333,5833.0,15,0,2,0,1.0
44547,0,0.556081837,30,0,0.18254497,1500.0,4,0,0,0,0.0
44548,0,0.9999998999999999,33,0,0.0,3375.0,1,0,0,0,3.0
44550,0,0.0012599010000000001,46,0,0.257060174,10020.0,21,0,1,0,1.0
44553,0,0.7918409829999999,48,1,6103.0,,7,0,1,0,0.0
44554,1,0.9999998999999999,64,0,0.0,1917.0,0,0,0,0,0.0
44555,0,0.009269404,73,0,4148.0,,9,0,2,0,0.0
44556,0,0.008850865999999999,44,0,0.00188566,11666.0,7,0,0,0,4.0
44557,0,0.0,51,0,0.435629676,6415.0,10,0,2,0,1.0
44559,0,0.689241898,30,0,0.445702865,1500.0,6,0,0,0,0.0
44560,0,0.131877843,62,0,0.103145574,4100.0,9,0,0,0,1.0
44561,1,0.6812749,47,1,0.027597792000000003,8333.0,2,0,0,0,0.0
44562,0,0.25345284100000004,73,0,17.75704989,460.0,13,0,0,0,0.0
44563,0,2028.0,29,0,0.151155528,1600.0,4,0,0,0,0.0
44565,0,0.017709653,83,0,0.007498296,4400.0,6,0,0,0,0.0
44566,0,0.747508306,23,2,0.188632105,1600.0,2,1,0,0,0.0
44567,0,0.037723618,52,0,544.0,,11,0,1,0,
44569,0,0.988023952,27,0,0.71503268,764.0,4,1,0,1,0.0
44570,0,0.11358864099999999,47,0,0.195467422,6000.0,5,0,2,0,0.0
44571,0,0.011999797,72,0,0.02061123,5627.0,8,0,0,0,0.0
44572,0,0.5902106229999999,40,0,0.20350372,8333.0,10,0,0,0,1.0
44573,0,0.6136706820000001,44,0,4416.0,,5,0,1,0,0.0
44574,0,0.45616539899999997,52,0,0.407129649,9733.0,23,0,1,0,0.0
44575,0,0.016609004,66,0,0.112962638,5700.0,7,0,1,0,1.0
44576,0,0.0,28,0,0.180409795,2000.0,7,0,0,0,0.0
44580,0,0.265879834,54,0,0.25713125600000003,9850.0,9,0,2,0,0.0
44581,0,0.9999998999999999,44,0,905.0,,6,0,1,0,0.0
44582,0,0.03848729,24,0,52.0,0.0,7,0,0,0,0.0
44584,0,0.0,26,0,72.0,0.0,2,0,0,0,0.0
44585,0,0.081682101,41,2,0.255725617,8950.0,12,1,1,2,1.0
44586,0,0.0,77,0,0.0,,3,0,0,0,
44587,0,0.19617373300000002,55,0,56.0,,1,0,0,0,0.0
44588,0,0.767032791,54,1,0.438328466,4450.0,17,0,0,0,1.0
44590,0,0.13212484800000002,62,0,0.217662338,3849.0,7,0,1,0,2.0
44591,0,0.19440844300000001,27,1,0.17401181300000002,2200.0,4,0,0,0,0.0
44593,0,0.123990462,50,1,0.301606329,8341.0,9,0,2,1,2.0
44594,0,0.892124189,29,0,0.152390641,4914.0,4,0,0,0,1.0
44595,0,0.035721468,56,0,0.23325956899999997,12200.0,14,0,1,0,1.0
44596,0,0.9999998999999999,74,0,3618.0,,2,0,1,0,
44599,0,0.930373236,38,0,0.288575042,4743.0,7,0,0,0,1.0
44600,0,0.00832697,88,0,1723.0,,8,0,1,0,
44601,0,0.030933616,58,0,0.008618128000000001,3364.0,2,0,0,0,0.0
44602,0,0.048134610999999994,48,0,0.150803896,8520.0,3,0,1,0,2.0
44603,0,0.001630242,70,0,3066.0,,21,0,2,0,0.0
44605,0,0.133693994,55,0,0.139332514,9767.0,6,0,1,0,2.0
44607,0,0.12349943199999999,73,0,153.0,,5,0,0,0,0.0
44608,0,0.5293196179999999,27,0,0.140700809,7419.0,15,0,0,0,0.0
44609,1,0.0077266869999999994,72,0,1.0200966679999999,3930.0,13,0,4,0,1.0
44611,0,0.0,59,0,0.13392378800000002,28000.0,11,0,2,0,2.0
44614,0,0.525849757,45,0,0.5476221,7800.0,9,0,2,0,2.0
44615,0,0.053877845,85,0,0.008888889,4499.0,5,0,0,0,0.0
44616,0,0.354721916,57,0,6659.0,,28,0,2,0,0.0
44617,0,0.0,47,0,0.5604606529999999,2083.0,4,0,1,0,1.0
44618,0,0.5943361070000001,63,0,0.124127523,5300.0,9,0,0,0,0.0
44619,0,0.013784896000000001,40,0,0.386461354,10000.0,7,0,2,0,3.0
44620,0,0.083573392,30,0,3480.0,,12,0,2,0,0.0
44622,0,0.010027652,66,0,0.101582015,1200.0,16,0,0,0,2.0
44623,0,0.327210171,53,1,0.509440621,11333.0,13,0,2,0,2.0
44624,0,0.196251536,57,0,0.402354459,6200.0,6,0,2,0,1.0
44625,0,0.065051942,43,0,0.0058323609999999994,6000.0,2,0,0,0,0.0
44627,0,0.021499427999999998,78,0,0.052486878,4000.0,17,0,0,0,0.0
44630,0,0.011524655,48,0,0.16468650699999998,8500.0,4,0,1,0,1.0
44631,0,0.019712331,65,0,0.351960893,9000.0,31,0,2,0,0.0
44632,0,0.9580052490000001,54,2,0.09202454,4400.0,1,2,0,0,0.0
44633,0,0.9999998999999999,32,0,0.135731415,4169.0,6,0,1,0,0.0
44634,0,2.706323419,34,1,0.105080949,9820.0,7,0,0,0,0.0
44636,0,0.08817179900000001,36,0,0.165944685,3000.0,4,0,0,0,2.0
44637,0,0.9999998999999999,45,0,44.0,0.0,1,0,0,0,0.0
44638,0,0.110363931,63,0,0.042067577,4468.0,9,0,0,0,0.0
44639,0,0.256975821,59,0,0.384508884,13000.0,18,0,2,0,0.0
44640,0,0.9999998999999999,30,2,0.014025663999999998,3350.0,2,0,0,0,0.0
44644,1,0.93675288,28,0,0.037603734,3855.0,3,0,0,0,1.0
44645,0,0.586109599,49,0,0.11123262,6400.0,4,0,0,0,0.0
44646,0,0.41245353799999995,77,0,0.36042638200000005,1500.0,7,0,0,0,0.0
44647,0,0.0,41,0,1886.0,,4,0,1,0,0.0
44648,0,0.028898555,35,0,0.002450274,6937.0,1,0,0,0,1.0
44650,1,0.950585547,41,2,0.32111476,11266.0,6,1,1,0,0.0
44651,0,0.003402541,44,0,1162.0,,5,0,1,0,0.0
44652,0,0.14914712900000002,66,0,0.40435328600000003,7166.0,13,0,2,0,1.0
44653,0,0.956252187,66,0,1877.0,,4,0,0,0,0.0
44656,0,0.05546008,41,0,0.028204752000000003,74880.0,9,0,1,0,3.0
44658,0,0.204613128,34,0,0.114710823,4166.0,6,0,0,0,0.0
44660,0,0.873897189,25,0,0.16005873699999998,4766.0,5,0,0,0,2.0
44662,0,0.245941515,45,0,0.159877956,6554.0,12,0,0,0,4.0
44663,1,0.029985007,48,0,0.20339971699999998,12000.0,4,0,1,1,0.0
44664,1,0.8847248190000001,54,0,0.32395467,7676.0,11,0,2,0,0.0
44665,0,0.9999998999999999,59,0,0.0,2500.0,0,0,0,0,0.0
44666,0,0.7890576640000001,56,0,1788.0,,11,0,0,0,0.0
44667,0,0.0,60,1,2555.0,,11,0,1,0,0.0
44668,1,0.876308278,45,0,477.0,,4,1,0,1,0.0
44669,0,0.08798743,65,0,0.17594972899999997,7001.0,5,0,2,0,0.0
44670,0,0.51969605,59,1,4174.0,,11,0,1,0,0.0
44671,0,0.323845793,55,0,0.40855079200000005,8583.0,12,0,2,0,2.0
44673,0,0.14132552199999998,43,0,0.451711563,8500.0,8,0,1,0,0.0
44674,0,0.12143246699999999,41,1,0.42789015,6080.0,4,0,1,0,0.0
44675,0,0.06320358599999999,80,0,0.042916474,2166.0,10,0,0,0,0.0
44676,0,0.0035357809999999996,68,0,0.001419446,1408.0,6,0,0,0,0.0
44678,0,0.44950721299999996,40,0,0.819635717,2250.0,5,1,0,0,1.0
44679,0,0.9999998999999999,66,0,6026.0,,4,0,3,0,0.0
44680,0,0.344083651,53,0,0.118710775,9400.0,8,0,0,0,1.0
44681,0,0.9999998999999999,84,1,1813.0,,3,0,2,0,0.0
44684,0,0.060880889,31,0,0.334371755,8666.0,7,0,1,0,1.0
44685,0,0.5855429320000001,44,0,0.36843591200000003,7083.0,9,0,0,0,0.0
44686,0,0.233544323,73,7,0.789275362,13799.0,24,0,14,3,0.0
44688,0,0.06297604400000001,39,1,0.83349491,4125.0,11,0,2,0,2.0
44689,0,0.91450037,56,0,0.719864177,7656.0,16,0,2,0,1.0
44690,0,0.8513953120000001,49,0,0.32124352300000003,11000.0,14,1,0,0,0.0
44691,0,0.016819663999999998,47,0,0.45395723200000004,12672.0,8,0,2,0,0.0
44693,0,0.442954426,57,0,1994.0,,10,1,1,0,0.0
44694,0,0.0,66,0,99.0,,4,0,0,0,0.0
44695,0,0.0,64,0,2354.0,,11,0,1,0,0.0
44697,0,0.715592219,52,0,0.128340788,18333.0,7,0,1,0,4.0
44698,1,0.051810842999999995,55,1,0.29034193199999997,5000.0,12,0,1,1,0.0
44701,0,0.020483458,67,0,0.007246376999999999,4001.0,4,0,0,0,0.0
44702,0,0.011609485,62,0,0.227733253,6612.0,12,0,1,0,0.0
44703,0,0.151893156,55,0,1601.0,,6,0,1,0,0.0
44704,0,0.024776401,42,0,2452.0,,2,0,1,0,0.0
44705,0,0.0,78,0,0.0,5168.0,2,0,0,0,0.0
44707,0,0.019278524,56,0,121.0,,12,0,0,0,0.0
44708,0,0.024112906,73,0,29.0,,14,0,0,0,0.0
44709,0,0.500741717,41,1,0.35058365799999996,2569.0,4,0,1,0,1.0
44710,0,0.416450734,60,0,0.070116235,2666.0,5,1,0,0,0.0
44711,0,0.24217777899999998,52,0,0.221014493,6347.0,15,0,1,0,2.0
44712,0,0.040520725,30,0,0.004304161,7666.0,5,0,0,0,0.0
44713,0,0.06578776,48,0,0.35486904,7444.0,13,0,1,0,2.0
44714,1,0.0649594,40,0,0.06482253,6000.0,6,2,0,0,3.0
44716,0,0.08491726,47,0,0.28571428600000004,17618.0,11,0,1,0,4.0
44717,0,0.358400273,31,0,0.47894493299999996,4321.0,10,0,1,0,2.0
44721,0,0.0,35,1,0.931992066,3528.0,11,0,4,0,2.0
44722,0,0.19549021100000002,64,0,1.183414044,1651.0,8,0,1,0,0.0
44723,0,0.375388281,39,0,0.34860474799999996,2400.0,8,0,1,0,0.0
44724,0,0.0,38,0,0.350332594,1352.0,4,1,0,0,4.0
44725,0,0.035708891,67,0,0.46832473,2130.0,8,0,1,0,0.0
44726,0,1.030646236,48,0,401.0,,6,0,0,0,0.0
44729,0,0.056618572,36,4,0.449612403,5417.0,18,1,1,0,2.0
44731,0,0.003460596,47,0,0.301139772,3333.0,11,0,1,0,0.0
44732,0,0.0,44,0,0.057366010999999995,7425.0,15,0,0,0,0.0
44735,0,0.0,48,0,0.36934784,15900.0,8,0,3,0,1.0
44738,0,0.082071121,55,0,142.0,,6,0,0,0,0.0
44739,0,0.17270909199999998,47,0,0.139992,17500.0,9,0,1,0,2.0
44740,0,0.128874845,46,0,0.106889311,10000.0,7,0,1,0,0.0
44741,0,0.360593163,64,0,0.939724138,7249.0,10,0,3,0,2.0
44744,0,1.0032353729999999,31,0,0.21178072899999997,2936.0,3,0,0,0,0.0
44745,0,0.28432201,56,0,0.232719283,5916.0,6,0,1,0,1.0
44746,0,0.468455183,62,0,3719.0,,6,0,2,0,0.0
44747,1,0.9999998999999999,46,2,0.561131387,3287.0,3,2,1,0,3.0
44748,0,0.092703729,73,0,0.24854097,12850.0,15,0,2,0,0.0
44749,0,0.8816647559999999,35,0,0.291712953,4500.0,5,0,0,0,1.0
44750,0,0.07494355,37,0,0.26491169600000003,3000.0,5,0,1,0,0.0
44751,0,0.30652763899999996,42,0,0.067066605,6500.0,5,0,0,0,1.0
44755,0,0.26497819,41,0,0.370754525,4916.0,11,0,1,0,1.0
44757,0,0.09887545800000001,45,0,0.24396514800000002,7000.0,5,0,1,0,2.0
44761,0,0.41971446100000004,45,0,0.329292429,8083.0,11,0,1,0,3.0
44762,0,0.036748805,44,0,0.35770528700000004,5333.0,16,0,1,0,1.0
44764,0,0.144215813,65,0,0.54688747,10023.0,11,0,3,0,1.0
44765,0,0.9999998999999999,41,1,0.332426812,6250.0,2,0,1,0,1.0
44766,0,0.0,58,0,0.0,3507.0,3,0,0,0,0.0
44768,0,0.063879558,46,0,0.560487902,5000.0,13,0,1,0,0.0
44769,0,0.030746157000000003,43,0,0.419058094,10000.0,14,0,2,0,2.0
44771,1,0.894211577,21,0,13.0,,1,0,0,0,0.0
44772,0,0.35179888600000003,50,0,0.147428064,9000.0,8,0,0,1,1.0
44773,0,1.033138123,28,0,0.171021378,1262.0,1,0,0,0,0.0
44775,0,0.129270596,47,0,2189.0,,3,0,1,0,0.0
44776,1,0.0,40,0,0.32488397,2800.0,11,0,1,0,1.0
44777,0,0.000434762,53,0,3473.0,,6,0,2,0,
44778,0,0.038721222,73,0,0.23277548399999998,4600.0,9,0,2,0,0.0
44779,0,0.419749096,58,0,0.441023591,2500.0,4,0,0,0,2.0
44780,0,0.007874754,77,0,0.534193161,3333.0,7,0,2,0,0.0
44781,0,0.008830939,50,0,0.295745176,4300.0,10,0,1,0,1.0
44782,0,0.0,44,0,0.157268813,4876.0,4,0,0,0,3.0
44783,0,0.057213741,46,0,256.0,0.0,7,0,0,0,0.0
44784,0,0.045951265,72,0,0.154461385,4000.0,9,0,0,0,0.0
44785,0,0.9999998999999999,57,0,0.0,,0,1,0,0,0.0
44786,0,0.306836896,44,0,2240.0,0.0,12,0,2,0,0.0
44787,0,0.9999998999999999,24,0,0.186194369,1100.0,1,0,0,0,0.0
44789,0,0.213893053,56,0,0.273345331,5000.0,6,0,1,0,2.0
44791,0,0.06230183,71,0,0.590386121,16600.0,18,0,5,0,0.0
44792,0,0.168854146,46,0,0.431803609,10916.0,21,0,3,0,2.0
44793,0,0.012964146000000001,53,1,0.380023995,3333.0,17,0,2,0,0.0
44794,0,0.0,50,0,0.341590613,2300.0,3,0,1,0,1.0
44795,0,0.79274139,52,1,0.190546529,8800.0,8,0,0,0,0.0
44796,0,0.10888329599999999,64,0,0.372362433,7250.0,11,0,3,0,0.0
44797,0,0.15649696300000002,32,1,0.243372447,2300.0,9,0,0,0,0.0
44798,0,0.572129354,49,0,0.393146121,2100.0,7,0,0,0,1.0
44799,0,0.00019045799999999998,51,1,0.365140106,8100.0,7,0,2,0,2.0
44800,1,0.26127292,51,1,0.242493349,2630.0,14,0,0,0,0.0
44803,0,0.9516032259999999,58,2,0.38571705100000003,5166.0,4,2,1,2,0.0
44804,0,0.9842654390000001,52,0,3457.0,,12,0,2,0,0.0
44806,0,0.040830535,64,0,2921.0,,12,0,2,0,0.0
44807,0,0.010170783000000001,70,0,0.339480116,4500.0,19,0,1,0,0.0
44809,0,0.056348590999999996,51,0,941.0,,3,0,1,0,0.0
44810,0,0.011492931999999999,43,0,0.205358928,5000.0,3,0,1,0,0.0
44811,0,0.003991775,89,0,4.0,,9,0,0,0,0.0
44813,0,0.262299844,67,1,0.440757286,4700.0,11,0,2,0,0.0
44814,0,0.9999998999999999,60,0,0.0,,1,0,0,0,0.0
44815,0,0.9999998999999999,34,0,0.013027083,2916.0,1,0,0,0,1.0
44817,0,0.0,49,0,0.07166868400000001,7436.0,4,0,0,0,0.0
44818,0,0.000748623,39,0,0.150283239,3000.0,2,0,0,0,0.0
44819,0,0.0059988,80,0,0.151240169,1652.0,2,0,0,0,0.0
44821,0,0.7184881809999999,56,0,0.177152798,13795.0,10,0,0,0,0.0
44822,0,0.18871011699999998,78,0,0.011069451999999999,5600.0,3,0,0,0,0.0
44823,1,0.9999998999999999,27,0,0.0,,0,0,0,0,0.0
44824,0,0.110744463,53,0,1.281081081,1479.0,6,0,2,0,0.0
44826,0,0.428769135,47,0,0.21928514,8700.0,11,0,1,0,2.0
44827,0,0.9999998999999999,60,0,946.0,,5,0,1,0,0.0
44828,0,0.994361114,51,0,0.628670666,3166.0,8,0,0,0,0.0
44829,0,0.003835485,67,0,2156.0,,8,0,2,0,0.0
44830,0,0.389024439,42,0,0.581083783,5000.0,6,0,1,0,5.0
44831,0,0.36503755200000004,71,0,0.910206945,2850.0,19,0,1,0,0.0
44834,0,0.0,65,1,0.0,3800.0,1,0,0,0,4.0
44835,0,0.593381904,59,0,4229.0,,24,0,2,0,3.0
44836,0,0.029086315,63,0,0.639883658,5500.0,8,0,3,0,1.0
44837,0,0.026877561,65,0,1487.0,,7,0,2,0,0.0
44841,0,0.548787661,42,0,0.34128052299999995,5200.0,7,0,1,0,2.0
44843,0,0.35838976,62,0,0.31928213699999997,4791.0,9,0,1,0,1.0
44844,0,0.085132874,71,0,84.0,,5,0,0,0,0.0
44845,0,0.49082135200000004,50,0,0.464593169,3600.0,10,0,1,0,0.0
44847,0,0.364659539,34,0,0.260579807,3000.0,9,0,0,0,0.0
44848,0,0.9999998999999999,38,0,0.643727599,2789.0,5,0,1,0,9.0
44850,0,0.149542523,57,0,0.021997034,4045.0,2,0,0,0,0.0
44851,0,0.0,81,0,0.081527936,3507.0,4,0,0,0,0.0
44852,0,0.0,50,0,0.0,5250.0,4,0,0,0,1.0
44854,0,0.03131062,67,0,0.593913956,5717.0,14,0,3,0,0.0
44856,0,0.059340544,77,0,0.008225905,8144.0,4,0,0,0,0.0
44858,0,0.7340443259999999,62,0,1.106033559,2800.0,9,0,1,0,2.0
44859,0,0.43740824100000003,44,0,0.20382002300000002,7800.0,8,0,1,0,2.0
44860,0,0.547854408,41,0,0.393950756,8000.0,5,0,2,0,2.0
44861,0,0.20808505800000002,45,0,0.522242222,11666.0,13,0,4,0,3.0
44862,0,0.0,64,0,0.26327894,9130.0,7,0,2,0,0.0
44863,1,1.074179743,28,1,0.063541435,4500.0,3,5,0,0,0.0
44864,0,0.198760154,47,0,1.420622363,3791.0,15,0,2,0,1.0
44865,0,0.5541646610000001,34,0,1.076563165,2350.0,8,0,2,0,0.0
44866,0,0.12156839,53,0,1756.0,,6,0,2,0,0.0
44867,0,0.0007499830000000001,50,0,0.149481315,8000.0,4,0,1,0,0.0
44869,0,0.261326222,64,0,0.22962673399999997,5116.0,6,0,1,0,1.0
44870,0,0.032265092,48,1,0.48583547899999996,6600.0,14,0,2,0,2.0
44871,0,0.766344757,32,1,0.593035909,2756.0,9,0,1,0,0.0
44872,0,0.16704502,88,0,1.193859336,2800.0,12,0,4,0,0.0
44873,0,0.6282383420000001,37,2,0.116908851,9083.0,4,2,0,2,1.0
44874,0,0.01716619,80,0,0.131329114,3791.0,7,0,1,0,0.0
44875,0,0.636930004,27,0,0.178670617,5400.0,9,0,0,0,1.0
44876,0,1.043370848,64,7,0.403561775,18866.0,17,2,2,3,0.0
44877,0,0.010832972,64,0,649.0,,3,0,1,0,0.0
44878,0,0.9999998999999999,41,1,0.52892562,4718.0,2,0,2,2,2.0
44880,0,0.041764092,78,0,1438.0,,8,0,1,0,0.0
44881,0,0.034829202999999996,50,0,0.10579964900000001,2844.0,5,0,0,0,2.0
44882,0,0.20252455600000002,54,0,0.10961557599999999,20133.0,8,0,1,0,0.0
44883,0,0.048921195,73,1,964.0,,4,0,1,0,0.0
44884,0,0.00093392,67,0,0.589437079,4600.0,11,0,1,0,0.0
44885,0,0.48841094,58,1,1.1190939659999999,5650.0,20,0,1,1,0.0
44886,1,0.07344980200000001,71,1,0.127790714,7300.0,32,0,1,0,0.0
44887,0,0.749375019,60,2,0.7241862090000001,5713.0,28,0,4,2,0.0
44889,0,0.0,35,0,0.0,5000.0,6,0,0,0,2.0
44891,0,0.031962858999999996,47,0,0.323892036,3000.0,3,0,1,0,0.0
44892,0,0.00339983,47,0,0.055098867,4500.0,4,0,0,0,0.0
44893,0,0.148311633,62,0,0.704312865,2735.0,25,0,1,0,0.0
44894,0,0.0008775139999999999,43,0,0.36652467200000005,5633.0,6,0,1,0,1.0
44895,0,0.010740541999999999,68,0,0.23923979899999998,5366.0,8,0,1,0,0.0
44896,0,0.094709776,52,0,0.17926809600000002,12405.0,5,0,1,0,1.0
44897,0,0.6950921290000001,44,0,0.535253601,7984.0,10,0,2,0,2.0
44899,1,0.936319945,50,0,2280.0,,8,0,1,0,
44900,0,0.20405975199999998,65,0,0.23066420899999998,14648.0,14,0,2,0,1.0
44901,0,0.001462936,69,0,0.000526177,3800.0,5,0,0,0,0.0
44902,0,0.007856208,40,0,0.282926829,2254.0,9,0,0,0,1.0
44903,0,0.34587995899999996,38,0,0.50012499,12000.0,10,0,1,0,0.0
44906,0,0.9999998999999999,37,0,134.0,,3,2,0,1,3.0
44909,0,0.051294260999999994,71,0,3202.0,,15,0,1,0,0.0
44910,0,0.013686645,80,0,0.0031989759999999996,6251.0,7,0,0,0,0.0
44912,0,0.213910105,48,0,0.22553330100000002,6140.0,10,0,0,1,0.0
44914,0,0.0059206630000000005,32,0,0.7830737040000001,4300.0,6,0,2,0,1.0
44916,0,0.450555484,69,0,3132.0,,12,0,1,0,0.0
44920,0,0.0050906779999999995,74,0,90.0,,3,0,0,0,0.0
44921,0,0.0,37,0,0.136563877,1815.0,3,0,0,0,1.0
44922,0,0.721727537,43,0,0.402441569,9583.0,5,0,1,0,2.0
44924,0,0.08588970900000001,62,0,0.254683225,4750.0,6,0,1,0,0.0
44926,0,0.087663745,71,0,0.014631597,5740.0,6,0,0,0,0.0
44929,0,0.975656211,41,0,0.098180364,5000.0,1,0,0,0,0.0
44931,0,0.944905509,34,0,0.571825121,1440.0,4,0,1,0,3.0
44932,0,0.0,55,0,0.34771126799999996,9087.0,7,0,1,0,3.0
44934,0,0.9999998999999999,58,1,0.606119007,4150.0,10,0,2,1,1.0
44935,0,0.120193101,30,0,0.293446365,9200.0,13,0,2,0,0.0
44936,0,0.44877561200000005,40,0,0.327031449,5500.0,4,0,2,0,0.0
44938,0,0.26589162899999996,39,0,276.0,,16,0,0,0,0.0
44939,0,0.9999998999999999,22,0,133.0,0.0,1,0,0,0,0.0
44940,0,0.082098632,70,0,0.01613973,9045.0,5,0,0,0,0.0
44941,0,0.518121292,73,0,0.19217217399999997,10500.0,12,0,2,0,0.0
44942,0,0.9999998999999999,50,0,311.0,,1,4,0,0,2.0
44944,0,0.035393327,70,0,0.21496838699999998,6800.0,10,0,0,0,1.0
44945,0,0.91062226,58,4,1.179213857,1500.0,8,0,0,0,0.0
44946,0,0.010865942,64,0,0.351459416,2500.0,5,0,1,0,0.0
44947,0,0.0,60,0,0.5905,3999.0,6,0,1,0,1.0
44949,0,0.9999998999999999,46,0,0.037566353999999996,2448.0,1,0,0,0,1.0
44950,0,0.016439238000000002,62,0,0.009522903000000001,10500.0,10,0,0,0,0.0
44951,0,0.08566190800000001,44,0,0.945840555,2307.0,8,0,2,0,0.0
44952,0,0.9999998999999999,53,0,696.0,,3,0,0,0,2.0
44953,0,0.057588640999999996,52,0,4025.0,,10,0,1,0,0.0
44955,0,0.041199411,56,0,0.240239993,12166.0,7,0,2,0,1.0
44956,0,0.964625884,50,0,0.441955804,10000.0,10,0,1,0,1.0
44957,0,0.08258429099999999,63,0,0.17954736,11929.0,12,0,1,0,0.0
44958,0,0.00019999400000000002,83,0,43.0,,8,0,0,0,
44959,0,0.700614198,52,0,0.865961199,1700.0,4,0,1,0,1.0
44960,0,0.024742671,57,0,0.26152649699999997,9000.0,12,0,1,0,1.0
44961,0,0.481631277,43,0,0.401433094,6000.0,7,1,2,0,0.0
44962,0,0.0,51,0,849.0,,6,0,1,0,2.0
44963,0,0.727684584,59,0,0.13905206,22300.0,11,0,2,0,1.0
44964,0,0.036760645,57,0,0.006402946999999999,11400.0,5,0,0,0,0.0
44965,0,0.908820709,36,0,0.289643714,10833.0,11,0,2,0,3.0
44966,0,0.330990652,47,0,0.842657867,6666.0,14,0,3,0,0.0
44967,0,0.546102425,35,1,0.13697362300000002,2160.0,2,0,0,0,0.0
44969,0,0.0,60,0,0.20773701600000002,16000.0,9,0,2,0,1.0
44970,0,0.0,76,0,0.0,4000.0,2,0,0,0,0.0
44971,0,0.042135242999999996,74,0,0.571336623,4660.0,9,0,2,0,1.0
44972,0,0.896142433,56,0,1198.0,,3,0,0,1,4.0
44973,0,0.0,83,0,0.215049073,4584.0,4,0,1,0,0.0
44974,0,0.426048508,43,0,6133.0,,10,0,4,0,0.0
44976,0,0.509228135,40,0,0.25561303399999996,18750.0,8,0,2,0,3.0
44977,0,0.038394221,84,0,0.205999743,7766.0,9,0,1,0,0.0
44978,0,0.9999998999999999,80,0,0.9905634940000001,3708.0,1,0,1,1,0.0
44979,0,0.042513071,89,0,0.097727273,439.0,5,0,0,0,0.0
44981,0,0.036272941,66,1,0.114669596,11833.0,22,0,1,0,0.0
44982,0,0.6863220409999999,37,0,0.36097040799999996,3750.0,7,0,2,0,0.0
44983,0,0.290185984,74,0,0.645113524,2025.0,12,0,0,0,0.0
44985,0,0.22254455899999998,34,1,0.43822471,2500.0,8,0,1,0,0.0
44986,0,0.8306461690000001,45,3,0.15997113300000002,4156.0,6,0,0,1,1.0
44987,0,0.062246888,56,0,0.098373902,9900.0,2,0,1,0,0.0
44988,0,0.067750493,42,0,1.393601347,4750.0,8,0,3,0,1.0
44989,0,0.96827954,54,0,522.0,,1,0,0,0,0.0
44990,0,0.18241554199999999,52,0,1.6085171880000002,1948.0,12,0,2,0,1.0
44991,0,0.004403589,52,1,0.127356171,6100.0,6,0,1,0,2.0
44994,0,0.057291815,57,0,1446.0,,8,0,2,0,0.0
44995,0,0.0,59,0,0.235515941,11667.0,8,0,1,0,2.0
44996,0,0.193300219,52,0,0.262487757,8167.0,13,0,1,0,0.0
44997,1,0.6820308140000001,78,5,0.640671866,5000.0,12,2,2,0,0.0
45001,0,0.735242159,57,0,0.496111591,8100.0,7,0,2,0,1.0
45002,0,0.19711405399999998,62,0,362.0,,3,0,0,0,0.0
45003,0,1.101932045,66,2,279.0,,4,0,0,0,0.0
45004,0,0.0,54,0,0.256484567,6900.0,9,0,2,0,0.0
45005,0,0.00790764,58,0,0.389913612,4282.0,11,0,2,0,1.0
45006,0,0.122109115,60,0,0.09268517800000001,13000.0,6,0,1,0,0.0
45008,0,0.11714807599999999,52,0,124.0,,4,0,0,0,0.0
45009,0,0.000275044,53,1,0.0,5800.0,6,0,0,0,1.0
45010,0,0.638872226,50,0,0.172965407,5000.0,7,1,0,0,3.0
45011,0,0.682317682,63,4,0.42183488700000005,7400.0,10,1,3,0,0.0
45012,0,0.583683263,66,0,0.387552616,3325.0,5,0,1,0,0.0
45013,0,0.38642896600000004,50,1,2357.0,,12,0,1,0,0.0
45014,0,0.794220578,69,0,0.7375113529999999,1100.0,8,0,0,0,0.0
45015,0,0.9778505540000001,57,0,0.074081091,15833.0,1,0,0,0,0.0
45016,0,0.35323525200000006,56,0,1995.0,,5,0,1,0,0.0
45018,0,0.027645432999999997,52,1,0.26178861800000003,6764.0,6,0,1,0,0.0
45019,0,0.9999998999999999,41,0,0.32191696399999997,8116.0,4,0,2,0,0.0
45022,0,0.031267263,27,0,0.691653376,1880.0,5,0,1,0,0.0
45024,0,0.0,42,0,0.051299134,1500.0,3,0,0,0,0.0
45026,0,0.0,56,0,0.080059858,5345.0,13,0,0,0,2.0
45027,0,0.910746162,36,0,0.217413085,9980.0,11,0,1,0,3.0
45028,0,0.029792206,64,0,0.399967067,6072.0,10,1,2,0,0.0
45029,0,0.028819729,63,0,0.229307683,8420.0,16,0,2,0,0.0
45031,0,0.031391239,69,0,0.15814674,7100.0,11,0,1,0,1.0
45033,1,0.0,38,0,2299.0,,3,0,1,2,0.0
45034,0,0.35395743,59,0,0.070629943,11000.0,3,0,0,0,2.0
45035,0,0.65391976,56,0,0.432160194,8239.0,11,0,2,0,0.0
45036,0,0.6978156740000001,62,0,0.290027605,11591.0,8,0,1,0,2.0
45037,0,0.057133763,82,0,0.018774158,3621.0,3,0,0,0,0.0
45039,0,0.177274138,34,1,3388.0,,12,0,1,0,0.0
45044,0,0.008715936,65,0,0.018490755,2000.0,15,0,0,0,0.0
45046,0,0.0,62,0,1.0565948379999999,4222.0,9,0,1,0,0.0
45047,0,0.011501733,72,0,0.140855051,12700.0,14,0,1,0,1.0
45048,0,0.17564189300000002,58,0,0.152256516,15000.0,14,0,2,0,0.0
45049,0,0.137824634,34,0,0.266674796,8200.0,3,0,1,0,0.0
45051,0,0.183640818,71,0,1907.0,,4,0,2,0,0.0
45052,0,0.069950455,55,0,0.227822145,9265.0,13,0,2,0,0.0
45053,0,0.011717835,57,0,0.071142476,5242.0,8,0,0,0,0.0
45054,0,0.8538292340000001,28,0,0.196168263,2400.0,3,0,0,0,0.0
45055,0,0.0,33,0,0.054657557,6000.0,3,0,0,0,0.0
45057,0,0.035267513,58,0,0.008887901,9000.0,11,0,0,0,2.0
45058,0,0.035331662,33,0,0.032490307999999996,10833.0,12,0,0,0,0.0
45059,0,0.215818006,70,0,0.22273653,5400.0,9,0,1,0,1.0
45061,0,0.0289971,72,0,8.0,,1,0,0,0,0.0
45062,0,0.9999998999999999,42,1,0.0,3333.0,1,0,0,0,2.0
45063,0,0.2596891,60,1,0.848437007,3166.0,13,0,2,0,0.0
45064,0,0.013151238999999999,64,0,0.061310782,3310.0,6,0,0,0,0.0
45069,0,0.9845077459999999,38,0,0.191292424,8750.0,5,0,2,0,2.0
45070,0,0.040569321,33,0,0.7512921859999999,3288.0,9,0,1,0,1.0
45071,0,0.0,40,0,0.226477249,4856.0,3,0,0,0,2.0
45072,0,0.350659736,28,0,0.231111111,4049.0,4,0,0,0,1.0
45073,0,0.032456981,78,0,0.286634818,9000.0,6,0,2,0,0.0
45077,0,0.127245997,63,0,0.270115838,19250.0,16,0,2,0,0.0
45078,0,0.406053995,64,0,0.8224442740000001,1300.0,7,0,1,0,0.0
45079,0,0.034137938,51,0,0.33418178800000004,12178.0,8,0,2,0,1.0
45081,0,0.915041867,64,0,2.1457594319999997,3100.0,17,0,2,0,0.0
45083,0,0.40242913700000005,56,0,1179.5,1.0,8,0,1,0,0.0
45084,0,0.014199561999999999,60,0,0.311743253,6854.0,16,0,2,0,0.0
45087,0,0.046484285,85,0,0.10380045199999999,10182.0,10,0,1,0,0.0
45088,0,0.882235529,24,0,0.064676617,200.0,1,0,0,0,0.0
45090,0,0.026808247,72,0,2532.0,,10,0,2,0,
45091,0,0.21743267100000002,46,0,0.318446926,6000.0,6,0,1,0,1.0
45094,0,0.150859179,41,0,2847.0,,6,0,1,0,0.0
45096,0,0.010155747,73,0,15.0,,6,0,0,0,0.0
45097,0,0.874421225,43,0,0.537057868,8000.0,13,0,2,0,3.0
45098,0,0.024027831,36,0,1.4087708069999998,3123.0,15,0,2,0,1.0
45100,0,0.9999998999999999,44,0,0.0,1500.0,1,0,0,0,2.0
45103,0,0.9999998999999999,65,0,0.046829431,12000.0,4,0,0,0,1.0
45105,0,0.36713229299999994,56,0,0.27840728600000003,9442.0,12,0,2,0,2.0
45106,0,0.747532633,74,0,0.541741959,5533.0,14,0,1,0,0.0
45107,0,0.16277011,28,0,382.0,,7,0,0,0,
45109,0,0.000705615,67,0,0.520533881,2921.0,18,0,1,0,0.0
45110,0,0.018798926,31,0,0.172303473,2187.0,4,0,0,0,0.0
45112,0,0.100519984,56,0,123.0,,6,0,0,0,0.0
45114,0,0.0,42,0,0.399103139,5797.0,14,0,1,0,1.0
45115,0,0.0,49,0,0.168826494,8333.0,13,0,1,0,1.0
45116,0,0.144565793,60,0,0.022550226,9755.0,6,0,0,0,1.0
45117,1,0.559139785,77,1,0.20257081600000001,4200.0,2,1,0,0,0.0
45118,0,0.067586655,50,0,0.507145195,9166.0,10,0,2,0,0.0
45120,0,0.21545614300000002,51,1,0.493592452,7100.0,15,0,1,0,6.0
45121,1,0.8895215609999999,54,0,0.17393551100000001,9675.0,5,0,1,0,3.0
45122,0,0.956810631,50,0,0.00532978,1500.0,2,1,0,0,1.0
45123,0,0.9999998999999999,31,0,0.261274307,4833.0,8,0,0,0,2.0
45124,0,0.152127128,55,0,0.312343038,10750.0,13,0,2,0,3.0
45125,0,0.042812700999999995,58,0,0.251052515,4512.0,5,0,2,0,0.0
45127,0,0.0,52,1,0.45703075600000004,7900.0,15,0,4,0,0.0
45128,0,0.9999998999999999,23,0,0.0,790.0,1,0,0,0,0.0
45130,0,0.06408030299999999,55,0,0.180349576,3775.0,8,0,1,0,0.0
45131,0,0.522022761,49,0,0.20710577800000002,14832.0,4,0,1,0,3.0
45132,0,0.632727327,63,0,0.98695247,8583.0,12,0,3,0,2.0
45133,1,0.970572269,46,0,1.089810492,3640.0,11,0,1,0,3.0
45134,0,0.008495751999999999,24,0,0.0,1.0,3,0,0,0,0.0
45135,0,0.049006885,46,0,0.502749875,22000.0,9,0,3,0,2.0
45137,0,0.902958956,50,4,0.460170364,10682.0,14,0,2,0,3.0
45138,1,0.108528641,48,0,0.357389566,5500.0,15,0,2,0,0.0
45139,0,0.081842699,48,0,0.368947452,6298.0,15,0,2,0,0.0
45141,0,0.092115893,51,0,0.020009605,6246.0,7,0,0,0,3.0
45142,0,0.674461737,74,0,1.072815534,1647.0,8,0,1,0,0.0
45143,0,0.00049995,79,0,0.00289971,10000.0,2,0,0,0,0.0
45144,1,0.0,27,0,0.065620542,700.0,2,0,0,0,0.0
45145,0,0.021332741000000002,68,0,0.323922167,2620.0,11,0,0,0,0.0
45146,0,0.061994130999999994,40,0,0.25446579,8900.0,14,0,2,0,3.0
45149,0,0.558334126,33,1,0.474167137,7083.0,10,0,1,0,0.0
45151,0,0.9999998999999999,43,0,0.5255409320000001,4482.0,5,0,1,0,2.0
45153,0,0.000895478,87,0,0.0,,7,0,0,0,0.0
45154,0,0.074330748,57,0,0.12171507599999999,5060.0,9,0,0,0,0.0
45155,0,0.0,63,0,0.255587949,1028.0,6,0,0,0,0.0
45156,0,0.141335349,43,0,1815.0,,11,0,2,0,2.0
45157,0,0.0739507,41,5,1148.0,,6,0,0,0,2.0
45158,0,0.38391966200000005,62,0,0.322179147,4900.0,10,0,0,0,0.0
45161,0,0.0,41,0,0.765744752,3000.0,6,0,2,0,4.0
45163,0,0.24823179399999998,38,0,6.364392679,600.0,8,0,2,0,2.0
45164,0,0.018879311,69,0,0.124602605,9750.0,11,0,3,0,2.0
45167,0,0.065897025,92,1,69.0,,5,0,0,0,
45169,0,0.012786466000000002,32,0,429.0,,6,0,0,0,0.0
45170,0,0.897797438,31,0,0.311910883,3500.0,6,0,0,0,0.0
45171,0,0.040449911,23,0,0.651669666,5000.0,12,0,1,0,1.0
45172,0,0.5439015460000001,61,1,0.364620089,4250.0,21,0,0,0,0.0
45174,0,0.9999998999999999,52,0,0.0,,1,0,0,0,0.0
45175,0,0.11571617699999999,65,0,1604.0,,17,0,1,0,0.0
45176,0,0.19572700899999998,29,0,107.0,,1,0,0,0,
45177,0,0.411972535,61,0,0.142112125,2300.0,3,0,0,0,0.0
45179,0,0.149845318,59,0,0.250125733,5964.0,11,0,1,0,0.0
45180,1,0.959144975,48,0,0.5542168670000001,4896.0,10,0,1,1,1.0
45181,0,0.051349128,43,0,0.306455484,4166.0,6,0,1,0,1.0
45182,0,0.009519619,46,0,0.001136548,6158.0,3,0,0,0,1.0
45186,0,0.022044453,57,1,0.153456436,15000.0,9,0,1,0,0.0
45187,0,0.002333074,87,0,1.0,,3,0,0,0,0.0
45188,0,0.16105950800000002,45,0,2067.0,,3,0,1,0,0.0
45189,0,0.457245791,44,0,0.288554288,8500.0,9,0,2,0,0.0
45190,1,1.777408638,29,0,0.003332639,4800.0,1,0,0,1,2.0
45191,0,0.09255163400000001,44,0,1806.0,,8,0,2,0,0.0
45192,0,0.006826485,68,0,13.0,,11,0,0,0,0.0
45195,0,0.177616235,65,0,4350.0,,13,0,1,0,0.0
45196,0,0.202404033,65,0,0.643613267,2833.0,8,0,2,0,0.0
45198,0,0.0,40,0,2836.0,,8,0,1,0,4.0
45199,0,0.339350273,26,0,1.285815102,2833.0,9,0,2,0,0.0
45202,0,0.144963145,33,0,1329.0,1.0,10,0,2,0,0.0
45204,0,0.029271226,78,0,27.0,,5,0,0,0,
45205,0,0.024844335,71,0,0.789727831,6833.0,11,0,3,0,0.0
45207,0,0.011159888,61,0,2274.0,,9,0,1,0,0.0
45208,0,0.215802673,60,0,0.351571874,8333.0,8,0,1,0,1.0
45209,0,0.531446855,62,0,0.038636909,4166.0,6,0,0,0,1.0
45210,0,0.32016749,51,0,0.21199547300000002,2650.0,3,0,1,0,0.0
45212,0,0.19989904100000003,53,0,0.270079339,9200.0,15,0,1,0,2.0
45213,0,0.012591185,70,0,0.39302377200000005,4500.0,11,0,1,0,2.0
45214,0,0.028219584,69,0,0.148833765,2700.0,8,0,0,0,0.0
45216,0,0.061510395,60,0,0.103536042,11000.0,16,0,1,0,0.0
45218,0,0.005749795,61,0,0.190511353,5416.0,8,0,1,0,0.0
45219,0,0.650058324,33,0,0.065878378,1775.0,5,0,0,0,0.0
45221,0,0.004279829000000001,61,1,1839.0,,8,0,1,0,0.0
45223,0,0.946108664,34,1,0.7301310040000001,2289.0,9,0,1,0,2.0
45224,0,0.48106716,28,1,0.300615385,3249.0,7,0,1,0,0.0
45225,0,0.9999998999999999,21,0,0.10619469,1920.0,1,0,0,0,0.0
45226,0,0.031779713,52,0,1801.0,,5,0,1,0,0.0
45227,0,0.808674254,24,1,0.126092385,800.0,3,0,0,0,0.0
45228,0,0.9278200190000001,37,2,0.46817343200000006,6503.0,7,0,2,0,2.0
45232,0,0.014057338,92,0,0.146715139,3850.0,5,0,1,0,0.0
45234,0,0.041960681,72,0,1147.0,,4,0,1,0,
45237,0,0.016287181,61,0,0.007998,4000.0,7,0,0,0,0.0
45238,0,0.019473239,92,0,41.0,,10,0,0,0,0.0
45239,0,0.781860907,36,0,0.243719535,8000.0,6,0,0,0,2.0
45243,0,0.365804416,50,0,0.330191374,3500.0,8,0,1,0,1.0
45244,0,0.0,40,0,0.39879713200000005,4322.0,9,0,1,0,2.0
45246,0,0.44317729200000006,38,0,0.22647363,2900.0,8,0,0,0,2.0
45252,0,0.677754816,43,0,0.142009061,6400.0,4,0,0,0,0.0
45254,0,0.133310279,57,0,0.149957155,3500.0,4,0,1,0,0.0
45255,0,0.854915146,33,0,1.134966258,4000.0,11,0,1,0,1.0
45256,0,0.00014678600000000001,83,0,0.139577039,1654.0,6,0,1,0,0.0
45257,0,0.482319789,49,0,0.600221484,2708.0,5,0,1,0,0.0
45259,0,0.0,70,0,9.0,,5,0,0,0,0.0
45260,0,0.236836259,68,0,555.0,,6,0,1,0,0.0
45261,0,0.40685057799999996,44,0,5587.0,0.0,11,0,0,0,0.0
45262,0,0.002256905,47,0,0.338732254,5000.0,8,0,1,0,1.0
45263,0,0.359106816,28,0,0.337183474,2250.0,7,0,0,0,0.0
45265,1,0.0,29,0,238.0,,7,0,0,0,0.0
45266,0,0.005732951,39,0,0.26582156,10333.0,7,0,2,0,1.0
45267,0,0.264436417,63,0,0.541899441,3400.0,11,0,1,0,2.0
45268,0,0.001074005,74,0,0.094181164,5000.0,9,0,0,0,0.0
45269,0,0.323685335,41,0,0.5442911420000001,5000.0,10,0,2,0,2.0
45270,0,0.019664482,34,0,5.0,,2,0,0,0,0.0
45271,0,0.047278568,38,0,1710.0,,6,0,1,0,0.0
45272,0,0.256685583,60,0,0.638361638,1000.0,19,0,0,0,1.0
45273,0,0.454453076,41,0,0.49951932299999996,5200.0,16,0,1,0,5.0
45274,0,0.370647555,33,0,0.663667267,5000.0,10,0,2,0,2.0
45276,0,0.041842935,77,0,784.0,,6,0,1,0,0.0
45278,0,0.054133574000000004,54,0,0.34451727600000004,9000.0,10,0,2,0,1.0
45279,0,0.549736958,54,0,806.0,,9,0,0,0,0.0
45280,0,0.99640036,40,1,0.25943942600000003,4316.0,6,0,0,0,1.0
45284,0,0.232504999,22,0,0.0059985,4000.0,3,0,0,0,0.0
45287,0,0.012139208,92,0,8.0,,5,0,0,0,
45289,0,0.106581966,85,0,54.0,,1,0,0,0,0.0
45290,0,0.9999998999999999,25,0,0.279016141,1300.0,3,0,0,0,0.0
45291,0,0.259314634,34,0,0.919349005,5529.0,16,0,4,0,0.0
45292,0,0.235418586,57,0,0.6261261260000001,2885.0,7,0,1,0,1.0
45293,0,0.179904094,49,0,3686.0,,17,0,2,0,2.0
45295,1,0.942926147,45,0,0.584648494,4181.0,10,0,1,0,3.0
45297,0,0.166807905,73,0,0.13961098,5500.0,6,0,0,0,0.0
45298,0,0.029120918,62,0,0.302167294,5582.0,9,0,1,0,1.0
45299,0,0.0,63,0,4901.0,,9,0,2,0,0.0
45301,0,0.14773841,42,0,0.251264461,17200.0,19,0,2,0,2.0
45302,0,0.510190861,65,0,0.725672703,5908.0,17,0,2,0,0.0
45307,1,0.965438446,41,3,0.117397715,5425.0,4,0,1,0,1.0
45308,0,0.065842777,81,0,51.0,,4,0,0,0,
45309,0,0.019872964,70,0,0.211564442,3700.0,6,0,1,0,0.0
45311,0,0.025389625,75,0,0.00497086,5833.0,4,0,0,0,0.0
45313,0,0.182899867,51,0,0.598108747,3383.0,13,0,1,0,0.0
45314,0,0.017379918,44,0,0.403919216,5000.0,3,0,1,0,2.0
45315,0,0.5204351660000001,54,0,453.0,,4,0,0,0,4.0
45316,0,0.9999998999999999,43,1,0.271505376,7439.0,7,0,1,0,4.0
45317,0,0.93593821,52,1,0.032375852000000004,4107.0,8,1,0,0,0.0
45318,0,0.175091245,64,0,0.109389061,10000.0,7,0,1,0,0.0
45322,0,0.258605827,40,0,0.356928614,5000.0,6,0,1,0,1.0
45323,0,0.0,37,0,0.18350113699999998,3078.0,5,0,1,0,1.0
45324,0,0.51150804,43,0,0.277688234,4342.0,7,0,0,0,0.0
45325,0,0.00017621,53,0,2299.0,,10,0,2,0,0.0
45326,0,0.7031484259999999,31,0,0.068198776,6700.0,11,0,0,0,1.0
45327,0,0.849230154,37,0,127.0,,4,0,0,0,0.0
45328,0,0.957635205,30,0,0.20292270199999998,7800.0,12,0,0,0,0.0
45333,0,0.172201986,52,0,1344.0,,6,0,1,0,0.0
45334,0,0.884872318,87,0,0.7413948459999999,5548.0,12,0,3,0,0.0
45335,0,0.562564125,40,0,0.23006436100000002,9166.0,14,0,0,0,2.0
45336,0,0.144834658,25,1,0.008508627,4230.0,2,1,0,1,0.0
45337,0,0.0,35,0,4.887139108,380.0,5,0,1,1,2.0
45338,0,0.020663368999999997,81,0,0.044025157,635.0,4,0,0,0,0.0
45339,0,0.035034477,67,0,0.48557555,3500.0,13,0,2,0,0.0
45340,0,0.661762605,70,0,0.208963585,1784.0,4,0,0,0,0.0
45341,0,0.96216262,62,1,2.162583742,10000.0,12,0,2,0,1.0
45343,0,0.465997651,40,1,0.355065516,3128.0,5,0,1,0,3.0
45344,0,0.0,33,0,860.0,,6,0,1,0,0.0
45345,0,0.051971212,40,0,0.320529458,11558.0,11,0,7,0,2.0
45347,0,0.516644474,53,0,0.6993915470000001,6080.0,16,0,1,2,0.0
45348,0,0.046043420999999994,42,0,0.158387329,12500.0,7,0,1,0,1.0
45349,0,0.022693712999999997,79,0,318.0,,6,0,0,0,
45350,0,0.0,28,0,0.663544669,2775.0,5,0,2,0,0.0
45351,0,1.773139746,37,2,0.10996334599999999,3000.0,5,2,0,1,2.0
45352,0,0.016932769,53,0,0.251285567,2916.0,7,0,1,0,3.0
45353,0,0.018190151,61,1,0.056256944,9900.0,7,0,1,0,0.0
45355,0,2.093023256,46,0,0.157137145,2500.0,1,1,0,0,0.0
45356,0,0.148416822,26,0,0.095322327,5087.0,6,0,0,0,1.0
45357,0,0.002355898,32,0,0.067126875,4200.0,10,0,0,0,0.0
45358,0,0.012865808999999999,40,0,0.20743085600000002,6001.0,4,0,1,0,0.0
45359,0,0.229711015,69,0,0.83186361,1700.0,7,0,1,0,0.0
45362,0,0.015641363000000002,56,0,1047.0,,4,0,1,0,0.0
45363,0,0.328192583,34,1,0.117072335,5833.0,15,0,0,0,0.0
45364,0,0.9999998999999999,37,2,0.146242133,2700.0,6,0,0,0,1.0
45366,0,0.9857507120000001,63,3,0.6871267879999999,7200.0,13,0,2,0,1.0
45368,1,0.9999998999999999,55,98,0.0,,0,98,0,98,0.0
45370,0,0.95476131,28,0,593.0,,4,0,0,0,0.0
45374,0,0.9999998999999999,41,0,0.432672234,1915.0,2,0,1,0,2.0
45376,0,0.18545445300000002,60,0,6485.0,,7,0,2,0,0.0
45377,0,0.9999998999999999,57,0,2.074925075,1000.0,2,0,1,0,0.0
45378,0,0.033003236,45,0,0.117353011,4200.0,7,0,0,0,1.0
45379,0,0.0,73,0,0.0,3333.0,1,0,0,0,0.0
45380,0,0.108774637,37,0,0.153956013,3500.0,5,0,0,0,1.0
45381,0,0.110692106,63,0,0.30572114300000003,12916.0,11,0,2,0,1.0
45382,0,0.266746651,65,0,1001.0,,8,1,1,0,
45383,0,0.244443175,27,0,0.21634795699999998,2666.0,4,0,0,0,0.0
45384,0,0.375526985,58,0,0.149461109,7700.0,7,0,0,0,0.0
45387,0,0.078931229,34,0,0.261151892,7083.0,6,0,1,0,2.0
45389,0,0.012244313,67,0,0.175206198,4000.0,7,0,1,0,0.0
45390,0,0.158817102,57,0,0.19985884,8500.0,7,0,1,0,0.0
45393,0,0.9999998999999999,64,0,0.286206155,4646.0,7,0,1,0,0.0
45394,0,0.017080619,39,0,2148.0,,10,0,2,0,0.0
45395,0,0.287621601,56,0,0.390658477,7000.0,16,0,2,0,2.0
45396,0,0.059329738,36,0,0.232137733,10454.0,4,0,2,0,0.0
45397,0,0.028692198,70,0,0.026437372,3895.0,8,0,0,0,0.0
45399,0,0.007097474,65,0,0.18976704600000002,9400.0,13,0,2,0,0.0
45400,0,0.215015963,56,0,0.13253012,3900.0,11,0,0,0,0.0
45401,1,1.00528964,34,0,1.811042361,2100.0,12,0,2,0,3.0
45402,0,0.058378172,24,0,0.014888337,2417.0,4,0,0,0,0.0
45403,0,0.408757386,41,1,0.29562614800000003,14700.0,4,0,2,0,2.0
45404,0,0.000248432,54,1,0.19654427600000002,8333.0,7,0,0,0,1.0
45405,0,0.111111111,40,0,0.175582188,10262.0,6,0,1,0,0.0
45407,0,0.032765574,44,0,0.23918086600000002,12500.0,5,0,2,0,3.0
45408,0,0.10484475800000001,44,0,0.106926458,8416.0,5,0,1,0,1.0
45409,0,0.984112876,33,0,0.344514043,4948.0,3,0,1,0,1.0
45411,0,0.50815164,58,1,1.6663190819999998,3835.0,11,0,2,0,1.0
45412,0,0.136062131,58,0,0.244628948,11682.0,4,0,2,0,2.0
45413,0,0.661537959,49,0,11782.0,,10,0,2,0,1.0
45414,0,0.9927931170000001,45,1,0.510097036,3812.0,8,0,1,0,4.0
45415,0,0.111850478,51,0,0.369018079,5641.0,6,0,1,0,1.0
45416,0,0.058675527000000005,56,0,57.0,,4,0,0,0,
45419,0,0.9999998999999999,21,0,0.174702567,1596.0,1,0,0,0,0.0
45420,0,0.888223553,42,0,0.57177814,1225.0,6,0,0,0,2.0
45421,0,0.6037166939999999,56,0,2839.0,,7,1,1,1,0.0
45422,0,0.28742515,31,1,0.284286285,2500.0,6,0,0,0,1.0
45425,0,0.004089215,76,0,0.002313354,4754.0,10,0,0,0,0.0
45427,0,1.1841318440000002,53,0,0.8933475540000001,7500.0,23,0,2,0,1.0
45428,0,0.423206952,76,0,1780.0,,11,0,0,0,0.0
45429,0,0.31577379699999997,39,0,0.272711601,5800.0,4,0,1,0,0.0
45430,0,0.7235976,62,0,0.465980304,8935.0,14,0,3,0,1.0
45431,0,0.10302954199999999,66,0,0.04605087,3734.0,6,0,0,0,0.0
45434,1,0.678804462,46,1,0.029678226000000002,3200.0,7,1,0,0,0.0
45435,0,0.588795431,64,0,6794.0,,14,0,3,0,0.0
45440,0,0.047219591,62,0,1659.0,,13,0,1,0,0.0
45441,0,0.02369763,47,0,0.482839054,3000.0,8,0,1,0,2.0
45444,0,0.652219337,42,0,0.30832429100000003,6450.0,9,0,1,0,4.0
45445,0,0.267408112,40,0,707.0,,7,0,0,0,3.0
45446,0,0.147820032,61,2,0.336575148,13366.0,14,0,2,0,4.0
45447,0,0.039579862,72,0,546.0,,13,0,0,0,0.0
45449,0,0.28878052600000004,47,2,2930.5,1.0,12,0,2,0,1.0
45450,0,0.004404418,62,0,0.074603907,6500.0,11,0,1,0,1.0
45451,1,0.100023225,39,0,3757.0,,12,0,2,0,0.0
45452,0,0.5231685079999999,39,1,0.751786437,7416.0,15,0,2,0,2.0
45453,0,0.9415775279999999,63,0,0.441684211,4749.0,11,0,0,0,1.0
45455,0,0.026153097,77,0,0.025394921,5000.0,12,0,0,0,0.0
45456,0,0.127422266,40,0,0.836413208,3300.0,6,0,1,0,1.0
45457,0,0.463802079,65,0,0.362618318,7500.0,13,0,1,0,0.0
45458,0,0.9999998999999999,27,1,0.176307847,3975.0,1,0,0,0,1.0
45459,0,0.237378333,57,0,0.236495942,7145.0,16,0,0,0,1.0
45460,0,0.9999998999999999,58,0,0.17200965199999999,2900.0,3,1,0,0,0.0
45461,0,0.031413613,75,0,0.010232689,7133.0,6,0,0,0,0.0
45463,0,0.9999998999999999,40,0,0.0,,0,0,0,0,0.0
45465,0,0.001428524,75,0,189.0,,2,0,0,0,0.0
45466,0,0.8520493170000001,39,0,0.107639431,6400.0,5,1,0,0,1.0
45468,0,0.66154177,36,0,807.0,,7,0,0,0,0.0
45471,0,0.9999998999999999,33,0,0.26398476600000004,4200.0,9,0,1,0,1.0
45473,0,0.130173535,50,0,0.6825137729999999,4900.0,10,0,1,0,0.0
45476,0,0.9999998999999999,73,0,0.100327154,1833.0,1,0,0,0,0.0
45477,0,0.341420015,61,0,0.290639545,5800.0,9,0,2,0,0.0
45478,0,0.018049005,57,0,0.041161455,3133.0,12,0,0,0,0.0
45479,0,0.18316056100000003,49,0,0.29473135100000003,5750.0,6,0,2,0,0.0
45480,0,0.5870502329999999,46,0,0.129205922,5200.0,9,0,1,0,4.0
45481,0,0.49429385,72,0,0.223652999,2950.0,7,0,0,0,0.0
45483,0,0.038389787,54,0,2122.0,,21,0,2,0,1.0
45484,0,0.42138454200000003,51,0,1063.0,,13,0,0,1,1.0
45485,0,0.039464143,71,0,0.006214916,4987.0,6,0,0,0,0.0
45486,0,0.38265769899999996,89,0,94.0,,3,0,0,0,0.0
45488,0,0.832948777,49,0,2309.0,,11,1,1,0,2.0
45490,0,0.00634439,78,0,0.10656342199999999,2711.0,5,0,0,0,0.0
45491,0,0.994280229,43,0,0.294482183,8390.0,6,0,1,0,4.0
45492,0,0.330447062,58,2,0.765525982,4733.0,9,0,1,0,0.0
45493,0,0.015284986,58,0,2012.0,,6,0,2,0,
45494,0,0.330669331,21,0,0.013824885,650.0,1,0,0,0,0.0
45495,0,0.9999998999999999,68,0,0.392077799,4215.0,4,0,1,0,0.0
45496,0,0.017443164,79,0,0.001272412,8644.0,4,0,0,0,1.0
45497,0,0.158350786,50,0,0.149712572,4000.0,13,0,0,0,1.0
45498,0,0.8981590509999999,46,1,0.628740863,7250.0,11,0,2,0,4.0
45499,0,0.134863985,56,0,971.0,,5,0,1,0,0.0
45500,0,0.034874693,49,0,0.511805999,4700.0,4,0,1,0,1.0
45502,0,0.34706107799999997,44,0,0.497426849,6800.0,11,0,1,0,0.0
45503,0,0.348601428,46,0,0.6471070320000001,6100.0,11,0,1,0,1.0
45504,0,0.290232337,75,3,0.257828542,7791.0,17,0,3,0,0.0
45505,0,0.058792388,55,0,346.0,0.0,5,0,0,0,0.0
45507,0,0.035855435,57,0,2119.0,,5,0,1,0,0.0
45508,0,0.45041046799999995,38,0,2723.0,,4,0,1,0,0.0
45509,1,0.9999998999999999,44,1,0.339787633,1600.0,1,1,1,0,0.0
45510,0,0.39752135899999996,45,0,0.291498834,4716.0,11,0,0,1,4.0
45511,0,0.072327776,58,0,0.503190172,10500.0,9,0,4,0,1.0
45512,0,0.737138504,36,0,0.665497508,5416.0,9,0,2,0,1.0
45513,0,0.021400261,46,0,44.0,,6,0,0,0,0.0
45514,0,0.015936092,71,0,0.008072511,7060.0,13,0,0,0,0.0
45515,0,0.056039134000000004,54,0,0.276887872,3932.0,6,0,1,0,1.0
45517,0,0.158695007,46,0,0.762647471,5000.0,14,0,2,0,1.0
45518,0,0.049582645,65,0,2267.0,,13,0,1,0,0.0
45519,0,0.107051461,66,0,0.018497688,8000.0,3,0,0,0,0.0
45520,0,0.031872944,74,0,55.0,,11,0,0,0,0.0
45521,0,0.266904576,52,0,3161.0,,11,0,1,0,3.0
45522,0,0.0075266790000000005,58,0,0.124092201,9500.0,11,0,1,0,0.0
45523,0,0.220911164,66,0,0.036592681,5000.0,7,0,0,0,0.0
45524,0,0.036638425,66,0,0.167672703,1490.0,5,0,1,0,0.0
45525,0,0.365781711,66,0,0.25775144899999997,7933.0,6,0,1,0,0.0
45526,0,0.072492751,38,0,0.147584201,22000.0,6,0,1,0,2.0
45527,1,1.017731358,41,0,3656.0,,5,2,2,1,0.0
45530,0,0.032499653999999996,72,1,0.372625264,9000.0,25,0,3,0,0.0
45532,0,0.10941884800000001,47,0,0.40751422600000003,12828.0,16,0,2,0,0.0
45534,0,0.648789453,54,0,0.9691975140000001,3700.0,17,0,3,0,0.0
45535,0,0.9999998999999999,21,0,24.0,,0,0,0,0,
45537,0,0.035754551,77,0,2213.0,,17,0,1,1,0.0
45538,0,0.0,40,0,1854.0,,5,0,1,0,0.0
45540,1,0.118782555,33,1,0.255807116,3400.0,8,0,0,2,0.0
45541,0,0.039514957999999996,29,0,0.08684473599999999,7000.0,6,1,0,0,0.0
45542,0,0.19572723600000003,35,0,0.291864014,9500.0,18,0,2,0,0.0
45543,0,0.9487960459999999,64,0,0.23890148,7500.0,11,0,1,0,1.0
45544,0,0.010492835,83,0,2437.0,,14,0,1,0,0.0
45546,0,0.6982011990000001,43,0,0.40656668,7400.0,4,0,2,0,2.0
45547,0,0.104932339,79,0,343.0,,6,0,0,0,0.0
45548,0,0.169383062,28,0,0.008538251,5855.0,4,0,0,0,0.0
45549,0,0.029295992000000003,62,0,0.285577154,4166.0,13,0,1,0,0.0
45551,0,0.13470148,50,0,0.422242732,4333.0,9,0,2,0,1.0
45552,0,0.032710756,58,0,0.210235495,7600.0,4,0,1,0,1.0
45553,0,0.10252649800000001,46,0,0.005749281,8000.0,4,0,0,0,0.0
45554,0,0.594270486,26,0,0.007997539,3250.0,1,0,0,0,0.0
45555,0,0.0469715,48,0,0.07184032,25500.0,9,0,2,0,2.0
45556,0,0.286789528,70,0,0.61929621,5171.0,13,0,1,0,2.0
45559,0,0.241515167,48,0,0.28847435,1500.0,13,0,0,0,0.0
45560,0,0.820406243,54,0,0.053997922999999996,5777.0,3,0,0,0,3.0
45562,0,0.015714005,44,0,0.265779093,6083.0,8,0,1,0,0.0
45566,0,0.158678326,65,0,0.463798531,2858.0,17,0,1,0,0.0
45567,0,0.030976279,58,0,1823.0,,5,0,1,0,0.0
45568,1,0.9999998999999999,30,2,0.220915842,1615.0,3,1,0,0,1.0
45569,0,0.009942573,45,0,2238.0,,4,0,1,0,0.0
45570,0,0.091260583,46,0,0.433867944,4800.0,6,0,2,0,1.0
45571,0,0.175800173,38,0,0.5361829770000001,2666.0,17,0,1,0,0.0
45572,0,0.078934255,38,0,2317.0,,6,0,2,0,0.0
45575,0,0.6777170990000001,53,1,0.25747434199999997,2240.0,8,1,0,0,0.0
45576,0,0.129975958,57,0,0.22011486600000002,7486.0,10,0,1,0,2.0
45577,0,0.9999998999999999,38,0,0.032978447,3850.0,0,0,0,0,2.0
45578,0,0.18679750899999997,58,0,0.118872028,40000.0,13,0,1,0,2.0
45579,0,0.119566138,64,0,0.24479057,4750.0,7,0,1,0,1.0
45580,0,0.015926733999999998,58,0,2886.0,,10,0,1,0,0.0
45583,0,0.059518002,49,0,0.031610142,9110.0,23,0,0,0,0.0
45585,0,0.22824463899999997,62,0,0.415033986,2500.0,12,0,0,0,0.0
45586,0,0.0,57,0,591.0,,9,0,0,0,0.0
45587,0,0.00388858,29,3,0.000238039,4200.0,10,0,0,0,0.0
45588,0,0.8756182990000001,33,2,0.149492525,20000.0,11,0,0,0,1.0
45591,0,0.09799346699999999,47,0,0.006777572,6491.0,5,0,0,0,2.0
45593,0,0.9999998999999999,71,0,802.0,,5,0,1,0,0.0
45597,1,0.0,28,0,0.0,2250.0,1,1,0,1,1.0
45598,0,0.034491246,76,0,1.425221069,2600.0,12,0,2,0,0.0
45599,0,0.015798947,90,0,0.0027173909999999996,2575.0,5,0,0,0,0.0
45601,0,0.0,68,0,0.0,2184.0,4,0,0,0,0.0
45603,0,0.082775975,44,0,0.42543021,2091.0,7,0,1,0,0.0
45605,0,0.0,76,0,0.226768377,2883.0,10,0,0,0,0.0
45606,1,0.9999998999999999,33,2,0.220731386,3800.0,4,0,0,1,0.0
45607,0,0.322253864,44,1,0.528171574,2750.0,8,0,0,0,2.0
45611,0,0.01319975,51,0,0.500454463,5500.0,13,0,3,0,1.0
45612,0,0.38206784299999996,41,0,0.560362067,9500.0,19,0,2,0,5.0
45613,0,0.838258087,27,0,0.393114936,1800.0,3,0,0,1,1.0
45615,0,0.0,21,0,0.0,1.0,1,0,0,0,0.0
45616,1,0.981819835,59,0,0.24682080899999997,3459.0,9,0,0,0,0.0
45617,0,0.36538310700000004,58,1,0.051985147,3500.0,4,0,0,1,0.0
45618,0,0.027950591,30,0,0.030876834,5861.0,15,0,0,0,0.0
45619,0,0.07508532400000001,45,0,0.247094856,11100.0,15,0,2,0,1.0
45620,0,0.013323314,55,0,1253.0,,9,0,1,0,0.0
45621,0,0.807765249,35,0,0.43685438200000004,3000.0,9,0,0,0,0.0
45622,0,0.158846068,48,1,0.161205968,6500.0,6,0,1,0,0.0
45625,0,0.7138591009999999,48,0,0.21239744800000002,6581.0,7,0,1,0,2.0
45626,0,0.138405645,73,0,5668.0,,12,0,3,0,0.0
45628,0,0.0028353709999999997,83,0,9.0,,4,0,0,0,0.0
45630,0,0.345948233,51,0,3841.0,,6,0,3,0,0.0
45631,0,0.607857131,49,0,0.39403437799999996,9889.0,11,0,1,0,1.0
45632,0,0.19602548399999997,56,0,0.291225343,10290.0,13,1,1,0,2.0
45633,0,0.0,58,0,0.0,13516.0,3,0,0,0,1.0
45634,0,0.001404901,52,0,0.379274066,1900.0,6,0,1,0,0.0
45635,0,0.0,47,0,1028.0,,8,0,1,0,0.0
45636,0,0.115880649,64,0,0.751976285,7083.0,8,0,4,0,0.0
45637,0,1.003633212,45,0,0.351431101,10166.0,8,0,2,0,2.0
45638,0,0.380675441,30,0,0.16632623300000002,3426.0,3,0,0,0,2.0
45639,0,0.075979888,49,0,0.346968457,11000.0,10,0,2,0,4.0
45640,0,0.318088522,30,0,0.29614094,7151.0,4,0,1,0,3.0
45641,0,1.0607432559999999,74,0,0.5466133470000001,4000.0,7,0,2,0,0.0
45642,0,0.333546658,60,0,0.322978592,29100.0,12,0,3,0,0.0
45643,0,0.179911285,30,0,0.36990752299999996,4000.0,17,0,1,0,2.0
45645,0,0.205129308,55,0,0.359084994,14600.0,18,0,4,0,2.0
45647,0,0.244485526,50,0,2326.0,,7,0,1,0,0.0
45649,0,0.912541825,38,1,0.443015256,6685.0,9,0,3,0,0.0
45650,0,0.042723932,75,0,0.005424955,9400.0,5,0,0,0,2.0
45651,0,0.020728724,31,0,0.5427279220000001,4200.0,10,0,1,0,2.0
45652,0,0.247699118,61,3,0.60630468,7200.0,13,0,3,2,1.0
45654,0,0.056785023,56,1,2480.0,,14,0,3,0,0.0
45655,0,0.0,67,0,570.0,,12,0,1,0,0.0
45656,0,0.19041983199999998,60,0,2803.0,,5,0,2,0,0.0
45657,0,0.017669923,46,0,2053.0,,9,0,3,0,
45658,0,0.0,59,0,1718.0,,11,1,0,0,0.0
45659,0,0.027151083,73,0,0.011953923,4600.0,9,0,0,0,0.0
45660,0,0.015155745,85,0,29.0,,8,0,0,0,
45661,0,0.075879873,50,0,1792.0,,4,0,1,0,0.0
45662,0,0.080783893,68,0,2157.0,,9,0,1,0,0.0
45663,0,1.06993007,57,0,0.606163097,2660.0,5,0,1,0,0.0
45664,0,0.9485268020000001,41,0,0.618485237,3894.0,10,0,1,0,1.0
45665,0,0.004966501,70,0,13.0,0.0,3,0,0,0,0.0
45666,0,0.082076055,60,0,0.7798991,10108.0,22,0,4,0,1.0
45667,0,0.055148172999999995,39,2,0.430975038,7250.0,15,0,5,0,1.0
45669,0,0.9999998999999999,78,0,0.0,,2,0,0,0,
45671,0,0.43235976600000003,60,1,0.375406148,4000.0,6,0,1,1,0.0
45672,0,0.187876467,63,0,0.901399067,1500.0,15,0,0,0,0.0
45673,0,0.093705358,57,0,3406.0,,11,0,1,0,0.0
45677,0,0.511774928,68,0,2.091954023,2000.0,17,0,2,0,0.0
45678,0,0.174041298,58,0,0.768764963,7100.0,6,0,2,0,1.0
45679,0,0.163578733,52,0,0.02736266,4750.0,2,0,0,0,2.0
45682,1,0.020689983999999998,66,2,1669.0,,13,0,1,1,0.0
45685,0,0.9300167890000001,56,1,0.668082979,4000.0,10,0,1,0,0.0
45689,0,0.7245402059999999,34,0,0.7273639829999999,4980.0,6,0,1,0,1.0
45690,0,0.603387213,56,0,0.136330072,10833.0,6,0,0,0,0.0
45691,0,0.007984032,24,0,0.0,,1,0,0,0,0.0
45693,0,0.339319088,33,0,0.302671573,6250.0,8,0,0,0,0.0
45694,0,0.249029773,50,0,263.0,,8,0,0,0,0.0
45696,0,0.0,52,0,24.0,,5,0,0,0,0.0
45697,0,0.513463965,53,0,0.148505114,10167.0,14,0,0,0,0.0
45698,0,0.142243549,43,0,0.349930014,5000.0,7,0,1,0,3.0
45699,0,0.028042868999999998,68,1,0.157508809,10500.0,10,0,2,0,0.0
45700,0,0.024025025,50,0,0.23570190600000002,7500.0,6,0,2,0,1.0
45702,0,0.127640638,42,0,1973.0,,3,0,1,0,0.0
45703,0,0.012897146000000002,48,0,27.0,,8,0,0,0,5.0
45704,0,0.017646367,75,0,2063.0,,11,0,2,0,1.0
45706,0,0.717583236,47,0,0.37579780399999996,11750.0,9,0,2,0,1.0
45708,0,0.040820255,58,0,0.21734658899999998,5833.0,13,0,2,0,0.0
45709,0,0.0,60,0,0.421407651,11266.0,6,0,3,0,0.0
45712,0,0.020666416,70,0,818.0,,18,0,0,0,0.0
45713,0,0.064836086,52,0,0.34314735799999996,6792.0,10,0,2,0,1.0
45714,0,0.458392064,60,1,0.5424086929999999,6625.0,11,0,2,0,1.0
45715,0,0.7184494570000001,48,0,0.6779327959999999,5088.0,9,0,4,0,1.0
45716,0,0.001863552,77,0,0.06889656400000001,5500.0,5,0,0,0,0.0
45717,0,0.012748662,31,0,0.29801522199999997,6700.0,13,0,2,0,0.0
45718,0,0.0,39,0,0.0,4422.0,5,0,0,0,0.0
45722,0,0.81722437,44,0,0.096882069,10166.0,4,2,0,0,0.0
45725,0,0.175068744,41,0,0.009990917,6605.0,2,0,0,1,2.0
45726,0,0.104895105,25,0,3.0,0.0,1,0,0,0,0.0
45727,0,0.064007472,89,0,34.0,,1,0,0,0,0.0
45729,0,0.024104281,44,0,0.275611308,11000.0,11,0,2,0,3.0
45730,0,0.02804707,37,0,0.060379971,13000.0,9,0,0,0,2.0
45733,0,0.7589808159999999,60,0,0.125714286,4549.0,4,0,0,0,1.0
45736,0,0.13299366699999998,45,0,0.312438163,14149.0,6,0,4,0,1.0
45737,0,0.22378508100000002,71,0,0.032247662,3100.0,1,0,0,0,0.0
45738,1,0.980511571,38,1,0.136906684,3096.0,9,2,0,0,1.0
45740,0,0.0,47,1,1666.0,0.0,5,0,1,0,3.0
45741,1,0.35478045799999997,74,0,1.4665334669999999,1000.0,9,0,0,0,0.0
45742,0,0.0047211020000000005,77,0,0.172840682,10500.0,7,0,1,0,1.0
45743,1,0.9999998999999999,38,0,0.055944056,1000.0,0,3,0,0,0.0
45744,0,0.549717409,55,0,0.43059867,4509.0,5,0,2,0,1.0
45745,0,0.015527167,72,0,0.010854817,2210.0,8,0,0,0,0.0
45746,0,0.315759464,50,0,0.535719461,6900.0,15,0,1,0,1.0
45748,0,0.0,46,0,0.0,0.0,1,0,0,0,0.0
45752,0,0.9999998999999999,51,1,0.708492731,3920.0,3,2,1,0,1.0
45756,0,0.546227802,66,0,0.24255701600000001,8900.0,4,0,1,0,1.0
45758,0,0.012895661999999999,70,0,0.0013328889999999999,3000.0,3,0,0,0,0.0
45761,0,0.858190302,35,0,0.140464884,4000.0,7,0,0,0,2.0
45762,0,0.061046948,73,0,0.003769239,9550.0,5,0,0,0,0.0
45763,0,0.39666116,32,2,0.10698662699999999,8000.0,9,1,0,0,0.0
45764,0,0.172595668,24,0,0.9562682220000001,2400.0,13,0,2,0,0.0
45765,0,0.2525846,30,0,0.257848743,9268.0,8,0,1,1,3.0
45766,0,0.0,50,0,1586.0,,6,0,1,0,
45767,0,0.972249183,41,2,5791.0,,20,0,1,0,0.0
45768,0,0.329464356,30,2,0.134426928,4693.0,8,0,0,0,1.0
45769,0,0.402445249,53,0,0.22516416,9441.0,13,0,0,0,1.0
45770,0,0.05700882,46,1,0.533381451,5541.0,14,0,2,0,0.0
45772,0,0.19478292100000003,54,2,0.35545556799999994,8000.0,14,0,2,0,1.0
45773,0,0.272971649,47,0,0.329190056,9975.0,10,0,2,0,2.0
45774,0,0.032403364,53,0,0.257531325,3750.0,20,0,1,0,0.0
45775,0,0.169258099,36,0,0.514297141,5000.0,8,0,1,0,3.0
45776,0,0.673147174,37,0,0.29212870399999996,5500.0,8,0,0,0,0.0
45777,0,0.013457853,52,0,1130.0,,7,0,1,0,0.0
45778,0,0.9999998999999999,85,0,0.0,10439.0,6,0,0,0,0.0
45779,0,0.05357169,51,0,0.22541306100000003,5083.0,7,0,1,0,0.0
45782,0,0.9999998999999999,58,0,0.38972844,8800.0,8,0,2,0,1.0
45785,0,0.108937856,48,0,0.493908154,3200.0,9,0,1,0,2.0
45786,0,0.9999998999999999,36,0,0.985941893,3200.0,8,0,1,0,0.0
45788,1,0.304599356,56,0,0.430165246,9500.0,16,0,1,0,1.0
45789,0,0.058202323,66,0,1301.0,,17,0,1,0,
45790,0,0.11342936699999999,71,0,0.35205894,7600.0,13,0,2,0,0.0
45792,0,0.04137814,79,1,0.203303685,2360.0,18,2,0,1,0.0
45794,0,0.160667119,64,0,0.023156676,19000.0,13,0,0,0,1.0
45797,0,0.007385129,89,0,6.0,,6,0,0,0,
45798,0,0.15117661699999999,59,0,0.06189984900000001,12600.0,13,0,0,0,0.0
45799,0,0.104895105,26,0,3.0,0.0,1,0,0,0,0.0
45800,0,0.533679216,34,0,0.19134993399999997,3051.0,7,0,0,0,1.0
45803,0,0.145910281,55,0,4913.0,,15,0,1,0,0.0
45804,0,0.6065051610000001,75,0,2735.0,,8,0,2,0,0.0
45805,0,0.23665796600000003,67,0,0.421223355,2157.0,8,0,0,0,0.0
45806,0,0.031714014,75,0,360.0,,8,0,1,0,0.0
45807,0,0.01009899,32,0,0.187904968,4166.0,2,0,1,0,0.0
45808,1,0.921790096,82,0,1.144146685,7089.0,14,0,2,0,0.0
45809,0,0.29999184,68,0,0.288883124,7708.0,12,0,1,0,1.0
45810,0,0.135917282,53,0,0.19048095199999998,10000.0,3,0,1,0,0.0
45811,0,0.590729717,31,0,0.7417880609999999,3500.0,13,0,1,0,1.0
45814,1,0.9999998999999999,50,98,0.0,,0,98,0,98,0.0
45815,0,0.969310053,57,1,0.34237470799999997,5566.0,9,0,0,0,1.0
45816,0,1.017777778,57,1,0.491233766,3079.0,6,0,0,0,1.0
45817,0,0.020568825,42,0,0.33143108,6833.0,9,0,2,0,5.0
45819,0,0.60503683,31,0,0.273090764,2500.0,7,0,0,0,0.0
45820,0,0.503625677,55,2,0.113636364,8667.0,27,0,1,0,0.0
45823,0,0.09360799800000001,26,0,0.139340659,2274.0,7,0,0,0,0.0
45824,0,0.308021624,53,0,0.874722517,10360.0,8,0,4,0,0.0
45826,1,0.793012525,34,0,0.400127632,4700.0,16,1,1,0,1.0
45827,0,0.093295204,70,0,0.031365314,4877.0,5,0,0,0,0.0
45828,0,1.099800399,26,0,0.188801639,2928.0,7,0,0,0,0.0
45829,0,0.0,29,2,0.174780527,3758.0,6,0,1,0,0.0
45830,0,0.251966301,33,0,0.41135446,8172.0,19,0,2,0,0.0
45831,0,0.353725015,50,0,151.0,,13,2,0,0,
45833,0,0.9999998999999999,39,0,0.091181764,5000.0,1,0,0,0,4.0
45834,0,0.000554613,62,0,0.080016247,7385.0,5,0,0,0,1.0
45835,0,0.2826,32,0,0.18262354600000003,9368.0,4,0,0,0,3.0
45836,0,0.21432153,46,0,0.797651166,6300.0,21,0,1,0,1.0
45839,1,0.920203735,60,0,0.6988847579999999,2420.0,10,0,2,1,0.0
45841,0,0.355180996,82,0,0.17144495399999998,5231.0,11,0,0,0,0.0
45842,0,0.064397157,61,2,0.17293233100000002,7580.0,18,0,2,0,1.0
45844,0,0.946352555,67,1,0.462062012,3966.0,18,0,0,0,0.0
45846,0,0.0,58,0,0.0020767629999999997,13000.0,4,0,0,0,0.0
45847,0,0.278245965,27,0,922.0,,7,0,0,0,0.0
45848,0,0.9999998999999999,30,0,0.40819726799999995,3000.0,5,0,0,2,0.0
45849,0,0.9999998999999999,46,0,0.474996129,12917.0,5,0,1,0,2.0
45850,0,0.051751069000000004,40,0,0.301857262,9583.0,13,0,2,0,4.0
45855,0,0.589683188,59,0,2087.0,,10,0,2,0,0.0
45858,0,0.364115569,70,0,0.27992937,8494.0,10,0,1,0,0.0
45859,0,0.8676299829999999,52,1,0.209813875,6500.0,7,1,1,0,0.0
45861,1,0.055463838,56,2,0.136095989,9000.0,22,0,1,0,0.0
45863,0,0.048622974000000006,43,0,0.356304743,6050.0,9,0,1,0,3.0
45864,0,0.210238635,36,1,2869.0,,6,0,1,0,3.0
45865,0,1.141779602,88,0,5775.0,,14,0,3,0,0.0
45866,0,0.481609286,48,0,0.7545257059999999,4142.0,12,0,2,0,1.0
45868,0,0.048455758,64,0,0.427885863,7709.0,8,0,2,0,1.0
45869,0,0.056074302,66,0,0.297929073,11250.0,19,0,3,0,0.0
45870,0,0.182424035,63,0,0.376297017,6167.0,18,0,1,0,0.0
45871,0,0.09828803900000001,42,0,0.264147171,5000.0,13,0,0,0,2.0
45872,0,0.838949033,38,0,0.300843486,3200.0,5,0,1,0,2.0
45873,1,0.607425676,78,3,0.626569461,7406.0,17,0,2,1,0.0
45874,0,0.000906406,57,0,0.40355111200000005,5800.0,9,0,2,0,0.0
45875,0,0.015837214,72,0,0.546043368,3550.0,14,0,1,0,1.0
45876,0,0.009634555,57,0,0.791877147,4948.0,16,0,2,0,0.0
45880,0,0.82300372,45,2,0.384968445,12200.0,9,0,2,0,0.0
45882,0,0.02980549,79,0,27.0,,4,0,0,0,
45887,0,0.87701755,29,0,2.599503517,2416.0,12,0,2,0,0.0
45888,0,0.385929831,47,0,0.15317762099999999,5522.0,7,0,0,0,1.0
45889,0,0.9999998999999999,56,0,1423.0,,3,0,3,0,0.0
45890,0,0.06211744,60,0,5491.0,,29,0,5,0,0.0
45891,0,0.08260065700000001,35,0,0.114268798,5066.0,8,0,0,0,0.0
45892,0,0.499761369,41,0,0.134287033,6500.0,4,0,0,0,0.0
45893,0,0.025713974,81,0,0.020979021,3002.0,7,0,0,0,0.0
45894,0,1.0,39,0,0.9311651409999999,3166.0,3,0,2,0,0.0
45897,0,0.7800070290000001,58,0,0.61121004,11792.0,9,0,2,0,0.0
45899,0,0.173076583,47,0,0.346723799,5600.0,10,0,2,0,3.0
45900,0,0.9590409590000001,36,1,0.693172942,6400.0,7,0,1,0,1.0
45902,0,0.0010341039999999999,56,0,0.10955404699999999,13700.0,18,0,2,0,0.0
45903,0,0.491447298,43,0,0.499683844,6325.0,13,0,2,0,1.0
45904,0,0.374632144,46,0,0.424242424,2903.0,13,0,0,0,3.0
45905,0,0.00243525,41,0,0.304122253,10600.0,11,0,3,0,0.0
45907,0,0.0,59,0,0.35595550600000003,8000.0,8,0,2,0,0.0
45908,0,0.15784313,51,0,0.5958545789999999,15100.0,13,0,4,0,2.0
45909,0,0.030184073,80,0,0.02574171,4583.0,12,0,0,0,0.0
45910,0,0.9999998999999999,32,0,420.0,,2,0,0,0,0.0
45911,0,0.013301512,46,0,0.21494686300000002,8750.0,5,0,1,0,3.0
45913,0,0.075689533,46,0,8276.0,,9,0,7,0,0.0
45915,0,0.002085062,60,0,0.062194862999999996,4710.0,9,0,1,0,0.0
45916,0,0.36594856600000003,55,0,22.35294118,50.0,3,0,0,0,2.0
45918,0,0.122243584,40,0,0.168707823,4000.0,10,0,0,0,0.0
45919,0,0.09554769199999999,76,1,0.313932981,1700.0,6,0,0,0,0.0
45920,0,0.27207119,33,0,0.132075472,6200.0,12,0,0,0,2.0
45921,0,0.9999998999999999,24,0,0.062310302000000005,5600.0,2,0,0,0,0.0
45922,0,0.000390234,50,0,1185.0,,6,0,1,0,1.0
45924,0,0.019206453000000002,59,0,0.14690177599999998,8052.0,19,0,2,0,3.0
45925,0,0.462158051,29,0,0.115058996,15000.0,16,0,0,0,0.0
45927,0,0.004746282,54,0,0.446452605,5200.0,11,0,2,0,0.0
45930,0,0.05051076,45,0,0.220103986,7500.0,7,0,2,0,2.0
45932,0,0.0,53,0,0.334964002,10833.0,9,0,1,0,0.0
45933,0,0.076923077,46,0,0.77972028,2001.0,9,0,1,0,1.0
45934,0,0.004539424,56,0,0.261373863,10000.0,9,0,2,0,0.0
45935,0,1.112596296,44,1,345.5,1.0,6,0,0,0,2.0
45937,0,0.0,57,0,7.666666667,242.0,5,0,2,0,4.0
45938,1,0.108545481,34,0,0.198334966,4083.0,8,1,0,0,3.0
45939,0,0.044246197,71,0,0.5309405939999999,5655.0,8,0,1,0,0.0
45940,0,0.0061145719999999995,56,0,0.15693489,6250.0,5,0,2,0,1.0
45941,0,0.533822059,36,0,0.20330527,3206.0,5,0,0,0,2.0
45942,0,0.89656312,46,2,0.120830245,4046.0,2,0,0,0,0.0
45943,0,0.07451158599999999,30,0,4.0,,1,0,0,0,
45945,0,0.846430714,62,0,0.020377666000000003,7360.0,2,0,0,0,2.0
45947,0,0.031210412000000003,37,1,0.139408656,7000.0,14,0,1,0,1.0
45948,0,0.122358176,54,0,0.609410431,5291.0,17,0,2,0,1.0
45949,0,0.06605950599999999,58,0,0.132186781,10000.0,16,0,2,0,0.0
45950,0,0.062205758,65,0,648.0,,9,0,1,0,
45952,0,0.024080756000000002,79,0,53.0,,7,0,0,0,
45953,0,0.274827816,36,2,0.8031548540000001,4500.0,12,0,2,0,0.0
45954,0,0.7413836859999999,57,0,0.39420193299999995,3000.0,6,1,1,0,0.0
45956,0,0.026773529,63,0,31.0,,3,0,0,0,
45957,0,0.096425698,35,0,25.0,,5,0,0,0,0.0
45958,0,0.151709954,64,0,0.366519069,7000.0,9,0,2,0,3.0
45959,0,0.030491712999999997,65,0,2147.0,,11,0,1,0,0.0
45961,0,0.002947651,27,1,1.29925187,400.0,6,0,0,0,0.0
45963,1,0.870532367,53,0,0.475634758,6340.0,5,0,2,0,3.0
45964,0,0.9999998999999999,49,0,0.108676878,22000.0,3,0,1,0,0.0
45965,0,0.0,57,0,4111.0,,14,0,2,0,2.0
45966,0,0.45579506399999997,25,0,0.35391152200000003,4000.0,14,0,0,0,0.0
45969,0,0.178334064,41,0,0.21507849199999998,10000.0,18,0,1,0,0.0
45970,0,0.12321265599999999,44,0,0.406159384,10000.0,16,0,4,0,2.0
45971,0,0.008898642,63,0,0.013623297,8000.0,17,0,0,0,2.0
45972,1,0.12691577699999998,45,0,1.259435141,4000.0,6,0,2,0,3.0
45973,0,0.02749725,58,0,0.397421731,2714.0,4,0,0,0,1.0
45974,0,0.005652911,50,0,0.20815619600000002,6350.0,8,0,1,0,0.0
45975,0,0.038163486,28,0,0.286428393,4000.0,13,0,1,0,0.0
45978,0,0.00034574,64,0,0.289514867,1916.0,11,0,0,0,0.0
45979,0,0.033506275,49,0,0.427759865,6512.0,4,0,1,0,0.0
45980,0,0.0,54,1,0.190918952,6452.0,5,0,0,1,0.0
45981,0,0.574648104,49,0,562.0,,5,0,0,0,0.0
45984,0,0.02185265,68,0,0.351123056,5208.0,10,0,1,0,0.0
45985,0,0.01666585,69,0,0.92256453,1200.0,10,0,2,0,0.0
45986,0,0.421919111,57,1,0.503793894,5666.0,11,0,1,0,0.0
45987,0,0.005454362,70,0,0.061764097999999996,4840.0,3,0,1,0,0.0
45988,1,0.71870677,46,0,0.45896861,4459.0,17,0,1,0,0.0
45991,0,0.171864225,64,2,1.1529745040000001,6000.0,16,0,3,0,0.0
45992,0,0.843303335,47,0,0.10201531,6400.0,3,2,0,0,0.0
45994,0,0.9999998999999999,36,0,0.421505233,15000.0,5,0,2,0,3.0
45995,0,0.9999998999999999,24,0,0.165254237,1179.0,1,1,0,0,0.0
45996,0,0.005038699000000001,33,0,2.0,,3,0,0,0,
45997,1,0.0,30,0,0.0,1417.0,1,0,0,0,1.0
45998,0,0.10975294599999999,76,1,0.5141021060000001,2800.0,30,0,1,0,0.0
45999,0,0.0,30,0,1.014754879,2100.0,4,0,2,0,0.0
46000,0,0.0,56,0,0.5097192220000001,8333.0,10,0,3,0,0.0
46002,0,0.047552722,61,0,0.263091641,3971.0,7,0,2,0,2.0
46003,0,0.003466205,28,0,0.0,,2,0,0,0,0.0
46004,0,0.379930922,53,0,0.305881427,12700.0,7,0,1,0,2.0
46005,1,0.608101214,60,0,483.0,,4,1,0,0,0.0
46008,0,0.015713537,43,0,0.39316854700000003,12500.0,12,0,2,0,2.0
46009,0,0.48070973100000003,68,0,3.70383693,833.0,18,0,2,0,0.0
46010,0,0.9999998999999999,46,1,0.167574108,1652.0,1,0,0,0,2.0
46011,0,0.9999998999999999,52,0,0.160791888,2070.0,2,0,0,0,0.0
46012,0,0.0,30,0,0.430116833,4621.0,5,0,1,0,2.0
46013,0,0.08362331099999999,54,0,0.30600810300000003,11600.0,9,0,2,0,1.0
46014,0,0.9999998999999999,61,0,3.6900369,2438.0,2,0,0,0,1.0
46015,0,0.0,67,0,0.478357381,900.0,3,0,0,0,0.0
46016,0,0.20065958600000003,63,0,0.069993334,10500.0,12,0,0,0,0.0
46018,0,0.181931815,68,0,0.31741905,4230.0,4,0,1,0,0.0
46019,0,0.336072345,57,0,0.286716878,5841.0,12,1,1,0,0.0
46020,0,0.17761242300000002,49,0,0.31428095300000003,6000.0,8,0,2,0,1.0
46021,0,0.704575593,63,0,0.65371472,7900.0,13,0,3,0,0.0
46026,0,0.004999,68,0,0.463755065,2220.0,4,0,1,0,0.0
46030,0,0.825191255,48,0,2758.0,,8,0,1,0,3.0
46031,0,0.964577657,26,0,0.003861714,10875.0,4,0,0,0,0.0
46032,0,0.040890166,62,0,0.57200089,8985.0,10,0,2,0,0.0
46033,0,0.0,39,0,0.0,2000.0,3,0,0,0,0.0
46034,0,0.029049916000000002,78,0,0.0034965029999999998,4575.0,4,0,0,0,0.0
46035,0,0.023879092999999997,45,0,0.001294858,5405.0,5,0,0,0,0.0
46037,0,0.035667483,45,0,0.45901639299999997,5367.0,16,0,1,0,6.0
46039,0,0.047356302999999995,72,1,103.0,,13,0,0,0,0.0
46041,0,0.43904041299999996,49,0,0.46634081299999997,4500.0,13,0,1,0,0.0
46043,0,0.006837071,64,0,724.0,,14,0,1,0,0.0
46044,0,0.200792091,52,1,0.329072649,7666.0,22,0,1,0,2.0
46045,0,9.449999999999999e-05,76,0,0.00015581200000000002,6417.0,10,0,0,0,0.0
46046,0,0.0,52,0,0.217217408,10500.0,9,0,1,0,0.0
46047,0,0.9999998999999999,34,0,3422.0,0.0,3,0,1,0,2.0
46048,1,0.9999998999999999,43,3,0.146170766,5000.0,4,0,0,0,1.0
46049,0,0.15395604300000001,79,0,0.23911553,5833.0,17,0,1,0,1.0
46052,0,0.0035973529999999997,46,0,0.159693687,5353.0,10,0,1,0,0.0
46055,0,0.9999998999999999,37,0,0.219102472,4166.0,5,0,0,0,2.0
46057,0,0.0,40,0,0.30722766100000004,4800.0,9,0,2,0,4.0
46061,0,0.440961781,64,0,0.65,6679.0,8,0,1,0,0.0
46062,0,0.026678645,57,0,0.43776211299999995,11206.0,6,0,2,0,2.0
46063,0,0.7776889240000001,25,0,0.133333333,3569.0,5,0,0,0,4.0
46064,0,0.0,73,0,0.00019045799999999998,10500.0,8,0,0,0,0.0
46067,0,0.07506363,64,0,173.0,0.0,14,0,0,0,0.0
46069,0,0.8151245229999999,59,0,3.269928966,3800.0,11,0,1,0,0.0
46070,0,0.079891105,30,1,0.738219895,2100.0,10,0,2,0,1.0
46071,0,0.018057105,88,0,0.002739149,4745.0,3,0,0,0,0.0
46072,0,0.12827176199999998,48,0,0.18922832899999997,14500.0,21,0,2,0,1.0
46073,1,1.063670412,28,0,0.19587628899999998,1842.0,6,0,0,2,2.0
46074,0,0.088312555,34,0,0.419203747,5123.0,14,0,1,0,1.0
46075,0,0.178442123,49,0,0.726902963,6883.0,8,0,2,1,2.0
46076,0,0.49341703200000003,34,0,0.645098584,3600.0,8,0,2,0,0.0
46077,0,0.007948357,39,0,0.685662867,3333.0,11,0,1,0,0.0
46078,0,0.544248982,41,0,0.510448955,10000.0,10,0,2,0,0.0
46079,0,0.167726612,47,0,0.263796201,15583.0,13,0,3,0,2.0
46081,0,0.51112543,68,0,0.52358441,9518.0,23,0,2,0,0.0
46082,0,0.16765584,37,0,0.53755166,7016.0,7,0,3,0,0.0
46083,0,0.109361001,33,0,0.256365233,6833.0,7,0,2,0,1.0
46084,0,0.053998457,44,0,0.688937093,2304.0,4,0,1,0,2.0
46085,0,0.055971612999999996,71,0,0.380053908,5564.0,12,0,0,0,0.0
46086,0,0.411890576,64,0,0.301223293,30000.0,21,0,3,0,0.0
46087,0,0.047099119,85,0,0.017997943,5833.0,9,0,0,0,0.0
46088,0,0.030283455,49,0,0.399560044,10000.0,13,0,2,0,0.0
46089,0,0.090504076,33,0,0.629657989,3917.0,11,0,1,0,2.0
46090,0,0.001085683,61,0,0.088570836,4820.0,4,0,0,0,0.0
46091,0,0.018953555,67,0,1.508491508,1000.0,10,0,1,0,0.0
46093,1,0.683047168,33,0,0.530698659,7084.0,12,0,2,0,0.0
46094,0,0.08226138,64,0,214.0,,5,0,1,0,
46096,0,0.009237132,71,0,16.0,,5,0,0,0,
46097,0,0.0,54,2,0.49135704399999997,5032.0,7,0,1,0,2.0
46099,0,0.054473214000000006,56,0,0.227383592,9019.0,9,0,2,0,3.0
46100,0,0.540719036,63,3,0.5254057870000001,2833.0,13,0,3,0,0.0
46101,0,0.345827086,25,0,0.02056962,2527.0,4,0,0,0,0.0
46102,0,0.003928218,76,0,52112.0,,27,0,23,0,0.0
46104,0,0.08691308699999999,30,0,0.9301439459999999,2361.0,8,0,1,0,1.0
46105,0,0.041178978,49,0,0.398393933,4482.0,15,0,1,0,0.0
46108,1,0.804391218,61,1,1.6447337830000002,4300.0,4,0,2,0,0.0
46109,0,0.024679719,85,0,0.01076647,3900.0,7,0,0,0,0.0
46110,0,0.92908222,62,0,0.432220725,20042.0,13,0,2,0,0.0
46111,0,0.243919878,45,0,0.066340146,31850.0,11,0,0,0,3.0
46112,0,0.021726591,39,0,0.157421289,2000.0,8,0,0,0,0.0
46113,0,0.03787017,69,0,0.520233463,2569.0,4,0,1,0,0.0
46114,0,0.016018629,52,0,0.34364006700000005,5400.0,16,0,1,0,0.0
46115,0,0.0,28,1,0.678431373,764.0,5,0,0,0,0.0
46116,0,0.5864706270000001,58,0,0.8688524590000001,2500.0,10,0,2,0,1.0
46117,0,0.21826081,51,0,0.285255266,2800.0,10,0,0,0,3.0
46118,1,0.9999998999999999,43,0,1727.0,,3,0,1,0,3.0
46119,0,0.0,23,0,0.0,,1,0,0,0,0.0
46121,1,0.9999998999999999,28,0,0.6031322889999999,3000.0,6,1,0,0,2.0
46122,0,0.021918085,65,0,0.006238004,2083.0,1,0,0,0,0.0
46123,0,0.201742521,64,0,0.13493953,10500.0,12,0,1,0,0.0
46125,0,0.01273241,79,1,0.298349057,4239.0,9,0,1,0,0.0
46126,0,0.126645559,32,0,0.1317485,4500.0,6,0,0,0,0.0
46131,0,0.16230249,74,1,0.272202999,1733.0,7,0,0,0,0.0
46132,0,0.00389961,42,0,0.100071994,4166.0,2,0,0,0,3.0
46134,0,0.01337076,70,0,0.074074074,5750.0,12,0,0,0,0.0
46135,0,0.602377253,57,0,2.7521982410000003,1250.0,16,0,2,0,0.0
46137,0,0.11879568,46,0,0.351960893,9000.0,8,0,1,0,1.0
46138,0,0.018396065,82,0,0.301399746,5500.0,9,0,1,0,0.0
46139,0,0.0,49,0,0.495615573,2850.0,6,0,1,0,2.0
46141,0,0.020715323,69,0,0.26093476600000004,4000.0,8,0,1,0,0.0
46142,0,0.140213796,60,0,0.581805234,5616.0,11,0,2,0,0.0
46143,0,0.780468451,55,0,0.22891302,9116.0,15,0,0,0,0.0
46144,0,0.038366500000000005,61,0,0.25109956,2500.0,8,0,1,0,0.0
46146,0,0.64395707,45,0,0.630715905,7500.0,5,0,2,0,0.0
46148,0,0.9321357290000001,43,0,14.0,,1,0,0,1,3.0
46149,0,0.220055599,70,0,2200.0,,9,0,1,0,0.0
46150,0,0.139097219,59,0,2123.0,0.0,15,0,2,0,0.0
46153,0,0.0,57,1,0.207398943,7000.0,8,0,1,0,0.0
46155,0,0.065168804,23,0,0.273554604,1867.0,5,0,0,0,0.0
46156,0,0.064620428,78,0,0.096276545,10500.0,33,0,0,0,0.0
46157,0,0.04436323,81,0,0.010219951,4500.0,8,0,0,0,0.0
46158,0,0.037016029,63,0,0.8343711079999999,3211.0,4,0,2,0,0.0
46160,1,0.0,43,0,0.338886245,2100.0,5,0,0,0,3.0
46161,0,0.182034625,35,0,0.555866667,7499.0,9,0,2,0,0.0
46162,0,0.0,66,0,0.37075762799999995,5833.0,6,0,2,0,1.0
46163,0,0.042691213,46,0,0.264247151,3333.0,14,0,1,0,0.0
46164,1,0.9999998999999999,60,0,0.064069708,1950.0,1,2,0,0,0.0
46166,1,0.9999998999999999,26,0,0.430082256,850.0,3,0,0,0,0.0
46167,0,0.9999998999999999,27,1,0.433151432,1465.0,3,0,0,0,0.0
46168,0,0.27880689399999997,33,0,0.343331447,5300.0,12,0,2,0,2.0
46169,0,0.0,47,0,0.055993000999999994,8000.0,4,0,0,0,2.0
46170,0,0.303877854,28,0,0.141687433,2808.0,9,0,0,0,0.0
46171,0,0.06989000299999999,32,0,0.042886915,9116.0,4,0,0,0,0.0
46172,0,0.9999998999999999,62,0,0.001583201,12000.0,4,0,0,0,3.0
46173,1,0.9999998999999999,46,3,1667.0,,10,1,0,0,3.0
46174,0,0.159366486,45,2,0.125553492,7000.0,9,1,0,0,0.0
46176,0,0.0,24,1,0.130217446,4000.0,6,0,0,0,0.0
46177,0,0.00029849900000000003,68,0,60.0,,7,0,0,0,
46178,0,0.333467759,56,0,0.51603463,8200.0,11,0,2,0,1.0
46179,0,0.00254351,41,0,0.252499546,5500.0,15,0,1,0,2.0
46180,0,0.000297718,60,0,1080.0,,9,0,2,0,0.0
46182,0,0.7091849179999999,55,0,2982.0,,10,0,2,0,0.0
46183,1,0.40159973299999996,60,1,0.36116470799999995,5700.0,5,0,0,3,0.0
46184,0,0.05262768,46,0,0.277203144,7250.0,7,0,1,0,1.0
46185,0,0.9345523809999999,45,1,0.47952249799999996,5444.0,12,0,1,0,2.0
46187,0,0.920041005,29,1,0.147865325,2880.0,3,0,0,0,0.0
46188,0,0.32719153100000004,59,0,0.38116749299999997,22800.0,17,0,2,0,1.0
46189,0,0.901373283,47,0,0.175040086,3741.0,2,0,0,1,0.0
46192,0,0.016767757,67,0,0.35039442299999995,5450.0,12,0,2,0,0.0
46194,0,0.192717267,61,0,0.282185206,7083.0,22,0,1,0,0.0
46196,0,0.567252457,42,0,0.385918004,6731.0,8,0,1,0,3.0
46199,1,1.3543228390000002,53,0,679.0,,4,4,0,1,0.0
46200,0,0.070032079,67,0,0.32513395,4105.0,11,0,2,0,0.0
46202,0,0.070795989,79,0,394.0,,10,0,0,0,
46203,0,0.012459622,22,0,0.002150538,929.0,5,0,0,0,0.0
46204,0,0.020221473,82,0,16.0,,4,0,0,0,0.0
46205,1,0.043189369000000005,35,0,0.00467886,2350.0,4,0,0,0,4.0
46209,0,0.9999998999999999,53,0,4252.0,,14,0,4,0,0.0
46210,0,0.070117906,36,0,0.451172092,9000.0,17,0,2,0,3.0
46211,0,0.00034145800000000005,47,0,0.194000513,11700.0,10,0,1,0,3.0
46212,0,0.7314537090000001,49,0,0.028540849,8408.0,5,0,0,0,0.0
46213,0,0.464976751,44,0,1276.0,,4,0,1,0,4.0
46216,0,2.7165668660000004,36,1,970.0,,2,3,0,0,0.0
46217,0,0.003974189,74,0,2.0,,5,0,0,0,0.0
46221,0,0.805799356,37,0,0.39785634299999995,6250.0,5,0,3,0,0.0
46223,1,0.7547285509999999,49,3,0.651442854,4400.0,14,0,1,1,2.0
46224,0,1.050757071,41,1,0.63203296,7766.0,8,0,1,0,2.0
46225,0,0.35004538799999996,39,0,0.186423731,9000.0,20,0,0,0,5.0
46226,0,0.006419819,86,0,0.004357857,3900.0,6,0,0,0,0.0
46227,0,0.026394567999999997,37,0,0.526121469,5416.0,13,0,2,0,0.0
46230,0,0.59659422,37,0,0.596878283,6662.0,10,0,1,0,2.0
46231,0,0.527959621,58,0,0.374182542,10550.0,5,0,1,0,0.0
46232,0,0.131198158,59,0,0.306791569,8539.0,10,0,2,0,0.0
46233,0,0.609773063,49,0,0.394241733,3507.0,4,0,1,0,1.0
46235,1,0.9999998999999999,27,0,50.0,,1,0,0,0,0.0
46236,0,0.704318937,41,0,0.09661835699999999,6416.0,2,6,0,1,2.0
46237,1,1.0632911390000002,52,1,0.140563466,3300.0,4,1,0,2,3.0
46239,0,0.709864108,34,0,0.29740706,3200.0,10,0,0,0,0.0
46240,0,0.002768928,80,0,0.135859729,8839.0,8,0,2,0,0.0
46241,0,0.534476427,61,0,0.204744263,19433.0,11,0,1,0,3.0
46242,0,0.20910164,56,0,1799.0,,15,0,2,0,0.0
46245,0,0.069098705,48,0,0.131407713,6300.0,7,0,1,0,4.0
46246,0,0.035701137,48,0,0.189292335,9170.0,11,0,2,0,0.0
46247,0,0.060755115,61,0,2150.0,0.0,4,0,2,0,0.0
46248,0,0.46124579299999996,49,0,0.30850935399999996,8284.0,8,0,2,0,3.0
46249,0,0.043141395,66,0,0.533048027,4205.0,15,0,2,0,0.0
46250,0,0.33471216800000003,28,0,199.0,,2,0,0,0,0.0
46251,0,0.206812203,41,0,1.1324191129999999,14000.0,10,0,4,0,3.0
46252,0,0.0,64,0,0.0,,1,0,0,0,0.0
46253,0,0.133624166,79,1,0.18837488300000002,7500.0,13,0,0,0,0.0
46254,0,0.96660334,61,1,0.35054981700000004,3000.0,4,0,1,0,0.0
46255,0,0.817242529,36,0,1355.0,,6,0,1,0,1.0
46256,0,0.438001865,60,1,0.305352442,10256.0,12,1,1,0,0.0
46257,0,0.9999998999999999,25,0,0.03398867,3000.0,0,4,0,0,0.0
46258,0,0.0,56,0,0.25572662399999996,5325.0,5,0,1,0,2.0
46259,0,0.0,40,0,0.24815037,5000.0,6,0,1,0,0.0
46260,0,0.00010713899999999999,65,0,2190.0,,8,0,1,0,
46261,0,0.040105711,59,0,0.362177075,3986.0,6,0,1,0,0.0
46262,0,0.016206305,62,0,0.300761277,8800.0,15,0,1,0,1.0
46263,0,0.002763097,44,0,492.0,,9,0,1,0,0.0
46265,0,0.161297318,42,0,0.27287685100000003,7900.0,7,0,1,0,2.0
46266,0,0.0,48,0,0.10045996900000001,15000.0,7,0,0,0,2.0
46267,0,0.071995765,36,0,0.009193928,4676.0,4,0,0,0,0.0
46268,0,0.049778817,63,0,0.251639738,6250.0,4,0,1,0,0.0
46269,0,0.11838816099999999,33,0,0.5256948610000001,5000.0,5,0,1,0,0.0
46270,0,0.112728601,70,0,1040.0,,6,0,1,0,0.0
46273,0,0.062413895,25,0,0.442470013,2250.0,13,0,1,0,0.0
46274,0,0.029665254,46,3,0.694475761,6208.0,9,0,3,0,0.0
46275,0,0.922891745,59,2,0.17001056,20833.0,6,0,2,1,1.0
46278,0,0.46971280299999996,51,0,1758.0,,6,0,1,0,2.0
46279,0,0.23078874,48,0,2105.0,,8,0,1,0,0.0
46280,0,0.002327486,67,0,0.005571031,4666.0,10,0,0,0,0.0
46284,0,0.021131677,57,0,0.08923651199999999,11250.0,7,0,1,0,1.0
46285,0,0.00339935,43,0,0.6877662809999999,4928.0,10,0,1,0,2.0
46287,0,0.39446094200000004,28,0,0.106278123,4666.0,3,0,0,0,0.0
46288,0,0.9999998999999999,33,0,0.117353308,800.0,2,0,0,0,0.0
46289,0,0.8566286740000001,41,0,0.33003643899999996,1920.0,3,0,0,0,0.0
46290,0,0.508089524,52,1,0.367642495,9666.0,9,0,1,0,2.0
46292,0,0.035360096,62,1,0.042431193,9591.0,8,0,0,0,1.0
46293,0,0.044948617,55,1,1.596185465,3040.0,35,0,1,0,0.0
46294,0,0.42276638200000005,44,0,0.411381299,11966.0,11,0,2,0,2.0
46296,0,0.033214503,58,0,0.38280949299999995,7794.0,6,0,1,0,1.0
46297,0,0.60364765,63,0,8951.0,,12,0,3,0,0.0
46298,0,0.308626817,56,0,0.514149875,8833.0,20,0,2,0,0.0
46299,1,1.02533803,52,2,0.599549519,14650.0,11,0,3,0,0.0
46300,0,0.13810546,74,0,0.158874638,2416.0,10,0,0,0,0.0
46301,0,0.836744217,37,0,0.220617641,4500.0,3,0,0,0,1.0
46302,0,0.614914093,73,0,0.41260699100000003,12500.0,27,0,1,0,0.0
46304,0,0.7073797890000001,56,1,0.259198136,10300.0,10,1,1,0,1.0
46305,0,0.645959855,45,0,0.33886829,6202.0,7,0,0,0,0.0
46306,0,0.36030558799999995,59,0,0.081274104,7000.0,6,0,0,0,0.0
46308,0,0.008835709,74,1,0.545342922,5700.0,17,0,2,0,1.0
46313,0,1.45508982,34,3,1.5650280019999998,1606.0,7,0,1,0,0.0
46314,0,0.960345415,54,0,0.145052977,6700.0,3,0,1,0,0.0
46315,0,0.07364372799999999,57,0,0.080548415,3500.0,5,0,1,0,1.0
46316,0,0.08324965299999999,57,0,0.244220462,12500.0,11,0,1,0,1.0
46317,0,0.042623888,55,0,0.344092346,13600.0,16,0,4,0,3.0
46318,0,0.9999998999999999,51,0,0.786885246,2500.0,6,0,2,0,0.0
46320,0,0.035156444,59,0,0.0056502240000000006,11149.0,3,0,0,0,2.0
46321,0,0.053422514000000004,47,0,0.14901214,4200.0,16,0,0,0,1.0
46322,0,0.275169197,56,0,0.232675346,33333.0,14,0,2,0,0.0
46323,0,0.01896458,57,0,0.861018993,3316.0,8,0,3,0,0.0
46324,0,0.007099763,59,0,0.001934985,5167.0,4,0,0,0,1.0
46326,0,0.198829886,52,0,2.8018318069999997,1200.0,9,0,3,0,0.0
46327,0,0.9303503009999999,57,0,0.611093196,3100.0,8,0,1,1,0.0
46328,0,0.00173813,88,0,0.01980198,201.0,6,0,0,0,0.0
46329,0,1.087481558,56,0,0.396402398,1500.0,5,0,0,0,0.0
46331,0,0.199469726,57,0,0.267689179,11800.0,15,0,2,0,2.0
46334,0,0.142055351,29,0,0.440445587,2333.0,16,0,0,2,0.0
46335,0,0.09072224699999999,47,0,0.171527199,8400.0,8,0,1,0,2.0
46337,0,0.05492322,64,0,0.221422256,7916.0,7,0,2,0,1.0
46339,0,0.509703416,49,0,0.47825083700000004,8666.0,8,0,1,0,0.0
46340,0,0.0,31,0,0.351820995,4200.0,6,0,1,0,0.0
46341,0,0.483495616,44,0,0.648381646,7692.0,10,0,3,0,0.0
46342,1,0.660998955,46,5,0.44880536,16866.0,17,0,7,0,0.0
46345,0,0.11227237,54,0,0.318268173,10000.0,12,0,2,0,0.0
46347,0,0.09270997,66,0,0.091548196,6400.0,8,0,1,0,0.0
46348,0,0.023798412999999997,41,0,0.14244065,2400.0,3,0,0,0,0.0
46349,0,0.6973408059999999,53,0,0.695320094,7200.0,11,0,2,0,3.0
46350,0,0.0,37,0,0.201463883,8333.0,7,0,2,0,3.0
46351,0,0.0,42,0,0.34573401600000003,13466.0,16,0,3,0,1.0
46353,0,0.38600328,39,0,0.47167296200000003,4500.0,8,0,1,0,2.0
46354,0,0.260655225,55,1,0.234642658,12550.0,20,0,1,0,1.0
46355,0,0.0,44,0,0.16771097199999999,7500.0,9,0,2,0,1.0
46358,1,0.9999998999999999,26,0,332.0,,2,0,0,0,0.0
46359,0,0.0,74,0,0.0,,3,0,0,0,0.0
46360,0,0.629852021,56,0,0.364786735,9166.0,13,0,1,0,1.0
46361,0,0.12414911699999999,44,0,0.18040055,6540.0,5,0,1,0,1.0
46362,0,0.0,55,0,0.0037587259999999996,5586.0,4,0,0,0,0.0
46364,0,0.35283097399999996,39,0,0.13224792900000001,3500.0,8,0,0,1,0.0
46365,0,0.014800819,58,0,0.003107968,22200.0,6,0,0,0,0.0
46367,0,0.356688548,34,0,0.447883013,5880.0,8,0,2,0,1.0
46368,0,0.707849143,47,0,0.443738887,3936.0,15,0,0,0,0.0
46369,0,0.11746218800000001,52,0,0.49434540899999996,5216.0,4,0,1,0,0.0
46371,0,0.9999998999999999,86,0,0.0,,2,0,0,0,0.0
46372,0,0.132444242,61,0,0.36277400299999996,7800.0,14,0,1,0,0.0
46373,0,0.320999293,35,0,0.27857405399999996,2720.0,5,0,0,0,0.0
46374,0,0.844184385,79,0,0.40613197100000004,4500.0,7,0,1,0,1.0
46377,0,0.143843369,49,0,2439.0,,7,0,1,0,2.0
46378,0,95.0,55,0,1195.0,,4,0,1,0,
46379,0,0.00172229,52,0,0.364746946,4583.0,10,0,0,0,1.0
46380,0,0.038468844,55,3,0.261249107,12600.0,16,0,3,0,2.0
46382,0,0.0,58,0,1357.0,,8,0,1,0,0.0
46383,0,0.005455228,81,0,0.479004666,4500.0,17,0,2,0,0.0
46385,0,0.048922695,52,0,0.48221715200000004,7450.0,11,0,2,0,2.0
46386,0,0.048364222000000005,51,0,0.448598131,4600.0,11,0,1,0,1.0
46388,0,0.532470524,44,2,0.22286412600000002,9000.0,18,0,0,0,3.0
46389,0,0.020236344,75,1,0.39570641100000004,6893.0,16,0,2,0,0.0
46390,0,0.173961342,33,0,0.00689862,3333.0,1,0,0,0,0.0
46391,0,0.6295424479999999,45,0,0.23990783899999998,20832.0,9,0,1,0,4.0
46393,0,0.0,39,0,0.32334384899999996,3803.0,6,0,0,0,3.0
46394,0,0.003359933,75,0,961.0,,4,0,1,0,0.0
46395,0,0.025831535,58,0,2458.0,,9,0,1,0,0.0
46397,0,0.785204227,64,0,0.25224925,3000.0,6,0,0,0,0.0
46400,0,0.022391288,75,0,26.0,,2,0,0,0,0.0
46401,0,0.562471876,41,0,0.392737978,5094.0,12,0,1,0,0.0
46402,0,0.504285454,50,0,0.24661528800000002,4800.0,8,0,2,0,0.0
46403,0,0.9999998999999999,66,1,2862.0,,2,1,1,1,0.0
46405,0,0.307057154,71,0,0.596286973,3177.0,6,0,1,0,0.0
46406,0,0.619574201,39,0,0.616024773,10333.0,22,0,2,0,1.0
46407,1,1.031069936,46,1,0.158099047,8500.0,15,0,2,0,0.0
46408,0,0.363235766,63,0,0.31886096,5688.0,16,0,1,0,1.0
46410,0,0.07159642,55,0,0.553602206,2900.0,7,0,1,0,0.0
46413,0,0.0,33,0,2308.0,,10,0,3,0,
46415,0,0.020360955,43,0,0.004949515,5050.0,4,0,0,0,3.0
46417,0,0.033268555,46,0,0.43776763399999996,21250.0,15,0,2,0,0.0
46418,1,0.9999998999999999,29,0,0.8692781690000001,2271.0,4,1,1,1,1.0
46420,0,0.14253492,50,0,1782.0,,7,0,1,0,0.0
46422,0,0.019981455,47,0,0.29950383399999997,6650.0,15,0,1,0,2.0
46423,0,0.026202378999999998,37,0,0.187293426,2722.0,4,0,0,0,0.0
46424,0,0.49981662,39,0,0.7064116990000001,8000.0,17,0,1,0,2.0
46426,0,0.096198251,49,0,0.143152138,17917.0,5,0,1,0,3.0
46429,0,0.003499825,77,0,2475.0,,4,0,2,0,0.0
46432,0,0.23665089,63,0,0.191961608,5000.0,7,0,0,0,1.0
46434,0,0.410530526,52,0,3630.0,,18,0,2,0,0.0
46436,0,0.49630199399999997,57,1,3977.0,,21,0,1,0,0.0
46439,0,0.0009745660000000001,67,0,0.056606144000000004,15916.0,8,0,0,0,2.0
46441,0,0.094275996,34,0,0.16201885300000002,10183.0,9,0,1,0,1.0
46442,0,0.119760479,41,0,1.110741049,1200.0,9,0,2,0,0.0
46443,0,0.011522292,34,0,0.260594742,6960.0,10,0,1,0,1.0
46447,0,0.33838543299999996,52,0,3111.0,,6,0,2,0,0.0
46448,0,0.137089466,78,0,2518.0,,8,0,2,0,0.0
46450,0,0.41809844799999996,47,1,0.35932813399999997,5000.0,18,0,0,0,0.0
46451,0,0.42373335700000003,61,0,0.365402299,8699.0,14,1,1,0,0.0
46452,0,0.017732742,50,0,1288.0,,3,0,1,0,0.0
46455,0,0.9999998999999999,29,1,0.0,2000.0,1,0,0,0,2.0
46456,0,0.476797869,58,0,0.93784153,2927.0,17,0,1,0,2.0
46457,0,0.110944528,27,0,6.0,,1,0,0,0,0.0
46460,0,1.079840319,28,1,0.267398012,2916.0,5,1,0,0,0.0
46461,0,0.16278384,56,0,95.5,1.0,3,0,0,0,0.0
46464,0,0.024244402999999998,51,0,0.387096774,3750.0,9,0,1,0,0.0
46466,0,0.382412246,39,0,0.8685461959999999,2943.0,5,0,2,0,3.0
46468,0,0.0023447470000000003,84,0,2.0,,3,0,0,0,0.0
46469,0,0.008203533,49,1,0.299009132,5146.0,15,0,2,0,1.0
46471,0,0.09970162099999999,31,0,0.160842754,3891.0,4,0,0,0,0.0
46472,0,0.201654733,58,0,1353.0,,7,0,2,0,2.0
46474,0,0.0,61,0,257.0,,4,0,0,0,1.0
46475,0,0.21720131899999998,75,0,1674.0,,12,0,1,0,
46476,0,1.061793821,47,0,0.477690289,8000.0,5,0,2,0,0.0
46477,0,0.38189695100000004,30,0,3310.0,,9,0,1,0,0.0
46480,0,0.070728618,48,0,0.220062395,4166.0,8,0,2,0,4.0
46481,0,0.101997243,46,0,0.597536837,4546.0,6,0,1,0,1.0
46482,0,0.5822944,38,2,0.454924179,6000.0,14,1,0,0,0.0
46484,0,0.16222646300000002,47,0,4546.0,,22,0,2,0,0.0
46485,0,0.214919005,34,0,4529.0,,4,0,1,0,0.0
46486,0,0.9999998999999999,31,0,0.15562174199999998,1342.0,1,0,0,0,0.0
46488,0,0.029800642000000002,60,0,0.136558423,10500.0,16,0,1,0,0.0
46489,0,0.162094596,53,0,3200.0,,6,0,2,0,0.0
46492,0,0.10850255,54,0,0.327556326,7500.0,7,0,1,0,2.0
46493,0,0.0,60,0,0.0,,1,0,0,0,0.0
46495,1,0.657785231,55,2,0.530689568,3958.0,11,0,2,0,0.0
46496,0,0.071240106,76,0,551.0,,9,0,0,0,0.0
46497,1,0.93681307,45,0,0.8127845220000001,10543.0,31,0,2,0,0.0
46498,0,0.12118263900000001,83,0,71.0,,6,0,0,0,0.0
46499,0,0.029542013,70,0,0.006642383000000001,4666.0,3,0,0,0,0.0
46500,0,0.064823269,74,0,0.006499188,8000.0,2,0,0,0,1.0
46501,0,0.521785155,52,0,0.150961655,24800.0,10,0,1,0,6.0
46502,0,0.013120053999999999,64,0,0.261131635,5142.0,7,0,1,0,1.0
46504,0,0.032539411000000004,40,0,0.534032753,11723.0,18,0,2,0,4.0
46507,0,0.027762552000000003,60,0,0.159335158,14980.0,12,0,2,0,1.0
46509,0,0.446755711,27,0,0.233647529,3500.0,6,0,0,0,0.0
46510,0,0.047622437000000004,60,0,0.020616431,9700.0,8,0,0,0,2.0
46511,0,0.33916302299999995,25,0,0.023359288,898.0,3,0,0,0,0.0
46512,0,0.239933263,65,2,0.582722304,7500.0,15,0,2,0,0.0
46513,0,0.23775601100000002,41,0,0.162769874,10050.0,9,0,0,0,2.0
46514,0,0.9999998999999999,78,1,0.20399579399999998,950.0,5,0,0,0,0.0
46516,0,0.0,70,0,0.056176711,11000.0,8,0,0,0,0.0
46517,0,0.04250385,58,0,0.019791148999999997,10054.0,15,0,0,0,0.0
46519,0,0.253395615,80,0,0.446865037,7527.0,11,0,4,0,0.0
46520,0,0.0,53,0,1840.0,,4,0,1,0,
46521,0,0.550745115,69,0,0.522254475,4133.0,14,0,1,0,0.0
46522,0,0.054854993,68,0,0.142214446,4000.0,7,0,1,0,0.0
46523,0,0.9999998999999999,54,2,599.0,,3,2,0,2,0.0
46524,0,0.022597285,46,0,1778.0,0.0,8,0,2,0,0.0
46525,0,0.06447005,35,0,0.131029915,9058.0,3,0,1,0,3.0
46526,0,3.30295672,36,0,0.318831136,19950.0,17,0,2,0,1.0
46527,0,0.015662551,54,0,2502.0,,9,0,2,0,2.0
46529,0,0.61992051,75,0,0.29973822,4583.0,14,0,0,0,0.0
46531,0,0.47974900200000004,59,0,0.40279860100000003,4001.0,7,0,1,0,0.0
46533,0,0.001488446,57,3,0.377693846,4500.0,17,0,1,0,0.0
46534,0,0.007579215,57,0,0.20486700600000002,5300.0,6,0,2,0,1.0
46535,0,0.892510749,68,0,0.619900816,6250.0,6,0,2,0,0.0
46537,0,0.049317060999999995,46,0,0.19905699100000002,14633.0,9,0,2,0,3.0
46539,0,0.36152575299999995,53,0,0.831722759,3000.0,5,0,1,0,1.0
46540,0,0.18252267600000002,50,0,0.081989068,7500.0,13,0,1,0,3.0
46541,0,0.06466235599999999,64,0,0.008961680999999999,3235.0,2,0,0,0,0.0
46542,0,0.056955875999999996,57,0,0.18586413100000002,10200.0,21,0,2,0,2.0
46544,0,0.251166652,53,0,0.258624384,14000.0,8,0,2,0,0.0
46545,0,0.8637888840000001,57,0,4492.0,,28,0,2,0,1.0
46547,0,0.047732697000000004,64,0,0.41915016299999996,5200.0,18,0,2,0,0.0
46549,0,0.002043389,92,0,0.0006662230000000001,1500.0,6,0,0,0,0.0
46550,0,0.07820455400000001,51,0,0.569634969,4300.0,8,0,1,0,1.0
46552,0,0.9999998999999999,50,0,0.36614173200000005,5333.0,5,0,1,0,2.0
46553,0,0.057062616,33,0,437.0,0.0,9,0,0,0,1.0
46554,0,0.162552371,56,0,0.292634152,9000.0,9,0,1,0,0.0
46556,0,0.055239601,76,0,1366.0,,5,0,1,0,0.0
46557,0,0.070497482,49,0,1431.0,,6,0,1,0,2.0
46558,0,0.9999998999999999,34,0,0.017336776,2710.0,0,10,0,0,3.0
46559,0,0.334215025,55,0,1813.0,,8,0,1,0,0.0
46560,0,0.050820177,56,0,0.47479081700000003,4660.0,15,0,2,0,3.0
46561,0,0.05444142,28,0,0.200266578,3000.0,6,0,0,0,0.0
46562,0,0.03465099,54,0,0.8796640509999999,7262.0,18,0,3,0,1.0
46563,0,1.266121708,58,1,0.038653782000000005,3000.0,4,3,0,1,0.0
46564,0,0.044447883,77,0,0.22359213600000002,3000.0,10,0,1,0,0.0
46565,0,0.0,64,0,0.159353996,10711.0,9,0,1,0,0.0
46566,0,0.037586139,55,0,621.0,,5,0,1,0,0.0
46567,0,0.035754916,74,0,0.019940004,5666.0,8,0,0,0,0.0
46570,0,0.02429919,45,0,0.797250859,3200.0,7,0,2,1,2.0
46571,0,0.08627438,47,0,0.29607426,5170.0,12,0,2,0,0.0
46572,0,0.9999998999999999,34,1,0.0,2253.0,4,0,0,0,2.0
46574,0,0.030395437999999997,55,0,0.163287976,3600.0,7,0,0,0,0.0
46577,0,0.611297687,57,2,0.5263540529999999,2750.0,6,0,2,1,0.0
46579,0,0.048740505999999996,30,0,0.428103981,5500.0,8,0,1,0,2.0
46582,1,0.9999998999999999,54,0,0.621786065,10189.0,8,0,1,1,0.0
46583,0,0.0,22,0,0.0,5186.0,1,0,0,0,0.0
46584,0,0.35947790700000004,46,2,2661.0,,14,0,2,0,1.0
46585,0,0.031957222,46,0,940.0,,5,0,1,0,0.0
46586,0,0.0,50,0,0.0,,5,0,0,0,0.0
46589,0,0.005291951,78,0,0.003665445,3000.0,12,0,0,0,0.0
46590,0,0.193046783,68,0,834.0,,6,0,0,0,0.0
46591,0,0.022494679,52,0,0.4695102,9166.0,12,0,2,0,1.0
46594,0,0.178152874,51,0,0.8191945159999999,3500.0,7,0,2,0,2.0
46595,0,0.147202047,46,0,0.366845294,8583.0,7,0,2,0,3.0
46596,0,0.22381277,29,1,0.064365516,5996.0,4,1,0,0,1.0
46598,0,0.0024136270000000002,81,0,1.0,,2,0,0,0,0.0
46600,0,0.11547768300000001,56,0,769.0,,3,0,1,0,0.0
46603,0,0.114888202,34,0,0.0066641980000000005,2700.0,1,0,0,0,0.0
46604,0,0.8752717640000001,74,0,0.514960156,6650.0,18,0,0,0,0.0
46605,0,0.02741847,63,0,0.233764136,6189.0,5,0,2,0,3.0
46607,0,0.00174371,64,0,0.432813878,3400.0,5,0,1,0,0.0
46608,0,0.240578373,55,0,0.39973351100000004,1500.0,4,0,0,0,0.0
46609,0,0.021135547,57,0,0.198823859,3570.0,17,0,1,0,1.0
46610,0,0.001564694,62,0,16.0,,4,0,0,0,
46612,0,0.144184889,31,0,0.383736431,5250.0,8,0,1,0,0.0
46613,0,0.253974104,49,1,0.349943535,7083.0,11,0,2,0,1.0
46614,0,0.7468223820000001,42,2,0.15287314800000001,8300.0,8,1,0,1,4.0
46615,0,0.011581285,81,0,21.0,,11,0,0,0,0.0
46616,0,0.957475297,69,0,0.32824944899999997,5900.0,10,0,0,0,0.0
46618,0,0.9999998999999999,53,0,1609.0,,3,0,1,0,0.0
46619,0,0.0,31,0,0.41896144799999996,5083.0,4,0,1,0,1.0
46620,0,0.715714234,57,0,0.5805828129999999,6725.0,7,0,2,0,0.0
46621,0,0.0,68,0,2923.0,,5,0,2,0,
46622,0,0.355205599,47,0,0.24406074,8165.0,13,0,1,0,1.0
46624,0,0.5223849629999999,32,0,1.027948403,3255.0,15,0,1,0,0.0
46625,0,0.795274424,33,0,0.476952305,10000.0,8,0,2,0,1.0
46626,0,0.051653359,66,0,0.201964902,13333.0,12,0,1,0,0.0
46627,1,0.0,47,0,0.493923951,5101.0,4,0,2,2,3.0
46629,0,0.095287111,64,0,0.307816603,4950.0,5,0,1,0,0.0
46630,0,0.9999998999999999,37,0,0.0,6666.0,2,2,0,0,1.0
46631,0,0.293911717,34,0,0.24900614399999998,5533.0,13,0,1,0,0.0
46632,0,0.12190774300000001,62,0,0.553289342,5000.0,16,0,1,0,2.0
46634,0,0.9999998999999999,65,0,0.46741573,889.0,6,0,0,0,0.0
46635,0,0.131309894,64,0,0.42438157299999996,6750.0,10,0,2,0,0.0
46636,0,0.037196406,63,0,2646.0,,10,0,1,0,0.0
46638,0,0.281897448,78,0,0.034988337,3000.0,4,0,0,0,0.0
46639,0,0.024597116000000002,33,0,1.172956761,4000.0,11,0,4,0,0.0
46641,0,0.716566866,21,0,0.08637873800000001,300.0,2,0,0,0,0.0
46642,0,0.13215871199999998,47,0,2193.0,,13,1,2,0,0.0
46644,0,0.042836717,70,0,1.6242236019999998,643.0,7,0,1,0,0.0
46646,0,0.9999998999999999,30,0,0.0,2000.0,0,0,0,0,0.0
46648,0,0.34194238,40,0,0.146401679,8100.0,4,0,0,0,2.0
46649,0,0.41343172799999994,44,1,918.0,0.0,7,0,1,0,2.0
46650,0,0.859971334,61,0,0.5230552620000001,2840.0,5,0,0,0,0.0
46651,0,0.0,60,0,1042.0,,4,0,1,0,0.0
46653,0,0.02170691,82,0,1124.0,,13,0,1,0,0.0
46654,1,0.0,79,1,1.215045231,6300.0,7,0,3,2,0.0
46655,0,0.0,24,0,0.0,0.0,2,0,0,0,1.0
46657,0,0.7191095909999999,48,1,0.445259123,6000.0,10,0,1,0,2.0
46658,0,0.077870306,62,0,1433.0,,14,0,1,0,0.0
46659,0,0.20760916100000001,46,0,0.258196025,5886.0,2,0,1,0,3.0
46660,1,0.863052782,59,2,0.39024390200000003,1598.0,7,1,0,1,0.0
46661,0,0.9480519479999999,33,0,0.067528073,6500.0,2,0,0,0,0.0
46662,0,0.350292489,56,0,0.28566078100000003,18689.0,24,0,2,0,1.0
46663,1,1.11988012,25,1,0.10660744,1800.0,3,1,0,0,0.0
46664,0,0.000780462,42,0,0.0,3600.0,6,0,0,0,1.0
46667,1,0.95802099,40,0,0.424657534,1240.0,4,0,0,0,0.0
46668,0,0.36918858600000004,60,0,2.031365314,2167.0,11,0,2,0,0.0
46671,0,0.44111776399999997,44,0,0.242085341,5811.0,5,0,1,0,1.0
46675,0,0.7115721070000001,42,0,0.8369037420000001,3500.0,3,0,1,0,0.0
46676,0,0.036746938,46,1,0.608139186,10000.0,12,0,2,1,2.0
46677,0,0.18428660600000002,54,0,4066.0,,16,0,3,0,
46678,0,0.02456455,41,0,0.304847576,8003.0,6,0,2,0,3.0
46679,0,0.0,47,0,0.015478481,237490.0,8,0,2,0,3.0
46680,0,0.086600812,31,0,0.8548752829999999,4850.0,4,0,2,0,0.0
46681,0,0.004701675,82,0,835.0,,3,0,1,0,0.0
46682,0,0.9999998999999999,63,0,1996.0,,4,0,1,0,0.0
46683,0,0.506362376,54,0,1.062187674,1800.0,9,0,0,0,0.0
46684,0,0.607386064,66,0,0.390634114,12000.0,12,0,1,0,0.0
46685,0,0.227457208,72,0,0.042985670999999996,3000.0,6,0,1,0,0.0
46687,0,0.002227526,71,0,3169.0,,14,0,2,0,0.0
46688,0,0.381347251,36,0,0.505995204,1250.0,3,0,0,0,0.0
46689,0,0.176658333,49,0,0.259616516,8500.0,13,0,1,0,2.0
46690,0,0.330669331,26,1,0.10497237599999999,3800.0,3,3,0,0,0.0
46691,0,0.953488372,42,3,0.46939454399999997,3005.0,5,1,0,0,1.0
46694,0,616.0,48,0,0.239504539,10575.0,6,0,2,0,1.0
46695,0,0.46131869799999997,42,0,1752.0,,7,0,1,0,0.0
46696,0,0.008825703,79,0,0.001692525,3544.0,3,0,0,0,0.0
46697,0,0.028486682000000003,43,0,1445.0,,10,0,1,0,2.0
46700,0,0.9999998999999999,54,0,0.0,3150.0,1,0,0,0,0.0
46701,0,0.027380402999999998,34,0,0.033671833,1870.0,4,0,0,0,0.0
46702,0,0.012825909,53,0,0.129686198,3600.0,9,0,1,0,1.0
46704,0,0.080103778,73,0,44.0,,3,0,0,0,0.0
46705,1,0.976458488,60,4,0.651220919,5200.0,12,1,1,0,2.0
46706,0,0.017806799999999998,40,0,2222.0,,4,0,1,0,0.0
46709,0,0.002409856,72,0,0.458392649,7726.0,7,0,2,0,0.0
46710,0,0.7339025090000001,50,0,5376.0,,19,0,2,0,1.0
46711,0,0.183742094,32,0,2207.0,,10,0,1,0,0.0
46713,0,0.0,58,0,0.135308698,8875.0,11,0,2,0,0.0
46714,1,0.474305505,40,0,0.320607713,7700.0,10,0,1,0,2.0
46715,0,0.095180964,46,0,0.084166542,6700.0,3,0,0,0,0.0
46716,0,0.852814719,50,0,0.543025733,6100.0,5,0,1,0,0.0
46718,0,0.024524493999999997,51,0,1.089201878,1916.0,7,0,1,0,0.0
46719,0,0.038509907999999995,66,0,98.0,,12,0,0,0,
46722,0,0.9585741190000001,46,0,1983.0,,6,0,1,0,0.0
46724,0,0.886113886,47,2,0.20609825,7083.0,4,0,1,0,3.0
46725,0,0.006332538,40,0,0.432820686,5916.0,10,0,2,0,0.0
46726,0,0.021678266,63,0,3987.0,,7,0,2,0,0.0
46727,0,0.087714708,48,0,0.19090767100000003,6400.0,11,0,1,0,1.0
46728,0,0.42635226299999995,56,0,0.289182435,2800.0,8,0,2,0,0.0
46730,0,0.02554499,38,0,0.331185315,5120.0,8,0,1,0,1.0
46731,0,0.029595585,71,0,46.0,,4,0,0,0,0.0
46734,0,3.35e-05,62,0,0.044791347999999995,9800.0,12,0,0,0,0.0
46736,0,0.121200758,44,0,0.141505865,18500.0,9,0,2,0,0.0
46738,0,0.21953619800000002,40,0,0.06572247,6283.0,8,0,0,0,4.0
46739,0,0.168083192,37,0,0.838850718,1600.0,8,0,2,0,1.0
46740,0,0.236138193,39,0,0.236637992,7090.0,4,0,1,0,1.0
46741,0,0.8202119859999999,39,0,0.202656384,4667.0,2,0,1,0,0.0
46743,0,0.46565978,47,3,0.25979368399999997,15800.0,11,0,0,0,0.0
46744,0,1.0146634079999999,48,0,0.6256756760000001,1479.0,4,0,0,0,0.0
46745,0,0.003703567,57,0,0.28005088,4716.0,11,0,1,0,0.0
46746,0,0.0,45,0,0.382042996,14233.0,8,0,2,0,2.0
46747,0,0.8164333429999999,37,0,0.8587853040000001,4000.0,4,0,2,0,0.0
46749,0,0.006092214,69,0,0.210750507,4929.0,5,0,1,0,0.0
46750,0,0.5478055270000001,46,0,1816.0,,7,0,1,0,2.0
46753,1,0.380055863,40,0,0.333462771,10300.0,15,0,2,0,1.0
46754,0,0.6616251329999999,69,2,2748.0,,16,0,1,0,
46755,0,0.012731426,74,0,0.15581854,2534.0,8,0,1,0,0.0
46756,0,0.017979853,72,0,0.006361709,3300.0,6,0,0,0,0.0
46757,0,0.065953698,32,0,0.308569143,10000.0,7,0,2,0,2.0
46758,0,0.577884423,54,1,0.342705405,3200.0,3,0,1,0,0.0
46760,0,0.9999998999999999,54,0,0.322365681,2400.0,4,0,1,0,0.0
46761,0,0.03009699,31,0,0.41205873200000004,3200.0,7,0,1,0,0.0
46762,1,0.9560439559999999,41,0,0.098730447,8821.0,7,0,0,2,3.0
46763,0,0.170542332,48,0,0.279053338,2830.0,7,0,1,0,2.0
46764,0,0.039887781000000004,57,0,1.17687434,1893.0,7,0,1,0,2.0
46765,0,0.178452109,40,0,0.62648631,9166.0,6,0,2,0,0.0
46766,0,0.9999998999999999,79,0,0.0,,1,0,0,0,
46767,0,0.9999998999999999,44,0,0.315531519,11833.0,7,0,2,0,2.0
46768,0,1.00199992,60,0,1.307692308,4640.0,7,0,1,0,1.0
46769,0,0.0,66,0,2163.0,,9,0,1,0,
46771,0,0.0,47,0,1219.0,,5,0,1,0,0.0
46772,0,0.40051989600000004,45,0,0.192390216,6990.0,8,0,2,0,3.0
46773,0,0.024675867999999997,60,0,3416.0,,5,0,1,0,0.0
46774,0,0.0,41,0,1645.0,,7,0,1,0,0.0
46777,0,0.033664422,80,0,15.0,,1,0,0,0,0.0
46778,0,0.82689974,54,0,0.357114441,7540.0,14,0,1,0,3.0
46779,0,0.031263402999999995,71,0,0.170665867,3333.0,9,0,1,0,0.0
46780,0,0.016543069,36,0,0.16931848300000002,7541.0,6,0,2,0,3.0
46781,0,0.064440864,31,0,0.069269222,4200.0,5,0,0,0,2.0
46782,0,0.006855261,74,0,0.069612418,10500.0,18,0,1,0,0.0
46784,0,0.010344114,76,0,1500.0,,4,0,1,0,0.0
46785,0,0.639882535,34,0,2413.0,,6,0,2,0,
46786,0,0.11577728699999999,31,0,0.191130543,1600.0,7,0,0,0,0.0
46787,0,0.075346233,37,0,2728.0,,6,0,2,0,0.0
46789,0,0.14809070800000002,39,0,0.419481878,16250.0,10,0,4,0,3.0
46790,0,0.026088482000000003,50,0,0.261596578,18000.0,17,0,1,0,0.0
46791,0,0.9364791290000001,80,1,198.0,,9,0,0,0,
46792,0,0.357494517,45,0,696.0,,8,0,0,0,0.0
46793,0,0.096980604,39,0,0.533358321,2667.0,2,0,1,0,0.0
46794,0,0.21822272199999998,29,0,0.24317045,5197.0,4,0,2,0,2.0
46797,0,0.9999998999999999,69,0,0.007199424,4166.0,1,0,0,0,0.0
46799,0,0.022654727000000003,35,0,1.067613786,3800.0,11,0,2,0,0.0
46800,0,0.0,60,0,0.0,4792.0,2,0,0,0,1.0
46802,0,0.9999998999999999,74,2,0.361409648,4000.0,4,1,1,1,0.0
46803,0,0.323301475,50,0,0.264797314,16083.0,7,0,2,0,0.0
46804,0,0.046427742,58,0,0.008913266999999999,8750.0,8,0,0,0,0.0
46805,0,0.057886538,59,0,34.0,,1,0,0,0,0.0
46806,0,0.8341450909999999,28,0,0.114961679,3000.0,3,0,0,0,0.0
46807,0,0.044248274000000004,64,0,0.010384355999999999,7414.0,5,0,0,0,0.0
46808,0,0.056405899999999995,57,0,0.5072463770000001,6416.0,9,0,1,0,1.0
46809,0,0.099778971,29,0,0.248412138,4250.0,7,0,0,0,0.0
46812,1,0.9999998999999999,49,0,0.227843427,2707.0,3,0,0,0,1.0
46813,0,0.020113736,47,0,0.35579415,2700.0,12,0,1,0,2.0
46814,0,0.234840713,51,0,0.30205108399999997,5167.0,28,0,1,0,0.0
46816,0,0.8072604959999999,46,0,0.418467583,6107.0,13,0,0,0,2.0
46817,0,0.295498818,52,0,0.41464301299999995,13753.0,9,0,4,0,3.0
46820,0,0.0,85,0,0.309833972,3914.0,13,0,2,0,0.0
46821,0,0.34533701,44,0,0.200567021,30333.0,14,0,2,0,4.0
46822,0,0.21561558399999997,53,0,0.153310105,6600.0,11,0,0,0,1.0
46823,1,0.9320970820000001,32,0,1.320415225,1444.0,7,0,2,0,0.0
46824,0,0.0,73,0,0.8988532779999999,3400.0,5,0,3,0,0.0
46827,1,0.23177798100000002,61,0,0.408276286,13000.0,13,0,3,1,0.0
46829,0,0.042793739000000004,49,0,0.29178586,2446.0,9,0,1,0,2.0
46830,0,0.519241258,33,0,0.36178514799999995,8200.0,9,0,4,0,0.0
46831,0,0.0,45,0,0.17414966,4409.0,9,0,2,0,0.0
46832,0,0.151995748,27,0,162.0,,9,0,0,0,0.0
46833,0,0.122439775,61,0,1800.0,,7,0,1,0,1.0
46835,0,0.017936464,67,0,0.258539295,3600.0,14,0,1,0,0.0
46836,0,0.46626425,45,0,1935.0,,9,0,0,0,0.0
46838,0,0.298394212,37,1,0.29429645600000004,12500.0,12,0,4,0,2.0
46839,0,0.379239816,47,3,0.46425595700000005,6000.0,8,0,2,0,2.0
46840,0,0.006354005,47,0,0.206820983,7300.0,10,0,1,0,0.0
46841,0,0.005953885999999999,51,0,0.234257826,8400.0,5,0,1,0,4.0
46843,0,0.088345744,56,0,0.524186257,4423.0,5,0,1,0,0.0
46844,0,0.292770135,41,0,0.02530641,11340.0,9,0,0,0,0.0
46845,0,0.22039895399999998,56,0,0.17503155,10300.0,5,0,2,0,2.0
46846,0,0.457318613,68,4,0.560710402,8276.0,18,1,1,0,0.0
46848,0,0.053354963,62,0,839.0,,11,0,2,0,0.0
46851,0,0.14798520099999998,38,0,1034.0,,4,0,1,0,0.0
46852,0,0.9101796409999999,77,2,13.0,,2,0,0,0,0.0
46853,0,0.070114897,55,0,2177.0,,2,0,1,0,
46854,0,0.082255853,36,0,0.039994445,7200.0,5,0,0,0,2.0
46856,0,0.0,58,1,4758.0,,17,0,2,0,0.0
46858,1,0.154041934,35,0,0.39307535600000004,5400.0,6,0,2,0,3.0
46861,0,0.9999998999999999,37,1,0.505976096,250.0,1,1,0,0,0.0
46862,0,0.49264199700000005,51,2,0.586124019,6240.0,10,0,1,1,0.0
46863,0,0.456648104,55,0,0.09434468,7461.0,15,0,0,0,0.0
46865,0,0.075391221,45,0,0.211515394,2500.0,15,0,1,0,0.0
46867,1,0.5551470589999999,41,1,0.142411966,3208.0,3,1,0,0,2.0
46869,0,0.0,88,0,0.0,,3,0,0,0,
46871,0,0.8389897270000001,34,0,0.65514369,2400.0,3,0,0,0,0.0
46872,0,0.0,51,0,0.0,6200.0,2,0,0,0,2.0
46873,1,0.709488023,41,1,0.51655365,5013.0,6,0,1,0,4.0
46874,0,0.0,86,0,753.0,,7,0,1,0,0.0
46875,0,0.129976211,69,0,0.214493961,2400.0,13,0,0,0,0.0
46876,0,0.111341419,37,0,0.149742513,20000.0,9,0,2,0,2.0
46878,0,0.000799973,42,3,4656.0,0.0,9,0,2,0,2.0
46879,0,0.069372864,62,0,0.380856084,8900.0,8,0,2,0,0.0
46880,0,0.150110375,31,0,0.44955045,1000.0,4,0,0,0,0.0
46881,0,0.9999998999999999,71,0,0.04288499,3077.0,6,0,1,0,0.0
46882,0,0.085867365,42,0,0.289874039,6112.0,6,0,1,0,0.0
46884,0,0.046847963,59,0,1968.0,,7,0,1,0,
46885,0,0.018936842,41,0,0.271641476,9460.0,9,0,2,0,2.0
46886,0,0.38103641,39,0,0.21939256699999998,5300.0,13,0,0,0,0.0
46887,0,0.001803246,43,0,0.571496137,6342.0,8,0,2,0,2.0
46888,0,0.212175007,54,0,0.605629954,3658.0,7,0,2,0,0.0
46890,0,0.034060371,87,0,16.0,,1,0,0,0,0.0
46891,0,0.889530385,41,1,0.270497267,7500.0,7,0,0,0,1.0
46893,0,0.12216641,59,1,0.148442093,3401.0,8,0,0,0,0.0
46894,0,0.082338305,52,1,182.0,,5,0,0,0,0.0
46895,0,0.858111283,59,0,0.34416453700000005,8216.0,10,0,1,0,2.0
46896,0,0.9999998999999999,36,0,0.29201023600000003,10550.0,8,0,2,0,0.0
46898,0,0.017555068,42,1,0.463176265,2864.0,5,0,1,0,3.0
46901,0,0.9999998999999999,51,0,1157.0,,1,0,1,0,0.0
46902,0,0.613593594,45,0,0.158871675,6841.0,7,0,1,0,2.0
46904,1,0.536227045,72,0,0.802991233,9694.0,24,0,4,0,0.0
46905,0,0.0,28,0,0.10974192,4300.0,4,0,0,0,0.0
46907,0,0.41905931,68,0,0.44990909999999995,10450.0,13,0,2,0,0.0
46908,0,0.540213539,47,0,0.252338197,5345.0,7,0,0,0,1.0
46909,0,0.0,80,0,0.037345284,9371.0,12,0,1,0,0.0
46913,0,0.026728225,33,0,0.202616415,6420.0,11,0,1,0,0.0
46915,0,0.10861529699999999,25,0,34.0,,3,0,0,0,0.0
46916,0,0.04107391,56,0,0.272908849,16521.0,10,0,1,0,0.0
46917,0,0.16363286300000002,86,0,0.144729555,5416.0,12,0,1,0,0.0
46918,0,0.0,33,0,0.176131819,6250.0,10,0,0,0,0.0
46919,0,0.192939485,60,0,0.583151515,8249.0,9,0,2,0,0.0
46920,1,0.442370466,50,0,0.346145301,4500.0,6,0,2,0,0.0
46922,0,0.09876107,64,0,779.0,,8,0,1,0,0.0
46923,0,0.0,78,0,0.0,,3,0,0,0,
46924,0,0.018092752,62,1,0.0973009,3000.0,17,0,0,0,0.0
46925,0,0.9668852809999999,38,0,0.3171187,9106.0,9,0,1,0,0.0
46927,0,0.9999998999999999,47,1,0.045149195,6400.0,5,0,0,0,1.0
46929,0,0.534597232,78,0,0.39324252600000004,5652.0,9,2,1,0,1.0
46930,0,0.530205779,62,0,0.16997167100000002,6000.0,5,0,0,0,0.0
46931,0,1.491694352,50,1,0.02029688,3300.0,1,0,0,0,0.0
46932,0,0.0,65,0,0.0,5000.0,8,0,0,0,0.0
46933,0,0.0,71,0,0.0,,3,0,0,0,0.0
46936,0,1.3766233769999998,38,0,0.00819836,5000.0,5,0,0,0,2.0
46937,0,0.0,72,0,2.0,,4,0,0,0,0.0
46938,0,0.87901797,58,1,1.1315431679999999,2941.0,11,0,1,0,0.0
46940,0,0.058365169,61,0,0.01772347,9083.0,11,0,0,0,0.0
46941,0,0.230746533,41,0,0.219075589,14300.0,11,0,1,0,1.0
46945,0,0.9999998999999999,55,0,0.008883953,1800.0,0,1,0,0,0.0
46946,0,0.9999998999999999,41,0,1.085434783,4599.0,5,0,4,0,3.0
46947,0,0.004424723,70,0,0.00199981,10500.0,17,0,0,0,0.0
46949,0,0.209178489,34,0,0.790879575,6775.0,9,0,2,0,5.0
46950,0,0.52232239,61,0,0.607622618,3200.0,6,0,2,0,0.0
46952,0,0.016299593,64,0,0.6090245879999999,3700.0,10,0,1,0,0.0
46953,0,0.158526702,70,0,0.34243633,3258.0,11,0,1,0,1.0
46955,0,0.21955776,61,0,0.382402707,12410.0,32,0,1,0,2.0
46956,0,0.079808034,48,0,0.496412187,8500.0,12,0,2,0,1.0
46957,0,0.907454627,49,0,0.21252613399999998,11000.0,5,0,1,0,3.0
46959,0,0.236080102,39,0,0.328458943,8000.0,14,0,1,0,3.0
46961,0,0.27939723699999996,32,1,0.498918529,5547.0,29,0,0,0,0.0
46962,0,0.016559669,48,0,0.26881874,7000.0,3,0,1,0,3.0
46965,0,0.098585336,35,0,0.37493751,6000.0,13,0,1,0,0.0
46966,0,0.13605399699999998,53,0,0.048260232,7500.0,4,0,0,0,1.0
46969,0,0.008958164000000001,73,0,0.00419916,5000.0,8,0,0,0,0.0
46970,0,0.8697507,29,0,1.0332733809999999,3335.0,10,0,2,0,0.0
46971,0,0.7022977020000001,51,1,0.312651478,4125.0,6,0,2,1,0.0
46973,0,0.01835474,58,0,924.0,,4,0,1,0,0.0
46974,0,0.163997018,39,0,0.620500514,2916.0,14,0,2,0,0.0
46976,0,0.348264671,44,0,1737.0,,12,0,1,0,0.0
46977,0,0.22360710600000003,53,3,0.6105557779999999,2500.0,9,1,1,1,1.0
46978,0,0.9999998999999999,52,1,0.0,5000.0,0,0,0,0,2.0
46980,0,0.036506527999999996,53,0,0.17875791600000002,9000.0,9,0,1,0,0.0
46981,0,0.029703697999999997,40,0,12.0,,4,0,0,0,1.0
46982,0,0.363836359,38,1,0.379735585,9000.0,5,0,2,0,1.0
46984,0,0.7856300209999999,30,0,0.339363242,2763.0,7,0,0,0,0.0
46986,0,0.171835939,40,0,0.817151411,4675.0,6,0,2,0,0.0
46987,0,0.600999948,57,0,5547.0,,11,0,2,0,0.0
46988,0,0.508906446,56,0,0.220107571,2416.0,7,0,0,0,0.0
46991,0,0.022854408,35,0,0.112607872,4750.0,10,0,0,0,0.0
46992,0,0.40611825700000004,44,0,0.34432823799999995,8700.0,11,0,1,0,2.0
46993,0,0.047064071,61,0,556.0,,7,0,1,0,3.0
46994,0,0.052879105,46,1,0.306722043,6500.0,19,0,2,0,1.0
46995,0,1.019040528,38,1,0.65901518,2700.0,14,0,1,0,1.0
46997,0,1.029504999,30,1,0.160186625,4500.0,6,1,0,3,3.0
46998,0,0.012061787,70,0,0.693693694,665.0,12,0,1,0,0.0
46999,0,0.585593102,55,0,0.384487535,3609.0,4,0,0,0,1.0
47001,0,0.165579746,59,0,0.46163459100000004,4000.0,9,0,1,0,0.0
47002,0,0.88644209,31,1,0.08535178800000001,2600.0,7,0,0,0,0.0
47003,1,0.0,63,0,0.18837847100000002,5833.0,9,0,2,0,0.0
47004,0,0.9999998999999999,38,0,1660.0,0.0,2,0,1,0,0.0
47006,0,0.014742436000000001,73,0,0.205235117,4316.0,7,0,1,0,0.0
47009,0,0.042595485,68,0,1991.0,,4,0,1,0,0.0
47011,0,0.581653422,79,0,0.5480920020000001,3825.0,8,0,2,0,1.0
47012,1,1.053406239,39,0,0.312601088,6800.0,20,0,1,0,2.0
47014,0,0.376393899,62,0,0.667688182,5220.0,17,0,2,0,0.0
47015,0,0.0,70,0,0.46252285200000004,1640.0,13,0,1,0,0.0
47017,0,0.10152994900000001,53,2,0.96089082,1840.0,13,0,1,0,1.0
47018,0,0.040201118,41,0,0.009498208000000001,5579.0,4,0,0,0,0.0
47019,0,0.12464410000000001,39,0,0.010427081999999999,7000.0,4,0,0,1,0.0
47020,1,0.89031882,48,1,0.588915869,7000.0,6,2,1,1,0.0
47023,0,0.218161881,56,0,0.432691296,9500.0,15,0,2,0,0.0
47025,0,0.890336262,40,5,0.01981789,5600.0,4,2,0,0,3.0
47026,1,0.0,38,3,0.062807698,6702.0,5,5,0,0,1.0
47029,0,0.018916116,50,0,0.295108476,7420.0,14,0,1,0,2.0
47030,0,0.325409179,46,6,0.271792705,7100.0,13,0,1,1,0.0
47031,0,0.202724889,56,0,0.27316212100000004,17560.0,9,0,2,0,2.0
47033,1,1.00979392,64,1,0.04354265400000001,3375.0,3,0,0,0,0.0
47035,0,1.031041183,43,0,0.931806351,1920.0,8,0,0,0,2.0
47036,0,0.38906346399999997,69,0,2.9284525789999996,600.0,5,0,1,0,0.0
47037,0,0.0030103290000000004,54,0,2295.0,,23,0,2,0,0.0
47038,1,0.8374100720000001,57,1,0.691077231,4000.0,10,0,1,0,0.0
47039,0,0.16938709300000002,48,0,0.020306154,3200.0,8,0,0,0,0.0
47041,0,0.088173802,36,0,0.373897707,1700.0,8,0,0,0,2.0
47042,0,0.607569079,40,1,0.37584672,5166.0,5,0,1,0,0.0
47045,0,0.9999998999999999,62,0,0.012635378999999999,2215.0,0,0,0,0,0.0
47047,0,0.003088144,51,0,0.490007994,1250.0,12,0,1,0,0.0
47048,1,0.8330200740000001,41,2,0.980011105,1800.0,11,1,0,0,2.0
47049,0,0.7894801020000001,58,0,0.387075283,1500.0,8,0,0,0,0.0
47050,0,0.516604713,41,0,0.27112777600000004,10400.0,9,0,2,0,5.0
47051,1,1.020020625,44,1,0.573895655,5500.0,10,0,1,1,0.0
47053,0,0.343528722,56,0,0.7298302720000001,4300.0,12,0,2,0,0.0
47054,0,0.110409193,38,0,0.345021828,7100.0,12,0,1,0,1.0
47056,0,0.39199287299999996,39,0,0.84243842,7266.0,12,0,2,0,0.0
47057,0,0.590013063,28,0,2863.0,,13,0,1,0,0.0
47059,0,0.980760711,27,0,0.11212602599999999,7553.0,11,0,0,0,0.0
47060,0,0.0,39,0,0.084136838,7570.0,6,0,0,0,3.0
47062,0,0.311413742,54,0,0.147370526,5000.0,5,0,0,0,0.0
47063,0,0.09865141699999999,46,0,2638.0,,9,0,1,0,0.0
47064,0,0.011325615,87,0,0.017349063,1440.0,7,0,0,0,0.0
47065,0,0.082326473,61,0,0.36901746399999996,7500.0,5,0,2,0,1.0
47066,0,0.429887505,51,0,0.592129919,1600.0,18,0,1,1,0.0
47067,0,0.003688073,53,0,0.682972719,2125.0,10,0,1,0,0.0
47068,0,0.032095328,73,1,0.32780365899999997,8800.0,12,0,2,0,1.0
47069,0,0.171421369,54,0,0.12311887699999999,9900.0,6,0,1,0,1.0
47070,0,0.0,50,0,0.352984064,9600.0,9,0,2,0,0.0
47071,0,0.0,64,0,0.0,2522.0,4,0,0,0,0.0
47072,0,0.23337443600000002,63,0,3069.0,,8,0,1,0,0.0
47073,0,0.0,41,0,0.339584767,17435.0,10,0,5,0,2.0
47074,0,0.975209916,43,0,0.079205366,3875.0,3,0,0,0,4.0
47075,0,0.0031060759999999997,71,0,0.21418020699999998,3384.0,9,0,0,0,0.0
47076,0,0.0,57,0,566.0,0.0,10,0,0,0,0.0
47077,0,0.126045336,64,0,0.547924364,4600.0,10,0,2,0,0.0
47078,0,0.0,59,0,0.000424989,7058.0,9,0,0,0,0.0
47079,0,0.149938042,31,0,2254.0,,9,0,1,0,0.0
47081,0,0.6902304690000001,48,1,0.284486179,7560.0,5,0,1,0,1.0
47082,0,0.555622222,56,0,0.736144316,4600.0,7,0,1,0,1.0
47083,0,0.7371949959999999,63,2,2863.0,,8,0,1,0,2.0
47085,0,0.387879071,66,0,0.6940611879999999,5000.0,12,0,2,0,0.0
47086,0,0.001629509,40,0,2750.0,,8,0,1,0,3.0
47087,0,0.027896662000000003,62,0,0.3326814,5112.0,16,0,1,0,0.0
47088,0,0.5586775629999999,64,0,0.444837011,15000.0,17,0,2,0,0.0
47089,0,0.0,35,0,0.047317560999999994,3000.0,4,0,0,0,0.0
47091,0,0.25429288899999997,62,3,0.33813294899999996,12500.0,9,0,3,0,1.0
47092,0,0.0010100810000000001,73,0,0.00054407,1837.0,8,0,0,0,0.0
47093,0,0.051920073,52,0,0.284571543,10000.0,11,0,2,0,0.0
47095,0,0.18272702,31,0,2.4761904759999998,650.0,4,0,1,1,0.0
47096,0,0.004631457,72,0,2614.0,,6,0,3,0,0.0
47098,0,0.277643558,49,0,3591.0,,6,0,2,0,0.0
47099,0,0.10812454,40,0,0.190613802,8650.0,6,0,1,0,2.0
47100,0,0.135418899,69,0,0.11126735800000001,5688.0,4,0,1,0,1.0
47101,0,0.009363922,61,0,646.0,,5,0,1,0,0.0
47102,0,0.049631365999999996,73,0,64.0,,6,0,0,0,0.0
47106,0,0.031383499,83,0,0.34348355700000005,2462.0,14,0,1,0,0.0
47107,0,0.002638235,74,0,0.000564653,14167.0,15,0,0,0,0.0
47110,0,0.037981203,50,0,0.710292667,3040.0,7,0,1,0,1.0
47111,0,0.027198187000000002,49,0,0.002953483,4062.0,2,0,0,0,0.0
47112,0,0.047882136,49,0,923.0,,9,0,0,0,3.0
47114,0,0.841100244,65,0,2399.0,,9,0,1,0,0.0
47115,0,0.228562113,55,0,0.9228808159999999,1568.0,6,0,2,0,0.0
47116,0,0.161179819,35,0,0.312121212,15839.0,6,0,2,0,5.0
47117,0,0.0,45,0,0.309899239,13000.0,10,0,2,0,1.0
47118,1,0.514714277,59,0,0.582104474,4000.0,8,0,1,0,1.0
47120,0,0.25670869399999996,37,0,3590.0,0.0,16,0,1,0,0.0
47122,0,0.0011421489999999999,63,0,0.180112346,8366.0,8,0,1,0,2.0
47123,0,0.0,68,0,0.241119893,10500.0,7,0,1,0,0.0
47124,0,0.457388105,52,1,0.57039749,9559.0,9,0,4,0,4.0
47126,0,0.058085205,60,0,0.46756568200000004,4300.0,5,0,1,0,1.0
47129,0,0.139681005,44,0,0.33457763,7232.0,7,0,1,0,2.0
47132,1,0.9999998999999999,58,98,0.0,2500.0,0,98,0,98,0.0
47134,0,0.330728029,33,0,2655.0,,11,0,2,0,0.0
47135,1,0.9999998999999999,24,98,0.035081101,2650.0,0,98,0,98,1.0
47136,0,0.31309114899999996,33,0,0.39421416200000003,2315.0,8,0,0,0,0.0
47137,0,0.060587882,25,0,0.097944825,5400.0,2,0,0,0,0.0
47138,0,0.049660352000000005,78,0,0.243902439,2500.0,6,0,1,0,0.0
47141,0,0.010071553,70,0,0.341571786,3600.0,8,0,1,0,0.0
47142,0,0.118796606,81,0,0.024795041,5000.0,7,0,0,0,0.0
47143,0,0.8340829590000001,28,1,0.249535781,7000.0,8,0,0,0,2.0
47144,1,1.003164557,36,1,605.0,,5,0,0,1,0.0
47145,0,0.016907432,46,0,0.18414891100000003,17083.0,7,0,2,0,2.0
47146,0,0.663526808,44,0,0.35164134700000005,9412.0,13,0,1,0,3.0
47147,0,0.01206687,82,0,0.008997751,4000.0,10,0,0,0,0.0
47148,0,0.502398042,36,0,0.508598853,7500.0,13,0,1,0,2.0
47149,0,0.23305533899999997,56,0,4288.0,,13,0,2,0,0.0
47150,0,0.009979304,58,0,0.31272793600000004,5483.0,5,0,1,0,1.0
47151,0,0.068176137,60,0,0.95744282,5333.0,4,0,2,0,0.0
47152,0,0.032854535,40,0,0.056990502,6000.0,8,0,0,0,3.0
47153,0,0.465275582,41,0,4527.0,,21,0,2,0,0.0
47154,0,0.14743601,69,0,0.050534574000000006,13000.0,9,0,0,0,1.0
47155,0,0.085765385,64,0,0.31147541,2500.0,6,0,0,0,0.0
47156,1,0.705254866,75,0,0.552101788,6208.0,10,0,1,0,1.0
47157,0,0.10884455800000001,61,0,0.117392914,8100.0,2,0,1,0,0.0
47158,0,0.06967517200000001,51,0,1542.0,,3,0,1,0,0.0
47160,0,0.365751682,28,0,0.009837678,6098.0,3,0,0,0,0.0
47161,0,0.012778198999999999,70,0,3630.0,,16,0,1,0,
47162,0,0.040836405,57,0,835.0,,7,0,0,0,0.0
47163,0,0.142178614,43,0,0.5691983860000001,5700.0,8,0,2,0,1.0
47164,0,0.6952174640000001,28,0,0.086368366,3843.0,4,0,0,0,1.0
47165,0,0.38027829399999996,60,0,0.20039991100000001,4500.0,4,0,0,0,0.0
47166,0,0.039875696,43,0,0.414436035,10833.0,7,0,3,0,2.0
47168,0,0.292286498,52,0,0.295642917,13150.0,15,0,2,0,1.0
47169,0,0.156922715,69,0,40.0,,1,0,0,0,0.0
47170,0,0.475130637,44,0,0.47775370799999994,6000.0,6,0,2,0,2.0
47176,0,0.029552272,52,0,0.001749563,4000.0,2,0,0,0,1.0
47178,0,0.0,77,0,0.0,,5,0,0,0,
47179,0,0.9999998999999999,22,0,26.0,,0,1,0,0,0.0
47180,0,0.093422664,57,0,0.317504893,11750.0,8,0,2,0,1.0
47181,0,0.079546023,51,0,0.31692259,12633.0,7,0,3,0,1.0
47182,0,0.21993432100000002,66,3,0.98950175,6000.0,16,0,1,0,0.0
47184,0,0.014491703,58,1,0.426618416,7460.0,12,0,2,0,2.0
47185,0,0.09105438199999999,62,0,64.0,,5,0,0,0,0.0
47189,0,0.02159952,49,0,0.34846906899999996,4800.0,10,0,1,0,1.0
47191,0,0.993480261,47,0,0.443288241,11531.0,5,0,2,0,0.0
47192,0,0.686982192,49,0,0.553165707,3300.0,6,0,1,0,0.0
47194,0,0.180558738,70,0,0.474065742,8000.0,8,0,1,0,0.0
47195,0,0.809380965,35,0,0.506919528,3901.0,8,0,1,0,2.0
47196,0,0.113667235,64,0,0.16856628699999998,1666.0,11,0,0,0,1.0
47197,0,0.914017238,62,2,0.48965659899999997,9667.0,7,0,2,0,3.0
47198,0,0.123314942,67,0,0.675735702,1800.0,6,0,1,0,1.0
47200,0,0.027054052999999998,57,0,1795.0,,4,0,1,0,0.0
47202,0,0.942531378,54,0,0.25362439600000003,6000.0,16,0,0,0,0.0
47203,0,1.2242703529999999,57,0,0.02416264,6000.0,5,3,0,1,3.0
47204,0,0.9999998999999999,61,0,875.0,,3,0,1,0,0.0
47205,0,0.38326120799999996,62,4,11193.0,,19,0,1,0,0.0
47207,1,0.707265975,34,1,0.320714476,3750.0,7,0,0,0,1.0
47208,0,0.022176364,41,0,0.007834496,8168.0,10,0,0,0,2.0
47209,0,0.307426125,74,0,0.241030467,8500.0,15,1,1,0,0.0
47211,0,0.370756365,66,0,0.517607165,11500.0,20,0,2,0,0.0
47212,0,0.46589318799999996,67,0,0.55736066,4000.0,5,0,1,0,0.0
47213,0,0.0,56,0,0.655955441,2333.0,12,0,2,0,0.0
47214,0,0.006993007,23,0,0.0,0.0,2,0,0,0,0.0
47216,0,0.0,63,0,0.17673758899999997,7049.0,5,0,1,0,0.0
47217,0,0.308127441,60,0,0.259456757,6000.0,9,0,1,0,0.0
47220,0,0.34825332200000003,58,0,0.259791714,8833.0,6,0,1,0,0.0
47222,0,0.0,51,0,0.46313552399999997,6116.0,6,0,2,0,0.0
47223,0,0.0,64,2,0.11961004900000001,8000.0,14,0,1,0,0.0
47224,0,0.785607196,38,0,0.065701559,3591.0,3,0,0,0,2.0
47226,0,0.5286064229999999,58,0,2718.0,,10,0,1,0,0.0
47227,0,0.011550302,81,0,0.005997601,2500.0,9,0,0,0,1.0
47228,0,0.20717554,57,0,204.0,,5,0,0,0,0.0
47229,0,1.137772446,33,3,1.4463276840000001,2300.0,9,1,1,1,2.0
47231,0,0.0,23,0,0.0,2917.0,1,0,0,0,0.0
47234,1,0.9999998999999999,46,0,2563.0,,3,2,1,1,0.0
47236,0,0.43124218799999997,62,0,0.29511054,10900.0,9,0,3,0,0.0
47238,0,0.031578122,61,0,4514.0,,10,0,2,0,0.0
47239,0,0.071419048,36,0,0.031312458,1500.0,3,0,0,0,1.0
47240,0,0.08161487099999999,52,0,0.381507705,2400.0,4,0,1,0,0.0
47241,0,0.038534902999999995,56,2,0.541178075,7333.0,14,0,2,0,1.0
47242,0,0.5639804310000001,31,0,0.341331734,5000.0,8,0,0,0,0.0
47245,0,0.0,50,0,4728.0,,14,0,2,0,0.0
47246,0,0.625883294,37,2,0.5595505620000001,5339.0,17,0,3,0,3.0
47247,0,0.011725383999999998,84,0,24.0,,9,0,0,0,0.0
47248,0,0.579752446,47,0,1.068950178,2247.0,10,0,2,0,0.0
47251,0,0.9673119640000001,52,2,0.690712487,6750.0,13,0,4,0,2.0
47253,0,0.135921964,55,0,0.051125989000000004,11500.0,9,0,1,0,1.0
47254,0,0.022505645,39,0,0.6047193710000001,7500.0,8,0,2,0,0.0
47255,0,0.0036464509999999998,59,0,0.09081819699999999,6000.0,7,0,0,0,1.0
47256,0,0.0,47,0,0.508913555,2972.0,3,0,1,0,0.0
47257,0,0.063430469,43,0,0.4,5829.0,8,0,1,0,3.0
47258,0,0.029072225,36,0,26.0,,7,0,0,0,0.0
47259,0,0.785369105,31,2,0.409244869,5018.0,7,0,1,0,4.0
47260,0,0.552222389,51,0,0.422300635,7084.0,8,0,2,0,1.0
47261,0,0.08686087599999999,32,0,0.185707984,6800.0,4,0,1,0,1.0
47262,0,0.772151899,51,0,5828.0,,10,0,4,0,0.0
47263,0,0.255795678,50,1,0.609152673,7800.0,12,0,2,0,2.0
47264,0,0.012746158999999998,71,0,0.329149233,2150.0,10,0,1,0,0.0
47265,0,0.054648450999999994,45,0,0.34495688,8000.0,6,0,1,0,3.0
47266,0,0.313240966,60,0,1.471153846,1039.0,4,0,1,0,1.0
47267,0,0.15988754800000002,54,0,0.045469969000000006,2946.0,2,0,0,0,0.0
47268,0,0.647434914,45,0,1982.0,,15,0,1,0,0.0
47269,0,0.143141611,63,0,0.430940217,11156.0,11,0,2,0,0.0
47270,0,0.45544015,80,0,0.33557394,7735.0,9,0,1,0,0.0
47271,0,0.037704622,55,0,0.130811531,6000.0,14,0,0,0,0.0
47272,0,0.9999998999999999,28,1,0.587968218,880.0,2,1,0,0,2.0
47274,1,0.9999998999999999,68,1,0.30816566100000004,24700.0,5,0,2,0,0.0
47277,1,0.915343915,24,0,0.30467812899999996,2500.0,5,1,0,1,2.0
47278,0,0.04179799,67,0,0.233554746,4666.0,12,0,1,0,0.0
47280,0,0.088073739,42,0,166.0,,6,0,0,0,0.0
47281,0,0.015199797,51,0,81.0,,10,0,0,0,0.0
47283,0,0.531819456,31,0,0.122575485,5000.0,5,0,0,0,0.0
47286,1,0.146828765,63,0,0.578029996,2466.0,19,0,1,0,0.0
47289,0,0.002952287,46,0,0.303913168,3500.0,7,0,1,0,3.0
47293,1,0.999636628,24,0,0.156737305,2500.0,2,0,0,0,0.0
47294,0,1.001739055,85,0,0.576986003,5500.0,4,0,2,0,1.0
47296,0,0.0,33,0,0.128023218,3100.0,8,0,0,0,0.0
47297,0,0.0,51,0,0.125357102,8750.0,8,1,1,1,0.0
47298,0,0.35381214899999996,42,0,0.359735774,16500.0,18,0,2,0,0.0
47299,0,0.327146141,54,0,0.245742853,6400.0,11,0,0,0,4.0
47301,0,0.957335704,35,0,516.0,,2,0,0,0,
47303,0,0.9999998999999999,56,1,2438.0,0.0,3,0,1,0,0.0
47304,0,0.032867556,77,0,0.24760892699999998,1881.0,7,0,0,0,2.0
47305,0,0.27472725800000003,46,0,0.479558107,11495.0,16,0,3,0,0.0
47306,0,0.114710189,65,0,0.490169943,3000.0,6,0,0,0,1.0
47307,0,0.108330556,39,0,1.7526236880000001,2000.0,8,0,1,0,0.0
47308,0,0.0,56,0,1355.0,,5,0,1,0,0.0
47309,0,0.114913937,69,0,0.383593691,13250.0,9,0,1,0,0.0
47310,0,0.886900775,40,1,0.23028391199999998,3803.0,4,0,0,1,0.0
47311,0,0.094672066,37,0,0.41256525,5363.0,11,0,1,0,3.0
47312,0,0.067405853,67,0,0.25694861,5000.0,10,0,1,0,0.0
47313,0,0.138693065,34,0,0.600383939,6250.0,7,0,2,0,1.0
47314,0,0.022088452,55,0,0.271328411,16116.0,5,0,3,0,1.0
47316,0,0.01717531,66,0,0.034224161,7333.0,7,0,0,0,1.0
47317,0,0.056788642,62,0,523.0,,2,0,1,0,0.0
47318,0,0.08439050199999999,35,0,2324.0,,10,0,2,0,0.0
47319,0,0.447042535,46,1,0.504598015,10982.0,10,1,4,0,3.0
47320,0,0.038595645,37,0,3943.0,,10,0,2,0,0.0
47322,0,0.382720987,50,0,0.543859649,3590.0,9,0,1,0,0.0
47323,0,0.141689373,56,0,316.0,,14,0,0,0,0.0
47324,0,0.241742546,39,0,0.08822020900000001,5848.0,4,0,0,0,4.0
47325,0,0.09707257300000001,61,0,0.47018441200000005,7428.0,9,0,2,0,0.0
47326,0,0.688639282,47,0,0.745031797,5031.0,11,0,1,0,2.0
47328,0,0.351399526,62,0,0.16794925100000002,9615.0,7,0,1,0,0.0
47329,0,0.024622737000000002,70,0,0.185168125,8683.0,9,0,2,0,0.0
47330,0,0.070808249,73,0,0.313140572,12000.0,7,0,2,0,1.0
47331,0,0.0050856420000000005,44,0,0.45614502799999995,3750.0,6,0,2,0,3.0
47332,0,0.022806217,59,0,2657.0,,6,0,2,0,
47333,0,0.654361616,39,0,0.816082803,3767.0,12,0,1,0,1.0
47334,0,0.184002222,26,0,0.7307189540000001,764.0,3,0,0,0,0.0
47336,0,0.087900033,59,0,0.285446009,9584.0,9,0,4,0,0.0
47337,0,0.35794568200000004,38,1,0.643161565,2580.0,8,0,2,0,1.0
47338,0,0.204249557,49,1,1.5816435430000002,936.0,14,0,1,0,1.0
47340,0,0.0,34,0,705.0,,9,0,0,0,1.0
47341,0,0.9850004659999999,35,0,958.0,0.0,4,0,0,0,4.0
47342,0,0.49636880299999997,52,2,0.234035513,9066.0,9,0,1,0,3.0
47343,0,0.0029407440000000003,33,0,0.012854082,4200.0,2,0,0,0,0.0
47344,0,0.394921016,69,0,0.352129574,5000.0,7,0,1,0,0.0
47348,1,0.33621288299999996,35,0,0.676053991,6000.0,18,0,4,0,1.0
47349,0,0.014854645,76,0,0.014531549,2614.0,4,0,0,0,0.0
47350,0,0.0,27,0,0.0,1220.0,3,0,0,0,0.0
47351,0,0.102732258,42,0,0.45494167399999996,7800.0,12,0,1,0,3.0
47352,0,0.01320694,61,0,0.002856735,7000.0,6,0,0,0,1.0
47353,0,0.002288652,33,0,0.062211694000000005,8020.0,4,0,0,0,0.0
47354,0,0.0,39,0,0.53178027,3476.0,4,0,1,0,0.0
47355,0,0.8531796840000001,39,0,0.37041615200000005,2426.0,3,0,0,0,0.0
47357,0,0.010922237,83,0,904.0,,2,0,1,0,0.0
47359,0,0.727640663,47,0,0.546035684,10480.0,5,0,3,0,5.0
47360,0,0.9999998999999999,47,0,1156.0,,3,1,0,1,0.0
47362,0,0.046714094000000005,64,0,2470.0,,6,0,0,0,0.0
47363,0,0.384013668,80,0,0.330111648,6000.0,16,0,1,0,0.0
47364,0,0.061780126,35,0,1648.0,,12,0,1,0,0.0
47365,0,0.05398385,65,0,0.37755102,1567.0,5,0,1,0,0.0
47366,0,0.699095468,66,1,0.5123688160000001,8003.0,16,0,1,0,0.0
47368,0,0.48049156600000004,38,3,0.243170807,9700.0,8,0,1,0,2.0
47370,0,0.0,85,0,0.0,3835.0,4,0,0,0,0.0
47371,0,0.16810524300000002,72,0,0.131632899,16583.0,7,0,1,0,0.0
47372,0,0.36404385899999997,34,1,1.208472156,2100.0,12,0,2,0,2.0
47373,0,0.0,48,0,0.40779029,5416.0,6,0,1,0,0.0
47374,0,0.965812716,51,2,0.297266328,12217.0,12,0,1,0,3.0
47375,0,0.439973172,74,2,11.66666667,179.0,12,2,1,0,1.0
47376,0,0.495090855,60,0,0.201613737,9666.0,11,0,0,0,0.0
47377,0,0.694693315,57,0,0.5117102929999999,5080.0,16,0,1,0,0.0
47378,0,0.10486317099999999,55,0,1040.0,,8,0,0,0,0.0
47379,0,0.29717472699999997,46,0,1.112795363,4485.0,16,0,2,0,2.0
47381,0,0.13997500400000001,45,0,0.26193724399999996,1465.0,5,0,0,0,0.0
47382,0,0.576814856,39,0,0.459469555,5353.0,9,0,2,0,1.0
47383,0,0.121997195,58,2,0.294064863,7800.0,14,0,1,0,1.0
47384,0,0.337597628,41,0,0.099036674,5916.0,5,0,0,0,0.0
47385,0,0.346165176,61,0,0.08907591,12000.0,6,0,0,0,1.0
47386,0,0.543082681,55,0,0.524307947,7260.0,13,0,2,0,4.0
47387,0,0.865266447,33,0,0.369462419,8035.0,9,0,1,0,2.0
47389,0,0.04593505,78,0,0.007199176999999999,5833.0,11,0,0,0,1.0
47390,0,0.8200357559999999,61,0,0.454353461,20833.0,8,0,2,0,0.0
47391,0,1.008661918,41,0,0.7202206520000001,5800.0,11,0,3,0,2.0
47393,0,0.0,39,1,0.6399514270000001,4940.0,7,0,2,0,1.0
47394,0,0.10497358400000001,92,0,0.121649221,7833.0,9,0,1,0,0.0
47395,0,0.499812508,40,0,0.067934525,31706.0,6,0,1,0,2.0
47397,0,0.08896862900000001,48,0,695.0,,9,0,1,0,
47398,0,0.9999998999999999,38,0,0.954385965,1994.0,5,0,1,0,1.0
47399,0,0.22736891,44,0,0.220522052,4443.0,7,0,0,0,2.0
47401,0,0.843853463,48,0,0.40395103600000004,8250.0,10,0,2,0,2.0
47402,0,0.34586300200000003,52,1,0.12327877400000001,23093.0,13,0,2,0,1.0
47403,0,0.512138215,55,0,0.31746825300000003,10000.0,12,0,1,0,0.0
47404,0,0.002078893,51,0,0.223577236,5165.0,13,0,2,1,1.0
47406,0,0.10094375900000001,48,0,0.35655296200000003,2784.0,6,0,1,0,2.0
47407,0,0.183979933,47,0,0.39836016399999996,10000.0,33,0,3,0,1.0
47408,0,0.0,34,0,0.19735553399999997,4083.0,6,0,0,0,0.0
47411,0,0.120906591,59,0,0.005201403,8266.0,2,0,0,0,0.0
47412,0,0.18206424699999998,51,0,290.0,,6,0,0,0,0.0
47413,0,0.9999998999999999,27,0,0.015410246,2400.0,1,0,0,0,0.0
47414,0,0.0,62,0,0.23571838399999998,12200.0,20,0,1,0,0.0
47415,0,0.49070964899999997,40,0,0.409530157,3000.0,4,0,1,0,3.0
47416,0,0.095642332,56,0,0.219075385,2400.0,12,0,0,0,0.0
47417,0,0.9999998999999999,61,0,0.036592681,3333.0,2,0,0,0,0.0
47419,0,0.9999998999999999,45,0,0.40989213399999996,3800.0,4,0,1,0,1.0
47420,0,0.872750129,46,0,0.18823358899999998,6900.0,6,0,0,0,1.0
47421,0,0.029978927000000002,43,0,0.5460108260000001,4248.0,4,0,2,0,0.0
47422,0,0.9999998999999999,61,1,0.300566906,9348.0,11,0,1,0,0.0
47423,0,0.004758293,29,0,3.0,,3,0,0,0,
47424,0,0.024716822000000003,44,0,0.210775607,5066.0,12,0,1,0,0.0
47425,1,0.146518943,32,0,1.57339163,1600.0,17,0,1,0,0.0
47426,0,0.293544527,71,0,0.424165763,8300.0,14,0,3,0,0.0
47429,0,0.018909566000000003,33,0,0.051452946,3750.0,6,0,0,0,0.0
47430,0,0.663144787,52,0,0.44901019799999997,3333.0,10,0,0,0,0.0
47432,0,0.030821072999999997,56,0,2232.0,,7,0,1,0,
47433,0,0.23595021600000002,50,0,0.155841939,11716.0,7,0,0,0,2.0
47434,0,0.368975402,40,1,0.40814140299999996,5600.0,5,0,1,0,2.0
47436,0,0.9999998999999999,62,0,0.193130534,29026.0,6,0,3,0,0.0
47439,0,0.91453752,45,0,647.0,,3,0,0,0,0.0
47440,0,0.25244583800000003,59,0,1159.0,,10,0,1,0,0.0
47442,0,0.097295544,47,0,0.244484583,7750.0,6,0,1,0,3.0
47444,0,0.105442909,42,0,0.477913107,5500.0,6,0,1,0,2.0
47445,1,0.165743984,38,0,0.599612027,5154.0,4,0,2,0,2.0
47446,0,0.16300349,48,0,1.217519106,1700.0,29,0,0,0,0.0
47447,1,0.765234765,22,0,0.014656895,1500.0,1,0,0,0,0.0
47452,0,0.041304401,28,0,0.089899713,5583.0,10,0,0,0,0.0
47453,0,0.025199542000000002,74,0,0.032773781,1250.0,10,0,0,0,0.0
47454,0,0.0,44,0,0.281274375,16666.0,6,0,2,0,2.0
47456,0,0.148920973,54,0,87.0,,3,0,0,0,0.0
47458,0,0.127857413,51,0,0.05399568,4166.0,8,0,0,0,0.0
47459,0,0.510226512,38,0,1025.0,,10,0,0,0,0.0
47461,0,0.016089583,53,0,0.270783533,7529.0,8,0,2,0,0.0
47462,0,0.040118185,67,0,0.007237406,10500.0,17,0,0,0,0.0
47463,0,0.009093862,53,0,0.0016664820000000002,9000.0,7,0,0,0,2.0
47464,1,0.9734219270000001,38,0,0.175682301,6118.0,3,1,1,1,3.0
47465,0,0.038581918,37,1,0.08723058199999999,4917.0,9,0,0,0,1.0
47466,1,0.913528954,36,1,0.6926342990000001,5416.0,11,0,2,0,3.0
47467,0,0.357215536,58,0,0.529550132,3400.0,11,0,2,0,3.0
47469,0,0.9999998999999999,39,0,0.214915644,5215.0,6,0,0,0,0.0
47470,0,0.014685479,79,0,0.001618893,10500.0,14,0,0,0,0.0
47471,0,1.001099963,47,1,0.671746776,8529.0,9,0,2,0,3.0
47472,0,0.120969211,37,0,0.116107476,7182.0,7,0,0,0,0.0
47473,0,0.21723097100000002,48,0,0.37155857200000003,12966.0,16,0,1,0,2.0
47474,0,0.032886552,73,0,0.005255736,7800.0,5,0,0,0,0.0
47475,1,0.9201596809999999,37,4,0.52690167,6467.0,6,1,2,2,4.0
47476,0,0.12260275300000001,52,0,0.39647467700000005,12083.0,7,0,3,0,0.0
47478,0,0.414281853,36,0,0.120523325,7566.0,13,0,0,0,0.0
47479,0,0.02082108,72,0,0.001319609,3788.0,6,0,0,1,1.0
47480,0,0.0,35,0,330.0,,4,0,0,0,0.0
47481,0,0.414619513,56,0,0.126692336,8050.0,7,0,0,0,0.0
47482,0,0.06156424,52,0,0.46113636399999997,8799.0,6,0,3,0,1.0
47483,0,0.209936383,39,1,2349.0,,10,0,1,0,0.0
47485,0,0.843505216,59,0,0.39682969799999995,7380.0,7,0,2,0,0.0
47486,0,0.14904216,67,0,0.424412487,2850.0,9,0,1,0,0.0
47487,0,1.537609224,42,3,0.129210891,6500.0,6,0,0,0,0.0
47488,0,0.654669066,42,0,0.04392649,2230.0,4,0,0,0,0.0
47490,0,0.0,49,0,0.0,4000.0,2,0,0,0,0.0
47491,0,0.7288197790000001,57,0,2387.0,,5,0,2,0,0.0
47492,0,0.9999998999999999,79,0,0.0,9301.0,2,0,0,0,0.0
47494,0,0.997154375,39,0,1.652898068,1500.0,9,1,1,0,3.0
47495,0,0.0021903720000000003,55,1,0.948480165,1940.0,8,0,1,0,2.0
47497,0,0.594557067,73,0,0.294487289,3500.0,6,0,0,0,0.0
47498,0,0.024052754,46,0,2996.0,,15,0,1,0,0.0
47500,0,0.022185186000000003,67,0,3262.0,,10,0,1,0,0.0
47501,0,0.9999998999999999,65,1,0.402399128,2750.0,3,1,2,0,1.0
47502,0,0.020484228,62,0,0.439454691,9975.0,5,0,1,0,0.0
47503,0,0.9999998999999999,39,0,0.578333905,8750.0,3,0,2,0,0.0
47504,0,0.9999386309999999,53,1,694.0,,4,0,0,0,0.0
47505,0,0.014699483000000001,83,0,2359.0,,16,0,2,0,0.0
47506,0,0.067649406,29,0,0.84729064,3450.0,10,0,2,0,0.0
47508,0,0.6925229909999999,33,0,0.697975709,3704.0,9,0,1,0,0.0
47509,0,0.31971404,62,0,0.348443005,10500.0,10,0,2,0,0.0
47510,0,0.12404379800000001,43,0,1.241208648,3838.0,7,0,2,0,0.0
47511,0,0.07194640299999999,70,0,0.242952833,7165.0,6,0,1,0,1.0
47513,0,0.114859009,31,0,0.578855286,4000.0,7,0,1,0,0.0
47514,0,0.9961541420000001,70,0,2608.0,,6,0,1,0,0.0
47515,0,0.001022669,49,0,0.151592063,4333.0,5,0,0,0,0.0
47517,0,0.8399169609999999,57,0,0.5376138,4173.0,6,0,0,0,2.0
47519,0,0.087490161,42,0,0.100542702,3500.0,6,0,0,0,0.0
47520,0,0.0,62,0,0.311400153,7841.0,8,0,1,0,0.0
47521,1,0.891435034,47,0,2131.0,,17,0,2,0,0.0
47522,1,1.0102158509999999,33,4,0.326826946,4200.0,12,1,0,2,0.0
47523,1,0.7141073659999999,37,3,0.415528157,3000.0,7,2,0,0,3.0
47524,0,0.0,69,0,0.0,,3,0,0,0,
47526,0,0.014910225,57,0,0.490003635,2750.0,15,0,3,0,1.0
47527,0,0.7451685159999999,66,0,0.384536828,23500.0,18,0,3,0,2.0
47528,0,0.002814763,77,0,0.009488212,3477.0,8,0,0,0,0.0
47530,0,0.07313267700000001,55,0,0.33308145699999997,6616.0,6,0,1,0,0.0
47532,0,0.285591298,41,0,0.746659945,3966.0,11,0,2,0,4.0
47533,0,0.079458229,30,0,0.191140565,8600.0,12,0,1,0,0.0
47536,0,0.0,56,0,0.055257340999999995,3166.0,5,0,0,0,2.0
47537,0,0.005865885,85,0,606.0,,3,0,1,0,0.0
47539,0,0.0,54,0,0.154569892,4463.0,5,0,1,0,1.0
47540,1,0.9999998999999999,52,0,1.216195373,3889.0,8,0,1,0,0.0
47541,0,0.9999998999999999,22,0,0.0,600.0,1,0,0,0,0.0
47543,0,1.0305792409999999,42,1,0.422692534,1700.0,4,1,0,0,1.0
47547,0,0.465004829,40,4,0.358564658,7384.0,6,0,1,1,3.0
47550,0,0.418890379,71,0,1093.0,,7,0,1,0,0.0
47551,0,0.590822291,51,0,0.412764539,6000.0,8,0,1,0,4.0
47552,0,0.9999998999999999,23,0,0.0,820.0,1,0,0,0,0.0
47553,0,0.001073416,73,0,1.0,,6,0,0,0,0.0
47554,1,0.9999998999999999,38,0,0.538638985,2600.0,3,1,1,1,0.0
47555,0,0.14374103800000002,76,1,0.264210226,3500.0,11,0,1,0,0.0
47556,0,0.344529197,43,1,1771.0,,5,0,1,0,2.0
47557,0,0.309822577,41,0,0.35011205,5800.0,10,0,1,0,1.0
47558,0,0.45793797799999997,42,0,0.5440294170000001,5166.0,12,0,3,0,1.0
47559,0,0.9999998999999999,45,98,0.242192922,1440.0,0,98,0,98,0.0
47560,0,0.000190349,72,0,0.287713841,4500.0,11,1,2,0,0.0
47561,0,0.237862438,75,0,0.142296019,5600.0,15,0,0,0,1.0
47563,0,0.8690344059999999,39,0,23.0,,1,0,0,0,0.0
47564,0,0.872175783,61,0,0.35933493899999996,12870.0,15,0,2,0,0.0
47565,1,0.40145347200000003,44,1,1180.0,0.0,9,2,0,0,0.0
47566,0,0.057953872999999996,52,0,0.312985134,7600.0,5,0,2,0,3.0
47567,1,0.982003599,48,0,0.046416167,3166.0,1,0,0,0,0.0
47568,0,0.099019419,58,0,0.168193717,4583.0,5,0,0,0,4.0
47569,0,0.20075170399999998,59,0,0.393887461,3500.0,10,0,1,0,0.0
47570,0,0.117288462,72,0,0.172360433,8400.0,14,0,1,0,1.0
47572,0,0.0,53,0,0.17709438,6600.0,4,0,1,0,0.0
47573,0,0.34036790899999997,42,1,0.417283457,9997.0,8,0,2,0,3.0
47574,0,0.061793821,36,0,18.0,,1,0,0,0,0.0
47575,0,0.898124075,46,1,0.165187552,8450.0,2,0,1,0,1.0
47576,0,0.010768402,68,0,0.291068581,2507.0,6,0,1,0,0.0
47578,0,0.013849308000000001,80,0,8.0,,1,0,0,0,0.0
47579,0,0.000776537,48,0,0.371228744,7291.0,9,0,1,0,0.0
47580,0,0.28364247,34,0,0.152615795,3000.0,6,0,0,0,0.0
47581,0,0.20259337300000002,72,0,0.505095174,5200.0,16,0,2,0,0.0
47584,0,0.0023991,74,0,3.0,,6,0,0,0,0.0
47586,0,0.0068749169999999995,62,0,0.164216267,8433.0,12,0,1,0,0.0
47587,0,0.229519262,38,0,0.283185841,20000.0,12,0,4,0,1.0
47588,0,0.418206056,37,0,3.87477314,550.0,4,1,1,3,0.0
47591,0,0.9593460009999999,29,0,0.367641614,2700.0,9,0,1,0,0.0
47592,0,0.064582067,29,0,0.09150326800000001,2600.0,8,0,0,0,0.0
47593,0,0.012902393,59,0,1965.0,,5,0,1,0,0.0
47594,0,0.374059125,78,0,0.48905576,6258.0,10,0,2,0,0.0
47596,0,0.115729476,47,0,0.16970735899999997,8166.0,4,0,2,0,0.0
47599,0,0.259514146,37,0,0.715292325,5250.0,6,0,3,0,1.0
47600,0,0.011681151,68,0,426.0,,6,0,0,0,
47601,0,0.015700878,75,0,5078.0,,19,0,5,0,0.0
47602,0,0.203951842,48,0,0.169800333,12019.0,8,0,1,0,1.0
47604,0,0.047512272,82,0,41.0,,5,0,0,0,0.0
47605,0,0.015232826000000001,49,0,0.29494733100000003,5600.0,4,0,1,0,0.0
47606,0,0.035575555,75,0,0.009814613,2750.0,12,0,0,0,0.0
47607,0,0.446020342,51,0,0.416400426,8450.0,15,0,3,0,2.0
47608,0,0.127335266,42,0,0.478738851,4820.0,10,0,1,0,1.0
47610,1,0.9999998999999999,39,3,0.20783848,1683.0,2,2,0,0,3.0
47611,0,0.13246921,53,0,1734.0,,7,0,1,0,
47612,0,0.001989617,46,0,0.09086899,6800.0,10,0,0,0,1.0
47614,0,0.066300832,63,0,1410.0,,9,0,1,0,0.0
47615,0,0.732850862,50,0,0.681589867,4578.0,7,0,2,0,3.0
47616,0,0.11153485099999999,48,0,0.15258216,4685.0,10,0,0,0,0.0
47619,0,0.135039316,41,0,0.033693489,7033.0,3,0,0,0,1.0
47620,0,0.8716205159999999,42,0,0.8084674270000001,6400.0,7,0,2,0,2.0
47623,0,0.826694176,28,0,0.119907763,1300.0,3,0,0,0,0.0
47624,1,0.9999998999999999,48,0,99.0,,1,0,0,0,0.0
47625,0,0.0,46,1,0.360555744,2950.0,8,0,2,0,2.0
47626,0,0.229865719,48,1,0.272555681,18542.0,15,0,1,0,2.0
47627,0,0.442023471,49,1,0.397830975,7560.0,14,0,1,0,3.0
47630,0,0.972980161,56,0,0.760381421,3250.0,7,0,2,0,2.0
47631,0,0.9940119759999999,29,1,0.117265886,4783.0,7,0,0,0,0.0
47632,0,0.199434558,79,0,0.32895888,8000.0,15,0,2,0,0.0
47633,0,0.536142063,29,0,0.24764353,3500.0,5,0,0,0,0.0
47634,0,0.0,39,0,0.100341015,9676.0,2,0,1,0,1.0
47635,0,0.07987631,33,0,0.579929988,2570.0,9,0,1,0,0.0
47636,0,0.129224944,58,1,0.704565896,18900.0,11,0,5,0,1.0
47637,0,0.40317193,39,0,0.588928647,4750.0,10,0,2,0,2.0
47639,0,0.38079630700000006,61,0,0.494715795,3500.0,7,0,1,0,1.0
47643,0,0.107811868,30,0,0.541952257,8461.0,5,0,1,0,1.0
47644,0,0.660968039,49,0,0.73470204,7500.0,21,0,2,0,1.0
47645,0,0.03512088,39,0,0.00679864,5000.0,3,0,0,0,0.0
47646,0,0.600279944,43,0,0.30299707600000003,2735.0,3,0,1,0,2.0
47647,0,0.7411788229999999,64,1,0.58794264,3416.0,6,0,2,0,0.0
47648,0,0.9999998999999999,21,0,0.0,820.0,1,0,0,0,0.0
47649,0,0.68677802,36,0,0.43721403200000003,5900.0,11,0,0,0,1.0
47651,0,0.25461122199999997,64,0,532.0,,7,0,0,0,2.0
47652,0,0.08625133199999999,50,0,0.415174451,5416.0,4,0,1,0,0.0
47653,1,0.0,57,0,0.43111377700000003,5000.0,13,0,2,0,0.0
47654,0,0.558077942,40,0,0.779352553,6208.0,11,0,2,2,3.0
47655,0,0.029419293,57,0,50.0,,4,0,0,0,0.0
47656,0,0.046221081,64,0,0.272772723,10000.0,11,0,2,0,0.0
47657,0,0.233306464,52,1,0.334373607,15700.0,11,0,1,0,1.0
47658,0,0.459319646,46,1,1656.0,1.0,17,0,2,0,0.0
47659,0,0.20225938100000002,44,0,0.37608407299999996,9800.0,8,0,2,0,3.0
47661,0,0.946792313,43,1,0.31734849800000003,11781.0,5,0,2,0,3.0
47663,0,0.371856891,56,0,2270.0,,11,0,2,0,0.0
47665,0,0.009548181999999999,60,0,23.0,,9,0,0,0,0.0
47667,1,0.999890182,41,0,0.075760942,4500.0,4,0,0,0,0.0
47668,0,0.13038727,55,0,0.287330941,7245.0,11,0,2,0,0.0
47669,0,0.003599856,78,0,322.0,,7,0,1,0,0.0
47672,0,0.254267185,58,0,0.522526602,4416.0,15,0,1,0,0.0
47673,1,0.7292725609999999,45,5,0.376989156,7100.0,7,0,1,0,1.0
47674,0,0.156478603,49,0,0.11049135800000001,27250.0,9,0,1,0,1.0
47676,0,0.319206686,36,1,0.589082184,5000.0,15,0,1,0,0.0
47677,0,1.9900332230000002,54,0,0.361170592,1400.0,2,0,0,1,0.0
47679,0,0.016885232,44,0,0.37454485299999996,6041.0,8,0,2,0,0.0
47680,0,0.746987952,39,0,0.510301453,4610.0,7,0,1,0,1.0
47681,0,0.3747389,37,0,1103.0,,9,0,0,0,2.0
47684,0,0.11688369400000001,61,0,0.37740693200000003,4673.0,7,0,1,0,2.0
47685,0,0.014781762,62,0,0.129298854,3750.0,12,0,1,0,0.0
47686,0,0.28098695,44,0,0.106528636,5988.0,9,0,0,1,1.0
47688,0,0.101827129,69,0,58.0,,3,0,0,0,0.0
47690,0,0.12397311400000001,63,0,0.057232458,5101.0,9,0,0,0,0.0
47691,0,0.9999998999999999,36,0,1318.0,,2,0,1,0,0.0
47692,0,0.076087451,76,0,0.025660814,5182.0,5,0,0,0,0.0
47693,0,0.0,48,0,0.087719298,2450.0,2,0,0,0,0.0
47697,0,0.47152005399999997,36,1,470.0,,6,0,0,0,
47698,0,0.11884020000000001,31,0,310.0,,8,0,0,0,0.0
47699,0,0.586281281,56,0,0.41332157,6800.0,19,0,1,0,0.0
47700,0,0.061176865,38,0,0.12768723099999998,10000.0,13,0,0,0,0.0
47701,0,0.7716818879999999,39,1,0.231109841,7000.0,5,0,1,0,2.0
47702,0,0.9999998999999999,38,1,0.453291052,11667.0,10,0,3,0,3.0
47703,0,0.024144577,65,0,3125.0,,11,0,2,0,0.0
47706,0,0.009077403000000001,66,0,0.2292,7499.0,7,0,1,0,1.0
47707,0,0.7180650959999999,54,0,0.736313184,6666.0,10,0,2,0,2.0
47709,0,0.87111762,46,0,0.37859334200000005,8800.0,5,0,1,0,1.0
47712,0,0.9999998999999999,43,0,0.19285923300000002,3416.0,3,0,0,0,2.0
47713,0,0.095424677,44,0,0.02561288,2732.0,4,0,0,0,0.0
47716,0,0.835544297,34,1,951.0,,5,0,0,0,2.0
47717,0,0.0,40,0,0.113082877,5296.0,5,0,0,0,0.0
47718,0,0.22888632899999997,53,0,0.292398796,10300.0,13,0,1,0,2.0
47719,0,0.902853627,37,0,0.38865283700000003,4000.0,6,0,0,0,0.0
47721,0,0.02993339,56,0,0.14819259,6666.0,11,0,1,0,0.0
47722,0,0.03704797,53,0,0.267321523,5700.0,10,0,1,0,0.0
47723,0,0.309391643,55,0,0.203551913,8783.0,14,0,1,0,0.0
47724,0,0.099609296,62,0,2416.0,,16,0,2,0,1.0
47725,0,0.7156051720000001,37,0,0.220259913,3000.0,3,0,0,0,4.0
47726,0,0.502588469,34,0,0.248226538,17197.0,6,0,2,0,1.0
47732,0,0.491298222,46,0,0.5112775829999999,12280.0,10,0,2,0,3.0
47733,0,0.002716618,48,0,2081.0,,5,0,1,0,
47734,0,0.026435529,78,0,2295.0,,8,0,1,0,0.0
47735,0,0.9645153000000001,45,2,0.446929203,9166.0,9,0,2,0,1.0
47736,0,0.0053603340000000005,60,1,0.000677851,5900.0,4,0,0,0,0.0
47737,0,0.004221909,90,0,1.0,,7,0,0,0,
47738,1,0.323335461,51,2,0.415152554,2916.0,6,1,1,0,1.0
47741,1,0.9999998999999999,40,1,390.0,,1,0,0,0,0.0
47743,1,0.9308553159999999,39,1,0.892384593,3400.0,9,0,2,0,2.0
47744,0,0.024323346000000003,55,0,0.31466268399999997,4016.0,7,0,2,0,0.0
47746,0,0.431930751,58,0,0.203768151,8332.0,14,0,0,0,0.0
47747,1,0.9302325579999999,45,0,0.029328445,6000.0,2,1,0,0,2.0
47748,0,0.010608234,70,0,1.397163121,845.0,5,0,1,0,0.0
47749,0,0.08865437400000001,39,0,0.47171796899999996,3800.0,10,0,1,0,2.0
47750,0,0.175747525,81,0,108.0,,3,0,0,0,0.0
47752,0,0.028732103999999998,46,0,0.971365095,4050.0,13,0,3,0,0.0
47753,0,0.243086243,51,0,0.393114936,1800.0,11,0,0,0,1.0
47754,0,0.464348896,92,0,0.312315852,3393.0,2,0,1,0,0.0
47756,0,0.9999998999999999,52,0,0.0,5049.0,1,0,0,0,2.0
47757,0,0.048213748,48,0,0.247852333,17227.0,13,0,1,0,4.0
47758,0,0.17172760899999998,42,0,0.422524565,7937.0,5,0,1,0,4.0
47759,0,0.988512059,62,0,0.6486346239999999,15416.0,18,0,3,0,0.0
47760,0,0.018675921,52,0,0.203190743,5703.0,8,0,1,0,2.0
47762,0,0.9999998999999999,56,0,0.5551710879999999,2600.0,4,0,1,0,0.0
47763,0,0.05582150599999999,43,1,0.285807789,9166.0,5,0,1,0,2.0
47765,0,0.0,58,0,2.776223776,1000.0,14,0,1,0,0.0
47767,0,0.589173656,56,0,0.344251662,6166.0,10,0,2,0,0.0
47768,0,0.0,67,0,0.0,0.0,2,0,0,0,0.0
47771,1,0.176823177,28,0,0.007607042,4600.0,4,2,0,0,0.0
47773,0,0.020332717,68,0,0.0038933229999999997,5136.0,4,0,0,0,0.0
47774,0,0.334724242,72,0,1.159970376,5400.0,12,0,2,0,1.0
47775,0,0.012562096000000002,49,0,0.28623353,2200.0,20,0,2,0,2.0
47776,0,0.669391462,23,0,22.0,,2,0,0,0,0.0
47777,0,1.02364704,33,0,0.666567916,6750.0,10,0,2,0,0.0
47778,0,0.159766864,54,0,0.31173506100000004,8333.0,7,0,1,0,0.0
47779,0,0.600377003,48,0,0.734717416,2600.0,5,0,1,0,3.0
47780,0,0.524306598,58,0,1022.0,,26,0,0,0,0.0
47783,0,0.14825359400000002,41,0,0.181321245,15000.0,5,0,2,0,2.0
47784,0,0.186159183,43,0,0.047658724000000006,6000.0,10,0,0,0,0.0
47785,0,0.010436174,60,0,0.350434423,4833.0,10,0,1,0,0.0
47786,0,0.240059661,41,0,0.175294208,13000.0,20,0,2,0,0.0
47788,0,0.122504684,40,0,2885.0,,15,0,2,0,3.0
47790,0,0.784215784,29,0,796.0,0.0,7,0,0,0,0.0
47791,0,0.054713458,63,0,2957.0,,8,0,2,0,0.0
47793,0,0.21334265100000002,38,0,0.271771936,27500.0,14,0,2,0,2.0
47794,0,0.017420794,67,0,0.237242128,5525.0,22,0,1,0,0.0
47795,0,1629.0,39,1,3880.0,,9,0,3,0,1.0
47796,0,0.010409201,52,0,0.461975835,1406.0,4,0,0,0,2.0
47799,0,0.29592083,83,0,0.087702226,8220.0,4,0,0,0,0.0
47801,0,0.07451002799999999,56,0,0.14988953300000002,14483.0,4,0,1,0,2.0
47802,0,0.001907611,60,0,0.139731051,8179.0,14,0,1,0,0.0
47806,0,0.038734456,73,0,0.159968634,5100.0,8,0,2,0,1.0
47807,0,0.35642777700000006,69,0,0.063197472,25000.0,10,1,1,0,0.0
47811,1,0.25354929,46,0,4171.0,,6,0,4,0,0.0
47815,0,0.33992553600000003,35,0,0.456708658,5000.0,13,0,1,0,0.0
47816,0,0.026230933999999997,78,0,20.0,,6,0,0,0,0.0
47817,0,0.071195232,68,0,0.132240437,6404.0,10,0,1,0,0.0
47818,0,0.599253433,54,0,0.285645122,4130.0,6,0,3,0,2.0
47819,0,0.026538121,66,0,853.0,,10,0,0,0,1.0
47820,0,0.062051725,72,0,0.01219756,5000.0,4,0,0,0,0.0
47822,0,0.34371016200000004,46,1,0.46525579100000003,6000.0,15,0,1,0,2.0
47823,0,0.0489951,47,0,0.40381431700000003,15100.0,7,0,4,0,5.0
47824,0,0.9999998999999999,72,0,0.007490637,800.0,1,0,0,0,0.0
47825,0,0.44546806200000005,44,0,2287.0,,9,0,1,0,1.0
47826,0,0.544622942,39,0,15.25827815,150.0,15,0,2,0,0.0
47828,0,0.036939162000000005,61,1,0.123033036,10866.0,10,0,1,0,0.0
47830,0,0.595347979,45,0,0.190906159,3100.0,5,0,0,0,0.0
47831,0,0.148139115,46,1,0.282156168,11000.0,16,0,1,0,2.0
47832,0,0.163995105,66,0,0.061089377,6645.0,5,0,0,0,1.0
47835,0,0.0824665,55,0,0.17351176699999998,6500.0,9,0,2,0,3.0
47838,0,0.17044169,38,0,0.185469088,6000.0,23,0,0,0,1.0
47840,0,0.166193758,62,0,93.0,,3,0,0,0,0.0
47841,0,0.015182671000000002,61,0,0.17513403100000002,3916.0,5,0,0,0,0.0
47842,0,0.27172735600000003,55,0,0.175754367,5666.0,12,0,1,0,1.0
47843,0,0.0,42,0,0.255208333,2687.0,6,0,0,0,0.0
47844,0,0.011458595,60,0,1303.0,,6,0,1,0,0.0
47845,0,0.06832877799999999,63,0,0.013630168,2200.0,3,0,0,0,0.0
47847,0,0.34032476899999997,45,0,0.6560687860000001,5000.0,13,0,1,0,2.0
47848,0,0.7332453940000001,39,0,0.40209498899999996,8400.0,7,0,2,0,1.0
47850,0,0.21171501199999998,81,0,0.73827792,1172.0,9,0,1,0,0.0
47851,0,0.126376287,41,0,0.295079751,7397.0,12,0,1,0,4.0
47852,0,0.538303661,52,0,0.22957376300000001,8750.0,7,0,2,0,2.0
47853,0,0.5693301479999999,73,5,0.41223598,2745.0,8,0,1,1,0.0
47854,0,0.184354063,55,0,0.339170971,7936.0,8,0,1,0,2.0
47855,0,0.19253830800000002,64,0,0.002594034,3083.0,2,0,0,0,0.0
47856,0,0.854518185,55,0,0.348428036,10400.0,7,0,2,0,0.0
47857,0,0.0,65,0,0.278288685,2500.0,5,0,1,0,0.0
47860,1,0.9999998999999999,62,0,797.0,,2,0,1,0,0.0
47862,0,0.5373589120000001,41,0,0.24871251100000002,3300.0,7,0,1,0,0.0
47863,0,0.319296009,58,0,0.6148382,3800.0,6,0,1,0,0.0
47864,0,0.114235501,29,0,747.0,,3,0,0,0,
47865,0,0.0,40,1,0.0,8375.0,4,0,0,0,0.0
47866,0,0.052858265999999994,53,1,3.3074324319999997,887.0,11,0,3,0,0.0
47867,0,0.47703735399999997,31,2,0.106376161,3120.0,8,0,0,0,0.0
47869,1,0.636336759,35,2,0.555044496,10000.0,9,0,2,0,0.0
47871,0,0.9244960440000001,48,0,0.567797774,7278.0,24,0,3,0,1.0
47872,0,0.575424575,30,0,0.00339932,5000.0,1,0,0,0,1.0
47874,0,0.127091861,67,0,0.433624547,4692.0,8,0,1,0,1.0
47875,0,0.613965891,38,0,0.9683509159999999,1800.0,7,0,1,0,2.0
47876,0,0.0,42,0,0.032715376000000004,2750.0,2,0,0,0,0.0
47877,0,0.9999998999999999,22,0,0.0,820.0,1,0,0,0,0.0
47878,0,0.11949468699999999,58,0,0.53056256,11500.0,7,0,2,0,1.0
47879,0,0.49686618899999996,47,0,0.37251482399999997,8600.0,18,0,1,0,3.0
47880,0,0.38948176799999995,50,2,0.219882246,4415.0,14,1,0,0,2.0
47881,0,0.082723246,39,0,0.239319872,14114.0,24,0,2,0,4.0
47882,0,0.26980599899999996,36,0,0.7015437390000001,4080.0,7,0,2,0,2.0
47883,0,0.0,48,0,0.24426266800000002,4400.0,17,0,1,0,0.0
47885,0,0.0,65,0,0.126641835,5100.0,7,0,1,0,0.0
47887,0,0.045070972,81,0,27.0,,2,0,0,0,
47888,0,0.9999998999999999,29,1,233.0,,1,0,0,0,0.0
47890,0,0.9999998999999999,52,0,0.37569429,4500.0,4,0,1,0,1.0
47891,0,0.003261338,60,1,0.589470177,3000.0,12,0,1,0,0.0
47892,0,0.968712804,51,0,4083.0,,11,0,1,0,1.0
47894,0,0.955044955,25,0,0.05588822400000001,500.0,2,0,0,0,0.0
47895,0,0.578824125,38,0,0.452099618,5500.0,9,0,2,0,0.0
47896,0,0.9999998999999999,29,0,0.194730664,7666.0,7,0,1,0,0.0
47897,0,0.16535419,63,0,1313.0,,7,0,1,0,0.0
47900,0,0.003295556,62,0,0.21205207399999998,7450.0,15,0,2,0,0.0
47901,0,0.014006834,25,0,0.005999333000000001,9000.0,20,0,0,0,0.0
47903,0,0.38382099799999997,59,0,0.612692893,4600.0,9,0,1,0,0.0
47905,0,0.9999998999999999,44,1,0.256685829,4000.0,5,0,0,0,0.0
47906,0,0.814860033,41,0,0.379924015,5000.0,4,0,1,0,0.0
47907,1,0.332390063,31,0,1.084812623,3041.0,10,0,2,0,1.0
47908,0,0.32079287100000003,47,0,8501.0,,6,0,1,0,0.0
47909,0,0.042608734,67,0,622.0,,4,0,1,0,0.0
47910,0,0.07069227,47,0,0.281362837,10800.0,8,0,2,0,0.0
47911,0,0.097728236,62,0,1964.0,,5,0,1,0,0.0
47912,0,0.2658005,54,1,0.47435382299999995,7466.0,10,0,1,0,1.0
47914,0,0.007062059,48,0,0.555035567,10683.0,14,0,3,0,0.0
47915,0,0.150107239,50,0,0.23008104399999998,9500.0,10,0,1,0,0.0
47916,0,0.219013707,44,0,0.064683213,80700.0,7,0,3,0,1.0
47917,0,0.900398406,33,1,0.314195417,3796.0,4,1,1,0,2.0
47921,0,0.025867737999999998,60,0,0.754385965,2621.0,13,0,2,0,0.0
47922,0,0.686953149,57,0,0.27832434100000003,3150.0,7,0,0,0,2.0
47923,0,0.0027395379999999997,59,0,3035.0,,6,0,3,0,0.0
47924,0,0.895620876,44,0,355.0,,2,0,0,0,3.0
47925,0,0.816340136,46,0,0.481139221,6600.0,9,0,1,0,2.0
47926,0,0.0,64,0,2.576423576,1000.0,13,0,4,0,0.0
47927,0,0.252778002,38,0,0.14909665,5700.0,12,0,0,0,2.0
47928,0,0.88011988,30,2,0.080589939,3796.0,5,0,0,0,1.0
47929,0,0.281608032,28,0,0.41451709700000006,5000.0,10,0,1,0,1.0
47930,0,0.0,64,0,0.481313262,23117.0,17,0,8,0,0.0
47934,0,0.123296083,63,0,1866.0,,7,0,1,0,
47935,0,0.0,64,0,0.185341687,6862.0,6,0,1,0,0.0
47936,0,0.0,71,0,0.0,,3,0,0,0,0.0
47938,0,0.0027584940000000002,25,1,0.082078955,3520.0,6,0,0,0,0.0
47940,0,0.008447309,65,0,0.803446771,4583.0,13,0,2,0,0.0
47942,0,0.0,31,0,0.0,0.0,1,0,0,0,0.0
47943,0,0.356064394,30,0,0.348988687,2916.0,9,0,1,0,0.0
47944,0,0.0,52,0,1.748260595,1580.0,15,0,1,0,1.0
47945,0,0.061862112000000004,34,0,0.389098389,8750.0,7,0,1,0,1.0
47946,0,1.736526946,43,0,364.0,,2,2,0,0,0.0
47948,0,0.072623934,54,0,0.096935933,3589.0,5,0,0,0,3.0
47950,0,0.017168967,34,0,0.378599222,2569.0,8,0,1,0,2.0
47952,0,0.0,29,0,0.633373934,820.0,4,0,0,0,0.0
47953,0,0.27497250300000003,67,0,1266.0,,7,0,1,0,1.0
47954,0,0.0,83,0,0.0,,4,0,0,0,0.0
47956,0,0.9999998999999999,61,0,0.0,,0,0,0,0,1.0
47958,0,0.17104714899999998,47,0,0.036113398,8500.0,3,0,0,0,2.0
47959,0,0.11037967300000001,43,0,0.38070210200000004,10083.0,13,0,2,0,1.0
47962,0,0.062102199000000004,62,0,0.254765225,2150.0,10,0,0,0,0.0
47963,0,0.071457569,56,1,5873.0,,24,0,1,0,0.0
47964,0,0.332711121,68,0,0.8312307259999999,7133.0,14,0,2,0,1.0
47965,0,0.085487989,75,0,0.042618742,3894.0,5,0,0,0,0.0
47966,0,0.6879344820000001,36,0,0.17880317199999998,4160.0,3,0,0,0,0.0
47967,0,0.06849429,59,0,1.223994895,1566.0,16,0,1,0,0.0
47968,0,0.06372602,62,0,0.280863915,10926.0,13,0,1,0,0.0
47970,0,0.14285714300000002,29,0,64.0,0.0,1,0,0,0,0.0
47972,0,0.015088553999999999,52,0,0.002026959,9866.0,4,0,0,0,0.0
47973,0,0.48279788100000004,52,0,0.104248483,2800.0,4,0,0,0,1.0
47976,0,0.14481993,41,0,0.135552064,7000.0,8,0,0,0,4.0
47977,0,0.07197943400000001,25,0,467.0,,4,0,0,0,1.0
47978,0,0.080395775,52,0,5089.0,,18,0,2,0,0.0
47979,0,0.008395658,66,0,0.004994163,15417.0,4,0,0,0,0.0
47980,0,0.017615838999999998,86,0,0.009553433,4500.0,10,0,0,0,0.0
47982,0,0.473539286,42,2,0.727153189,6083.0,14,0,2,0,2.0
47984,0,0.411750403,64,0,0.46779048799999995,1660.0,9,0,0,0,0.0
47986,0,0.536846224,45,0,1.325558147,3000.0,4,0,1,0,2.0
47987,0,0.0,72,0,0.30285577199999997,8333.0,13,0,1,0,0.0
47988,0,0.055612084000000006,70,0,0.0030485829999999997,15416.0,6,0,0,0,0.0
47989,0,0.025423928999999998,35,0,0.395549456,10200.0,7,0,1,0,2.0
47990,0,0.047430123,72,0,340.0,,18,0,0,0,0.0
47991,0,0.822597647,39,0,4175.0,,18,0,0,0,1.0
47992,0,0.05455744,69,0,0.202587474,3400.0,17,0,0,0,1.0
47993,0,0.016789032,21,0,1685.0,,5,0,1,0,0.0
47994,0,0.9999998999999999,33,0,0.110857515,6133.0,6,0,0,0,0.0
47995,0,0.097618958,62,0,0.724606772,3750.0,8,0,1,0,0.0
47996,0,0.217453582,63,0,0.17983069,24333.0,7,0,2,0,0.0
47997,0,0.0,57,0,2150.0,,9,0,1,0,0.0
47998,0,0.074185163,64,0,0.250437391,4000.0,4,0,1,0,1.0
48000,0,0.07913080900000001,58,0,1285.0,,16,0,1,0,0.0
48001,0,0.0,59,0,0.330040072,14473.0,6,0,1,0,1.0
48002,0,0.019136346000000002,49,0,1901.0,,9,0,1,0,2.0
48003,0,0.059558778,72,0,0.010380623,2600.0,3,0,0,0,0.0
48004,0,0.0,63,0,0.004142265,7000.0,2,0,0,0,0.0
48006,0,0.634710331,50,0,4025.0,,7,0,3,0,0.0
48008,0,0.0,49,0,0.0,,3,0,0,0,0.0
48009,0,0.026672242000000002,33,0,1741.0,,7,0,1,0,0.0
48010,0,0.237110923,61,0,0.119703776,8236.0,15,0,0,0,1.0
48012,0,0.045381017999999995,57,0,730.0,,5,0,1,0,0.0
48015,0,0.054169309000000006,47,0,0.31492913699999997,11500.0,12,0,2,0,3.0
48016,0,0.094312044,42,1,0.35759493700000006,7583.0,12,0,1,1,2.0
48017,0,0.005167917,78,0,0.0007618319999999999,10500.0,8,0,0,0,0.0
48019,0,0.005714182,58,0,1.072963518,2000.0,10,0,2,0,1.0
48022,0,1.3023255809999998,22,0,0.10657785199999999,1200.0,2,0,0,0,0.0
48025,0,0.6758648270000001,67,0,0.26440678,2064.0,3,0,0,0,0.0
48026,1,0.23282518300000002,48,0,0.572517078,3805.0,9,3,1,3,0.0
48028,0,0.021070488,45,0,4207.0,,5,0,1,0,0.0
48029,0,0.0,27,0,0.679738562,764.0,4,0,0,0,0.0
48030,0,0.002307633,63,0,0.27802377100000003,4290.0,6,0,2,0,0.0
48031,0,0.019275623999999998,71,1,0.39863436799999996,6150.0,27,0,1,0,1.0
48032,0,0.0,75,0,0.09725292099999999,9500.0,14,0,1,0,0.0
48033,0,0.373368863,66,0,0.331054058,7750.0,11,1,2,0,0.0
48034,0,0.0010525760000000002,63,1,610.0,,5,0,1,0,
48035,0,0.443951605,43,0,0.457095019,7166.0,11,0,2,1,1.0
48036,0,0.31907862800000003,63,0,0.20695439,15500.0,18,0,1,0,0.0
48038,0,0.128662152,47,0,0.265717485,6250.0,5,0,1,0,0.0
48039,0,0.03041212,76,0,0.216241367,20416.0,10,0,2,0,0.0
48040,0,0.553900635,28,0,0.287618483,3375.0,9,0,0,1,2.0
48041,0,0.052150677,42,0,0.21146266100000002,18773.0,9,0,1,0,3.0
48042,0,0.085402086,61,2,0.350412379,13700.0,9,0,2,0,2.0
48043,0,0.07431597200000001,61,0,0.497539054,4672.0,7,0,2,0,0.0
48044,0,0.000994453,51,0,0.00037707400000000003,2651.0,8,0,0,0,0.0
48045,0,0.000642811,60,0,0.45009819700000003,5600.0,5,0,2,0,0.0
48048,0,0.17152525300000002,67,0,0.505956027,14690.0,23,0,5,0,1.0
48051,0,0.001899151,42,0,0.938030985,2000.0,7,0,1,0,1.0
48052,0,0.056170604000000006,64,0,0.19145619,6413.0,9,0,1,0,0.0
48054,0,0.076423234,49,0,0.445435034,6056.0,7,0,1,0,2.0
48056,0,0.524313833,51,0,0.060805697,80600.0,11,0,3,0,2.0
48057,0,0.038649741,79,0,15.0,,7,0,0,0,
48058,0,0.414501625,46,0,705.0,0.0,11,0,1,0,0.0
48059,0,0.6370556620000001,48,3,0.23484462600000003,5888.0,6,0,0,0,2.0
48060,0,0.087997622,40,0,0.014277304,6793.0,6,0,0,0,2.0
48062,0,0.296718374,61,0,0.304178112,6916.0,9,0,2,0,0.0
48063,0,1.0122118759999998,36,0,3274.0,0.0,12,0,1,0,0.0
48064,0,0.8336724609999999,40,0,0.420022165,8120.0,6,0,1,0,2.0
48065,0,0.012526406,59,0,3759.0,,14,0,2,0,0.0
48066,0,0.024457642,59,0,0.266989533,6400.0,8,0,2,0,0.0
48067,0,0.209136778,55,0,0.28102919600000004,7500.0,12,0,1,0,0.0
48069,0,0.297682318,56,0,0.316578841,7400.0,12,0,3,0,0.0
48071,0,0.01664385,62,0,2436.0,,18,0,2,0,0.0
48072,0,0.080445251,45,2,0.276247614,11000.0,8,0,2,0,1.0
48073,0,0.015999695,84,0,0.002591211,9647.0,11,0,0,0,0.0
48077,0,0.399256266,71,0,0.326767011,14416.0,17,0,3,0,2.0
48079,0,0.139096165,44,0,0.56035991,4000.0,12,0,1,0,1.0
48080,0,0.54185847,53,0,1763.0,0.0,10,0,0,0,0.0
48082,0,0.375676047,46,0,0.35548744,13375.0,9,0,2,0,1.0
48084,0,0.433559587,51,0,0.259958333,23999.0,13,0,2,0,2.0
48085,1,0.9841854529999999,40,3,0.6969195779999999,4836.0,22,0,1,0,1.0
48086,0,0.214591416,36,0,4193.0,0.0,7,0,3,0,2.0
48087,0,0.113745413,47,0,0.446910618,5000.0,6,0,1,0,0.0
48088,0,0.0040696890000000005,66,0,32.0,,8,0,1,0,0.0
48089,0,0.040940038,63,0,0.15523891199999998,9333.0,15,0,1,0,0.0
48090,0,0.021409246,87,0,5.0,,1,0,0,0,
48091,0,0.05752001,53,0,0.0044302809999999995,12865.0,6,0,0,0,2.0
48092,0,0.6033962860000001,54,0,0.17084562399999997,4067.0,4,0,0,0,1.0
48093,0,0.169595661,57,0,0.689252985,3600.0,13,0,2,0,2.0
48094,0,0.438528339,41,0,0.416145964,4000.0,11,0,1,0,0.0
48096,0,0.407887428,31,0,0.172983479,2057.0,4,0,0,0,0.0
48098,0,0.977068195,45,0,0.06488324,6765.0,3,0,0,0,2.0
48100,0,0.002112577,36,0,0.0006662230000000001,1500.0,8,0,0,0,2.0
48101,0,0.80883556,37,0,0.607906476,6500.0,12,0,2,0,4.0
48102,0,0.025597022999999997,90,0,0.00485668,10500.0,14,0,0,0,0.0
48103,0,0.0,32,1,1974.0,,4,0,1,0,0.0
48104,0,0.850468439,61,0,1.7046757830000001,4533.0,10,0,3,0,2.0
48108,0,0.0,23,0,0.0,864.0,2,0,0,0,0.0
48109,0,0.401938416,76,1,0.38739007299999995,6708.0,14,0,2,0,1.0
48110,0,0.052727958,43,0,0.328839153,14833.0,7,0,2,0,4.0
48111,0,0.9999998999999999,75,0,139.0,,2,0,0,0,0.0
48114,1,0.857544535,56,0,1.21695245,8222.0,14,0,3,0,2.0
48116,0,0.012610411,77,0,0.004832528,6000.0,3,0,0,0,0.0
48117,0,0.579795432,51,0,1.007425743,807.0,7,0,0,0,2.0
48118,0,0.104822827,67,0,0.29360419,6300.0,13,0,2,0,0.0
48121,0,0.00908221,49,0,0.327386787,5100.0,14,0,1,0,0.0
48122,0,0.001673435,60,0,0.00019045799999999998,10500.0,10,0,0,0,0.0
48123,0,0.02919927,73,0,0.005443235,6429.0,4,0,0,0,0.0
48124,0,0.246455518,66,0,0.065312389,8466.0,12,0,0,0,0.0
48125,0,0.111670929,34,0,0.318370386,9400.0,14,0,2,0,2.0
48126,0,0.0032074259999999998,56,0,8.0,,4,0,0,0,0.0
48127,0,0.17764111800000001,48,0,0.531518625,5583.0,10,0,2,0,0.0
48131,0,0.0,43,0,0.34939897,8734.0,6,0,2,0,2.0
48134,0,0.00478687,52,0,0.183003597,2223.0,7,0,0,0,1.0
48135,0,0.136200447,43,0,1504.0,,8,0,1,0,
48136,0,0.9740086640000001,41,1,0.214575927,3937.0,8,0,0,0,0.0
48137,0,0.9999998999999999,46,0,0.811529933,2705.0,6,0,1,0,0.0
48138,0,0.328355721,33,0,8.289036545,300.0,10,0,1,0,2.0
48139,0,0.001483775,30,0,0.33706517399999997,2500.0,9,0,0,0,0.0
48142,0,0.236619251,44,1,0.215387048,12646.0,8,0,1,0,1.0
48143,0,0.711791779,44,0,0.42314421399999996,4000.0,6,0,1,0,1.0
48144,0,0.072500891,63,0,0.7129300120000001,5057.0,17,0,3,0,1.0
48145,0,0.435294387,36,0,0.20103517199999998,8500.0,9,0,0,0,0.0
48146,0,0.009870755,60,0,0.313201387,4900.0,11,0,1,0,0.0
48148,0,0.243412267,43,0,0.285519498,11000.0,8,0,2,0,2.0
48149,0,0.9999998999999999,32,0,0.0,2500.0,2,0,0,0,0.0
48150,0,0.89747908,45,0,0.327383178,10699.0,7,0,2,0,2.0
48152,1,0.056984455999999996,75,1,0.310189203,5760.0,14,0,1,0,0.0
48153,0,0.294609719,41,0,0.679860881,6037.0,22,0,2,0,0.0
48154,0,0.032495392000000005,53,0,0.267420786,16000.0,16,0,5,0,0.0
48155,0,0.53826555,69,0,1100.0,,5,0,0,0,0.0
48156,0,0.476252375,42,3,0.46153846200000004,7760.0,14,0,2,0,2.0
48157,0,0.553889222,31,0,0.080905039,2916.0,4,0,0,0,1.0
48159,0,0.44893896200000005,52,0,2996.0,,6,0,2,0,
48160,0,0.063825687,64,1,0.197541928,7810.0,13,0,2,0,0.0
48161,0,0.0028124120000000002,63,0,0.179259737,12400.0,10,0,0,0,0.0
48162,0,0.0,55,0,0.285985568,5265.0,5,0,2,0,0.0
48163,0,0.762088975,40,0,2729.0,0.0,7,0,1,0,5.0
48164,0,0.26392907600000004,48,0,0.406354144,4500.0,9,0,2,0,4.0
48165,0,0.383961393,58,1,0.271450858,11537.0,11,0,2,0,2.0
48166,0,0.36235714,49,0,1.044611095,10400.0,15,0,1,0,3.0
48169,0,0.153271866,38,0,417.0,,19,0,0,0,0.0
48170,0,0.282854132,49,0,0.322014714,5300.0,7,0,1,1,1.0
48171,0,0.048047322999999996,59,0,1255.0,,9,0,2,0,0.0
48172,0,0.030455001000000002,52,0,0.236151045,5216.0,7,0,1,0,2.0
48174,0,0.01635059,45,0,0.202830801,7700.0,8,0,1,0,2.0
48175,0,0.055420351,59,1,2215.0,,8,0,1,0,0.0
48176,0,0.653580666,41,0,0.490450955,10000.0,18,0,2,0,0.0
48177,1,0.9999998999999999,49,0,0.99448466,2900.0,6,0,2,0,0.0
48181,1,0.836938738,40,5,0.149403641,4778.0,10,5,0,5,0.0
48182,0,0.023772706,90,0,0.009486607,3583.0,2,0,0,0,1.0
48183,0,0.9999998999999999,43,1,0.75274988,2090.0,2,0,1,0,2.0
48186,0,0.103391748,47,0,0.339919067,4200.0,5,0,1,0,1.0
48187,0,0.495552176,58,0,0.498533724,3750.0,6,0,0,0,1.0
48188,0,0.0,86,1,0.045349731,1300.0,3,0,0,0,0.0
48190,0,0.920673884,34,0,0.48948673200000004,10890.0,10,0,3,0,2.0
48191,1,0.990067329,39,3,0.13763798,10236.0,5,2,0,3,2.0
48192,0,0.492864285,38,0,0.314938436,6740.0,12,0,1,0,5.0
48193,0,0.165165825,63,1,0.020326558,3000.0,8,0,0,0,0.0
48194,1,0.9999998999999999,34,0,0.251345119,1300.0,1,0,0,1,2.0
48195,0,0.0,65,0,63.0,,6,0,0,0,0.0
48196,0,0.222336802,33,0,0.160882556,4350.0,15,0,1,0,2.0
48197,0,0.049090384,51,0,0.225590283,19100.0,11,0,2,0,3.0
48200,0,0.013689513,67,0,4011.0,,20,0,2,0,0.0
48201,0,0.195182925,39,1,0.169973442,6400.0,7,0,1,0,4.0
48203,0,0.9999998999999999,70,0,294.0,,7,0,0,0,0.0
48204,0,0.9999998999999999,27,0,0.042744657,2666.0,1,0,0,0,0.0
48205,0,0.012799147,53,0,0.002014504,2481.0,5,0,0,0,0.0
48208,0,0.19500616399999998,50,0,0.327112148,6000.0,25,0,1,0,0.0
48209,0,0.012019991,71,1,0.082312327,14772.0,14,0,1,0,1.0
48211,0,0.239496317,57,0,0.272363664,13000.0,4,0,1,0,0.0
48213,0,0.348165825,41,0,0.222184007,5814.0,13,0,0,0,1.0
48214,0,1.628951747,45,2,0.20951967,4600.0,6,0,0,2,1.0
48216,0,0.024404507000000002,85,0,0.006997667,3000.0,5,0,0,0,0.0
48217,0,0.00305175,53,1,3093.0,,5,0,2,0,1.0
48219,1,0.857349322,36,1,0.7760115609999999,2075.0,9,0,0,0,2.0
48220,0,0.006434986,69,0,0.079313263,8270.0,9,0,1,0,0.0
48222,0,0.100302065,67,0,0.22762179,8333.0,9,1,1,0,1.0
48223,0,0.496134419,47,1,0.8641576009999999,3400.0,11,1,1,2,2.0
48225,1,0.0,39,2,0.047596383,2100.0,4,2,0,0,0.0
48226,0,0.161412731,59,0,0.35648064,5500.0,9,0,1,0,1.0
48227,0,0.146311671,70,0,2201.0,,6,0,1,0,0.0
48228,0,0.261060865,58,0,0.361975868,15000.0,11,0,2,0,1.0
48229,0,0.011106557,54,0,0.21955284,7200.0,7,0,1,0,1.0
48230,0,0.9999998999999999,46,0,0.203794177,35000.0,9,0,1,0,2.0
48231,0,0.0,55,0,0.0,4001.0,9,0,0,0,1.0
48232,0,0.054513252000000005,56,0,0.301422695,11667.0,9,0,2,0,1.0
48234,0,0.9613887259999999,33,2,0.23052180100000003,5595.0,8,0,0,1,1.0
48235,0,0.000557359,47,1,0.367329084,8000.0,12,0,1,0,2.0
48237,0,0.822532815,47,0,0.341737311,9082.0,8,0,1,0,2.0
48238,0,1.168665068,58,2,0.72723321,4600.0,10,0,1,0,0.0
48239,0,0.9620063320000001,36,1,0.477630592,4000.0,8,0,1,0,0.0
48240,0,0.155012545,49,0,0.321617616,4722.0,6,0,1,0,0.0
48242,0,0.05054086,33,0,4821.0,,9,0,3,0,0.0
48243,1,0.684422078,36,0,2.332425068,1100.0,16,0,1,0,2.0
48244,0,0.9999998999999999,43,1,379.0,,5,0,1,3,
48246,0,0.185866365,62,0,0.164473684,4407.0,17,0,0,0,1.0
48248,0,0.067597296,77,0,0.004761451,10500.0,4,0,0,0,0.0
48249,0,0.20499414300000002,53,0,0.034253923,55000.0,4,0,1,0,1.0
48252,0,0.028535889,63,0,0.517522412,29447.0,10,0,4,0,0.0
48253,0,0.190384128,73,0,0.822468793,5046.0,11,0,1,0,0.0
48254,0,0.12071620699999999,53,0,0.43106432100000003,6933.0,7,0,2,0,3.0
48255,0,0.064338989,46,0,0.287671233,1167.0,6,0,1,0,2.0
48256,0,0.9999998999999999,71,0,0.336369696,4500.0,2,0,2,0,0.0
48258,0,0.12180190699999999,65,0,1141.0,,10,0,1,0,0.0
48259,0,0.9999998999999999,35,0,0.143926789,3605.0,1,0,0,0,1.0
48260,0,0.09569699300000001,50,1,1.307307933,1600.0,15,0,1,0,0.0
48261,0,0.0,44,0,0.22630951300000002,10900.0,4,0,1,0,2.0
48262,0,0.108554538,58,0,0.444283968,9000.0,20,0,2,0,0.0
48263,0,0.46913580200000005,23,0,0.09193899800000001,2294.0,2,0,0,0,1.0
48266,1,0.041795779,45,0,0.11249213300000001,6355.0,14,0,1,0,0.0
48267,0,0.069700043,26,0,14.0,0.0,2,0,0,0,0.0
48268,0,0.0,55,0,0.470243246,10400.0,8,0,3,0,0.0
48269,0,0.77925429,67,1,0.775502916,8400.0,5,1,1,0,0.0
48271,0,0.023894972999999996,87,0,25.0,,5,0,0,0,
48272,0,0.438630079,64,0,2769.0,,7,0,2,0,3.0
48274,0,0.90441871,36,0,0.192105921,8005.0,11,0,0,0,4.0
48275,0,0.197288765,65,0,0.757969799,2383.0,9,0,1,0,0.0
48276,0,0.006806779000000001,64,0,2573.0,,6,0,2,0,0.0
48278,0,0.9317660440000001,71,0,0.461775922,5506.0,6,0,0,2,0.0
48279,0,0.0,28,0,0.07748063,4000.0,3,0,0,0,0.0
48282,0,0.9999998999999999,65,0,293.0,0.0,1,0,0,0,0.0
48284,0,0.170071644,61,0,0.032552082999999996,6143.0,4,0,0,0,1.0
48285,0,0.8606278740000001,26,0,0.222511951,2300.0,4,0,0,0,1.0
48286,0,0.256148413,28,0,0.137072585,3333.0,8,0,0,0,0.0
48287,0,0.07230196700000001,66,0,0.065625,1279.0,2,0,0,0,0.0
48288,0,0.0,58,0,4729.0,,24,0,7,0,0.0
48290,0,0.647313915,71,0,0.5025461489999999,3141.0,8,0,0,1,0.0
48291,0,0.747100545,30,0,0.33076263899999997,3500.0,14,0,1,0,0.0
48293,0,0.0,36,0,0.5128649510000001,7500.0,4,0,2,0,2.0
48294,0,0.005714082,45,0,0.266029124,4600.0,11,0,1,0,0.0
48295,0,0.287726441,66,0,0.23122263399999998,11875.0,20,0,2,0,0.0
48296,0,0.0,63,0,0.18670332399999998,4000.0,9,0,2,0,0.0
48297,0,0.03022461,64,0,0.318736253,5000.0,19,0,2,0,0.0
48298,0,0.064902561,53,0,2483.0,,8,0,1,0,0.0
48299,0,0.07019322900000001,30,0,37.0,,3,0,0,0,0.0
48304,0,0.002914119,39,0,0.113656828,9994.0,12,0,0,0,1.0
48305,0,0.233781047,45,0,0.40647482,1667.0,8,0,1,0,2.0
48307,0,0.435129741,25,0,0.18832467,2500.0,2,0,0,0,0.0
48308,0,0.004955665,49,0,0.0020594289999999998,3398.0,7,0,0,0,1.0
48311,0,0.00555487,52,0,0.082399273,3300.0,2,0,0,0,2.0
48313,0,0.001688686,62,0,0.431268749,5666.0,6,0,1,0,1.0
48314,0,0.9999998999999999,22,1,0.025948104,500.0,0,0,0,0,0.0
48315,0,1.013303769,47,0,13.0,,1,2,0,1,0.0
48316,0,0.0,29,1,0.0,,4,0,0,0,
48317,0,0.74123066,42,1,0.42808532899999996,7640.0,8,0,1,0,2.0
48318,0,0.441682523,68,0,0.103816031,6000.0,4,0,0,0,0.0
48319,0,0.01849485,62,0,0.7766116940000001,3334.0,6,0,1,0,1.0
48320,0,0.182524763,55,0,0.42627737200000004,2739.0,12,0,1,0,0.0
48321,0,0.008999182,86,0,2.0,,3,0,0,0,0.0
48323,0,0.004112397,55,0,0.465619261,4900.0,20,1,1,0,0.0
48324,0,0.0016954429999999998,43,0,0.26043994800000003,8500.0,7,0,3,0,3.0
48325,0,0.0,45,0,0.255299293,7500.0,6,0,1,0,0.0
48326,1,0.855119207,49,3,0.5784423120000001,4480.0,11,0,1,1,3.0
48327,0,0.900010203,32,0,0.172413793,2000.0,4,0,0,0,2.0
48328,0,0.420931536,48,0,0.179879604,9800.0,5,0,1,0,1.0
48330,0,0.9999998999999999,26,0,0.168426104,2083.0,3,0,0,0,0.0
48331,0,0.393783635,61,0,0.254594449,18554.0,16,0,0,0,0.0
48332,0,0.056713803,63,1,0.285378525,8083.0,13,0,1,0,0.0
48333,0,0.003870385,70,0,0.13633690199999998,8500.0,14,0,2,0,0.0
48334,0,0.08111686900000001,67,0,0.039720485,2718.0,13,0,0,0,0.0
48335,0,0.214474652,61,0,0.325976231,5300.0,22,0,1,0,0.0
48337,0,0.968151842,35,2,0.22670931600000002,2500.0,10,0,0,0,0.0
48338,0,0.086629521,58,0,742.0,,16,0,0,0,
48340,0,0.049184902999999995,56,0,0.190853943,15000.0,10,0,2,0,0.0
48341,0,0.636553577,42,0,0.48393086700000004,7000.0,10,2,1,0,1.0
48342,0,0.5765036929999999,54,3,0.206745581,6166.0,10,0,0,0,0.0
48347,0,958.0,40,0,1.051909892,4083.0,3,0,1,0,0.0
48349,0,0.060381298,31,0,0.160709823,4000.0,12,0,0,0,0.0
48351,0,0.0,59,0,2402.0,,5,0,2,0,0.0
48352,0,0.421897165,26,1,3228.0,,16,0,2,0,
48353,0,0.052738205,67,0,0.008314048000000001,11666.0,3,0,0,0,0.0
48354,0,0.535017613,51,0,0.225799008,8666.0,9,0,1,0,3.0
48355,0,0.10795209199999999,52,0,0.102231821,8333.0,7,0,1,0,0.0
48356,0,0.04394304,51,0,0.346307651,3750.0,9,0,1,0,0.0
48357,0,0.074605897,45,1,0.138532861,11000.0,9,0,2,0,1.0
48358,0,0.4570392,40,0,0.25558926,8900.0,4,0,1,0,1.0
48359,0,0.073671388,54,0,3119.0,,14,0,1,0,0.0
48361,0,0.31088639100000004,59,0,0.375789284,5542.0,9,0,1,0,0.0
48363,0,0.004778819,68,0,0.08006595799999999,5457.0,10,0,0,0,1.0
48364,1,0.015289621000000002,30,0,0.552889422,5000.0,4,0,2,0,2.0
48365,0,0.001075571,61,0,0.3084824,8664.0,14,0,2,0,3.0
48366,0,1.216796524,46,0,0.181818182,5631.0,5,0,0,0,0.0
48367,0,0.000281498,56,1,2.690957565,4500.0,14,0,7,0,0.0
48368,0,0.127976062,57,0,6211.0,,35,0,2,0,0.0
48369,0,0.005912061999999999,40,0,10.0,,4,0,0,0,0.0
48370,0,0.052606097000000004,50,0,0.457898245,4500.0,16,0,1,0,0.0
48371,0,0.004521057,44,0,0.348443126,4720.0,11,0,1,0,0.0
48372,0,0.227220588,86,0,393.0,,4,0,0,0,0.0
48373,0,0.9999998999999999,28,0,4.0,,1,0,0,0,0.0
48374,0,0.135866029,30,1,0.115372116,3076.0,9,0,0,0,0.0
48375,0,0.550024724,34,1,0.209417596,4841.0,8,0,0,0,0.0
48378,0,0.002799938,69,0,2.5,1.0,6,0,0,0,0.0
48380,0,0.44991001799999997,62,0,0.5070665289999999,2900.0,6,0,1,0,2.0
48383,1,0.9999998999999999,34,0,1247.0,,1,2,1,1,0.0
48387,0,0.056699212,64,0,14.0,,7,0,0,0,0.0
48388,0,0.082861143,36,1,0.064527142,2928.0,2,0,0,0,1.0
48389,0,0.010486734,78,0,0.019962224,27000.0,11,0,0,0,0.0
48390,0,0.095626777,33,0,0.288744388,6458.0,10,0,2,0,0.0
48391,0,0.00169786,82,1,0.101344364,2900.0,7,0,1,0,0.0
48392,1,0.9999998999999999,62,2,0.610252447,3881.0,6,2,1,1,0.0
48393,0,0.35380531600000004,32,0,0.52336704,7317.0,10,0,2,0,1.0
48395,0,0.327812858,34,0,0.64114982,6400.0,8,0,2,0,1.0
48396,0,0.044020595999999995,72,0,0.118179221,10500.0,16,0,1,0,0.0
48397,1,0.46082396299999995,50,1,0.131141345,10583.0,10,0,1,0,1.0
48398,0,0.048809465,77,0,0.220794059,7001.0,9,0,0,0,0.0
48400,0,0.249169435,44,2,1.143966126,4250.0,13,3,1,0,2.0
48401,0,0.09141319099999999,65,0,0.41448257200000005,3700.0,18,0,1,0,1.0
48402,0,2.158596491,61,0,0.591755115,6500.0,12,0,2,0,0.0
48404,0,0.21300297399999998,57,0,0.38413079299999997,20000.0,10,0,1,0,2.0
48405,0,0.053968537999999996,43,0,0.17851209199999998,10833.0,12,0,2,0,0.0
48406,1,0.9999998999999999,48,2,0.219304773,9406.0,3,4,1,0,3.0
48407,0,0.43310132799999995,50,0,2433.0,,15,0,1,0,2.0
48408,0,0.063227527,75,0,1239.0,,5,0,1,0,0.0
48409,0,0.33405125,55,0,0.306417825,5250.0,6,0,0,0,0.0
48411,0,0.434164558,51,2,0.018445096,5800.0,3,0,0,0,0.0
48412,0,0.016745766000000002,56,0,8135.0,,18,0,6,0,2.0
48413,0,0.357617313,37,1,0.191968005,6000.0,5,0,1,0,3.0
48414,0,0.9999998999999999,40,0,0.020744814,4000.0,5,2,0,1,1.0
48415,0,0.96480352,61,0,0.467523419,12916.0,6,1,2,0,1.0
48417,0,0.0019692,52,0,0.000379699,7900.0,2,0,0,0,0.0
48418,0,0.10728264900000001,48,0,0.34875971899999997,2700.0,5,0,1,0,0.0
48419,0,0.9999998999999999,50,0,0.118827873,4333.0,2,0,1,0,2.0
48420,0,0.296007305,35,0,0.560368165,3693.0,10,0,1,0,0.0
48421,0,0.323411821,57,2,0.516340792,14166.0,18,0,1,0,3.0
48422,0,0.061826995999999995,63,0,0.510795537,6900.0,15,0,2,0,0.0
48423,0,0.17618445100000002,45,0,0.417812374,19783.0,15,0,7,0,2.0
48424,0,0.02460659,57,0,0.010907851000000001,8800.0,19,0,0,0,0.0
48425,0,0.006481033000000001,68,0,0.313308485,9121.0,10,0,3,0,2.0
48426,0,0.040672317,81,0,92.0,,5,0,0,0,
48427,0,0.491402789,44,0,0.471579176,9200.0,9,0,2,0,4.0
48429,0,0.022999425,52,0,0.002646799,10200.0,3,0,0,0,0.0
48430,1,0.84303351,33,1,0.150283239,3000.0,5,0,0,0,0.0
48432,0,0.212465213,44,0,2760.0,,13,0,1,0,0.0
48433,0,0.033664082000000005,51,0,0.899768019,12500.0,11,0,5,0,0.0
48434,0,0.13094056699999998,41,1,998.0,,9,0,1,0,0.0
48436,0,0.096086434,65,0,0.189769498,9500.0,21,0,1,0,0.0
48438,0,0.192116323,56,1,1005.0,1.0,9,0,1,0,2.0
48440,0,0.138313174,52,0,0.677705784,4166.0,10,0,1,0,3.0
48441,0,0.5546366620000001,53,0,0.241168971,40000.0,14,0,2,0,3.0
48442,0,0.12232314,38,0,44.0,,2,0,0,0,0.0
48444,0,0.825695717,65,2,2.0681945219999998,1788.0,13,0,1,0,0.0
48445,1,0.7186573820000001,55,0,0.705937354,12833.0,9,0,2,0,0.0
48446,0,0.00477251,46,0,0.109251355,20850.0,4,0,1,0,5.0
48447,0,0.9999998999999999,55,0,0.0,4100.0,0,0,0,0,1.0
48448,1,0.104029991,36,0,0.21336760899999999,3500.0,4,1,0,0,0.0
48450,0,0.0,68,0,0.0,,2,0,0,0,0.0
48452,0,0.001846626,51,0,0.945295405,2284.0,9,0,1,0,1.0
48453,0,0.051876856,62,0,0.21011547600000002,15500.0,11,0,1,0,1.0
48454,0,0.321856272,61,0,954.0,0.0,9,0,0,0,0.0
48455,0,0.18461965100000002,69,0,0.14061979300000002,3000.0,6,0,0,0,1.0
48456,0,0.168907718,49,0,0.404399323,6500.0,7,0,2,0,0.0
48457,0,0.045497345,49,0,0.121250798,4700.0,8,0,0,0,0.0
48458,0,2159.0,73,0,0.21781264399999997,2166.0,3,0,0,0,0.0
48459,0,0.019080700000000003,45,0,0.453874945,9083.0,6,0,1,0,2.0
48460,0,0.727456168,61,0,0.630438808,5400.0,12,0,1,0,1.0
48464,0,0.678455932,49,0,0.700778178,11950.0,14,0,5,0,2.0
48465,0,0.9999998999999999,47,1,0.12161425199999999,5500.0,2,2,0,1,1.0
48468,0,0.026423491,45,0,1103.0,,24,0,1,0,0.0
48469,0,0.085831466,54,0,0.27157803,2293.0,7,0,0,0,0.0
48470,0,0.40595653600000003,50,0,0.58445668,15800.0,33,0,5,0,2.0
48472,1,0.9368126370000001,42,1,0.210382951,6240.0,5,1,0,0,4.0
48473,0,0.01312738,58,0,1334.0,,13,0,2,0,0.0
48474,0,0.750014792,52,0,529.0,,8,0,0,0,0.0
48475,0,0.0,43,0,0.272497,7500.0,6,0,2,0,0.0
48477,0,0.92071952,27,1,0.215453802,2445.0,4,0,0,0,0.0
48478,0,0.026829232,37,0,0.36762581899999996,9000.0,7,0,2,0,1.0
48479,0,0.15222681,62,0,0.252829778,9187.0,12,0,1,0,1.0
48480,0,0.377784481,53,1,0.490962234,13000.0,20,0,2,0,0.0
48481,0,0.12109020699999999,74,0,2664.0,,3,0,1,0,1.0
48482,0,0.0,89,0,0.0,1600.0,3,0,0,0,0.0
48483,0,0.20670227600000002,41,0,0.30717542600000003,8333.0,6,0,1,0,2.0
48484,0,0.213144845,59,0,3621.0,,8,0,2,0,2.0
48485,1,0.044740735,31,0,0.41126706399999996,5200.0,11,0,1,0,1.0
48486,0,0.060285147000000004,42,0,0.198266832,10500.0,20,0,1,0,0.0
48487,0,0.026427312999999997,61,0,0.065993562,6833.0,2,0,0,0,1.0
48488,0,0.003333272,39,0,0.263967004,2666.0,17,0,0,0,1.0
48489,0,0.045973169,65,0,0.135376261,15467.0,7,0,2,0,1.0
48492,0,0.0,25,0,520.0,,6,0,0,0,0.0
48493,0,0.9999998999999999,36,0,0.325371476,7200.0,3,0,1,0,2.0
48494,1,0.873860629,55,0,3953.0,,11,0,2,0,
48497,0,0.043718251,48,0,0.004266098,7500.0,1,0,0,0,0.0
48499,0,0.0,46,0,0.40423211200000003,4583.0,3,0,1,0,2.0
48500,0,0.613673425,60,1,3472.0,,13,0,2,0,0.0
48504,0,0.059632397000000004,74,0,0.371925615,5000.0,10,0,1,0,1.0
48505,0,0.016022546999999998,82,0,0.00359928,3333.0,6,0,0,0,0.0
48506,0,0.024685962000000002,62,0,0.21415716899999998,5000.0,9,0,1,0,0.0
48507,0,0.41656305,69,0,1935.0,,11,0,1,0,0.0
48510,0,0.199432555,52,0,0.293202106,4368.0,11,0,1,0,3.0
48511,0,0.276648223,71,0,1.0094062320000001,1700.0,8,0,1,0,0.0
48512,0,0.0,60,0,0.07751379900000001,4166.0,7,0,0,0,0.0
48513,1,0.9999998999999999,38,0,0.0,,0,4,0,0,0.0
48514,0,0.36206213200000004,39,0,1776.0,,7,0,1,0,0.0
48516,0,0.9999998999999999,47,0,6430.0,0.0,11,0,2,0,3.0
48517,0,0.096745346,51,0,0.169263158,9499.0,5,0,1,0,2.0
48518,0,0.709895098,50,0,0.420291408,9333.0,11,0,1,0,1.0
48519,0,0.024996527999999997,35,0,0.5422555520000001,3466.0,6,0,1,0,2.0
48520,0,0.809977501,52,0,0.456382002,9800.0,11,0,2,0,1.0
48521,0,0.037848108,41,1,475.0,0.0,6,0,0,0,0.0
48523,0,1.020979021,26,0,30.0,0.0,1,0,0,0,0.0
48524,0,0.182627504,49,0,0.311243781,5024.0,4,0,1,0,0.0
48525,0,0.9999998999999999,55,1,0.113926556,10102.0,2,2,0,0,0.0
48527,0,0.202188709,76,0,0.33418803399999997,3509.0,21,0,2,0,0.0
48529,0,0.031258149,59,0,0.235516373,7145.0,25,0,2,0,0.0
48530,0,0.030165661,73,0,0.022279349,1166.0,2,0,0,0,0.0
48532,0,0.48931021399999997,58,0,0.43367935399999996,2600.0,7,0,0,0,0.0
48533,0,0.005772465,47,0,0.347394076,10667.0,6,0,2,0,4.0
48534,1,0.411958767,46,0,0.8881218759999999,4200.0,29,0,1,0,0.0
48535,0,0.000437473,53,0,0.249240299,17111.0,5,0,1,0,1.0
48536,0,0.0,49,1,0.226540811,1800.0,8,0,0,0,0.0
48538,0,0.9999998999999999,38,0,0.606586673,3916.0,6,0,1,0,0.0
48540,0,0.018540048,66,0,2.4324324319999997,887.0,13,0,1,0,0.0
48541,0,0.21200231600000002,63,0,0.239883629,3780.0,7,0,1,0,1.0
48542,0,0.646670666,30,0,0.136715821,4000.0,2,1,0,0,1.0
48543,0,0.083514748,52,0,0.274099227,5300.0,9,1,1,1,1.0
48544,0,0.012573906999999999,48,0,0.111088891,10000.0,14,0,2,0,0.0
48545,0,0.0007609810000000001,57,0,0.06480153,8363.0,9,0,1,0,3.0
48546,0,0.715773786,49,0,12.574850300000001,500.0,17,0,2,0,3.0
48548,0,0.29137452399999997,29,0,0.17061050600000002,4225.0,8,0,0,0,1.0
48549,0,0.569702525,25,1,0.247458757,6000.0,9,0,0,0,1.0
48550,0,0.363825544,42,1,0.100433285,9000.0,15,0,0,0,0.0
48551,0,0.103719504,35,0,1424.0,,7,0,0,0,0.0
48552,0,0.174728159,33,1,0.375939065,9583.0,13,0,2,0,2.0
48553,0,0.00787831,63,0,3.0,,1,0,0,0,0.0
48554,0,0.09387572599999999,46,0,2346.0,,15,0,1,0,0.0
48555,0,0.416887775,78,0,0.957099081,978.0,7,0,0,0,0.0
48556,0,0.015309781000000001,85,0,0.008437991,10191.0,7,0,0,0,0.0
48557,0,0.719681097,54,5,0.151770255,16748.0,9,0,1,0,0.0
48558,0,0.47447365700000005,31,0,0.6100628929999999,2225.0,5,0,0,0,1.0
48559,0,0.598322383,49,1,0.406291479,7533.0,6,0,2,0,0.0
48560,0,0.0,55,0,216.0,,9,0,0,0,2.0
48561,0,0.49781842200000004,37,0,0.281976502,12000.0,9,0,2,0,4.0
48562,0,0.00407332,54,1,0.245649535,2470.0,12,0,1,0,3.0
48563,0,0.036846192,67,0,228.0,,10,0,0,0,
48564,0,0.10910406199999999,51,0,0.35252849999999997,10262.0,8,0,2,0,1.0
48565,0,0.0,52,2,0.589282144,5000.0,12,0,2,0,2.0
48566,0,0.034304756,66,0,0.312864409,8060.0,9,0,3,0,0.0
48567,0,0.857899071,53,1,0.24606270800000002,6920.0,8,0,1,0,1.0
48568,1,0.832167832,60,0,443.0,,3,2,0,0,
48569,0,0.04799880000000001,77,0,0.007124109,8000.0,2,0,0,0,0.0
48570,1,0.9999998999999999,31,4,1082.0,,4,4,0,1,0.0
48572,0,0.745823566,53,0,0.649481865,3859.0,9,0,3,0,0.0
48573,0,0.265338773,37,2,334.0,1.0,12,0,0,0,0.0
48574,0,0.007691381999999999,61,0,0.253062245,12000.0,11,0,0,0,0.0
48575,0,0.071471176,84,0,60.0,,5,0,0,0,0.0
48576,0,0.0,43,0,0.738317757,4600.0,9,0,2,0,1.0
48577,0,0.086992684,47,1,0.443601805,10416.0,9,0,2,0,2.0
48580,0,0.072205375,59,0,0.787566386,3200.0,4,0,1,0,0.0
48582,1,0.225162497,38,0,1.191766653,4833.0,12,0,2,0,0.0
48583,0,0.048945771,46,0,0.579933543,10833.0,10,0,4,0,2.0
48584,0,0.207987765,58,0,0.005428659000000001,19525.0,4,0,0,0,4.0
48585,1,0.24530733899999999,33,0,1.3660130719999999,2600.0,16,0,1,0,2.0
48586,0,0.49904118,42,0,3394.0,,24,0,1,0,1.0
48588,0,0.060364655,43,0,0.39264462,10250.0,8,0,2,0,2.0
48592,0,0.0,39,0,0.0,2487.0,6,0,0,0,0.0
48593,0,0.34377603700000003,23,0,0.239043825,250.0,5,0,0,0,0.0
48594,0,0.09178142199999999,56,0,0.166786657,8333.0,7,0,2,0,0.0
48598,0,0.044230640999999994,71,0,59.0,,5,0,0,0,0.0
48599,0,0.09386112199999999,47,0,0.349244713,8274.0,7,0,2,0,3.0
48601,0,0.103407421,50,0,1792.0,,6,0,2,0,0.0
48602,0,0.19716371,33,0,0.31487639100000003,6916.0,6,0,1,0,0.0
48604,0,0.35751334100000004,59,0,1806.0,,10,0,0,0,0.0
48605,0,0.00899955,76,0,5.0,,3,0,0,0,
48609,0,0.09329912900000001,42,0,0.29552272,9000.0,7,0,1,0,2.0
48612,0,0.379825549,51,0,0.461406026,6969.0,12,0,1,0,1.0
48613,1,0.9613590940000001,45,2,439.0,,7,1,0,1,0.0
48615,0,0.01819909,51,1,5649.0,,9,0,2,0,0.0
48616,0,0.029151719,53,0,0.025931034,7249.0,5,0,0,0,0.0
48619,0,0.0,81,0,0.061901723,4700.0,13,0,0,0,0.0
48621,0,0.597933571,59,0,0.535642368,12414.0,16,0,2,0,2.0
48622,0,0.01258945,77,0,0.320176823,3166.0,13,0,2,0,0.0
48623,0,0.042448939000000005,88,0,0.019888624,2513.0,3,0,0,0,0.0
48625,0,0.18979857600000002,44,1,0.328567143,10000.0,7,0,2,0,5.0
48626,0,0.019216973999999998,68,0,0.004756098,8199.0,4,0,0,0,0.0
48629,0,0.11005039900000001,58,0,0.019626616,6266.0,3,0,0,0,0.0
48630,0,0.000499975,55,0,1685.0,,4,0,1,0,
48631,0,0.039309099,50,1,101.0,,10,0,0,0,0.0
48633,0,0.181054055,60,0,0.399379794,6126.0,13,0,3,0,0.0
48634,0,0.17701794,80,0,0.23665266899999998,3333.0,5,0,0,0,0.0
48635,0,0.378417867,60,0,0.5422808379999999,3866.0,9,0,2,0,0.0
48637,0,0.20183637699999998,49,0,1.018851757,2333.0,23,0,1,0,0.0
48638,0,0.855416086,48,0,0.362727597,2800.0,4,0,0,0,2.0
48641,1,0.9999998999999999,27,0,0.035688793999999996,1400.0,5,1,0,1,1.0
48644,0,0.530664685,49,0,0.077498588,7083.0,13,0,0,0,1.0
48645,0,0.065080347,61,0,0.036766051,5466.0,30,1,0,0,0.0
48648,0,0.8478204509999999,72,0,0.211697076,4000.0,8,0,0,0,0.0
48650,0,0.000138611,41,0,0.207103432,8333.0,9,0,1,0,1.0
48651,0,0.37878128299999997,38,2,5162.0,,15,0,1,0,1.0
48652,0,0.004733018,77,0,0.001158749,1725.0,2,0,0,0,0.0
48653,0,0.471787058,43,0,0.957907045,3420.0,9,0,2,0,1.0
48656,0,0.22218722899999999,28,0,0.019021739,4415.0,3,0,0,0,0.0
48658,0,0.041931908999999996,35,0,0.20812182699999998,8667.0,11,0,1,0,0.0
48659,0,0.293800954,24,0,0.701583435,820.0,3,0,0,0,0.0
48662,0,0.031051463999999997,46,1,0.8213033040000001,5416.0,11,0,3,0,2.0
48663,0,0.022935277999999996,68,0,0.06163522,5564.0,5,0,0,0,1.0
48664,0,0.088543822,56,0,0.317705963,4393.0,13,0,1,0,0.0
48666,0,0.047315919000000005,47,0,0.22013398899999997,16866.0,8,0,3,0,3.0
48668,0,0.007825044,61,0,14.0,,7,0,0,0,0.0
48670,0,0.882058971,48,8,0.554852102,9634.0,15,0,10,0,1.0
48671,0,0.115616614,69,0,2967.0,,9,0,1,0,0.0
48672,0,0.0019160529999999998,47,0,0.150339476,3092.0,4,0,0,0,0.0
48673,0,0.428244257,45,0,1.128297695,3600.0,10,0,1,0,3.0
48674,0,0.242775722,76,0,0.010235997,7033.0,1,0,0,0,0.0
48677,0,0.044557756,42,0,0.389171854,5300.0,10,0,2,0,2.0
48679,0,0.612216949,74,0,0.5298233920000001,3000.0,16,0,0,0,0.0
48680,0,0.0,43,0,0.831765557,8291.0,8,0,2,0,2.0
48681,0,0.487932999,54,0,0.380697051,7832.0,16,0,1,0,2.0
48682,0,0.33518428699999997,48,0,0.524146813,9317.0,13,0,2,0,1.0
48683,1,0.888475137,53,6,0.30324516,11000.0,13,0,1,1,0.0
48685,0,0.078538223,67,0,0.27431707899999996,7833.0,9,0,2,0,3.0
48686,1,0.9999998999999999,30,0,200.0,,1,1,0,0,0.0
48687,0,0.9999998999999999,85,0,0.169491525,2418.0,3,0,0,0,0.0
48689,0,0.494789005,43,0,1.9025755880000002,7143.0,12,0,7,0,2.0
48691,0,0.23958677899999997,31,0,0.376803314,7000.0,15,0,2,0,1.0
48693,0,0.0,56,0,0.240664299,10416.0,5,0,2,0,0.0
48694,0,0.0,49,0,0.10743847599999999,18000.0,14,0,1,0,0.0
48695,0,0.23505904100000002,62,0,1331.5,1.0,8,0,1,0,0.0
48696,0,0.010419288,62,0,1173.0,,11,0,1,0,0.0
48697,0,0.036049099,56,0,0.047348792,6166.0,8,0,0,0,0.0
48698,0,0.9999998999999999,42,0,0.069213022,3900.0,1,0,0,0,3.0
48699,0,0.037383606,57,0,0.20206659,27000.0,12,0,1,0,3.0
48700,1,0.9999998999999999,63,0,0.0,,1,0,0,0,0.0
48701,0,0.15796575599999998,63,0,0.222686784,5500.0,12,0,0,0,0.0
48702,0,0.07605440200000001,51,0,2.2942743009999997,750.0,13,0,1,0,2.0
48704,0,0.262558471,54,0,0.25674865,5000.0,6,0,2,0,0.0
48705,0,0.002333256,68,0,0.00043830800000000005,4562.0,3,0,0,0,0.0
48706,0,0.9999998999999999,64,0,0.46975089,5900.0,8,0,1,0,1.0
48707,0,0.559891988,31,0,0.44598249799999995,6284.0,10,0,2,0,2.0
48708,0,0.98076077,34,0,0.392463471,3900.0,6,0,0,0,1.0
48709,0,0.909689072,60,0,1383.0,,6,0,1,0,0.0
48710,0,0.119353874,30,0,0.031910804,2600.0,8,0,0,0,0.0
48711,0,0.061687518,53,1,1309.0,,10,0,1,0,5.0
48713,0,0.0110215,59,0,1097.0,,14,0,1,0,
48714,0,0.461724791,64,0,0.258616288,7833.0,9,0,1,0,0.0
48715,0,0.9999998999999999,53,0,0.45834401399999997,3900.0,7,0,1,0,0.0
48718,0,0.141363446,51,0,0.43498479700000003,5590.0,6,0,1,0,3.0
48719,0,0.091892365,60,0,0.491431539,5776.0,7,0,2,0,1.0
48720,0,0.000518108,29,0,0.29788339199999997,7700.0,8,0,1,0,2.0
48721,0,0.0,59,0,2375.0,,5,0,1,0,0.0
48723,0,0.853326368,63,0,0.589941973,6203.0,7,0,2,0,0.0
48724,0,0.00679864,50,0,0.09765039199999999,6000.0,2,0,0,0,0.0
48727,1,0.9999998999999999,24,1,476.0,,2,0,0,1,0.0
48729,0,0.014757603000000001,54,0,7.0,,4,0,0,0,
48730,0,0.024322612999999996,63,0,0.383214734,14333.0,11,0,4,0,0.0
48732,0,0.000821627,58,0,0.466146789,10899.0,12,0,4,0,0.0
48733,0,0.35440925700000003,73,0,0.551432292,3071.0,6,0,1,0,2.0
48735,0,0.057174228,48,0,0.44911017799999997,5000.0,7,0,1,0,0.0
48736,0,0.04479776,55,0,0.210147671,5281.0,6,0,1,0,0.0
48737,0,0.011771092,64,0,0.265367316,1333.0,3,0,0,0,0.0
48739,0,0.449619691,31,0,0.153769246,5000.0,6,0,0,0,0.0
48740,0,0.002234595,69,0,3090.0,,10,0,3,0,1.0
48743,0,0.087545947,47,0,0.132077149,11250.0,4,0,1,0,0.0
48744,0,0.9999998999999999,29,2,0.102948526,2000.0,3,0,0,0,0.0
48745,0,0.9735134190000001,60,2,0.610105377,3700.0,7,0,1,0,5.0
48746,0,0.056194977,63,0,1059.0,,13,0,2,0,0.0
48747,0,0.039566796,60,0,0.655970542,1900.0,12,0,1,0,1.0
48748,0,0.011745027,58,0,10.0,,8,0,0,0,
48749,0,0.9999998999999999,38,0,0.233383308,2000.0,3,0,0,0,1.0
48750,0,0.0,35,0,0.325949854,6500.0,7,0,1,0,2.0
48751,0,0.256296481,46,0,0.05449712,2256.0,4,0,0,0,0.0
48753,0,0.12971280300000002,55,0,2160.0,,13,0,1,0,2.0
48754,0,0.017451773,56,0,0.277272273,10000.0,6,0,1,0,0.0
48758,0,0.9999998999999999,40,0,0.347953606,7500.0,4,0,2,0,2.0
48760,0,0.046588262000000005,33,0,0.09835011800000001,4666.0,6,0,0,0,2.0
48761,0,0.00511959,53,0,820.0,,2,0,1,0,0.0
48762,0,0.009438794,74,0,11.0,,3,0,0,0,0.0
48763,0,0.0,36,0,0.069379238,1916.0,3,0,0,0,0.0
48766,0,0.828997315,24,0,0.114877025,3333.0,6,0,0,0,0.0
48767,0,0.016304592,59,0,1333.0,,6,0,0,0,0.0
48768,0,0.920561602,40,1,0.583530267,5500.0,9,0,1,0,1.0
48770,0,0.038398405,53,0,0.500049995,10000.0,11,0,1,0,1.0
48771,0,0.059013046,61,0,1.263578807,3000.0,7,0,1,0,0.0
48772,0,0.0,48,0,0.0,9512.0,4,0,0,0,0.0
48775,0,0.0,62,0,0.253245495,5160.0,2,0,1,0,2.0
48778,0,0.01015607,49,0,0.156974559,61200.0,18,0,5,0,1.0
48780,0,0.027331074,77,0,100.0,,8,0,1,0,0.0
48782,0,0.0,47,0,2594.0,,6,0,1,0,0.0
48783,0,0.023665245,81,0,0.061041806,10500.0,15,0,1,0,0.0
48784,0,0.033854745,52,0,0.270192201,9000.0,2,0,2,0,3.0
48786,0,0.179424041,33,0,0.37186261600000003,4541.0,9,0,2,0,0.0
48788,0,0.9275234290000001,51,0,3696.0,0.0,14,0,1,0,0.0
48789,1,0.9999998999999999,56,0,1196.0,,11,2,1,0,0.0
48792,0,0.25401829800000003,40,1,0.25894821,5000.0,9,0,0,1,2.0
48793,1,0.561110917,43,1,0.8226725779999999,4736.0,20,0,2,0,1.0
48794,0,0.0159996,78,0,0.004760771,4200.0,4,0,0,0,0.0
48796,0,0.238914154,59,0,0.32783408,8485.0,12,0,1,0,0.0
48797,1,0.953074905,37,0,0.9527702090000001,1100.0,2,0,0,1,0.0
48798,0,0.17972152,68,0,104.0,,8,0,0,0,0.0
48799,0,0.014619588999999999,34,0,1045.0,,10,0,1,0,0.0
48801,0,0.024682147999999998,50,0,0.533302569,6500.0,8,0,2,0,0.0
48803,0,0.090238195,60,0,0.39641229200000005,6800.0,11,0,1,0,1.0
48805,0,0.8980239659999999,31,7,0.484587615,3600.0,14,0,2,0,0.0
48806,1,0.8770764120000001,51,0,0.081326155,3528.0,3,3,0,0,0.0
48807,0,0.034855483,40,0,0.156421181,11500.0,9,0,1,0,3.0
48808,0,0.9999998999999999,25,0,0.35353095,2293.0,3,1,0,0,0.0
48810,0,0.0,39,0,0.386055375,8920.0,11,0,4,0,3.0
48811,0,0.783868708,65,0,0.352684865,7802.0,11,0,2,0,0.0
48812,0,0.615084819,57,0,0.530253405,5800.0,10,0,2,0,0.0
48815,0,0.357832108,56,0,1.262935089,2125.0,8,0,1,0,2.0
48816,0,0.28584895,49,0,0.46904877700000003,12341.0,16,0,3,0,0.0
48817,0,0.160454971,45,0,0.9792725059999999,4920.0,14,0,2,0,2.0
48818,0,0.18424078800000002,39,0,0.31883369699999997,10528.0,4,0,2,0,2.0
48820,0,0.0047866029999999995,63,0,0.367852859,2500.0,9,0,1,0,1.0
48821,0,0.9999998999999999,32,2,0.45137247799999997,5500.0,5,0,1,0,2.0
48822,0,0.011631138999999999,48,0,0.126139371,3400.0,17,0,0,0,1.0
48823,0,0.357967744,54,0,0.163547581,42800.0,16,0,4,0,5.0
48825,0,0.006459964,72,0,0.004998438,3200.0,10,0,0,0,0.0
48826,0,0.68358543,62,0,0.23719827,14333.0,16,0,3,0,0.0
48830,0,0.023444164,90,0,0.226277372,10000.0,15,0,2,0,1.0
48831,0,0.9826180590000001,36,1,0.1656,8749.0,4,1,1,0,1.0
48833,0,0.176219879,26,0,0.735259201,5053.0,8,0,2,0,0.0
48834,0,0.045762285,55,0,0.259102946,12083.0,8,0,1,0,1.0
48835,0,0.578868187,47,0,0.9731417859999999,1600.0,10,0,1,0,1.0
48836,0,0.38192695200000004,50,2,0.385516355,7000.0,8,0,2,0,2.0
48837,0,0.8610555559999999,51,1,0.352599179,5847.0,16,0,0,0,0.0
48839,0,0.014466183999999998,74,0,0.082187295,3053.0,2,0,0,0,0.0
48841,0,0.789940454,56,0,0.48507356100000004,7000.0,10,0,1,0,0.0
48843,0,0.20043070300000002,25,0,94.0,1.0,10,0,0,0,0.0
48845,1,0.17445178100000003,46,2,0.29476209,15425.0,14,0,4,0,1.0
48846,0,0.0056331459999999995,59,1,5.0,,4,0,0,0,0.0
48847,0,0.0,71,0,761.0,,3,0,0,0,
48849,0,0.042556990999999995,37,0,0.06256696,4666.0,4,0,0,0,1.0
48853,0,0.9999998999999999,29,0,0.117952819,2500.0,2,0,0,0,0.0
48854,0,0.324552971,46,2,0.189549453,3750.0,8,1,0,0,1.0
48855,0,0.00931117,50,2,0.20786195899999999,8750.0,4,0,1,0,3.0
48856,0,0.508032798,39,0,2.53030303,725.0,5,0,2,0,0.0
48857,1,0.018807495,49,4,0.310032092,7166.0,11,0,2,2,2.0
48858,0,0.0,56,0,2362.0,,7,0,1,0,0.0
48859,0,0.650716948,45,1,0.306942432,7590.0,8,0,0,0,4.0
48860,0,0.300234988,37,0,0.101022263,42356.0,5,0,2,0,1.0
48862,0,0.460835685,51,1,0.30498533699999997,3750.0,11,0,0,0,2.0
48863,0,0.344535756,70,0,0.41850220299999996,2269.0,7,0,1,0,0.0
48864,0,0.38305826600000004,53,0,0.422661547,33333.0,9,0,5,0,0.0
48865,0,0.019999267,67,0,76.0,,4,0,0,0,0.0
48866,0,0.817091454,55,0,657.0,,4,0,0,1,0.0
48867,0,0.01542777,57,0,0.625791403,3000.0,16,0,1,0,0.0
48868,0,0.041195297,51,0,0.39209261700000003,4577.0,14,0,1,0,0.0
48871,0,0.10418662,64,1,0.042657187,4500.0,4,0,0,0,0.0
48872,0,0.816035215,43,1,0.614615228,4898.0,19,0,1,0,0.0
48873,0,0.005547683,93,0,0.148185181,10000.0,13,0,1,0,0.0
48874,0,0.73452853,64,2,0.33614752299999995,4500.0,7,2,2,0,2.0
48875,0,0.004902675,55,0,0.228825522,7083.0,6,0,1,0,0.0
48876,0,1.0063712470000001,60,0,0.293594111,9100.0,5,0,1,0,0.0
48878,1,0.972839736,37,0,0.21335751,3308.0,7,1,0,0,2.0
48879,0,0.0,81,0,0.059073288,5416.0,4,0,1,0,0.0
48881,0,0.46918437799999996,36,0,0.363022942,5186.0,7,0,1,0,2.0
48882,0,0.014420243000000001,70,0,0.005865103000000001,5455.0,11,0,0,0,0.0
48883,0,0.089335902,52,0,0.538243626,6000.0,18,0,2,0,2.0
48884,0,0.40595279100000004,34,0,0.702061212,1600.0,5,0,0,0,0.0
48885,0,0.012345678999999998,90,0,10.0,,7,0,0,0,0.0
48886,0,0.35303265899999997,30,0,0.21239380300000002,2000.0,4,0,0,0,0.0
48887,0,0.371619291,58,0,0.295390922,20003.0,17,0,2,0,2.0
48888,0,0.734881232,57,4,0.553525254,5800.0,15,0,1,0,1.0
48889,1,0.829887198,49,0,7109.0,,7,0,1,0,0.0
48890,0,0.672217596,30,0,1096.0,,9,0,0,0,
48892,0,0.984920603,42,0,0.295081967,2500.0,1,0,0,0,7.0
48893,0,0.534883721,48,0,0.115618894,8700.0,11,0,0,0,2.0
48894,0,0.036428895,53,0,0.38066946799999996,6900.0,15,0,2,0,1.0
48895,0,0.273514785,49,0,0.28711226,5415.0,9,0,2,0,1.0
48897,0,0.175136734,57,0,0.15547025,2083.0,11,0,0,0,0.0
48898,0,0.061181399000000004,54,0,4401.0,,11,0,2,0,2.0
48899,0,0.145031882,43,0,0.051843318,6075.0,6,0,1,0,2.0
48900,0,0.190972903,45,0,0.234330962,7450.0,6,0,1,0,1.0
48901,0,0.28732917399999996,55,0,4486.0,,20,0,2,0,0.0
48902,0,0.080973009,36,0,0.20601675600000002,2625.0,3,0,1,0,0.0
48903,0,0.24624063699999998,54,0,1.040989753,4000.0,10,0,1,0,1.0
48904,0,0.809685963,45,0,0.349093351,7444.0,8,0,2,0,0.0
48905,0,0.058313735,41,0,0.024661186,4500.0,13,0,0,0,3.0
48906,0,0.00758915,63,0,506.0,,3,0,0,0,0.0
48907,0,0.39084124299999995,50,1,0.218220991,6497.0,4,0,1,0,0.0
48908,0,0.04781173,50,0,3785.0,,9,0,4,0,0.0
48909,0,0.437854205,59,0,0.7004422229999999,5200.0,23,0,2,0,0.0
48910,1,1.26450116,64,1,14.39989192,3700.0,6,4,0,1,0.0
48912,0,0.088463938,52,0,0.510354171,5166.0,8,0,1,0,0.0
48914,0,0.0008379419999999999,46,0,0.0,,4,0,0,0,0.0
48915,0,0.0,21,0,0.0,1000.0,2,0,0,0,0.0
48916,0,0.154713811,26,0,0.27632988199999997,2800.0,5,0,0,0,0.0
48917,0,0.20027599399999998,59,1,1.329948813,11916.0,14,0,2,0,0.0
48918,0,0.0016987760000000001,70,0,0.17331682699999998,10500.0,10,0,2,0,0.0
48919,0,0.429501639,48,0,0.132482568,7600.0,4,0,0,1,1.0
48920,0,0.087541475,33,0,0.115688431,10000.0,10,0,2,0,0.0
48921,0,0.5706026120000001,60,0,0.331971554,13217.0,17,0,1,0,1.0
48922,0,0.031069191,36,0,0.287208607,3345.0,12,0,1,0,0.0
48923,0,0.009466036,39,0,0.505070704,7000.0,3,0,1,0,1.0
48924,0,0.0,62,0,0.0019993339999999997,3000.0,10,0,0,0,0.0
48925,0,0.572348006,60,2,0.45277361299999996,2000.0,6,0,1,0,0.0
48926,0,0.0,71,0,0.29773226,4100.0,8,0,2,0,0.0
48927,0,0.383575037,33,1,0.480703859,5000.0,15,0,2,0,0.0
48928,1,0.00887737,91,0,0.0026879140000000004,20833.0,4,1,0,0,0.0
48929,0,0.609047209,65,0,0.788092613,4534.0,12,1,0,0,0.0
48930,0,0.89087616,41,0,1.0804265720000001,4500.0,14,0,2,0,1.0
48931,0,0.005066498,56,0,720.0,,5,0,1,0,
48932,0,0.018685053,66,0,0.21495114699999998,4400.0,11,0,1,0,0.0
48933,0,0.35766825700000004,46,0,3416.0,,10,0,2,0,0.0
48934,0,0.097883099,48,0,0.47777130700000003,5150.0,10,0,1,0,1.0
48936,0,0.942011598,25,0,0.10682783400000001,3060.0,2,0,0,0,0.0
48937,0,0.051759172,38,0,0.7390100709999999,20950.0,19,0,10,0,3.0
48938,0,0.060770548,45,0,74.0,,14,0,0,0,0.0
48939,0,0.884905755,66,0,0.710209856,4240.0,9,0,2,0,2.0
48940,0,0.979574347,52,0,1.1092043679999999,640.0,6,1,1,0,0.0
48941,1,0.0,49,0,0.289934106,4400.0,7,1,1,0,2.0
48942,0,0.09296406300000001,58,0,0.07627845,10500.0,6,0,1,0,0.0
48944,0,0.613135631,46,1,0.659292588,8000.0,17,0,2,0,4.0
48945,0,0.340367112,31,0,0.398520296,5000.0,9,0,1,0,0.0
48947,0,0.926651373,30,1,0.22779043300000001,3950.0,8,0,0,0,0.0
48949,0,0.0,66,0,2695.0,,5,0,1,0,
48952,1,0.9999998999999999,44,0,0.007756505,10184.0,0,0,0,0,2.0
48953,0,0.0024941679999999997,63,0,0.20350442800000001,10500.0,17,0,1,0,0.0
48954,0,0.6496650039999999,56,2,0.338394971,12248.0,12,0,2,0,1.0
48955,0,0.107817187,69,0,0.007732302,7500.0,7,0,0,0,0.0
48956,0,0.34107265600000003,62,0,1.108051731,2396.0,10,0,2,0,0.0
48957,0,0.05005899900000001,70,0,0.25315472699999997,5150.0,7,0,0,0,0.0
48958,0,0.188103537,29,0,0.263947211,3333.0,5,0,0,0,0.0
48960,0,0.0,29,0,0.064462369,15000.0,9,0,0,0,1.0
48961,1,0.556851426,53,1,0.615190385,9900.0,14,0,3,0,0.0
48962,0,0.260106854,51,0,0.10915633699999999,2500.0,3,0,0,0,0.0
48964,0,0.008688696,97,0,0.0016499179999999998,6666.0,2,0,0,0,0.0
48965,0,0.0,28,0,0.150913169,3120.0,3,0,0,0,0.0
48966,0,0.189811658,49,0,0.384282874,11566.0,41,0,2,0,2.0
48968,0,0.075784843,27,0,0.061518325,6875.0,5,0,0,0,0.0
48969,0,0.084159933,65,0,0.6322163239999999,6027.0,7,0,2,0,0.0
48970,0,0.0053790190000000005,68,0,144.0,,6,0,0,0,0.0
48973,0,0.160953392,37,0,0.667091025,7854.0,9,0,2,0,0.0
48974,0,0.045508263,48,1,75.0,,5,0,0,0,3.0
48975,0,0.40019879,66,1,1.26826946,4200.0,18,0,2,0,1.0
48976,0,0.000197923,57,0,0.010312566,9405.0,13,0,0,0,0.0
48977,0,0.9999998999999999,34,0,0.102892834,3041.0,2,0,0,0,0.0
48978,0,0.037441377000000005,47,0,0.282852956,6140.0,25,0,3,0,1.0
48979,0,0.9999998999999999,45,2,0.544166667,3599.0,5,2,1,1,2.0
48980,0,0.396749184,68,0,0.313068004,3190.0,13,0,0,0,0.0
48981,0,0.014944726,53,0,0.15358883,13750.0,9,0,3,1,0.0
48982,0,0.711618058,52,0,0.386506676,17000.0,11,0,2,0,7.0
48983,0,0.035218122000000004,23,0,289.0,,4,0,0,0,0.0
48984,0,0.5380904470000001,67,0,0.513067749,3940.0,11,0,0,0,0.0
48985,0,0.970056145,60,0,0.25115898600000003,3666.0,4,0,0,0,2.0
48986,0,0.959469369,49,0,0.200159968,5000.0,4,0,0,0,0.0
48987,0,0.09478104400000001,29,0,0.024975025,1000.0,4,0,0,0,0.0
48988,1,0.072212193,64,5,0.334455087,7725.0,11,1,2,0,3.0
48989,0,0.558048065,44,0,0.410510152,5860.0,13,0,1,1,2.0
48991,0,0.161211859,44,0,1914.0,,5,0,1,0,0.0
48993,0,0.308948509,29,0,756.0,,3,0,0,0,0.0
48994,0,0.0,61,0,839.0,0.0,5,0,1,0,0.0
48995,0,0.340161149,36,0,0.18058179100000002,2646.0,4,0,0,0,1.0
48996,0,0.056796214000000005,30,0,0.19766355100000002,4279.0,6,0,1,0,0.0
48997,0,0.9999998999999999,54,0,0.137442051,7333.0,3,0,1,0,0.0
48998,0,0.005998666999999999,24,0,0.635809988,820.0,4,0,0,0,0.0
49003,1,0.704091342,70,2,0.00999524,2100.0,3,0,0,2,0.0
49004,0,0.020195961000000002,85,0,3.0,,8,0,0,0,0.0
49005,0,0.152843926,50,0,0.38869005,6984.0,11,0,2,0,0.0
49006,0,0.056520365999999995,28,0,0.002357448,6786.0,5,0,0,0,1.0
49007,0,0.9999998999999999,68,0,0.0,1117.0,0,0,0,0,0.0
49008,0,0.039990972,63,0,0.047301799000000005,3001.0,15,0,0,0,0.0
49010,0,0.058425789000000006,55,0,0.477920347,6000.0,6,0,2,0,0.0
49011,0,0.6842220809999999,60,0,3976.0,,25,0,2,0,2.0
49012,1,0.761421792,35,0,0.326390335,4800.0,8,0,1,1,1.0
49014,0,0.17822062600000002,45,1,0.631179411,5400.0,19,0,1,0,1.0
49015,0,0.316497885,37,3,0.106163786,5726.0,5,0,0,0,2.0
49016,0,0.0,35,0,0.063293671,10000.0,7,0,0,0,0.0
49017,0,0.033041798,62,0,0.05254177,28129.0,17,0,1,0,3.0
49018,0,0.362977836,62,0,2724.0,,18,0,1,0,0.0
49019,0,0.297962755,37,0,0.190171915,6572.0,9,0,1,0,4.0
49024,0,0.7041183529999999,31,0,0.310903598,3640.0,9,0,1,1,2.0
49025,0,0.18926235800000002,55,0,0.193277311,6782.0,14,0,0,0,0.0
49026,0,0.269241372,29,1,0.49220311899999997,2500.0,8,0,0,0,0.0
49027,0,0.675071733,50,0,1.035990582,2972.0,6,0,2,0,1.0
49028,0,0.0008120180000000001,76,0,3.0,,9,0,0,0,
49029,0,0.026430363,45,0,52.0,,5,0,0,0,
49030,0,0.04459035099999999,36,0,0.217462299,10410.0,12,0,1,0,2.0
49033,0,0.12801090699999998,30,0,0.206488157,3883.0,6,0,0,0,0.0
49034,0,0.051512457000000005,55,0,0.327572301,8678.0,7,0,2,0,1.0
49035,0,0.0,50,0,3569.0,,4,0,2,0,0.0
49036,0,0.0009999,67,1,1.7121439280000001,2000.0,7,0,2,0,1.0
49037,0,0.0,60,0,0.043952548,22000.0,15,0,1,0,2.0
49039,0,0.511595912,43,0,5243.0,,15,0,1,0,0.0
49040,1,0.9632294159999999,37,2,1812.0,,8,2,1,1,0.0
49041,0,0.907371522,32,1,0.29988466,2600.0,4,0,0,1,0.0
49042,0,0.007825747,69,0,5.0,,7,0,0,0,
49043,0,0.853058112,64,2,0.405792514,12636.0,29,0,2,0,1.0
49044,0,0.12939953699999998,54,0,6432.0,,14,0,3,0,2.0
49047,0,0.06672549,60,0,0.515275591,6349.0,17,0,3,0,2.0
49050,0,0.0008420760000000001,64,0,0.007250129,1930.0,6,0,0,0,0.0
49051,0,0.003578822,78,0,0.37812452700000004,6600.0,12,0,1,0,0.0
49052,0,0.9999998999999999,34,0,0.025705105,2800.0,2,0,0,0,0.0
49053,0,0.038017651,51,0,0.189240538,20000.0,6,0,2,0,1.0
49055,0,0.854304539,39,0,0.271511098,9866.0,10,0,0,0,2.0
49056,0,0.0,49,0,913.0,,5,0,1,0,0.0
49058,0,0.026771305,51,0,0.345159565,5608.0,8,0,3,0,2.0
49059,0,0.9999998999999999,41,0,1226.0,,1,0,1,0,
49060,0,0.230384808,65,0,0.270682425,2622.0,4,1,1,0,0.0
49061,0,0.023409065,49,0,0.004930156,3650.0,3,0,0,0,0.0
49062,0,0.008005714,61,0,0.0031286659999999996,2556.0,3,0,0,0,0.0
49063,0,0.132057863,36,0,0.049980008,2500.0,5,0,0,0,2.0
49064,0,0.024952908,53,0,0.20024049100000002,15800.0,9,0,2,0,1.0
49066,0,0.0,54,0,0.238711715,9500.0,8,0,1,0,2.0
49067,0,0.034597225,60,0,0.42122100799999995,3750.0,7,0,1,0,0.0
49068,0,0.053429877,64,0,0.142699319,16292.0,7,0,1,0,1.0
49069,0,0.180125242,45,1,0.348132593,20000.0,13,0,2,0,2.0
49070,0,0.9999998999999999,29,0,0.163706193,2082.0,2,0,0,0,2.0
49072,0,0.0,58,0,0.596147774,3166.0,4,0,1,0,0.0
49073,0,0.102570905,62,0,0.894736842,3742.0,15,0,3,0,0.0
49077,0,0.185362141,31,0,1.1552451240000001,3793.0,9,0,2,0,0.0
49078,0,0.264452449,37,0,0.312874942,6500.0,12,0,2,0,0.0
49079,1,0.159851455,80,0,0.14655679800000002,3397.0,9,0,0,0,0.0
49080,0,0.056905714,69,0,0.46221853799999996,7238.0,16,0,1,0,0.0
49081,0,0.7434734470000001,40,0,0.967576331,3700.0,7,0,3,0,0.0
49082,0,0.23932535600000002,55,0,0.241830739,9700.0,6,0,1,0,4.0
49084,0,0.387365684,71,0,0.516026909,5053.0,10,0,2,0,0.0
49085,0,0.434192942,67,0,0.43908529399999996,7608.0,12,0,1,0,0.0
49087,0,0.045517179000000005,74,0,0.240872595,6600.0,10,0,1,0,0.0
49088,0,0.977279612,48,3,0.727586207,6959.0,12,0,3,0,2.0
49091,0,0.849115088,40,0,0.640064274,5600.0,9,0,2,0,1.0
49093,0,0.694132335,81,0,59.0,,5,0,0,0,0.0
49094,0,0.120561869,41,0,2373.0,,6,0,2,0,0.0
49095,0,0.143489043,43,0,0.446168613,6250.0,31,0,1,0,0.0
49096,0,0.0,53,3,0.232210573,4482.0,11,0,2,2,1.0
49097,0,0.434144535,49,0,0.620475905,5000.0,9,0,2,0,0.0
49098,0,0.037919242,31,0,0.335649976,6330.0,21,0,1,0,0.0
49099,0,0.9665592709999999,52,0,0.32528666300000003,3313.0,3,0,0,0,0.0
49100,0,0.020379857,34,0,0.339871284,3262.0,9,0,0,0,0.0
49101,0,0.101921775,35,0,0.165259884,2250.0,4,0,0,0,0.0
49104,0,0.025754252000000002,68,0,0.004456634,5833.0,3,0,0,0,0.0
49105,0,0.023390287000000003,52,0,1667.0,,7,0,1,0,0.0
49106,0,1.013996001,32,1,2611.0,,9,0,2,1,0.0
49107,0,0.065221486,49,0,0.082756545,6645.0,9,0,1,0,2.0
49111,0,0.766017999,28,0,1340.0,,6,0,1,0,0.0
49113,0,0.5730104420000001,68,0,3265.0,,21,0,0,0,0.0
49114,0,0.161347092,54,0,0.156351498,11083.0,10,0,1,0,0.0
49117,0,0.8219062490000001,31,0,1.010799136,4166.0,8,0,2,0,0.0
49119,0,0.85457537,35,0,0.221225327,3900.0,5,0,0,0,2.0
49120,0,0.048988440999999994,46,0,0.163301508,19166.0,8,0,1,0,2.0
49121,0,0.721588338,59,0,0.31793313100000004,4934.0,10,0,0,0,1.0
49122,0,0.041552001,75,0,45.0,,7,0,0,0,0.0
49123,0,0.0,88,0,0.0,,4,0,0,0,0.0
49124,0,0.020787331000000003,64,0,0.309587574,5600.0,18,0,2,0,1.0
49125,0,0.38902148,32,0,0.35529304899999997,2200.0,7,1,0,1,1.0
49126,0,0.362626375,27,0,613.0,,5,0,0,0,0.0
49127,0,0.930559308,37,3,0.21366474800000002,8166.0,7,0,0,0,1.0
49128,0,0.071989018,49,0,1451.0,,7,0,1,0,0.0
49131,0,0.111725885,46,0,0.263770224,5500.0,3,0,0,0,3.0
49132,0,0.010858312,73,0,0.050177257,11000.0,6,0,1,0,1.0
49134,0,0.0,59,0,24.0,,7,0,0,0,0.0
49135,0,0.081390169,66,0,0.260873849,20300.0,17,0,2,0,0.0
49137,0,0.36952174200000004,34,0,0.49590082,5000.0,7,0,0,0,2.0
49138,0,0.036884037,57,0,900.0,0.0,5,0,1,0,0.0
49139,0,0.603653895,56,0,0.338110315,6000.0,11,0,2,0,2.0
49140,0,0.004038018,45,0,0.09721142099999999,9000.0,14,0,1,0,2.0
49142,0,0.0,78,0,8151.0,0.0,11,0,1,0,0.0
49144,0,0.293390156,43,0,0.49526729799999997,7500.0,8,0,2,0,2.0
49145,0,0.014549273,70,0,0.42027590600000003,3116.0,3,0,1,0,0.0
49146,0,0.417846987,42,0,0.191705233,5617.0,5,0,0,0,2.0
49147,0,0.056352966,50,0,0.343780528,12283.0,17,0,2,0,0.0
49150,0,0.00087895,78,0,409.0,,12,0,1,0,0.0
49152,0,0.005656981,36,0,1.06357457,2500.0,8,0,1,0,0.0
49153,0,0.49730054,39,0,0.109016112,2916.0,4,0,0,0,0.0
49154,0,0.07415066,70,0,0.36990977799999997,4100.0,12,0,1,0,1.0
49156,0,0.9999998999999999,51,0,0.451677405,4500.0,2,0,1,1,2.0
49158,0,0.023340284,40,2,0.31211006199999997,6250.0,11,0,3,0,0.0
49159,0,0.0,93,0,0.0,1900.0,2,0,0,0,0.0
49160,1,0.9999998999999999,35,1,0.654723127,1841.0,4,0,1,0,1.0
49162,0,0.12514973199999999,50,0,72.0,,3,0,0,0,0.0
49163,0,0.8064416109999999,46,0,1.380585516,1946.0,21,0,2,0,0.0
49164,0,0.001921135,64,0,4.0,,6,0,0,0,0.0
49165,0,0.0,30,0,0.568573015,1800.0,3,0,1,0,0.0
49166,0,0.054634431,61,0,0.31903290300000003,5500.0,6,0,1,0,2.0
49167,0,0.174481771,35,1,194.0,0.0,4,0,0,0,1.0
49168,0,0.607549323,45,1,2248.0,,10,0,1,0,1.0
49169,0,0.379713584,28,0,0.48413192299999996,1606.0,10,0,0,0,0.0
49170,0,0.9999998999999999,25,0,0.098757952,3300.0,5,2,0,0,0.0
49171,0,0.00323581,31,0,0.38324816700000003,4500.0,5,0,1,0,2.0
49172,0,0.297874468,54,0,0.169025912,8335.0,13,0,0,0,0.0
49173,0,0.7386992809999999,61,4,0.457327693,4018.0,12,0,1,2,0.0
49175,0,0.075727857,43,0,0.071130975,13200.0,3,0,1,0,3.0
49176,0,0.082121859,42,0,0.510280374,3744.0,15,0,2,0,2.0
49177,0,0.11787308199999999,54,1,0.250583139,3000.0,16,0,1,0,0.0
49179,0,0.036181822,38,1,0.624163715,2540.0,10,0,1,0,2.0
49180,0,0.784596596,51,0,0.229513771,2940.0,9,0,0,0,0.0
49181,0,0.034916251,56,0,840.0,,10,0,1,0,0.0
49182,0,0.057819889000000006,72,0,0.027192749,3750.0,15,0,0,0,0.0
49184,0,0.8228882829999999,27,0,27.0,,1,0,0,0,0.0
49185,0,0.9999998999999999,59,1,730.0,,1,0,1,1,0.0
49187,0,0.0,33,0,806.0,,6,0,1,0,0.0
49188,0,0.687057204,41,1,0.46212368200000004,9200.0,7,0,2,0,3.0
49189,0,0.015517669,59,0,0.166093111,15400.0,10,0,1,0,2.0
49190,0,0.159255889,34,0,0.042127715999999996,7500.0,7,0,0,0,1.0
49192,0,0.028170045,77,0,0.136113025,2901.0,9,0,0,0,0.0
49195,0,0.84015984,25,0,0.47342117200000006,2200.0,7,0,0,0,0.0
49196,0,0.0,53,0,0.12158876,3700.0,5,0,0,0,2.0
49197,0,0.7081298229999999,49,0,0.107257829,6833.0,3,0,0,0,0.0
49199,0,0.709838163,45,0,0.419377956,6976.0,13,0,1,0,2.0
49200,0,0.528238098,49,0,0.612297647,7350.0,17,0,2,0,1.0
49201,0,0.9999998999999999,21,0,0.0,,0,0,0,0,0.0
49202,0,0.102505328,62,0,0.0099996,25000.0,7,0,0,0,0.0
49203,0,0.5277445479999999,48,2,514.0,,8,0,0,0,1.0
49205,0,0.343276394,34,0,0.557103064,4666.0,13,0,2,0,1.0
49206,0,0.0,33,0,0.5521537910000001,2808.0,6,0,1,0,0.0
49207,0,0.037984245,64,0,0.067988669,6000.0,9,0,0,0,0.0
49208,0,0.012940923,50,0,0.658514075,6500.0,15,0,4,0,0.0
49209,0,0.28576702800000003,48,0,0.385107659,15000.0,13,0,2,0,1.0
49210,0,0.0,48,0,0.38668730700000004,3229.0,8,0,1,0,1.0
49211,0,0.707292707,26,0,0.10515793699999999,2500.0,5,0,0,0,1.0
49212,0,0.022821598,56,0,2528.0,,14,0,1,0,0.0
49215,0,0.234739549,62,0,0.795281887,2500.0,2,0,1,0,0.0
49216,0,0.44896126700000005,56,0,4969.0,,4,0,1,0,0.0
49218,0,0.01241646,48,1,0.327117957,7400.0,22,0,2,0,2.0
49219,0,0.078096095,55,0,0.028464768999999997,15000.0,10,0,0,0,1.0
49220,1,0.9999998999999999,40,0,0.0,5100.0,0,0,0,0,1.0
49221,0,0.079224103,65,0,2864.0,,4,0,1,0,1.0
49222,0,0.9999998999999999,59,0,0.0,1109.0,1,0,0,0,0.0
49223,0,0.11688849,46,1,4220.0,,4,0,2,0,0.0
49225,0,0.089363674,62,0,652.0,,10,0,1,0,0.0
49226,1,0.9999998999999999,34,1,0.683804627,2333.0,4,2,1,2,2.0
49227,0,0.197620883,69,0,283.0,,2,0,0,0,0.0
49228,0,0.060167319000000004,54,0,1893.0,0.0,9,0,1,0,0.0
49229,0,0.046912024000000004,66,0,64.0,,4,0,0,0,0.0
49231,0,0.030816467,66,0,0.243344582,8000.0,10,0,1,0,1.0
49232,0,0.054597297,46,0,0.603118564,3398.0,8,0,1,0,1.0
49233,0,0.100170169,43,1,0.424350144,4500.0,18,0,1,0,3.0
49234,0,0.852665738,61,4,0.21087951600000002,22500.0,16,0,3,0,0.0
49235,0,0.19377060100000001,54,0,3483.0,,6,0,2,0,0.0
49236,0,0.14529789199999998,85,0,3848.0,,19,0,2,0,0.0
49239,0,0.887195848,75,0,1.179496403,2779.0,9,0,1,0,0.0
49240,0,0.036107572000000004,68,0,0.022651317999999997,2692.0,6,0,0,0,0.0
49241,0,0.460783701,50,0,0.22686450600000002,10243.0,7,0,2,0,1.0
49242,0,0.383251543,27,0,0.8888888890000001,800.0,15,0,0,0,2.0
49245,0,0.0,44,0,2321.0,,2,0,1,0,0.0
49246,0,0.274388472,47,0,0.453020856,4650.0,13,0,0,0,0.0
49250,0,0.19676699399999997,53,0,0.380123975,5000.0,10,0,1,0,1.0
49251,0,0.826819341,40,1,1.38353882,3000.0,13,0,2,0,2.0
49255,0,0.237691929,43,0,0.160210426,4181.0,6,2,0,1,1.0
49256,0,0.36903157,37,0,0.671133801,4700.0,8,0,2,0,0.0
49257,0,0.0,58,1,0.032076396,4083.0,1,1,0,0,0.0
49258,1,0.482462819,58,1,0.554579035,7850.0,14,1,2,0,1.0
49260,0,0.898388717,40,0,0.205139232,9300.0,11,0,0,0,0.0
49261,0,0.22962761899999998,38,0,0.043050084,3553.0,5,0,0,0,2.0
49262,0,0.269994255,52,0,0.264863886,16566.0,14,0,4,0,0.0
49263,0,0.084352594,66,0,0.07574536700000001,2481.0,10,0,0,0,0.0
49264,0,0.876241485,54,0,0.5504305939999999,6850.0,19,0,1,0,1.0
49266,0,0.08208022400000001,73,0,0.166907254,11083.0,6,0,1,0,0.0
49268,0,0.094577124,50,0,0.297460701,10750.0,14,0,1,0,2.0
49269,0,0.004266294,72,0,0.005163043,3679.0,23,0,0,0,1.0
49273,0,0.021256536,49,0,0.30787414399999996,12267.0,7,0,3,1,2.0
49274,0,0.584471603,39,0,0.51395252,2400.0,8,0,0,0,0.0
49275,0,0.18543052399999999,56,0,0.687100475,6100.0,30,0,2,0,0.0
49277,0,0.633156966,32,0,0.602329451,600.0,4,0,0,0,2.0
49278,0,0.009239167,64,0,0.762495002,2500.0,9,0,2,0,0.0
49279,0,0.00033555900000000003,51,0,0.35859949700000004,10738.0,8,0,2,0,2.0
49282,0,0.08695716699999999,53,0,3076.0,,10,0,2,0,0.0
49285,0,0.574170332,28,0,0.037185126,2500.0,4,0,0,0,0.0
49286,1,0.961229372,42,4,0.518629495,7675.0,16,1,2,2,2.0
49287,0,0.13839308,64,0,2020.0,,5,0,2,0,0.0
49288,0,0.18601769199999998,59,0,0.373239437,3833.0,9,0,1,0,0.0
49290,0,0.002118465,59,0,0.15815348699999998,12000.0,3,0,1,0,4.0
49291,0,0.522501741,56,0,0.390601566,6000.0,13,0,1,0,2.0
49292,0,0.0,64,0,0.0,2696.0,2,0,0,0,0.0
49293,0,0.010758098999999998,67,0,0.18293902,3000.0,23,0,0,0,0.0
49294,0,0.144269245,50,0,0.576113037,3750.0,13,0,1,0,1.0
49295,0,0.259220555,65,0,0.30557421100000004,13400.0,10,0,3,0,0.0
49296,0,0.0,77,0,0.08705554900000001,7902.0,4,0,0,0,0.0
49298,0,0.9999998999999999,25,0,0.239271017,1700.0,1,0,0,0,1.0
49300,0,0.9999998999999999,54,0,0.054625829,3166.0,7,1,0,0,1.0
49302,0,0.42377268100000004,55,0,0.39114574700000004,6030.0,6,0,1,0,0.0
49303,0,0.035110623,88,0,532.0,,7,0,1,0,0.0
49305,0,0.7186644059999999,57,2,0.603788477,3800.0,14,0,1,0,0.0
49306,1,0.7624087709999999,39,0,0.529433543,2700.0,6,0,0,0,4.0
49307,0,0.78033027,80,0,0.551654458,7917.0,10,0,2,0,0.0
49308,0,0.0,67,1,0.0,,1,0,0,0,
49309,0,0.121623638,28,0,0.112830279,4200.0,6,0,0,0,3.0
49311,0,0.023550382999999998,64,0,0.10988050099999999,10292.0,10,0,1,0,0.0
49313,0,0.0046921870000000004,55,0,0.134193696,17511.0,7,0,1,0,1.0
49314,0,0.056832318,68,0,1197.0,,9,0,2,0,0.0
49319,0,0.10049991400000001,62,0,0.25315978100000003,5300.0,6,0,1,0,0.0
49320,0,0.120690115,58,0,3218.0,,11,0,2,0,0.0
49321,0,0.027999456000000002,74,0,43.0,,2,0,0,0,
49322,0,0.065721872,61,0,1.184135977,6000.0,8,0,4,0,1.0
49323,0,0.559035133,56,0,0.296714579,15583.0,21,0,2,0,1.0
49324,0,0.007070982,89,0,11.0,,11,0,0,0,0.0
49325,0,0.066197983,38,0,1.3142857140000002,1224.0,9,0,2,0,0.0
49326,1,0.9999998999999999,22,98,0.0,0.0,0,98,0,98,0.0
49327,0,0.13709840199999998,62,0,0.47075090399999997,4700.0,13,0,3,0,1.0
49328,0,0.202876812,58,0,0.348975972,6200.0,10,0,1,0,1.0
49329,0,0.09344792099999999,35,0,0.595563658,3290.0,10,0,0,0,0.0
49330,0,0.18680671699999998,69,2,236.0,,7,0,0,0,0.0
49331,1,0.8409025990000001,34,0,0.193944587,3500.0,5,0,0,0,0.0
49332,1,0.15733887400000002,58,2,1626.0,,10,0,1,0,0.0
49333,0,0.014510186999999999,45,0,0.865016146,4644.0,8,0,2,0,1.0
49335,0,0.011084358,28,0,1285.0,,6,0,1,0,0.0
49337,0,0.039700502,77,0,0.054278345,8916.0,14,0,1,0,0.0
49339,0,0.029707714,47,0,0.180204005,7940.0,3,0,1,0,0.0
49340,0,0.5047196,26,0,0.010380623,2600.0,1,0,0,0,2.0
49341,0,0.0,71,0,381.0,,3,0,1,0,
49342,1,0.9999998999999999,26,1,436.0,,4,1,0,0,0.0
49343,0,0.055975442,68,0,0.424960644,11433.0,12,0,2,0,1.0
49344,0,0.9999998999999999,77,0,3.0,,1,0,0,0,0.0
49345,0,0.045576806,65,0,0.699844479,4500.0,11,0,1,0,0.0
49346,0,0.335439298,68,0,0.35505809,7057.0,8,0,2,0,1.0
49347,0,0.9999998999999999,44,0,0.219900045,2200.0,1,0,0,0,0.0
49349,0,0.124359114,46,0,0.19501252100000002,9583.0,5,0,1,0,0.0
49350,0,0.0379981,76,0,0.20510483100000002,6581.0,7,0,2,0,0.0
49352,0,0.505486698,68,0,0.302325581,2450.0,8,0,0,0,0.0
49354,0,0.03664634,68,0,0.587610619,1694.0,15,0,1,0,0.0
49355,0,0.467467239,34,0,0.193944587,3500.0,10,0,0,1,0.0
49357,0,0.9999998999999999,68,0,0.576945582,1708.0,2,0,2,0,0.0
49359,0,0.177334875,51,0,927.0,,3,0,1,0,0.0
49360,0,0.634017022,43,0,0.362315045,7636.0,18,0,0,0,5.0
49361,0,0.36234199100000003,55,0,0.704426289,8200.0,22,0,3,0,1.0
49362,0,0.001151445,37,0,821.0,0.0,4,0,0,0,1.0
49363,0,0.215643885,46,0,0.43462149299999997,17000.0,7,0,2,0,4.0
49364,0,0.014957536,60,0,0.069186163,5000.0,11,0,0,0,0.0
49367,0,0.056135687999999996,47,0,0.328111981,6000.0,5,0,1,0,1.0
49369,1,0.7531885559999999,25,1,0.42408377,2673.0,4,1,0,1,0.0
49371,0,0.466291671,55,2,2224.0,,11,0,2,0,1.0
49372,0,0.618887304,41,2,998.0,0.0,7,0,1,0,2.0
49373,0,0.0,66,1,0.086324598,4540.0,13,0,1,0,0.0
49374,0,0.065483776,35,0,0.40047993600000004,7500.0,6,0,2,0,2.0
49375,0,0.0,81,0,0.0055452869999999994,540.0,5,0,0,0,0.0
49377,0,0.00371779,51,2,1614.0,,7,0,1,0,
49378,0,0.911359096,55,1,0.22850614100000002,3500.0,13,0,0,0,2.0
49379,0,0.060124061,49,0,0.799323909,6507.0,11,0,2,0,3.0
49380,0,0.006867304,55,1,0.22844288899999998,4000.0,13,0,1,0,1.0
49381,0,0.31007413899999997,47,4,0.22622108,3500.0,9,0,1,0,1.0
49382,0,0.021525537,40,0,0.311672082,4000.0,19,0,2,0,2.0
49383,1,0.518321119,37,2,1535.0,,5,1,1,1,0.0
49384,0,0.113098545,50,0,0.22348280199999998,11105.0,5,0,3,0,2.0
49385,0,0.789042192,35,0,0.34710193200000006,1500.0,7,0,0,0,0.0
49386,0,0.154759084,46,1,0.370802433,12000.0,13,0,2,0,3.0
49388,0,0.922351202,42,0,0.653940551,3666.0,8,0,1,0,4.0
49389,0,0.01639959,84,0,19.0,,8,0,0,0,0.0
49393,0,0.265208548,60,0,0.6997320109999999,25000.0,33,0,2,0,0.0
49394,0,0.6972790759999999,48,0,0.791669132,16900.0,17,0,4,0,3.0
49395,0,0.52846744,45,0,0.450554995,3963.0,5,0,0,0,0.0
49398,0,0.32597922100000004,63,0,0.288244453,5137.0,5,0,1,0,0.0
49400,0,0.169069722,68,0,0.248650562,11300.0,19,0,1,0,0.0
49401,0,0.44738774200000003,63,0,0.647198239,5906.0,14,0,2,0,0.0
49402,0,0.042437617000000004,77,0,0.04484433,3500.0,19,0,0,0,0.0
49403,0,0.9999998999999999,46,0,0.25419493,2800.0,2,0,0,0,0.0
49405,0,0.0,77,0,5.505952381,167.0,6,0,0,0,0.0
49406,0,0.00023157400000000002,63,0,0.055523612,40000.0,6,0,1,0,0.0
49408,0,0.026822883,42,0,1290.0,,7,0,1,0,1.0
49410,0,0.7310537890000001,35,1,0.49910279399999996,3900.0,5,0,1,0,3.0
49412,0,0.300082315,35,0,0.85791194,5200.0,12,0,3,0,0.0
49413,0,0.0,56,1,0.296459778,11100.0,11,0,2,0,3.0
49417,0,0.002360617,67,0,0.346957312,1100.0,11,0,0,0,0.0
49420,0,0.15917288699999999,62,0,0.6454059639999999,5800.0,10,0,1,0,0.0
49421,0,0.83664842,35,1,2776.0,,10,0,1,0,0.0
49423,0,0.042425193,57,0,0.635993899,5900.0,8,0,3,0,0.0
49424,0,0.0017499129999999999,65,0,1.0,,1,0,0,0,
49426,0,0.466392453,68,0,0.211814235,7600.0,9,0,1,0,0.0
49427,0,1.008713663,55,0,0.295617397,6000.0,3,0,2,0,1.0
49428,0,0.044850875,56,0,78.0,,9,0,0,0,
49429,0,0.24299132199999998,44,0,0.781860601,3428.0,4,0,2,0,1.0
49431,1,0.0,63,1,0.48647699299999997,2846.0,4,7,0,1,0.0
49434,0,0.11216555,67,0,0.5044247789999999,6666.0,10,0,4,0,1.0
49437,1,0.9999998999999999,57,0,0.298425736,1460.0,1,1,0,0,0.0
49438,0,0.045628804,62,0,2127.0,,4,0,2,0,0.0
49439,0,0.016352573000000002,71,0,0.10546378699999999,10230.0,12,0,1,0,0.0
49440,0,0.451108688,67,0,0.063547083,1730.0,4,0,0,0,0.0
49441,0,0.170965807,27,0,25.0,0.0,1,0,0,0,2.0
49442,0,0.071179008,58,0,0.41015522200000004,3800.0,5,0,1,0,0.0
49445,0,0.03309669,29,0,0.0058317130000000005,3600.0,2,0,0,0,0.0
49447,0,0.9999998999999999,23,0,0.0,820.0,1,0,0,0,0.0
49449,0,0.19539701199999998,55,0,3503.0,,17,0,2,0,0.0
49451,0,0.082357298,35,0,0.48391934700000006,6000.0,8,0,3,0,0.0
49453,0,0.003184673,34,0,0.000874891,8000.0,9,0,0,0,0.0
49455,0,0.17391304300000002,31,0,0.003632401,2752.0,3,0,0,0,1.0
49456,0,0.09171073199999999,37,0,0.263347331,5000.0,8,0,1,0,0.0
49462,0,0.00059994,39,0,1.4265086999999999,2700.0,4,0,2,0,0.0
49463,0,0.41755197200000005,52,0,0.559672603,9040.0,10,0,2,0,3.0
49464,0,0.147932666,49,0,0.46421939700000003,7000.0,15,0,2,0,2.0
49465,0,0.137561879,71,0,0.319790509,6300.0,14,0,1,0,0.0
49467,0,0.015405594,72,1,0.005266128,5316.0,5,0,0,0,0.0
49468,0,0.9999998999999999,25,0,0.035108025,2591.0,1,0,0,0,1.0
49469,0,0.0,64,0,1432.0,,6,0,1,0,0.0
49470,0,0.60432533,37,0,0.495745571,7168.0,8,0,2,0,2.0
49471,0,0.0,55,0,0.0,5500.0,4,0,0,0,2.0
49472,0,0.253536743,44,0,0.106461419,15460.0,6,0,0,0,2.0
49473,0,0.295302051,58,0,0.481430953,6596.0,13,0,1,0,0.0
49474,1,0.13367283300000002,51,1,0.372008018,8480.0,20,0,3,0,2.0
49475,0,0.0038660990000000004,85,0,0.413006959,4166.0,7,0,1,0,0.0
49477,0,0.86050775,54,0,0.6302914270000001,4700.0,8,0,2,0,1.0
49478,0,1.201383551,46,3,0.046359422000000004,7333.0,5,2,0,0,2.0
49479,0,0.0,56,0,1402.0,,3,0,2,0,0.0
49480,0,0.18277509399999997,34,0,0.34578905299999996,8750.0,21,0,1,0,2.0
49481,1,0.9999998999999999,28,0,0.0,3928.0,1,1,0,0,0.0
49482,0,0.026318947000000002,70,0,736.0,,3,0,0,0,0.0
49483,0,0.037478215,52,0,0.702882853,6000.0,16,0,3,0,0.0
49484,0,0.0,38,0,0.099393374,15000.0,9,0,1,0,5.0
49485,0,0.008493881,58,0,0.266961863,7000.0,11,0,0,0,0.0
49486,0,0.009349533,77,0,155.0,,5,0,0,0,
49487,0,0.06179897,50,0,0.28539823,6327.0,13,0,2,0,1.0
49489,0,0.040024561,45,0,0.553562405,7915.0,10,0,1,0,2.0
49493,0,0.025317349,70,0,0.223871367,4850.0,11,0,0,0,0.0
49496,0,0.80394079,42,0,0.22623981699999998,6996.0,10,0,0,0,1.0
49497,0,0.048666956,61,0,3045.0,,8,0,2,0,0.0
49498,0,0.9999998999999999,56,0,220.0,,1,0,0,0,0.0
49500,0,0.16194516,41,0,0.670664668,2000.0,5,1,1,0,4.0
49502,0,0.3111677,51,0,0.36218198,9000.0,26,0,0,0,1.0
49503,0,0.0,57,0,0.19488,6249.0,5,0,1,1,1.0
49504,0,0.09959736300000001,31,0,0.387302735,8300.0,9,0,2,0,0.0
49506,0,0.15344584,57,1,1.353089989,5533.0,16,0,3,0,5.0
49508,0,0.257698973,71,0,58.0,,5,0,0,0,0.0
49510,0,0.061620077999999995,42,0,0.325142857,3499.0,3,0,1,0,2.0
49512,0,0.9999998999999999,42,3,0.40632806,1200.0,1,2,0,0,4.0
49513,0,0.09454505099999999,81,0,0.0033328890000000003,7500.0,5,0,0,0,0.0
49515,0,0.6079887620000001,45,0,0.341243917,15000.0,16,0,1,0,2.0
49516,0,0.135407875,65,0,0.594468172,9833.0,7,0,2,0,0.0
49517,0,0.148780929,87,0,0.077598315,2847.0,4,0,0,0,0.0
49519,0,0.008249794,49,0,0.31292363300000003,4425.0,7,0,1,0,0.0
49520,0,0.054648634,60,0,0.273938085,8333.0,4,0,1,0,2.0
49522,0,0.30556484899999997,72,0,0.384578772,2100.0,9,0,0,0,1.0
49523,0,0.0,23,0,0.0,929.0,2,0,0,0,0.0
49524,0,0.8995465640000001,26,0,0.642946317,800.0,4,0,0,0,0.0
49525,1,0.571278275,30,1,0.06741108400000001,2417.0,1,0,0,2,0.0
49526,1,0.613145876,38,0,0.279872785,2200.0,2,1,0,0,0.0
49527,0,0.9999998999999999,33,0,0.624678663,1166.0,3,0,0,0,1.0
49528,0,0.009188998,54,0,0.299031707,10533.0,7,0,1,0,1.0
49529,0,0.14202272900000001,45,0,1.608380755,3865.0,9,0,2,0,0.0
49530,0,0.110796777,44,0,0.41851629700000004,5000.0,12,0,2,0,3.0
49531,0,0.464918845,42,0,0.408140351,7124.0,9,0,1,0,0.0
49532,0,0.9999998999999999,46,0,0.0,4300.0,0,0,0,0,0.0
49533,0,0.47982590299999994,26,0,0.317528296,3268.0,8,0,0,0,3.0
49536,0,0.9999998999999999,33,1,0.23595280899999999,5000.0,4,3,0,0,2.0
49537,0,0.047909652999999996,53,1,0.330711837,4958.0,15,0,3,0,0.0
49539,0,0.253161392,41,0,0.36265912299999997,3534.0,12,0,0,0,3.0
49541,0,0.922268491,50,0,0.522995819,5500.0,7,0,2,0,2.0
49543,0,0.002133191,54,0,0.139347974,8833.0,3,0,1,0,0.0
49545,0,0.483489081,52,0,0.152712572,7667.0,14,0,0,0,2.0
49547,0,0.009999123,28,0,0.526982012,1500.0,5,0,1,0,0.0
49549,0,0.017590687,50,0,1901.0,,25,0,2,0,0.0
49551,0,0.237393957,58,0,0.61105366,8702.0,29,0,3,0,0.0
49552,0,0.04771732,57,0,0.355733914,7350.0,7,0,3,0,1.0
49556,0,0.9647689559999999,46,1,0.242352242,10100.0,8,0,2,0,1.0
49557,0,0.039074919,38,0,0.573836047,3500.0,8,0,3,0,0.0
49559,0,0.011394525,65,0,0.10598201900000001,5783.0,8,0,1,0,1.0
49560,0,0.372607195,65,0,0.825453313,5900.0,18,0,5,0,0.0
49561,1,0.943521595,51,2,0.462677725,3375.0,3,1,0,1,0.0
49563,0,0.021999267000000003,73,0,19.0,,5,0,0,0,
49564,0,0.0,70,0,0.0,23833.0,5,0,0,0,1.0
49566,0,0.9999998999999999,31,0,0.06371018099999999,1600.0,1,0,0,0,1.0
49567,0,0.650951628,33,1,0.47762497299999995,4580.0,8,0,1,0,1.0
49568,0,0.036764137,57,0,0.002799888,25000.0,5,0,0,0,0.0
49569,0,0.33510163800000003,39,0,0.626895517,6000.0,6,0,2,0,0.0
49570,0,0.99149523,33,0,1.2624916720000001,1500.0,11,0,1,0,2.0
49572,0,0.031817025,57,0,0.598935656,6200.0,9,0,2,0,0.0
49573,0,0.023873514,42,0,0.534945221,5293.0,6,0,2,0,0.0
49575,0,0.037065019,92,0,313.0,,7,0,0,1,0.0
49577,0,0.006075693,50,0,1986.0,,3,0,1,0,0.0
49579,0,0.101979604,25,0,0.019710907,760.0,4,0,0,0,0.0
49582,0,0.149137734,48,0,0.313426655,12072.0,14,0,1,0,1.0
49586,0,0.397020616,42,0,0.319498453,12600.0,10,0,2,0,3.0
49587,0,0.08831026199999999,47,0,0.014307392,4612.0,4,0,0,0,2.0
49589,0,0.550041756,74,0,0.591140729,2550.0,6,0,1,0,0.0
49593,0,0.9999998999999999,58,0,0.010057471,1391.0,1,0,0,0,0.0
49594,0,0.05099398,61,0,0.090159621,5700.0,9,0,1,0,0.0
49595,0,0.0,79,0,1881.0,,3,0,1,0,0.0
49596,1,0.9999998999999999,50,3,0.357242925,3568.0,2,1,1,0,2.0
49598,0,0.098543781,36,0,0.315557926,7500.0,10,0,2,0,3.0
49599,1,0.68350984,52,0,0.792630677,3500.0,20,0,2,0,2.0
49602,1,0.35107159299999996,40,0,0.498611265,9000.0,6,0,4,0,0.0
49603,0,0.5673120629999999,43,0,0.325765466,4800.0,6,0,2,0,1.0
49605,0,0.0,65,1,0.0,4500.0,1,0,0,0,0.0
49607,0,0.042271854000000005,54,0,0.339263804,4889.0,9,0,2,0,1.0
49609,0,0.149407228,74,1,0.593806374,3325.0,9,0,2,0,2.0
49610,0,0.19087484300000002,54,0,0.60511048,8100.0,4,0,2,0,0.0
49611,0,0.743280507,64,0,0.475812381,6800.0,7,0,1,0,1.0
49612,0,0.098980204,58,1,0.33440457100000004,5600.0,5,0,2,0,0.0
49614,0,0.003967525,47,0,0.315900788,5200.0,13,0,2,0,0.0
49615,1,0.9999998999999999,46,0,0.523432618,4800.0,2,0,1,0,2.0
49616,1,1.22713507,31,4,0.160144689,3040.0,8,0,0,0,2.0
49617,0,0.512334327,39,4,0.932293452,5833.0,21,0,1,0,0.0
49618,0,0.9838482040000001,36,2,0.217696195,9696.0,9,2,0,0,0.0
49620,1,0.906002725,70,0,0.7265603890000001,3700.0,11,2,2,0,0.0
49622,0,0.011608973,69,0,0.08324277299999999,4600.0,4,0,0,0,0.0
49623,1,0.527875167,46,0,0.123887611,10000.0,8,0,0,0,2.0
49630,0,0.059932334000000004,56,0,3603.0,,7,0,1,0,0.0
49632,0,0.099512128,29,0,0.568831943,3355.0,7,0,2,0,1.0
49634,1,0.369159364,52,2,0.22436486100000003,9800.0,10,0,0,0,2.0
49635,0,0.9999998999999999,51,0,1260.0,,3,1,1,1,2.0
49636,0,0.001409144,52,0,0.271151536,11653.0,5,0,2,0,1.0
49637,0,0.0,65,0,0.081436421,5095.0,6,0,2,0,0.0
49639,0,0.029598027000000002,52,0,13.0,,1,0,0,0,0.0
49642,1,0.07406679099999999,72,0,0.441414572,2346.0,17,0,1,0,0.0
49643,0,0.531757597,73,0,1.5834363409999999,1617.0,6,0,2,0,0.0
49644,0,0.0,81,0,986.0,,9,0,1,0,0.0
49648,0,0.008911368000000001,58,0,0.296547975,3678.0,7,0,2,0,0.0
49649,0,0.7196512140000001,49,0,0.818085388,3770.0,4,0,2,0,0.0
49650,0,0.9999998999999999,34,1,0.052379048,2500.0,2,0,0,0,3.0
49651,0,0.000564693,68,0,466.0,,6,0,0,0,0.0
49652,0,0.061330413,41,0,1169.0,,4,0,1,0,1.0
49654,0,0.08710257,46,0,0.00470519,6800.0,5,0,0,0,0.0
49655,0,0.119073375,41,0,0.092432641,7756.0,11,0,0,0,0.0
49662,0,0.301457659,44,0,4256.0,,10,0,1,0,1.0
49663,0,0.0,30,1,0.08868894599999999,5445.0,3,0,0,0,0.0
49664,0,0.085978505,24,0,0.012180268000000001,820.0,1,0,0,0,0.0
49666,0,0.10869514699999999,72,0,140.0,,4,0,0,0,0.0
49667,0,0.200174254,35,0,0.598592853,5400.0,8,0,1,0,2.0
49668,0,0.002837176,58,0,2521.0,0.0,10,0,1,0,0.0
49673,0,0.07553681400000001,62,0,0.08703252800000001,16016.0,6,0,1,0,0.0
49676,0,0.501955086,50,0,0.606317275,5666.0,6,0,2,0,0.0
49678,0,0.954030646,46,0,0.113342258,2240.0,3,0,0,0,2.0
49681,1,0.933554817,32,0,0.084878331,3451.0,5,0,0,0,2.0
49682,0,0.00040707199999999997,57,0,0.0,4236.0,6,0,0,0,0.0
49683,0,0.088616938,59,0,0.11067057400000001,5800.0,5,0,1,0,0.0
49684,0,0.9999998999999999,68,0,0.19585338800000002,2700.0,7,0,0,0,2.0
49686,0,0.052588964,80,0,0.010026385,3789.0,8,0,0,0,0.0
49687,1,0.23810973300000002,53,4,0.492245448,4448.0,11,0,2,0,0.0
49688,0,0.068927924,39,0,0.322973267,4600.0,17,0,1,0,0.0
49689,1,0.35345861700000003,49,0,0.149391149,10100.0,5,2,1,0,0.0
49690,0,0.045294641,75,0,0.032567707,2916.0,5,0,0,0,0.0
49691,0,0.555172989,69,0,0.563154797,8494.0,18,0,2,0,0.0
49692,0,0.381259037,42,0,0.400992935,5236.0,12,0,1,0,1.0
49694,1,0.9999998999999999,43,1,0.872998933,936.0,2,1,1,0,1.0
49695,0,0.995592017,36,0,0.524863352,7500.0,8,0,1,0,0.0
49696,1,0.9999998999999999,42,0,0.0,4374.0,0,0,0,0,0.0
49697,0,0.272846608,52,3,0.40078764,3300.0,16,0,2,0,2.0
49698,1,0.9999998999999999,30,98,0.0,338.0,0,98,0,98,0.0
49699,0,0.0,70,0,0.03701444,4916.0,12,0,1,0,0.0
49700,0,0.08996232400000001,71,0,0.139854796,7850.0,18,0,1,0,0.0
49701,0,0.01894849,55,0,0.7895163470000001,3700.0,20,0,2,0,0.0
49704,0,0.0,71,0,0.40159954299999995,3500.0,12,0,1,0,0.0
49706,0,0.165302645,43,3,0.153384747,4667.0,16,0,0,0,2.0
49707,0,0.817113077,42,0,0.328802589,3089.0,4,0,0,0,1.0
49708,0,0.97780148,36,0,0.747600349,4583.0,7,0,2,0,0.0
49709,0,0.32634528100000004,46,1,0.034281796,2916.0,2,0,0,0,2.0
49710,0,0.0,64,0,0.332444593,6000.0,6,0,1,0,0.0
49711,0,0.035612645,57,0,0.005414411,2400.0,2,0,0,0,0.0
49712,0,0.063490773,31,0,0.667526604,3100.0,8,0,1,0,2.0
49714,0,0.441094655,41,0,0.244748188,10900.0,8,0,2,0,3.0
49715,1,0.0,37,1,0.20992761100000001,2900.0,8,1,0,0,0.0
49716,0,0.0,71,0,0.216176963,8950.0,9,0,3,0,0.0
49717,0,0.017924547,61,0,4020.0,,10,0,2,0,0.0
49718,1,0.35175097299999997,70,2,0.9460179940000001,3000.0,5,2,2,0,0.0
49719,1,1.672654691,37,0,0.373897707,1700.0,2,2,0,0,1.0
49722,0,0.027144251,63,0,0.082000508,7877.0,6,0,1,0,0.0
49723,0,0.162519962,62,0,0.444753829,7900.0,10,0,2,0,1.0
49725,0,0.067226628,73,0,1034.0,,21,0,1,0,0.0
49726,0,1.029910443,31,1,355.0,,3,0,0,0,0.0
49727,0,0.950939875,54,3,0.157214645,13929.0,7,1,1,0,0.0
49728,0,0.22407076899999998,52,0,0.7289491220000001,4500.0,19,0,1,0,2.0
49729,0,0.09570309199999999,73,0,0.329287881,5602.0,9,0,2,0,1.0
49730,0,0.031792566,62,0,0.032841141000000004,3927.0,9,0,0,0,1.0
49731,0,0.18725002,63,0,1282.0,,3,0,1,0,0.0
49732,0,0.002645621,49,0,0.5178262370000001,8666.0,6,0,2,0,0.0
49734,0,0.027147781,69,0,0.152552553,3329.0,6,0,0,0,0.0
49736,0,0.9999998999999999,62,0,1920.0,,8,0,1,0,0.0
49737,0,0.9999998999999999,48,0,0.12340917900000001,2592.0,1,2,0,1,3.0
49738,1,0.19424405,40,0,788.0,,6,0,0,0,1.0
49739,0,0.0,47,0,0.36827774,13220.0,4,0,2,0,1.0
49742,0,0.140158374,67,0,291.0,,6,0,0,0,0.0
49743,0,0.0,58,0,0.097750296,7600.0,10,0,2,0,0.0
49746,0,0.462280743,58,0,0.23469837100000002,9083.0,6,0,1,0,2.0
49747,0,0.150091051,60,0,0.040995607999999996,9561.0,6,0,0,0,0.0
49748,0,0.11251981,57,0,2274.0,,7,0,1,0,1.0
49751,0,0.125348189,40,0,0.214593755,5796.0,5,0,0,1,3.0
49752,0,0.028590629,53,0,0.309995564,13525.0,18,0,4,0,0.0
49754,0,0.130259735,67,1,0.14430928199999998,6000.0,16,0,0,0,0.0
49755,0,0.528260407,48,1,7953.0,,10,0,2,0,3.0
49757,0,0.033741501,62,0,0.230452322,11650.0,11,0,1,0,2.0
49759,0,0.490925345,34,0,0.267189663,4333.0,6,0,0,0,3.0
49760,0,0.14425705,63,0,0.491676114,16758.0,7,0,3,0,0.0
49761,0,0.23834803100000002,51,0,0.766893243,2500.0,10,0,2,0,2.0
49762,0,0.01091124,66,0,0.371525695,5000.0,19,0,3,0,0.0
49764,0,0.912349525,76,0,914.0,,8,0,0,0,0.0
49766,0,0.07005636,36,0,34.0,,5,0,0,0,0.0
49767,0,0.009999764,37,0,0.414425105,7583.0,10,0,2,0,1.0
49768,0,0.47328253600000003,50,0,0.34785325899999997,16000.0,14,0,2,0,2.0
49769,1,0.145817572,45,0,0.325558147,3000.0,9,0,1,0,0.0
49770,0,0.137561106,67,0,0.13989899,1979.0,4,0,0,0,0.0
49771,0,0.0016781220000000002,56,0,935.0,,4,0,1,0,0.0
49773,0,0.7375006209999999,33,0,0.32979245,6118.0,8,0,1,0,4.0
49774,0,0.015014193,79,0,1214.0,,12,0,1,0,
49775,0,0.000640554,67,0,0.265503317,6933.0,14,0,1,0,1.0
49776,0,0.577808865,46,0,2.366150442,903.0,12,0,2,0,1.0
49777,0,0.9999998999999999,60,0,1.322735453,5000.0,5,0,1,0,0.0
49779,0,0.067296635,65,0,0.231401671,7540.0,5,0,1,0,0.0
49782,0,0.003882262,74,0,2033.0,,4,0,1,0,0.0
49785,0,0.301598154,37,0,2501.0,,5,0,2,0,0.0
49786,0,0.486260924,64,0,0.51074164,5352.0,14,0,1,0,0.0
49787,0,0.9079394709999999,35,0,0.45906356299999995,3822.0,4,0,1,0,0.0
49789,0,0.24122529199999998,36,0,0.37614814799999996,6749.0,5,0,1,0,1.0
49791,0,0.863045478,60,1,0.775660872,4198.0,9,0,2,0,1.0
49792,1,1.007984032,34,0,0.109396914,3564.0,2,0,0,0,1.0
49793,0,0.883756935,30,0,0.606521138,3618.0,8,0,1,0,2.0
49794,0,0.654166288,43,1,0.54576219,6500.0,8,0,1,1,1.0
49795,0,0.059971659000000004,64,0,3345.0,,9,0,1,0,0.0
49798,0,0.43729189799999996,35,0,1725.0,,7,0,1,0,1.0
49799,0,0.250752956,60,0,4541.0,,13,0,2,0,1.0
49800,0,0.04649535,50,2,0.56193465,5416.0,4,1,2,0,1.0
49801,0,0.095589538,42,0,0.300676699,9900.0,8,0,1,0,5.0
49803,1,0.914811358,62,1,0.7071881609999999,945.0,9,0,0,0,0.0
49804,0,0.505825074,61,0,0.323635273,3333.0,5,0,1,1,0.0
49806,0,0.0,46,0,0.296220108,3888.0,6,0,0,0,1.0
49807,0,0.07039798900000001,44,1,0.226037126,20416.0,10,0,2,0,4.0
49809,0,0.057263267,74,0,0.029697148,3400.0,10,0,0,0,0.0
49810,1,1.1745503000000002,34,2,0.190904548,2000.0,3,1,0,0,0.0
49813,0,0.032315223,61,0,0.09572606800000001,4000.0,4,0,0,0,0.0
49814,0,0.0,51,0,6281.0,,18,0,4,0,3.0
49818,0,0.0,82,0,33.0,,5,0,0,0,0.0
49819,0,0.261883504,50,0,0.503073286,16919.0,5,0,1,0,2.0
49820,0,0.9999998999999999,58,0,0.020362829,2700.0,0,1,0,0,0.0
49821,0,0.103356405,62,1,0.59655708,7725.0,17,0,2,0,1.0
49822,0,0.0,24,0,0.0,,1,0,0,0,
49823,0,0.745254745,31,0,0.508140531,2333.0,3,0,1,0,0.0
49824,0,0.18271896699999998,42,0,0.11445568099999999,8404.0,4,0,0,0,0.0
49825,0,0.36952846100000003,38,0,0.433391652,4000.0,13,0,2,0,3.0
49829,0,0.303095683,44,0,2723.0,,10,0,2,0,2.0
49830,0,0.0,42,0,0.522154056,4400.0,9,0,1,0,1.0
49832,0,0.060847277000000005,30,0,0.136105431,4400.0,9,0,0,0,0.0
49836,1,0.996379934,41,0,0.291991005,5780.0,5,4,1,2,2.0
49837,0,0.122153879,68,0,0.067669173,3058.0,6,0,0,0,0.0
49838,0,0.109228254,54,0,0.232618729,13433.0,13,0,1,0,3.0
49839,0,0.080245988,68,1,2941.0,,7,0,1,0,1.0
49840,0,0.9999998999999999,42,0,0.38531608700000003,5488.0,7,0,3,0,2.0
49842,0,0.29814382300000003,42,0,2841.0,,17,0,1,0,0.0
49844,0,0.116681608,35,0,0.852171826,8333.0,11,0,4,0,1.0
49845,0,0.086416595,45,0,0.18253050699999998,7784.0,15,0,1,0,4.0
49846,0,0.8314127029999999,62,0,0.92120579,6700.0,12,0,2,0,0.0
49847,1,1.041916168,30,0,0.11396343800000001,2570.0,4,4,0,0,3.0
49848,0,0.124382702,59,1,0.132765194,4458.0,10,0,0,0,1.0
49849,0,0.16836279199999998,66,0,28.0,,5,0,0,0,
49850,0,0.9999998999999999,48,0,0.312947015,6850.0,5,0,1,0,3.0
49851,0,0.38236648799999995,43,3,2916.0,,9,0,1,0,2.0
49853,0,0.710877566,66,0,0.599265744,3540.0,11,0,1,0,0.0
49854,0,0.457046236,40,0,0.36404036700000003,10800.0,4,0,1,0,0.0
49855,1,0.409374454,51,0,0.701799903,18500.0,21,0,6,0,0.0
49856,0,0.053617505999999995,47,0,0.27255617,8500.0,21,0,2,0,0.0
49857,0,0.048279247000000004,42,0,1293.0,,11,0,2,0,0.0
49858,0,0.9520048000000001,63,0,842.0,,4,0,1,0,2.0
49860,0,0.235976402,37,0,0.257774223,10000.0,4,0,1,0,1.0
49861,0,0.009532698000000001,62,0,0.108653536,12387.0,5,0,1,0,0.0
49864,0,0.007304508,71,0,0.36880693200000003,4500.0,19,0,0,0,0.0
49865,0,0.20397473300000002,42,0,0.3433972,15500.0,11,0,2,0,3.0
49866,0,0.05122967,53,0,0.443858938,7400.0,22,0,2,0,4.0
49867,0,0.001999969,57,0,0.1364661,17300.0,7,0,1,0,0.0
49869,0,0.0,52,0,0.141370239,8742.0,8,0,2,0,0.0
49871,0,0.110502476,71,0,0.379578246,9009.0,22,0,1,0,1.0
49872,0,0.072680357,40,0,0.049875312000000005,400.0,3,0,0,0,2.0
49874,0,0.9999998999999999,28,0,0.0,2583.0,1,0,0,0,0.0
49875,0,0.9999998999999999,70,0,0.01721266,1800.0,3,0,0,0,0.0
49876,0,0.06432576,36,0,1265.0,,6,0,1,0,0.0
49877,1,0.865318953,46,0,0.5782187360000001,6500.0,17,0,2,1,1.0
49879,0,0.0,41,0,0.8843187659999999,3500.0,4,0,2,0,0.0
49881,0,0.554681861,70,0,1.069498069,4920.0,15,0,2,0,0.0
49882,0,0.0,46,0,0.298147311,11064.0,7,0,2,0,1.0
49883,0,0.115478045,50,0,0.447191237,9950.0,19,0,3,0,2.0
49884,0,0.15579221,34,0,0.268481486,7750.0,8,0,1,0,0.0
49885,0,0.026423065,58,0,0.085190264,5833.0,18,0,0,0,0.0
49888,0,0.21964720699999998,64,0,0.211854075,10662.0,9,0,1,0,0.0
49889,0,0.043832603,65,0,0.152699509,5500.0,6,0,1,0,1.0
49890,0,0.0,71,0,383.0,,4,0,0,0,0.0
49891,0,0.43684962299999996,44,0,0.577870564,2394.0,7,0,0,0,0.0
49892,0,0.044699255,64,0,0.0039998,20000.0,6,0,0,0,0.0
49893,0,0.629370629,50,0,0.187967248,5617.0,4,1,1,0,0.0
49894,0,0.5989169679999999,48,0,0.551595621,8585.0,13,0,4,0,5.0
49895,0,0.613967892,50,3,0.47347115799999995,6916.0,9,0,1,0,1.0
49896,0,0.006892161,69,0,0.0026898409999999997,9665.0,14,0,0,0,1.0
49897,0,0.136140398,62,0,0.245805981,9596.0,17,0,1,0,0.0
49898,0,0.719618958,78,0,0.851276915,3993.0,19,0,2,0,0.0
49899,0,0.601243015,46,0,0.100389961,10000.0,17,0,1,0,0.0
49901,0,0.083613145,55,0,0.403886281,7667.0,20,0,1,0,1.0
49902,0,0.081215174,44,0,0.343169919,2100.0,5,0,1,0,2.0
49903,0,0.017134002,67,0,0.005013193,3789.0,10,0,0,0,0.0
49904,0,0.344955168,53,0,0.16747916300000001,6358.0,9,0,1,0,0.0
49905,0,0.03452002,44,0,0.300966862,12100.0,12,0,2,0,2.0
49906,0,0.636623859,48,1,0.358325523,3200.0,12,0,0,0,0.0
49907,0,0.260168496,46,0,0.180191972,4583.0,5,0,0,0,0.0
49908,0,0.024621377000000003,58,1,818.0,,6,0,1,0,
49909,0,0.48976951,41,0,0.95201371,3500.0,5,0,2,0,0.0
49910,0,0.992308876,55,0,2.19502244,2450.0,8,0,3,0,0.0
49911,0,1.006965277,37,0,0.8152901790000001,3583.0,13,0,3,0,0.0
49912,0,0.010865942,77,0,0.00079984,5000.0,5,0,0,0,0.0
49915,0,0.447379385,30,0,0.421185372,4757.0,11,0,1,0,2.0
49918,0,0.34205211700000004,74,0,0.434113177,5000.0,11,0,1,0,0.0
49919,0,0.906723167,50,1,2725.0,,16,0,2,0,0.0
49920,0,0.049897982,50,0,0.315041102,4500.0,12,0,1,0,3.0
49921,0,0.0,73,0,0.316841579,2000.0,4,0,1,0,1.0
49922,0,0.0,53,0,2479.0,,9,0,1,0,0.0
49923,1,0.9999998999999999,41,0,0.634595874,5913.0,5,0,2,0,1.0
49924,0,0.21332186399999997,30,0,0.013532882,30000.0,5,0,0,0,0.0
49925,0,0.145489856,40,0,0.36466257700000004,4074.0,11,0,1,0,0.0
49927,0,0.026880772,72,0,0.005459891,2380.0,2,0,0,0,0.0
49928,0,0.980926011,41,2,0.38375157600000004,8726.0,5,0,1,0,1.0
49929,0,0.097508425,29,0,0.048372093,1074.0,4,0,0,0,0.0
49930,0,0.335328725,55,0,0.363299694,10800.0,9,0,1,0,0.0
49933,0,0.33317094399999997,69,0,2.129398411,880.0,7,0,1,0,0.0
49935,0,1.003299835,51,0,1.462195924,3041.0,10,0,1,0,2.0
49936,0,0.01067346,55,0,4113.0,,13,0,5,0,2.0
49940,0,1.096585666,52,0,0.058857809000000004,5147.0,3,0,0,2,0.0
49941,0,0.054478032,67,0,0.337504776,10467.0,7,0,2,0,1.0
49942,0,0.455553435,77,0,0.13549388,5800.0,6,0,0,0,1.0
49943,0,0.050286642,41,1,0.45184938399999997,3000.0,5,0,1,0,0.0
49945,0,0.9999998999999999,56,0,0.003839693,4166.0,1,1,0,0,0.0
49946,1,0.884322479,35,1,0.281430826,1900.0,6,0,0,0,1.0
49947,0,0.60931311,42,3,0.515836149,4735.0,10,0,2,0,3.0
49948,0,0.275592142,68,2,0.382693845,5003.0,15,0,2,0,0.0
49949,1,0.829251455,54,3,4849.0,,30,0,2,0,0.0
49950,0,0.025841652000000003,42,0,0.10445559199999999,10166.0,12,0,0,0,0.0
49952,0,0.625473089,62,0,0.559650326,5833.0,5,0,1,0,0.0
49953,0,0.9999998999999999,63,0,0.337196092,4400.0,4,0,2,0,0.0
49958,0,0.104428362,35,0,0.373810676,6200.0,15,0,2,0,0.0
49959,0,0.059685946,49,1,0.333333333,8000.0,6,0,2,0,0.0
49960,0,0.06542013099999999,62,0,608.0,,19,0,1,0,0.0
49961,0,0.495371117,36,0,0.44911017799999997,5000.0,7,0,2,0,0.0
49962,0,1.487025948,53,1,0.47898746600000003,4068.0,3,0,1,1,1.0
49963,1,0.9999998999999999,35,0,0.044888798,4900.0,3,1,0,0,0.0
49965,0,0.125835482,76,0,0.00739926,10000.0,10,0,0,0,0.0
49968,0,0.0,35,0,750.0,,4,0,1,0,1.0
49970,0,0.173739137,67,0,1488.0,,5,0,1,0,0.0
49971,0,0.01355749,57,0,0.352801894,3800.0,20,0,1,0,2.0
49972,1,0.260396776,67,1,0.28333683,14300.0,20,0,0,0,0.0
49973,1,0.23194962100000002,58,1,0.7645962209999999,11800.0,20,0,3,0,1.0
49974,0,0.128601487,60,0,0.454720246,5200.0,10,0,1,0,0.0
49977,0,0.247038767,60,0,0.51529898,15000.0,22,0,2,0,1.0
49978,0,0.230388481,53,0,0.033022254,4178.0,4,0,0,0,0.0
49980,0,0.023363064,51,0,0.167017718,8070.0,7,0,1,0,2.0
49981,0,0.089763675,32,0,0.115245765,3600.0,20,0,0,0,0.0
49982,0,0.250306672,41,0,0.518740239,7683.0,12,0,2,0,2.0
49983,1,0.0,66,0,0.321864595,900.0,4,0,0,0,0.0
49984,1,0.9999998999999999,31,0,872.0,,6,1,1,0,0.0
49987,1,0.9999998999999999,46,1,409.0,,1,0,0,0,0.0
49989,0,0.009999813,70,0,0.047696737,10419.0,8,0,0,0,0.0
49990,0,0.09999523800000001,64,0,1100.0,,6,0,2,0,0.0
49991,1,1.4271457090000002,65,3,0.21096173699999998,2900.0,4,0,0,1,0.0
49992,1,0.9999998999999999,43,1,0.28022493,3200.0,6,2,0,1,1.0
49993,0,0.28099878699999997,47,0,0.443196324,3916.0,11,0,1,0,1.0
49994,0,0.260815382,45,1,0.54610564,5584.0,7,0,2,0,2.0
49996,0,0.019667171,55,0,0.299394051,10891.0,6,0,2,0,3.0
49997,0,0.000909065,64,0,1.775280899,800.0,10,0,2,0,0.0
49998,0,0.9001896220000001,54,1,7221.0,,11,0,2,0,0.0
50000,0,0.004868101,42,0,0.419144114,7500.0,7,0,2,0,2.0
50001,0,0.228692356,72,0,2982.0,,10,0,2,0,0.0
50002,0,0.083190865,66,0,0.18252212399999998,12655.0,5,0,2,0,0.0
50003,0,0.304982689,50,0,0.316907695,5600.0,7,0,1,0,2.0
50004,0,0.22324159,44,0,0.250066649,3750.0,5,0,1,0,0.0
50005,0,0.0,74,2,1784.0,,5,0,1,0,0.0
50006,0,0.239195645,40,0,0.094600831,6500.0,8,0,0,0,0.0
50007,1,0.06790945400000001,33,1,412.0,,3,1,0,1,0.0
50008,0,0.164702725,43,0,0.41369828799999997,8000.0,21,0,2,0,0.0
50009,0,0.379965458,49,0,1939.0,,2,0,1,0,0.0
50010,0,0.052752027,64,0,3534.0,,12,0,2,0,1.0
50012,0,0.117350575,83,0,0.380485095,5400.0,13,0,2,0,0.0
50013,0,0.44191741799999995,55,0,0.901191849,5201.0,21,0,2,0,1.0
50016,0,0.112625651,60,0,70.0,,3,0,0,0,0.0
50017,0,0.004471910999999999,45,0,0.40139965,4000.0,7,0,2,0,2.0
50018,0,0.015092699,30,0,0.085559206,7000.0,10,0,0,0,0.0
50019,1,0.9999998999999999,43,0,3759.0,,4,0,1,0,0.0
50020,0,0.330737242,51,0,0.521064302,6764.0,14,0,2,0,0.0
50021,0,0.007920481,63,0,0.07398943,7000.0,13,0,0,0,0.0
50022,0,0.033760075,74,0,1852.0,,6,0,1,0,0.0
50026,1,0.397057615,50,2,0.227150175,7417.0,10,0,0,1,2.0
50027,0,0.0,56,0,0.0,,2,0,0,0,0.0
50028,0,0.005659887,57,0,0.00092081,9773.0,4,0,0,0,0.0
50030,0,0.0,63,0,0.0,,7,0,0,0,
50031,0,0.0,63,0,898.0,,6,0,1,0,0.0
50032,0,0.9999998999999999,64,0,0.0,,0,0,0,0,0.0
50034,0,0.507187001,36,2,0.38628064700000003,3833.0,3,0,1,1,0.0
50035,0,0.47740169,27,0,1069.0,0.0,9,0,0,0,0.0
50036,1,0.207916833,38,2,0.282031044,3800.0,7,1,0,1,1.0
50039,0,0.107638266,48,0,455.0,,6,0,0,0,0.0
50042,0,0.43253234799999996,43,0,0.708940303,3500.0,17,0,1,0,1.0
50043,0,0.818508065,60,0,0.373807459,20753.0,17,0,2,0,2.0
50044,0,0.00386021,59,0,0.00279888,2500.0,12,0,0,0,0.0
50049,0,0.0,77,0,0.0,1510.0,6,0,0,0,0.0
50051,0,0.068381092,47,2,0.647690154,15000.0,22,0,4,0,2.0
50052,0,0.053926826,45,0,1834.0,0.0,14,0,1,0,2.0
50054,0,0.21339914,73,1,0.39186744100000004,10500.0,23,0,3,0,0.0
50057,0,0.0,42,0,0.34746380600000004,9600.0,8,0,2,0,2.0
50058,0,0.520033101,34,0,0.57295831,7003.0,6,0,1,0,2.0
50059,0,0.135026796,48,0,1.758496601,2500.0,6,0,1,0,0.0
50062,0,0.06159824,55,0,4.968015992,2000.0,9,0,4,0,0.0
50066,0,0.060553153,71,0,0.457954205,10000.0,8,0,2,0,0.0
50067,0,0.095650167,47,0,0.702192448,1641.0,9,0,1,0,2.0
50068,0,0.119103305,56,0,0.497229917,4331.0,16,0,2,0,1.0
50069,0,0.05673969,52,0,0.136723533,12250.0,4,0,1,0,2.0
50070,0,0.071920003,32,0,606.0,,4,0,0,0,
50071,0,0.013822207,72,0,0.39509665299999996,2120.0,9,0,1,0,0.0
50072,0,0.386273731,54,0,0.564929384,8000.0,11,0,2,0,2.0
50073,0,0.652675295,32,0,0.9589610390000001,1924.0,14,0,1,0,0.0
50074,0,0.25677231699999997,51,0,0.367271381,2700.0,5,0,1,0,1.0
50076,0,0.034314481,62,0,0.380943706,16466.0,11,0,3,0,0.0
50078,0,0.031678896,58,0,0.148909183,11825.0,17,0,1,0,2.0
50079,1,0.288878763,39,2,0.48337979799999997,9325.0,18,0,3,0,2.0
50080,0,0.024072915,52,0,0.279991047,4467.0,14,0,2,0,0.0
50081,0,0.14584270800000002,69,0,0.104935004,17000.0,8,0,1,0,0.0
50082,0,0.063143412,41,0,0.285686217,10178.0,12,0,1,0,0.0
50083,0,0.144153619,64,1,0.312735494,3980.0,20,0,1,0,0.0
50084,0,0.115296279,34,0,0.252174783,10000.0,8,0,1,0,2.0
50086,0,0.014373007,66,1,0.12157515699999999,101500.0,17,0,5,0,3.0
50087,0,0.343046002,54,1,0.5029996,7500.0,18,0,2,0,2.0
50089,0,0.028999597000000002,65,0,1934.0,,12,0,1,0,0.0
50091,1,0.097533881,31,1,0.32448733399999996,3315.0,5,0,0,0,1.0
50092,0,1.0192703909999998,39,0,0.270145423,5844.0,5,0,1,0,3.0
50093,0,0.49712684799999995,76,0,0.351878729,6200.0,11,0,1,0,0.0
50095,0,0.0029771809999999998,49,0,0.159735268,34600.0,14,0,3,0,3.0
50096,0,0.025038168,61,0,0.6595065929999999,4701.0,19,0,1,0,0.0
50098,0,0.49663616200000005,59,0,0.380691874,6214.0,9,0,1,0,0.0
50101,0,0.422126382,48,2,0.823236196,5215.0,24,1,3,0,2.0
50102,0,0.08431968599999999,48,0,0.311939268,10142.0,7,0,2,0,1.0
50103,0,0.024707304,52,0,0.177433322,11547.0,11,0,2,0,1.0
50104,0,0.611391151,79,0,0.420574337,2750.0,15,0,0,0,1.0
50105,0,0.6760381129999999,42,1,0.384199312,6100.0,9,0,0,0,1.0
50107,0,0.6957605990000001,43,1,1872.0,,6,0,0,0,0.0
50108,0,0.104511984,36,0,0.458726078,3500.0,6,0,2,0,0.0
50110,0,0.0,50,1,0.285640821,17500.0,15,0,3,0,1.0
50111,1,0.9999998999999999,29,4,0.990213523,2247.0,7,0,2,2,2.0
50112,0,0.008730005,69,0,0.148335204,5345.0,12,0,2,0,0.0
50113,0,0.733173137,59,0,0.365605732,6000.0,12,0,0,0,1.0
50114,0,0.669604271,51,2,0.307791372,3105.0,15,1,0,0,1.0
50115,0,0.077850955,62,0,0.270523847,14068.0,14,0,4,0,2.0
50117,0,0.0,24,1,0.6162904810000001,1018.0,5,0,0,0,0.0
50118,1,0.434227918,25,0,0.08888137900000001,2958.0,5,0,0,0,0.0
50119,1,0.00757815,42,1,0.36678014700000006,5580.0,8,0,3,1,2.0
50120,1,0.861569215,40,0,0.200879472,5002.0,8,0,0,0,1.0
50121,0,0.0,62,0,0.165059909,14521.0,7,0,2,0,0.0
50123,0,0.027718107999999998,78,0,0.302579596,4302.0,7,0,1,0,0.0
50124,0,0.050233664000000004,55,0,0.15057052099999998,8500.0,6,0,1,0,2.0
50127,1,1.037835718,34,1,0.666666667,3200.0,12,0,1,0,0.0
50128,0,0.259181412,49,0,0.25476457399999997,7135.0,11,0,2,0,1.0
50129,0,0.214780191,58,0,0.045296167000000005,5739.0,4,0,0,0,0.0
50130,0,0.22463373399999997,54,0,8026.0,,10,0,2,0,1.0
50131,0,0.23776071,42,0,0.37450469799999997,8832.0,9,0,2,0,2.0
50132,0,0.054794521,32,1,0.25479904,6667.0,6,0,2,0,1.0
50133,0,0.9999998999999999,27,1,0.099047241,5037.0,1,1,0,0,2.0
50134,0,0.838446364,39,0,0.10122845400000001,10500.0,2,0,0,0,4.0
50136,0,0.21962879,60,0,8143.0,,16,0,1,0,0.0
50137,0,0.46801641200000005,52,0,1.342701937,4233.0,19,0,2,0,2.0
50139,0,0.9628746990000001,40,0,0.503227172,9450.0,12,0,2,0,5.0
50140,0,0.088299176,65,0,0.06302573,16167.0,4,0,0,0,1.0
50143,0,0.00539222,71,0,0.006107718000000001,1800.0,5,0,0,0,0.0
50144,0,0.043882928,39,1,0.011329556999999999,3000.0,7,0,0,0,2.0
50145,0,0.01013902,30,0,0.00279888,2500.0,4,0,0,0,0.0
50146,0,0.450988302,62,0,0.512113617,8378.0,10,0,2,0,0.0
50147,0,0.357380935,32,0,0.118376325,5000.0,7,0,0,0,0.0
50148,0,0.105051578,46,0,0.461408993,8317.0,14,0,1,0,4.0
50150,0,0.957176901,46,0,0.37397218600000004,9850.0,10,0,2,0,0.0
50151,0,0.055032585,66,0,0.15288132599999998,11400.0,9,0,1,0,4.0
50152,0,0.10908173199999999,48,0,0.20451674,6331.0,7,0,1,0,2.0
50154,0,0.0,56,0,0.0,2217.0,3,0,0,0,0.0
50158,0,0.9999998999999999,48,0,0.0,,1,1,0,0,0.0
50161,0,0.002101568,73,0,0.002561475,5855.0,5,0,0,0,0.0
50162,1,0.999000125,69,1,0.49233503700000003,4500.0,10,3,1,0,0.0
50163,0,0.263466906,79,0,0.379946445,3360.0,16,0,1,0,0.0
50171,0,0.548350978,52,0,0.327105797,18733.0,24,0,2,1,0.0
50173,0,0.12594370300000002,51,0,0.146592218,11282.0,5,0,1,0,1.0
50174,1,0.012473192,58,0,0.35001438,3476.0,26,0,1,0,0.0
50175,0,0.762879234,46,0,0.617266526,4250.0,10,0,1,0,0.0
50177,0,0.018478353,82,0,0.00429957,10000.0,3,0,0,0,0.0
50178,0,0.9999998999999999,52,4,0.300970874,2780.0,2,1,0,0,0.0
50179,0,0.816874764,46,0,0.276907697,3000.0,5,0,0,0,2.0
50180,0,0.35458844700000003,42,0,1.087825777,2800.0,18,0,1,0,1.0
50181,0,0.6782110720000001,54,0,0.22372856,13350.0,3,0,1,0,2.0
50182,0,0.07838415900000001,44,0,1664.0,0.0,9,0,1,0,2.0
50184,0,0.532352884,59,0,0.445469957,5308.0,9,0,2,0,0.0
50185,0,0.9999998999999999,67,0,865.0,,2,0,1,0,
50186,0,0.0,70,0,0.25774146800000003,7588.0,5,0,1,0,0.0
50187,0,0.961921015,74,0,1785.0,,9,0,0,0,
50188,0,0.052907425999999994,38,0,0.41079774399999996,6204.0,12,0,1,0,3.0
50190,0,0.132076613,38,0,3738.0,,10,0,2,0,0.0
50192,0,0.00978913,89,0,0.0028663559999999996,2790.0,6,0,0,0,0.0
50194,0,0.0009998,82,0,0.0,4000.0,1,0,0,0,0.0
50195,0,0.021582814,58,0,0.027044747,6100.0,11,0,0,0,0.0
50196,0,0.19824929800000002,51,0,0.137323944,9371.0,10,0,0,0,4.0
50198,0,798.0,62,0,1100.0,,4,0,1,0,0.0
50199,0,0.700329967,64,0,0.22757955600000002,4147.0,3,0,1,0,1.0
50200,0,0.0,47,0,0.225980608,9075.0,5,0,1,0,2.0
50201,0,0.0007777560000000001,53,0,2692.0,,8,0,2,0,3.0
50205,0,0.460471918,54,0,0.43339144700000004,9750.0,10,0,2,0,4.0
50206,0,0.0,67,0,0.0,,4,0,0,0,0.0
50207,0,0.257236817,43,0,0.087353325,2300.0,5,0,0,0,0.0
50208,0,0.03558837,76,0,765.0,,6,0,1,0,0.0
50209,0,0.659835041,31,0,0.030437681,4500.0,4,0,0,0,0.0
50210,0,0.040533311,69,0,0.39714800899999997,6100.0,7,0,1,0,0.0
50211,0,1.440559441,57,0,53.0,,3,0,0,0,0.0
50215,0,0.027298635,49,0,0.0022219139999999997,7200.0,2,0,0,0,0.0
50216,0,0.34055891899999996,63,0,28.17145524,15000.0,14,0,4,0,1.0
50218,0,0.029476878999999997,73,0,0.26417313600000003,4250.0,6,0,0,0,1.0
50219,0,0.766242518,56,0,0.636671655,35416.0,25,0,5,0,4.0
50220,1,0.039865824,57,3,0.070738121,27000.0,15,0,0,0,0.0
50223,0,0.031917087000000004,71,0,0.013997201,5000.0,7,0,0,0,1.0
50224,0,0.384931859,59,1,1.32979664,1130.0,8,0,1,0,0.0
50225,0,0.20054735399999998,42,0,0.946610678,3333.0,8,0,1,0,0.0
50227,0,0.455169655,36,0,0.3952006,2666.0,10,0,2,0,0.0
50228,0,0.24174196399999998,49,0,0.296736261,8333.0,5,0,2,0,2.0
50229,0,0.45288699299999996,45,3,0.49491486700000004,8750.0,10,0,2,0,0.0
50230,0,0.264937085,63,0,0.073827224,3900.0,3,0,0,0,0.0
50231,0,0.08345511900000001,32,0,0.284571809,3000.0,7,0,0,0,0.0
50232,0,0.191577676,63,0,0.169730985,5166.0,6,0,1,0,2.0
50233,0,0.009016024000000001,44,1,0.252467105,8511.0,10,0,2,0,0.0
50235,0,0.001589505,70,0,454.0,,8,0,0,0,0.0
50236,0,0.040010469,64,0,0.622406639,8916.0,10,0,2,0,0.0
50237,0,0.014380496000000001,45,1,0.43219597600000004,8000.0,11,0,1,0,0.0
50238,0,0.847772883,41,1,0.13225762,7250.0,10,0,0,1,2.0
50239,0,0.46430602299999996,66,0,5217.0,,34,0,5,0,0.0
50241,0,0.614465863,61,0,0.397444519,2973.0,7,0,0,0,2.0
50242,0,0.9999998999999999,36,0,0.136016838,3800.0,2,0,0,0,2.0
50245,0,0.400356665,52,0,0.07247411599999999,2800.0,4,0,0,0,0.0
50247,0,0.9999998999999999,83,0,0.0,,2,0,0,0,
50248,0,0.9999998999999999,36,0,0.22803347300000001,2389.0,2,0,0,1,2.0
50249,1,0.9852029590000001,43,4,0.781574285,3950.0,12,0,1,0,1.0
50250,0,0.024277839,33,1,0.48767161700000006,7137.0,9,0,2,0,0.0
50254,0,0.9864732409999999,35,0,0.423319489,6500.0,9,0,1,0,2.0
50255,1,0.031339031,50,1,0.355433171,4720.0,7,1,1,0,3.0
50256,0,1.098950525,36,0,0.21648096,8166.0,3,0,1,0,1.0
50257,0,0.021820244,62,0,991.0,,4,0,1,0,
50261,0,0.10150481,56,2,0.582783443,6667.0,13,1,2,0,0.0
50262,0,0.0,42,0,0.38216128200000005,7365.0,10,0,1,0,2.0
50265,0,0.323562184,64,0,0.225371816,13581.0,6,0,2,0,0.0
50267,0,0.989535695,35,0,0.487825357,3572.0,4,0,0,0,0.0
50268,0,0.279839909,41,0,1.0379848059999999,2500.0,12,0,2,0,2.0
50269,0,0.380800409,77,0,0.934011998,5500.0,15,0,1,0,0.0
50270,0,0.9999998999999999,79,0,0.0,4000.0,1,0,0,0,0.0
50274,0,0.031499851,49,0,0.105995584,24000.0,14,0,1,0,0.0
50278,0,0.111790393,78,0,56.0,,6,0,0,0,0.0
50279,0,0.6677309570000001,38,0,0.425135088,5736.0,7,0,1,0,3.0
50281,0,0.010153325,61,0,0.22718163600000002,5488.0,6,0,1,0,0.0
50282,0,0.471726414,47,0,3520.0,,9,0,2,0,2.0
50283,0,0.038608085,68,0,1.6949709,6700.0,20,0,1,0,0.0
50285,0,0.320794756,54,0,0.153200816,13230.0,8,0,1,0,2.0
50286,0,0.20077119100000002,41,0,0.3984275,10937.0,5,0,1,0,2.0
50287,0,0.013472228999999999,38,0,23.0,,9,0,0,0,0.0
50289,0,0.389983751,43,0,0.7020033390000001,1197.0,7,0,0,0,0.0
50291,0,0.33965282799999996,34,0,0.039570981,15010.0,4,0,0,0,3.0
50293,0,0.009565051,57,0,0.197267577,3000.0,3,0,1,0,0.0
50295,0,0.09518392099999999,58,0,0.467513835,4878.0,17,0,0,0,0.0
50296,0,0.023090793999999998,40,0,203.0,,8,0,0,0,0.0
50298,0,0.411077475,44,0,0.41652238399999997,8085.0,18,0,1,0,1.0
50299,0,0.0,63,0,1978.0,,9,0,1,0,0.0
50301,0,0.767057801,46,1,0.396067416,4983.0,4,0,2,0,2.0
50302,0,0.000444432,65,0,0.00709563,6200.0,6,0,0,0,0.0
50308,0,0.035165407999999995,54,0,0.008115419,4435.0,8,0,0,0,1.0
50310,0,1.01242236,66,3,0.734853029,3333.0,8,0,1,0,0.0
50311,0,0.10673665800000001,43,0,0.200519965,15000.0,6,0,1,0,1.0
50312,1,0.7344363770000001,48,2,0.36871800200000004,9570.0,9,2,1,1,2.0
50314,0,0.566893801,45,0,0.310980865,5800.0,7,0,0,0,2.0
50315,0,0.217053005,58,0,1.982008996,2000.0,16,0,4,0,0.0
50316,0,0.42779744299999994,57,0,1.6972664219999998,2450.0,20,0,3,0,0.0
50318,0,0.00222814,50,0,2594.0,,2,0,1,0,0.0
50320,0,0.027521977000000003,62,0,0.04962595400000001,13500.0,6,0,1,0,1.0
50323,0,0.128252904,62,0,0.143186771,7800.0,7,0,0,0,0.0
50324,1,0.823294176,24,2,0.200874727,3200.0,5,2,0,0,2.0
50326,0,0.709943205,26,0,0.17917133300000002,6250.0,6,0,0,0,0.0
50328,0,0.778454047,66,0,0.554910243,1893.0,10,0,1,0,1.0
50329,0,0.0054373930000000004,91,0,0.002027965,9368.0,18,0,0,0,0.0
50330,0,0.0,61,0,0.09923761099999999,7869.0,9,0,2,0,1.0
50331,0,0.0,65,0,0.6048502139999999,700.0,10,0,0,0,0.0
50332,0,0.0,55,0,0.0,,5,0,0,0,
50333,0,0.058173628,54,0,0.454489036,4833.0,12,0,2,0,3.0
50336,0,0.015666449,56,0,0.07616521400000001,7916.0,11,0,0,0,0.0
50338,0,0.529855437,44,0,0.096546152,9901.0,5,0,0,0,7.0
50339,0,0.0,24,0,0.0,1.0,4,0,0,0,0.0
50340,0,0.953006713,35,0,0.20702029800000002,8916.0,7,0,0,0,1.0
50341,0,0.412412172,47,0,0.324774018,12500.0,11,0,3,0,1.0
50342,0,0.9999998999999999,30,0,0.098980204,5000.0,1,1,0,1,2.0
50343,0,0.002349883,70,1,1.0,,2,0,0,0,
50344,0,0.026817652,62,0,0.305735541,4166.0,23,0,2,0,0.0
50347,0,0.9999998999999999,40,0,0.095646212,2916.0,1,0,0,0,0.0
50348,0,0.502933471,56,0,2297.0,,8,0,1,0,0.0
50349,0,0.003123855,71,0,0.001666111,3000.0,6,0,0,0,0.0
50350,0,0.147906539,40,0,0.83304174,4000.0,13,0,1,0,2.0
50351,0,0.00045281300000000004,58,2,0.214442855,65000.0,8,0,1,0,0.0
50352,1,0.1319297,57,0,0.21756487,5510.0,15,0,1,0,0.0
50354,0,0.003214204,59,0,0.059683888,4238.0,5,0,0,0,0.0
50355,0,0.39046037299999997,59,0,0.7060443759999999,6534.0,17,0,2,0,3.0
50356,0,0.777174198,50,0,0.7676974940000001,6822.0,12,0,2,0,3.0
50357,0,0.017745468,72,0,0.003477505,4600.0,3,0,0,0,0.0
50358,0,0.162320383,67,0,0.219052745,3715.0,7,0,1,0,2.0
50359,0,0.102919207,62,0,0.611796068,3000.0,15,0,2,0,0.0
50361,0,0.051402382,47,0,1494.0,,9,0,1,0,
50362,0,0.06277548,78,1,0.097874529,5833.0,10,0,1,0,0.0
50363,0,0.075304439,56,0,0.930613877,5000.0,15,0,4,0,1.0
50364,0,0.156481273,61,0,0.106311495,12500.0,15,0,0,0,1.0
50365,0,0.008599427,77,0,0.09544618199999999,4347.0,3,0,0,0,0.0
50366,0,0.9999998999999999,61,0,43.0,,1,0,0,0,0.0
50368,0,0.810720268,48,0,0.715601158,3800.0,11,0,1,0,1.0
50369,0,0.9999998999999999,33,0,0.010854042,3500.0,0,0,0,0,0.0
50370,0,0.409019244,39,1,0.352702998,9137.0,7,0,1,0,3.0
50372,0,0.11216139300000001,34,0,0.22050494399999998,10416.0,9,0,1,0,0.0
50373,1,0.0,70,0,1663.0,,4,0,1,0,0.0
50374,0,0.000923057,42,0,4539.0,,10,0,2,0,2.0
50375,0,0.28291293300000003,66,0,0.600291606,4800.0,22,0,3,0,0.0
50378,0,0.049883345999999995,46,0,1493.0,,8,0,2,0,0.0
50379,0,0.048392335,51,0,0.12096774199999999,3967.0,9,0,0,0,1.0
50380,0,0.710327096,25,1,0.162909091,4124.0,7,0,0,0,0.0
50381,0,0.183851756,79,0,0.36440678,3775.0,7,0,1,0,0.0
50382,0,0.14750123,61,0,0.165854181,18666.0,18,0,2,0,1.0
50383,0,0.941310605,42,0,0.9010561420000001,3597.0,11,0,1,0,2.0
50384,0,0.043763263,65,0,0.165352405,16358.0,23,0,1,0,0.0
50386,0,0.645365332,39,0,400.0,1.0,9,0,0,1,0.0
50389,0,0.0,54,0,0.49149645299999994,11700.0,9,0,3,0,2.0
50390,0,0.274484751,74,0,0.25493461300000003,40833.0,17,0,7,0,0.0
50391,0,0.064402118,46,0,0.38323847200000005,12122.0,12,0,4,0,0.0
50392,0,0.15322866400000001,67,0,0.188864891,4166.0,11,0,1,0,0.0
50395,0,0.857023381,55,3,0.34228474,9383.0,13,0,1,1,0.0
50396,0,0.135240801,51,0,0.23884758399999997,15063.0,12,0,1,0,2.0
50397,0,0.880448922,60,0,0.6713527020000001,3200.0,11,0,0,0,0.0
50398,0,0.21978574899999997,71,0,0.184074457,2900.0,12,0,1,0,0.0
50399,1,0.991668123,66,7,0.6601551,10186.0,7,2,2,0,2.0
50400,0,0.149292413,46,0,1220.0,,14,0,2,0,0.0
50403,0,0.124912847,51,2,0.24933724,14333.0,18,0,2,0,1.0
50406,0,0.9999998999999999,42,0,0.003911343,2300.0,0,0,0,0,2.0
50407,0,0.252250325,62,0,0.34162870799999995,9000.0,5,0,1,0,0.0
50408,0,0.271072587,65,0,0.38559629,6900.0,8,0,1,0,0.0
50409,0,0.422138622,50,0,0.339088024,12916.0,22,0,1,0,4.0
50411,0,0.9999998999999999,30,0,0.145194274,4400.0,4,0,0,0,1.0
50414,0,0.220463935,43,0,0.462053795,10000.0,6,0,1,0,2.0
50416,0,0.255569005,52,0,0.44449073100000003,4800.0,7,0,2,0,2.0
50417,0,0.012012093,72,0,0.669768404,4835.0,13,0,3,0,0.0
50418,1,0.9999998999999999,32,1,0.858190302,6000.0,6,0,2,0,3.0
50419,0,0.615308348,58,1,0.413211999,8900.0,18,0,2,0,0.0
50420,0,0.42446176799999996,73,0,0.48735462399999996,10833.0,15,0,2,0,0.0
50421,0,0.925074925,78,0,0.235947567,4500.0,3,0,0,1,1.0
50422,0,0.344932753,63,0,0.324042793,3551.0,7,0,1,0,0.0
50423,0,0.967258185,31,1,0.418171229,5150.0,8,0,0,0,0.0
50424,0,0.230197843,53,0,0.32267093199999997,2500.0,5,0,2,0,1.0
50425,0,0.700557148,56,0,0.283218889,8300.0,6,0,1,0,2.0
50426,0,0.850196863,37,0,0.921052632,1747.0,9,0,0,0,1.0
50427,1,0.659990718,49,1,0.337325995,9266.0,8,0,1,0,5.0
50429,0,0.483402128,60,1,0.7818019629999999,5604.0,28,0,2,0,2.0
50431,0,0.043627948,56,0,0.32624353899999997,11800.0,8,0,2,0,2.0
50432,0,0.752427341,42,0,0.248260139,8333.0,6,0,1,0,2.0
50433,0,1.003107169,28,1,0.473365022,6100.0,10,0,1,0,3.0
50434,0,0.675555253,48,0,611.0,,10,0,0,0,
50436,0,0.0,46,0,0.891506067,1400.0,17,0,1,0,0.0
50437,0,0.071856287,59,0,0.000428449,2333.0,1,0,0,0,0.0
50438,0,0.026429509,70,0,0.016218618,4500.0,14,0,0,0,0.0
50440,0,0.044838997,44,0,0.327852615,5047.0,6,0,2,0,3.0
50441,0,8.09e-05,79,0,13.0,,6,0,0,0,0.0
50443,0,0.7212642979999999,43,1,0.654506148,7400.0,23,0,1,0,0.0
50445,0,0.090206644,64,1,1759.0,,15,0,2,0,0.0
50446,0,0.058412109000000004,36,0,0.26081988300000003,7000.0,7,0,1,0,3.0
50447,0,0.034321893,45,0,0.01498751,1200.0,3,0,0,0,1.0
50450,0,0.207848705,63,0,0.772918778,18750.0,18,0,4,0,1.0
50453,0,0.894471827,50,0,0.251582806,3000.0,3,0,0,0,1.0
50454,0,0.731683215,45,0,0.452635914,2427.0,6,0,0,0,1.0
50455,0,0.9950673240000001,59,0,0.388119954,1733.0,4,0,0,0,0.0
50456,0,0.087137239,60,0,0.162550579,21500.0,15,0,1,0,2.0
50457,0,1.0043318890000001,48,0,0.45623342200000006,4900.0,9,0,1,0,1.0
50459,0,0.22480926399999998,49,0,0.18230541600000003,12500.0,7,0,1,0,0.0
50462,0,0.82160892,76,0,0.40942928,1208.0,2,0,0,0,0.0
50463,0,0.078049835,45,0,0.5699600229999999,1750.0,10,0,2,0,0.0
50465,0,0.498010795,48,0,0.374909091,8249.0,8,1,1,0,3.0
50467,0,0.0,55,0,0.00119952,2500.0,4,0,0,0,1.0
50468,0,0.291576674,50,0,0.333872964,10500.0,12,0,1,0,0.0
50469,0,0.029625473,54,0,0.168281803,6500.0,9,0,1,0,1.0
50471,0,0.019527933,81,0,31.0,,10,0,0,0,
50472,0,0.165518774,29,1,0.291815455,7000.0,9,0,1,1,2.0
50473,0,0.70335311,54,0,1.442416341,2300.0,12,0,2,0,1.0
50474,0,0.0,63,0,14.0,,1,0,0,0,
50476,0,0.043419667,48,0,0.11888811099999999,10000.0,10,0,1,0,0.0
50477,1,0.640529197,47,0,1.498800959,1250.0,12,0,0,0,2.0
50478,0,0.144125959,39,0,0.42767631,7500.0,12,0,1,0,2.0
50479,0,0.301889423,54,0,0.197171344,22766.0,21,0,2,0,1.0
50480,0,0.131735247,50,1,0.539699122,4785.0,17,0,1,0,0.0
50481,0,0.827554311,69,0,0.397758255,3300.0,3,0,0,0,0.0
50482,0,0.011655902,78,0,0.018063028000000002,2601.0,8,0,0,0,0.0
50484,0,0.9999998999999999,55,0,0.040697673999999996,2235.0,3,0,0,0,0.0
50485,0,0.003711978,72,0,0.36785970700000004,9750.0,20,0,2,0,0.0
50486,0,0.394859474,50,0,0.309139628,17166.0,9,0,2,0,0.0
50488,0,0.058379562,64,0,77.0,,9,0,0,0,0.0
50489,0,0.9999998999999999,28,0,0.0,3300.0,1,0,0,0,0.0
50490,0,0.024101681,40,0,0.7802093240000001,4203.0,7,0,2,0,1.0
50491,0,0.132633835,62,0,0.296854231,6770.0,8,0,1,0,0.0
50493,0,0.9999998999999999,56,0,0.274513243,5700.0,7,0,1,0,1.0
50494,0,0.01105839,87,0,8.0,,3,0,0,0,0.0
50495,0,0.000260866,39,0,0.29982363300000003,1700.0,10,0,0,0,0.0
50496,0,1.395472703,25,1,516.0,,2,0,0,2,0.0
50497,0,0.080038492,27,0,56.0,,3,0,0,0,
50498,0,0.07783073900000001,57,0,0.505415508,10432.0,12,0,2,0,0.0
50502,1,0.9782062029999999,54,3,0.592592593,3833.0,10,3,2,1,0.0
50506,0,0.550011306,53,0,3389.0,,8,0,3,0,0.0
50509,0,0.31617692199999997,81,0,708.0,,3,0,1,0,
50510,0,0.096255655,72,0,3.325750682,1098.0,10,0,2,0,0.0
50511,0,0.084661023,84,0,0.658936425,2500.0,8,0,1,0,0.0
50512,0,0.9999998999999999,57,0,0.36245733799999996,4394.0,2,0,1,0,2.0
50513,0,0.176770862,52,0,0.50655709,5718.0,19,0,1,0,4.0
50514,1,0.820080267,32,1,0.20616409800000002,2400.0,6,1,0,1,0.0
50515,0,0.011456816000000002,60,0,0.091701564,11700.0,5,0,2,0,1.0
50516,0,0.954161996,42,0,0.136157062,5500.0,3,0,0,0,3.0
50517,0,0.019691803,68,0,0.37977468200000003,15000.0,14,0,2,0,2.0
50518,0,0.272068068,40,0,0.170425482,4300.0,6,0,0,0,0.0
50519,0,0.025722363999999998,74,0,0.003720238,2687.0,3,0,0,0,0.0
50520,0,0.610697013,77,0,321.0,,4,0,0,0,
50522,0,0.035408849,45,0,0.287985576,6100.0,6,0,0,0,2.0
50523,0,0.414885851,47,2,0.637425193,6850.0,16,0,2,0,0.0
50524,0,0.94106814,24,1,0.356191744,1501.0,4,0,0,0,0.0
50525,0,0.41764943299999996,44,0,0.182319118,4173.0,6,0,0,0,2.0
50526,0,0.357014951,60,0,0.673319456,8166.0,22,0,2,1,0.0
50527,1,0.9999998999999999,26,98,0.0,674.0,0,98,0,98,1.0
50528,0,1.021778584,28,0,0.013322231,1200.0,1,1,0,0,0.0
50531,0,0.331381231,25,0,0.87454324,820.0,5,0,0,0,0.0
50532,0,0.000959962,56,0,0.049024377,18500.0,5,0,1,0,0.0
50533,0,0.057078628,30,0,0.024765477999999997,2664.0,4,0,0,0,0.0
50534,0,0.047151792000000005,46,0,0.171565687,5000.0,8,0,2,0,0.0
50536,0,0.207665871,68,0,0.313642565,7329.0,16,0,1,0,0.0
50539,1,0.358880373,36,0,0.48613469200000003,5300.0,11,0,1,0,1.0
50541,0,0.042908918,39,1,0.212651793,3540.0,10,0,1,0,0.0
50542,0,0.375241651,54,0,0.42628916299999997,22533.0,12,0,6,0,0.0
50543,0,0.08642811,44,0,1153.0,,3,0,1,0,0.0
50544,0,0.099731383,44,0,0.21823636,16000.0,10,0,2,0,2.0
50545,0,0.08606874,67,0,115.0,,5,0,0,0,
50546,0,0.125539802,37,0,0.38223111,7000.0,12,0,1,0,2.0
50547,0,0.034199022999999995,44,0,0.107475574,4400.0,6,0,0,0,2.0
50549,0,0.18240943899999998,62,0,0.21774039399999998,10461.0,17,0,1,0,0.0
50550,0,0.046649223,49,0,0.592081584,1666.0,8,0,0,0,0.0
50551,0,0.060789134,44,0,595.0,,6,0,1,0,0.0
50552,0,0.112160323,53,0,3038.0,,8,0,2,0,0.0
50553,0,0.070147115,61,0,0.129900009,11300.0,19,0,1,0,2.0
50554,0,0.06677379,39,0,0.48129106,3500.0,3,0,1,0,0.0
50555,0,0.516349316,49,0,0.28525887,16938.0,15,0,2,0,0.0
50556,0,0.055889445999999995,71,0,0.184145268,12500.0,28,0,3,0,0.0
50557,0,0.32210307899999996,47,0,0.108641683,8458.0,13,0,0,0,0.0
50559,0,0.149576408,29,0,0.48399418,5497.0,12,0,1,0,0.0
50560,0,0.357652311,46,0,0.128363476,6800.0,6,0,0,0,3.0
50562,0,0.763764765,38,0,0.38223418600000003,5200.0,6,0,1,0,0.0
50563,0,0.982711935,54,0,496.0,,3,0,0,0,0.0
50564,0,0.212140418,39,0,0.33983084399999997,15133.0,13,0,3,0,3.0
50565,0,0.686337654,46,1,0.41234419,4973.0,16,0,1,0,2.0
50566,0,0.0,44,0,0.363727255,5000.0,5,0,2,0,1.0
50567,0,0.08039785599999999,34,0,1041.0,,6,0,1,0,2.0
50569,1,0.174728159,46,0,98.0,,1,1,0,0,0.0
50570,0,0.22767552800000002,35,0,0.131072249,5660.0,7,0,0,0,0.0
50571,0,0.037242998,71,0,0.00199981,10500.0,9,0,0,0,0.0
50572,0,0.0,67,0,321.0,,6,0,0,0,0.0
50573,0,0.069166985,43,0,0.228477152,10000.0,8,0,1,0,2.0
50576,0,0.0015128589999999999,56,0,645.0,1.0,5,0,1,0,0.0
50577,0,0.0,28,0,0.04070507,5502.0,3,1,0,0,0.0
50579,0,0.07579269,51,0,0.363348248,5363.0,10,0,1,0,0.0
50580,0,0.165472421,47,0,0.575097529,3075.0,7,0,2,0,0.0
50582,0,1.015796841,40,0,0.187272338,4666.0,2,0,1,0,0.0
50583,0,0.5863892860000001,53,0,0.35481659200000004,5833.0,6,1,1,1,0.0
50585,0,0.095815822,40,0,0.09193870800000001,1500.0,7,0,0,0,2.0
50588,0,0.618774209,47,1,0.276327869,7624.0,10,0,2,0,1.0
50589,0,0.0,31,0,0.23454833600000002,8833.0,6,1,2,0,1.0
50590,0,0.24849186,81,0,2.095238095,545.0,5,0,1,0,0.0
50592,0,0.9999998999999999,43,0,0.16812144199999998,5269.0,0,3,0,0,3.0
50593,0,0.0,87,0,2.0,,7,0,0,0,0.0
50595,0,0.493904229,53,0,6867.0,,12,0,3,0,0.0
50596,0,0.005953409000000001,59,1,0.54126804,6166.0,19,0,2,0,1.0
50598,0,0.192362635,49,0,0.127992889,18000.0,9,0,2,0,3.0
50602,0,0.009246513,65,1,0.21529110699999998,6251.0,9,0,1,0,0.0
50604,0,0.025667864,47,0,0.307969203,10000.0,12,0,2,0,0.0
50605,0,0.035132818999999996,27,0,13.0,,2,0,0,0,0.0
50606,0,0.005497183,85,0,1095.0,,12,0,0,0,0.0
50608,0,0.263703601,45,0,0.486664296,5623.0,6,0,1,0,3.0
50609,0,0.42568606299999995,54,0,4.62063228,600.0,9,0,1,0,0.0
50610,0,0.32740131,56,0,0.493223728,4500.0,18,0,2,0,2.0
50613,0,0.9999998999999999,28,0,0.24777006899999998,1008.0,7,6,0,0,0.0
50614,0,0.0,54,0,0.0,5172.0,1,0,0,0,0.0
50615,0,0.9999998999999999,29,0,0.018865409,15000.0,1,4,0,0,0.0
50616,0,0.342349864,61,0,0.354391546,8800.0,10,0,2,0,2.0
50617,0,0.020954351,70,0,2160.0,,8,0,1,0,2.0
50618,0,0.149709499,63,1,2288.0,,4,0,1,0,0.0
50620,0,0.093225863,58,1,0.131476293,18200.0,8,0,2,0,2.0
50621,0,0.087017557,62,0,1458.0,,7,0,2,0,0.0
50622,0,0.33758071,41,0,0.6906546729999999,2000.0,6,0,1,0,1.0
50623,0,0.045710241,52,0,0.339969646,11200.0,23,0,2,0,1.0
50625,1,0.52521688,51,0,777.0,,5,0,1,0,0.0
50627,0,0.148904258,52,0,0.0013194910000000001,40166.0,1,0,0,0,0.0
50628,0,0.008038953,67,0,8.0,,7,0,0,0,0.0
50629,0,0.073273168,30,0,0.576556111,2200.0,8,0,1,0,0.0
50630,0,0.093690631,50,1,0.00555005,5044.0,1,0,0,0,1.0
50631,0,0.96530347,40,1,0.540447191,5500.0,7,0,1,0,3.0
50632,0,0.020381389,77,0,0.021496417,6000.0,6,0,0,0,0.0
50633,0,0.31315098,60,0,0.259307219,9266.0,8,0,2,0,1.0
50634,0,0.026457984,29,0,0.084676037,5833.0,9,0,0,0,0.0
50636,0,0.036392846,63,1,1011.0,,8,1,1,0,0.0
50637,0,0.303186406,40,1,0.328931452,9919.0,10,0,2,0,3.0
50638,0,0.015208886999999999,48,0,0.581143972,6660.0,13,0,3,0,3.0
50642,0,0.071482682,49,0,0.537417461,2725.0,8,0,1,0,0.0
50643,0,0.363242451,38,0,0.711934156,1700.0,5,0,1,0,1.0
50647,0,0.33859413299999996,40,0,2572.0,,10,0,4,0,0.0
50648,0,0.186962607,85,0,28.0,,1,0,0,0,
50649,0,0.48093988299999996,71,0,0.01564413,7350.0,1,0,0,0,0.0
50651,0,0.9999998999999999,21,0,0.0,,0,0,0,0,0.0
50652,0,0.9999998999999999,30,0,692.0,,2,0,0,0,
50654,0,0.028544008,55,0,0.309188676,12645.0,6,0,2,0,4.0
50655,0,0.386669145,67,0,2230.0,,10,0,1,0,0.0
50656,0,0.006644518,38,0,0.16639968,4993.0,3,0,0,0,2.0
50658,1,0.04844843,68,0,0.071964018,7336.0,14,0,0,0,0.0
50659,0,0.567269507,50,0,0.18826671899999997,10107.0,9,0,0,0,1.0
50660,0,0.171735799,67,0,0.24764468399999998,5200.0,7,0,1,0,0.0
50662,0,0.459582198,28,0,0.083695815,6666.0,7,0,0,0,0.0
50663,0,0.044924948,41,0,0.338914469,7166.0,9,0,2,0,5.0
50665,0,0.043730418,62,0,0.23393776600000002,13400.0,7,0,2,0,0.0
50666,0,0.567262291,51,0,0.00959952,20000.0,3,0,0,0,0.0
50668,0,0.04424295,53,1,1.340975897,1700.0,16,0,2,1,0.0
50669,0,0.92588165,63,0,0.728043697,6956.0,16,0,2,0,0.0
50670,0,0.275975068,62,0,0.19998148300000002,10800.0,9,0,2,0,0.0
50671,0,0.063941724,64,0,0.43279726700000004,12000.0,11,0,2,0,1.0
50674,0,0.19035355699999998,65,0,0.480427691,5517.0,12,0,2,0,0.0
50675,0,0.9275817740000001,60,0,0.550471924,6250.0,14,0,2,0,0.0
50678,0,0.872975637,69,1,0.275815447,11833.0,8,1,2,1,0.0
50679,0,0.020543587,63,0,3606.0,,6,0,2,0,0.0
50680,0,0.147711678,65,0,0.12828947400000001,2735.0,10,0,0,0,0.0
50681,0,0.345010916,58,0,0.6348619870000001,4600.0,12,0,2,0,0.0
50685,0,0.051057912000000004,39,0,0.614186487,4750.0,6,0,2,0,2.0
50686,0,0.143058553,75,0,0.079564335,10833.0,14,0,0,0,0.0
50688,0,0.427223983,38,0,0.147295126,5600.0,6,0,0,0,2.0
50690,0,0.964017991,67,0,221.0,,3,0,0,0,0.0
50692,0,0.0029265909999999997,63,0,1.0,,2,0,0,0,
50695,0,9684.0,45,1,0.423414023,9583.0,6,0,2,0,1.0
50696,0,0.385023465,24,0,0.020483546000000002,2977.0,3,0,0,0,2.0
50697,0,0.15476848699999998,81,0,0.090126115,3250.0,9,0,0,0,1.0
50698,0,0.439622415,62,0,0.28884741,15000.0,4,0,2,0,0.0
50699,0,0.9999998999999999,51,0,228.0,,2,1,0,0,0.0
50700,0,0.030106068,68,0,26.0,,1,0,0,0,0.0
50704,0,0.0,87,0,0.254553155,2360.0,4,0,1,0,0.0
50705,0,0.155839279,71,0,0.260830926,4500.0,12,0,0,0,0.0
50707,0,0.20939534199999998,51,0,0.371741041,10240.0,10,0,2,0,0.0
50709,0,0.0,57,0,707.0,,18,0,1,0,0.0
50710,0,0.59233062,35,0,0.569714743,3750.0,7,0,0,0,3.0
50711,0,0.126372615,42,1,0.406792744,2590.0,6,0,1,0,1.0
50715,0,0.7451498190000001,33,0,0.593057851,3024.0,7,0,0,0,0.0
50717,0,0.9999998999999999,60,0,0.7344374640000001,1750.0,3,0,2,0,0.0
50720,0,0.34685021200000005,37,0,0.346239762,9400.0,18,0,1,0,1.0
50723,0,0.166266401,73,0,0.240281555,6250.0,14,0,1,0,0.0
50724,0,0.00023422299999999998,59,0,0.524688509,4333.0,8,0,1,0,1.0
50725,0,0.02514727,34,0,0.45788552899999996,4000.0,11,0,1,0,0.0
50726,0,0.823409348,62,0,0.466384181,7079.0,20,0,1,0,0.0
50728,0,0.9999998999999999,71,0,0.152570879,4161.0,3,0,0,0,0.0
50729,0,0.773801871,55,0,0.064705317,10400.0,3,0,1,0,1.0
50730,0,0.437460284,56,0,0.586869266,6975.0,15,0,3,0,1.0
50732,0,0.9999998999999999,48,1,0.031042902,8600.0,1,2,0,0,2.0
50733,1,0.944365193,30,2,0.130773845,5000.0,3,2,0,0,1.0
50734,0,0.074197527,58,0,0.25525858,6322.0,7,0,2,0,0.0
50735,0,0.138749882,63,0,1892.0,,12,0,1,0,
50736,0,0.030233218,60,0,0.24312549100000003,14000.0,14,0,3,0,2.0
50737,0,0.063186184,30,0,0.064239829,1400.0,4,0,0,0,0.0
50738,0,0.042131424,69,0,0.044282728,12916.0,8,0,0,0,0.0
50739,0,0.002529263,59,0,0.15627839400000001,5502.0,3,0,1,0,0.0
50740,0,0.664401531,60,0,0.486171367,7375.0,9,1,3,1,0.0
50741,0,0.5849770329999999,37,0,0.011814658,5416.0,5,0,0,0,0.0
50743,0,0.9002199559999999,28,0,0.06527875799999999,2833.0,3,0,0,0,1.0
50747,0,0.346697376,58,4,0.371209597,3000.0,15,0,0,0,1.0
50748,0,0.045749160999999997,72,0,0.19243986300000002,3200.0,11,0,1,0,0.0
50751,0,0.108466633,54,0,3193.0,,11,0,2,0,0.0
50754,0,0.093138998,45,1,0.6870900659999999,6250.0,6,0,2,1,1.0
50756,0,0.046859375,71,0,0.36929806299999995,4800.0,10,0,2,0,1.0
50757,0,0.068915536,74,0,0.03618703,10500.0,14,0,0,0,0.0
50759,0,0.029428546,48,0,0.24290030199999998,4964.0,4,0,1,0,1.0
50762,0,0.151270496,67,0,1948.0,,7,0,1,0,0.0
50763,0,0.028156099999999996,62,0,0.164159345,8308.0,8,0,1,0,0.0
50764,0,0.312303626,68,0,0.303077726,5750.0,7,0,2,0,0.0
50765,0,0.001414565,44,0,0.0,,4,0,0,0,0.0
50766,0,0.66741833,63,0,7020.0,,10,0,1,0,0.0
50768,0,0.0982305,73,0,0.137343133,20000.0,8,0,1,0,0.0
50769,0,0.209333025,51,0,0.085833254,10566.0,8,0,0,0,2.0
50770,0,0.9999998999999999,34,2,0.08821788,1688.0,1,0,0,0,2.0
50771,1,1.07053263,55,2,194.0,,2,2,0,0,2.0
50772,0,0.673612242,49,0,0.194600675,8000.0,9,0,0,0,4.0
50773,0,0.003365772,72,0,0.16030661599999999,6000.0,9,0,1,0,0.0
50776,0,0.10881570900000001,66,0,0.203994294,700.0,13,0,0,0,0.0
50777,0,0.9999998999999999,21,0,400.0,,1,0,0,0,0.0
50778,0,0.9999998999999999,35,1,0.0,2500.0,2,1,0,0,5.0
50779,0,0.014199053,53,0,0.34218525,6250.0,3,0,1,0,3.0
50781,1,1.125291569,51,4,0.432072456,5630.0,7,0,2,1,0.0
50782,0,0.024322853,84,0,20.0,,8,0,0,0,
50783,1,0.9999998999999999,57,0,0.0,,0,0,0,0,0.0
50786,0,0.046708171,66,0,0.36973833899999997,2636.0,3,0,1,0,0.0
50787,0,0.031691089,64,0,1.3570887040000001,1318.0,7,0,1,0,0.0
50788,0,0.9956252729999999,30,0,0.279544091,3333.0,8,0,0,1,0.0
50789,0,0.16298021,66,0,0.402865711,3000.0,7,0,2,0,1.0
50791,0,0.35775895,39,0,0.37893649999999995,1936.0,4,0,0,0,1.0
50792,0,0.0034285009999999996,45,0,0.29898112600000004,5986.0,6,0,1,0,0.0
50793,0,0.0,80,0,1457.0,,12,0,0,0,
50794,0,0.330248726,44,2,0.729737918,6600.0,12,0,2,1,0.0
50795,0,0.032069138,56,1,0.00430703,6500.0,8,0,0,0,0.0
50797,0,0.549876053,74,1,0.373107852,8455.0,15,0,2,0,1.0
50798,0,0.49093506200000003,35,0,0.7822618490000001,2130.0,7,0,0,0,0.0
50801,0,0.32117015,49,0,0.42610462200000004,7875.0,13,0,2,0,5.0
50802,0,0.657624223,44,0,0.454819845,5300.0,11,0,1,0,2.0
50805,0,0.005730549000000001,33,0,0.09723583599999999,5100.0,4,0,0,0,0.0
50806,0,0.884315143,53,1,0.5078804579999999,11610.0,20,0,4,0,2.0
50807,0,0.509345794,53,0,3057.0,,18,0,2,0,1.0
50809,0,0.030991118999999998,61,0,0.22505995199999998,8339.0,14,0,1,0,1.0
50810,0,0.877604085,45,1,0.40816769799999997,9206.0,8,0,2,0,0.0
50812,0,0.20918774,64,0,0.344155043,8100.0,6,0,1,0,0.0
50813,0,0.46315914799999996,44,0,0.283286935,20833.0,8,0,4,0,2.0
50814,0,0.184154176,63,0,0.01165681,11666.0,5,0,0,0,1.0
50816,1,0.0,47,3,0.470153311,9196.0,10,1,2,1,3.0
50817,0,0.052044894,86,0,0.012688821999999999,6619.0,10,0,0,0,1.0
50818,0,0.532457336,42,0,0.49461704100000004,3250.0,4,0,1,0,3.0
50819,0,0.013290393000000001,64,0,1066.0,,22,0,2,0,0.0
50820,0,0.16971632399999997,43,0,0.213052385,6833.0,18,0,1,0,0.0
50824,0,0.6280554429999999,59,0,0.815453029,7195.0,22,0,2,0,3.0
50825,0,0.52527813,33,0,0.40374577799999994,3256.0,5,0,1,0,0.0
50826,1,1.336621455,47,1,0.012329224,3000.0,2,0,0,0,2.0
50827,0,0.03929869,79,0,0.121140841,3400.0,4,0,1,0,0.0
50828,0,0.005677845999999999,59,0,0.25324179999999996,3932.0,6,0,1,0,0.0
50829,0,0.595546467,45,0,0.427582671,3900.0,4,0,1,0,1.0
50830,0,0.027288756,49,0,0.27443757399999996,7600.0,12,0,1,0,2.0
50831,0,0.25548349600000003,64,0,0.880447821,2500.0,11,0,0,0,0.0
50832,0,0.013039791,73,0,0.0028992809999999996,7932.0,8,0,0,0,0.0
50833,0,0.083446488,32,0,0.855257897,2500.0,6,0,1,0,1.0
50834,1,0.051875327,70,1,0.34726380100000004,8350.0,5,2,1,2,0.0
50835,0,0.039669499,33,0,0.319368063,10000.0,17,0,2,0,4.0
50836,0,0.011650203,70,1,0.0022935779999999997,5667.0,3,0,0,0,0.0
50837,0,0.91692359,28,0,877.0,,5,1,0,1,0.0
50838,0,0.143293116,60,0,2916.0,,14,0,2,0,0.0
50839,0,0.037003772000000004,61,0,5109.0,,10,0,2,0,0.0
50840,0,0.9999998999999999,49,0,0.7326670829999999,1600.0,5,0,0,0,0.0
50841,0,0.220702344,30,0,0.9182189909999999,2200.0,6,0,1,0,2.0
50842,0,0.0,77,0,1099.0,,6,0,1,0,0.0
50845,0,0.54476536,66,0,0.396265255,6800.0,7,0,1,0,0.0
50846,1,0.107407448,56,0,0.446539533,9333.0,22,0,1,0,2.0
50848,0,0.174457505,65,0,0.307894737,3799.0,9,0,1,0,1.0
50849,0,0.9999998999999999,37,0,0.40110405200000004,9600.0,5,0,1,0,1.0
50850,0,0.21269632600000002,60,0,0.318143637,4761.0,7,0,0,0,2.0
50851,0,0.9751645390000001,38,0,0.513219285,4500.0,11,0,0,0,2.0
50854,0,0.009423323,82,0,919.0,,6,0,0,0,
50855,0,0.45221911200000003,50,0,0.227676682,7088.0,3,0,1,0,1.0
50856,0,0.201408275,67,1,264.0,,3,0,0,0,0.0
50857,0,0.222615724,55,0,0.103090363,21291.0,6,0,1,0,1.0
50858,0,2.7316713519999998,53,0,0.829306889,9478.0,17,0,3,0,1.0
50860,0,0.131189505,46,0,0.418096984,6000.0,10,0,2,1,1.0
50861,0,0.004630868,67,0,0.16395901,4000.0,4,0,0,0,0.0
50862,0,0.138243331,50,1,1.058811998,5100.0,11,0,3,0,0.0
50863,0,0.046174833,50,1,0.39093268200000003,6550.0,10,0,2,0,2.0
50864,0,0.9999998999999999,27,0,0.107784431,1669.0,2,1,0,0,0.0
50866,0,0.22936056100000002,63,0,1.641347801,1750.0,6,0,2,0,1.0
50867,0,1.5367363459999999,34,0,0.414825283,7783.0,12,0,2,0,2.0
50868,0,0.544964613,49,0,0.561007221,5400.0,11,0,2,0,0.0
50869,0,0.22156314600000002,61,0,0.500999846,6500.0,7,0,2,0,2.0
50871,1,0.9867109629999999,35,0,98.0,,3,0,0,0,0.0
50873,0,0.47210824799999995,46,0,0.314135206,17084.0,17,0,3,0,3.0
50875,0,0.9999998999999999,37,0,0.00856531,1400.0,0,1,0,0,1.0
50877,0,0.247025099,38,0,0.225137082,9300.0,3,0,2,0,4.0
50878,0,0.156892155,51,0,1692.0,,4,0,1,0,0.0
50881,0,0.830761517,60,1,1014.0,,6,1,0,2,0.0
50882,0,0.102318065,32,0,0.051730844000000005,2570.0,4,0,0,0,2.0
50884,0,0.045641689000000006,65,0,0.135063403,3390.0,4,0,0,0,0.0
50887,0,0.297592493,51,0,1355.0,,6,0,1,0,3.0
50888,0,0.057126172,39,0,0.14929352199999998,3750.0,4,0,0,0,0.0
50889,0,0.046851273,51,0,0.074465276,41656.0,9,0,2,0,3.0
50890,0,0.331904832,38,0,0.426928845,6000.0,8,0,3,0,1.0
50892,0,0.025169521,63,0,20.0,,7,0,0,0,0.0
50893,0,0.400243468,47,0,0.21751684300000002,9350.0,9,0,1,0,1.0
50895,0,0.136929676,62,0,0.22382845399999998,8300.0,23,0,2,0,0.0
50896,0,0.054437822000000004,67,0,3.073529412,475.0,5,0,1,0,0.0
50897,0,0.014603728,58,0,0.5835,3999.0,7,0,1,0,1.0
50899,0,0.0,81,0,0.0,7500.0,7,0,0,0,0.0
50900,0,0.44810990100000003,41,0,6238.0,,12,0,6,0,2.0
50901,0,0.822242998,68,2,3929.0,,14,0,2,0,0.0
50902,0,0.9999998999999999,26,0,0.081583683,5000.0,8,0,0,0,0.0
50906,0,0.299110969,44,0,0.254289961,7400.0,17,0,1,0,0.0
50907,0,0.03806426,39,0,0.08281953,6000.0,9,0,0,0,4.0
50908,0,0.365356839,45,0,0.351316157,10750.0,6,0,2,0,0.0
50909,0,0.128727099,60,0,0.351149007,9616.0,10,0,2,0,0.0
50911,0,0.23897072600000002,49,0,570.0,,6,0,0,0,0.0
50912,0,0.0,57,0,0.483712354,4880.0,6,0,1,0,1.0
50913,0,0.664971792,46,0,0.28179669,4229.0,3,0,0,0,1.0
50914,0,0.9176658670000001,55,0,0.08176691700000001,3191.0,6,0,0,0,0.0
50915,0,0.16158660800000002,36,0,0.274058075,12500.0,4,0,1,0,1.0
50916,0,0.240898141,61,0,1.234567901,2915.0,11,0,1,0,0.0
50918,0,0.0,85,0,31.0,,1,0,0,0,
50921,0,0.137724551,44,0,47.0,,2,0,0,0,0.0
50922,1,0.864126528,28,2,0.149207814,6500.0,14,2,0,2,0.0
50923,0,0.009533432,51,0,0.28035885899999996,3120.0,8,0,1,0,1.0
50926,0,0.200672297,58,0,0.443113233,11100.0,10,0,3,0,1.0
50927,0,0.9999998999999999,45,0,0.814132104,2603.0,5,0,1,0,1.0
50929,0,0.0027263390000000004,66,0,0.215623852,8166.0,21,0,1,0,0.0
50930,0,0.08920968300000001,56,0,0.31834083,2000.0,10,0,0,0,0.0
50931,0,0.116729871,62,0,1.229885057,2000.0,20,0,1,0,0.0
50932,0,0.15400752,64,0,0.482752875,6000.0,13,0,2,0,0.0
50934,0,0.006899046999999999,76,0,8.0,,6,0,0,0,0.0
50936,0,0.876769795,53,0,0.369931271,5819.0,8,0,0,0,2.0
50937,0,0.01669833,51,0,0.048822124,5857.0,5,0,0,0,0.0
50938,0,0.0,53,0,1832.0,,6,0,2,0,0.0
50939,0,0.75249501,50,0,151.0,,3,0,0,2,0.0
50940,0,0.9999998999999999,30,0,0.19641282,3400.0,6,0,0,0,0.0
50943,0,0.031632097000000005,63,0,1519.0,0.0,12,0,1,0,0.0
50945,0,0.35368404700000006,65,0,1698.0,1.0,11,0,2,0,0.0
50947,0,0.247913542,52,0,0.35409161100000003,3885.0,7,0,1,0,0.0
50948,0,0.832633473,28,1,0.49157383600000004,3500.0,5,0,0,0,3.0
50949,0,0.101258822,55,0,0.12328196599999999,2400.0,6,0,0,0,0.0
50950,0,0.035083988999999996,47,0,0.321051657,5400.0,11,0,2,0,1.0
50951,0,0.9999998999999999,25,0,0.745837958,900.0,2,0,0,0,0.0
50952,0,0.755118152,40,1,0.531123444,6666.0,6,0,2,0,2.0
50955,0,0.037400803999999996,49,0,0.031968032,1000.0,4,0,0,0,0.0
50956,0,0.055869314,43,0,0.179404901,6855.0,14,0,0,0,1.0
50957,0,0.37176434700000005,64,0,0.12115309699999999,7700.0,4,0,0,0,3.0
50959,0,0.087982404,51,0,885.0,,2,0,1,0,0.0
50960,0,0.907995303,44,0,0.47213196700000004,4000.0,21,0,0,1,2.0
50962,0,0.875973047,79,0,1.0649188509999998,800.0,6,0,0,0,0.0
50963,1,0.9999998999999999,33,0,107.0,,1,0,0,0,0.0
50964,0,0.22717545600000003,55,0,0.18900846300000002,9570.0,5,0,1,0,0.0
50965,0,0.078129698,40,0,0.517115633,8500.0,9,0,2,0,2.0
50966,0,0.019574571000000002,45,0,0.5295146479999999,4573.0,5,0,2,0,0.0
50968,0,0.9999998999999999,28,0,31.0,,0,1,0,0,0.0
50969,0,0.028209426,79,0,0.009997500999999999,4000.0,2,0,0,0,0.0
50971,0,0.082379473,51,0,0.5090829179999999,6825.0,9,0,2,0,2.0
50972,0,0.255492412,58,0,0.233741301,12500.0,11,0,2,0,1.0
50973,0,0.250698415,43,0,0.205854127,2083.0,9,0,0,0,0.0
50974,0,0.6670554910000001,47,0,0.55568054,4444.0,8,0,3,1,4.0
50975,0,0.098250039,64,0,0.36652253100000004,8787.0,8,0,2,0,1.0
50976,0,0.048924203,48,0,754.0,,2,0,1,0,0.0
50977,0,0.812886695,55,0,2856.0,,5,0,1,0,0.0
50979,0,0.52096535,30,0,0.323072876,3800.0,6,0,0,0,0.0
50980,1,0.995311501,43,1,0.77674558,3336.0,17,0,2,1,1.0
50981,0,0.126883668,62,0,0.35694051,6000.0,21,0,0,0,0.0
50982,0,0.731193442,55,0,0.540744108,15400.0,12,0,5,0,1.0
50983,0,0.416496918,45,0,0.14432989699999998,6595.0,3,0,0,0,1.0
50984,0,0.556459139,32,0,1.0060152820000001,6150.0,5,0,2,0,0.0
50985,0,0.8990283059999999,55,1,0.441336876,7150.0,7,0,2,0,2.0
50989,0,0.25245525399999996,48,0,0.42039079100000004,10337.0,8,0,2,0,4.0
50990,0,0.021410505,30,1,191.0,,5,1,0,0,
50992,0,0.9999998999999999,50,0,1024.0,,6,0,0,0,0.0
50994,0,0.128935532,24,0,0.008526188,820.0,1,0,0,0,0.0
50995,0,0.013073873,46,0,0.621037896,10000.0,13,0,4,0,0.0
50998,0,0.107155714,49,0,878.0,,2,0,0,0,0.0
51000,0,0.00095648,67,0,0.0,,2,0,0,0,
51001,0,0.211596135,40,0,0.11795166900000001,3475.0,4,0,0,0,0.0
51002,0,0.44562416200000005,44,0,1903.0,,11,0,2,1,2.0
51003,0,0.023530354,41,0,1.3066954640000001,925.0,5,0,2,0,2.0
51004,0,0.9999998999999999,22,0,0.119960013,3000.0,1,1,0,0,0.0
51005,0,0.0,34,0,0.148470306,3333.0,4,0,0,0,0.0
51007,0,0.18218247399999998,53,0,0.466333369,9400.0,8,0,2,0,1.0
51009,0,0.062422970999999994,53,0,0.708658268,5000.0,15,0,1,0,0.0
51010,0,0.066611829,34,0,0.20638348899999998,8333.0,5,0,1,0,0.0
51011,0,0.105298234,75,0,0.005260081999999999,1710.0,2,0,0,0,1.0
51012,0,0.045563897,54,0,0.530791789,5114.0,9,0,1,0,1.0
51013,0,0.0,63,0,1877.0,,8,0,1,0,0.0
51014,0,0.30039199,54,0,0.39729791600000003,4366.0,7,0,1,0,2.0
51015,0,0.0,47,0,0.31733653300000003,5000.0,4,1,2,0,0.0
51017,0,0.014234875,50,0,0.000129024,15500.0,2,0,0,0,3.0
51018,0,0.005766083000000001,64,0,0.169052488,4400.0,13,0,1,0,1.0
51019,0,0.0027937070000000003,40,0,0.223980017,1200.0,6,0,0,0,2.0
51022,0,1.0796219759999999,54,1,0.9502241090000001,4238.0,7,0,2,0,1.0
51023,0,0.008938755,58,1,0.45616916399999996,4870.0,10,0,2,0,0.0
51028,0,0.9999998999999999,32,0,0.313354364,950.0,2,5,0,0,0.0
51029,0,0.0,42,0,0.30938166300000003,9379.0,6,0,1,0,3.0
51031,0,0.039223276,42,0,0.396022229,6837.0,6,0,2,0,0.0
51033,0,0.162419321,56,0,0.41549537200000003,5833.0,6,0,2,0,0.0
51034,0,0.00916162,69,0,286.0,,15,0,0,0,0.0
51035,0,0.433710859,23,0,0.00999474,1900.0,1,0,0,0,0.0
51037,0,0.033487043,73,0,0.10673665800000001,8000.0,9,0,1,0,0.0
51038,1,0.9943019940000001,32,1,0.156110045,3125.0,2,1,0,1,1.0
51039,1,0.9589150129999999,28,1,1.046863735,1386.0,13,2,0,0,0.0
51041,0,0.876412359,65,0,0.27076468600000003,8800.0,12,0,2,0,0.0
51043,0,0.013644315,41,0,0.033174279,4400.0,12,0,0,0,2.0
51044,0,0.854286095,29,0,0.077260755,3416.0,4,0,0,0,0.0
51046,0,0.415485713,78,0,0.432737915,9908.0,15,0,2,0,1.0
51049,0,0.621818547,63,0,0.43102559700000004,5820.0,9,0,2,0,1.0
51050,0,0.36141649600000003,31,0,0.408337519,1990.0,6,0,1,0,1.0
51053,0,0.0,95,0,0.0,,5,0,0,0,0.0
51054,0,0.288588625,51,1,0.24963343100000002,2727.0,8,0,0,0,0.0
51055,0,0.034334193,50,0,0.257105568,6895.0,9,0,1,0,1.0
51056,0,0.19876004100000003,59,0,0.24101169,13600.0,7,0,2,0,3.0
51057,0,0.7350394159999999,46,0,0.396301849,2000.0,10,0,0,0,1.0
51058,0,0.014713865,54,0,654.0,,18,0,1,0,0.0
51059,0,0.017807988,51,0,2254.0,,3,0,1,0,0.0
51060,0,0.09340992199999999,69,0,0.287417007,12500.0,17,0,2,0,0.0
51061,0,0.9999998999999999,42,0,0.121300986,3750.0,3,0,1,0,2.0
51062,0,0.026341427999999997,62,0,0.256779458,4166.0,10,0,2,0,0.0
51063,0,0.000716045,76,0,0.00026864900000000004,11166.0,9,0,0,0,0.0
51064,0,0.727369684,41,0,1.4705294709999999,1000.0,8,0,1,0,0.0
51065,0,0.059808257999999996,53,0,2738.0,,6,0,1,0,0.0
51067,0,0.032015733,39,0,0.10812641099999999,4429.0,5,0,0,0,3.0
51068,0,0.9999998999999999,43,1,0.107723069,4000.0,1,0,0,0,1.0
51069,0,0.04783975099999999,61,0,0.023049942,5986.0,6,0,0,0,0.0
51070,0,0.065782406,51,1,0.326797386,2600.0,7,0,1,0,1.0
51072,0,0.066969004,57,0,0.025368529,5833.0,10,0,0,0,0.0
51073,0,0.0,64,0,710.0,,3,0,1,0,0.0
51074,0,0.0,28,0,0.991440799,700.0,6,0,0,0,0.0
51075,0,0.17018655800000002,57,0,227.0,,5,0,0,0,0.0
51076,0,0.127666746,67,0,0.15692562300000001,29000.0,16,0,1,0,2.0
51077,0,0.439256074,45,1,0.22247176600000002,15583.0,7,0,1,0,2.0
51079,0,0.553170439,47,0,0.67578377,7750.0,7,0,2,0,2.0
51081,0,0.373041797,39,1,1572.0,,6,0,1,0,1.0
51085,0,0.186340747,36,2,0.305166098,7916.0,9,0,1,0,2.0
51086,0,0.282504855,52,1,0.382471815,4700.0,14,0,1,0,1.0
51087,0,0.24740827899999998,33,0,6785.0,,8,0,4,0,0.0
51088,1,0.429496648,52,0,113.0,,2,0,0,0,0.0
51090,0,0.042991642000000004,62,1,3991.0,,17,0,3,0,
51091,1,0.626724349,32,0,0.173559823,4061.0,5,0,0,0,4.0
51092,0,0.42898668700000003,37,0,0.863254698,2500.0,6,0,2,0,0.0
51094,0,0.710371585,64,0,1.494761992,5440.0,12,0,2,0,0.0
51097,0,0.0035880240000000004,29,0,0.07873192799999999,5740.0,6,0,0,0,0.0
51099,0,0.070457925,84,0,94.0,,3,0,0,0,0.0
51100,0,0.053925311,86,0,0.200906344,1985.0,13,0,0,0,0.0
51101,0,0.12604994,42,0,0.26461883,12500.0,4,0,1,0,1.0
51102,0,0.26215763,23,0,387.0,,8,0,0,0,
51103,0,0.718635531,54,1,1157.0,,5,3,0,0,0.0
51105,0,0.0,44,0,11247.0,,4,0,2,0,0.0
51106,0,0.20030490199999998,51,1,0.382897256,4700.0,7,0,1,0,0.0
51107,0,0.130666733,46,0,0.252138955,9700.0,18,0,2,0,2.0
51109,0,0.296882102,60,0,3915.0,,12,0,1,0,0.0
51114,0,0.093481114,51,0,0.503703704,13094.0,16,0,4,0,1.0
51116,0,0.079818675,75,0,70.0,,7,0,0,0,0.0
51117,0,0.306307337,51,0,3769.0,,8,0,2,0,
51118,0,0.012046296000000001,46,0,0.34784419899999997,4800.0,4,0,1,0,2.0
51119,1,0.9999998999999999,24,0,0.0,1706.0,0,1,0,0,0.0
51120,0,0.005921893,64,0,0.250061897,4038.0,18,0,2,0,0.0
51121,0,0.900316578,55,1,0.288305045,4300.0,14,0,0,0,0.0
51123,0,0.964474433,51,0,0.109468223,3854.0,6,0,0,0,2.0
51124,0,0.50191944,35,0,7163.0,,13,0,5,0,0.0
51125,0,0.153578296,60,0,0.449885816,3940.0,15,0,1,0,0.0
51126,0,0.890021996,58,0,1281.0,,3,0,1,0,0.0
51127,1,1.005988024,26,2,158.0,,2,1,0,0,0.0
51128,0,0.0,49,0,0.213854021,2150.0,4,0,0,1,3.0
51129,1,0.9999998999999999,73,2,536.0,,3,2,0,0,0.0
51130,0,1.0448106659999998,32,1,0.16147308800000001,6000.0,4,0,0,0,0.0
51132,0,0.145023904,62,0,0.64311118,6466.0,14,0,2,0,0.0
51133,0,0.638445788,71,1,0.44098443,5972.0,7,0,2,0,0.0
51134,0,0.33008041899999996,52,0,0.156087409,11531.0,7,0,1,0,2.0
51136,0,0.7467604590000001,49,1,0.21165884199999999,2555.0,3,1,1,0,2.0
51140,0,1.0535928540000001,36,0,734.0,,3,0,0,0,0.0
51141,0,0.145245461,46,0,0.540239373,2422.0,14,0,1,0,3.0
51142,0,0.049637622,53,0,2.504266972,7850.0,7,0,2,0,3.0
51143,0,0.021078136,61,0,0.10213003400000001,10750.0,19,0,1,0,0.0
51144,0,0.19496441899999997,56,0,0.419258074,10000.0,12,0,2,0,3.0
51145,0,0.115251588,52,0,0.33314814800000003,5399.0,11,0,1,0,1.0
51147,0,0.663374648,26,0,0.299104353,4800.0,5,0,0,0,0.0
51149,0,0.010555383,75,0,0.370117793,1612.0,12,0,1,0,0.0
51150,0,0.002838453,66,0,1424.0,,13,0,2,0,0.0
51153,0,0.78088158,50,0,0.699858614,4950.0,17,0,2,0,0.0
51154,0,0.46440117299999994,34,0,0.29549300100000003,6500.0,7,0,1,0,0.0
51155,0,0.08181383099999999,48,0,0.37371290100000004,1650.0,14,0,0,0,0.0
51156,0,0.429343707,73,0,0.33582721600000004,7083.0,23,0,0,0,0.0
51157,0,0.09163187,58,0,0.164751605,5917.0,12,0,1,1,0.0
51161,0,0.10485336099999999,82,0,0.24175824199999998,1000.0,14,0,0,0,0.0
51164,0,0.883223355,27,0,471.0,0.0,5,0,0,0,0.0
51168,0,0.040449855,34,0,0.152472773,5600.0,4,0,1,0,3.0
51170,0,0.02864862,59,0,0.240905058,6761.0,8,0,1,0,0.0
51171,1,0.662001064,35,0,2428.0,0.0,17,0,0,0,3.0
51172,0,0.0,63,0,914.0,,2,0,1,0,0.0
51173,0,0.40917344299999997,74,0,20637.0,,8,0,5,0,0.0
51175,0,0.840678963,32,0,1.347092606,2785.0,9,0,2,0,0.0
51177,0,0.843500261,49,0,0.443495514,11591.0,9,0,2,0,3.0
51178,0,0.000907495,59,0,0.129787021,10000.0,17,0,1,0,0.0
51180,0,0.513398214,51,0,0.204176115,10583.0,5,0,2,0,2.0
51181,0,0.453986228,55,1,4803.0,,22,0,2,0,0.0
51182,0,0.9666759229999999,60,0,1207.0,,6,0,1,0,0.0
51183,0,0.49310138,62,1,1.1405371640000002,1600.0,7,1,1,3,1.0
51184,0,0.048664864,51,0,0.006597868000000001,5910.0,2,0,0,0,0.0
51185,0,0.144994246,37,0,0.163704716,8777.0,4,0,1,1,2.0
51186,0,0.071331069,65,0,0.255922251,4938.0,13,0,0,0,0.0
51187,1,0.6947157909999999,60,1,0.35759058200000005,6540.0,7,0,2,0,0.0
51188,0,0.762155378,50,2,0.185135811,6000.0,5,1,0,0,1.0
51189,0,0.004951918,52,0,0.149805327,16180.0,4,0,1,0,4.0
51190,0,0.0,65,0,0.007198080999999999,3750.0,4,0,0,0,0.0
51191,0,0.354470547,58,0,0.6757905259999999,8000.0,11,0,3,0,0.0
51192,0,0.7118370390000001,30,0,0.7661558959999999,1500.0,8,0,2,0,0.0
51193,0,0.009164506999999999,70,0,0.126956689,10412.0,11,0,1,0,0.0
51195,1,0.07911294,45,0,0.17403090300000001,11066.0,5,0,2,0,0.0
51196,0,0.186198854,50,0,0.20121104399999998,18000.0,4,0,1,0,1.0
51198,0,0.009158425,61,0,0.252417795,4135.0,10,0,1,0,0.0
51199,0,0.029832339,62,0,0.21495131399999998,9550.0,6,0,2,0,0.0
51201,0,0.288745562,54,0,0.286988245,7400.0,8,0,1,0,0.0
51202,0,0.9999998999999999,40,0,0.405759162,2291.0,4,0,2,0,0.0
51203,0,0.214213177,57,0,0.27599512600000004,9847.0,5,0,1,0,1.0
51204,1,1.074641786,29,2,0.122696289,3960.0,8,0,0,1,0.0
51206,0,0.526702125,33,0,0.299668752,13584.0,18,0,1,0,1.0
51207,0,0.254674533,82,0,0.24095181,5000.0,6,0,1,0,0.0
51209,0,0.095197461,50,0,1610.0,,7,0,1,0,2.0
51210,0,0.355857773,53,0,0.511008919,7175.0,13,0,1,0,3.0
51211,0,0.659129365,56,0,0.6613545820000001,3011.0,5,0,1,0,0.0
51212,0,0.019811546,56,0,0.067488752,6000.0,19,0,1,0,0.0
51213,0,0.013079759,68,0,0.254867567,5700.0,12,0,1,0,0.0
51215,0,0.16651559900000001,41,0,1853.0,1.0,3,0,1,1,0.0
51217,0,0.159433623,46,0,0.634341415,4000.0,5,0,1,0,0.0
51218,0,0.781379734,60,0,0.7412587409999999,1000.0,4,0,0,0,0.0
51219,0,0.012142017,32,0,1.450430436,3600.0,11,0,2,0,0.0
51220,0,0.0,77,0,0.0,3524.0,2,0,0,0,0.0
51222,0,0.09332119300000001,53,0,0.286871313,10000.0,13,0,2,0,2.0
51223,0,0.101765317,68,0,79.0,,3,0,0,0,0.0
51224,0,0.9739243809999999,50,1,0.34434956200000005,9016.0,5,8,2,0,5.0
51225,0,0.006899655,47,0,4605.0,,6,0,2,0,2.0
51226,0,0.03778922,41,0,0.339136572,8500.0,7,0,3,0,5.0
51227,0,0.030658499,66,0,848.0,,12,0,1,0,0.0
51228,0,0.951463408,56,0,0.213171577,7500.0,12,0,0,0,0.0
51229,0,0.549659586,44,0,0.625856092,11826.0,17,0,3,0,4.0
51232,0,0.130557596,35,0,0.021075137,3273.0,7,0,0,0,3.0
51233,0,0.118263561,47,0,0.318451343,8600.0,18,0,1,0,0.0
51235,0,0.068438888,68,0,0.09165302800000001,2443.0,16,0,0,0,0.0
51237,0,0.069005766,39,0,0.233754778,3400.0,8,0,0,0,0.0
51239,0,0.102832231,33,0,0.25314937,3333.0,5,0,0,0,0.0
51241,0,0.248408653,61,0,140.5,1.0,7,0,0,0,0.0
51242,0,0.15664420199999998,58,0,0.619003405,6461.0,17,0,3,0,1.0
51243,0,0.07385288400000001,61,0,2823.0,,9,0,2,0,2.0
51245,0,0.003544066,51,0,0.007490637,800.0,5,0,0,0,0.0
51246,0,0.00389987,61,0,2254.0,,7,0,1,0,0.0
51247,0,0.880950729,48,5,0.89490085,3529.0,14,0,2,0,3.0
51248,0,0.914754262,32,0,0.47212908600000003,4771.0,4,0,1,0,3.0
51250,0,0.189281475,43,0,0.288925895,1200.0,3,0,0,0,0.0
51252,0,0.027767836,43,0,1456.0,,6,0,1,0,0.0
51253,0,0.22884278100000002,35,0,0.849366807,4500.0,13,0,1,1,0.0
51254,0,0.99385802,46,0,0.41140959899999996,3312.0,7,0,0,0,1.0
51255,0,0.04020495,65,0,0.16452941599999998,12866.0,5,0,1,1,1.0
51256,0,0.0033328890000000003,38,0,258.0,,2,0,0,0,
51257,0,0.021827948,64,0,0.344083562,13115.0,8,0,2,0,1.0
51258,0,0.04294373,73,0,0.013397321,5000.0,7,0,0,0,0.0
51259,0,0.00489018,75,0,7.0,,5,0,0,0,0.0
51262,0,0.0,63,0,0.0,4000.0,4,0,0,0,0.0
51263,0,0.09247225699999999,73,0,0.031593681,5000.0,6,0,0,0,0.0
51264,0,0.064663351,68,0,4797.0,,10,0,1,0,0.0
51265,1,0.0,29,0,0.41405002700000004,1878.0,6,0,0,1,0.0
51267,0,0.402023919,40,0,0.588074895,5500.0,5,0,1,0,0.0
51268,0,0.001563237,35,0,0.000147037,6800.0,7,0,0,0,0.0
51271,0,0.160469461,69,0,362.0,,4,0,0,0,0.0
51272,0,0.033307789,65,0,1171.0,,13,0,1,0,0.0
51273,0,0.046739767,63,0,0.280789946,5569.0,11,0,1,0,0.0
51274,0,0.065362448,46,0,0.267690136,17000.0,6,0,2,0,3.0
51275,0,0.33740665299999995,45,0,0.16293079300000002,14275.0,14,0,0,0,1.0
51276,0,0.063432171,55,0,2211.0,,8,0,1,0,0.0
51277,0,0.0,46,0,0.161025511,7917.0,9,0,0,0,1.0
51278,0,0.035286343,72,0,0.07354160900000001,7233.0,6,0,0,0,1.0
51279,0,0.230337811,39,0,0.20473976300000002,20000.0,6,0,2,0,3.0
51280,0,0.9999998999999999,47,0,0.0,3500.0,1,0,0,0,0.0
51281,0,0.022366071,66,0,0.004285306,10500.0,10,0,0,0,0.0
51284,1,0.25634438800000003,72,2,0.463579354,2072.0,13,0,2,0,0.0
51286,0,0.170900928,62,0,0.18111901600000002,5200.0,5,0,1,0,0.0
51287,0,0.08010208099999999,71,0,0.015330778,6000.0,2,0,0,0,1.0
51289,0,0.10508384800000001,59,0,0.463215031,11974.0,14,0,2,0,2.0
51290,0,0.019291353,50,0,0.19840213,10513.0,11,0,1,0,0.0
51291,0,0.00040631099999999997,63,0,0.237618577,17182.0,7,0,1,0,1.0
51292,0,0.665572494,39,1,0.273574188,4400.0,8,0,0,0,2.0
51293,0,0.9999998999999999,45,1,0.252302026,3800.0,4,0,1,0,0.0
51294,1,0.9999998999999999,54,0,0.035394315,9040.0,1,0,0,0,2.0
51295,0,0.12751745,68,0,0.186972363,22505.0,9,0,2,0,1.0
51296,0,0.250943944,48,0,0.222246456,4584.0,7,0,1,0,0.0
51297,0,0.11268779300000001,66,0,0.049320181,3750.0,8,0,0,0,0.0
51300,0,0.165981705,41,0,0.31940004899999996,12200.0,10,0,3,0,1.0
51301,0,0.098483825,56,0,0.476435304,3500.0,6,0,1,0,3.0
51303,0,0.0,47,0,0.067819508,3700.0,3,0,0,0,3.0
51305,0,0.06432188900000001,56,0,0.165127281,13316.0,10,0,1,0,2.0
51306,0,0.043643688,47,0,0.087530102,9550.0,3,0,0,0,0.0
51307,0,0.0,28,0,0.0,2400.0,3,0,0,0,0.0
51308,0,0.151620465,69,0,0.274620897,6000.0,18,0,0,0,0.0
51310,0,0.230427076,55,1,0.529515678,6792.0,14,0,1,0,1.0
51311,0,0.00899985,60,0,0.293311607,13500.0,10,0,3,0,0.0
51312,0,0.0021122289999999998,67,0,1872.0,,16,0,1,0,0.0
51313,0,0.322110775,54,0,0.210480728,6926.0,13,0,1,0,0.0
51317,0,0.23577927699999998,51,0,0.282998944,10416.0,12,0,2,0,1.0
51318,0,0.74041986,37,0,0.895552224,2000.0,6,0,0,0,3.0
51321,0,0.249451901,33,0,3768.0,,9,0,2,0,0.0
51322,0,0.11371836,66,0,0.392202599,3000.0,10,0,1,0,0.0
51323,0,0.032348383,88,0,19.0,,3,0,0,0,
51326,0,0.9999998999999999,39,0,0.48817361600000003,4100.0,4,0,2,0,2.0
51327,0,0.486200135,75,0,0.765764565,7500.0,8,0,2,0,1.0
51331,0,0.075170686,49,0,0.782157277,5200.0,10,0,1,0,4.0
51332,0,0.962297554,49,0,0.351385945,25000.0,8,0,2,0,2.0
51333,0,0.052350095,63,0,0.022036609,5626.0,6,0,0,0,1.0
51334,0,0.71028971,25,1,0.309745249,2472.0,5,0,0,0,2.0
51335,0,0.9999998999999999,39,0,0.083486086,6000.0,5,0,0,0,0.0
51336,0,0.0,57,0,0.000727207,11000.0,9,0,0,0,0.0
51339,0,0.035643123,62,0,0.432348367,4500.0,15,0,2,0,0.0
51340,0,0.0,36,0,0.004790941,2295.0,4,0,0,0,0.0
51341,0,0.07418440700000001,49,0,60.0,,11,0,0,0,0.0
51343,0,0.17798935600000002,30,0,0.15263360199999998,2600.0,16,0,0,0,1.0
51345,0,0.000539789,70,0,11150.0,,19,0,4,0,0.0
51347,0,0.989001571,52,0,0.04169177,8298.0,13,0,0,0,0.0
51348,1,0.112147096,58,1,2392.0,,23,0,4,0,
51351,0,0.027566336,62,0,25.0,,4,0,0,0,0.0
51353,0,0.9999998999999999,52,98,0.0,3000.0,0,98,0,98,0.0
51356,0,0.7685367740000001,66,0,3439.0,,17,0,1,1,2.0
51357,0,0.21757298100000003,82,0,226.0,,15,0,0,0,
51360,0,0.014973975,45,0,2953.0,,6,0,1,0,0.0
51361,0,0.23514411600000001,84,0,1017.0,,16,0,0,0,0.0
51363,0,0.0,29,0,0.120747745,9200.0,4,0,0,0,0.0
51369,0,0.022417773999999998,64,0,39.0,0.0,4,0,0,0,0.0
51372,0,0.204062197,57,0,0.561812729,3000.0,15,0,1,0,0.0
51373,0,0.0,35,0,0.0,3770.0,1,0,0,0,1.0
51375,0,0.9999998999999999,35,0,0.250999862,7250.0,5,0,1,0,0.0
51376,0,0.9580037109999999,30,0,0.211126961,4205.0,8,0,0,0,1.0
51377,0,0.005806264,71,1,0.08445829,2888.0,7,0,0,0,0.0
51378,0,0.10101267400000001,51,0,0.363128492,3400.0,5,0,1,0,0.0
51379,0,0.164212911,51,0,0.375193199,2587.0,7,0,0,0,0.0
51380,0,0.9999998999999999,35,0,1.128746104,4170.0,3,0,1,0,1.0
51381,0,0.982689747,30,1,0.197334321,2700.0,4,0,0,0,0.0
51382,0,0.47678369200000004,55,0,0.157643456,11100.0,5,0,1,0,0.0
51383,0,0.060290410999999995,83,0,86.0,,6,0,0,0,0.0
51384,0,0.590306305,33,0,0.141493475,8275.0,7,0,0,0,2.0
51385,0,0.44963482200000005,54,0,0.187165461,17000.0,6,0,2,0,3.0
51386,0,0.22627592100000002,62,0,0.37377508200000004,15000.0,15,0,3,0,0.0
51387,0,0.00793907,60,0,0.19262725600000002,10470.0,10,0,2,0,1.0
51388,0,0.010324138,75,0,0.236327829,6600.0,7,0,1,0,0.0
51390,0,0.263186212,63,0,2633.0,,11,0,1,0,0.0
51393,0,0.052412897,61,0,0.188881823,26730.0,13,0,3,0,0.0
51397,0,0.084830918,40,0,0.89020671,2950.0,7,0,3,0,1.0
51401,0,0.787928748,56,1,1.629213483,800.0,12,0,0,0,1.0
51402,0,0.096655941,76,0,70.0,,2,0,0,0,0.0
51404,0,0.9999998999999999,54,0,0.0,3416.0,1,0,0,0,0.0
51405,0,0.140692965,32,0,0.508980007,2950.0,7,0,1,0,0.0
51406,0,0.014246561999999999,72,0,0.241911292,4666.0,5,0,2,0,0.0
51407,0,0.140421216,50,0,0.41373390600000004,9319.0,10,0,2,0,2.0
51408,0,0.9517906340000001,53,0,0.133227457,5666.0,3,0,0,0,1.0
51409,0,0.461751275,42,0,0.351256509,8833.0,8,0,3,0,3.0
51412,0,1.922615477,34,0,722.0,,10,0,0,0,0.0
51413,0,0.001034126,61,0,0.574125486,1800.0,9,0,0,0,0.0
51414,0,0.30038269,52,0,0.48303647200000005,7073.0,29,0,1,0,0.0
51416,1,0.7624861270000001,57,2,0.117965479,9790.0,16,0,0,0,0.0
51417,0,0.127560099,52,0,1478.0,,6,0,2,0,
51419,0,0.26324357,51,0,6438.0,,6,0,4,0,3.0
51420,0,0.25701857899999997,61,0,0.723128599,4167.0,18,0,1,0,0.0
51421,0,0.004456888,39,0,1836.0,,6,0,2,0,0.0
51422,0,0.202328581,47,0,0.27626317699999997,2750.0,7,0,1,0,0.0
51424,0,0.0,66,0,1189.0,,5,0,1,0,0.0
51426,0,0.10157240099999999,58,0,1.1235240690000001,1100.0,10,0,1,0,0.0
51428,0,0.054383842,60,0,0.137488171,7396.0,5,0,1,0,0.0
51429,0,0.521539455,61,0,0.909411765,5099.0,16,0,2,0,0.0
51430,1,0.5734745920000001,58,0,0.645287865,14016.0,33,0,3,0,0.0
51431,0,0.012757626000000001,55,0,0.46232701200000004,1950.0,3,0,1,0,0.0
51435,0,0.9999998999999999,23,0,0.0,,1,0,0,0,
51437,0,0.0,73,0,0.0,,6,0,0,0,0.0
51438,0,0.114548612,45,0,0.026949814,10500.0,12,0,0,0,0.0
51439,0,0.146931279,41,0,1330.0,,9,0,1,0,2.0
51440,0,0.387310681,33,0,0.388238165,4097.0,6,0,1,0,2.0
51441,0,0.005768491,35,1,0.114624506,4300.0,4,0,0,1,0.0
51442,0,0.280841475,54,0,0.390559441,11439.0,8,0,2,0,5.0
51443,0,0.0,64,0,0.25087854600000004,11666.0,8,0,1,0,0.0
51444,0,0.9999998999999999,54,1,520.0,,2,0,1,0,0.0
51445,0,0.157284272,46,0,0.550289942,5000.0,8,0,3,0,1.0
51448,0,0.304881374,50,0,0.119923095,4160.0,3,0,0,0,0.0
51451,0,0.29191757399999996,62,1,0.486801427,4204.0,9,0,1,0,2.0
51453,0,0.318595012,57,0,0.519078474,8333.0,13,0,2,0,0.0
51455,0,0.064210212,45,0,0.617042551,9000.0,7,0,3,0,4.0
51456,0,0.32581778699999997,37,1,0.165095687,3500.0,4,0,0,0,0.0
51457,0,0.000526311,48,1,0.686420905,15000.0,24,0,3,0,3.0
51458,0,0.073960816,49,0,0.604059609,7783.0,28,0,2,0,4.0
51459,0,0.013191288,56,0,0.145917082,16666.0,26,0,1,0,4.0
51460,0,0.9998984259999999,48,1,0.246246429,16450.0,5,0,2,0,2.0
51461,0,0.258142255,50,0,0.40843386600000003,9200.0,9,0,2,0,4.0
51462,0,0.19886914,32,0,0.497685614,5400.0,7,0,1,0,0.0
51463,0,0.038382331,47,0,2631.0,,17,0,2,0,0.0
51467,0,0.065185393,46,0,0.054694531,10000.0,4,0,0,0,3.0
51468,0,0.9999998999999999,48,0,0.8039060440000001,3788.0,8,0,2,0,2.0
51469,0,0.01879052,70,0,1.3486693730000001,2216.0,9,0,1,0,0.0
51470,0,0.546881009,53,0,0.7291312790000001,16483.0,11,0,4,0,2.0
51472,0,0.760309923,64,0,91.0,,2,0,0,0,0.0
51473,0,0.00222214,50,0,0.210875332,15833.0,8,0,2,0,5.0
51474,0,0.022450402999999997,55,0,0.00625543,5754.0,10,0,0,0,0.0
51475,0,0.295283328,26,0,0.15665984800000002,8310.0,5,0,0,0,0.0
51476,0,0.020359573,66,8,0.111413748,30839.0,25,0,5,1,0.0
51478,1,0.9999998999999999,32,0,0.146370726,5000.0,2,2,0,0,0.0
51479,0,0.018849058000000002,50,0,1748.0,,5,0,1,0,1.0
51480,0,0.0024078629999999997,78,0,0.26203466,6231.0,17,0,2,0,1.0
51481,0,0.244777285,61,4,1.974682025,8333.0,11,1,1,1,2.0
51482,0,0.00573327,64,0,0.09040074599999999,8583.0,16,0,1,0,0.0
51483,0,0.606876625,27,0,0.308694335,3300.0,9,0,0,0,1.0
51485,0,0.580076945,58,1,0.369716384,12798.0,12,0,1,0,1.0
51486,0,0.188140593,59,0,0.259726821,14495.0,6,0,1,0,0.0
51487,0,0.025048245,56,0,0.008639309,4166.0,6,0,0,0,0.0
51488,1,0.9040239940000001,41,1,0.043582294,5850.0,5,0,0,0,0.0
51489,0,0.185268297,30,0,0.22046325600000002,6000.0,4,0,1,0,0.0
51490,0,0.789012411,34,0,0.471173544,6833.0,11,0,2,0,1.0
51492,0,0.039999036,48,0,2212.0,,10,0,2,0,0.0
51493,0,0.008978844,75,0,0.0056647780000000005,3000.0,10,0,0,0,0.0
51496,0,0.09232251400000001,60,2,0.250139587,10745.0,20,0,2,0,2.0
51497,0,0.450431488,55,0,0.008693429,7821.0,6,0,0,0,1.0
51498,0,0.125326981,61,0,0.117747645,33333.0,27,0,1,0,1.0
51499,0,0.45189195299999996,57,0,3.7685262280000003,1200.0,14,0,2,0,0.0
51500,0,0.024123612000000003,70,0,0.004544628,5500.0,8,0,0,0,0.0
51503,0,0.659305994,37,2,0.39141856399999997,3425.0,6,2,0,0,3.0
51505,0,0.006771691999999999,80,0,0.38645320200000005,4059.0,7,0,1,0,0.0
51506,0,0.38232208700000003,39,0,0.337624983,7300.0,6,0,1,0,2.0
51508,0,0.0,61,0,402.0,,11,0,0,0,
51510,0,0.09786735,35,0,0.267818864,7463.0,7,0,2,0,2.0
51513,0,0.514817451,48,0,0.7644118109999999,6400.0,19,0,1,0,1.0
51515,0,0.322684034,41,0,0.169495466,4300.0,9,0,0,0,0.0
51516,0,0.9999998999999999,29,0,0.0,5000.0,0,0,0,0,0.0
51517,0,0.260322497,41,0,1903.0,,8,0,1,0,0.0
51518,0,0.004415732,54,0,0.297800338,6500.0,13,0,1,0,0.0
51519,0,0.948207171,46,0,0.053754940999999994,1264.0,2,0,0,1,1.0
51521,0,0.0019229289999999999,35,0,0.108698757,7000.0,3,0,1,0,1.0
51522,0,0.544322434,69,1,0.429038587,1528.0,17,0,0,0,0.0
51523,0,0.037995251,70,0,0.282232012,3404.0,3,0,1,0,0.0
51525,0,0.186558663,44,1,0.509450473,5713.0,8,0,1,0,5.0
51526,0,0.46457831299999996,70,0,0.140728244,21338.0,11,0,1,0,1.0
51527,0,0.0,68,0,112.0,,5,0,0,0,0.0
51528,0,0.43140959100000004,57,0,0.700359104,9467.0,24,0,2,0,0.0
51530,0,0.561071015,38,1,0.30173965199999997,5000.0,8,0,0,0,2.0
51532,0,0.0039578109999999994,75,0,0.0008967000000000001,5575.0,4,0,0,0,0.0
51533,0,0.011847817,54,0,1.5956383459999999,2200.0,16,0,3,0,3.0
51534,0,0.670832917,45,0,0.18596882,10775.0,8,0,1,0,3.0
51535,0,0.00081965,59,0,1626.0,,6,0,1,0,0.0
51536,0,0.6050185060000001,35,0,0.206331575,3600.0,7,0,0,0,0.0
51538,1,0.109538131,39,1,0.334954604,3083.0,22,0,2,0,0.0
51539,0,0.020031368,93,0,0.013198943999999999,4166.0,6,0,0,0,0.0
51540,0,0.13052840400000001,46,1,0.204672993,9800.0,18,0,1,0,1.0
51541,0,0.087787617,53,0,0.16133736099999998,9600.0,5,0,1,0,0.0
51544,0,0.8419997490000001,44,0,0.5289754289999999,4313.0,8,0,1,0,1.0
51547,0,0.583500809,39,3,2.770613521,2558.0,9,0,2,0,0.0
51548,0,0.029331937000000002,36,0,0.676342525,6200.0,4,0,1,0,0.0
51550,0,0.0,83,0,320.0,,7,0,0,0,0.0
51552,0,0.010419239,61,0,5.0,,2,0,0,0,0.0
51553,0,0.275161259,67,0,0.35368595399999997,8450.0,14,0,2,0,0.0
51554,0,0.010349483,58,0,0.000922935,6500.0,4,0,0,0,0.0
51555,0,0.133813022,64,0,0.198324022,5369.0,17,0,0,0,0.0
51557,0,0.10573067400000001,48,0,0.33582721600000004,7083.0,4,0,2,0,3.0
51558,0,0.061186283,55,0,0.347895385,13802.0,15,0,4,0,1.0
51559,0,0.293967474,58,0,0.333333333,4280.0,12,0,1,0,1.0
51560,0,0.089524146,81,0,45.0,,2,0,0,0,
51561,0,0.08752086,44,1,0.043315777,45756.0,11,0,2,0,2.0
51563,0,0.0,51,0,0.126123128,3004.0,5,0,1,0,1.0
51564,0,0.9999998999999999,47,0,0.284513124,8800.0,3,0,1,0,1.0
51565,0,0.754470477,55,0,0.785602153,4458.0,9,0,2,0,0.0
51566,0,0.0031332290000000004,63,0,3099.0,,5,0,3,0,0.0
51567,0,0.109804295,67,0,0.02515494,2742.0,4,0,0,0,0.0
51568,0,0.07733274700000001,69,0,0.023311453,16300.0,8,0,0,0,0.0
51569,0,0.0,36,0,0.241105354,5789.0,9,0,1,0,0.0
51570,0,0.022416292999999997,50,0,1906.0,,11,0,2,0,2.0
51573,0,0.042421598,41,0,0.260855983,3200.0,14,0,1,0,1.0
51574,0,0.0028757540000000003,32,0,71.0,,2,0,0,0,0.0
51575,0,0.063316642,77,0,0.020993002,3000.0,6,0,0,0,1.0
51577,0,0.385780711,60,0,0.179605231,20416.0,6,0,2,0,2.0
51578,0,0.630672926,27,0,0.16495937800000002,2830.0,7,0,0,0,0.0
51579,0,0.954946477,22,0,0.20763289399999998,2200.0,6,0,0,0,0.0
51582,0,0.208339583,72,0,0.098056537,6791.0,3,0,0,0,0.0
51584,0,0.0,79,0,0.285966461,1132.0,2,0,0,0,0.0
51586,0,0.0,44,0,0.28289561399999996,7500.0,13,0,2,0,0.0
51587,0,0.074127212,56,0,0.23126836399999998,8167.0,10,0,2,0,2.0
51589,0,0.94323334,52,2,0.247738454,6300.0,4,1,1,0,1.0
51590,0,0.02867488,74,0,34.0,,6,0,0,0,0.0
51591,0,0.035709184,80,0,0.0027662520000000003,2168.0,4,0,0,0,0.0
51592,0,0.468395671,45,0,0.409491884,5667.0,13,0,1,0,0.0
51593,0,0.7634704290000001,61,0,2327.0,,5,0,1,0,0.0
51594,0,0.10864076,46,0,2637.0,,10,0,1,0,3.0
51595,0,0.026298685,56,0,0.30501559899999997,12500.0,8,0,2,0,0.0
51596,0,0.318483318,48,0,3181.0,,8,0,2,0,0.0
51598,1,0.9999998999999999,61,0,1285.0,,1,0,1,0,0.0
51599,0,0.034745657,54,4,8.0,,2,0,0,0,0.0
51600,0,0.117613113,54,0,8269.0,,24,0,11,0,0.0
51601,0,0.21643856600000003,33,0,0.091956075,11200.0,8,0,0,0,1.0
51602,0,0.023114385,40,0,0.365491319,5586.0,9,0,1,0,2.0
51603,0,0.9999998999999999,50,0,3525.0,,6,0,1,0,0.0
51604,0,0.07676113799999999,28,0,0.10102062099999999,4800.0,5,0,0,0,0.0
51606,0,0.080088486,45,0,0.447827574,2922.0,9,0,1,0,0.0
51607,0,0.340416046,43,0,7300.0,,19,0,5,0,2.0
51608,0,0.092118689,58,0,0.17748225199999998,10000.0,8,0,1,0,1.0
51610,1,0.3504802,49,0,0.278200391,4600.0,6,0,1,0,3.0
51611,0,0.9999998999999999,40,0,0.193659912,18800.0,6,0,2,0,0.0
51612,0,0.133909979,68,0,2925.0,,10,0,2,0,0.0
51614,0,0.008965759,67,0,0.19284867,5900.0,13,0,1,0,0.0
51615,0,0.22937472,49,0,0.573599523,3355.0,9,0,1,0,2.0
51620,0,0.9999998999999999,26,0,0.353773585,1907.0,2,0,0,0,0.0
51621,0,0.431722689,55,0,0.214732788,8307.0,13,0,0,0,2.0
51622,0,0.0,80,0,943.0,,6,0,1,0,1.0
51627,0,0.022145301000000003,59,0,764.0,,9,0,1,0,0.0
51628,0,0.0,42,0,0.216590815,4833.0,4,0,1,0,0.0
51629,0,0.010047155,43,0,0.212874082,7083.0,8,0,1,0,0.0
51630,0,0.010166536,63,0,0.18536292699999998,3333.0,9,0,0,0,0.0
51631,0,0.910299003,40,0,0.8390841659999999,3100.0,4,2,1,0,1.0
51634,0,3.730224813,32,0,0.26993776199999997,6908.0,9,0,2,0,2.0
51635,0,0.419923572,61,0,0.418674993,10248.0,8,0,1,0,1.0
51637,0,0.216597925,46,0,0.6890777309999999,4000.0,9,0,3,0,0.0
51639,0,0.062002404000000004,50,0,0.298433165,12253.0,8,0,2,0,2.0
51640,0,0.193220618,47,0,0.039276858,12500.0,7,0,0,1,0.0
51641,0,0.9999998999999999,62,0,0.12683513800000001,4154.0,3,0,0,0,1.0
51642,0,0.5009996,66,1,0.465983906,4100.0,9,0,2,0,1.0
51643,0,0.024384873999999997,62,0,1002.0,,11,0,1,0,0.0
51645,0,0.046260499000000004,54,0,0.263211189,15800.0,4,0,1,0,2.0
51646,0,0.013764582,40,1,0.34602701799999996,9400.0,10,0,2,0,2.0
51649,1,0.9999998999999999,30,0,0.143697264,3910.0,3,0,0,1,3.0
51651,0,0.771915873,52,2,0.659254519,6250.0,8,0,2,0,0.0
51652,0,0.9999998999999999,54,0,0.0,,2,0,0,0,0.0
51653,0,0.113841545,57,0,0.264536463,9200.0,9,0,1,0,1.0
51654,0,0.036210292000000005,40,0,2054.0,,5,0,2,0,5.0
51655,0,0.304379708,64,0,1.096543845,3500.0,4,0,1,0,0.0
51656,0,0.034500254,74,0,0.015140591,4160.0,9,0,0,0,1.0
51657,0,0.197058078,36,0,0.43353916200000003,3076.0,9,0,1,0,0.0
51658,0,0.973721794,48,0,0.039805167999999995,31000.0,9,0,1,0,5.0
51662,0,0.346150124,44,0,321.0,0.0,3,0,0,0,2.0
51663,0,0.030614599999999995,85,1,0.13614554199999998,5001.0,5,0,1,0,1.0
51665,0,0.04639768,56,0,0.258378688,3490.0,2,0,1,0,0.0
51667,0,0.879896709,60,0,0.45291322,5680.0,17,0,2,0,1.0
51668,0,0.130266878,50,0,2701.0,,7,0,2,0,0.0
51671,0,0.055172852,76,0,3313.0,,4,0,1,0,0.0
51674,0,0.26282086600000004,46,0,0.310172457,4000.0,5,0,1,0,1.0
51675,0,0.254401202,52,1,0.21839029399999998,22500.0,11,0,5,0,1.0
51676,0,0.6637335010000001,34,0,0.463445116,4800.0,8,0,1,0,2.0
51677,1,1.053814311,61,3,0.48290804,6230.0,12,2,2,1,0.0
51679,0,0.9999998999999999,57,0,1938.0,,2,0,1,0,0.0
51680,0,0.509226434,70,3,0.265405735,4916.0,11,0,0,0,0.0
51681,0,0.14005911599999998,41,0,0.342406399,9000.0,15,0,2,0,1.0
51682,0,0.586755013,43,0,0.455341506,2283.0,5,0,0,0,0.0
51683,0,0.009313499,56,1,0.198727417,8800.0,18,0,1,0,1.0
51684,0,0.14902928699999998,39,0,0.47700184,12500.0,8,0,2,0,0.0
51686,0,0.043158085,63,0,0.029533918,2166.0,5,0,0,0,0.0
51687,0,0.001802099,56,0,0.375592417,3375.0,12,0,2,0,0.0
51688,0,0.0,29,0,1713.0,,4,0,1,0,
51691,0,0.020093121999999998,77,0,0.106865141,4500.0,5,0,1,0,0.0
51693,0,0.0,65,0,0.539374572,4380.0,8,0,1,0,0.0
51694,0,0.949631296,38,0,0.363787837,3600.0,4,0,1,0,2.0
51696,0,0.310216657,66,0,1663.0,,16,0,1,0,0.0
51697,0,0.004280300000000001,61,0,3438.0,,19,0,2,0,0.0
51698,0,0.425858047,73,0,47.0,,2,0,0,0,
51699,0,0.000277768,49,1,0.98204504,3285.0,10,0,1,0,0.0
51703,0,0.31585241199999997,45,0,0.545703526,5841.0,14,0,1,0,2.0
51704,0,0.025290845,34,0,359.0,,7,0,0,0,4.0
51705,0,0.006890376,44,0,0.276682204,8366.0,11,0,1,0,3.0
51706,0,0.9999998999999999,45,0,0.110588941,10000.0,4,0,1,0,3.0
51707,0,0.371956301,55,0,0.250116877,12833.0,13,0,1,0,4.0
51708,1,0.8835366490000001,36,0,0.315244556,2800.0,11,0,0,0,3.0
51709,1,0.9981819829999999,37,5,0.16970802899999998,3287.0,4,1,0,2,0.0
51711,0,0.017532165,51,0,2115.0,,5,0,2,0,2.0
51712,0,0.025388183999999998,66,3,0.324483023,3916.0,11,0,1,0,0.0
51713,0,0.047457888,52,0,126.0,,11,0,0,0,
51714,0,0.057619761,44,2,0.251678332,7000.0,16,0,1,0,1.0
51715,0,0.000311797,40,0,0.340759783,3500.0,7,0,1,0,2.0
51716,0,0.23052024399999999,52,0,0.174933175,10100.0,8,0,1,0,2.0
51717,0,0.65497076,42,0,0.50629874,3333.0,12,0,0,0,0.0
51718,0,0.797555152,62,0,0.272262265,4300.0,5,0,0,0,0.0
51720,0,0.015798337,78,0,515.0,,15,0,0,0,0.0
51721,0,0.180971882,51,0,0.417349105,13187.0,8,0,3,0,3.0
51723,0,0.23279680100000003,65,1,0.236337551,7666.0,21,0,1,0,0.0
51724,0,0.059887591,57,0,0.630473298,3950.0,17,0,2,0,0.0
51726,0,0.205566203,71,0,0.24571776399999998,11500.0,6,0,2,0,1.0
51728,0,0.9999998999999999,24,0,0.11627907,300.0,0,0,0,0,0.0
51730,0,1.03089691,39,0,0.388787559,10416.0,7,0,2,0,0.0
51731,0,0.695076328,57,1,0.38621110399999997,4916.0,7,0,0,0,0.0
51732,0,0.18392040199999998,43,0,0.6383680820000001,6666.0,5,0,1,0,1.0
51733,0,0.062201543,44,0,0.268910363,3000.0,8,0,1,0,0.0
51734,0,0.000221807,66,0,8.0,0.0,12,0,0,0,0.0
51735,1,0.798403194,37,2,0.18735534199999998,8208.0,4,1,0,1,2.0
51736,0,0.056256176,71,1,0.245474883,9833.0,19,0,2,0,0.0
51737,0,0.853637691,82,0,2432.0,,17,0,0,0,0.0
51740,0,0.057723026,51,0,2909.0,,7,0,2,0,
51741,0,0.035975397,78,0,72.0,,5,0,0,0,0.0
51742,0,0.069000836,73,0,0.388111252,5500.0,8,0,2,0,1.0
51743,0,0.035629915,48,0,0.024378631,10500.0,16,0,0,0,0.0
51744,0,0.738666266,33,0,0.16268739599999998,1800.0,4,0,0,0,1.0
51745,0,0.28286019100000004,71,1,0.475641949,4166.0,8,0,1,0,0.0
51746,0,0.445110978,36,0,0.355612682,3500.0,6,0,2,0,1.0
51747,0,0.0,68,0,0.24916406,9270.0,8,0,2,0,2.0
51748,0,0.9435413570000001,35,0,0.486756709,5700.0,8,0,1,0,1.0
51749,0,0.035327445,34,0,0.402698048,3483.0,6,0,2,0,1.0
51751,0,0.08080913099999999,66,0,2210.0,,9,0,1,0,0.0
51752,1,0.9999998999999999,27,0,0.0,2700.0,0,0,0,0,1.0
51753,0,0.652806287,54,0,0.43308718700000004,7718.0,24,0,2,0,2.0
51754,0,0.31884058,37,1,24.0,,1,0,0,0,0.0
51755,0,0.9999998999999999,67,0,5328.0,,7,0,3,0,0.0
51756,1,0.888090113,56,1,0.359176055,15000.0,16,0,2,0,1.0
51757,0,0.386353257,53,0,0.514497101,5000.0,13,0,2,0,0.0
51758,0,0.15904689,30,0,1101.0,0.0,7,0,2,0,0.0
51760,0,0.9999998999999999,27,0,781.0,,3,1,0,0,
51762,0,0.435725142,73,0,0.363175676,2367.0,3,0,0,0,0.0
51765,0,0.7045869770000001,52,2,0.34023553799999995,7726.0,10,0,1,0,2.0
51767,1,0.600156591,40,0,0.6874687970000001,6008.0,11,0,2,0,0.0
51768,0,0.019747392,66,0,0.073313783,3750.0,7,0,0,0,0.0
51769,0,0.223850766,29,1,0.441416894,1100.0,4,0,0,0,0.0
51771,0,0.423153693,75,0,3.081836327,500.0,3,0,1,0,0.0
51772,0,0.0056421430000000005,29,0,2.0,,2,0,0,0,0.0
51773,0,0.011140451,65,0,2084.0,,7,0,1,0,0.0
51776,1,1.007392421,52,1,0.084745763,7020.0,5,1,0,0,2.0
51777,0,0.006720019,60,0,0.287167181,8750.0,15,0,3,0,0.0
51778,0,0.864565417,69,0,0.38346169399999996,7400.0,13,0,1,0,0.0
51779,0,0.0,52,0,0.335489942,8500.0,7,0,2,0,0.0
51780,0,0.5855066489999999,41,0,1523.0,0.0,6,0,1,0,1.0
51781,0,0.9999998999999999,30,0,0.071760086,2800.0,0,2,0,0,0.0
51782,0,0.9999998999999999,29,0,0.362273579,1600.0,4,0,0,0,3.0
51783,0,0.077432551,47,0,0.143184576,7416.0,4,0,1,0,4.0
51784,0,0.252710853,52,0,4.270663034,1100.0,11,0,2,0,2.0
51786,0,0.0,53,0,421.0,,3,0,0,0,0.0
51787,0,0.100474596,50,0,0.16673596699999998,7214.0,10,0,0,0,2.0
51788,0,0.06802999900000001,40,0,0.155561829,7083.0,4,0,1,0,3.0
51789,0,0.825199342,28,0,1.2282653479999999,2426.0,17,0,1,0,0.0
51790,0,0.41331948700000004,68,0,0.22765219,10660.0,17,0,1,1,1.0
51791,0,0.064264772,45,0,0.033410782,34000.0,12,0,0,0,2.0
51792,0,0.470032645,43,2,0.152584742,10000.0,9,0,0,0,2.0
51793,0,0.30174793,45,1,325.5,1.0,5,0,0,0,5.0
51794,0,0.0,47,0,0.440178265,5833.0,7,0,1,0,0.0
51795,0,0.08436397400000001,42,0,136.0,0.0,7,0,0,0,2.0
51796,0,0.066191761,40,0,0.230017588,5116.0,9,0,1,0,2.0
51797,0,0.9999998999999999,25,0,0.253873063,2000.0,1,0,0,1,0.0
51798,0,0.0,37,0,0.0,4980.0,2,0,0,0,0.0
51802,0,0.016851066,62,0,111.0,,16,0,0,0,0.0
51804,0,0.051562699000000004,36,0,0.30772435600000003,12000.0,9,0,3,0,1.0
51806,0,0.24527018899999997,46,0,0.030494918,6000.0,2,0,0,0,0.0
51807,0,0.003822453,83,0,0.4488,2499.0,24,0,0,0,0.0
51808,0,0.031365566,31,1,403.0,,9,0,0,0,0.0
51809,0,0.40459696799999995,46,0,0.5906544810000001,6783.0,7,0,2,0,1.0
51811,0,0.036053369,73,0,94.0,,10,0,0,0,0.0
51812,0,0.125874949,49,0,2650.0,,8,0,4,0,0.0
51814,0,0.10188539099999999,35,0,0.25829668100000003,2500.0,7,0,0,0,0.0
51816,0,0.370356914,63,0,1.054673721,1700.0,10,0,3,0,0.0
51817,0,0.785020281,29,2,0.323823458,4100.0,7,2,0,0,0.0
51818,0,0.016531227,54,0,0.544113972,4000.0,10,0,1,0,0.0
51819,0,0.653549865,51,0,0.421628919,6666.0,8,0,1,0,4.0
51821,0,0.08537618599999999,46,0,0.22475101,25000.0,16,0,2,0,0.0
51822,0,0.0,36,0,0.786386028,2232.0,4,0,1,0,0.0
51823,0,0.011262392,67,0,22.0,,7,0,0,0,0.0
51825,0,0.328124583,47,0,0.51959707,5459.0,11,0,1,0,0.0
51827,0,0.070792921,82,0,1196.0,,4,0,1,0,0.0
51828,0,0.9999998999999999,25,0,0.016943409,2950.0,1,0,0,0,0.0
51829,0,0.016219233,45,0,0.307104067,9022.0,14,0,2,0,0.0
51832,0,0.9999998999999999,47,0,772.0,,2,0,0,0,0.0
51834,0,0.132986088,55,0,0.7418768459999999,4400.0,11,0,4,0,0.0
51835,0,0.116525985,49,0,0.019171405,6154.0,5,0,0,0,3.0
51836,0,0.074927507,56,0,0.246295082,15249.0,15,0,4,0,1.0
51839,0,0.0028801509999999996,70,0,0.25311875100000003,10500.0,12,0,1,0,0.0
51841,0,0.04642488,56,0,0.199760048,3333.0,6,0,0,0,0.0
51842,0,0.0,29,0,2.115845539,750.0,5,0,1,0,0.0
51844,0,0.267605634,35,0,0.012770683,1800.0,4,0,0,0,0.0
51845,0,0.347474664,58,0,0.34249618200000004,7202.0,5,0,2,0,0.0
51847,0,0.9999998999999999,71,0,0.0,,0,0,0,0,
51848,0,0.049205041,72,0,0.239202658,300.0,6,0,0,0,0.0
51849,1,0.75984803,31,1,0.18962247899999998,5800.0,7,0,0,0,0.0
51850,0,0.012150211000000001,65,0,0.00242221,5366.0,3,0,0,0,1.0
51851,0,0.645996135,37,1,0.33373063199999997,7550.0,9,0,2,0,4.0
51852,0,0.77890964,58,1,0.13324791800000002,1560.0,2,1,0,0,2.0
51853,0,0.052545517,28,0,0.47627838299999997,5416.0,8,1,2,0,1.0
51854,0,0.506530943,58,0,0.260231178,3200.0,8,0,0,0,1.0
51855,0,0.172866706,53,1,0.21986031,9878.0,9,1,2,0,4.0
51856,0,0.252873563,54,0,0.124538745,2167.0,3,0,0,1,0.0
51857,0,0.37791767200000004,57,0,0.128425251,11531.0,7,0,0,0,0.0
51858,0,0.008086253,66,0,0.27434283600000003,2700.0,8,0,0,0,0.0
51859,0,0.244732482,71,0,0.347612191,8333.0,11,0,1,0,0.0
51860,0,0.097112861,40,0,139.0,,3,0,0,0,1.0
51861,0,0.164396347,42,0,0.829037149,5275.0,8,0,2,0,0.0
51862,0,0.131791493,62,0,0.108950571,6736.0,7,0,0,0,0.0
51863,0,0.575137189,36,0,0.170202952,2167.0,3,0,0,0,0.0
51864,0,0.007804178,82,0,10.0,,3,0,0,0,0.0
51866,0,0.055815088,76,0,0.213434175,7800.0,8,0,1,0,1.0
51867,0,1.003668379,30,0,0.225193702,4000.0,3,0,0,0,0.0
51868,0,0.9999998999999999,23,0,0.074518472,3166.0,3,0,0,0,0.0
51869,1,0.915246167,50,2,0.460296097,5200.0,8,4,1,2,1.0
51870,1,0.9999998999999999,58,0,0.001831781,6550.0,0,0,0,1,0.0
51872,0,0.0,45,0,1125.0,,6,0,1,0,0.0
51873,0,0.027243233999999998,84,0,18.0,,2,0,0,0,
51875,0,0.015693403999999998,78,0,0.102771084,8299.0,7,0,1,0,0.0
51876,0,0.39610737700000004,42,0,0.20120845899999998,3309.0,3,0,0,0,2.0
51877,0,0.144350314,63,0,0.174277956,8101.0,12,0,0,0,0.0
51878,0,0.117647059,49,1,0.210125841,6833.0,10,0,2,0,2.0
51879,0,0.00397358,66,0,0.389305347,2000.0,14,0,0,0,0.0
51882,0,0.299113392,77,0,0.043705153,3065.0,3,0,0,0,0.0
51883,0,0.11675409199999999,42,0,0.343326643,7971.0,14,0,2,0,3.0
51886,0,0.9606017840000001,70,1,4744.0,,19,0,2,0,1.0
51888,0,0.0,27,0,0.0,,2,0,0,0,
51889,0,0.48765215799999995,32,0,0.475803226,7500.0,11,0,1,0,0.0
51891,0,0.06351325599999999,51,0,2107.0,,9,0,1,0,1.0
51892,0,0.011428245,78,0,0.00235248,5100.0,3,0,0,0,0.0
51893,0,0.641374345,55,0,2256.0,,3,0,2,0,0.0
51894,0,0.012470951999999999,59,0,0.28314337100000003,1666.0,11,0,0,0,1.0
51895,0,0.019147138,85,0,1767.0,,21,0,1,0,0.0
51896,0,0.052701349,83,4,4042.0,,15,0,2,0,0.0
51897,0,0.151796175,49,0,2388.0,,12,0,2,0,0.0
51898,0,0.9999998999999999,49,0,2882.0,,4,1,1,0,2.0
51899,0,0.015013585,60,0,0.130162595,11500.0,8,0,1,0,0.0
51900,0,0.020406267,52,0,0.283755475,5250.0,13,0,1,0,2.0
51902,0,0.505885724,61,0,0.523439236,4500.0,13,0,3,0,2.0
51903,0,0.00418503,45,0,0.29281768,3800.0,7,0,1,0,2.0
51905,0,0.06775346900000001,88,0,32.0,,5,0,0,0,0.0
51906,0,0.08560650199999999,37,0,0.162917519,4400.0,20,0,0,0,0.0
51907,0,0.575221544,60,0,446.5,1.0,3,0,0,0,1.0
51908,0,0.0,51,0,0.541666667,3887.0,5,0,1,0,2.0
51909,0,0.23458847100000002,73,0,0.607874016,634.0,8,0,1,0,0.0
51910,0,0.18633136399999997,39,0,0.903287829,5200.0,20,0,3,0,1.0
51913,0,0.010749013,33,0,0.167350768,8526.0,10,0,1,0,0.0
51914,0,1.023710898,61,0,0.506537456,6500.0,13,0,2,0,1.0
51915,0,0.063602998,39,0,0.034493101,3333.0,17,0,0,0,2.0
51919,0,0.005792933,56,2,0.09280089999999999,5333.0,16,0,0,1,1.0
51920,0,0.645369457,67,0,5499.0,,6,0,2,0,1.0
51922,0,0.0,72,0,0.5811170210000001,6015.0,10,0,3,0,0.0
51923,0,0.977287337,50,0,0.20746010399999998,5200.0,8,0,1,0,0.0
51925,0,0.9999998999999999,36,1,0.279551461,14000.0,6,0,1,1,1.0
51929,0,0.044210615999999994,77,0,0.015001829,8198.0,9,0,0,0,1.0
51930,0,0.0,40,0,1839.0,0.0,5,0,1,0,1.0
51931,0,0.440559441,25,0,0.053988003,4500.0,3,0,0,0,0.0
51933,0,0.038969202,57,0,0.233784747,5611.0,4,0,1,0,0.0
51934,1,0.6987068390000001,73,0,1745.0,,2,1,1,0,0.0
51935,0,0.015399487,40,0,4663.0,,3,0,2,0,0.0
51936,0,0.049546847000000005,54,0,0.267192534,9000.0,14,0,1,0,2.0
51937,1,1.019490255,54,0,0.025743564,4000.0,5,1,0,1,2.0
51938,0,0.9999998999999999,66,0,718.0,,4,0,0,0,0.0
51939,0,0.05497873599999999,46,0,0.242188765,6176.0,6,0,2,0,0.0
51940,0,0.9999998999999999,21,98,0.0,,0,98,0,98,
51941,0,0.677286292,64,0,2033.0,,9,0,0,0,0.0
51942,0,0.224991,39,0,6003.0,,7,0,2,0,0.0
51943,0,0.923769058,44,0,0.151495761,6250.0,3,1,0,1,5.0
51944,0,0.117828219,30,0,1.103040541,1775.0,7,0,2,0,0.0
51945,0,0.176878452,55,0,0.390180879,2708.0,8,0,1,0,0.0
51950,0,0.006283229,64,0,0.0009533710000000001,11537.0,3,0,0,0,0.0
51951,0,0.016759665,65,0,0.075611846,10500.0,8,0,1,0,0.0
51953,0,0.8497027659999999,59,2,0.395631529,5264.0,13,0,1,0,0.0
51954,0,0.9999998999999999,57,0,1124.0,,5,0,1,0,0.0
51955,0,0.23673159800000002,63,0,0.410260126,13800.0,18,0,2,0,2.0
51958,0,0.025929228,89,0,20.0,,7,0,0,0,0.0
51959,0,0.9999998999999999,25,0,291.0,,1,0,0,0,
51960,0,0.218501615,49,0,0.9634073190000001,5000.0,10,0,4,0,2.0
51961,0,0.9999998999999999,36,1,0.129148341,2500.0,1,0,0,0,0.0
51962,0,0.9999998999999999,24,0,0.0,1.0,2,0,0,0,0.0
51963,0,0.0029713440000000003,57,0,3.0,,9,0,0,0,0.0
51965,0,0.845415458,55,1,0.6826516220000001,4962.0,7,0,1,0,0.0
51967,0,0.206779322,44,0,0.23758747100000002,3000.0,4,0,0,0,3.0
51969,1,0.9999998999999999,30,0,0.37151187,2400.0,3,0,0,0,3.0
51970,0,0.034624134,69,0,0.279941679,4800.0,6,0,1,0,0.0
51971,0,0.003895236,60,0,0.37851239700000006,3024.0,13,0,1,0,0.0
51972,0,0.475048607,32,0,0.054034837999999995,2812.0,4,0,0,0,0.0
51973,0,0.40155022100000004,45,0,0.384384635,12000.0,9,0,2,0,4.0
51976,0,0.04061291,62,0,0.19108449800000002,7514.0,11,0,1,0,0.0
51977,0,0.186702338,49,0,0.310229727,5092.0,7,0,2,0,2.0
51978,0,0.836967088,29,0,0.206431986,2300.0,4,0,0,0,0.0
51979,0,0.399205584,52,0,0.376249695,4100.0,8,0,1,0,0.0
51980,0,0.281830039,45,0,1851.0,,6,0,2,0,0.0
51981,0,0.555428091,45,0,0.38142497399999997,6750.0,10,0,2,0,1.0
51983,1,0.945750303,56,9,0.6697303000000001,6636.0,23,5,1,2,0.0
51985,0,0.9229715540000001,52,0,0.401738228,7708.0,10,0,1,0,0.0
51986,0,0.0,56,0,7193.0,,4,1,1,0,0.0
51987,0,0.9512202740000001,49,0,0.407265456,6000.0,10,0,1,0,3.0
51988,0,0.19682157,43,1,0.14785214800000002,1000.0,3,0,0,0,4.0
51989,0,0.032032089,51,0,0.003050969,5571.0,2,0,0,0,0.0
51990,0,0.316136773,25,0,0.027681661,1733.0,4,0,0,0,0.0
51991,1,0.599537463,40,3,0.212432643,18000.0,17,0,1,0,1.0
51992,0,0.676353765,39,0,0.250983146,7119.0,10,0,0,0,1.0
51995,0,0.110992749,30,0,0.04772697,7500.0,8,0,0,1,0.0
51996,0,0.22227777199999998,42,0,2.337588652,704.0,4,0,1,0,4.0
51997,0,0.30628534,52,1,0.435013827,4700.0,9,0,1,0,1.0
51998,0,0.094189966,46,0,0.249784007,10416.0,7,0,1,0,5.0
51999,0,0.028456205,44,0,1835.0,,16,0,1,1,0.0
52000,1,0.9999998999999999,35,0,66.0,,0,1,0,0,0.0
52001,0,0.647466112,46,0,0.559880936,21500.0,19,0,13,0,0.0
52002,0,0.105932731,47,0,0.476458826,5500.0,15,0,1,0,2.0
52003,1,0.789767442,36,0,0.387479763,3705.0,8,2,0,1,0.0
52004,0,0.6294173270000001,67,0,1.136847572,3850.0,23,0,1,0,0.0
52005,0,0.013086813999999999,44,0,534.0,,13,0,0,0,1.0
52007,0,0.858283433,62,0,0.007652174,2874.0,3,0,0,0,0.0
52008,0,0.014284014,54,0,0.272366221,4783.0,4,0,1,0,2.0
52009,0,0.014329907,65,0,914.0,,14,0,1,0,0.0
52010,0,0.6896138509999999,36,0,0.361927614,5000.0,12,0,1,0,0.0
52013,1,0.9273387829999999,25,0,0.20117011699999998,2221.0,5,1,0,0,0.0
52015,0,0.768221403,48,0,2.037308461,1500.0,13,0,4,1,2.0
52016,0,1.217782218,56,1,0.051678339000000004,8281.0,2,0,0,0,2.0
52017,0,0.10234488300000001,68,0,61.0,,4,0,0,0,0.0
52019,0,0.062605656,43,0,1911.0,,2,0,1,0,
52020,0,0.41231753600000004,44,0,0.367427568,6833.0,4,0,2,0,4.0
52022,0,0.162951934,55,0,0.35005949999999997,5041.0,6,0,1,0,1.0
52025,0,0.914038024,38,0,0.5806723570000001,9488.0,7,0,2,0,1.0
52026,0,0.0015355179999999998,38,0,0.002544529,1964.0,8,0,0,0,0.0
52027,0,0.119389417,49,0,1548.0,,4,0,1,0,0.0
52028,0,0.770459082,26,0,0.0013487,8155.0,1,0,0,0,0.0
52029,0,0.03469653,55,0,0.001660854,6020.0,2,0,0,0,1.0
52034,0,0.256663815,59,0,0.289872436,14188.0,9,0,2,0,0.0
52036,1,0.037647802,57,1,0.42905268799999996,7420.0,14,0,1,0,3.0
52037,0,0.0,69,0,0.0,2300.0,1,0,0,0,0.0
52038,0,0.000476181,75,0,0.16701327800000002,6250.0,9,0,1,0,0.0
52039,0,0.46463681799999995,39,0,762.0,,8,0,0,0,0.0
52040,0,0.833598288,61,0,0.634780435,12000.0,12,0,2,0,0.0
52042,0,0.153252403,30,0,0.30243261,6083.0,11,0,1,0,0.0
52043,0,0.013268179,47,0,0.364820847,3683.0,12,0,2,0,0.0
52046,0,0.011881155,70,0,0.420166562,11166.0,16,0,1,0,1.0
52048,0,0.037273695,53,0,2192.0,,11,0,1,0,0.0
52049,0,0.022570622000000002,63,0,0.15921659,4339.0,2,0,1,0,0.0
52054,0,0.08017086,64,0,0.194738136,8133.0,12,0,1,0,3.0
52055,0,0.15129495699999998,57,0,0.487070115,3750.0,5,0,1,0,2.0
52056,0,0.057587222,76,0,0.01271247,7000.0,5,0,0,0,0.0
52058,0,0.007853275,44,0,15070.0,,10,0,7,0,1.0
52059,0,0.446510698,37,1,1671.0,,3,0,2,0,0.0
52060,0,0.194623381,62,0,0.131897712,5200.0,6,0,1,0,0.0
52061,0,0.0,59,0,0.08768057800000001,9967.0,3,0,1,0,0.0
52063,0,0.118391139,62,0,0.32861049,8045.0,12,0,1,0,0.0
52064,0,0.127382556,28,0,0.667221991,2400.0,10,0,1,0,0.0
52065,0,0.009951439,68,0,0.210773312,4900.0,11,0,1,0,0.0
52067,1,0.706922397,82,2,0.7032311520000001,6034.0,16,0,2,0,1.0
52070,0,0.092407887,59,0,0.12483752199999999,18463.0,5,0,1,0,0.0
52071,0,0.604977426,58,0,0.493350665,10000.0,15,0,2,0,0.0
52072,0,0.005474119,76,0,0.098253566,7500.0,10,0,1,0,0.0
52073,0,0.0,59,0,0.32077583,2680.0,3,0,1,0,0.0
52074,0,0.0,61,0,0.408921727,18000.0,6,0,2,0,1.0
52075,0,0.02093665,84,0,0.008084824000000001,7544.0,9,0,0,0,0.0
52076,1,0.9999998999999999,25,0,0.037613489,3083.0,2,1,0,0,0.0
52077,0,0.020104861,85,0,615.0,0.0,6,0,1,0,0.0
52078,0,1.001552451,34,2,0.207369323,3500.0,4,0,0,0,0.0
52079,0,0.329769504,43,0,0.388999751,8017.0,6,0,1,0,2.0
52082,0,0.6515363129999999,53,1,0.18758039999999998,8550.0,13,0,0,2,2.0
52084,0,0.074699718,69,0,1880.0,,13,0,3,0,0.0
52085,0,0.042074680999999996,49,0,0.284805552,6916.0,8,0,1,0,2.0
52086,0,0.049644596,72,0,0.213045156,2590.0,10,0,0,0,1.0
52087,0,0.08581085699999999,68,0,0.304793643,3900.0,12,0,1,0,0.0
52088,0,0.0,73,0,0.521808434,6900.0,7,0,1,0,0.0
52089,1,0.326231365,77,1,0.356331691,14000.0,17,0,1,0,0.0
52090,0,0.0,49,0,0.374805599,4500.0,10,0,1,0,2.0
52091,0,0.29405017699999997,51,0,546.0,0.0,5,0,0,0,0.0
52093,0,0.020532649,71,0,0.002214567,8127.0,1,0,0,0,0.0
52095,0,0.003433972,57,0,0.28293183,1950.0,7,0,1,0,1.0
52097,0,0.388759659,53,0,0.478430626,10500.0,10,0,2,0,0.0
52098,0,0.020644495,81,0,0.067350866,1558.0,9,0,0,0,1.0
52099,0,0.492091444,45,0,0.508659168,5600.0,8,0,3,0,3.0
52100,0,0.686052593,38,0,0.608762181,12416.0,13,0,2,0,4.0
52104,0,0.41379768899999997,62,0,0.344050563,10916.0,12,0,2,0,3.0
52105,0,0.21811055199999999,44,0,0.40066079299999996,4539.0,5,0,1,0,0.0
52107,0,0.5806278420000001,74,0,0.454590902,6000.0,10,0,1,0,0.0
52109,1,1.052778888,51,2,3668.0,,2,0,1,1,0.0
52110,0,0.2009124,50,0,0.740378633,11250.0,12,0,3,0,1.0
52111,0,0.239572032,53,0,0.19362528699999998,11325.0,15,0,1,0,3.0
52112,0,0.550418324,83,0,0.31279733600000004,4203.0,10,0,0,0,0.0
52113,0,0.001295638,62,0,0.24611327,7203.0,3,0,1,0,1.0
52114,0,0.522353914,64,0,1.167073984,4500.0,20,0,3,0,0.0
52116,0,0.00043478300000000006,50,0,0.573263434,3814.0,8,0,2,0,2.0
52117,0,0.107495594,50,0,0.602118003,7270.0,6,0,4,0,0.0
52118,0,0.0,49,0,1792.0,,15,0,1,0,4.0
52119,0,0.44536357600000004,54,0,0.5554222289999999,6666.0,18,0,2,0,1.0
52121,0,0.024234047,85,0,0.008925107,5153.0,6,0,0,0,0.0
52122,0,0.9999998999999999,41,0,0.259273089,8033.0,14,0,1,0,3.0
52123,0,0.008587744,63,0,0.558217038,4800.0,27,0,1,0,0.0
52124,0,0.038803292999999996,75,0,44.0,0.0,11,0,0,0,0.0
52125,0,0.210491423,34,0,1418.0,,6,0,1,0,0.0
52126,0,0.353861163,67,1,0.30719900699999997,4833.0,9,0,0,0,0.0
52127,0,0.056775039000000006,53,0,1185.0,,13,0,1,0,0.0
52129,0,0.073268083,76,0,0.162917519,4400.0,6,0,1,0,0.0
52130,0,0.217849739,68,0,0.547308879,5833.0,17,0,1,0,1.0
52131,0,0.025696752000000003,66,0,0.153299267,4500.0,18,0,0,0,0.0
52133,0,0.148716436,45,0,1945.0,,7,0,2,0,1.0
52134,0,0.472065237,48,0,0.079131553,7000.0,5,0,0,0,1.0
52136,0,0.015991488,49,0,0.348434201,11367.0,16,0,3,0,3.0
52137,0,0.671452497,51,1,0.781255558,5622.0,14,0,2,0,2.0
52139,0,0.33210606800000003,56,0,0.5462350020000001,9667.0,24,0,2,0,1.0
52140,0,0.48161448,34,0,0.677074198,5700.0,18,0,2,0,2.0
52146,0,0.149554866,46,0,1897.0,,21,0,2,0,2.0
52147,0,0.03661206,71,0,0.00704859,6667.0,8,0,0,0,1.0
52148,0,0.24552313399999998,63,0,0.008887901,9000.0,3,0,0,0,0.0
52150,0,0.902309769,32,0,1.138346932,2818.0,5,0,2,0,2.0
52151,0,0.0,27,1,0.248500428,3500.0,3,2,0,1,0.0
52153,0,0.33930658399999997,29,2,0.07524995599999999,5700.0,10,0,0,0,4.0
52154,0,0.064622891,61,0,0.172177096,8740.0,11,0,1,0,2.0
52155,0,0.0044847129999999995,52,0,0.104836531,3700.0,5,0,0,0,0.0
52156,0,0.224315345,59,0,0.25683627600000003,8666.0,6,0,1,0,2.0
52157,0,0.9999998999999999,47,0,0.37037037,1754.0,4,0,0,0,4.0
52159,0,1.099933378,26,0,306.0,,3,0,0,0,0.0
52160,0,0.0,50,0,0.22615476899999998,5000.0,4,0,2,0,0.0
52161,0,0.01972247,68,0,2887.0,,9,0,2,0,0.0
52164,0,0.357654745,33,0,0.17058762600000002,9648.0,8,0,1,0,2.0
52165,0,0.0,61,0,4251.0,,15,0,2,0,1.0
52166,0,0.120260213,64,0,2895.0,,15,0,2,0,0.0
52167,0,0.07495989,70,0,0.323202518,10166.0,5,0,2,0,0.0
52168,0,0.495666929,55,0,0.587375622,6431.0,9,0,2,0,2.0
52169,0,0.134836175,47,1,0.200212912,13150.0,12,1,1,0,1.0
52172,0,0.8323645940000001,62,0,2827.0,,11,1,1,0,0.0
52173,0,0.538182617,63,0,0.20450110600000002,7686.0,7,0,2,0,0.0
52175,0,0.367004337,71,0,0.613349015,3400.0,11,0,2,0,1.0
52176,0,0.015355025,76,0,0.21322334699999998,8000.0,13,0,1,0,0.0
52177,0,0.00222607,52,0,0.31721682,7300.0,9,0,1,0,1.0
52178,0,0.09918296,53,0,0.263842471,11070.0,7,0,2,0,1.0
52179,0,0.080209614,65,0,45.0,,6,0,0,0,0.0
52180,0,0.169218067,35,0,0.24936006800000002,4687.0,10,0,1,0,0.0
52182,1,0.9150530920000001,48,1,0.652056901,2600.0,8,0,1,7,0.0
52184,0,0.0,52,0,0.203163349,11000.0,12,0,2,0,2.0
52185,0,0.06833563599999999,39,0,0.517102263,5700.0,9,0,1,0,1.0
52186,0,0.23625616,55,0,0.371966185,7333.0,24,0,2,0,0.0
52187,0,0.9555222390000001,34,0,0.42614755299999996,6600.0,6,0,1,0,2.0
52188,1,0.149804563,37,2,2329.0,,17,0,1,0,0.0
52189,0,0.16520145,36,0,0.106230201,4734.0,2,0,0,0,2.0
52190,1,0.35440308,53,1,0.545619816,8800.0,31,0,3,1,3.0
52191,0,0.9999998999999999,38,0,0.14895035,3000.0,4,0,0,0,1.0
52192,0,0.004165799,33,0,200.0,0.0,7,0,0,0,2.0
52193,0,0.7298473959999999,38,3,0.151903018,32500.0,25,0,2,0,1.0
52194,0,0.203480485,49,0,157.0,,2,0,0,0,0.0
52196,0,0.04428466,74,0,0.10599793199999999,5801.0,10,0,0,0,0.0
52198,0,0.27153703,63,1,0.219562648,6767.0,12,0,0,0,1.0
52199,0,0.031424214,43,0,0.701632209,4594.0,4,0,1,0,2.0
52200,0,0.002230598,59,0,345.0,,4,0,1,0,0.0
52201,0,0.17925666899999998,33,0,5152.0,,8,0,2,0,0.0
52203,0,0.394124011,59,0,0.701471218,7000.0,9,0,2,0,0.0
52204,0,0.497284561,55,0,0.35756179299999996,9547.0,13,0,2,0,1.0
52205,0,0.0,58,0,0.16227924,3000.0,8,0,0,0,0.0
52206,0,0.08408249599999999,48,0,0.418154261,5937.0,14,0,1,0,2.0
52208,0,0.329453716,62,0,0.7867776940000001,7925.0,21,0,3,0,0.0
52209,0,0.0,83,0,0.00366049,4370.0,3,0,0,0,0.0
52210,0,0.124995766,69,0,0.175494851,16216.0,21,0,2,0,0.0
52211,0,0.125485275,36,0,572.0,0.0,4,0,0,0,0.0
52213,0,0.027923857000000003,50,0,0.117268463,9166.0,4,0,1,0,1.0
52214,0,0.183908286,61,0,0.244539466,8652.0,16,0,2,0,0.0
52215,0,0.0,67,0,4946.0,,6,0,2,0,
52216,0,0.947506373,43,0,0.586371327,6500.0,6,0,1,0,1.0
52217,0,0.6264721129999999,40,0,1076.0,,6,0,0,0,0.0
52218,0,0.02249775,49,0,0.25332081,7452.0,5,0,2,0,1.0
52220,0,0.577757437,28,0,0.390379278,1080.0,6,0,0,0,0.0
52221,0,0.548530028,33,0,0.14035932,6233.0,7,0,0,0,4.0
52222,0,0.9999998999999999,35,0,0.0,3538.0,4,2,0,0,1.0
52223,0,0.091354591,93,1,0.059734228,7750.0,8,1,0,0,0.0
52224,0,0.10886139199999999,61,0,0.001733218,15000.0,1,0,0,0,0.0
52225,0,0.001425161,74,0,0.07708142700000001,4371.0,8,0,0,0,0.0
52226,0,0.337176682,59,0,3196.0,,9,0,2,0,2.0
52227,0,0.027148642999999997,35,0,0.239790098,8765.0,6,0,1,0,3.0
52228,0,0.305788571,58,0,0.42676220600000003,6000.0,11,0,1,0,0.0
52229,0,0.17540351399999998,32,0,1624.0,,6,0,1,0,
52230,0,0.058786606,58,0,1421.0,,6,0,1,0,
52231,0,0.020816521,63,0,0.029057889,13214.0,9,0,0,0,1.0
52232,0,0.221805686,30,0,0.099605822,6595.0,7,0,0,0,0.0
52233,0,0.0,25,0,0.024968788999999998,800.0,1,0,0,0,0.0
52234,0,0.003449943,75,0,0.130804364,7881.0,10,0,1,0,0.0
52240,0,0.022619096,38,0,16.0,,6,0,0,0,0.0
52241,0,0.014028998999999999,40,0,0.250100482,9951.0,5,0,2,0,3.0
52243,0,0.066565498,66,0,328.0,,17,0,0,0,
52244,0,0.14148175699999999,34,0,3269.0,,6,0,2,0,
52245,0,0.001970126,80,0,0.089761723,9190.0,8,0,1,0,0.0
52246,0,0.083679434,46,0,0.545526902,6281.0,7,0,1,0,2.0
52250,0,0.0,74,0,0.0,4016.0,3,0,0,0,1.0
52251,0,0.20560504899999998,42,0,0.161868643,5800.0,8,0,0,0,2.0
52252,0,0.9999998999999999,62,2,1330.0,,2,0,1,1,0.0
52253,0,0.5591679589999999,50,0,0.11972934199999999,30000.0,6,0,1,0,2.0
52254,0,0.06883103900000001,51,0,0.097569385,5800.0,2,0,1,0,1.0
52255,0,0.9999998999999999,31,0,0.007052185999999999,1417.0,1,0,0,0,0.0
52257,0,0.035396867,37,0,2340.0,,14,0,2,0,0.0
52261,0,0.8292317090000001,53,0,1732.0,0.0,9,0,2,0,2.0
52263,0,0.127945785,59,1,0.310860505,8157.0,10,1,1,0,1.0
52264,0,0.9999998999999999,45,0,295.0,,5,0,0,0,0.0
52265,0,0.067888829,31,2,0.21326224600000002,3000.0,4,0,0,0,0.0
52266,0,0.505143185,35,0,0.43113284399999996,6134.0,6,0,1,0,2.0
52268,0,0.021365954,48,0,0.002922627,6500.0,2,0,0,0,2.0
52271,0,0.08873181699999999,63,0,0.532001355,2952.0,10,0,2,0,0.0
52272,0,0.943056943,23,0,0.17284746899999998,3100.0,2,0,0,0,0.0
52275,0,0.075497304,59,0,0.0034362390000000002,18333.0,4,0,0,0,1.0
52276,0,0.014292808999999998,35,0,0.409936084,3441.0,6,0,1,0,0.0
52278,0,0.014416066000000002,74,0,0.0019996,5000.0,5,0,0,0,0.0
52279,0,0.992182055,30,0,1.702518992,2500.0,8,0,1,0,0.0
52280,0,0.348029565,63,1,867.0,,7,0,1,0,0.0
52281,0,0.8876861140000001,42,0,0.546451801,10300.0,17,0,2,0,0.0
52283,0,0.453757707,31,0,0.658355795,2967.0,3,0,1,0,1.0
52284,0,0.110868226,79,1,0.19026397,8750.0,12,0,1,0,0.0
52286,0,0.0,30,0,0.48291095100000003,4300.0,16,0,1,0,3.0
52287,0,0.176659663,66,0,0.126934007,9500.0,22,0,0,0,0.0
52288,0,0.491262718,43,0,0.08799120099999999,10000.0,3,0,0,0,1.0
52290,0,0.936171986,46,0,0.048135980999999994,7000.0,1,0,0,0,2.0
52291,0,0.016884481,53,0,0.131486851,10000.0,6,0,1,0,1.0
52294,0,0.547545355,45,0,0.593575877,6101.0,12,0,1,0,5.0
52295,0,0.166687718,40,0,0.01632992,7225.0,2,0,0,0,2.0
52296,0,0.135795076,67,0,0.247878632,11666.0,12,0,1,0,0.0
52297,0,0.057802722,28,0,0.065846708,6666.0,6,0,0,0,0.0
52298,0,0.026704391,40,0,0.386555914,6500.0,14,0,2,0,2.0
52299,0,0.9999998999999999,69,0,0.052819415,1400.0,0,2,0,0,0.0
52300,0,0.013787367,64,0,0.314365999,2846.0,18,0,2,0,0.0
52301,0,0.071571426,52,0,0.22533081300000002,15869.0,10,0,2,0,2.0
52302,0,0.5062715870000001,40,0,0.091009989,900.0,3,0,0,0,2.0
52303,0,0.021689615,44,0,0.40191017,7747.0,14,0,2,0,4.0
52304,0,0.013447812,29,0,673.0,,10,0,0,0,0.0
52306,0,0.5866704939999999,33,0,0.270369101,8750.0,8,0,2,0,0.0
52308,0,0.72337457,26,0,0.18824676899999998,4100.0,6,0,0,0,0.0
52309,0,0.0,59,0,0.259965063,6296.0,4,0,1,0,0.0
52310,0,0.004285102,30,0,0.6033874379999999,1416.0,4,0,2,0,0.0
52312,1,2.24262607,41,0,170.0,,3,1,0,2,0.0
52313,0,0.0,50,0,1068.0,,12,0,0,0,0.0
52314,0,0.07655519,60,0,213.0,,16,0,0,0,0.0
52315,0,0.43964009,49,0,0.059312591,11666.0,4,0,1,0,1.0
52316,0,0.09886691800000001,46,1,1.178056594,3745.0,17,0,2,0,3.0
52317,0,0.42335966399999997,80,0,0.28547137699999997,5292.0,8,0,0,0,0.0
52318,0,0.49244713,28,1,0.157421289,2000.0,6,0,0,0,0.0
52323,0,0.9999998999999999,66,0,30.0,,3,0,0,0,
52324,0,0.010768854,82,0,0.000906801,9924.0,6,0,0,0,0.0
52326,0,0.015900842,37,0,1484.0,,7,0,1,0,0.0
52327,0,0.127745071,80,0,41.0,,1,0,0,0,0.0
52329,0,0.942571785,29,0,0.052038449,3016.0,5,0,0,0,1.0
52331,0,0.0,33,0,0.35752862399999996,4628.0,8,0,0,0,2.0
52334,0,0.227214878,29,1,0.192074259,2800.0,10,0,0,0,0.0
52337,0,0.30627113,57,0,2344.0,,6,0,2,0,0.0
52338,0,0.169030414,56,0,0.5568445479999999,5171.0,19,0,3,0,1.0
52339,0,0.005748274,35,0,0.446221511,2500.0,15,0,2,0,3.0
52340,0,0.040647773,26,0,0.011661808000000001,2400.0,9,0,0,0,0.0
52341,0,0.019337535,60,0,0.500975419,5125.0,9,0,1,0,0.0
52342,0,0.9999998999999999,40,2,0.22538624699999998,3300.0,1,0,0,1,2.0
52346,0,0.0,85,0,0.0,3400.0,5,0,0,0,0.0
52347,1,0.35258342,49,1,0.275987938,6300.0,11,0,1,0,4.0
52349,0,0.051017779000000006,79,0,0.025394921,5000.0,13,0,0,0,0.0
52350,0,0.10636340300000001,56,0,0.332581067,8418.0,10,0,4,0,0.0
52352,0,0.125810099,47,0,0.6611864239999999,10400.0,10,0,2,0,2.0
52354,0,0.09653274199999999,52,1,0.23035392899999999,6667.0,9,0,1,0,3.0
52355,0,0.06273667599999999,85,0,524.0,,8,0,1,0,0.0
52356,0,0.108895659,77,0,0.15992004,2000.0,12,0,0,0,0.0
52357,0,0.137790235,61,0,0.262789535,6000.0,24,0,0,0,0.0
52358,0,0.048423922,41,0,0.01167153,7196.0,5,0,0,0,1.0
52360,0,0.07714102,80,0,0.16008825699999998,8157.0,10,0,1,0,0.0
52362,0,0.094905256,53,0,70.0,,5,0,0,0,0.0
52363,0,1.608985025,51,1,0.130667287,4300.0,3,2,0,0,0.0
52364,0,0.24342280300000002,58,0,1.1749125440000001,2000.0,14,0,2,0,0.0
52365,0,0.102155914,52,0,0.289973692,6841.0,3,0,2,0,0.0
52366,0,0.010312724,65,0,0.00429957,10000.0,15,0,0,0,0.0
52368,0,0.43921290799999996,48,2,0.576627103,7666.0,11,0,2,1,2.0
52371,0,0.008479322,64,0,0.262041806,3300.0,4,0,1,0,0.0
52372,0,0.477507498,37,0,0.13180601,3360.0,2,0,0,0,1.0
52373,0,0.53493959,57,0,1.6143856140000001,1000.0,4,0,0,0,2.0
52374,0,0.139689915,35,1,0.8635682159999999,2000.0,12,0,2,2,3.0
52375,0,0.07573677,55,0,0.399542944,5250.0,5,0,1,0,2.0
52376,0,0.032065766,40,0,0.8285796190000001,6976.0,13,0,4,0,2.0
52377,0,0.87617231,65,0,4298.0,,8,0,1,0,0.0
52378,0,0.43188359600000004,62,0,0.367107894,10500.0,9,0,1,0,2.0
52379,0,0.0,71,0,0.212178112,3727.0,4,0,1,0,0.0
52380,0,0.899400092,31,0,0.08745627199999999,2000.0,1,0,0,0,0.0
52381,0,0.0,67,0,0.319170207,4000.0,7,0,1,0,0.0
52382,0,0.856325569,58,3,0.41750033299999995,7496.0,9,1,0,1,1.0
52385,0,0.486473771,51,2,0.328013209,5450.0,12,0,1,0,4.0
52387,0,0.143979432,32,0,0.34184118700000005,4583.0,4,0,1,0,0.0
52388,0,0.021199294,50,0,2687.0,,11,0,3,0,0.0
52389,0,0.155808739,66,0,0.081632653,3625.0,3,0,0,0,1.0
52390,0,0.254294394,31,0,0.515885359,4500.0,11,0,1,0,1.0
52392,0,0.007581043000000001,53,0,7.0,,7,0,0,0,0.0
52393,0,0.00027777,43,0,0.24550800399999997,6121.0,7,0,1,1,2.0
52394,0,0.136333954,52,0,0.134720535,6583.0,14,0,0,1,1.0
52396,0,0.745393196,34,0,0.809359945,5811.0,10,0,3,0,1.0
52398,0,0.747508306,46,0,0.0027260340000000004,2200.0,3,0,0,1,0.0
52400,0,0.038012248,29,0,0.5551782679999999,5300.0,21,0,1,0,0.0
52401,0,0.134834607,51,0,0.19440124399999997,4500.0,13,0,0,0,0.0
52402,0,0.751557861,34,1,0.367719833,2626.0,6,0,0,0,0.0
52405,0,0.408658421,56,0,0.14589190900000001,3200.0,13,0,0,0,2.0
52406,0,0.05879282,54,0,3037.0,,3,0,1,0,0.0
52408,0,0.004697934,36,0,1.034593081,5000.0,6,0,2,0,0.0
52409,0,0.376321029,60,0,0.508070344,4150.0,10,0,1,0,0.0
52410,0,0.120367087,42,0,0.68732507,2500.0,18,0,3,0,2.0
52412,0,0.928414317,54,1,0.687197678,3100.0,5,0,1,0,1.0
52413,0,0.9999998999999999,41,0,0.326013919,8333.0,5,0,1,0,2.0
52414,0,0.089246034,61,0,0.40100942799999995,10500.0,8,0,2,0,0.0
52415,0,0.407659473,51,0,0.097403645,6200.0,5,0,0,0,0.0
52418,0,0.117313656,61,0,0.325422365,2485.0,6,0,0,0,0.0
52419,0,1.11650731,66,1,0.8669347470000001,21883.0,16,0,3,0,0.0
52421,0,0.0,39,0,0.05370603,3183.0,12,0,1,0,0.0
52422,0,0.035802342,51,0,0.354518371,6041.0,9,0,2,0,0.0
52423,0,0.41481369799999995,60,0,0.438178091,20000.0,17,0,3,0,0.0
52425,0,0.326252635,48,0,0.42686101,1920.0,9,0,0,0,2.0
52426,0,0.17583930399999997,49,0,0.016612281,10112.0,7,0,0,0,3.0
52427,0,0.003263109,66,0,0.0015255529999999998,3932.0,4,0,0,0,0.0
52428,0,0.007239074,76,0,23.0,,11,0,1,0,
52429,0,0.0,51,0,0.268077002,14700.0,10,0,2,0,3.0
52430,0,0.043547145999999995,51,0,0.497918401,1200.0,18,0,1,0,0.0
52431,0,0.119102919,50,0,0.24010132,7500.0,10,0,1,0,0.0
52432,0,0.863777261,51,0,10.96718973,700.0,15,0,2,0,0.0
52434,0,0.022289819,51,0,0.34517232299999995,3800.0,9,0,1,0,3.0
52435,0,0.554461529,65,0,0.162149361,19000.0,16,0,2,0,1.0
52437,0,0.034898837,42,0,0.696422526,8860.0,6,0,2,1,0.0
52438,0,0.0,47,0,0.275205539,2310.0,3,0,1,0,0.0
52439,0,0.9999998999999999,27,0,0.5052248979999999,2200.0,4,0,0,0,0.0
52440,0,0.011215698,37,0,0.059988002,5000.0,9,0,0,0,2.0
52441,0,0.632339165,45,0,0.440096535,5800.0,7,0,0,0,0.0
52443,0,0.0,32,0,0.07140816900000001,3500.0,3,0,0,1,0.0
52444,0,0.24450025600000003,51,0,157.0,,5,0,0,0,1.0
52445,0,0.0,66,0,0.591422122,3100.0,17,0,2,0,0.0
52446,0,0.7371423159999999,39,0,0.312968703,10000.0,11,0,1,0,1.0
52447,0,0.06458064200000001,66,0,0.022494887999999998,4889.0,7,0,0,0,1.0
52448,0,0.45233968799999996,38,0,0.251572892,11125.0,9,0,2,0,2.0
52449,0,0.012887339,48,0,4685.0,0.0,8,0,2,0,2.0
52450,0,0.026770414,41,0,0.40914084799999995,4550.0,9,0,1,0,0.0
52451,0,0.171886851,60,0,0.297740452,5000.0,13,0,1,0,2.0
52453,0,0.039870897,61,0,0.558005753,7300.0,12,0,2,0,0.0
52454,0,0.182801563,50,3,1987.0,,5,0,1,1,2.0
52455,0,0.087563364,82,0,0.00409959,10000.0,3,0,0,0,1.0
52456,0,0.9999998999999999,44,1,469.0,,1,0,0,0,0.0
52458,0,0.799493401,41,2,0.627131935,5100.0,10,0,1,0,2.0
52460,0,0.0,56,0,0.349235105,4967.0,14,0,1,0,0.0
52461,0,0.185095098,52,0,0.391785879,6500.0,8,0,1,0,0.0
52463,0,0.449539319,37,0,0.20601809100000001,5416.0,6,0,0,0,1.0
52464,0,0.13416778699999998,59,0,0.20314559399999998,11380.0,7,0,1,0,1.0
52465,0,0.547636052,29,0,0.110984145,7000.0,3,0,0,0,0.0
52466,0,0.802936337,51,0,0.22979798,3959.0,8,1,0,1,0.0
52467,0,0.0,32,0,0.0,18500.0,8,0,0,0,0.0
52470,0,0.9999998999999999,22,98,0.0,,0,98,0,98,0.0
52471,0,0.014716198,58,0,2150.0,,12,0,2,0,0.0
52472,1,0.47775107899999997,52,0,0.426661241,17200.0,10,0,2,0,1.0
52473,0,0.016397039,60,0,0.150901961,12749.0,7,0,1,0,0.0
52474,0,0.009974492,63,0,0.471037417,9166.0,23,0,2,0,2.0
52476,0,0.144927823,56,0,0.11169557,12166.0,8,0,1,0,0.0
52477,0,0.9999998999999999,47,0,330.0,,2,0,0,0,0.0
52478,0,0.8261151870000001,67,1,0.850462963,4319.0,7,0,2,0,0.0
52479,0,0.082565291,56,0,3243.0,,8,0,2,0,0.0
52480,0,0.002231031,50,0,0.00239936,3750.0,11,0,0,0,0.0
52481,0,0.010083574,50,0,0.347812787,6537.0,18,0,3,0,4.0
52482,0,0.598570307,54,0,0.5868532870000001,4000.0,12,0,2,1,1.0
52483,0,0.031837062,65,0,808.0,,10,0,2,0,0.0
52484,0,0.9999998999999999,61,0,0.0,,0,0,0,0,
52486,0,0.137556561,61,0,0.307329463,2755.0,14,0,0,0,1.0
52487,1,1.286068717,45,2,0.297283786,6000.0,12,0,0,0,1.0
52491,0,0.441401993,71,0,0.467218969,7000.0,32,0,0,0,0.0
52492,0,0.013167537,42,0,0.493177388,4616.0,8,0,1,0,2.0
52493,0,0.052577253,42,1,0.006855184,3500.0,3,0,0,0,3.0
52494,0,0.046950068,43,0,0.37733914399999996,3900.0,4,0,1,0,1.0
52495,0,0.015665921,59,0,0.23413685,9250.0,12,0,2,0,1.0
52502,0,0.061499868,47,1,0.669555074,6000.0,12,0,1,0,1.0
52503,0,0.021896874,78,0,25.0,,4,0,0,0,0.0
52504,0,0.036529121,66,0,0.010395841999999999,2500.0,6,0,0,0,0.0
52507,0,0.0,78,0,35.0,,3,0,0,0,0.0
52509,0,0.87485578,80,0,0.585646581,1476.0,7,0,1,0,0.0
52510,0,0.009872039,69,0,0.017592963,2500.0,17,0,0,0,0.0
52511,0,0.084017607,61,0,0.306669804,8500.0,17,0,0,0,2.0
52517,0,0.14647865300000001,74,0,0.159719356,4845.0,14,0,1,0,1.0
52519,0,0.11700679300000001,58,1,2379.0,,19,0,2,0,0.0
52520,0,0.022553673,53,0,0.011149558,2600.0,7,0,1,0,2.0
52523,0,0.027192288,48,0,0.178403085,7000.0,6,0,1,0,0.0
52524,0,0.0,34,0,0.26017614899999997,4200.0,4,0,2,0,1.0
52527,0,0.401513626,55,0,0.371662834,10000.0,14,0,2,0,1.0
52530,0,0.004831425,62,0,0.20562269600000002,11666.0,13,0,1,0,0.0
52531,0,0.322677323,37,0,0.110290725,6500.0,2,0,1,0,0.0
52532,0,0.056497432,58,0,36.0,,5,0,0,0,
52534,0,0.320098131,57,0,0.524895021,3333.0,7,0,1,0,1.0
52537,0,0.088628469,78,0,0.366589327,861.0,6,0,1,0,1.0
52540,0,0.38308723,63,0,0.434203189,17933.0,9,0,2,0,0.0
52541,0,0.6454121310000001,26,0,0.389305347,2000.0,3,0,0,1,0.0
52542,0,0.0,33,0,0.21543948,4766.0,4,0,1,0,0.0
52543,1,0.9999998999999999,29,0,0.006870706,1600.0,2,0,0,0,0.0
52544,0,0.0,40,0,3205.5,1.0,5,0,2,0,0.0
52545,0,0.244612308,42,0,0.304510736,6938.0,7,0,1,0,1.0
52547,0,0.0034641620000000002,70,0,0.070314498,3910.0,5,0,0,0,0.0
52548,0,0.0,47,0,0.000170765,5855.0,7,0,0,0,0.0
52550,0,0.0,46,0,0.24173212100000002,9675.0,15,0,1,0,2.0
52553,0,0.0,65,0,14.0,,5,0,0,0,0.0
52555,0,0.116525795,41,1,0.40984975,9583.0,11,0,2,0,0.0
52557,0,0.038118475,65,0,0.459914831,5400.0,6,0,1,0,0.0
52558,0,0.0,82,0,0.000119976,8334.0,2,0,0,0,1.0
52559,0,0.147389065,65,0,2178.0,,12,0,2,0,
52560,0,0.9999998999999999,27,0,201.0,,0,1,0,0,
52561,0,0.005290151999999999,71,0,0.004555049,9000.0,5,0,0,0,0.0
52562,0,0.025635846,42,0,2347.0,,6,0,1,0,0.0
52565,0,0.043966509,28,0,0.24617307100000002,3200.0,8,0,0,0,0.0
52566,0,0.637333867,48,0,0.217051445,5500.0,4,1,0,0,0.0
52568,0,0.000841245,71,0,0.279544091,3333.0,5,0,1,0,0.0
52569,0,0.56406602,45,2,1.221755649,5000.0,13,0,5,1,0.0
52570,0,0.384972601,49,4,1.8726061619999999,1200.0,17,0,1,0,1.0
52572,0,0.019548516999999998,70,0,0.0119976,5000.0,22,0,0,0,0.0
52573,0,0.740766057,54,0,0.417388515,9350.0,12,0,2,0,0.0
52574,0,0.788719135,37,0,0.67115903,11500.0,13,0,2,0,0.0
52575,0,0.269671379,59,0,0.272375423,6200.0,9,0,0,0,1.0
52576,0,0.90616839,43,0,0.251254237,7374.0,5,0,0,0,1.0
52578,0,0.123923875,45,0,2627.0,,9,0,2,0,1.0
52580,0,0.49546903299999995,57,0,0.41845187100000003,3500.0,6,0,2,0,2.0
52581,0,0.0,49,0,0.080699875,5600.0,2,0,0,0,3.0
52582,0,0.651469706,28,0,0.116029989,2800.0,3,1,0,0,0.0
52584,0,0.031702969,34,0,0.378602669,8916.0,8,0,1,0,0.0
52586,0,0.029999077000000002,65,0,29.0,,7,0,0,0,0.0
52587,0,0.050697547,30,0,0.102316281,6000.0,11,0,0,0,0.0
52588,0,0.039767584,59,0,2115.0,,7,0,3,0,0.0
52589,0,0.174608464,30,0,0.002571135,5833.0,1,0,0,0,0.0
52591,0,0.079710942,69,0,0.005777264,11250.0,4,0,0,0,0.0
52593,1,0.99440112,64,2,0.546542235,4178.0,4,1,0,1,3.0
52594,0,0.034758402,36,0,0.158390866,7531.0,11,0,0,0,1.0
52596,0,0.031843277999999996,70,0,0.210903603,5300.0,18,0,1,0,1.0
52597,0,0.18298575,52,0,0.144340339,3948.0,6,0,0,0,0.0
52600,0,0.023481678,45,0,0.288739906,6562.0,7,0,2,0,0.0
52603,0,0.25613066,55,0,2137.0,,5,0,2,0,0.0
52604,0,0.0008999780000000001,55,0,0.257714224,9300.0,7,0,1,0,1.0
52605,0,0.0008191860000000001,87,0,0.0,8078.0,3,0,0,0,0.0
52607,0,0.0,80,0,0.0022641510000000003,1324.0,11,0,0,0,0.0
52608,1,0.47560065700000004,27,0,0.231441048,2289.0,2,0,0,0,0.0
52609,0,0.005985243,88,0,0.000257136,11666.0,5,0,0,0,0.0
52611,0,0.171621043,63,0,0.44714640200000005,6044.0,18,0,2,0,1.0
52612,0,0.045373582,69,0,0.321852061,7083.0,9,0,3,0,0.0
52613,0,0.002707805,79,0,0.001666111,3000.0,5,0,0,0,0.0
52614,0,0.188246141,36,0,2459.0,,6,0,1,0,1.0
52615,0,0.8143421740000001,37,0,0.4342554,2638.0,6,0,1,0,0.0
52616,0,0.00283626,67,0,0.22670200899999998,7167.0,6,0,1,0,0.0
52617,0,0.054297285,62,0,0.114800642,8100.0,6,0,1,0,1.0
52618,0,0.6062770470000001,59,0,0.25591805100000004,11616.0,13,1,1,0,1.0
52619,0,0.024956985,78,0,0.050784393,9943.0,9,0,0,0,1.0
52620,0,0.384294188,72,0,1372.0,,9,0,1,0,0.0
52621,0,0.820678292,44,0,0.401866489,10500.0,11,1,2,0,4.0
52623,0,0.029573765,67,0,0.081042485,2800.0,7,0,1,0,0.0
52624,0,0.892712368,48,4,0.12290563199999999,9250.0,11,0,0,2,2.0
52625,0,0.259825608,35,0,0.121287471,7238.0,8,0,0,0,2.0
52627,0,0.005773904,60,0,0.33437014,3214.0,13,0,2,0,0.0
52628,0,0.028043911,62,0,312.0,,15,0,0,0,0.0
52629,0,0.25497662600000004,49,0,0.71321499,2534.0,10,0,1,0,0.0
52630,0,0.323548567,45,0,0.344757149,4405.0,12,0,0,0,1.0
52632,0,0.052215635999999996,64,0,0.293052632,4749.0,10,0,2,0,0.0
52634,0,0.110134846,65,0,0.26203592800000003,8349.0,8,0,1,0,0.0
52635,0,0.598006645,51,2,997.0,,4,0,1,0,0.0
52636,0,0.12880830599999998,56,0,0.21388439199999998,10500.0,10,0,2,0,0.0
52637,0,0.651160242,47,0,0.43079560100000003,7000.0,5,0,0,0,0.0
52638,0,0.986348123,63,0,0.550875576,10849.0,14,0,3,0,1.0
52639,0,0.04799616,33,0,675.0,,2,0,1,0,0.0
52641,0,0.9999998999999999,43,1,0.269614836,2803.0,3,1,0,0,1.0
52643,0,0.681493152,45,0,0.133287765,2925.0,4,0,0,0,0.0
52645,0,0.443292416,62,0,1.121321013,5843.0,26,0,3,0,2.0
52646,0,0.029671238,57,0,2321.0,,20,0,2,0,3.0
52647,0,0.073223444,76,0,68.0,,2,0,0,0,0.0
52648,0,0.050815872000000005,45,0,865.0,1.0,4,0,1,0,2.0
52649,0,0.059988002,82,0,0.0035985609999999997,2500.0,2,0,0,0,0.0
52650,0,0.9999998999999999,43,0,0.229834827,13500.0,7,0,1,0,2.0
52651,0,0.378976773,35,0,1.179637788,2042.0,4,0,2,0,3.0
52653,0,0.108583642,56,0,0.322735453,5000.0,10,0,1,0,2.0
52654,1,0.9999998999999999,40,1,0.501051402,8559.0,4,2,3,0,1.0
52656,0,0.529633399,65,1,1.400897532,1336.0,9,0,1,0,1.0
52657,0,0.9752195459999999,47,0,0.151248681,5685.0,8,0,0,0,0.0
52658,0,0.343013568,30,0,0.11830047199999999,3600.0,4,0,0,0,0.0
52659,1,0.626161305,63,0,0.529814942,2917.0,9,0,0,0,0.0
52660,0,0.9908686609999999,57,0,1741.0,1.0,10,0,1,0,0.0
52661,1,0.9832214770000001,55,1,0.970007498,4000.0,8,0,2,0,1.0
52662,0,0.0,69,0,0.0,2300.0,1,0,0,0,0.0
52665,0,0.055341275999999995,52,0,58.0,,3,0,0,0,0.0
52666,0,0.010245434,73,0,1326.0,,11,0,1,0,
52667,0,0.026098695,72,0,0.009997369,3800.0,7,0,0,0,0.0
52671,0,0.075176098,57,0,4644.0,,22,0,2,0,0.0
52673,0,0.9999998999999999,46,0,331.0,,1,0,0,0,0.0
52674,0,0.021195294,63,0,0.48716611,9583.0,10,0,4,0,0.0
52675,0,0.15090436,73,0,0.30794234,7075.0,6,0,2,0,0.0
52676,0,0.254972286,29,2,0.013997201,5000.0,4,0,0,0,0.0
52678,0,1.015830035,36,3,0.497920605,2644.0,6,0,0,1,0.0
52679,0,0.23588952800000001,59,0,3172.0,,14,0,2,0,0.0
52680,0,0.21238033399999998,70,0,0.256382875,10300.0,9,0,1,0,1.0
52682,1,1.00059996,35,1,0.630325815,3191.0,8,0,1,1,0.0
52683,0,0.28028315800000003,56,0,0.319834008,20000.0,16,0,4,0,4.0
52684,0,0.031007166,56,0,0.297027875,10833.0,12,0,1,0,0.0
52685,0,0.586978752,41,0,0.269858411,8333.0,17,0,2,0,2.0
52686,0,0.22685656199999998,57,0,1.030492785,3672.0,7,0,2,0,0.0
52688,0,0.031440572,77,0,0.336426172,6250.0,9,0,1,0,0.0
52690,0,0.662784698,51,0,0.22078733600000003,4800.0,10,0,0,0,0.0
52692,0,0.913621262,24,0,0.424318395,3190.0,3,0,1,0,1.0
52694,0,0.018726182,67,0,0.215212982,14789.0,15,0,2,0,1.0
52695,0,0.634159393,32,0,0.461582405,3500.0,5,0,2,0,0.0
52696,0,0.095572395,36,0,0.337094701,7000.0,14,0,1,0,0.0
52697,0,0.171481016,59,0,0.379169985,11300.0,10,0,2,0,2.0
52698,0,0.015477552,66,0,0.151561044,8583.0,4,0,1,0,0.0
52699,0,0.075974073,50,0,0.202560412,13200.0,6,0,1,0,2.0
52701,0,0.9999998999999999,39,0,0.42454873600000004,4154.0,3,0,1,0,0.0
52705,0,0.400517405,59,0,8832.0,,17,0,3,0,0.0
52706,0,0.0055329640000000005,43,0,0.00037843,5284.0,1,0,0,0,1.0
52707,0,0.075689336,69,0,2146.0,,16,0,1,1,0.0
52708,0,0.019888447,79,0,0.009119607,2850.0,2,0,0,0,0.0
52710,0,0.9999998999999999,65,0,1611.0,,6,0,1,0,0.0
52711,1,0.545738341,48,2,0.047097225,4288.0,6,0,0,0,1.0
52712,0,0.32091015100000003,45,0,0.734361611,4667.0,12,0,2,0,0.0
52715,0,0.713458281,52,0,0.343330477,3500.0,8,0,0,0,0.0
52720,0,0.644928481,49,1,0.20508195399999998,12750.0,6,0,1,0,0.0
52721,1,0.18657064399999998,55,0,0.13489340800000002,8161.0,7,0,1,0,2.0
52722,0,0.129575207,46,0,0.436281859,2000.0,8,0,1,0,1.0
52725,0,0.9999998999999999,48,0,0.59327813,8211.0,12,0,2,0,0.0
52726,0,0.18054097300000002,48,0,6540.0,,6,0,1,0,0.0
52728,0,0.028690407999999997,48,0,0.44056878899999996,8227.0,12,0,1,0,3.0
52730,0,0.0042188320000000005,60,0,0.006574622,3041.0,3,0,0,0,0.0
52731,0,0.026918922999999997,37,0,1.017535764,4333.0,15,0,2,0,0.0
52732,0,0.937515621,41,1,0.44269172700000003,5958.0,8,0,1,1,0.0
52733,0,0.000288798,46,0,0.51106376,6100.0,11,0,2,0,3.0
52735,0,0.055036329,54,0,0.5724156260000001,7525.0,18,0,3,0,1.0
52737,0,0.12373118,58,0,0.316193885,19000.0,7,0,1,0,1.0
52738,0,0.095954155,61,0,0.739390828,5843.0,14,0,3,0,0.0
52739,0,0.9999998999999999,35,1,447.0,,1,1,0,0,0.0
52740,0,0.22816976,75,0,0.138494456,5140.0,5,0,0,0,2.0
52741,0,0.157671058,54,0,0.060744557000000005,12033.0,7,0,0,0,1.0
52742,0,0.015473266999999999,64,0,831.0,,5,0,1,0,
52743,0,0.900314417,43,2,0.310758886,4163.0,8,0,1,0,1.0
52744,0,0.784105397,57,0,0.303556851,8574.0,5,0,1,0,0.0
52748,0,0.183911245,80,0,2368.0,,9,0,3,0,
52749,0,0.05360975900000001,45,0,0.008149959,3680.0,4,0,0,0,0.0
52750,0,0.658670665,36,0,0.098885464,4216.0,3,0,0,0,2.0
52751,0,0.057650335999999996,37,0,0.463089485,6000.0,10,0,1,0,0.0
52752,0,0.844663935,34,0,0.295327822,5200.0,6,0,0,0,3.0
52753,0,0.376613139,33,0,0.234661415,6600.0,9,0,0,0,2.0
52755,0,0.089404885,50,0,0.41763821,5317.0,14,0,2,0,1.0
52756,0,0.0,38,0,0.342777148,15000.0,8,0,3,0,2.0
52757,1,0.9999998999999999,52,0,0.331945023,2400.0,1,1,1,0,0.0
52759,0,0.010874806,73,0,2.821505376,929.0,14,0,2,0,0.0
52760,0,0.133441988,65,0,0.171359614,8700.0,9,0,2,0,0.0
52762,0,0.9999998999999999,32,0,0.812204555,2326.0,3,1,1,0,1.0
52764,0,0.008912656,35,0,1618.0,,4,0,2,0,0.0
52765,0,0.0069950540000000005,63,0,0.330136707,4900.0,11,0,1,0,1.0
52767,0,0.074737841,62,1,0.46025283899999997,4666.0,11,0,1,0,1.0
52768,1,0.22592879899999999,52,2,0.577474175,3000.0,7,0,1,1,2.0
52769,0,0.563255559,69,0,4.665669581,4345.0,7,0,0,0,0.0
52771,0,0.9999998999999999,70,0,0.0,2600.0,1,0,0,0,0.0
52772,0,0.307692308,64,0,2477.0,,7,0,1,0,0.0
52773,0,0.046037322,46,1,0.280492619,12666.0,11,0,1,0,2.0
52775,0,0.029610345,61,0,1844.0,,12,0,1,0,0.0
52776,1,0.757534513,57,0,0.564457393,5491.0,15,0,1,0,1.0
52777,1,1.418326693,39,2,586.0,,2,0,0,0,4.0
52778,0,0.9999998999999999,72,0,0.230170608,3340.0,2,0,1,0,0.0
52780,1,0.442424781,57,0,0.156241155,3532.0,7,0,0,0,0.0
52782,0,0.10849397300000001,43,0,1120.0,,9,0,1,0,5.0
52785,0,0.399931711,34,0,0.892295388,3750.0,15,0,2,0,2.0
52786,0,1785.0,49,0,0.28077357399999997,7083.0,4,0,1,0,0.0
52788,1,0.9488644479999999,42,0,0.9663752520000001,4460.0,4,3,2,3,4.0
52791,0,0.624278926,54,3,0.7316428509999999,12106.0,10,0,1,0,1.0
52793,0,0.9436507359999999,41,0,0.7977443609999999,5319.0,11,1,1,0,0.0
52797,0,0.043117585,56,0,0.052023512,14800.0,7,0,1,0,1.0
52798,0,0.04775271,43,0,3302.0,,15,0,2,0,2.0
52799,0,0.07493190599999999,36,0,0.360276108,4490.0,9,0,2,0,0.0
52802,0,0.052746077999999995,60,0,0.050894910999999994,10000.0,5,0,1,0,1.0
52803,0,0.093910665,72,0,0.019320453,3001.0,4,0,0,0,0.0
52804,0,0.026849332000000004,80,0,0.008663779,3000.0,3,0,0,0,0.0
52805,0,0.022069181,47,0,0.481551845,10000.0,7,0,2,0,2.0
52806,0,0.9999998999999999,53,0,0.503475165,5898.0,4,0,2,0,0.0
52807,0,0.832613121,52,2,0.610448243,3100.0,19,0,0,1,0.0
52809,0,0.624053332,58,0,0.389662975,8396.0,14,0,2,0,0.0
52810,0,0.093997195,46,0,0.81975159,3300.0,19,0,1,0,2.0
52811,0,0.003616867,43,0,1.238410596,2717.0,7,0,4,0,0.0
52814,0,0.24294046800000002,53,0,0.047817915999999995,4788.0,8,0,0,0,0.0
52815,0,0.233554249,51,0,0.470002264,4416.0,11,0,2,0,0.0
52816,0,0.981082785,38,0,0.188180404,4500.0,4,0,0,0,2.0
52817,0,0.017006405,75,0,0.008294343000000001,4701.0,6,0,0,0,0.0
52818,0,0.01464897,60,0,0.304420583,7170.0,9,0,1,0,0.0
52821,1,0.002992763,39,0,0.470272278,35000.0,16,0,5,0,1.0
52823,0,0.00062293,37,0,694.0,,5,0,1,0,0.0
52826,0,0.9999998999999999,37,0,0.0040513170000000005,1480.0,1,0,0,0,2.0
52829,0,0.003845506,88,0,7.0,,7,0,0,0,
52831,0,0.042352111,59,0,0.145958329,9166.0,13,0,2,0,0.0
52832,0,0.012555078999999999,61,0,861.0,,7,0,1,0,
52833,0,0.1088962,77,0,952.0,,4,0,2,0,1.0
52834,0,0.0,42,0,0.539134662,2056.0,5,0,0,0,3.0
52836,0,0.086136743,47,0,186.0,,5,0,0,0,
52837,0,0.460484651,56,0,0.575084983,5000.0,11,0,2,0,1.0
52838,0,0.0,53,0,0.603830042,3341.0,6,0,1,0,1.0
52840,0,0.246662073,74,0,0.629650587,7068.0,11,0,2,0,0.0
52841,0,0.587950391,45,0,0.177411614,6250.0,11,0,0,0,0.0
52842,0,0.028331983999999998,60,0,0.355845746,4900.0,5,0,2,0,0.0
52843,0,0.015010107,79,0,0.003332223,3000.0,6,0,0,0,0.0
52845,0,0.000308938,53,0,6217.0,,9,0,1,0,0.0
52846,0,0.16279186,47,0,1605.0,,6,0,1,0,0.0
52847,0,0.331030722,47,0,0.156238632,5497.0,6,0,2,0,2.0
52848,0,0.16570245,62,1,2775.0,,10,0,1,0,0.0
52849,0,0.015915423,67,0,2516.0,,10,0,1,0,
52851,1,0.612181958,36,3,0.23194341,2685.0,7,1,0,1,1.0
52852,0,0.034511638,48,0,0.221399426,6616.0,9,0,2,0,5.0
52853,0,0.389752573,50,2,0.463567054,8000.0,12,0,1,0,0.0
52855,0,0.08377973,52,0,0.510314143,7416.0,8,0,2,0,3.0
52856,0,0.153186829,62,0,0.271069724,12778.0,9,0,2,0,2.0
52857,0,0.607117901,43,0,0.5009123289999999,11508.0,11,0,4,0,4.0
52859,0,0.023179243999999998,47,1,1467.0,,15,0,2,0,0.0
52860,0,0.051223394000000005,56,1,0.008331945,6000.0,7,0,0,0,0.0
52861,0,0.029708322000000002,77,0,1.868421053,189.0,11,0,1,0,0.0
52862,0,0.017426561,46,0,2786.0,,8,0,1,0,1.0
52863,0,0.212811418,41,2,0.286181521,3668.0,5,0,1,0,0.0
52865,0,0.641036685,35,0,1.697156034,1300.0,10,0,2,0,2.0
52867,0,0.621979205,57,0,0.665597801,2182.0,13,0,0,0,0.0
52868,0,0.004249867,74,0,0.404887531,3600.0,8,0,2,0,0.0
52869,0,0.6776396,27,3,0.303913405,1200.0,7,0,0,0,1.0
52870,0,0.0,66,0,0.17537483,2200.0,8,0,0,0,0.0
52871,0,0.079510333,59,0,0.187808698,8300.0,4,0,1,0,0.0
52873,0,0.889843515,48,0,0.6049039429999999,3955.0,13,0,0,0,0.0
52875,0,0.02236689,79,0,32.0,,6,0,0,0,0.0
52876,1,0.8244763009999999,42,1,0.716467648,3600.0,6,0,1,0,3.0
52877,0,0.052481667999999995,49,0,0.136842105,569.0,4,0,0,0,1.0
52879,0,0.019558248,88,0,0.006331223,3000.0,7,0,0,0,0.0
52881,0,0.239757776,68,0,2255.0,,17,0,1,0,0.0
52882,0,0.03492637,52,0,0.53487339,2250.0,6,0,2,0,3.0
52883,0,0.22615664600000002,49,0,0.23359362,6018.0,8,0,1,0,0.0
52884,0,0.32866185600000003,70,0,0.212971567,5380.0,8,0,0,0,0.0
52885,0,0.147932265,51,0,0.526269702,2283.0,7,0,0,0,2.0
52886,0,0.771615226,42,0,0.31949210699999997,2913.0,7,0,0,0,0.0
52889,0,0.9999998999999999,65,0,3319.0,,7,0,3,0,1.0
52890,0,0.7249909609999999,44,0,0.28956724300000003,8156.0,8,0,0,0,2.0
52891,0,0.011666278,87,0,10.0,,1,0,0,0,0.0
52892,0,0.036432696,65,0,0.12439347199999999,2266.0,9,0,0,0,0.0
52893,0,0.001226141,67,0,0.00039992,5000.0,6,0,0,0,1.0
52895,0,0.9999998999999999,69,0,1591.0,,4,0,1,0,0.0
52896,0,0.022180474,58,0,0.142871732,19583.0,10,0,0,0,0.0
52897,0,0.396785535,44,2,0.8188043190000001,3796.0,11,0,1,0,1.0
52899,0,0.420231678,24,0,0.7649208279999999,820.0,7,0,0,0,0.0
52900,0,0.407720852,61,0,0.268606976,4500.0,9,0,0,0,1.0
52901,0,0.002177847,78,0,0.002631002,4560.0,3,0,1,0,0.0
52902,0,0.8715252859999999,52,0,0.38031070299999997,11650.0,20,0,2,0,0.0
52903,0,0.9999998999999999,30,2,0.22652305600000003,2970.0,2,0,0,0,0.0
52904,1,0.0,47,3,0.226155093,3700.0,10,1,0,1,0.0
52905,0,0.20765513,31,0,0.187537688,9949.0,6,0,1,0,0.0
52906,0,0.042600415,65,0,0.141384389,4752.0,8,0,1,0,0.0
52908,0,0.04979111,33,0,0.164766024,2542.0,5,0,0,0,1.0
52910,0,0.20665391,76,0,0.7304534090000001,2800.0,8,0,0,0,0.0
52911,0,0.0,37,0,1894.0,0.0,5,0,2,0,2.0
52913,0,0.22113439199999999,55,0,0.543316535,4166.0,13,0,2,0,0.0
52914,0,0.9999998999999999,54,0,0.45524971200000003,6066.0,6,0,3,0,0.0
52915,0,0.35618407,55,0,0.531713244,4114.0,11,0,1,0,0.0
52916,1,0.039055404,34,1,0.33426183800000003,3230.0,6,0,0,1,2.0
52918,1,0.869707797,56,2,0.484634613,6800.0,10,1,1,2,2.0
52919,0,0.03096067,44,0,0.094823416,6200.0,4,0,0,0,0.0
52920,0,0.024455642000000003,76,0,0.011229042,6500.0,13,0,0,0,0.0
52921,0,0.0,61,0,0.0,1800.0,4,0,0,0,0.0
52926,0,0.009462523,61,0,0.005656496,5833.0,7,0,0,0,0.0
52927,0,0.058066111,39,0,3421.0,,6,0,1,0,0.0
52928,0,0.09154607199999999,66,0,846.0,,5,0,1,0,
52929,0,0.27605699,59,0,0.5109522710000001,4336.0,9,0,1,0,0.0
52931,0,0.073447868,73,0,603.0,,6,0,0,0,1.0
52932,0,0.002607529,72,0,0.85198732,4100.0,11,0,2,0,0.0
52933,0,0.27668551199999997,30,0,0.098987627,8000.0,8,0,0,0,0.0
52934,0,0.0,40,0,0.0,7000.0,5,0,0,0,1.0
52935,0,0.01329867,59,0,0.000856898,3500.0,3,0,0,0,0.0
52936,0,0.014035192,55,0,0.005892255999999999,2375.0,3,0,0,0,0.0
52937,0,0.289972318,40,0,0.13248675099999999,10000.0,8,0,0,0,2.0
52938,0,0.015746829,74,0,0.117024405,3400.0,10,0,0,0,0.0
52939,0,0.002951683,48,0,0.078421409,5903.0,10,0,1,0,1.0
52941,0,0.0,73,0,1740.0,,14,0,1,0,0.0
52942,0,0.0,60,0,2230.0,,5,0,2,0,0.0
52943,1,0.708248193,47,1,1.4890911519999999,7470.0,15,0,4,0,3.0
52944,0,0.9397165670000001,54,2,0.058736394000000004,60081.0,9,0,2,0,1.0
52945,0,0.9999998999999999,26,1,0.036792641,5000.0,5,0,0,0,0.0
52947,0,0.254660137,53,0,0.341058105,8845.0,8,0,1,0,1.0
52948,0,0.083522116,47,0,0.331693382,6300.0,9,0,2,0,1.0
52950,0,0.251165889,33,0,0.016112444,2916.0,4,0,0,0,0.0
52951,0,0.003395763,75,0,4.0,,2,0,0,0,0.0
52952,0,0.719331092,31,0,0.371171171,2219.0,6,0,0,0,0.0
52953,1,0.9999998999999999,53,3,0.29363001699999997,4583.0,4,1,0,0,1.0
52955,0,0.18009937899999998,64,0,0.292517007,4850.0,8,0,2,0,0.0
52956,0,0.503881665,33,0,0.362677034,3600.0,11,0,2,0,0.0
52957,0,0.069157234,79,0,0.036091801,10500.0,12,0,1,0,0.0
52960,0,0.0,48,2,0.271257173,3833.0,7,0,0,0,2.0
52961,0,0.007074825,80,0,3617.0,0.0,11,0,5,0,0.0
52962,1,0.968063872,23,0,0.003230272,4333.0,2,0,0,0,0.0
52963,0,0.8009978190000001,62,1,0.273684211,7884.0,13,0,0,0,0.0
52965,1,0.9999998999999999,42,0,0.35241349899999996,4681.0,2,0,1,2,2.0
52966,0,0.057412168,24,0,6.0,,1,0,0,0,0.0
52967,0,0.01474116,74,0,0.215025907,3859.0,21,0,1,0,0.0
52968,0,0.0,57,0,0.102140582,13500.0,11,0,1,0,0.0
52969,0,0.032295344,77,0,0.15337309,5365.0,15,0,1,0,1.0
52975,0,0.101133313,39,0,1.1332841059999998,5416.0,12,0,2,0,2.0
52976,0,0.793769555,37,0,0.18540433899999997,3041.0,6,0,0,0,1.0
52977,0,0.0061242,60,0,2048.0,,23,0,1,0,3.0
52978,0,0.066710513,45,0,133.0,0.0,8,0,0,0,2.0
52979,0,0.080226279,73,0,83.0,,9,0,0,0,0.0
52980,0,0.0,56,0,0.360780581,2100.0,4,0,0,0,0.0
52981,0,0.908122503,33,0,1068.0,,4,0,1,0,0.0
52983,0,0.015315700000000002,46,0,0.312444206,5600.0,9,0,1,0,0.0
52985,0,0.920363185,67,0,0.958495195,4890.0,7,0,1,0,1.0
52987,0,0.9999998999999999,36,0,0.111359196,3582.0,4,0,0,2,2.0
52988,0,0.12240368199999999,69,0,0.298283619,6000.0,12,0,2,0,0.0
52989,0,0.022726333999999997,45,0,0.0053315559999999994,3000.0,9,0,0,0,2.0
52992,0,0.10319656,70,0,0.287428143,4000.0,5,0,1,0,0.0
52993,0,0.03248847,33,1,2875.0,,5,0,2,0,0.0
52996,0,0.045093258,85,0,0.170292243,4550.0,9,0,1,0,0.0
52997,0,0.014347318000000001,62,0,0.011046567,10500.0,19,0,0,0,0.0
52999,0,0.019684418999999998,46,1,3555.0,,10,0,2,0,4.0
53001,0,0.0,31,0,1.184191955,2833.0,15,0,2,0,0.0
53002,0,0.822156126,64,0,0.731197455,4400.0,5,0,1,0,0.0
53004,0,0.210789211,26,0,6.0,0.0,2,0,0,0,0.0
53005,0,0.027979972000000002,61,0,0.010873641000000002,8000.0,7,0,1,0,0.0
53007,0,0.7747244529999999,60,0,0.120791675,4900.0,11,0,0,0,1.0
53009,0,0.014992415,66,0,0.13660245199999999,4567.0,10,0,1,0,1.0
53010,0,0.43523227200000003,50,0,0.448959845,6200.0,6,0,1,0,0.0
53012,0,0.0,22,0,0.0,1.0,2,0,0,0,0.0
53013,0,0.081331545,52,0,0.316355405,1766.0,7,0,0,0,1.0
53014,0,0.0,73,0,0.0,5200.0,1,0,0,0,1.0
53016,1,0.9999998999999999,39,0,0.000608871,21350.0,0,1,0,0,2.0
53018,0,0.263286218,75,0,0.379115178,10600.0,17,0,2,0,0.0
53019,0,0.581917103,49,0,0.906395449,5800.0,15,0,3,0,3.0
53020,0,0.303196158,37,0,0.277351738,7823.0,12,0,3,0,4.0
53021,0,0.005912786,76,0,0.001999,2000.0,1,0,0,0,0.0
53022,0,0.02179742,52,0,0.416877943,5521.0,5,0,1,0,1.0
53023,0,0.343921793,44,0,0.284253579,4400.0,7,0,1,0,0.0
53024,0,0.051625495,51,0,0.17770963899999997,7500.0,11,0,1,0,0.0
53025,1,1.090834021,58,0,0.5224625620000001,600.0,3,1,0,0,1.0
53027,0,0.06288656,63,0,0.47688078,4000.0,6,0,0,0,0.0
53028,0,0.9999998999999999,34,0,0.399488134,4297.0,5,0,1,0,0.0
53029,0,0.016181398,85,0,18.0,,3,0,0,0,0.0
53030,0,0.921026325,61,0,1.151241535,3100.0,14,0,3,0,0.0
53031,0,0.826917308,50,0,0.147423616,9916.0,2,0,1,0,0.0
53032,0,0.013158925,84,0,15.0,,8,0,0,0,
53033,0,0.458180606,30,0,0.34475864,3500.0,8,0,2,0,0.0
53034,0,0.28182397600000003,53,0,0.400342259,19867.0,12,0,2,0,2.0
53036,0,0.45941458700000004,58,0,0.41203618200000003,10833.0,10,0,2,0,0.0
53037,0,0.485002307,32,0,0.023494126,4000.0,1,0,0,0,0.0
53038,0,0.003446875,60,0,0.250587314,16600.0,14,0,2,0,2.0
53039,0,0.066380242,59,0,0.135972805,5000.0,9,0,1,0,1.0
53040,1,0.9999998999999999,36,0,0.167708073,4000.0,1,4,0,0,0.0
53041,0,0.008135396,89,0,0.002499375,4000.0,4,0,0,0,0.0
53043,0,0.013109106,50,0,635.0,,14,0,1,1,0.0
53044,0,0.13836097,80,0,0.5389101820000001,6000.0,16,0,1,0,1.0
53045,0,0.082997925,84,0,3.232919255,7083.0,19,0,2,0,0.0
53046,0,0.757026858,22,0,0.071856287,500.0,2,0,0,0,0.0
53048,0,0.351129774,33,0,0.39005864799999995,10400.0,9,0,1,0,0.0
53049,0,0.02135375,66,0,0.439376609,6993.0,14,0,2,0,0.0
53051,0,0.0,39,2,3488.0,0.0,11,0,2,0,4.0
53052,0,0.434324152,38,0,0.32685165,4576.0,4,0,1,0,2.0
53053,0,0.962040474,49,1,0.242708969,8194.0,11,0,1,1,2.0
53054,0,0.123178471,51,0,0.272881095,6500.0,12,0,1,0,2.0
53056,0,0.9628691420000001,30,1,0.28391888,3500.0,9,0,0,0,5.0
53057,0,0.10346279300000001,25,0,0.760055479,720.0,4,0,0,0,0.0
53058,0,0.00119996,74,0,0.765778126,5101.0,9,0,5,0,0.0
53059,0,0.0,59,0,0.0,,2,0,0,0,
53060,0,0.8202789229999999,57,2,0.233849439,7491.0,16,0,2,0,0.0
53061,0,0.013874982,70,0,0.09692029,3311.0,14,0,0,0,0.0
53062,0,0.218468755,56,0,0.22309268399999999,8296.0,6,0,2,0,0.0
53063,0,0.011483291999999999,58,0,567.0,,5,0,1,0,0.0
53064,0,0.010017368,79,0,16.0,,3,0,0,0,
53065,1,0.9999998999999999,35,1,0.35508637200000004,2083.0,10,0,0,0,2.0
53066,0,0.42145696299999996,35,0,0.500097675,5118.0,11,0,2,0,3.0
53067,0,0.014217665,69,0,0.00293725,3744.0,2,0,0,0,0.0
53068,0,0.265325643,51,1,0.586118252,3500.0,11,0,2,0,3.0
53069,0,0.911823132,67,0,5908.0,,25,0,1,0,0.0
53070,0,0.0,28,0,0.30464267100000003,3833.0,4,0,1,0,0.0
53071,0,0.327198957,30,0,0.204819277,5394.0,3,0,0,0,2.0
53073,0,0.006176341,69,0,347.0,,8,0,1,0,0.0
53075,0,0.205235325,59,1,0.23263564899999997,7500.0,12,0,2,0,0.0
53076,0,0.095984631,44,0,3398.0,,8,0,3,0,2.0
53077,0,0.31420779600000004,69,0,0.429928345,6000.0,23,0,2,0,0.0
53078,0,0.29349362,44,0,0.09802007800000001,7171.0,5,0,0,0,2.0
53080,0,0.012743667,70,0,0.20057102100000002,11207.0,10,0,1,0,0.0
53081,1,0.9695310640000001,24,0,139.0,,3,0,0,0,
53083,0,0.037992402,73,0,0.002163566,2310.0,1,0,0,0,0.0
53085,0,0.651550018,51,0,0.272835489,12600.0,12,1,2,0,1.0
53086,0,0.263993714,36,2,0.09808589699999999,10500.0,15,0,2,0,3.0
53087,0,0.760863975,38,0,0.535178777,2600.0,5,0,1,0,3.0
53088,0,0.72631842,58,1,2559.0,,7,0,1,0,0.0
53090,0,0.399554718,57,0,0.179377321,3500.0,6,0,0,0,0.0
53091,0,0.002047011,63,0,0.216258702,8905.0,10,0,1,0,0.0
53093,0,0.008187812,53,0,0.287754562,3780.0,4,0,1,0,1.0
53094,0,0.000306508,70,0,0.11248352,14410.0,10,0,2,0,0.0
53095,0,0.027543376,77,0,0.061708409000000006,10500.0,8,0,0,0,0.0
53097,0,0.29683533300000003,40,1,0.21423470600000002,4200.0,7,0,0,0,2.0
53098,0,0.022936981000000002,56,1,0.143985953,6833.0,28,0,1,0,1.0
53100,0,0.63570578,38,0,0.290236588,3000.0,7,0,0,0,5.0
53102,0,0.020771451,52,1,0.145539906,5750.0,12,0,1,1,0.0
53103,0,0.134159592,44,0,1622.0,,10,0,1,0,0.0
53104,0,0.12908188199999998,62,0,55.0,,4,0,0,0,0.0
53106,0,0.047579290999999996,51,0,0.44427056200000004,5750.0,16,0,1,0,4.0
53107,0,0.947242206,44,0,0.096104635,3516.0,6,0,0,0,3.0
53108,0,0.9999998999999999,49,2,0.32627014600000004,12222.0,8,0,3,0,2.0
53109,0,0.0,36,0,0.194634909,8312.0,10,0,1,0,0.0
53111,0,0.218751611,61,0,0.11435269599999999,3838.0,7,0,0,0,0.0
53112,0,0.219952297,69,0,0.104467891,7676.0,6,0,0,0,0.0
53114,0,0.034598616,86,0,0.0031246090000000004,8000.0,2,0,0,0,0.0
53115,0,0.12793554699999998,72,0,524.0,,5,0,1,0,0.0
53117,0,0.207682265,49,0,1885.0,,6,0,1,0,0.0
53118,0,0.023545347999999997,61,0,1590.0,,6,0,1,0,0.0
53119,0,0.012129713,58,0,0.075661623,15000.0,5,0,1,0,0.0
53120,0,0.615455754,49,0,0.55654299,4500.0,5,0,1,2,1.0
53121,0,0.020300568999999997,61,1,0.435828499,21200.0,22,0,5,0,1.0
53123,0,0.0,41,2,0.28331835899999996,10016.0,5,0,2,0,2.0
53124,0,0.643356643,38,0,1368.0,,4,0,1,0,0.0
53125,0,0.119336311,31,0,0.090988626,8000.0,6,0,0,0,0.0
53126,0,0.751720452,48,1,0.426878656,6666.0,11,0,3,0,0.0
53127,0,0.14912355800000002,75,0,0.17466410699999999,2083.0,7,0,0,0,0.0
53129,0,0.382396319,53,0,0.48984344700000004,7728.0,9,0,2,0,0.0
53130,0,0.175988267,39,0,0.27129716,7500.0,4,0,1,0,1.0
53131,0,0.017689318,52,0,1387.0,,8,0,2,0,
53133,0,0.13472120699999998,38,0,0.40079016700000003,6833.0,19,0,2,0,2.0
53134,0,0.204826858,53,0,0.260464328,5900.0,7,0,1,0,1.0
53135,0,0.336190272,53,0,0.191816025,15175.0,11,0,1,0,1.0
53136,0,0.009361333000000001,63,0,0.003230272,6500.0,14,0,0,0,0.0
53137,0,0.071390598,76,0,0.012767266999999999,6500.0,3,0,0,0,0.0
53138,0,0.9999998999999999,24,0,0.0,2650.0,0,0,0,0,1.0
53140,0,0.028613611,40,0,3123.0,,4,0,1,0,0.0
53141,0,0.029496502,45,0,2758.0,,8,0,2,0,0.0
53142,0,0.03412815,39,0,0.09604011300000001,7777.0,11,0,0,0,3.0
53143,0,0.7171427920000001,48,0,1.12184674,2100.0,9,0,2,0,1.0
53149,0,0.0,23,0,0.0,,2,0,0,0,0.0
53151,0,0.007865618000000001,28,2,0.151948693,2026.0,4,0,0,0,0.0
53153,0,0.0,69,0,248.0,,8,0,0,0,0.0
53156,0,0.28800907,58,0,0.784161953,3358.0,13,0,1,0,0.0
53158,0,0.841615838,55,2,0.554283604,5415.0,11,0,2,1,0.0
53159,0,0.096747581,63,0,0.025025137000000003,8950.0,9,0,1,0,0.0
53160,0,0.028591291,47,0,0.34644754299999997,6023.0,8,0,1,0,3.0
53161,1,0.9481037920000001,27,0,0.526973547,4800.0,6,0,1,0,0.0
53163,0,0.673853942,47,0,0.30150683,7100.0,10,0,2,0,2.0
53164,0,0.139442231,41,0,0.215083288,5462.0,6,0,0,0,2.0
53165,0,0.121258906,59,0,3249.0,,19,0,2,0,0.0
53166,0,0.035749106,53,0,0.26815713,7916.0,8,0,1,0,0.0
53169,0,0.0,71,0,0.0,2800.0,2,0,0,0,0.0
53171,0,0.14918443,64,0,0.196580342,10000.0,10,0,1,0,0.0
53174,0,0.244347192,32,0,2464.0,,10,0,1,0,0.0
53175,0,0.845292615,61,0,0.272021255,34250.0,13,0,2,0,1.0
53176,0,0.087964814,37,0,0.6871324390000001,4250.0,8,0,1,0,1.0
53177,0,0.17703473600000003,54,0,0.412137995,8666.0,11,0,1,0,2.0
53178,0,0.8901033620000001,52,0,0.243957573,5750.0,5,1,0,0,0.0
53180,0,0.280460218,57,0,1.4417199719999998,5627.0,14,0,2,0,1.0
53181,0,0.9999998999999999,59,0,0.379572206,7900.0,5,0,3,0,3.0
53182,0,0.312190688,35,0,0.7542267309999999,5618.0,9,0,5,0,0.0
53183,0,0.308374324,59,0,0.583127572,2429.0,9,0,1,0,1.0
53184,0,0.112551464,58,0,0.013302627,33000.0,16,0,0,0,2.0
53185,0,0.26467519899999997,60,0,0.282929268,4000.0,16,0,0,0,1.0
53186,0,0.8738708709999999,78,1,0.196450887,4000.0,2,0,0,0,0.0
53187,0,0.9999998999999999,36,0,0.0,1700.0,0,0,0,0,3.0
53188,0,0.006504111999999999,77,0,0.370057452,2958.0,6,0,1,0,1.0
53189,0,0.20344106,34,0,1865.0,,6,0,2,0,0.0
53190,0,0.0,55,0,0.21621621600000002,8583.0,10,0,1,0,0.0
53192,0,0.099998325,70,0,0.5313394020000001,3844.0,7,0,1,0,0.0
53193,0,0.966617097,39,0,0.158939416,6750.0,9,1,0,0,2.0
53194,0,0.0,42,0,0.289613548,11100.0,9,0,2,0,5.0
53195,0,0.9999998999999999,42,0,33.0,,1,0,0,0,0.0
53196,0,0.754855035,34,0,0.414687349,4125.0,10,0,1,0,0.0
53197,0,0.040866458,60,0,1693.0,,5,0,1,0,0.0
53198,0,0.024376745,63,0,0.006959443,4166.0,3,0,0,0,0.0
53200,0,0.21163067100000002,43,0,0.14559721,3440.0,7,0,0,0,2.0
53203,0,0.018332778,58,0,0.405932345,6000.0,11,0,2,0,0.0
53204,0,0.32380203399999996,34,5,1.9140893469999998,3200.0,8,4,2,0,3.0
53205,0,0.19872773300000002,44,0,0.19221540899999998,3750.0,7,0,0,0,0.0
53206,0,0.016233697,54,0,1350.0,,9,0,2,0,1.0
53208,0,0.7667383879999999,38,2,0.17006802699999998,6467.0,6,0,0,0,3.0
53209,0,0.048412124,86,0,0.137372525,5000.0,6,0,1,0,0.0
53211,0,0.0,59,0,8753.0,,6,0,5,0,
53212,0,0.031103747,57,0,0.484591861,4250.0,11,0,1,0,2.0
53214,0,0.337071539,45,1,0.269633702,26917.0,19,0,2,0,2.0
53219,0,0.013696825,54,0,0.36262498200000004,7100.0,26,0,3,0,3.0
53220,0,0.032426255,69,0,232.5,1.0,3,0,0,0,0.0
53222,0,0.025648717999999997,45,0,3584.0,,8,0,1,0,0.0
53223,1,0.9999998999999999,40,1,0.177264547,3333.0,2,3,0,0,0.0
53226,0,0.022517968,54,0,0.218942485,12500.0,8,0,2,0,4.0
53228,0,0.042575286,49,0,33.0,,6,0,0,0,0.0
53229,0,0.046411247999999995,63,0,4225.0,,12,0,2,0,0.0
53230,0,0.086033235,50,0,0.22922636100000002,8375.0,12,0,1,0,1.0
53231,0,0.00939812,49,2,0.027605601,17423.0,7,1,0,1,3.0
53234,0,0.020199997,66,0,0.433879345,2502.0,10,0,1,0,1.0
53235,0,0.106596767,43,0,0.565774156,2576.0,12,0,1,0,0.0
53236,0,0.250043017,62,0,0.385722855,5000.0,8,0,1,0,0.0
53238,0,0.0,44,0,3034.0,,10,0,2,0,0.0
53242,1,0.9999998999999999,58,0,0.0,,1,1,0,2,0.0
53244,0,0.362958205,52,0,5.733532933999999,333.0,5,0,1,0,0.0
53245,0,0.10110382300000001,35,1,0.355552761,7950.0,5,0,2,0,4.0
53246,0,0.275710138,73,0,2963.0,,18,0,2,0,0.0
53249,1,0.0,68,0,3271.0,,3,0,2,0,0.0
53251,0,0.8310754509999999,45,0,0.5097192220000001,8333.0,10,0,2,0,2.0
53252,0,0.27471501800000003,67,0,0.22033998,17000.0,12,0,1,0,2.0
53253,0,0.97580242,52,0,0.303792251,2425.0,6,0,0,0,0.0
53254,0,0.002538543,79,0,838.0,,8,0,2,0,0.0
53257,0,0.04574273400000001,55,4,0.0076524309999999995,4050.0,7,0,0,0,1.0
53258,0,0.001446109,90,0,2.0,,4,0,0,0,0.0
53262,0,0.40117998299999996,56,0,0.43271598299999997,9340.0,11,0,3,0,2.0
53263,0,0.666232073,27,1,1.6385542169999998,248.0,4,0,0,0,0.0
53265,0,0.22359185399999998,41,0,0.643197459,11333.0,14,0,7,0,0.0
53268,1,0.883100296,42,3,0.46178887,6450.0,7,1,1,1,0.0
53269,0,0.187560415,47,0,0.519775421,8014.0,13,0,3,0,4.0
53270,0,0.0065097359999999995,60,0,0.16328131099999998,12750.0,18,0,1,0,0.0
53272,0,0.0,71,0,1469.0,,9,0,1,0,0.0
53273,0,0.108704355,63,0,0.283677437,10800.0,15,0,2,0,3.0
53274,0,0.0,65,0,0.45598545799999995,3850.0,5,0,2,0,1.0
53275,0,0.0,61,0,0.0,2900.0,2,0,0,0,0.0
53276,0,0.022285388,58,0,3068.0,,11,0,1,0,1.0
53277,0,0.9999998999999999,27,0,0.35109926700000005,1500.0,4,0,0,1,0.0
53279,0,0.08479788,64,0,2792.0,,3,0,2,0,0.0
53281,0,0.027103962000000002,62,0,0.412228418,5200.0,12,0,1,0,0.0
53283,0,0.767921126,43,0,0.19724844,6250.0,6,0,0,0,1.0
53284,0,0.06988738,75,0,0.122149328,3200.0,8,0,0,0,0.0
53285,0,0.342305423,58,2,0.44777718299999997,5600.0,16,0,2,0,1.0
53286,0,0.027194561000000003,55,0,0.30643228100000003,7508.0,5,0,2,0,1.0
53289,0,0.043118576,85,0,823.0,,8,0,1,0,
53290,0,0.9999998999999999,74,0,0.0,4720.0,3,0,0,0,0.0
53291,0,0.00235766,31,0,0.284524057,4800.0,10,0,1,0,0.0
53292,0,0.6392328420000001,52,0,3223.0,,20,0,2,0,0.0
53294,0,0.9999998999999999,22,98,0.0,,0,98,0,98,
53295,0,0.8131135620000001,48,0,0.43917793,5400.0,5,0,1,0,0.0
53296,0,0.000281895,86,0,0.0,4166.0,5,0,0,0,0.0
53297,0,0.008964755,64,1,885.0,,9,0,1,0,2.0
53298,0,0.16999123800000002,41,0,0.105378924,5000.0,9,0,0,0,1.0
53300,0,0.07798885900000001,47,1,0.22755472300000001,8542.0,5,0,2,0,1.0
53301,1,0.9999998999999999,50,0,0.690140845,2768.0,6,0,1,2,0.0
53303,0,0.014302118,51,0,0.337848734,6200.0,18,0,2,0,3.0
53304,0,0.0046807509999999995,72,0,8.0,,4,0,0,0,
53305,0,0.017983179,65,0,0.145979146,7000.0,10,0,0,0,1.0
53306,0,0.384536651,36,0,0.45953872799999995,7500.0,9,0,1,0,0.0
53308,0,0.012112392,57,0,0.449820072,2500.0,12,0,1,0,0.0
53309,1,1.050599201,31,3,0.6238283689999999,4800.0,11,1,2,0,0.0
53310,0,0.347323481,55,0,0.380478088,7027.0,15,0,1,0,0.0
53311,0,0.046106007000000004,79,0,0.11036036,443.0,6,0,0,0,0.0
53312,0,0.055623035,52,0,0.311684601,10500.0,20,0,3,1,4.0
53313,0,0.18169042,43,0,0.7005748559999999,4000.0,16,0,1,0,2.0
53314,0,0.059065092,64,0,0.009996924,6501.0,5,0,0,0,0.0
53315,0,0.282370636,81,0,0.35148645100000003,3800.0,12,0,0,0,0.0
53316,0,0.227792692,57,0,1592.0,,19,0,0,0,0.0
53317,0,0.568705603,74,0,0.661342798,6761.0,17,0,3,0,0.0
53319,0,0.000685675,53,0,0.205424661,16000.0,17,0,1,0,1.0
53320,0,0.029425426,58,0,1096.0,,4,0,1,0,0.0
53322,0,0.30118661399999996,59,0,0.105954335,6700.0,5,0,0,0,1.0
53323,0,0.14110356,62,0,2947.0,,27,0,1,0,0.0
53324,0,0.897796818,48,3,0.17323922100000003,6516.0,13,1,1,0,1.0
53325,0,0.136583099,49,0,0.200222469,8989.0,6,0,1,0,3.0
53328,0,0.0,84,0,0.008715595999999999,2179.0,2,0,0,0,0.0
53329,0,0.853265398,37,1,0.195961809,6388.0,3,0,0,0,3.0
53330,0,0.028044817000000003,66,0,42.0,,6,0,0,0,0.0
53331,0,0.0,71,0,0.0,2923.0,5,0,0,0,0.0
53332,0,0.908783784,40,1,1394.0,,9,0,0,1,
53334,0,0.017865309,77,0,1180.0,,12,0,2,0,0.0
53335,0,0.872361437,62,0,467.0,,4,2,0,0,0.0
53336,0,0.83577872,51,0,0.438748686,3803.0,3,0,1,0,0.0
53337,0,0.335932813,43,0,0.320559813,3000.0,4,0,1,0,0.0
53338,0,0.33090064399999997,74,0,0.39245929700000004,3500.0,8,0,1,0,0.0
53339,0,0.048859470999999995,42,0,0.34259134399999996,7416.0,8,0,2,0,3.0
53340,0,0.268666521,27,1,0.538764783,760.0,9,0,0,0,0.0
53341,0,0.9999998999999999,34,1,0.158460385,4000.0,3,0,0,0,0.0
53342,0,0.620189905,39,0,0.156333631,4483.0,4,0,0,0,3.0
53344,0,0.0009962039999999999,73,0,47.0,,10,0,0,0,0.0
53345,0,0.9999998999999999,31,0,0.0,3000.0,0,0,0,0,1.0
53347,0,0.679499319,53,0,0.8336853959999999,7100.0,12,0,2,0,1.0
53349,0,0.061787750999999995,45,0,0.323397772,10500.0,17,0,2,0,4.0
53351,0,0.756949933,60,0,0.42235329999999993,9832.0,12,0,2,0,1.0
53354,0,0.075756292,73,0,0.014038877,1851.0,2,0,0,0,1.0
53356,0,0.7146031629999999,72,0,578.0,,2,0,0,0,0.0
53357,0,0.0,56,0,0.234362502,6250.0,3,0,2,0,0.0
53359,0,0.47651812299999996,61,0,0.391630418,6666.0,12,0,2,1,0.0
53360,0,0.518070364,37,0,0.34732435799999994,8838.0,8,0,2,0,4.0
53364,0,0.159853254,63,0,0.268056303,13000.0,19,0,2,0,0.0
53365,0,0.46325754799999996,50,0,0.762724985,5166.0,11,0,2,0,1.0
53366,0,0.101052785,52,0,0.185212845,2677.0,15,0,0,0,0.0
53367,0,0.001453644,39,1,0.366290644,9041.0,9,0,2,0,1.0
53368,1,0.5703963910000001,68,0,0.36362377100000004,7218.0,19,0,1,0,1.0
53369,0,0.001534577,48,0,648.0,,6,0,1,0,3.0
53370,0,0.382511875,57,0,0.249311587,4720.0,7,0,0,0,0.0
53373,0,0.207487263,32,0,0.386559289,3600.0,8,0,0,0,0.0
53375,0,0.10578283699999999,79,0,820.0,,6,0,0,0,1.0
53376,0,0.692441999,48,0,0.485827291,4550.0,8,0,1,0,2.0
53377,0,0.015113578999999999,50,0,0.24514623800000002,12000.0,11,0,3,0,4.0
53380,0,0.02029797,70,0,0.003921569000000001,2804.0,1,0,0,0,1.0
53381,0,0.058996067,70,0,0.009430997,3180.0,5,0,0,0,0.0
53382,0,0.49697741,46,0,1318.0,,9,0,1,0,1.0
53383,0,0.671197587,56,0,0.834532374,2640.0,10,0,2,0,1.0
53384,0,0.0,22,0,0.0,0.0,2,0,0,0,0.0
53385,0,0.003001855,37,0,0.084766094,2500.0,6,0,0,0,0.0
53386,0,0.09019383800000001,35,1,0.56490658,6154.0,10,0,4,0,3.0
53388,0,0.107127808,47,0,0.288493086,8533.0,13,0,3,0,4.0
53389,0,0.307101422,79,0,0.591684975,5916.0,16,0,1,0,1.0
53391,0,0.233076692,78,1,0.388261433,5400.0,10,0,1,0,4.0
53393,1,0.021781026000000002,41,0,0.021905077999999998,3012.0,3,0,0,0,2.0
53394,0,0.9070683079999999,60,0,0.318495596,4200.0,12,0,0,0,0.0
53395,0,0.314212233,60,3,0.34110085799999995,27850.0,24,0,3,0,2.0
53396,0,0.30764201399999996,73,1,0.265762171,1252.0,15,0,0,0,0.0
53397,0,0.356601669,32,0,0.09070072,3053.0,5,0,0,0,2.0
53399,0,0.125638518,67,0,34.0,,1,0,0,0,0.0
53400,1,0.618787918,51,3,0.35696754799999997,11000.0,18,0,2,0,2.0
53401,0,0.351201295,38,3,0.020232659,30000.0,10,0,0,0,0.0
53404,0,0.197160568,82,0,29.0,,1,0,0,0,0.0
53405,0,0.023319067000000002,85,0,18.0,,8,0,0,0,0.0
53408,0,0.11565702900000001,35,0,0.13950010699999998,4680.0,3,0,0,0,2.0
53409,0,0.117798852,83,0,0.0077131840000000005,7000.0,4,0,0,0,0.0
53411,0,0.019509524,84,0,20.0,,6,0,0,0,
53412,0,0.5277020889999999,37,0,0.188801866,6000.0,9,0,0,0,1.0
53413,0,0.9999998999999999,27,0,0.0,4604.0,0,1,0,0,1.0
53414,0,0.510802074,58,1,0.43786100200000005,5366.0,9,0,1,0,0.0
53415,0,0.342931414,48,0,0.09083119099999999,3500.0,4,0,0,0,3.0
53418,0,0.09417116199999999,34,0,0.689682751,3750.0,7,0,2,0,0.0
53419,0,0.01143739,85,0,0.046563192999999996,450.0,5,0,0,0,0.0
53420,0,0.9938304440000001,38,0,0.600526778,3416.0,4,0,1,0,2.0
53421,0,0.017964072,25,0,0.0,1600.0,1,1,0,0,0.0
53422,0,0.9999998999999999,37,0,1748.0,,2,0,1,0,2.0
53424,0,0.22068505300000002,51,0,0.083030887,13500.0,7,0,2,0,3.0
53425,1,0.578466889,46,0,0.762662202,7166.0,12,0,3,0,0.0
53426,0,0.0,72,0,0.080833596,9500.0,13,0,1,0,0.0
53427,1,0.479041916,28,0,0.009541118000000001,2200.0,1,0,0,0,0.0
53428,0,0.096642458,88,0,0.240386551,4966.0,7,0,1,0,1.0
53431,0,0.812187812,47,0,0.33092606,18000.0,6,0,4,0,3.0
53432,0,0.155065607,55,0,0.311211099,2666.0,5,0,1,0,0.0
53436,0,1.009993338,47,0,2.048622366,616.0,5,1,0,0,1.0
53437,0,0.845708522,35,0,2.415056629,1500.0,14,0,1,0,3.0
53438,0,0.0076025369999999995,69,0,0.12214630900000001,6000.0,6,0,1,0,1.0
53439,0,0.008791845999999999,53,0,0.461938842,3073.0,6,1,1,0,4.0
53440,0,0.000405582,69,0,0.24983027800000002,5891.0,16,0,1,0,0.0
53443,0,0.467414125,44,0,0.340714174,6412.0,5,0,1,0,0.0
53445,0,0.0,52,0,1233.0,,6,0,2,0,0.0
53446,0,0.036160573,49,1,4.909454061,750.0,18,0,2,0,0.0
53447,0,0.046052997000000005,56,1,0.22738386300000002,2862.0,6,0,0,0,1.0
53448,0,0.0,31,0,0.648183556,4183.0,9,0,1,0,2.0
53449,0,0.129338309,53,0,0.11215516199999999,8300.0,5,0,1,0,2.0
53451,0,0.16876924100000001,46,0,0.088102671,5765.0,7,0,1,0,0.0
53453,0,0.279786702,36,0,0.020579588,2380.0,3,0,0,0,0.0
53454,0,0.084244735,79,0,0.38367753200000004,4018.0,7,0,1,0,0.0
53455,0,0.162396956,48,0,0.601844735,1300.0,11,0,0,0,0.0
53456,0,0.6090927270000001,56,1,715.0,,5,0,0,0,0.0
53457,0,0.004928219,46,0,0.00159936,2500.0,5,0,0,0,0.0
53458,1,0.9999998999999999,36,0,0.112864658,4181.0,1,4,0,1,0.0
53460,0,0.07024122,65,0,0.088358594,3100.0,7,0,0,0,0.0
53461,1,0.068186363,33,0,0.035663337999999996,700.0,5,0,0,0,0.0
53462,0,0.03646391,40,0,0.011415715,12000.0,4,0,0,0,4.0
53463,0,0.46478923,32,0,0.057155323,6875.0,5,0,0,0,2.0
53464,1,0.8109044190000001,53,6,0.53594132,6134.0,16,1,2,0,3.0
53465,0,0.0,72,0,0.000476145,10500.0,7,0,0,0,0.0
53466,1,0.9999998999999999,35,1,0.0,3600.0,4,0,0,0,0.0
53468,0,0.0,65,0,0.0060901340000000005,22166.0,9,0,1,0,0.0
53469,0,0.221067481,70,0,0.06557377,5916.0,7,0,0,0,0.0
53470,0,0.12528423800000002,53,0,0.28458942600000003,2666.0,23,0,0,0,0.0
53473,0,0.189110613,59,0,1928.0,,14,0,0,0,0.0
53474,0,0.038828321,67,0,0.292270773,10000.0,9,0,1,0,1.0
53476,0,0.083515856,53,1,0.20501567399999998,4784.0,2,0,1,0,2.0
53477,0,0.09239120699999999,39,0,711.0,,6,0,0,0,0.0
53478,0,0.06588664799999999,40,0,2545.0,,4,0,1,0,0.0
53479,0,0.01675476,76,0,0.005998666999999999,4500.0,3,0,0,0,0.0
53480,0,0.00095475,60,0,0.38006199399999996,10000.0,11,0,1,0,0.0
53483,0,0.9999998999999999,26,98,0.0,,0,98,0,98,0.0
53487,0,0.031606531,56,0,0.015744769,4826.0,18,0,0,0,0.0
53489,0,0.528585795,57,0,0.195518141,16867.0,9,0,2,0,1.0
53490,0,0.718070636,47,0,0.825490807,3208.0,9,0,1,0,0.0
53491,0,0.165003443,52,0,0.16023152400000001,14166.0,20,1,0,0,1.0
53492,0,0.026088537000000002,46,0,0.432555123,3083.0,5,0,1,0,2.0
53494,0,0.54605601,32,1,0.285089364,8000.0,9,0,0,0,2.0
53495,0,0.530529398,41,0,0.325030804,11361.0,12,0,1,0,3.0
53496,0,0.06672023099999999,60,0,0.416623268,9600.0,13,0,2,0,1.0
53497,0,0.017112525,83,1,0.004399413,7500.0,11,0,0,0,0.0
53499,0,0.322523966,41,0,0.308711236,12833.0,13,0,2,0,3.0
53500,0,0.083717279,54,0,0.181665088,9500.0,8,0,1,0,0.0
53502,0,0.09457545199999999,57,0,0.503191218,3916.0,12,0,1,0,0.0
53503,0,0.032848067,60,0,35.0,,7,0,0,0,
53504,0,0.18790055,57,0,0.159250585,3415.0,3,0,0,0,0.0
53505,0,0.065540812,55,1,1.143445032,1700.0,10,0,1,0,0.0
53506,0,0.988622728,38,0,0.32350349100000003,14750.0,16,0,4,0,1.0
53507,0,0.45625729,35,0,0.589138782,3645.0,4,0,1,0,2.0
53508,0,0.280652517,39,6,0.25796314800000003,7000.0,18,1,1,0,0.0
53509,0,0.9999998999999999,54,0,0.37275140100000004,3390.0,2,0,1,0,1.0
53510,0,0.65591803,45,0,0.8940969440000001,6250.0,16,0,1,0,3.0
53511,0,0.040664045,89,0,0.013317337,8334.0,11,0,0,0,0.0
53512,0,0.23160153,26,0,124.0,,5,1,0,1,0.0
53513,0,0.55350348,69,0,0.515346939,12249.0,31,0,2,0,0.0
53514,0,0.421511213,27,0,248.0,,7,0,0,0,0.0
53515,0,0.021812227000000003,62,0,0.0072846740000000005,7000.0,7,0,0,0,0.0
53516,0,0.072182512,85,0,58.0,,1,0,0,0,0.0
53517,0,0.45606990700000005,53,1,0.851885507,2200.0,12,0,1,0,1.0
53518,0,0.399735505,58,0,1.0775844829999999,5000.0,13,0,3,0,0.0
53519,0,0.961887477,27,0,0.25823086100000003,2520.0,4,0,0,0,1.0
53521,0,0.002755869,62,1,0.26067876,3417.0,7,0,1,0,0.0
53524,0,0.641846425,29,1,0.095342599,4100.0,4,0,0,0,0.0
53525,0,0.382816706,66,0,1547.0,,6,0,1,0,0.0
53526,0,0.20587402800000001,42,0,0.82592818,6571.0,9,0,2,0,2.0
53527,0,0.33729485,52,1,0.096700471,7000.0,10,0,0,0,1.0
53530,0,0.012599496000000002,41,0,407.0,0.0,7,0,0,0,0.0
53531,1,0.9999998999999999,38,0,0.212694126,1480.0,1,0,0,0,2.0
53534,0,0.035976598,49,0,0.562280465,3700.0,18,0,1,0,1.0
53535,0,0.29254121,71,0,0.075440829,5500.0,8,0,0,0,1.0
53539,0,0.017318695,63,1,0.12898222199999998,8380.0,8,0,1,0,0.0
53540,0,0.008199497,68,0,0.172965407,5000.0,11,0,1,0,0.0
53541,0,0.0,83,0,24.0,,4,0,0,0,0.0
53542,0,0.57283995,36,1,0.470005999,6667.0,10,0,2,0,0.0
53545,0,0.23917388399999998,35,0,0.528888889,899.0,4,0,0,0,2.0
53546,0,0.046777035,55,0,1932.0,,6,0,1,0,0.0
53547,0,0.016472488,63,0,0.220836111,10500.0,14,0,2,0,0.0
53549,0,0.9999998999999999,42,0,0.073077839,4200.0,1,0,0,0,1.0
53550,0,0.29304514,27,0,0.59538932,4250.0,7,0,1,0,0.0
53551,0,0.256752068,44,0,0.7434962079999999,10416.0,10,0,3,0,3.0
53552,0,0.121827411,25,0,0.019134775,1201.0,5,0,0,0,0.0
53553,0,0.090699116,63,0,0.010689106,4396.0,2,0,0,0,1.0
53554,0,0.043118998,49,1,0.26785025100000004,5181.0,23,0,1,0,0.0
53555,0,0.021158483,79,0,0.119584395,5100.0,8,0,1,0,0.0
53556,0,0.164992489,52,0,0.19844502,2700.0,10,0,0,0,4.0
53557,0,0.054421564000000006,82,1,0.263812332,7800.0,11,0,2,0,0.0
53558,0,0.025482908999999998,61,0,2456.0,,4,0,1,0,0.0
53559,0,0.090875107,30,1,0.144758735,600.0,5,0,0,0,0.0
53560,0,0.022915138999999998,82,0,0.00751729,9976.0,5,0,0,0,0.0
53562,0,0.690629411,50,0,0.664094019,5700.0,19,0,2,0,0.0
53564,0,0.946263434,41,2,0.202661431,4583.0,5,1,0,0,0.0
53565,0,0.135651519,50,0,0.147419814,14746.0,19,0,1,0,2.0
53566,0,0.9480270759999999,65,0,1944.0,,8,0,0,0,0.0
53567,0,0.44215650799999995,40,1,0.5632614810000001,3200.0,8,0,1,0,0.0
53568,0,0.032923928,48,0,2970.0,,14,0,1,0,1.0
53569,0,0.015974541999999998,49,0,0.037468776,1200.0,11,0,0,0,0.0
53570,0,0.015968739,88,0,176.0,,6,0,0,0,0.0
53571,0,0.032514794,68,0,0.010576923,5199.0,5,0,0,0,0.0
53572,0,0.006899655,57,0,1105.0,,4,0,1,0,0.0
53573,0,0.9999998999999999,31,1,206.0,,2,0,0,0,0.0
53574,0,0.24876074199999998,42,0,3129.0,,9,0,2,0,4.0
53576,0,0.004476854000000001,75,0,0.001582278,5055.0,2,0,0,0,0.0
53577,0,0.400875391,59,0,0.5168279060000001,7338.0,15,0,2,0,0.0
53578,0,0.9999998999999999,46,0,0.757080973,3000.0,9,0,4,0,2.0
53579,0,0.075129182,62,1,0.285074917,15416.0,23,0,1,0,1.0
53580,0,0.9999998999999999,47,0,1200.5,1.0,2,0,1,0,1.0
53582,0,0.066582118,44,0,0.187904968,8333.0,7,0,1,0,2.0
53583,0,0.529572451,43,0,0.056702489,7071.0,13,0,0,0,0.0
53585,0,0.165375623,33,0,1996.0,,7,0,2,0,2.0
53586,0,0.073262551,42,0,0.045244344000000006,8000.0,6,0,0,0,0.0
53587,0,0.010216435,51,0,0.383434396,7750.0,10,0,1,0,2.0
53588,0,0.807596202,37,0,0.238135237,2380.0,5,0,0,0,0.0
53591,0,0.013911775,52,0,2074.0,,6,0,1,0,0.0
53592,0,0.37318658299999996,40,0,5.882368352,3816.0,26,0,15,0,0.0
53593,0,0.079620161,61,0,1327.0,,16,0,1,0,0.0
53594,0,0.0,52,0,7032.0,,7,0,6,0,0.0
53597,1,0.40797333399999997,29,0,0.187893728,3650.0,4,0,0,0,0.0
53598,1,0.565316203,64,2,0.9536963959999999,3800.0,9,1,2,0,0.0
53599,0,0.7417390779999999,66,0,0.514434587,7100.0,16,0,1,0,0.0
53600,0,0.616625558,63,0,0.474011374,7560.0,8,0,3,0,1.0
53602,0,0.007710323000000001,71,0,8.0,,2,0,0,0,1.0
53604,0,0.006862259,39,0,2392.0,,5,0,1,0,1.0
53605,1,0.564102564,26,0,0.0033311129999999997,1500.0,1,2,0,0,0.0
53606,1,0.9296918940000001,45,0,0.568288854,5095.0,7,0,3,0,2.0
53607,0,0.093490651,41,0,0.22440944899999998,5333.0,7,0,2,0,3.0
53609,0,0.00092147,66,0,115.0,,3,0,0,0,
53610,0,0.675177494,41,0,0.462659789,4458.0,10,0,1,0,2.0
53611,0,0.254197742,56,0,0.239444937,3386.0,3,0,0,0,1.0
53612,0,0.9999998999999999,59,0,139.0,,0,0,0,0,
53613,0,0.19830775399999997,51,1,0.061750176,2833.0,7,0,0,0,0.0
53614,0,0.316565296,50,0,0.282567707,11667.0,10,0,1,0,4.0
53616,0,0.021554358,38,0,0.343314501,5309.0,6,0,1,0,0.0
53617,0,0.057311627999999996,75,0,0.011997001,4000.0,4,0,0,0,0.0
53618,0,0.300639103,66,0,2777.0,,6,0,2,0,0.0
53619,0,0.35399755,63,0,0.8919087790000001,3200.0,12,0,2,0,1.0
53622,0,0.025353532,71,0,0.39887739,5700.0,7,0,1,0,0.0
53624,0,0.024091426000000003,94,0,29.0,0.0,3,0,0,0,0.0
53626,0,0.0,52,0,0.0,6526.0,3,0,0,0,0.0
53627,0,0.9635633659999999,58,0,1197.0,,4,0,0,0,0.0
53629,0,0.0,48,0,0.252342558,4588.0,11,0,1,0,2.0
53631,0,0.266436678,31,0,0.689306764,3562.0,8,0,1,0,0.0
53632,0,0.570284999,58,0,0.7134052390000001,1946.0,8,0,1,0,0.0
53633,0,0.119967443,56,0,2179.0,,7,0,1,0,0.0
53635,0,0.0,39,0,0.529996572,2916.0,5,0,1,0,1.0
53636,0,0.245582425,32,0,0.175945863,3250.0,15,0,0,0,1.0
53637,0,0.9999998999999999,47,4,0.40063742,5333.0,4,0,1,1,2.0
53638,0,0.248155963,41,0,1.3960015380000002,2600.0,13,0,1,0,1.0
53639,0,0.0040806720000000005,56,0,0.35858759,5833.0,12,0,2,0,1.0
53640,0,0.0,59,0,0.387808975,12500.0,3,0,1,0,1.0
53641,0,0.0,40,0,0.708458308,5000.0,6,0,1,0,1.0
53642,0,0.078993612,61,0,1330.0,,9,0,1,0,1.0
53644,0,0.366884415,37,0,0.343688363,6083.0,11,0,2,0,2.0
53645,0,0.033719362,36,0,0.074113287,5666.0,4,0,0,0,0.0
53646,0,0.028637079,74,0,0.01998002,1000.0,2,0,0,0,0.0
53647,1,1.06185567,61,1,2170.0,,9,0,2,1,0.0
53653,0,0.042188339000000005,51,0,0.298449924,12450.0,8,0,2,0,0.0
53655,0,0.36797462200000003,48,0,0.019409101,9273.0,5,0,0,0,0.0
53656,0,0.0,46,0,0.168207948,4000.0,6,0,0,0,0.0
53657,0,0.9999998999999999,32,0,0.0,0.0,0,0,0,0,0.0
53658,0,0.169349346,61,0,0.403919216,5000.0,8,0,1,0,0.0
53659,0,0.9999998999999999,41,0,0.0,5000.0,0,0,0,0,2.0
53660,0,0.207779365,25,0,0.077134986,725.0,3,0,0,0,0.0
53661,0,0.283472444,61,0,0.7553870020000001,5800.0,22,0,2,0,3.0
53662,0,0.056162883,59,0,0.141988446,9866.0,15,0,1,0,0.0
53663,0,1.0884738729999999,37,1,0.115959354,3345.0,7,0,0,1,0.0
53664,1,1.1960049940000002,33,0,0.078517865,6800.0,5,1,0,0,4.0
53665,0,0.110021975,38,0,1418.5,1.0,8,0,2,0,2.0
53668,0,0.016638669,39,0,0.349331505,8750.0,10,0,2,0,0.0
53670,0,0.06296368,51,0,803.0,,4,0,1,0,0.0
53672,0,0.0,60,0,0.38228605600000004,8354.0,6,0,1,0,1.0
53673,0,0.040130658,66,0,0.003085362,5833.0,10,0,0,0,1.0
53674,0,0.147747324,32,5,0.257620452,3050.0,14,0,0,2,0.0
53675,0,0.01711048,41,0,0.583797155,4850.0,12,0,2,0,0.0
53676,0,0.19284336800000001,24,0,0.019596081,5000.0,8,0,0,0,0.0
53677,0,0.013804205,65,0,1203.0,,2,0,1,0,0.0
53678,0,0.324027091,43,0,0.589659686,4583.0,9,0,2,0,1.0
53680,0,0.181721537,79,0,0.10136807800000001,7674.0,9,0,1,0,0.0
53681,0,0.890036512,47,0,886.0,,4,0,0,0,0.0
53682,0,0.9999998999999999,89,0,61106.5,1.0,2,0,0,0,0.0
53683,0,0.017128945,49,0,0.00104145,4800.0,3,0,0,0,0.0
53684,0,0.024902872000000003,68,0,1.205039096,1150.0,6,0,1,0,0.0
53686,0,0.0,40,0,0.19083105399999997,10600.0,7,0,1,0,1.0
53687,0,0.156413307,57,0,0.487252125,6000.0,11,0,1,1,0.0
53688,1,0.976404719,53,1,360.0,,2,1,0,1,0.0
53689,0,0.064253115,84,0,0.00719856,5000.0,7,0,0,0,0.0
53690,0,0.016134771000000003,62,0,0.39349149200000005,8050.0,14,0,2,0,0.0
53692,0,0.0,49,0,0.864570078,5500.0,7,0,2,0,0.0
53693,0,0.157412315,43,0,0.33870118899999996,9500.0,14,0,2,0,0.0
53696,0,1.0029998,33,0,0.271408312,9166.0,6,0,1,0,0.0
53697,0,0.0,61,0,0.3582,4999.0,12,0,2,0,0.0
53698,0,0.214457998,53,0,0.89432395,2166.0,19,0,2,0,1.0
53699,0,0.05883021,61,0,795.0,,11,0,1,0,0.0
53702,0,0.268687902,35,0,0.315052842,3500.0,11,0,0,0,1.0
53703,0,0.0,45,0,0.39250240299999994,3120.0,9,0,1,0,0.0
53704,0,0.0,45,0,0.084931985,5733.0,6,0,0,0,4.0
53705,0,0.0,38,0,0.05527266,10800.0,6,0,0,0,0.0
53706,1,0.941325084,52,3,0.344534179,6933.0,12,0,0,0,2.0
53708,0,0.40330532399999997,33,0,0.30226119100000004,4333.0,7,0,2,0,2.0
53709,0,0.305778926,39,0,0.261384632,9200.0,7,0,2,0,1.0
53710,0,0.9999998999999999,46,0,0.029411765,1223.0,2,0,0,0,1.0
53711,0,0.833488639,65,3,2439.0,,8,0,2,0,0.0
53712,0,0.342818345,65,1,4620.0,,14,0,1,0,2.0
53713,0,0.161698043,44,0,0.028225806000000003,3223.0,6,0,0,0,1.0
53714,0,0.076040172,58,0,0.28014955199999997,11500.0,4,0,1,0,1.0
53716,0,0.020916098,51,0,0.007822686,2300.0,4,0,0,0,0.0
53717,0,0.045734197000000004,45,0,1.019992003,2500.0,16,0,2,0,0.0
53718,0,0.42595507,63,0,4.793301216000001,4358.0,18,0,2,0,0.0
53719,1,29.78488372,35,2,0.535538993,5500.0,10,2,0,4,0.0
53721,0,0.9999998999999999,51,0,0.232451573,4800.0,3,0,1,0,2.0
53722,1,0.25748503,36,0,3.0,,1,2,0,0,0.0
53723,0,1.00501536,79,0,0.564794339,2260.0,4,0,1,0,1.0
53725,0,0.010998021,77,0,0.348826715,2215.0,9,0,1,0,0.0
53726,0,0.682263547,32,0,789.0,,3,0,0,0,0.0
53727,0,0.029934937999999998,32,0,0.126312281,6000.0,8,0,0,0,0.0
53729,0,0.18353588399999998,69,0,0.097161136,2500.0,5,0,0,0,0.0
53730,0,0.466993347,31,0,0.27664907699999997,7579.0,8,0,0,0,0.0
53731,0,0.924785417,35,1,1.107707191,3100.0,13,0,1,0,2.0
53732,0,0.042661687000000004,64,0,0.592734544,6000.0,8,0,1,0,0.0
53735,0,0.213657961,35,0,0.942885278,2030.0,7,1,1,0,1.0
53736,0,0.021574008999999998,55,0,1054.0,,6,0,1,0,0.0
53739,0,0.091704829,39,0,0.041107561,4694.0,4,0,0,0,2.0
53740,0,0.043464486,44,0,0.5552222529999999,11000.0,11,0,3,0,2.0
53741,0,0.0,71,0,0.219830899,1300.0,9,0,0,0,0.0
53742,0,0.060977798,40,0,0.219078092,10000.0,9,0,2,0,0.0
53744,0,0.9999998999999999,23,1,0.0029985009999999998,2000.0,1,0,0,0,0.0
53745,0,0.940189252,35,0,0.07151008,2628.0,3,0,0,0,1.0
53747,0,0.0,77,1,0.0,4000.0,7,0,0,0,0.0
53748,0,0.526739751,75,0,0.196934355,3000.0,3,0,0,0,1.0
53749,0,0.008302779,70,0,0.20269042,5500.0,5,0,1,0,0.0
53750,1,0.9999998999999999,28,2,0.186504217,3200.0,5,1,0,1,0.0
53752,0,0.9999998999999999,41,0,613.0,,4,0,0,0,0.0
53753,0,0.82251479,57,0,0.374162381,6416.0,5,0,1,0,2.0
53757,0,0.118100321,50,0,0.019779987,9453.0,6,0,0,0,0.0
53758,0,0.07371644599999999,52,0,34.5,1.0,5,0,0,0,2.0
53759,0,0.0,78,0,218.0,,13,0,0,0,0.0
53760,0,0.022220987999999997,64,0,0.168193717,4583.0,6,0,1,0,0.0
53762,0,0.39657570799999997,62,0,1.6014188969999998,3100.0,16,0,1,0,0.0
53763,1,0.854019917,34,0,869.0,,6,0,0,1,0.0
53764,0,0.9999998999999999,63,0,0.0,3363.0,0,0,0,0,0.0
53765,0,0.24506013199999999,41,1,0.554991792,6700.0,6,0,1,0,2.0
53768,0,0.23072028100000003,63,0,0.061755146,3691.0,2,0,0,0,0.0
53769,0,0.055984915,67,0,0.10041501300000001,11083.0,3,0,1,0,1.0
53770,0,0.329978982,59,1,1.210627401,1561.0,13,0,0,0,0.0
53772,0,0.862081977,56,0,0.265343793,6500.0,8,0,2,0,0.0
53773,0,0.540228089,46,2,2832.0,,5,0,1,1,0.0
53774,0,0.16618492699999998,50,0,0.5168803670000001,8500.0,14,0,2,0,4.0
53777,0,0.0,58,0,0.288003528,6801.0,8,0,1,0,0.0
53780,0,0.20765282300000001,32,0,0.13316672599999999,2800.0,5,0,0,0,0.0
53781,0,0.619117451,52,1,0.098211194,8664.0,2,0,0,0,0.0
53782,0,0.01577925,68,0,921.0,,13,0,1,0,
53783,0,0.230713303,42,0,0.313256777,12800.0,13,0,3,0,2.0
53784,0,0.080878614,78,0,0.080153588,8333.0,4,0,1,0,2.0
53786,0,0.031124605,70,0,61.0,,11,0,0,0,0.0
53789,0,0.0,42,1,0.004165972,6000.0,2,0,0,0,1.0
53790,1,0.8378583629999999,62,4,0.33838636899999996,7981.0,8,3,1,0,0.0
53791,0,0.456163596,71,0,1092.0,,4,0,1,0,0.0
53793,0,0.20976740800000002,52,0,0.466832161,7250.0,8,0,1,0,2.0
53794,0,0.045915195,57,0,0.39200127,6300.0,8,0,2,0,1.0
53796,1,0.966790514,53,2,0.873360363,4192.0,14,0,1,0,1.0
53801,0,0.931635177,48,0,0.40538156200000003,6800.0,8,0,1,0,1.0
53804,0,0.0,87,0,0.13269514,6789.0,3,0,1,0,0.0
53805,0,0.186855183,65,0,1520.0,,9,0,1,0,0.0
53806,0,0.123496118,59,0,1433.0,,14,0,1,0,0.0
53807,0,0.0,41,0,521.0,,9,0,1,1,0.0
53808,0,0.9999998999999999,33,0,0.022720387999999998,3300.0,1,1,0,0,1.0
53810,0,0.16655515099999998,59,0,0.10765934699999999,5600.0,18,0,0,0,1.0
53811,0,0.871294474,55,0,0.539213974,5724.0,8,0,2,0,0.0
53812,0,0.7616079840000001,49,1,0.6945898779999999,4583.0,14,0,1,0,0.0
53814,0,0.09149591,56,0,0.25094981,5000.0,8,0,1,0,1.0
53815,0,0.080251029,41,0,0.147533252,10600.0,6,0,1,0,4.0
53817,0,0.227174717,65,0,0.8969909540000001,5416.0,15,0,4,0,0.0
53818,0,0.037315109,62,0,2543.0,,17,0,2,0,0.0
53821,0,0.0,51,0,1220.0,,3,0,1,0,0.0
53822,0,0.42367027399999996,40,0,0.532231009,4172.0,5,0,1,0,0.0
53823,0,0.669889866,66,0,7922.0,,9,0,2,0,0.0
53824,0,0.9921090579999999,53,0,0.626604925,4750.0,9,0,1,0,1.0
53826,0,0.17748225199999998,71,0,0.114735658,8000.0,3,0,1,0,0.0
53827,0,0.052612861,75,0,0.931034483,2000.0,20,0,2,0,0.0
53828,0,0.052466597999999996,34,0,0.46285298799999997,8250.0,14,0,3,0,4.0
53831,0,0.06894359900000001,45,0,2412.0,,14,0,1,0,0.0
53832,0,0.298112579,43,1,0.644280993,9380.0,9,0,3,0,0.0
53833,0,0.0,74,0,0.153185185,6749.0,5,0,1,0,0.0
53834,0,0.51472432,61,0,0.526842024,6500.0,10,0,2,0,0.0
53835,1,0.9999998999999999,31,1,0.07601527200000001,2880.0,4,1,0,1,0.0
53837,0,0.28711917,65,0,0.242859397,19010.0,13,0,2,0,1.0
53839,0,0.269789962,62,0,0.51230315,8127.0,11,0,2,0,0.0
53840,0,0.098898082,79,0,0.029988005,2500.0,4,0,0,0,0.0
53841,0,0.066946653,68,0,0.094260383,6428.0,7,0,1,0,0.0
53843,0,0.508632301,43,0,0.217869665,8270.0,7,0,2,0,2.0
53844,0,0.005085768,49,0,0.264933767,4000.0,6,0,1,1,1.0
53846,0,0.004844783,62,0,0.001734104,3459.0,11,0,0,0,2.0
53848,0,0.9560087979999999,61,2,1781.0,,5,0,1,0,0.0
53849,0,0.584821282,68,0,0.293916024,3500.0,6,0,0,0,0.0
53850,1,1.0126767429999999,32,2,0.387910519,2100.0,5,1,0,0,0.0
53852,0,0.147382684,34,0,0.324014071,5400.0,15,0,1,0,0.0
53855,0,0.953782305,34,0,0.06289046200000001,2400.0,1,0,0,0,2.0
53856,0,0.29663920000000005,23,0,0.06054812,1568.0,3,0,0,0,0.0
53857,0,0.13439609800000002,61,0,0.357436059,9500.0,16,0,2,0,0.0
53858,0,0.024855723,49,2,2.13339046,3500.0,7,0,3,1,2.0
53860,0,0.02980549,85,0,0.017988008,1500.0,4,0,0,0,0.0
53862,0,0.160080946,76,0,0.449925012,6000.0,15,0,2,0,1.0
53864,0,0.47809518700000003,33,0,0.24209770100000003,9743.0,7,0,1,0,2.0
53865,0,0.366633175,60,2,0.429467813,4302.0,9,0,1,0,1.0
53866,0,0.501805054,46,0,0.139540949,3833.0,8,1,0,0,1.0
53869,0,0.47053169100000003,52,0,0.36733938200000005,5400.0,12,0,1,0,0.0
53870,0,0.100913893,66,0,0.115194861,30200.0,8,0,2,0,0.0
53873,0,0.0,40,0,0.329934013,5000.0,9,0,1,0,1.0
53874,0,0.222119343,44,1,2689.0,,14,0,1,0,0.0
53875,1,0.9999998999999999,56,0,0.0,1096.0,0,0,0,0,1.0
53876,0,0.41921960700000005,36,2,801.0,,9,2,0,3,0.0
53879,0,0.025864272999999997,46,0,0.003888327,12858.0,11,0,0,0,3.0
53882,0,0.086112582,47,0,0.362808265,4500.0,3,0,1,0,0.0
53883,0,0.191264866,41,0,0.161967606,5000.0,9,0,0,0,0.0
53884,0,0.0,43,0,8391.0,,21,0,3,0,0.0
53885,0,0.051819578,29,0,0.084364454,8000.0,8,0,0,0,1.0
53887,0,0.004877454,49,0,0.7160540609999999,7916.0,7,0,3,0,0.0
53888,0,0.037793991,45,1,0.190261044,5975.0,9,0,2,0,2.0
53889,0,0.016826633,57,0,0.165845649,7916.0,11,0,1,0,1.0
53890,0,0.004411765,24,0,0.000571265,3500.0,4,0,0,0,0.0
53891,0,0.15076198300000002,44,0,2149.0,,7,0,1,0,0.0
53892,0,0.002437983,72,0,7.999360102000001,6250.0,6,0,0,0,0.0
53893,1,0.22693865300000002,50,0,0.281444782,6256.0,10,0,0,1,0.0
53894,0,0.204245459,54,3,1.7632061319999999,6000.0,11,0,1,0,0.0
53895,0,0.0,59,0,0.0,,4,0,0,0,0.0
53898,0,0.888634065,47,0,0.392288617,12500.0,14,0,2,0,0.0
53899,0,0.088173877,58,0,1842.0,,6,0,1,0,0.0
53900,0,0.049398765,67,0,153.0,,9,0,0,0,0.0
53901,0,0.427883973,47,0,0.701621862,4500.0,16,0,2,0,2.0
53902,0,0.031825036,51,0,0.187091576,11170.0,9,0,1,0,1.0
53903,0,0.001598585,86,0,1.0,,5,0,0,0,0.0
53905,0,0.0,62,0,0.307738452,5000.0,7,0,2,0,0.0
53906,0,0.35931776299999996,43,0,0.757207132,6000.0,14,0,2,0,3.0
53908,0,0.96704304,53,0,0.355960449,9000.0,12,0,2,0,0.0
53909,0,0.617913689,50,1,0.637284701,5921.0,16,0,1,0,1.0
53910,0,0.706372345,29,1,0.10457709999999999,6750.0,2,0,0,1,0.0
53913,0,0.9999998999999999,69,0,964.0,,1,0,0,0,0.0
53914,1,0.02832022,73,1,1.118658352,5932.0,10,0,3,0,1.0
53918,0,0.609807094,60,0,0.205999231,7800.0,7,0,0,0,1.0
53919,0,0.322653223,65,0,1730.0,,5,0,2,0,2.0
53920,0,0.542972851,56,1,0.47632883299999995,5850.0,8,0,5,0,0.0
53923,0,0.658034197,27,0,0.136314068,2750.0,6,0,0,0,0.0
53924,0,0.41051278399999996,58,0,0.041986005,3000.0,6,0,0,0,0.0
53926,0,0.447988513,32,1,0.099800036,5500.0,7,0,0,0,0.0
53927,0,0.0,51,2,0.309040305,9700.0,6,0,2,0,0.0
53929,0,0.048179627999999995,84,1,0.009471433000000001,3272.0,4,0,0,0,0.0
53930,0,0.022002002000000003,66,0,0.022494887999999998,4400.0,6,0,1,0,0.0
53931,0,0.299637786,67,0,0.332066793,10000.0,8,0,2,0,0.0
53932,0,0.05575525,49,0,0.016284163,10500.0,9,0,0,0,0.0
53935,1,0.789779363,75,0,0.50780762,1600.0,16,0,0,0,0.0
53937,0,0.953926398,75,0,0.263894442,2500.0,7,1,0,0,0.0
53938,0,0.045272815999999994,60,0,0.176711208,11000.0,18,0,2,0,0.0
53939,0,0.33979871100000003,32,0,0.582683463,5000.0,13,0,1,0,3.0
53940,0,0.405531211,66,1,0.55812625,3500.0,9,0,1,0,0.0
53941,1,0.637932849,29,2,0.492922565,1200.0,13,0,0,1,0.0
53942,0,0.21354583600000002,53,0,0.213866623,12100.0,14,0,2,0,2.0
53943,0,0.060279973,76,0,382.0,,4,0,0,0,0.0
53944,0,0.6765855190000001,48,0,0.705569837,5834.0,14,0,2,0,2.0
53945,1,0.701844923,56,0,0.8490364029999999,933.0,2,0,1,0,0.0
53946,0,0.031093837000000003,51,0,785.0,,3,0,1,0,0.0
53948,0,0.171908788,62,0,0.393939394,6500.0,13,0,1,0,0.0
53950,0,1.023294509,27,0,0.249399327,2080.0,7,0,0,0,0.0
53951,0,0.073313676,71,1,0.306862146,9821.0,13,0,1,0,0.0
53952,0,0.001067946,75,0,0.044376726,10500.0,8,0,0,0,0.0
53954,0,0.097371582,70,0,0.363946042,7338.0,7,0,1,0,1.0
53956,0,0.183373647,92,0,0.016899155,20000.0,2,0,0,0,0.0
53957,0,0.1304184,66,0,0.332101717,4600.0,16,0,0,0,0.0
53958,0,0.427934621,52,0,0.423244324,8500.0,18,0,2,0,3.0
53959,0,0.9999998999999999,39,0,0.0,4060.0,1,0,0,2,2.0
53960,0,0.013521558999999999,62,0,0.257847312,10098.0,12,0,2,0,0.0
53961,0,0.9999998999999999,34,1,0.25464191,4900.0,4,1,0,1,4.0
53962,0,0.58221901,28,0,0.253262983,3600.0,7,0,1,0,0.0
53966,0,0.0,69,0,0.571909821,3858.0,5,1,2,0,1.0
53967,0,0.9999998999999999,46,0,0.349477894,4500.0,3,3,1,0,1.0
53968,0,0.027664361000000002,36,1,0.099596231,5200.0,8,0,0,0,0.0
53969,0,0.050600571,50,0,0.330079752,8400.0,11,0,1,0,2.0
53970,0,0.134235965,36,0,0.167684908,7692.0,10,0,0,0,1.0
53971,0,0.9670413179999999,41,0,0.591591859,11250.0,15,0,2,0,0.0
53973,0,0.9999998999999999,33,0,0.369219825,4216.0,7,0,0,0,1.0
53974,1,0.028823555,49,2,0.510572037,6100.0,14,0,2,0,0.0
53976,0,0.045552802999999996,73,0,0.404132415,4500.0,5,0,1,0,1.0
53979,0,0.023212213,36,0,0.6629534420000001,3500.0,10,0,2,0,2.0
53980,0,0.9311264159999999,54,0,0.662096544,3500.0,7,0,2,0,0.0
53983,0,0.013692676,68,0,0.139237392,4064.0,4,0,0,0,1.0
53984,0,0.8692160309999999,49,0,0.271004648,5593.0,8,1,0,1,4.0
53986,0,0.45126892700000004,53,4,0.203977336,9000.0,15,0,2,0,1.0
53987,0,0.073158562,47,0,0.35830721,9569.0,8,0,2,0,1.0
53989,0,0.6310949570000001,54,0,0.7799165859999999,6233.0,9,0,3,0,1.0
53991,0,0.02350341,58,0,0.265346931,5000.0,8,0,1,0,1.0
53993,0,0.9999407229999999,43,0,0.378882816,7500.0,8,0,2,0,0.0
53994,0,0.159142609,56,1,0.590428972,13916.0,14,0,7,0,0.0
53995,0,0.9999998999999999,42,0,0.008739076,800.0,2,0,0,0,0.0
53998,0,0.502576031,49,0,0.314315048,6817.0,11,0,1,0,0.0
53999,0,0.985372989,57,0,0.016852328,3500.0,4,0,0,1,0.0
54000,0,0.154456625,73,0,2.02502317,2157.0,13,0,3,0,1.0
54001,0,0.021464421,60,0,0.22884684,2800.0,22,0,1,0,1.0
54005,0,0.609770924,67,1,0.6454950939999999,5604.0,9,0,2,0,0.0
54006,0,0.98085851,59,1,3.786437247,987.0,5,0,2,0,2.0
54009,0,0.030104369,55,0,0.152328767,9124.0,8,0,1,0,2.0
54010,0,0.0,61,0,0.38506951100000003,5250.0,8,0,5,0,1.0
54011,0,0.016084422,68,0,0.790806129,1500.0,7,0,1,0,0.0
54013,0,0.023788972999999998,56,0,0.677264547,5000.0,6,0,2,0,0.0
54014,0,0.548123564,44,0,0.322059954,1300.0,2,0,0,0,0.0
54016,0,0.334955501,38,0,0.013705614,51000.0,3,0,0,0,0.0
54019,0,0.37485039299999995,63,0,0.7072034290000001,10730.0,11,0,2,0,0.0
54020,0,0.364589007,55,0,0.263429943,5416.0,9,0,1,1,0.0
54021,0,0.09493081800000001,76,0,0.155781326,6200.0,10,0,2,0,0.0
54022,0,0.001848239,31,0,0.48697823799999995,2802.0,8,0,1,0,1.0
54023,0,0.009338733,46,0,0.388144974,5600.0,11,0,2,0,0.0
54025,0,0.15337166800000002,50,0,0.375656086,4000.0,9,0,1,0,0.0
54027,0,0.7782443509999999,36,1,0.5006329110000001,1579.0,2,0,0,0,4.0
54028,0,0.058148057999999996,57,0,7022.0,,18,0,3,0,3.0
54029,0,0.748829599,47,1,1441.0,,8,0,0,0,0.0
54030,0,0.291154535,56,0,0.165249964,6940.0,7,0,1,0,0.0
54031,0,0.949403931,64,0,0.24161301300000002,2950.0,6,0,0,0,0.0
54033,0,0.0,46,0,0.727329386,3208.0,5,0,1,0,0.0
54035,0,0.019741299,80,0,0.005141388,3500.0,9,0,0,0,0.0
54036,0,0.58859019,50,0,0.236832133,7916.0,7,0,1,0,1.0
54037,0,0.031852592,34,0,0.000709807,8452.0,3,0,0,0,2.0
54038,0,0.12246738900000001,78,2,1597.0,,12,0,1,0,0.0
54039,0,0.152184782,30,0,0.228141285,5180.0,7,0,0,0,1.0
54042,0,0.6784621040000001,49,2,0.525670498,7829.0,13,0,2,0,2.0
54043,0,0.177886245,55,0,0.300695944,12500.0,13,0,2,0,3.0
54044,0,0.351069686,43,0,0.090306284,3166.0,4,1,0,0,1.0
54046,0,0.936127745,30,0,0.023117776,3200.0,4,2,0,0,1.0
54047,0,0.040907851,53,0,0.225641595,9000.0,4,0,1,0,0.0
54048,0,0.017579536,65,0,0.205821817,3400.0,7,0,0,0,0.0
54049,0,0.23689671699999998,68,0,0.363239705,11000.0,20,0,0,0,0.0
54050,0,0.271984296,45,0,0.428057194,10000.0,8,0,2,0,3.0
54051,0,0.004238679,80,0,0.002295552,3484.0,8,0,0,0,0.0
54052,0,0.007643399,50,0,0.623394655,2880.0,13,0,1,0,1.0
54053,0,1.004666494,56,0,0.41875323799999997,5790.0,7,0,2,0,0.0
54054,0,0.0,45,0,0.133687686,12416.0,6,0,1,0,2.0
54056,0,0.147472265,52,1,0.687755659,3666.0,14,0,2,0,1.0
54057,0,0.119162216,49,0,0.42272727299999996,5719.0,8,0,2,0,2.0
54058,0,0.09284104800000001,44,0,0.15685621,15000.0,9,0,1,0,2.0
54059,0,0.15935855699999998,60,2,0.233233897,9050.0,15,0,2,0,0.0
54063,0,0.0,62,0,0.000575954,20834.0,7,0,0,0,1.0
54064,0,0.07135459400000001,38,0,0.139593002,2800.0,7,0,0,0,0.0
54065,0,0.008718846,83,0,0.0052899290000000005,4914.0,11,0,0,0,0.0
54067,0,0.031082038,48,0,0.005342399,4117.0,2,0,0,0,1.0
54069,0,0.021349466,39,0,0.09195402300000001,2000.0,3,0,0,0,0.0
54070,0,0.22848557100000003,44,1,0.800624675,5762.0,10,0,2,0,1.0
54071,0,0.674224933,71,0,0.504449649,4269.0,8,0,1,0,0.0
54072,0,0.0,40,0,1.074937552,1200.0,3,0,1,0,3.0
54073,0,0.17175782,35,0,1.206943858,9475.0,12,0,7,0,1.0
54074,0,0.9327232670000001,54,0,5260.0,,9,0,3,0,0.0
54075,0,0.23879850800000002,62,0,0.134429098,16000.0,8,0,1,0,2.0
54078,0,0.145137674,58,0,0.01770559,6833.0,2,0,0,0,0.0
54082,0,0.0496344,70,0,963.0,,5,0,1,0,0.0
54083,0,0.23822412699999998,38,0,1.34595861,2560.0,18,0,1,0,1.0
54084,0,0.353078425,48,0,0.520708369,3500.0,7,0,1,0,0.0
54086,0,0.11772571400000001,45,0,0.01330627,4433.0,3,0,0,0,0.0
54088,0,0.741690498,54,0,0.552005517,8700.0,12,0,2,0,1.0
54091,1,0.5548370429999999,40,0,0.902399631,4333.0,12,0,1,0,2.0
54093,0,0.058245131,60,0,0.14949402,8695.0,7,0,1,0,0.0
54096,1,0.042796006,67,1,0.13054341,1600.0,2,0,0,0,1.0
54099,0,0.150081937,59,0,0.17834778399999998,8303.0,8,0,2,0,0.0
54100,0,0.0037593179999999998,40,0,0.12452281400000001,5500.0,7,0,0,0,2.0
54101,0,0.858755555,71,0,0.88641645,14200.0,20,0,4,0,0.0
54102,0,0.639987259,68,1,0.45761757299999994,10652.0,7,0,1,0,0.0
54103,0,0.513837539,41,2,0.367924528,6783.0,14,0,3,0,3.0
54105,0,0.15454935,33,0,0.116212339,7666.0,3,0,1,0,0.0
54107,0,0.977804439,63,0,147.0,,1,0,0,0,
54110,0,0.240358061,30,0,0.127238156,6310.0,6,0,0,0,2.0
54111,0,0.025277793,60,0,0.16316736699999998,5000.0,28,0,1,0,0.0
54112,0,0.303960628,56,0,5063.0,,4,0,3,0,
54113,0,0.016926593,55,0,0.002591793,20834.0,7,0,0,0,1.0
54115,0,0.052349491,60,0,0.6376845560000001,12800.0,54,0,2,0,2.0
54116,0,0.015680705,59,0,3166.0,,5,0,1,0,0.0
54117,0,0.121462849,64,0,0.657158091,3750.0,15,0,2,0,1.0
54118,0,0.225030393,63,1,0.087791256,11458.0,7,0,1,0,1.0
54119,0,0.463638891,45,0,0.44966362299999996,8323.0,12,0,0,0,2.0
54120,0,0.236604763,40,0,653.0,,13,0,0,0,0.0
54121,0,0.36946589799999996,71,0,4847.0,,29,0,2,0,0.0
54122,0,0.867530107,51,0,0.554702495,4167.0,6,0,1,0,2.0
54123,0,0.810379242,30,0,0.288149688,2404.0,5,0,1,0,0.0
54124,0,0.42205344,58,0,6.233741301,4166.0,18,0,0,0,0.0
54125,0,0.0,38,0,0.574978578,3500.0,6,0,1,0,2.0
54126,0,0.363132875,58,0,0.22576544699999998,18093.0,7,0,1,0,2.0
54127,0,0.9999998999999999,40,0,0.776921475,4800.0,4,0,2,0,0.0
54128,0,0.360537092,63,0,0.220108318,7200.0,7,0,0,2,0.0
54130,0,0.00142849,41,0,4224.0,,6,0,2,0,0.0
54132,0,0.036654039,59,0,525.0,,6,0,1,0,0.0
54133,0,1.045394957,42,2,0.867214612,5474.0,17,0,2,0,2.0
54134,0,0.220951438,55,1,0.69151671,3500.0,26,0,1,0,0.0
54135,0,0.0,58,0,0.27611492600000004,15000.0,10,0,2,0,2.0
54136,0,0.248626042,50,0,0.32738307699999997,2800.0,5,0,0,0,1.0
54137,0,0.0,58,0,0.0,2700.0,1,0,0,0,0.0
54138,0,0.0,68,0,842.0,,8,0,1,0,2.0
54139,0,0.047718091,59,0,0.0029164240000000004,12000.0,4,0,0,0,0.0
54140,0,0.027159126000000002,76,0,0.003199488,12501.0,6,0,0,0,0.0
54142,0,0.38430345899999996,50,0,2040.0,,7,0,1,0,0.0
54143,0,0.269958468,44,0,0.175830638,3400.0,6,0,0,0,2.0
54144,0,0.038872021,40,0,0.21184682100000002,5300.0,7,0,1,0,0.0
54145,0,0.41020634100000003,59,0,1.574738755,2200.0,6,0,2,0,0.0
54146,0,0.510360536,46,3,0.22224228199999999,5538.0,13,0,0,0,1.0
54148,0,0.146370726,82,0,21.0,,2,0,0,0,0.0
54150,0,0.028211266000000002,43,1,0.333507443,7657.0,10,0,3,0,4.0
54151,0,0.95241401,42,0,0.522125066,7547.0,11,0,0,0,2.0
54153,0,0.012635981000000001,49,0,0.13155650300000002,9379.0,7,0,1,0,1.0
54154,0,0.41181175799999997,36,0,0.009488828000000001,9800.0,3,0,0,0,0.0
54156,0,0.109310837,61,0,0.970284238,4643.0,9,0,2,0,0.0
54159,0,0.061823761,38,0,0.099024156,6250.0,2,0,0,0,1.0
54160,0,0.0,63,0,0.41157851700000003,9793.0,11,0,2,0,0.0
54161,0,0.19694876100000003,60,0,746.0,,14,0,0,0,0.0
54162,0,0.6133353460000001,52,0,3722.0,,8,0,2,0,1.0
54163,0,0.03292622,50,0,0.24996795300000002,7800.0,7,0,2,0,1.0
54164,0,0.09288932800000001,62,0,0.5839853939999999,3833.0,9,0,1,0,0.0
54167,0,0.1301586,56,1,2469.0,0.0,8,0,2,0,0.0
54168,0,0.230221222,27,0,0.9119300440000001,1600.0,8,0,1,0,0.0
54169,0,0.0714947,46,2,0.060748764000000004,4246.0,8,0,0,0,1.0
54171,0,0.9999998999999999,53,0,0.255221449,6750.0,6,0,1,0,0.0
54172,1,0.723697431,45,1,0.43895554,2833.0,11,0,0,0,1.0
54173,0,0.145780051,27,0,1135.0,,4,0,1,0,0.0
54174,0,0.788448888,51,0,0.844691827,3682.0,7,0,1,0,0.0
54176,0,0.270886456,53,0,2014.0,,4,0,1,0,
54177,0,0.064238746,61,0,0.314195944,3500.0,4,0,1,0,1.0
54178,0,0.0,41,0,2.071464268,2000.0,7,0,1,0,3.0
54180,0,0.027537402000000002,52,0,0.27077422,7400.0,8,0,2,0,0.0
54181,0,0.057002077000000005,45,1,0.339176372,8328.0,5,0,1,0,2.0
54182,0,0.9999998999999999,73,0,0.0,,3,0,0,0,0.0
54183,0,0.38262668,56,0,0.44532130799999997,1773.0,5,0,0,0,1.0
54184,0,0.013619939,75,0,0.181231215,8982.0,12,0,2,0,0.0
54185,0,0.273659133,62,0,0.825301205,1825.0,5,0,1,1,0.0
54186,0,0.745247427,44,0,0.24384451899999998,8000.0,9,0,0,0,0.0
54187,0,0.330217976,55,0,3972.0,,15,0,2,0,1.0
54189,1,0.768463074,36,0,0.066838046,3500.0,6,1,0,1,3.0
54190,0,0.191928632,55,0,0.33817688700000004,10322.0,11,0,2,0,1.0
54194,0,0.0,57,0,0.031855091,1600.0,4,0,0,0,1.0
54196,0,0.01247035,83,0,0.00548067,6750.0,19,0,0,0,2.0
54200,0,0.895162476,24,0,0.192692175,2900.0,4,1,0,0,0.0
54201,0,0.042245908,71,0,2019.0,,8,0,1,0,0.0
54202,0,0.11360345300000001,40,0,2546.0,,15,0,3,0,2.0
54203,0,0.0,49,0,0.115895458,4667.0,4,0,0,0,0.0
54204,0,0.328610329,32,0,0.159806699,6000.0,8,0,0,0,1.0
54205,0,0.300914381,49,0,0.366512461,6700.0,16,0,1,0,2.0
54206,0,0.40267958299999995,42,0,0.9707971590000001,3800.0,9,0,1,0,0.0
54207,0,0.033534104,64,0,0.004867557,8833.0,4,0,0,0,1.0
54208,0,0.221014845,66,0,0.8703190009999999,4325.0,18,0,2,0,0.0
54210,0,0.0,51,0,0.6892430279999999,3011.0,6,0,1,0,1.0
54211,0,0.21236126,29,0,972.0,,7,0,0,0,0.0
54212,0,0.9999998999999999,43,0,0.5838630810000001,6134.0,5,0,2,0,0.0
54213,0,0.695420305,40,0,0.13474117,5350.0,4,0,1,0,1.0
54214,0,0.01997976,85,0,0.000353999,166666.0,15,0,0,0,0.0
54215,0,0.085934855,71,0,0.124614973,14933.0,11,0,2,0,0.0
54216,0,0.0,53,0,0.073071302,13000.0,4,0,1,0,3.0
54217,0,0.753784833,68,0,0.5687802820000001,4746.0,7,0,1,0,0.0
54218,1,0.0,33,0,0.591363455,2500.0,9,0,1,0,0.0
54219,0,0.9999998999999999,38,0,0.49888898,12150.0,9,0,3,0,0.0
54220,0,0.702253557,47,0,0.719225654,6766.0,18,0,4,0,0.0
54221,0,0.107158542,46,0,1.985604607,2083.0,16,0,1,0,2.0
54222,0,0.124944605,51,0,0.354127953,11300.0,15,0,2,0,2.0
54223,1,0.9552335540000001,41,0,0.16726182,7000.0,4,0,0,0,2.0
54224,0,0.07574621299999999,67,0,2608.0,,7,0,2,0,0.0
54225,0,0.0,27,0,0.23447262,2720.0,5,0,0,0,0.0
54226,0,0.135572885,38,0,0.32522455100000003,2671.0,2,0,1,0,0.0
54227,0,0.9999998999999999,51,0,0.006050521999999999,6610.0,0,1,0,0,0.0
54231,0,1.040321603,41,1,0.693367162,8276.0,12,0,2,0,1.0
54232,0,0.08920176099999999,74,0,0.41522688399999996,5266.0,11,0,2,0,0.0
54233,0,0.33184331300000003,44,0,0.8859784279999999,3893.0,5,0,1,0,1.0
54234,0,0.41570918799999995,58,0,0.33764418,2860.0,4,0,0,0,1.0
54235,0,0.282585871,55,0,0.306687164,1300.0,3,0,0,0,0.0
54236,0,0.1227509,34,0,0.66874028,4500.0,7,0,2,0,0.0
54237,0,0.0,38,0,2863.0,,6,0,3,0,0.0
54238,0,0.845828568,35,0,0.869043652,3000.0,7,0,1,0,2.0
54239,0,0.033024213999999996,52,1,0.36452191700000003,3900.0,10,0,1,0,0.0
54240,0,0.0014562639999999999,81,0,1.0,,5,0,0,0,0.0
54241,0,0.93573876,34,1,0.40953716700000004,6416.0,10,0,1,0,0.0
54243,1,0.0,36,1,0.599189021,3205.0,6,1,1,2,2.0
54244,0,0.353180922,75,0,0.302708262,5833.0,21,0,2,0,0.0
54245,0,0.133203516,65,0,0.230791203,3500.0,3,0,1,0,0.0
54246,0,0.300182125,51,0,0.236663293,13833.0,7,0,1,0,2.0
54248,1,0.831460674,30,4,0.160946351,3000.0,9,3,0,1,0.0
54249,0,0.081027031,27,0,0.079560063,7000.0,3,0,0,0,0.0
54250,1,0.77050765,64,1,0.6880845870000001,4917.0,8,1,2,0,2.0
54251,0,0.123638949,45,0,0.215267063,13610.0,8,0,2,0,2.0
54253,0,0.267871885,43,0,0.268611944,11000.0,13,0,0,0,2.0
54254,0,0.9999998999999999,79,0,0.0,,1,0,0,0,
54255,0,0.315681062,65,1,0.87503905,3200.0,15,0,4,0,0.0
54259,0,0.285727513,76,0,0.268838597,4020.0,21,0,0,0,0.0
54260,0,0.6925819679999999,43,0,0.157673625,7616.0,4,0,0,0,2.0
54262,0,0.152260897,68,0,0.090909091,6500.0,10,0,0,0,1.0
54264,0,0.17217764,57,0,0.039592082,3333.0,4,0,0,0,0.0
54265,0,0.146277356,27,0,0.30285477899999996,2416.0,5,0,0,0,0.0
54267,0,0.0,48,0,0.42832658100000004,6417.0,12,0,1,0,0.0
54268,0,0.505072569,41,0,0.24132119999999999,8900.0,9,0,1,0,3.0
54269,1,1.136886735,51,4,0.14901690199999998,5797.0,6,2,0,0,1.0
54270,0,0.478508201,31,0,0.412889625,6640.0,10,0,2,0,3.0
54272,0,0.056105170999999995,76,0,0.888707705,2452.0,13,0,2,0,0.0
54273,0,0.293402067,71,0,0.266961863,7000.0,11,0,1,0,1.0
54275,0,0.079766983,83,0,0.254372814,2000.0,5,0,1,0,0.0
54276,0,0.907695885,29,0,0.152711822,4000.0,6,0,0,0,0.0
54277,0,0.485861114,63,0,0.421134826,11525.0,14,0,2,0,1.0
54278,0,0.0,61,0,0.41645816,3596.0,13,0,1,0,1.0
54279,0,0.341625591,54,0,0.350774871,6000.0,17,0,2,0,0.0
54280,0,0.085130496,34,0,0.422323086,4846.0,10,0,2,0,3.0
54281,0,0.002520065,64,0,0.16853932600000002,2224.0,23,0,2,0,0.0
54286,0,0.240141733,45,1,0.043661815,9000.0,5,0,0,0,3.0
54287,0,0.22775247199999998,36,0,0.489371125,6773.0,6,0,2,0,2.0
54288,0,0.022330852,56,0,0.634402946,1900.0,4,0,1,0,0.0
54289,0,0.042563367000000005,66,0,669.0,,5,0,1,0,0.0
54290,0,0.9560146620000001,58,0,0.175630652,2100.0,5,0,0,0,0.0
54292,0,0.358663687,42,0,0.658520329,4500.0,17,0,2,0,0.0
54293,0,0.112902925,66,0,0.026246718999999998,8000.0,7,0,0,0,0.0
54294,0,0.517303336,44,1,0.571214393,4001.0,12,0,2,1,2.0
54295,0,0.173247113,52,0,0.503109377,8200.0,10,0,3,0,2.0
54296,0,0.2232169,61,0,0.131567489,13779.0,8,0,1,0,2.0
54297,0,0.824354701,32,1,0.335237823,7000.0,9,0,0,0,4.0
54298,1,0.33872759799999996,30,0,0.498375406,4000.0,10,0,1,0,0.0
54299,0,0.10112986199999999,72,0,0.118303571,3583.0,11,1,0,0,1.0
54300,0,0.111743058,58,0,0.35826925600000004,7672.0,6,0,1,0,0.0
54301,0,0.039998068,46,0,1850.0,,5,0,2,0,3.0
54302,0,0.262625695,46,1,3835.0,,8,0,2,0,1.0
54304,0,0.10964282300000001,37,0,1.06931023,3000.0,13,0,2,0,0.0
54305,0,0.040986389,49,0,0.004760771,8401.0,6,0,0,0,4.0
54306,0,1.093178037,54,1,256.0,,3,0,1,0,0.0
54308,0,0.042150832,83,0,50.0,,8,0,0,0,0.0
54309,0,0.0,55,0,0.11218067400000001,2700.0,8,0,0,0,0.0
54310,1,0.219831755,72,0,0.510998,5500.0,16,0,1,0,1.0
54311,0,0.060299985,67,0,0.316566682,6500.0,10,0,2,0,1.0
54312,0,0.657851755,63,0,0.540243293,6000.0,11,0,1,0,1.0
54313,0,0.629420085,32,0,0.162070634,6200.0,10,0,0,0,2.0
54314,0,0.516224099,66,0,0.30117291,18500.0,13,0,3,0,0.0
54315,0,0.6829490020000001,52,0,1.730423192,3000.0,11,0,0,0,0.0
54316,0,0.009514332,74,0,0.125057683,2166.0,10,0,0,0,0.0
54317,1,0.970199,55,1,0.149849919,4330.0,5,2,0,0,0.0
54318,0,0.12194156,42,0,0.56231003,6250.0,9,0,2,0,2.0
54319,0,0.488741215,64,1,0.615231458,4017.0,11,0,1,0,2.0
54322,0,0.186788182,41,1,2594.0,,10,0,1,0,0.0
54324,0,0.038003592,37,0,0.34355419299999995,7500.0,9,0,4,0,0.0
54325,1,0.429847682,50,1,0.8576193209999999,8694.0,14,0,1,0,0.0
54327,0,0.24859289699999998,47,0,2993.0,,6,0,1,0,0.0
54329,0,1.262719106,65,0,0.46446828799999995,17800.0,20,0,3,0,1.0
54330,0,0.031498425,33,0,0.04259574,10000.0,6,0,0,0,2.0
54332,0,1.068493151,25,1,0.1299683,4100.0,2,0,0,0,0.0
54333,0,0.007242625,56,0,0.003975425,8300.0,19,0,0,0,0.0
54334,0,0.033842527000000004,60,0,0.27158492100000003,7400.0,19,0,2,0,2.0
54335,0,0.026774292,42,0,0.439006358,6762.0,6,0,1,0,0.0
54337,0,0.263542012,31,0,0.28512497,4120.0,9,0,0,0,0.0
54338,1,0.378929686,38,0,0.44730077100000004,4667.0,8,0,2,0,1.0
54339,0,0.0,73,0,0.27232979399999996,1600.0,5,0,0,0,0.0
54341,0,0.34102246399999997,53,0,0.255538897,6002.0,23,0,1,0,0.0
54342,0,0.8385353190000001,29,0,1288.0,,8,0,0,0,1.0
54346,0,0.004203368,65,0,0.106927011,2150.0,7,0,0,0,0.0
54347,0,0.0,56,0,0.382927665,8750.0,19,0,2,0,1.0
54348,0,0.267253808,41,1,0.216356729,5000.0,5,0,0,0,3.0
54350,0,0.9999998999999999,62,0,0.145013123,1523.0,5,0,0,0,2.0
54352,0,0.056631445999999995,34,0,3445.0,,6,0,2,0,0.0
54353,0,0.014306857,31,0,0.521194348,3750.0,6,0,2,0,1.0
54354,0,0.0,40,0,2163.0,,7,0,1,0,2.0
54355,1,0.930581346,56,1,0.065459347,5300.0,9,1,0,0,2.0
54356,0,0.102959496,52,0,0.20629114899999998,4100.0,7,0,0,0,1.0
54358,0,0.912017596,29,1,513.0,,4,0,0,2,0.0
54359,0,0.26658222800000003,29,0,327.0,0.0,1,0,0,1,0.0
54360,1,0.7015559840000001,53,0,0.41701493799999995,24166.0,19,0,1,0,0.0
54361,0,0.400533156,23,0,0.037634409,929.0,3,0,0,0,0.0
54362,0,0.162917525,49,0,0.09321733,5631.0,19,0,0,0,0.0
54363,0,0.571923744,54,0,0.7904031990000001,3000.0,3,0,2,0,1.0
54364,0,0.002608558,82,0,0.434714211,9534.0,19,0,2,0,1.0
54365,0,0.310304933,51,0,0.239269092,5800.0,11,0,1,0,0.0
54366,0,0.188964668,56,0,0.17195701100000002,4000.0,6,0,0,0,2.0
54369,0,0.030498614,69,0,0.11858760800000001,1500.0,6,1,0,0,2.0
54371,0,0.0,77,0,0.094458907,2688.0,3,0,1,0,0.0
54372,0,0.009520917,40,0,256.0,,8,0,0,0,0.0
54373,0,0.122797953,43,0,219.0,,7,0,0,0,0.0
54374,1,0.9999998999999999,26,0,0.054141601,2160.0,2,0,0,0,0.0
54375,0,0.328474013,40,0,0.43391521200000005,2806.0,5,0,1,0,3.0
54377,0,0.050590885999999995,36,0,0.862627475,3333.0,8,0,2,0,0.0
54379,0,0.045469552999999996,29,0,155.0,,9,0,0,0,0.0
54380,0,0.35077468700000003,53,1,0.617691154,2000.0,7,1,0,0,2.0
54381,0,0.0,70,0,0.0,,11,0,0,0,0.0
54382,1,0.585012278,59,1,0.19048318399999997,6808.0,5,0,0,0,1.0
54383,0,0.308525835,45,0,3437.0,,10,0,1,0,0.0
54384,0,0.857789513,24,1,0.18902148,2094.0,4,0,0,0,0.0
54385,0,0.35215575600000004,30,0,0.7843676359999999,2545.0,4,0,1,0,3.0
54386,0,0.132752191,45,0,3760.0,0.0,8,0,2,0,2.0
54388,0,0.035367676,64,0,0.0038458579999999997,13000.0,6,0,0,0,0.0
54389,0,0.9999998999999999,29,1,0.158239509,4884.0,6,5,0,1,1.0
54391,0,0.088943146,63,0,0.217162033,2085.0,2,0,0,0,0.0
54392,1,0.295551389,46,1,0.514271065,5850.0,6,0,1,0,1.0
54394,0,0.410117694,54,0,0.48104035,4113.0,8,0,1,0,3.0
54395,0,0.002036314,45,1,0.008085611999999999,4204.0,8,0,0,0,2.0
54396,0,0.010999421,62,0,0.30086877,2186.0,4,0,1,0,0.0
54397,1,0.309373254,54,1,4369.0,,16,0,2,0,0.0
54399,0,0.096062341,53,0,445.0,,8,0,0,0,0.0
54400,0,0.01311895,85,0,0.080383923,5000.0,4,0,0,0,0.0
54401,0,0.17092525,57,1,0.32035361,4750.0,13,0,1,0,1.0
54404,0,0.0,61,0,0.13737187,11901.0,9,0,2,0,0.0
54405,0,0.360394059,57,1,0.49209234700000004,5500.0,7,0,1,0,2.0
54406,0,0.0017221270000000002,65,0,0.002586207,2319.0,3,0,0,0,0.0
54408,0,0.050797097,34,0,0.41167434700000005,7811.0,14,0,2,0,2.0
54409,0,0.169844021,37,1,0.375862414,10000.0,11,0,1,0,0.0
54410,0,0.044740300999999996,69,0,3756.0,,11,0,3,0,0.0
54411,0,0.093864164,63,0,0.318925552,7333.0,11,0,1,0,0.0
54412,0,0.39476469299999994,48,0,0.64036919,9100.0,6,0,3,0,3.0
54413,0,0.748489196,34,0,1929.0,,8,0,0,0,0.0
54415,0,0.032247032,67,0,0.01179764,5000.0,6,0,0,0,0.0
54418,0,0.16169187,63,0,5.877805486000001,400.0,11,0,1,0,1.0
54419,0,0.23591648,66,0,1.4021078230000001,7400.0,14,0,3,0,0.0
54420,0,0.037055944,51,0,0.385630718,6666.0,16,0,1,0,0.0
54421,0,0.39872542299999997,45,0,0.31118603699999997,10083.0,17,0,1,0,1.0
54422,1,0.860696517,34,0,0.025488904,4550.0,2,0,0,0,1.0
54423,0,0.6533793920000001,49,0,0.7321522540000001,5700.0,9,0,2,0,0.0
54426,0,0.146632383,63,0,1848.0,,8,0,1,0,0.0
54427,0,0.0,47,0,0.7796327209999999,9583.0,8,0,2,0,2.0
54428,1,0.7928011079999999,63,4,3.960044395,900.0,12,0,1,2,0.0
54429,0,0.003873998,53,0,0.132448238,6326.0,9,0,1,0,2.0
54432,0,0.44831183,44,0,0.44923857899999997,4333.0,10,0,2,0,0.0
54434,1,0.7948005779999999,49,2,0.216048601,7900.0,10,1,1,0,2.0
54436,0,0.0,85,0,0.000249938,4000.0,11,0,0,0,0.0
54437,0,0.0,42,0,0.030890912000000003,6700.0,4,0,0,0,3.0
54438,0,0.55028434,45,0,0.112544955,4726.0,6,0,0,0,3.0
54439,0,0.023635897000000003,55,0,1175.0,,15,0,2,0,0.0
54440,0,0.291271043,34,0,0.309314587,1706.0,7,0,0,0,0.0
54441,0,0.016854239,57,0,0.18908227800000002,8847.0,7,0,1,0,0.0
54443,0,0.07557788,50,0,0.49309362,4560.0,9,0,4,0,1.0
54444,1,0.418581419,26,0,0.145963509,4000.0,4,1,0,0,0.0
54445,0,0.166000924,37,0,0.141984466,11458.0,8,0,2,0,1.0
54446,0,0.244190598,56,0,0.627524015,5100.0,4,0,2,0,1.0
54447,0,0.13863456300000002,85,1,8.830876828,17300.0,27,0,6,0,0.0
54449,0,0.9999998999999999,52,0,0.6279457270000001,4200.0,5,0,1,0,1.0
54452,0,0.118952912,61,0,220.0,,3,0,0,0,0.0
54454,0,0.0,31,0,0.0537514,6250.0,4,0,0,0,0.0
54455,0,0.00048125800000000003,79,0,2433.0,,10,0,3,0,0.0
54456,0,0.167380151,38,0,0.10623103,5600.0,3,0,0,0,2.0
54457,0,0.064688118,60,0,0.202250352,10664.0,22,0,3,0,1.0
54459,0,0.659047891,46,0,0.492827542,6273.0,7,0,2,0,1.0
54460,0,0.0,50,0,0.578245801,3750.0,10,0,2,0,0.0
54461,0,0.9999998999999999,52,0,0.385480726,6666.0,10,0,2,0,2.0
54462,0,0.332088753,38,0,0.497837126,5316.0,15,0,3,0,2.0
54464,0,0.013655843999999999,45,0,0.141813025,9166.0,6,0,2,0,0.0
54466,0,0.170581205,74,0,216.0,,6,0,0,0,0.0
54468,0,0.117022366,74,2,0.616191904,2000.0,7,0,1,0,0.0
54469,0,0.150094651,47,0,0.491563555,8000.0,23,0,4,0,0.0
54471,0,0.07389586299999999,39,0,0.41784914100000004,8033.0,9,0,2,0,2.0
54472,0,0.0,67,0,0.0,,1,0,0,0,0.0
54474,0,0.905962009,54,2,2452.0,,10,0,1,1,0.0
54475,0,0.36267819,62,0,0.465432771,3673.0,8,0,1,0,2.0
54477,1,0.60401523,53,0,0.223378475,7014.0,15,1,1,0,0.0
54479,0,0.016158673000000002,69,0,0.053320683,5269.0,7,0,1,0,0.0
54480,0,0.022195561000000003,63,0,0.00048069199999999996,6240.0,3,0,0,0,0.0
54482,0,0.6227715189999999,30,3,0.394499549,4435.0,7,0,1,0,1.0
54483,0,0.032652395,63,0,0.262649772,11600.0,7,0,1,0,1.0
54485,0,0.049714809000000006,47,0,0.29875283399999997,10583.0,7,0,2,0,1.0
54486,0,0.27082039,66,1,0.34207240899999997,800.0,6,0,0,0,0.0
54487,0,0.402024265,54,0,0.706083976,3500.0,11,0,1,0,2.0
54488,0,0.106299515,30,0,0.064757566,3072.0,3,0,0,0,1.0
54489,0,0.191729073,46,0,0.201959608,5000.0,6,0,0,0,1.0
54491,0,0.92034744,46,0,0.178922363,9260.0,6,0,0,0,3.0
54492,0,0.032331572999999995,65,0,0.013846154,2599.0,3,0,0,0,0.0
54493,0,0.000855298,64,2,2521.0,,21,0,2,0,0.0
54495,0,0.049988280999999996,39,0,0.273519164,12053.0,9,0,2,1,2.0
54497,0,0.9999998999999999,59,0,0.300472091,3600.0,2,0,1,0,0.0
54499,0,0.8414512209999999,52,0,0.38757332200000005,4602.0,7,0,3,0,1.0
54500,0,0.0,55,0,0.0,,1,0,0,0,
54501,0,0.9999998999999999,47,0,0.383661634,10000.0,5,0,4,0,2.0
54503,1,0.9999998999999999,26,0,0.0,864.0,1,0,0,0,0.0
54509,0,0.348469207,44,0,1.310768923,10000.0,9,0,5,0,1.0
54510,0,0.0,55,0,0.267604475,12155.0,7,0,1,0,1.0
54511,0,0.051341687000000004,75,0,0.08264830000000001,4500.0,12,0,0,0,1.0
54512,0,0.0,36,0,0.0,2000.0,4,0,0,0,0.0
54514,1,1.295540892,74,0,1.163560054,8100.0,11,0,6,0,0.0
54516,0,0.119203758,48,0,0.274063125,11500.0,4,0,1,0,2.0
54517,0,0.015736119,61,0,0.19271948600000002,5136.0,12,0,1,0,2.0
54518,0,0.9780439120000001,23,0,0.22555317600000002,1400.0,3,0,0,0,0.0
54519,1,0.8286086159999999,52,2,0.32122934399999997,9500.0,12,0,2,3,0.0
54520,0,0.700059988,34,0,0.8840579709999999,2000.0,3,0,1,0,1.0
54521,0,0.087355695,64,0,27.0,,4,0,0,0,0.0
54522,0,0.9999998999999999,32,0,0.01582015,1200.0,1,0,0,0,0.0
54523,0,0.040189247000000004,56,0,0.26728938399999996,11133.0,9,0,1,0,2.0
54524,0,0.901475488,32,1,0.045795170999999996,1200.0,2,0,0,0,1.0
54526,0,0.16167664699999998,22,0,2.0,,3,0,0,0,0.0
54527,0,0.0,57,0,0.18457437899999998,6002.0,10,0,1,0,0.0
54528,1,0.9999998999999999,44,0,0.0,714.0,0,1,0,0,0.0
54530,0,0.646032156,70,0,0.979790741,6976.0,12,0,2,0,1.0
54531,0,0.011345289,60,0,1168.0,,10,0,1,0,1.0
54533,0,0.793216299,63,0,0.853515215,4764.0,8,0,2,0,0.0
54534,0,0.887158415,45,0,0.782436525,8585.0,9,0,1,0,2.0
54536,0,0.003556492,56,0,0.287786533,5583.0,9,0,1,0,3.0
54537,0,0.018886208999999998,56,0,0.30108857,8083.0,9,0,1,0,0.0
54538,0,0.9980002859999999,31,0,0.29761243800000003,1800.0,4,0,0,0,0.0
54541,0,0.679040586,61,1,0.17197543199999998,7000.0,20,0,1,0,1.0
54542,0,0.001452346,76,0,0.000243843,4100.0,7,0,0,0,0.0
54544,1,0.246203038,26,1,0.120432085,4350.0,4,2,0,0,1.0
54546,0,0.158818075,59,0,0.324554987,4100.0,6,0,1,0,0.0
54547,0,0.0,66,0,0.08819201800000001,10873.0,8,0,0,0,1.0
54548,0,0.519119027,61,0,0.6862641009999999,7534.0,9,0,3,0,0.0
54551,0,0.008853096999999999,54,0,0.305029995,6500.0,6,0,1,0,2.0
54555,0,0.9999998999999999,36,2,0.387808975,4166.0,3,1,1,0,2.0
54556,0,0.041927522,65,0,0.153930832,10900.0,11,0,1,0,3.0
54557,0,0.0,56,0,0.48112379299999997,6833.0,7,0,3,0,1.0
54560,0,0.855456276,47,0,0.118270882,9900.0,7,0,0,0,0.0
54561,0,0.9914730959999999,33,0,0.5168539329999999,1067.0,5,0,0,0,1.0
54563,0,0.10101010099999999,66,0,0.14737176400000002,12593.0,5,0,1,0,3.0
54564,0,0.00735472,51,0,0.222398682,17000.0,9,0,2,0,1.0
54565,0,0.021621694,69,0,0.015996001,4000.0,4,0,0,0,0.0
54566,0,0.021732754,38,0,0.383252574,6603.0,6,0,2,0,0.0
54567,0,0.015944743,56,0,0.513468481,3600.0,7,0,1,0,0.0
54568,0,0.731403811,39,0,0.29666765,6781.0,5,0,1,0,4.0
54569,0,0.896906375,50,2,0.6658911120000001,2148.0,7,0,2,0,2.0
54571,0,0.013108968,60,0,0.305827825,13160.0,11,0,3,0,0.0
54572,0,0.033517759,61,0,1853.0,,7,0,1,0,1.0
54573,0,0.925650658,36,0,0.323851392,11600.0,8,0,1,0,1.0
54574,0,0.090955269,58,0,279.0,,7,0,0,0,0.0
54575,0,0.156626506,45,0,0.270216357,6516.0,7,0,1,0,2.0
54576,1,0.840629305,44,0,1.5049988890000001,4500.0,11,0,2,0,2.0
54577,0,0.48761416399999996,69,0,0.395653405,14125.0,16,0,2,0,1.0
54578,1,0.378282844,68,2,0.592924891,7801.0,18,0,4,0,0.0
54579,0,0.485339809,63,0,0.300590523,13885.0,11,0,4,0,0.0
54580,0,0.047164133,75,0,0.095215425,4200.0,7,0,0,0,0.0
54581,0,0.027193464,63,0,2366.0,,8,0,1,0,0.0
54582,0,0.0,77,0,0.0,,1,0,0,0,0.0
54585,0,0.08514579800000001,36,0,0.537455776,6500.0,16,0,1,0,1.0
54586,1,0.137577601,43,1,11977.0,,8,0,5,0,0.0
54591,0,0.183609788,62,0,0.241270892,6042.0,12,0,1,0,0.0
54592,0,0.028031003,66,0,0.268518519,4211.0,7,0,1,0,2.0
54594,0,0.07952005599999999,33,0,3074.0,,6,0,2,0,0.0
54595,0,0.141716567,44,0,0.145857643,5141.0,3,0,0,0,1.0
54597,0,0.019290685,67,0,13378.0,,9,0,4,0,
54598,0,0.0,46,0,0.34813037399999996,5000.0,8,0,1,0,0.0
54599,0,0.502667112,70,0,0.553155748,4166.0,11,0,2,0,0.0
54601,0,0.22514462899999999,47,0,0.29487771100000004,6500.0,11,0,1,0,1.0
54603,0,0.19917180899999998,64,1,0.357554088,16500.0,12,0,1,0,2.0
54605,0,0.9999998999999999,62,0,0.209700428,700.0,3,0,0,0,0.0
54606,0,0.007073014,43,2,0.597018543,8250.0,14,0,4,0,0.0
54607,0,0.017840823000000002,72,0,0.01332889,3000.0,5,0,0,0,0.0
54609,0,0.8393988059999999,36,0,0.5050859999999999,5406.0,11,0,0,0,0.0
54610,0,0.0055817340000000005,62,0,0.48975512200000004,2000.0,20,0,1,0,0.0
54612,0,0.04727848900000001,49,0,0.494305239,3950.0,7,0,1,0,0.0
54613,0,0.049860115,48,0,0.473905219,5000.0,7,0,2,0,0.0
54614,0,0.052782595999999994,64,0,5169.0,,10,0,1,0,0.0
54615,0,1.0762923709999999,33,0,0.14759535699999998,10250.0,9,0,0,0,1.0
54616,0,0.0,25,0,0.0,0.0,1,0,0,0,0.0
54617,0,0.020589309,46,0,3164.0,,4,0,1,0,0.0
54618,1,1.063699403,40,5,0.489853355,6750.0,4,0,2,0,2.0
54619,0,0.25361243899999997,54,0,0.29527047300000003,10000.0,4,0,2,0,3.0
54620,0,0.052915785,49,0,0.261736913,20000.0,6,0,1,0,2.0
54621,0,0.18223047899999997,38,0,1497.0,,12,0,1,0,0.0
54622,0,0.5009197679999999,42,0,0.35660723200000005,6000.0,14,0,2,0,2.0
54623,0,0.773767577,52,0,1.290243902,6559.0,15,0,2,0,0.0
54625,0,0.477458431,32,0,0.290949473,1800.0,5,0,0,0,1.0
54627,0,0.45678858,77,0,0.25089988,7500.0,9,0,2,0,0.0
54628,0,0.0,88,0,0.0,,7,0,0,0,
54631,0,0.08895216199999999,59,0,0.340813153,4500.0,16,0,1,0,2.0
54632,0,0.993467102,55,0,5539.0,,10,0,2,0,0.0
54633,0,0.9999998999999999,79,0,0.0,2500.0,3,0,0,0,0.0
54637,1,0.0,36,2,0.670636671,6800.0,9,0,2,0,2.0
54638,0,0.03895065,66,1,0.24746819,3850.0,6,0,1,0,2.0
54639,0,0.12679375199999998,76,0,0.041227394,11666.0,6,0,1,0,1.0
54641,0,0.103741355,72,0,0.12564572599999999,6000.0,4,0,1,0,0.0
54642,0,0.48210480299999997,31,0,0.079615048,8000.0,4,0,0,0,0.0
54643,0,0.354409446,63,0,0.64405085,7000.0,6,0,2,0,3.0
54644,0,0.423270784,43,0,1415.0,,10,0,0,0,0.0
54645,1,1.091514143,61,1,1.044305595,7041.0,9,4,2,1,2.0
54646,0,0.8823317270000001,63,0,0.727467505,7000.0,20,0,2,0,2.0
54648,0,0.061387184000000004,43,0,0.379055481,10417.0,6,0,2,0,0.0
54649,1,0.601297037,47,0,0.312319538,6233.0,8,0,1,0,2.0
54651,0,0.7844245790000001,54,0,0.41111403700000004,3796.0,11,0,0,0,0.0
54653,0,0.0,22,0,0.0,0.0,1,0,0,0,0.0
54654,0,0.468371748,69,0,0.199487532,16000.0,11,0,1,0,2.0
54655,0,0.677330667,41,1,597.0,,10,0,0,1,0.0
54657,0,0.0,71,0,0.21169504100000003,1350.0,9,0,0,0,0.0
54659,0,0.0,47,0,1281.0,,4,0,2,1,0.0
54660,0,0.320219297,52,2,0.422878856,20000.0,13,0,4,0,1.0
54661,0,0.22277764,43,0,0.290317205,18000.0,10,0,1,0,2.0
54664,1,0.9999998999999999,40,0,0.009996002,2500.0,1,0,0,0,0.0
54666,0,0.585009834,64,1,0.89,5399.0,10,3,2,6,0.0
54668,0,0.064841866,41,0,0.010887678999999999,9000.0,4,0,0,0,3.0
54669,0,0.014502428000000001,57,0,0.241590214,3923.0,14,0,1,0,0.0
54670,0,1.015339166,40,8,0.437418608,6910.0,15,2,3,1,3.0
54671,0,0.052057197,42,0,104.0,,7,0,0,0,0.0
54673,0,0.008351556999999999,80,1,0.057438062000000005,9000.0,6,0,0,0,0.0
54674,0,0.5211826270000001,58,0,0.482285714,2624.0,10,0,0,0,0.0
54675,0,0.521370387,42,0,0.467913841,13416.0,10,0,2,0,2.0
54676,0,0.9999998999999999,58,0,0.542104135,14000.0,9,0,2,0,2.0
54677,0,0.20213449100000003,40,0,0.45515142700000005,6900.0,5,0,2,0,2.0
54678,1,0.46680856200000004,47,0,0.607378524,6667.0,10,0,1,0,1.0
54679,0,0.00410696,75,0,0.10195921599999999,2500.0,6,0,0,0,0.0
54681,0,0.134196166,71,0,0.00447991,50000.0,3,0,1,0,0.0
54682,1,0.021443236,52,2,754.0,,14,0,1,3,
54683,0,0.008431579,63,0,3847.0,,11,0,2,0,0.0
54684,0,0.043218877999999995,54,0,0.454327308,6250.0,14,0,1,0,0.0
54685,0,0.044041616,76,0,2377.0,,9,0,2,0,0.0
54686,0,0.04423823,75,0,0.0031425579999999997,10500.0,6,0,0,0,0.0
54687,0,0.0184288,66,0,0.086192975,4953.0,8,0,1,0,0.0
54688,0,0.011475643999999998,87,0,7.0,,6,0,0,0,0.0
54689,0,0.052189562,25,0,7.0,0.0,2,0,0,0,0.0
54690,0,0.008853288,48,0,0.05021586,4400.0,3,0,0,0,4.0
54691,0,0.319531905,62,0,1.5840266219999999,600.0,7,0,0,0,0.0
54692,0,0.09840488900000001,34,0,37.0,,1,0,0,0,0.0
54693,0,0.10081266400000001,45,0,0.248620578,3080.0,11,0,1,0,0.0
54695,0,0.02340615,81,0,0.005352995,9900.0,9,0,0,0,0.0
54697,0,0.0,57,0,0.271124342,13100.0,7,0,2,0,0.0
54698,0,0.081639835,33,0,0.8485001259999999,7933.0,14,0,4,0,1.0
54701,0,0.9999998999999999,33,0,2264.0,,3,0,1,0,0.0
54703,0,0.006588892,71,0,202.0,0.0,3,0,0,0,0.0
54704,0,0.027251103,52,0,0.276022139,5600.0,7,0,1,0,0.0
54705,0,0.280019175,50,0,0.270793407,5217.0,9,0,1,0,1.0
54706,0,0.060461263,61,0,0.241101617,16266.0,9,0,2,0,1.0
54708,0,0.17786271399999998,61,0,0.566058906,3564.0,5,0,2,0,0.0
54710,0,0.144469526,58,0,2210.0,,6,0,2,0,1.0
54711,0,0.118976205,27,0,0.034655115,3000.0,4,0,0,0,0.0
54712,0,0.382426747,64,0,0.76426489,2400.0,8,0,2,0,0.0
54716,0,0.026677245,77,0,0.008,5999.0,5,0,0,0,0.0
54717,0,0.215068058,49,1,4185.0,,13,0,2,0,
54719,0,0.9999998999999999,65,0,2499.0,,3,0,1,0,0.0
54720,0,0.144218661,39,0,0.605403656,6180.0,10,0,2,0,3.0
54722,0,0.338357963,64,0,1050.0,,7,0,0,0,1.0
54723,0,0.119803819,38,0,0.126454709,8334.0,3,0,1,0,5.0
54724,0,0.04745851,81,0,161.0,,10,0,1,0,0.0
54725,0,0.0,35,0,221.0,,8,0,0,0,0.0
54727,1,0.553228305,34,0,0.752618549,5250.0,10,0,3,0,0.0
54728,0,1.004749763,41,0,0.9989798000000001,4900.0,11,0,1,0,4.0
54730,0,0.6680927289999999,43,0,0.28454861800000003,25000.0,16,0,2,0,3.0
54731,0,0.05353871,33,0,0.36757801700000003,3620.0,5,0,3,0,0.0
54734,0,0.32391582399999996,57,0,0.24025088600000002,7333.0,10,0,1,0,0.0
54735,0,0.08953649400000001,55,0,2975.0,,10,0,2,0,0.0
54738,0,0.116627791,34,0,0.321723036,5942.0,7,0,1,0,2.0
54740,0,0.015020711,47,0,30.0,,8,0,0,0,0.0
54741,0,0.011269393999999999,63,0,0.002085506,3835.0,10,0,0,0,0.0
54742,0,0.03088474,71,0,0.166116248,9083.0,13,0,1,0,0.0
54744,0,0.00719904,84,0,4.0,,4,0,0,0,0.0
54745,0,0.096229095,50,0,0.5132363910000001,5363.0,6,0,2,0,3.0
54746,0,0.36533700799999996,41,2,0.324697755,11000.0,8,0,1,0,3.0
54747,0,0.045595285,74,0,0.197972252,3747.0,8,0,1,0,0.0
54748,0,0.39155054,61,0,0.096986145,7000.0,14,0,0,0,0.0
54749,0,0.005858389,75,0,0.17097545100000003,4602.0,9,0,2,0,0.0
54750,0,0.810536075,72,0,1763.0,,12,0,1,0,0.0
54751,0,0.328264543,61,0,0.056988602,5000.0,2,0,0,0,0.0
54753,0,0.0051706059999999995,60,0,125.0,,2,0,0,0,0.0
54755,0,0.001279966,75,0,0.440616967,5834.0,12,0,1,1,0.0
54756,0,0.00129987,85,0,36.0,,1,0,0,0,0.0
54760,0,0.120675716,30,0,0.215371855,7233.0,10,0,1,0,1.0
54762,0,0.008785619,80,0,470.0,,4,0,0,0,0.0
54763,0,0.41765138700000004,73,0,1890.0,,12,0,1,0,0.0
54765,0,0.52512385,50,0,398.0,,5,0,0,0,0.0
54768,0,0.076771228,40,0,0.46365143299999995,4222.0,11,0,1,0,1.0
54769,0,0.31169893600000004,50,1,0.87280973,4850.0,16,0,6,0,2.0
54771,0,0.008261853000000001,80,0,8.0,,7,0,0,0,0.0
54772,0,0.144834482,63,0,0.178905688,16667.0,12,0,1,0,0.0
54773,0,0.000851836,88,1,0.307644978,6500.0,9,0,2,0,1.0
54775,0,0.11750885400000001,64,0,1.373582003,5200.0,17,0,3,0,1.0
54778,0,0.061090427,44,0,0.340352463,11064.0,8,0,2,0,3.0
54780,0,0.9999998999999999,70,0,233.0,,4,0,1,0,0.0
54782,0,0.018696843,75,0,0.018495376,4000.0,13,0,0,0,0.0
54785,0,0.062270599,29,0,0.102974256,4000.0,6,0,0,0,0.0
54787,0,0.36625877100000004,49,0,0.7738065479999999,4000.0,12,0,2,0,1.0
54788,0,0.11891393,33,0,3141.0,,7,0,1,0,0.0
54789,0,0.0648734,49,0,0.215707663,11000.0,16,0,1,0,2.0
54790,0,0.613462179,50,3,3105.0,,6,1,1,1,
54792,0,0.0,67,0,0.0,3000.0,6,0,0,0,1.0
54793,0,0.324506026,33,3,0.363956802,13333.0,8,0,2,0,4.0
54794,0,0.03830409,77,0,2090.0,,11,0,2,0,0.0
54795,0,0.14787804699999998,49,0,4919.0,,19,0,1,0,4.0
54796,0,0.221970196,49,0,273.0,,4,0,0,0,0.0
54799,0,0.36285539,39,1,0.620842146,5200.0,12,0,2,0,0.0
54801,0,0.20211547100000002,69,0,0.27076854699999997,4501.0,17,0,0,0,0.0
54802,0,0.009881364,76,0,1274.0,,7,0,2,0,0.0
54803,0,0.054627985999999996,66,0,0.537881385,2916.0,8,0,1,0,0.0
54804,0,0.19847088,44,0,0.33284954,6200.0,11,0,1,0,3.0
54805,0,0.004519467,66,0,0.23179965100000002,5150.0,21,0,0,0,2.0
54806,0,0.0,50,3,0.07569808,4583.0,5,0,0,0,2.0
54807,0,0.973558494,34,3,0.053589282,5000.0,2,0,0,0,2.0
54809,1,0.934383202,42,0,38.0,,2,1,0,0,0.0
54812,0,0.026255063999999998,52,0,0.073323557,7500.0,4,0,0,0,1.0
54815,0,0.372375375,64,0,0.146878009,13500.0,3,0,1,0,0.0
54817,0,0.9999998999999999,29,0,0.175898406,3700.0,0,1,0,0,0.0
54818,0,0.559171161,38,1,0.346766863,16500.0,9,0,2,0,1.0
54819,0,0.417726582,53,0,0.018718503,8333.0,2,0,0,0,1.0
54821,0,0.9999998999999999,25,0,0.023158572000000002,3108.0,1,0,0,0,0.0
54822,0,0.9999998999999999,30,0,0.685962807,3333.0,3,0,2,0,1.0
54823,0,0.0,43,0,0.346295323,5708.0,3,0,2,0,1.0
54824,0,0.056567703,47,1,1.787934186,2187.0,12,0,1,1,0.0
54825,0,1.024618992,65,0,0.577618689,5307.0,6,0,1,0,1.0
54826,0,0.19689750399999997,40,0,0.574618782,12000.0,11,0,4,0,2.0
54827,0,0.194729441,64,0,0.215024496,1836.0,6,0,0,0,1.0
54828,0,0.236061926,59,0,0.47695664,11000.0,19,0,2,0,1.0
54829,0,1.001458899,34,0,0.22437992699999998,5200.0,9,0,0,0,2.0
54830,0,0.062641944,33,0,0.521319639,3212.0,4,0,1,0,0.0
54831,0,0.001317089,48,1,169.0,,12,0,0,0,0.0
54832,0,0.070353992,43,0,0.231085619,26500.0,4,0,1,0,3.0
54833,0,0.052353076,59,0,0.46302124299999997,7625.0,9,0,3,0,0.0
54834,0,0.022160964,83,0,0.004435245,3381.0,4,0,0,0,0.0
54835,0,0.055972014,67,0,6.0,,3,0,0,0,0.0
54837,0,0.912834866,39,0,0.73043778,2900.0,4,0,1,0,0.0
54838,0,0.008816653,57,0,0.279125567,3750.0,6,0,1,0,2.0
54839,0,0.637032997,38,0,0.072418237,12413.0,5,0,0,0,5.0
54840,0,0.12666319199999998,57,2,0.14669452300000002,6700.0,5,0,0,0,0.0
54841,0,0.014263308,65,1,0.087489064,8000.0,16,0,1,0,0.0
54842,0,0.458607914,64,1,0.132348446,9814.0,9,0,0,0,1.0
54843,0,0.093200655,45,0,0.400075952,10532.0,14,0,2,0,1.0
54845,0,0.32002111699999997,55,1,1665.0,,5,0,1,0,0.0
54847,0,0.166183382,40,0,0.042346714,4533.0,2,0,0,0,0.0
54848,0,0.199382051,33,0,1299.0,,5,0,1,0,0.0
54849,0,0.0,69,1,0.664904746,9080.0,7,0,3,0,0.0
54850,0,0.012120967,82,0,0.002428225,7000.0,6,0,0,0,0.0
54851,0,0.97293309,53,0,4.2417582419999995,1000.0,9,0,2,1,3.0
54852,0,0.0,60,0,0.78243826,2550.0,4,0,1,1,3.0
54858,0,0.0,42,0,42.5,1.0,6,0,0,0,2.0
54859,0,0.007884065,88,0,5271.0,,15,0,2,0,0.0
54860,0,0.426940197,53,0,0.096495024,2310.0,10,0,0,0,0.0
54863,0,0.034308467,55,0,1290.0,,9,0,2,0,0.0
54864,0,0.9999998999999999,29,0,0.0,,1,1,0,0,0.0
54865,0,0.006103783000000001,57,0,433.0,,9,0,1,0,0.0
54867,0,0.12373968800000001,71,0,0.22660623800000002,3750.0,6,0,1,0,0.0
54868,0,0.0,58,0,0.000480538,2080.0,4,0,0,0,0.0
54869,0,0.00042275,37,0,0.0,,4,0,0,0,2.0
54870,1,0.9999998999999999,36,0,0.11001142,2626.0,1,1,0,1,0.0
54873,0,0.035660454,61,0,2448.0,,8,0,1,0,0.0
54874,0,0.992010652,32,7,0.09037900900000001,2400.0,7,2,0,0,0.0
54875,0,0.644303906,46,0,3.836938436,600.0,4,0,1,0,0.0
54876,0,0.359264074,51,0,0.200388475,3088.0,4,0,0,0,0.0
54877,0,0.0,29,0,0.477829943,3833.0,10,0,2,0,0.0
54878,0,0.228361043,49,0,0.154923005,15000.0,15,0,0,0,1.0
54880,0,0.0,59,0,0.0,2300.0,3,0,0,0,0.0
54881,0,0.0,67,0,0.0,977.0,2,0,0,0,0.0
54882,0,0.202639868,55,1,0.569320106,4132.0,7,0,3,0,0.0
54884,0,0.233322062,67,1,0.37707552200000005,5600.0,16,0,1,0,1.0
54885,0,0.926121372,63,0,0.18514065899999999,4158.0,4,0,1,0,2.0
54887,0,0.010924347,66,0,0.12046471800000001,10500.0,20,0,1,0,0.0
54889,0,0.9999998999999999,43,0,0.078098472,5300.0,6,0,0,0,1.0
54890,0,0.030135954,68,0,13.0,1.0,5,0,0,0,0.0
54891,0,0.916692142,53,0,1.21154193,5544.0,14,0,2,0,2.0
54892,0,0.116372785,49,0,1.1609157270000001,6027.0,8,0,3,0,0.0
54893,0,0.887112887,44,2,0.576514678,1600.0,5,0,0,2,2.0
54894,0,0.640718563,26,0,566.0,,4,0,0,0,2.0
54895,0,0.155471113,63,0,0.341701989,9200.0,11,0,2,0,1.0
54898,0,0.00689482,42,0,0.277246108,7000.0,8,0,1,0,5.0
54899,0,0.311072707,54,0,0.074721781,2515.0,6,0,0,0,1.0
54900,0,0.301858687,49,0,3575.0,,11,0,1,0,2.0
54901,0,0.91206544,40,1,0.551641313,2497.0,5,0,0,0,4.0
54904,0,0.932544712,58,3,0.739031239,5697.0,13,0,2,0,1.0
54905,0,0.301047937,48,0,0.28008274899999996,8700.0,5,0,1,0,0.0
54907,0,0.42215447899999997,37,0,0.275877432,20200.0,12,0,3,0,0.0
54908,0,0.08892922,46,0,0.048735462,5416.0,4,0,0,0,2.0
54910,0,0.44576550200000004,31,0,0.493998153,5414.0,7,0,2,0,0.0
54911,0,0.024627756,89,0,0.005135176,6620.0,3,0,0,0,0.0
54914,0,0.002469377,88,0,0.0007928119999999999,3783.0,5,0,0,0,0.0
54915,0,0.11442786099999999,40,0,510.0,,3,0,0,0,0.0
54916,0,0.358930087,50,0,0.259073344,25100.0,13,0,1,0,1.0
54919,0,0.199021051,71,0,0.213992574,5116.0,14,0,1,0,0.0
54920,0,0.004166319,28,0,0.19718309899999997,2200.0,4,0,0,0,0.0
54921,0,0.7385456570000001,40,0,0.474944934,3631.0,10,0,0,0,0.0
54922,0,0.089199825,49,0,140.0,,8,0,0,0,0.0
54923,0,0.9999998999999999,30,0,0.09383675699999999,1800.0,1,3,0,0,2.0
54925,0,0.700159845,46,0,0.373394967,3893.0,9,0,0,0,0.0
54928,1,0.0,25,2,0.27630805399999997,1700.0,8,0,0,0,0.0
54931,0,0.5475342670000001,52,6,2.39047619,1469.0,24,0,1,1,4.0
54933,0,0.001428435,36,2,0.352607899,6000.0,11,1,1,0,0.0
54934,0,0.142878625,36,0,0.062159215,2750.0,5,0,0,0,0.0
54935,0,0.056021173,28,0,0.22874002100000002,2880.0,9,0,0,0,0.0
54937,0,0.471105779,31,0,0.288384244,4975.0,6,0,2,0,0.0
54938,0,0.393185064,50,0,0.061261922,2725.0,4,0,0,0,0.0
54939,0,0.0,66,0,0.22466362199999998,8100.0,7,0,1,0,0.0
54941,0,0.49530094,49,1,0.37967914399999997,2804.0,5,0,0,0,0.0
54942,0,0.007584904,69,0,0.596335369,1800.0,5,0,2,0,1.0
54943,1,0.0,27,1,0.11386386400000001,3995.0,3,0,0,0,2.0
54946,0,0.434418409,65,2,0.234648747,29166.0,13,0,2,0,0.0
54947,1,0.9999998999999999,74,0,0.006662225,1500.0,0,3,0,0,0.0
54948,0,0.011839222,66,0,1669.0,,19,0,2,0,0.0
54951,0,0.028769295,55,0,0.072871109,15547.0,4,0,1,0,1.0
54953,0,0.0,49,2,0.346219768,5250.0,7,0,1,0,0.0
54956,0,0.018199272,62,0,0.006831319000000001,1902.0,1,0,0,0,0.0
54958,0,0.085966355,61,0,0.097099622,7136.0,15,0,0,0,0.0
54959,0,0.03519956,63,0,0.064903215,11416.0,15,0,0,0,0.0
54960,0,0.42305025399999996,30,0,1820.0,,6,0,1,0,0.0
54962,1,0.9999998999999999,66,0,1946.0,,7,0,1,0,
54964,1,0.9999998999999999,59,98,249.0,,0,98,0,98,
54965,0,0.8754163890000001,33,0,0.6936653009999999,3172.0,4,0,1,0,2.0
54967,0,0.0,38,0,0.328595519,4150.0,4,0,1,0,2.0
54968,0,0.052935369,64,1,0.64229497,17533.0,8,0,3,0,0.0
54973,0,0.9999998999999999,22,0,0.545060659,1153.0,4,0,0,0,0.0
54974,0,0.331903913,62,0,0.33012405100000003,5400.0,7,0,1,0,1.0
54976,0,0.014178546,70,0,0.46500777600000004,4500.0,19,0,1,0,0.0
54977,0,0.061984708,54,0,0.142927429,8129.0,5,0,1,0,2.0
54981,0,0.0,68,0,0.364934016,14851.0,7,0,4,0,0.0
54983,0,0.762522348,47,0,0.49443530399999996,10332.0,10,0,2,0,3.0
54984,0,0.9999998999999999,63,0,1.0,,1,0,0,0,0.0
54986,0,0.6632872870000001,56,1,0.42975587299999995,4341.0,12,0,0,0,0.0
54987,0,0.723276723,70,2,0.07290401,3291.0,2,1,0,0,0.0
54988,0,0.7078100959999999,29,0,0.29897643399999996,4200.0,10,0,0,0,0.0
54989,0,0.580373767,56,0,0.177358491,12454.0,7,0,2,0,1.0
54990,0,0.30490682,70,0,0.790703713,3850.0,13,0,2,0,1.0
54991,0,0.620662105,44,0,0.238423997,8400.0,10,0,0,0,1.0
54992,0,0.32437086800000003,35,0,0.539115221,4000.0,8,0,2,0,0.0
54993,0,0.162163225,40,1,0.210144928,4001.0,12,0,0,0,3.0
54995,0,0.1627223,55,0,0.545165486,6918.0,14,0,2,0,0.0
54996,0,0.298509595,58,0,0.35096478200000003,7410.0,6,0,1,0,1.0
54997,0,0.293212851,63,0,0.35201018700000003,5496.0,8,0,2,0,0.0
54998,0,0.035317114,44,0,0.34116140100000003,4683.0,11,0,1,1,1.0
54999,0,0.832157797,52,0,0.220376348,12700.0,18,0,1,0,0.0
55001,1,0.19426019100000003,46,0,0.62433938,7000.0,8,0,4,0,1.0
55002,0,0.077624668,49,0,1433.0,,5,0,1,0,2.0
55003,0,0.49254380200000003,33,0,3115.0,,9,0,1,0,0.0
55004,0,0.529749125,51,0,0.515621095,4000.0,5,0,1,0,2.0
55006,0,0.5945878379999999,44,0,0.279900036,2800.0,6,0,0,0,1.0
55008,0,0.035834679,48,0,285.0,,8,0,1,0,0.0
55009,0,0.9999998999999999,23,0,0.32967033,1000.0,2,0,0,0,0.0
55011,0,0.628080657,54,0,1270.0,,10,0,0,0,0.0
55012,0,0.0,36,0,0.413096023,4550.0,4,0,1,0,0.0
55016,0,0.0,36,0,0.158388004,3200.0,2,0,0,0,2.0
55017,0,0.45052251299999996,65,1,0.46156602799999996,5580.0,5,1,1,0,0.0
55018,0,0.35511678799999996,36,0,0.923682915,4061.0,18,0,3,0,2.0
55020,0,0.08375276799999999,40,0,0.35993455700000004,5500.0,5,0,1,0,1.0
55021,0,0.9999998999999999,53,0,0.168229,21868.0,5,0,2,0,0.0
55022,1,0.9999998999999999,47,0,77.0,,1,2,0,2,0.0
55023,0,0.0,80,0,0.0,2400.0,5,0,0,0,0.0
55024,0,0.5248992889999999,35,0,0.129024677,4254.0,6,0,0,0,1.0
55025,0,0.027437805,73,0,0.003610108,2769.0,2,0,0,0,0.0
55026,0,0.39313762799999996,71,0,2406.0,,15,0,2,0,0.0
55029,0,0.0007417480000000001,43,0,4283.0,,12,0,2,0,2.0
55030,0,0.0,88,0,119.0,,4,0,0,0,0.0
55031,0,0.0,40,0,0.40716069899999996,1200.0,3,0,0,0,0.0
55032,0,0.041226865,64,0,0.32283813699999997,4509.0,3,0,0,0,1.0
55033,0,0.127637916,49,1,0.49174045200000005,7566.0,23,0,3,0,1.0
55034,0,0.573078455,71,0,1193.0,,9,0,0,0,0.0
55035,0,0.012103988999999999,42,0,625.0,1.0,2,0,1,0,0.0
55036,1,0.607222369,51,0,1925.0,0.0,7,0,1,0,2.0
55037,0,0.066246688,49,0,0.081558125,11500.0,3,0,0,0,0.0
55040,0,0.08941027300000001,30,0,0.156710822,4000.0,4,0,0,0,0.0
55041,0,0.47052443899999996,58,0,964.0,0.0,9,0,0,0,0.0
55043,0,0.061706159000000003,60,0,1485.0,,7,0,1,0,
55044,0,0.0,62,0,1671.0,,8,1,1,0,0.0
55045,0,0.02528574,30,0,33.0,,8,0,0,0,0.0
55046,0,0.001135346,33,0,0.058990167999999996,6000.0,9,0,0,0,0.0
55047,0,0.040792751,91,0,149.0,,8,0,0,0,
55051,0,0.0,37,0,0.0,15500.0,1,0,0,0,2.0
55052,0,0.348718845,48,1,0.34576788799999997,4583.0,7,0,0,0,4.0
55053,1,0.9999998999999999,30,0,0.087330105,6400.0,4,0,0,0,0.0
55054,0,0.0,61,0,0.260568793,1300.0,6,0,0,0,0.0
55055,0,0.750240723,57,0,1.105648229,3416.0,5,0,2,0,1.0
55056,0,0.028116073,79,0,0.0041444640000000005,3377.0,5,0,0,0,0.0
55058,0,0.008749563,52,0,0.248687828,4000.0,5,0,1,0,0.0
55060,0,0.0,33,0,1.3463268369999999,2000.0,6,0,1,0,2.0
55061,0,0.8076853359999999,40,0,0.240726125,3800.0,5,0,0,0,0.0
55062,0,0.075220783,45,0,0.552921011,7000.0,8,0,2,0,1.0
55064,0,0.019144213,59,0,141.4,9.0,6,0,2,0,0.0
55066,1,0.9999998999999999,50,1,1.309870887,2400.0,9,1,1,0,4.0
55067,0,0.8772958190000001,49,0,0.732605616,12000.0,24,0,4,0,1.0
55068,0,0.9283613690000001,27,0,0.117941029,2000.0,1,0,0,0,0.0
55069,0,0.09105444300000001,68,0,0.056991858,7000.0,7,0,0,0,0.0
55071,0,0.044462317,41,0,0.391288522,8241.0,13,0,2,0,1.0
55072,0,0.9999998999999999,56,98,0.0,7781.0,0,98,0,98,5.0
55074,0,0.061546922999999996,46,0,0.00833179,5400.0,1,0,0,0,2.0
55076,0,0.302526507,52,0,5373.0,0.0,25,0,3,0,0.0
55078,0,0.0,64,0,0.0,4166.0,1,0,0,0,0.0
55079,1,0.16236752599999998,46,0,0.343488556,6334.0,3,0,2,0,0.0
55080,0,0.0,48,0,0.682436811,10800.0,10,0,3,0,3.0
55083,0,0.157714038,33,0,0.474506401,4608.0,18,0,1,0,0.0
55085,0,0.027574583,64,0,4061.0,,11,0,3,0,2.0
55088,0,0.22000700199999998,62,0,4198.0,,21,0,2,0,1.0
55089,0,0.955182199,69,0,0.16237402,6250.0,5,0,0,0,0.0
55090,0,0.10693263,42,0,0.18685617399999999,7668.0,8,0,1,0,3.0
55091,0,0.122990611,51,0,2174.0,,8,0,1,0,1.0
55092,0,0.948810238,46,0,0.44365563399999997,10000.0,6,0,2,0,2.0
55093,0,0.036232825,39,0,0.0035955059999999996,11124.0,2,0,0,0,2.0
55094,0,0.5899547860000001,85,0,0.7355352540000001,4268.0,13,0,1,0,0.0
55096,0,0.761210955,41,0,0.974982982,5875.0,16,0,2,0,2.0
55097,0,0.023271787000000002,45,0,0.0018326870000000002,9275.0,2,0,0,0,0.0
55098,0,0.66952177,24,0,28.0,,1,0,0,0,
55099,0,0.949589297,46,0,0.896510638,5874.0,9,0,3,0,0.0
55101,0,0.013697203,46,0,0.006993007,1000.0,5,0,0,0,1.0
55102,0,0.09996115300000001,66,0,1566.0,,12,0,1,0,0.0
55104,0,0.38279297,35,0,0.557431682,4500.0,10,0,1,0,2.0
55106,0,0.025011525,67,0,0.004971475,12269.0,8,0,0,0,0.0
55107,0,0.045617053,68,0,1388.0,,12,0,1,0,0.0
55108,0,0.0,75,0,0.000374953,2666.0,7,0,0,0,0.0
55109,0,0.00075213,51,0,1.7439149809999999,2916.0,14,0,2,0,3.0
55110,0,0.158859615,56,0,0.31490038600000003,13200.0,6,0,2,0,4.0
55111,0,0.001285678,80,0,1.0,,3,0,0,0,0.0
55113,0,0.147426795,40,0,0.542397396,5530.0,17,0,1,0,2.0
55114,0,0.012856225,89,0,0.182726909,2500.0,2,0,1,0,0.0
55115,0,0.9455612879999999,59,0,0.553927681,3207.0,6,0,2,0,0.0
55118,0,1.02159784,49,2,0.226110363,5200.0,10,1,0,1,1.0
55119,0,0.302116084,70,0,0.299633374,9000.0,20,0,2,0,1.0
55120,0,0.027542039,60,0,0.055041044000000004,9501.0,10,0,0,0,2.0
55121,1,0.9999998999999999,39,0,1.436489607,1298.0,8,0,1,0,2.0
55122,1,0.8426966290000001,52,0,0.320493972,3400.0,5,0,0,0,1.0
55123,0,0.90952793,32,0,2808.0,,8,0,1,0,3.0
55125,0,0.220965928,31,0,0.258776897,1765.0,6,0,0,0,0.0
55126,1,0.7805645720000001,48,0,3574.0,,12,0,1,0,1.0
55127,0,0.121977334,41,1,0.403250774,3875.0,6,0,1,0,0.0
55130,0,0.43807809600000003,46,0,2276.0,,2,0,1,0,
55133,0,0.041596139,62,0,1124.0,,8,0,1,0,0.0
55136,1,0.9999998999999999,23,1,233.0,,1,0,0,0,0.0
55137,0,0.066077827,66,0,0.13717728099999998,5809.0,6,0,1,0,1.0
55140,0,0.174249535,69,0,5166.0,,14,0,5,0,0.0
55141,0,0.051832485,61,0,0.497265625,2559.0,16,0,1,0,0.0
55142,0,0.920769808,30,0,1709.0,,12,0,0,0,1.0
55143,0,0.43768104399999996,59,0,0.155520995,4500.0,6,0,0,0,0.0
55145,0,0.023995201,69,0,353.0,,4,0,0,0,0.0
55146,0,0.058241129,61,0,0.06497148700000001,10696.0,13,0,1,0,1.0
55148,0,0.04319784,55,0,0.48146605600000003,2400.0,8,0,0,0,0.0
55152,0,0.980015373,72,0,0.045400239,836.0,3,0,0,0,1.0
55153,0,0.028479045,77,0,0.404068264,5800.0,15,0,2,0,0.0
55154,1,0.8670189970000001,55,1,2296.0,,5,2,2,1,0.0
55155,0,0.047323817000000004,63,0,0.008605340999999999,6739.0,4,0,0,0,1.0
55156,0,0.029959608999999998,52,0,22.0,,3,0,0,0,0.0
55158,0,0.688230923,75,0,0.8439685309999999,4575.0,9,0,1,0,1.0
55159,0,0.019632904,53,0,0.215307138,16083.0,13,0,2,0,1.0
55160,0,0.06473529,52,0,0.26281407,11939.0,7,0,3,0,2.0
55162,1,0.6055782129999999,41,3,1.025523226,3917.0,11,1,2,0,3.0
55163,0,0.001810881,38,1,0.447856686,3125.0,4,0,1,0,0.0
55164,0,0.757706395,46,0,0.706345998,4947.0,10,0,3,0,0.0
55165,0,0.059427732999999996,68,0,0.09606378900000001,7900.0,14,0,1,0,0.0
55166,0,0.505812705,58,0,0.835521996,3045.0,5,0,1,0,0.0
55168,0,0.626698622,62,0,0.419637194,7882.0,10,0,0,0,0.0
55169,0,0.215326947,37,0,0.18419534699999998,5200.0,3,0,0,0,2.0
55170,0,0.129929864,49,0,2629.0,,11,0,2,0,0.0
55171,0,0.141760915,38,0,1.086223055,3200.0,6,0,1,0,1.0
55172,1,0.414402174,63,1,0.0035985609999999997,2500.0,1,0,0,0,2.0
55173,0,0.015076933,51,0,0.277197837,7950.0,12,0,2,0,0.0
55175,0,0.126057828,64,0,0.580888081,3850.0,7,0,1,0,0.0
55177,0,0.0,43,0,0.182690462,5210.0,7,0,2,0,0.0
55178,0,0.056540489000000006,75,0,642.0,,5,0,1,0,0.0
55179,0,0.17397321699999999,52,0,0.02989701,10000.0,9,0,0,0,0.0
55180,0,0.990614735,60,1,0.150217621,8500.0,6,0,0,0,1.0
55182,0,0.999844672,52,1,0.8038504459999999,3583.0,7,0,1,0,3.0
55185,0,0.042860155,81,0,0.192209451,6263.0,4,0,1,0,1.0
55186,0,0.20728370100000001,76,0,0.269273743,2684.0,4,0,1,0,0.0
55187,0,0.0041944009999999995,57,0,0.196938353,4833.0,5,0,1,0,1.0
55188,0,0.271052296,48,0,0.479380155,4000.0,7,0,1,0,1.0
55189,0,0.005919336,60,0,0.482703459,5000.0,8,0,2,0,0.0
55190,0,0.157708506,40,0,0.32510934199999997,8916.0,8,0,2,0,5.0
55192,0,0.049565014000000004,79,0,44.0,,7,0,0,0,0.0
55193,0,0.115427349,89,0,0.15919387599999998,6400.0,8,0,1,0,0.0
55194,0,0.859771218,29,0,0.286812764,2600.0,4,0,0,0,2.0
55195,0,0.05520939,31,1,0.39050296799999995,3200.0,6,0,1,0,1.0
55197,0,0.0,27,0,0.003683241,3800.0,1,0,0,0,0.0
55200,0,0.030407262,81,0,0.46151282899999996,3000.0,19,0,1,0,0.0
55201,0,0.9999998999999999,23,0,0.024561404,3419.0,2,0,0,0,0.0
55202,0,0.616248239,68,0,0.628865979,3200.0,11,0,1,0,0.0
55203,0,0.743741423,61,0,0.825603999,3600.0,12,0,2,0,0.0
55204,0,0.211368395,46,0,0.235927298,11333.0,7,0,1,0,1.0
55205,0,0.03509883,47,0,0.41387832700000005,5259.0,6,0,1,0,0.0
55208,0,0.030849751,35,0,1308.0,,3,0,1,0,0.0
55209,0,0.015170623999999999,76,0,0.005427021,3500.0,4,0,0,0,0.0
55210,1,0.117481288,59,0,173.0,,8,1,0,0,0.0
55212,0,0.004278373,58,0,0.098,4499.0,4,0,0,0,2.0
55213,0,0.7475275809999999,50,0,0.543226818,5100.0,12,0,3,0,3.0
55214,0,0.036753364,35,0,1652.0,,10,0,2,0,0.0
55215,0,0.10982910300000001,62,0,404.0,,12,0,0,0,0.0
55216,0,0.11615245,67,0,2.0,,4,0,0,0,0.0
55217,0,0.022123475,56,0,0.43503826799999995,10713.0,15,0,1,0,2.0
55218,0,0.0,65,0,0.0,,3,0,0,0,0.0
55219,0,0.6766402579999999,63,0,723.0,0.0,6,0,0,0,0.0
55220,0,0.034377314,85,0,0.054740406,1771.0,18,0,0,0,0.0
55221,0,0.134179107,57,0,0.139430285,2000.0,5,0,0,0,0.0
55222,0,0.9664067190000001,45,0,0.065950463,3350.0,4,0,0,0,1.0
55223,0,0.086414017,49,0,1.063794335,4200.0,8,0,3,0,0.0
55224,1,0.9467113629999999,52,0,0.169779287,5300.0,5,0,0,0,1.0
55225,0,0.016655295,67,0,0.12418965300000001,7866.0,8,0,1,0,0.0
55226,0,0.6639871620000001,68,0,0.634420697,8000.0,11,0,1,0,0.0
55227,0,0.075474979,72,0,0.0999592,2450.0,6,0,1,0,0.0
55228,0,0.068354702,69,0,56.0,,5,0,0,0,0.0
55229,0,0.605337166,44,0,0.42458533600000004,6450.0,11,0,2,0,2.0
55230,0,0.084111725,54,1,0.54963104,4200.0,16,0,2,0,2.0
55232,0,0.032921811,50,0,0.002387822,10050.0,2,0,0,0,0.0
55233,0,0.9999998999999999,59,0,0.023238191000000002,3958.0,1,0,0,0,1.0
55234,0,0.003696653,57,0,0.055313265,9400.0,21,0,0,0,0.0
55235,0,0.0,70,0,22.0,,11,0,0,0,0.0
55237,0,0.037281612,64,0,0.017386091,1667.0,4,0,0,0,0.0
55238,0,0.169741513,38,0,0.234117892,4800.0,6,0,0,0,2.0
55239,0,0.004704492,80,0,0.004614675,6500.0,17,0,0,0,1.0
55240,0,0.602320732,55,0,366.0,,3,0,0,0,0.0
55241,0,0.502466557,40,0,0.632183908,4697.0,6,0,1,0,1.0
55242,0,0.606127777,62,0,1.532388664,987.0,4,0,1,0,0.0
55243,0,0.06505103400000001,79,0,539.0,,10,0,1,0,0.0
55245,0,0.017430734,51,0,0.13596086400000001,10833.0,4,0,1,0,2.0
55246,0,0.387181258,84,1,0.391651543,2754.0,12,0,0,0,0.0
55247,0,0.512797937,36,0,0.333527132,5159.0,12,0,2,0,0.0
55248,0,0.143942423,27,0,0.069644947,5125.0,6,0,0,0,0.0
55250,0,0.02634868,55,0,0.162645591,9615.0,14,0,1,0,2.0
55252,0,0.204889756,44,0,1677.0,,2,0,1,0,0.0
55253,0,0.064768529,79,0,58.0,,2,0,1,0,0.0
55254,0,0.635834735,48,0,0.55705432,2742.0,10,0,0,0,2.0
55255,0,0.301813964,62,0,0.34160973200000005,6000.0,11,0,1,0,4.0
55256,0,0.15355876699999998,49,0,0.291872674,18000.0,12,0,1,0,2.0
55257,0,0.800031245,25,0,0.141108711,4166.0,6,0,0,0,0.0
55258,0,0.100094995,51,0,0.643471306,5000.0,13,0,2,0,1.0
55259,0,0.967317841,74,1,0.268346331,5000.0,4,0,1,0,0.0
55260,0,0.0,58,0,3401.0,,7,0,2,0,0.0
55262,0,0.32880914899999997,50,0,1002.0,,12,0,0,0,2.0
55264,0,0.43535507799999995,45,0,0.298320103,5416.0,14,0,0,0,0.0
55265,0,1.261055635,64,1,1577.0,,5,0,2,0,0.0
55267,1,0.525274969,32,0,5888.0,,8,0,6,0,0.0
55268,0,0.049119395,53,0,0.21845002800000002,14167.0,22,0,3,0,1.0
55269,0,0.025528911,60,0,0.141507482,14500.0,6,0,2,0,1.0
55270,0,0.0,52,0,0.47830433899999997,5000.0,16,0,3,0,0.0
55272,0,0.255709758,61,0,0.10408703300000001,3400.0,7,0,0,0,0.0
55276,0,0.040223994,46,0,0.380844156,9239.0,7,0,2,0,0.0
55277,0,0.30131953699999997,42,0,0.09316257,4840.0,4,0,0,0,3.0
55278,0,0.457699586,49,0,0.535092981,5000.0,12,0,1,0,3.0
55280,0,0.0,69,0,0.9215155620000001,1477.0,11,0,3,0,0.0
55281,0,0.6833970340000001,50,1,0.811337732,3333.0,9,0,1,0,0.0
55282,0,0.001289268,80,0,9.520000000000001e-05,10500.0,7,0,0,0,0.0
55286,0,0.557920297,53,0,0.582089552,200.0,2,0,0,0,1.0
55288,0,0.019424125,55,0,20.0,,3,0,0,0,
55289,0,0.38760912399999997,53,1,0.443466889,8410.0,15,0,1,0,1.0
55294,0,0.222629562,30,0,1685.0,,4,0,1,0,0.0
55295,0,0.18525286100000002,55,0,0.193750168,37248.0,7,0,2,0,3.0
55296,0,0.779149167,69,0,0.5726526239999999,2800.0,4,0,0,0,0.0
55299,0,0.37245839,42,0,0.111164659,6224.0,6,0,0,0,2.0
55300,0,0.067757403,79,0,0.652417303,3929.0,13,0,2,0,1.0
55302,0,0.193362915,52,0,0.532364374,5916.0,12,0,2,0,1.0
55303,0,0.0,34,0,0.333825702,7446.0,5,0,1,0,0.0
55305,0,0.9999998999999999,49,0,0.324145726,11500.0,5,0,1,0,1.0
55306,0,0.43530905200000003,58,0,1.088140286,6500.0,28,0,2,0,2.0
55307,0,0.9999998999999999,23,0,0.0,0.0,1,0,0,0,0.0
55309,0,0.279488229,55,0,0.289975835,12000.0,18,0,1,0,2.0
55310,0,0.028508061,67,0,3490.0,,12,0,2,0,0.0
55313,0,0.042607005999999996,57,0,0.204729634,21100.0,19,0,2,0,0.0
55316,0,0.263018692,62,0,0.325434913,3333.0,17,0,0,0,0.0
55317,0,0.063234064,47,0,0.20060944600000002,3937.0,10,0,0,0,0.0
55318,0,0.069926204,45,0,0.509164969,5400.0,6,0,1,0,0.0
55319,0,0.627696371,35,0,0.432387772,3630.0,10,0,1,0,0.0
55321,0,1.088631985,36,1,1.4061443340000002,10350.0,20,0,10,0,0.0
55322,0,0.012887815,63,0,121.0,,8,0,0,0,0.0
55324,0,0.700664238,28,0,0.10897820400000001,5000.0,7,0,0,0,0.0
55328,0,0.833881357,63,0,0.33694384299999997,6000.0,8,0,0,0,0.0
55329,0,0.099204794,48,0,0.177431515,3978.0,8,0,1,0,0.0
55330,0,0.111985069,26,0,0.007594168,3291.0,3,0,0,0,0.0
55331,0,0.0,75,0,583.0,,3,0,0,0,0.0
55332,0,0.0,50,0,0.5964862160000001,7000.0,8,0,2,0,1.0
55333,1,0.06772744900000001,54,0,0.335566443,10000.0,14,1,0,0,0.0
55334,0,0.33003540000000003,44,2,0.037534435,8711.0,4,0,0,0,1.0
55335,0,0.0,84,0,38.0,,2,0,0,0,
55336,0,0.9999998999999999,63,0,160.0,,3,0,0,0,0.0
55337,0,0.067495782,63,0,0.004954327,6458.0,3,0,0,0,2.0
55338,0,0.10659345699999999,56,1,0.49205513100000003,11390.0,19,0,7,0,0.0
55340,0,0.17441738699999998,58,0,0.388420531,8065.0,10,0,2,0,0.0
55341,0,0.617684541,37,0,0.5860827829999999,5000.0,5,0,2,0,0.0
55342,0,0.12309692300000001,63,0,0.168193521,16700.0,9,0,2,0,0.0
55343,0,0.0,53,0,0.443717277,2291.0,7,0,1,0,3.0
55344,0,0.76708409,55,0,0.543045664,9547.0,12,0,2,0,4.0
55345,1,0.819523465,43,0,2.179937952,966.0,10,0,1,0,2.0
55346,0,0.6877890259999999,61,1,0.14412375,5300.0,6,0,1,0,0.0
55347,0,0.558396853,48,3,0.327069172,2500.0,10,0,1,2,1.0
55348,0,0.856932543,44,0,0.317793932,18983.0,14,0,2,0,3.0
55349,0,0.529942048,51,0,0.367852859,2500.0,11,0,1,0,0.0
55350,0,0.075674749,65,0,0.438760207,6000.0,13,0,1,0,0.0
55351,0,1.076095311,47,2,0.07591623,8403.0,2,1,0,0,4.0
55352,0,0.230194885,51,0,1.180428135,4250.0,9,0,3,0,3.0
55354,0,0.021366193999999998,59,0,0.00159814,13765.0,4,0,1,0,2.0
55356,0,0.15391607300000001,75,0,0.058797194000000004,6700.0,5,0,0,0,1.0
55360,0,0.033870766000000004,41,0,0.294341132,5000.0,6,0,2,0,0.0
55361,0,0.8912458209999999,50,0,0.170497338,7700.0,5,0,0,0,2.0
55364,0,0.182188118,58,0,0.06893403299999999,4380.0,5,0,0,0,0.0
55365,0,0.071770024,60,0,0.29998644399999996,7376.0,10,0,2,0,1.0
55366,0,0.8405315609999999,32,0,0.108687029,2520.0,2,0,0,0,1.0
55367,0,0.016983017,29,0,0.0,2431.0,2,0,0,0,0.0
55369,0,0.9999998999999999,60,0,0.242948135,1098.0,3,0,0,0,0.0
55370,0,0.055346454,63,0,2463.0,,8,0,1,0,0.0
55371,1,0.232321396,28,1,0.039192162,5000.0,9,0,0,0,0.0
55374,0,0.277063874,70,1,0.41622115,7668.0,20,0,2,0,0.0
55375,0,0.274048397,30,0,0.945058415,3166.0,7,0,2,0,0.0
55377,0,0.23611948800000002,71,0,0.38637742700000005,6591.0,8,0,1,0,0.0
55378,0,0.061565029,64,0,0.12437752,8433.0,6,0,1,0,0.0
55379,0,0.311133754,46,0,0.441948502,28000.0,20,0,6,0,2.0
55380,0,0.275702209,42,0,0.13061962900000001,11054.0,5,0,0,0,0.0
55381,0,0.074868553,70,0,0.15140405,12000.0,12,0,1,0,0.0
55382,0,0.013236395,63,0,0.338622039,4600.0,12,0,0,0,1.0
55383,1,0.411383105,29,0,0.802093245,1050.0,10,0,0,0,0.0
55384,0,0.0,47,0,0.24870773699999998,11800.0,8,0,1,0,1.0
55390,0,0.7340465209999999,48,0,0.596637884,10885.0,28,0,1,0,2.0
55391,0,0.23283364899999998,39,0,0.250990753,8326.0,11,0,0,0,3.0
55392,0,0.110386505,36,0,0.292035398,6666.0,6,0,1,0,0.0
55394,0,0.005971258,46,0,0.132839682,11208.0,5,0,1,0,0.0
55395,0,0.954045954,60,0,0.319229555,3166.0,7,1,1,0,0.0
55396,0,0.9999998999999999,61,0,0.061323815999999996,3081.0,1,0,0,0,1.0
55401,0,0.052648155,58,0,0.196028631,8661.0,21,0,2,0,0.0
55402,0,0.132591379,28,0,0.24133922300000002,4300.0,3,0,1,0,0.0
55403,0,0.000874982,69,0,12.0,,6,0,0,0,0.0
55404,0,0.114144835,48,0,1552.0,0.0,7,0,1,0,1.0
55405,0,0.095076631,29,0,0.669693175,3193.0,7,0,1,0,0.0
55406,0,0.024662187000000002,61,0,0.027993002000000003,4000.0,8,0,0,0,0.0
55407,0,0.387225549,34,0,727.0,,3,0,1,0,0.0
55409,0,0.037064584,73,0,0.20022850600000003,3500.0,10,0,0,0,0.0
55411,0,0.009693941,58,0,0.289244638,6433.0,11,0,2,0,3.0
55412,0,0.5834147,42,0,2239.0,,6,0,2,0,
55413,0,0.05859707,56,0,0.384004831,11590.0,12,0,2,0,4.0
55415,0,0.721131768,66,3,0.20040101300000002,9475.0,7,0,1,0,1.0
55417,0,0.143877076,34,0,0.048829264000000004,12000.0,8,0,0,0,0.0
55419,0,0.999672775,38,4,0.165106791,8333.0,5,1,0,0,3.0
55422,0,0.011581565,61,0,0.457664434,10900.0,15,0,2,0,0.0
55424,0,0.9646745170000001,24,0,130.0,,2,0,0,0,0.0
55427,0,0.0,62,0,2745.0,,9,0,2,0,0.0
55428,0,0.032443081,87,0,0.00372315,10474.0,9,0,0,0,0.0
55430,0,0.31211755399999996,55,0,3813.0,,27,0,1,0,0.0
55431,0,0.9999998999999999,56,0,0.266593727,2741.0,3,0,0,0,1.0
55432,0,0.9999998999999999,50,0,411.0,,1,0,0,0,0.0
55434,0,0.22809398600000003,26,0,0.242252582,3000.0,5,0,0,0,0.0
55437,0,0.265985223,55,0,0.170567235,10083.0,3,0,1,0,1.0
55439,0,0.565783209,46,0,0.093370251,6500.0,3,0,0,0,2.0
55440,0,0.0,40,0,455.5,1.0,7,0,1,0,1.0
55442,0,0.625867099,57,0,0.500767406,14333.0,15,0,2,0,0.0
55444,0,0.068954317,35,1,0.212315074,2500.0,6,0,0,0,2.0
55445,0,0.10524966300000001,67,0,2193.0,,6,0,2,0,1.0
55446,0,0.609847538,26,1,0.327115256,1500.0,5,0,0,0,0.0
55447,0,0.0,61,0,3047.0,,15,0,1,0,0.0
55448,0,0.17736861899999998,32,0,0.453739354,8570.0,14,0,3,0,3.0
55449,0,0.46715693399999997,31,0,0.050974369000000005,20833.0,6,0,0,0,0.0
55450,1,1.097203728,30,1,0.592613163,3600.0,6,0,1,1,0.0
55451,0,0.15821859900000002,35,0,2103.0,,6,0,1,0,
55454,0,0.0,62,1,0.825913062,9500.0,14,0,7,0,0.0
55455,0,0.031605033,33,0,54.0,,4,0,0,0,0.0
55456,0,0.07109531200000001,50,1,0.534368932,2574.0,5,0,1,0,1.0
55457,0,0.37184634299999997,53,0,0.7106563159999999,4250.0,10,0,1,0,1.0
55458,0,0.16716668699999998,44,0,0.49951133700000006,10231.0,12,0,3,0,2.0
55460,1,0.9324413509999999,57,3,2.619747899,951.0,7,0,0,0,0.0
55461,0,0.40287681200000003,48,1,0.35190952299999995,6100.0,10,0,2,0,1.0
55463,0,0.9999998999999999,71,0,0.0,2501.0,0,1,0,0,0.0
55464,0,0.06286527,74,0,84.0,,6,0,0,0,0.0
55465,0,0.016161725,81,0,29.0,,6,0,0,0,0.0
55467,0,0.9999998999999999,37,0,0.0,,0,0,0,0,0.0
55471,0,0.961820351,53,0,0.34935718299999996,14311.0,12,0,2,0,1.0
55473,0,0.794688827,52,0,0.29463369100000003,10714.0,13,0,1,0,0.0
55474,0,0.9999998999999999,30,0,0.33562653600000003,2034.0,1,0,0,0,0.0
55475,0,0.00024927,46,0,0.215434084,12439.0,14,0,4,0,2.0
55476,0,0.0,34,0,0.289906103,7667.0,9,0,1,0,1.0
55477,0,0.7497941220000001,40,0,0.597044121,4600.0,10,0,1,0,2.0
55479,0,0.276684182,71,0,0.052264807999999996,2008.0,2,0,0,0,0.0
55480,0,0.172647123,46,1,0.534234835,10500.0,13,0,4,0,3.0
55481,0,0.015069835,59,0,869.5,1.0,14,0,1,0,0.0
55482,0,0.263222165,75,2,0.31631281899999997,3720.0,16,0,1,0,0.0
55483,0,0.07868206700000001,63,1,0.185406607,13046.0,6,0,2,0,0.0
55485,0,0.9999998999999999,58,0,0.0,,1,0,0,1,0.0
55487,0,0.25875838100000004,54,0,2915.0,,10,0,2,0,
55489,0,0.0,60,0,1652.0,,5,0,1,0,0.0
55490,0,0.529785146,47,0,1963.0,,6,0,2,0,0.0
55491,0,0.04451231,71,0,49.0,,7,0,0,0,0.0
55492,0,0.000674983,75,0,71.0,,3,0,0,0,0.0
55494,0,0.032137628,73,0,0.056617923,8000.0,17,0,1,0,1.0
55495,0,0.301154973,28,0,0.08259587,14237.0,8,0,0,0,0.0
55497,0,0.011528933,85,0,1084.0,,10,0,1,0,0.0
55498,0,0.40544225899999997,74,0,0.10751139900000001,12500.0,7,0,1,0,0.0
55499,0,0.035252679,54,0,0.345486622,3400.0,11,0,1,0,2.0
55501,1,0.0,35,0,0.0,5416.0,1,0,0,0,1.0
55503,0,0.008176538,66,0,0.41107361600000003,8000.0,8,0,1,0,0.0
55504,0,0.448297754,34,0,0.152410575,4500.0,7,0,0,0,3.0
55505,0,0.001406562,32,0,1.057025077,2910.0,7,0,2,0,0.0
55507,0,0.064695009,63,0,0.524441762,3313.0,6,0,1,0,0.0
55508,0,0.9999998999999999,45,0,0.040737894,1300.0,1,0,0,0,0.0
55511,0,0.16405971,55,0,0.268932767,4000.0,4,0,1,0,3.0
55512,0,0.0,64,0,0.089313486,4500.0,9,0,0,0,1.0
55513,0,0.093838765,52,0,0.197395735,15896.0,14,0,2,0,1.0
55514,0,0.052791975,33,0,0.5474324110000001,6250.0,9,0,2,0,0.0
55516,0,0.003040182,80,0,2.0,,2,0,0,0,0.0
55518,0,0.9694845320000001,62,0,0.39144946,12583.0,12,0,0,0,0.0
55521,0,0.079299294,65,0,0.21010531899999998,7500.0,6,0,1,0,0.0
55522,0,0.300372746,38,0,0.758825045,3880.0,12,0,2,0,0.0
55524,0,0.48006269,61,0,3693.0,,9,0,2,0,0.0
55525,0,1.033305579,26,0,0.03098967,3000.0,3,0,0,0,0.0
55526,0,0.0,61,0,9.0,,5,0,0,0,0.0
55527,0,0.438829304,32,0,0.566084788,400.0,3,0,0,0,0.0
55528,0,0.035632374,41,0,0.174327046,5460.0,7,0,1,0,2.0
55531,0,0.122155148,77,0,219.0,,6,0,0,0,0.0
55533,0,0.072470675,68,0,1694.0,,9,0,2,0,0.0
55534,0,0.9037275709999999,30,0,5993.0,,6,1,4,0,0.0
55535,0,0.245810573,47,0,0.112418005,4420.0,4,0,0,0,0.0
55537,0,0.041054724,64,0,0.133470226,11200.0,25,0,1,0,0.0
55538,0,0.124817472,34,0,0.452670246,3538.0,6,0,1,0,0.0
55539,0,0.0,44,0,0.14446388400000001,4000.0,3,0,0,0,1.0
55542,0,0.23029495100000003,40,0,1739.0,,2,0,1,0,0.0
55543,0,0.0,62,0,0.185651092,7233.0,4,0,2,0,0.0
55546,0,0.18588552,62,0,12302.0,,16,0,8,0,0.0
55547,0,0.54630006,73,0,0.687444869,3400.0,8,0,0,0,3.0
55548,0,0.0,94,0,0.0,,3,0,0,0,
55549,0,0.9999998999999999,22,0,0.17727717899999998,1020.0,1,0,0,0,0.0
55551,0,0.055105149000000006,48,0,0.392000708,11300.0,10,0,1,0,1.0
55554,0,0.0,49,1,4817.0,,6,0,4,0,0.0
55555,0,0.19797335,70,0,0.38714838,7500.0,21,0,1,0,1.0
55556,0,0.262567172,29,0,0.456423929,6000.0,11,0,1,0,1.0
55557,0,0.0,50,0,1428.0,,5,0,1,0,0.0
55558,0,0.039741722,66,0,0.278811441,3600.0,5,0,0,0,0.0
55559,0,1.094940662,46,2,0.33466625699999997,3250.0,12,1,1,1,1.0
55564,0,0.9999998999999999,45,0,0.287420161,3600.0,6,0,1,0,4.0
55565,0,0.08557620199999999,68,0,0.575,5919.0,11,0,2,0,0.0
55566,0,0.268970803,62,0,0.35154948399999997,3000.0,13,1,1,0,0.0
55567,0,0.9999998999999999,48,0,0.006589411,4400.0,4,2,0,1,2.0
55568,0,0.072714259,35,0,2329.0,,10,0,2,0,0.0
55569,0,0.0,23,0,0.0,898.0,2,0,0,0,0.0
55570,0,0.20756918,55,0,4175.0,,18,0,1,0,0.0
55572,0,0.0,59,0,0.38103279700000003,11250.0,15,0,2,0,0.0
55573,0,0.046279074,76,0,0.49628433,3094.0,7,0,1,0,0.0
55574,0,0.0,74,0,0.18823242199999998,4095.0,3,0,1,0,0.0
55575,0,0.40791688,81,0,0.371791045,6699.0,13,0,1,0,0.0
55576,0,0.07146886400000001,41,0,0.296442688,7083.0,14,0,2,0,0.0
55581,0,0.373002709,53,0,0.106959205,8750.0,5,0,0,1,0.0
55583,0,0.544104394,40,1,0.9256716220000001,15000.0,11,0,1,0,3.0
55586,0,0.8121976479999999,74,0,0.501770464,4800.0,10,0,0,0,0.0
55587,0,0.9999998999999999,72,0,43.0,,0,0,0,0,
55589,0,0.022838166,31,0,0.497918401,1200.0,14,0,0,0,0.0
55591,0,0.623143176,64,0,3964.0,,28,0,2,0,1.0
55592,0,0.017119956000000002,64,0,0.095854161,3400.0,7,0,1,0,0.0
55593,0,0.12206712199999999,55,0,897.0,,7,0,2,0,2.0
55594,0,0.0,40,0,0.095580884,5000.0,9,0,0,0,1.0
55595,0,0.0,82,0,0.0,,1,0,0,0,
55599,0,0.19476001199999998,52,0,0.424556796,7614.0,13,0,2,0,0.0
55602,0,0.301314857,48,0,493.0,,4,0,0,0,0.0
55603,0,0.010267495,22,0,1.0,,3,0,0,0,
55605,1,0.639439567,49,3,0.919364106,5220.0,10,2,1,0,3.0
55608,0,0.044737099999999995,77,0,0.26555609999999996,4081.0,9,0,1,0,0.0
55609,0,0.41715952,50,1,0.586025344,11205.0,17,0,6,0,1.0
55610,0,0.17810597600000003,64,0,0.038891512999999996,6350.0,6,0,0,0,1.0
55611,0,0.18322937,39,0,1087.0,,2,0,1,0,0.0
55613,0,0.044604709000000006,63,0,0.115526999,23500.0,5,0,1,0,1.0
55615,0,0.059794096,71,0,0.047995429000000006,10500.0,6,0,0,0,0.0
55616,0,0.002474099,73,0,587.0,,11,0,0,0,0.0
55617,0,0.130412883,61,1,0.487503289,3800.0,11,1,1,0,1.0
55618,0,0.92378088,46,0,0.170805117,11960.0,9,0,0,0,1.0
55619,0,0.00582668,58,0,0.463652551,12916.0,15,0,4,0,1.0
55620,0,0.694352159,50,0,0.18158252100000002,8100.0,5,2,0,1,2.0
55621,0,0.6311368860000001,40,0,0.15973791199999998,4425.0,4,0,0,0,3.0
55624,0,0.0,57,0,0.17812269,10823.0,7,0,1,0,2.0
55626,0,0.012233717,57,0,0.042785723,8600.0,7,0,0,0,0.0
55627,0,0.001510338,86,0,1428.0,,5,0,1,0,0.0
55628,0,0.004932311,86,0,0.294754371,1200.0,9,0,0,0,0.0
55630,0,0.11366115199999999,60,0,0.665710948,9416.0,15,0,1,0,0.0
55632,0,0.128277127,50,0,0.49694501,5400.0,4,0,1,0,1.0
55633,0,0.484786149,41,0,0.09938709300000001,8320.0,3,0,0,0,4.0
55635,0,0.06978073,43,0,1.44638404,400.0,4,0,0,0,0.0
55636,0,0.666666667,28,0,0.7576767440000001,4200.0,3,0,1,0,0.0
55638,0,0.0,56,0,0.257942679,4500.0,10,0,2,0,0.0
55639,0,0.347611648,43,0,0.324662136,12800.0,10,0,3,0,3.0
55641,0,0.9999998999999999,57,0,0.280327671,8300.0,5,0,2,0,0.0
55642,0,0.0,60,0,0.0,,1,0,0,0,0.0
55643,0,0.36994000200000005,49,0,1022.0,,5,0,1,0,0.0
55644,0,0.9999998999999999,38,0,0.045781798,5416.0,3,0,0,0,0.0
55645,0,0.043781417,29,0,0.011036468,2083.0,8,0,0,0,0.0
55646,0,0.921078921,25,0,0.010461062,2580.0,1,0,0,0,0.0
55647,0,0.0,43,0,0.289944241,5200.0,4,0,1,0,4.0
55648,0,0.051838617999999996,56,0,0.371204701,4083.0,10,0,1,0,0.0
55649,0,0.0,31,0,0.47224414600000003,3800.0,5,0,1,0,1.0
55650,0,0.224980917,35,0,0.290250903,10800.0,9,0,2,0,1.0
55653,0,0.030969031,23,0,0.065976714,1545.0,5,0,0,0,0.0
55654,0,0.7322133890000001,58,1,0.7188163240000001,16490.0,14,0,5,0,0.0
55656,0,0.030062002999999997,37,0,0.126740825,11416.0,9,0,1,0,3.0
55661,0,0.187394408,58,0,0.08783718900000001,10416.0,10,0,1,0,4.0
55664,0,0.453011438,31,0,0.35558055200000005,8000.0,11,0,2,0,0.0
55665,0,0.016568889,38,0,0.323345523,8476.0,9,0,2,0,3.0
55667,0,0.6275147879999999,43,0,2902.0,,12,0,2,0,2.0
55670,0,0.836522725,52,1,1.4498438040000001,2880.0,12,0,1,0,1.0
55673,0,0.147877179,31,0,0.15813253,3983.0,12,0,0,0,0.0
55675,0,1.001966568,51,0,91.0,,2,0,0,1,0.0
55676,0,0.735912213,31,0,0.322886819,5583.0,11,0,0,0,0.0
55677,0,0.130339636,77,0,0.210344165,5200.0,19,0,2,0,1.0
55678,0,0.05339123,31,0,992.0,,11,0,1,0,0.0
55680,0,0.088403235,40,0,3057.0,,6,0,2,0,
55681,0,0.013519933,53,0,0.16837398399999998,12299.0,9,0,2,0,2.0
55683,0,0.0,43,0,0.306538692,5000.0,4,0,1,0,0.0
55685,0,0.9999998999999999,55,0,0.716827656,1966.0,4,0,1,0,1.0
55686,0,0.275872413,43,0,0.368703912,8000.0,4,0,2,0,2.0
55687,0,0.434939681,27,0,0.11995201900000001,2500.0,4,0,0,0,0.0
55688,0,0.052014357000000004,50,0,317.0,,7,0,1,0,0.0
55690,0,0.042840977999999995,57,0,48.0,,2,0,0,0,0.0
55691,0,0.042950336,40,0,0.009252913,2917.0,1,0,0,0,0.0
55692,0,0.008144816,47,0,994.0,,8,0,1,0,3.0
55694,0,0.006229241,74,0,0.724325455,4780.0,19,0,3,0,0.0
55695,0,0.59241772,34,0,0.432799014,4054.0,5,0,1,0,0.0
55696,1,0.504648201,47,0,0.134056399,9219.0,6,0,0,0,2.0
55697,0,0.097622278,68,0,681.0,,14,0,0,0,0.0
55699,0,0.911087306,67,0,0.050649783,3000.0,4,0,0,0,1.0
55700,0,0.294373449,47,0,0.24226348399999997,7916.0,7,0,0,0,0.0
55705,0,0.174607111,40,0,0.190097579,2766.0,5,0,0,0,4.0
55706,0,0.26991003,24,0,0.662606577,820.0,3,0,0,0,0.0
55708,0,0.653869226,62,0,0.38956661299999995,6229.0,6,0,1,0,3.0
55709,0,0.016356753,45,1,0.307703342,6970.0,9,0,1,0,3.0
55710,0,0.006316919,50,0,0.24831667,4900.0,7,0,1,0,1.0
55711,0,0.021103211,78,0,0.402641056,4164.0,6,0,2,0,0.0
55713,0,0.24132626,53,0,2711.0,,10,0,1,0,1.0
55714,0,0.172006413,34,0,0.18556701,5916.0,4,0,1,0,1.0
55717,0,0.018166856000000002,63,0,0.00614198,7000.0,5,0,0,0,0.0
55718,0,0.9990205679999999,21,0,0.011995202,2500.0,2,0,0,0,1.0
55720,0,0.152509847,72,0,84.0,,4,0,0,0,0.0
55721,0,0.0,34,0,0.429001808,4978.0,12,0,2,0,0.0
55722,0,0.160112549,49,1,0.207708458,6667.0,11,0,1,0,1.0
55723,0,0.049907147,72,0,0.7293176709999999,4000.0,23,0,2,0,0.0
55724,0,0.41911617700000003,81,0,0.200053923,3708.0,2,0,1,0,0.0
55725,0,0.735648739,35,0,0.9936224490000001,4703.0,14,0,1,0,4.0
55727,0,0.0067125859999999996,34,0,0.463161792,2700.0,16,0,1,0,1.0
55728,0,0.30677812,58,0,0.38087304200000005,3000.0,5,0,0,0,1.0
55729,0,0.044496292,55,0,15.0,,2,0,0,0,0.0
55730,0,0.0015555270000000001,62,0,1541.0,,9,0,1,0,1.0
55731,0,0.142271816,40,0,0.420957904,10000.0,11,0,1,0,4.0
55733,0,0.021961277999999997,65,0,126.0,,12,0,0,0,0.0
55734,0,0.006063903000000001,68,0,0.502791845,7700.0,9,0,3,0,1.0
55735,0,0.766341463,85,0,282.0,,2,0,0,0,0.0
55736,0,0.003111065,82,0,0.149315366,4600.0,12,0,1,0,1.0
55740,0,0.836483932,30,3,0.238242192,8100.0,5,0,0,2,2.0
55745,0,0.333929688,42,0,0.504639543,1400.0,5,0,0,0,0.0
55746,0,0.290774077,37,0,0.8527157609999999,3000.0,12,0,0,0,0.0
55747,0,0.299128613,76,0,0.20936812300000002,3180.0,2,0,0,0,0.0
55748,0,0.342222116,50,0,0.989604158,2500.0,10,0,3,0,0.0
55749,0,0.9999998999999999,40,0,0.449552006,5133.0,1,5,1,1,2.0
55750,0,0.375969079,59,0,0.356146859,7816.0,4,0,1,0,1.0
55751,0,0.023186784,70,0,0.012955854,2083.0,7,0,0,0,0.0
55752,0,0.601794395,61,0,0.445512239,5514.0,10,0,1,0,0.0
55754,0,0.7264264340000001,44,0,0.71244682,9166.0,14,0,2,0,2.0
55755,0,0.061799047,39,0,0.268414621,9000.0,10,0,2,1,5.0
55758,0,0.350017105,44,0,0.355753499,5500.0,9,0,1,0,3.0
55759,0,0.34979352799999996,75,0,0.618097448,4309.0,12,0,2,0,0.0
55761,1,0.252638596,51,1,0.038422987,2992.0,2,2,0,0,3.0
55762,0,0.0,32,0,0.0,10500.0,2,0,0,0,0.0
55763,0,1.02360501,65,0,0.8764258559999999,2629.0,5,0,1,0,0.0
55764,0,0.18085461,53,0,0.049782695,2530.0,4,0,0,0,3.0
55765,0,0.08995250099999999,68,0,0.324334601,5259.0,9,0,2,0,0.0
55766,0,0.007742636,72,0,0.001743983,8600.0,5,0,0,0,0.0
55768,0,0.0,58,0,0.152403535,13916.0,10,0,2,0,0.0
55769,0,0.9999998999999999,39,0,0.236919459,1700.0,3,0,0,2,1.0
55771,0,0.5062113420000001,75,0,0.24592932899999997,14800.0,13,0,1,0,1.0
55774,0,0.818579463,32,1,0.293897105,4800.0,5,0,1,0,4.0
55776,0,0.025136125,38,0,0.42433936,7189.0,6,0,2,0,0.0
55777,0,0.00515345,40,0,0.304448631,6900.0,4,0,1,0,0.0
55778,0,0.627641378,43,0,0.493277432,6916.0,13,0,1,0,2.0
55780,0,0.145979146,66,0,0.142053069,3730.0,5,0,0,0,0.0
55781,0,0.074919081,64,0,1816.0,,9,0,2,0,0.0
55783,0,0.464921175,40,0,1.940529735,2000.0,7,0,2,0,0.0
55785,0,0.317361377,63,0,0.247097383,18000.0,10,0,1,0,1.0
55787,0,0.48647462799999996,54,0,0.09166012800000001,21666.0,7,0,0,0,3.0
55788,0,0.39392687200000004,39,0,0.14283673800000002,7000.0,13,0,0,0,0.0
55789,0,0.000953451,69,1,0.418034333,5300.0,12,0,1,0,1.0
55790,0,0.033564245,83,2,0.064893511,10000.0,6,0,0,0,0.0
55791,0,0.038169837000000005,37,0,0.380065256,9500.0,7,0,1,0,1.0
55792,1,0.009932671,41,0,0.635672515,3419.0,8,0,1,0,2.0
55793,0,1.6208172580000002,44,0,0.22170265399999997,7270.0,10,0,0,0,1.0
55794,0,0.9999998999999999,53,0,0.37393201200000004,5500.0,2,3,1,0,3.0
55796,0,0.01888665,42,0,0.18963694,5673.0,5,0,0,0,4.0
55797,0,0.0,60,0,1192.0,,3,1,1,0,0.0
55799,0,0.746257285,48,0,0.33605311600000004,12500.0,10,0,1,0,3.0
55800,0,0.21129304100000001,38,1,0.8031735309999999,5923.0,10,0,4,0,1.0
55801,0,0.029085278,38,0,0.031656115,3000.0,7,0,0,0,0.0
55803,0,0.9999998999999999,35,0,0.388255175,4733.0,6,0,0,0,6.0
55804,0,0.020843571,55,0,0.20995320399999998,11111.0,21,0,2,0,2.0
55805,0,0.812749004,39,2,0.738630685,2000.0,6,1,1,2,1.0
55806,0,0.47101932,47,0,0.080570902,4343.0,7,0,0,1,2.0
55808,0,0.137100696,42,0,0.264952687,5600.0,13,0,1,0,0.0
55811,0,0.004908793,67,0,1133.0,,5,0,1,0,
55812,0,0.175929628,35,0,1341.0,,8,0,1,0,1.0
55817,0,0.067284334,64,0,1044.0,,3,0,1,0,
55818,0,1.062645785,50,2,0.17903179600000002,3490.0,8,1,0,1,1.0
55819,0,0.121797399,41,0,0.271022781,10666.0,10,0,2,0,0.0
55821,0,0.266854653,31,0,0.229009763,3584.0,7,0,0,0,0.0
55823,0,0.029476602999999997,59,0,0.351956005,8000.0,7,0,2,0,1.0
55824,0,0.0,50,1,0.12271932,4000.0,2,0,0,0,4.0
55826,0,0.001011634,34,0,0.07342406900000001,5583.0,7,0,0,0,0.0
55827,0,0.049398353,48,0,0.317775724,12983.0,8,0,1,0,2.0
55828,0,0.0,62,0,1461.0,,14,0,1,0,0.0
55829,0,0.557809064,48,0,0.38969726200000004,14500.0,13,0,2,0,3.0
55830,0,0.14853444,70,1,4248.0,,13,0,2,0,0.0
55832,1,0.9999998999999999,56,0,0.0,637.0,0,0,0,0,0.0
55834,0,0.24155169,27,0,0.009814613,3667.0,6,0,0,0,0.0
55836,0,0.499750025,60,0,2.009569378,417.0,2,0,1,0,0.0
55837,0,0.043318267,75,0,0.155984402,10000.0,3,0,1,0,1.0
55838,0,0.8724442720000001,53,0,0.16825083300000002,8100.0,10,0,0,0,4.0
55840,0,0.078491616,67,0,0.307470805,6250.0,6,0,1,0,0.0
55841,0,0.08179292,45,0,0.243852459,8783.0,21,0,3,0,0.0
55842,0,0.012444595,57,0,0.5179153089999999,5525.0,29,0,2,0,0.0
55843,0,0.033447555,75,0,0.013727246,3350.0,7,0,0,0,0.0
55845,0,0.929609699,71,0,1.884032114,1120.0,8,0,0,0,1.0
55846,0,0.39051717,42,0,0.453302101,13233.0,12,0,2,0,3.0
55850,1,0.0,31,1,0.403250774,2583.0,5,0,0,2,0.0
55851,0,0.643480806,59,0,0.199655766,12200.0,4,0,1,0,4.0
55852,0,0.5854024329999999,68,0,0.2756499,6500.0,3,0,1,1,0.0
55853,0,0.383960002,60,0,0.11137775300000001,7083.0,3,0,0,0,0.0
55855,0,0.0,71,1,0.0,10500.0,3,0,0,0,0.0
55856,0,0.928974724,30,1,0.184824404,3900.0,4,0,0,0,0.0
55857,0,0.00118527,62,0,0.23651572,10400.0,7,0,1,0,1.0
55858,0,0.115643618,57,0,0.554067971,4854.0,8,0,2,0,2.0
55859,0,0.9099801829999999,60,0,0.598605271,9750.0,23,0,1,0,0.0
55860,0,0.0,23,1,0.0,820.0,2,0,0,0,0.0
55861,1,0.9999998999999999,32,0,0.022998296,2347.0,0,0,0,0,0.0
55862,0,0.010117791,60,0,27.0,,6,0,0,0,0.0
55863,0,0.069446085,60,0,0.368607745,3382.0,4,0,1,0,0.0
55864,0,0.176865262,73,0,0.028437663,5766.0,3,0,0,0,0.0
55865,0,0.163855996,55,2,0.49183651700000003,9370.0,24,0,4,0,1.0
55866,0,0.029216467000000003,66,0,0.336777204,6000.0,7,0,2,0,0.0
55867,0,0.9527463140000001,61,2,0.235185527,10833.0,15,0,0,0,0.0
55868,0,0.038022104,74,0,0.139440065,3678.0,16,0,1,0,0.0
55869,0,0.811377536,35,1,0.41744954,10750.0,13,0,2,0,0.0
55871,0,0.568862275,37,0,0.059010774,4083.0,2,0,0,1,0.0
55872,0,0.21147543300000002,78,0,0.35121626100000003,3000.0,8,0,1,0,0.0
55873,0,0.400457768,67,0,0.23432439,20684.0,7,0,2,0,0.0
55874,0,0.106980731,64,0,0.0794329,5148.0,3,0,0,0,0.0
55875,0,0.306679159,47,0,0.226449275,9383.0,17,0,2,0,0.0
55876,0,0.9999998999999999,72,0,0.182320442,5067.0,6,0,1,0,0.0
55877,0,0.130072066,60,0,0.065907312,11500.0,12,0,0,0,0.0
55879,0,0.0069926730000000005,50,0,1754.5,1.0,14,0,2,0,0.0
55881,0,1.025434593,45,0,0.45146839200000005,4017.0,10,0,0,0,0.0
55883,0,0.00068689,71,0,0.165223185,1500.0,12,0,0,0,0.0
55885,0,0.210829905,60,1,3665.0,,18,0,2,1,1.0
55886,0,0.009009297,58,0,0.031855359,6968.0,7,0,1,0,3.0
55887,0,0.11513445300000001,33,0,0.287346664,5950.0,6,0,2,0,2.0
55888,0,0.9999998999999999,47,1,0.290709996,2830.0,5,0,0,0,0.0
55889,0,0.034248287999999995,77,0,0.005489981,3642.0,2,0,0,0,0.0
55890,0,0.9999998999999999,64,0,1319.0,,1,0,1,0,0.0
55891,0,0.5272180329999999,63,0,0.9171313209999999,5200.0,15,0,2,0,0.0
55892,0,0.5800893429999999,50,0,0.523996082,4083.0,9,0,1,0,0.0
55893,0,0.256499133,57,1,1820.0,,8,0,1,0,0.0
55894,0,0.34659352299999996,47,1,0.33582502799999997,7223.0,11,0,2,0,2.0
55895,0,0.365327323,40,0,0.433615565,5550.0,10,0,1,0,0.0
55896,0,0.9999998999999999,36,0,0.131975446,3583.0,8,0,0,0,0.0
55897,0,0.628122769,42,0,0.628071637,2400.0,4,0,1,0,3.0
55898,0,0.027212342,85,0,11.0,,3,0,0,0,0.0
55899,0,0.098087757,38,1,0.363049365,4800.0,9,0,1,0,2.0
55900,0,0.05893771,38,0,0.5241553520000001,6333.0,6,0,2,0,2.0
55901,0,0.258028309,51,0,0.43742503,2500.0,13,0,1,0,2.0
55903,0,0.40260098,56,0,0.579900017,5800.0,19,0,1,0,0.0
55904,0,0.149728227,61,1,0.09759581099999999,4200.0,8,0,0,0,1.0
55905,1,0.302095557,75,0,0.050023017,6516.0,4,0,0,0,1.0
55906,0,0.112582078,54,0,0.7711390109999999,6610.0,11,0,3,0,0.0
55907,0,0.22465578600000002,67,0,0.30924605,15000.0,11,0,1,0,0.0
55911,0,0.552995392,29,0,0.045878035,7083.0,5,0,0,0,3.0
55913,1,0.870594073,51,0,2103.5,1.0,7,0,1,0,1.0
55914,1,0.924088936,39,1,0.267851717,6581.0,7,0,0,2,4.0
55916,0,0.47287645100000003,64,0,0.07694859,15074.0,6,0,0,0,0.0
55918,0,0.007409593000000001,64,0,0.078748652,12050.0,7,0,1,0,0.0
55919,0,0.9999998999999999,38,0,0.302621834,6750.0,6,0,1,0,2.0
55920,0,0.0014899289999999999,59,0,0.19568424899999998,5421.0,4,0,0,0,2.0
55921,0,0.017463048000000002,38,0,0.216120836,7083.0,3,0,1,0,0.0
55922,0,0.955217575,37,0,0.323455909,2800.0,8,0,0,0,0.0
55925,0,0.121264019,32,0,0.33302566,5416.0,9,0,1,0,1.0
55926,0,0.0,48,0,0.534780746,7000.0,2,0,1,0,0.0
55927,1,0.28130337699999997,23,1,0.165889407,1500.0,10,0,0,0,1.0
55928,0,0.04199935900000001,61,0,767.0,,9,0,1,0,0.0
55930,0,0.60052431,59,0,0.828735632,4349.0,14,0,1,0,0.0
55931,0,0.0,64,0,29.0,,3,0,0,0,
55933,0,0.9506395320000001,58,0,0.255701451,7234.0,6,0,2,0,0.0
55934,0,0.0,49,0,0.0019089170000000002,3666.0,2,0,0,0,1.0
55935,0,0.007956134,31,0,0.076369452,2500.0,8,0,0,0,0.0
55936,1,0.9999998999999999,36,1,0.124399154,5200.0,2,2,0,1,0.0
55937,1,0.9146571290000001,56,0,0.235557689,6248.0,11,0,0,0,2.0
55939,0,0.8294091229999999,64,0,1.049320181,3750.0,17,0,2,0,0.0
55940,0,0.13886358099999999,64,0,0.358051356,8333.0,6,0,2,0,0.0
55941,0,0.057742047000000005,91,1,0.204023331,8400.0,9,0,1,0,1.0
55942,0,0.357416736,30,0,0.061065733,2570.0,4,0,0,0,0.0
55944,0,0.013892608999999998,60,0,0.800640228,11245.0,26,0,8,0,0.0
55945,0,0.532893421,38,0,0.680663867,5000.0,7,0,1,0,1.0
55946,0,0.033913158,60,0,1715.0,,8,0,1,0,0.0
55947,0,0.010245255,58,0,0.0019995,4000.0,3,0,0,0,0.0
55948,0,0.074968656,44,0,0.359980542,6166.0,13,0,2,0,1.0
55949,0,0.219992667,72,0,0.432532751,4579.0,7,0,1,0,0.0
55952,0,0.161858116,52,0,0.339415146,4000.0,18,0,1,0,0.0
55953,0,0.717531299,46,0,0.25440636,13332.0,9,0,2,0,0.0
55954,0,0.11097464800000001,70,0,0.239124561,3700.0,11,0,1,0,0.0
55955,0,0.28254452,60,0,0.737474363,3412.0,7,0,2,0,0.0
55958,0,0.652040238,42,0,0.45526179,25000.0,17,0,5,0,2.0
55959,0,0.073221881,60,0,0.199674082,40500.0,18,0,2,0,2.0
55960,0,0.009165903000000001,31,0,3.0,,2,0,0,0,0.0
55961,0,0.062182550999999996,54,0,0.171191697,15800.0,20,0,2,0,0.0
55962,1,0.9999998999999999,31,1,367.0,,1,3,0,0,3.0
55963,0,0.244785005,57,0,0.523251728,8536.0,10,0,3,0,0.0
55968,0,0.040747963,62,0,0.384196185,1100.0,5,0,1,0,0.0
55970,0,0.33857611600000004,25,0,0.168526786,3583.0,5,0,0,0,0.0
55971,0,0.038425827,82,0,0.0053315559999999994,3000.0,3,0,0,0,1.0
55976,0,1.1717863259999999,41,1,0.31051517300000003,2833.0,9,0,0,0,1.0
55977,0,0.00660487,88,0,19.0,,12,0,0,0,
55978,0,0.0,38,0,0.48383872,3000.0,6,0,1,0,1.0
55979,0,0.08238141,57,0,0.298570755,6366.0,11,0,1,0,2.0
55984,0,0.141695081,49,0,0.099074391,5833.0,6,0,0,0,2.0
55985,0,0.05741595099999999,80,0,0.019245189,4000.0,5,0,0,0,1.0
55986,0,0.9999998999999999,43,0,0.140129382,9583.0,6,0,2,0,0.0
55987,0,0.024251988999999998,46,0,0.350467889,7800.0,12,0,1,0,0.0
55988,0,0.136758711,62,0,0.00396766,13357.0,1,0,0,0,2.0
55989,0,0.07196538400000001,29,0,0.373524047,10416.0,8,0,2,0,0.0
55990,1,0.9999998999999999,40,0,0.027554255,4100.0,3,8,0,0,3.0
55991,0,0.151777921,58,0,0.492140801,9033.0,25,0,2,0,1.0
55992,0,0.408742441,39,0,257.0,,4,0,0,0,0.0
55993,0,0.08026512400000001,42,0,1.555035129,1280.0,14,0,2,0,0.0
55994,0,0.869046575,61,0,0.639402281,2542.0,8,0,2,0,0.0
55995,0,0.10008405,49,0,1.287883581,3160.0,12,0,4,0,0.0
55996,0,0.9999998999999999,59,0,0.558184319,7269.0,4,0,2,0,1.0
55997,0,0.817401343,38,0,0.49634182,6833.0,19,0,2,0,0.0
55998,0,1.492723031,41,1,0.757497858,3500.0,14,0,1,0,0.0
56000,0,0.707742773,40,0,0.381984241,5583.0,11,0,1,0,3.0
56002,0,0.5987500689999999,56,1,4259.0,,8,0,2,0,0.0
56003,0,0.00559944,64,0,1.925925926,674.0,8,0,2,0,0.0
56004,0,0.722134444,57,1,0.183542908,4532.0,4,0,1,0,1.0
56005,0,0.0,60,0,5368.0,,3,0,2,0,0.0
56006,0,0.304794215,26,0,0.082296849,4823.0,11,0,0,0,0.0
56007,0,0.0,26,0,0.0,3700.0,2,0,0,0,2.0
56008,0,1.272878536,24,0,0.150356205,2666.0,3,0,0,0,0.0
56009,0,0.109129696,57,0,0.308118683,6133.0,7,0,2,0,1.0
56011,0,0.00078734,42,0,2041.0,,5,0,2,0,0.0
56012,0,0.12475784599999999,43,0,2209.0,,6,0,2,0,0.0
56014,0,0.285381726,26,0,0.916554509,742.0,5,0,0,0,0.0
56017,0,0.884296045,58,0,0.26892135899999997,6090.0,15,0,0,0,0.0
56018,0,0.044782425,27,0,76.0,0.0,2,0,0,0,0.0
56019,0,0.004712213,55,0,0.367106176,4322.0,11,0,1,0,0.0
56020,0,0.02879661,80,0,0.013424736000000001,3500.0,7,0,0,0,0.0
56021,0,0.031322378,72,0,0.174117647,3399.0,7,0,0,0,0.0
56024,0,0.9999998999999999,21,98,0.0,2400.0,0,98,0,98,0.0
56025,0,0.9999998999999999,39,0,165.0,,0,0,0,0,0.0
56026,1,0.348701175,65,0,4008.0,,19,0,1,0,1.0
56027,0,0.0,71,0,0.0,,2,0,0,0,0.0
56028,0,0.11026168300000001,55,0,2225.0,,8,0,1,0,0.0
56029,0,0.9999998999999999,31,0,0.112401649,2668.0,1,0,0,0,0.0
56030,0,0.104236864,59,0,0.020691571000000002,7200.0,4,0,0,0,0.0
56033,0,0.035354169,75,0,0.019902866,10500.0,9,0,0,0,0.0
56034,0,0.443358545,66,0,0.518615972,7600.0,9,0,3,0,1.0
56036,0,0.338451545,57,2,0.224010491,8387.0,9,0,1,0,1.0
56038,0,0.0018138689999999999,46,0,993.0,0.0,6,0,2,0,2.0
56039,0,0.11721222199999999,58,0,189.0,,7,0,0,0,1.0
56041,0,0.44276582200000003,63,0,0.7858017140000001,3267.0,15,0,0,0,0.0
56042,0,0.580733513,49,0,0.658202133,3937.0,19,0,1,0,2.0
56043,0,0.022340401,38,0,0.35173241299999997,6666.0,9,0,1,0,0.0
56044,0,0.018267847,60,0,0.01671004,7300.0,6,0,0,0,0.0
56046,0,0.064474655,72,0,0.138172366,5000.0,5,0,0,0,0.0
56050,0,0.027829417999999998,54,0,0.282929268,4000.0,8,0,1,0,0.0
56052,0,0.580283943,48,0,1.464753525,10000.0,10,0,5,0,2.0
56054,0,0.002571061,31,0,0.8946993109999999,4206.0,9,0,3,0,0.0
56055,0,0.9378116670000001,63,1,0.5624839620000001,3896.0,10,0,0,0,0.0
56058,0,0.02710348,32,0,0.147950683,3000.0,6,0,0,0,1.0
56059,0,0.491051645,52,0,0.503942407,5833.0,9,0,2,0,1.0
56060,0,0.442772413,40,0,0.087844594,7000.0,5,0,0,0,3.0
56061,0,0.209174343,47,0,0.18750903600000002,6916.0,18,0,0,0,0.0
56064,0,0.03270641,61,3,0.396160558,4583.0,17,0,2,0,0.0
56065,0,0.027451581,53,0,0.288525631,6300.0,8,0,2,0,2.0
56066,0,0.003512564,29,0,1952.0,,8,0,1,0,
56067,0,0.12598673800000001,49,2,0.6200649460000001,5850.0,10,0,2,1,0.0
56069,0,0.427178641,54,0,0.86632948,1383.0,7,0,2,0,2.0
56075,0,0.008838272,44,1,0.233598786,7910.0,7,0,1,0,0.0
56076,0,0.273854535,65,0,0.305967793,3166.0,12,0,0,0,1.0
56077,1,0.933846215,60,1,2.385784048,1842.0,24,0,2,0,0.0
56078,0,0.0,63,0,0.004124871,10666.0,3,0,0,0,3.0
56080,0,0.032522284,41,0,0.11200410400000001,5847.0,4,0,1,0,0.0
56081,0,0.036392721,63,0,0.163924182,4800.0,2,0,1,0,0.0
56082,0,0.794056381,54,0,0.286960049,4930.0,21,0,1,0,3.0
56083,0,0.0861449,62,0,0.0019499510000000001,40000.0,4,0,1,0,1.0
56084,0,0.514621849,51,0,0.207435822,10166.0,10,0,1,0,1.0
56085,0,0.01723605,50,0,0.297227693,6600.0,8,0,1,0,1.0
56086,0,0.110068801,33,0,0.42801556399999996,3083.0,15,0,1,0,1.0
56088,0,0.586066854,35,0,0.053986503,4000.0,3,0,0,0,1.0
56091,0,0.011980805,59,0,0.112588652,3383.0,18,0,0,0,0.0
56092,1,0.9999998999999999,46,1,0.191065165,10833.0,6,1,2,0,0.0
56093,0,0.040436823,74,0,0.46704155,3200.0,4,0,1,0,0.0
56094,0,0.235793263,80,0,0.35446953299999995,3232.0,10,0,2,0,0.0
56095,0,0.080323801,58,0,0.36581501299999997,5048.0,6,0,2,0,1.0
56096,0,0.0,73,0,0.22427831199999998,5403.0,4,0,1,0,0.0
56097,0,0.788105011,58,2,1.6293728330000001,3172.0,7,0,2,0,1.0
56099,0,0.0,55,0,0.345303478,7100.0,3,0,2,0,3.0
56100,0,0.607057145,57,1,0.427325581,6879.0,21,0,1,0,0.0
56102,0,0.9999998999999999,64,2,0.336306206,2690.0,7,1,1,2,0.0
56103,0,0.045564919,54,0,0.11446997199999999,2480.0,8,0,0,0,1.0
56104,0,0.099784565,42,0,0.369126175,5000.0,18,0,1,0,0.0
56106,0,0.008521492,43,0,992.0,,11,0,1,0,2.0
56108,0,0.006185759,73,0,70.0,,6,0,0,0,0.0
56110,0,0.380551498,49,1,4569.0,,6,0,1,0,0.0
56111,1,0.250903686,44,0,0.170575693,7034.0,5,0,1,1,1.0
56113,0,0.01408558,60,0,0.004094848,10500.0,20,0,0,0,0.0
56114,0,0.0,58,0,0.322264609,11533.0,10,0,2,0,2.0
56116,0,0.010126454,72,0,49.0,,6,0,0,0,0.0
56117,0,0.9999998999999999,30,0,59.0,,1,1,0,0,0.0
56118,0,0.015888853,48,0,0.257594738,6385.0,20,0,2,0,0.0
56119,0,0.025895308,61,0,0.40683262200000003,9600.0,24,0,2,0,2.0
56120,0,0.0025901789999999997,85,0,0.008152174,367.0,6,0,0,0,0.0
56122,0,0.604279997,59,0,0.570788913,9379.0,15,0,1,0,2.0
56123,0,0.039645291,57,0,0.231856576,5800.0,15,0,1,0,0.0
56124,1,0.444546604,30,1,0.270287338,3166.0,9,2,0,0,0.0
56125,1,1.01173136,36,1,0.524147374,8033.0,10,0,1,3,1.0
56128,0,0.02729656,64,0,0.004142265,7000.0,6,0,0,0,0.0
56131,1,0.732326767,37,4,0.299717453,4600.0,9,0,0,0,2.0
56132,0,0.008946427,72,0,0.000428541,4666.0,1,0,0,0,0.0
56133,0,0.656191973,49,0,0.184259392,7000.0,5,0,0,1,3.0
56134,0,0.291170174,48,0,0.297625546,7327.0,13,0,1,0,2.0
56135,0,0.005246091,71,0,17.0,,7,0,0,0,0.0
56136,0,1.004416299,42,0,0.28339739399999997,10666.0,6,0,2,0,3.0
56137,0,0.046352004,59,0,0.24739307800000002,13233.0,6,0,2,0,1.0
56138,0,0.007643579,63,0,0.0011890610000000002,3363.0,4,0,0,0,0.0
56139,1,0.11716868400000001,65,0,0.06394272299999999,8100.0,11,0,0,0,3.0
56140,0,0.980348587,60,3,0.75044991,5000.0,10,0,2,0,0.0
56143,0,0.956068969,53,0,0.49083215799999996,9925.0,7,0,2,0,0.0
56144,0,0.053997231,69,0,0.351558019,5230.0,8,0,1,0,0.0
56147,0,0.027777366,69,0,0.018996834,6000.0,7,0,0,0,0.0
56148,1,0.090139297,65,0,0.22642188600000002,8333.0,14,1,1,0,1.0
56149,0,0.064824436,82,0,0.291541692,3333.0,13,0,1,0,0.0
56150,0,0.9999998999999999,63,0,0.040662149,9000.0,5,0,0,0,0.0
56151,0,0.0,34,0,0.7314537090000001,5000.0,8,0,3,0,0.0
56152,0,0.0,63,2,0.516625251,8450.0,14,0,2,0,0.0
56155,0,0.150971778,53,0,0.46540461299999997,7500.0,8,0,3,0,0.0
56156,0,0.456877355,44,1,0.38223111,7000.0,15,0,1,0,1.0
56157,1,0.9833887040000001,36,1,54.0,,1,2,0,0,0.0
56158,0,0.9016196759999999,31,0,0.058670143,2300.0,1,0,0,0,0.0
56160,0,0.9411911759999999,38,0,0.156815021,2875.0,2,0,0,0,0.0
56161,0,0.09885050599999999,82,0,0.016610188,18000.0,8,0,0,0,1.0
56162,0,0.180494016,51,0,0.30888455600000003,20000.0,14,0,3,0,4.0
56163,0,0.0,71,1,1928.0,,6,0,1,0,
56164,0,0.06761558299999999,68,0,0.309672582,4000.0,5,0,1,0,0.0
56167,0,0.9999998999999999,30,0,0.000555401,3600.0,1,0,0,0,2.0
56168,0,0.071785643,48,1,0.295870413,10000.0,5,0,1,0,0.0
56170,0,0.956670915,28,1,0.271313524,3600.0,8,0,0,0,1.0
56171,0,0.471781154,64,1,0.47213889600000003,11000.0,22,0,1,0,0.0
56172,0,3.564637939,49,3,0.322621035,9583.0,12,1,1,0,0.0
56174,0,0.362437505,29,0,0.172275908,3000.0,10,0,0,0,2.0
56177,0,0.299773956,58,0,0.7482322690000001,4666.0,17,0,1,0,4.0
56178,0,0.0,72,0,0.087824351,500.0,5,0,0,0,0.0
56179,0,0.017292999,76,0,0.002285497,10500.0,9,0,0,0,0.0
56180,0,0.950539928,36,0,5.331114809,600.0,5,0,2,0,3.0
56182,0,0.48210907299999994,38,0,0.058996895,19000.0,8,0,0,0,0.0
56183,0,0.438115608,44,0,0.312355478,16000.0,11,0,2,0,2.0
56184,0,2231.0,51,2,1.805548613,4000.0,12,0,5,0,0.0
56185,0,0.028353233999999998,39,0,1647.0,,5,0,1,0,0.0
56187,0,0.26477222,36,1,0.886698139,3600.0,20,0,3,0,0.0
56189,0,0.433566434,83,0,0.001624797,8000.0,2,0,0,0,0.0
56190,0,0.012018176,32,0,0.367326535,5000.0,22,0,4,0,0.0
56191,0,0.0,40,1,0.780091628,2400.0,7,0,2,0,3.0
56192,0,0.9297094659999999,35,1,0.19635544600000002,4883.0,3,0,0,0,0.0
56195,0,0.19581094899999998,34,0,0.480719794,3500.0,10,0,0,0,0.0
56197,0,0.7411314109999999,53,1,4137.0,,21,0,2,0,1.0
56198,0,0.462300694,29,0,0.270865533,5175.0,9,0,0,0,1.0
56200,0,0.077472129,41,0,0.788919235,5125.0,8,0,2,0,2.0
56202,0,0.126249643,26,0,0.696732026,764.0,4,0,0,0,0.0
56203,0,0.016964752,51,0,0.6598698479999999,2304.0,9,0,1,0,0.0
56204,0,0.00604431,28,0,0.529779259,2400.0,9,0,2,0,0.0
56205,0,0.0,51,1,0.110014181,18333.0,11,0,1,0,3.0
56206,0,0.008394663,37,0,0.21398548,7850.0,15,0,2,0,1.0
56207,1,0.7134236190000001,47,0,0.414954896,9200.0,8,0,1,0,2.0
56209,0,0.593991927,54,1,1.028276123,23800.0,17,1,9,0,1.0
56210,0,0.018645962,72,0,9.0,,1,0,0,0,
56211,0,0.987734969,41,0,0.109643329,9083.0,3,0,0,0,2.0
56212,0,0.0,54,0,517.0,,4,0,1,0,
56214,1,0.931943854,57,1,0.097242686,4750.0,8,2,0,1,0.0
56215,0,0.94200464,44,0,0.136494471,6600.0,4,0,0,0,2.0
56216,0,0.10732822199999999,62,0,67.0,,1,0,0,0,0.0
56218,0,0.0,53,0,216.0,,3,0,0,0,0.0
56219,0,0.9354129170000001,41,0,0.418776033,3120.0,5,0,2,0,0.0
56220,0,0.064860062,64,0,0.14850897,8416.0,15,0,1,0,2.0
56222,0,0.17854308800000002,45,0,0.213291423,4453.0,6,0,0,0,1.0
56224,0,0.069046548,52,0,0.45417361,6600.0,7,0,2,0,2.0
56226,0,0.361417363,28,0,0.166996265,4550.0,4,0,0,0,0.0
56228,0,0.040285026,52,0,0.47289504,2600.0,12,0,1,0,0.0
56232,0,0.106179673,37,0,0.5206757439999999,3965.0,11,0,1,0,1.0
56233,0,0.053924325999999995,49,0,0.418408327,12200.0,11,0,3,0,3.0
56234,0,0.07248769099999999,54,1,0.094714949,18750.0,9,0,1,0,1.0
56237,0,0.9999998999999999,72,1,0.164641944,3127.0,3,0,1,0,0.0
56239,0,0.297457203,59,0,4223.0,,19,0,4,0,0.0
56240,0,0.968097227,68,4,0.6639089970000001,2900.0,12,0,1,0,0.0
56241,0,0.9999998999999999,49,0,6611.0,,4,0,3,0,3.0
56242,1,0.146731947,51,1,0.767842053,13016.0,35,0,4,0,3.0
56243,1,0.9999998999999999,38,2,0.484141451,2742.0,3,1,1,0,3.0
56245,0,0.296261214,72,0,0.235310923,10500.0,26,0,2,0,0.0
56248,0,0.097950965,54,0,0.167895319,5425.0,10,0,0,0,1.0
56251,0,0.528071063,49,0,0.5762423760000001,10000.0,6,0,3,0,4.0
56252,0,0.056239352,50,0,0.01511702,10980.0,6,0,0,0,4.0
56254,0,0.07141836900000001,25,0,0.18520986,1500.0,3,0,0,0,0.0
56256,1,0.9999998999999999,29,0,0.20698380600000002,1975.0,1,3,0,0,2.0
56257,0,0.0051501820000000005,63,0,0.35796000299999997,11450.0,15,0,5,0,0.0
56258,0,0.162375038,56,0,0.274487472,3511.0,4,1,1,0,0.0
56259,0,0.985244151,33,1,0.418037909,4800.0,12,0,0,0,1.0
56260,0,0.025814992999999998,72,0,0.252671493,2900.0,6,0,0,0,0.0
56262,0,0.41175947700000004,43,0,0.347590478,5166.0,7,0,2,0,1.0
56263,0,0.017392236000000002,62,0,3529.0,,8,0,1,0,0.0
56264,0,0.6681978,57,0,0.490013993,7860.0,12,0,1,0,0.0
56265,0,0.009299677,69,0,0.523463957,6200.0,19,0,2,0,0.0
56266,0,0.9999998999999999,72,0,0.34435857799999997,3234.0,6,0,1,0,0.0
56267,0,0.9028871390000001,28,0,0.210404177,5170.0,4,0,0,0,2.0
56268,0,0.277984025,63,0,2857.0,,13,0,2,0,
56269,0,0.023488256000000002,44,0,0.35956777700000003,12400.0,10,0,3,1,3.0
56271,0,0.439141912,63,1,0.451043876,8956.0,12,0,3,0,1.0
56272,0,0.011262565,42,0,0.49590082,5000.0,10,0,1,0,2.0
56273,0,0.070295777,65,0,0.15862731,4166.0,8,0,2,0,1.0
56275,0,0.5422778970000001,54,0,0.429728514,6666.0,9,0,2,0,3.0
56277,0,0.191706851,68,0,0.22025424899999999,7000.0,12,0,2,0,0.0
56278,0,0.157858672,43,0,0.24573136,7027.0,9,0,1,0,2.0
56279,0,0.395753475,53,0,0.34739548600000003,10500.0,3,0,1,0,0.0
56280,0,0.015746035,66,0,1135.0,,10,0,3,0,0.0
56281,0,0.9739011879999999,67,0,0.150784922,10000.0,8,0,0,0,0.0
56282,0,0.08691427199999999,64,0,0.282903128,16464.0,18,0,2,0,0.0
56283,0,0.020558355,50,0,0.165257942,3430.0,7,0,0,0,0.0
56284,0,0.443143313,52,0,1529.0,,7,0,2,0,0.0
56285,0,0.363939357,38,0,3321.0,,12,0,2,0,1.0
56286,0,0.10715713699999999,62,0,0.365725311,5700.0,5,0,2,0,0.0
56289,0,0.95860414,39,0,0.461282265,1200.0,4,0,0,0,3.0
56290,0,0.036507312,60,0,0.24692716899999997,5450.0,11,0,2,0,0.0
56291,0,0.5471488879999999,57,0,0.613735001,3916.0,8,0,1,0,0.0
56292,0,0.474875251,62,0,0.678550208,8414.0,22,0,1,0,0.0
56293,0,0.214687137,68,0,0.26053310399999996,2325.0,5,0,1,0,0.0
56296,0,0.0033897159999999996,47,1,0.373207926,10950.0,15,0,2,0,1.0
56299,1,0.938053817,49,5,0.36385806600000004,8200.0,9,2,2,0,1.0
56301,0,0.090746492,61,0,0.281907956,10733.0,11,0,1,0,0.0
56302,0,0.08619886800000001,55,0,0.287270557,6700.0,11,0,3,0,2.0
56304,0,0.31253571,24,0,0.027242525,3009.0,4,0,0,0,0.0
56305,0,0.000633174,48,0,0.0,6083.0,6,0,0,0,0.0
56306,0,0.397466081,55,0,0.207623809,6400.0,10,0,0,0,2.0
56307,0,0.20093553,56,0,0.364568499,3510.0,7,0,0,0,0.0
56310,0,0.007268951,82,0,0.108859444,3848.0,7,0,1,0,0.0
56312,0,0.019597387,28,0,0.464883779,4000.0,5,0,1,1,0.0
56313,0,0.01702853,68,0,0.00329373,8500.0,8,0,0,0,1.0
56314,0,0.9999998999999999,26,0,0.0,,0,0,0,0,0.0
56315,1,0.872031992,24,3,0.7957142859999999,6999.0,6,0,3,0,0.0
56316,0,0.056539574,60,0,0.28184919399999997,8500.0,10,0,1,0,0.0
56319,0,0.058780754000000004,31,0,0.036890191,5800.0,3,0,0,0,0.0
56320,0,0.5476908429999999,32,0,0.677972153,2800.0,3,0,1,0,0.0
56321,0,0.0,58,0,0.558837102,6500.0,8,0,2,0,0.0
56322,0,0.962375073,47,2,0.40635726,6700.0,7,0,2,0,0.0
56323,0,0.0,64,0,0.103599314,5250.0,9,0,1,0,0.0
56325,0,0.233973562,50,0,0.489755858,8150.0,16,0,3,0,0.0
56327,0,0.010876239,73,0,915.0,,2,0,1,0,0.0
56328,0,0.03398867,55,0,0.206372731,2698.0,3,0,1,0,1.0
56329,0,0.14003659400000001,45,2,0.028564206,3955.0,7,0,0,1,1.0
56330,0,0.0,61,0,24.0,,2,0,0,0,0.0
56332,0,0.573137398,48,0,0.22407892100000001,4966.0,9,2,0,0,1.0
56333,0,0.162742567,62,0,0.068188413,10338.0,5,0,0,0,0.0
56334,0,0.601754871,42,0,0.8398074940000001,2908.0,7,0,2,0,1.0
56335,1,0.39260739299999997,29,1,0.150616461,3000.0,2,0,0,0,2.0
56336,0,0.0,70,0,0.319810385,9070.0,9,0,2,0,0.0
56337,0,0.001144083,68,0,0.21462043100000003,3200.0,9,0,0,0,0.0
56338,0,0.03359944,75,0,0.306829429,9092.0,4,0,1,0,0.0
56339,0,0.067385005,87,0,49.0,,2,0,0,0,0.0
56342,0,0.031549211,76,0,0.19406150600000002,6600.0,12,0,1,0,0.0
56343,1,0.0,55,0,0.810277957,3093.0,9,0,2,0,0.0
56344,0,0.22908504300000002,43,0,0.152512661,5133.0,14,0,0,0,2.0
56345,0,0.007993555,67,0,1.039796303,5301.0,12,0,2,0,1.0
56346,0,0.09117323599999999,53,0,0.072825716,20500.0,13,0,0,0,2.0
56348,0,0.0013568520000000002,70,0,3697.0,,7,0,1,0,
56349,0,0.079370156,58,0,222.0,0.0,11,0,0,0,1.0
56350,0,0.22172949,53,0,0.6927857340000001,3700.0,7,0,3,0,0.0
56353,0,0.114566381,66,0,177.0,,3,0,0,0,0.0
56355,0,0.6128718670000001,54,0,0.544155319,7416.0,22,0,1,0,0.0
56356,1,0.877078578,50,0,1.326504245,5417.0,15,0,5,0,0.0
56357,0,0.9999998999999999,47,0,0.24798178399999998,4830.0,3,0,1,0,1.0
56359,0,0.383376101,34,0,0.438140465,4000.0,9,0,2,0,1.0
56360,1,0.944094667,30,2,0.378124375,5000.0,12,1,1,0,1.0
56361,0,0.053848654,55,0,3639.0,,5,0,2,0,0.0
56362,0,0.0192769,40,0,0.22009408600000002,2975.0,5,0,1,0,0.0
56363,0,0.018799623999999997,67,0,0.00487498,6358.0,6,0,0,0,0.0
56366,0,0.021419925,78,0,0.228466867,7650.0,6,0,2,0,0.0
56367,0,0.0,45,0,0.0,,3,0,0,0,2.0
56368,0,0.012663582,65,0,0.125849887,7500.0,6,0,1,0,2.0
56369,0,0.472365825,62,0,5857.0,,19,0,4,0,1.0
56371,0,0.45999059299999995,28,0,0.112922508,9200.0,6,0,0,0,0.0
56372,0,0.9328268690000001,51,0,0.22778473100000002,3195.0,4,0,0,0,1.0
56374,0,0.16954653100000003,37,0,0.088582284,5000.0,3,0,0,0,0.0
56375,0,0.836689349,42,5,1028.0,,10,0,1,0,0.0
56376,0,0.216054587,40,0,3493.0,,9,0,2,0,1.0
56379,0,0.37878913200000003,65,0,0.422912104,10500.0,29,0,1,0,0.0
56382,0,0.350235377,42,0,1688.0,,8,0,1,0,0.0
56384,0,0.887312525,24,0,0.158343484,820.0,2,0,0,0,0.0
56385,0,0.010711743000000001,87,0,10.0,,8,0,0,0,
56386,0,0.014752607,48,0,0.21660272100000003,5733.0,9,0,0,0,3.0
56388,1,0.8306148059999999,48,3,0.49146625299999996,5155.0,7,1,1,0,0.0
56389,0,0.079076532,71,0,0.00497086,5833.0,6,0,0,0,0.0
56390,0,0.915839092,58,2,0.436897364,4666.0,10,0,1,0,0.0
56392,0,0.114798855,66,0,0.25723684199999997,7599.0,4,0,1,0,1.0
56393,0,0.021832606,60,0,605.0,,3,0,1,0,
56394,0,0.119170271,55,0,0.35430665899999997,8184.0,9,0,1,0,0.0
56395,0,0.001133296,60,0,0.258998972,11667.0,6,0,1,0,3.0
56396,0,0.75249501,30,3,0.10968903099999999,10000.0,7,2,0,0,0.0
56397,0,0.020959162,32,0,0.404922248,8166.0,3,0,1,0,0.0
56398,0,0.047170080999999996,56,0,0.45218260600000004,3000.0,3,0,1,0,0.0
56399,0,0.02733073,31,0,0.69012605,1903.0,7,0,0,0,2.0
56400,0,0.023379177999999997,55,0,0.072345848,10200.0,12,0,0,0,0.0
56402,0,0.06267806299999999,33,0,0.009892086,3335.0,3,0,0,0,0.0
56403,0,0.087999097,66,0,0.162166003,7035.0,11,0,1,0,1.0
56404,0,0.543840178,50,2,0.49789473700000003,6649.0,8,3,2,1,2.0
56405,0,0.0,54,0,0.596727769,6600.0,6,0,1,0,2.0
56406,0,0.24266765399999998,63,0,0.39374476399999997,3580.0,17,0,1,0,0.0
56410,0,0.46927296700000004,45,0,0.122927879,9289.0,7,0,0,0,2.0
56411,0,0.037106018,64,0,0.298969072,11833.0,15,0,2,0,1.0
56413,1,0.7750314490000001,43,1,7.822870852,2500.0,26,0,7,0,0.0
56414,0,0.062623695,38,0,0.04440797900000001,19500.0,7,0,0,0,2.0
56418,0,0.9999998999999999,32,1,0.232178293,6550.0,4,0,0,0,4.0
56422,0,0.040697316000000004,48,0,0.7138103159999999,600.0,13,0,1,0,4.0
56423,0,0.072839149,72,0,0.087909341,12000.0,15,0,0,0,1.0
56425,0,0.091750764,24,0,0.15282392,300.0,3,0,0,0,0.0
56426,0,0.9999998999999999,49,0,0.148140068,9166.0,2,0,0,0,0.0
56427,0,0.11425039099999999,53,0,1624.0,,6,0,1,0,
56429,1,0.937856455,52,2,0.709525132,3600.0,10,0,2,2,0.0
56432,1,0.39046659899999997,49,0,6626.0,,20,0,4,0,0.0
56433,0,0.008193190999999999,55,0,1.201383551,1300.0,12,0,1,0,0.0
56434,0,0.678236437,64,1,0.40651583700000005,5524.0,8,0,1,0,1.0
56437,0,0.307260348,56,0,0.44644419399999996,8000.0,18,0,2,0,1.0
56439,0,0.0,46,0,2885.0,,3,0,1,0,0.0
56440,0,0.027598896,45,0,0.273172683,10000.0,12,0,2,0,0.0
56441,0,0.032946606,71,0,0.006499133000000001,2307.0,4,0,0,0,0.0
56442,0,0.665092409,45,0,0.47046843200000005,5400.0,9,0,2,0,5.0
56443,0,0.290349525,65,0,0.327067293,10000.0,14,0,2,0,0.0
56444,0,0.005190973,35,0,3794.0,,13,0,2,0,0.0
56445,0,0.203927571,48,0,0.267274832,14688.0,23,0,1,0,0.0
56446,0,0.09839508,58,0,5691.0,,13,0,3,0,1.0
56447,0,0.176720582,58,0,0.050635949000000006,4166.0,4,0,0,0,0.0
56448,0,0.9999998999999999,73,0,0.068931069,1000.0,5,0,0,0,0.0
56449,0,0.40584313899999996,58,0,0.160759916,9000.0,13,0,0,3,1.0
56450,0,0.8288681170000001,44,0,1.4867803309999998,4046.0,13,0,1,0,0.0
56451,0,0.005367306,73,0,884.0,,10,0,1,0,0.0
56453,0,0.011598454,52,0,0.000392696,5092.0,2,0,0,0,0.0
56455,0,0.995837986,42,1,0.506257669,4074.0,8,1,0,0,0.0
56456,0,0.078698957,54,1,0.5435128379999999,4400.0,11,0,1,0,0.0
56458,0,0.8742171459999999,60,0,0.249763183,6333.0,8,0,1,0,2.0
56460,0,0.480505174,48,0,0.214278572,10000.0,9,0,0,0,4.0
56462,0,0.042680575,62,0,0.289358918,4585.0,11,0,1,0,2.0
56463,0,0.09972145800000001,47,0,0.45282232899999997,4800.0,11,0,1,0,0.0
56464,0,1.4486717619999998,47,0,0.515611183,14700.0,23,0,3,1,5.0
56466,0,0.003172195,82,0,5.0,,4,0,0,0,0.0
56467,0,0.131632084,71,0,0.247501086,4601.0,4,0,1,0,1.0
56469,0,0.19625469899999998,53,1,0.354470151,3500.0,14,0,0,0,3.0
56470,1,0.757475083,55,0,0.48417545799999995,1800.0,7,4,2,2,0.0
56471,0,0.344852334,63,1,0.48860147600000003,15308.0,22,0,5,0,2.0
56472,0,0.9481519890000001,34,1,0.23792357600000003,2773.0,10,0,0,0,0.0
56474,0,0.723915683,43,0,0.474640974,5500.0,11,0,0,0,3.0
56475,0,0.591961661,56,0,0.499685197,27000.0,12,0,4,0,0.0
56476,0,0.870683909,64,0,0.139900071,1400.0,2,0,0,0,0.0
56477,0,0.04004094,65,0,1276.0,,9,0,1,0,0.0
56478,0,0.176236426,61,0,0.319784382,6863.0,9,0,2,0,0.0
56479,0,0.9999998999999999,38,0,0.009088155,3300.0,1,1,0,0,5.0
56480,0,0.022495722000000003,62,0,0.043284478,11666.0,12,0,0,0,2.0
56482,0,0.9014647859999999,70,0,0.229031879,8500.0,10,0,0,0,0.0
56483,0,0.037589655,42,0,0.2816405,3120.0,6,0,1,0,0.0
56485,0,0.944365463,35,0,0.947699567,2542.0,7,0,1,0,2.0
56486,0,0.032558393,55,0,0.022496692000000002,6800.0,9,0,0,0,1.0
56487,0,0.010217074,47,0,0.0017567829999999998,5122.0,2,0,0,0,3.0
56488,0,0.0012592360000000002,73,0,0.404346583,3496.0,8,0,2,0,1.0
56489,1,0.7145356829999999,36,1,0.17175763600000002,3993.0,10,0,0,0,1.0
56492,0,0.034296351,35,0,0.009133238,5583.0,6,0,0,0,0.0
56493,0,0.9999998999999999,38,0,0.9013605440000001,3233.0,4,0,2,0,2.0
56495,0,0.27668854600000004,40,0,0.152084792,10000.0,11,0,0,0,0.0
56496,0,0.6206269839999999,47,0,0.190587294,15000.0,6,0,0,0,1.0
56498,0,0.96840316,41,0,0.178364327,5000.0,5,0,0,0,2.0
56500,0,0.45362829299999996,36,0,0.6142116120000001,16000.0,12,0,5,0,1.0
56501,0,0.9999998999999999,28,0,0.13489968300000002,3787.0,2,2,0,0,1.0
56502,0,0.047524517999999995,51,0,1134.0,,12,0,2,0,0.0
56503,0,0.0,64,0,3.0,,5,0,0,0,0.0
56504,0,0.328923161,64,0,0.49406745799999996,7500.0,16,0,3,0,0.0
56507,0,0.155549207,64,0,0.539584166,5001.0,11,0,3,0,0.0
56508,0,0.354139518,49,0,0.24883755800000001,13333.0,9,0,2,0,0.0
56510,0,0.76834275,34,0,0.80562579,3163.0,6,0,1,0,0.0
56511,0,0.057606759,51,0,0.301532613,8416.0,16,0,1,0,0.0
56512,0,0.040440217,66,0,0.444577735,4167.0,25,0,1,0,1.0
56513,0,0.00639968,60,0,523.0,,7,0,1,0,0.0
56514,0,0.060646451,33,1,0.25956170300000003,12000.0,5,0,2,0,2.0
56515,0,0.18294751199999998,41,1,0.416189112,5583.0,14,0,1,0,3.0
56516,0,0.046573103,66,0,0.408639013,5833.0,16,1,1,0,0.0
56517,0,0.5406229579999999,70,0,0.25775852,8538.0,9,0,1,0,1.0
56518,0,0.9999998999999999,52,0,0.7538048340000001,2233.0,3,2,1,0,2.0
56519,0,0.030427167,68,0,2777.0,,9,0,2,0,1.0
56521,0,0.022882471,58,0,0.270810693,4600.0,10,0,1,0,1.0
56522,0,0.107857824,59,0,0.50709858,5000.0,6,0,1,0,1.0
56523,0,0.027972028,26,0,0.059044049,3200.0,3,3,0,1,0.0
56525,0,0.007682191999999999,41,0,0.309139387,6750.0,11,0,1,0,0.0
56529,0,0.82599732,25,1,299.0,,3,0,0,2,0.0
56530,0,0.005233159,57,0,6724.0,,12,0,2,0,0.0
56531,0,0.9999998999999999,54,1,0.038167939,2750.0,4,0,0,1,0.0
56532,0,0.656326274,27,1,0.72013993,2000.0,8,0,0,0,1.0
56533,0,0.125933192,44,1,0.042097878,5700.0,5,0,0,0,0.0
56534,0,0.0,71,0,1785.0,,10,0,2,0,0.0
56535,0,0.047309089000000006,42,1,0.483096828,9583.0,6,0,2,0,1.0
56536,0,0.005266316,41,0,0.459915175,9666.0,5,0,2,0,4.0
56540,0,0.0,84,0,0.0,2132.0,4,0,0,0,0.0
56541,0,0.019603572,47,0,0.29417707600000004,10887.0,11,0,2,0,1.0
56542,0,0.052892747999999996,44,0,1540.0,,7,0,2,0,3.0
56545,0,0.481037924,24,0,0.013972056000000002,500.0,1,0,0,0,0.0
56547,0,0.9999998999999999,52,98,0.0,3700.0,0,98,0,98,0.0
56548,0,0.039900578,52,0,5494.0,,11,0,3,0,2.0
56549,1,0.01201839,66,0,0.025987006,2000.0,14,0,0,0,0.0
56551,0,0.852150022,43,2,0.40396231,4138.0,9,0,1,0,2.0
56552,0,0.112746023,33,0,3772.0,,6,0,2,0,1.0
56554,0,0.030612592,40,0,3491.0,,16,0,2,0,4.0
56555,0,0.332863091,47,0,0.46318015799999995,5200.0,9,0,1,0,2.0
56556,0,0.03519912,74,0,0.011730205,3750.0,10,0,0,0,0.0
56559,0,0.315611714,62,0,0.468803565,5833.0,11,0,1,0,0.0
56560,0,0.0,44,0,0.010661765,5439.0,4,0,0,0,2.0
56561,1,0.9999998999999999,48,0,1.66379181,13333.0,10,0,8,0,1.0
56562,1,0.73985203,41,3,0.258381649,11900.0,7,3,1,2,0.0
56563,1,0.599734721,34,0,0.120646559,6000.0,6,0,0,0,1.0
56565,0,0.118718352,48,0,0.23300194300000002,8750.0,3,0,1,0,1.0
56566,0,0.835948645,38,1,674.0,,3,0,0,0,1.0
56567,0,0.02944379,65,0,0.009747563,4000.0,5,0,0,0,0.0
56569,0,0.9969445509999999,61,0,0.644351464,9320.0,14,0,3,0,1.0
56570,0,0.0,83,0,0.036135692999999997,1355.0,6,0,0,0,0.0
56571,0,0.008438613000000001,43,0,0.288198218,4600.0,5,0,1,0,2.0
56572,0,0.41679626700000005,43,0,707.0,,5,0,0,0,4.0
56573,0,0.7412483740000001,44,0,0.297512816,15800.0,12,0,2,0,2.0
56577,0,0.05663083,62,0,0.432813355,7307.0,22,0,2,0,0.0
56581,0,0.221211895,59,0,0.35862373200000003,6800.0,16,0,2,0,1.0
56582,0,0.143474345,43,0,0.547531769,8183.0,16,0,2,0,1.0
56583,0,0.587219344,55,1,0.425801749,6859.0,9,0,2,0,2.0
56587,0,0.011047409,61,0,1890.0,,5,0,1,0,0.0
56588,0,0.633915154,44,0,0.524257571,3400.0,7,0,1,0,1.0
56589,0,0.856753318,67,0,141.0,,1,0,0,0,0.0
56591,0,0.11279548800000001,35,0,0.357225555,9500.0,7,0,2,0,4.0
56593,0,0.022216296,61,0,0.266525942,9000.0,8,0,2,0,1.0
56594,0,0.999725124,26,1,0.14504116,2550.0,2,0,0,0,1.0
56597,0,0.523147685,72,1,0.293966797,7408.0,9,1,2,2,1.0
56598,0,0.624279015,42,0,0.410716064,10040.0,17,0,2,0,2.0
56599,0,0.019874324,64,0,0.25592311100000004,4473.0,9,0,1,0,0.0
56600,0,0.23444133,48,0,0.293340671,5450.0,10,0,1,0,1.0
56601,0,0.054029390999999996,60,0,84.0,0.0,6,0,0,0,0.0
56602,1,0.9999998999999999,42,98,0.0,7000.0,0,98,0,98,0.0
56604,0,0.270232273,47,0,0.391885396,10400.0,9,0,4,0,2.0
56606,0,0.30104659699999997,37,0,1972.0,,6,0,1,0,0.0
56607,0,0.005666971999999999,62,0,0.115355037,3900.0,10,0,1,0,0.0
56608,0,0.566452332,68,0,0.269657501,8291.0,8,0,2,0,1.0
56609,0,0.21691887199999998,44,0,0.20453471899999998,6350.0,6,0,1,0,2.0
56612,0,0.6799244529999999,45,2,0.150684932,10000.0,3,0,1,0,0.0
56616,0,0.889425881,37,0,0.191508053,3414.0,10,0,0,0,1.0
56617,0,0.0019472220000000002,78,0,528.0,,8,0,0,0,0.0
56618,0,0.982078302,33,0,0.118988101,10000.0,7,0,0,1,0.0
56619,0,0.239422842,60,0,18814.0,,18,0,7,1,0.0
56621,0,0.30779629,55,0,0.139147564,5583.0,12,0,0,0,0.0
56623,0,0.043218647,54,2,403.0,,12,0,1,0,0.0
56624,0,0.0,62,0,2822.0,,7,0,2,0,0.0
56628,0,0.9999998999999999,47,0,1859.0,,3,0,2,0,0.0
56629,0,0.073361357,70,0,0.252289759,2401.0,22,0,1,0,0.0
56630,0,0.9999998999999999,50,0,0.456181626,8500.0,3,0,1,0,3.0
56633,0,0.186851507,40,0,0.28027842199999997,12929.0,12,0,2,0,3.0
56634,0,0.271222139,43,0,0.367922934,11833.0,10,0,2,0,0.0
56635,0,0.131525543,63,0,0.310775138,4166.0,5,0,1,0,0.0
56636,0,0.21182748699999998,40,0,0.187934441,27333.0,11,0,2,0,2.0
56637,0,0.950790125,43,0,2237.0,,7,0,0,0,0.0
56638,0,0.11142915199999999,52,0,0.394403379,20833.0,22,0,4,0,0.0
56640,0,0.03386248,68,0,0.714856762,1500.0,10,0,1,0,0.0
56641,0,0.06316171599999999,50,0,1.242888403,8225.0,14,0,3,0,0.0
56642,0,0.5133516570000001,59,0,0.407675195,7191.0,5,0,2,0,1.0
56643,0,0.791041792,32,0,0.42339049799999995,3556.0,4,0,1,0,2.0
56644,0,0.242290402,66,0,0.380864482,6500.0,9,0,2,0,0.0
56645,0,0.054659599,35,0,1.9612983769999999,800.0,10,0,1,0,3.0
56646,1,0.747836292,49,2,3114.0,,8,0,1,0,4.0
56647,0,0.07179119,55,0,0.34248951899999996,6916.0,7,0,1,0,0.0
56649,0,0.379605294,52,2,0.29097171899999996,11031.0,15,0,3,0,1.0
56650,0,0.772922916,48,0,2657.0,,4,0,1,0,0.0
56651,0,0.05635339,74,0,0.0027264470000000003,3300.0,5,0,0,0,0.0
56652,0,0.199505093,66,0,0.15435978,2545.0,5,0,0,0,0.0
56653,0,0.029522056,80,0,0.08148794599999999,9166.0,7,0,0,0,0.0
56654,0,0.707070311,47,0,0.630808223,3550.0,5,0,0,0,1.0
56655,0,0.835227705,38,0,0.407927628,8400.0,19,0,3,1,0.0
56657,0,0.001230398,45,0,0.528861658,3100.0,7,0,1,0,2.0
56658,0,0.041975117,60,0,1090.0,,5,0,1,0,0.0
56659,0,0.999876161,34,0,1422.0,,3,0,1,0,0.0
56661,0,0.012658228,22,0,0.0,898.0,2,0,0,0,0.0
56663,1,0.975062344,45,1,0.143433955,5200.0,3,0,0,0,4.0
56665,0,0.51091606,43,0,1773.0,,5,0,1,0,3.0
56668,0,0.023383176000000002,29,0,0.32609793,1980.0,7,0,0,0,0.0
56669,0,0.06744393900000001,64,0,0.21326569,5321.0,7,0,2,0,1.0
56670,0,0.095526914,55,1,1185.0,,5,0,0,0,1.0
56671,0,0.171992182,62,0,0.020964718,5866.0,2,0,0,1,0.0
56672,0,0.9887752809999999,82,0,0.222210403,9400.0,7,0,1,0,0.0
56674,0,0.0,69,0,0.0,,2,0,0,0,0.0
56678,0,0.08209414599999999,79,0,0.22325891399999997,3000.0,23,0,0,0,0.0
56680,0,0.44571697200000004,58,1,0.328476537,9333.0,11,0,1,0,0.0
56681,0,0.252970789,40,0,0.715616046,4187.0,11,0,1,0,1.0
56682,0,0.36556788,43,0,0.104467354,2909.0,5,0,1,0,0.0
56683,0,0.031877121,86,0,246.0,,6,0,0,0,
56684,0,0.022148893,62,0,0.146840149,7531.0,6,0,1,0,0.0
56685,0,0.12973378300000002,49,0,0.016085791000000002,1864.0,4,0,0,0,1.0
56689,0,0.7914626779999999,44,0,0.345414393,7697.0,10,0,0,0,0.0
56691,0,0.000476177,81,0,15.0,,9,0,0,0,0.0
56694,0,0.061210322000000005,54,0,0.142233857,4583.0,7,0,1,0,0.0
56695,0,0.102907245,41,0,0.088568935,4583.0,3,0,0,0,1.0
56697,0,0.364554816,79,0,2715.0,,10,0,1,0,0.0
56698,0,0.110157066,50,1,0.569270081,9000.0,20,0,2,0,0.0
56699,0,0.9999998999999999,77,0,0.0,3717.0,0,0,0,0,0.0
56700,0,0.098692507,50,0,0.04792123400000001,26000.0,5,0,1,0,0.0
56701,1,0.9999998999999999,55,0,0.046990602,5000.0,1,0,0,0,0.0
56702,0,0.222017462,30,0,0.32838166,7000.0,8,0,2,0,0.0
56704,0,0.6488772070000001,31,0,0.143101971,3500.0,6,0,0,0,0.0
56706,0,0.436618779,56,0,0.690491803,7624.0,8,0,4,0,0.0
56707,1,1.033202428,37,0,0.04996215,5283.0,5,0,0,0,3.0
56708,0,0.023913915,52,0,0.00515345,13000.0,10,0,0,0,0.0
56709,0,0.0,61,0,1515.0,,4,0,1,0,0.0
56710,0,0.064880543,69,0,25.0,,3,0,0,0,0.0
56711,0,0.995001,31,4,0.7546424340000001,2530.0,6,0,1,1,1.0
56713,0,0.34039068299999997,48,2,0.416579879,4800.0,14,0,0,0,1.0
56714,0,0.9999998999999999,33,0,0.215577191,2875.0,4,0,0,0,0.0
56715,0,0.910292122,34,0,0.20963172800000002,6000.0,5,0,0,0,3.0
56716,0,0.021020397000000003,79,0,0.013064133,2525.0,8,0,0,0,0.0
56717,0,0.0,48,0,0.286639368,10500.0,11,0,2,0,0.0
56718,0,0.21138117399999998,44,0,0.663668166,2000.0,10,0,1,0,0.0
56719,0,0.522179386,65,0,0.5521589610000001,7850.0,9,0,2,0,1.0
56721,0,0.020248988,50,0,3463.0,,4,0,2,0,
56722,1,0.982806877,38,5,0.8764756690000001,3472.0,8,2,3,3,0.0
56723,0,0.311724711,49,0,4874.0,,17,0,2,0,0.0
56726,0,0.900344406,49,1,0.535488171,3000.0,10,0,2,0,1.0
56727,0,0.0,34,0,871.0,,8,0,1,0,0.0
56728,0,0.575052451,70,2,0.27410004,7416.0,10,0,1,0,0.0
56730,0,0.060865254,36,0,0.042848239,6417.0,4,0,0,0,1.0
56731,0,0.066242194,38,0,0.821840826,6583.0,4,0,1,0,0.0
56732,0,0.031997936,37,0,1.619979134,3833.0,10,0,2,0,0.0
56733,0,0.038299043,67,0,0.20688156,16100.0,5,0,2,0,0.0
56734,0,0.09539682199999999,50,0,2346.0,,13,0,1,0,2.0
56735,0,0.9760904220000001,74,0,1261.0,,3,0,1,0,0.0
56740,0,0.35537133,51,0,0.30019439,3600.0,7,0,0,0,0.0
56741,0,0.013574201000000001,42,0,1504.0,,6,0,2,0,0.0
56742,0,0.007560853,69,0,0.19956816800000002,3241.0,9,0,1,0,0.0
56743,0,0.017487126999999998,71,0,1552.0,,3,0,1,0,0.0
56744,0,0.028945865,44,0,0.182128452,3222.0,12,0,1,0,0.0
56745,0,0.040355548,60,0,0.414994915,10816.0,15,0,6,0,1.0
56747,0,0.643074456,65,0,0.84240886,4333.0,13,0,2,0,1.0
56748,0,0.798840232,28,0,170.0,,3,0,0,0,0.0
56750,0,0.265348064,49,0,0.365483072,6054.0,10,0,1,0,0.0
56751,1,0.458070639,58,1,0.40821256,3725.0,7,4,1,1,2.0
56752,0,0.431167874,60,0,0.614950316,8855.0,13,0,3,0,0.0
56753,0,0.22615476899999998,25,0,0.013194721999999999,2500.0,2,0,0,0,0.0
56754,0,0.014049298,67,1,58.0,,2,0,0,0,
56755,0,0.005882215,72,0,0.26358063800000003,4730.0,9,0,1,0,0.0
56759,0,0.925767309,39,0,0.27726193,4630.0,13,0,0,0,2.0
56761,0,0.0034692459999999996,105,0,2.0,,4,0,0,0,
56762,0,0.056835515999999996,65,0,0.019302535,7770.0,7,0,0,0,0.0
56764,0,0.5481803439999999,55,0,0.369810415,4166.0,8,0,1,0,1.0
56765,0,0.066821564,45,0,0.296184836,10300.0,6,0,1,0,2.0
56766,0,0.589027006,52,0,1.054661461,10500.0,10,0,1,0,0.0
56767,0,0.394956675,48,0,0.5558693929999999,8850.0,15,0,1,0,2.0
56768,0,0.391863322,44,0,0.47180816600000003,10800.0,8,0,2,0,0.0
56769,0,0.227431727,48,1,0.202145215,6059.0,9,0,1,0,3.0
56770,1,0.9999998999999999,61,4,2722.0,,6,0,1,1,2.0
56771,0,0.021690082000000003,49,0,21.0,,7,0,0,0,0.0
56772,0,0.15576047099999998,27,0,0.072219659,4333.0,4,0,0,0,0.0
56774,0,0.815133028,66,1,0.541729135,2000.0,5,0,0,0,1.0
56775,0,0.000449978,34,0,0.715778474,5741.0,9,0,2,0,1.0
56777,0,0.910573382,30,0,0.412195935,3000.0,8,0,1,0,0.0
56779,0,0.055262392,45,0,0.046225185,6900.0,4,0,0,0,0.0
56781,0,0.154952223,76,0,0.517296541,5000.0,8,0,2,0,0.0
56782,1,0.9999998999999999,24,0,232.0,,3,1,0,0,0.0
56786,0,0.119842466,47,0,0.255822461,8200.0,4,0,1,0,2.0
56787,0,0.138474973,38,1,0.349054245,12000.0,11,0,5,0,0.0
56788,0,0.582175445,45,0,0.45318208,5200.0,4,0,2,0,2.0
56789,0,0.5990844479999999,69,1,0.322408265,2806.0,12,0,1,0,0.0
56790,0,0.14920039,34,0,0.5826012429999999,4666.0,10,0,3,0,1.0
56792,0,0.018577128999999998,45,0,0.296778067,9993.0,10,0,2,0,1.0
56793,0,0.08409551,58,0,0.269133726,10700.0,6,0,3,0,1.0
56795,0,0.9999998999999999,38,0,0.564663024,2744.0,9,0,1,0,2.0
56796,0,0.026774305,61,0,0.45860551899999996,7500.0,9,0,1,0,3.0
56798,0,0.9999998999999999,37,0,0.0005778119999999999,5191.0,1,0,0,0,1.0
56799,0,0.0,72,0,0.15154800599999999,8300.0,2,0,1,0,0.0
56800,0,0.0034481840000000004,33,0,0.478753541,6000.0,7,0,3,0,0.0
56801,0,0.17798565800000002,33,0,0.583351445,4600.0,8,0,2,0,1.0
56802,0,0.275547534,33,0,0.434612651,8441.0,14,0,1,0,0.0
56803,0,0.39757864,36,0,0.01743721,6250.0,4,0,0,0,1.0
56804,0,0.869826035,50,0,0.090909091,7083.0,4,0,0,0,2.0
56806,0,0.033318989,49,0,0.349255721,4500.0,12,0,1,0,0.0
56808,0,0.449907509,45,1,0.892540428,3833.0,12,0,1,0,2.0
56809,0,0.103702258,47,0,0.227210351,5100.0,6,0,1,0,0.0
56810,0,0.11179334199999999,72,0,0.520187793,1064.0,3,0,0,0,2.0
56811,0,0.9999998999999999,24,0,94.0,,1,1,0,0,0.0
56813,0,0.0,72,0,0.546715017,4687.0,8,0,2,0,0.0
56814,0,0.128687131,37,1,0.118195489,3324.0,5,0,0,0,0.0
56815,0,0.9814702409999999,36,1,0.362934563,19300.0,14,0,4,0,0.0
56816,0,0.9999998999999999,60,2,21727.0,,12,2,0,0,0.0
56817,0,0.069539689,68,0,94.0,,14,0,0,0,0.0
56820,0,0.061328223,43,0,0.384502279,6800.0,5,0,1,0,1.0
56822,0,0.212789073,54,0,0.361699184,7226.0,10,0,1,0,1.0
56823,0,0.19836935600000002,72,0,896.0,,5,0,1,0,0.0
56824,0,0.9999998999999999,50,0,0.310868913,10000.0,2,0,1,0,4.0
56825,0,0.03931453,45,0,0.024897481000000003,3413.0,9,0,0,0,1.0
56826,0,0.533416005,39,0,1746.0,,10,0,1,0,2.0
56827,0,0.072828238,54,0,2020.0,,8,0,1,0,0.0
56828,0,0.25668591399999996,61,0,0.226454623,10500.0,19,0,1,0,1.0
56829,1,0.49090182,63,0,0.520773162,4500.0,12,0,0,0,0.0
56830,0,0.31310452899999996,48,0,0.8871193070000001,7157.0,15,0,2,0,0.0
56831,0,0.21005396,72,0,0.319141059,2700.0,16,0,0,0,0.0
56832,0,0.18771377600000003,67,0,0.34457855200000004,50539.0,13,0,4,0,2.0
56833,0,0.002535669,69,0,0.19761273199999999,8293.0,10,0,2,0,0.0
56835,1,1.017540782,54,4,0.588346837,5800.0,13,0,3,2,1.0
56836,0,0.583401037,41,0,1.117206983,400.0,4,0,0,0,0.0
56837,0,0.89272961,51,0,0.17282683100000001,2921.0,5,0,0,0,2.0
56838,0,0.229074357,53,2,0.24835488100000003,12916.0,11,0,2,0,2.0
56839,0,0.018448763,50,0,0.236676332,10000.0,11,0,1,0,2.0
56840,0,0.0,71,0,1412.0,,4,0,1,0,0.0
56841,0,0.276653105,37,0,0.59968572,5090.0,9,0,2,0,3.0
56842,0,0.010724942,73,0,5.0,,12,0,0,0,0.0
56843,0,0.864174742,57,1,0.440663176,4583.0,8,1,1,0,0.0
56844,0,0.023922631,70,0,7063.0,,12,0,2,0,0.0
56845,1,0.9999998999999999,41,0,0.579477292,4667.0,2,2,1,1,1.0
56846,0,0.049660802999999996,56,0,0.327639752,7083.0,9,0,1,0,0.0
56847,0,0.266300115,63,0,0.603349163,4000.0,18,0,1,0,0.0
56848,1,1.4726368159999998,72,0,0.640021817,16500.0,5,3,4,0,1.0
56849,0,0.297971622,40,0,3026.0,,7,0,2,0,0.0
56850,0,0.27352982800000003,72,1,0.627936166,5576.0,16,0,3,0,0.0
56851,0,0.017353861,59,0,1492.0,,13,0,2,0,0.0
56852,0,0.632276926,42,1,0.521895621,5000.0,10,0,1,0,0.0
56854,0,0.41185275,42,0,0.296585035,11800.0,9,0,2,0,2.0
56855,0,0.01075825,67,0,8.0,,3,0,0,0,0.0
56857,0,0.0,41,0,0.233052171,3200.0,7,0,0,0,0.0
56858,0,0.435657245,41,1,0.286695023,13400.0,8,0,1,0,4.0
56859,0,0.026244269,62,0,0.003618703,10500.0,10,0,0,0,0.0
56861,0,0.819090738,53,0,0.281642512,2069.0,6,0,0,0,0.0
56863,0,0.129624829,52,0,0.519826724,3000.0,7,0,1,0,0.0
56864,0,0.018911208,60,0,0.017047817,2404.0,6,0,0,1,0.0
56867,0,0.174309915,39,0,0.35634372799999997,4200.0,18,0,3,0,1.0
56872,0,0.0,49,1,0.0,4500.0,9,0,0,0,0.0
56875,0,0.651664683,50,0,0.382874284,11000.0,23,0,2,0,1.0
56876,0,0.643801133,46,2,0.065057992,7500.0,6,0,0,0,1.0
56877,0,0.14914181,56,0,0.006781429,3833.0,1,0,0,0,0.0
56878,0,0.309538092,43,0,0.25858047300000003,3000.0,3,0,1,0,2.0
56879,0,0.211393303,47,0,1142.0,,8,0,1,0,0.0
56880,0,0.025730608,52,0,1978.0,,9,0,1,0,0.0
56883,0,0.293868245,40,0,0.510748209,6000.0,2,0,1,0,0.0
56884,0,0.39907103299999996,44,0,0.237678855,3773.0,6,0,0,0,1.0
56886,0,0.025109716,72,0,1178.0,,3,0,1,0,0.0
56888,0,0.400590775,31,0,0.10684188,7000.0,10,0,0,0,2.0
56890,0,0.9999998999999999,37,0,1275.0,,4,0,2,0,0.0
56891,0,0.44784689,41,0,0.197807218,2188.0,7,0,0,0,1.0
56894,0,0.9999998999999999,55,0,0.31721249,2625.0,2,0,1,0,0.0
56895,0,0.5012436570000001,28,0,0.726206345,3750.0,9,0,3,0,1.0
56897,0,0.0289492,55,0,0.33994334299999995,6000.0,14,0,2,0,0.0
56899,0,0.018999136,59,0,11.0,,2,0,0,0,0.0
56900,0,0.156113055,38,0,0.256974303,10000.0,5,0,1,0,2.0
56901,0,0.255138441,67,3,0.294661775,19350.0,11,0,3,0,0.0
56902,0,0.029414372,62,0,0.591963493,7888.0,15,0,2,0,0.0
56903,0,0.021592319,71,0,1324.0,,9,0,1,0,0.0
56904,0,0.44525522799999995,37,0,0.468766799,9300.0,11,0,4,0,2.0
56905,0,0.0,26,0,520.0,,4,0,0,0,
56907,0,0.023579132000000003,57,0,0.299046087,8700.0,12,0,3,0,0.0
56908,0,0.007941593,65,0,0.0026839629999999997,4470.0,6,0,0,0,0.0
56909,0,0.10664466800000001,46,0,1961.0,,2,0,1,0,0.0
56911,0,0.89114135,48,0,0.11252758,4078.0,9,0,0,0,0.0
56912,1,0.844165119,35,0,0.5522745410000001,2505.0,4,1,0,0,2.0
56913,0,0.416628964,33,0,1.6075981000000001,4000.0,13,0,4,0,1.0
56914,0,0.475726214,48,0,2452.0,,6,0,2,0,0.0
56915,0,0.420222786,41,0,0.506574828,9581.0,9,0,2,0,0.0
56916,0,0.029934814,37,0,0.17300435399999997,10334.0,3,0,1,0,1.0
56917,0,0.968874395,42,0,0.356814701,3264.0,8,0,0,0,0.0
56918,0,0.152431989,47,0,0.26972134600000003,22500.0,15,0,1,0,5.0
56919,0,0.021355081,63,0,0.294742729,3575.0,4,0,1,0,0.0
56920,0,0.519937962,87,0,0.291096712,4166.0,7,0,1,0,1.0
56921,0,0.514242596,67,0,0.301449758,6000.0,3,0,1,0,1.0
56922,0,0.041820289,58,0,3846.0,,15,0,2,0,0.0
56924,0,0.056983374,32,0,0.285268714,8335.0,6,0,2,0,1.0
56927,0,0.7836117140000001,53,0,0.229530755,7266.0,12,0,2,0,1.0
56928,0,0.9999998999999999,56,0,35.0,,0,0,0,0,0.0
56929,0,0.098579055,74,0,0.588186008,2386.0,12,0,1,0,0.0
56930,0,0.056644652999999996,36,0,0.144376373,8650.0,7,0,1,0,2.0
56931,0,0.004680602,79,0,252.0,,2,0,0,0,0.0
56934,0,0.9999998999999999,33,0,1725.0,,5,0,1,0,0.0
56935,0,0.0,30,0,0.0,2000.0,3,0,0,0,0.0
56936,0,0.257360435,39,0,0.735726427,10000.0,16,0,8,0,0.0
56938,0,0.225877071,66,0,0.465351543,5930.0,8,0,1,0,0.0
56942,0,0.9999998999999999,80,0,0.00049975,2000.0,0,0,0,0,0.0
56944,0,0.582402933,68,0,956.0,,5,0,1,0,0.0
56945,1,0.120540834,58,0,0.277908721,14000.0,13,0,2,0,2.0
56946,0,0.012926966000000002,76,0,969.0,,9,0,1,0,0.0
56948,0,0.0,89,0,22.0,,1,0,0,0,
56950,0,0.036935368999999996,69,0,0.11347163199999999,4000.0,6,0,1,0,0.0
56951,0,0.152042398,60,0,0.892484342,2873.0,10,0,1,0,2.0
56953,0,0.46446291100000003,66,1,6653.0,,12,0,2,0,0.0
56956,0,0.02974344,89,0,0.006484734,3700.0,5,0,0,0,0.0
56957,0,0.07124828700000001,67,0,0.297261108,8214.0,10,0,2,0,1.0
56959,0,0.250918727,47,0,329.0,,4,0,0,0,0.0
56960,0,0.293551956,50,0,0.381921479,11792.0,8,0,1,0,0.0
56961,0,0.019195039,53,0,0.500293083,3411.0,13,0,1,0,0.0
56962,0,0.006988239,69,0,1726.0,,8,0,1,0,0.0
56963,0,0.008686957,66,0,0.00089666,4460.0,3,0,0,0,0.0
56964,0,0.629075818,79,0,0.271036448,6666.0,9,0,0,0,0.0
56966,0,0.028249293999999998,80,0,0.009389671,3833.0,14,0,0,0,0.0
56968,0,0.7952343059999999,56,0,2223.0,,12,0,1,0,0.0
56969,1,0.651700956,61,6,0.681349578,3200.0,11,0,1,2,1.0
56970,1,0.368015675,43,0,0.27560071,6200.0,19,0,1,0,0.0
56971,1,0.62649356,33,2,0.398305085,2831.0,7,2,0,0,0.0
56972,0,0.24956652399999998,57,0,3090.0,,14,0,3,0,0.0
56973,0,0.9999998999999999,39,1,0.39731286,2083.0,7,0,0,0,0.0
56975,0,0.077988002,32,0,15.0,,2,0,0,0,
56976,0,0.242648693,27,0,0.124468883,4000.0,8,0,0,0,0.0
56977,0,0.7682463509999999,41,0,0.543050629,3100.0,7,0,1,0,0.0
56978,0,0.177756428,48,0,0.6485585739999999,6000.0,16,0,2,0,2.0
56979,1,0.7810206140000001,58,5,1.4450307830000002,1136.0,5,0,1,2,3.0
56980,0,0.33662871299999997,59,0,1.3061437,2880.0,12,0,2,0,0.0
56981,1,0.9999998999999999,24,1,302.0,,4,0,0,2,
56982,0,0.012300811000000002,56,0,1563.0,,8,0,1,0,0.0
56983,0,0.007709776999999999,42,0,0.00279944,5000.0,12,0,0,0,0.0
56984,0,0.04342161,36,0,0.590388647,6200.0,11,0,1,0,2.0
56985,0,0.299774478,38,1,2533.0,,7,0,1,0,0.0
56988,0,0.26210295,56,0,0.265643218,5145.0,9,0,1,0,0.0
56989,0,0.03399381,77,0,0.42676604,3085.0,8,0,1,0,0.0
56990,0,0.294740775,71,0,0.137976004,3833.0,5,0,0,0,0.0
56991,0,0.006607714000000001,65,1,0.234437125,33701.0,11,0,3,0,1.0
56992,0,0.8246215370000001,27,0,0.084917851,5416.0,2,0,0,0,0.0
56993,0,0.9999998999999999,52,2,0.384387352,6071.0,7,0,1,1,1.0
56994,0,0.08920262,58,0,0.37896210399999997,10000.0,20,0,1,0,2.0
56995,0,0.001562337,69,0,1303.0,,6,0,1,0,0.0
56996,0,0.406931602,55,1,0.299503274,8857.0,5,0,2,0,0.0
56998,0,0.162262712,55,0,0.309974362,8190.0,21,0,2,0,0.0
57000,0,0.26938769,34,0,0.345484845,9600.0,14,0,1,0,0.0
57001,0,0.298609217,31,0,0.7015052540000001,3520.0,4,0,1,0,2.0
57002,0,0.7745483790000001,52,0,0.670168333,7900.0,14,0,1,0,0.0
57003,0,0.9999998999999999,62,0,0.0,6521.0,0,0,0,0,1.0
57007,0,0.001379279,81,0,0.001749563,4000.0,8,0,0,0,0.0
57009,0,0.164503977,76,0,106.0,,1,0,0,0,0.0
57010,1,1.7840359940000001,30,1,0.195601466,3000.0,9,0,0,1,0.0
57011,0,0.073421501,48,0,0.355829474,14683.0,9,0,2,0,0.0
57013,0,0.000351633,40,0,0.122366385,8400.0,10,0,0,0,2.0
57015,0,0.04649833900000001,56,0,0.33041739600000003,4000.0,8,0,1,0,0.0
57016,0,0.021293700000000002,54,1,0.573006334,6156.0,11,0,5,0,0.0
57018,0,0.005228497,75,0,0.33181382,4167.0,13,0,2,0,0.0
57019,0,1.8111888109999998,54,0,0.167870237,9000.0,4,0,1,0,1.0
57020,0,0.027938857999999997,44,0,0.25010363399999996,7236.0,13,0,1,0,2.0
57021,0,0.069157416,47,0,71.0,,1,0,0,0,
57022,0,0.9999998999999999,68,0,2.6000000000000002e-05,38417.0,2,0,0,0,0.0
57023,0,0.038705571,78,0,0.006284996,8750.0,6,0,0,0,0.0
57024,0,0.9221556890000001,67,0,13.0,,3,0,0,0,
57025,1,0.532149567,52,0,0.292379942,6600.0,8,0,1,0,0.0
57026,0,1.003791796,45,3,0.586130742,4527.0,4,2,1,0,1.0
57028,0,0.213149857,65,0,1491.0,,11,0,1,0,0.0
57029,0,0.121756487,25,0,0.00047573699999999995,2101.0,1,0,0,0,0.0
57030,1,0.017891457,52,0,0.46623786,39333.0,18,0,7,0,3.0
57032,0,0.03932384,45,0,0.28338313,4350.0,9,0,1,0,0.0
57033,1,1.08994004,48,3,0.097758955,17000.0,6,0,0,2,3.0
57034,0,0.121899485,50,0,0.13485892,4500.0,4,0,0,0,0.0
57035,0,0.069710889,55,0,0.21070314399999998,12500.0,10,0,2,0,1.0
57037,0,0.506828181,57,0,1.931216931,1700.0,7,0,2,0,0.0
57038,0,0.0013999070000000001,47,0,0.076461769,2000.0,3,0,0,0,1.0
57039,0,0.041849291000000004,58,0,3605.0,,8,0,1,0,0.0
57040,0,0.060104329000000005,47,0,0.16357819,7500.0,15,0,1,0,1.0
57041,0,0.045546918,75,0,0.013662113,3000.0,3,0,0,0,0.0
57042,0,0.821835633,36,1,0.41216503600000004,2350.0,5,0,0,0,0.0
57043,0,0.34175280700000005,39,0,0.546702506,10416.0,8,0,3,0,3.0
57044,0,0.611437539,59,3,0.665133779,4783.0,9,0,2,0,0.0
57045,0,0.014333225,64,0,0.024993752,4000.0,10,0,0,0,1.0
57046,0,0.019090215,54,0,0.279096206,7036.0,9,0,1,0,2.0
57047,0,0.069386326,65,0,0.918181818,5279.0,11,0,2,0,0.0
57049,0,0.020214373,53,0,2923.0,,8,0,4,0,0.0
57050,0,0.044298893,67,0,0.138716618,7900.0,5,0,1,0,0.0
57051,0,0.010680127,56,0,0.46561493200000004,9000.0,9,0,2,0,1.0
57053,0,0.095103565,70,0,0.628747669,6970.0,9,0,1,0,1.0
57054,0,0.920510084,40,0,0.599350162,4000.0,7,0,1,0,2.0
57055,0,0.10841544199999999,41,0,4386.0,,9,0,1,0,0.0
57057,0,0.238896115,40,0,0.732658418,8000.0,13,0,2,0,2.0
57058,0,0.33798613899999996,48,0,0.330733463,6666.0,13,0,1,0,0.0
57060,0,0.32443242,65,0,0.04671916,1904.0,2,1,0,0,0.0
57062,0,0.598802395,58,4,34.0,,8,0,0,2,
57064,0,0.9838052279999999,37,0,0.385148647,7500.0,11,0,0,0,3.0
57065,0,0.003243197,65,0,3243.0,,13,0,4,0,0.0
57066,0,0.0021010860000000003,78,0,24.0,,2,0,0,0,
57068,0,0.033873051,45,0,0.304898367,3000.0,5,0,1,0,0.0
57069,0,0.0,51,0,0.0,2904.0,1,0,0,0,0.0
57070,0,0.180403275,81,0,0.44897959200000004,1371.0,13,0,0,0,0.0
57071,0,0.9999998999999999,75,0,0.0,,2,0,0,0,
57072,1,0.596321936,26,0,0.553815395,3000.0,9,0,1,0,1.0
57073,0,0.0,41,0,0.0,5000.0,4,0,0,0,0.0
57074,0,0.035586172,41,0,2215.0,,3,0,1,0,0.0
57075,0,0.024890627999999998,48,0,0.401655991,6400.0,6,0,1,0,3.0
57076,0,0.07010704400000001,44,0,0.469053095,10000.0,17,0,2,0,0.0
57077,0,0.10328913,66,0,0.463048911,2800.0,7,0,2,0,0.0
57078,0,0.0,41,0,0.08237114599999999,8400.0,5,0,1,0,3.0
57079,1,0.647272448,60,3,0.940190723,10800.0,11,2,1,4,1.0
57081,1,0.914834066,32,2,0.414862336,3740.0,6,2,1,1,2.0
57082,0,0.020115359,58,0,1383.0,,5,0,1,0,0.0
57083,0,0.0,46,0,0.259623396,6000.0,9,0,1,0,2.0
57084,0,0.048732794,65,0,0.961038961,1000.0,34,0,1,0,0.0
57086,0,0.9999998999999999,76,0,0.0,6950.0,1,0,0,0,0.0
57088,1,0.960914073,40,0,0.467029973,5504.0,7,0,1,0,0.0
57089,0,0.043723144000000005,62,0,3229.0,,14,0,2,0,0.0
57091,0,0.004733018,70,0,0.135954682,3000.0,2,0,0,0,0.0
57094,0,0.0,28,1,0.001997953,82083.0,3,0,0,1,0.0
57095,0,0.14335712,55,0,0.40191068700000004,4500.0,14,0,2,0,0.0
57097,1,0.147704591,25,2,0.098450775,2000.0,2,3,0,0,1.0
57098,0,0.571821623,43,0,40.52475248,100.0,11,1,1,0,2.0
57099,0,0.006020494,48,0,1496.0,,8,0,1,0,0.0
57101,0,0.036675167,69,0,0.10514914199999999,6000.0,7,0,1,0,0.0
57102,0,0.9999998999999999,62,0,0.208811551,2700.0,1,0,1,0,1.0
57103,0,0.003211317,54,0,0.151596538,3350.0,4,0,0,0,0.0
57104,0,0.900383624,31,4,0.616905988,3690.0,12,0,2,0,0.0
57105,0,0.143912268,38,2,0.417867809,7700.0,16,0,3,0,0.0
57106,0,0.024532923999999998,76,0,0.21862251,8333.0,7,0,1,0,0.0
57107,0,0.0,35,0,0.18477448300000002,8025.0,8,0,2,0,4.0
57108,0,0.059974217999999996,75,1,0.7480470779999999,9600.0,13,0,2,0,0.0
57109,0,0.077367008,80,0,0.005217164,7666.0,2,0,0,0,0.0
57112,0,0.819548872,56,0,0.122071986,5250.0,5,0,0,0,0.0
57113,0,0.063328056,26,0,0.076484703,3333.0,2,0,0,0,0.0
57114,0,0.921260885,50,1,0.444274809,4584.0,11,0,0,0,0.0
57115,0,0.014887222,56,0,0.164786817,12500.0,5,0,1,0,0.0
57117,0,0.084627125,69,0,0.192229039,4400.0,5,0,0,0,1.0
57118,0,0.848129633,30,0,0.413195601,3000.0,6,0,0,0,2.0
57120,0,0.144215995,60,0,0.138378169,5166.0,6,0,1,0,0.0
57122,0,0.95830417,43,0,0.11142857099999999,3499.0,3,0,0,0,0.0
57124,0,0.0,30,0,0.670666051,6500.0,13,0,2,0,0.0
57125,0,0.09245522699999999,44,0,0.102421684,4500.0,7,0,0,0,2.0
57126,1,0.878881177,40,0,0.605616199,12000.0,19,2,3,11,0.0
57127,0,0.9999998999999999,33,0,0.35536649200000003,4583.0,4,0,1,0,0.0
57128,0,0.506135938,62,0,0.7401882790000001,15083.0,17,0,3,0,1.0
57129,0,0.183167616,35,0,0.180653427,3121.0,12,0,0,0,1.0
57130,0,0.9999998999999999,58,0,0.007708003000000001,4410.0,0,0,0,0,0.0
57133,1,0.22151710600000002,41,0,0.589184206,6508.0,14,0,1,0,1.0
57135,0,0.413095561,48,0,0.629748101,2500.0,8,0,0,0,1.0
57136,0,0.8620791059999999,49,1,0.214422306,16210.0,10,0,2,0,2.0
57139,0,0.923076923,24,0,0.010795682,2500.0,1,0,0,0,0.0
57143,0,0.22397292800000002,56,0,2.022447502,1380.0,18,0,2,0,0.0
57144,0,0.9724587170000001,56,0,4227.0,,9,0,2,0,0.0
57146,0,0.19265030600000002,42,0,0.087937444,7800.0,8,0,0,0,0.0
57148,0,0.107034171,32,0,0.48751248799999997,1000.0,3,0,0,0,0.0
57149,0,0.9999998999999999,73,1,0.24684942199999999,7696.0,4,0,1,0,0.0
57151,1,0.947565543,31,0,0.36618730299999996,2850.0,4,1,2,1,2.0
57152,0,0.084417095,57,0,0.231938851,12166.0,13,0,2,0,2.0
57153,0,0.0,54,0,1353.0,,7,0,1,0,2.0
57154,0,0.300573227,57,3,0.215525198,10833.0,11,0,1,0,1.0
57156,0,0.6824420840000001,54,1,0.425787106,2000.0,6,0,0,0,0.0
57157,0,0.896010946,29,1,0.199111769,1350.0,4,0,0,0,0.0
57158,0,0.00044735699999999995,58,0,0.008253968,6299.0,4,0,0,0,0.0
57162,0,0.19318295100000002,57,0,0.20078226899999999,2300.0,7,0,0,0,0.0
57163,0,0.027325698,42,1,0.017327557,3000.0,7,0,0,1,0.0
57166,0,0.008037008,70,0,0.272202999,2600.0,6,0,1,0,0.0
57168,0,0.608828151,36,0,0.858056777,2500.0,5,0,1,0,3.0
57169,0,0.787519902,45,0,0.136675515,59900.0,14,0,2,0,1.0
57171,0,0.06101868,65,0,0.560675343,2842.0,8,0,2,0,1.0
57172,0,0.341327693,39,0,0.380561944,10000.0,12,0,2,0,0.0
57173,0,0.556687876,53,0,0.248237588,20000.0,21,0,2,0,1.0
57175,0,0.088246713,43,1,0.851259496,2500.0,12,0,1,0,0.0
57176,0,0.545742376,48,3,0.287390029,3750.0,4,0,1,0,1.0
57177,0,0.447021192,52,1,1058.0,,5,0,0,0,0.0
57178,0,0.9999998999999999,79,0,699.0,,4,0,0,0,
57179,0,0.018282157,41,0,0.052662278,12000.0,18,0,0,0,1.0
57181,0,0.0,70,0,0.167532987,2500.0,4,0,0,0,1.0
57183,0,0.8785399620000001,54,0,1192.0,,6,0,1,0,0.0
57185,0,0.11736707,66,0,0.05598134,3000.0,4,0,0,0,0.0
57186,0,0.88976378,55,0,0.323935213,5000.0,3,0,1,0,0.0
57191,0,0.565350854,51,1,0.36751691799999997,9604.0,12,0,2,0,5.0
57193,0,0.992595797,42,0,0.6920684290000001,4500.0,5,0,1,0,0.0
57195,0,0.17303607699999998,74,0,0.27641373199999997,9000.0,10,0,1,0,0.0
57196,0,0.966552877,40,0,0.327830737,4300.0,3,3,0,0,0.0
57197,0,0.0,40,0,0.055174968,5400.0,6,0,0,0,0.0
57199,1,0.9680213190000001,59,0,0.660649819,3600.0,6,0,1,1,1.0
57200,0,0.308386738,74,0,0.367409685,1300.0,8,0,0,0,0.0
57201,0,0.012196895,71,0,0.14059316300000002,4416.0,10,0,1,0,0.0
57202,1,0.9999998999999999,79,98,0.005342832,1122.0,0,98,0,98,0.0
57203,0,0.443674027,46,0,0.265790762,12253.0,10,0,1,1,4.0
57204,0,0.214500617,52,0,0.378473754,6800.0,15,0,1,0,2.0
57205,0,0.623587468,59,0,0.311950088,6250.0,19,0,0,0,0.0
57206,0,0.047081949000000005,42,0,0.25111177,16864.0,11,0,2,0,4.0
57207,1,0.141956277,63,0,0.960918752,2916.0,10,0,1,0,1.0
57208,0,0.020939994,73,0,534.0,,4,0,1,0,
57209,0,0.18812487600000002,56,1,0.424762278,10200.0,21,0,2,0,0.0
57210,0,0.9999998999999999,48,0,4037.0,,3,0,2,0,0.0
57211,0,0.9999998999999999,49,1,0.40982181700000003,2300.0,2,0,0,0,3.0
57214,0,0.341717476,49,0,6530.0,0.0,12,0,3,0,5.0
57215,0,0.04059594,73,0,0.011988012,1000.0,4,0,0,0,0.0
57216,0,0.9999998999999999,31,3,0.18325697600000002,2400.0,7,1,0,0,0.0
57218,0,0.750239454,51,0,0.69494987,5385.0,9,0,3,0,3.0
57219,0,0.012972841,56,0,0.048508742,5833.0,11,0,0,0,3.0
57220,0,0.9999998999999999,72,0,30.0,,0,0,0,0,0.0
57222,0,0.12432247,62,0,0.318470844,12895.0,13,0,2,0,1.0
57223,1,0.9999998999999999,39,0,331.0,,3,0,0,0,3.0
57224,0,0.025579654,51,0,0.22252927100000003,13750.0,13,0,2,0,3.0
57225,0,0.17599581,55,0,0.224014918,12333.0,8,0,1,0,1.0
57227,0,0.089672758,62,0,0.284905032,3000.0,4,0,1,0,0.0
57228,0,0.357906351,56,0,0.161256361,5698.0,9,0,0,0,0.0
57230,0,0.007524628,68,0,2078.0,,11,0,1,0,1.0
57231,0,0.062421881,34,0,1.205897051,2000.0,6,0,1,0,0.0
57233,0,0.348121423,54,0,0.376581041,7668.0,10,0,2,0,0.0
57234,0,0.714971337,47,0,0.247845741,14157.0,7,0,2,0,0.0
57235,1,0.717694775,52,3,0.418197725,8000.0,10,0,2,0,0.0
57237,1,0.43313373299999997,42,1,427.0,,2,0,0,1,0.0
57238,0,0.018162199,65,0,1900.0,,8,0,1,0,
57239,0,0.888223553,22,0,13.0,0.0,2,0,0,0,0.0
57241,0,0.005249738,64,0,0.145585441,10000.0,5,0,2,0,0.0
57242,0,0.535240984,55,1,0.22066439300000001,7916.0,18,0,2,0,0.0
57244,0,0.023799897999999996,29,1,0.334664097,7263.0,10,0,1,0,0.0
57246,0,0.695890745,40,0,0.301506868,7498.0,10,0,1,0,0.0
57247,0,0.0,68,0,0.0,,1,0,0,0,
57248,0,0.031351998,65,0,0.145845668,15200.0,9,0,1,0,0.0
57249,0,0.9999998999999999,30,0,0.07230843099999999,6250.0,3,0,0,0,0.0
57250,1,0.7825995809999999,51,4,0.365302055,13043.0,21,0,1,1,4.0
57251,0,0.32780633,40,0,0.37230914,8500.0,9,0,2,0,0.0
57253,0,0.033969589,78,0,0.0079984,5000.0,8,0,0,0,0.0
57255,0,0.25424569199999997,54,0,0.427711458,9800.0,10,0,4,0,2.0
57256,0,0.9999998999999999,43,0,0.32783402100000003,8000.0,2,2,1,1,4.0
57257,0,0.40249484,54,0,1013.0,,7,0,0,0,0.0
57258,0,0.090124518,49,0,1.3660749509999999,2534.0,10,0,1,0,0.0
57260,0,0.075470199,80,0,0.128099174,3871.0,6,0,1,0,0.0
57261,0,0.06312237,74,0,0.177164567,5000.0,6,0,0,0,0.0
57262,0,0.005672521,66,0,0.235720032,8700.0,14,0,1,0,0.0
57264,0,0.41408854100000003,39,2,0.252556624,13200.0,10,0,2,0,1.0
57265,1,0.626527732,34,0,2066.0,,8,0,1,0,1.0
57266,0,0.08279448,78,2,0.0052849590000000005,7000.0,4,0,0,0,0.0
57269,0,0.11481902699999999,43,0,0.5043739070000001,4000.0,7,0,2,0,3.0
57270,0,0.065525339,30,0,0.656510355,4200.0,12,0,1,0,0.0
57272,0,0.136391894,78,0,230.0,,8,0,0,0,0.0
57273,0,0.028337703,59,0,0.055977609000000005,2500.0,14,0,0,0,0.0
57274,0,0.026341412,50,0,1607.0,,9,0,1,0,0.0
57275,0,0.012663907,75,0,0.31111481399999996,6000.0,14,0,1,0,2.0
57277,0,0.0046272579999999995,72,0,0.259091671,5966.0,8,0,1,0,1.0
57279,0,0.542528411,51,0,0.168978878,8000.0,7,0,1,0,2.0
57280,0,0.116237799,47,1,29136.0,,23,0,2,0,0.0
57281,0,0.029661722999999997,30,0,1.195902049,2000.0,6,0,2,0,0.0
57282,0,0.061848207999999995,57,0,0.007204761,9576.0,9,0,0,0,0.0
57283,0,0.02197539,86,0,0.019932669,30000.0,13,0,1,0,0.0
57284,0,0.150518394,51,0,0.151226371,6400.0,4,0,1,0,0.0
57285,0,0.002705853,66,0,0.620951967,4600.0,14,0,2,0,0.0
57288,0,0.566539055,28,0,0.580916031,1309.0,6,0,0,0,0.0
57289,0,0.041031662999999996,45,0,0.18674412,10500.0,20,0,1,0,0.0
57290,0,0.20401162,38,0,0.087065195,4800.0,7,0,0,0,0.0
57292,0,0.023362979,39,0,0.359462486,6250.0,5,0,1,0,0.0
57293,1,0.9999998999999999,24,0,0.0,764.0,0,0,0,0,0.0
57294,0,0.092495375,76,0,0.018327224,3000.0,3,0,0,0,1.0
57295,0,0.0,81,0,0.0,,2,0,0,0,0.0
57296,0,0.050148745999999994,79,0,60.0,,2,0,0,0,0.0
57299,0,0.948974315,27,0,0.082458771,2000.0,2,0,0,0,0.0
57300,0,0.026174212999999998,56,0,0.160387169,12500.0,16,0,1,0,3.0
57302,0,0.228754249,59,0,0.049387352999999995,21300.0,16,0,0,0,1.0
57303,0,0.0,36,0,1551.0,0.0,5,0,1,0,1.0
57304,0,0.0027605240000000003,82,0,0.001666111,3000.0,12,0,0,0,0.0
57306,0,0.039547768,60,0,0.254020016,8892.0,6,0,2,0,0.0
57307,0,0.011332647,32,0,0.195893698,11250.0,6,0,1,0,0.0
57308,0,0.073310736,47,0,6024.0,,12,0,2,0,0.0
57309,0,0.196251413,61,0,0.322622666,2302.0,7,0,0,0,0.0
57310,0,0.525611717,45,1,0.20087402,6635.0,15,0,0,0,2.0
57311,0,0.186792769,59,0,0.27289878300000003,10600.0,10,0,1,0,0.0
57313,0,0.9999998999999999,60,0,0.202386712,6200.0,3,0,0,0,1.0
57315,0,0.9999998999999999,27,0,304.0,,4,0,0,0,0.0
57316,0,0.0,37,0,0.495304453,3300.0,5,0,1,0,3.0
57317,0,0.26245742899999996,63,0,0.20092185199999998,4772.0,9,0,0,0,1.0
57319,0,0.029709423,48,0,0.310922269,4000.0,16,0,1,0,3.0
57321,0,0.592640327,28,0,0.15352144,4500.0,7,0,0,0,0.0
57323,0,0.01439856,40,0,0.054389122000000005,5000.0,3,0,0,0,0.0
57324,0,0.9999998999999999,26,0,0.148489503,1952.0,1,0,0,0,2.0
57325,0,0.22544363899999997,33,0,0.44661458299999995,1535.0,4,0,0,0,1.0
57326,0,0.104587062,61,0,1429.0,,4,0,1,0,
57327,0,0.065830405,53,2,0.28959276,5966.0,16,0,1,0,0.0
57328,0,0.307909569,51,0,0.21428119699999998,15810.0,16,0,2,0,1.0
57329,0,0.8024456520000001,57,2,0.217967175,10418.0,3,0,1,0,2.0
57330,0,0.306568075,45,0,0.41991601700000003,5000.0,8,0,1,0,2.0
57333,0,0.11863742099999999,62,0,0.149973689,5700.0,8,0,1,0,1.0
57334,0,0.18750864,46,0,0.034430714,10600.0,9,0,0,0,0.0
57335,0,0.990933938,57,0,0.836081959,2000.0,7,0,1,0,0.0
57336,0,0.000517744,64,0,0.358826081,6916.0,26,0,2,0,1.0
57337,0,0.18527206,39,0,0.40838300299999997,5200.0,12,0,2,0,0.0
57339,0,0.055164805,67,1,12.0,,1,0,0,0,
57341,0,0.134562292,49,0,0.43454039,4666.0,8,0,1,0,0.0
57343,0,0.5381909420000001,30,0,0.507712817,5250.0,11,0,1,0,0.0
57344,0,0.288523497,54,0,1002.0,,4,0,0,0,0.0
57345,0,0.090710024,30,0,0.10053836699999999,15416.0,6,0,0,0,0.0
57348,0,0.282423085,79,0,725.0,,5,0,1,0,0.0
57349,0,0.495758174,68,1,0.522882855,13000.0,16,0,3,0,0.0
57350,0,0.036892728,55,0,0.10057988400000001,5000.0,14,0,0,0,0.0
57351,0,0.00319216,52,0,0.284786642,3233.0,16,0,1,0,1.0
57352,0,0.0,82,0,37.0,,4,0,0,0,0.0
57353,0,0.015077227,67,0,0.94042383,2500.0,9,0,2,0,0.0
57356,0,0.455205097,54,0,0.504991681,3605.0,13,0,0,0,2.0
57357,0,0.333835882,51,0,1.184159938,2600.0,15,0,2,0,2.0
57358,0,0.757040493,48,0,0.223777495,5500.0,3,0,1,0,0.0
57360,0,0.132673596,43,0,711.0,0.0,7,0,0,0,2.0
57362,0,0.213906491,48,0,0.413998807,5028.0,16,0,1,0,1.0
57363,0,0.030194996,63,0,0.167241638,13333.0,5,0,1,0,0.0
57364,0,0.691417143,38,2,0.654469106,5000.0,6,0,1,0,0.0
57365,0,0.055796272,64,0,3880.0,,18,0,2,0,0.0
57367,0,0.087192022,37,0,0.421257874,10000.0,11,0,2,0,0.0
57368,0,0.086740944,59,0,760.0,,7,0,1,0,0.0
57371,0,0.079131966,41,0,0.184214513,6600.0,4,0,1,0,2.0
57372,0,0.016176317,88,0,0.011042403000000001,4527.0,11,0,0,0,1.0
57373,0,0.632111929,65,3,0.382723455,5000.0,17,0,1,0,0.0
57374,0,0.631229236,40,0,0.004621072,1081.0,1,0,0,0,0.0
57375,0,0.020054108,60,0,2102.0,,10,0,1,0,0.0
57377,0,0.0,37,0,0.389020178,5500.0,6,0,2,0,4.0
57378,0,0.9999998999999999,45,2,0.37812393,5841.0,5,0,2,0,0.0
57380,0,0.633991137,53,0,0.60941116,11666.0,17,0,3,0,0.0
57381,0,0.02242868,69,0,0.25655616,8083.0,18,0,2,0,1.0
57383,0,0.146496338,41,0,0.40901213200000003,7500.0,8,0,2,0,3.0
57384,0,0.040556924,65,1,1036.0,,11,0,0,0,1.0
57385,0,0.43542583,25,0,0.020671835,1547.0,3,0,0,0,1.0
57386,0,0.0,51,0,0.31281122699999997,4417.0,12,0,1,0,0.0
57387,0,0.45818159399999997,42,0,2185.0,,6,0,2,0,3.0
57390,0,0.052138202,53,1,0.305950204,7108.0,8,0,1,0,1.0
57392,0,0.002799907,68,0,0.00039992,5000.0,3,0,0,0,1.0
57394,0,0.028070927000000002,66,0,89.0,,8,0,0,0,0.0
57396,0,0.204868877,58,0,0.208772748,10714.0,17,0,2,0,1.0
57397,0,0.057098097,46,0,0.181275561,9046.0,4,0,1,0,0.0
57398,0,0.8357293459999999,40,1,0.175846733,5845.0,8,0,0,0,1.0
57400,0,0.9999998999999999,37,1,0.583795782,2702.0,6,0,1,0,0.0
57402,0,0.12342208800000001,60,0,0.03616064,6000.0,5,0,0,0,0.0
57404,1,0.255450308,83,0,0.011318618999999999,5300.0,6,0,0,0,0.0
57406,0,0.022929717000000002,38,0,1722.0,,7,0,1,0,0.0
57407,1,0.465709286,64,1,998.0,,6,0,0,0,0.0
57408,0,0.680861478,48,0,0.392569026,8800.0,7,0,2,0,0.0
57409,0,0.473421831,33,0,0.41501666299999995,5100.0,12,0,0,0,0.0
57411,0,0.9999998999999999,89,0,0.0,,2,0,0,0,0.0
57412,0,0.133988646,55,0,0.674473068,5977.0,21,0,5,0,0.0
57413,0,0.006328686,62,0,0.259027935,8805.0,9,0,1,0,0.0
57414,0,0.510372536,65,1,4695.0,,20,0,3,0,0.0
57415,0,0.650538711,59,0,1460.0,,4,0,0,0,1.0
57416,0,0.0,58,0,0.37785016299999996,306.0,2,0,0,0,0.0
57417,0,0.9999998999999999,43,0,0.034010064,5762.0,2,0,0,0,2.0
57419,0,0.030976707000000003,86,0,76.0,,5,0,0,0,
57421,0,0.053325036,64,0,0.171945701,1325.0,12,1,0,0,0.0
57422,0,0.0,54,0,0.248500273,5500.0,7,0,1,0,1.0
57424,0,0.110665161,71,1,0.06682452,3800.0,4,0,0,0,0.0
57426,0,0.0014285029999999998,40,0,0.196967172,6000.0,3,0,1,0,0.0
57427,0,0.030356367999999998,35,0,0.249833356,7500.0,7,0,1,0,2.0
57429,0,0.250174299,40,0,0.644630764,3100.0,12,0,0,0,4.0
57431,0,0.17248078600000002,66,0,180.0,,3,0,0,0,
57433,0,0.985779761,56,0,0.879815345,6281.0,14,0,1,0,0.0
57434,0,0.038511778999999996,72,0,1.086317136,1563.0,12,0,2,0,0.0
57435,0,0.0,32,0,0.0,2100.0,4,0,0,0,1.0
57436,0,0.275429943,47,0,0.5264906770000001,5416.0,5,0,1,0,0.0
57437,0,0.027689361000000003,57,0,248.0,,12,0,0,0,0.0
57438,0,0.528888503,51,1,7040.0,,17,0,2,0,3.0
57439,0,0.025524247000000003,50,1,1681.0,,6,0,1,0,
57440,0,0.35375850200000003,27,0,0.31129748399999996,2026.0,4,0,0,0,0.0
57441,0,0.586201662,30,0,0.386111616,5500.0,8,0,1,0,0.0
57444,0,0.0,57,0,903.0,,8,0,1,0,0.0
57446,0,0.23658780399999998,24,0,0.025578563,820.0,3,0,0,0,0.0
57447,0,0.9675966570000001,53,0,4654.0,,11,0,2,0,2.0
57448,0,1.254061775,40,0,0.263537906,3600.0,5,0,0,0,0.0
57450,0,0.071297499,32,0,0.296623678,6900.0,16,0,2,0,1.0
57451,0,0.0,25,0,0.0,1.0,1,1,0,0,0.0
57454,0,0.134420142,47,0,0.22835920399999998,10500.0,14,0,1,0,0.0
57455,0,0.19543602699999998,62,0,3.876321051,3500.0,15,0,0,0,0.0
57456,0,0.151496886,59,2,0.584087561,4750.0,9,0,3,0,2.0
57457,0,0.036800444,44,0,0.33433283399999997,2000.0,3,0,0,0,0.0
57458,0,0.9999998999999999,51,0,0.291961072,7500.0,7,0,2,0,2.0
57460,0,0.029021196000000003,58,0,0.003704445,9987.0,4,0,0,0,0.0
57461,0,0.005841724,53,0,0.150347972,8333.0,6,0,2,0,0.0
57462,0,0.05039888,51,0,0.488251175,10000.0,3,0,1,0,1.0
57463,0,0.043637601,78,0,50.0,,4,0,0,0,0.0
57464,0,0.539064769,63,0,0.402571269,8944.0,6,0,2,0,1.0
57465,0,0.0,46,0,3075.0,,8,0,2,0,
57466,0,0.29297477899999996,43,0,0.144176839,3030.0,5,0,0,0,0.0
57468,0,0.160777002,47,0,0.386754967,1509.0,7,0,0,0,3.0
57469,0,0.898965413,40,0,0.743861135,7085.0,9,0,1,0,1.0
57470,0,0.034114158,43,1,44.0,,7,0,0,0,0.0
57471,0,0.641296961,34,1,0.149709499,7400.0,6,0,0,0,1.0
57472,0,0.073446574,58,0,856.0,,5,0,1,0,
57473,0,0.977995304,57,0,0.7406289709999999,6295.0,15,0,2,0,1.0
57474,0,0.584796821,35,0,0.070156307,2750.0,8,0,0,0,0.0
57475,0,0.151307356,65,0,0.6574855620000001,2250.0,17,0,0,0,0.0
57476,0,0.028326378,88,0,0.004333804,9921.0,8,0,0,0,0.0
57477,0,0.434366519,39,0,0.22885906,2979.0,7,1,0,0,1.0
57478,0,0.11055152800000001,73,0,0.559562696,15000.0,19,0,5,0,0.0
57480,1,0.519777932,61,2,0.6658667420000001,7083.0,16,0,2,0,2.0
57483,0,0.127917686,75,0,1.114661654,531.0,10,0,1,0,0.0
57484,0,0.330072818,25,0,0.132289237,3000.0,5,0,0,0,0.0
57486,0,0.002633538,43,0,0.002076843,1925.0,6,0,0,0,0.0
57487,0,0.276906845,49,0,0.407167427,12500.0,13,0,1,0,2.0
57489,0,0.19523374699999999,74,1,4605.0,,14,0,2,2,0.0
57490,0,0.6909818109999999,64,1,0.40876793100000003,7458.0,10,0,1,0,1.0
57493,0,0.32389930699999997,69,0,0.174896845,7512.0,4,0,1,0,1.0
57498,1,0.9999998999999999,25,98,0.0,2200.0,0,98,0,98,0.0
57499,0,0.8178885770000001,72,0,0.5266175270000001,1220.0,5,0,0,0,0.0
57500,0,0.049897714,51,0,0.460686301,3700.0,11,0,1,0,2.0
57501,0,0.118586703,52,0,0.586904354,5833.0,7,0,3,0,2.0
57502,0,0.008266116,40,0,0.23460688300000002,9500.0,7,0,2,0,2.0
57503,0,0.002899952,61,0,3984.0,,11,0,2,0,0.0
57505,0,0.047550819,46,0,0.548272808,5644.0,15,0,2,0,2.0
57506,0,0.516817575,53,0,0.511174441,20000.0,12,0,2,0,4.0
57507,0,0.00399981,85,0,7.0,,9,0,0,0,
57509,0,0.947174385,53,1,3182.0,,10,0,1,0,3.0
57510,0,0.016570198,72,0,545.0,,13,0,1,0,0.0
57511,0,0.669708356,51,1,0.354309008,17416.0,11,0,3,0,0.0
57512,0,0.46113900700000005,38,0,0.411945655,3900.0,7,0,1,0,2.0
57514,0,0.9999998999999999,33,0,0.658256881,3923.0,2,0,1,0,1.0
57515,0,0.020589783,40,0,0.340770364,4750.0,13,0,1,0,0.0
57517,0,0.89602197,59,0,0.33842692399999996,10666.0,11,0,1,0,1.0
57518,0,0.42636857799999994,51,0,0.65365288,7760.0,18,0,2,0,0.0
57519,0,0.053961608,75,0,0.19288582899999998,8714.0,8,0,1,0,1.0
57520,1,0.24926210199999999,37,2,1.67130829,3087.0,7,1,2,0,0.0
57521,0,0.40724285600000004,58,2,0.495575221,7683.0,14,0,1,0,3.0
57522,0,0.0,55,1,0.186656267,33333.0,10,0,3,0,0.0
57523,0,0.03945034,37,0,0.339960239,7041.0,4,0,2,0,0.0
57524,0,0.0,54,0,0.0,45000.0,2,0,0,0,0.0
57525,0,0.947080464,34,1,0.5059367579999999,8000.0,6,0,2,0,2.0
57527,0,0.33595235100000004,41,1,2986.0,,7,0,1,0,0.0
57528,0,0.01617244,69,0,0.059350504000000005,6250.0,6,0,1,0,0.0
57529,0,0.027198912000000002,77,0,29.0,,7,0,0,0,0.0
57530,1,0.9999998999999999,28,0,0.294035333,5716.0,5,1,1,0,0.0
57531,0,0.001325269,50,0,0.134528032,16070.0,8,0,1,0,3.0
57532,0,0.179763227,51,1,0.325722274,2145.0,9,0,0,0,1.0
57533,0,0.239156407,37,0,0.246600906,3750.0,6,0,1,0,0.0
57534,0,0.0015431779999999999,37,0,0.00079968,2500.0,6,0,0,0,0.0
57535,0,0.152621946,52,0,0.487649965,2833.0,12,0,1,0,0.0
57536,0,0.9999998999999999,63,0,0.32933447600000004,3500.0,4,0,2,0,0.0
57538,0,0.062416953,45,0,0.11970979400000001,4961.0,5,0,1,0,0.0
57539,0,0.293982707,40,0,1.696868583,3895.0,8,0,2,0,3.0
57540,1,0.9999998999999999,44,0,0.0,4400.0,0,0,0,0,3.0
57541,0,0.039651071,64,0,0.121457748,15667.0,6,0,1,0,0.0
57542,0,0.447123514,77,0,0.519296905,7850.0,13,0,2,0,0.0
57543,0,0.350882456,60,0,0.294870513,10000.0,4,0,1,0,1.0
57544,1,0.9430542540000001,38,1,0.7269712979999999,9650.0,16,0,2,0,3.0
57545,0,0.051298718,50,0,1284.0,,3,0,1,0,0.0
57546,0,0.9999998999999999,61,0,0.18072061899999997,5300.0,7,0,1,0,0.0
57547,0,0.032309934,24,0,0.157480315,1650.0,7,0,0,0,0.0
57548,0,0.866912151,39,0,0.015603842,48000.0,11,0,0,0,2.0
57549,0,0.291748012,46,0,1290.0,,4,0,1,0,0.0
57550,0,0.041468606,66,0,0.933263816,2876.0,11,0,1,0,0.0
57551,0,0.29197746,63,1,4387.0,,15,1,2,0,0.0
57552,0,0.076056765,32,0,1638.0,,9,0,1,0,0.0
57553,0,0.0,59,0,1792.0,,5,0,1,0,0.0
57554,0,0.331961134,42,0,1346.0,,3,0,0,0,0.0
57557,0,0.085988535,28,0,0.16856628699999998,5000.0,8,0,0,0,2.0
57558,0,0.116159131,49,0,0.250318124,5500.0,9,0,2,0,0.0
57559,0,0.706594886,38,0,0.23036831100000002,2877.0,3,0,0,0,0.0
57560,0,0.9999998999999999,40,0,0.20756948600000003,1690.0,2,0,0,0,2.0
57561,0,0.0013824570000000001,69,1,0.260789868,6000.0,6,0,1,0,1.0
57564,0,0.00892956,36,0,0.359722386,8500.0,8,0,2,0,2.0
57565,0,0.0,59,0,0.120456664,8583.0,3,0,1,0,1.0
57567,0,0.95004995,24,0,0.027972028,1000.0,1,0,0,0,0.0
57568,0,0.9999998999999999,36,0,0.227572225,1972.0,1,0,0,0,0.0
57569,0,0.9999998999999999,39,1,0.11962421699999999,4789.0,1,0,0,0,4.0
57570,0,0.273860617,47,0,0.659053834,1225.0,10,0,0,0,1.0
57574,0,0.018998813,73,0,9.0,,2,0,0,0,0.0
57575,0,0.03007005,62,0,1353.0,,17,0,1,0,0.0
57576,0,0.614044858,62,0,0.881623675,5000.0,15,0,3,0,0.0
57577,0,0.0,65,0,8e-05,12500.0,9,0,0,0,0.0
57578,0,0.149426158,71,0,506.0,,5,0,1,0,0.0
57580,0,0.392692031,57,1,0.49252209399999997,5883.0,11,0,1,0,1.0
57583,0,0.293285434,32,0,0.21788148899999998,3813.0,9,0,1,0,0.0
57584,0,0.102002601,70,0,0.300199943,3500.0,17,0,1,0,0.0
57585,0,0.000978387,84,0,0.00023998099999999998,4166.0,10,0,0,0,0.0
57586,0,0.011640003999999999,65,0,0.25658423399999997,11200.0,7,0,2,0,0.0
57587,0,0.011553468,45,0,0.332504594,9250.0,8,0,2,0,0.0
57593,0,0.23987476,52,0,0.55381413,8166.0,13,0,2,0,0.0
57594,0,0.15399727400000002,51,0,0.236282195,6250.0,5,0,1,0,1.0
57595,0,0.08985587199999999,33,0,39.0,,4,0,0,0,0.0
57596,0,0.626671666,46,0,149.0,0.0,3,0,0,0,3.0
57597,0,0.038125341,68,0,0.5018089729999999,11055.0,12,0,4,0,0.0
57598,0,0.335332933,30,0,0.237561317,4280.0,3,0,1,0,0.0
57600,0,0.820203892,67,1,2637.0,,2,0,1,1,0.0
57602,0,0.264629131,49,0,3552.0,,8,0,2,0,2.0
57603,0,0.923443062,66,1,0.7196537479999999,5082.0,5,0,2,0,1.0
57604,0,0.00159996,93,0,0.00019045799999999998,10500.0,10,0,0,0,0.0
57605,0,0.0,75,0,0.0,,5,0,0,1,0.0
57606,0,0.023825855,49,0,0.00379924,5000.0,4,0,0,0,0.0
57607,0,0.936996408,38,1,0.5845598439999999,3600.0,12,0,1,0,0.0
57608,0,0.017737686000000003,80,0,0.190545572,6176.0,6,0,0,0,0.0
57610,0,0.004432279,39,0,1.002497918,1200.0,11,0,2,0,1.0
57612,0,0.805734075,48,0,0.664075514,1800.0,10,0,0,0,0.0
57613,0,0.000999979,45,0,0.463140421,13252.0,9,0,2,0,0.0
57614,0,0.56489921,63,2,929.0,,11,0,0,1,0.0
57615,0,0.697050492,46,1,0.066250743,3365.0,7,0,0,0,1.0
57616,0,0.087066321,43,0,0.327959005,8000.0,10,0,2,0,0.0
57617,0,0.005349911,59,0,0.208146873,8714.0,7,0,1,0,4.0
57619,0,0.144599329,56,0,0.043086992000000005,11000.0,15,0,0,2,2.0
57622,0,0.598933417,62,1,2651.0,,6,0,1,0,
57623,0,0.014695834,55,1,0.113659089,15000.0,20,0,2,0,1.0
57626,1,0.275322417,54,0,0.35983618100000003,7080.0,3,0,1,0,0.0
57627,0,0.565420723,54,2,0.297542651,19166.0,22,0,2,0,0.0
57629,0,0.014350743000000001,45,1,0.6382921229999999,7400.0,12,0,2,0,0.0
57631,1,0.545881587,68,1,423.0,,6,0,0,0,0.0
57632,0,0.9999998999999999,43,0,0.0,2298.0,1,0,0,0,3.0
57634,0,0.03887618,59,0,2393.0,,11,0,1,0,0.0
57635,0,0.9999998999999999,27,0,0.028309742000000002,1200.0,0,0,0,0,0.0
57636,1,0.729344729,32,1,0.266293483,2500.0,4,2,0,3,1.0
57637,1,0.686711565,65,0,2609.0,,20,0,2,0,0.0
57638,0,0.081460772,32,0,0.121648461,12083.0,9,0,1,0,3.0
57639,0,0.36355899700000005,37,0,0.098812231,3956.0,10,0,0,0,0.0
57640,0,0.015532085,43,0,3237.0,,14,0,1,0,2.0
57641,0,0.0,32,0,0.200987197,6482.0,3,0,1,0,1.0
57642,0,0.9999998999999999,22,0,0.055398302,4945.0,1,0,0,0,0.0
57643,0,0.51671993,54,0,0.38841453200000003,5972.0,6,0,1,0,0.0
57644,0,0.093732859,34,0,0.070991126,8000.0,9,0,0,0,0.0
57646,0,0.324311713,67,1,1.002906977,2751.0,11,0,3,0,0.0
57648,0,0.0,42,0,0.224032587,5400.0,3,0,1,0,2.0
57651,0,0.036632358999999996,47,0,0.51695665,3390.0,6,0,1,0,0.0
57652,0,0.335329341,35,0,0.181491823,2506.0,2,0,0,1,1.0
57654,0,0.41303475,44,0,0.269848828,8400.0,15,1,0,0,3.0
57655,0,0.57612068,48,1,0.541947336,3265.0,10,0,1,0,0.0
57656,0,0.220260793,40,0,0.610125766,3100.0,8,0,2,0,0.0
57658,0,0.0,40,0,0.042927074,7966.0,4,0,0,0,1.0
57659,0,0.008015341,78,0,0.468193384,2750.0,8,0,2,0,0.0
57661,0,0.0,80,0,0.0,,3,0,0,0,
57662,0,0.14385420699999998,50,1,0.139120095,5886.0,8,0,0,0,0.0
57663,0,0.133896918,38,0,0.641615255,5348.0,5,0,1,0,0.0
57667,0,0.462859697,63,0,0.27909759,5850.0,5,0,2,0,0.0
57668,0,0.5814410289999999,63,0,0.45021356100000004,7491.0,7,0,2,0,0.0
57669,0,0.008184599,62,0,0.120843332,5833.0,14,0,1,0,0.0
57670,0,0.9454657329999999,38,0,2752.0,,12,0,2,0,0.0
57671,0,0.17281102899999998,65,0,0.378108144,7600.0,5,0,1,0,0.0
57672,0,0.978223605,33,0,0.117812555,5686.0,4,0,0,0,3.0
57674,0,0.147670459,73,0,0.033537568999999996,3100.0,4,0,0,0,0.0
57675,0,0.00980247,42,1,0.321595766,9825.0,9,0,2,0,0.0
57676,1,1.037452537,59,0,0.132474701,6521.0,12,0,0,0,0.0
57677,0,0.04297038,53,0,0.200792721,11100.0,10,0,2,0,0.0
57678,0,0.139628144,79,0,0.21064649600000002,7006.0,7,0,1,0,0.0
57679,0,0.0,62,0,0.0,8125.0,4,0,0,0,0.0
57680,0,0.188671578,35,0,0.40086847200000003,8750.0,6,0,2,0,1.0
57684,0,0.6960646070000001,37,1,0.10662038199999999,4032.0,7,0,0,0,2.0
57687,0,0.075747633,81,0,72.0,,3,0,0,0,0.0
57688,0,0.29129449399999996,49,0,0.713095635,3000.0,8,0,3,0,1.0
57689,0,0.34425463799999995,39,1,0.200872506,20400.0,16,0,2,0,0.0
57690,0,0.168785839,43,0,0.488111206,8200.0,11,0,2,0,0.0
57691,0,0.951341443,58,0,0.176039647,4640.0,3,0,0,0,0.0
57694,0,0.092238382,54,1,0.290556572,14750.0,14,0,2,0,3.0
57695,0,0.0,35,0,0.01058616,5100.0,4,0,0,0,0.0
57699,0,0.02176559,79,0,31.0,,7,0,0,0,0.0
57701,0,0.0,31,0,0.34892638,2607.0,11,0,0,0,1.0
57704,0,0.004868908,74,0,0.17946388,2200.0,24,0,1,0,0.0
57705,1,0.455028475,37,0,0.7045738570000001,4000.0,11,0,2,0,3.0
57706,0,0.0,80,0,0.0,1500.0,8,0,0,0,0.0
57710,0,0.032205006,59,0,1459.0,,9,0,1,0,0.0
57713,0,0.000828304,54,0,0.432731194,3708.0,3,0,1,0,5.0
57714,0,0.0,39,0,0.253860601,9583.0,8,0,1,0,5.0
57715,0,0.747457433,58,0,0.45974359,3899.0,10,0,1,0,2.0
57716,0,0.0,56,0,0.08716026199999999,11736.0,6,0,0,0,1.0
57717,0,0.303743152,42,1,0.323182711,4071.0,8,0,0,0,1.0
57718,0,0.033072503999999996,37,0,0.034138218,1200.0,5,0,0,0,0.0
57720,0,0.0,59,0,899.0,,4,0,1,0,
57721,0,0.57181683,59,0,0.30586907399999996,12403.0,16,0,2,0,3.0
57723,0,0.23850766199999998,28,0,10.0,0.0,1,0,0,0,0.0
57724,0,0.389288969,60,0,0.39325076700000006,8800.0,17,0,3,0,0.0
57725,0,0.185179121,72,0,0.206372484,7500.0,16,0,2,0,0.0
57729,1,0.307455803,27,0,0.06935008299999999,7800.0,13,1,0,1,0.0
57730,0,0.939730739,53,0,2846.0,,11,0,0,0,0.0
57732,0,0.009255433,79,0,3.0,,4,0,0,0,0.0
57734,0,0.307794186,55,0,0.252610531,4500.0,11,0,0,0,1.0
57735,0,0.533189755,39,0,0.415662651,3651.0,8,0,1,0,2.0
57736,0,0.031765608,48,0,1.307069745,4200.0,7,0,3,0,1.0
57737,1,0.689716628,60,4,0.223463687,3400.0,5,0,1,0,1.0
57738,0,0.097268306,40,0,0.8035982009999999,2000.0,11,0,2,0,2.0
57739,0,0.244636872,64,0,3114.0,,14,0,1,0,0.0
57740,0,0.021999154,53,0,3.4110437360000003,7750.0,8,0,0,0,0.0
57741,0,0.157982047,53,1,0.416101622,11650.0,16,0,4,0,2.0
57743,0,0.9999998999999999,46,0,130.0,,1,0,0,0,0.0
57746,0,0.019662989,33,0,0.461754781,5333.0,14,0,2,0,0.0
57747,0,0.051547203,87,0,58.0,,5,0,0,0,0.0
57750,0,0.902608313,59,1,0.375093047,13433.0,20,0,2,0,1.0
57751,0,2339.0,53,0,2286.0,,6,0,2,0,0.0
57752,0,0.201262362,56,0,0.37980887,4080.0,10,0,1,0,2.0
57753,0,0.12879827900000002,59,1,1.254631454,2536.0,17,0,2,1,0.0
57756,1,0.804859529,67,3,0.20205939399999998,6700.0,8,0,0,0,0.0
57757,0,0.0,53,0,0.31227509,2500.0,7,0,0,0,0.0
57758,1,0.874251497,30,0,0.150837989,3400.0,4,1,0,1,4.0
57759,0,0.575107296,47,1,0.40738857799999995,5900.0,8,0,1,0,2.0
57760,0,0.0,65,0,0.31079339,8532.0,12,0,1,0,0.0
57762,1,0.052535902999999995,30,0,349.0,,10,0,0,0,1.0
57763,0,0.000490643,54,0,657.0,,7,0,2,0,0.0
57764,0,0.101431038,64,0,0.332948777,4333.0,8,0,2,0,1.0
57765,0,0.0,64,0,0.421144714,4000.0,4,0,1,0,0.0
57766,0,0.916619075,30,0,1.3856382980000002,375.0,5,2,0,0,2.0
57767,0,0.016321976999999998,56,0,0.009579342,2400.0,8,0,0,0,0.0
57768,0,0.11214600300000001,74,0,0.261498567,7326.0,11,0,1,0,1.0
57769,0,0.278748239,54,0,0.396786432,4480.0,10,0,2,0,1.0
57770,0,0.710578945,59,0,0.359726511,4533.0,14,0,0,0,0.0
57771,0,0.666950234,42,0,0.170396419,9383.0,8,0,0,0,3.0
57772,0,0.00289971,53,0,0.249984305,15928.0,7,0,2,0,0.0
57774,0,0.048159797000000004,29,0,0.36915636799999996,1860.0,8,0,0,0,2.0
57775,0,0.266571846,40,0,0.294397715,6300.0,14,0,2,0,2.0
57777,0,0.12515426699999999,49,0,0.235342692,6054.0,6,0,1,0,3.0
57778,0,0.972501375,35,1,0.416398714,4975.0,6,0,1,0,1.0
57781,1,0.9999998999999999,44,0,0.077184563,5000.0,1,0,0,1,0.0
57783,0,0.769784584,44,0,0.15906198900000001,5500.0,8,0,0,0,2.0
57784,0,0.007401387,70,0,0.22814725,6600.0,7,0,1,0,0.0
57785,0,0.019013828,64,0,0.199114412,7000.0,22,0,3,0,0.0
57786,0,0.959420048,42,1,834.0,,3,0,0,0,1.0
57787,0,0.735789555,65,0,0.268216473,8000.0,10,0,1,0,0.0
57788,0,0.134196896,44,0,0.8288342329999999,5000.0,13,0,2,0,2.0
57789,0,0.126272959,54,0,0.041239515,4291.0,5,0,0,0,1.0
57791,0,0.463304285,63,0,539.0,,4,0,0,0,0.0
57792,0,0.015134726000000001,72,1,766.0,,10,0,1,0,
57793,1,0.143504485,58,0,0.47954056,4178.0,11,0,2,1,1.0
57795,0,0.0,86,0,0.094224037,3427.0,4,0,0,0,0.0
57797,0,0.9999998999999999,30,1,0.08329367,2100.0,3,0,0,0,1.0
57799,0,0.388289226,70,0,0.363222576,6590.0,14,0,1,0,1.0
57801,0,0.23029604,25,1,0.007248188000000001,4000.0,2,0,0,0,0.0
57802,0,0.054432416,68,0,0.162174579,6529.0,4,0,1,0,0.0
57807,0,0.770912121,30,0,3687.0,,8,0,2,0,0.0
57809,0,0.232369418,59,0,2506.0,,16,0,1,0,0.0
57811,0,0.97049592,61,0,0.170324846,3416.0,8,0,0,0,0.0
57812,0,0.0,39,0,0.09712322400000001,19500.0,14,0,1,0,3.0
57813,0,0.056553075,53,0,0.254515599,2435.0,10,0,1,0,3.0
57816,0,0.280677172,63,0,0.235191827,9200.0,14,0,0,0,0.0
57818,0,0.667007048,41,1,0.321207528,7916.0,14,0,1,0,0.0
57819,0,0.030790936,65,0,0.142336975,6041.0,8,0,1,0,0.0
57820,0,0.25687419899999997,54,2,1.2902838859999999,2500.0,10,0,1,0,0.0
57821,1,0.906145847,36,0,0.49319633399999996,3600.0,5,0,2,0,0.0
57822,0,0.0050331659999999995,48,0,0.00675823,4586.0,5,0,0,0,5.0
57825,0,0.07698851599999999,23,0,5.0,,2,0,0,0,
57827,0,0.316744866,51,0,0.49790042,3333.0,7,0,1,0,2.0
57829,1,0.342729264,52,3,0.36649729600000003,6100.0,7,1,2,0,1.0
57830,0,0.9999998999999999,50,2,0.37616996,6730.0,6,2,1,1,1.0
57832,0,0.337867263,55,0,0.199333535,3300.0,14,0,0,0,1.0
57834,0,0.0,45,0,0.32135575899999996,3923.0,4,0,1,0,4.0
57835,0,0.0054232790000000005,69,0,0.688437188,3000.0,16,0,2,0,2.0
57837,0,0.248974611,51,0,0.28367860100000003,8350.0,4,0,1,0,2.0
57840,1,0.9999998999999999,76,3,1.7741935480000002,650.0,4,1,0,0,1.0
57842,0,0.9999998999999999,92,0,0.273111463,3785.0,1,0,1,0,1.0
57843,0,0.059690239000000006,62,0,0.035729847,4589.0,9,0,0,0,0.0
57847,0,0.50495265,47,0,0.310419682,4145.0,5,0,0,0,2.0
57848,0,0.065763164,25,0,322.0,,6,0,0,0,0.0
57849,0,0.60258206,35,0,0.09997500599999999,4000.0,3,0,0,0,0.0
57851,0,0.96362078,35,0,1.238690327,4000.0,9,0,2,0,2.0
57852,0,0.023730056,55,0,0.061024384,7750.0,15,0,1,0,4.0
57853,0,0.0,71,0,0.0,,2,0,0,0,0.0
57854,0,0.22910417,50,0,0.671382899,14700.0,9,0,4,0,2.0
57855,0,0.123539839,35,0,0.531804486,5973.0,6,0,1,0,1.0
57857,0,0.9999998999999999,21,98,0.0,0.0,0,98,0,98,0.0
57858,0,0.01189612,75,0,0.009942334,5028.0,12,0,1,0,0.0
57859,0,0.03136756,62,0,0.473578955,13000.0,14,0,2,0,1.0
57861,1,0.9999998999999999,36,0,0.253045923,3200.0,3,0,0,0,4.0
57862,0,0.629229766,54,0,2.298507463,200.0,6,0,0,0,1.0
57863,0,0.221641831,45,0,0.504238823,13800.0,14,0,6,0,0.0
57864,0,0.000520826,70,0,0.00329934,3333.0,10,0,0,0,0.0
57865,0,0.169583042,42,0,0.39686800899999997,2234.0,7,0,0,0,0.0
57866,0,0.160384182,47,0,0.273755344,7250.0,10,0,2,0,0.0
57867,0,0.063351528,59,0,0.047230022999999996,7833.0,12,0,1,0,1.0
57868,0,0.36916693899999997,68,0,0.39080599899999996,8200.0,16,0,1,0,0.0
57876,0,0.28919842100000004,64,2,0.162359122,11800.0,12,0,1,0,0.0
57877,0,0.027617586,52,0,0.030012005,4164.0,6,0,0,0,0.0
57878,0,0.073661756,58,0,902.0,,5,0,1,0,0.0
57881,0,0.229297234,40,0,2.295587011,1200.0,10,0,1,0,2.0
57885,0,0.065413487,65,0,0.470859097,7600.0,13,0,2,0,0.0
57888,0,0.135025045,79,1,543.0,,9,0,0,0,0.0
57889,1,1.31552968,70,2,1.103354795,5901.0,12,0,7,1,0.0
57891,0,0.0,29,0,0.21346845399999997,3058.0,6,0,0,0,0.0
57892,0,0.010220646,71,0,0.09467621300000001,25000.0,6,0,1,0,1.0
57893,0,0.064771661,60,0,0.259104228,7166.0,19,0,1,0,0.0
57894,0,0.9999998999999999,40,0,2527.0,,5,0,1,0,0.0
57895,0,0.115157435,28,0,0.10782274800000001,6250.0,5,0,0,0,0.0
57897,0,0.057857485,58,0,578.0,,5,0,1,0,0.0
57899,0,0.05536308,67,0,0.46390107700000005,5013.0,11,0,2,0,0.0
57901,0,0.027426301,75,0,61.0,0.0,3,0,0,0,0.0
57904,0,0.00884164,37,1,0.44228407700000005,4885.0,8,0,2,0,0.0
57905,0,0.175835734,79,1,0.800369117,3250.0,8,0,1,0,0.0
57906,0,0.201102082,49,0,0.382431071,10916.0,12,0,2,0,1.0
57907,0,0.009754904,28,0,958.0,0.0,7,0,1,0,0.0
57908,0,0.24271428899999997,44,0,0.49856569100000003,10457.0,10,0,1,0,2.0
57910,0,0.077133729,43,1,0.35728402,7083.0,8,0,1,0,2.0
57912,0,0.9999998999999999,39,0,0.6194300110000001,6350.0,5,0,3,0,3.0
57916,0,0.14339606900000001,61,0,0.471920899,10416.0,7,0,2,0,0.0
57917,0,0.040098165,47,0,0.506088443,4680.0,9,0,1,0,0.0
57919,0,0.34362397100000003,50,0,4733.0,,10,0,2,0,0.0
57920,0,0.0,49,0,4310.0,,4,0,1,0,0.0
57921,0,0.01669833,58,0,0.0019992,2500.0,2,0,0,0,0.0
57922,0,0.419333654,54,0,0.390716932,4588.0,18,0,2,0,1.0
57923,0,1.047389856,46,0,0.504436945,8000.0,9,0,1,0,2.0
57924,0,0.077184563,71,0,0.003354681,3278.0,1,0,0,0,0.0
57926,1,1.282392027,25,1,0.22109459899999998,2758.0,4,2,0,1,2.0
57927,0,0.200990429,43,0,0.273460796,5700.0,3,0,1,0,1.0
57929,0,0.284953638,43,0,2384.0,,11,0,1,0,1.0
57931,0,0.320911192,61,0,0.117763239,8100.0,6,0,0,0,0.0
57932,0,0.208399738,50,0,1048.0,,7,0,2,0,0.0
57933,0,0.022515919,63,0,0.0059988,5000.0,6,0,0,0,0.0
57934,0,0.73273707,48,1,0.505828271,6090.0,8,0,3,0,0.0
57935,0,0.204738957,39,0,408.0,,5,0,0,0,0.0
57936,1,0.6868324170000001,46,0,0.413457873,10491.0,9,0,2,0,2.0
57938,0,0.050506572,44,0,0.242620062,6808.0,7,0,2,0,1.0
57939,0,0.288903303,36,0,0.209345003,7083.0,5,0,1,0,0.0
57941,1,0.96310369,60,0,0.12390887800000001,4696.0,11,0,0,0,0.0
57942,0,0.0,61,0,916.0,,6,0,2,0,0.0
57943,0,0.001749563,48,0,0.055764355999999994,11440.0,4,0,0,0,2.0
57946,0,0.32075850300000003,38,0,0.35885251700000004,5681.0,8,0,1,0,1.0
57948,0,0.9999998999999999,29,0,691.0,,2,0,0,1,0.0
57949,0,0.240585441,46,3,0.184969172,6000.0,14,0,0,0,0.0
57950,0,0.9999998999999999,73,0,0.14221346099999999,7101.0,4,0,1,0,0.0
57951,0,0.262463547,59,1,0.5873426660000001,8500.0,16,0,2,0,1.0
57952,0,0.9999998999999999,25,0,0.021205695,3300.0,1,0,0,1,1.0
57953,0,0.11214360599999999,67,0,839.0,,4,0,1,0,0.0
57954,0,0.9999998999999999,38,2,671.0,1.0,5,0,1,3,2.0
57956,0,0.0076771999999999995,64,0,0.009666625,8068.0,1,0,0,0,2.0
57957,0,0.050574121,68,0,0.371926046,5570.0,10,0,1,0,0.0
57958,0,0.014794082,65,0,3.69e-05,27083.0,1,0,0,0,2.0
57959,0,0.382180539,37,0,0.35794151399999996,6975.0,2,0,1,0,0.0
57960,0,0.0,31,0,51.0,,2,0,0,0,0.0
57961,0,0.08673625,60,1,0.292353109,10500.0,12,0,1,0,0.0
57962,0,0.240334081,40,0,0.241639818,9000.0,12,0,1,0,0.0
57964,0,0.9684063190000001,29,0,0.10491649,4250.0,3,0,0,0,0.0
57966,0,0.070929071,29,0,0.19975031199999999,800.0,2,0,0,0,0.0
57967,0,0.0013967810000000002,103,0,1798.5,1.0,11,0,2,0,0.0
57968,0,0.384608477,58,0,0.23512747899999997,6000.0,9,0,0,0,5.0
57969,0,0.053067299000000005,80,0,0.09372041699999999,3168.0,4,1,1,0,1.0
57970,0,0.31414733,40,12,0.244543481,8750.0,12,0,1,1,0.0
57971,0,0.49682705899999996,53,0,0.20754033,5516.0,8,0,1,0,1.0
57972,0,0.9999998999999999,39,0,0.10989838199999999,5313.0,4,0,0,0,4.0
57973,0,0.009048931,47,0,250.0,,20,0,0,0,
57974,1,0.656715909,57,2,0.388427652,11803.0,10,0,2,2,0.0
57975,0,0.115234555,62,1,0.35737751700000003,7000.0,11,0,3,0,0.0
57978,0,0.97910209,68,0,0.41665686399999996,8500.0,11,0,2,0,0.0
57979,0,0.106931199,38,1,0.286785536,6000.0,10,0,0,0,0.0
57980,0,0.517463584,62,0,0.453668988,5600.0,9,0,2,0,0.0
57981,0,0.0882645,63,0,0.11135703400000001,7228.0,13,0,1,0,0.0
57982,0,0.08586377099999999,84,0,183.0,,8,0,0,0,0.0
57985,1,0.793047484,62,5,0.314386135,8250.0,18,0,1,0,0.0
57986,0,0.057549086,39,0,0.454086781,2972.0,9,0,2,0,0.0
57987,0,0.039663612,42,0,0.22088909399999998,6500.0,11,0,2,0,2.0
57988,0,0.0,61,0,0.333573314,4166.0,13,0,2,0,0.0
57990,0,0.072467536,48,0,0.32045213,10350.0,15,0,3,0,0.0
57991,0,0.022311241000000002,63,0,0.215055871,5100.0,12,0,0,0,0.0
57995,0,0.025226126,57,0,1589.0,,3,0,1,0,1.0
57996,0,0.420762256,67,0,0.701481617,5466.0,11,0,2,0,0.0
57999,0,0.722134512,25,0,0.34475374700000005,1400.0,3,1,0,1,0.0
58000,0,0.9999998999999999,62,0,1176.0,,3,0,1,0,
58003,0,0.658692866,42,0,0.346009975,6415.0,5,0,1,0,4.0
58004,1,0.971751412,63,1,0.600393701,2539.0,8,0,0,0,0.0
58005,0,0.379421568,43,0,148.0,,4,0,0,0,0.0
58006,0,0.265934412,52,0,0.606469689,3925.0,6,0,1,0,1.0
58007,0,0.0,62,1,1019.0,,9,0,1,0,2.0
58009,0,0.004549691,34,0,0.47095112200000006,14750.0,15,0,3,0,3.0
58010,0,0.0,59,0,0.0,,5,0,0,0,0.0
58011,0,0.506801846,48,0,0.503909755,7800.0,12,0,3,0,0.0
58014,0,0.2561478,48,0,0.246075392,10000.0,9,0,1,0,1.0
58015,0,0.10083308199999999,78,0,0.47228682200000005,5159.0,7,0,1,0,1.0
58016,0,0.0200685,67,0,49.0,,8,0,0,0,0.0
58018,0,0.918950608,48,0,0.5769449179999999,7043.0,20,0,1,0,2.0
58020,0,0.0,32,0,447.0,,4,1,0,0,0.0
58021,0,0.097508815,31,0,68.0,,7,0,0,0,0.0
58022,0,0.012956293,76,0,618.0,,4,0,1,0,0.0
58023,0,0.004527113,74,0,0.14509587,5423.0,3,0,1,0,0.0
58024,0,0.113336885,74,0,0.509168256,6816.0,18,0,2,0,1.0
58025,0,0.910113159,43,2,15177.0,,21,1,0,0,0.0
58027,0,0.298449709,61,0,0.36342998,15416.0,20,0,1,0,0.0
58028,0,0.691202034,53,0,0.438815351,10500.0,14,0,2,0,0.0
58029,0,1.3720930230000001,48,1,12.0,,2,1,0,1,0.0
58030,0,0.212264597,32,0,0.087685915,25750.0,10,0,1,0,3.0
58032,0,0.024760400000000002,73,0,0.0041996640000000005,8333.0,3,0,0,0,1.0
58036,0,0.18752240899999997,73,0,0.05791058599999999,8633.0,7,0,1,0,0.0
58037,0,0.585510514,42,0,0.61122861,5200.0,8,0,1,0,3.0
58038,0,0.0,49,1,0.546400952,3361.0,6,0,0,0,3.0
58040,0,0.353686175,33,2,0.455693743,5145.0,8,0,1,0,0.0
58041,0,0.75784843,33,0,0.117687075,2939.0,3,1,0,0,0.0
58042,0,0.039604105,73,0,0.131050924,15100.0,7,0,2,0,0.0
58044,0,1.014394242,36,1,0.320671731,2500.0,5,0,0,0,1.0
58045,0,0.006633335,68,0,4.0,,6,0,0,0,0.0
58046,0,0.273496482,56,0,0.36584944799999997,5791.0,21,0,2,0,1.0
58047,0,0.000343837,63,0,3483.0,,21,0,2,0,0.0
58049,0,0.304291143,48,0,0.137658228,11375.0,15,0,0,0,2.0
58050,0,0.869595474,48,0,0.314174296,11795.0,17,0,1,0,0.0
58051,0,0.059812744,66,0,0.007304883000000001,2600.0,6,0,0,0,0.0
58052,0,0.007249074,78,0,0.16610224199999998,6200.0,6,0,1,0,0.0
58054,0,0.0046917109999999995,58,0,0.198530912,4900.0,14,0,0,0,1.0
58055,0,0.26433007,62,0,0.515387179,9000.0,23,0,3,0,2.0
58056,0,0.02054527,36,0,0.46688586200000004,4257.0,6,0,2,0,1.0
58057,0,0.001665258,43,0,0.448855114,10000.0,7,0,1,0,2.0
58058,0,0.061389745,52,0,1.037067888,2400.0,11,0,1,0,0.0
58059,0,0.0,51,0,0.0,3762.0,3,0,0,0,0.0
58060,0,0.12061658199999999,37,0,0.30624278899999996,7800.0,17,0,1,0,2.0
58061,0,0.138314467,56,0,0.24199196,7710.0,5,0,1,0,0.0
58062,0,0.186519937,62,0,895.0,,13,0,1,0,0.0
58063,0,0.139324889,35,0,0.577807848,2216.0,5,0,1,0,0.0
58065,0,0.9999998999999999,55,0,0.395661872,13000.0,4,0,3,0,1.0
58066,0,0.183363327,29,0,1269.0,,2,0,1,0,0.0
58068,0,0.018659948,37,0,0.305877649,2500.0,9,0,0,0,2.0
58069,1,2.3800000000000003e-05,39,0,1607.0,0.0,10,0,1,0,2.0
58071,0,0.512266185,42,2,0.183202167,7750.0,13,0,0,0,3.0
58072,0,0.061120095,85,0,0.218125278,2250.0,9,0,0,0,0.0
58074,0,0.0,36,1,0.0,1150.0,2,0,0,0,0.0
58075,0,0.004168656,44,0,0.295207292,3400.0,9,0,1,0,0.0
58076,0,0.218669533,30,0,0.815370197,3200.0,6,0,1,0,0.0
58078,0,0.020374491,59,0,0.24921884800000002,8000.0,5,0,1,0,2.0
58079,0,0.139057396,41,0,0.046804527,11750.0,5,0,0,0,2.0
58080,0,0.555405342,65,0,0.64330413,4793.0,15,0,2,0,3.0
58081,0,0.0067885409999999995,55,1,0.297641863,12000.0,6,0,3,0,0.0
58083,0,0.224198272,48,0,0.32253419699999997,4166.0,6,0,1,0,2.0
58086,0,0.20899205699999998,65,0,0.922415517,5000.0,7,0,2,0,0.0
58088,0,0.19018337100000002,59,0,0.051549828,9000.0,6,0,0,0,0.0
58089,0,0.009709364,68,0,0.006245269,5283.0,7,0,0,0,0.0
58090,0,0.18231711899999997,36,0,0.7574523240000001,5400.0,9,0,1,0,0.0
58093,0,0.313063643,61,0,0.37793701,6000.0,14,0,1,0,0.0
58094,0,0.144839056,35,0,3624.0,,9,0,1,0,0.0
58095,0,0.079997539,70,0,456.0,,5,0,0,0,0.0
58097,0,0.14375964900000002,57,0,0.20952234399999997,13000.0,13,0,1,0,3.0
58098,0,0.0,35,0,0.0,1723.0,2,0,0,0,0.0
58100,0,0.9690528420000001,56,0,9316.0,,17,0,2,0,0.0
58101,0,0.000631058,53,0,0.324418895,4000.0,12,0,2,0,0.0
58102,0,0.0,53,0,0.12281815300000001,3150.0,6,0,0,0,1.0
58103,0,0.004933004,88,0,2.0,,2,0,0,0,
58104,0,0.99342951,37,0,0.284816096,6361.0,3,0,1,0,3.0
58105,0,0.41391198100000004,35,0,0.401588823,7300.0,9,0,2,0,1.0
58106,1,0.989171738,73,3,3.613269892,3782.0,15,0,9,0,0.0
58107,0,0.19611303300000002,47,0,0.012321228,47965.0,4,0,0,0,5.0
58108,0,1.534023669,46,1,0.008673755,3573.0,2,0,0,0,0.0
58111,0,0.24052839199999998,35,0,0.168548842,7083.0,5,0,1,0,0.0
58113,0,0.0009999,34,0,1743.0,,5,0,1,0,
58115,0,0.42995914399999996,48,0,0.535116221,4000.0,6,0,1,0,1.0
58116,0,0.989006987,62,3,0.466096116,6075.0,14,0,1,0,1.0
58117,0,0.851391516,47,0,851.0,,4,1,1,0,0.0
58119,1,0.7419204840000001,27,0,0.070418512,7000.0,4,0,0,2,3.0
58120,0,0.037545254,54,0,0.184545236,12500.0,15,0,1,0,2.0
58121,0,0.298665703,77,0,0.14244791699999998,3839.0,7,0,1,0,0.0
58122,0,0.012998916999999999,59,0,112.0,,3,0,0,0,0.0
58123,0,0.076191091,59,0,0.257499227,9700.0,15,0,2,0,1.0
58124,0,0.000595224,55,0,1732.0,,8,0,1,0,0.0
58125,0,0.047977703,61,0,0.17961364600000002,2432.0,9,0,0,0,2.0
58126,0,0.015358771,44,0,0.268224574,6803.0,5,0,1,0,2.0
58128,0,0.022390534,68,0,3132.0,,6,0,2,0,0.0
58130,0,0.142259795,57,0,448.0,,9,0,0,0,0.0
58131,0,0.060841474000000006,43,0,0.450237869,10509.0,7,0,2,0,0.0
58132,0,0.010361752,37,0,1470.0,,3,0,2,0,0.0
58133,0,0.00041665800000000003,53,0,0.16111984,7000.0,15,0,1,0,1.0
58134,0,0.24831667,26,0,0.138643559,6000.0,5,0,0,0,1.0
58135,1,0.24008282,53,0,0.04429557,10000.0,3,0,0,0,0.0
58136,0,0.902525977,41,0,0.319928905,4500.0,9,0,0,0,1.0
58137,0,0.011378526000000002,83,0,4.0,,1,0,0,0,
58139,0,0.054701871,70,0,0.121345489,3180.0,6,0,1,0,0.0
58141,0,0.22121804,48,1,0.269890977,8621.0,5,0,2,0,2.0
58142,1,0.893106893,27,1,0.062812277,1400.0,1,0,0,1,0.0
58143,0,0.0,78,1,0.0,8000.0,4,0,0,0,0.0
58144,0,0.36491845100000003,34,0,0.172721042,5835.0,6,0,1,0,0.0
58146,0,0.17253259399999998,55,0,0.45194073700000004,8166.0,18,0,1,0,2.0
58147,0,0.006424048000000001,55,1,0.31770717600000004,4500.0,14,0,2,0,0.0
58148,0,0.045128472999999995,82,0,30.0,,3,0,0,0,0.0
58149,0,0.008203116,62,0,1536.0,,8,0,1,0,1.0
58150,0,0.387467711,32,0,0.389685568,7600.0,8,0,2,0,0.0
58151,0,0.5622875420000001,56,1,0.32568374699999997,3180.0,7,0,1,0,0.0
58152,0,0.923698177,56,0,5215.0,,6,0,1,1,0.0
58153,0,0.009057608,81,0,28.0,,12,0,0,0,0.0
58154,0,0.019236829,60,0,2438.0,,13,0,2,0,0.0
58156,0,0.9571958209999999,33,0,585.0,,4,0,0,0,4.0
58157,0,0.38621901700000005,46,0,0.905612245,3135.0,15,0,2,0,2.0
58158,0,0.41918748899999997,39,0,2.2869481769999997,2083.0,14,1,2,0,2.0
58159,1,0.9999998999999999,49,5,0.443625946,9773.0,8,1,1,1,0.0
58160,0,0.039882562,34,0,2175.0,,11,0,1,0,0.0
58161,0,0.876057034,36,0,0.193414928,5800.0,6,0,0,0,1.0
58162,0,0.09062439300000001,68,0,0.371927237,4067.0,8,0,1,0,0.0
58163,1,0.703697826,57,1,0.095380924,3333.0,3,0,0,0,0.0
58166,0,0.004436784,77,0,0.017193123,2500.0,11,0,0,0,0.0
58167,0,0.522041944,40,0,0.15146167900000002,17000.0,4,0,2,0,4.0
58168,0,0.127409487,43,0,0.6314210720000001,5333.0,12,0,2,0,2.0
58169,0,0.0,55,0,1115.0,,3,0,1,0,
58171,0,0.0,43,0,0.049997059,17000.0,3,0,0,0,1.0
58173,0,0.883500671,40,1,0.759723423,2313.0,7,0,0,0,2.0
58174,0,0.456267483,63,0,0.5425654120000001,7834.0,16,0,2,0,0.0
58175,1,0.5848277,52,1,1959.0,,22,0,3,0,0.0
58176,0,0.062203753,28,0,0.507914468,3600.0,8,0,1,0,0.0
58177,0,0.650011904,41,0,0.337192779,19000.0,9,0,2,0,0.0
58178,0,0.498865851,74,0,0.358268643,4250.0,7,0,2,0,0.0
58179,0,0.272251893,80,0,0.265164645,7500.0,18,0,1,0,0.0
58181,0,0.35000487799999996,51,1,0.38149092100000004,18833.0,10,0,3,0,0.0
58183,0,0.041850443,33,0,0.33607762399999996,3400.0,5,0,1,0,0.0
58184,0,0.135799213,54,0,0.291817524,9666.0,7,0,1,0,1.0
58185,0,0.0,49,0,0.580167933,2500.0,13,0,1,0,2.0
58186,0,0.010704623,41,0,2.0,,6,0,0,0,0.0
58187,0,0.28026829600000003,49,0,0.278857656,13375.0,11,0,1,0,2.0
58188,0,0.629291381,37,0,2784.0,,9,0,1,0,0.0
58189,0,0.152627562,40,0,0.417623532,7750.0,12,0,2,0,1.0
58191,0,0.357976807,41,0,0.607515204,4603.0,19,0,2,0,0.0
58193,0,0.050039314,73,0,0.16633346699999998,2500.0,10,0,0,0,0.0
58194,1,0.9999998999999999,39,0,0.008482278000000001,3300.0,0,1,0,0,1.0
58197,0,0.34866628299999997,54,0,0.23899371100000003,8585.0,7,0,2,0,1.0
58199,0,0.690934367,54,1,1.216841187,4583.0,15,0,2,0,0.0
58201,0,0.436939077,57,0,0.565371457,8183.0,7,0,2,0,0.0
58203,0,0.040991802,88,0,0.057992565,1344.0,3,0,0,0,0.0
58206,0,0.029589439,64,0,0.014048531000000001,3914.0,4,0,0,0,0.0
58207,0,0.7031205359999999,59,1,0.155110677,6143.0,10,0,0,0,0.0
58208,1,0.9999998999999999,80,0,0.581395349,1160.0,1,2,0,0,0.0
58210,0,0.005301378000000001,78,0,0.152661681,4545.0,14,0,1,0,1.0
58212,0,0.024229867000000002,48,0,0.213524728,17833.0,10,0,2,0,3.0
58214,0,0.77111731,74,0,0.19128540300000002,2294.0,4,0,0,0,0.0
58216,0,0.14657677300000002,69,0,0.250410256,19499.0,12,0,2,0,3.0
58217,0,0.0,66,0,1132.0,,11,0,1,1,0.0
58218,0,0.818824157,84,0,0.463089485,6000.0,11,0,2,0,0.0
58219,0,0.029127342,54,0,0.465983906,4100.0,19,0,1,0,0.0
58220,0,0.004411635,71,0,776.0,,4,0,1,0,0.0
58221,0,0.146334736,48,0,0.258421781,6500.0,9,0,1,0,0.0
58223,0,0.0,39,0,0.559860035,4000.0,8,0,1,0,0.0
58224,0,0.54160541,26,0,0.163156016,2800.0,3,0,0,0,0.0
58227,0,0.839160839,40,0,0.233052171,3200.0,5,0,0,0,0.0
58228,0,0.523886308,57,0,0.11389332,14416.0,4,0,1,0,1.0
58230,0,0.042836272,56,0,0.016906017,5500.0,9,0,0,0,2.0
58231,0,0.969147265,60,0,0.464689697,6541.0,6,1,1,0,0.0
58237,0,0.263084615,29,1,0.262874314,9650.0,11,0,2,0,0.0
58238,0,0.074070034,39,1,1031.0,,4,0,1,0,0.0
58240,0,0.0030087340000000003,80,0,0.34093376799999997,1841.0,16,0,1,0,0.0
58241,0,0.47927963799999995,64,0,0.413403199,3625.0,10,0,2,0,0.0
58243,0,0.14432160800000002,80,0,0.200275767,2900.0,17,0,0,0,0.0
58244,0,0.0,50,0,105.0,,4,0,0,0,0.0
58245,0,0.186158758,56,0,0.43939015200000003,4000.0,11,0,0,0,0.0
58246,0,0.563238913,61,0,0.5915385910000001,11841.0,10,0,3,0,0.0
58249,0,0.014429046000000001,37,0,0.335253456,3471.0,4,0,1,0,0.0
58251,0,0.14827097,54,0,0.038708756000000004,7000.0,5,0,0,0,2.0
58252,0,0.9999998999999999,50,2,1515.0,,7,0,2,0,3.0
58254,0,0.415092344,59,0,3278.0,,16,0,0,0,
58255,0,0.190242073,62,0,1799.0,,8,0,2,0,2.0
58257,0,0.0,28,0,0.190126479,2450.0,11,0,0,0,1.0
58259,0,0.04741002,73,0,0.27818101,6750.0,9,0,1,0,0.0
58261,0,0.020606878000000002,56,0,0.16048541,7333.0,15,0,1,0,2.0
58262,1,0.01557659,80,0,0.364702673,3665.0,11,0,2,0,1.0
58263,0,0.02741713,69,0,0.182726909,5001.0,10,0,1,0,0.0
58264,0,0.519356513,48,0,0.205863107,7640.0,9,0,0,0,0.0
58265,0,0.55823441,38,0,0.427571262,11997.0,14,0,7,0,4.0
58266,0,0.077646118,59,0,755.0,,6,0,1,0,0.0
58268,0,0.012754989,58,0,0.534938723,4650.0,6,0,2,0,0.0
58269,0,0.0,33,0,0.522191124,2500.0,6,0,1,0,0.0
58271,1,0.8189081229999999,60,2,1630.0,,7,0,1,1,0.0
58273,0,0.055631887000000005,55,0,0.230930318,19100.0,11,0,1,0,2.0
58274,1,0.9999998999999999,32,2,0.19347250800000002,3400.0,8,0,0,0,0.0
58275,0,0.0,42,0,0.8906288840000001,4022.0,10,0,1,0,1.0
58276,0,0.380247901,27,0,0.18786745100000002,3741.0,5,0,1,0,1.0
58277,0,0.028670371,55,0,0.403817025,3300.0,13,0,1,0,1.0
58278,0,0.273226745,42,0,0.349272005,6043.0,10,0,2,0,0.0
58280,0,0.9138490990000001,51,0,0.330696985,4045.0,12,0,0,0,0.0
58282,0,0.90170275,54,3,0.399264564,5166.0,9,0,0,0,1.0
58283,0,0.0,26,0,0.710557888,3333.0,6,0,1,0,0.0
58284,0,0.05851902900000001,84,1,0.340531894,5000.0,28,0,2,0,0.0
58285,0,0.040777652000000005,57,0,0.34365678200000005,11397.0,10,0,2,0,0.0
58286,0,0.07951256,57,1,0.35155351,3475.0,19,0,1,1,0.0
58287,0,0.659567363,40,0,0.642590775,5094.0,14,0,2,0,2.0
58288,0,0.14902835,54,0,0.024696526,14333.0,4,0,0,0,2.0
58289,0,0.306615766,69,0,0.295200893,5375.0,12,0,1,0,0.0
58290,1,0.8489852309999999,43,0,0.396455083,6600.0,7,0,0,0,2.0
58291,0,0.014809658,78,0,341.0,,6,0,0,0,0.0
58292,0,0.0,47,0,0.297409443,8916.0,7,0,2,0,0.0
58293,0,0.9999998999999999,42,0,0.34426857299999997,7833.0,6,0,1,0,0.0
58294,0,0.773310477,60,0,1.1124775040000001,3333.0,7,0,2,0,0.0
58295,1,0.001885215,59,0,0.045620247999999995,9600.0,8,0,0,0,1.0
58296,0,0.054834659,84,0,35.0,,3,0,0,0,
58297,0,0.20563101600000003,38,0,0.8092265940000001,3684.0,8,0,2,0,2.0
58298,1,0.11998545599999999,60,0,0.225385528,5900.0,9,0,2,0,0.0
58299,0,0.017749756000000002,80,0,0.18434687800000002,11000.0,19,0,1,0,0.0
58300,0,0.0,52,0,0.193687069,17677.0,10,0,3,0,2.0
58301,0,0.010303251999999999,74,0,0.003230272,6500.0,5,0,0,0,1.0
58302,0,1.042957043,27,0,0.28898539300000003,2532.0,4,3,0,0,0.0
58303,0,0.9999998999999999,36,0,0.829088312,4200.0,9,0,2,0,0.0
58305,0,0.006468548,78,0,6.0,,4,0,0,0,
58307,0,0.15790065,51,0,0.219458988,4583.0,13,0,0,0,1.0
58308,0,0.598677369,54,0,2578.0,,5,0,2,0,0.0
58309,0,0.060217501,43,1,0.7122023259999999,10833.0,9,0,3,0,3.0
58310,0,0.21175960800000002,62,0,0.20458409100000002,17058.0,6,0,3,0,0.0
58311,0,0.920157371,40,0,0.664301838,3100.0,6,0,2,0,0.0
58312,0,0.507608034,28,0,0.211330186,3600.0,13,0,0,1,0.0
58315,0,0.06901834,85,0,0.359410147,4000.0,6,0,1,0,0.0
58316,0,0.9999998999999999,44,0,0.12725619999999999,7700.0,3,0,0,0,0.0
58317,0,0.441142159,56,0,0.98920216,3333.0,9,0,2,0,0.0
58318,0,0.0,39,0,0.0,5850.0,4,0,0,0,0.0
58319,0,0.006227122,58,0,0.170832108,3400.0,10,0,0,0,1.0
58321,0,0.06024247,85,0,0.004998215,2800.0,1,0,0,0,1.0
58324,0,0.16070970699999998,55,0,0.379690586,6075.0,10,0,4,0,0.0
58325,0,0.02268583,41,0,0.007844947,4333.0,8,0,0,0,0.0
58326,0,0.17929349,26,0,274.0,,5,0,0,0,
58327,0,0.02907369,56,0,0.281122777,4666.0,7,0,1,0,0.0
58330,0,0.005784760999999999,58,1,1341.0,0.0,13,0,1,0,0.0
58331,0,0.147731534,40,0,0.518880498,2250.0,8,0,0,0,0.0
58332,0,0.08707889699999999,65,0,0.579834333,3500.0,6,0,2,0,0.0
58333,1,0.7972501809999999,75,0,1598.0,,10,2,0,0,1.0
58335,0,0.399500034,65,1,0.157768446,5000.0,3,0,0,0,0.0
58338,1,0.671166345,61,2,0.077980505,4000.0,6,0,0,0,1.0
58339,0,0.9719537159999999,34,0,2890.0,,7,0,2,0,0.0
58343,0,0.0,40,1,0.0,3800.0,7,0,0,0,0.0
58345,0,1.123932222,56,0,0.357234681,7000.0,8,0,1,0,0.0
58346,0,0.144112928,44,0,0.33776368700000003,8200.0,5,0,2,0,2.0
58347,0,0.027883032000000002,65,0,0.44909123,5666.0,10,0,1,0,0.0
58348,0,0.007065725,24,0,0.001218027,820.0,2,0,0,0,0.0
58349,1,0.9999998999999999,57,2,0.7481892809999999,4141.0,7,1,1,1,1.0
58350,0,0.068073298,61,0,1298.0,,10,0,1,0,0.0
58352,0,0.5282744220000001,52,0,0.821950071,2122.0,6,0,2,0,2.0
58353,0,0.346782661,73,0,2293.0,,6,0,2,0,
58354,0,0.090900294,54,0,3033.0,,7,0,2,0,1.0
58355,0,0.213337225,51,0,0.35884084200000005,8833.0,11,0,2,0,1.0
58356,0,0.0,50,0,0.566685531,5300.0,13,0,2,0,3.0
58357,0,0.0,31,0,0.75624653,1800.0,11,0,1,0,1.0
58359,0,0.14518115,38,0,0.34923388299999997,6917.0,9,0,1,0,2.0
58361,0,0.0,53,0,2435.0,,13,0,1,0,3.0
58362,0,0.004641154000000001,41,4,0.258999918,12138.0,11,0,2,1,2.0
58363,0,1.0438767009999999,71,0,0.41360089200000005,7175.0,8,0,1,0,0.0
58364,0,0.05058109,50,0,0.107015642,6456.0,10,0,1,0,0.0
58367,0,0.026850493,62,0,0.198414399,14000.0,14,0,1,0,3.0
58368,0,0.062777517,84,0,0.154969006,5000.0,5,0,1,0,0.0
58369,0,0.070981512,45,0,0.759211654,3500.0,9,0,2,0,1.0
58370,0,0.032647544,79,0,0.016994335,3000.0,9,0,0,0,1.0
58372,0,1.0175542020000001,65,0,0.527812984,7100.0,18,0,1,0,0.0
58373,0,0.003229055,52,0,0.597131682,2300.0,14,0,1,0,0.0
58374,0,0.075276407,49,1,0.131448571,22000.0,16,0,2,0,4.0
58375,0,0.167387215,48,0,1428.0,,5,0,1,0,3.0
58376,0,0.9999998999999999,48,0,1847.0,,8,0,2,0,1.0
58377,0,0.0,48,1,0.31966590699999997,2633.0,4,0,1,1,4.0
58379,0,0.790526292,75,0,0.430345297,5878.0,7,0,1,0,0.0
58380,0,0.357354987,53,0,1795.0,,9,0,2,0,0.0
58381,1,0.317253368,56,1,1.24915318,2656.0,8,0,2,0,0.0
58382,0,0.9430323970000001,63,0,0.639556152,8200.0,20,0,2,0,0.0
58384,0,0.505856313,50,0,0.36624775600000004,7240.0,8,0,1,0,2.0
58385,0,0.9999998999999999,48,1,0.33122292600000003,3000.0,3,0,1,0,0.0
58386,0,0.9999998999999999,41,0,0.0,13333.0,3,0,0,0,0.0
58387,0,0.242756125,65,0,305.0,,3,0,0,0,
58388,0,0.011701878999999998,54,0,0.216166737,7100.0,7,0,1,0,0.0
58391,0,0.01944516,75,0,0.204858063,6833.0,9,0,1,0,1.0
58393,0,0.08468854699999999,67,0,0.7289301690000001,5813.0,13,0,2,0,0.0
58394,0,0.984413293,37,4,0.239956172,5475.0,8,1,0,1,2.0
58395,0,0.716452856,37,0,0.645338665,4000.0,6,0,1,0,3.0
58396,0,1.199750312,62,2,0.788052987,4000.0,7,0,2,0,0.0
58398,0,0.0,92,0,0.006174069,5020.0,8,0,0,0,0.0
58400,0,0.054134198,59,0,0.41223982600000003,6437.0,6,0,1,0,1.0
58403,0,0.003739297,42,0,2082.0,,9,0,1,0,0.0
58404,0,0.35360113200000004,38,0,1.5032333919999998,1700.0,9,0,1,0,0.0
58405,0,0.002517447,53,0,0.429205285,10141.0,9,0,1,0,0.0
58407,0,0.394960504,30,0,1.093266254,2583.0,12,0,1,0,0.0
58408,0,0.050734989,60,0,0.09797822699999999,4500.0,6,0,0,0,0.0
58409,0,0.8502994009999999,54,0,0.2921875,3839.0,4,0,1,0,0.0
58410,0,0.984431983,34,0,0.197236866,5500.0,5,0,1,0,0.0
58411,0,0.013066834,80,0,0.332396126,3200.0,24,0,0,0,0.0
58412,0,0.013461883000000001,49,0,0.003771622,7688.0,5,0,0,0,0.0
58414,0,0.00044942800000000003,63,0,0.35774171200000005,13000.0,11,0,1,0,0.0
58415,0,0.36959729,38,0,0.460005693,3512.0,13,0,1,0,1.0
58417,0,0.279139285,66,0,2527.0,,11,0,2,0,0.0
58418,1,1.03187251,58,0,0.26666666699999997,1544.0,3,1,0,0,0.0
58419,1,0.149077983,50,0,0.003250975,6151.0,3,0,0,0,1.0
58420,0,0.242501119,43,0,0.34327577200000003,3821.0,10,0,1,0,1.0
58423,0,0.064374743,30,0,0.502566874,3700.0,6,0,1,0,2.0
58427,0,0.587079384,38,0,3166.0,,4,0,1,0,0.0
58429,0,0.008799609,37,0,0.002172968,2300.0,6,0,0,0,0.0
58434,0,0.0,24,0,0.0,2500.0,1,0,0,0,0.0
58435,0,0.9999998999999999,33,0,0.06575474,4166.0,2,0,0,0,3.0
58436,0,0.00270453,85,0,2.0,,2,0,0,0,
58437,0,0.23246943399999997,37,0,0.624763705,8463.0,17,0,2,0,0.0
58438,0,0.580178147,27,1,0.319668033,10000.0,27,0,1,0,1.0
58439,0,0.5652976470000001,26,2,1.078431373,764.0,6,0,0,1,0.0
58441,0,0.743631217,35,0,0.776031995,7000.0,10,0,2,0,0.0
58442,0,0.039934695,73,0,1738.0,,12,0,2,0,0.0
58443,0,0.150035729,61,2,0.547443879,5300.0,33,0,3,0,1.0
58444,0,0.141931107,40,0,0.726378937,6000.0,15,0,3,0,1.0
58445,0,0.045474267,34,0,0.006640106,9788.0,7,0,0,0,1.0
58446,0,0.037263648999999996,61,0,0.386084584,5130.0,9,0,1,0,2.0
58448,0,0.0,59,0,0.341207934,4486.0,13,0,1,0,1.0
58449,0,0.003190063,45,1,0.240568019,11900.0,12,0,2,0,2.0
58452,0,0.966414062,47,0,4.544982007,2500.0,9,0,4,0,1.0
58453,0,0.78190727,49,0,0.311440901,9500.0,11,0,2,0,1.0
58455,0,0.355573164,46,0,0.364679288,17694.0,18,0,2,0,3.0
58456,0,0.125104486,58,0,3786.0,,12,0,2,0,0.0
58459,0,0.0,27,0,0.0,820.0,2,0,0,0,0.0
58460,0,0.8809185909999999,44,1,0.869096509,3895.0,4,2,1,0,0.0
58465,0,0.44106470799999997,63,0,0.690855239,2700.0,5,0,1,0,0.0
58466,0,0.520403061,55,0,0.308353478,11168.0,6,0,1,0,2.0
58467,0,0.047085260999999996,37,0,0.280281921,6100.0,13,0,1,0,2.0
58469,0,0.06377239900000001,44,0,0.381016584,7416.0,10,0,1,0,2.0
58470,0,0.0023912,35,0,0.024975025,1000.0,6,0,0,0,0.0
58471,0,0.003799873,37,0,1102.0,,5,0,1,0,0.0
58472,0,0.050621810999999996,67,0,94.0,,6,0,0,0,
58473,1,0.32733668,43,0,0.521534176,14000.0,10,0,2,0,3.0
58474,0,0.0,48,0,0.37168917700000004,22803.0,11,0,2,0,1.0
58475,0,0.9999998999999999,29,0,0.21064384100000003,2686.0,1,0,0,1,1.0
58476,0,0.9999998999999999,55,2,1265.0,,2,0,1,1,0.0
58477,0,0.05550259900000001,36,0,1934.0,,10,0,1,0,0.0
58479,0,0.08135235099999999,52,0,0.27237259199999997,4100.0,6,0,1,0,3.0
58480,0,0.9999998999999999,48,0,204.0,,1,0,0,0,0.0
58481,0,0.450982871,73,0,1.027410513,3100.0,15,0,1,0,1.0
58483,0,0.007380011,54,0,3301.0,,16,0,2,0,0.0
58484,0,0.9999998999999999,46,0,34.0,,0,0,0,0,
58486,0,0.0,69,0,0.21592703,5700.0,5,0,0,0,0.0
58487,0,0.9060672590000001,44,0,0.44146000399999996,13588.0,6,0,2,0,0.0
58488,0,0.073037079,37,0,1638.0,,5,0,1,0,0.0
58490,0,0.009374885,62,0,0.362041159,15500.0,26,0,2,0,1.0
58492,0,0.0,80,0,67.0,,3,0,0,0,0.0
58493,0,0.7417502659999999,39,1,0.320686419,7458.0,5,0,2,1,3.0
58495,0,0.0,29,0,1745.0,,3,0,1,0,0.0
58496,0,0.9999998999999999,43,0,0.17885654399999998,12400.0,7,0,1,0,1.0
58497,0,0.0,30,0,0.275177026,5083.0,15,0,0,0,0.0
58498,0,0.9999998999999999,30,0,0.024404587000000002,3400.0,1,0,0,0,0.0
58499,0,0.0,65,0,0.209853708,5946.0,8,0,1,0,0.0
58500,0,0.268798435,59,0,0.522849214,5404.0,14,0,1,0,1.0
58501,0,0.9999998999999999,83,0,0.32960199,1607.0,1,0,0,0,0.0
58503,0,0.684319482,47,0,0.48608905399999996,17000.0,18,0,3,0,1.0
58504,0,0.0,70,0,0.45049833899999997,3009.0,10,0,1,0,0.0
58507,0,0.310684466,39,0,0.249804365,11500.0,16,0,1,0,0.0
58508,0,0.216641492,36,0,0.719117815,8750.0,11,0,2,0,2.0
58509,0,0.870967742,50,0,0.29636139899999997,11377.0,12,0,1,0,0.0
58511,0,0.157536985,26,0,0.319536093,5000.0,7,0,1,0,0.0
58512,0,0.6549247029999999,61,0,3068.0,,13,0,1,1,0.0
58514,0,0.035928144,60,1,0.120852641,5394.0,2,0,0,0,0.0
58515,0,0.33995301299999997,73,0,0.17475083100000002,3009.0,11,0,0,0,0.0
58518,0,0.009726831,64,0,0.00174216,3443.0,3,0,0,0,0.0
58519,0,0.297430705,31,0,0.42242503299999995,2300.0,8,0,0,0,3.0
58520,0,0.218158407,78,0,237.0,,4,0,0,0,0.0
58521,0,0.00585603,47,0,0.280813653,5800.0,7,0,2,0,0.0
58522,0,0.531289059,50,0,0.357476116,4500.0,7,0,1,0,2.0
58523,0,0.35565017,39,0,0.537658298,4500.0,14,0,2,0,2.0
58527,1,0.9999998999999999,51,0,2966.0,,5,0,2,0,0.0
58529,1,0.42139512700000004,62,0,0.569198439,3330.0,9,0,0,2,1.0
58531,0,0.458383073,49,1,0.35130145799999996,5416.0,7,0,2,0,1.0
58532,0,0.5556761370000001,56,0,0.24419163600000002,6240.0,4,0,1,0,2.0
58533,0,0.330649608,46,0,272.0,,4,0,0,0,4.0
58534,0,0.149807879,32,0,0.748750329,3800.0,12,0,1,0,1.0
58539,1,0.862906603,42,2,0.69143078,10350.0,13,3,2,2,2.0
58542,0,0.059226213,76,0,0.433826469,2500.0,7,0,1,0,0.0
58543,0,0.01569177,63,0,0.507323569,750.0,6,0,0,0,0.0
58544,0,0.0,69,0,1199.0,,5,0,1,0,0.0
58545,0,0.9999998999999999,41,0,0.236108547,10833.0,4,0,1,0,3.0
58546,0,0.051875165,66,0,99.0,,5,0,0,0,0.0
58548,0,0.302208889,35,1,0.074295723,6850.0,6,0,0,3,1.0
58549,0,0.560351134,29,1,0.16169393599999998,3116.0,4,0,0,0,0.0
58551,0,0.296735163,77,0,178.0,,4,0,0,0,0.0
58552,0,0.34423699,38,0,0.524547168,12200.0,18,0,3,0,1.0
58553,0,0.652902749,42,0,0.38930906299999996,7800.0,12,0,3,0,5.0
58554,0,0.080257236,75,1,0.45821266,4833.0,11,0,1,0,1.0
58555,0,0.022381011,76,0,0.161352041,1567.0,10,0,0,0,0.0
58556,0,0.024777900000000002,53,0,0.050406165,4800.0,6,0,0,0,0.0
58558,0,0.34055285399999996,36,0,0.141892905,6666.0,5,1,0,0,2.0
58559,0,0.129413209,73,0,0.28769195,8595.0,14,0,1,0,0.0
58560,0,0.04919715400000001,54,0,0.39245283,6359.0,11,0,1,0,4.0
58561,0,0.064228029,70,0,0.233862204,4600.0,12,0,1,0,0.0
58562,0,0.07123131099999999,53,0,0.0057879509999999995,3800.0,1,0,0,0,0.0
58563,0,0.08157415400000001,55,0,0.092948838,80000.0,7,0,1,0,2.0
58564,0,0.11103422,73,0,0.249436822,4882.0,5,0,1,0,0.0
58566,0,0.022951822,62,0,0.19266131,12072.0,11,0,1,0,0.0
58567,0,0.267695165,69,0,0.085320455,9938.0,3,0,0,0,0.0
58568,0,0.004554305,66,0,0.007929667,5800.0,4,0,0,0,0.0
58569,0,0.208754104,69,1,0.337115714,7578.0,20,1,1,0,1.0
58571,0,0.698614484,47,0,0.19967620100000003,5558.0,4,0,0,0,0.0
58573,0,0.093943061,55,0,0.33794694299999994,1733.0,7,0,0,0,0.0
58574,0,0.5213963079999999,38,0,0.6275969339999999,9000.0,16,0,4,0,2.0
58576,0,0.044932135,41,0,1544.0,,3,0,1,0,0.0
58577,0,0.28866129100000004,30,0,0.504602668,5322.0,8,0,2,0,2.0
58578,0,0.646390499,52,0,0.66050563,4706.0,13,0,1,0,0.0
58579,0,0.112621594,50,0,1858.0,,9,0,2,0,0.0
58580,0,0.627971564,77,0,1.4241037380000001,1310.0,9,0,1,0,0.0
58582,0,0.085524381,74,0,0.322860686,4837.0,7,0,2,0,0.0
58583,0,0.0,61,0,0.385973381,14500.0,5,0,1,0,0.0
58584,0,0.024543884,53,0,2489.0,,11,0,1,0,0.0
58585,0,0.508905197,40,0,0.115735533,8000.0,6,0,0,0,1.0
58586,0,0.9376971,41,0,0.113147809,6000.0,2,0,0,0,0.0
58587,0,0.0100309,54,0,0.003386809,5609.0,7,0,0,0,0.0
58588,0,0.00649159,74,0,0.512905912,1200.0,11,0,1,0,0.0
58589,0,0.309559665,38,0,0.940901112,3417.0,13,0,2,0,3.0
58590,0,0.166777763,77,0,1314.0,,5,1,1,1,0.0
58591,0,0.346855984,53,0,2412.0,,23,0,1,0,0.0
58592,0,0.286897892,52,0,0.278368186,2916.0,10,0,0,0,2.0
58593,0,0.011920456999999999,28,0,1908.0,,8,0,2,0,
58595,0,0.27114577100000004,30,0,0.17359249300000001,2983.0,3,0,0,0,0.0
58596,0,5.39e-05,37,1,0.19848346,12000.0,18,0,2,0,1.0
58597,0,0.069202374,48,0,1601.0,,4,0,1,0,0.0
58598,0,0.200465802,56,1,0.231916352,5833.0,13,0,1,0,0.0
58599,0,0.041682748,46,0,36.0,,3,0,0,0,0.0
58600,0,0.076054265,37,0,0.208547595,8750.0,7,0,1,0,0.0
58601,0,0.138503328,66,0,464.0,,4,0,1,0,0.0
58602,0,1.004090723,65,1,0.26584424100000004,10618.0,11,0,2,0,0.0
58603,0,0.047116943,59,0,0.015393724,15200.0,15,0,0,0,2.0
58605,0,0.022784936000000002,44,0,0.687484003,3906.0,8,0,2,0,2.0
58606,0,0.026093996,41,0,0.080242042,3800.0,5,0,0,0,0.0
58607,1,1.0,27,0,0.268362201,4560.0,6,2,1,0,2.0
58608,0,0.038886347,26,0,0.485676216,1500.0,5,0,0,0,0.0
58609,0,0.0,48,0,0.5059156810000001,6000.0,7,0,2,0,1.0
58610,0,0.093520299,54,0,0.33694083700000005,5543.0,10,0,0,0,1.0
58611,0,0.38248605399999996,43,0,0.231208713,5600.0,6,0,1,0,0.0
58612,0,0.14217664800000002,49,0,0.019633508,9167.0,5,0,0,0,1.0
58613,0,0.14718867900000002,50,0,0.19720657100000002,12600.0,7,0,1,0,3.0
58616,0,0.5882110660000001,65,0,0.36657917799999995,8000.0,6,0,1,0,0.0
58617,0,0.99491709,53,1,0.02374324,31250.0,4,0,0,0,1.0
58618,0,0.409772966,66,0,0.514362057,4490.0,12,0,2,0,0.0
58619,0,0.713223908,59,0,2.000399947,7500.0,13,0,3,0,0.0
58621,0,0.035689488,34,0,0.058288149000000004,5163.0,3,0,0,0,2.0
58622,0,0.0,28,0,0.20232685,5500.0,5,0,2,0,0.0
58624,0,0.10132368300000001,28,0,0.051344304,11120.0,4,0,0,0,0.0
58625,0,0.038693487,44,0,3314.0,,17,0,1,0,0.0
58627,0,0.026343337999999997,42,1,6745.0,,11,0,1,0,0.0
58628,0,0.003618735,74,0,7.0,,11,0,0,0,0.0
58631,0,0.689192567,40,3,0.03209525,7726.0,5,0,0,0,1.0
58632,0,0.00014634,48,0,0.13842757,10416.0,10,0,1,0,4.0
58634,0,0.030042729,68,0,0.28571428600000004,2225.0,11,0,1,0,0.0
58635,0,0.411458854,49,0,1.0224919670000001,2800.0,6,0,1,0,0.0
58638,0,0.036736426,63,0,0.207856297,5065.0,9,0,1,0,0.0
58639,0,0.005714038,49,0,0.635036496,3150.0,6,0,1,0,2.0
58640,0,0.369521359,37,0,0.181925113,5100.0,15,0,0,0,0.0
58641,0,0.00519896,37,0,0.0,,1,0,0,0,0.0
58642,0,0.726848767,39,0,0.082592786,3825.0,2,0,0,0,2.0
58644,0,0.9999998999999999,21,0,0.037023325,2700.0,1,0,0,0,0.0
58645,0,0.9848163129999999,58,0,1.22112462,2631.0,14,0,2,0,0.0
58646,0,0.044858762999999996,51,0,2243.0,,12,0,1,0,0.0
58647,0,0.302474838,41,1,0.11157768400000001,5000.0,9,0,0,0,2.0
58650,0,0.10062997900000001,40,0,0.05398426,8131.0,8,0,0,0,1.0
58651,0,0.032224968,73,0,0.026389443999999998,2500.0,7,0,0,0,0.0
58652,1,0.9305606670000001,35,2,0.212223587,6511.0,15,0,0,0,2.0
58653,0,0.11209526800000001,58,0,2533.0,,10,0,1,0,3.0
58654,0,0.27379096399999997,37,0,0.20432279600000003,9900.0,11,0,1,0,0.0
58655,0,0.291253113,53,0,0.47374473,2608.0,12,0,0,0,0.0
58656,0,0.9999998999999999,43,0,0.35959079299999996,5864.0,3,0,1,0,2.0
58657,0,0.0,55,0,0.21284094399999998,6525.0,8,0,1,0,4.0
58658,0,0.044265100999999994,59,0,0.066109869,8500.0,6,0,0,0,1.0
58659,0,0.36617523700000004,50,1,0.310187532,7891.0,10,0,1,0,0.0
58661,0,0.13603553599999998,39,0,7.0,,1,0,0,0,0.0
58662,0,0.0,56,0,1.718912435,2500.0,15,0,2,0,0.0
58663,0,0.9999998999999999,36,0,0.013433302,3200.0,5,2,0,0,1.0
58665,0,0.071217314,37,0,0.19,4799.0,7,0,1,0,0.0
58666,0,0.393191722,46,0,0.528700419,6201.0,11,0,1,0,4.0
58668,0,0.38300207299999994,54,0,0.07700486,6583.0,7,0,0,0,0.0
58669,0,0.098163395,52,1,0.326612903,8183.0,10,0,1,0,0.0
58670,0,0.254760787,54,0,0.291896648,12500.0,10,0,2,0,3.0
58671,0,0.434713057,61,1,1140.0,,7,0,1,0,2.0
58672,0,0.511648835,34,1,0.458513829,3000.0,4,1,0,0,0.0
58676,0,0.024079358,50,0,1.008695652,2989.0,8,0,1,0,0.0
58677,0,0.038678183,58,0,1041.0,,11,0,2,0,0.0
58678,0,0.467295059,30,0,0.349060376,2500.0,8,0,0,0,0.0
58679,0,0.0,57,0,0.640194489,1850.0,9,0,1,0,0.0
58680,0,0.482103579,33,1,0.083367811,4833.0,5,1,0,1,1.0
58681,0,0.038340425,45,0,0.273552956,6495.0,6,0,1,0,0.0
58682,0,0.186403371,51,1,0.34157546299999997,7400.0,5,0,1,0,1.0
58683,0,0.0,57,1,0.835877608,15000.0,10,0,3,0,1.0
58684,0,0.0,58,0,2770.0,,11,0,3,0,0.0
58685,0,0.165467921,58,0,2520.0,,17,0,2,0,0.0
58690,0,0.9999998999999999,38,0,1984.0,,2,0,2,0,0.0
58691,0,0.053989295,48,0,0.402162824,4900.0,8,0,2,0,1.0
58692,0,0.185686483,29,0,0.149036943,9500.0,7,0,1,0,0.0
58693,0,0.067299237,52,0,0.38354002299999995,4434.0,13,0,2,0,2.0
58694,0,0.042006888,62,0,0.374527589,5291.0,22,0,1,0,0.0
58695,0,0.9999998999999999,52,0,0.096652659,6900.0,3,0,1,0,1.0
58696,0,0.542338211,53,0,0.346949976,12753.0,7,1,2,0,3.0
58698,0,0.394904204,32,0,4.884368308,1400.0,8,0,3,0,1.0
58699,0,0.114150334,78,0,0.043995599999999996,10000.0,11,0,1,0,0.0
58707,0,0.391578373,31,0,0.37816324100000004,8416.0,10,0,1,0,0.0
58709,0,0.056979746,85,0,0.025911708,2083.0,3,0,0,0,0.0
58711,0,0.0,75,0,0.053531037999999996,3978.0,4,0,1,0,0.0
58713,0,0.005687275,71,0,0.208697826,4000.0,10,0,0,0,0.0
58715,0,0.9482556109999999,32,0,0.565855897,8715.0,11,0,4,0,1.0
58717,0,0.39407299700000004,36,0,4260.0,0.0,8,0,1,0,1.0
58720,0,0.033095517000000005,80,0,0.009017133,5544.0,6,0,0,0,0.0
58725,0,0.005709421,81,0,0.0016217970000000001,6165.0,7,0,0,0,0.0
58728,0,0.018875817,59,0,0.341323346,4004.0,9,0,1,0,0.0
58730,0,0.5152692320000001,50,0,0.223395502,29167.0,12,0,1,0,2.0
58731,0,0.114484744,36,0,0.191441141,7500.0,20,0,1,0,0.0
58732,0,0.104407579,79,0,0.352389878,3200.0,6,0,1,0,0.0
58733,0,0.484438305,52,0,0.57520261,9500.0,14,0,3,0,3.0
58734,0,0.314650891,40,0,2838.5,1.0,8,0,3,0,2.0
58735,0,0.456446219,56,0,0.338632274,3333.0,12,0,0,0,2.0
58736,0,0.12904946,65,0,2107.0,,3,0,1,0,0.0
58738,0,0.7594472840000001,60,0,3492.0,,9,0,3,0,4.0
58739,0,0.474511623,42,0,0.219421002,9360.0,6,0,2,0,1.0
58740,0,0.09495023,62,0,0.341329335,2000.0,3,0,1,0,1.0
58743,0,0.013543032,35,0,0.7428928459999999,3200.0,8,0,2,0,0.0
58744,1,1.158218126,70,2,0.382465544,2611.0,6,0,0,1,0.0
58745,0,0.032364949,48,0,0.304861427,2200.0,7,0,1,0,1.0
58746,0,0.0,63,0,0.20725388600000003,14281.0,5,0,1,0,1.0
58747,0,0.6014998029999999,30,0,0.763078354,4300.0,12,0,1,0,0.0
58748,0,0.999148292,50,0,0.371006199,6290.0,8,0,0,0,1.0
58749,0,0.17016380399999997,53,0,0.43281075,3571.0,19,0,2,0,1.0
58752,0,0.086583221,65,0,0.162019348,12300.0,6,0,1,0,1.0
58753,0,0.025207422,88,1,0.011996571999999999,3500.0,9,0,0,0,0.0
58754,0,0.917833232,43,0,0.868754164,1500.0,4,0,0,0,0.0
58755,0,0.007765053,63,0,6519.0,,20,0,1,0,0.0
58756,0,0.022119056,78,0,0.095419484,10500.0,16,0,1,0,0.0
58757,0,0.121639038,40,0,0.375082399,4550.0,5,0,0,0,0.0
58758,0,0.122033178,39,0,0.6321773270000001,12225.0,18,0,5,0,1.0
58759,0,0.056457445,63,0,4880.0,,12,0,2,0,0.0
58760,0,0.008301299,79,0,0.093581284,5000.0,10,0,0,0,0.0
58761,0,0.006719462,24,0,2.0,,1,0,0,0,
58763,0,0.032452359,72,0,0.18926504100000002,5700.0,14,0,1,0,0.0
58764,1,1.00310327,41,0,0.654869026,5000.0,5,0,2,0,2.0
58765,0,0.267438285,39,0,2818.0,,13,0,1,0,1.0
58767,0,0.016475406,63,0,0.235809524,5249.0,5,0,1,0,3.0
58768,0,0.023585408999999998,52,0,0.174679213,11689.0,13,0,2,0,2.0
58770,0,0.070201264,76,0,0.44359921799999996,4600.0,10,0,1,0,0.0
58771,0,0.669466565,55,0,0.284454104,7821.0,8,0,1,0,1.0
58772,0,0.963103788,53,0,0.362875469,12783.0,10,0,2,0,0.0
58773,0,0.052832591,67,0,0.364386605,6300.0,4,0,1,0,0.0
58775,0,0.0,62,0,0.146426787,2000.0,2,0,0,0,0.0
58777,0,0.568898469,46,0,0.372448271,7200.0,7,1,1,0,4.0
58778,0,0.209643683,48,3,0.41320462,5800.0,14,0,1,1,1.0
58779,0,0.021172529,81,2,0.377366518,4700.0,9,0,1,0,0.0
58780,0,0.0,43,1,0.220253912,3386.0,13,0,1,0,0.0
58781,0,0.9999998999999999,64,0,0.0,,0,0,0,0,0.0
58782,0,0.045789946,62,0,0.013367282,1570.0,2,0,0,0,1.0
58783,0,0.6776864459999999,47,0,0.937172775,4583.0,9,0,3,0,0.0
58784,0,0.036516481,60,0,0.01095576,9583.0,8,0,0,0,1.0
58786,1,0.50478897,59,2,3410.0,,14,0,2,1,0.0
58787,0,0.237564313,64,0,3819.0,,17,0,1,0,1.0
58788,0,0.038452439,56,0,5702.0,,11,0,1,0,0.0
58790,0,0.9999998999999999,55,1,0.10569415300000001,5250.0,0,1,0,1,0.0
58792,0,0.13998782699999998,29,0,0.27815021,8800.0,8,0,4,0,0.0
58793,0,0.602572853,58,0,0.856535866,4000.0,9,0,2,0,0.0
58794,0,0.257097538,89,0,337.0,0.0,6,0,0,0,0.0
58795,0,0.176933841,46,0,0.842831434,1666.0,11,0,1,0,1.0
58796,0,0.025608325,69,0,0.334583177,8000.0,10,0,3,0,0.0
58799,0,0.854913426,68,1,0.15368237699999998,10332.0,10,0,0,0,1.0
58800,0,0.922426107,30,0,0.378766141,3484.0,8,0,1,0,1.0
58801,0,0.41377080200000005,45,1,0.343640391,10833.0,13,0,1,0,2.0
58803,0,0.0,38,0,0.282471753,10000.0,10,0,1,0,2.0
58804,0,0.02413269,63,0,765.0,0.0,4,0,0,0,0.0
58805,0,0.040594726,55,0,0.015930113,7783.0,16,0,0,0,1.0
58806,1,0.0,54,1,0.481802426,7500.0,5,0,1,0,0.0
58808,0,0.128123519,70,0,0.606784158,10553.0,11,0,4,0,0.0
58809,0,0.9311059629999999,41,1,0.291453493,11922.0,7,1,1,0,4.0
58810,0,0.755219539,32,1,0.5413313829999999,4100.0,20,0,2,0,1.0
58811,0,0.012355006000000002,31,0,0.00239952,3333.0,2,0,0,0,0.0
58812,0,0.31405876899999996,63,0,0.311222817,9150.0,11,0,1,0,0.0
58813,0,0.9999998999999999,43,0,0.06107368,4600.0,5,0,0,0,0.0
58816,0,0.311356495,31,0,0.356008626,5100.0,12,0,0,0,2.0
58817,1,0.9999998999999999,60,1,0.447809468,3400.0,5,3,1,0,2.0
58818,0,0.00045044199999999995,49,0,0.00119976,5000.0,11,0,0,0,1.0
58820,0,0.0,70,0,0.047363435,6333.0,5,0,0,0,1.0
58821,0,0.021086969,49,0,0.332217013,10450.0,8,0,2,0,3.0
58822,1,0.001602393,61,0,0.355582898,3250.0,12,0,1,0,1.0
58823,0,0.061440024,59,1,0.32618683,11100.0,13,0,1,0,0.0
58824,0,0.09931234800000001,40,0,0.822947663,11425.0,9,0,6,0,0.0
58826,0,0.011402301,58,0,0.146578872,3492.0,8,0,0,0,1.0
58827,0,0.079184163,62,0,33.0,,1,0,0,0,0.0
58828,0,0.0,57,0,0.0,5833.0,5,0,0,0,2.0
58829,0,0.40666237,47,0,0.804335653,12500.0,28,0,4,0,0.0
58830,0,0.003153709,35,0,0.019495126,4000.0,7,0,0,0,0.0
58831,0,0.89975358,43,0,0.40263311399999996,12000.0,14,0,2,0,0.0
58832,0,0.096894824,53,0,0.352212618,7750.0,10,0,1,0,0.0
58833,0,0.661006067,62,0,4158.0,,13,0,1,0,0.0
58834,0,0.068843212,54,0,0.029411765,1733.0,3,0,0,0,0.0
58835,1,0.9999998999999999,62,0,0.051260737,3608.0,1,3,0,1,1.0
58838,0,0.9999998999999999,41,0,0.121334409,3716.0,1,0,0,0,1.0
58839,0,0.34873417100000004,81,0,0.8813559320000001,2300.0,10,0,1,0,0.0
58840,0,0.18144670100000002,61,0,0.34350529700000004,8683.0,17,0,2,0,0.0
58842,0,0.30631921100000004,36,0,0.5171205179999999,3708.0,7,0,1,0,0.0
58843,0,0.350996191,38,0,0.374532345,14700.0,17,0,5,0,2.0
58844,0,0.021924785,35,0,1163.0,,6,0,0,0,1.0
58846,0,0.420798359,45,0,1.383497966,1720.0,8,0,2,0,2.0
58847,0,0.30755355100000004,50,0,0.28994201199999997,5000.0,10,0,1,0,2.0
58849,0,0.368114888,64,1,136.0,,7,0,0,0,0.0
58850,0,0.252948543,36,1,0.306716315,7250.0,8,0,1,0,0.0
58851,1,0.269248215,54,0,1.485351465,10000.0,13,0,4,0,0.0
58852,0,11843.0,45,1,0.33164113,10833.0,5,0,2,0,2.0
58853,0,0.99097264,49,1,0.321578325,9300.0,13,0,1,0,3.0
58854,0,0.004887659,79,0,0.001359804,3676.0,7,0,0,0,1.0
58855,0,0.007264134,66,0,0.901465994,4160.0,18,0,3,0,1.0
58856,0,0.993171472,40,0,0.457882661,3050.0,7,0,1,0,2.0
58857,0,0.281749977,60,0,0.25734853,5000.0,8,1,0,0,1.0
58858,0,0.025252787000000002,60,0,0.21887811199999999,10000.0,11,0,1,0,0.0
58863,0,0.14455287,66,0,0.188176763,6833.0,15,0,0,0,0.0
58864,0,0.567723044,57,0,0.967397891,8250.0,38,0,3,0,0.0
58865,0,0.943464825,31,0,0.220660496,8750.0,6,0,0,0,2.0
58866,0,0.35705838100000004,50,0,0.565723794,600.0,9,0,0,0,1.0
58868,1,0.980028531,24,0,20.0,,1,0,0,1,0.0
58869,0,0.0,36,0,3172.0,,16,0,1,0,3.0
58870,0,0.0,44,0,0.717656469,5000.0,4,0,2,0,0.0
58871,0,0.830352183,49,0,0.12646838300000002,4000.0,10,0,0,1,0.0
58873,0,0.053230025,48,1,2249.0,,11,0,2,1,0.0
58876,0,0.141743007,58,0,0.51029794,5000.0,17,0,2,0,2.0
58877,0,0.386782388,57,0,0.518355019,4303.0,13,0,1,0,0.0
58878,0,0.077534628,33,0,0.162318388,6400.0,19,0,1,0,0.0
58879,1,0.016171243000000002,36,0,0.13402515199999998,11370.0,11,0,1,0,2.0
58880,0,0.02384903,51,0,0.222515779,6812.0,10,0,2,0,0.0
58881,0,0.216819856,59,0,0.396322346,11800.0,11,0,2,0,0.0
58882,0,0.531687486,67,0,2217.0,,9,0,1,0,0.0
58883,0,0.9999998999999999,76,0,0.296296296,1700.0,2,0,1,0,0.0
58884,0,0.039824969,66,0,905.0,,6,0,2,0,1.0
58885,0,0.9999998999999999,47,1,0.372509694,7478.0,5,0,2,0,3.0
58888,0,0.043161787,67,0,0.370475515,5635.0,8,0,2,0,0.0
58889,0,0.099780044,47,0,1398.0,,8,0,1,0,0.0
58891,0,0.403854539,42,0,0.16700120400000001,2490.0,5,0,0,0,2.0
58892,0,0.0,83,0,0.00119952,2500.0,2,0,0,0,0.0
58893,1,0.7999137609999999,55,0,0.685566225,6560.0,21,0,2,0,1.0
58894,0,0.052269148,30,0,0.195023083,8880.0,10,0,2,0,1.0
58895,0,0.025692272000000002,55,0,1297.0,,11,0,2,0,
58897,0,0.9999998999999999,91,0,0.0,,2,0,0,0,0.0
58898,0,0.017654422,60,0,0.0069666730000000005,5310.0,9,0,0,0,0.0
58899,0,0.287337336,48,0,6319.0,,8,0,2,0,0.0
58901,0,0.0,62,0,0.299744206,12900.0,9,0,2,0,0.0
58902,0,0.01622374,58,0,3262.0,,9,0,1,0,0.0
58903,0,0.9999998999999999,27,0,0.295114007,1534.0,5,0,0,0,0.0
58904,0,0.06096969,66,0,93.0,,6,0,0,0,0.0
58906,0,0.09056199,67,0,0.309398291,5500.0,6,0,1,0,0.0
58907,0,0.104894755,56,1,0.47256365200000006,4555.0,8,0,2,0,1.0
58908,0,0.0024373479999999998,37,0,3177.0,0.0,4,0,1,0,3.0
58909,0,0.134849355,73,0,0.24237243600000002,7603.0,9,0,2,0,2.0
58910,0,0.290459548,35,1,0.09118449,3300.0,7,0,0,0,2.0
58911,0,0.929155313,28,0,0.20770877899999998,1400.0,7,0,0,0,0.0
58912,0,0.03023245,62,0,0.109512995,7925.0,5,0,1,0,0.0
58913,0,0.794554235,52,0,0.332681468,8692.0,8,0,1,0,0.0
58914,0,0.046772685,37,0,0.15997867,7500.0,8,0,1,0,1.0
58915,0,0.07394009,45,0,0.23398050199999998,12000.0,15,0,2,0,3.0
58916,0,0.275989385,67,0,0.267683079,4000.0,4,0,1,0,0.0
58918,0,0.6763811909999999,68,0,0.45077636,12300.0,21,0,3,0,0.0
58919,1,0.8862594779999999,61,2,0.680386602,6000.0,15,1,2,1,0.0
58921,0,0.043598113,62,0,577.0,,12,0,0,0,2.0
58922,0,0.009127971,33,0,3.142857143,300.0,8,0,1,0,2.0
58924,0,0.095034133,51,0,0.608832507,10483.0,22,0,2,0,1.0
58925,0,0.012404921000000001,49,0,0.191855912,16600.0,12,0,2,0,2.0
58926,0,0.0,27,0,0.0,5800.0,3,0,0,0,0.0
58927,0,0.085843283,60,0,0.26207563899999997,12400.0,14,0,1,0,0.0
58930,0,0.01944677,63,0,0.61717044,8700.0,21,0,5,0,1.0
58931,0,0.012189355,64,0,0.254274573,10000.0,6,0,1,0,0.0
58932,0,0.062037518,36,0,2399.0,,9,0,1,0,0.0
58935,0,0.0,42,0,0.107048375,10583.0,6,0,1,0,0.0
58937,0,0.15056222800000002,56,0,0.558592188,7500.0,17,0,2,0,0.0
58938,0,0.17949994800000002,56,0,0.35028966,12600.0,21,0,1,0,0.0
58939,0,0.081124045,47,0,47.0,,1,0,0,0,0.0
58941,0,0.0,53,2,0.532638889,2879.0,9,0,2,0,0.0
58942,0,0.093782995,48,2,0.628216997,5400.0,12,0,3,0,0.0
58943,0,0.19700582,48,0,0.276890683,11397.0,17,0,2,0,0.0
58944,0,0.0,52,0,0.33876643799999995,5398.0,10,0,1,0,0.0
58948,0,0.461592125,43,0,0.574137931,1739.0,5,0,1,0,3.0
58949,0,0.081401698,47,0,0.544743895,13431.0,13,0,2,0,2.0
58950,0,0.10005428400000001,61,0,1504.0,,5,0,1,0,0.0
58951,0,0.581926422,48,4,0.631457979,10006.0,14,0,3,1,0.0
58952,0,0.012196067,82,0,0.175378463,3500.0,7,0,0,0,0.0
58954,0,0.932742307,57,0,0.17915878300000002,6870.0,3,1,1,0,0.0
58955,1,0.931777795,33,0,0.35441657600000004,1833.0,7,0,0,0,1.0
58956,0,0.045148997,89,1,0.036661112,6600.0,17,0,0,0,0.0
58958,0,0.131122144,69,0,413.0,,8,0,0,0,0.0
58959,0,0.0,72,0,0.042794294000000004,7500.0,3,0,0,0,0.0
58962,0,0.0,66,0,3150.0,,9,0,2,0,0.0
58970,0,0.01012024,48,0,0.238573547,14833.0,24,0,2,0,2.0
58971,0,0.30029211899999997,68,0,0.894776915,6566.0,13,0,3,0,1.0
58972,1,0.721447418,53,0,0.354822335,11819.0,10,0,2,0,0.0
58973,0,0.9999998999999999,61,0,0.308694335,3300.0,5,0,1,0,0.0
58974,0,0.071357539,52,1,0.005937129,16000.0,9,0,0,0,1.0
58975,0,0.01089473,53,0,0.720530703,5878.0,6,0,2,0,2.0
58976,0,0.009999767,36,0,0.466607696,2260.0,8,0,1,0,0.0
58977,0,0.73405073,31,1,0.089162183,1300.0,5,0,0,0,1.0
58978,0,0.031055647999999998,80,0,0.093386662,10750.0,3,0,1,0,1.0
58979,0,0.067686442,31,0,0.08660267099999999,9583.0,10,0,0,0,0.0
58980,0,0.145344392,36,0,0.328070729,6333.0,6,0,1,0,0.0
58984,0,0.483051695,64,0,0.41855045399999996,4290.0,4,0,2,0,0.0
58986,0,0.238331128,46,0,0.09890555300000001,7400.0,6,0,0,0,0.0
58988,0,0.04729319,66,0,3474.0,,7,0,1,0,1.0
58990,0,0.11787906,74,0,0.28376008399999997,2850.0,11,0,0,0,1.0
58991,0,0.371257485,47,0,0.277697146,6200.0,7,0,1,0,1.0
58992,0,0.0,57,1,1782.0,,5,0,1,0,0.0
58994,0,0.009799902,79,0,0.004685408,5975.0,13,0,0,0,0.0
58995,0,0.18999283,38,0,0.050695591,4240.0,9,0,0,0,0.0
58996,0,0.547832318,40,0,0.221715031,9200.0,7,0,0,0,1.0
58997,0,0.09270547,35,0,1714.0,,9,0,1,0,0.0
58999,0,0.183868426,49,1,0.275400676,6800.0,9,0,2,0,3.0
59000,1,0.180685044,62,1,0.249255952,5375.0,18,0,0,0,1.0
59001,0,0.048064522,74,0,0.298430774,7200.0,8,0,2,0,1.0
59003,1,0.9999998999999999,64,0,0.0,9000.0,0,0,0,0,0.0
59004,0,0.045706338,35,0,0.283920989,5416.0,10,0,2,0,0.0
59005,0,0.399376677,64,0,10850.0,,18,0,11,0,0.0
59006,0,0.009837007,47,0,0.9040056470000001,5666.0,19,0,2,0,0.0
59007,0,0.172725186,57,0,0.34360334600000003,4900.0,24,0,1,0,0.0
59008,0,0.07270083599999999,55,2,2484.0,,6,1,2,2,
59010,0,0.071940882,26,0,0.11196800900000001,3500.0,2,0,0,0,0.0
59011,0,0.6328676320000001,62,0,0.605239476,10000.0,9,0,2,0,0.0
59012,0,0.06380886,74,0,46.0,,2,0,0,0,
59014,0,0.002039189,54,0,0.237556312,9100.0,8,0,1,0,2.0
59016,0,0.23825361,40,0,0.523740591,6907.0,13,0,1,0,1.0
59018,0,0.025841425,75,0,0.206643931,7916.0,6,0,1,0,0.0
59019,0,0.00155775,41,0,0.93441002,3033.0,16,0,1,0,2.0
59020,0,0.197305476,41,0,0.21050643300000002,45000.0,10,0,3,0,3.0
59024,0,0.061432815999999994,35,0,0.370866021,6500.0,11,0,1,0,0.0
59025,0,0.004160872,74,0,0.0020796670000000003,6250.0,9,0,0,0,0.0
59026,0,0.072497615,63,0,0.45033688299999997,4600.0,4,0,1,0,0.0
59027,0,0.0,29,0,0.318846466,2461.0,4,0,1,0,0.0
59030,0,0.09761683,73,0,190.0,,3,0,0,0,0.0
59033,0,0.029109997999999998,38,0,0.45791978200000005,7354.0,6,0,1,0,0.0
59035,0,0.057188562000000005,33,0,8.0,,1,0,0,0,0.0
59036,0,0.033670139,64,0,0.07679693900000001,10976.0,6,0,0,0,0.0
59037,1,0.808881781,48,4,0.8516423359999999,10959.0,23,2,2,2,3.0
59038,0,0.32984494,50,0,0.154301075,3719.0,3,0,0,0,1.0
59039,0,0.15572641199999998,63,2,0.020595881,5000.0,4,0,0,1,3.0
59040,1,0.9999998999999999,55,0,0.099950025,2000.0,1,0,0,0,1.0
59041,0,0.5723177389999999,53,0,0.10013404199999999,20142.0,6,0,1,0,2.0
59043,0,0.014821575,61,0,0.277682551,5833.0,41,0,2,0,1.0
59044,0,0.054514417,56,0,0.7566937009999999,9000.0,16,0,5,0,2.0
59045,0,0.060286751,59,2,0.22651448600000001,10250.0,15,0,1,0,1.0
59047,0,0.9999998999999999,26,0,0.15842079,2000.0,0,0,0,1,0.0
59048,0,0.112596247,77,0,0.288638527,6301.0,4,0,2,0,0.0
59051,1,0.016509914,54,0,0.361546982,10833.0,11,0,3,1,2.0
59052,1,0.7431874479999999,28,2,0.40878553,1934.0,4,3,0,0,2.0
59053,0,0.2483978,59,0,1925.0,,4,0,1,0,0.0
59054,0,0.136569238,61,0,2.1005996,1500.0,16,0,2,0,0.0
59055,0,0.267577257,33,0,0.950041632,1200.0,6,0,1,0,1.0
59056,0,0.9999998999999999,35,0,96.0,,0,0,0,0,0.0
59057,0,0.9999998999999999,75,0,0.0,1380.0,2,0,0,0,0.0
59058,0,0.002374852,87,0,0.00265252,376.0,1,0,0,0,0.0
59060,0,0.903171099,32,0,3.603491272,400.0,11,0,0,0,1.0
59061,0,0.8587525220000001,50,0,0.2885,5999.0,15,0,0,1,0.0
59062,0,0.504395866,63,0,0.495597484,3974.0,12,0,2,0,1.0
59063,1,0.7363964820000001,39,0,0.150273224,4025.0,3,1,0,0,1.0
59064,0,0.252385841,60,0,0.709258148,5000.0,3,0,1,0,0.0
59065,0,0.10346005800000001,41,0,0.245577409,9100.0,5,0,1,0,1.0
59066,0,0.015918727,41,0,0.297945828,5500.0,8,0,1,0,0.0
59067,0,0.031722589,78,0,0.017423593,3500.0,9,0,0,0,0.0
59069,0,0.0006527999999999999,87,0,0.0,,2,0,0,0,0.0
59070,0,0.0,48,0,0.570342966,10000.0,8,0,4,0,0.0
59072,0,0.10356773,68,0,0.12659157699999998,4083.0,7,0,0,0,0.0
59075,0,0.9740037140000001,54,0,0.265649658,1900.0,2,0,0,0,0.0
59076,0,0.014487568999999999,56,0,1598.0,,17,0,1,0,
59077,0,0.279295885,53,0,0.061459489000000006,7207.0,12,0,0,0,3.0
59078,0,0.031536192000000005,66,0,0.117568851,5264.0,6,0,0,0,1.0
59080,0,0.7809197370000001,32,0,0.302351624,6250.0,14,0,1,0,0.0
59081,0,0.000982343,60,0,0.54187665,4166.0,8,0,2,0,0.0
59082,0,0.015516361999999999,69,0,0.305330728,3582.0,6,0,1,0,0.0
59083,0,0.009658441,57,0,0.131973605,5000.0,14,0,1,0,0.0
59084,0,0.507472745,39,0,0.573313003,28200.0,16,0,7,0,0.0
59085,0,0.1145819,47,0,0.128243266,6050.0,7,0,0,0,2.0
59087,0,0.270914995,52,0,3440.0,,17,0,1,0,2.0
59089,0,0.817265433,48,4,1.4649271430000002,2950.0,19,0,1,3,3.0
59090,0,0.442170522,45,0,0.254135612,5500.0,4,0,1,0,0.0
59091,0,0.08326389099999999,38,0,0.014464425,5115.0,3,0,0,0,0.0
59092,0,0.107315585,47,3,0.358554489,7083.0,14,1,3,0,0.0
59093,0,0.071953393,34,0,3746.0,,7,0,1,0,0.0
59095,0,0.085662349,34,0,0.001249844,8000.0,5,0,0,0,0.0
59096,0,0.046406155,56,0,0.099870777,10833.0,8,0,0,0,2.0
59097,0,0.180844225,49,0,0.699175434,3516.0,6,0,1,0,1.0
59099,0,0.239050425,59,0,0.36282628299999997,11109.0,8,0,2,0,1.0
59100,0,0.023381341,39,0,0.284133769,7953.0,12,0,1,0,0.0
59101,0,0.10582263,53,0,1360.0,,5,0,1,0,0.0
59103,0,0.00025314900000000004,63,3,928.0,,3,0,1,0,0.0
59104,0,0.193818038,44,0,0.299622363,10856.0,9,0,1,0,0.0
59107,0,0.017246941000000002,51,0,1946.0,,8,0,1,0,2.0
59108,0,0.000891045,41,0,0.347435564,7681.0,7,0,1,0,2.0
59110,1,0.584234391,60,4,0.661251615,5416.0,19,0,3,0,0.0
59112,0,0.8830584709999999,60,0,0.449809216,6813.0,7,0,0,0,0.0
59113,0,0.016225191,43,0,0.179384615,3249.0,3,0,0,0,0.0
59114,0,0.0,48,0,0.40610064700000004,7113.0,8,0,2,0,2.0
59115,0,0.014970666,49,0,0.0027372259999999997,5479.0,6,0,0,0,1.0
59116,0,0.185420327,66,0,0.378781976,7700.0,22,0,2,0,1.0
59120,0,0.0006961939999999999,86,0,0.351432378,3001.0,14,0,1,0,0.0
59123,0,0.283006889,53,0,0.444728843,6250.0,7,0,2,0,3.0
59124,0,0.00041666,59,0,0.282177432,6300.0,6,0,1,0,0.0
59126,0,0.0,77,0,0.007493755,1200.0,2,0,0,0,0.0
59127,0,0.132809293,60,0,0.431487833,6122.0,16,0,2,0,0.0
59128,1,1.636429608,41,3,0.65141497,3780.0,6,3,2,3,3.0
59129,0,0.267700399,66,0,0.76026936,5939.0,13,0,2,0,0.0
59130,0,0.26205431100000004,38,0,0.347154874,10104.0,7,0,2,0,3.0
59132,0,0.392984281,58,0,1.33902214,2167.0,5,0,1,0,0.0
59133,0,0.0,48,0,0.03848076,2000.0,9,0,0,0,0.0
59135,0,0.023553811,33,0,0.332931969,4982.0,7,0,2,0,3.0
59137,0,0.383538575,46,1,1.1146106740000001,8000.0,18,0,13,0,4.0
59138,0,0.002608469,35,0,921.0,,4,0,1,0,0.0
59139,0,0.00075997,28,0,0.0,3495.0,2,0,0,0,0.0
59140,0,0.9999998999999999,39,0,0.0,5833.0,0,0,0,0,0.0
59142,1,0.014570388,45,1,1.336655372,5016.0,11,0,4,0,2.0
59144,0,0.9999998999999999,36,0,0.0,,0,0,0,0,0.0
59146,0,0.286606566,44,0,0.030996556,9000.0,3,0,0,0,2.0
59147,0,0.203080335,60,0,0.258514851,10099.0,12,0,2,0,3.0
59148,0,0.09257350199999999,80,0,492.0,,7,0,0,0,0.0
59149,0,0.018294935,80,0,0.251125885,4662.0,9,0,1,0,0.0
59150,0,0.9999998999999999,28,0,0.509872532,4000.0,3,0,1,0,0.0
59151,0,0.105303273,54,0,5592.0,,14,0,3,0,0.0
59152,0,0.962874315,57,0,0.546627886,5500.0,9,0,2,0,0.0
59153,0,0.0,65,0,453.0,,5,0,0,0,1.0
59154,1,0.980056664,47,0,5775.0,,18,0,3,0,1.0
59155,0,0.0,34,0,0.51985933,4833.0,11,0,2,0,1.0
59156,0,0.7944060540000001,38,0,0.459403764,7278.0,7,0,2,0,4.0
59157,0,0.198180644,65,0,0.132819928,10517.0,13,0,1,0,0.0
59158,0,0.11914103599999999,63,0,0.5142803570000001,16000.0,15,0,2,0,2.0
59161,0,0.545989889,49,0,0.35666433399999997,10000.0,13,0,2,0,3.0
59162,0,0.832064538,45,0,0.319839411,8966.0,9,0,1,0,3.0
59163,0,0.643694698,28,0,0.412348049,3125.0,8,0,0,0,0.0
59164,0,0.038324625,59,0,1458.0,,7,0,1,0,0.0
59165,0,0.002399947,50,0,0.208558288,5000.0,12,0,0,0,2.0
59166,0,0.073593929,44,1,0.17163636399999999,4124.0,7,0,0,0,1.0
59168,0,0.029784256000000002,54,0,5599.0,,14,0,3,0,0.0
59169,0,0.016419522,76,0,1.068783069,1700.0,6,0,1,0,1.0
59171,0,0.0073435209999999996,91,0,6.0,,7,0,0,0,0.0
59173,0,0.031071575,55,0,0.464768956,7833.0,10,0,2,0,0.0
59175,0,0.9999998999999999,57,0,0.034575905,1850.0,1,0,0,0,0.0
59176,1,0.22589133,29,2,0.610324729,1200.0,4,0,1,0,2.0
59177,0,0.708729645,30,0,0.95276181,4000.0,14,0,2,0,0.0
59178,0,0.312952393,51,1,0.495448441,6700.0,15,0,2,0,0.0
59179,0,0.0,41,0,0.26145642399999997,6000.0,8,0,2,0,0.0
59181,0,0.15244237800000002,52,0,2024.5,1.0,13,0,2,0,0.0
59182,0,0.0,24,0,0.0,,1,0,0,0,0.0
59183,0,0.9999998999999999,39,0,1582.0,,1,0,1,0,0.0
59184,0,0.000499993,72,0,1119.0,,7,0,2,0,0.0
59185,0,0.203604373,76,0,0.35479876200000005,8074.0,13,0,2,0,0.0
59187,0,0.557260189,61,0,0.48349514600000004,6694.0,12,0,1,0,0.0
59188,0,0.010864955,67,0,0.465125348,17949.0,21,0,4,0,1.0
59189,0,0.471389066,42,2,0.347943193,4083.0,7,0,1,0,0.0
59190,0,0.123168766,58,0,3375.0,,24,0,3,0,0.0
59191,0,0.08120720000000001,36,0,1446.0,,5,0,1,0,
59192,0,0.72282881,54,2,0.204139793,13333.0,13,0,1,0,0.0
59194,0,0.09114260800000001,78,0,0.291059697,3500.0,8,0,1,0,0.0
59195,0,0.016712118,85,0,0.005994006,1000.0,2,0,0,0,0.0
59196,0,0.508090419,62,0,2746.0,,4,0,1,0,0.0
59197,0,0.062996684,66,0,0.011662779,3000.0,3,0,0,0,0.0
59198,0,0.13708099599999998,53,0,0.115660046,7400.0,5,0,0,0,1.0
59202,0,0.9999998999999999,63,4,0.5449654110000001,3902.0,6,1,2,1,0.0
59203,1,0.984639165,56,2,0.593789607,4733.0,13,0,1,1,0.0
59204,0,0.02159946,71,0,0.059912404,12100.0,6,0,1,0,0.0
59205,0,0.066680986,41,0,0.280271973,10000.0,7,0,1,2,1.0
59206,0,0.082831858,51,0,0.306819471,8812.0,13,0,1,0,1.0
59207,0,0.007694881,69,0,0.003771213,1590.0,5,0,0,0,0.0
59209,0,0.00179982,63,0,0.077929716,6800.0,3,0,1,0,0.0
59211,0,0.252986265,26,0,0.117025862,4639.0,9,0,0,0,0.0
59213,0,0.0,39,0,0.0,6466.0,1,0,0,0,2.0
59214,1,0.9999998999999999,31,0,1561.0,,2,3,1,1,2.0
59215,0,0.677570342,39,0,0.322167985,5940.0,7,0,0,0,5.0
59216,0,0.9999998999999999,37,0,0.0,,1,1,0,0,0.0
59217,0,0.602342598,53,0,0.5796314810000001,7000.0,14,0,2,0,2.0
59220,0,0.012718982,67,0,0.814728424,3000.0,3,0,2,1,1.0
59221,0,0.38985839200000005,58,0,0.398473005,5500.0,12,0,1,0,3.0
59222,0,0.36192063399999996,26,0,0.25441527399999997,4189.0,6,0,0,0,0.0
59223,0,0.94970205,51,0,353.0,,6,0,0,0,0.0
59224,0,0.23618291100000002,36,0,0.11796068,3000.0,4,0,0,0,0.0
59225,0,0.541602433,56,2,0.28600708,5366.0,12,1,1,4,0.0
59227,0,0.050404263,64,0,0.072491075,10083.0,17,0,0,0,0.0
59228,0,0.638546527,62,2,6015.0,,16,0,4,0,1.0
59229,0,0.763142625,43,1,0.944611078,5000.0,5,0,2,0,0.0
59231,0,0.406153651,55,0,0.795867355,6000.0,9,0,2,0,3.0
59233,0,0.010223118,51,0,0.430410122,4583.0,12,0,2,0,2.0
59234,0,0.6873054759999999,43,0,3197.0,,11,0,1,0,0.0
59235,0,0.279799701,35,0,0.33076263899999997,3500.0,8,0,0,0,1.0
59236,0,0.0,56,0,2153.0,,4,0,1,0,1.0
59237,0,0.451373972,41,0,0.048520395,3750.0,4,0,0,1,1.0
59238,0,0.716230265,47,0,0.861867405,6500.0,8,0,3,0,0.0
59239,0,0.684798589,26,0,501.0,,3,0,0,0,0.0
59240,0,0.349572805,31,0,0.50367287,4083.0,10,0,2,0,1.0
59242,0,0.0,35,0,0.08088033,3634.0,7,0,0,0,0.0
59243,0,0.02159721,56,0,1521.0,,12,0,1,0,0.0
59245,0,0.005973565,67,0,0.08898220400000001,5000.0,25,0,0,0,0.0
59246,0,0.302024398,39,1,0.081100492,18100.0,11,0,0,0,1.0
59247,0,0.034614174,76,0,0.01010101,2870.0,6,0,0,0,0.0
59249,0,0.9999998999999999,33,0,0.0,1647.0,0,0,0,0,1.0
59250,0,0.051092188,38,0,561.0,,7,0,0,0,0.0
59252,0,0.791128886,48,0,0.944511098,3333.0,7,0,1,0,1.0
59256,0,0.0,68,0,0.0,,1,0,0,0,0.0
59257,1,1.2022471909999999,48,3,2506.0,,9,0,1,1,0.0
59258,0,0.08249266,37,0,0.465589068,6000.0,8,0,2,0,2.0
59259,0,0.6854662909999999,49,0,0.8807178040000001,5683.0,8,0,3,0,1.0
59260,0,0.255108607,52,1,0.317438954,5200.0,9,0,1,0,0.0
59261,0,0.14207650300000002,67,0,0.255963434,7000.0,5,0,0,0,0.0
59262,1,0.9999998999999999,45,1,1339.0,,3,3,2,1,0.0
59263,0,0.363129562,55,0,0.303661972,12424.0,11,0,1,0,1.0
59264,0,0.233801192,61,1,2986.0,,7,0,1,0,0.0
59265,0,0.200771373,42,0,0.121507306,3900.0,7,0,0,0,3.0
59267,0,0.112677746,70,0,0.298447767,10500.0,8,0,1,0,1.0
59269,0,0.0,60,0,1424.0,,4,0,1,0,0.0
59270,0,0.466576671,37,1,3351.0,,8,0,1,0,3.0
59271,0,0.466277551,53,0,0.625178554,10500.0,10,0,2,0,1.0
59273,0,0.293505433,26,0,610.0,,9,0,0,0,0.0
59274,0,0.254325321,63,0,0.418789594,7418.0,19,0,2,0,1.0
59275,0,0.0412714,60,0,0.015687393,3505.0,7,0,0,0,0.0
59277,0,0.0,36,0,0.151939224,2500.0,8,0,0,0,2.0
59278,1,0.398446385,76,1,0.141287153,12010.0,12,0,2,0,0.0
59280,0,0.054994500999999994,67,0,0.45243204600000003,8387.0,4,0,2,0,0.0
59281,0,0.178619815,50,0,0.437213566,3272.0,15,0,1,0,1.0
59286,0,0.001319534,63,0,2.0,,6,0,0,0,0.0
59288,0,2492.0,33,0,0.644088978,4000.0,10,0,1,0,0.0
59289,0,0.971669618,28,2,0.26821765,5200.0,7,0,0,0,1.0
59291,0,0.225679343,43,2,0.298817182,4818.0,10,0,1,0,1.0
59293,0,0.163180322,38,0,101.0,,3,0,0,0,
59294,0,0.284432051,38,0,1.001224365,3266.0,7,0,2,0,2.0
59295,0,0.184375292,62,0,0.275635898,6250.0,4,0,1,0,0.0
59296,0,0.06646751299999999,56,0,0.309530107,11342.0,9,0,2,0,0.0
59297,0,0.107606437,51,0,0.347138154,9416.0,9,0,2,0,0.0
59298,0,0.053722977000000005,65,0,0.7149869109999999,3055.0,18,0,1,0,0.0
59299,0,0.025810887,48,1,0.080159987,12000.0,9,0,2,0,2.0
59300,0,0.121974446,33,0,0.371713509,3308.0,8,0,1,0,0.0
59301,0,0.059242595,29,0,0.23904052899999997,1208.0,3,0,0,0,0.0
59302,0,0.8318890809999999,46,0,0.052252732999999996,3750.0,4,0,0,0,0.0
59303,0,0.030932743999999998,49,0,0.772556861,4000.0,10,0,2,0,2.0
59304,0,0.664670659,63,0,676.0,,3,0,1,0,0.0
59305,0,0.013897498999999999,65,0,710.0,,8,0,1,0,0.0
59306,0,0.098417815,45,1,0.375461076,5150.0,20,0,1,0,2.0
59308,0,0.5064143210000001,36,0,0.5854829029999999,5000.0,9,0,2,0,0.0
59309,0,0.184068526,71,0,0.280358259,4800.0,6,0,1,0,0.0
59311,0,0.9999998999999999,57,0,0.872173058,3050.0,5,0,1,0,0.0
59312,0,0.552042508,43,1,0.327828334,8900.0,19,0,2,0,1.0
59313,0,0.654756959,28,0,0.07831468700000001,4200.0,10,0,0,0,0.0
59315,0,0.0,24,1,0.069260135,5500.0,7,0,0,1,1.0
59316,0,0.620094976,36,0,74.0,,1,0,0,0,0.0
59317,1,0.948481097,59,3,0.306461692,8000.0,8,0,1,0,0.0
59319,0,0.08322388900000001,71,0,2465.0,,8,0,2,0,1.0
59320,0,0.022802742,47,0,0.268176915,4634.0,11,0,1,0,1.0
59321,0,0.566472237,56,0,0.155968217,11200.0,5,0,1,0,2.0
59323,0,0.316020857,26,0,0.120375925,5000.0,6,0,0,0,0.0
59324,0,0.056911927,48,1,0.337333075,5166.0,6,0,3,0,1.0
59325,0,0.004499775,59,3,0.10474527900000001,6300.0,9,0,0,0,0.0
59326,0,0.137175102,45,0,3416.0,,9,0,3,0,0.0
59328,0,0.033285239,69,0,0.162318388,6400.0,10,0,1,0,0.0
59329,0,0.5537579770000001,62,0,0.829109509,4300.0,14,0,2,0,0.0
59330,0,0.5433405379999999,47,0,0.149738696,4400.0,11,0,0,0,2.0
59331,0,0.044190899000000006,53,0,0.158482799,3400.0,13,0,1,0,1.0
59332,0,0.14339422599999999,45,0,0.346976868,15000.0,12,0,2,0,0.0
59334,0,0.16994688,63,0,0.431882242,6385.0,5,0,1,0,0.0
59338,0,0.06344327,51,0,0.316475495,3835.0,11,0,1,0,0.0
59340,0,0.07134459,67,0,0.688235294,1869.0,8,0,2,0,0.0
59342,0,0.0,66,0,1.0226633090000001,6750.0,8,0,3,0,0.0
59343,0,0.107037836,49,0,0.224776003,10267.0,5,0,2,0,1.0
59344,0,0.5592938789999999,60,0,0.641337939,5500.0,9,0,1,0,1.0
59345,0,0.014783615,65,0,0.009308098,3222.0,9,0,0,0,0.0
59346,0,0.11220604099999999,62,0,0.8208709940000001,3650.0,11,0,2,0,0.0
59347,0,1.6916990840000001,52,0,0.642086032,6020.0,14,0,1,0,0.0
59348,0,0.12282290300000001,73,0,0.178694783,5500.0,21,0,1,0,0.0
59349,0,0.114228575,74,0,0.015080603,3845.0,2,0,0,0,0.0
59350,0,0.584883023,25,0,0.024159956,3600.0,1,0,0,0,0.0
59351,0,0.41171946,60,1,0.08399580000000001,20000.0,4,0,1,0,1.0
59353,1,0.9999998999999999,39,0,0.0,3200.0,0,2,0,0,0.0
59354,0,0.050918077,43,0,0.576600373,6435.0,5,0,2,0,1.0
59355,0,0.07222799099999999,64,0,0.01119776,5000.0,3,0,0,0,0.0
59356,0,0.167739516,63,0,0.43854972,3750.0,11,0,1,0,0.0
59357,1,0.051247438,74,0,1607.0,,5,0,1,0,1.0
59358,0,0.048520487,51,0,0.215507665,4500.0,5,0,1,0,0.0
59359,0,0.05604574,51,0,0.177240502,5500.0,7,0,1,0,2.0
59361,0,0.161919767,71,0,475.0,,4,0,1,0,0.0
59362,0,0.014639805,64,0,0.147106612,16001.0,12,0,2,0,2.0
59363,0,0.13957208599999998,38,0,0.005331911,3750.0,1,0,0,0,0.0
59364,0,0.138457436,64,0,2475.0,,5,0,1,0,0.0
59365,0,0.008313623000000001,46,0,0.305453249,8416.0,7,0,1,0,1.0
59366,0,0.09324005099999999,62,0,0.162722889,8916.0,6,0,2,0,0.0
59367,0,0.0,37,0,0.37793701,6000.0,7,0,1,0,0.0
59368,0,0.070249779,56,0,0.785833333,5999.0,13,0,3,0,0.0
59371,1,0.478997276,51,0,0.627653683,5416.0,15,0,2,0,2.0
59374,0,0.024454885,73,0,0.17264081899999997,4100.0,4,0,1,0,0.0
59376,0,0.9999998999999999,72,0,0.332576102,2200.0,1,2,0,0,0.0
59377,0,0.203418235,59,0,1091.0,,15,0,1,0,0.0
59379,0,0.23821495899999998,56,0,125.0,,1,0,0,0,0.0
59381,0,0.014871593999999998,80,0,0.083120957,5100.0,25,0,0,0,0.0
59382,0,0.106247541,84,1,0.284440843,1233.0,7,0,0,0,0.0
59385,1,0.446160722,46,0,0.753264145,2986.0,9,0,1,0,0.0
59386,0,0.8676219959999999,36,0,0.375304136,4931.0,12,0,0,0,2.0
59388,0,0.0,51,0,0.0,,4,0,0,0,0.0
59389,0,0.2208056,51,0,0.307025465,5536.0,5,0,1,0,2.0
59391,0,0.9999998999999999,45,0,0.402765584,4555.0,5,0,1,0,3.0
59393,0,0.055119166,83,0,169.0,,4,0,0,0,0.0
59395,0,0.394302849,31,0,0.012914093,1780.0,1,0,0,0,0.0
59396,0,0.10121179300000001,63,0,0.550882825,3114.0,18,0,1,0,1.0
59399,0,0.09230485199999999,42,0,3371.0,,9,0,1,0,0.0
59400,0,0.00916079,83,0,0.005497251,2000.0,2,0,0,0,0.0
59402,0,0.54872515,39,0,0.47443890299999997,3207.0,7,0,0,0,3.0
59403,0,0.018399387,71,0,0.556747096,2237.0,7,0,1,0,0.0
59404,0,0.618166526,46,0,0.109589041,4160.0,5,0,0,0,1.0
59405,0,0.5062450470000001,63,0,0.566943306,10000.0,7,0,3,0,1.0
59406,0,0.0,33,0,0.194081578,3750.0,10,0,0,0,0.0
59407,0,0.0338795,66,0,0.5079153470000001,6000.0,14,0,2,0,0.0
59408,0,0.271741258,55,2,0.952015995,3000.0,19,0,3,0,1.0
59409,0,0.0,63,0,0.290818215,5401.0,5,0,2,0,0.0
59410,0,0.112288771,62,0,0.038974017,3001.0,5,0,0,0,0.0
59411,0,0.012920232,59,1,0.19667520800000002,16000.0,12,0,3,0,0.0
59412,0,0.34973825299999994,30,1,774.0,,15,0,0,0,
59413,0,0.135107358,77,0,0.398387362,6076.0,3,0,1,0,0.0
59414,0,0.9999998999999999,31,1,0.108375421,4751.0,2,1,0,0,0.0
59415,0,0.495581237,66,0,0.330313071,14788.0,15,0,2,0,1.0
59416,0,0.387448997,55,0,0.11413628699999999,6500.0,7,0,0,1,1.0
59417,0,0.532012058,66,0,5093.0,,13,0,2,0,1.0
59418,0,0.97376892,53,0,0.5009998179999999,5500.0,5,0,2,0,3.0
59419,0,0.140308044,67,0,0.05191873599999999,3100.0,5,0,0,0,0.0
59420,0,0.386479384,32,0,0.5046238439999999,4000.0,9,0,2,0,1.0
59421,0,0.36745406799999997,31,1,0.33773245399999996,5000.0,6,0,1,0,0.0
59423,0,0.035461159,61,0,0.130791951,10833.0,7,0,1,0,0.0
59424,0,0.217144472,60,0,0.596778673,3600.0,12,0,2,0,0.0
59425,0,0.009440572,65,0,0.358371469,6336.0,16,0,1,0,2.0
59428,0,0.010024811,63,0,0.088679489,7746.0,15,0,1,0,1.0
59430,0,0.046473837999999996,54,0,0.284078864,4716.0,7,0,1,0,0.0
59432,0,0.59732917,51,0,3377.0,,12,0,2,0,0.0
59433,0,0.016085255,76,0,0.428148635,3040.0,4,0,1,0,0.0
59434,0,0.025101798999999998,62,0,0.09866196099999999,6800.0,5,0,1,0,0.0
59435,0,0.877400684,33,0,0.296689569,1600.0,5,0,0,0,0.0
59437,0,0.497812555,79,0,0.247785925,10500.0,6,0,1,0,0.0
59438,1,0.9999998999999999,38,0,299.0,,1,1,0,0,
59440,0,0.209866866,55,0,0.658263836,5275.0,15,0,3,0,2.0
59441,0,0.0,28,1,0.064687169,6600.0,11,0,0,0,0.0
59444,0,0.0027749309999999996,55,0,479.0,,10,0,0,0,0.0
59445,0,0.114885115,23,0,0.201998572,1400.0,4,0,0,0,0.0
59446,0,0.777965275,46,0,1.019775873,4550.0,7,0,2,0,0.0
59447,0,0.011025076000000002,62,0,0.00117624,5100.0,4,0,0,0,0.0
59448,0,0.21015625,38,0,344.0,,9,0,0,0,0.0
59449,0,0.36181909,24,0,0.011105235,1890.0,1,0,0,0,0.0
59450,0,0.348766256,79,0,2011.0,,15,0,2,0,0.0
59452,0,0.418799684,68,0,0.380771061,2100.0,7,0,0,0,1.0
59453,1,0.943823289,42,2,0.065586883,5000.0,4,1,0,3,3.0
59455,0,0.635349197,58,0,2425.0,,4,0,1,0,0.0
59456,0,0.24808291300000002,33,0,1318.0,,5,0,2,0,0.0
59457,0,0.629563297,38,2,0.556698086,3500.0,13,0,1,1,2.0
59461,0,0.108589172,60,3,3192.0,,25,0,3,0,
59462,0,0.39051918700000005,41,0,0.309375368,8500.0,10,0,1,0,0.0
59464,1,0.9384026659999999,49,2,0.320451478,8150.0,19,0,0,1,4.0
59465,0,0.045866177,64,1,59.0,,7,0,0,0,0.0
59466,0,0.389721011,60,0,0.41368159200000004,8039.0,14,0,1,0,1.0
59467,0,0.025999638999999998,63,0,0.163014225,2600.0,8,0,0,0,0.0
59468,0,0.038640035,61,0,0.661939084,4300.0,12,0,3,0,0.0
59470,0,0.033214461,40,0,0.164604424,5333.0,5,0,0,0,0.0
59471,0,0.069562193,60,1,214.0,1.0,3,0,0,0,0.0
59474,0,0.036317095,77,0,1606.0,,7,0,1,0,0.0
59475,0,0.074452888,50,0,0.214477212,6340.0,7,0,2,0,0.0
59476,0,0.64306693,71,0,0.707429257,10000.0,14,0,4,0,0.0
59477,0,0.8591595320000001,68,0,0.203331608,21250.0,6,0,1,1,1.0
59481,0,1.137724551,26,1,670.0,,8,0,0,0,
59482,0,0.013359733,64,0,0.164659985,14866.0,9,0,2,0,0.0
59483,0,0.9999998999999999,69,0,0.41637918100000004,6666.0,6,0,2,0,0.0
59484,0,0.9999998999999999,58,0,0.245466131,10200.0,2,1,1,2,1.0
59485,0,0.997187939,47,0,0.18501465,7166.0,10,0,0,0,0.0
59487,0,0.199026172,25,0,0.244897959,2400.0,4,0,0,0,0.0
59489,0,0.9999998999999999,28,0,0.002853067,700.0,1,0,0,1,0.0
59490,0,0.217805257,42,0,0.43501666200000005,3900.0,7,0,2,0,1.0
59491,1,0.886045582,46,0,0.659083305,2988.0,6,0,1,1,2.0
59492,0,1.0841308379999999,67,2,0.179008568,3267.0,3,0,0,0,2.0
59493,0,0.086451926,73,0,98.0,,5,0,0,0,0.0
59494,0,0.140494146,42,1,2178.0,,6,0,1,0,0.0
59495,0,0.08827627699999999,51,0,1857.0,,11,0,1,0,3.0
59496,0,0.534965459,50,0,0.7250221040000001,7916.0,12,0,3,0,0.0
59497,0,0.056725570999999995,62,0,0.311103382,11500.0,12,0,3,0,2.0
59498,0,0.580268025,65,0,0.547738033,7603.0,14,0,3,0,0.0
59500,0,0.022048212,33,1,0.27916778800000003,11150.0,15,0,1,0,2.0
59501,0,0.50633273,52,0,0.349768415,6692.0,7,0,1,0,0.0
59502,0,0.570670381,50,2,0.26063904,7166.0,14,0,0,0,2.0
59504,1,0.9999998999999999,49,0,0.46426786600000003,2000.0,4,1,1,0,0.0
59505,0,0.08857527800000001,58,0,0.287742452,5000.0,5,0,1,0,0.0
59507,0,0.9999998999999999,51,0,0.0,,1,0,0,0,0.0
59510,0,0.127073412,42,0,0.44039551200000004,9000.0,5,0,2,0,3.0
59513,0,0.7733922740000001,39,1,0.28400597899999996,6020.0,7,0,1,0,0.0
59514,0,0.48617850799999995,60,0,0.21919302100000002,2750.0,3,0,0,0,0.0
59515,0,0.099580084,62,0,1478.0,,7,0,1,0,0.0
59516,0,0.081301501,54,0,0.585380835,3255.0,10,0,1,0,0.0
59518,0,0.026756772,73,0,1755.0,,10,0,1,0,0.0
59519,0,0.007314146,52,0,0.267351445,20833.0,4,0,2,0,1.0
59520,0,0.0,68,0,242.0,,3,0,0,0,0.0
59521,0,0.0,59,0,86.0,,4,0,0,0,0.0
59522,0,0.0,62,0,0.21666666699999998,5999.0,9,0,1,0,0.0
59524,0,0.23025491,26,0,0.193771014,5650.0,5,0,1,0,2.0
59525,0,0.162289761,84,0,0.318852459,2439.0,6,0,1,0,0.0
59526,0,0.9871669190000001,57,1,5.699325169,4000.0,8,0,1,0,0.0
59527,0,0.073542266,52,0,0.17525377600000003,28666.0,15,0,2,0,3.0
59528,0,0.052063417,53,0,0.152718116,6750.0,12,0,1,0,0.0
59529,0,0.0,31,0,1004.0,,7,0,0,0,1.0
59530,0,0.33701852,59,0,0.063844691,9992.0,4,0,0,0,0.0
59531,0,0.00391634,36,0,0.21542038,2580.0,6,0,0,0,2.0
59532,0,0.883839787,48,0,0.254343207,8000.0,6,0,1,0,1.0
59533,0,0.9999998999999999,32,0,0.034277552999999995,4200.0,3,0,0,0,2.0
59534,0,0.0,93,0,0.0,,2,0,0,0,0.0
59535,0,0.20450606600000001,45,0,0.234257975,7209.0,6,0,2,0,1.0
59536,0,0.0,67,0,0.299735187,12083.0,10,0,3,0,0.0
59537,0,0.002757088,70,0,0.267931513,6482.0,10,0,4,0,0.0
59538,0,0.0,49,0,0.519930676,7500.0,8,0,1,0,2.0
59539,0,0.0,70,0,0.5038874489999999,2700.0,4,0,1,0,0.0
59540,0,0.281944321,46,0,0.299106193,9397.0,10,0,2,0,0.0
59541,0,0.004874695,76,0,0.0005594409999999999,3574.0,6,0,0,0,0.0
59542,0,0.23875379600000002,80,0,0.228192952,4000.0,13,0,0,0,0.0
59543,0,0.228319419,82,0,0.6790534909999999,6000.0,22,0,3,0,0.0
59546,0,0.7482058640000001,63,0,1.219254863,3032.0,9,0,2,0,0.0
59549,0,0.29015309899999997,55,1,0.36347359,3350.0,10,0,1,1,0.0
59550,0,0.001793259,57,0,0.000166639,6000.0,5,0,0,0,2.0
59554,0,0.18407932100000002,34,0,0.483503299,5000.0,11,0,1,0,0.0
59555,0,0.061981083,78,0,2.7467792089999996,2250.0,18,0,3,0,0.0
59556,0,0.9999998999999999,27,0,25.0,,0,2,0,0,
59558,0,0.08842193599999999,45,0,0.580776882,9550.0,18,0,3,0,0.0
59560,0,0.127515399,59,0,0.179082092,10000.0,21,0,1,0,1.0
59561,0,0.024726863999999998,73,0,0.354651163,2235.0,9,0,1,0,0.0
59563,0,0.234923561,58,0,1.010760953,1300.0,15,0,2,0,2.0
59564,0,0.21726708399999997,48,0,3843.0,,13,0,1,0,0.0
59565,0,0.14555784,65,0,0.493861444,6841.0,38,0,2,0,0.0
59566,0,0.167489126,34,0,0.5560428000000001,5700.0,16,0,2,0,2.0
59567,0,0.024460786,58,0,0.305555556,13355.0,8,0,4,0,1.0
59568,0,0.29263295300000003,63,0,0.425328131,5637.0,11,0,1,0,1.0
59569,0,0.045133102,45,0,0.039594241,3055.0,3,0,0,0,0.0
59571,0,0.014643856,46,0,0.43410289,5500.0,5,0,1,0,2.0
59572,0,0.360689765,39,0,0.136908963,4250.0,6,0,0,0,0.0
59573,0,0.028384606,66,0,0.332583371,20000.0,25,0,4,0,1.0
59575,0,0.053698732,51,2,599.0,,8,0,0,0,0.0
59576,0,0.191965097,29,0,0.181006783,2800.0,4,0,0,0,0.0
59578,0,0.032348383,74,0,0.006331223,3000.0,4,0,0,0,0.0
59579,0,0.44657379399999997,41,0,0.56921795,8400.0,17,0,4,0,1.0
59580,0,0.08179383700000001,78,0,0.44725072299999996,3800.0,7,0,1,0,0.0
59581,0,0.054385011,71,0,0.10505723800000001,6900.0,13,0,0,0,1.0
59582,0,0.22537613399999998,52,0,0.33101778800000003,9500.0,12,0,2,0,3.0
59583,0,0.049231885999999996,65,0,0.870762053,6429.0,4,0,2,0,0.0
59585,0,0.09032731199999999,41,0,0.949220312,2500.0,5,0,1,0,2.0
59586,0,0.056959348,50,0,0.32065164399999996,10250.0,9,0,1,0,2.0
59587,1,0.39511882600000003,47,1,2887.0,,9,0,1,0,0.0
59588,0,0.017310466,46,0,0.34808149,8000.0,11,0,1,0,0.0
59589,0,0.030479501000000003,72,0,0.236148579,4818.0,9,0,1,0,0.0
59590,0,0.07447702099999999,70,0,55.0,,1,0,0,0,0.0
59591,0,0.36933742,52,0,0.5625185629999999,10100.0,17,0,2,0,2.0
59592,0,0.5594312379999999,25,0,0.7235079170000001,820.0,5,0,0,1,0.0
59593,0,0.004193876,74,1,0.422755418,6459.0,18,0,2,0,1.0
59594,1,0.9999998999999999,25,0,0.0,2500.0,0,1,0,0,0.0
59595,0,0.14679809300000002,64,0,2656.0,,18,0,1,1,
59599,0,0.005878431999999999,57,0,2.0,,4,0,0,0,
59600,0,0.027177601000000003,85,0,0.003325272,6615.0,4,0,0,0,0.0
59603,0,0.81556196,33,0,0.143779993,5417.0,2,0,0,0,0.0
59604,0,0.043537345,57,0,0.302678682,8100.0,7,0,3,0,2.0
59605,0,0.116817257,66,0,0.304281925,15833.0,10,0,2,0,0.0
59606,0,0.044760839000000004,50,0,0.297976103,4100.0,5,0,1,0,0.0
59607,0,0.529578404,60,0,0.30130074,8917.0,4,0,1,0,4.0
59609,0,0.26248687600000004,52,0,0.27061835100000003,12500.0,6,0,1,0,2.0
59610,0,0.186443285,65,0,0.042510833,8538.0,9,0,0,0,0.0
59611,0,0.9999998999999999,52,0,0.19381194699999998,7465.0,2,0,1,0,1.0
59612,0,0.154211447,51,0,0.36869826899999997,1328.0,5,0,0,0,0.0
59614,0,0.038561068,42,0,0.045170138,35000.0,4,0,1,0,0.0
59615,0,5.13e-05,35,0,0.312099764,8900.0,17,0,1,0,0.0
59616,0,0.7767445620000001,54,0,0.265274383,4500.0,5,0,0,0,0.0
59617,0,0.001104741,35,0,467.0,,6,0,0,0,2.0
59618,0,0.019599673,52,0,0.312460548,7920.0,3,0,1,0,2.0
59619,0,0.017749113,73,0,2517.0,,8,0,1,0,0.0
59621,0,0.10622538,41,0,0.41864870600000004,4750.0,12,0,3,0,2.0
59622,0,0.058608183,46,0,3334.0,,10,0,4,0,3.0
59624,0,0.09807147,69,0,0.036678533,25000.0,10,0,0,0,1.0
59625,0,0.38553738200000004,40,1,0.285122164,4583.0,7,0,0,0,0.0
59626,0,0.650119175,57,1,0.90066035,3482.0,8,0,1,0,0.0
59627,0,0.648470627,53,1,0.274200879,6600.0,9,0,1,0,1.0
59628,0,0.519497215,62,0,607.0,,4,0,0,0,0.0
59630,0,0.061993800999999994,48,1,0.072484899,4800.0,5,0,0,0,0.0
59631,0,0.9999998999999999,40,0,0.10745158099999999,27416.0,5,0,1,0,3.0
59635,0,0.794357326,44,0,0.16423275699999998,4450.0,7,1,0,0,3.0
59636,0,0.299261152,68,0,0.535260116,1729.0,4,0,0,0,0.0
59637,0,0.8206070459999999,46,0,0.411180506,9766.0,12,0,2,0,4.0
59639,0,0.00710411,68,0,201.0,,12,0,1,0,0.0
59640,0,0.9258530970000001,42,0,0.51376,6249.0,6,0,2,0,4.0
59641,1,0.810118676,62,0,78.0,,5,1,0,0,0.0
59643,0,0.01574757,84,0,0.05607241599999999,3976.0,5,0,1,0,0.0
59644,0,0.083472936,44,0,0.47402078299999995,2501.0,8,0,1,0,0.0
59645,0,0.033672115,85,0,0.005418185,10150.0,6,0,0,0,1.0
59646,0,0.35106232600000004,62,0,0.285559036,15642.0,9,0,3,0,1.0
59647,0,0.084860194,38,1,0.452089037,8400.0,14,0,2,0,5.0
59648,0,0.451061517,48,0,5.24970004,7500.0,26,0,2,0,2.0
59649,0,0.6614428529999999,40,0,0.09113608,800.0,2,0,0,0,0.0
59650,0,0.626539731,66,0,0.781777278,8000.0,21,0,2,0,0.0
59651,0,0.877906447,61,0,0.535431959,7083.0,10,0,1,0,0.0
59653,0,0.058992117999999996,38,0,0.212844287,7333.0,5,0,2,0,2.0
59655,0,0.027989922,56,0,0.149844195,14761.0,8,0,1,0,2.0
59656,0,0.012023523000000001,57,0,0.118988101,10000.0,3,0,1,0,2.0
59659,0,0.647041221,61,2,0.10886139199999999,8000.0,8,0,0,0,0.0
59660,1,0.862850972,23,2,457.0,,4,0,0,0,0.0
59661,0,0.0,26,0,0.0,3400.0,3,0,0,0,0.0
59663,0,0.02101762,57,0,1.41563786,1700.0,15,0,1,0,0.0
59665,0,0.038637816,38,0,0.465620674,6500.0,7,0,1,0,2.0
59666,0,0.40050663299999995,58,0,0.178821179,1000.0,3,0,0,0,0.0
59667,0,1.022130383,54,0,0.544546211,1200.0,3,0,1,0,0.0
59668,0,0.059470265,28,0,0.001028454,2916.0,2,0,0,0,1.0
59669,0,0.023962075,63,0,0.036148285,6500.0,6,0,0,0,0.0
59670,0,0.47719502,39,0,0.330106332,6300.0,6,0,1,0,1.0
59671,0,0.620422447,42,0,148.0,,1,0,0,0,0.0
59672,0,0.060235835,49,0,0.254874903,16666.0,12,0,2,0,0.0
59674,0,0.037569205,54,0,0.41276163,11800.0,13,0,4,0,3.0
59675,0,1.090063665,53,0,0.253844215,11900.0,6,0,1,0,2.0
59676,0,0.22180874399999997,51,1,0.256151639,11500.0,19,0,2,0,0.0
59677,0,0.00030580099999999997,54,0,0.176715177,6733.0,9,0,1,0,1.0
59678,1,0.983281429,42,1,0.198278256,3600.0,2,0,0,0,3.0
59679,0,0.200380771,23,0,12.0,0.0,3,0,0,0,0.0
59680,0,0.21229525600000002,33,0,0.434235608,2622.0,3,0,1,0,1.0
59681,0,0.22714397100000003,35,0,0.249439752,5800.0,9,0,2,0,0.0
59683,0,0.49198083200000003,44,1,0.10637872400000001,5000.0,4,0,0,0,0.0
59684,1,0.9670972459999999,31,0,390.0,,2,1,0,0,0.0
59685,0,0.170200677,58,0,0.249680878,7833.0,4,0,1,0,0.0
59686,0,0.09867462099999999,36,0,0.58145434,3547.0,8,0,1,0,2.0
59688,0,0.0,67,0,0.46896070700000003,4300.0,7,0,1,0,0.0
59690,0,0.9999998999999999,39,1,0.0,3003.0,1,1,0,0,3.0
59691,0,0.493578987,35,0,0.683475562,5155.0,5,0,1,0,1.0
59692,0,0.11422333,60,0,0.31937419100000003,8500.0,10,0,1,0,2.0
59693,0,0.046917949,68,0,1384.0,,9,0,1,0,0.0
59696,0,0.219605126,74,0,0.077987002,6000.0,7,0,0,0,1.0
59697,0,0.440895294,45,1,0.27211509,9800.0,11,0,2,0,0.0
59698,0,0.37089787,34,0,758.0,,5,0,0,0,0.0
59700,0,0.130973805,43,0,0.334358186,1300.0,3,0,0,0,0.0
59701,0,0.9999998999999999,54,0,0.120169198,5200.0,6,0,0,0,0.0
59702,0,0.08345481,67,0,592.0,,6,0,0,0,0.0
59704,0,0.0,59,0,0.306923626,1400.0,5,0,0,0,0.0
59706,0,0.25449589300000003,72,0,1.8285239780000002,4816.0,17,0,2,0,0.0
59707,0,0.036165806,35,0,0.597680464,5000.0,4,0,2,0,0.0
59708,0,0.0,48,0,0.357209447,6435.0,8,0,2,0,0.0
59709,0,0.046513128,64,0,0.005160973,4068.0,3,0,0,0,0.0
59710,0,0.033423035,58,0,0.62530162,2900.0,8,0,1,0,1.0
59711,0,0.022842689,86,0,0.00679864,5000.0,6,0,0,0,0.0
59712,0,0.229061769,37,0,0.11482501,17800.0,6,0,1,0,0.0
59713,0,0.03616463,43,0,2244.0,,16,0,1,0,2.0
59715,0,0.024459657000000003,56,0,51.0,,2,0,0,0,0.0
59716,0,0.134991743,42,2,2538.0,,10,0,2,0,2.0
59720,0,0.162569064,50,0,0.752527684,2076.0,10,0,1,0,0.0
59722,1,1.066518847,38,1,0.510655248,5020.0,9,1,1,0,1.0
59723,0,0.032910797,76,0,208.0,,8,0,0,0,0.0
59724,0,0.000999958,55,0,1594.0,,4,0,0,0,
59725,0,0.923146847,61,2,1960.0,,5,0,2,0,
59726,0,0.0064389059999999994,83,0,0.000285687,10500.0,9,0,0,0,0.0
59728,1,0.044738099,33,0,0.483303339,5000.0,12,0,2,0,1.0
59729,0,0.167245289,46,0,0.348279781,9678.0,8,0,2,0,3.0
59730,0,0.506807954,48,1,0.611100694,5332.0,16,0,1,0,1.0
59731,0,0.0,56,0,0.0,3750.0,3,0,0,0,0.0
59733,0,0.093144183,60,0,980.0,,8,0,1,0,0.0
59734,0,0.635582742,37,0,0.23725682,9200.0,7,0,0,0,3.0
59737,0,0.190301616,38,1,0.519807479,2700.0,7,3,1,2,1.0
59741,0,0.000427332,45,0,0.0,7157.0,6,0,0,1,4.0
59742,0,0.219351624,37,0,0.43953268100000004,9500.0,7,0,2,0,3.0
59743,0,0.376988208,71,0,0.427897839,7634.0,19,0,4,0,0.0
59744,0,0.11928146199999999,71,0,0.329426591,7934.0,6,0,2,0,0.0
59746,0,0.34618680399999996,36,0,703.0,,3,0,1,0,0.0
59747,0,0.014970583,78,0,0.00956106,2300.0,5,0,0,0,0.0
59748,0,0.24770574,65,0,0.75109075,4583.0,17,0,1,0,0.0
59750,1,1.0185932290000002,29,0,0.294633643,1937.0,4,0,0,0,0.0
59751,0,0.160346942,65,0,0.23685926699999998,7666.0,10,0,1,0,1.0
59755,0,0.006941635,74,0,0.00359928,3333.0,7,0,0,0,0.0
59756,0,0.005065991,24,1,0.634591961,820.0,7,0,0,0,0.0
59757,0,0.055055889000000004,43,0,0.158471442,7300.0,6,0,0,0,2.0
59758,0,0.0,50,0,0.473670177,7500.0,7,0,2,0,0.0
59759,0,0.0,51,0,0.373943975,6746.0,8,0,1,0,3.0
59761,0,0.03945001,60,0,0.309022468,8500.0,7,0,1,0,2.0
59762,0,0.359368195,52,0,0.24743205199999999,11000.0,14,0,1,0,0.0
59763,1,0.9999998999999999,45,1,0.184172936,10500.0,3,0,1,0,3.0
59764,0,0.06392668900000001,67,0,0.244305338,5750.0,5,0,1,0,0.0
59766,0,0.684430512,34,0,0.143841912,2175.0,4,4,0,0,3.0
59769,0,0.9575059020000001,49,0,2257.0,,5,0,1,0,0.0
59770,0,0.029689737,57,0,0.283244418,10121.0,7,0,1,0,0.0
59771,0,0.9999998999999999,86,0,1.0,,2,0,0,0,0.0
59772,0,0.47350883,56,0,0.45834761700000004,5833.0,8,0,3,0,0.0
59773,0,0.0,31,0,0.17557251899999998,3012.0,8,0,0,0,1.0
59774,0,0.592831872,42,0,0.27173826100000004,12500.0,3,0,1,0,2.0
59776,0,0.640718563,33,0,0.352733686,1700.0,3,0,0,0,3.0
59777,0,0.267713382,50,0,0.402320643,13185.0,13,0,2,0,5.0
59778,0,0.111528735,32,0,11.40066225,301.0,9,0,2,0,2.0
59779,0,0.029323098,42,0,0.130271157,10362.0,6,0,1,0,0.0
59780,0,0.302363526,63,0,0.671990535,3380.0,6,0,0,0,0.0
59781,0,0.025220245,58,0,0.35812837399999997,5000.0,13,0,2,0,0.0
59782,0,0.44725879,55,0,0.455272364,2000.0,9,0,1,0,0.0
59783,0,0.269064109,29,0,1.293877551,734.0,5,0,0,0,0.0
59784,1,0.052094790999999994,68,0,0.002678093,5600.0,5,0,0,0,0.0
59785,0,0.003187756,59,0,0.001685204,8900.0,15,0,1,0,3.0
59786,1,0.0013986629999999999,63,0,0.22746385,9750.0,11,0,2,0,1.0
59787,0,0.012195600000000001,77,0,0.286958133,5397.0,7,0,1,0,0.0
59788,0,1.0019996,56,0,0.01071352,14000.0,2,1,0,0,0.0
59789,0,0.9447382959999999,59,1,0.845607575,3801.0,9,0,2,0,0.0
59790,0,0.018686332,39,0,0.370976786,8916.0,6,0,2,0,1.0
59791,0,0.041291676,50,0,0.08556994,9500.0,5,0,1,0,3.0
59792,0,0.25523868899999996,54,0,0.6903741790000001,3500.0,10,0,2,0,2.0
59794,0,0.315835873,40,0,0.34515819799999997,7300.0,15,0,2,0,2.0
59795,0,0.001523145,63,0,0.020371059,24200.0,8,0,0,0,0.0
59796,0,0.37183699,46,0,0.197483543,12000.0,17,0,0,0,1.0
59797,0,0.9999998999999999,63,0,0.0,,4,0,0,0,0.0
59798,0,0.950012497,23,1,0.137637028,820.0,4,0,0,0,0.0
59799,0,0.143426295,42,0,1.0,,2,0,0,0,0.0
59801,0,1.009993338,31,0,0.037981008999999996,2000.0,3,0,0,0,0.0
59802,0,0.9999998999999999,47,0,4969.0,,6,0,2,0,0.0
59803,0,0.028930634,81,0,17.0,,3,0,0,0,
59804,0,1.006247397,30,0,0.320699708,2400.0,6,0,0,0,0.0
59806,0,0.468177274,31,0,0.464491363,2083.0,5,0,1,0,0.0
59807,1,0.8640031490000001,48,0,0.612596119,2730.0,12,0,1,0,0.0
59810,0,0.431059401,50,2,0.431013628,12400.0,12,0,2,0,3.0
59812,0,0.000693849,40,0,0.001071281,12134.0,6,0,0,0,0.0
59813,1,0.9999998999999999,21,0,0.0,2600.0,1,0,0,0,0.0
59814,0,0.16378604,74,0,0.304670761,7000.0,12,0,2,0,0.0
59815,0,0.053186392,59,0,0.731841764,3083.0,5,0,1,0,0.0
59816,0,0.014880067,44,0,0.123664749,2433.0,4,0,0,0,0.0
59817,0,0.0005598119999999999,74,0,0.000249938,4000.0,14,0,0,0,1.0
59819,0,0.37226277399999996,55,2,0.288806432,4850.0,10,0,1,0,0.0
59820,0,0.0,77,0,0.0,3565.0,2,0,0,0,0.0
59822,0,0.6018561920000001,35,0,0.352568424,7416.0,11,0,2,0,0.0
59824,0,0.8103643159999999,64,0,1.080872331,4401.0,11,0,2,0,0.0
59826,0,0.19721784,42,0,0.48976203700000004,5420.0,10,0,1,0,0.0
59827,0,0.096885515,51,0,0.020995801,1666.0,10,0,0,0,0.0
59828,0,0.003449803,45,0,0.38341321100000003,4798.0,9,0,2,0,2.0
59829,0,0.020246358,64,0,0.27293233100000003,5319.0,18,0,1,0,1.0
59830,0,0.0,46,0,0.152522402,32250.0,12,0,3,0,2.0
59831,0,0.0,40,0,795.0,,3,0,1,0,0.0
59835,0,0.306556073,29,0,0.684298209,2400.0,4,0,1,0,0.0
59837,0,0.043375275,56,0,0.303685168,8791.0,14,0,2,0,4.0
59838,0,0.048269599,42,0,0.706470425,3600.0,15,0,2,0,1.0
59840,0,0.01051579,74,0,0.001124859,8000.0,1,0,0,0,0.0
59841,0,0.09843417900000001,57,0,0.025601582,9100.0,9,0,0,0,0.0
59842,0,0.108531291,61,0,1229.0,,5,0,1,0,
59844,0,0.20055988800000002,26,0,0.011155546,4750.0,4,0,0,0,0.0
59845,0,0.9999998999999999,73,0,38.0,,1,0,0,0,
59846,0,0.34808149,49,0,0.6204695689999999,4386.0,7,0,1,0,2.0
59847,0,0.012327465,53,0,0.391843263,2500.0,8,0,1,0,1.0
59848,0,0.9993153029999999,32,0,0.329896907,3200.0,7,0,0,0,0.0
59851,0,0.631909055,53,6,0.202120212,9998.0,10,2,0,0,0.0
59853,0,0.0,64,0,0.26239297,8875.0,8,0,2,0,2.0
59854,0,0.052614932,43,0,0.21444444399999998,22499.0,17,0,2,0,0.0
59855,0,0.046995300000000004,67,0,0.004544078,3300.0,3,0,0,0,0.0
59857,0,0.414501565,41,2,0.24220679899999997,8500.0,10,0,1,0,2.0
59858,0,0.06811832599999999,36,0,2.638361638,1000.0,7,0,1,0,0.0
59861,0,0.059915207000000005,61,0,0.00659868,3333.0,6,0,0,0,1.0
59863,0,0.128376488,51,1,3258.0,,13,0,1,0,0.0
59864,0,0.9999998999999999,35,0,0.061677718,9500.0,1,6,0,0,0.0
59866,0,0.020099376000000002,68,0,0.258497572,3500.0,7,0,1,0,0.0
59867,0,0.169598883,69,0,0.263989015,8738.0,8,0,2,0,0.0
59869,0,0.044526887,56,0,0.484591861,4250.0,13,0,1,0,1.0
59870,0,0.49893482899999997,34,0,0.28749351300000003,1926.0,4,0,0,0,4.0
59871,0,0.033178587999999995,47,0,2778.0,,10,0,1,0,0.0
59873,0,0.059349365,57,0,1.05730926,8584.0,21,0,4,0,1.0
59874,0,0.207579049,44,0,0.45168967200000004,2100.0,6,0,0,0,2.0
59875,0,0.322258082,49,0,0.099005712,4726.0,6,0,0,0,0.0
59876,0,0.9999998999999999,26,1,50.0,,4,0,0,0,0.0
59878,0,0.886758963,44,0,5356.0,,13,0,4,0,
59879,0,0.9999998999999999,72,1,0.42959001799999996,2243.0,9,1,0,0,0.0
59880,0,0.0,40,0,2140.0,0.0,8,0,2,0,3.0
59881,0,0.092949646,57,0,0.620299935,4600.0,16,0,3,0,0.0
59883,0,0.0,67,0,0.22502618800000002,10500.0,8,0,1,0,0.0
59884,0,0.003665445,77,0,0.0,7548.0,4,0,0,0,0.0
59885,0,0.08887371699999999,68,2,0.090707146,2700.0,19,0,0,0,0.0
59887,0,0.212729274,69,1,0.087252125,12354.0,12,0,0,0,1.0
59888,0,0.001976629,54,0,0.00021097,4739.0,2,0,0,0,1.0
59889,1,1.0964517740000002,39,4,0.922707798,5834.0,7,0,1,0,1.0
59890,0,0.245823829,50,0,0.249782282,12630.0,16,0,1,0,0.0
59891,0,1.015366803,67,1,1.064415815,2250.0,9,0,3,0,0.0
59892,0,0.028777597999999998,73,0,805.0,,9,0,1,0,0.0
59893,0,0.57942647,41,0,4541.0,,8,0,2,0,0.0
59894,0,0.334051689,50,0,4995.0,,10,0,1,0,1.0
59896,0,0.050563584,65,1,42.0,,5,0,0,0,0.0
59897,0,0.032814987000000004,43,0,1428.0,,6,0,1,0,2.0
59899,1,0.9999998999999999,32,2,0.068069014,4230.0,2,2,0,0,3.0
59901,0,1.021956088,42,1,0.014641288,2048.0,2,2,0,0,2.0
59903,0,0.9999998999999999,44,0,1.0,,1,0,0,0,0.0
59904,0,0.303938859,25,0,15.0,,1,0,0,0,
59905,0,0.071682862,52,0,0.518410144,4100.0,28,0,3,0,2.0
59909,1,0.6989783970000001,48,0,35.44078216,13500.0,11,0,0,0,1.0
59910,0,0.193144332,50,0,1.3788509580000001,1200.0,8,0,2,0,2.0
59911,0,0.036664173,76,0,0.002959127,5406.0,3,0,0,0,0.0
59912,0,0.462925366,56,0,0.297494412,8500.0,10,0,2,0,2.0
59915,0,0.24500039199999998,64,0,1.144196429,4479.0,11,0,2,0,2.0
59916,0,0.036237101,82,0,0.004065041,3197.0,3,0,0,0,0.0
59918,0,0.020516684,49,0,0.349812526,7200.0,7,0,1,0,0.0
59919,0,0.23136383800000002,37,0,0.21966870600000002,6700.0,9,0,0,0,3.0
59920,0,0.921972481,58,1,0.306550424,4243.0,6,0,0,0,0.0
59921,0,0.9999998999999999,59,0,0.242844753,6917.0,4,0,1,0,0.0
59923,0,0.027141062999999997,42,0,0.24647535199999998,10000.0,9,0,2,0,0.0
59924,0,0.146500714,27,0,0.045129962999999995,3500.0,3,0,0,0,0.0
59927,0,0.73588452,47,1,0.3105603,4800.0,4,0,1,0,3.0
59928,0,0.030473623,80,0,0.379124175,8334.0,10,0,2,0,1.0
59930,0,0.015785151,67,0,1143.0,,11,0,1,0,0.0
59931,0,0.409807215,60,0,0.8053982009999999,3000.0,7,0,2,0,0.0
59932,0,0.042725228,35,0,0.671949287,4416.0,9,0,2,0,0.0
59933,0,1.083404742,30,1,0.16909454399999999,3500.0,3,1,0,1,0.0
59934,0,0.082047776,51,0,0.663245974,6333.0,15,0,5,0,1.0
59935,0,0.050671204000000004,52,1,0.312157054,8200.0,12,0,2,0,2.0
59936,0,0.479660015,54,0,1.674530188,2500.0,9,0,2,0,2.0
59937,0,0.387884135,62,2,0.293660186,5914.0,5,0,2,0,1.0
59938,0,0.397177024,34,0,0.036502547,2355.0,4,0,0,1,2.0
59939,0,1.092095569,49,1,0.6809400520000001,5020.0,5,0,2,0,2.0
59940,0,0.057641664,59,0,3786.0,,11,0,3,0,0.0
59941,0,0.075585543,84,0,0.116573619,12000.0,10,0,1,0,1.0
59942,0,0.760988945,40,0,0.510478323,6250.0,15,0,1,0,3.0
59943,0,0.053222777,65,0,0.00707623,6217.0,6,0,0,0,0.0
59944,1,0.875088215,45,2,0.124848145,10700.0,7,1,0,0,0.0
59950,0,0.9999998999999999,27,1,0.39508070700000003,1300.0,4,0,0,0,0.0
59951,0,0.7888649390000001,33,3,0.235870231,4900.0,8,0,0,1,1.0
59952,0,0.9999998999999999,35,0,100.0,,1,1,0,0,0.0
59953,0,0.185801291,61,0,0.077406455,3500.0,2,0,0,0,0.0
59956,0,0.031656115,67,0,0.00119952,2500.0,5,0,0,0,0.0
59958,0,0.016532782,77,1,0.004665112,3000.0,1,0,0,0,0.0
59959,0,0.148684046,77,0,107.0,,8,0,0,0,
59960,0,0.043747897,43,0,0.024975985,1040.0,4,0,0,0,2.0
59961,0,0.166056429,45,0,161.0,,2,0,0,0,3.0
59962,0,0.5076237020000001,48,1,0.573571203,6333.0,15,0,2,0,5.0
59963,0,0.095921009,63,0,0.390019835,9578.0,17,0,2,0,2.0
59964,0,0.005912265,50,0,0.363751184,9500.0,8,0,1,0,4.0
59965,0,0.431789884,47,0,0.305991383,12300.0,10,0,3,0,2.0
59966,0,0.017696113,75,0,0.09081819699999999,6000.0,7,0,1,0,0.0
59967,0,0.003499806,51,0,0.265940054,5504.0,8,0,0,0,0.0
59969,0,0.101081142,40,0,2541.0,,8,0,2,0,0.0
59970,0,0.9999998999999999,28,0,0.002396645,1668.0,2,0,0,0,0.0
59971,0,0.59568957,50,0,0.330207292,37000.0,13,0,4,0,4.0
59972,0,0.823189693,51,0,0.250156217,4800.0,6,3,1,0,3.0
59973,0,0.169112911,51,0,0.432298365,5442.0,8,0,1,0,0.0
59974,0,0.194819137,73,0,0.053510274000000004,2335.0,3,0,0,0,0.0
59975,0,0.0,86,0,0.028613352999999998,2725.0,2,0,0,0,1.0
59976,0,0.388638611,48,0,0.22395928,5500.0,6,4,0,0,2.0
59977,0,0.043217404,49,0,0.030890465,6344.0,4,0,0,0,1.0
59978,0,0.551534773,41,0,0.228613455,12916.0,9,0,2,0,3.0
59980,0,0.09226805,49,0,3371.0,,7,0,1,0,0.0
59982,0,0.9999998999999999,57,0,4189.0,,3,0,2,0,0.0
59983,0,0.074042089,49,0,1734.0,,10,0,1,0,2.0
59985,0,0.031197917999999998,78,0,0.007109531,4500.0,4,0,0,0,0.0
59986,0,0.9070154970000001,59,0,0.052081577999999996,5932.0,2,0,0,1,3.0
59987,0,0.063517459,58,0,0.21372145899999997,9240.0,4,0,2,0,2.0
59988,0,0.088836447,71,0,0.010550235,6160.0,5,0,0,0,0.0
59989,0,0.35428044,33,0,0.156021207,3960.0,5,0,0,0,1.0
59990,0,0.01107282,52,0,41.0,,10,0,0,0,
59992,0,0.031628082,63,0,80.0,,7,0,0,0,0.0
59993,0,0.050271570999999994,60,0,0.029985007,2000.0,3,0,0,0,0.0
59994,0,0.7203667840000001,36,0,0.28703872,5500.0,6,0,0,0,1.0
59998,0,1.026903481,53,0,0.771076628,6250.0,7,0,3,0,0.0
60000,0,0.7801570659999999,52,0,3373.0,,10,0,1,0,0.0
60001,0,0.210020862,64,0,0.332871866,6500.0,11,0,1,0,1.0
60002,0,0.687986567,29,1,0.10243597800000001,1600.0,6,0,0,0,0.0
60003,0,0.004176225,49,0,2605.0,,5,0,2,0,0.0
60004,0,0.043049388,42,0,0.21585227699999998,15000.0,11,0,2,0,2.0
60005,0,0.345440439,40,0,0.381710244,7916.0,10,0,2,0,2.0
60006,0,0.430254555,50,5,0.205048255,6734.0,6,0,1,1,4.0
60008,1,0.75669905,47,2,0.730104502,4975.0,9,0,2,0,0.0
60009,0,0.038935669,63,0,1.388333333,1199.0,9,0,2,0,1.0
60012,0,0.81524739,47,0,1.118461538,6499.0,7,0,3,0,1.0
60013,0,0.77278402,45,0,0.257261411,2650.0,6,2,0,0,0.0
60016,0,0.929255895,40,2,0.558411215,2567.0,9,0,1,0,4.0
60017,0,0.18452797,43,0,0.067481255,3600.0,7,0,0,0,2.0
60018,0,0.100653246,50,0,0.014820042,1416.0,5,0,0,0,6.0
60019,0,0.0,56,0,4172.0,0.0,11,0,2,0,0.0
60020,0,0.008875477,58,0,9.0,,2,0,0,0,1.0
60021,0,9193.0,50,0,0.32474701,7608.0,5,0,2,0,3.0
60022,0,0.257165711,63,0,0.046128500999999995,3641.0,3,0,0,0,0.0
60025,0,0.071668354,43,0,5574.0,,9,0,2,0,0.0
60032,0,0.356456696,45,0,0.643735626,10000.0,17,0,2,0,3.0
60033,0,0.86029574,42,2,798.0,,4,0,0,0,1.0
60034,0,0.0,26,0,0.0,820.0,1,0,0,0,0.0
60035,0,0.025212807,62,0,0.16752499199999998,3300.0,5,0,0,0,0.0
60037,0,0.186010375,54,0,241.0,,9,0,0,0,0.0
60038,0,0.339441514,42,0,0.559478465,6825.0,8,0,2,0,2.0
60040,1,0.9999998999999999,28,0,0.0,2325.0,0,1,0,0,1.0
60041,0,0.106826373,62,0,0.13682193199999998,12000.0,4,0,1,0,2.0
60043,0,0.140747487,43,1,0.25368921899999997,12400.0,9,0,2,0,3.0
60045,0,0.015803684,43,0,0.264869888,9683.0,20,0,2,0,3.0
60048,0,0.83919755,69,0,0.638945694,4400.0,7,0,1,0,0.0
60050,0,0.9999998999999999,62,0,0.0,2790.0,0,0,0,0,0.0
60051,0,0.173038229,58,0,1116.0,,9,0,1,0,0.0
60052,0,0.0,65,0,0.16758747699999998,3800.0,6,0,1,0,0.0
60053,1,0.660930795,38,0,0.39287945,1600.0,7,0,0,0,3.0
60056,0,0.021344622999999997,51,0,0.353704986,5775.0,6,0,1,0,0.0
60058,0,0.083832335,29,0,0.00049975,2000.0,1,0,0,0,0.0
60059,0,0.130548303,42,0,0.279524497,9000.0,6,0,2,0,4.0
60060,0,0.5300127020000001,38,0,0.374335342,2820.0,4,0,0,0,2.0
60062,0,0.440377466,37,0,0.055177929,2500.0,2,0,0,0,2.0
60063,0,0.129390018,55,0,2252.0,,7,0,2,0,0.0
60065,0,0.0,42,0,0.0,,7,0,0,0,0.0
60066,0,0.568648625,58,0,0.558953645,5198.0,16,0,4,0,0.0
60067,0,0.257827897,74,0,0.5620115179999999,9723.0,14,0,3,0,1.0
60068,0,0.041725963,70,0,0.295946192,5500.0,8,0,1,0,0.0
60069,0,0.003262085,61,0,0.251182996,12890.0,15,0,2,0,0.0
60070,0,0.9999998999999999,23,0,0.017334778000000002,2768.0,2,1,0,0,1.0
60072,0,0.07084421,54,0,0.46986515,10900.0,22,0,1,1,0.0
60073,0,0.614108896,45,0,0.244500733,7500.0,11,0,1,0,4.0
60074,0,0.02886065,75,0,0.034141747,4246.0,8,0,0,0,0.0
60075,1,1.172821873,64,1,0.515070922,2255.0,6,1,1,0,0.0
60076,0,0.645023455,43,0,0.508679642,1900.0,8,0,0,0,0.0
60077,0,0.018385238,82,0,0.092317947,6000.0,6,0,0,0,0.0
60078,0,0.10814459300000001,63,0,68.0,,2,0,0,0,0.0
60079,0,0.252819925,39,0,0.490418264,6000.0,8,0,3,0,0.0
60080,0,0.063433535,31,0,1197.0,,3,0,1,0,0.0
60081,0,0.047503483,49,0,502.0,,3,0,0,0,0.0
60082,0,0.46376264700000003,51,0,0.588335221,5297.0,9,0,3,0,0.0
60084,1,0.748427843,53,0,0.561371289,9800.0,13,1,3,0,0.0
60086,0,1.00998004,34,1,0.375239923,2083.0,4,1,0,0,0.0
60087,0,0.9999998999999999,85,0,0.0,1835.0,0,0,0,0,0.0
60088,0,0.000996529,89,0,0.0,,4,0,0,0,0.0
60090,0,0.007693721,51,0,1206.0,,9,0,1,0,0.0
60091,0,0.010790363,56,1,0.484567901,2267.0,7,0,2,0,0.0
60092,0,0.042015282,42,0,62.0,,5,0,0,0,0.0
60093,0,0.18258080399999999,46,0,2181.0,0.0,8,0,0,0,0.0
60095,0,0.050747463,66,0,1098.0,,8,0,1,0,0.0
60096,0,0.123235982,28,0,0.267294118,2124.0,3,0,0,0,1.0
60097,0,0.070994084,32,0,0.669332667,4000.0,7,0,2,0,0.0
60098,0,0.003213009,58,0,2401.0,,4,0,1,0,0.0
60099,0,0.113835848,51,0,0.267951282,5500.0,12,0,1,0,0.0
60100,0,0.07973181,58,0,2.04131956,3000.0,16,0,5,0,1.0
60101,0,0.013102026000000001,41,1,0.343731254,5000.0,11,0,1,0,0.0
60102,0,0.103489651,39,1,0.7261095559999999,2500.0,7,0,1,0,2.0
60103,0,0.6968594579999999,52,0,0.287513998,7143.0,7,0,0,0,2.0
60105,0,0.0,74,0,0.002666413,10500.0,2,0,0,0,0.0
60106,0,0.85952788,72,0,1.7126197419999998,2400.0,16,0,1,0,0.0
60107,0,0.9999998999999999,90,0,0.0,3689.0,1,1,0,0,1.0
60108,0,0.11321628800000001,51,0,0.339063459,17916.0,21,0,2,0,5.0
60109,0,0.150986849,43,0,2538.0,,6,0,2,0,0.0
60110,0,1.460599334,62,4,2226.0,,7,0,2,2,0.0
60112,0,0.033482312,38,0,0.257214269,4400.0,8,0,1,0,0.0
60113,0,0.9358440259999999,28,0,0.19737664,1600.0,3,0,0,0,0.0
60116,0,0.36040549299999997,51,0,0.434466461,5500.0,17,0,1,0,2.0
60117,0,0.054172767000000004,70,0,0.39123751,1300.0,6,0,1,0,0.0
60118,0,0.008426777,61,0,0.282190506,6445.0,15,0,1,0,2.0
60119,0,0.566849009,59,0,0.479238754,8091.0,12,0,2,0,1.0
60120,0,0.066327435,36,0,0.273671044,7994.0,5,0,1,0,2.0
60121,0,0.09732873800000001,72,0,0.32307415899999997,33400.0,7,0,2,0,0.0
60123,0,0.9999998999999999,35,0,0.37615596100000004,4000.0,2,0,0,0,0.0
60124,0,0.040941697,69,0,0.675958188,3156.0,17,0,1,0,0.0
60125,0,0.438960029,63,0,2973.0,,10,2,1,1,0.0
60126,0,0.09624159300000001,43,0,5399.0,,23,0,2,0,0.0
60128,0,0.007152386,83,0,1337.0,,9,0,1,0,0.0
60129,0,0.804736083,52,0,0.498977505,4400.0,9,0,2,0,2.0
60130,0,0.027982409,53,0,0.005086827,5700.0,4,0,0,0,3.0
60131,0,0.225531015,55,0,0.44254803200000004,10721.0,13,0,2,0,3.0
60132,0,0.269254221,74,1,1.996832937,1262.0,16,0,1,0,0.0
60133,0,0.018714038,29,0,0.100767754,2083.0,13,0,0,0,1.0
60135,0,0.8570238290000001,65,0,5.665816327000001,391.0,3,0,2,0,0.0
60136,0,0.36834427399999997,52,0,0.37890724299999995,3934.0,4,0,0,0,0.0
60137,0,0.308321016,45,0,0.339973645,12900.0,5,0,2,0,1.0
60138,0,0.943186333,69,3,1473.0,,8,0,1,0,0.0
60139,0,0.013203089,58,1,0.24622438,7415.0,12,0,2,0,0.0
60140,0,0.065089125,74,0,0.144088245,2900.0,4,0,0,0,1.0
60143,0,0.076923077,56,0,0.24050271399999998,3500.0,3,0,1,0,0.0
60144,0,0.28962037,49,0,0.289736603,12110.0,11,0,3,0,4.0
60145,0,0.302498267,60,0,0.187178545,5443.0,6,0,1,0,1.0
60147,0,0.088911089,23,0,0.0007404660000000001,2700.0,1,0,0,0,0.0
60148,0,0.144588535,51,0,0.456343035,4500.0,12,0,1,0,0.0
60150,0,0.100939181,47,0,0.479295574,2100.0,4,0,1,0,2.0
60151,0,0.070316632,68,0,0.050197875,4800.0,17,0,0,0,4.0
60152,0,0.0,65,0,329664.0,,9,0,3,0,0.0
60153,0,0.23040892600000001,31,1,0.014631967,8952.0,2,0,0,0,2.0
60154,0,0.192161568,60,0,0.17309039899999998,5707.0,4,0,1,0,0.0
60156,0,0.26057019600000003,64,0,0.624835543,19761.0,27,0,11,0,0.0
60157,0,0.006237236,68,0,0.004748813,4000.0,13,0,0,0,0.0
60158,0,0.9999998999999999,55,0,0.006621851999999999,9966.0,7,0,0,0,1.0
60159,0,0.44324454,48,0,0.164553418,25000.0,7,0,1,0,3.0
60164,0,0.009919956,85,0,0.001835121,7083.0,3,0,0,0,0.0
60165,0,0.11613683400000001,50,0,0.239629757,2916.0,6,0,0,0,1.0
60166,0,0.8273009309999999,37,0,0.10915633699999999,2500.0,2,0,0,0,4.0
60167,0,0.051066309000000004,34,0,0.5794534410000001,1975.0,8,0,1,0,0.0
60168,0,0.79241517,26,0,0.18861364600000002,2300.0,4,0,0,0,0.0
60169,0,0.000501721,83,0,0.349863335,5121.0,15,0,1,1,0.0
60170,0,0.0,59,0,2200.0,,10,0,1,0,
60172,0,0.111707902,60,0,58.0,,3,0,0,0,0.0
60173,0,0.062434754,54,0,152.0,,13,0,0,0,0.0
60174,0,0.05116894599999999,32,0,0.649892473,2324.0,9,0,1,0,0.0
60175,0,0.015642298,33,0,0.09153389599999999,3200.0,4,0,0,0,0.0
60177,0,0.076483772,78,1,0.6882723959999999,19500.0,10,0,2,0,1.0
60178,0,0.075474132,76,0,0.60274891,5965.0,6,1,1,0,0.0
60181,0,0.16944834600000003,70,0,0.029204694,7669.0,7,0,0,0,0.0
60183,0,0.12253802800000001,27,2,0.724396336,1200.0,10,0,0,0,0.0
60184,0,0.42991401700000004,43,1,0.316249723,9033.0,7,0,4,0,0.0
60186,0,0.9999998999999999,50,0,0.6923446120000001,4166.0,4,1,1,0,0.0
60187,0,0.0,78,0,0.0,3500.0,1,0,0,0,0.0
60188,0,0.568781214,72,0,0.32794256899999996,12675.0,22,0,2,0,0.0
60189,0,0.98640136,41,1,0.960453233,4500.0,5,0,2,0,2.0
60190,0,0.003442034,80,0,0.000864304,3470.0,3,0,0,0,0.0
60191,0,0.11016933,59,0,0.083685972,15832.0,6,0,1,0,1.0
60192,0,0.7718634959999999,56,0,0.536764706,5439.0,8,0,1,0,1.0
60193,0,0.47281589799999996,31,1,0.56335916,4000.0,6,0,1,0,2.0
60196,0,0.017714917,50,0,0.09859741699999999,7200.0,8,0,0,0,2.0
60197,0,0.230844578,80,0,0.159376913,14700.0,14,0,2,0,1.0
60198,0,0.921679103,53,0,4315.0,,9,0,1,0,0.0
60199,1,0.060416867,52,4,1403.0,,12,1,1,3,2.0
60200,0,0.0,45,0,1.464580617,2300.0,11,0,2,0,2.0
60203,0,0.027997565,49,0,2472.0,,11,0,2,0,0.0
60204,1,0.9999998999999999,26,0,0.0,,0,1,0,0,0.0
60205,0,0.979204159,29,1,0.098725319,4000.0,5,0,0,0,3.0
60206,0,0.035498028,30,0,0.075497788,3615.0,5,0,0,0,2.0
60207,0,0.464668094,24,0,0.005999368000000001,3166.0,6,0,0,0,0.0
60208,0,0.051105433,34,3,0.107315447,6000.0,7,0,0,0,2.0
60209,0,0.001737251,61,0,0.214623882,1900.0,6,0,1,0,0.0
60210,0,0.9999998999999999,65,1,0.200574332,4526.0,4,1,1,0,1.0
60211,0,0.493715643,54,0,0.36248348700000005,3784.0,8,0,1,0,0.0
60215,1,0.8405247020000001,49,0,0.213638155,10147.0,9,1,0,0,2.0
60217,0,0.12389479099999999,65,0,1209.0,0.0,7,0,2,0,0.0
60218,1,0.000864818,61,0,0.19997868,9380.0,9,1,2,0,0.0
60219,1,0.994738227,37,1,0.23543280600000002,5937.0,11,0,0,0,2.0
60223,0,0.530232997,27,0,0.069638866,8500.0,12,2,0,0,0.0
60224,0,0.116303547,60,0,0.44230171100000004,3214.0,3,0,1,0,0.0
60225,0,0.803149453,63,0,0.247254243,11016.0,10,0,2,0,1.0
60226,0,0.593440635,51,0,1.361546151,3000.0,22,0,1,0,3.0
60227,0,1.100894955,39,0,0.394822006,2780.0,8,2,0,4,0.0
60228,0,0.022784089,66,0,0.06133870599999999,4466.0,6,0,1,0,0.0
60229,0,0.802030457,32,0,0.073971519,2527.0,6,0,0,0,0.0
60231,0,0.76249853,31,0,0.508359693,4425.0,8,0,1,0,1.0
60233,0,0.056480657999999996,67,0,0.018660447,3000.0,3,0,0,0,0.0
60234,0,0.542401029,51,1,2315.0,,6,0,1,0,0.0
60235,0,0.016204297,35,0,0.445268139,6339.0,6,0,2,0,3.0
60236,0,0.02657778,66,0,0.19092799600000002,7693.0,12,0,1,0,0.0
60237,0,0.0175856,84,0,15.0,,8,0,0,0,0.0
60238,0,0.9999998999999999,36,0,1.720913633,1400.0,3,1,1,0,1.0
60239,0,0.036420796,41,0,367.0,,10,0,0,0,0.0
60240,0,0.0,61,0,0.0,3800.0,2,0,0,0,0.0
60241,0,0.5581870529999999,65,0,1829.0,,10,0,1,0,0.0
60242,0,0.088948145,63,0,0.257840455,4750.0,6,0,1,0,0.0
60243,0,0.004610309,78,0,0.22947435300000002,12593.0,12,0,2,0,1.0
60244,0,0.001450122,47,0,0.488151185,10000.0,7,0,2,0,0.0
60245,0,0.093902526,81,0,118.0,,4,0,0,0,0.0
60246,0,0.69089178,45,0,0.161493951,1900.0,7,0,0,0,2.0
60247,0,0.067822131,53,0,0.229458308,11500.0,10,0,1,0,0.0
60249,0,0.025366541,60,0,0.122405856,13250.0,14,0,1,0,1.0
60251,1,0.899010492,51,1,0.429801416,7200.0,12,0,1,0,0.0
60252,0,0.21957896899999998,36,0,0.167715661,2700.0,7,0,0,0,0.0
60253,0,0.0,34,0,0.160473528,3040.0,2,0,0,0,0.0
60255,0,0.014190317,52,0,1461.0,,11,0,2,0,3.0
60258,0,0.965543762,65,0,601.0,,2,0,0,0,0.0
60259,0,0.08196127,49,0,0.293926518,4000.0,11,0,1,0,1.0
60261,0,0.205404587,39,0,0.20740127,7241.0,15,0,0,0,0.0
60262,0,0.985580509,45,0,0.314684266,6666.0,6,0,2,0,2.0
60264,0,0.024718781000000002,43,0,0.26379237,7050.0,13,0,0,0,1.0
60265,0,0.137551189,40,0,0.24997475,9900.0,10,0,2,0,4.0
60266,0,0.9999998999999999,49,0,694.0,,3,0,1,0,0.0
60268,0,0.089887737,63,0,0.49030194,5000.0,21,0,2,0,1.0
60269,0,0.029838395,73,0,0.024378352000000002,2050.0,13,0,0,0,0.0
60270,0,0.684189684,54,0,1.307177475,4332.0,11,10,2,0,0.0
60272,1,0.9641434259999999,44,1,0.18398048399999997,4918.0,6,0,0,1,1.0
60273,0,0.454337847,64,0,0.43087173799999995,1800.0,9,0,0,0,0.0
60274,0,0.7682868959999999,76,0,0.656126482,4300.0,8,0,1,0,0.0
60275,0,0.0027893270000000003,85,0,0.077134042,2916.0,4,0,0,0,0.0
60276,1,0.00423517,54,0,0.405266284,5050.0,16,0,1,0,1.0
60277,1,0.229267145,58,0,4484.0,,11,0,2,0,0.0
60278,0,0.054781021,40,0,0.14037138,7700.0,4,0,0,0,4.0
60279,0,0.042852281,66,0,659.0,,4,0,1,0,0.0
60280,0,0.005238056,48,2,9573.0,,7,0,2,0,1.0
60281,0,0.0,46,0,0.20665290600000003,12595.0,7,0,1,0,4.0
60282,0,0.010434499,60,0,573.0,,6,0,1,0,1.0
60284,0,0.002380606,51,0,0.17852738199999998,30000.0,13,0,1,0,0.0
60287,0,0.24954547100000002,29,0,0.194742688,2700.0,10,0,0,0,0.0
60288,1,0.562254343,37,0,0.509432704,15000.0,20,0,5,0,2.0
60290,0,0.649614679,35,0,0.158822166,8625.0,7,0,1,0,3.0
60291,0,0.851820846,58,0,3101.0,,10,0,2,0,0.0
60295,0,0.0,41,0,5319.0,,8,0,1,0,0.0
60297,0,0.208142675,43,0,0.26777470000000003,8663.0,11,0,1,0,2.0
60301,0,0.016038558999999997,66,0,35.0,,9,0,0,0,0.0
60302,0,0.083383323,61,0,0.001557835,7702.0,1,0,0,0,0.0
60303,0,0.415730337,25,0,9.0,,1,0,0,0,
60304,0,0.705709283,68,2,0.19340348300000001,16250.0,10,0,2,0,1.0
60305,0,0.31666095,60,0,0.389784946,2975.0,10,0,0,0,0.0
60307,0,0.0,65,0,0.128658089,15000.0,6,0,1,0,0.0
60308,1,0.508245877,38,2,0.017549123,6666.0,6,0,0,0,1.0
60310,0,0.9999998999999999,58,0,0.41100613799999997,14500.0,5,0,1,0,3.0
60311,0,0.001486446,38,0,0.786378638,3332.0,6,0,1,0,2.0
60312,0,0.7331256490000001,46,0,571.0,,1,0,0,0,0.0
60313,0,0.31334332800000003,36,0,0.008995501999999999,2000.0,1,0,0,0,0.0
60314,0,0.257705082,50,0,0.392111779,5653.0,3,0,1,0,1.0
60315,0,0.068361861,70,1,0.340104745,6300.0,7,0,1,0,0.0
60317,0,0.039604518,66,0,0.20543267399999998,12884.0,7,0,1,0,0.0
60318,0,0.9999998999999999,29,1,0.135310782,6000.0,2,0,0,0,0.0
60320,0,0.9999998999999999,50,0,0.006514165,6600.0,1,0,0,0,0.0
60321,0,0.031142264,64,0,711.0,,8,0,1,0,
60322,0,0.416028027,33,0,3637.0,,10,0,1,0,0.0
60324,0,0.100288424,43,0,3307.0,,16,0,1,0,2.0
60326,0,0.5479636960000001,68,0,1.015769626,2916.0,19,0,2,0,0.0
60327,0,0.23348503399999998,54,0,2638.0,,13,0,3,0,0.0
60328,0,0.09422895699999999,45,0,0.483334992,10050.0,7,0,3,0,3.0
60329,0,0.06821237200000001,48,3,0.313937213,5000.0,10,0,1,0,0.0
60330,0,0.013691826,45,0,0.319364962,5416.0,12,0,2,0,0.0
60331,0,0.0,64,0,2761.0,,9,0,1,0,
60332,0,0.199302029,77,0,0.189004998,2200.0,14,0,1,0,0.0
60333,0,0.9999998999999999,33,0,0.0,1500.0,0,0,0,0,0.0
60334,0,0.9999998999999999,32,0,0.12754898,2500.0,5,0,0,0,0.0
60335,0,0.046084953,68,0,0.11113162300000001,10833.0,4,0,1,0,0.0
60336,0,0.106258868,78,0,1488.0,,7,0,1,0,1.0
60337,0,0.8012748409999999,63,0,0.467648943,1560.0,3,0,1,0,0.0
60338,0,0.8310822520000001,65,0,0.709755749,7000.0,14,0,1,0,1.0
60339,0,0.010276698,87,0,0.002475955,10500.0,9,0,0,0,0.0
60341,0,0.116844215,56,0,0.220923692,16000.0,5,0,2,0,0.0
60342,0,0.029562601,66,0,0.278212717,5236.0,6,0,1,0,0.0
60343,0,0.012416169,75,0,0.080481496,10051.0,17,0,1,0,0.0
60344,0,0.18035245600000002,65,1,0.439140215,4000.0,6,0,1,0,2.0
60345,0,0.064697682,60,0,0.919694073,4183.0,8,0,2,0,2.0
60346,0,0.10564471800000001,48,0,63.0,,1,0,0,0,0.0
60347,0,0.23711697399999998,37,1,0.159666461,3237.0,7,0,0,0,0.0
60348,0,0.752682905,38,0,2359.0,,5,0,1,0,0.0
60349,0,0.136875975,31,0,0.8922207740000001,2300.0,16,0,1,0,0.0
60352,0,0.888223553,43,2,10.95150961,2185.0,5,2,0,0,4.0
60353,0,0.126446315,57,0,0.537485242,6775.0,25,0,2,0,2.0
60354,1,0.7448491840000001,27,0,0.324642127,5867.0,19,0,0,0,0.0
60355,0,0.651976374,32,0,0.018574514,2314.0,3,0,0,0,0.0
60356,0,0.075825567,47,0,592.0,,9,0,0,0,2.0
60357,0,0.02671047,29,0,0.00092302,5416.0,2,0,0,0,0.0
60358,1,0.9999998999999999,49,0,0.0,7500.0,2,0,0,0,1.0
60359,0,0.356105689,44,0,0.373380259,6250.0,6,1,2,1,2.0
60360,0,0.011643333999999998,88,0,0.006797281,2500.0,9,0,0,0,0.0
60361,0,0.037703513,24,0,0.001172791,2557.0,5,0,0,0,0.0
60362,0,0.027509081,33,0,0.631598652,2670.0,8,0,1,0,1.0
60363,0,0.359307196,41,3,0.362321813,9750.0,14,0,2,0,2.0
60364,0,0.55702531,30,0,871.0,,5,0,0,0,1.0
60365,0,0.004954533,61,0,2901.0,0.0,14,0,1,0,0.0
60366,0,0.167688843,39,0,0.236627229,6000.0,11,0,1,0,2.0
60368,0,0.8567834329999999,66,0,0.428303655,3200.0,7,0,2,0,0.0
60369,0,0.9999998999999999,32,0,0.142433967,4050.0,1,0,0,0,1.0
60370,0,0.00481456,74,0,0.001598721,1250.0,2,0,0,0,0.0
60371,0,0.253782892,57,1,0.534863502,5750.0,21,0,2,0,1.0
60375,0,0.9999998999999999,49,0,0.317425083,900.0,1,0,0,0,1.0
60376,0,0.0,21,0,0.0,,1,0,0,0,
60377,0,0.06339351900000001,63,0,0.09073865800000001,5333.0,14,0,1,0,0.0
60378,0,0.014761202,59,0,0.009094426999999999,5167.0,3,0,0,0,0.0
60379,0,0.43124606,48,0,0.415735168,6977.0,16,0,1,0,2.0
60381,0,0.050149747,45,0,0.5342595520000001,9500.0,6,0,2,0,1.0
60382,0,0.121192616,62,0,0.545727136,2000.0,11,0,1,0,0.0
60383,0,0.980071826,72,3,0.647734525,4700.0,7,2,1,4,1.0
60384,0,0.039944625,73,0,0.138132595,6500.0,20,0,1,0,1.0
60385,0,0.294675233,38,0,0.427252798,8666.0,6,0,1,0,1.0
60386,0,0.08830901599999999,42,0,0.19014724600000002,5500.0,14,0,2,0,0.0
60387,0,0.0,38,0,0.17994858600000002,3500.0,3,0,0,0,0.0
60388,0,0.10089910099999999,28,0,0.034261242000000004,1400.0,3,0,0,0,0.0
60389,0,0.017907463000000002,66,0,1.1015361559999999,2668.0,11,0,3,0,0.0
60391,0,0.766418687,42,1,0.23910025,3600.0,7,0,0,1,5.0
60393,0,0.03199383,56,0,0.19315039399999998,4700.0,7,0,0,0,1.0
60397,0,0.02799888,65,0,0.084661536,16500.0,13,0,2,0,1.0
60399,0,0.033025332000000004,62,0,9050.0,,16,0,2,0,1.0
60400,0,0.0,61,0,0.155158217,8500.0,7,1,1,0,0.0
60401,0,0.040051889,44,0,1.35071708,2300.0,4,0,1,0,2.0
60402,0,0.077710585,72,0,0.063734546,14073.0,6,0,1,0,0.0
60403,0,0.708029637,52,1,1983.0,,16,0,1,0,0.0
60404,1,0.9999998999999999,61,0,0.21827270199999999,3600.0,4,0,1,0,0.0
60406,0,0.568245125,53,1,0.271842034,3696.0,12,0,1,0,0.0
60407,0,0.068395372,51,0,0.329719311,8300.0,9,0,1,0,3.0
60408,0,0.174628426,36,0,0.27693076699999997,4000.0,5,0,1,0,2.0
60409,0,0.03898051,53,0,2.0,,7,1,0,0,0.0
60410,0,0.026014885,71,0,0.298515668,5456.0,22,0,1,0,0.0
60411,0,0.006945565999999999,65,0,0.005409583000000001,2587.0,9,0,0,0,0.0
60412,1,0.746702373,54,1,0.7335123840000001,3350.0,15,2,2,1,0.0
60413,0,0.021075074,47,0,0.131781839,7003.0,5,0,0,0,3.0
60415,0,0.054884800000000004,47,0,0.740209965,6000.0,7,0,2,0,0.0
60416,0,0.309112869,49,0,0.404611071,9628.0,12,0,2,0,3.0
60417,0,0.0739507,24,0,0.0031097290000000003,2250.0,3,0,0,0,0.0
60418,0,0.155100072,29,0,0.273003033,5933.0,14,0,2,0,0.0
60419,0,0.016910964,42,0,0.003278151,6100.0,3,0,0,0,2.0
60420,0,0.07963053099999999,52,0,0.51129774,5000.0,19,0,1,0,1.0
60421,0,0.906093906,41,0,0.004915426,6916.0,3,0,0,0,2.0
60422,0,0.152566132,51,0,0.243980738,7475.0,10,0,1,0,4.0
60423,0,0.585070925,50,0,0.47384099799999996,5370.0,5,0,1,0,0.0
60424,0,0.06459063599999999,44,0,0.150975403,4715.0,5,0,1,0,3.0
60425,0,0.6495402920000001,29,0,0.6382475910000001,5500.0,9,0,2,0,1.0
60426,0,0.095856972,62,0,0.24032912399999998,17500.0,7,0,3,0,1.0
60428,0,0.031425503,59,0,691.0,,16,0,1,0,1.0
60429,0,0.41441057299999995,32,0,1.22840691,520.0,6,0,0,0,0.0
60430,0,0.557232968,52,0,0.265400462,9950.0,8,0,0,0,2.0
60433,0,0.167093377,43,0,1.852895149,1916.0,12,0,1,0,0.0
60436,0,0.46659364700000006,68,2,0.737827715,3203.0,12,0,1,0,0.0
60437,0,0.568323861,63,0,1.307941071,2782.0,8,0,2,0,0.0
60438,0,0.134676075,62,4,0.45320351799999997,3183.0,11,0,1,0,0.0
60439,0,0.0,61,0,0.382123575,5000.0,8,0,1,0,0.0
60440,0,0.02854459,59,1,0.583366653,2500.0,16,0,2,0,0.0
60444,0,0.507620514,51,0,0.680439853,3000.0,9,0,0,0,0.0
60445,0,0.8126892109999999,56,0,0.565631808,7343.0,10,0,2,0,1.0
60446,1,0.06230308,48,1,0.377651915,10416.0,23,0,1,0,2.0
60447,0,0.169298358,50,1,0.453054695,10000.0,17,1,2,0,1.0
60448,0,0.0,39,0,0.60798005,4009.0,7,0,1,0,2.0
60449,1,0.9999998999999999,38,2,0.506845101,6500.0,8,0,2,0,2.0
60450,0,0.16835941199999999,51,0,0.41664207700000006,10166.0,17,0,2,0,1.0
60451,0,0.073508892,73,0,0.137522954,4900.0,15,0,1,0,0.0
60453,1,0.32658292699999997,30,0,0.34895638,8000.0,12,2,0,0,0.0
60454,0,0.10367585300000001,58,0,0.369887714,12200.0,5,1,1,0,0.0
60455,0,0.952748143,41,0,0.113108889,10900.0,9,0,0,0,3.0
60458,0,0.0,51,0,0.0,4100.0,5,0,0,0,0.0
60460,1,0.36027197899999996,61,0,0.277280702,11399.0,17,0,1,0,0.0
60464,0,0.9999998999999999,23,0,0.038431975,1300.0,1,0,0,0,0.0
60465,0,0.04499884,44,0,0.27098773800000003,7420.0,10,0,1,0,0.0
60466,0,0.0,67,0,0.9723899909999999,2317.0,8,0,1,0,0.0
60467,0,0.010759342,41,0,0.35736972100000003,8500.0,18,0,3,0,3.0
60468,0,0.440102396,56,3,0.07116006,64375.0,12,3,1,0,3.0
60469,0,0.262527086,63,1,0.5975838370000001,4800.0,14,0,1,0,0.0
60470,0,0.031010767,54,0,0.342809673,10833.0,18,0,2,0,2.0
60471,0,0.908219001,79,1,0.584440717,7750.0,14,0,3,0,0.0
60472,0,0.051599674000000005,58,0,0.07385844700000001,8759.0,5,0,0,0,0.0
60473,0,1.099267155,54,2,0.247500675,3700.0,4,0,1,0,3.0
60474,0,0.012491923,42,2,0.311567916,2480.0,10,0,1,1,3.0
60475,0,0.00358956,77,0,0.208699942,12160.0,10,0,1,0,1.0
60478,0,0.01311664,51,0,0.007774898000000001,2700.0,7,0,0,0,0.0
60479,0,0.016609606000000002,63,0,1931.0,,10,0,2,0,
60480,0,0.029110703999999998,69,0,502.0,,5,0,0,0,0.0
60481,0,0.32953409300000003,50,0,0.30532598699999997,4355.0,3,0,1,0,1.0
60482,0,0.0,62,1,2803.0,,5,0,1,0,2.0
60483,0,0.10634675699999999,69,0,1954.0,,6,0,1,0,
60485,0,0.05309271,57,0,1219.0,,5,0,1,0,4.0
60486,0,0.017719291,89,0,13.0,,5,0,0,0,0.0
60487,0,0.253033551,50,0,0.542935717,14544.0,16,0,4,0,1.0
60488,0,0.202962002,32,1,0.38303740700000005,5800.0,8,0,1,0,1.0
60492,0,0.0,62,0,0.0,,1,0,0,0,
60494,0,0.285599654,69,0,0.446776612,2000.0,3,0,1,0,0.0
60495,0,0.019715349,53,0,905.0,,8,0,0,0,
60496,0,0.32451777600000004,34,0,1.154993515,3083.0,11,0,2,0,1.0
60497,0,0.9999998999999999,56,0,0.028836251,970.0,1,0,0,0,0.0
60498,0,0.270049698,36,0,3702.0,,9,0,1,0,0.0
60499,0,0.083569138,25,0,13.0,,3,0,0,0,0.0
60501,0,0.30050126,53,0,1.271911663,5795.0,15,0,2,0,0.0
60504,0,0.700474259,28,0,0.09315114099999999,6000.0,5,0,0,0,1.0
60505,0,0.274407729,33,0,0.229746162,13157.0,9,0,2,0,2.0
60506,0,0.9999998999999999,29,0,0.0,3208.0,0,0,0,0,2.0
60507,0,0.131646709,62,0,0.394075909,8878.0,4,0,1,0,1.0
60508,0,0.848746893,49,0,3265.0,,18,0,2,0,0.0
60512,0,0.6316491129999999,25,1,0.11602544699999999,3300.0,6,0,0,0,0.0
60514,0,0.24441916,38,0,0.561049625,5601.0,17,0,1,0,1.0
60515,0,0.042427359000000005,45,0,0.007939308,5667.0,6,0,0,0,0.0
60516,0,0.16282575900000001,39,1,0.927733842,3666.0,7,0,2,0,0.0
60517,0,0.171921482,60,0,0.228767337,12833.0,22,0,2,0,0.0
60520,1,0.0,57,0,0.405964489,5800.0,5,1,1,1,0.0
60522,0,0.014494521000000002,43,0,0.35448100299999996,5500.0,7,0,1,0,0.0
60523,0,0.003967083,63,0,0.10639468,20000.0,5,0,1,0,0.0
60524,0,0.163464405,43,0,0.022219479,8100.0,2,0,0,0,4.0
60525,0,0.30869130899999997,62,0,0.181409295,2000.0,5,0,0,0,0.0
60526,0,0.019398474,77,0,0.020723505,5500.0,15,0,0,0,0.0
60527,0,0.9999998999999999,58,0,0.0,10608.0,0,0,0,0,1.0
60528,0,0.9540918159999999,32,0,0.100935182,3100.0,2,0,0,0,0.0
60529,0,0.145256983,66,0,0.008665510999999999,7500.0,3,0,0,0,0.0
60530,0,0.089977245,48,0,1826.0,,9,0,1,0,2.0
60531,0,1.180327869,36,2,239.0,,5,2,0,0,0.0
60533,0,0.013850781999999999,31,0,1.363011559,3200.0,12,0,2,0,0.0
60534,0,0.034925706,35,0,0.299225065,12000.0,20,0,1,0,2.0
60536,0,0.033349925,49,0,0.215040135,7100.0,5,0,1,0,0.0
60537,0,1.25912612,51,0,0.252731396,4850.0,9,0,0,0,0.0
60538,0,0.027947694,81,0,25.0,,12,0,0,0,0.0
60540,0,0.10334483300000001,58,0,62.0,,2,0,0,0,0.0
60541,0,0.8244737959999999,29,0,0.976673146,3600.0,10,0,2,0,0.0
60544,0,0.9301796,48,0,0.65338465,8833.0,9,0,2,0,1.0
60546,0,0.983228512,56,1,0.438879112,7386.0,10,0,1,0,1.0
60547,0,0.9999998999999999,38,0,0.0,6872.0,4,0,0,0,0.0
60548,0,0.393929937,40,2,0.060839067000000004,7412.0,6,0,0,0,0.0
60550,0,0.075472597,48,0,0.037884679,9000.0,5,0,0,0,0.0
60551,0,0.814582054,33,0,1.049916007,4166.0,8,0,1,0,0.0
60554,0,0.103454953,66,0,864.0,,9,0,0,0,0.0
60555,0,0.13559322,56,0,0.45348954700000005,9900.0,3,0,1,0,0.0
60556,0,0.12653718,53,0,0.35261359299999995,7900.0,4,0,3,0,3.0
60557,0,0.311716542,51,4,0.464680142,4798.0,10,0,1,0,1.0
60558,0,0.9999998999999999,44,0,1687.0,,3,0,1,0,0.0
60562,0,0.0,27,0,0.06397441,2500.0,3,0,0,0,0.0
60563,0,0.23987151899999998,52,0,0.95099589,3162.0,10,0,1,0,2.0
60565,0,0.9999998999999999,40,0,0.316181301,4566.0,4,0,0,0,3.0
60567,0,0.469402036,82,0,0.20385781600000003,15500.0,17,0,2,0,1.0
60569,0,0.026449339,46,0,1418.0,,6,0,1,0,1.0
60570,0,0.7831729409999999,52,2,0.859757012,6666.0,12,0,2,0,0.0
60571,1,0.9999998999999999,24,1,0.013539652,1550.0,0,3,0,0,1.0
60572,0,0.036735875,36,2,0.294891471,9121.0,5,0,1,0,2.0
60573,0,0.050274692999999995,56,0,0.329926683,4500.0,8,0,1,0,0.0
60575,0,0.843665063,49,0,0.597076146,9507.0,12,0,2,0,0.0
60577,0,0.013559729,53,0,0.181619853,7333.0,14,0,2,0,2.0
60578,0,0.10834377699999999,59,0,0.074195405,22588.0,7,0,1,0,0.0
60580,0,0.9999998999999999,21,0,0.0,1500.0,1,0,0,0,0.0
60582,0,0.17878472399999998,28,1,0.171665239,3500.0,6,0,0,0,1.0
60584,0,0.5272487229999999,48,0,0.38289672399999997,19200.0,10,0,2,0,4.0
60585,0,0.29334696,71,0,0.580709645,2000.0,9,0,1,0,0.0
60587,0,0.9999076809999999,42,0,533.0,,2,0,0,0,1.0
60590,0,0.00938083,69,0,0.17745563600000003,4000.0,8,0,0,1,1.0
60591,0,0.9999998999999999,90,0,0.0,,3,0,0,0,0.0
60592,0,0.409040794,49,0,0.14143434300000002,25000.0,10,0,1,0,2.0
60594,0,0.047264134000000006,64,0,0.203477913,5002.0,11,0,2,0,0.0
60595,0,0.500662906,50,0,0.358424908,5459.0,8,0,1,1,0.0
60599,0,0.032856491,40,0,3623.0,,10,0,2,0,0.0
60600,0,0.113643694,26,0,0.11329556800000001,3000.0,5,0,0,0,0.0
60601,0,0.031081987000000002,50,0,0.254126277,7633.0,14,0,2,0,3.0
60603,0,0.193612901,53,0,950.0,,21,0,0,0,
60604,0,0.09739026099999999,76,0,0.028971029,1000.0,4,0,0,0,0.0
60605,0,0.54641518,57,1,0.299140172,5000.0,6,0,0,0,0.0
60607,0,0.007720751,63,0,251.0,,5,0,0,0,1.0
60608,0,0.828717128,40,0,0.161590328,4300.0,9,0,0,0,2.0
60610,0,0.834809653,52,0,0.3174059,14000.0,13,0,3,0,2.0
60611,0,0.046208215,60,0,0.494056216,9000.0,11,0,3,0,1.0
60613,0,0.984241142,40,0,0.6865671640000001,3550.0,17,0,1,0,3.0
60614,1,0.004684987,40,0,0.01509849,10000.0,3,0,0,0,2.0
60615,0,0.152927602,57,0,1016.0,,6,0,0,0,0.0
60616,0,0.163733239,41,0,0.47417983,3291.0,8,0,1,0,1.0
60619,0,0.183000787,35,0,0.324568228,6426.0,7,0,2,0,1.0
60622,0,0.73205574,53,0,0.04937793099999999,25800.0,6,0,0,0,6.0
60623,0,0.803196803,32,1,0.10176282099999999,2495.0,3,0,0,0,0.0
60624,0,0.088358657,64,0,95.0,,7,0,0,0,0.0
60626,0,0.556827611,40,0,0.618533333,7499.0,14,0,2,0,2.0
60627,0,0.394263801,35,1,0.166825208,8409.0,12,0,0,0,3.0
60631,0,0.063003293,37,4,0.22365555399999998,5968.0,13,0,1,1,0.0
60632,0,0.9999998999999999,45,0,2606.0,,5,0,1,0,0.0
60633,0,0.035409781,69,0,0.011901928,4200.0,4,0,0,0,0.0
60634,0,0.041883172999999996,75,0,92.0,,6,0,0,0,0.0
60635,1,0.41318695899999996,35,1,1203.0,,10,0,0,0,0.0
60636,0,0.0,66,0,0.0,1.0,18,0,0,1,0.0
60637,0,0.949899697,45,0,0.517766497,6500.0,11,1,1,0,4.0
60638,0,0.99692355,26,1,0.18752154399999998,2900.0,2,0,0,0,0.0
60639,0,0.036018771,61,0,254.0,,6,0,0,0,
60640,1,0.9062909570000001,57,0,2158.0,,5,4,2,2,6.0
60641,0,0.019999216,42,0,812.0,,3,0,1,0,0.0
60642,0,0.34684377,65,0,2796.0,,18,0,1,0,0.0
60644,0,0.064884258,48,0,3915.0,,14,0,2,0,0.0
60645,0,0.6055078110000001,45,0,0.412756392,3558.0,14,0,0,1,1.0
60646,1,0.660226516,35,1,0.23725424899999997,3000.0,3,0,0,1,5.0
60647,0,0.610588963,55,0,0.364667339,3967.0,10,0,0,0,1.0
60649,0,0.707567155,81,0,1440.0,,6,0,3,0,
60651,0,1.000533262,64,0,253.0,,1,0,0,0,1.0
60652,0,0.0,34,0,0.717094302,3000.0,5,0,1,0,2.0
60653,0,0.05095592400000001,27,0,19.0,,3,0,0,0,
60655,0,0.04246662599999999,65,0,499.0,,9,0,1,0,0.0
60656,0,0.073996455,48,0,0.013598912,12500.0,5,0,0,0,4.0
60658,0,0.455295736,42,0,0.625428082,4671.0,8,0,1,0,0.0
60663,0,0.39911115,57,0,0.055533035999999994,4933.0,4,0,0,0,1.0
60664,0,0.9999998999999999,40,0,0.47850429899999997,5000.0,7,0,2,0,0.0
60667,0,0.0,62,0,0.164967007,5000.0,3,0,1,0,0.0
60668,0,0.016922147,59,2,0.233364574,3200.0,6,0,1,0,0.0
60669,0,0.0,49,1,3759.0,,4,0,1,0,0.0
60670,0,0.443711258,36,0,0.072909387,4292.0,3,0,0,0,5.0
60671,0,0.087562869,52,0,211.0,,12,0,0,0,0.0
60672,0,0.663683818,56,3,0.649481193,3083.0,8,0,1,0,0.0
60673,0,0.256651238,45,0,0.0434,4999.0,7,0,0,0,1.0
60674,0,0.361840879,53,0,0.10790094300000001,1695.0,9,0,0,0,0.0
60675,0,0.861760953,38,1,81.0,,3,0,0,1,0.0
60678,0,0.375952481,56,0,2369.0,,6,0,2,0,0.0
60679,0,0.009374674,84,0,0.009990917,1100.0,7,0,0,0,0.0
60681,0,0.046593265999999994,78,0,28.0,,5,0,0,0,0.0
60683,0,0.0083471,42,0,0.044935262999999996,10503.0,5,0,0,0,2.0
60684,0,0.368721714,55,0,0.35821052600000003,9499.0,25,0,2,0,0.0
60686,0,0.011436278000000001,75,0,0.0058402409999999995,5307.0,4,0,0,0,0.0
60687,0,0.047309019,52,0,0.197480252,10000.0,8,0,1,0,2.0
60689,0,0.19649219,61,0,0.262934266,4000.0,12,0,0,0,0.0
60690,0,0.7333555820000001,45,0,0.356117084,12742.0,11,0,3,0,1.0
60691,0,0.667666608,51,2,0.31674932,6250.0,5,0,3,0,3.0
60692,0,0.887672749,57,0,1.221065632,5667.0,18,0,2,0,1.0
60694,0,0.668666267,26,0,0.046812515,4250.0,5,0,0,0,0.0
60699,0,0.013997201,30,0,0.412917417,5000.0,4,0,1,0,0.0
60700,0,0.027104137,42,0,0.220391123,4550.0,3,0,0,0,3.0
60701,0,0.333209153,38,0,0.23186871399999998,11333.0,5,0,1,0,2.0
60702,0,0.366183608,36,0,0.20586789100000003,6100.0,9,0,0,0,2.0
60703,0,0.043061603,45,0,0.061439284000000004,7600.0,4,0,0,0,1.0
60705,0,0.9999998999999999,29,98,0.0,,0,98,0,98,
60706,0,0.865713429,58,0,0.474561209,4500.0,9,0,2,0,0.0
60707,0,0.31457726399999997,45,0,3.166266986,1250.0,10,0,2,0,0.0
60711,1,0.059385875,56,2,1.098887659,17170.0,17,0,9,0,2.0
60712,0,0.107926872,70,0,0.5333790270000001,7294.0,7,0,2,0,0.0
60714,0,0.044176569000000006,32,0,0.43811644899999996,3142.0,11,0,1,0,0.0
60716,0,0.495771831,51,1,0.920868447,7000.0,15,0,5,0,4.0
60717,0,0.010721207,64,0,0.0017944120000000002,3900.0,6,0,0,0,1.0
60718,0,0.873854358,47,5,0.505869043,7070.0,7,0,2,1,4.0
60719,0,0.052668756,81,0,0.102259887,5309.0,11,0,1,0,1.0
60720,0,0.9999998999999999,26,0,0.006996502,2000.0,1,0,0,0,0.0
60723,0,0.147518552,68,0,0.115375931,4428.0,4,0,1,0,0.0
60724,1,1.0077952890000001,38,1,0.225884096,5400.0,6,4,0,2,0.0
60727,0,0.015230974,57,0,0.456644247,5500.0,14,0,1,0,0.0
60728,0,0.17190806100000003,73,0,177.0,,2,0,0,0,0.0
60730,1,1.030498186,42,1,0.554281142,7497.0,12,0,1,0,3.0
60731,0,0.17195722300000002,79,0,0.299942218,19036.0,22,0,3,0,1.0
60732,0,0.07139881,53,0,0.442005993,11345.0,20,0,1,0,0.0
60733,0,0.155894919,32,0,0.264391091,3456.0,5,0,1,0,0.0
60734,0,0.00579942,50,0,0.31186780199999997,9984.0,8,0,2,0,4.0
60737,0,0.074657255,67,2,687.0,0.0,9,0,0,0,0.0
60738,0,0.0,44,0,2981.0,,5,0,2,0,0.0
60739,0,0.099099601,55,0,0.650633127,11766.0,17,0,4,0,1.0
60742,0,0.196691511,33,0,0.004266098,7500.0,4,0,0,0,0.0
60747,0,0.003816211,80,0,0.001526385,4585.0,5,0,0,0,0.0
60750,0,0.26835143899999997,32,0,0.08845577199999999,2000.0,2,0,0,0,0.0
60752,0,0.050659912,50,0,0.55280858,5500.0,7,0,2,0,1.0
60753,0,0.071896405,29,0,0.013995335,3000.0,4,0,0,0,0.0
60754,0,0.9999998999999999,58,1,0.368375946,7000.0,3,0,1,0,0.0
60756,0,0.7761492529999999,46,0,0.41663334700000004,2500.0,7,0,0,0,2.0
60757,0,0.154805576,54,0,0.23250329100000003,18231.0,9,0,2,0,0.0
60758,0,0.9999998999999999,52,0,0.378237052,4015.0,4,0,1,0,0.0
60761,0,0.015160307,69,0,2655.0,,11,0,1,0,0.0
60762,1,0.9999998999999999,29,0,0.063066143,5850.0,1,1,0,0,0.0
60763,0,0.021828846000000002,82,0,0.020578148,2040.0,7,0,0,0,0.0
60765,0,0.12663381199999998,50,0,0.46510893600000003,9500.0,7,0,2,0,3.0
60766,0,0.128928781,74,0,0.18285447600000002,15000.0,10,0,2,0,0.0
60767,0,0.003393379,42,0,0.027469625,13250.0,6,0,0,0,4.0
60768,0,0.098806071,40,0,2118.0,,13,0,1,0,0.0
60770,0,1.005599813,45,0,0.480681545,12500.0,14,0,4,0,4.0
60771,0,0.048090096,66,0,0.20212275,4333.0,7,0,1,0,0.0
60773,0,0.601231514,31,0,4990.0,,12,0,2,0,0.0
60777,0,0.8133496490000001,43,1,0.18465441600000002,14583.0,15,0,0,0,1.0
60778,0,0.085014664,73,0,85.0,,8,0,0,0,0.0
60779,0,0.7599324829999999,58,0,0.30090615600000004,9600.0,10,0,1,0,1.0
60780,0,0.11994902,43,2,0.120887911,10000.0,14,0,1,0,0.0
60781,0,0.452991453,53,0,344.0,,3,0,1,0,
60783,1,1.000234067,46,1,0.901263713,7200.0,12,0,2,0,1.0
60784,0,0.826243365,70,0,0.95334111,6000.0,21,0,2,0,2.0
60785,0,0.041558618,49,0,72.0,,6,0,0,0,0.0
60786,0,0.08830662199999999,87,0,3.370925815,5000.0,13,0,1,0,0.0
60787,0,0.0,85,0,5.0,,6,0,0,0,0.0
60788,0,0.9751511079999999,28,0,0.124383416,7500.0,7,0,0,0,1.0
60790,0,0.30001565399999996,48,0,0.135818228,7833.0,9,0,0,0,1.0
60791,0,0.5912112629999999,46,0,0.5264736760000001,6666.0,10,0,2,0,0.0
60792,0,0.9999998999999999,23,0,0.061746545,3400.0,1,0,0,0,0.0
60793,0,0.09498858,49,1,0.325156235,10720.0,12,0,2,0,2.0
60795,0,0.07047204,82,0,0.33116354800000003,3686.0,10,0,1,0,0.0
60797,0,0.036335097000000004,61,0,1593.0,,7,0,0,0,0.0
60798,1,0.0,65,0,0.27653756,17917.0,5,0,2,0,0.0
60799,0,0.17815636899999998,60,0,0.094377749,8412.0,7,0,1,0,0.0
60803,0,0.0,54,0,0.493422553,13150.0,5,0,4,0,0.0
60804,0,0.091353048,60,1,2851.0,,5,0,2,0,0.0
60805,0,0.074389805,49,0,0.16649746199999998,4924.0,8,0,0,0,2.0
60806,0,1.008835155,22,0,260.0,,7,0,0,0,0.0
60807,0,0.08164897900000001,53,0,81.0,,6,0,0,0,0.0
60809,0,0.9999998999999999,51,1,0.117230098,3667.0,4,0,0,0,1.0
60811,0,0.88697584,26,1,334.0,,6,0,0,0,1.0
60812,0,0.016154758,50,0,0.119344159,6342.0,8,0,1,0,0.0
60814,0,0.223135887,69,0,0.45609065200000004,6706.0,16,0,2,0,1.0
60815,0,0.079839475,42,0,0.433927679,6000.0,12,0,1,0,0.0
60817,0,0.051132767999999995,69,0,0.225419664,2501.0,3,0,0,0,0.0
60818,0,0.973038473,29,0,5238.0,,7,0,3,0,0.0
60819,0,0.013483108999999998,33,0,1.2191561690000001,5000.0,8,0,1,0,0.0
60820,0,0.024961813,39,0,1091.0,,19,0,1,0,0.0
60823,0,0.0,67,0,0.129396542,8500.0,8,0,2,0,0.0
60824,0,0.04439863,64,0,0.024450634,3230.0,16,0,0,0,2.0
60826,0,0.00032148400000000003,68,0,0.985968195,6413.0,16,0,4,0,0.0
60827,0,0.21344142100000002,33,0,0.504423077,5199.0,15,0,2,0,2.0
60828,0,0.08735722300000001,61,0,0.238293618,6000.0,9,0,1,0,1.0
60829,0,0.30152062,41,0,0.531315095,7200.0,4,0,1,0,2.0
60830,0,0.192115853,57,0,4460.0,,10,0,2,0,0.0
60831,0,0.6474388560000001,67,0,126.0,,1,0,0,0,
60832,0,0.0,69,0,0.06782203,6000.0,7,0,0,0,0.0
60833,0,0.917082917,25,0,27.0,0.0,3,0,0,0,0.0
60834,0,0.047108055,59,0,0.108338405,11500.0,7,0,2,0,1.0
60836,0,0.0,45,0,1.3440233240000001,2400.0,11,0,1,0,1.0
60838,0,0.0,49,1,0.0,2080.0,4,0,0,0,0.0
60839,0,0.003732836,55,1,0.693644315,8574.0,10,0,2,1,1.0
60841,1,0.017757855,68,0,0.156605641,4041.0,8,1,0,0,0.0
60842,0,0.97440128,53,0,0.291284786,6000.0,4,0,1,0,2.0
60843,0,0.263824722,45,0,0.358156366,10500.0,9,0,3,0,4.0
60844,0,0.9999998999999999,63,0,675.0,,2,1,0,0,0.0
60845,0,0.152581822,38,0,0.401567875,12500.0,9,0,2,0,2.0
60846,1,0.742171885,54,3,0.320690191,6432.0,7,0,1,0,1.0
60847,0,0.94101765,42,0,0.44692455299999995,9900.0,6,0,0,0,1.0
60848,0,0.9999998999999999,33,0,0.22346289800000002,7074.0,7,0,0,0,0.0
60851,1,0.383482329,50,0,0.525298523,9881.0,12,0,1,0,1.0
60852,0,0.02416566,87,0,22.0,,4,0,0,0,0.0
60853,0,0.89140362,58,0,3414.0,,10,0,0,0,0.0
60855,0,0.440600665,49,0,0.219945014,4000.0,9,0,0,0,0.0
60856,0,0.637454182,55,0,0.412371134,2327.0,10,0,0,0,1.0
60857,0,0.924520562,52,2,0.607856892,2850.0,7,0,1,0,2.0
60858,0,0.0,48,0,0.24192577699999998,4984.0,7,0,1,0,1.0
60859,0,0.0,23,0,127.0,,1,0,0,0,
60860,0,0.703495579,31,0,0.322696629,2224.0,7,0,0,0,0.0
60861,0,0.193334035,58,0,0.553264605,3200.0,30,0,2,0,0.0
60862,0,0.5486398170000001,35,0,0.684463107,5000.0,11,0,1,0,1.0
60863,0,0.0,62,0,0.365126975,5000.0,7,0,1,0,0.0
60865,0,0.9836021859999999,28,0,0.35593220299999995,2300.0,3,0,0,0,1.0
60866,0,0.164329287,30,0,511.0,,4,0,0,0,0.0
60868,0,1.0164797209999998,45,3,0.51545585,7666.0,9,0,0,0,1.0
60870,0,0.015096531000000002,65,0,0.0061827340000000005,4366.0,6,0,0,0,0.0
60871,0,0.9999998999999999,48,0,0.276577874,8333.0,4,0,1,0,2.0
60873,0,0.00013266799999999998,61,0,0.0,4000.0,3,0,0,0,0.0
60874,0,0.9999998999999999,40,0,24.56862745,101.0,5,0,2,0,2.0
60875,0,0.355506771,50,0,0.436524673,9483.0,15,0,2,0,0.0
60876,0,0.500757318,48,0,1072.0,,6,0,0,0,1.0
60877,0,0.9999998999999999,41,0,0.205089367,3300.0,2,0,0,0,2.0
60879,0,0.10803567900000001,33,0,0.202966172,6000.0,12,0,2,0,0.0
60881,0,0.749680896,33,0,0.200974878,2666.0,6,0,0,0,1.0
60882,1,1.083444415,45,0,0.109372283,5750.0,11,1,0,0,0.0
60883,0,0.543841775,41,0,3128.0,,9,0,2,0,0.0
60884,0,0.11844419199999999,55,0,0.279830486,7550.0,14,0,4,0,0.0
60888,0,0.26566416,51,0,0.548576535,7832.0,12,0,2,0,0.0
60889,0,0.233381157,39,0,0.383748139,4700.0,6,0,2,0,0.0
60890,0,0.104464253,50,0,0.48193096,7415.0,20,0,2,0,2.0
60893,0,0.022074076,56,0,1408.0,,11,0,1,0,0.0
60894,0,0.351391095,32,0,0.21990172,1627.0,6,1,0,0,0.0
60895,0,0.091143741,56,0,0.06656051,3139.0,11,0,0,0,3.0
60896,0,0.999622647,58,1,1.013544018,3100.0,11,0,1,0,1.0
60898,0,0.235976518,61,0,0.202084691,7674.0,17,1,1,0,0.0
60899,0,0.9999998999999999,27,0,0.315854158,2440.0,4,2,0,0,0.0
60902,0,0.068381985,79,0,0.028325465,3600.0,2,0,1,0,0.0
60903,0,0.161415611,39,0,0.164648372,9000.0,7,0,1,0,3.0
60904,0,0.49273419700000004,49,0,0.32085308100000004,8439.0,11,0,2,0,0.0
60905,1,0.001313065,34,0,0.18293979999999999,4700.0,2,0,1,0,4.0
60907,0,0.199815413,24,2,0.7027707809999999,793.0,5,0,0,0,0.0
60908,0,0.045809637,63,0,21.0,,3,0,0,0,
60909,0,0.12963875800000002,25,2,0.051189762,5000.0,9,0,0,1,1.0
60910,0,0.033268697,45,0,0.149259061,5600.0,10,0,0,0,0.0
60911,0,0.10179488,64,0,0.196139984,8600.0,8,0,2,0,0.0
60912,0,0.740524781,52,0,0.015273535,3600.0,2,0,0,0,0.0
60913,0,0.808638272,32,1,0.362644853,4400.0,13,0,1,0,0.0
60915,0,0.00687404,78,0,0.004665112,3000.0,4,0,0,0,0.0
60916,0,0.0,46,0,0.335020883,7900.0,11,0,2,0,0.0
60918,0,0.09731043,59,0,94.0,,12,0,0,0,0.0
60920,0,0.061758964000000006,41,0,0.518596281,3333.0,9,0,2,0,1.0
60921,1,0.391962971,42,0,1.180577594,3150.0,16,0,2,0,2.0
60923,0,0.024517188999999998,29,0,0.38551572799999995,4100.0,2,0,1,0,2.0
60924,0,0.033685961,63,0,0.534093181,5000.0,25,0,2,0,1.0
60925,0,0.969002067,35,0,0.30284857600000004,2000.0,4,0,0,0,0.0
60926,0,0.768313458,52,0,0.575212394,2000.0,4,0,0,0,2.0
60927,0,0.9999998999999999,49,0,0.0,,0,0,0,0,0.0
60929,0,0.20179820199999998,35,1,0.040425994,4600.0,2,0,0,0,1.0
60932,0,0.015866138000000002,69,1,1.7535580519999998,1334.0,7,0,1,0,0.0
60933,1,0.814039326,54,3,0.16877749600000003,7500.0,10,0,0,0,0.0
60935,0,0.499014917,35,0,0.11124386,7532.0,8,0,0,0,0.0
60936,0,0.8449528940000001,36,2,0.220696938,6628.0,4,0,1,1,0.0
60937,0,0.063594821,28,0,3448.0,,5,0,2,0,
60939,0,0.393339275,41,0,0.716652385,3500.0,7,0,2,1,2.0
60940,0,0.001191648,35,0,0.0,,4,0,0,0,1.0
60941,0,0.039706349,65,0,0.224953299,10170.0,5,0,1,0,0.0
60943,0,0.41832975299999997,59,0,0.750588235,5949.0,9,0,1,0,1.0
60945,0,0.12373724400000001,41,2,0.49052075799999995,8333.0,9,0,2,0,2.0
60947,0,0.381764713,50,0,0.753595398,7300.0,12,0,2,0,3.0
60948,0,0.0016148570000000001,80,0,0.000133583,7485.0,4,0,0,0,0.0
60949,0,0.0,38,1,0.0,6700.0,1,1,0,0,0.0
60951,0,0.405567971,66,0,1.114407845,3976.0,22,0,2,0,1.0
60952,0,0.0,72,0,0.0,10000.0,16,0,0,0,0.0
60954,0,0.0,56,0,2644.0,,6,0,2,0,2.0
60957,0,0.000388867,43,0,0.706510139,5621.0,12,0,2,0,3.0
60959,0,0.25834600399999996,42,0,0.49290433100000003,8173.0,14,0,1,0,1.0
60960,0,0.805198515,68,0,0.550922761,1462.0,4,0,1,0,0.0
60961,0,0.030247479,65,0,0.04912572900000001,1200.0,7,0,0,0,1.0
60962,1,0.017988008,33,0,0.5331852260000001,3600.0,6,0,2,1,0.0
60963,0,0.7192854870000001,45,1,0.435379061,4154.0,9,0,1,0,0.0
60964,0,0.667941418,55,0,0.5217995,3600.0,10,0,1,0,1.0
60965,0,0.44123123399999997,32,0,0.969128495,10980.0,18,0,5,0,0.0
60967,0,0.57648703,53,0,0.604262799,4550.0,9,0,1,0,0.0
60969,0,0.643359751,58,2,991.5,1.0,6,1,1,2,0.0
60970,0,0.0,47,0,0.190867681,9000.0,10,0,2,0,0.0
60971,0,0.053091789,69,0,0.146469968,7591.0,3,0,0,0,0.0
60973,0,0.060711395,62,0,0.16842389800000002,7397.0,4,0,1,0,1.0
60974,0,0.020730291,60,1,0.016869728,3200.0,10,0,0,0,0.0
60975,0,0.9999998999999999,42,0,64.0,,6,0,0,0,0.0
60976,0,0.019284796,68,0,2081.0,,5,0,1,0,0.0
60977,0,0.45823224799999995,42,1,0.171179357,5502.0,26,0,1,0,1.0
60978,0,0.00515306,54,0,0.17539113,8500.0,5,0,1,0,0.0
60980,0,0.511972934,38,0,0.413395952,8942.0,16,0,1,0,2.0
60983,0,0.243039532,23,0,0.26987149,2100.0,5,0,0,0,0.0
60984,0,0.0,74,0,0.09395973199999999,5065.0,5,0,0,0,0.0
60985,0,0.293644325,43,0,1.1347150259999998,7333.0,14,0,6,0,2.0
60987,0,0.157224248,55,0,0.230643657,8575.0,7,0,2,0,1.0
60989,0,0.052019151,46,0,0.291115964,8700.0,6,0,1,0,1.0
60990,0,0.158396273,36,0,11.27860697,200.0,6,0,2,0,0.0
60991,0,5451.0,39,0,0.7341947390000001,6500.0,4,0,1,0,1.0
60993,0,0.0013933860000000001,68,0,948.0,,6,0,1,0,0.0
60994,0,0.056020547999999996,42,0,0.6356769320000001,1720.0,11,0,1,0,0.0
60995,0,0.25295784,32,0,0.251631106,5670.0,6,0,1,0,0.0
60996,0,0.367705169,46,0,1142.0,,12,0,1,0,0.0
60997,0,0.140771166,61,0,0.310775138,8333.0,7,0,2,0,0.0
61000,0,0.093438428,68,0,0.060168739000000006,9007.0,6,0,2,0,0.0
61001,0,0.008083109,35,0,0.08403908800000001,7674.0,6,0,0,0,3.0
61002,0,0.058329255999999996,50,0,3207.0,,9,0,1,0,
61003,0,0.119104494,53,0,0.514935633,8000.0,6,0,3,0,1.0
61004,0,0.535963255,61,0,0.306364412,10542.0,13,0,1,0,1.0
61005,0,0.0,24,0,0.0,5100.0,1,0,0,0,1.0
61006,0,0.584541546,43,0,0.369815092,2000.0,3,1,0,0,2.0
61007,0,0.020635051,63,0,1147.0,0.0,13,0,1,0,0.0
61008,0,0.056907022,68,0,45.0,,4,0,0,0,0.0
61010,0,0.427149648,60,1,0.9482629340000001,4000.0,21,0,1,0,0.0
61011,0,0.12747012,40,0,0.5078431370000001,3569.0,4,0,1,0,3.0
61012,0,0.031928918,32,0,0.047994354,8500.0,6,0,0,0,0.0
61013,0,0.98673162,30,0,0.268806744,3083.0,4,0,0,1,0.0
61014,0,0.536573171,61,0,0.10381568199999999,10980.0,4,0,0,0,0.0
61015,0,0.0054053190000000004,41,0,0.320642867,7590.0,12,0,1,0,0.0
61016,1,0.998001998,30,1,0.73012851,2100.0,4,0,0,0,6.0
61017,1,0.33534311,62,0,0.342609324,8300.0,7,0,2,0,0.0
61018,0,0.9999998999999999,36,0,0.271039162,8400.0,2,0,2,0,1.0
61020,0,0.67291235,32,0,0.298593581,2772.0,6,0,0,0,1.0
61021,0,0.00329314,63,0,0.25308721100000003,23402.0,18,0,1,0,1.0
61022,0,0.0,44,0,1.19276535,2100.0,5,0,1,0,2.0
61023,0,0.091471835,57,0,0.189461131,13416.0,8,0,1,0,3.0
61026,0,0.332809543,42,0,0.45005149299999997,5825.0,8,0,1,0,3.0
61028,0,0.272499483,49,0,0.287796651,8300.0,4,0,1,0,2.0
61029,0,0.069353523,58,0,1435.0,1.0,9,0,1,0,0.0
61030,0,0.9999998999999999,40,0,0.021083702000000003,4742.0,8,0,0,0,2.0
61031,0,0.023236231,49,0,39.0,,7,0,0,0,0.0
61032,0,0.591141082,57,1,0.565437902,8083.0,11,0,2,0,0.0
61033,0,0.443369633,49,0,1064.0,,4,0,1,0,0.0
61034,1,0.155585803,42,1,0.176747378,10200.0,10,0,1,0,0.0
61038,0,0.0,70,0,25.0,,2,0,0,0,0.0
61043,0,0.5481620939999999,49,0,2.746169221,1500.0,6,0,2,0,0.0
61044,0,0.006224844,36,0,0.502030615,3200.0,8,0,1,0,0.0
61045,0,0.020044878999999998,64,0,0.02327362,75750.0,6,0,2,0,1.0
61046,0,0.9999998999999999,21,0,0.0,929.0,0,0,0,0,0.0
61048,0,0.799635408,33,0,0.541011841,4644.0,9,0,1,0,2.0
61049,0,0.123152709,73,0,0.33030440699999997,2200.0,11,0,1,0,0.0
61051,0,0.0,60,0,0.44384931299999997,5600.0,9,0,1,0,0.0
61052,1,0.08975028199999999,41,0,2.2194148940000002,751.0,7,0,1,0,1.0
61053,0,0.07095865700000001,70,0,0.815096465,7100.0,11,0,4,0,0.0
61057,0,0.00491341,67,0,7.0,,8,0,0,0,0.0
61058,1,0.618129534,67,2,0.74355659,11600.0,10,0,3,0,1.0
61059,0,0.0,53,0,0.0,6295.0,7,0,0,0,0.0
61061,0,0.027242468,67,0,0.22625858100000001,3495.0,6,0,1,0,1.0
61062,1,0.8672369740000001,38,2,0.162799472,5300.0,8,0,0,0,0.0
61063,0,0.43136802399999996,44,2,0.04298831400000001,9583.0,6,0,0,0,2.0
61064,0,0.662659804,53,0,3549.0,,15,0,1,0,0.0
61065,0,0.021234045,71,0,14.0,,5,0,0,0,0.0
61066,0,0.0,62,1,0.0,5200.0,7,0,0,0,1.0
61067,0,0.015516143,87,0,0.009330223,3000.0,7,0,0,0,0.0
61068,0,0.007413714,57,0,0.210254584,16850.0,6,0,3,0,0.0
61069,0,0.0,56,0,1.0,,1,0,0,0,0.0
61070,0,0.16805662300000002,47,0,0.252144082,5246.0,12,0,2,0,3.0
61071,0,0.59331291,41,0,0.419980801,14583.0,19,0,2,0,2.0
61073,0,0.9946096329999999,29,0,453.0,,4,0,0,0,1.0
61074,0,0.021144396,78,1,0.195267091,7225.0,15,0,1,0,0.0
61076,0,0.173115135,67,0,0.228461923,6000.0,11,0,0,0,0.0
61077,0,0.613918132,63,0,1250.0,,10,0,0,0,0.0
61079,0,0.000920437,60,0,0.30393551399999996,6326.0,9,0,0,0,1.0
61080,0,0.217592747,68,0,0.091532396,2916.0,5,0,0,0,0.0
61081,0,0.204745707,33,0,0.540607345,5663.0,13,0,2,0,2.0
61083,0,0.590534793,58,0,0.045731068,4766.0,5,0,0,0,1.0
61084,0,0.9999998999999999,33,0,0.076218242,2400.0,1,0,0,0,0.0
61086,0,0.0,31,0,0.298060708,7115.0,4,0,1,0,3.0
61088,0,0.208315196,68,0,0.27790170000000003,13000.0,10,0,2,0,0.0
61092,0,0.01672199,52,0,0.5542106170000001,5782.0,14,0,2,0,3.0
61093,0,0.005790039,66,0,13329.0,,21,0,6,0,0.0
61094,0,0.11956338400000001,36,0,0.131071882,8666.0,5,0,0,0,0.0
61095,0,0.207087716,34,0,840.0,,4,0,1,0,0.0
61096,0,0.002076843,68,0,0.32288699,2105.0,3,0,1,0,0.0
61098,0,0.02656915,65,0,0.004129537,4600.0,2,0,0,0,0.0
61099,0,0.089773875,59,0,0.186420837,3416.0,21,0,0,0,0.0
61100,0,0.10432005800000001,57,0,0.47052947100000003,1000.0,12,0,0,0,0.0
61101,1,0.964603399,51,1,586.0,,10,0,0,0,
61102,0,0.170331867,27,1,0.271853987,1040.0,4,0,0,0,0.0
61104,0,0.756984425,48,1,0.200255551,54000.0,10,0,2,0,4.0
61106,0,0.9999998999999999,34,0,627.0,,2,0,0,0,0.0
61108,0,0.01253814,59,0,0.001999714,7000.0,2,0,0,0,0.0
61109,0,0.001677759,54,0,0.5225429779999999,6165.0,13,0,2,0,1.0
61116,0,0.128448707,66,0,0.19642391,7661.0,8,0,1,0,1.0
61117,0,0.987841124,42,0,0.396049437,9061.0,7,0,2,0,1.0
61118,0,0.232568601,86,0,3078.0,,18,0,2,0,1.0
61119,0,0.496046999,63,0,0.456761972,5700.0,9,0,2,0,0.0
61120,0,0.0030834459999999997,53,0,0.09617547800000001,5333.0,12,0,0,0,5.0
61121,0,0.6199387279999999,57,0,0.230961028,18448.0,10,0,2,0,1.0
61122,0,0.027740842999999998,45,0,0.053657724000000004,6000.0,10,0,0,0,0.0
61124,1,0.33695971799999996,37,0,0.131557036,1200.0,2,0,1,2,2.0
61125,0,0.05608208,61,0,0.214990138,6083.0,3,0,1,0,0.0
61128,0,0.49725137399999997,39,0,0.52761194,5359.0,14,0,1,0,1.0
61130,1,0.410443155,52,0,0.19177892,7200.0,4,9,0,1,0.0
61131,0,0.029795599999999995,91,0,26.0,,4,0,0,0,
61133,0,0.409616555,61,2,0.321919813,6833.0,8,0,1,1,0.0
61135,0,0.614721944,29,0,0.49592612700000005,1840.0,9,0,0,0,0.0
61137,0,0.0,28,0,0.154295996,2222.0,4,0,0,0,0.0
61138,0,0.134345039,30,1,0.238054608,3515.0,11,0,0,0,0.0
61139,0,0.032548591,57,0,0.483111954,2634.0,8,0,1,0,1.0
61140,0,0.101589841,61,0,0.32582536300000003,3240.0,5,0,0,0,0.0
61141,0,0.346904252,61,0,0.5101814139999999,2700.0,6,0,0,0,0.0
61143,0,0.010652407,72,0,283.0,,7,0,0,0,0.0
61146,0,0.21671948600000002,60,1,0.353999358,6225.0,28,0,2,0,0.0
61147,0,0.309779696,61,0,0.342254978,7733.0,13,0,2,0,0.0
61148,0,1.002799424,69,0,3919.0,,13,0,0,0,1.0
61151,0,0.522534995,36,0,0.028047765,3600.0,1,0,0,0,4.0
61152,0,0.9999998999999999,59,0,1074.0,,2,0,1,0,0.0
61154,0,0.00280423,80,0,4.0,,6,0,0,0,0.0
61155,0,0.019021482,85,0,0.0070367469999999994,2557.0,3,0,0,0,0.0
61156,0,0.252349948,62,0,0.115994845,22500.0,12,0,1,0,1.0
61158,0,0.288096146,59,0,0.609756098,5083.0,12,0,1,0,0.0
61159,0,0.161181919,55,0,1.061340942,700.0,10,0,1,0,1.0
61162,0,0.12326270199999999,68,0,0.46991133700000004,5300.0,16,0,1,0,2.0
61163,0,0.098043884,68,0,0.020798151,11250.0,7,0,0,0,0.0
61164,0,0.002247065,43,0,0.08876098199999999,3300.0,5,0,0,0,0.0
61165,0,0.321137173,51,0,1698.0,,10,0,1,0,0.0
61166,0,0.043191362000000004,32,0,0.6054624120000001,3697.0,6,0,1,0,0.0
61167,0,0.112962851,39,0,4053.0,,2,0,1,0,0.0
61168,0,0.9999998999999999,67,0,0.0,,0,0,0,0,0.0
61169,0,0.033539329,52,0,0.205779422,10000.0,9,0,1,0,0.0
61170,0,0.00799467,25,0,0.0,1583.0,4,0,0,0,0.0
61171,0,0.541807274,45,0,0.225478366,5800.0,6,0,1,0,2.0
61173,0,0.9999998999999999,27,0,0.0,5100.0,0,0,0,0,0.0
61174,0,0.9999998999999999,39,0,0.0,4096.0,0,1,0,0,0.0
61178,0,0.894327511,63,0,0.17022431300000002,16583.0,2,0,1,0,0.0
61179,0,0.206093401,58,0,0.118734924,3730.0,3,0,0,0,1.0
61181,0,0.9999998999999999,58,2,0.17600811600000002,3942.0,1,5,1,1,0.0
61182,0,0.486265901,48,0,2633.0,,6,0,1,0,3.0
61183,0,0.9999998999999999,61,0,0.29117959600000004,940.0,2,0,0,0,0.0
61184,0,0.9999998999999999,54,0,0.046235551,3200.0,0,0,0,0,0.0
61185,0,0.047027482999999995,62,0,1558.0,,10,0,1,0,0.0
61187,0,0.409960956,30,1,0.22260028699999998,11167.0,7,0,1,0,2.0
61189,0,0.25999791,67,0,0.540598291,13103.0,15,0,2,0,0.0
61190,0,0.329057671,38,0,0.310768726,6100.0,7,0,1,0,2.0
61191,0,0.064798149,60,0,0.12322635900000001,10500.0,12,0,1,0,0.0
61192,0,0.00582514,36,0,0.420352391,8342.0,8,0,2,0,3.0
61195,0,0.01522058,39,0,28.0,,9,0,0,0,0.0
61196,0,0.410508136,29,0,0.337997847,928.0,12,0,0,0,0.0
61197,0,0.00885054,57,0,0.003832695,6000.0,15,0,0,0,1.0
61199,0,0.128939105,55,0,0.300348342,7750.0,19,0,1,0,0.0
61200,0,0.5245118870000001,52,0,0.404007679,8333.0,7,0,2,0,0.0
61201,0,0.531430655,48,0,0.553098553,3662.0,4,0,1,0,0.0
61202,0,0.022089771,53,0,0.16952414300000002,5715.0,4,0,1,0,0.0
61204,0,0.9999998999999999,59,0,0.5601068570000001,2245.0,4,0,0,0,0.0
61205,1,1.320453031,43,0,0.19701944899999999,3958.0,1,9,0,0,1.0
61206,0,0.05776382,65,0,0.305017255,11300.0,13,0,1,0,0.0
61207,0,0.9999998999999999,58,0,0.120584756,11833.0,4,0,1,0,1.0
61208,0,0.0,46,0,0.46246080100000003,5420.0,10,0,1,0,3.0
61209,0,0.9999998999999999,43,0,3792.0,,4,0,2,0,0.0
61210,0,0.023783872999999997,58,0,0.286132163,7520.0,9,1,2,0,0.0
61211,0,0.8574285140000001,44,0,0.24743814,4000.0,7,0,0,0,0.0
61212,0,0.068420096,31,0,258.0,,2,0,0,0,
61213,0,0.0,52,0,1963.0,,5,0,2,0,2.0
61214,0,0.253799133,38,0,0.491905355,5620.0,14,0,1,0,3.0
61215,0,0.0,47,0,0.0,9700.0,4,0,0,0,1.0
61216,0,0.004095043,79,0,0.125427873,8179.0,5,0,1,0,0.0
61220,0,0.006581579000000001,53,0,2646.0,,4,0,1,0,
61221,0,0.208465133,36,0,0.315691241,7500.0,5,0,2,0,2.0
61222,0,0.9037604920000001,61,0,0.30821102699999997,10083.0,8,0,1,0,2.0
61223,0,0.020561215,58,0,9.0,,3,0,0,0,0.0
61224,0,0.841438564,24,0,0.344413897,4000.0,10,0,0,0,0.0
61225,0,0.9999998999999999,44,0,0.015994668,3000.0,0,0,0,0,3.0
61227,0,0.9999998999999999,32,0,0.335733141,8333.0,5,0,1,0,0.0
61230,0,0.5091479489999999,46,0,0.455568054,8000.0,14,0,2,0,2.0
61231,0,0.24775045,28,0,0.027972028,2001.0,5,0,0,0,0.0
61232,1,0.9605826909999999,25,1,0.273726274,1000.0,4,0,0,0,0.0
61233,0,0.497291935,43,2,0.3249241,13833.0,13,0,2,0,2.0
61235,0,0.127806014,61,0,1285.0,,5,0,1,0,0.0
61237,1,0.8492369129999999,44,2,0.43188446,7200.0,11,3,2,4,0.0
61239,0,0.984500484,30,0,0.322098536,9701.0,9,0,2,0,0.0
61240,0,0.288065122,53,0,0.395633697,12000.0,12,0,2,0,2.0
61241,0,0.0,44,0,0.039689255,13000.0,9,0,0,0,2.0
61242,0,0.834149735,42,0,0.653276259,12147.0,12,0,5,0,0.0
61243,0,0.457941871,69,0,0.458663937,3906.0,8,0,0,0,1.0
61246,0,0.970164913,30,1,0.328519053,9000.0,9,0,3,0,2.0
61248,1,0.854998868,47,3,0.7284031129999999,23000.0,20,0,9,0,2.0
61249,0,0.009242549000000001,63,0,0.087771276,13500.0,12,0,1,0,1.0
61250,0,227.0,78,0,0.003088538,2913.0,4,0,0,0,0.0
61251,0,0.175104437,47,0,0.331935976,7871.0,15,0,1,0,1.0
61252,0,0.01613424,80,0,0.38246810700000006,7916.0,17,0,2,0,0.0
61254,0,0.733145708,50,1,0.319493207,6550.0,11,0,1,0,0.0
61256,0,0.9999998999999999,21,0,0.0,1921.0,2,0,0,0,0.0
61257,0,0.069523262,56,0,0.582393755,6917.0,13,0,4,0,0.0
61258,0,0.507216426,42,0,0.298927837,18000.0,8,0,2,0,2.0
61259,0,0.740303597,63,3,0.093162496,8350.0,13,1,0,0,0.0
61260,0,0.771898381,34,0,1.2771467509999999,2200.0,22,0,2,0,0.0
61262,0,0.254727076,57,0,10041.0,,20,0,3,0,3.0
61263,0,0.125955802,23,0,13.38768719,600.0,9,0,0,0,0.0
61264,0,0.060134267000000005,25,0,0.0059269019999999995,3036.0,4,0,0,0,0.0
61265,0,0.01432235,80,0,0.015992004,2000.0,14,0,0,0,0.0
61266,0,0.57327978,50,0,0.277907884,5123.0,11,0,0,0,0.0
61267,0,0.0,54,0,0.209552192,12750.0,10,0,3,0,1.0
61268,0,0.019998947,93,0,11.0,,2,0,0,0,
61269,0,0.087095645,61,0,0.006499188,8000.0,2,0,0,0,1.0
61270,0,0.783262769,46,0,0.034372852,16000.0,6,0,0,0,3.0
61271,0,0.016772111,62,2,0.365105975,8350.0,16,0,1,0,1.0
61273,0,0.093880669,67,0,0.199202292,17800.0,16,0,1,0,0.0
61274,0,0.008854352,51,0,0.335425485,6850.0,12,0,1,0,4.0
61275,0,0.98379118,44,0,0.42766583700000005,4416.0,8,0,2,0,1.0
61280,0,0.0,60,0,0.160769884,7065.0,4,0,2,0,1.0
61282,0,0.0,31,0,835.0,0.0,3,0,1,0,3.0
61283,0,0.602005485,41,0,0.46736940000000005,6450.0,12,0,2,0,2.0
61284,0,0.204959008,81,0,2673.0,,5,0,1,0,0.0
61286,0,0.8259642640000001,72,0,0.6760313840000001,3950.0,12,0,0,0,0.0
61287,0,0.0,46,0,0.086125702,22083.0,8,0,1,0,2.0
61289,0,0.060839526,48,2,0.289957977,6900.0,13,1,2,1,0.0
61290,0,0.08383239099999999,61,0,0.085844879,7000.0,16,0,1,0,0.0
61291,1,0.810750777,26,0,0.055737075,5202.0,3,0,0,1,1.0
61292,0,0.11546716800000001,61,0,0.254046559,37500.0,22,0,2,0,0.0
61293,1,0.9999998999999999,24,0,221.0,,0,1,0,0,0.0
61296,0,0.045749047,80,0,868.0,,12,0,1,0,0.0
61297,0,0.500937383,32,0,1698.0,,6,0,1,0,0.0
61298,1,0.0,58,1,0.619584193,6300.0,6,1,2,0,3.0
61299,0,0.00380319,68,0,0.0008635580000000001,5789.0,4,0,0,0,2.0
61301,0,0.046499106,65,0,546.0,,5,0,0,0,0.0
61302,0,0.320935813,47,0,0.249286937,5258.0,5,0,1,0,1.0
61303,0,0.069380864,43,0,0.56257497,2500.0,11,0,1,0,0.0
61304,0,0.014550721,62,0,0.07140816900000001,3500.0,5,0,0,0,0.0
61306,0,0.044073297000000004,67,0,0.314585677,8000.0,10,0,2,0,0.0
61308,0,0.022596095,57,0,0.002658619,13916.0,11,0,0,0,2.0
61311,1,0.635109122,68,0,1.333333333,1085.0,2,0,1,0,0.0
61314,0,0.12099395,64,0,0.310817726,9770.0,5,0,1,0,0.0
61315,0,0.215568862,24,0,3.0,0.0,1,0,0,0,0.0
61317,0,0.0,43,2,0.23440505600000003,3638.0,4,0,0,0,4.0
61319,0,0.019094329,26,0,12.0,,3,0,0,0,0.0
61320,0,0.074962947,51,0,0.46239306700000005,9000.0,4,0,1,0,2.0
61321,0,0.230331846,62,0,1366.0,,3,0,1,0,0.0
61322,0,0.760817187,63,0,0.504013519,7100.0,17,0,1,0,2.0
61326,0,0.70329439,26,2,0.540148339,3100.0,8,1,2,2,1.0
61330,0,0.417011065,39,0,0.528117971,4000.0,9,0,2,0,4.0
61331,0,0.321363518,61,1,0.31027589,2500.0,5,0,0,0,0.0
61332,0,0.012837881,29,0,958.0,,3,0,0,0,
61334,0,0.029485257,38,0,0.28931128100000003,4050.0,6,0,1,0,0.0
61335,0,0.016665556,69,0,422.0,,13,0,1,0,0.0
61336,0,0.04848790099999999,50,0,0.15480818,5916.0,9,0,1,0,0.0
61338,0,0.099487564,38,0,0.154461385,4000.0,5,0,0,0,0.0
61341,0,0.089736146,53,0,2812.0,,6,0,3,0,
61342,0,0.08166213,56,0,0.367733601,6966.0,6,0,3,0,3.0
61343,0,0.00039284300000000003,35,1,0.395110024,4089.0,5,0,1,0,0.0
61345,0,0.155707651,39,0,0.513684817,3470.0,15,0,1,0,2.0
61346,0,0.050007552000000004,60,0,0.20777717199999998,14683.0,9,0,1,0,5.0
61347,0,0.256749873,55,0,0.160041225,13583.0,7,0,1,0,0.0
61348,0,0.04739763,48,0,2592.0,,6,0,1,0,
61353,0,0.014210152,48,1,0.127366609,41250.0,14,0,2,0,0.0
61354,0,0.04196967,75,0,0.386557324,6218.0,23,0,1,0,0.0
61355,0,0.022632439,75,0,63.0,,6,0,0,0,0.0
61357,0,0.167862604,50,0,0.031371078999999996,8000.0,6,0,0,0,1.0
61358,0,0.612193903,49,0,1019.0,,2,0,1,0,0.0
61359,0,0.018567857,74,0,0.018760118,10500.0,27,0,0,0,0.0
61360,0,0.003998667,33,0,731.0,,5,0,1,0,0.0
61361,0,0.02517828,64,3,0.006959443,8333.0,5,1,0,0,0.0
61362,0,0.064220438,51,0,0.163730869,6925.0,5,0,1,0,0.0
61363,0,0.241839017,60,2,0.793310307,5500.0,26,0,1,0,1.0
61364,0,0.077895251,54,0,0.458204334,2583.0,10,0,1,0,1.0
61365,0,0.09437945800000001,41,0,0.368991688,8300.0,10,0,1,0,2.0
61368,0,0.001870441,62,0,0.001666204,3600.0,19,0,0,0,0.0
61370,0,0.011399715,77,0,20.0,,7,0,0,0,0.0
61371,0,0.083656881,55,0,0.322435807,7126.0,6,0,1,0,1.0
61373,0,0.655908664,45,1,0.415420179,7353.0,10,0,1,0,1.0
61376,0,0.174491189,60,0,0.758812059,6666.0,14,0,2,0,0.0
61378,0,0.02362307,43,0,0.250499957,11500.0,11,0,2,0,2.0
61379,0,0.9999998999999999,63,0,0.0,8333.0,3,0,0,0,1.0
61381,0,1851.0,76,0,0.28340791,44472.0,20,0,9,0,0.0
61382,0,0.40800521700000003,45,0,0.525079153,6000.0,12,0,1,0,3.0
61383,0,0.238093876,57,0,0.163754446,6466.0,17,0,0,0,1.0
61385,0,1.278884462,32,2,0.09333899,7070.0,4,0,0,1,0.0
61386,0,0.9999998999999999,48,0,0.0,,0,0,0,1,0.0
61387,0,0.016237302,42,0,2004.0,,5,0,1,0,2.0
61388,0,0.21469632600000002,29,0,1.06539673,6666.0,9,0,5,0,0.0
61389,0,0.035770747,71,0,0.01179764,5000.0,5,0,0,0,1.0
61391,0,0.062643052,53,0,0.219390305,2000.0,5,0,0,0,0.0
61392,0,0.038050713,29,0,0.18659755600000003,2700.0,5,0,0,0,0.0
61393,1,0.9999998999999999,27,0,0.049937577999999996,800.0,2,0,0,0,2.0
61394,0,0.445577777,60,0,0.275002745,9108.0,8,0,1,0,3.0
61395,0,0.0,36,0,0.0,1300.0,1,0,0,0,1.0
61396,0,0.7805322029999999,43,0,0.537518477,11500.0,9,0,2,0,2.0
61397,0,0.036737799,65,0,0.006520321999999999,4600.0,4,0,0,0,0.0
61398,0,0.094621057,72,0,118.0,,13,0,0,0,0.0
61400,0,0.018007781,58,0,0.004865269,8015.0,3,0,0,0,1.0
61401,0,0.032988283,74,0,0.048427359,2002.0,16,0,0,0,0.0
61402,0,0.054764769000000005,46,0,0.241691267,10500.0,6,0,1,0,0.0
61403,0,0.0,55,0,0.334166458,4000.0,2,0,1,0,0.0
61404,0,0.24225312300000001,69,0,0.12017903099999999,10500.0,11,0,1,0,0.0
61405,0,0.085427351,50,0,0.29158855100000003,8000.0,8,0,0,0,0.0
61406,0,0.27906253,46,0,912.0,0.0,9,0,0,0,0.0
61407,0,0.331225552,57,0,1033.0,,5,0,1,0,0.0
61409,0,0.028869207,59,0,0.089525108,4400.0,9,0,0,0,0.0
61411,0,0.0,40,0,0.14310711199999998,8000.0,3,0,0,0,0.0
61412,0,0.447009635,66,0,0.10251823300000001,7266.0,3,0,0,0,0.0
61413,0,0.012969435,66,0,0.002017628,9416.0,6,0,0,0,0.0
61414,0,0.192239214,42,0,235.0,,4,0,0,0,0.0
61415,0,0.32236869100000004,65,1,0.074246288,6666.0,9,0,0,0,5.0
61416,1,0.508745627,52,2,0.189944134,3400.0,5,0,0,0,0.0
61417,0,0.0,27,0,1.0,1666.0,4,0,2,0,0.0
61419,0,0.362288534,60,0,0.28931726,18000.0,14,0,2,0,1.0
61420,0,0.000553562,59,0,3244.0,0.0,9,0,1,0,0.0
61422,0,0.542594321,34,0,0.149173395,2600.0,6,0,0,0,0.0
61423,0,0.012099395,51,0,0.452494874,13166.0,8,0,4,0,4.0
61424,0,0.045611828,48,1,0.259032129,7500.0,18,0,2,0,2.0
61425,0,0.013600953,75,0,0.077492251,10000.0,5,0,1,0,0.0
61427,0,0.9999998999999999,91,0,0.00099975,4000.0,4,0,0,0,0.0
61428,0,1.096276436,52,0,0.32430902699999997,10600.0,12,0,2,0,1.0
61431,1,1.062839189,28,2,0.424242424,2903.0,5,0,0,0,1.0
61435,0,0.725374967,45,4,0.563885089,3654.0,12,1,2,2,0.0
61436,0,0.011827273999999999,57,0,0.144700461,1084.0,5,0,0,0,0.0
61437,0,0.0,33,0,0.37569429,4500.0,7,0,1,0,4.0
61438,0,0.01165681,75,0,0.00239952,5000.0,7,0,0,0,0.0
61439,0,0.0,31,0,0.9687695190000001,3201.0,8,0,2,0,0.0
61440,0,0.002216381,44,0,0.181853133,2600.0,8,0,0,0,0.0
61441,0,0.453770639,39,0,0.471254791,6000.0,11,0,2,0,0.0
61443,0,0.00185636,45,0,190.0,,14,0,0,0,0.0
61444,0,0.800954352,65,0,0.46342249399999996,6205.0,7,0,1,0,0.0
61446,0,0.04562092,45,0,1095.0,,5,0,1,0,2.0
61447,0,0.014811121000000002,56,0,0.39363080899999997,5400.0,8,0,1,0,1.0
61448,0,0.295253552,75,1,0.175564887,5000.0,7,0,0,0,1.0
61449,0,0.02341528,76,0,0.0035330979999999997,15000.0,6,0,0,0,1.0
61450,0,0.9999998999999999,21,0,1.5,1.0,1,0,0,0,0.0
61452,0,0.8048390320000001,39,0,0.26107993,5166.0,5,0,2,0,0.0
61453,0,0.11675367800000001,56,0,1342.0,,13,0,1,0,1.0
61455,0,0.100494975,57,0,0.333599362,6264.0,6,0,1,0,0.0
61456,0,0.180489199,54,1,0.18228428100000002,18333.0,9,0,1,0,2.0
61457,0,0.033176147999999996,76,0,0.01010453,2869.0,5,0,0,0,0.0
61458,0,0.42575945600000004,57,0,0.519461516,6833.0,26,0,2,0,0.0
61466,0,0.020960189,54,0,3129.0,0.0,13,0,2,0,0.0
61467,0,0.028380122999999997,39,0,2188.0,,9,0,1,0,0.0
61468,0,0.024551781,50,0,38.0,,5,0,0,0,3.0
61469,1,0.01599615,71,1,22.0,,11,1,0,0,0.0
61470,1,0.093214399,47,0,0.339704451,11300.0,14,0,3,0,3.0
61471,0,0.11652575300000001,66,0,0.13549935400000002,5416.0,12,0,0,0,0.0
61472,0,0.418666209,31,0,0.42470256700000003,6387.0,9,0,2,0,0.0
61473,0,0.32777470000000003,57,0,0.342742557,6482.0,12,0,1,0,1.0
61475,0,0.43689075899999996,37,0,0.579419991,6792.0,10,0,1,0,3.0
61477,0,0.054406515,81,0,1207.0,,10,0,1,0,0.0
61478,0,0.292480695,33,0,0.596788852,3300.0,14,0,1,0,0.0
61479,0,0.021293283,64,0,0.080934788,11638.0,3,0,1,0,1.0
61481,0,0.660444637,49,0,0.650579923,7500.0,15,0,2,0,1.0
61482,0,0.27238431,48,2,1.0504885990000001,2455.0,8,0,1,0,3.0
61483,0,0.9999998999999999,68,0,0.0,,1,0,0,0,0.0
61484,0,0.061924852999999995,34,0,0.166640216,6300.0,11,0,1,0,0.0
61487,0,0.049101612999999995,58,0,0.41439249100000003,5752.0,13,0,2,0,1.0
61488,0,0.0,64,0,678.0,,4,0,1,0,0.0
61489,0,0.0,45,0,0.0,7383.0,7,0,0,0,0.0
61490,0,0.009965764,81,0,0.193548387,6075.0,6,0,1,0,1.0
61491,0,0.5539290579999999,39,0,0.129269658,12500.0,8,0,0,0,0.0
61493,0,0.9999998999999999,59,0,0.0,849.0,0,0,0,0,0.0
61494,0,0.02407386,54,0,1.30697928,1833.0,13,0,2,0,0.0
61496,0,0.894140391,48,1,0.169559317,14000.0,10,0,0,0,3.0
61497,0,0.41256310799999996,53,0,2338.0,,8,0,1,0,
61500,0,0.0,59,0,74.0,1.0,2,0,0,0,0.0
61501,0,0.022314891,53,0,0.269642642,8310.0,9,0,1,0,1.0
61502,0,0.118371734,60,0,0.26978056100000003,20916.0,14,0,3,0,0.0
61504,0,0.304915301,35,0,1.030492377,4000.0,7,0,2,0,0.0
61505,0,0.012266503,66,0,1759.0,,7,0,1,0,0.0
61508,0,0.145797045,37,0,0.13068997,7666.0,6,0,1,0,0.0
61509,0,0.061764257,61,0,0.154228856,4220.0,24,0,0,0,0.0
61511,0,0.321414503,56,1,0.922792987,3250.0,10,0,2,0,0.0
61512,0,0.00938569,59,0,8.0,,8,0,0,0,0.0
61515,0,0.0030096359999999996,46,0,0.489181046,3650.0,15,0,2,0,4.0
61517,0,0.009389784,50,2,0.335052377,6204.0,13,1,1,0,2.0
61518,0,0.136145947,60,0,0.054787718,12082.0,12,0,0,0,2.0
61520,0,0.114795408,48,0,0.35916518399999997,6180.0,3,0,1,0,0.0
61521,0,0.065015818,44,0,0.012718982,4166.0,2,0,0,0,0.0
61523,0,0.006666405,82,0,0.0013329779999999999,3750.0,5,0,0,0,0.0
61524,0,0.035954607,64,0,0.171192609,7143.0,8,0,1,0,0.0
61525,0,0.371046706,77,0,0.556572571,13000.0,16,0,6,0,0.0
61526,0,0.0,59,0,0.18582169699999998,10240.0,17,0,2,0,0.0
61528,0,0.125493725,65,0,0.22191055,6416.0,2,0,1,0,0.0
61529,0,0.115247381,61,0,0.256617732,8650.0,8,0,1,0,2.0
61530,0,0.078806834,52,0,0.24587340300000002,20900.0,7,0,3,0,2.0
61533,0,0.122413204,66,0,0.189312299,9000.0,9,0,1,0,0.0
61534,0,0.9999998999999999,60,0,0.338706386,4900.0,5,0,2,0,0.0
61535,0,0.633624035,31,0,0.12220133300000001,5850.0,4,0,0,0,0.0
61536,0,0.01631599,58,0,0.410198725,8000.0,9,0,1,0,3.0
61537,0,0.002444336,44,1,0.243167578,7500.0,7,0,2,0,0.0
61538,0,0.434355024,37,0,0.446968485,6250.0,9,0,2,0,3.0
61539,1,0.18840700800000001,53,0,0.160139977,6000.0,8,1,1,0,0.0
61540,0,0.199221276,60,1,0.308250573,5235.0,9,0,1,0,0.0
61541,0,0.0018665420000000001,88,0,0.0,,2,0,0,0,0.0
61542,0,0.113449389,36,0,0.7234803340000001,2516.0,6,0,2,0,3.0
61544,0,0.591311433,64,0,0.906005222,1531.0,9,1,1,0,0.0
61545,0,0.13851032800000002,61,0,0.329941442,10416.0,9,0,2,0,0.0
61547,0,0.046465892,59,0,83.0,,11,0,0,0,0.0
61548,0,0.427150133,68,0,1414.0,,13,0,0,0,0.0
61549,0,0.021445494,91,0,20.0,,3,0,0,0,0.0
61550,0,0.086921405,89,1,135.0,,5,0,0,0,
61551,0,0.019160021,36,0,0.158037475,8111.0,4,0,1,0,0.0
61552,0,0.240471075,30,0,864.0,,8,0,0,0,0.0
61553,0,0.012213008000000001,38,0,0.009164756999999999,4800.0,8,0,0,0,0.0
61554,0,0.169652296,44,1,0.743404312,7466.0,14,0,3,0,4.0
61555,0,0.09027249,68,1,0.229598893,26750.0,14,0,2,0,3.0
61557,0,0.0026657779999999997,38,0,0.316676885,3261.0,3,0,1,0,0.0
61558,0,0.269886506,44,0,0.203469913,40000.0,8,0,2,0,5.0
61559,0,0.765865852,71,0,0.053208642,3100.0,2,0,0,0,0.0
61561,0,0.24256394399999998,44,0,0.43516515200000006,6932.0,13,0,1,0,1.0
61563,0,0.0,69,0,513.0,,8,0,2,0,0.0
61564,1,0.245433942,26,1,0.171950871,3500.0,4,0,0,0,0.0
61566,0,0.9999998999999999,31,0,0.045372981,3900.0,4,2,0,2,0.0
61567,0,0.134765084,56,0,2095.0,,4,0,1,0,0.0
61569,0,0.006028721999999999,28,0,0.381289507,3954.0,14,0,1,0,0.0
61570,0,0.207077953,52,0,0.381985536,6083.0,6,0,1,0,2.0
61571,0,0.631340043,31,0,1750.0,,6,0,1,1,3.0
61573,0,0.173828442,30,0,0.17017288100000003,4800.0,8,0,0,0,0.0
61574,0,0.032304537,46,0,1510.0,,6,0,2,0,
61576,0,0.9999998999999999,54,0,0.10745953,12292.0,8,0,0,0,1.0
61578,1,0.9312068790000001,44,2,0.84107946,2000.0,3,0,0,2,2.0
61579,0,0.509445446,62,0,0.622845151,13341.0,43,0,2,0,0.0
61580,0,0.029071753,55,0,0.268738574,4922.0,8,0,2,0,1.0
61581,0,0.037980568,40,0,0.17453145899999997,5975.0,8,0,0,0,0.0
61583,0,0.589131751,34,0,845.0,,3,0,0,0,0.0
61584,0,0.636112739,42,0,0.249557313,8470.0,6,0,1,0,3.0
61585,0,0.0,74,1,2852.0,,5,0,2,0,0.0
61587,0,0.0,42,0,0.274788703,4850.0,6,0,1,0,3.0
61589,0,0.686579295,35,1,0.193451893,24403.0,15,0,3,0,3.0
61594,0,0.315931715,59,1,0.503479722,8333.0,9,0,2,0,5.0
61595,0,0.05006964,47,0,0.26991591800000003,7016.0,10,0,1,0,2.0
61596,0,0.575409684,57,0,0.381004275,11928.0,5,0,1,0,0.0
61597,0,0.008420426,84,0,0.005759539,4166.0,11,0,0,0,1.0
61599,0,0.024361982999999997,48,1,7238.0,,14,0,3,0,1.0
61600,0,0.23704488,49,0,0.276063581,12833.0,5,0,2,0,0.0
61601,0,0.345373658,38,0,0.458899063,9500.0,13,0,2,0,2.0
61602,1,0.9999998999999999,49,0,0.0,16200.0,4,0,0,0,0.0
61604,1,0.9481120340000001,39,0,0.8235882059999999,2000.0,7,0,0,0,0.0
61605,0,0.147373477,33,0,0.963926174,2383.0,7,0,2,0,2.0
61606,0,0.8002181420000001,48,2,0.209237344,6083.0,6,1,1,1,2.0
61609,0,0.593042222,64,0,0.36017844600000004,8517.0,10,0,1,0,0.0
61610,0,0.072623934,38,0,2039.0,,4,0,1,0,0.0
61611,1,1.8205980069999999,57,1,0.31816092,4349.0,3,2,1,1,2.0
61614,0,0.37733352200000003,62,0,0.178832242,29166.0,6,0,2,0,0.0
61615,0,0.122182001,46,0,0.62897655,5500.0,7,0,1,0,1.0
61616,0,0.0,59,0,0.0,2851.0,2,0,0,0,0.0
61617,1,0.6769678240000001,27,0,0.232929164,4700.0,8,0,0,0,0.0
61618,0,0.018949053,75,0,0.003249188,4000.0,6,0,0,0,0.0
61619,0,0.023687917000000003,63,0,0.126041602,16200.0,8,0,1,0,0.0
61620,0,0.367544152,23,0,33.0,,2,0,0,0,
61624,0,0.356822872,35,0,1.037136616,5950.0,11,0,2,0,2.0
61625,0,0.07039085099999999,49,0,0.27298140000000004,9300.0,13,0,2,0,3.0
61627,0,0.0,45,0,0.214929215,3107.0,7,0,0,0,0.0
61629,0,0.408869159,46,0,1322.0,,7,0,1,0,
61630,0,0.004314237,62,0,0.000447694,6700.0,7,0,0,0,1.0
61631,0,0.589353612,32,0,0.18560961899999998,5322.0,7,2,0,0,2.0
61634,0,0.49799680799999996,47,0,0.270608546,6950.0,15,0,1,0,0.0
61635,0,0.02608346,71,0,43.0,,8,0,0,0,0.0
61636,0,0.798433575,63,0,1.014139827,1272.0,6,0,0,0,0.0
61637,0,0.0,28,0,0.0,400.0,3,0,0,0,0.0
61641,0,0.012292328,67,0,0.015826495,1705.0,5,0,0,0,0.0
61642,0,0.009936879000000001,89,0,0.001086661,3680.0,2,0,0,0,0.0
61644,0,0.300149897,65,0,0.7329650090000001,14660.0,23,0,5,0,0.0
61645,0,0.08114187099999999,44,0,0.41404734200000004,5153.0,22,0,1,0,1.0
61647,0,0.0,59,0,3067.0,,5,0,2,1,0.0
61648,0,0.801554475,60,0,0.271295859,6350.0,4,0,1,0,1.0
61649,0,0.036126122000000004,31,0,0.020565553,3500.0,3,0,0,0,0.0
61650,0,0.771497271,51,0,0.48706099799999997,3245.0,8,0,1,0,2.0
61651,0,0.11146073699999999,67,0,0.813501751,18841.0,12,0,7,0,0.0
61653,0,0.033250573,51,0,0.874673142,5353.0,12,0,2,0,1.0
61656,0,0.214938474,45,0,0.311370337,7800.0,5,0,2,0,5.0
61659,0,0.301103542,55,0,0.448754789,4175.0,9,0,1,0,0.0
61660,0,0.9999998999999999,42,1,0.07131304200000001,6800.0,3,0,0,0,2.0
61661,0,0.8617511520000001,33,1,0.219152855,3800.0,6,0,0,0,0.0
61662,0,0.07697435799999999,59,0,0.049109883,9773.0,7,0,1,0,3.0
61663,1,1.055962692,38,1,0.364059718,7300.0,6,0,1,0,0.0
61664,0,0.27524918600000003,57,0,998.0,,6,0,1,1,1.0
61665,0,0.004485759000000001,55,0,2579.0,,7,0,2,0,0.0
61669,0,0.41623970899999996,45,0,1065.0,,5,0,0,1,0.0
61670,0,0.118076116,64,0,0.05876471,13000.0,3,0,1,0,0.0
61671,0,0.051582259000000005,47,1,0.223287285,10640.0,11,0,1,0,2.0
61673,0,0.647306997,43,1,0.13656948800000002,7065.0,9,0,0,1,3.0
61675,0,0.240231823,68,2,5253.0,,24,0,2,0,0.0
61677,0,0.594012543,52,0,0.514405543,5483.0,11,0,1,1,0.0
61678,0,0.021118879,56,0,0.140383956,5833.0,8,0,1,0,0.0
61679,0,0.715737269,37,0,0.583506584,2885.0,7,0,1,0,1.0
61680,0,0.9585445459999999,60,3,5508.0,,14,0,1,0,4.0
61681,0,0.066813578,79,0,0.136772645,5000.0,8,0,1,0,0.0
61682,0,0.075738689,68,0,0.321071571,2500.0,12,0,0,0,0.0
61685,0,0.005383667,58,1,0.000646114,10833.0,12,0,0,0,0.0
61686,0,0.031461515,69,1,2096.0,,6,0,2,0,0.0
61688,0,0.133168637,29,0,723.0,,5,0,0,0,0.0
61690,0,0.282047259,67,0,0.367877876,4650.0,14,0,2,0,1.0
61691,0,0.16739954699999998,63,1,0.432055749,6600.0,14,0,2,0,2.0
61692,0,0.11820947400000001,23,0,0.003997716,1750.0,3,0,0,0,0.0
61693,0,0.237608805,87,0,99.0,,4,0,0,0,
61694,0,0.635219386,40,0,0.086050241,1870.0,2,0,0,0,2.0
61696,0,0.5328751629999999,70,0,0.573330613,19602.0,15,0,4,0,0.0
61697,0,0.14915440300000002,42,0,0.432813437,3333.0,7,0,2,0,2.0
61698,0,0.349387551,33,0,0.308357751,7166.0,4,0,1,0,2.0
61699,0,0.062389954000000004,51,0,0.071209199,14000.0,6,0,0,0,2.0
61701,0,0.0,57,0,0.149013031,7750.0,8,0,1,0,0.0
61702,1,0.777400128,46,2,0.40223034,5200.0,9,2,2,0,0.0
61703,0,3.2406328060000003,36,0,0.136254019,7463.0,7,0,0,0,0.0
61706,1,0.8519055209999999,35,0,0.043021265999999996,4090.0,1,0,0,0,3.0
61708,0,0.11041728199999999,51,0,2078.0,,6,0,1,0,0.0
61709,0,0.514372993,67,0,0.235079343,7120.0,6,0,1,0,0.0
61710,0,0.01626493,73,0,2205.0,0.0,9,0,3,0,0.0
61712,0,0.628999268,48,1,0.314814815,10583.0,11,0,3,0,2.0
61713,0,0.112477316,41,0,0.48310855,15273.0,21,0,14,0,0.0
61714,1,1.034786086,25,0,0.077961019,2000.0,4,0,0,0,0.0
61715,0,0.06691109099999999,33,0,0.28234353100000004,5000.0,9,0,0,0,1.0
61717,0,0.894087953,27,0,0.272839126,3250.0,7,0,0,0,1.0
61719,0,0.0,81,0,867.0,,6,0,1,0,0.0
61721,0,0.425247549,50,0,0.119975515,4900.0,5,0,0,0,1.0
61722,0,0.9999998999999999,37,0,0.027410512999999997,3100.0,0,1,0,0,1.0
61723,1,0.574745827,55,5,0.416329602,10630.0,10,0,2,0,5.0
61724,0,0.0022177779999999997,64,1,0.011903628000000001,10500.0,7,0,0,0,0.0
61725,0,0.07392607400000001,23,0,0.0007027410000000001,2845.0,2,0,0,0,0.0
61726,0,0.139582776,60,0,0.258208622,8953.0,21,0,1,0,0.0
61727,0,0.03815189,29,0,0.341914521,4000.0,10,0,1,0,0.0
61728,0,0.0,66,0,124.0,,2,0,0,0,0.0
61729,0,0.11284038199999999,43,0,0.547399063,7900.0,12,0,2,0,2.0
61730,0,0.656343656,23,0,0.011867583000000001,1600.0,1,0,0,0,1.0
61733,0,0.596595115,40,0,0.06786761599999999,2386.0,5,0,0,0,2.0
61734,1,0.475504899,53,0,0.50855615,1869.0,13,1,1,1,0.0
61735,1,0.043296127000000004,52,0,0.7731681840000001,6700.0,6,0,2,0,0.0
61736,0,0.019549023000000002,93,0,11.0,,1,0,0,0,
61737,0,0.01929807,89,0,5.0,,2,0,0,0,
61740,0,0.34038354,42,0,0.509758677,10400.0,8,0,2,0,3.0
61741,0,0.460426536,58,0,0.48488390200000003,12833.0,17,0,2,0,0.0
61742,0,0.493861881,77,0,0.544047995,3166.0,8,0,1,0,0.0
61743,0,0.005316864,63,0,0.17236650399999998,11666.0,10,0,1,0,0.0
61744,0,0.040353537,47,0,0.305923519,4000.0,5,0,2,0,0.0
61745,0,0.067254686,68,0,0.015596881000000002,5000.0,6,0,0,0,0.0
61746,0,0.062136995,59,0,0.43580813700000004,12633.0,22,0,2,0,0.0
61747,0,0.6905888240000001,33,2,1359.0,,7,0,2,0,0.0
61748,0,1.01282666,51,0,0.154279417,24500.0,9,0,0,0,0.0
61749,0,0.513064699,26,0,0.104767425,6900.0,5,0,0,0,0.0
61750,0,0.272772723,75,0,0.13720109800000002,5101.0,3,0,0,0,0.0
61751,0,0.764024235,59,3,0.582748245,10966.0,14,0,5,0,0.0
61753,0,0.869478277,53,1,1052.0,,2,1,0,0,0.0
61754,0,0.029739777000000002,47,1,0.423184658,4640.0,10,0,2,0,0.0
61755,0,0.058578452,37,0,1081.0,,6,0,2,0,
61756,0,0.011865035,76,0,0.0007142689999999999,42000.0,7,0,0,0,1.0
61757,0,0.111492551,63,0,0.549095607,5417.0,4,0,1,0,0.0
61758,0,0.97692103,42,0,0.469506099,5000.0,6,0,3,0,1.0
61761,0,0.0,52,0,0.0,2667.0,1,0,0,0,0.0
61762,0,0.005134722,60,0,0.133953716,8166.0,8,0,1,0,2.0
61763,0,0.022967572000000002,75,0,0.102224444,4000.0,10,0,0,0,1.0
61764,1,0.8330206379999999,56,0,0.6484258820000001,39672.0,18,0,8,0,0.0
61765,0,0.0,40,0,0.128161458,11742.0,7,0,2,0,3.0
61766,0,0.938124882,25,1,0.31200453,3531.0,10,0,0,0,0.0
61767,0,0.22879465699999998,41,1,0.582055028,8213.0,31,0,1,0,0.0
61768,0,0.170511689,78,1,0.01712286,8000.0,7,0,0,0,1.0
61769,0,0.365057032,61,1,0.489774624,9583.0,13,0,2,1,0.0
61770,0,0.9999998999999999,64,0,0.33672335700000006,11700.0,3,0,1,0,0.0
61771,0,0.712778213,54,1,0.377630788,3325.0,9,0,1,0,0.0
61772,0,0.0,65,0,0.23492169300000001,3000.0,10,0,0,0,1.0
61774,0,0.233764867,29,0,1909.0,,7,0,1,0,0.0
61775,0,0.024760595,77,1,0.003499125,4000.0,3,0,0,0,0.0
61776,0,0.9999998999999999,41,0,0.130782562,7500.0,1,0,0,0,2.0
61778,0,0.020632796999999998,74,1,43.0,,7,0,0,1,0.0
61780,0,0.0,47,0,0.281854786,7698.0,10,0,2,0,0.0
61781,0,0.01519848,35,0,0.28242939300000003,4000.0,6,0,2,0,2.0
61782,0,0.059134936,63,0,0.019991115,2250.0,4,0,0,0,0.0
61783,0,0.889933015,47,0,0.434225601,9600.0,15,0,0,0,0.0
61784,0,0.039868541,73,0,0.002965492,11127.0,4,0,1,0,0.0
61785,0,0.17589142300000002,33,0,1712.0,,8,0,2,0,0.0
61786,0,0.719955337,38,0,0.483461963,10883.0,8,0,4,0,5.0
61787,0,0.005176762,79,0,70.0,,9,0,0,0,0.0
61788,0,0.17242516600000002,43,0,0.602477722,4600.0,21,0,2,0,3.0
61789,0,0.7032300109999999,47,0,0.25399250100000004,7200.0,10,0,1,0,2.0
61790,0,0.825834669,44,1,0.345621065,8734.0,9,0,1,0,2.0
61791,0,0.012487441,69,0,0.40297329299999995,7600.0,6,0,2,0,1.0
61792,0,0.639063773,32,0,0.284216831,3338.0,14,0,0,0,0.0
61793,0,0.285308335,48,0,0.89890345,3738.0,8,0,1,0,2.0
61796,0,0.011812635,80,0,0.003504432,4850.0,7,0,0,0,0.0
61797,0,0.9690941390000001,30,1,0.169295712,4500.0,5,0,0,0,1.0
61798,0,0.05812037900000001,45,0,1551.0,,11,0,2,0,1.0
61799,0,0.060146102,49,1,0.49991357,5784.0,11,0,1,0,0.0
61800,0,0.011745907,63,0,0.204584152,7634.0,12,0,1,0,1.0
61801,0,0.8084636359999999,51,1,0.509637373,3060.0,6,0,0,0,3.0
61802,0,0.129358046,41,0,0.37253137299999994,20000.0,12,0,2,0,1.0
61803,0,0.002287291,66,1,3.0,,6,0,0,0,0.0
61804,0,0.046821147,63,0,0.279591521,6462.0,18,0,2,0,1.0
61805,0,0.0,42,0,0.105631456,3000.0,5,0,1,0,2.0
61806,0,0.358729316,49,0,0.254877281,4766.0,11,0,1,0,2.0
61807,0,1.008099778,44,0,0.468642316,1450.0,6,0,0,0,0.0
61808,0,0.41178431299999996,39,0,0.319122344,7200.0,6,0,1,0,2.0
61809,0,0.018403257,44,0,0.50281767,5500.0,13,0,1,0,4.0
61810,0,0.362533867,54,0,0.22455508899999999,5000.0,7,0,0,1,1.0
61812,0,0.9999998999999999,57,0,0.06328624,5166.0,2,0,0,0,0.0
61813,0,0.00359976,32,1,0.000238039,4200.0,4,2,0,0,0.0
61815,0,0.057270281,63,0,0.11451291,31061.0,17,0,1,0,0.0
61816,0,0.40352795799999996,66,0,0.535090844,8420.0,22,0,1,0,0.0
61817,0,0.321204378,54,0,0.30696163,8000.0,9,0,3,0,3.0
61819,0,0.564290473,25,0,0.17140661,1300.0,2,0,0,1,0.0
61820,0,0.312272968,40,0,2540.0,0.0,10,0,2,0,0.0
61823,0,0.002618134,53,0,1149.0,,6,0,1,0,0.0
61824,1,0.0,47,3,0.181454636,4000.0,5,0,0,0,1.0
61825,0,0.0,75,0,422.0,,6,0,0,0,0.0
61826,0,0.153980956,42,0,0.248964751,9900.0,15,0,1,0,1.0
61827,0,0.605228286,54,2,0.082502769,1805.0,3,0,0,0,0.0
61830,0,0.11142459199999999,32,0,0.334722106,12000.0,8,0,2,0,0.0
61831,0,1.006528656,51,1,0.24573069399999997,6616.0,7,1,0,0,4.0
61835,0,0.090556931,49,0,0.025972442000000002,8200.0,11,0,0,0,6.0
61836,0,0.047094117000000005,50,0,3585.0,,8,0,2,0,0.0
61837,0,0.019249599,75,0,26.0,,3,0,0,0,
61838,0,0.805574171,56,0,0.399200062,13000.0,19,0,1,0,4.0
61839,0,0.019595116,71,0,0.518958687,5300.0,21,0,2,0,0.0
61842,0,0.531731152,33,0,0.4727197,2400.0,10,0,0,0,2.0
61844,0,0.0,64,0,1176.0,,5,0,1,0,0.0
61846,0,0.039518419,66,0,0.171417688,15750.0,5,0,1,0,0.0
61847,0,0.352701224,60,1,1665.0,,11,0,1,0,0.0
61849,1,1.294335431,48,2,0.37482533799999995,8587.0,4,5,1,2,2.0
61851,0,0.048968724000000005,95,0,0.264610972,2788.0,12,0,1,0,0.0
61854,0,0.80302762,34,0,0.739202888,7200.0,13,0,2,0,0.0
61855,0,0.33029403,58,0,0.261498647,8500.0,9,0,1,0,0.0
61858,0,0.0,42,0,2429.0,,5,0,1,0,1.0
61859,0,0.0,74,0,0.058099001,4302.0,3,0,0,0,0.0
61860,0,0.40254978799999996,38,0,0.230332922,8109.0,4,0,0,0,2.0
61861,0,0.005093975,52,1,1675.0,,12,0,1,0,0.0
61863,0,0.021385919,42,1,0.550190225,3416.0,6,0,2,0,2.0
61864,0,0.019912955,72,0,0.113433921,5500.0,16,0,0,0,0.0
61865,0,0.8203699740000001,32,0,0.24884792600000002,2820.0,7,0,0,0,0.0
61867,0,0.020267798,29,0,0.012516185,2316.0,6,0,0,0,0.0
61868,0,0.0,28,0,2.112359551,800.0,3,0,1,0,0.0
61869,0,0.00309811,40,0,3384.0,,12,0,2,0,2.0
61871,0,0.041849291000000004,75,0,0.010058232,3777.0,5,0,0,0,0.0
61874,0,0.035099415,62,0,0.227626598,14000.0,8,0,2,0,0.0
61876,0,0.00668817,77,0,24.0,,16,0,0,0,0.0
61878,0,0.209708208,26,0,0.234087997,2340.0,4,0,0,0,1.0
61879,0,0.9630073990000001,45,1,1567.0,,6,2,0,1,0.0
61880,0,0.9139434059999999,38,1,0.65679677,5200.0,14,0,3,0,3.0
61881,0,0.00033706599999999996,83,0,0.016807835,7555.0,10,0,0,0,0.0
61882,0,0.221553415,45,0,0.46202236700000004,8583.0,17,0,3,0,2.0
61884,1,0.609456507,62,2,0.83831592,9666.0,19,4,2,0,3.0
61887,0,0.00389961,40,0,0.841544607,750.0,4,0,1,0,0.0
61889,0,0.7900435659999999,49,0,0.453719575,5833.0,10,0,0,0,1.0
61891,0,0.255487545,68,0,0.09979514199999999,3416.0,7,0,0,0,0.0
61893,0,0.604510849,33,0,0.23041758199999998,11374.0,9,0,1,0,2.0
61896,0,0.370827274,53,0,0.3452372,13300.0,11,0,2,0,4.0
61898,0,0.9999998999999999,47,0,0.912834866,2500.0,2,0,1,0,3.0
61899,0,0.308396858,56,0,0.13476406300000002,7501.0,14,0,0,0,0.0
61901,0,0.227773038,48,0,2615.0,,9,0,3,0,
61902,0,1.13602232,62,0,5073.0,,9,0,2,0,0.0
61903,0,0.049993334,32,2,0.8393690290000001,4500.0,4,0,1,1,3.0
61904,1,1.019150708,42,1,0.09026888599999999,3123.0,1,1,0,0,4.0
61905,0,0.12108935400000001,59,0,0.555387605,4630.0,20,0,2,0,0.0
61908,0,0.11054911199999999,33,0,0.33746165200000006,8800.0,7,0,2,0,1.0
61909,0,0.9999998999999999,60,0,0.0,5000.0,0,1,0,0,0.0
61910,0,0.020706211999999998,76,0,18.0,,4,0,0,0,0.0
61912,0,0.22423528399999998,55,0,0.349693252,7986.0,10,0,1,0,0.0
61913,0,0.087687415,65,2,0.134480417,4416.0,9,0,0,0,0.0
61914,0,0.292141572,51,0,0.197372663,12407.0,5,0,2,0,2.0
61915,0,0.9999998999999999,70,0,0.0,5100.0,0,0,0,0,0.0
61916,0,0.539429841,34,0,0.778648384,4083.0,8,0,2,0,2.0
61917,0,0.117610299,46,0,1112.0,,6,0,2,0,2.0
61918,0,0.997500625,39,0,0.284959292,7000.0,3,0,1,0,3.0
61919,0,0.001008024,79,0,2639.0,,7,0,1,0,
61920,0,0.531367158,44,0,0.223253275,3663.0,3,0,1,2,3.0
61922,0,0.570561347,59,0,0.386377409,8250.0,14,0,1,0,1.0
61923,0,0.333666334,25,0,0.18122555399999998,2300.0,3,0,0,0,0.0
61925,0,0.049619008,69,0,0.11814565,5780.0,5,0,0,0,0.0
61928,0,0.115228516,30,0,0.056927158,4900.0,7,0,0,0,0.0
61929,0,0.19235434899999998,53,0,0.008749563,20000.0,4,0,0,0,0.0
61930,0,0.26516716,62,0,0.512417864,8978.0,15,0,4,0,0.0
61932,1,0.909838003,51,3,0.344424985,15416.0,13,1,2,0,2.0
61933,0,0.9999998999999999,41,0,0.03511236,4983.0,1,1,0,0,1.0
61934,1,0.9999998999999999,41,0,0.001713796,3500.0,4,0,0,1,0.0
61935,0,0.012129216000000002,64,0,119.0,,9,0,0,0,0.0
61937,0,0.394254696,57,0,0.719589115,5548.0,11,0,1,0,1.0
61938,0,0.8309333329999999,60,0,0.338799458,6646.0,9,0,2,0,1.0
61939,0,0.140732408,41,2,4301.0,,7,0,1,0,3.0
61941,0,0.21284005,76,0,0.29992501899999996,4000.0,10,0,1,0,0.0
61946,0,0.279524497,45,0,0.4439572,5700.0,9,0,2,0,0.0
61947,0,0.61719535,30,0,0.09778044400000001,5000.0,10,0,0,0,0.0
61950,0,0.133312281,57,0,1727.0,,4,0,1,0,0.0
61951,0,0.30285649600000003,51,0,0.060882124,9000.0,6,0,0,0,2.0
61953,0,0.133021881,73,0,0.284519868,12079.0,12,0,2,0,0.0
61954,0,959.0,70,0,0.208182173,17916.0,7,0,2,0,0.0
61955,0,0.044929687,46,0,0.166696964,5500.0,14,0,0,0,2.0
61956,0,0.917079083,66,0,1743.0,,4,0,1,0,0.0
61957,0,0.025995055,58,0,0.301124385,2845.0,9,0,2,0,0.0
61958,0,0.067812836,39,0,0.295075828,5340.0,17,0,1,0,0.0
61960,0,0.0036441509999999996,58,0,0.20805563600000002,3450.0,22,0,1,0,0.0
61962,0,0.07719580000000001,62,5,2176.0,0.0,28,0,1,1,0.0
61963,0,0.0755169,44,1,0.299890732,20133.0,10,0,4,0,3.0
61964,0,0.190965755,56,0,0.336665834,4000.0,11,0,1,0,0.0
61965,0,0.01685078,52,0,0.493617021,2584.0,12,0,1,0,0.0
61966,0,0.9999998999999999,38,0,0.002499107,2800.0,1,0,0,0,1.0
61970,0,0.9999998999999999,37,0,0.618408437,2085.0,3,1,1,1,1.0
61971,1,0.9999998999999999,57,2,1.689770077,3000.0,7,1,2,2,3.0
61972,0,0.034029343,55,0,0.17226840100000002,8300.0,8,0,1,0,3.0
61973,0,0.044225297999999996,45,0,0.354470151,3500.0,9,0,1,0,2.0
61975,0,0.037354292000000004,32,0,0.06281613900000001,8500.0,3,0,0,0,1.0
61976,0,0.515977557,54,2,0.23024112,30150.0,16,0,2,0,0.0
61980,0,0.7978478090000001,31,2,0.745841035,1081.0,2,0,0,0,3.0
61982,0,0.042775867999999995,45,0,0.379540153,3000.0,5,0,1,0,0.0
61983,0,0.656802525,58,0,0.38956680899999996,9833.0,19,0,1,0,0.0
61985,1,0.944375952,41,5,0.285031155,6900.0,10,2,0,0,3.0
61986,0,0.9999998999999999,48,1,314.0,,2,0,0,0,0.0
61989,0,0.011501167,50,0,0.444253859,4080.0,9,0,2,0,1.0
61990,0,0.208556532,69,0,87.0,,2,0,0,0,0.0
61991,0,0.031587105,58,0,0.122708681,6600.0,9,0,0,0,0.0
61993,0,0.155442916,32,0,1215.0,,6,0,0,0,0.0
61995,0,0.338665905,53,0,0.168079509,3420.0,3,0,0,0,0.0
61997,0,0.070527013,76,0,116.0,,4,0,0,0,0.0
61998,0,0.0,23,0,0.0,764.0,2,0,0,0,0.0
61999,0,0.033950764,61,0,0.38283485,7689.0,7,0,2,0,0.0
62000,0,0.008499823,50,0,2832.0,,6,0,2,0,0.0
62004,0,0.004755344,62,0,0.402355776,7470.0,10,0,3,0,2.0
62005,0,0.017808739,37,0,0.128012855,5600.0,9,0,0,0,2.0
62006,0,0.0,31,0,0.485240147,6266.0,9,0,3,0,0.0
62008,0,0.120309457,44,0,0.208293864,9500.0,3,0,1,0,2.0
62009,0,0.045125132000000005,42,0,0.006260325,11500.0,6,0,1,0,2.0
62010,0,0.0,74,0,1.294473883,1320.0,8,0,1,0,0.0
62012,0,0.012726887,83,0,4896.0,0.0,11,0,1,0,0.0
62013,0,0.019996079,29,0,0.00119952,2500.0,2,0,0,0,4.0
62015,0,0.320693775,42,0,0.276994317,4750.0,9,0,1,0,0.0
62016,0,0.091900386,83,0,0.010543538,5500.0,2,0,0,0,0.0
62019,0,0.373002221,47,0,0.407687181,4500.0,13,0,0,0,4.0
62021,0,0.402837754,58,0,0.174802622,47750.0,14,0,5,0,2.0
62022,0,0.0,44,1,0.648671808,3500.0,8,0,2,0,2.0
62023,0,0.045118455,76,1,0.378688125,4100.0,9,0,1,0,0.0
62025,0,0.9999998999999999,76,0,0.0,,0,0,0,0,
62027,0,0.022837591,72,0,0.006711409000000001,3724.0,2,0,0,0,0.0
62028,0,0.17821706,63,1,0.45363793399999996,5208.0,3,0,1,0,0.0
62029,0,0.013252916000000002,63,0,0.23895221,5000.0,7,0,1,0,0.0
62033,0,0.90560472,49,0,0.184545236,8333.0,4,0,1,0,0.0
62036,0,0.909348003,61,8,1.364581667,6250.0,22,0,2,0,0.0
62037,0,0.022663345,39,0,0.08653738400000001,8920.0,11,0,1,0,2.0
62038,0,0.574598719,38,0,0.215124745,10300.0,5,0,2,0,4.0
62040,0,0.5074985,24,0,0.264771213,2250.0,3,0,0,0,0.0
62045,0,0.45071614299999996,50,0,0.075683131,11600.0,3,0,0,0,0.0
62046,0,0.116267362,48,0,0.5038120229999999,8000.0,10,0,1,0,0.0
62047,1,0.9442569679999999,34,1,0.431991581,3800.0,4,2,0,1,1.0
62049,0,0.10719366599999999,78,0,0.041234371,3758.0,6,0,0,0,1.0
62050,0,0.254359224,32,0,0.19879097899999998,4300.0,6,0,1,0,1.0
62051,0,0.055080894000000005,72,0,0.002670623,3369.0,2,0,0,0,0.0
62053,0,0.122586068,43,1,3725.0,,14,0,3,0,0.0
62054,0,0.084296724,33,0,0.170870257,4400.0,8,0,0,1,5.0
62055,0,0.287596191,46,0,0.287150966,26250.0,8,0,4,0,2.0
62056,0,0.790113582,63,0,3310.0,,5,0,1,0,0.0
62058,0,0.00449955,27,0,0.269041992,5500.0,6,0,1,0,0.0
62059,0,0.14182314599999998,70,2,0.238360102,16000.0,4,0,2,0,0.0
62060,0,0.9999998999999999,48,0,1.28468324,2493.0,11,0,3,0,0.0
62061,0,0.703167753,65,0,0.5890042289999999,2600.0,10,0,0,0,0.0
62062,0,0.017533571,62,0,0.108673777,4968.0,15,0,1,0,0.0
62063,0,0.104485256,71,0,0.040491902,3333.0,14,0,0,0,0.0
62065,0,0.051789642000000004,89,0,7.0,,2,0,0,0,0.0
62068,0,0.052842096,58,0,1186.0,,5,0,1,0,0.0
62069,0,0.17396520699999998,33,0,0.8224838409999999,4331.0,7,0,3,0,0.0
62070,0,0.25454909,75,0,0.802158273,1667.0,10,0,1,0,0.0
62071,0,0.378459791,50,0,2607.0,,11,0,1,0,1.0
62072,0,0.100031358,47,0,0.299212598,8000.0,15,0,1,0,1.0
62073,0,0.9999998999999999,32,0,0.160946351,3000.0,0,0,0,0,1.0
62074,0,0.087047444,61,0,2217.0,,19,0,2,0,0.0
62076,0,0.139906565,47,0,0.35470566200000003,8000.0,10,0,3,0,3.0
62079,0,0.215520451,37,0,0.121141796,4308.0,6,0,0,0,0.0
62080,0,0.9999998999999999,57,0,0.5033186789999999,11600.0,7,0,2,0,0.0
62081,0,0.036432119,65,0,0.038369305,833.0,4,0,0,0,0.0
62085,1,0.969336254,50,0,0.530076175,7613.0,8,1,2,0,6.0
62087,0,0.0,44,1,0.18223760100000003,2600.0,5,0,0,0,0.0
62089,0,0.026247500000000003,63,0,0.076597691,8746.0,8,0,1,0,1.0
62090,0,0.9535838329999999,48,0,0.35566188200000004,5642.0,11,0,0,0,1.0
62091,0,0.509670827,33,2,0.17313781,6000.0,20,0,0,0,0.0
62093,0,0.990002,77,1,0.387603542,3500.0,3,0,1,0,0.0
62096,0,0.598562575,51,0,0.065386133,7600.0,4,0,0,0,0.0
62098,0,0.13487849300000002,30,0,0.18270432399999997,4000.0,9,0,1,0,2.0
62099,0,0.27923219899999996,52,0,1599.0,,11,0,1,0,1.0
62101,0,0.002847025,82,0,6.0,,5,0,0,0,0.0
62102,0,0.123282369,50,0,0.16295926,4000.0,7,0,1,0,2.0
62104,0,0.281753447,39,0,0.7600319959999999,7500.0,12,0,3,0,1.0
62106,0,0.545412749,62,0,0.11198933400000001,10500.0,7,0,1,0,0.0
62108,0,0.082524695,38,0,0.15162258,7333.0,14,0,0,0,2.0
62109,0,0.750312422,27,0,0.064267352,4667.0,3,0,0,0,0.0
62110,0,0.317479456,69,0,0.340855419,3810.0,13,0,1,0,0.0
62111,0,0.0,65,0,0.0,2000.0,3,0,0,0,0.0
62113,1,0.0,26,2,0.261010538,3700.0,6,0,0,1,0.0
62114,0,0.029995715,53,0,0.001448855,3450.0,2,0,0,0,0.0
62115,1,0.549115823,54,1,0.48054098799999995,7245.0,16,0,1,0,0.0
62116,0,0.05730612,49,0,2183.0,,7,0,1,0,0.0
62117,0,0.9999998999999999,61,0,0.0,,0,0,0,0,0.0
62118,0,0.24950830300000001,58,0,3021.0,,13,0,1,0,
62119,0,0.032313362000000005,55,0,0.301511466,11511.0,7,0,2,0,2.0
62120,0,0.952325613,68,0,0.687734333,5600.0,7,0,2,0,0.0
62121,0,0.07094539400000001,59,0,64.0,,7,0,0,0,0.0
62122,0,0.067389351,60,0,0.206364252,7384.0,8,0,1,0,0.0
62123,0,0.065785429,61,0,0.143196598,15991.0,7,0,2,0,2.0
62125,0,0.9728108190000001,57,0,2351.0,,6,0,2,0,2.0
62126,0,0.031905071,46,0,46.0,,9,0,0,0,0.0
62127,0,0.9999998999999999,68,0,0.168128655,2051.0,6,0,0,0,0.0
62128,0,0.227048704,60,0,0.149793776,5333.0,9,0,0,0,0.0
62132,0,0.105010647,53,0,0.396371947,7000.0,11,0,1,0,0.0
62137,0,0.173123141,68,0,0.21919760000000002,13334.0,6,0,2,0,2.0
62138,0,0.057462835999999996,67,0,2898.0,,3,0,1,0,0.0
62139,0,0.014247538,83,0,0.452586207,3943.0,18,0,1,0,0.0
62140,0,0.9999998999999999,52,0,0.0,5616.0,1,0,0,0,1.0
62141,0,0.805029764,62,0,0.429883815,3700.0,19,0,0,0,0.0
62142,0,0.0,51,0,30.0,,3,0,0,0,0.0
62143,0,0.78996815,58,0,3361.0,,6,0,2,0,0.0
62144,0,0.291234063,33,0,1010.0,,12,0,0,0,0.0
62145,1,0.7552697079999999,42,0,0.44173409,8280.0,9,0,0,0,2.0
62146,0,0.04063776,75,0,581.0,,7,0,1,0,
62148,0,0.022327983,66,1,0.08731878,6000.0,8,0,1,0,0.0
62149,0,0.029413198999999998,57,0,18.0,,2,0,0,0,0.0
62150,0,0.088963507,78,1,72.0,,9,0,0,0,0.0
62151,0,0.006317895,45,0,0.16097987800000002,8000.0,5,0,2,0,1.0
62152,0,0.49075462299999995,78,0,0.135961154,3500.0,8,0,0,0,0.0
62153,0,0.96007984,24,0,14.0,,2,1,0,1,0.0
62155,0,0.120555025,64,0,0.27552154100000004,8100.0,6,0,1,0,0.0
62157,1,1.1386353759999999,48,3,0.264433892,4000.0,4,0,0,1,0.0
62159,0,0.253474653,48,0,0.23086664,12634.0,7,0,2,0,4.0
62161,0,0.107599841,69,0,2436.0,,8,0,1,0,0.0
62163,1,0.9999998999999999,43,0,0.08677426099999999,4770.0,1,0,0,0,1.0
62164,0,0.0,42,0,4095.0,,5,0,2,0,0.0
62165,0,0.09612204099999999,57,1,2269.0,,16,0,1,0,
62167,0,1.001312418,40,0,0.244028842,4437.0,5,0,0,0,1.0
62168,0,0.007261854,58,0,0.603211603,3860.0,10,0,2,0,1.0
62169,0,0.101380897,63,0,0.113235846,8000.0,10,0,0,0,0.0
62170,0,0.9999998999999999,53,0,0.211055276,1790.0,1,0,0,0,0.0
62171,0,0.49302758799999996,43,1,0.44727709600000004,7491.0,7,0,3,0,0.0
62173,0,0.0127182,64,0,0.22904727800000002,5583.0,11,0,1,0,2.0
62175,0,0.7304789140000001,63,0,0.36151574799999997,10159.0,19,0,1,0,0.0
62176,0,0.176693588,34,0,0.415438596,7124.0,14,0,2,0,3.0
62178,0,0.862862261,57,0,3100.0,,12,0,2,0,1.0
62180,0,0.023960617000000003,49,0,0.329207332,4200.0,6,0,2,0,2.0
62183,0,0.000446799,60,0,0.27206932699999997,10500.0,8,0,1,0,0.0
62185,0,0.126056354,30,0,0.904743238,2550.0,13,0,2,0,0.0
62186,0,0.928845192,38,1,0.53779473,2883.0,3,1,1,0,3.0
62187,0,0.9999998999999999,39,0,2416.0,,5,0,3,0,0.0
62188,0,0.989122121,43,0,0.45668773,7595.0,9,0,2,0,2.0
62190,0,0.015178603999999998,46,1,47.0,,18,0,0,0,0.0
62192,0,0.002279909,73,0,3.5936831939999996,14500.0,26,0,23,0,0.0
62193,0,0.221680283,34,1,0.36065573799999995,5733.0,6,0,1,0,0.0
62194,1,0.549382386,29,1,0.37004499700000004,14000.0,12,1,1,0,0.0
62197,0,0.010207527,51,1,0.046912398,12533.0,6,0,0,0,2.0
62199,0,0.770558704,50,3,0.2608526,10250.0,10,0,1,0,2.0
62200,1,0.9999998999999999,64,0,0.49991189399999997,5674.0,2,2,1,1,0.0
62202,0,0.061298209000000006,50,0,0.383259458,9700.0,9,0,2,0,4.0
62203,1,0.25260335100000003,49,0,0.454280358,4800.0,16,0,2,0,2.0
62207,0,0.0,43,0,0.904246461,1200.0,4,0,1,0,4.0
62208,0,0.017999357,51,0,0.002908562,5500.0,7,0,0,0,1.0
62209,0,0.493912804,47,0,0.572576693,10202.0,9,0,3,0,4.0
62210,0,0.26881874,28,0,0.049994118,8500.0,6,0,0,0,0.0
62211,0,0.045076947,54,1,0.41687775,7500.0,14,0,2,0,2.0
62213,0,0.005127942,64,0,1237.0,,3,0,1,0,0.0
62214,0,0.12029651599999999,57,0,0.48980129,7598.0,27,0,2,0,1.0
62215,0,0.002699865,58,0,0.631947338,12000.0,10,0,4,0,1.0
62216,0,0.101544334,52,0,0.355617456,14000.0,24,0,1,0,2.0
62217,0,0.9271445359999999,62,0,23.0,,3,1,0,0,0.0
62218,0,0.045443182,43,0,0.073121965,3500.0,6,0,0,0,1.0
62219,0,0.343320849,27,0,0.208155118,3506.0,4,0,0,0,0.0
62220,0,0.9999998999999999,34,0,0.164683484,2100.0,1,0,0,0,0.0
62221,0,0.106322487,71,0,0.279087914,11533.0,11,0,2,0,0.0
62222,0,1.05997601,44,0,0.5632081760000001,4500.0,6,0,1,0,1.0
62224,0,0.55036042,47,0,0.221191152,25000.0,11,0,4,0,0.0
62225,0,0.0,25,0,0.094154395,2240.0,3,0,0,0,0.0
62226,0,0.152587565,54,1,0.26442456,6481.0,4,0,1,0,1.0
62227,1,0.476509863,42,0,0.705696619,7600.0,14,0,2,0,1.0
62228,0,0.75101615,41,0,0.852530723,4800.0,8,0,2,0,0.0
62229,0,1.449378496,70,0,1.03119688,10000.0,12,0,4,0,0.0
62230,0,0.15708519699999998,88,0,0.342872867,5450.0,9,0,2,1,0.0
62235,0,0.057999252,80,0,134.0,,6,0,0,0,
62238,0,0.22487875,48,0,0.6521739129999999,6830.0,11,0,1,0,2.0
62239,0,0.046597458,70,0,0.227267042,7994.0,12,0,2,0,0.0
62240,0,0.49825008,40,0,0.262280702,5699.0,6,0,0,0,1.0
62241,0,0.53302518,63,0,4400.0,,17,0,2,0,0.0
62242,0,0.050113331,40,0,0.519792083,2500.0,7,0,2,0,2.0
62246,0,0.55860463,40,0,0.277767679,5500.0,10,0,0,0,3.0
62248,0,0.316334548,48,0,0.198442875,11045.0,6,0,1,0,0.0
62249,0,0.031515899,79,0,0.008639309,4166.0,5,0,0,0,0.0
62251,0,0.911701416,71,0,1.00184604,5416.0,13,0,3,0,1.0
62253,0,0.047286134,60,0,0.251987401,6666.0,13,0,2,0,0.0
62254,0,0.000189184,58,0,0.034564554,2950.0,4,0,1,0,0.0
62255,0,0.009732773,74,0,0.004563123,5916.0,6,0,0,1,0.0
62256,0,0.09591666300000001,61,0,0.474004639,10347.0,12,0,3,0,0.0
62258,0,0.0,32,0,0.215494071,6324.0,9,0,1,0,1.0
62260,0,0.9221556890000001,22,0,13.0,0.0,1,0,0,0,0.0
62261,0,0.9999998999999999,79,0,44.0,0.0,3,0,0,0,0.0
62262,0,0.033717696,57,0,0.286856838,3750.0,9,0,1,0,0.0
62263,0,0.091876173,59,0,0.048467724000000004,4600.0,6,0,0,0,0.0
62264,0,0.044844836,75,0,0.049614322,10500.0,11,0,0,0,0.0
62266,0,0.166899708,43,0,0.370684881,5416.0,7,0,1,0,2.0
62268,0,0.299343045,46,0,2007.0,,3,0,1,0,1.0
62270,0,0.147138653,28,0,0.164471759,3416.0,8,0,0,0,0.0
62271,0,0.008563663000000001,50,0,97.0,,5,0,0,0,4.0
62273,0,0.002585068,46,0,0.1407485,10500.0,22,0,1,0,0.0
62274,0,0.975557366,48,0,0.39293451100000004,6000.0,7,0,1,0,0.0
62275,0,0.039205105,45,0,0.0008999780000000001,40000.0,4,0,0,0,1.0
62279,0,0.049073168,64,0,0.2007457,11800.0,8,0,1,0,0.0
62280,0,0.221038948,53,1,0.510889292,5509.0,7,0,1,0,1.0
62281,0,0.33448121,62,0,0.57815167,4100.0,15,0,2,0,1.0
62282,0,0.247829519,69,0,0.220808723,2200.0,4,0,1,0,0.0
62284,0,0.549731897,35,0,0.506925662,12200.0,13,0,4,0,2.0
62285,0,0.277811503,72,0,0.274071403,11091.0,17,0,1,0,1.0
62286,0,0.06967860599999999,85,0,0.293141372,5000.0,4,0,1,0,0.0
62287,0,0.062235177999999995,68,0,0.012269938999999999,4400.0,3,0,0,0,0.0
62289,0,0.011866995,40,0,6570.0,,14,0,3,0,0.0
62290,0,0.21773280600000003,58,0,0.528002309,6927.0,23,0,3,0,0.0
62291,0,0.7144990590000001,30,1,0.22662469899999999,5400.0,6,0,1,0,0.0
62292,0,0.034298857,48,0,0.38678302,11000.0,6,0,2,0,1.0
62293,0,0.031415794,47,0,0.323562152,8084.0,4,0,1,0,0.0
62295,0,0.238676269,44,0,1106.0,0.0,3,0,1,0,2.0
62296,0,0.007701263000000001,64,0,903.0,,7,0,1,0,0.0
62297,0,0.21652255,46,0,0.352689094,9333.0,9,0,2,0,1.0
62298,0,0.038177191,63,0,33.0,,1,0,0,0,0.0
62299,0,0.897102897,29,0,0.385307346,1333.0,3,0,0,0,2.0
62300,0,0.013998599999999998,42,0,3131.0,0.0,7,0,1,0,2.0
62302,0,0.466053395,36,0,0.42927264600000004,2240.0,6,1,1,0,0.0
62303,0,0.453057305,51,0,0.434708635,2350.0,12,0,0,0,2.0
62306,0,0.08982141699999999,40,0,0.141943223,2500.0,11,0,0,0,0.0
62308,0,0.018766344,33,0,0.376889322,2050.0,8,0,0,1,1.0
62311,0,0.057326385,78,1,888.0,,13,0,1,0,0.0
62314,0,0.9999998999999999,50,98,37.0,,0,98,0,98,0.0
62317,0,0.010665245,63,0,0.541512915,6503.0,16,0,3,0,0.0
62318,0,0.298229355,55,2,0.293560859,7500.0,13,2,1,0,3.0
62320,0,0.022451677000000003,41,0,2931.0,,12,0,1,0,0.0
62321,0,0.015204855,50,0,1001.0,,9,0,1,0,0.0
62322,0,0.0,64,0,0.8537274509999999,4600.0,11,0,2,0,0.0
62324,0,0.891292492,32,1,0.716427233,1600.0,7,0,0,0,3.0
62325,0,0.000284243,77,0,0.0,,4,0,0,0,
62327,0,0.316730561,59,0,0.38440173299999997,9000.0,15,0,1,0,1.0
62329,0,0.011615236000000001,52,0,441.0,,10,0,0,0,2.0
62330,0,0.015649073,69,0,4513.0,,29,0,6,0,0.0
62331,0,0.0015961089999999999,82,0,1.0,,6,0,0,0,0.0
62333,0,0.021203925,46,0,0.127772571,3200.0,7,0,0,0,0.0
62334,1,0.9999998999999999,51,1,0.0,6179.0,2,0,0,1,0.0
62336,0,0.055285404,57,0,0.009281395,7110.0,4,0,0,0,2.0
62337,0,0.69616298,42,3,0.24170831399999998,2200.0,4,0,0,0,2.0
62338,0,0.36422301,31,0,187.0,,7,0,0,0,0.0
62339,0,0.036336749,49,0,0.291374236,4416.0,6,0,1,0,0.0
62340,0,0.564843516,29,0,0.149155454,3492.0,2,0,0,0,0.0
62341,0,0.007206771999999999,64,0,0.191810937,10916.0,11,0,2,0,0.0
62342,0,0.061958694,47,0,291.0,,2,0,0,0,0.0
62343,0,0.144532993,74,0,0.35896724,3601.0,12,0,2,0,0.0
62345,0,1.005040735,40,0,0.524882197,8700.0,13,0,2,0,2.0
62347,0,0.428785607,42,1,0.024975025,1000.0,2,0,0,0,0.0
62349,0,0.170366148,51,0,0.43328975,17590.0,13,0,5,0,0.0
62350,0,0.7466842579999999,37,0,0.34307992200000004,4616.0,13,0,0,0,2.0
62351,0,0.033705768,50,0,0.009898268,3636.0,5,0,0,0,0.0
62352,0,0.007074416,30,0,0.001112347,6292.0,2,0,0,0,1.0
62353,0,0.603377403,33,0,0.141533711,5828.0,3,0,0,0,4.0
62355,0,0.287059412,71,0,0.26276391600000004,5209.0,4,0,2,0,1.0
62357,1,0.9690489590000001,38,0,0.5539682539999999,5669.0,8,0,2,0,2.0
62358,0,0.9999998999999999,43,1,0.110125487,4621.0,2,0,0,1,0.0
62359,1,0.417311018,56,2,0.154978647,8897.0,7,0,1,0,0.0
62360,0,0.09391169099999999,37,0,0.561672293,3850.0,11,0,1,0,0.0
62361,0,0.684300487,45,2,1009.0,,9,2,0,3,2.0
62362,0,0.001151772,40,0,0.190425598,16000.0,9,0,2,0,2.0
62363,0,0.988458927,41,0,0.105487073,9166.0,3,0,0,0,3.0
62364,0,0.9999998999999999,37,0,0.009412651,2655.0,0,0,0,0,1.0
62365,0,0.9999998999999999,60,1,0.31801149100000004,4002.0,5,0,0,0,2.0
62368,0,0.010307296,81,0,218.0,,2,0,0,0,0.0
62369,0,0.104340666,26,0,546.0,,2,0,0,0,0.0
62371,1,0.064098516,54,2,0.347708466,6283.0,9,1,2,1,3.0
62372,0,0.9999998999999999,37,1,0.06743476799999999,2950.0,3,2,0,0,3.0
62373,0,0.5999489410000001,57,4,0.378141361,7639.0,17,0,1,0,2.0
62374,0,0.014170783000000001,67,0,0.044407668,7250.0,15,0,0,0,0.0
62375,0,0.945550405,58,6,0.36968904700000005,10708.0,8,1,2,0,1.0
62378,0,0.9999998999999999,41,0,0.513445074,8292.0,4,0,2,0,2.0
62379,0,0.055445833,86,3,0.026330408,9000.0,8,0,0,0,0.0
62380,0,0.003916585,89,0,5.0,,5,0,0,0,
62382,0,0.746407316,63,0,0.033728054,126333.0,8,0,2,0,0.0
62383,0,0.068254934,27,0,0.131038312,1800.0,5,0,0,0,0.0
62385,1,0.7705472870000001,91,5,0.350313152,2394.0,5,1,0,3,0.0
62386,0,0.09457728800000001,72,0,1151.0,0.0,15,0,0,0,0.0
62388,0,0.03620572,53,0,0.38506951100000003,5250.0,14,0,2,0,0.0
62389,0,0.599839516,43,0,0.19494841699999998,2810.0,9,0,0,0,0.0
62390,0,0.099447281,35,0,0.022158911,3158.0,3,0,0,0,1.0
62391,0,0.06519936700000001,43,0,2180.0,,10,0,1,0,0.0
62393,0,0.0,37,0,0.0,,3,0,0,0,0.0
62394,1,0.9999998999999999,35,0,0.822435513,5000.0,8,0,2,3,0.0
62395,0,0.0,56,0,0.322933853,6666.0,11,0,2,0,0.0
62398,0,0.031936128,21,0,0.0,0.0,1,0,0,0,0.0
62400,1,0.10429087,50,0,0.434505901,8641.0,19,0,3,0,3.0
62401,0,0.13276030800000002,62,0,0.046290699000000005,11578.0,5,0,2,0,0.0
62402,0,0.022572097000000003,66,0,0.11928670400000001,5775.0,10,0,0,0,1.0
62404,0,0.019327203,43,0,2394.0,,10,0,1,0,1.0
62407,0,0.150746156,42,0,0.278268269,9400.0,9,0,1,0,1.0
62408,0,0.0,39,0,0.791552112,4000.0,10,0,1,0,3.0
62410,0,0.9999998999999999,34,0,1.034164358,2165.0,6,0,2,1,2.0
62412,0,0.049319247999999996,52,0,0.19029017899999998,10751.0,6,0,1,2,3.0
62413,0,0.001560899,67,0,811.0,,6,0,1,0,0.0
62414,1,1.07153922,49,2,0.39641943700000004,3518.0,8,3,0,0,0.0
62415,0,0.034423276,70,0,0.023795241,5000.0,10,0,0,0,0.0
62417,0,0.02953598,54,0,0.083399614,8800.0,8,0,0,0,0.0
62418,0,0.9999998999999999,60,0,1429.0,,2,0,1,0,0.0
62419,0,0.335119614,57,1,0.49232570200000003,7687.0,12,0,3,0,0.0
62420,0,1.005849708,52,1,0.45178783299999997,11801.0,11,0,3,0,1.0
62422,0,0.38042931700000004,54,0,1.092814784,7250.0,15,0,3,0,1.0
62423,0,0.0015150860000000001,61,0,2052.0,,6,0,2,0,0.0
62424,0,0.9999998999999999,44,0,0.00063676,31408.0,0,1,0,0,0.0
62425,0,0.293341293,47,0,0.405021901,16208.0,9,0,2,0,3.0
62426,0,0.511252478,54,0,0.291380999,6125.0,6,0,1,0,2.0
62427,0,0.7284238590000001,27,0,0.311937612,3333.0,4,0,2,0,0.0
62428,1,0.9999998999999999,57,0,0.106182228,7100.0,1,0,1,0,2.0
62429,0,0.047822883,40,0,0.010523546000000002,3800.0,5,0,0,0,2.0
62430,0,0.387272495,63,0,2649.0,,15,0,0,0,0.0
62431,0,0.010292200999999999,62,0,0.267326733,100.0,11,0,0,0,0.0
62433,0,0.9011333159999999,55,1,0.547342585,10592.0,13,0,4,0,3.0
62434,0,0.929886379,59,0,2.638590352,4000.0,16,0,4,0,1.0
62435,1,0.988712349,30,0,0.145742832,4603.0,3,0,0,0,1.0
62436,1,0.7041183529999999,65,0,0.285747501,4300.0,4,0,0,0,0.0
62437,0,0.024263693,60,1,0.157528061,7750.0,18,0,1,0,0.0
62438,1,1.1145403170000001,52,4,0.47184466,514.0,5,1,0,1,0.0
62439,0,0.943001036,52,0,0.61165178,7500.0,7,0,2,0,0.0
62440,0,0.026933886,50,0,0.5861535489999999,5170.0,29,0,1,0,2.0
62441,0,0.9151414309999999,42,0,0.8337330140000001,1250.0,5,1,0,0,0.0
62445,0,0.350321549,64,0,0.176364727,5000.0,14,0,0,0,1.0
62448,0,0.281935595,36,0,0.328616645,5370.0,5,0,1,0,0.0
62450,0,0.0,69,0,58.0,,2,0,0,0,
62452,0,0.9999998999999999,26,0,0.18367346899999998,2400.0,2,0,0,0,0.0
62453,0,0.0,57,0,0.0,,3,0,0,0,0.0
62454,0,0.0,55,0,7901.0,,11,0,3,0,0.0
62455,0,0.6097049179999999,37,0,0.79029734,1916.0,6,0,1,0,2.0
62456,0,0.9999998999999999,40,1,0.139956264,3200.0,9,1,0,0,0.0
62458,0,0.00935975,68,0,0.18278172199999998,10000.0,8,0,2,0,0.0
62459,0,0.032749181,74,0,0.018714012,2083.0,9,0,0,0,0.0
62460,0,0.538935927,55,0,2.046031889,11100.0,27,0,10,0,1.0
62461,0,0.35318298,54,0,2649.0,,6,0,1,0,0.0
62462,1,0.49500199899999997,59,2,0.465942591,6444.0,11,4,2,5,3.0
62463,0,0.266545742,43,0,0.074096206,6693.0,4,0,0,0,3.0
62465,0,0.377787301,54,0,3.9271332689999996,1042.0,14,0,3,0,0.0
62468,0,0.023190863,54,0,0.174941686,3000.0,9,0,0,0,0.0
62469,0,0.48886815100000003,33,0,2530.0,,4,0,2,0,3.0
62470,0,0.052279767000000005,30,0,0.211372064,4853.0,7,0,1,0,0.0
62473,0,0.168034032,63,0,9541.0,,13,0,7,0,0.0
62474,0,0.027573295,64,0,0.39634779,4818.0,3,0,1,0,0.0
62475,1,0.48472805399999996,50,1,0.370602776,5258.0,12,0,1,0,2.0
62478,0,0.08371056,39,0,874.0,,7,0,0,0,0.0
62480,0,1.037740565,53,2,0.118960347,3000.0,8,0,0,0,0.0
62482,0,0.0,44,1,0.059567174,9333.0,4,0,0,0,2.0
62483,0,0.213740762,64,1,0.983183183,1664.0,9,0,1,0,0.0
62484,0,0.9574335999999999,43,1,1.287142571,5000.0,8,0,2,0,2.0
62486,0,0.047232489,54,0,4966.0,,6,0,1,0,0.0
62487,0,0.207944188,53,0,0.5002702410000001,9250.0,11,0,2,0,3.0
62488,0,0.0,44,1,0.550855605,5200.0,5,1,1,0,4.0
62491,0,0.05993179,58,0,0.234230865,8021.0,5,0,1,0,1.0
62492,0,0.000945932,69,0,0.128646474,8946.0,7,0,1,0,0.0
62493,0,0.021871812999999997,56,0,0.190924822,5200.0,7,0,1,0,0.0
62494,0,2.7399999999999995e-05,64,0,1135.0,,4,0,1,0,
62495,0,0.033767996,66,0,43.0,,8,0,0,0,0.0
62496,0,0.9999998999999999,46,0,0.146607723,11083.0,5,0,1,0,0.0
62497,0,0.31187525,27,0,0.164152929,2850.0,11,0,0,0,0.0
62498,0,0.0,55,0,0.6952895,2037.0,8,0,1,0,1.0
62500,0,0.253218431,66,0,0.6159036139999999,6224.0,15,0,2,0,1.0
62502,0,0.9902980370000001,39,0,0.25699920000000004,8750.0,4,0,0,0,3.0
62505,0,0.749298602,66,0,1764.0,,5,0,1,0,0.0
62506,0,0.14356603099999998,59,1,0.59122466,3600.0,10,0,2,2,3.0
62507,0,0.9999998999999999,46,0,0.0,,1,0,0,0,1.0
62508,0,0.067793221,58,0,0.129731016,4200.0,3,2,0,0,1.0
62509,0,0.030949149,44,0,0.18712503600000002,10500.0,6,0,1,0,2.0
62510,0,0.129445536,75,0,0.32773361300000003,6666.0,10,0,1,0,1.0
62511,0,0.37988196700000004,38,0,0.478667306,8343.0,7,0,1,0,3.0
62513,0,0.12744055599999998,48,0,0.38283439,6780.0,9,0,2,0,2.0
62514,1,0.974301285,44,1,0.34495688,8000.0,8,0,1,0,0.0
62515,0,0.09186403900000001,43,0,0.304775281,5695.0,16,0,2,0,2.0
62516,0,0.020845934,69,0,0.15538417599999998,3500.0,3,0,0,0,0.0
62517,0,0.0,35,0,0.185227273,4399.0,7,0,0,0,0.0
62518,0,0.7368742620000001,51,0,0.3789646,9773.0,15,0,2,0,1.0
62520,0,0.08648896800000001,33,0,0.07215089200000001,8800.0,8,0,0,0,0.0
62521,0,0.5059089720000001,45,0,0.507507508,7658.0,10,0,2,0,1.0
62522,0,0.44373210799999996,34,0,0.284105673,6926.0,11,0,1,0,0.0
62523,0,0.380632883,53,0,3131.0,,9,0,1,0,0.0
62524,0,0.14579271,80,0,88.0,,3,0,0,0,0.0
62525,0,1.0122852759999998,53,0,0.807062655,11666.0,10,0,3,0,0.0
62527,0,0.339012298,56,0,1456.0,,10,0,0,0,1.0
62528,0,0.809779295,51,1,0.673359452,4083.0,9,1,1,1,2.0
62530,0,0.288722202,79,0,0.4162799,2800.0,25,0,1,0,1.0
62531,1,0.041834508,48,0,1.429514097,5000.0,21,0,8,0,1.0
62532,0,0.77263639,32,0,0.090909091,1957.0,2,0,0,1,2.0
62534,0,0.009195100000000001,29,0,0.0015905479999999998,4400.0,4,0,0,0,0.0
62535,0,0.095984499,63,0,0.073731567,4000.0,6,0,0,0,1.0
62537,0,0.9999998999999999,57,3,1132.0,,7,2,0,0,0.0
62539,0,0.9999998999999999,55,1,0.21526157899999998,3000.0,1,0,1,0,0.0
62540,0,1.0145582709999998,58,1,0.393939394,3200.0,3,3,1,0,2.0
62541,0,0.087659455,71,0,0.264358108,4735.0,7,0,1,0,0.0
62543,0,0.431189603,44,1,0.040031866,5020.0,3,0,0,0,0.0
62544,0,0.049091683,76,0,0.015538946000000001,5083.0,4,0,0,0,0.0
62545,0,0.012690409,50,0,0.157917292,4666.0,10,0,1,0,0.0
62546,0,0.9980304520000001,40,0,0.10969175199999999,3600.0,1,0,0,0,0.0
62547,0,0.013969903,71,0,3.583143508,3950.0,6,0,0,0,0.0
62548,0,1.293344759,68,0,135.0,,2,0,0,0,0.0
62549,0,0.046224118,52,0,0.13981553300000002,11600.0,11,0,2,0,0.0
62550,0,0.9999998999999999,73,0,0.0,5766.0,2,0,0,0,0.0
62551,0,0.059949000999999995,43,0,0.308517046,8300.0,7,0,1,0,0.0
62554,0,0.050347483,86,0,0.302549966,2901.0,3,0,1,0,1.0
62556,0,0.38113877799999996,31,0,0.330814108,7541.0,12,0,1,0,1.0
62559,0,0.5738093470000001,47,0,0.528790787,2083.0,14,0,0,0,0.0
62560,0,0.006466235999999999,38,1,0.548069528,6500.0,11,1,2,0,2.0
62561,0,0.7764139459999999,44,0,0.481475926,6666.0,7,0,1,0,0.0
62562,0,0.9999998999999999,58,0,0.540072447,8833.0,5,0,2,0,1.0
62563,1,0.218421053,35,4,0.10498687699999999,2666.0,10,2,0,1,0.0
62564,1,0.88721738,44,1,1.11555278,1600.0,12,0,0,0,0.0
62565,0,0.01045865,36,0,0.210303458,4250.0,5,0,1,0,0.0
62566,0,0.027461106000000002,36,0,1409.0,,19,0,2,0,0.0
62570,0,0.18586797,67,0,0.6491754120000001,2000.0,12,0,2,0,0.0
62572,0,0.02615348,58,0,3493.0,,14,0,1,0,0.0
62573,0,0.993128068,29,0,0.114209659,7888.0,7,0,0,0,0.0
62576,0,0.085045594,44,1,0.836721093,3000.0,14,1,1,0,2.0
62577,0,0.010839566,60,0,0.874612042,1610.0,7,0,1,0,0.0
62578,0,0.164561045,48,1,0.238073182,6476.0,11,0,1,0,3.0
62579,0,0.285274365,67,0,0.335944009,6000.0,10,0,1,0,0.0
62580,0,0.281500498,66,0,0.138904574,3541.0,9,0,0,0,0.0
62581,0,0.10999083400000001,64,0,2498.0,,3,0,1,0,0.0
62583,0,0.092558147,43,0,0.133394664,25000.0,11,0,1,0,2.0
62585,0,0.68289638,23,0,0.005485087,2916.0,1,0,0,0,0.0
62586,0,0.004872747,65,0,0.103175475,9100.0,16,0,2,0,0.0
62587,0,0.081444165,38,0,0.178266178,13103.0,10,0,1,0,2.0
62588,0,0.33626813200000005,65,0,0.586106891,7240.0,11,0,3,0,1.0
62589,0,0.9999998999999999,30,0,0.0,1100.0,0,0,0,0,0.0
62591,0,0.04688033900000001,55,0,0.231917872,15000.0,11,0,2,0,1.0
62592,1,0.869855602,48,1,0.386540161,21500.0,27,0,8,0,1.0
62593,0,0.428521814,66,0,1.036183502,4642.0,18,0,3,0,0.0
62594,0,0.17115576899999999,71,0,0.159114747,9533.0,6,0,2,1,1.0
62596,0,0.017117311,84,0,0.004516241,5756.0,5,0,0,0,0.0
62599,0,0.209878755,62,2,0.393968483,12500.0,18,0,4,0,1.0
62600,0,0.677902126,66,0,0.231654405,5300.0,11,0,1,0,3.0
62601,0,0.113179054,57,0,0.33618966,3500.0,5,0,0,0,0.0
62603,0,0.072201917,47,0,0.378924215,5000.0,7,0,2,0,2.0
62607,0,0.045594452,53,0,0.345971564,8650.0,16,0,3,0,0.0
62609,0,0.017076898,72,0,16.5,1.0,7,0,1,0,0.0
62610,0,0.49214935200000004,68,0,0.137156411,7166.0,7,0,0,0,3.0
62614,0,0.012647531000000002,68,0,1932.0,,10,0,1,0,0.0
62615,0,0.016797418999999997,55,0,41.0,,5,0,0,0,2.0
62616,0,0.083747906,63,0,0.225521119,14583.0,10,0,2,0,0.0
62618,0,0.011441098,47,1,0.004998334,3000.0,8,0,0,0,0.0
62619,0,0.21947820399999998,48,0,0.724534433,8000.0,17,0,3,0,0.0
62620,0,0.177552176,62,3,0.136813302,4750.0,10,0,0,0,0.0
62622,0,0.19335079300000002,55,0,0.505003626,6894.0,10,0,2,0,2.0
62623,0,0.00419979,48,0,3361.0,,6,0,1,0,0.0
62625,0,0.283866389,56,0,1.644942023,2500.0,8,0,2,0,1.0
62626,0,0.43775921799999995,30,0,0.25753604199999997,3051.0,11,0,0,0,0.0
62628,0,0.063084513,39,0,0.54276194,2700.0,16,0,1,0,1.0
62630,0,0.0072808890000000005,63,0,11.0,,7,1,0,0,0.0
62632,0,0.0,54,0,0.371810255,12500.0,13,0,2,0,1.0
62633,0,0.146395255,55,0,0.085224568,6300.0,10,0,0,0,0.0
62634,0,0.39418613,37,0,0.74129671,3130.0,5,0,1,0,1.0
62635,0,0.023142196,43,0,1106.5,1.0,10,0,1,0,2.0
62636,0,0.008653014,27,0,0.002018163,990.0,4,0,0,0,0.0
62637,0,0.08570358199999999,74,0,3195.0,,7,0,2,0,0.0
62638,0,0.0007043939999999999,74,0,0.0004887590000000001,2045.0,16,0,0,0,0.0
62642,0,0.014404027,64,0,3286.0,,28,0,2,0,1.0
62643,0,0.058661265,71,0,0.136861314,4931.0,6,0,0,0,0.0
62644,0,0.009618864,60,0,74.5,1.0,8,0,0,0,0.0
62645,0,0.237644059,36,0,0.12062931199999999,30000.0,10,0,1,0,3.0
62646,0,0.256256847,61,0,0.241328663,8850.0,10,0,1,0,1.0
62648,0,0.219050468,48,0,0.675284385,2900.0,8,0,1,0,0.0
62650,0,0.21169699,30,0,0.498692509,6500.0,8,0,1,1,2.0
62651,0,0.9999998999999999,60,1,0.00040447599999999997,7416.0,1,0,0,0,0.0
62652,0,0.134023607,71,0,0.46469422,6556.0,14,0,3,0,1.0
62653,0,0.9999998999999999,42,0,294.0,,0,0,0,0,0.0
62654,0,0.50848879,34,2,1.222129784,1201.0,4,0,0,0,0.0
62655,0,0.743212839,44,0,1425.0,,8,0,0,0,2.0
62657,0,0.053065997999999996,57,0,0.33607259,5840.0,7,0,1,0,2.0
62658,0,0.035678573,77,0,26.0,,2,0,0,0,
62659,0,0.068720894,54,0,0.377418081,7598.0,18,0,2,0,0.0
62660,0,0.9999998999999999,51,98,0.0,7500.0,0,98,0,98,1.0
62664,0,0.940029985,38,0,337.0,,4,0,0,0,0.0
62667,0,0.401955338,47,0,0.17184544699999998,3700.0,8,0,0,0,0.0
62669,0,0.0,44,0,0.5458333329999999,2879.0,8,0,2,0,1.0
62670,0,0.656647988,61,0,0.358636325,11908.0,11,0,1,0,1.0
62672,0,0.734450622,44,0,0.414989847,10833.0,7,0,3,0,2.0
62673,0,0.09163397,64,0,101.0,,3,0,0,0,0.0
62674,0,0.181596808,44,0,0.061728395,1700.0,5,0,0,0,0.0
62675,0,0.059856643,38,0,0.293318649,5447.0,16,0,1,0,1.0
62676,0,0.0,22,0,0.0,,1,0,0,0,0.0
62677,0,0.141804556,47,0,0.357928414,5000.0,8,0,1,0,2.0
62678,0,0.560333831,68,0,0.518936721,4250.0,12,0,0,0,1.0
62682,0,0.189654588,68,0,0.589618816,2465.0,8,0,1,0,0.0
62683,0,0.002046664,63,0,0.000604961,4958.0,7,0,0,0,1.0
62684,0,0.033838384,36,0,0.315397246,15833.0,4,0,2,0,0.0
62685,0,0.074797008,74,0,55.0,,3,0,0,0,0.0
62686,0,0.952748237,63,1,1572.0,,14,0,0,0,0.0
62688,0,0.0005500430000000001,73,0,0.5029994000000001,3333.0,9,0,2,0,0.0
62689,0,0.616661447,72,0,0.658085479,4000.0,12,0,1,0,0.0
62690,0,0.596546118,50,1,0.28360603100000004,9350.0,19,0,2,1,0.0
62691,0,0.02407622,53,0,0.608906322,4333.0,27,0,1,0,0.0
62692,0,0.06973100900000001,55,0,0.327367263,10000.0,7,0,1,0,0.0
62693,0,0.681545636,28,0,483.0,,2,0,1,0,1.0
62694,0,0.9237342059999999,45,1,0.528726062,1200.0,5,0,0,0,2.0
62697,0,0.082393206,48,0,0.14665689,15000.0,6,0,1,0,0.0
62699,0,0.8787040429999999,60,0,0.5184302510000001,12587.0,14,0,3,0,2.0
62701,0,0.343313373,39,1,0.28174365100000004,5000.0,5,0,0,0,0.0
62702,0,0.9999998999999999,43,0,0.0,,2,0,0,0,0.0
62703,0,0.06687668,65,0,0.21632216699999998,2805.0,7,0,0,0,1.0
62704,0,0.044844133,65,0,0.030940855,4750.0,6,0,0,0,0.0
62705,0,0.71742642,43,0,813.0,,10,0,0,0,0.0
62706,0,0.40706611,49,0,0.74325135,5000.0,20,0,2,0,3.0
62707,0,0.8352840890000001,45,0,0.44225517,5125.0,8,0,1,0,0.0
62708,0,0.060384343,72,0,0.804712042,1909.0,9,0,1,0,0.0
62710,0,0.0,45,0,0.0,3100.0,5,0,0,0,2.0
62712,0,0.957814458,30,0,0.611033714,3588.0,7,0,0,0,1.0
62713,0,0.116629008,57,1,948.0,,6,0,1,1,1.0
62714,0,0.250707303,55,1,0.748158379,2171.0,10,0,1,0,0.0
62715,0,0.011334133,52,0,0.341731654,5000.0,15,0,1,0,0.0
62718,0,1.084897651,38,0,0.322844969,3050.0,4,0,0,0,0.0
62719,0,0.0849966,39,0,0.290564466,4800.0,15,0,0,0,0.0
62721,0,0.7727424190000001,31,0,0.3875803,1400.0,5,0,0,0,0.0
62722,0,0.009248682,68,0,0.09081819699999999,6000.0,8,0,0,0,0.0
62723,0,0.8122949070000001,60,0,0.40345821299999995,4857.0,7,0,1,0,2.0
62726,0,0.9999998999999999,49,0,0.129325089,7600.0,5,1,0,0,3.0
62727,0,0.6198912910000001,59,0,0.273120562,12250.0,17,0,4,0,0.0
62730,0,0.9290101409999999,40,2,0.461933905,4084.0,6,0,1,0,3.0
62732,0,0.461837574,34,2,0.44244469399999997,8000.0,12,0,1,1,0.0
62734,0,0.369422462,62,0,0.44526993600000003,18170.0,16,0,3,0,0.0
62735,0,0.031203566000000002,52,0,1617.0,,5,0,2,0,
62738,0,0.7713248640000001,42,0,44.0,,2,0,0,0,
62740,0,0.04259787,68,0,0.011595362,2500.0,2,0,0,0,0.0
62742,0,0.467426629,56,0,4418.0,,5,0,2,0,0.0
62744,0,0.007522621,67,0,0.341010207,3820.0,15,0,2,0,1.0
62745,1,0.6848430790000001,45,0,0.39810031700000004,6000.0,6,0,0,0,0.0
62746,0,0.08476812800000001,58,0,209.0,,6,0,0,0,0.0
62748,0,0.206297426,63,0,2.099078341,433.0,12,0,1,0,1.0
62750,0,0.258563582,65,0,3147.0,,9,0,2,0,2.0
62751,0,0.23295394100000003,53,0,0.39511945600000004,13686.0,23,0,2,0,1.0
62752,0,0.335010076,62,0,0.327952001,16166.0,9,0,2,0,1.0
62756,0,0.238101586,49,0,0.009998077,5200.0,5,0,0,0,2.0
62757,0,0.99640036,38,0,0.29026303600000003,4333.0,4,0,0,0,3.0
62759,0,0.674203153,84,0,1.455758963,2621.0,18,1,2,0,1.0
62762,0,0.00626814,58,0,0.283155117,7200.0,8,0,2,0,0.0
62763,0,0.162986251,43,0,0.291341732,5000.0,7,0,1,0,0.0
62765,0,0.00038811900000000003,69,0,0.15371283800000002,7500.0,7,0,1,0,1.0
62770,1,0.745925407,60,0,0.176672384,5246.0,9,2,1,0,0.0
62772,0,0.0,38,0,0.389616056,4583.0,7,0,1,0,0.0
62773,0,0.0,32,0,0.160613129,3000.0,7,0,0,0,0.0
62775,0,0.061859708,47,0,0.020855157,10500.0,7,0,0,0,3.0
62776,0,0.530151531,31,0,0.148779771,3400.0,3,0,0,0,0.0
62777,0,0.5175098929999999,62,0,0.829957356,1875.0,10,0,1,0,0.0
62780,0,0.0,36,0,0.16709395300000002,6630.0,11,0,0,0,0.0
62781,0,0.320945193,50,0,0.43125361100000004,3461.0,6,0,1,0,0.0
62782,0,0.838161838,74,0,0.07556601,3400.0,3,0,0,0,0.0
62783,0,0.07846043700000001,53,1,0.274858349,9000.0,11,0,1,0,1.0
62784,0,0.755411475,58,0,0.292108082,8400.0,7,0,2,0,3.0
62786,0,0.050227136,67,0,1269.0,,4,0,1,0,0.0
62787,0,0.003177215,52,0,0.261264771,7700.0,10,0,2,0,3.0
62788,0,0.141630428,49,0,0.31043449100000003,11921.0,11,0,3,0,1.0
62789,0,0.862530896,50,0,0.7626918540000001,5081.0,13,0,0,0,0.0
62791,0,0.677490658,59,0,0.49647807299999996,4400.0,4,0,2,0,1.0
62792,0,0.36292501299999996,50,0,1474.0,0.0,19,0,1,0,0.0
62793,0,0.0,67,0,0.506053935,3633.0,4,0,1,0,1.0
62795,0,0.041687036000000004,50,0,0.33807354700000003,9000.0,13,0,2,0,0.0
62796,0,0.046714896,33,1,0.37638143399999996,6333.0,15,0,2,0,1.0
62797,0,0.110424077,50,0,6.113124387999999,8167.0,7,0,1,0,0.0
62798,0,0.01323026,76,0,1836.0,,11,0,1,0,0.0
62799,0,0.7142976190000001,84,0,0.262059288,5700.0,10,0,0,0,1.0
62800,0,0.23035312100000002,53,0,0.40606353799999995,6200.0,14,0,2,0,1.0
62801,0,0.118989643,48,0,3064.0,,9,0,1,0,2.0
62805,0,0.235465554,47,0,0.155502908,4642.0,9,0,0,0,0.0
62807,0,0.203586925,30,0,0.296261899,4306.0,10,0,1,0,3.0
62808,0,0.0,56,0,0.246102359,12250.0,13,0,2,0,2.0
62809,0,0.023141372,59,0,1916.0,,13,0,1,0,0.0
62810,1,0.6734128420000001,39,0,2095.0,,6,0,1,0,0.0
62811,0,0.90371277,29,1,0.172413793,2000.0,7,1,0,0,0.0
62812,0,0.124575669,62,0,2503.0,,8,0,1,0,0.0
62813,0,0.028883161,77,0,0.340104568,11666.0,19,0,5,0,1.0
62815,0,0.062541664,61,0,0.149528463,8800.0,6,0,1,0,0.0
62816,0,0.061754183,43,0,3200.0,,14,0,1,0,1.0
62817,0,0.090687967,49,0,0.01623199,5482.0,4,0,0,0,0.0
62818,0,0.268231677,61,0,0.5866826629999999,5000.0,16,0,2,0,1.0
62819,0,0.8485378659999999,44,4,0.358135307,7700.0,12,0,1,0,1.0
62820,0,0.542861138,33,2,0.287029729,3800.0,8,2,0,0,1.0
62821,0,0.881163085,34,0,0.728823036,3576.0,5,0,2,0,2.0
62824,0,0.171698475,41,1,0.328605201,7613.0,5,0,1,0,2.0
62827,0,0.348922341,45,0,2598.0,,9,0,1,0,0.0
62829,0,0.11924701900000001,63,0,0.169899147,11600.0,11,0,1,0,1.0
62831,0,0.946736957,30,0,0.274005951,3696.0,12,0,0,0,0.0
62832,0,0.524515119,52,0,0.43593130799999996,1513.0,12,0,1,0,3.0
62834,0,0.484774665,55,0,0.746242703,8050.0,10,0,4,0,1.0
62836,0,0.004385892,87,0,0.214348592,4543.0,17,0,1,0,0.0
62838,0,0.8991315590000001,51,0,0.581482347,8553.0,19,0,1,0,2.0
62839,0,0.19619019,35,0,0.108753316,4900.0,3,0,0,0,0.0
62840,0,0.105732336,38,0,6222.0,,9,0,2,0,2.0
62842,0,0.142259795,42,1,0.157876594,2900.0,4,0,0,0,1.0
62843,0,0.9999998999999999,44,0,0.22372750100000002,10333.0,5,0,1,0,2.0
62845,0,0.147452386,46,0,155.0,0.0,8,0,0,0,0.0
62846,0,0.005083192,43,0,0.34766963700000003,5835.0,8,0,1,0,0.0
62849,0,0.69518665,48,0,0.20567476,7083.0,5,0,1,0,0.0
62851,0,0.036178563999999996,76,0,0.342841909,3750.0,16,0,2,0,0.0
62852,1,0.9999998999999999,27,0,0.018131651999999998,2536.0,0,4,0,0,0.0
62853,0,0.002735043,46,2,0.16818774399999997,2300.0,5,0,0,0,0.0
62854,1,0.9999998999999999,53,0,0.0,,2,1,0,3,0.0
62856,0,0.042096432999999996,72,0,0.041620422000000004,1801.0,8,0,0,0,0.0
62858,1,0.019947813000000002,51,0,0.531446855,10000.0,26,0,3,0,3.0
62859,0,0.528188725,28,0,0.19553362800000001,3850.0,3,0,1,0,2.0
62861,0,0.03022479,62,0,0.11426939,7000.0,6,0,1,0,0.0
62862,0,0.039515725,60,0,0.25904906899999997,14448.0,11,0,2,1,0.0
62863,0,0.020401531,55,0,0.300960512,6558.0,8,0,1,0,0.0
62864,0,0.17519416,63,0,757.0,,2,0,1,0,0.0
62865,0,0.236133275,51,1,0.41422882899999997,18834.0,15,0,2,0,1.0
62866,0,0.579460411,48,0,5436.0,,11,0,4,0,1.0
62868,0,0.113252417,51,0,0.276739938,16968.0,20,0,3,0,2.0
62869,0,0.48533755,56,0,1.07996446,2250.0,13,0,1,0,0.0
62871,0,0.035152627,63,0,9123.0,,23,0,4,0,0.0
62874,0,0.148180114,39,0,0.120707596,2882.0,7,0,0,0,0.0
62875,0,0.25166247199999997,51,0,0.164435309,18000.0,12,0,2,0,1.0
62877,0,0.9999998999999999,69,0,0.0,0.0,0,0,0,0,0.0
62878,0,0.20844896699999999,65,0,0.45981607399999996,2500.0,5,0,0,0,0.0
62880,0,0.25615923399999996,61,0,0.40276124700000004,4200.0,11,0,0,0,0.0
62881,0,0.657671164,50,0,494.0,,3,0,0,0,0.0
62883,1,0.9999998999999999,40,1,0.125968508,4000.0,2,0,0,0,0.0
62885,0,0.009517379,42,1,0.24024785199999998,7100.0,10,0,1,0,3.0
62886,0,0.10567983199999999,48,0,0.8486943859999999,10990.0,20,0,7,0,4.0
62888,0,0.9999998999999999,42,0,0.46377491200000004,4264.0,3,0,1,0,1.0
62889,0,0.200593136,45,0,0.956835957,10100.0,9,0,2,0,0.0
62891,0,0.632861999,76,1,0.37473626299999996,10900.0,11,0,2,0,2.0
62892,0,0.117627707,49,0,0.34798582899999997,7620.0,21,0,2,0,1.0
62893,0,0.592336124,40,1,0.359944624,6500.0,11,0,1,0,2.0
62895,0,0.17347317399999998,54,0,1.277111136,8916.0,15,0,5,0,0.0
62897,0,0.08499792699999999,78,0,0.022687608999999997,4583.0,5,0,0,0,0.0
62898,0,0.027921894,51,0,4102.0,,7,0,3,0,0.0
62900,0,0.067884149,68,0,0.17785342,9400.0,22,0,1,0,1.0
62901,0,0.435712857,33,0,0.210974054,2350.0,7,0,0,0,0.0
62903,0,0.237537351,68,0,883.0,,8,0,1,0,0.0
62905,0,0.7723397540000001,27,0,0.103830794,6760.0,7,0,0,0,0.0
62906,1,0.9999998999999999,47,98,0.0,600.0,0,98,0,98,0.0
62907,0,0.526284085,37,0,0.33748056,4500.0,8,0,0,1,3.0
62909,0,0.9999998999999999,36,0,0.27738894399999997,7000.0,2,0,1,0,1.0
62911,0,0.072106159,37,0,1914.0,,4,0,1,0,
62914,0,0.750439036,36,0,0.8923759170000001,5862.0,7,0,2,0,2.0
62916,0,0.44075660200000005,35,0,1468.0,,9,0,0,0,2.0
62920,1,0.32710280399999997,65,4,0.22595480899999998,5000.0,6,0,1,1,0.0
62922,0,0.493710063,68,0,0.500187477,5333.0,27,0,2,0,0.0
62923,0,0.142185346,49,0,0.25461817800000003,19000.0,8,0,5,0,0.0
62924,0,0.0,26,0,0.128534704,3500.0,13,0,0,0,0.0
62925,0,0.001726366,57,0,1.660678643,500.0,15,0,1,0,0.0
62926,1,0.633736626,36,0,0.63549677,3250.0,10,0,1,0,0.0
62927,0,0.057996587999999995,35,0,0.071021139,8940.0,8,0,0,0,3.0
62929,0,0.450736675,49,0,0.502640766,11170.0,19,0,2,0,2.0
62930,0,0.369970509,59,0,0.363356665,13000.0,17,0,2,0,1.0
62931,0,0.01164195,53,0,0.095708905,14867.0,6,0,1,0,2.0
62932,0,0.230589762,53,0,0.6249456760000001,2300.0,11,0,1,0,1.0
62933,0,0.766705744,33,0,0.223221455,6226.0,7,0,0,0,3.0
62934,0,0.897220556,49,0,0.074204017,11400.0,6,1,0,0,2.0
62935,0,0.9999998999999999,48,0,2189.0,,4,0,1,0,0.0
62937,0,0.116182367,37,0,0.8445532440000001,2450.0,5,0,1,0,0.0
62940,0,0.5097451270000001,36,0,722.0,,5,0,0,0,0.0
62941,0,0.616625558,48,2,0.647070586,5000.0,22,0,2,0,3.0
62942,1,0.9999998999999999,27,0,0.028906759,4600.0,1,2,0,0,0.0
62943,0,0.04559544,36,0,0.049046322,1100.0,3,0,0,1,0.0
62944,0,0.932188655,32,0,0.33706517399999997,2500.0,4,0,0,0,2.0
62945,0,0.412947545,78,0,0.25859375,5119.0,8,0,0,0,1.0
62946,0,0.19309705300000002,69,0,0.029177718999999998,4900.0,2,0,0,0,0.0
62947,0,0.049642503,76,0,0.245491565,5156.0,13,0,2,0,1.0
62948,0,0.972605479,45,0,0.280106101,1884.0,4,0,0,0,0.0
62949,0,0.593693317,44,0,0.318074191,3800.0,6,0,0,0,3.0
62950,0,0.977977471,67,0,671.0,,3,0,0,0,0.0
62951,0,0.35249753,40,0,0.161152107,4200.0,9,0,0,0,1.0
62952,1,0.43944092700000004,57,0,0.797506739,5935.0,15,0,2,0,0.0
62953,0,0.031989337,30,0,0.0008216930000000001,2433.0,1,0,0,0,0.0
62955,0,0.340698399,44,2,0.19098977600000003,8900.0,12,0,1,0,4.0
62957,0,0.452927855,46,0,0.41593199,3175.0,9,0,1,0,2.0
62958,0,0.038134516,58,0,0.146308949,6000.0,9,0,0,0,0.0
62959,0,0.09886447,60,0,0.19647459899999997,12026.0,3,0,1,0,1.0
62960,0,0.05616982400000001,78,0,58.0,,5,0,0,0,
62962,0,0.42631882600000004,60,0,2888.0,,9,0,1,0,
62963,0,0.021732848,39,0,0.332546092,13125.0,10,0,3,0,1.0
62964,1,0.9999998999999999,47,0,0.730741541,4166.0,1,1,1,0,2.0
62965,0,0.059701493,61,0,0.197107659,5600.0,7,0,0,0,0.0
62966,0,1.016588333,32,1,0.163731556,2100.0,3,0,0,0,0.0
62967,0,0.7702459509999999,31,0,0.646918805,3780.0,12,0,1,0,2.0
62968,0,0.18386817,45,0,0.5885073829999999,5620.0,5,0,1,0,2.0
62969,0,0.403473078,63,0,0.843870327,8050.0,21,0,2,0,0.0
62970,0,0.015050896000000001,67,0,67.0,,11,0,0,0,0.0
62971,0,0.016231853,54,0,3788.0,,7,0,1,0,2.0
62972,0,0.01811623,43,0,0.272579773,5546.0,9,0,1,0,0.0
62973,0,0.0,74,0,0.284857299,5500.0,6,0,1,0,0.0
62976,0,0.0,35,0,0.5200750470000001,2664.0,7,0,1,0,1.0
62977,0,0.128871129,26,0,0.001982816,1512.0,1,0,0,0,0.0
62978,1,0.0,57,1,0.277367547,10833.0,11,0,1,0,0.0
62983,0,0.9431481970000001,53,0,0.322891566,7884.0,5,0,2,0,0.0
62984,0,0.303295272,44,0,4371.0,,5,0,1,0,0.0
62985,0,0.874825035,69,1,0.072116841,16500.0,4,0,0,0,1.0
62987,0,0.7283701490000001,52,0,0.6103249479999999,3815.0,8,0,2,0,4.0
62989,0,0.05808147,85,1,0.542201642,4750.0,19,0,2,0,0.0
62995,1,0.656631807,49,0,0.394483025,5183.0,24,0,0,0,0.0
62997,0,0.373573605,44,0,0.628342914,4000.0,15,0,2,1,2.0
62998,0,0.010986338,62,1,0.162435055,10200.0,14,0,1,0,0.0
62999,0,0.7124314970000001,54,2,0.4083994,14000.0,19,0,2,0,3.0
63000,0,0.06789941299999999,57,0,0.033072237000000004,2297.0,3,0,0,0,1.0
63001,0,0.09976334099999999,57,0,0.165550822,11500.0,6,0,1,0,0.0
63002,0,0.25445407600000003,54,0,0.353960671,9000.0,31,0,2,1,0.0
63003,0,0.399989611,60,0,0.523084729,3941.0,9,0,1,0,1.0
63004,0,0.9999998999999999,96,0,0.0,,1,0,0,0,1.0
63007,0,0.21612109699999998,44,0,0.992976892,4413.0,11,0,3,0,1.0
63008,0,0.012147379,50,0,0.319659522,9750.0,12,0,2,0,1.0
63009,0,0.00543222,60,0,9.0,,6,0,0,0,0.0
63010,1,0.9024097590000001,57,1,4921.0,,9,0,4,2,0.0
63011,0,0.08022362599999999,67,0,0.322066175,4200.0,7,0,1,0,0.0
63012,0,0.286350518,48,0,0.098369805,43000.0,13,0,2,0,5.0
63013,0,0.023033134,39,0,0.20143884899999998,1250.0,19,0,0,0,0.0
63014,0,0.007866142,62,0,3.0,,3,0,0,0,
63015,0,0.8603568659999999,30,1,2271.0,,11,0,1,0,0.0
63018,0,0.09616244300000001,78,0,0.021996001,5500.0,4,0,0,0,1.0
63020,0,0.9999998999999999,57,0,0.29119207,11500.0,4,0,2,0,0.0
63021,0,0.109362253,57,0,0.401468097,7083.0,11,0,1,0,1.0
63022,0,0.08386107599999999,60,0,2959.0,,9,0,1,0,0.0
63023,0,0.0,24,0,520.0,,2,0,0,0,
63024,0,0.0,35,0,2312.0,,5,0,1,0,0.0
63025,0,0.033978436,57,0,0.008053319,3600.0,3,0,0,0,0.0
63026,1,1.030138552,59,1,0.205264912,3000.0,5,0,0,0,0.0
63027,0,0.03270021,69,0,0.593955919,4400.0,13,0,2,1,1.0
63028,0,0.14971411,58,0,0.6888563759999999,4100.0,5,0,1,0,0.0
63029,0,0.242040938,39,0,0.216518899,15000.0,8,0,1,1,2.0
63034,0,0.9999998999999999,37,0,72.0,,0,1,0,0,0.0
63037,0,0.038791431,33,0,0.303198887,2875.0,6,0,1,0,0.0
63038,0,0.073813113,81,1,1941.0,,9,0,3,0,0.0
63041,0,0.045881032999999995,52,0,0.5205237079999999,2825.0,9,0,2,0,0.0
63042,0,0.9999998999999999,54,0,0.049851632,3369.0,2,2,0,0,0.0
63044,0,0.8989700340000001,69,0,0.473493491,7450.0,7,0,1,0,3.0
63045,1,0.9999998999999999,58,0,0.0,3100.0,0,1,0,0,4.0
63046,0,0.006325949,81,0,0.0029154520000000002,2400.0,6,1,0,0,0.0
63050,0,0.0,82,0,0.0,,2,0,0,0,
63053,0,0.868603043,61,3,1735.0,,14,0,2,1,0.0
63055,0,0.273763607,41,0,0.270158689,7750.0,4,0,1,0,1.0
63056,0,0.057445341,81,0,0.172003175,3778.0,15,0,1,0,0.0
63057,0,0.623562336,56,0,0.545754199,6370.0,18,0,2,0,0.0
63058,0,0.018170178000000002,60,0,0.49152354600000003,9024.0,5,0,2,0,1.0
63060,1,0.057911027000000004,33,0,93.0,,4,0,0,0,0.0
63061,0,0.045330815,60,0,0.10290313300000001,6957.0,4,0,0,0,0.0
63062,0,0.8005571859999999,50,0,3.527060783,1200.0,12,0,2,0,2.0
63064,0,0.009873322,75,0,0.274817883,7000.0,16,0,1,0,1.0
63065,0,0.486691826,61,0,0.427178899,6975.0,10,0,2,0,0.0
63066,0,0.629922385,39,0,0.252082837,4200.0,5,0,1,0,0.0
63067,0,0.020025925,53,0,0.35341164700000005,4000.0,8,0,1,0,0.0
63068,0,0.96402056,30,0,0.129826897,1501.0,7,0,0,0,1.0
63069,0,0.014911761,67,0,0.009307135,2900.0,9,0,0,0,1.0
63072,0,0.724938565,36,0,0.31061489800000003,6000.0,6,0,1,0,3.0
63074,0,0.196788144,46,0,0.275798412,10833.0,7,0,2,0,3.0
63075,0,0.698129485,57,0,0.484748348,3933.0,12,0,1,0,1.0
63076,0,0.131835167,46,0,0.714906562,2300.0,13,0,1,0,1.0
63078,0,0.038974026,62,0,0.20941132399999998,10667.0,6,0,1,0,2.0
63079,0,0.053109425,47,0,0.23475169399999998,9000.0,6,0,1,0,1.0
63080,0,0.705053245,52,2,0.30899056199999997,12501.0,6,0,1,0,2.0
63082,0,0.070909679,67,0,0.130161943,4939.0,5,0,1,0,0.0
63083,1,0.39922868200000006,42,1,0.37600585200000003,4100.0,10,0,1,0,0.0
63084,0,0.958849319,50,2,0.361106482,6000.0,8,0,1,1,1.0
63085,0,0.012692818,77,0,0.004498875,4000.0,7,0,0,0,0.0
63087,0,0.043960276,77,0,0.260632497,3667.0,8,0,1,0,0.0
63088,0,0.805127602,57,1,1247.0,,5,0,0,0,0.0
63089,0,0.009677823,86,0,0.056446574000000006,4800.0,9,0,0,0,1.0
63090,0,0.03693736,75,0,0.300909091,4399.0,14,0,2,0,0.0
63091,0,0.15637983800000002,66,0,1011.0,,8,0,1,0,0.0
63092,0,0.9999998999999999,32,0,0.11636971,8979.0,2,0,0,0,0.0
63093,0,0.44710578799999995,29,0,0.219356708,3450.0,4,0,0,0,2.0
63095,0,0.077447031,65,0,80.0,,12,0,0,0,0.0
63097,0,0.0007999680000000001,36,0,3200.0,,10,0,2,0,1.0
63098,0,0.0,33,0,0.266746651,5000.0,5,0,1,0,0.0
63099,0,0.9214360540000001,48,2,0.118389897,3800.0,3,0,0,1,4.0
63100,0,0.34879418700000003,57,0,5217.0,,10,0,2,0,0.0
63102,0,0.49226031,57,0,0.592045328,9000.0,5,0,2,0,0.0
63103,0,0.9999998999999999,49,1,152.0,,1,1,0,0,0.0
63104,0,0.06288686,60,0,0.38519072600000004,4010.0,11,0,2,0,0.0
63105,0,0.054592308,41,0,0.228554289,3333.0,5,0,0,0,0.0
63106,0,0.37655137200000005,70,0,0.294018309,11250.0,16,0,2,0,2.0
63108,0,0.9999998999999999,51,0,1049.0,,1,0,1,0,0.0
63110,0,0.00010203799999999999,63,0,0.18038024,12833.0,7,0,1,0,3.0
63111,0,0.42592710799999994,43,0,0.6238960170000001,6000.0,9,0,2,0,2.0
63113,0,0.325118317,49,1,0.044762200999999995,6433.0,6,0,0,0,0.0
63114,0,0.16741661300000002,42,0,70.0,,1,0,0,0,0.0
63116,0,0.0,64,0,1934.0,,9,0,1,0,0.0
63117,0,0.07647694099999999,62,0,0.332204483,6200.0,5,0,1,0,1.0
63118,0,0.192184203,36,0,0.35125448,5300.0,8,0,0,0,2.0
63120,0,0.21837549899999997,40,1,0.386004515,3100.0,10,0,1,0,0.0
63122,0,0.051655667,38,0,2696.0,,6,0,1,0,0.0
63123,0,0.145770846,50,1,0.549781721,7100.0,10,0,2,1,2.0
63124,0,0.12148597,66,0,1.144969556,3448.0,11,0,2,0,1.0
63125,0,0.134408028,45,1,0.318657261,4110.0,10,0,1,1,1.0
63126,0,0.34551122,54,0,0.261303287,13933.0,12,0,2,0,1.0
63128,0,0.15290600199999999,53,0,0.471006443,4500.0,12,0,2,0,2.0
63129,0,0.9999998999999999,24,0,0.002855103,1400.0,1,0,0,0,0.0
63130,0,0.045938827,56,0,0.183659431,13083.0,5,0,1,0,4.0
63131,0,0.21971679800000002,58,1,0.257341577,1293.0,5,0,0,0,0.0
63133,0,0.018560884,68,0,0.10998625199999999,8000.0,11,0,0,0,0.0
63136,0,0.421812271,30,0,0.233004532,3750.0,5,0,0,0,0.0
63137,1,0.006662225,38,2,0.319971195,4165.0,12,0,1,0,1.0
63138,0,0.059313562,24,0,0.0019546520000000003,2557.0,2,0,0,0,0.0
63139,0,0.208081426,50,0,0.500293945,1700.0,7,0,0,0,0.0
63141,0,0.008148881,53,0,0.263184204,4000.0,17,0,1,0,2.0
63143,0,0.0,31,0,2692.0,,6,0,1,0,1.0
63144,1,0.9999998999999999,42,1,0.0,1250.0,1,0,0,0,0.0
63145,0,0.831721768,64,2,0.846412287,12500.0,11,0,3,0,3.0
63147,0,0.074814728,53,0,0.941313944,3850.0,14,0,4,0,0.0
63149,0,0.003922097,78,0,0.11965812,6200.0,6,0,1,0,0.0
63151,0,0.0,41,0,1506.0,,11,0,1,0,0.0
63152,0,0.0,28,0,0.0,3333.0,2,0,0,0,0.0
63155,1,0.9999998999999999,57,1,139.0,,1,3,0,0,0.0
63156,0,0.688136897,29,0,0.305515759,5583.0,8,0,2,0,1.0
63157,0,0.029240419,78,0,38.0,,7,0,0,0,
63158,0,0.024271624,45,0,2139.0,,3,0,1,0,0.0
63159,0,0.234848163,65,0,0.012424689,40000.0,4,0,0,0,0.0
63160,0,0.9999998999999999,62,0,0.19789116899999998,5310.0,2,0,1,0,3.0
63162,0,0.043868610999999995,63,0,42.0,,1,0,0,0,0.0
63163,0,0.0,40,0,3061.0,,4,0,1,0,0.0
63164,0,0.035463019,90,0,0.002319814,12500.0,5,0,0,0,0.0
63165,0,0.043894964,77,0,0.116574521,8500.0,8,0,1,0,0.0
63166,0,0.0,41,0,0.140384371,7856.0,4,0,1,0,3.0
63167,0,0.273658464,61,0,0.335857056,9905.0,12,0,1,0,0.0
63168,0,0.026358946,69,0,23.0,,4,0,0,0,0.0
63170,0,0.083983402,39,1,0.930827669,2500.0,8,0,1,0,0.0
63172,0,0.147511346,38,2,0.22741917600000003,9000.0,12,0,1,0,3.0
63173,0,0.0,41,0,2683.0,,8,0,1,0,0.0
63178,0,0.269162588,53,0,0.320503145,11924.0,8,0,2,0,1.0
63179,0,0.0069115109999999995,87,0,0.000995421,5022.0,3,0,0,0,0.0
63180,0,0.162414065,37,1,0.22323214,5500.0,13,0,1,0,2.0
63181,0,0.9999998999999999,50,0,785.0,,2,0,1,0,0.0
63183,0,0.004708322,56,0,0.302935765,12500.0,11,0,2,0,1.0
63186,1,0.97624016,61,1,0.7646582,3700.0,5,2,0,1,2.0
63187,0,0.09810555900000001,37,0,4175.0,,8,0,3,0,0.0
63190,0,0.033878367,45,0,0.00408905,2200.0,2,0,0,0,0.0
63191,0,0.29932335600000004,43,0,2821.0,,6,0,1,0,0.0
63193,1,0.82394084,53,0,0.439491773,4800.0,13,0,0,0,0.0
63195,0,0.140514461,43,0,2643.0,,3,0,1,0,0.0
63196,0,0.025618558,39,0,0.907516515,5600.0,19,0,3,0,0.0
63197,0,0.014116925,38,0,0.034440618,9000.0,7,0,0,0,2.0
63198,1,0.8305647840000001,52,0,7.0,,2,0,0,0,
63199,0,0.171603604,64,0,0.17202495199999998,4167.0,13,0,0,0,0.0
63200,0,0.135131211,39,0,2210.0,,7,0,2,0,0.0
63201,0,0.28888254,37,0,0.456081081,7103.0,11,0,2,0,0.0
63202,0,0.9999998999999999,36,0,4142.0,,7,0,2,0,0.0
63205,0,0.026709485,59,0,0.143605371,10500.0,5,0,1,0,0.0
63207,0,0.054189162,31,0,18.0,,1,0,0,0,1.0
63209,0,0.7742451509999999,56,0,0.172773051,5758.0,5,0,0,0,0.0
63210,0,0.647362978,84,0,0.021595681000000002,5000.0,2,2,0,1,0.0
63211,0,0.06212919099999999,36,0,0.473670177,7500.0,4,0,2,0,0.0
63212,0,0.41899164200000005,39,0,0.193367471,4100.0,10,0,0,0,0.0
63213,0,0.36963228299999995,63,0,8832.0,,17,0,4,0,2.0
63214,0,0.9999998999999999,66,0,3610.0,0.0,5,0,1,0,0.0
63216,0,0.223796752,68,0,0.42037422,4809.0,13,0,1,0,0.0
63217,0,0.9999998999999999,26,0,175.0,,3,0,0,0,0.0
63220,0,0.07015405799999999,35,0,0.093187575,7500.0,4,0,0,0,3.0
63221,0,0.32241436100000004,59,0,0.408551069,10524.0,25,0,2,0,1.0
63222,0,0.18372017,57,0,4124.0,,10,0,1,1,2.0
63225,0,0.673573938,52,0,0.287384177,7014.0,15,0,1,0,2.0
63226,0,0.23435219300000001,56,1,0.8415628359999999,6500.0,13,0,2,0,0.0
63227,0,0.040298581,70,0,0.26011382899999996,6500.0,13,0,1,0,0.0
63228,0,0.717856429,32,0,0.026524541000000002,4033.0,1,0,0,0,0.0
63229,0,0.35326227600000004,31,0,0.5959175170000001,4800.0,12,0,1,0,1.0
63231,0,0.0,49,0,0.10568409,3500.0,3,0,0,0,1.0
63233,1,0.9999998999999999,79,0,10.0,,2,0,0,0,0.0
63237,0,0.070744105,39,0,641.0,1.0,4,0,1,0,0.0
63238,0,0.7034998029999999,37,0,0.337864854,2500.0,9,0,0,0,1.0
63239,0,0.56425188,73,0,5224.0,,13,0,2,0,0.0
63240,0,0.13232291599999998,52,0,0.276430892,4000.0,19,0,1,0,0.0
63241,0,0.502691432,41,0,0.128703872,5500.0,4,0,0,0,2.0
63242,0,0.008267049,60,0,817.0,,7,0,1,0,0.0
63243,0,0.0,35,0,0.191978961,6083.0,6,0,2,0,0.0
63244,0,0.05316434900000001,82,0,0.263518385,2773.0,9,0,1,0,0.0
63245,0,0.058408224,52,0,0.297888976,8952.0,15,0,1,0,0.0
63246,1,0.735594269,53,1,0.347556682,7100.0,7,1,2,4,1.0
63247,0,0.02838728,54,0,0.220540889,6211.0,5,0,1,0,0.0
63250,1,0.430923537,36,0,4075.0,,19,0,2,0,0.0
63251,0,0.035116787000000003,72,0,0.129374125,5000.0,9,0,1,0,1.0
63252,0,0.727609407,35,0,0.136203246,4250.0,6,0,0,0,0.0
63253,0,0.0,37,1,1.331516803,1100.0,7,0,1,0,1.0
63254,1,0.7035916329999999,28,0,1.5426594930000002,1300.0,5,0,2,0,0.0
63255,0,0.0,68,0,0.0,5270.0,5,0,0,0,0.0
63256,0,0.459108178,35,0,0.294907841,3200.0,4,0,1,0,3.0
63257,0,0.050641165,50,0,9.0,,1,0,0,0,0.0
63258,0,0.0,80,0,0.011831361,6000.0,8,0,0,0,0.0
63259,0,0.8631015259999999,53,0,0.19714336100000002,5670.0,4,0,0,0,0.0
63261,0,0.9999998999999999,63,0,0.259792166,1250.0,5,0,0,0,0.0
63262,0,0.01791592,84,0,0.002190581,5477.0,5,0,0,0,0.0
63264,0,0.033042261,60,0,0.271246965,7000.0,21,0,2,0,0.0
63265,0,0.698304438,39,0,0.652946316,10300.0,15,0,3,0,2.0
63268,0,0.021653467000000003,60,0,0.007057786,6800.0,11,0,0,0,0.0
63271,1,3.8622754489999997,54,0,0.026216396,4500.0,0,2,0,2,0.0
63272,0,0.007054633,73,0,0.003444317,2612.0,10,0,0,0,0.0
63273,0,0.006176244,68,0,138.0,,4,0,1,0,0.0
63274,0,0.36102558799999995,47,0,0.11856696,3516.0,3,0,0,0,0.0
63275,1,1.155649372,36,0,0.19524224,3446.0,2,3,0,1,2.0
63278,0,0.009267345,50,0,0.343327454,1700.0,6,0,2,0,0.0
63280,0,0.752662928,45,0,0.925054113,3695.0,5,0,1,0,0.0
63281,0,0.016444991000000003,66,0,0.294603033,4483.0,6,0,1,0,0.0
63282,0,0.160662395,57,0,0.048494398,5711.0,23,0,0,0,0.0
63283,0,0.332974387,53,0,0.168330956,4205.0,7,0,0,0,0.0
63284,0,0.17983000899999999,69,1,1.096620657,2100.0,29,0,2,0,1.0
63285,0,0.0,69,0,0.512357678,3600.0,5,0,1,0,0.0
63286,0,0.6422723579999999,50,0,0.24125981,9810.0,8,0,3,0,0.0
63288,0,0.01179941,61,0,0.45013746600000004,4000.0,12,0,1,0,0.0
63289,0,0.005383235,55,0,0.032459226,12507.0,3,0,0,0,2.0
63290,0,0.060327335,53,1,0.281987388,19663.0,10,0,1,0,3.0
63291,0,0.11296611599999999,37,0,0.43991699700000003,5300.0,23,0,1,0,0.0
63292,0,0.5285812360000001,57,0,0.56821779,9476.0,12,0,5,0,1.0
63293,0,0.847659705,35,0,0.21401702600000003,5050.0,7,0,0,0,4.0
63295,0,0.505354148,44,0,0.13693940400000001,2920.0,4,0,0,0,1.0
63296,0,0.754543511,54,0,0.832788077,2750.0,20,0,1,0,0.0
63297,0,0.0,47,0,0.24221651,3500.0,10,0,1,0,0.0
63298,0,0.121637871,64,0,0.35102664899999997,4577.0,7,0,1,0,0.0
63306,0,0.447131829,47,0,0.558402861,5033.0,9,0,1,0,2.0
63307,0,0.022147177999999997,57,1,0.33646548600000004,8300.0,9,0,1,0,0.0
63308,0,0.877415057,24,5,0.132592768,4230.0,6,2,0,1,0.0
63310,0,0.9999998999999999,29,0,947.0,,7,0,0,0,0.0
63311,0,0.5164989000000001,35,0,927.0,,3,0,0,0,0.0
63316,0,0.763163741,26,0,0.25263345800000003,5600.0,4,0,0,0,0.0
63317,0,0.257870862,75,0,0.7145356829999999,8000.0,11,0,2,0,0.0
63318,0,0.0,28,0,520.0,,3,0,0,0,
63321,0,0.166177874,64,0,0.029316255,11085.0,7,0,0,0,1.0
63322,0,0.138788897,36,0,0.286328725,3254.0,5,0,1,0,0.0
63323,0,0.121250595,34,0,0.603358657,2500.0,8,0,2,0,1.0
63324,0,0.305738852,60,0,0.05359732,20000.0,6,0,0,0,2.0
63325,0,0.055012240999999996,63,0,0.10295408,13675.0,8,0,0,0,0.0
63326,0,0.195182925,65,0,0.089253838,2800.0,7,0,0,0,0.0
63327,0,0.6351166770000001,40,0,4515.0,,18,0,3,0,0.0
63329,0,0.12124203300000001,48,0,0.526589364,2500.0,12,0,1,0,1.0
63330,0,0.9872025590000001,34,0,148.0,,1,0,0,0,0.0
63332,0,0.098576353,38,0,0.207654415,7916.0,5,0,1,0,5.0
63333,0,0.017224569,87,0,0.001904581,10500.0,7,0,0,0,0.0
63334,0,0.07591034099999999,41,0,170.0,,2,0,0,0,1.0
63335,0,0.031841998999999996,58,0,0.430065135,5833.0,13,0,1,0,1.0
63336,0,0.380436092,30,0,693.0,,12,0,1,0,
63337,0,0.085756687,75,0,1605.0,,11,0,2,0,
63338,0,0.333533328,63,0,0.513920671,5243.0,6,0,2,0,0.0
63339,0,0.282346679,44,0,0.301960341,17700.0,6,0,2,0,2.0
63341,0,0.14533010400000002,53,1,0.399970493,6777.0,11,0,2,0,2.0
63342,0,0.69030969,49,0,0.305932015,4500.0,6,0,1,0,2.0
63344,0,0.03330333,67,0,0.9005929540000001,5733.0,14,1,3,0,0.0
63345,0,0.57341519,32,0,0.959563835,2200.0,10,0,1,0,0.0
63346,1,0.544953916,45,0,0.406966321,7808.0,12,0,2,0,1.0
63347,0,0.0,62,0,0.501249375,2000.0,6,0,0,0,0.0
63348,0,0.052639803,41,1,0.017979144,5561.0,2,0,0,0,0.0
63350,0,0.899889541,56,2,0.5583203729999999,4500.0,8,0,2,0,0.0
63351,0,0.36338809299999997,58,0,0.577819678,5833.0,12,0,1,0,1.0
63354,0,0.041594453999999996,59,0,2032.0,,3,0,1,0,0.0
63355,0,0.013726424,62,0,524.0,,6,0,1,0,0.0
63356,0,0.934106873,54,0,0.650206681,8950.0,12,0,2,0,0.0
63359,0,0.66570373,34,0,0.420493596,3200.0,7,0,0,0,2.0
63360,0,0.105622005,45,0,0.614395887,3500.0,13,0,1,0,1.0
63361,0,0.10953279,52,1,311.0,,5,0,0,0,
63362,0,0.65972896,62,0,0.11564739199999999,6000.0,15,0,0,0,0.0
63363,0,0.013599505,64,0,0.09598400300000001,6000.0,5,0,1,0,2.0
63364,0,0.884334444,37,0,0.368281938,5674.0,10,0,1,0,5.0
63366,0,0.452493808,74,0,0.45306950799999995,3941.0,9,0,1,0,0.0
63368,0,0.034665383,58,0,0.5062417,3764.0,6,0,2,0,3.0
63369,0,0.657342657,23,1,0.510496672,1952.0,3,0,0,0,0.0
63370,0,0.02297895,42,0,0.642512077,1241.0,9,0,1,0,0.0
63374,0,0.050354785,47,0,1.2431712190000002,1500.0,11,0,1,0,0.0
63375,0,0.587382602,71,0,1.248636859,916.0,4,0,0,0,0.0
63376,0,0.9999998999999999,40,0,1132.0,,2,0,1,0,0.0
63377,0,0.9999998999999999,54,0,0.080814027,23782.0,6,0,1,0,3.0
63378,0,0.547125194,56,0,0.260644206,2700.0,8,0,0,0,1.0
63379,0,0.07714857,87,0,119.0,,9,0,0,0,0.0
63380,0,0.122797271,39,0,0.162757718,9166.0,5,0,1,0,0.0
63381,0,0.6888309429999999,56,2,0.866957105,2983.0,4,0,1,0,0.0
63382,0,0.237261926,73,0,0.482687693,5833.0,8,0,1,0,0.0
63384,0,0.044838635,79,0,718.0,,22,0,2,0,1.0
63385,0,0.618305453,57,0,0.637670114,9184.0,8,0,3,0,0.0
63387,0,0.24776991199999998,44,0,0.03328096,7000.0,2,0,0,0,2.0
63388,0,0.085672684,53,0,0.139897145,13416.0,7,0,1,0,2.0
63389,0,0.019420198,55,0,0.156404812,2825.0,12,0,0,0,0.0
63390,0,0.08238933799999999,56,0,0.141201611,12166.0,7,0,1,0,0.0
63391,0,0.796166523,45,0,0.485077519,10319.0,14,0,2,0,4.0
63394,0,0.029932728,62,0,0.469823404,5152.0,16,0,1,0,0.0
63396,1,0.9999998999999999,40,0,0.0,2231.0,0,2,0,0,3.0
63398,0,0.616853406,57,0,0.798550455,5380.0,14,0,2,0,0.0
63399,0,0.953669755,47,0,0.37507050200000003,3545.0,4,0,1,1,0.0
63400,0,1.00439912,27,0,0.467092474,3600.0,4,0,1,0,2.0
63402,0,0.951744376,46,0,0.649131159,4200.0,5,0,2,0,1.0
63403,0,0.095024459,44,1,2.2567432569999997,1000.0,12,0,1,0,2.0
63405,0,0.9999998999999999,76,0,0.332472294,12000.0,3,0,1,0,0.0
63406,0,0.45406344,49,0,0.534669431,4340.0,12,0,1,0,0.0
63407,0,0.661035445,61,0,0.370662934,10000.0,17,0,2,0,1.0
63408,0,0.626573764,35,0,0.580383923,6667.0,8,0,3,0,2.0
63409,0,0.155294968,49,0,2584.0,0.0,6,0,2,0,2.0
63410,1,0.982252218,59,2,0.67844052,3000.0,3,1,1,1,0.0
63411,1,0.9999998999999999,34,8,0.054389122000000005,5000.0,8,2,0,0,1.0
63412,0,0.039462759,47,0,0.19019049,6666.0,10,0,1,0,2.0
63413,0,0.7020668990000001,50,0,1.2942411520000001,3333.0,16,0,1,0,1.0
63414,0,0.032316403,41,0,0.13957208599999998,5000.0,16,0,0,0,0.0
63415,0,0.0043734709999999994,54,0,0.052858684,2780.0,11,0,0,0,0.0
63416,0,0.015408564,50,0,0.536447919,5500.0,11,0,1,0,3.0
63422,0,0.0,30,1,0.009117083,2083.0,7,0,0,0,0.0
63423,0,0.263934016,27,0,0.499571551,3500.0,4,0,1,0,0.0
63424,0,0.074269222,57,0,0.233517342,9600.0,14,0,1,0,1.0
63425,0,0.0,55,0,0.423380185,2916.0,7,0,2,0,0.0
63426,0,0.210211105,53,0,0.185204967,7488.0,6,0,1,0,0.0
63427,0,0.00373325,88,0,0.001030751,5820.0,7,0,0,0,0.0
63428,0,0.129014242,48,1,0.17359132,20000.0,22,0,3,1,4.0
63430,0,0.19976813300000001,43,4,1.420401855,5175.0,13,0,6,0,3.0
63431,0,0.112044398,42,0,0.274800812,6400.0,5,0,2,0,0.0
63435,0,0.287451392,80,0,0.6839546190000001,1850.0,8,0,1,0,0.0
63436,0,0.411884728,46,1,0.328921533,13750.0,8,0,2,0,0.0
63437,0,0.0044999440000000005,50,0,0.001538225,6500.0,5,0,0,0,0.0
63439,0,0.9999998999999999,70,0,0.19309799800000002,7591.0,5,0,0,0,0.0
63442,0,0.070761513,64,0,0.263673633,10000.0,13,0,2,0,0.0
63444,1,0.9999998999999999,50,4,0.416924985,3225.0,6,0,1,0,0.0
63445,0,1.083836351,37,0,0.13657561599999998,1500.0,1,1,0,0,1.0
63447,0,0.958847737,35,0,0.38083034299999996,3901.0,6,0,1,0,3.0
63449,0,0.08060099,63,0,2501.0,,9,0,1,0,1.0
63450,0,0.66991626,54,1,0.38449869,7250.0,9,0,2,0,2.0
63452,0,0.537015433,59,0,0.390717936,11936.0,7,0,2,0,0.0
63453,0,0.0,42,0,1.233941515,4000.0,8,0,4,0,1.0
63454,0,0.038855755,54,0,0.277404108,5500.0,7,0,2,0,0.0
63455,0,0.42907053799999995,40,0,307.0,,3,0,0,0,0.0
63458,0,0.050566364,69,0,0.297681607,6469.0,20,0,1,0,0.0
63459,0,0.0,23,0,0.0,,1,0,0,0,0.0
63461,0,0.09303667199999999,58,0,0.223561487,6968.0,6,0,1,0,0.0
63462,0,0.23035479600000003,77,0,0.644523439,4500.0,17,0,1,0,1.0
63463,0,0.019974501000000002,60,0,1828.0,0.0,9,0,1,0,0.0
63466,1,0.495367295,40,0,0.9824636440000001,2337.0,18,0,1,0,3.0
63467,0,0.12802707,56,0,2140.0,,14,0,1,1,
63468,0,0.02558312,48,0,90.0,,8,0,0,0,0.0
63469,0,0.086490724,86,0,0.037951438,4900.0,10,0,0,0,1.0
63470,0,0.027515300000000003,37,0,0.106519131,7500.0,12,0,1,0,3.0
63471,0,0.201491038,68,0,0.236565781,6475.0,5,0,1,0,0.0
63472,0,0.003568415,34,0,1.0802178759999999,4038.0,16,0,3,0,0.0
63473,0,0.032746593,61,0,0.135975277,5500.0,14,0,0,0,1.0
63475,0,0.031936128,49,0,0.157134925,1800.0,3,0,0,0,0.0
63476,0,0.066026309,59,1,0.703510601,5753.0,9,0,2,0,0.0
63478,0,0.11617265,64,0,0.075934301,4200.0,5,0,0,0,1.0
63480,0,0.077134174,52,0,0.011300687,9025.0,5,0,0,0,2.0
63481,0,0.0,47,1,0.311173255,7866.0,6,0,2,0,1.0
63482,0,0.784334105,35,0,0.451968105,7900.0,8,0,1,0,4.0
63485,0,0.775708313,44,0,2167.0,,6,0,1,0,1.0
63488,0,0.064827645,58,0,0.349050889,9903.0,8,0,2,0,1.0
63490,0,0.685976661,39,0,0.38474011399999997,11100.0,9,0,2,0,2.0
63491,0,0.564789771,41,0,3085.0,,5,0,2,0,0.0
63492,0,0.36675830200000004,73,0,0.43212485799999995,6150.0,15,0,1,0,1.0
63493,0,0.003481557,72,1,0.423430628,2500.0,13,0,0,0,0.0
63494,0,0.217256487,76,0,7960.0,,29,0,3,0,1.0
63495,0,0.00138905,76,0,3.0,,6,0,0,0,0.0
63496,0,0.10036789199999999,51,0,0.47453703700000005,4319.0,9,0,1,0,2.0
63498,0,0.917138206,31,0,0.376870748,2939.0,9,0,0,0,3.0
63499,0,0.05714957,51,0,0.332550336,5959.0,9,0,1,0,2.0
63500,0,0.026664889,32,0,0.20697723899999998,4700.0,7,0,2,0,0.0
63501,1,1.128368727,31,1,0.192992112,5450.0,4,0,0,1,1.0
63502,0,0.0033994190000000003,56,0,1677.0,,7,0,1,0,0.0
63503,0,0.07601248599999999,62,0,168.0,,5,0,0,0,0.0
63504,0,0.002041981,48,0,0.000333222,3000.0,7,0,0,0,1.0
63506,0,0.61063881,50,1,0.323425793,65000.0,24,0,17,0,0.0
63507,0,0.024170737999999997,48,0,954.0,,4,0,1,0,0.0
63508,0,0.5725500729999999,50,0,0.394822006,12050.0,13,0,1,0,0.0
63509,0,0.14781893699999998,77,0,0.09458108400000001,5000.0,6,0,1,0,0.0
63510,1,0.7122207620000001,41,0,0.362212596,3000.0,9,1,0,0,3.0
63511,0,0.324270273,64,0,0.625642784,5833.0,9,0,4,0,0.0
63512,1,0.856391373,38,0,539.0,,5,1,0,1,0.0
63513,0,0.858175675,54,0,0.413055158,11167.0,9,0,1,0,1.0
63514,0,0.089989407,63,0,1494.0,,12,0,0,0,1.0
63515,0,0.984499128,45,2,1289.0,,8,0,0,0,0.0
63519,0,0.000206308,85,0,0.0,3966.0,6,0,0,0,0.0
63520,0,0.439307819,42,2,0.282684442,6600.0,9,0,1,0,0.0
63521,0,0.9999998999999999,25,1,50.0,,2,1,0,0,1.0
63523,0,0.0,56,1,0.30161509999999997,5138.0,6,0,2,0,3.0
63524,0,0.449611539,54,0,0.898842169,1640.0,12,0,1,1,0.0
63526,0,0.004342609,57,0,0.5648496239999999,2127.0,3,0,1,0,0.0
63527,0,0.064214811,46,0,2817.0,,8,0,1,0,0.0
63528,0,0.024954523,77,0,0.015769626000000002,5833.0,12,0,0,0,0.0
63529,0,0.027632967999999997,79,0,101.0,0.0,10,0,0,0,0.0
63530,0,0.90941588,31,0,0.643969275,4816.0,9,0,2,0,0.0
63531,0,0.9800021740000001,43,1,0.343653251,2583.0,4,1,0,0,0.0
63532,0,0.313947019,65,0,0.39125,7999.0,14,0,2,0,0.0
63533,0,0.258225796,44,0,0.313785637,5541.0,8,0,1,0,2.0
63534,0,0.0079996,80,0,8.0,,4,0,0,0,0.0
63535,0,0.13947331,46,0,0.140103242,12397.0,12,0,1,0,3.0
63536,0,0.004943948,49,0,0.381729921,6797.0,10,0,2,0,0.0
63537,0,0.038337683,63,0,0.62745098,2600.0,7,0,1,0,0.0
63539,0,0.132429379,69,0,0.256927264,8083.0,11,0,2,0,0.0
63540,0,0.0,79,0,0.0,,3,0,0,0,0.0
63542,0,0.0,34,0,1308.0,,3,0,1,0,0.0
63543,0,0.6750211209999999,40,0,0.902124115,2400.0,13,0,0,0,1.0
63545,0,0.0,37,0,699.0,,4,0,1,0,3.0
63546,0,0.016561465,29,0,0.8058035709999999,3583.0,6,0,2,0,0.0
63547,0,0.409758965,27,1,0.33247918,1560.0,7,0,0,0,1.0
63549,0,0.159724933,71,0,0.711174581,2800.0,12,0,3,0,0.0
63550,0,0.9999998999999999,36,0,0.0,3159.0,0,1,0,0,1.0
63555,0,0.43189300700000005,56,1,0.483551645,10000.0,11,0,2,0,1.0
63556,0,0.09601808,50,0,0.315509225,13333.0,6,0,2,0,0.0
63558,0,0.9529566840000001,45,0,0.394753279,1600.0,2,0,0,0,0.0
63560,1,0.5666913570000001,45,2,0.7580587390000001,5583.0,8,0,2,0,1.0
63563,0,0.34846528299999996,57,0,0.544805427,2800.0,7,0,0,0,0.0
63564,0,0.9999998999999999,52,0,0.0,,3,0,0,0,0.0
63565,0,0.02702189,43,0,0.9687174140000001,3835.0,17,0,2,0,0.0
63567,0,0.748402243,39,0,0.516147416,5263.0,11,0,1,0,3.0
63570,0,0.043296127000000004,26,0,0.105504587,2833.0,6,0,0,0,0.0
63571,0,0.9838744359999999,64,0,0.668837847,8750.0,4,0,1,0,0.0
63572,0,0.110405918,58,0,0.582070262,8510.0,18,0,2,0,0.0
63575,0,1171.0,87,0,43.0,,4,0,0,0,0.0
63577,0,0.9999998999999999,71,0,0.001589264,11325.0,1,0,0,0,0.0
63578,0,0.02492116,67,0,0.36439641100000003,4903.0,8,0,4,0,0.0
63579,0,0.078757114,36,2,0.140642303,2708.0,3,0,0,0,0.0
63580,0,0.21554937600000001,43,0,0.112385015,7500.0,8,0,0,0,2.0
63581,0,0.0,48,0,0.292426893,4000.0,15,0,1,0,0.0
63582,0,0.068616889,58,0,0.04608585900000001,1583.0,2,0,0,0,0.0
63583,0,0.395546722,58,0,0.28512656399999997,17500.0,9,0,2,0,4.0
63584,0,0.703580691,54,0,0.5311098329999999,8694.0,16,0,1,0,1.0
63586,0,0.15190276,48,0,0.23840298699999998,6962.0,6,0,1,0,0.0
63587,0,0.7707184509999999,29,0,0.22374364800000002,7083.0,3,0,0,0,0.0
63588,0,0.44739880299999996,70,0,0.356321839,7220.0,6,0,2,0,0.0
63590,1,0.792241552,49,0,0.09401865699999999,5466.0,4,0,0,0,1.0
63591,0,0.696541602,57,0,3854.0,,13,0,2,0,0.0
63592,0,0.405397031,74,0,0.527191299,3125.0,14,0,1,0,0.0
63598,0,0.031278578,66,0,909.0,,12,0,1,0,0.0
63599,0,0.44724494200000003,52,0,0.15150276,14672.0,6,0,1,0,1.0
63600,0,0.013183493999999999,50,0,0.240687679,5583.0,10,0,2,0,5.0
63602,0,0.9999998999999999,70,0,0.17578622100000002,5500.0,3,0,1,0,0.0
63603,0,0.043347435999999996,64,0,3720.0,,9,0,4,0,0.0
63606,0,0.8387025109999999,64,0,0.467207995,1600.0,7,0,0,0,0.0
63607,1,0.23451032600000002,23,0,0.14395886900000002,2333.0,2,0,0,0,0.0
63609,0,0.510619575,61,0,0.6737142859999999,3499.0,16,0,2,0,0.0
63610,0,0.062816307,74,0,0.271298847,9800.0,12,0,2,0,0.0
63613,0,0.262638167,49,0,0.479586736,6000.0,14,0,1,0,0.0
63614,0,0.0,47,4,0.558422228,4030.0,8,1,1,0,4.0
63615,0,0.323087364,58,0,4257.0,0.0,25,0,2,0,0.0
63616,0,0.003386287,46,1,0.10963138,22000.0,7,0,1,0,1.0
63617,0,0.054961727,56,0,2392.0,,9,0,2,0,0.0
63618,0,0.197877697,46,0,0.674635949,4600.0,7,0,1,0,3.0
63620,0,0.884411559,30,0,0.40943458299999996,6083.0,7,0,2,0,1.0
63621,0,0.324542216,51,0,0.267893661,4400.0,3,0,2,0,2.0
63622,0,0.061674672,58,0,0.333401125,14750.0,14,0,3,0,2.0
63623,0,0.83344437,80,0,0.00834461,4433.0,1,0,0,0,1.0
63624,0,0.160715406,49,0,0.757103768,4750.0,24,0,1,0,0.0
63625,0,0.47164840399999997,50,0,0.68137439,5325.0,8,0,2,2,0.0
63626,0,0.964925775,43,0,0.9320449670000001,7916.0,8,0,3,0,2.0
63627,0,0.27120299,40,0,0.903044993,6600.0,11,0,2,0,3.0
63628,0,0.001866617,60,0,1395.0,,7,0,1,0,
63630,1,0.069723888,40,0,0.037488285,3200.0,10,0,0,0,2.0
63631,0,0.073933793,54,0,0.169535733,3833.0,10,0,1,0,0.0
63633,0,0.00134253,60,0,0.0,7000.0,4,0,0,0,4.0
63634,0,0.15946901900000002,39,0,0.252885385,8750.0,11,0,2,0,2.0
63636,0,0.945430799,52,0,0.5367114789999999,16438.0,13,0,6,0,1.0
63640,0,0.021449605,53,0,0.00921388,5100.0,9,0,0,0,0.0
63641,0,0.149449728,50,0,0.019433985,8232.0,7,0,0,0,2.0
63643,0,0.520653775,37,0,0.44454699299999995,6500.0,10,0,2,0,1.0
63644,0,0.039236541,35,0,0.277244723,9900.0,14,0,1,0,1.0
63646,0,0.09354383599999999,50,0,0.24102466399999997,10500.0,15,0,1,0,0.0
63647,0,0.0,43,0,4107.0,,11,0,3,0,0.0
63649,0,0.37340406,65,0,0.47285601899999996,5083.0,11,0,1,0,0.0
63650,0,0.014452116000000001,58,0,0.22004972899999997,8847.0,11,0,1,0,3.0
63651,0,0.020326531999999998,47,0,0.273655304,16750.0,10,0,3,0,1.0
63653,0,0.476118173,41,0,0.158068238,6066.0,13,0,0,1,2.0
63654,0,0.09862515599999999,52,0,0.338760354,3500.0,7,0,1,0,0.0
63655,1,0.6418295589999999,85,0,0.669018225,1700.0,6,0,1,0,0.0
63656,0,0.0,74,0,0.0,7854.0,3,0,0,0,0.0
63657,0,0.183282563,43,0,0.552118039,2100.0,7,0,1,0,0.0
63658,0,0.232798438,68,0,0.46765466899999997,4250.0,6,0,2,0,0.0
63659,0,0.310796693,49,0,0.37415331700000004,9300.0,7,0,2,0,2.0
63660,1,0.134393975,64,2,0.07177395,6617.0,13,0,0,0,0.0
63661,0,0.7253249540000001,58,1,0.074325599,5300.0,7,0,0,0,0.0
63662,0,0.204178692,76,0,0.045986861,3500.0,6,0,0,0,0.0
63663,0,0.272872206,54,0,0.286325428,13323.0,17,0,2,0,1.0
63664,0,0.0,53,0,5847.0,,5,0,2,0,3.0
63665,0,0.191490425,33,0,115.0,,2,0,0,0,0.0
63667,0,0.425562878,48,0,0.06848396799999999,8950.0,6,0,0,0,4.0
63668,0,0.842887375,59,0,0.431548657,11467.0,9,0,2,0,1.0
63669,0,0.006170581,74,0,0.0016798660000000001,4166.0,5,0,0,0,0.0
63670,0,0.011127216,38,0,0.451924679,6000.0,8,0,1,0,3.0
63671,0,0.34205580799999996,38,0,0.630157989,15000.0,15,0,4,0,1.0
63672,0,0.000455437,54,0,0.0,,2,0,0,0,0.0
63673,0,0.9157931420000001,57,0,1.3002332559999998,3000.0,10,1,0,0,1.0
63678,0,0.9486017809999999,48,0,0.21982414100000003,1250.0,3,0,0,0,2.0
63679,0,0.557123952,27,0,448.0,,4,0,0,0,
63680,0,0.218949179,43,0,0.219742292,17383.0,7,0,2,0,3.0
63682,0,0.008555466999999999,62,0,8.0,,3,0,0,0,0.0
63684,0,0.26485805,61,0,0.029037677,8333.0,9,0,0,0,0.0
63685,0,0.09366777800000001,40,0,16.0,,1,0,0,0,0.0
63687,0,0.03452549,77,0,339.0,,12,0,0,0,0.0
63688,0,0.9999998999999999,34,0,0.082418922,4100.0,1,0,0,0,0.0
63689,1,0.290054112,72,2,0.74351832,4666.0,11,0,3,0,0.0
63691,0,0.069637215,40,0,0.336766323,10000.0,7,0,2,0,2.0
63692,1,0.223283206,53,1,0.202449388,4000.0,22,0,0,1,0.0
63693,0,0.524578787,66,0,0.654991726,7251.0,14,0,1,0,1.0
63695,0,0.226658081,34,0,0.766411196,3000.0,10,0,3,0,3.0
63697,0,0.43013323200000003,61,0,3019.0,,9,0,3,0,0.0
63699,0,0.035695791,39,0,0.17846572300000002,12500.0,10,0,1,0,2.0
63700,0,0.048562567,74,0,0.007051865,4395.0,3,0,0,0,0.0
63702,0,0.16504333,47,0,0.473410602,11733.0,25,0,3,0,4.0
63704,0,0.9999998999999999,36,0,0.082415421,5083.0,2,0,0,1,0.0
63705,0,0.044916472,66,0,675.0,,18,0,1,0,0.0
63706,0,0.021209966,73,0,59.0,,10,0,0,0,0.0
63708,0,0.06947722099999999,68,0,0.273180459,11032.0,9,0,1,0,0.0
63710,0,0.722694423,52,0,0.126097867,17533.0,5,0,1,0,0.0
63712,1,0.778637219,44,0,2196.0,,8,2,2,0,1.0
63713,0,0.270011496,64,0,2346.0,,10,0,1,0,0.0
63714,0,0.9999998999999999,81,0,0.07537313400000001,6699.0,7,0,0,0,0.0
63715,0,0.392741603,35,0,0.086918731,2300.0,3,0,0,0,0.0
63717,0,0.006597278000000001,68,0,6.0,,9,0,0,0,0.0
63718,0,0.463381795,69,1,2674.0,,10,0,1,0,0.0
63719,0,1.024973078,41,0,0.147180376,7500.0,2,0,1,0,0.0
63720,0,0.30833560600000004,32,0,0.062821245,1750.0,3,0,0,0,0.0
63721,0,0.174787988,44,0,0.22493095899999999,10500.0,14,0,2,0,4.0
63722,0,0.020028947,54,0,0.329627669,5666.0,14,0,1,0,0.0
63723,0,0.192734292,64,0,0.266460905,4859.0,17,0,1,0,0.0
63724,0,0.9999998999999999,50,0,0.054715623,8333.0,1,0,1,1,0.0
63725,0,0.120687955,32,0,2680.0,,11,0,1,0,0.0
63728,1,0.9999998999999999,33,1,0.266163075,4500.0,4,0,1,0,0.0
63730,0,0.027247407999999997,46,0,1778.0,,7,0,2,0,0.0
63731,0,0.023322843,71,0,0.009307972,2470.0,2,0,0,0,0.0
63733,0,0.325492652,57,0,0.82510259,7066.0,21,0,3,0,2.0
63736,0,0.35054639,62,0,147.0,0.0,3,0,0,0,0.0
63737,0,0.13183472699999998,67,0,1.883246701,2500.0,5,0,3,0,1.0
63738,0,0.9999998999999999,68,0,0.703007519,1063.0,5,0,0,0,0.0
63740,0,0.017101399,49,0,2181.0,,7,0,2,0,3.0
63741,0,0.273657545,37,0,0.31027589,2500.0,7,0,1,0,0.0
63743,0,0.053467593,55,0,740.0,,6,0,0,0,0.0
63744,0,0.08099730000000001,38,0,0.182716343,8400.0,8,0,1,0,3.0
63745,0,0.691542289,48,1,0.042901290999999994,5500.0,3,0,0,0,1.0
63746,0,0.798575642,49,0,0.33686761600000004,3300.0,8,0,0,0,0.0
63747,0,0.873341452,62,1,4400.0,,9,0,2,0,0.0
63749,0,0.009480641,86,0,880.0,,3,0,1,0,0.0
63751,0,0.124143005,31,0,0.915593705,2795.0,14,0,2,0,1.0
63753,0,0.146546671,50,0,2059.0,,8,0,1,0,0.0
63754,0,0.000933292,33,0,0.355328934,5000.0,5,0,1,0,1.0
63755,0,0.9336484279999999,61,0,0.39233646299999997,13100.0,11,0,4,0,1.0
63756,0,0.055835540999999995,90,3,0.019342811,4290.0,9,0,0,0,0.0
63757,0,0.08585689699999999,59,0,0.46654360899999997,6500.0,10,0,2,0,0.0
63758,0,0.025765832000000002,61,0,0.007773459,1800.0,2,0,0,0,0.0
63760,0,0.545610816,42,1,0.30521274600000003,5428.0,5,0,0,0,4.0
63763,0,0.043400689000000006,33,0,0.345377693,7333.0,6,0,1,0,0.0
63764,0,1.156257714,66,4,0.12036651400000001,2400.0,6,1,0,1,0.0
63767,0,0.014654013,67,0,1692.0,,8,0,2,0,
63768,0,0.014116189,63,1,3810.0,,16,0,2,0,0.0
63770,0,0.010878773000000001,64,0,0.020530596,7500.0,16,0,0,0,0.0
63771,0,1.210526316,23,1,19.0,,3,0,0,0,0.0
63772,0,0.9999998999999999,27,0,0.091468101,1300.0,1,0,0,0,0.0
63773,0,0.016703755,76,0,0.35882186299999996,3530.0,8,0,1,0,0.0
63774,0,0.0,79,0,4.0,,7,0,0,0,
63775,1,0.427799297,52,0,0.266577807,3000.0,6,1,1,0,0.0
63776,0,0.261259118,64,0,0.466915459,6966.0,13,0,0,0,1.0
63777,0,0.790689695,27,1,0.099054313,35000.0,9,0,0,0,0.0
63779,0,0.255612037,52,0,0.673708035,2650.0,7,0,1,0,0.0
63780,0,0.018324672,46,0,1131.0,,7,0,0,0,0.0
63781,0,0.166715048,62,2,0.20273986300000002,20000.0,14,0,2,0,1.0
63782,0,0.9999998999999999,36,0,0.335793358,1083.0,6,0,0,0,0.0
63783,0,0.78996347,37,0,0.34377603700000003,6000.0,12,0,0,0,1.0
63784,0,0.046117674000000004,26,0,0.176298464,4100.0,6,0,0,0,0.0
63785,0,0.504481616,59,0,0.691609977,4850.0,9,0,3,0,0.0
63786,0,0.058890147000000004,36,0,0.16045304400000002,4237.0,14,0,0,0,0.0
63790,1,0.9999998999999999,45,0,309.0,,4,1,0,4,0.0
63791,0,0.030105562000000002,61,0,1889.0,,9,0,1,0,0.0
63792,0,0.023953174,52,0,1.920087747,3190.0,19,0,3,0,0.0
63793,1,0.9999998999999999,49,0,0.024080268,2989.0,0,1,0,0,2.0
63794,0,0.565445455,49,1,0.301821215,7192.0,13,0,3,0,1.0
63795,1,0.7131983709999999,61,1,0.37797412,14373.0,18,1,5,0,0.0
63796,0,0.004062415,86,0,0.089504771,2200.0,6,0,0,0,0.0
63797,0,0.06466235599999999,27,0,0.197969543,2166.0,6,0,0,0,0.0
63798,0,0.142778238,72,1,0.562010267,3700.0,14,0,2,0,0.0
63799,0,0.22948280699999998,40,0,0.5891174770000001,5200.0,15,0,1,0,1.0
63800,1,0.919970631,49,1,1.439755691,1800.0,9,1,1,0,3.0
63801,0,0.987655319,46,0,1.006031666,3978.0,11,0,1,0,2.0
63802,0,0.024017427999999997,66,0,52.0,,10,0,0,0,0.0
63803,1,0.155781005,49,1,0.609861395,4400.0,13,0,2,0,0.0
63807,0,0.13970929999999998,61,0,0.189917311,3748.0,6,0,0,0,0.0
63808,0,0.039784293,77,0,42.0,,5,0,0,0,
63809,0,0.06525965,29,0,487.0,,3,0,0,0,
63810,0,0.146790214,48,0,0.006665983,9750.0,5,0,0,0,1.0
63812,1,0.370787958,60,0,0.459962317,4245.0,14,0,2,0,1.0
63814,0,0.056498513,75,0,0.014263073999999999,4416.0,5,0,0,0,0.0
63815,0,0.920593113,73,0,0.20765206,3057.0,6,0,0,0,0.0
63816,0,0.018570692,44,0,1.541042113,1400.0,6,0,2,0,2.0
63817,0,0.334283286,50,0,0.309586302,8000.0,4,0,1,0,3.0
63818,0,0.419298392,30,0,0.34076524700000005,6951.0,10,0,2,0,0.0
63819,0,0.0,51,0,0.005706134,700.0,3,0,0,0,0.0
63820,0,0.9582249009999999,50,0,0.126204121,8200.0,4,0,0,0,1.0
63823,0,0.001508913,52,0,2950.0,,7,0,2,0,0.0
63825,0,0.70905229,46,0,0.811995153,4951.0,5,0,2,0,2.0
63826,0,0.7072859090000001,51,0,0.7121308690000001,4706.0,8,0,1,0,1.0
63827,0,1.021582734,32,1,0.29321116199999997,2400.0,4,0,1,0,0.0
63828,0,0.051985742,36,1,0.401072996,6150.0,11,0,1,0,0.0
63829,0,0.111544837,47,0,0.018165837,3412.0,4,0,0,0,1.0
63831,0,0.224827268,56,0,0.355663477,7000.0,11,0,3,0,0.0
63832,0,0.0,73,0,1065.0,,9,0,3,0,0.0
63833,0,0.25244094,65,0,1.6493799319999998,2660.0,14,0,2,0,0.0
63835,0,0.47402857,53,0,0.671072081,11500.0,8,0,3,0,1.0
63836,0,0.523700239,59,0,3095.0,,10,0,2,0,0.0
63839,0,0.004864137,65,0,0.119211168,4512.0,11,0,1,0,0.0
63840,0,0.9999998999999999,32,0,0.008330556,3000.0,1,1,0,0,2.0
63844,0,0.07645259900000001,29,0,0.188007495,1600.0,6,0,0,0,0.0
63845,0,0.081928278,50,1,0.21115771,10252.0,12,0,1,0,0.0
63846,0,0.059286075,37,0,0.23197100399999998,8000.0,10,0,1,0,2.0
63847,0,0.005300727,44,0,0.131844941,9002.0,5,0,2,0,1.0
63848,0,0.0,56,0,4292.0,,7,0,2,0,3.0
63850,0,0.11036947,47,0,0.031254629,6750.0,14,0,0,0,0.0
63855,0,0.0,66,0,25033.0,0.0,3,0,0,0,0.0
63856,0,0.010417301,50,0,0.265237186,6808.0,17,0,1,0,1.0
63858,0,0.04909869099999999,64,0,0.32155948,3000.0,11,0,1,0,0.0
63859,0,1.287712288,76,0,38.0,,2,0,0,0,
63861,0,0.094459722,62,0,0.28682515,4500.0,8,0,0,0,0.0
63863,0,0.127208088,51,1,0.22153625300000002,6964.0,11,0,1,0,6.0
63865,1,0.47717722100000004,60,0,687.0,,2,0,1,0,0.0
63867,0,0.8120255740000001,42,1,0.24337777800000002,5624.0,6,0,0,0,1.0
63868,0,0.57766196,39,5,0.220378054,4337.0,10,0,0,0,1.0
63870,0,0.973750841,66,1,0.261633987,15299.0,11,0,1,0,1.0
63871,0,0.0,69,0,0.0,5500.0,3,0,0,0,0.0
63872,0,0.162989134,55,1,0.933991483,5165.0,10,0,2,0,0.0
63873,1,0.9873855859999999,26,1,0.177764014,3228.0,3,0,0,0,1.0
63878,0,0.00944046,52,0,1.840041015,3900.0,15,0,6,0,1.0
63879,0,0.167024337,66,2,0.255807883,7661.0,8,0,1,0,0.0
63880,0,0.275733164,95,0,0.163272862,2700.0,5,0,0,0,0.0
63881,0,0.009825147,64,0,0.292584216,8400.0,8,0,1,0,0.0
63882,0,0.520246626,36,1,0.6218156779999999,10166.0,5,0,2,0,2.0
63883,0,0.35657310299999995,52,0,0.424794105,6920.0,6,0,1,0,0.0
63885,0,0.02642294,49,0,0.13921277599999998,14150.0,10,0,1,0,0.0
63886,0,0.138927701,46,0,0.188986501,14000.0,9,0,2,0,2.0
63887,0,0.128036523,54,4,0.251772405,5500.0,8,3,1,0,0.0
63888,0,0.08872012300000001,82,0,0.120788121,3501.0,24,0,0,0,0.0
63889,1,0.717607973,80,1,0.510757717,1068.0,6,0,0,0,0.0
63890,0,0.0,35,0,0.40949854700000005,7916.0,8,0,2,0,2.0
63892,0,0.563350323,84,0,0.504402328,6700.0,11,0,1,0,0.0
63893,0,0.051207830999999995,72,0,1314.0,,4,0,1,0,0.0
63894,0,0.032695412,31,0,0.274765223,3300.0,10,0,0,0,1.0
63896,0,0.0,68,0,0.0,,1,0,0,0,0.0
63899,0,0.274126004,46,0,0.36751705,7917.0,10,0,2,0,1.0
63900,0,0.81253804,45,0,0.459917872,5600.0,9,0,1,0,1.0
63901,0,0.393213573,34,0,1001.0,,4,1,0,2,0.0
63904,0,0.0124531,79,1,0.22455508899999999,5000.0,20,0,1,0,0.0
63906,0,0.003902627,67,0,0.028518729,7047.0,16,0,1,0,0.0
63907,0,0.743920935,56,0,4228.0,,12,0,1,0,0.0
63908,0,0.031217342000000002,62,0,7325.0,,8,0,2,0,0.0
63910,0,0.133473719,45,0,0.276802454,5866.0,12,0,0,0,1.0
63911,0,0.019475263,33,0,862.0,,2,0,1,0,0.0
63912,0,0.116572681,66,1,0.141322865,13500.0,6,0,1,0,2.0
63914,0,0.011076375,70,0,0.46247531299999994,3037.0,5,0,1,0,0.0
63915,0,0.011999,72,0,22.0,,8,0,0,0,0.0
63916,0,0.0,59,1,1545.0,,5,0,1,0,
63920,0,0.400921659,62,1,0.360505973,2845.0,6,0,0,1,0.0
63921,0,5118.0,29,0,0.667349552,3904.0,5,0,2,0,3.0
63926,0,0.035181694,77,0,0.29645321399999996,8260.0,13,0,1,0,0.0
63927,0,0.7632252559999999,67,1,0.678526475,11916.0,11,0,3,0,0.0
63928,0,0.139615875,49,0,121.0,,4,0,0,0,0.0
63929,0,0.34046287299999994,39,0,1561.0,,11,0,0,0,0.0
63930,0,0.316461306,59,0,0.5797598629999999,4080.0,15,0,1,0,0.0
63932,0,0.535347562,51,0,612.0,,2,0,0,0,0.0
63933,1,0.984422692,66,0,0.268888206,6511.0,8,1,0,1,0.0
63934,0,0.9999998999999999,31,0,0.483914209,2983.0,5,0,1,0,2.0
63935,0,0.178511907,44,0,0.477352265,10000.0,7,0,1,0,4.0
63936,0,0.07670837900000001,42,0,0.213740458,2750.0,7,0,0,0,0.0
63942,0,0.0029256359999999997,33,0,0.5315915760000001,3750.0,6,0,2,0,0.0
63943,0,0.212461442,47,0,0.449720988,8780.0,26,0,3,0,2.0
63944,0,0.0,31,0,692.0,0.0,7,0,0,0,0.0
63945,0,0.8797212179999999,41,0,0.9563702470000001,6600.0,16,0,2,0,2.0
63946,0,0.006956144,39,0,0.403562989,5500.0,10,0,1,0,0.0
63947,0,0.211091053,63,0,0.094846813,8518.0,10,0,0,0,0.0
63948,0,0.220549005,43,0,0.14506227,5700.0,15,0,0,0,0.0
63949,0,0.04728867,39,0,0.00694036,8500.0,8,0,0,0,2.0
63950,0,0.0,72,0,0.054060434000000004,4235.0,3,0,1,0,0.0
63951,0,0.065471904,66,0,0.7567477509999999,3000.0,7,0,1,0,0.0
63952,0,0.224183685,39,0,0.439944134,7875.0,10,0,1,0,2.0
63953,0,0.027394515,79,0,1416.0,,15,0,1,0,0.0
63954,0,0.07646858299999999,27,1,134.0,,5,0,0,0,0.0
63955,0,0.26554457800000003,46,0,0.473830243,7928.0,7,0,2,0,2.0
63956,0,0.062346335999999995,29,0,0.29138211399999997,3074.0,8,0,0,0,2.0
63958,0,0.041265769,45,0,0.388534425,10500.0,8,0,2,0,2.0
63959,0,0.302420302,34,0,0.417173103,5100.0,11,0,0,0,1.0
63961,0,0.770879037,41,1,0.552286423,8462.0,12,0,2,0,3.0
63962,0,0.23353832300000002,28,0,266.0,,4,0,0,0,0.0
63964,0,0.033105473999999996,37,0,0.42306319200000003,2800.0,4,0,1,0,1.0
63965,0,0.7740863790000001,35,0,131.0,,2,0,0,0,0.0
63966,0,0.029343661,52,2,0.16896620699999998,5000.0,7,0,0,0,1.0
63968,0,0.023783847,39,0,1110.0,,6,0,1,0,0.0
63970,0,0.8850877629999999,53,1,0.35710184899999997,8708.0,6,0,2,0,0.0
63971,0,0.7553399709999999,54,0,0.314195139,5677.0,10,0,1,0,0.0
63972,0,0.053144261,59,0,0.011996001000000001,3000.0,2,0,0,0,0.0
63973,0,0.017869533,61,0,0.011247188,4000.0,10,0,0,0,1.0
63974,0,1.02606137,44,1,4749.0,,10,0,2,0,0.0
63975,0,0.616913328,60,0,0.18625505899999997,12600.0,14,0,1,0,0.0
63977,0,0.337710819,49,0,0.372872197,3700.0,10,0,0,0,3.0
63978,0,0.509083031,62,0,0.35425204899999996,3903.0,6,0,0,0,0.0
63979,0,0.500622779,43,0,0.253792805,13841.0,14,0,0,0,1.0
63981,0,0.034019714,81,0,0.00869414,5750.0,4,0,0,0,0.0
63982,0,0.013802826,60,0,0.294570066,6500.0,6,0,1,0,0.0
63983,0,0.9999998999999999,69,0,0.244630955,4050.0,2,0,0,0,0.0
63984,0,0.026191186,61,0,0.466441695,2666.0,7,0,1,0,1.0
63986,0,0.358579174,63,0,759.0,,6,0,0,0,0.0
63987,0,0.18646618399999998,47,0,0.183812329,9846.0,11,0,1,0,1.0
63989,0,0.38856799200000003,54,0,2116.0,,9,0,2,0,0.0
63991,0,0.034586521,43,0,0.257622516,8100.0,6,0,2,0,3.0
63992,0,0.971932896,50,1,0.291028935,8950.0,9,0,2,0,1.0
63993,0,0.005984268,51,0,0.686586985,7529.0,23,0,2,0,1.0
63995,0,0.412671436,64,0,0.48838640200000005,6500.0,5,0,2,0,0.0
63999,0,0.029010776000000002,61,0,1293.5,1.0,21,0,2,0,0.0
64000,0,0.15662811199999999,41,0,0.643343935,2200.0,7,0,1,0,0.0
64001,0,0.775225513,48,1,0.548816407,9166.0,15,0,2,0,5.0
64003,0,0.001113896,44,0,0.30047779199999997,5650.0,6,0,2,0,0.0
64004,0,0.12375096099999999,89,0,4.0,,3,0,0,0,0.0
64005,0,0.23826837899999997,64,0,2048.0,,8,0,1,0,0.0
64006,0,0.07752856400000001,57,0,0.259893229,11800.0,6,0,2,0,1.0
64008,0,0.9999998999999999,28,0,0.176173437,4750.0,4,0,1,0,0.0
64009,1,0.221254463,51,1,1.353706625,7607.0,18,0,4,0,4.0
64011,0,0.146917426,44,0,0.42802965,5800.0,4,0,2,0,1.0
64016,0,0.7819689459999999,48,1,0.827261688,6587.0,19,0,2,0,0.0
64017,0,0.173330252,57,0,1643.0,,9,0,2,0,1.0
64019,0,0.17705193800000002,45,0,0.183035714,8959.0,8,0,1,0,2.0
64021,1,0.37321564,45,5,3274.0,,11,1,1,3,0.0
64022,0,0.0,68,0,1.213988343,1200.0,9,0,2,0,0.0
64024,0,0.02318917,57,0,3806.0,,14,0,2,0,0.0
64025,0,0.040366047,42,0,0.16699129999999998,7700.0,6,0,1,0,3.0
64026,0,0.109008712,62,0,1.299141477,11181.0,8,0,4,0,0.0
64028,0,0.04283233,58,0,0.076276997,5833.0,7,0,0,0,0.0
64029,0,0.939722897,68,2,0.098220171,4550.0,3,0,0,0,0.0
64030,0,0.284170021,36,1,0.53457757,6000.0,8,0,0,0,4.0
64031,0,0.28179107800000003,37,0,0.283274875,10833.0,11,0,2,0,2.0
64032,0,0.008584543,49,0,0.215432896,10833.0,7,0,1,0,0.0
64033,0,0.011024724,47,0,0.149713864,5416.0,8,0,1,0,2.0
64035,0,0.9999998999999999,40,0,0.8372363070000001,5166.0,5,0,1,0,4.0
64037,0,0.025074372999999997,76,0,0.258099352,8333.0,6,0,1,0,2.0
64038,0,0.159684032,36,0,177.0,,5,0,0,0,0.0
64041,0,0.015198439,86,0,0.041916168,500.0,8,0,0,0,0.0
64042,0,0.776376979,53,0,0.49234640399999996,9537.0,9,0,2,0,4.0
64044,0,0.04798965400000001,63,0,0.303339715,4700.0,10,0,1,0,2.0
64045,0,0.001326329,62,0,0.30506556,10600.0,8,0,2,0,1.0
64047,0,0.000288882,81,0,3071.0,,13,0,1,0,0.0
64048,0,0.24472960600000002,62,0,2255.0,,3,0,1,0,0.0
64049,0,0.09457187800000001,78,0,52.0,,3,0,0,0,0.0
64050,0,0.670526837,54,0,0.357366345,7350.0,12,0,1,0,1.0
64051,0,0.107857295,64,0,0.421403466,8250.0,23,0,2,0,0.0
64053,0,0.972805439,59,1,336.0,,2,0,0,0,0.0
64054,0,0.6075424979999999,44,0,0.347849535,7416.0,12,0,2,0,0.0
64055,0,0.040139197,72,0,1904.0,,6,0,1,0,1.0
64056,1,0.802649669,31,0,0.10878661099999999,2389.0,13,0,0,0,1.0
64058,0,0.543031271,35,0,1.3074146070000001,3600.0,7,0,2,0,1.0
64059,0,0.9999998999999999,22,0,138.0,,1,0,0,0,0.0
64061,0,0.265929602,59,0,0.484703059,6667.0,14,0,1,0,1.0
64062,0,0.06139693,77,0,0.034351145,1047.0,2,0,0,0,0.0
64064,0,0.165073989,45,0,0.170184403,4500.0,7,0,0,0,0.0
64066,0,0.000124415,59,0,1659.0,,8,0,1,0,1.0
64068,0,0.476931867,37,0,0.06663705,2250.0,2,0,0,0,0.0
64069,0,0.689517997,54,0,0.467803587,3400.0,6,0,1,0,1.0
64070,0,0.43239803600000004,55,0,0.044644729,4770.0,3,0,0,0,0.0
64071,0,0.028614944,67,0,0.99050095,10000.0,12,0,3,0,0.0
64072,0,0.005866781999999999,60,0,10.0,,2,0,0,0,0.0
64073,0,0.01904736,54,0,0.22660267399999998,5833.0,10,0,2,0,0.0
64076,0,0.004603108,74,0,0.398224477,4730.0,6,0,1,0,0.0
64077,1,0.961345625,43,0,557.0,,5,3,0,0,0.0
64078,0,0.607696152,37,1,0.648171501,7136.0,4,0,3,0,2.0
64079,0,0.669533047,54,0,0.133637439,5918.0,8,0,0,0,1.0
64080,0,0.506017159,48,0,0.262912363,3000.0,5,0,0,0,0.0
64081,1,0.9999998999999999,51,0,0.008703480999999999,3331.0,0,3,0,0,0.0
64082,0,0.133775392,29,0,0.258802287,9968.0,6,0,2,0,0.0
64083,1,1.0566477840000001,37,2,1.752579684,4360.0,10,1,4,1,0.0
64084,0,0.052157176,38,0,0.31358885,6600.0,7,0,1,0,2.0
64085,0,0.02449755,35,0,0.28961839699999997,6000.0,7,0,1,0,0.0
64086,0,0.0,47,0,0.23693575600000003,10677.0,4,0,1,0,2.0
64090,0,0.010936816,44,1,1.21604778,3850.0,13,0,3,0,2.0
64091,0,0.995002499,34,3,0.29406953,2444.0,4,0,0,0,1.0
64093,0,0.005640325,57,0,3447.0,,13,0,3,0,0.0
64094,0,1.475083056,25,1,385.0,,2,0,0,0,0.0
64095,0,0.385713635,62,0,0.49012582299999996,12000.0,15,0,1,0,0.0
64096,0,0.164012247,51,3,0.472795497,5329.0,15,0,2,0,1.0
64097,0,0.625317684,43,0,0.6194208929999999,6250.0,11,0,1,0,3.0
64098,0,0.176776695,39,0,0.647600446,3583.0,12,0,2,0,0.0
64099,0,0.007872173,51,0,0.001499925,6666.0,9,0,0,0,0.0
64100,0,0.037278557000000004,45,0,936.0,,6,0,0,0,2.0
64102,0,0.967690325,28,0,0.15164369,6600.0,5,0,0,0,0.0
64103,0,0.89927066,65,2,0.4986,4999.0,11,0,2,0,0.0
64104,0,0.286414471,52,0,0.578883199,4100.0,13,0,1,0,3.0
64105,0,0.63796946,85,1,0.38901707399999996,6500.0,19,0,1,0,0.0
64107,0,0.51625,28,1,0.123432711,3588.0,6,0,0,2,1.0
64108,0,0.0,62,0,0.415178571,5375.0,7,0,1,0,1.0
64109,0,0.040279194,62,0,60.0,,5,0,0,0,0.0
64110,0,0.362213987,67,0,0.49309026799999994,3400.0,7,0,1,0,1.0
64111,0,0.30471065399999997,65,0,0.219307097,2972.0,6,0,0,0,0.0
64112,0,0.16086452199999998,53,0,1148.0,,14,0,0,0,0.0
64114,0,0.027485729,71,1,0.016396721,5000.0,13,0,0,0,0.0
64115,0,0.484130354,54,0,0.43181818200000005,7083.0,11,0,1,0,1.0
64116,0,0.9999998999999999,75,0,24.0,,1,0,0,0,0.0
64117,0,0.9999998999999999,39,1,0.061492313,5333.0,6,1,0,0,0.0
64119,1,0.8731277340000001,34,0,1.96310241,2655.0,11,0,0,0,2.0
64120,0,0.035719269,74,0,0.09371630199999999,10200.0,4,0,1,0,0.0
64124,0,0.09619296699999999,56,0,0.329266335,6228.0,9,0,2,0,1.0
64125,0,0.092883729,71,0,0.157984954,10500.0,7,0,1,0,0.0
64126,0,0.0,49,0,0.288285444,6333.0,10,0,1,0,4.0
64127,0,0.061348466,59,0,0.370795734,4875.0,12,0,2,0,0.0
64130,0,0.9999998999999999,37,0,2.0,,1,2,0,1,
64131,0,0.9999998999999999,28,1,155.0,,4,0,0,0,0.0
64135,0,0.115222435,68,0,0.09903818699999999,10500.0,19,0,1,0,0.0
64136,0,0.482505831,47,1,0.25389844100000003,2500.0,6,2,0,0,1.0
64137,0,0.392796435,33,0,0.272010422,14583.0,12,0,2,0,0.0
64139,1,1.042473454,35,2,0.028994201,5000.0,5,0,0,0,2.0
64141,0,0.025953208,56,0,0.006856359,2916.0,4,0,0,0,0.0
64142,0,0.213961299,46,0,0.260719875,9584.0,5,0,1,0,0.0
64143,0,0.156339456,53,0,0.213527009,11014.0,10,0,1,0,2.0
64146,0,0.0,50,1,0.351605693,8500.0,8,0,3,0,2.0
64148,1,0.334430682,46,2,0.546132641,6166.0,14,0,1,0,0.0
64149,0,0.752512374,59,0,0.066479953,6783.0,5,0,0,0,0.0
64150,0,0.944403177,52,0,0.647847343,6340.0,12,1,3,0,2.0
64151,0,0.010928007,51,0,0.146681025,13000.0,32,0,1,0,0.0
64153,0,0.7151744059999999,33,1,0.123492523,2072.0,4,1,0,0,4.0
64155,0,0.910914153,26,0,0.853004292,2795.0,11,0,1,0,2.0
64156,0,0.851211073,37,1,1965.0,,7,0,2,0,0.0
64159,0,0.029445247999999997,58,0,0.130215773,13300.0,8,1,1,0,1.0
64160,1,0.718801997,35,0,34.0,,3,0,0,0,0.0
64161,0,0.439419448,38,0,0.474505099,5000.0,13,0,1,0,3.0
64165,0,0.159922672,40,0,0.544863784,4000.0,4,0,1,0,0.0
64166,0,0.208832463,30,0,0.11099620800000001,2900.0,8,0,0,0,1.0
64167,0,0.109280436,62,0,0.39738229399999997,5500.0,10,0,2,0,0.0
64168,0,0.9999998999999999,51,0,0.0,12100.0,9,1,0,0,2.0
64169,0,0.901549225,28,0,0.135715954,4280.0,5,0,0,0,0.0
64170,0,0.321550792,43,0,2049.0,,12,0,1,0,0.0
64171,0,0.162836392,61,0,0.10486317099999999,30000.0,10,0,2,0,0.0
64172,0,0.202172844,74,0,0.45971888899999996,5833.0,15,0,2,0,1.0
64173,0,0.011725145,54,0,0.120293236,3000.0,5,0,0,0,0.0
64175,0,0.054296883,62,1,0.276314221,8388.0,16,0,1,0,0.0
64176,0,0.841763368,41,0,0.392401335,10185.0,9,0,2,0,0.0
64177,0,0.044415116,34,0,0.13167205,6500.0,8,0,0,0,0.0
64178,0,0.040994617000000004,45,0,0.880730782,2900.0,12,0,1,0,0.0
64179,0,0.266144488,37,0,0.7268157829999999,3978.0,4,0,2,0,1.0
64180,0,0.0,70,0,0.265533495,7000.0,11,0,1,0,0.0
64183,0,0.547307022,42,0,0.276564345,6775.0,13,0,0,0,0.0
64184,0,0.18552714899999997,43,0,0.264620939,5539.0,7,0,1,0,1.0
64185,0,0.07445226099999999,59,0,0.163546916,16667.0,10,0,3,0,1.0
64188,0,0.065795607,62,0,0.477877765,5333.0,12,0,1,0,0.0
64189,0,0.0,59,0,0.059094090999999994,10000.0,11,0,0,0,1.0
64190,0,0.5916055960000001,46,0,0.194414988,2828.0,4,0,0,0,1.0
64191,0,0.003415332,52,1,0.28904657,12260.0,20,0,1,0,0.0
64192,0,0.02790513,81,0,0.006569551999999999,3500.0,7,0,0,0,0.0
64194,0,0.118458769,37,0,0.267629095,1800.0,5,0,0,0,2.0
64195,0,0.50121615,31,0,0.101530842,8883.0,5,0,1,0,0.0
64196,0,0.002473972,35,0,2769.0,,2,0,1,0,1.0
64198,0,0.25690232,48,0,3022.0,,5,0,2,0,1.0
64199,0,0.12449951199999999,31,0,0.39491411200000004,5937.0,15,0,2,0,0.0
64201,0,0.079419099,57,0,0.041097945,13333.0,6,0,0,0,1.0
64202,0,0.162497013,61,0,0.357611274,7166.0,11,0,2,0,1.0
64203,0,0.303078215,59,0,0.9360127970000001,5000.0,12,0,2,0,0.0
64204,0,0.0,26,0,0.686967113,820.0,4,0,0,0,0.0
64205,0,0.255976716,56,0,0.501846154,16249.0,23,0,5,0,0.0
64206,0,0.16981509399999997,52,0,0.44765033600000004,7000.0,14,0,1,0,2.0
64207,0,0.0,66,0,0.0,,1,0,0,0,0.0
64208,0,0.12431172900000001,49,0,0.200213471,17800.0,9,0,1,0,2.0
64209,0,1.589158345,39,2,0.136215946,4000.0,3,2,0,0,0.0
64210,0,0.483002979,63,0,0.533617662,3985.0,21,0,1,0,0.0
64214,1,0.776184268,36,1,0.594430561,2800.0,10,1,0,1,1.0
64215,0,0.32872582899999997,51,2,0.251553867,5791.0,7,0,2,0,0.0
64216,0,0.9999998999999999,79,0,0.0,,1,0,0,0,0.0
64217,1,0.019211671,53,0,47.0,,3,0,0,0,0.0
64218,0,0.496876947,56,0,0.251432278,9250.0,11,0,1,0,0.0
64219,0,0.624852802,75,0,3356.0,,11,0,1,0,0.0
64220,0,0.000210504,27,0,0.46830382600000003,1750.0,5,0,1,0,0.0
64221,0,0.0,47,0,0.0,,2,0,0,0,0.0
64224,0,0.42654976200000005,53,1,0.400885936,5417.0,7,1,2,0,1.0
64226,0,0.9999998999999999,69,0,6136.0,,9,0,1,0,1.0
64227,0,0.0,51,4,0.7132089690000001,5306.0,9,0,4,1,0.0
64230,0,0.10072411,39,1,0.23247094100000001,8000.0,10,0,2,0,1.0
64232,0,0.378207264,39,1,0.465945581,5916.0,9,0,1,0,1.0
64233,1,1.1337966990000001,47,1,804.0,,4,0,0,0,1.0
64234,0,0.36510278399999996,49,0,0.5247081920000001,18333.0,14,0,3,0,3.0
64235,0,0.0066949919999999994,69,0,4.0,,4,0,0,0,0.0
64236,0,0.9999998999999999,33,0,0.07150419999999999,14166.0,4,0,1,0,1.0
64238,0,0.5324990270000001,50,3,0.369983451,9667.0,13,0,1,0,0.0
64240,1,0.449930234,45,4,0.58591873,9572.0,20,0,3,1,2.0
64242,0,0.844524277,65,0,2262.0,,6,0,1,0,1.0
64243,0,0.111633925,48,6,0.35565077700000003,5600.0,7,0,3,0,2.0
64244,0,0.883929838,46,2,1949.0,,14,0,2,0,1.0
64245,0,0.8468898140000001,68,0,0.5282946479999999,5212.0,17,0,0,0,1.0
64246,0,0.6314011620000001,52,1,0.62950621,3300.0,2,0,1,0,0.0
64249,0,0.9999998999999999,61,0,0.15396151,4000.0,1,0,1,0,0.0
64251,0,0.9999998999999999,55,0,0.314337133,5000.0,5,0,0,0,1.0
64253,0,0.034802734,65,0,0.099454604,6233.0,14,0,0,0,0.0
64254,0,0.032371231,60,0,949.0,,13,0,1,0,0.0
64255,1,0.9833518309999999,37,2,0.32223968,7000.0,5,0,3,0,1.0
64256,0,0.010779771,60,0,359.0,,7,0,0,0,0.0
64258,0,0.201456147,43,0,0.682460335,4600.0,12,0,2,0,3.0
64259,0,0.9999998999999999,62,2,0.39730153,8300.0,4,0,2,0,0.0
64260,0,0.06776887599999999,57,0,0.21634169,14000.0,12,0,2,0,2.0
64261,0,0.21016695300000002,80,0,0.014474812,10500.0,6,0,0,0,0.0
64263,0,0.723104457,38,0,1.8814123919999999,1500.0,6,0,1,0,1.0
64264,0,0.172565487,34,0,25.0,,1,0,0,0,0.0
64265,0,0.16799505899999997,48,0,0.519415609,2600.0,6,0,1,0,0.0
64266,0,0.940039973,49,1,365.0,,2,0,0,0,0.0
64267,1,1.121681416,37,2,0.81669444,6600.0,7,2,2,2,1.0
64268,0,0.0,35,0,0.0,5000.0,4,0,0,0,0.0
64269,0,0.17360479899999998,45,0,0.129262632,5600.0,5,0,0,0,1.0
64270,0,0.258825995,59,0,0.483464082,6500.0,16,0,2,0,0.0
64271,0,0.057834395,52,1,6298.0,,13,0,2,0,0.0
64272,0,0.031112086,39,0,3059.0,,7,0,2,0,0.0
64277,0,0.030843781,40,0,0.325031812,5500.0,5,0,1,0,1.0
64278,0,0.487556958,62,0,0.6291733620000001,5600.0,17,0,2,0,1.0
64279,0,0.6660430310000001,37,2,1816.0,,13,0,1,0,3.0
64282,0,0.0014969760000000001,72,0,0.000475964,2100.0,8,0,0,0,0.0
64283,0,0.004527928,78,0,0.202874462,10227.0,12,0,1,0,0.0
64285,0,0.568748505,51,1,0.6194829310000001,7000.0,17,0,2,0,1.0
64286,0,0.005188914,68,0,0.424066691,2758.0,10,0,2,0,0.0
64287,0,0.041691438,48,1,0.3898537,9500.0,8,0,1,0,1.0
64290,0,0.18068199999999998,53,0,0.150791447,3600.0,10,0,0,0,3.0
64291,0,0.48969916399999996,61,0,0.054784333,4033.0,9,0,0,0,0.0
64292,0,0.023286197999999998,65,0,4871.0,,20,0,3,0,1.0
64294,0,0.38111904,53,0,0.9272764729999999,4853.0,9,0,3,0,2.0
64295,0,0.084739643,60,1,0.226163552,8400.0,12,0,1,0,0.0
64296,0,0.9999998999999999,48,0,5143.0,,6,0,1,0,0.0
64299,0,1.00907441,38,1,0.071317485,4500.0,4,1,0,0,2.0
64300,0,0.012107508000000001,58,0,0.00988779,9000.0,20,0,0,0,1.0
64304,0,0.12059822,61,0,0.834866054,2500.0,15,0,1,0,0.0
64306,0,0.9999998999999999,40,0,0.125,351.0,0,0,0,0,3.0
64309,0,0.069411622,43,0,0.727397637,7277.0,6,0,3,0,0.0
64310,0,0.02466898,57,0,1.987247609,2822.0,18,0,4,0,1.0
64311,0,0.48088576299999997,58,2,0.275031199,10416.0,11,1,1,0,2.0
64312,0,0.251783214,40,0,0.277290349,4900.0,7,0,2,0,2.0
64313,0,0.022764007000000003,45,0,0.139493025,13333.0,6,0,1,0,0.0
64315,0,0.326087381,47,3,0.45087321700000005,7500.0,9,0,2,0,2.0
64316,0,0.002757561,60,2,0.8016549040000001,4108.0,11,0,2,0,0.0
64318,0,0.028156412999999998,67,1,0.44865643,4167.0,9,0,1,0,0.0
64320,0,0.605674291,38,0,0.170439633,6095.0,7,0,0,0,0.0
64321,0,0.308963119,31,0,0.20756153300000002,3940.0,6,0,0,0,0.0
64322,0,0.8552601679999999,26,2,0.49137418200000005,1680.0,9,0,0,0,0.0
64324,0,0.252541162,62,0,0.25318497,6200.0,15,0,1,0,0.0
64325,0,0.455186569,40,0,0.18960346600000003,3000.0,5,0,0,0,1.0
64327,0,0.08784001699999999,52,1,1157.0,,5,0,1,1,0.0
64329,0,0.014449278000000001,77,0,0.12417154,5129.0,6,0,1,0,0.0
64333,0,0.025795232,42,0,0.269112101,8750.0,7,0,1,0,3.0
64335,0,0.147742613,50,0,0.176616915,6833.0,2,0,1,0,0.0
64336,0,0.860056997,40,0,2691.0,,6,0,1,0,0.0
64338,0,0.018705257,76,0,0.46301472,5366.0,21,0,2,0,0.0
64340,0,0.9999998999999999,41,0,0.003761755,4784.0,0,1,0,0,2.0
64342,0,0.09525202199999999,41,1,0.400066659,9000.0,9,0,2,0,0.0
64343,0,0.799587904,51,0,0.062277445,13198.0,3,0,0,0,1.0
64346,0,0.0,75,0,0.29529362800000003,2400.0,7,0,1,0,0.0
64347,0,0.004321274,48,0,0.159845354,7500.0,6,0,1,0,2.0
64349,1,1.239250977,32,1,0.25070785100000004,3884.0,13,0,0,0,1.0
64351,0,0.571796696,50,0,0.882575296,8200.0,12,0,3,0,0.0
64352,0,0.9999998999999999,35,0,577.0,,2,0,0,0,0.0
64353,0,0.24750499,27,1,0.18566606100000002,3850.0,4,0,0,0,1.0
64354,0,0.276192624,52,0,0.230910513,29400.0,8,0,3,0,0.0
64355,0,0.0,52,0,0.180261087,10800.0,6,1,1,0,2.0
64356,0,0.03259674,67,0,0.206080526,6084.0,5,0,1,0,0.0
64357,0,0.010998808,72,0,0.35554815100000003,3000.0,11,0,1,0,1.0
64358,0,1.2554890220000001,40,1,0.256463289,2900.0,2,0,0,1,5.0
64359,1,0.442739059,61,0,797.0,,6,0,0,0,0.0
64360,1,1.49500998,41,1,472.0,,2,2,0,1,1.0
64361,0,0.953488372,40,0,0.7866066970000001,2000.0,5,0,1,0,0.0
64362,0,0.311038789,39,0,0.641314381,5416.0,19,0,2,0,1.0
64363,0,0.013394928,64,0,860.0,,10,1,1,0,3.0
64364,0,0.028313319,54,0,0.233276672,10000.0,21,0,1,0,1.0
64365,0,0.9999998999999999,43,1,0.305877649,2500.0,5,0,0,0,0.0
64366,0,0.49977099700000005,59,0,0.882203236,5500.0,6,0,2,0,0.0
64367,0,0.974578747,69,0,3665.0,,6,0,1,0,0.0
64368,0,0.540545214,33,0,0.215011728,3836.0,6,0,0,0,0.0
64369,0,0.7821089459999999,31,1,0.23369823899999997,2100.0,6,0,0,0,1.0
64370,0,0.151479835,71,0,0.105298234,3000.0,7,0,0,0,0.0
64371,0,0.015592644,80,0,0.004332611,6000.0,9,0,0,0,1.0
64372,0,0.167685519,50,0,0.29394387,8800.0,7,0,2,0,3.0
64373,0,0.27423328399999997,49,1,0.533688454,6945.0,12,0,2,0,0.0
64374,0,0.001784279,57,0,0.25742032600000003,7310.0,18,0,2,0,0.0
64375,0,0.831056315,23,0,447.0,,2,0,0,0,
64376,0,0.017163324,54,0,0.194786935,9245.0,9,0,1,0,0.0
64377,0,0.23934699399999998,50,0,1.2147315859999999,800.0,4,0,1,0,0.0
64378,0,0.07360451400000001,29,0,219.0,0.0,3,0,0,0,0.0
64379,0,0.9999998999999999,53,0,0.397825272,8000.0,13,0,1,0,1.0
64380,0,0.0,55,0,0.519685039,2666.0,6,0,1,0,0.0
64381,0,0.136399477,60,0,2762.0,,15,0,1,0,0.0
64382,0,0.071004213,54,0,0.516484313,13800.0,20,0,3,0,0.0
64383,0,3878.0,40,0,0.138464441,5300.0,3,0,0,0,1.0
64384,0,0.010969953999999999,63,0,0.263147371,5000.0,31,0,1,0,0.0
64385,0,0.07963840700000001,66,0,0.017876079,6600.0,7,0,0,0,0.0
64387,0,0.05012191,39,0,0.35361216700000003,7100.0,4,0,1,0,2.0
64388,0,0.5633115,58,0,0.591921005,5569.0,10,0,2,0,0.0
64389,0,0.9940356109999999,49,0,0.42084799100000003,5400.0,8,0,1,0,2.0
64392,0,0.068091127,52,0,4736.0,,12,0,4,0,0.0
64393,0,0.537189689,55,1,0.5091863520000001,2666.0,9,0,1,1,0.0
64394,0,0.206045112,41,0,0.33401988,11166.0,5,0,2,0,5.0
64398,0,0.371938969,48,0,0.504076296,6500.0,13,0,2,0,3.0
64399,0,0.107331544,65,0,0.038392322,5000.0,2,0,0,0,0.0
64400,0,0.423337856,38,5,0.822792545,3272.0,18,0,2,0,1.0
64402,0,0.966016992,55,0,0.176120882,4036.0,10,0,0,0,0.0
64403,0,0.046164102,69,0,0.006886656999999999,3484.0,2,0,0,0,0.0
64404,0,0.0,41,0,0.357116485,10833.0,11,0,1,0,2.0
64405,0,0.797721515,50,0,0.476196215,8296.0,13,0,0,0,5.0
64406,0,0.023162281,52,0,905.0,,6,0,1,0,
64407,0,0.737381277,62,1,0.38359827700000004,6730.0,13,0,1,0,0.0
64408,0,0.138714451,59,0,1651.0,,3,0,1,0,0.0
64410,0,0.849897228,62,1,0.6923361720000001,2700.0,7,0,1,0,1.0
64411,0,0.054699745999999994,31,0,0.134078212,3400.0,7,0,0,0,1.0
64414,0,0.048238082,65,0,0.012997401,5000.0,7,0,0,0,0.0
64415,1,0.246468424,61,5,0.357107149,6000.0,24,0,1,0,0.0
64416,0,0.5687637879999999,36,0,0.787264834,7600.0,16,0,1,0,2.0
64417,0,0.019383123999999998,45,0,0.011535688999999998,1386.0,6,0,0,0,2.0
64418,0,1.009495252,32,0,0.044369454,8000.0,7,0,0,1,0.0
64420,0,0.11325400099999999,63,0,0.274539877,3259.0,7,1,0,0,0.0
64421,0,0.6555343779999999,74,1,0.657516815,5500.0,10,0,2,0,0.0
64425,0,0.43298359700000005,52,0,2227.0,,4,0,1,0,1.0
64426,0,0.9999998999999999,69,0,0.7059071729999999,2369.0,8,0,1,0,0.0
64427,0,0.082965786,63,0,0.24194623399999998,4500.0,9,0,1,0,1.0
64429,0,0.09674813199999999,81,0,14.0,,5,0,0,0,
64430,0,0.379389659,61,0,0.487477459,4990.0,25,0,1,0,1.0
64431,0,0.140219106,60,0,0.8553453879999999,12000.0,14,0,5,0,0.0
64433,0,0.0,52,1,0.5134883720000001,2149.0,8,0,0,0,0.0
64436,0,0.142674919,51,0,0.314757913,55000.0,10,0,3,0,3.0
64438,0,0.5521089579999999,58,0,2785.0,,6,0,1,0,0.0
64439,0,0.075883929,36,1,0.43313201,4635.0,7,0,1,0,0.0
64440,0,0.258416531,56,0,0.516420752,2100.0,2,0,1,0,0.0
64441,1,0.0,51,0,0.029161806000000002,6000.0,2,0,0,0,2.0
64442,0,0.20655868800000002,63,0,0.322559147,3000.0,5,0,0,0,0.0
64443,0,0.062320956,63,0,2041.0,,4,0,1,0,0.0
64444,0,0.9960159359999999,66,0,7.0,,1,1,0,0,1.0
64445,0,0.127625653,78,0,0.504836976,2790.0,11,0,1,0,1.0
64446,0,0.0022853879999999997,30,0,0.002249719,8000.0,3,0,0,0,0.0
64448,0,0.063030196,64,0,0.374249864,3665.0,8,0,2,0,1.0
64450,0,0.8217963220000001,32,0,0.6483851310000001,6563.0,10,0,1,0,3.0
64451,0,0.09849835800000001,44,0,0.266565186,11167.0,8,0,2,0,4.0
64452,0,0.040565633,67,0,1710.0,,6,0,1,0,0.0
64453,0,0.191807824,41,0,1736.0,,5,0,2,0,0.0
64454,0,0.99545684,44,3,0.110516139,6722.0,6,0,0,1,0.0
64455,0,0.006999588,73,0,0.31733790300000003,3500.0,12,0,1,0,0.0
64456,1,0.9999998999999999,51,0,0.16166839,2900.0,8,0,0,0,2.0
64457,0,0.055732387,34,0,1903.0,,7,0,1,0,0.0
64459,0,0.011499617,80,0,1147.0,,9,0,1,0,0.0
64460,0,0.251533543,69,1,0.37700983899999996,4166.0,10,0,1,0,3.0
64462,0,0.50827155,70,0,2606.0,,18,0,2,0,1.0
64463,0,0.866742217,43,1,0.470496491,3846.0,3,0,1,0,2.0
64466,0,0.00626949,58,0,0.001038422,26000.0,9,0,0,0,0.0
64467,0,0.012444168,68,0,0.003901487,4100.0,2,0,0,0,0.0
64468,0,0.025655592,44,0,0.437427095,6000.0,8,0,1,0,0.0
64469,0,0.160012017,42,0,0.294894797,6130.0,11,0,2,0,3.0
64470,0,0.876955652,40,1,0.42362713399999996,6500.0,12,0,2,0,2.0
64471,0,0.06190348,57,0,0.146799667,6014.0,5,0,1,0,0.0
64472,0,0.6208594789999999,38,0,0.765787564,4132.0,14,0,1,0,2.0
64475,0,0.465695278,57,0,0.576930267,5348.0,10,0,2,0,0.0
64476,0,0.008593525999999999,64,0,0.001564129,5753.0,4,0,0,0,1.0
64477,0,0.007850896999999999,62,0,0.052926275999999994,7500.0,6,0,0,0,0.0
64478,0,0.010599735,68,0,12.0,,1,0,0,0,0.0
64479,0,0.001311576,65,0,0.81037525,8500.0,21,0,4,0,0.0
64480,0,0.663108814,43,2,1.0248950209999999,3333.0,12,0,3,0,2.0
64481,0,0.19543668,51,0,0.041739565,4000.0,3,0,0,0,0.0
64483,1,0.9999998999999999,42,3,0.49390122,5000.0,6,0,1,0,0.0
64484,0,0.918763839,44,0,0.214478552,10000.0,6,0,0,0,3.0
64486,0,0.019879035,67,0,0.469800041,4850.0,13,0,2,0,1.0
64488,0,0.06351938,55,0,0.85228189,6200.0,14,0,3,0,2.0
64489,0,0.726013699,39,0,0.524469391,5700.0,4,0,1,0,3.0
64490,1,1.054627484,53,2,0.532759902,9416.0,15,0,1,1,3.0
64491,0,0.9999998999999999,27,0,114.0,,0,0,0,0,
64492,0,0.022551992000000003,33,0,0.16789736,10833.0,11,0,2,0,0.0
64493,0,0.158537003,48,0,0.095129202,4372.0,7,0,0,0,0.0
64494,0,0.226283067,70,0,0.650347972,4166.0,14,0,2,0,0.0
64495,0,0.40560504,69,0,0.6507132379999999,7500.0,18,0,4,0,0.0
64498,0,0.364734419,30,0,0.336993563,2640.0,15,0,1,0,0.0
64499,0,0.018345201000000002,40,2,3877.0,,13,0,2,0,2.0
64501,0,0.5416067179999999,42,0,0.703383729,4166.0,12,0,2,0,0.0
64502,1,0.0,60,4,0.9207486140000001,4327.0,5,4,3,1,1.0
64503,0,0.947611315,46,0,0.44792316299999996,8016.0,8,0,2,0,0.0
64504,0,0.095995637,63,0,0.17595528100000002,11985.0,8,0,1,0,1.0
64505,0,0.851185723,48,1,0.297106563,4250.0,7,0,1,0,0.0
64507,0,0.21925875600000003,61,0,1.0280391070000001,5420.0,11,0,2,0,2.0
64508,0,0.953752312,44,1,5.435564436,1000.0,6,0,1,1,2.0
64509,0,0.012710923,77,0,0.0053180169999999995,4700.0,10,0,0,0,0.0
64511,0,0.0,21,0,0.0,240.0,1,0,0,0,0.0
64512,0,0.004475217,57,1,0.080076628,5219.0,20,0,1,1,2.0
64514,0,0.886227545,23,0,0.014428413000000001,900.0,2,0,0,0,0.0
64515,0,0.056054759,70,0,0.12829057,3000.0,8,0,1,0,0.0
64516,0,0.001582981,45,0,1.507910075,1200.0,15,0,3,0,2.0
64517,0,0.19428905100000002,62,1,0.401573513,6100.0,13,0,1,0,1.0
64519,0,0.283207538,27,0,0.189111748,5583.0,13,0,2,0,0.0
64522,0,0.053226947000000004,64,0,0.21826058,3000.0,8,0,0,0,3.0
64523,0,0.153546014,47,0,0.743856726,2400.0,11,0,1,0,0.0
64524,0,0.840404495,67,0,0.228289195,16500.0,19,0,0,0,0.0
64525,0,0.792493034,29,2,1592.0,,4,0,1,0,1.0
64526,0,0.008784369,37,0,1.116768862,3750.0,7,0,1,0,0.0
64527,0,0.001932171,54,0,0.833892993,13400.0,12,0,6,0,1.0
64528,0,0.78904909,38,2,1.199571734,2334.0,9,0,1,0,0.0
64529,0,0.049712242999999996,61,0,0.189216214,13000.0,8,0,2,0,0.0
64531,0,0.435906311,38,0,0.811033222,3280.0,8,0,1,0,3.0
64534,0,0.29213483100000004,28,1,0.20078226899999999,2300.0,3,0,0,0,1.0
64536,0,0.127987305,68,0,0.475622969,7383.0,8,0,2,0,0.0
64537,0,0.23119460600000002,66,0,0.064953605,1400.0,4,0,0,0,1.0
64540,0,0.9999998999999999,21,0,0.0,,0,0,0,0,
64541,0,0.9999998999999999,26,0,0.342830009,1052.0,1,0,0,0,0.0
64542,0,0.218971652,58,0,0.256734865,16666.0,7,0,2,0,2.0
64543,0,0.343082175,63,0,1114.0,,9,0,1,0,1.0
64546,0,0.02975166,53,0,0.008326395,1200.0,4,0,0,0,0.0
64548,0,0.09996530599999999,37,0,0.693374217,7500.0,20,0,2,0,2.0
64549,0,0.013417938,46,0,0.378771956,6660.0,9,0,1,0,2.0
64550,0,0.35922637799999996,58,0,0.44617264700000003,9000.0,19,0,2,0,3.0
64551,0,0.135620821,61,0,0.8842781999999999,1710.0,10,0,0,0,0.0
64553,0,0.061527001,72,0,145.0,,13,0,0,0,0.0
64554,0,0.139702582,72,0,0.389078123,9100.0,18,0,5,0,0.0
64555,0,0.258416266,46,0,2871.0,,6,0,1,0,0.0
64560,0,0.0,75,0,0.0,675.0,3,0,0,0,0.0
64561,0,0.9999998999999999,24,1,0.218839984,2430.0,4,0,0,1,0.0
64562,0,0.0,37,0,1.348811375,4500.0,12,0,4,0,0.0
64563,0,0.9999998999999999,33,0,0.003994674,750.0,0,0,0,0,1.0
64565,0,0.016354256,36,0,0.601279744,5000.0,6,0,3,0,0.0
64566,0,0.113997185,71,1,0.07153895099999999,11000.0,10,0,0,0,1.0
64568,1,0.7415430759999999,32,2,725.0,,8,0,0,0,1.0
64569,0,0.996677741,33,1,0.037067888,2400.0,3,0,0,1,1.0
64570,0,0.201643195,29,0,2465.0,,22,0,1,0,0.0
64571,0,0.0,44,0,0.098300131,13000.0,7,0,1,0,2.0
64572,0,0.167873285,72,0,0.335332334,2000.0,10,0,0,1,0.0
64573,0,0.042446915999999994,42,0,0.242605412,9533.0,11,0,3,0,0.0
64574,0,0.382082618,28,0,0.271898248,4166.0,8,0,0,0,0.0
64575,0,0.639248113,62,0,0.269390582,5775.0,8,0,2,0,1.0
64576,0,0.9999998999999999,63,0,0.020895522,334.0,5,0,0,0,0.0
64578,0,0.0,71,0,1046.0,,13,0,1,0,
64579,0,0.22783066899999999,82,0,0.012294648,9434.0,9,0,0,0,0.0
64580,0,0.0,29,1,0.0,4966.0,5,0,0,0,0.0
64582,0,0.918560268,60,0,7327.0,,22,0,1,0,0.0
64583,0,0.091169628,41,0,0.25201072399999996,13800.0,11,0,1,0,0.0
64584,0,0.0,39,0,0.27716832399999997,5833.0,7,0,2,0,0.0
64586,0,0.340777654,40,0,0.5033851779999999,5464.0,7,0,0,0,0.0
64588,0,0.194689036,63,0,0.22822147199999998,8000.0,7,0,1,0,0.0
64589,0,0.11074471,43,0,0.612418049,2592.0,8,0,1,0,2.0
64591,0,0.016624872,58,0,15.0,,4,0,0,0,0.0
64592,0,0.42573127,41,0,0.784958217,3589.0,10,0,1,0,0.0
64594,0,0.9999998999999999,66,0,0.09517886800000001,16883.0,5,0,1,0,0.0
64595,0,0.21332699300000002,71,1,0.265955674,6000.0,13,1,1,0,1.0
64596,0,0.8033986540000001,43,0,0.592920354,3276.0,8,0,1,0,3.0
64598,0,0.037104804,55,0,1768.0,,6,0,1,0,0.0
64599,0,0.9999998999999999,70,0,0.0,1500.0,2,0,0,0,0.0
64601,1,0.9999998999999999,46,1,3791.0,,3,6,1,0,0.0
64602,0,0.701511762,81,0,0.223888056,2000.0,3,0,0,0,2.0
64603,0,0.75784843,30,0,0.065623642,2300.0,4,0,0,0,0.0
64604,0,0.118235221,26,0,334.0,,2,0,0,0,0.0
64605,1,0.522550544,28,1,0.345702749,5200.0,3,0,1,0,0.0
64607,0,0.061364620999999994,67,0,0.006951466,7911.0,1,0,0,0,0.0
64608,0,0.0,62,0,2031.0,,15,0,2,0,0.0
64609,0,0.9999998999999999,34,0,0.156260216,3058.0,1,3,0,0,0.0
64610,0,0.598631142,60,0,0.267183122,18200.0,25,0,2,0,0.0
64611,0,0.357201956,51,0,2523.0,,22,0,2,0,0.0
64612,0,0.22011812100000003,54,0,0.41461994,10300.0,11,0,3,0,0.0
64613,0,0.0,29,0,3701.0,,7,0,1,0,0.0
64614,0,0.004506936,55,0,0.701322557,5443.0,12,0,3,0,0.0
64615,0,0.001170675,82,0,2.0,,5,0,0,0,
64616,0,0.784898585,56,0,0.566814323,5417.0,12,0,1,0,0.0
64617,0,0.966030333,54,0,1443.0,,12,0,0,0,0.0
64619,0,0.017869543,56,0,0.30422082699999997,6846.0,11,0,2,0,2.0
64620,0,0.7893264179999999,55,0,1.023302264,4505.0,14,0,3,0,0.0
64621,0,0.0,65,0,1239.0,,2,0,1,0,
64622,0,0.126131185,51,0,0.21334424100000002,11000.0,4,0,1,0,0.0
64624,0,0.075216399,62,0,0.09170118599999999,7000.0,5,0,1,0,0.0
64625,0,0.08524170699999999,64,0,0.267782148,15000.0,18,0,1,0,2.0
64627,0,0.398760124,40,0,3573.0,,5,0,1,0,0.0
64628,0,0.056971514,24,0,212.0,,2,0,0,0,0.0
64630,0,0.023825904,45,0,0.40116772799999995,9419.0,25,0,3,0,2.0
64631,0,0.229894102,47,0,0.68921095,3104.0,7,0,2,0,0.0
64633,0,0.936412246,61,0,0.23023596899999998,7500.0,11,0,2,0,0.0
64634,0,0.010442124,39,2,0.48097019700000004,7750.0,8,0,2,0,2.0
64636,1,0.9999998999999999,40,0,0.0,,0,0,0,0,0.0
64637,0,0.112444973,64,1,0.312171957,4000.0,17,0,1,0,1.0
64638,0,0.0030801929999999997,49,0,0.071917545,13000.0,4,0,1,0,0.0
64639,0,0.02262081,53,0,0.23835233,5000.0,15,0,1,0,0.0
64640,0,4556.0,42,0,0.111285389,12750.0,5,0,1,0,0.0
64641,0,0.003385023,77,1,0.00104462,6700.0,6,0,0,0,0.0
64642,0,0.857855362,58,1,195.0,,4,3,0,0,
64643,0,0.28278427100000003,55,0,0.6944754459999999,3583.0,16,0,1,0,1.0
64644,0,0.385658469,46,2,0.01564174,4666.0,3,0,0,0,1.0
64647,0,0.059567174,29,1,0.25014997,6667.0,3,0,2,0,0.0
64649,0,0.09761266199999999,47,0,0.278604754,4500.0,13,0,2,0,0.0
64651,0,0.293343262,54,0,0.33719288299999994,3540.0,8,0,0,0,0.0
64652,1,0.14813105699999998,44,0,0.293308891,12000.0,7,1,2,1,3.0
64653,0,0.016622555,53,0,0.004517409,9075.0,14,0,0,0,0.0
64654,0,0.18900082,65,0,0.393021725,7594.0,16,0,1,0,1.0
64655,0,0.015394416000000001,69,1,0.260265994,10300.0,19,0,1,0,0.0
64656,0,0.262818732,50,0,141.0,,2,0,0,0,0.0
64657,0,0.046563162000000005,65,1,0.770661467,6666.0,24,0,3,0,0.0
64660,0,0.229803265,56,0,2012.5,1.0,9,0,3,0,0.0
64661,0,0.596795579,57,0,0.107873604,32500.0,13,0,1,0,0.0
64663,0,0.49885885,61,0,0.42018586,8500.0,8,0,2,0,1.0
64664,0,0.052691115999999996,60,0,0.198433151,9700.0,8,0,1,0,0.0
64665,0,0.391811135,51,0,0.09828748400000001,10977.0,5,0,0,0,2.0
64668,0,0.106244688,60,0,0.392535821,3000.0,6,0,3,0,0.0
64669,0,0.07790555,50,0,0.259956674,6000.0,3,0,1,0,1.0
64670,0,0.024055847,40,0,0.004887803,4500.0,6,0,0,0,3.0
64671,0,0.028281687000000003,42,0,0.24095984,6000.0,5,0,1,0,0.0
64673,0,0.780115729,42,0,43.0,,3,0,0,0,0.0
64676,0,0.223883914,70,0,0.19781759899999998,19977.0,7,0,1,0,1.0
64678,1,0.0,38,0,0.36829415299999996,3317.0,9,0,1,0,0.0
64679,0,0.9737648409999999,63,1,1.67862069,2174.0,7,0,1,0,0.0
64680,0,0.02151957,49,0,0.54832689,7500.0,12,0,2,0,0.0
64681,0,0.03779622,92,0,0.010989011000000002,1000.0,3,0,0,0,0.0
64683,0,0.080315914,78,0,75.0,,3,0,0,0,0.0
64684,0,0.011179668,72,0,17.0,,6,0,0,0,0.0
64685,0,0.10035223800000001,45,1,0.794882047,2500.0,5,0,1,0,2.0
64686,0,0.205480618,55,0,0.509122719,4000.0,6,0,1,0,0.0
64688,0,0.347312265,58,1,0.6959550999999999,5166.0,7,0,1,0,1.0
64689,0,0.931503504,60,0,0.353173484,7089.0,13,0,0,0,1.0
64691,0,0.799648758,47,0,0.23802841600000002,5700.0,13,0,0,0,0.0
64692,1,0.884124307,41,1,0.270529837,9266.0,8,0,1,0,1.0
64694,1,0.741441914,41,0,0.636284132,10290.0,12,0,2,0,0.0
64695,0,0.102289771,59,0,0.024734238999999998,9500.0,6,0,0,0,0.0
64696,0,0.025204187000000003,70,0,0.151207507,6500.0,10,0,2,0,0.0
64698,0,0.0,85,0,0.0,,5,0,0,0,
64700,0,0.0,27,0,0.34249226,2583.0,4,0,2,0,0.0
64701,0,0.0,57,0,6511.0,,6,0,2,0,2.0
64702,0,0.058156245,45,0,0.293876774,10500.0,13,0,1,0,1.0
64703,0,0.221968937,48,0,0.364127175,5000.0,16,0,2,0,0.0
64704,0,0.048748805,68,0,0.019516877,6250.0,6,0,0,0,1.0
64705,1,0.249019763,59,1,0.230989957,5575.0,6,0,0,0,1.0
64706,0,0.656204906,52,0,0.568936785,9000.0,9,3,1,0,0.0
64707,0,0.068036992,32,0,0.101889811,10000.0,11,0,0,0,0.0
64708,0,0.6266411620000001,46,1,0.068580167,8500.0,3,0,0,0,2.0
64709,0,0.026339299,77,0,0.337828412,4300.0,8,0,1,0,0.0
64710,0,0.9377805840000001,38,1,0.21192542,5416.0,6,0,0,0,4.0
64712,0,0.27264849,55,0,132.0,0.0,4,0,0,0,0.0
64717,0,0.0,26,0,0.032741815,4000.0,4,0,0,0,0.0
64718,0,0.7804146390000001,46,0,0.672806592,4125.0,7,0,1,0,0.0
64720,0,0.018813516000000002,66,0,0.088332644,4833.0,7,0,0,0,0.0
64721,0,0.5374595010000001,50,0,0.37543742700000005,6000.0,9,0,2,0,2.0
64722,0,0.17728101,78,0,119.0,,4,0,0,0,0.0
64723,0,0.088819069,47,0,0.16856628699999998,5000.0,4,0,0,0,1.0
64724,0,0.11171553099999999,58,0,0.42136575299999995,3865.0,6,0,1,0,3.0
64725,0,0.043349437000000005,64,1,0.342299578,7583.0,11,0,3,0,0.0
64726,0,0.011792678999999999,57,0,5725.0,,21,0,3,0,2.0
64727,0,0.331722256,30,0,0.218664959,6246.0,11,0,0,0,0.0
64729,0,0.037998831000000004,79,0,37.0,,4,0,0,0,1.0
64732,0,0.007623822,58,0,0.222355529,5000.0,18,0,1,0,0.0
64733,0,1.004332611,29,0,0.325930039,1800.0,4,0,0,0,0.0
64734,0,0.275356998,48,0,5694.0,,9,0,4,0,0.0
64735,0,0.0,55,1,5162.0,,5,0,2,0,
64736,0,0.011919163,48,0,1502.0,,10,0,2,0,0.0
64737,0,0.502473829,34,0,0.151538822,6400.0,8,0,0,0,3.0
64738,0,0.003933071,57,0,0.337649971,5250.0,10,0,1,0,0.0
64739,0,0.8292341529999999,44,0,0.094703613,2850.0,7,0,0,0,2.0
64740,0,0.032273517,40,0,0.4003615,4425.0,6,0,1,0,0.0
64741,0,0.9999998999999999,33,2,0.429633494,7666.0,5,0,2,0,1.0
64742,0,0.0,79,0,0.0,,6,0,0,0,0.0
64743,0,0.49323854200000006,71,0,0.816073479,8709.0,11,0,2,0,1.0
64747,0,0.155097433,76,0,0.08691406300000001,7167.0,14,0,0,0,0.0
64748,0,0.021745059,71,0,35.0,,6,0,0,0,0.0
64749,0,0.050855776,63,0,1108.0,,2,0,1,0,0.0
64750,0,0.042868964,56,0,0.32727848800000003,9468.0,9,0,2,0,2.0
64751,0,0.21771157,89,0,317.0,,3,0,0,0,0.0
64752,0,0.027946408,39,0,1.664667666,2000.0,12,0,2,0,0.0
64754,0,0.183071368,59,0,0.350526134,11593.0,10,0,2,0,1.0
64755,0,0.051704880999999994,77,0,0.006497175,3539.0,2,0,0,0,0.0
64756,0,0.036724094,62,0,0.18949373100000003,6300.0,21,0,2,0,2.0
64757,0,0.130441471,25,0,0.182395933,3146.0,3,0,0,0,2.0
64758,0,0.322735453,49,1,0.258991676,6366.0,5,0,1,0,2.0
64759,0,0.24597267,48,1,4173.0,,5,0,2,0,0.0
64760,0,0.195583683,43,0,0.329858379,5083.0,9,0,1,0,0.0
64761,0,0.008635742,70,0,0.103979204,5000.0,7,0,1,0,0.0
64762,0,0.9999998999999999,35,0,0.319625867,6200.0,7,0,1,0,0.0
64763,0,0.026447183,56,0,1625.0,,13,0,1,0,0.0
64764,0,0.02372989,77,0,0.01126863,5501.0,15,0,0,0,0.0
64766,1,0.972972973,37,1,0.18690801899999998,4750.0,6,0,0,0,2.0
64768,0,0.572518021,63,0,3064.0,,16,0,1,0,0.0
64769,0,0.063781775,46,0,0.537292541,5000.0,14,0,2,0,1.0
64770,0,0.074599955,60,0,0.064489252,6000.0,13,0,1,0,0.0
64772,0,0.9999998999999999,48,1,0.131073785,3333.0,2,0,0,0,2.0
64774,0,0.049794922,73,0,0.004465645,9852.0,5,0,0,0,0.0
64775,0,0.97015952,56,1,0.237472144,17500.0,22,0,1,0,1.0
64776,0,0.9999998999999999,56,0,0.101988454,4676.0,1,2,0,0,0.0
64777,0,0.37502403799999995,58,0,0.259630776,9370.0,11,0,2,0,1.0
64778,1,0.181019332,52,0,0.948694596,3293.0,11,0,2,0,0.0
64779,0,0.497363796,28,0,679.0,,3,0,0,0,
64780,0,0.078402286,37,0,1563.0,,3,0,1,0,1.0
64781,0,0.081327911,73,0,0.111416215,29133.0,3,0,1,0,0.0
64782,0,0.705920408,50,0,0.582908322,8038.0,22,0,1,0,2.0
64783,0,0.061475950999999994,57,1,0.47355511299999997,6522.0,12,0,2,0,0.0
64785,0,0.0,54,0,3.0,,3,0,0,0,0.0
64786,0,0.0,62,0,0.11013499,14000.0,5,0,2,0,0.0
64787,0,0.9999998999999999,48,0,1.176810307,2250.0,3,0,2,0,2.0
64788,0,0.088798926,66,0,0.494120915,10800.0,11,0,3,0,0.0
64789,0,0.10912404199999999,60,0,0.774811259,20000.0,22,0,4,1,0.0
64790,0,0.08994775099999999,67,0,0.14006734,4454.0,4,0,0,0,1.0
64793,0,0.04181461,40,0,0.7469332120000001,2200.0,9,0,1,0,3.0
64794,0,0.9999998999999999,63,0,0.17680237899999998,9750.0,7,0,2,0,1.0
64795,0,0.153140624,44,2,0.255909742,5583.0,12,0,1,0,0.0
64796,0,0.215806708,55,1,0.55637603,14083.0,15,0,2,0,0.0
64798,0,0.892903395,70,0,13119.0,,14,0,4,0,0.0
64800,0,0.9999998999999999,30,1,0.12367894900000001,3500.0,1,0,0,0,3.0
64801,0,0.687562172,59,0,0.396295955,10852.0,14,0,2,0,2.0
64802,0,0.015566899999999998,72,0,0.18889656800000001,4340.0,7,0,1,0,1.0
64805,0,0.000879386,37,0,0.400859914,10000.0,11,0,2,0,3.0
64806,0,0.01193428,43,3,0.379969419,5231.0,15,0,2,0,3.0
64807,0,0.028870339,50,0,0.253612685,22766.0,16,0,2,0,0.0
64808,0,0.013293805,57,0,0.002785515,5743.0,5,0,0,0,0.0
64809,0,0.020245372,70,0,0.22550085399999997,6438.0,7,0,1,0,2.0
64810,0,0.495536246,54,0,0.20437177899999998,5626.0,2,0,1,0,0.0
64812,0,0.011936463000000001,52,0,1049.0,,4,0,1,0,0.0
64818,1,0.28271860600000004,58,1,453.0,,6,0,0,0,0.0
64819,0,0.843257837,60,0,0.46249654,7225.0,6,0,2,0,3.0
64820,0,0.566083341,54,0,0.590979782,4500.0,20,0,2,0,1.0
64821,0,0.175734377,63,0,0.058401149000000006,2088.0,3,0,0,0,0.0
64823,0,0.8502994009999999,22,0,0.031968032,1000.0,2,0,0,0,0.0
64824,0,0.0,41,0,1679.0,,3,0,1,0,0.0
64827,0,0.182397355,65,0,0.463764591,4111.0,7,0,1,0,1.0
64831,0,0.08831067,58,0,0.079833613,12500.0,14,0,0,0,0.0
64833,0,0.07241963900000001,44,0,0.37241536,4400.0,8,0,1,0,0.0
64834,0,0.007803184,41,0,0.499404904,4200.0,8,0,1,0,0.0
64838,0,0.164536513,65,1,0.295227726,5510.0,10,0,2,0,0.0
64839,0,0.9999998999999999,49,0,1.218227425,7175.0,10,0,2,0,0.0
64841,0,0.85348293,51,0,0.582443654,5900.0,14,0,1,0,2.0
64842,0,0.251129699,30,0,468.0,,4,0,0,0,0.0
64843,0,0.07094874400000001,39,0,0.5134358210000001,8000.0,8,0,1,0,0.0
64844,0,0.890219561,62,0,0.783216783,1000.0,5,0,0,0,0.0
64845,0,0.681682958,68,0,0.293521187,9368.0,8,0,1,0,0.0
64846,0,0.05084261599999999,50,0,0.315134762,5787.0,6,0,1,0,3.0
64848,0,0.0,67,0,0.584224599,5983.0,9,0,3,0,0.0
64849,0,1.058236273,40,0,0.16606616400000002,3052.0,3,0,0,0,2.0
64850,0,0.057862809,69,0,0.069984095,4400.0,5,0,0,0,1.0
64852,0,0.275482336,47,3,0.087330677,6274.0,6,0,0,0,3.0
64854,0,0.105618399,63,0,1331.0,,6,0,2,0,0.0
64855,0,0.154978525,38,0,0.039988575,3500.0,4,0,0,0,0.0
64856,0,0.0,61,0,0.166755319,3759.0,7,0,0,0,0.0
64857,0,0.004888708,73,0,458.0,,5,0,1,0,
64858,0,0.108798245,37,0,3617.0,,4,0,2,0,0.0
64859,0,0.021594448,57,0,0.479542166,7600.0,22,0,4,0,0.0
64860,1,0.074192581,32,0,0.8912233140000001,2950.0,5,0,1,0,0.0
64861,0,0.05657682,61,0,0.498615598,4333.0,10,0,1,0,0.0
64864,0,0.230472603,65,4,0.446237605,5142.0,10,1,3,0,0.0
64865,0,0.038256862,67,0,0.37484093799999996,5500.0,12,0,2,0,0.0
64866,0,0.310265422,31,1,101.0,,2,0,0,0,0.0
64867,0,0.028359207999999997,69,0,0.362163346,4566.0,17,0,1,0,0.0
64871,1,0.6482122260000001,27,1,0.03200883,3623.0,4,0,0,1,1.0
64873,0,0.9999998999999999,40,3,0.18254913600000003,6715.0,3,0,1,0,0.0
64875,0,0.0,43,0,0.0,8550.0,4,0,0,0,0.0
64876,0,0.253966263,48,1,0.770661157,5323.0,23,0,2,0,3.0
64877,0,0.0,35,0,0.251468566,8000.0,13,0,2,0,1.0
64878,0,0.112522488,64,0,0.419502285,5906.0,23,0,1,0,0.0
64879,0,0.9995362590000001,43,0,0.884215735,8083.0,10,0,2,1,3.0
64880,1,0.72533681,30,0,260.0,,8,0,0,0,2.0
64882,0,1.00279972,49,0,0.182906636,7850.0,7,0,1,0,1.0
64884,0,0.214741453,29,0,500.0,,3,0,0,0,
64885,0,0.9999998999999999,87,0,0.0,,1,0,0,0,0.0
64886,0,0.008722083,43,0,0.5009675339999999,4650.0,6,0,2,0,1.0
64887,0,0.196580342,30,0,0.017951098999999998,3230.0,2,0,0,0,4.0
64888,0,0.066046698,64,0,0.24225051,10290.0,4,0,2,0,0.0
64889,0,0.171583905,56,0,1292.0,,14,0,1,0,0.0
64890,0,0.063704286,46,1,2224.0,,9,0,1,0,2.0
64891,0,0.49958833,46,0,3185.0,,11,0,1,0,0.0
64892,0,0.010913117,69,0,0.074925075,2001.0,12,0,1,0,0.0
64893,0,0.19323493,50,0,0.523569184,10500.0,15,0,2,0,0.0
64894,0,0.31113959,62,0,0.33884068700000003,10833.0,9,0,2,0,0.0
64895,0,0.9999998999999999,60,0,216.0,,1,0,0,0,0.0
64896,0,0.0052495630000000005,53,0,0.120575885,5000.0,15,0,0,0,1.0
64897,0,0.035915864,76,0,0.015246188,4000.0,10,0,0,0,0.0
64899,0,0.0,82,0,0.006665278,4800.0,8,0,0,0,0.0
64900,0,0.042401243,74,0,0.022316162,10171.0,10,0,0,0,0.0
64901,0,0.7155713770000001,55,2,0.26512812199999997,18458.0,14,0,1,0,2.0
64903,0,0.225225846,70,0,0.18750764,8180.0,5,0,1,0,0.0
64904,0,0.256642225,46,0,80.0,,2,0,0,0,0.0
64906,0,0.020858468999999998,79,0,0.309010887,4316.0,18,0,2,0,0.0
64907,0,0.7201017809999999,48,1,0.050140581,2133.0,2,0,0,0,0.0
64908,0,0.295713724,32,1,2.9533116180000003,920.0,9,0,1,0,2.0
64909,0,0.016187603000000002,26,0,0.006569943000000001,10958.0,23,0,0,0,0.0
64910,0,0.0010260999999999998,68,0,0.468277946,3640.0,18,0,2,0,2.0
64911,0,0.866441353,46,0,1.142857143,4500.0,7,0,1,0,0.0
64915,0,0.073525808,74,0,86.0,,2,0,0,0,0.0
64916,0,0.9999998999999999,49,0,0.212105535,1932.0,3,0,0,0,0.0
64917,0,0.18832467,23,0,14.0,,1,0,0,0,0.0
64918,0,0.051218377,34,0,0.203306226,7500.0,7,0,1,0,2.0
64920,0,0.8922155690000001,27,0,0.256319812,1700.0,7,0,0,0,0.0
64921,0,0.006271495,63,3,1931.0,0.0,13,0,1,0,0.0
64922,0,0.021649459,66,0,0.454431175,17500.0,8,0,2,0,0.0
64925,0,0.11738066300000001,62,0,0.03713932,10500.0,14,0,0,0,0.0
64926,0,0.17656484,80,0,0.12112858800000001,6166.0,19,0,1,0,1.0
64927,0,0.0,48,0,0.295425974,10340.0,7,0,2,0,0.0
64928,0,0.06443631,55,0,0.007691671,12090.0,13,0,0,0,1.0
64929,0,0.5300233329999999,52,0,0.781846513,7700.0,9,0,2,0,0.0
64930,1,0.9999998999999999,40,2,1.030333842,5900.0,10,1,4,0,0.0
64931,0,0.9999998999999999,46,0,0.012337333,5916.0,1,0,0,0,2.0
64932,0,0.763209472,40,0,0.5384167639999999,1717.0,8,0,0,0,1.0
64933,0,0.257367274,47,0,0.584314597,4500.0,21,0,1,0,1.0
64934,0,0.0,31,2,0.267057569,1875.0,8,0,0,0,0.0
64935,0,0.318407573,66,0,0.26505221100000004,4500.0,13,0,1,0,0.0
64936,0,0.741544807,55,0,0.505971564,5274.0,11,0,2,0,2.0
64937,0,0.014743358,50,0,0.650881347,3800.0,18,0,2,0,0.0
64938,0,0.0,53,0,608.0,,8,0,1,0,
64939,0,0.499025506,35,1,0.629518072,1659.0,11,0,0,0,1.0
64940,1,0.9999998999999999,68,0,0.8555230429999999,2733.0,5,0,0,0,2.0
64941,0,1.020454892,51,3,0.22830089399999998,1900.0,8,0,0,0,1.0
64942,0,0.9999998999999999,38,0,110.0,,0,0,0,0,0.0
64943,0,0.398237516,52,0,0.23110151199999998,8333.0,5,0,1,0,3.0
64945,1,0.960693153,41,0,0.138132595,6500.0,7,0,0,0,4.0
64946,0,0.9144009820000001,28,1,0.22303251300000002,3290.0,5,0,0,1,0.0
64947,0,0.42645838,46,0,0.121037464,1387.0,5,0,0,0,2.0
64949,1,0.45988202799999994,58,3,1.181818182,4300.0,10,1,2,3,0.0
64950,0,0.969187171,60,0,0.5747730529999999,6278.0,12,0,1,0,0.0
64952,0,0.407111699,66,0,0.8119464470000001,4854.0,10,0,1,0,0.0
64956,0,0.042677047,62,0,0.23305294399999998,8083.0,7,0,1,0,0.0
64958,0,0.00588589,59,0,3309.0,,7,0,1,0,0.0
64960,0,0.023080665,84,0,0.08506429300000001,5054.0,10,0,0,0,0.0
64962,0,0.067739546,55,3,0.17306627300000002,10833.0,13,0,1,0,0.0
64963,0,0.02820583,64,0,1150.0,,11,0,1,0,0.0
64964,0,0.944801236,34,1,1221.0,,8,0,0,0,0.0
64965,0,0.196090822,58,1,0.184372256,3416.0,10,0,0,0,1.0
64966,0,0.570879262,33,0,0.43729189799999996,900.0,3,0,0,0,0.0
64967,0,0.194120392,32,0,0.161044078,4060.0,4,0,1,0,0.0
64968,0,0.44510978,59,0,0.028863076,2840.0,3,0,0,0,0.0
64969,0,0.03977006,60,0,0.062400747,10704.0,14,0,1,0,0.0
64970,0,0.006671051,56,0,0.295139973,9608.0,16,0,2,0,1.0
64971,0,0.084253255,40,0,0.099274175,4270.0,4,0,0,1,5.0
64972,0,0.484634358,31,0,0.140945009,6200.0,5,0,0,0,0.0
64973,0,0.766239483,51,0,0.567484001,13906.0,35,0,2,0,4.0
64974,0,0.589671417,54,0,1.056431904,4500.0,10,0,2,0,0.0
64975,0,0.059738465,68,0,0.107466417,3200.0,13,0,1,0,0.0
64978,0,0.965044108,57,0,2575.0,,10,0,0,0,0.0
64979,0,0.9999998999999999,82,0,0.053189362000000004,5000.0,1,0,1,0,0.0
64983,0,0.037278864,50,0,0.014631291000000001,5125.0,4,0,0,0,1.0
64984,0,0.263735638,36,1,0.429802553,9166.0,15,0,2,0,1.0
64987,1,0.930645383,48,1,1291.0,,12,0,0,0,0.0
64988,0,0.8645409479999999,32,1,0.22842860199999998,4600.0,9,0,0,0,3.0
64991,0,0.035649073999999996,32,0,0.47672602299999994,3200.0,7,0,2,0,0.0
64992,1,0.667004678,39,0,0.597834205,5355.0,10,0,2,0,3.0
64994,0,0.9999998999999999,28,0,0.116017496,4800.0,3,9,0,0,1.0
64997,0,0.08196137099999999,48,0,3633.0,,11,0,2,1,3.0
64998,0,0.862006418,52,0,0.595177074,8583.0,12,0,2,0,3.0
64999,0,0.96863535,57,0,0.24537037,4535.0,7,0,1,0,0.0
65000,0,0.01265935,55,0,3469.0,,14,0,3,0,0.0
65001,0,0.514497929,30,0,0.068629019,6250.0,3,0,0,0,0.0
65002,0,0.7568996929999999,51,0,0.45651763799999995,5300.0,7,0,1,0,1.0
65004,0,0.825207635,47,0,0.46777496700000004,8300.0,8,0,1,0,3.0
65005,0,0.9999998999999999,46,1,0.159453521,10466.0,2,1,1,0,2.0
65007,0,0.0,78,0,0.188823795,2218.0,7,0,0,0,0.0
65008,0,0.030365654,84,0,0.003374578,8000.0,3,0,0,0,0.0
65010,0,0.248932314,48,1,0.467093419,9997.0,20,0,4,0,2.0
65011,0,0.230454513,66,0,0.20005333,15000.0,7,0,1,0,0.0
65014,0,0.00599976,70,0,0.216885007,2060.0,6,0,1,0,0.0
65015,0,0.7409316420000001,56,0,0.5205122120000001,8433.0,10,0,1,0,2.0
65020,0,0.184558692,55,3,0.59721126,3800.0,13,0,2,0,1.0
65021,0,0.007499886,76,0,0.003998934,3750.0,17,0,0,0,0.0
65022,0,0.004161707,60,0,0.093221585,6800.0,9,0,1,0,1.0
65023,0,0.30830306,36,0,0.135429262,3307.0,8,0,0,0,0.0
65025,0,0.008710724,69,0,0.019257221,1453.0,3,0,0,0,0.0
65026,0,0.0,32,0,0.18661087899999998,3584.0,5,0,0,0,0.0
65029,0,0.05274731,50,0,0.744032428,6660.0,14,0,1,0,0.0
65031,0,0.9999998999999999,60,0,0.0,,1,2,0,0,0.0
65032,0,0.0,82,0,0.43428432100000003,4100.0,24,0,2,0,0.0
65033,0,0.549056368,37,0,0.404485274,3700.0,4,0,1,0,2.0
65034,0,0.326307101,69,5,1.273602369,2700.0,15,1,2,0,1.0
65035,0,0.61801678,49,0,0.6647044089999999,7983.0,15,0,1,0,1.0
65037,1,0.0,33,1,0.096725819,4000.0,8,0,0,1,0.0
65038,0,0.339488402,54,0,1.080922341,4596.0,15,0,5,0,1.0
65039,0,0.9999998999999999,26,0,292.0,,5,0,0,0,0.0
65041,0,0.040619288999999996,54,0,0.271900682,5718.0,4,0,1,0,0.0
65042,0,0.144168877,56,0,0.720129708,4008.0,16,0,2,0,0.0
65045,0,0.227493362,50,0,3867.0,,14,0,2,0,1.0
65046,0,0.0006799730000000001,82,0,0.504026659,3600.0,11,0,1,0,1.0
65047,0,0.032669388,42,0,0.180785537,12500.0,6,0,2,0,2.0
65048,0,0.042974562,90,0,0.032243551,6667.0,6,0,0,0,1.0
65049,0,0.684961402,43,0,3578.0,,11,0,1,0,1.0
65052,0,0.9999998999999999,64,0,71.0,,1,0,0,0,0.0
65054,0,0.37333958799999994,49,0,0.266375546,10075.0,14,0,1,0,2.0
65055,0,0.779802737,47,0,0.378570192,5776.0,12,0,1,0,0.0
65057,0,0.23565881100000002,41,0,0.45047311100000004,8348.0,6,0,2,0,1.0
65058,0,0.000666622,62,0,0.492706645,1850.0,4,0,1,0,0.0
65059,0,0.058950098,43,0,0.644041042,3800.0,13,0,1,0,2.0
65062,0,0.197116058,59,0,0.290215911,5140.0,6,0,1,0,0.0
65063,0,0.015124055,56,0,7.721393035,200.0,10,0,1,0,0.0
65064,0,0.27734176899999996,64,0,0.35301399899999997,10500.0,17,0,2,0,0.0
65066,0,0.666002322,73,1,0.341584505,14300.0,14,0,2,0,2.0
65069,0,0.8094199740000001,32,0,0.15533813900000001,5825.0,6,0,0,0,0.0
65070,0,0.032370504,51,0,0.36943729299999994,10875.0,8,0,4,0,2.0
65072,0,0.031232446,81,0,30.0,,6,0,0,0,0.0
65073,1,1.4477611940000001,51,0,0.0056617130000000005,1412.0,1,0,0,0,0.0
65074,0,0.34632538799999996,41,0,0.6743229959999999,11188.0,18,0,4,0,3.0
65075,0,0.09761754800000001,63,0,0.157440659,22833.0,8,0,4,0,1.0
65076,1,0.8879979640000001,60,2,0.340164959,4000.0,21,0,0,0,2.0
65077,0,0.0,83,0,0.0,,1,0,0,0,
65078,0,0.20728899399999998,45,0,0.400170285,4697.0,6,0,1,0,0.0
65080,0,0.9999998999999999,60,0,0.082857143,5249.0,5,0,1,0,2.0
65082,0,0.107881535,52,0,0.301507538,5571.0,7,0,1,0,0.0
65084,0,0.522397549,45,0,0.494819124,5500.0,11,0,1,0,0.0
65087,0,0.111707902,68,0,225.0,,7,0,1,0,0.0
65088,0,0.9999998999999999,54,2,0.0,2900.0,0,2,0,0,0.0
65089,0,0.151352192,60,0,942.0,,4,0,1,0,0.0
65090,1,0.870302137,37,1,0.5068737729999999,5600.0,5,4,1,0,4.0
65091,0,0.479088745,45,0,0.403465896,4500.0,13,0,0,0,1.0
65095,0,0.45843253,36,0,0.134314265,12708.0,9,0,0,0,0.0
65096,0,0.5074751239999999,65,3,0.063045685,9849.0,8,0,0,0,0.0
65097,0,0.995333955,54,0,0.229102167,2583.0,3,0,1,0,3.0
65099,0,0.011883155,70,0,0.001333156,7500.0,5,0,0,0,0.0
65100,0,0.124526659,62,0,1851.0,,11,0,2,0,1.0
65102,0,0.10946308199999999,66,0,1.048429319,4583.0,23,0,2,0,0.0
65103,0,1.01996008,30,0,0.42808386200000004,2050.0,5,0,1,0,1.0
65104,0,0.037727885,35,0,0.10077984400000001,1666.0,4,0,0,0,0.0
65106,1,1.105788423,35,1,0.062377072,3558.0,2,0,0,0,4.0
65107,0,0.197160568,27,0,204.0,,4,0,0,0,1.0
65109,0,0.274603494,47,0,0.33644171799999995,4074.0,8,0,1,0,1.0
65110,0,0.0,44,0,0.020135154,7250.0,9,0,0,0,2.0
65112,0,0.003076686,40,0,0.000374953,2666.0,1,0,0,0,0.0
65113,0,0.0,79,0,0.0,,4,0,0,0,
65114,0,0.006795300000000001,61,0,0.0029154520000000002,2400.0,6,0,0,0,0.0
65115,0,0.039109265,54,0,0.145534041,1600.0,6,0,0,0,0.0
65116,0,0.155067969,31,0,0.296547821,5300.0,7,0,0,0,0.0
65117,0,0.7250343709999999,43,1,142.5,1.0,3,1,0,1,0.0
65118,0,0.476189039,70,0,0.22946175600000002,6000.0,11,0,1,0,1.0
65119,0,0.056662812,70,0,24.0,,3,0,0,0,0.0
65120,0,0.19709343,51,0,1733.0,,4,0,2,0,0.0
65121,0,0.075381244,48,0,0.43855932200000003,5191.0,10,0,1,0,2.0
65122,1,0.09952042400000001,33,1,2.257722235,4240.0,10,0,3,0,0.0
65123,0,0.183266932,51,0,0.279060078,12000.0,15,0,1,0,3.0
65124,0,0.038738041,56,0,0.142071494,12000.0,6,0,1,0,1.0
65125,1,0.092838387,39,0,0.378180151,8725.0,11,0,3,0,1.0
65126,0,0.025651708999999998,69,0,0.062340967000000004,5501.0,3,0,0,0,0.0
65127,0,0.023222505,58,0,91.0,,11,0,0,0,0.0
65129,0,0.06348941799999999,73,0,0.98347548,1875.0,6,0,2,0,0.0
65130,0,0.9999998999999999,55,0,0.0,5782.0,1,0,0,0,1.0
65133,0,0.43834246600000004,43,0,0.279003962,5300.0,10,0,0,0,1.0
65136,0,0.037788479,59,0,3248.0,,14,0,2,0,0.0
65137,0,0.005610244,53,0,46.0,0.0,8,0,0,0,2.0
65138,0,0.0,49,0,0.40900791200000003,11500.0,11,0,2,0,3.0
65139,1,0.833379133,56,0,0.49425727399999997,7835.0,10,0,1,0,1.0
65140,0,0.026555705,39,0,0.5800666560000001,6300.0,15,0,2,0,2.0
65143,1,0.9999998999999999,41,0,0.158841159,2001.0,0,9,0,1,2.0
65145,0,0.325713625,42,0,0.301933108,9776.0,15,0,4,0,2.0
65146,0,0.027032373,64,0,0.181138346,4813.0,7,0,1,0,0.0
65148,0,0.0,68,0,0.020504236999999998,9558.0,3,0,0,0,0.0
65151,0,0.015180145,55,1,0.6857232109999999,3200.0,12,0,1,0,1.0
65152,1,0.9999998999999999,49,2,0.780982906,4679.0,6,4,2,3,1.0
65153,0,0.248375812,51,0,0.022037217999999997,6125.0,5,0,0,0,0.0
65157,0,0.01270545,59,0,0.33567783799999995,7250.0,13,0,2,0,2.0
65158,0,0.041285782,49,0,1336.0,,7,0,1,0,0.0
65159,0,0.101149584,63,0,0.294862773,5683.0,11,0,1,0,0.0
65160,0,0.510344068,48,0,0.483667144,8387.0,12,0,2,0,6.0
65161,0,0.116865013,41,0,0.299057627,11990.0,8,0,2,0,3.0
65162,0,0.297623749,56,2,0.355465175,9834.0,24,0,1,0,1.0
65163,0,0.038124542000000004,66,0,0.153077771,15416.0,7,0,2,0,1.0
65164,0,0.012541143999999999,82,0,0.208164862,7666.0,9,0,2,0,0.0
65165,0,0.006725126999999999,69,0,0.004028648,2233.0,5,0,0,0,0.0
65166,1,0.11075569800000001,70,2,0.237712022,8076.0,10,0,1,0,1.0
65167,0,0.9999998999999999,37,0,414.0,,1,0,0,0,3.0
65169,0,0.013771232,63,0,0.151050539,8804.0,11,0,1,0,0.0
65170,0,0.0,23,0,0.086956522,4300.0,2,0,0,0,0.0
65171,0,0.038434912,62,0,988.0,,9,0,1,0,0.0
65173,0,0.005856943000000001,65,0,229.0,,8,0,0,0,0.0
65177,0,0.9999998999999999,30,1,0.219147345,1336.0,1,0,0,0,0.0
65178,0,0.021926532999999998,64,0,31.0,,6,0,0,0,0.0
65179,0,0.287143386,39,0,0.295622716,11216.0,12,0,4,0,0.0
65180,0,0.0019499029999999998,58,0,0.591449695,3110.0,4,0,1,0,0.0
65182,0,0.465992544,49,0,0.7718037190000001,10433.0,12,0,1,0,0.0
65183,0,0.9999998999999999,60,3,0.40019458399999996,6166.0,2,0,1,1,0.0
65184,0,0.0,54,0,0.0,,1,0,0,0,0.0
65185,0,0.034893465,44,0,0.010812696,8600.0,8,0,0,0,1.0
65187,0,0.096466033,66,0,0.35679427399999997,9220.0,8,0,1,0,0.0
65188,0,0.406293181,49,0,0.372587141,7200.0,13,0,2,0,0.0
65189,0,0.357240998,66,1,0.6303043770000001,4500.0,11,0,2,0,2.0
65190,0,0.14804868300000001,28,0,77.0,,3,0,0,0,0.0
65191,0,0.0062748430000000004,58,0,0.005559968,1258.0,2,0,0,0,0.0
65192,0,0.47084305200000004,27,0,0.097332016,6071.0,6,0,0,0,3.0
65194,0,0.024799007999999997,70,0,0.17188003899999998,3100.0,4,0,0,0,0.0
65195,0,0.9999998999999999,40,0,0.956565827,5916.0,2,0,2,0,2.0
65196,1,0.9625187409999999,47,0,188.0,,6,0,0,0,2.0
65198,0,0.23171360800000002,55,0,0.397768439,6900.0,13,0,1,0,2.0
65199,0,0.0,41,0,0.19046700100000002,5181.0,4,0,1,0,0.0
65200,0,0.085412079,40,0,0.529520295,2167.0,10,0,0,0,1.0
65201,0,0.487051295,32,0,0.287524641,3550.0,9,0,1,0,3.0
65207,0,0.019948206,87,0,0.00505997,5335.0,4,0,1,0,0.0
65209,0,0.082174013,60,0,0.137472284,7666.0,6,0,1,0,0.0
65210,0,0.046968745,82,0,1137.0,,6,0,0,0,0.0
65211,1,0.703477888,43,1,3939.0,,7,0,0,0,0.0
65212,0,0.7239003159999999,38,0,0.036987877,11300.0,4,0,0,0,1.0
65213,0,0.550678876,36,0,0.284176183,3064.0,5,0,0,0,0.0
65214,0,0.035292388,41,0,0.006569551999999999,3500.0,3,0,0,0,0.0
65216,0,0.07120536599999999,42,0,0.101949025,4001.0,6,0,0,0,0.0
65218,0,0.950814385,39,0,0.11278723,5700.0,5,0,0,0,1.0
65219,0,0.46933314600000003,31,0,0.181185505,4166.0,8,0,0,0,1.0
65220,0,0.032892565,64,0,0.003124805,16000.0,5,0,0,0,1.0
65221,0,0.0006922539999999999,82,0,0.0,,3,0,0,0,0.0
65222,0,0.008757683,44,0,0.109824621,5872.0,5,0,2,0,0.0
65223,1,0.9999998999999999,24,98,0.0,,0,98,0,98,0.0
65225,1,0.843751074,43,0,0.21093372,6200.0,13,0,0,0,1.0
65226,0,0.062759575,42,0,120.0,0.0,4,0,1,0,0.0
65227,0,0.83840139,51,1,0.295364238,3774.0,3,0,1,0,0.0
65229,0,0.043059325,42,0,3.9338662789999996,1375.0,13,0,3,0,3.0
65231,1,0.9999998999999999,32,0,0.030396526,8750.0,1,1,0,1,0.0
65232,0,0.102280735,47,0,0.032106239,75000.0,6,0,1,0,3.0
65233,0,0.540048665,61,0,0.496382055,4145.0,5,0,1,0,0.0
65234,0,0.105813798,85,1,0.33690385100000003,3920.0,12,0,1,0,0.0
65235,0,0.525810538,59,0,2867.0,,3,0,1,0,0.0
65237,0,0.9999998999999999,41,1,0.016680118,7433.0,2,0,0,0,2.0
65239,0,0.20768101,59,0,0.196771714,6504.0,7,0,2,0,1.0
65240,0,0.039351004,46,0,0.03714827,21642.0,11,0,1,0,1.0
65241,0,0.251712984,32,0,0.167733675,3123.0,9,0,0,0,0.0
65243,0,0.040365321,52,0,1585.0,,4,0,1,0,0.0
65244,0,0.39596220299999996,40,0,0.038552126,8066.0,4,0,0,0,4.0
65245,0,0.8706738509999999,31,0,3478.0,,4,0,1,0,0.0
65246,0,0.121926334,25,0,0.731210191,784.0,6,0,0,0,0.0
65247,0,0.0,55,0,0.32560856899999996,5134.0,8,0,1,0,2.0
65248,0,0.10256331,74,0,0.36423368100000003,7000.0,12,0,1,0,0.0
65249,0,0.36529376,48,0,14089.0,,9,0,5,0,4.0
65250,0,0.152538976,50,0,114.0,,5,0,0,0,0.0
65251,0,0.61172717,30,0,2666.0,,6,0,2,0,0.0
65252,0,0.001181711,75,1,824.0,,11,0,1,0,0.0
65253,0,0.040560524,32,0,0.0056647780000000005,3000.0,3,0,0,0,0.0
65254,0,0.260374349,63,0,0.440838005,10166.0,9,0,1,0,0.0
65255,1,0.948207171,27,0,0.005828476,1200.0,1,0,0,0,0.0
65256,0,0.374729054,47,0,0.332741004,2250.0,12,0,0,0,1.0
65258,0,0.007874803,62,0,0.260118381,6250.0,6,0,2,0,0.0
65259,0,0.055114896,71,0,0.181552635,8900.0,9,0,2,0,0.0
65260,0,0.934162433,41,3,1.161443871,2520.0,10,0,3,0,0.0
65265,0,0.895100233,37,0,0.9070861509999999,3400.0,10,0,2,0,0.0
65267,0,0.169677744,75,0,0.713694092,3621.0,18,0,2,0,0.0
65270,0,0.000872472,64,0,0.12043978,2000.0,6,0,0,0,0.0
65271,0,0.009222988,64,0,0.40191961600000004,5000.0,12,0,2,0,0.0
65273,0,0.10666429599999999,54,0,1.2892768079999999,400.0,6,0,0,0,0.0
65274,0,0.016565725,37,0,0.461463888,4125.0,12,0,1,0,0.0
65275,0,0.058089706,33,0,0.14152410599999998,4500.0,11,0,0,0,0.0
65277,0,0.032010278999999996,65,1,1.309845077,2000.0,9,0,2,0,0.0
65278,0,0.072774352,69,0,0.198327585,21166.0,13,0,2,0,1.0
65280,0,0.9999998999999999,44,0,0.18891687699999998,1190.0,1,0,0,0,1.0
65281,0,0.0,76,0,0.0,2250.0,4,0,0,0,0.0
65282,0,0.010608767,75,0,0.11435425800000001,2500.0,8,0,0,0,0.0
65284,0,0.590640666,67,0,0.554328159,10500.0,8,0,1,0,0.0
65285,0,0.0,29,0,317.0,,2,0,0,0,0.0
65287,0,0.291914894,58,0,3063.0,,21,0,2,1,
65288,1,0.23938873600000002,61,0,2.838053982,3000.0,13,0,5,0,0.0
65292,0,0.88209607,52,2,1.25419493,2800.0,9,0,1,0,0.0
65293,0,0.193601052,69,0,0.557913043,2874.0,7,0,1,0,0.0
65294,0,0.07306706,51,0,0.028893696,6471.0,5,0,0,0,0.0
65296,0,0.9999998999999999,61,0,5700.0,,7,0,3,0,3.0
65297,0,0.7063797079999999,31,0,0.129260976,3666.0,5,2,0,0,0.0
65298,0,0.041166596,51,0,0.45850292,5650.0,9,0,2,0,0.0
65299,0,0.304403983,46,0,0.353637197,12000.0,10,0,2,0,2.0
65300,0,0.64591926,72,0,0.08518296300000001,5000.0,7,0,0,0,0.0
65302,0,0.06593964,50,1,0.852079073,4400.0,13,0,2,0,0.0
65303,0,0.02489452,50,0,0.24845260100000002,9208.0,16,0,2,0,1.0
65304,0,0.804741877,42,0,0.765841181,8600.0,15,0,2,0,3.0
65305,0,0.37561195799999997,48,0,0.272755386,9700.0,10,0,1,0,2.0
65306,0,0.034174573,59,0,1.3802345059999999,2387.0,9,0,1,0,0.0
65308,0,0.193942549,42,0,0.46492847299999995,4333.0,9,0,1,0,2.0
65310,0,0.964287604,60,2,0.350093441,11236.0,11,0,1,0,1.0
65311,0,0.30413402,60,2,0.35423771600000004,15833.0,14,0,2,0,1.0
65312,0,0.032741815,27,1,0.25074985,1666.0,6,0,0,0,0.0
65313,0,0.004207341,67,0,0.47095379600000004,3700.0,14,0,3,0,0.0
65314,0,0.37780961799999996,41,0,0.375770705,6000.0,12,0,1,0,2.0
65317,0,0.824373985,30,0,0.100438698,4330.0,4,0,0,0,0.0
65318,0,0.323317248,42,1,1.180563887,5000.0,7,0,2,0,3.0
65319,0,0.22921794,60,1,1607.0,,9,0,2,0,0.0
65321,0,0.227710892,53,0,0.335980523,17250.0,6,0,3,0,1.0
65322,0,0.009310768,49,0,1.6862091940000001,1500.0,12,0,2,0,0.0
65323,1,0.737262737,63,0,0.21389816399999997,9583.0,9,1,2,1,0.0
65324,0,0.000535267,73,1,0.0,7000.0,7,0,0,0,0.0
65325,0,0.301024702,43,0,0.521217507,4500.0,6,0,2,0,0.0
65326,0,0.0,52,0,0.48523965700000005,9450.0,8,0,1,0,1.0
65327,0,0.01771302,53,0,5265.0,,6,0,2,0,0.0
65329,0,0.067907235,72,0,0.282108805,3565.0,3,0,1,0,0.0
65330,0,0.000674983,66,0,2243.0,,8,0,1,0,2.0
65331,0,0.9999998999999999,28,0,0.254090472,2077.0,2,0,0,0,2.0
65333,0,0.026142899,72,0,87.0,0.0,13,0,0,0,0.0
65334,0,0.064622684,48,0,1934.0,,6,0,1,0,0.0
65336,0,0.10877824400000001,26,0,9.0,70.0,4,0,0,0,0.0
65337,0,0.014346738999999999,66,1,0.14769695900000002,11245.0,17,0,1,0,0.0
65338,0,0.008950019,36,1,0.425373134,10049.0,16,0,4,0,0.0
65340,0,0.6439278429999999,43,0,0.79561233,3600.0,5,0,1,0,3.0
65341,0,0.9999998999999999,28,1,0.22172679399999998,4933.0,2,2,0,0,3.0
65342,0,0.017073821,50,0,2372.0,,28,0,2,0,0.0
65343,0,0.895058301,41,0,0.205598683,4250.0,7,1,0,0,0.0
65344,0,0.130674773,54,0,0.206690195,13033.0,5,0,3,0,0.0
65350,0,0.166752523,42,0,0.502252252,3995.0,4,0,1,0,0.0
65351,0,0.05355258,84,0,0.023990404,2500.0,1,0,0,0,0.0
65352,0,0.042479174,63,0,0.23336189699999998,3500.0,15,0,1,0,0.0
65353,0,0.106381689,45,0,0.071301748,10700.0,6,0,0,0,2.0
65354,0,0.724827577,62,0,3665.0,,21,0,1,0,0.0
65355,1,0.8653790720000001,42,0,0.45364947899999997,7000.0,10,0,1,0,1.0
65358,0,0.5393934579999999,35,0,0.423338306,6032.0,9,0,1,0,3.0
65360,0,0.126608594,56,0,0.294322132,9492.0,12,0,1,0,0.0
65361,0,0.105121485,64,0,0.836802664,1200.0,6,0,1,0,0.0
65362,0,0.023462917000000003,41,0,0.532546745,10000.0,10,0,3,0,0.0
65364,0,0.03682244,48,0,0.189127265,4800.0,10,0,1,0,0.0
65367,0,0.263048379,67,0,0.954204829,1200.0,3,0,1,0,1.0
65368,0,1.027888446,44,1,0.096516459,3128.0,3,0,0,1,0.0
65369,0,0.208413685,75,0,580.0,,4,0,1,0,0.0
65370,0,0.45286532,24,0,0.195234435,1300.0,2,0,0,0,0.0
65371,0,0.333247323,62,0,0.282036105,3378.0,5,0,1,0,0.0
65372,0,0.269719696,69,2,0.073665298,3895.0,9,0,0,0,0.0
65373,0,0.038553288,61,0,1113.0,,6,0,0,0,0.0
65374,0,0.135458167,51,0,0.008122576999999999,5416.0,1,0,0,0,0.0
65376,0,0.21350771899999998,41,1,443.0,,16,0,0,0,0.0
65378,0,0.9020946329999999,60,3,0.8796080829999999,8164.0,15,0,2,0,0.0
65379,0,0.62702137,53,0,0.780414772,9016.0,15,0,2,0,1.0
65380,0,0.29352369300000003,44,0,0.45522229299999994,4700.0,14,0,1,0,1.0
65381,0,0.079670499,61,0,0.45085255799999996,7975.0,7,0,1,0,0.0
65382,0,0.031680177000000004,47,0,0.324850027,5500.0,6,0,2,0,0.0
65384,0,0.009460811,32,0,0.024274155,2100.0,3,0,0,0,0.0
65385,0,0.9999998999999999,52,0,0.009998,5000.0,7,0,0,0,0.0
65386,0,0.264961035,49,0,0.010382619000000001,5200.0,2,0,0,0,2.0
65387,0,0.000953772,59,0,0.28087191300000003,10000.0,6,0,2,0,2.0
65389,0,0.0,41,0,0.450008694,5750.0,7,0,2,0,3.0
65390,0,0.350443926,41,0,0.4679594,6600.0,9,0,1,0,0.0
65392,0,0.260911027,57,0,1.055080722,3158.0,14,0,1,0,0.0
65393,0,0.08403072800000001,73,0,0.12849469800000002,7260.0,4,0,1,0,1.0
65395,0,0.066773291,43,0,0.41302124799999995,8800.0,5,0,2,0,2.0
65397,0,0.0,70,0,0.146173431,13353.0,7,0,2,0,0.0
65399,0,0.056875101,43,0,0.062867142,8000.0,8,0,1,0,0.0
65400,0,0.013777268,70,0,0.233933162,3500.0,6,0,1,0,0.0
65401,0,0.296980927,47,1,4007.0,,13,0,2,0,2.0
65402,0,0.034948843,61,0,0.22934521800000002,5833.0,6,0,1,0,0.0
65403,0,0.001384142,71,1,0.291340707,3706.0,6,0,1,0,0.0
65404,0,0.361703951,38,0,0.330098658,6182.0,11,0,1,0,0.0
65405,0,0.846504515,52,0,0.230776542,21041.0,9,0,1,0,1.0
65406,0,0.134533224,68,0,45.0,,1,0,0,0,0.0
65408,0,0.002026721,62,0,0.222793488,2333.0,10,0,1,0,1.0
65409,0,0.025769742,54,0,0.261773823,10000.0,10,0,1,0,1.0
65410,0,0.0,30,0,578.0,,4,0,0,0,0.0
65411,0,0.5046460070000001,53,6,0.593722755,9175.0,13,0,3,0,2.0
65412,0,0.590391727,32,1,0.165366927,5000.0,6,0,0,0,1.0
65415,0,0.586228949,34,1,0.331238395,7000.0,8,0,1,0,0.0
65416,0,0.199057586,48,0,0.17750218,10320.0,9,0,1,0,2.0
65417,0,0.005586931,75,0,7.0,0.0,5,0,0,0,0.0
65418,0,0.0,68,0,0.0,,3,0,0,1,0.0
65419,0,0.878510835,32,0,0.18616276699999998,5000.0,8,0,0,0,1.0
65420,1,0.809174093,63,1,1.119220195,4000.0,13,0,2,0,1.0
65422,0,1.435188271,50,1,0.169766047,5000.0,3,3,0,0,0.0
65423,0,0.260631916,44,0,0.100580862,3270.0,6,0,0,0,0.0
65425,0,0.5188568610000001,52,0,0.782584985,5500.0,16,0,1,0,0.0
65427,0,0.538557422,67,0,1.169680929,6800.0,6,0,2,0,0.0
65428,0,0.41130333399999996,37,0,0.341967404,3435.0,12,0,0,0,0.0
65430,0,0.192696535,62,0,0.39206691899999996,3705.0,12,0,2,0,0.0
65432,0,0.0,53,0,0.0,5000.0,1,0,0,0,0.0
65433,0,0.0,27,0,530.0,,3,0,0,0,
65434,0,0.612305185,58,1,0.42724787399999997,6583.0,13,0,2,0,0.0
65435,1,0.003746466,86,1,0.13221205,4696.0,10,0,1,0,0.0
65439,0,0.09159084099999999,51,0,2359.0,,3,0,1,0,0.0
65440,1,0.650321464,40,0,0.373477255,6484.0,9,0,0,0,0.0
65441,0,0.38427204200000004,60,0,0.880437424,4114.0,14,0,1,0,0.0
65442,0,0.9999998999999999,29,1,429.0,,1,3,0,0,0.0
65443,0,1.1633466140000002,47,3,0.215504632,2050.0,4,1,0,0,1.0
65444,0,0.009358374000000001,63,0,0.11979228800000001,16753.0,4,0,1,0,1.0
65445,0,0.9999998999999999,30,0,0.476380905,4000.0,2,0,2,0,0.0
65446,0,0.026808247,85,0,16.0,,2,0,0,0,0.0
65447,0,0.096221621,77,0,35.0,0.0,2,0,0,0,0.0
65448,0,0.0,63,0,0.105635312,4666.0,8,0,0,0,0.0
65451,0,0.337049075,67,0,0.368223099,10900.0,12,0,2,0,0.0
65452,0,0.009701312,63,0,0.005352645,3175.0,3,0,0,0,0.0
65456,0,0.07932154799999999,45,0,0.280541012,9167.0,16,0,2,0,0.0
65457,0,0.157667153,70,0,0.210307852,2890.0,9,0,0,0,1.0
65458,0,0.000409474,58,0,0.0,3503.0,7,0,0,0,0.0
65459,0,0.947421638,56,0,0.318946842,6000.0,10,0,0,0,0.0
65461,0,0.019264031,67,0,367.0,,5,0,1,0,0.0
65462,0,0.8110042890000001,58,0,0.265127073,17666.0,9,0,2,0,0.0
65463,0,0.9999998999999999,71,0,42.0,,2,0,0,0,0.0
65464,0,0.083624657,67,0,0.623269317,4477.0,7,0,2,0,0.0
65466,0,0.048325995999999996,81,0,42.0,,4,0,0,0,
65467,0,0.002379683,61,0,0.397150712,4000.0,11,0,2,0,0.0
65468,1,0.999001996,26,0,266.0,0.0,6,1,0,0,0.0
65469,0,0.029376472,40,0,2217.0,0.0,8,0,1,0,2.0
65470,0,0.024693837000000003,62,0,0.198905635,10416.0,10,0,1,0,2.0
65471,0,0.67217678,62,0,0.362338006,3780.0,17,0,0,0,0.0
65472,0,0.443622255,48,0,0.311824206,8600.0,13,0,1,0,3.0
65473,0,0.0,41,2,0.462647869,6170.0,10,0,1,0,2.0
65475,0,0.01004829,40,0,0.12383945199999999,7000.0,4,0,1,0,0.0
65477,0,0.296953497,53,0,0.427414057,13700.0,14,0,2,0,3.0
65479,0,0.0,77,0,0.269857969,1900.0,9,0,0,0,0.0
65480,0,0.02259446,61,0,0.541960282,4682.0,5,0,2,0,0.0
65482,0,0.007599855,50,0,0.16413648,6652.0,4,0,1,0,0.0
65483,0,0.186204454,49,0,0.965394475,7021.0,9,0,3,0,2.0
65484,0,0.044788178,80,0,0.312478574,5833.0,22,0,1,0,0.0
65485,0,0.23410852699999998,44,0,0.318697226,4144.0,17,0,1,0,0.0
65486,0,0.959705307,48,0,248.0,,8,0,0,0,1.0
65487,0,0.0,45,0,0.190144649,16660.0,5,0,2,0,3.0
65488,0,0.132682101,60,1,0.249818762,6896.0,10,0,1,0,0.0
65489,0,0.6370601220000001,24,0,0.034442085,4238.0,4,0,0,0,0.0
65490,0,1.255602665,25,2,0.12514994,2500.0,6,1,0,0,2.0
65491,0,0.005309456999999999,58,0,0.44284313700000005,10199.0,12,0,1,0,0.0
65493,0,0.024130845,76,0,0.016991503999999998,2000.0,4,0,0,0,0.0
65495,0,0.7785185020000001,55,1,0.912542898,9032.0,13,0,1,0,0.0
65496,1,0.9187291679999999,52,1,0.45431726899999997,3983.0,12,0,3,0,0.0
65498,0,0.17261055600000003,45,0,0.419944007,7500.0,7,0,2,1,1.0
65499,0,0.9540918159999999,24,0,0.147022074,2400.0,4,0,0,0,0.0
65501,0,0.0,25,0,0.633373934,820.0,2,0,0,0,0.0
65503,0,0.695304695,48,3,4483.0,0.0,5,1,2,1,4.0
65506,0,0.045686190999999994,64,0,10091.0,,9,0,3,0,0.0
65507,0,0.9999998999999999,41,0,0.066822196,6000.0,1,0,0,0,3.0
65508,0,0.083659615,40,0,0.510762174,5667.0,8,0,2,0,0.0
65509,0,0.17934219399999998,41,0,0.5444911020000001,5000.0,8,0,1,0,3.0
65511,0,0.021560944,61,0,0.005267215,7783.0,7,0,0,0,0.0
65512,0,0.9999998999999999,55,0,0.034700315,950.0,2,0,0,1,0.0
65513,0,0.283740887,45,0,0.42171466399999996,12083.0,9,0,1,0,4.0
65514,0,0.00948342,51,0,0.029950083,600.0,11,0,0,0,0.0
65515,0,1.064759268,28,1,0.14130193300000002,4500.0,3,3,0,0,0.0
65517,0,0.568660996,66,1,0.37247773100000003,5500.0,7,0,1,0,0.0
65518,0,0.516494502,27,2,0.21526157899999998,3000.0,3,0,0,0,0.0
65519,0,0.47619728,31,0,0.42157751600000004,4411.0,9,0,0,0,2.0
65521,0,0.019849008,47,0,0.04491292400000001,12000.0,4,0,0,0,2.0
65522,0,0.04208015,70,0,0.150739704,2500.0,8,0,0,0,0.0
65523,0,0.791683327,29,0,0.138145315,4183.0,5,0,0,0,0.0
65524,0,0.9999998999999999,57,0,0.09459856900000001,10200.0,2,0,1,0,2.0
65525,0,0.08966334599999999,41,0,0.357928414,5000.0,5,0,2,0,0.0
65526,0,0.283508417,30,1,665.0,,2,0,0,1,0.0
65527,1,0.8888076079999999,33,1,0.45012968600000003,4240.0,5,0,1,0,2.0
65531,0,0.96067191,37,5,0.624583664,6304.0,7,1,2,0,2.0
65532,0,0.01913867,76,0,0.006727431,4607.0,6,0,0,0,0.0
65534,0,0.941521058,46,3,0.274215723,8000.0,8,1,1,3,3.0
65536,0,0.9941255659999999,40,0,1594.0,,9,0,2,0,0.0
65537,0,0.9999998999999999,42,0,0.093962415,2500.0,1,1,0,1,0.0
65538,0,0.9999998999999999,30,0,0.018854988,2916.0,2,0,0,0,2.0
65540,0,0.171821306,48,0,0.34677860899999996,5478.0,11,0,2,0,2.0
65541,0,0.40798368100000004,44,0,0.069608735,4395.0,1,0,0,0,0.0
65543,0,0.043328519,69,0,10.0,,6,0,0,0,0.0
65544,0,0.075773639,50,0,0.509926098,6900.0,20,0,1,0,1.0
65545,1,0.467493389,51,1,460.0,,6,1,0,0,0.0
65547,0,0.12262677699999999,61,0,2473.0,,11,0,2,0,1.0
65548,0,0.9999998999999999,58,0,0.0,9583.0,0,0,0,0,0.0
65549,0,0.00710464,33,0,0.565973406,5865.0,8,0,1,0,0.0
65550,0,0.183668185,52,0,0.41830614200000005,8335.0,9,0,3,0,0.0
65551,0,0.052727945,61,0,0.14734587,4200.0,7,0,1,0,1.0
65552,0,0.211787592,54,1,6431.0,,10,0,2,0,0.0
65553,0,0.077298002,45,0,0.134769231,6499.0,5,0,2,0,0.0
65555,0,0.028644237000000003,56,0,0.247846515,2553.0,9,0,0,0,1.0
65557,1,0.905118602,76,2,0.8207908159999999,1567.0,8,0,2,0,0.0
65558,0,0.033765541,39,0,0.287967089,5833.0,5,0,2,0,2.0
65559,0,0.9999998999999999,55,0,4279.0,,9,0,4,0,0.0
65562,0,0.018786627,57,0,0.205617603,11997.0,14,0,2,0,1.0
65565,0,0.154833807,40,0,0.22141333,7966.0,6,0,1,0,1.0
65566,0,0.297753873,28,0,0.20199552,4910.0,5,0,0,0,0.0
65568,0,0.019958437,45,0,2899.0,,8,0,1,0,5.0
65569,0,0.109059189,68,0,76.0,,11,0,0,0,0.0
65570,0,0.15003092699999998,61,1,0.337205676,12825.0,14,0,3,0,1.0
65571,0,0.21385742800000002,40,0,0.221684154,3716.0,3,1,1,0,2.0
65573,0,0.03875845,63,0,0.006166153000000001,12000.0,6,0,0,0,0.0
65574,0,0.28947076,33,0,0.260415509,9000.0,7,0,2,0,3.0
65577,0,0.9999998999999999,27,98,0.0,3000.0,0,98,0,98,0.0
65578,0,0.05470296400000001,58,0,1728.0,,8,0,1,0,0.0
65580,0,0.14896753599999998,52,0,0.292235921,3000.0,9,0,1,0,0.0
65581,0,0.995684665,48,1,0.8361581920000001,2654.0,4,0,1,0,2.0
65582,0,0.10368963099999999,76,0,0.005437643000000001,5700.0,1,0,0,0,0.0
65585,0,0.002551548,31,0,0.093635455,3000.0,7,0,0,0,0.0
65589,0,0.134187829,53,0,0.9683527890000001,3854.0,10,0,2,0,3.0
65590,0,0.445974286,61,0,0.535496103,9493.0,15,0,1,0,0.0
65591,0,0.05188275,83,0,27.0,,3,0,0,0,0.0
65592,0,0.07283708700000001,66,1,0.084027857,8758.0,10,0,0,0,0.0
65593,0,0.149882727,38,0,0.339776556,5638.0,13,0,1,0,1.0
65597,0,0.47057329700000006,51,0,0.188310915,8400.0,5,0,0,0,1.0
65598,0,0.548454295,27,1,0.362814719,3097.0,7,1,0,0,0.0
65599,0,0.0,55,0,0.13677293699999998,4108.0,9,0,0,0,1.0
65600,0,0.526133988,31,0,0.43433955,5200.0,8,0,1,0,1.0
65601,0,0.04513975,40,0,0.268780348,3500.0,6,0,0,0,0.0
65602,0,0.141424531,51,0,1881.0,0.0,9,0,2,0,0.0
65603,0,0.200532177,69,0,0.643905552,4700.0,12,0,2,0,0.0
65605,0,0.129060579,47,0,674.5,1.0,11,0,1,0,1.0
65606,0,0.67955834,46,0,0.477391401,9000.0,8,0,1,0,3.0
65607,0,0.0,57,0,0.413708298,9351.0,12,0,2,0,1.0
65610,0,0.671571402,63,1,0.500146757,3406.0,11,0,2,0,0.0
65611,0,0.004075459,26,0,0.526841448,800.0,11,0,0,0,0.0
65612,0,0.136863137,21,0,0.004301075,929.0,2,0,0,0,0.0
65613,0,0.8426895520000001,48,0,0.273482002,16501.0,9,0,1,0,0.0
65614,1,0.267233741,41,0,0.273171583,5728.0,6,0,1,0,3.0
65615,0,0.9999998999999999,47,0,0.0,,6,0,0,0,0.0
65616,0,0.0,54,0,581.0,,4,0,0,0,0.0
65617,1,0.374535758,65,1,0.461973055,2300.0,6,0,1,1,0.0
65618,0,0.358973307,47,0,0.631007242,6075.0,24,0,3,0,2.0
65620,0,0.9999998999999999,23,98,0.0,,0,98,0,98,
65621,1,0.9999998999999999,61,0,1344.0,,2,4,1,1,0.0
65622,0,0.580420255,34,0,0.458120418,4500.0,7,0,1,0,0.0
65623,0,0.9999998999999999,60,1,0.43952802399999996,3050.0,2,0,1,0,0.0
65624,0,0.161919166,36,0,0.380269955,6000.0,9,0,2,0,2.0
65625,1,0.898679617,62,0,1.108325596,3230.0,20,0,2,0,0.0
65628,0,0.22565413,43,0,3848.0,,10,0,2,0,0.0
65629,0,0.040158441,49,0,0.9633401220000001,5400.0,18,0,10,0,3.0
65630,0,1.7375415280000002,52,0,0.009372071,3200.0,2,1,0,0,0.0
65631,0,0.064967516,26,0,0.141226819,700.0,2,0,0,0,0.0
65632,0,0.015757576000000002,78,0,0.198877306,3740.0,18,0,1,0,0.0
65634,0,0.221986646,43,0,0.637245233,6083.0,13,0,1,0,3.0
65635,0,0.112272162,60,0,0.5218157179999999,7379.0,9,0,3,0,0.0
65636,0,0.0,48,0,0.09006671599999999,21583.0,23,0,1,0,1.0
65637,0,0.064874917,65,0,0.281316706,8900.0,11,0,2,0,0.0
65639,0,0.43504666,56,0,491.0,,4,0,0,0,3.0
65640,0,0.9958337190000001,54,0,0.418159733,3292.0,6,0,1,0,1.0
65641,0,0.21973050100000002,45,0,1205.0,,7,0,1,0,0.0
65642,0,0.009772542,47,0,0.232908798,6830.0,8,0,2,0,5.0
65643,0,0.057816082000000005,56,0,1192.0,,4,0,1,0,0.0
65644,0,0.06957440200000001,41,0,3006.0,0.0,10,0,1,0,2.0
65645,0,0.085300073,46,0,173.0,,11,0,0,0,0.0
65646,0,0.8248651929999999,34,0,0.46704678899999996,5962.0,13,0,1,0,3.0
65648,0,0.449462705,39,0,3837.0,,13,0,2,0,2.0
65649,0,1.0064636040000001,45,0,0.7423128840000001,6666.0,8,0,1,0,1.0
65650,0,0.13428584400000002,27,0,0.051193174,7500.0,10,0,0,0,0.0
65651,1,0.9999998999999999,42,0,0.36573734399999996,2725.0,2,2,0,0,1.0
65652,0,0.0,57,0,0.18612192,10793.0,6,0,1,0,0.0
65653,0,0.016570955,68,0,0.44742103200000005,2500.0,11,0,1,0,0.0
65657,0,0.7272609990000001,63,0,0.38870272899999997,6266.0,7,0,2,0,0.0
65658,0,0.951609678,63,0,0.23917388399999998,1500.0,6,0,0,0,0.0
65659,0,0.107609531,23,0,2.0,1.0,5,0,0,0,0.0
65661,0,0.009548342,42,0,0.298290874,3100.0,10,0,1,0,0.0
65662,0,0.098964441,61,0,0.17841838699999998,7700.0,18,0,1,0,0.0
65663,1,0.156050705,34,0,0.43528711700000006,3360.0,10,0,1,0,1.0
65664,0,0.309610477,48,0,3561.0,,4,0,1,0,1.0
65666,0,0.497750375,78,0,368.0,,3,0,0,0,0.0
65667,0,0.029251995,62,0,3894.0,,14,0,1,0,0.0
65668,1,0.47176465700000003,48,1,0.370297941,8692.0,16,0,2,0,1.0
65671,0,0.124995833,35,0,0.34343281299999995,6600.0,4,0,2,0,0.0
65672,0,0.026379613,74,0,21.0,,4,0,0,0,0.0
65675,0,0.32841553100000004,55,0,5081.0,,11,0,1,0,
65676,0,0.016439198999999998,48,0,0.40449438200000004,5695.0,10,0,3,0,0.0
65679,0,0.08479036300000001,40,0,0.44610025200000003,5166.0,11,0,2,0,2.0
65680,0,0.915216957,30,1,0.553242118,1680.0,4,0,0,0,0.0
65681,0,0.870437652,58,0,0.730726505,4500.0,21,0,1,0,0.0
65682,0,0.007624523,84,0,3.0,,3,0,0,0,
65684,0,0.035751958,63,0,0.279465067,8000.0,10,0,2,0,0.0
65685,0,0.315894732,41,0,0.209844892,7800.0,10,0,2,0,4.0
65687,0,0.40506203,51,0,0.496611488,9000.0,14,0,1,0,1.0
65688,0,0.0,34,0,242.0,,6,0,0,0,
65689,0,0.020934809,36,0,1990.0,,6,0,1,0,
65690,0,0.16043874800000002,54,0,0.384329254,8333.0,19,0,2,0,3.0
65692,0,0.0055352069999999995,87,0,23.0,,15,0,0,0,0.0
65694,0,0.114980908,51,0,0.041424626,10500.0,9,0,0,0,1.0
65695,0,0.9999998999999999,0,1,0.436927179,6000.0,6,0,2,0,2.0
65696,0,0.5570987310000001,72,1,0.534244293,6000.0,18,0,2,1,0.0
65700,0,0.7714145859999999,51,0,0.124975005,5000.0,6,0,0,0,0.0
65701,0,0.17552496,58,0,0.217590239,3933.0,4,0,1,0,1.0
65702,0,0.056019265,38,0,0.289285119,6000.0,7,0,1,0,2.0
65703,0,0.46416323299999995,62,0,0.187237719,8101.0,11,0,1,0,0.0
65704,0,0.054341908,67,0,0.38888888899999996,9845.0,11,0,2,0,1.0
65705,0,0.9999998999999999,48,1,0.203167493,6250.0,1,0,1,0,0.0
65706,0,0.001607071,36,0,0.171577123,7500.0,7,0,1,0,2.0
65707,0,0.0,73,0,1391.0,,5,0,1,0,0.0
65708,0,0.133266112,53,0,0.192792502,6187.0,6,0,0,0,0.0
65709,0,0.712660917,56,1,0.541015625,3583.0,9,0,0,0,1.0
65710,0,0.0,60,1,0.351329734,5000.0,6,0,2,0,1.0
65713,0,0.045638557,48,0,0.224317181,5674.0,17,0,1,0,1.0
65714,0,0.294202794,43,0,0.8381999309999999,2910.0,5,0,1,0,0.0
65715,0,0.060792,35,0,0.342187946,3500.0,4,0,1,0,0.0
65716,0,0.015161046000000001,47,0,0.23422126199999999,4166.0,4,0,1,0,0.0
65717,0,0.08669490199999999,51,0,0.300341729,7900.0,20,0,2,0,0.0
65718,0,0.20497315,58,0,0.514796054,3750.0,12,0,1,0,2.0
65720,0,0.09785116099999999,43,1,0.161459635,4000.0,12,0,0,0,0.0
65722,0,0.795840832,26,0,0.259600614,650.0,2,0,0,0,0.0
65723,0,0.9999998999999999,53,0,0.207712712,4900.0,5,0,0,0,1.0
65724,0,0.018808628,66,0,0.644806008,3994.0,10,0,2,0,0.0
65726,0,0.580319727,69,0,2949.0,,12,0,3,0,0.0
65727,0,0.121811293,69,0,2204.0,,11,0,1,0,0.0
65729,0,0.124180667,52,0,0.256678108,6700.0,13,0,2,0,0.0
65732,0,0.7626237379999999,32,1,0.538839725,3050.0,6,0,1,0,1.0
65733,1,0.8634081020000001,52,3,0.48750405700000005,3080.0,9,1,1,2,1.0
65734,0,0.025947956,63,0,0.20850847,7850.0,8,0,1,0,2.0
65735,0,0.064072587,59,0,1516.0,0.0,8,0,1,0,1.0
65736,0,0.16123309800000002,46,0,0.578284343,5000.0,13,0,1,0,0.0
65737,0,0.168230661,47,1,0.6248579870000001,4400.0,11,0,1,0,0.0
65738,0,0.510024622,27,1,974.0,,5,0,0,0,
65742,0,0.145722822,64,0,0.170765847,5000.0,12,0,1,0,2.0
65746,0,0.06347887099999999,60,0,72.0,,4,0,0,0,0.0
65749,0,0.007755209,67,2,4916.0,,15,0,2,0,0.0
65751,1,0.0,45,4,0.22861150100000002,6416.0,9,1,0,1,3.0
65752,0,0.077578331,67,0,0.020974947,5148.0,5,0,0,0,0.0
65755,0,0.054248249000000005,56,0,1114.0,,10,0,2,0,0.0
65756,0,0.006862610999999999,70,0,0.141746111,3985.0,11,0,1,0,1.0
65758,0,0.7367671729999999,63,0,0.25754818,18679.0,12,0,3,0,1.0
65760,0,0.222355529,31,0,0.188326346,3100.0,6,0,0,0,1.0
65761,0,0.028539393,63,0,1905.0,,11,0,2,0,3.0
65762,0,0.180963807,36,0,0.510998,5500.0,6,0,2,0,0.0
65764,0,0.007764046,45,0,0.211583761,7216.0,12,0,1,0,0.0
65765,0,0.9999998999999999,48,0,0.102711783,4166.0,3,0,0,0,0.0
65766,0,0.942057942,52,0,0.085332103,2167.0,2,0,0,0,2.0
65767,0,0.311743798,62,0,0.295814884,7000.0,8,0,1,0,2.0
65768,0,0.076310769,52,1,1084.0,,15,0,0,0,0.0
65769,0,0.0,60,0,3299.0,,6,0,2,0,0.0
65770,0,0.14172711300000002,68,0,970.0,,5,0,1,0,
65771,0,0.122175565,33,0,0.06246122,4834.0,3,0,0,0,1.0
65772,0,0.445517451,57,2,0.158878505,4600.0,7,0,1,0,0.0
65773,0,0.037681341,71,0,0.013173653,6679.0,6,0,0,0,0.0
65774,0,0.19061484399999998,53,1,0.46590715899999996,5880.0,13,0,2,0,1.0
65775,0,0.5343014389999999,38,1,0.5428624329999999,5400.0,14,0,2,0,0.0
65776,0,0.9999998999999999,26,0,1.620951619,2500.0,9,0,3,0,0.0
65777,0,0.043145959000000005,63,0,0.186145108,12500.0,7,0,1,0,0.0
65779,0,0.002122881,61,0,0.378457447,7519.0,19,0,2,0,0.0
65780,0,0.161348243,55,0,0.558057833,11100.0,13,0,3,0,0.0
65783,0,0.086243659,32,0,0.41554113299999995,5700.0,6,1,1,0,0.0
65784,1,0.9999998999999999,24,1,0.037912673,4694.0,1,2,0,0,0.0
65785,0,0.7266725270000001,74,0,0.387875588,20833.0,15,0,3,0,1.0
65786,0,0.440309014,70,0,440.0,,9,0,0,0,
65790,0,0.028626011,31,0,0.063437338,5800.0,7,0,0,0,0.0
65792,0,0.070505669,66,0,1.629577465,709.0,7,0,1,0,0.0
65795,1,0.9999998999999999,58,0,0.10427177900000001,8918.0,1,1,0,1,0.0
65796,0,0.004530789,75,0,0.019496751,6000.0,7,0,1,0,0.0
65797,0,0.071540813,61,0,0.230259858,9966.0,8,0,1,0,0.0
65798,0,0.18023421899999997,30,0,0.433146924,3933.0,6,0,1,0,1.0
65799,0,0.017554814,62,0,1068.0,,18,0,1,0,0.0
65800,1,0.9999998999999999,23,0,0.007495315,1600.0,0,1,0,0,0.0
65801,0,0.012545944,51,0,0.040117059,8200.0,7,0,0,0,0.0
65802,0,0.41821541100000004,46,0,0.133961725,3500.0,6,0,0,0,2.0
65803,0,0.646483724,33,0,0.20295464800000002,15500.0,7,0,3,0,0.0
65804,0,0.348527899,47,0,0.631894684,6000.0,23,0,1,0,0.0
65806,0,0.7685229509999999,27,0,0.18703671800000002,5800.0,8,0,0,0,0.0
65807,1,0.879747774,27,0,375.0,,4,2,0,0,0.0
65808,0,0.049551537,71,0,0.022278624,3545.0,12,0,0,0,0.0
65809,0,0.0,63,0,0.33176809399999996,15971.0,13,0,2,0,0.0
65810,0,0.001957364,83,0,1.0,,2,0,0,0,
65814,0,0.132242238,41,0,0.110499335,15800.0,5,0,1,0,2.0
65816,0,0.0,78,0,1969.0,,7,0,1,0,0.0
65817,0,0.017832073,60,0,0.00489716,4083.0,5,0,0,0,0.0
65818,0,0.052078958,68,0,636.0,,5,0,0,0,0.0
65819,0,0.0,24,0,0.0,,3,0,0,0,0.0
65820,0,0.51774405,72,0,0.49936436799999995,16518.0,16,0,2,0,3.0
65822,0,0.011493726999999999,77,0,0.188569155,7540.0,11,0,1,0,0.0
65823,0,0.9999998999999999,70,0,0.0,,1,0,0,0,0.0
65824,0,0.9313699000000001,47,0,0.649625386,2268.0,3,0,1,0,0.0
65825,0,0.03179841,32,0,0.16920769800000002,4000.0,11,0,0,0,0.0
65827,1,0.9796193040000001,30,3,0.263827577,3850.0,5,1,0,0,4.0
65828,0,0.0,31,0,0.790604698,2000.0,9,0,1,0,0.0
65829,0,0.933226709,26,0,0.010646388,6574.0,1,0,0,0,1.0
65830,0,0.019955514,76,0,0.873225355,5000.0,28,0,4,0,1.0
65832,0,0.625335092,32,0,0.116485139,5416.0,8,0,0,0,0.0
65834,0,0.498062742,44,0,0.23189269699999998,6709.0,5,0,1,0,1.0
65835,0,0.038013445,74,0,76.0,,6,0,0,0,
65836,0,0.00019606900000000002,50,0,0.10600828699999999,11583.0,6,0,0,0,1.0
65837,1,0.84015984,34,0,15.46774577,4200.0,6,0,0,0,1.0
65838,0,0.031958104,49,0,0.331897644,7893.0,7,0,2,0,1.0
65841,0,0.028314298999999998,74,0,721.0,,5,0,1,0,1.0
65842,0,0.219173463,68,0,0.044424297,18750.0,9,0,0,0,2.0
65843,0,0.029118354,48,0,0.271922636,6100.0,13,0,2,0,2.0
65844,0,0.9999998999999999,44,0,1370.0,,3,0,2,0,0.0
65845,0,0.112592266,79,0,0.24782017399999998,12500.0,10,0,2,0,0.0
65846,0,0.17760847600000002,50,0,0.11149455800000001,3766.0,9,0,0,0,0.0
65847,0,0.9999998999999999,24,0,0.0,864.0,1,0,0,0,0.0
65848,0,0.9507848720000001,30,2,0.23872016,8000.0,7,0,1,0,0.0
65849,0,0.087019755,39,0,882.0,,4,0,1,0,0.0
65850,0,0.0,27,0,0.07197943400000001,3500.0,4,0,0,0,0.0
65851,0,0.055813749,54,0,0.43550184299999994,11666.0,19,0,2,0,1.0
65852,1,0.36163836200000005,33,0,0.002553105,9791.0,1,0,0,0,3.0
65853,0,0.01506362,29,0,13.0,,6,0,0,0,0.0
65854,0,0.9976789859999999,47,0,0.231683542,15900.0,13,0,1,0,0.0
65855,0,0.014078155,66,0,0.5183727029999999,5333.0,10,0,3,0,0.0
65857,0,0.236082863,66,0,1733.0,,15,0,2,0,0.0
65859,0,0.0,76,0,0.014112903000000001,1983.0,3,0,0,0,0.0
65861,0,0.986700237,45,0,0.865641795,8000.0,13,0,2,0,1.0
65863,0,0.9999998999999999,41,0,0.0,4850.0,1,1,0,0,1.0
65865,0,0.166150104,54,0,0.352988751,13600.0,13,0,4,0,0.0
65866,0,0.032719579,61,0,0.10231660199999999,5179.0,10,0,1,0,0.0
65868,0,0.202821521,50,0,0.658452722,5234.0,13,0,2,0,1.0
65869,0,0.0,53,0,0.283950617,7046.0,17,1,2,0,0.0
65870,0,0.0,52,0,1616.0,,5,0,1,0,0.0
65871,0,0.9999998999999999,43,0,0.0,,0,0,0,0,0.0
65873,1,0.98656215,46,0,0.9117720570000001,4000.0,9,1,2,0,1.0
65874,0,0.328235909,60,0,0.469087494,6388.0,18,0,2,0,1.0
65875,0,0.07774784,71,0,1035.0,,9,0,2,0,0.0
65876,0,0.113196517,69,0,0.9808626109999999,3500.0,17,0,2,0,1.0
65877,0,0.006024543,62,0,0.21188756600000003,10245.0,7,0,2,0,1.0
65880,0,0.04109589,71,0,0.291567696,1683.0,5,0,1,0,0.0
65881,0,0.252037398,74,0,0.11440107699999999,5200.0,4,0,1,0,0.0
65882,0,0.09951741199999999,71,0,0.47611641899999996,4500.0,12,0,0,0,0.0
65883,0,0.052686022,84,0,0.00439912,5000.0,2,0,0,0,0.0
65884,0,0.7942807740000001,61,1,6507.0,,21,0,1,0,0.0
65888,0,0.034631867000000004,39,0,1972.0,0.0,5,0,1,0,2.0
65890,0,0.258208873,59,0,0.464614575,3800.0,12,0,2,0,2.0
65892,1,0.985841133,49,4,1.349089921,3680.0,16,1,1,0,0.0
65894,0,0.17391802899999997,33,0,0.819590205,2000.0,14,0,0,0,0.0
65895,0,0.9999998999999999,35,0,0.321011673,3083.0,9,0,0,0,0.0
65896,0,0.265937382,23,1,0.046635576,1500.0,4,1,0,1,0.0
65897,0,0.914173819,35,0,0.17967897800000002,6416.0,8,0,0,0,2.0
65898,0,0.629134835,63,0,0.630082204,4500.0,7,0,1,0,0.0
65900,0,0.139949336,37,0,0.213891081,3800.0,15,0,0,0,4.0
65901,0,0.001785643,40,0,0.00019069400000000001,5243.0,4,0,0,0,0.0
65902,0,0.191808192,22,0,5.0,0.0,2,0,0,0,0.0
65903,1,0.9999998999999999,54,0,13.0,,0,0,0,1,0.0
65905,0,0.456296628,63,1,0.312480959,9846.0,11,0,4,0,0.0
65907,0,0.025541552999999998,61,0,0.019152332,5638.0,5,0,0,0,2.0
65908,0,0.168770781,46,0,4124.0,,5,0,2,0,0.0
65911,0,0.369005574,48,0,0.310578941,8100.0,10,0,2,0,2.0
65914,0,0.014504844,64,0,0.24397878399999998,11500.0,17,0,1,0,0.0
65916,0,0.045795170999999996,56,2,0.504192761,9420.0,6,1,1,2,0.0
65917,0,0.652574942,63,1,638.0,,4,1,0,0,
65918,0,0.05161821,41,0,0.411185752,6400.0,7,0,2,0,2.0
65922,0,0.003123525,80,0,6.0,,7,0,0,0,0.0
65923,0,0.24575548600000002,45,0,0.632535595,3300.0,19,0,1,0,0.0
65924,1,0.790818215,53,3,0.554016164,6062.0,8,1,1,3,1.0
65925,0,0.046860224000000006,68,0,0.267198582,5639.0,14,0,2,0,1.0
65927,0,0.0,67,0,1000.0,,8,0,1,0,0.0
65928,0,0.18637515,28,0,0.139902987,3916.0,5,0,0,0,0.0
65929,0,0.08500281800000001,46,0,0.106394509,5535.0,9,0,0,0,0.0
65930,0,0.387173019,62,1,0.39699115,11299.0,12,0,2,0,0.0
65933,0,0.03174148,61,0,325.0,,17,0,1,0,0.0
65935,0,0.238680189,31,0,0.355063016,2300.0,8,0,0,0,1.0
65936,0,0.39842963600000003,28,0,0.126547988,2583.0,7,0,0,0,0.0
65937,0,0.101459903,51,0,0.14421394699999998,4000.0,2,0,1,0,0.0
65940,0,0.033898305,77,0,0.046718777999999996,5500.0,10,0,0,0,0.0
65942,0,0.6527587429999999,36,0,0.088903171,4667.0,4,0,0,0,0.0
65943,0,0.046990602,25,0,62.0,,7,0,0,0,0.0
65944,0,0.07645222900000001,70,0,0.470865418,8700.0,14,0,2,1,2.0
65947,0,0.270760267,41,0,0.407197601,3000.0,10,0,1,0,0.0
65948,0,0.006049698,73,0,1076.0,,5,0,1,0,0.0
65949,0,0.12425734199999999,40,0,0.573303337,8000.0,12,0,3,0,3.0
65950,0,0.025506377,70,0,0.702025586,5627.0,9,0,1,0,0.0
65951,0,0.038767995,50,0,0.145982826,8500.0,20,0,1,0,1.0
65952,0,0.9999998999999999,50,0,0.0,,0,0,0,0,0.0
65953,0,0.20183511399999998,57,0,0.477577564,7380.0,12,0,1,0,5.0
65954,0,0.913912961,31,0,1.4197002140000001,1400.0,9,0,1,0,1.0
65955,0,0.849027667,46,0,0.5862331239999999,10517.0,13,0,3,0,1.0
65956,0,0.136406818,57,0,0.146261391,53000.0,17,0,1,0,3.0
65957,0,0.10892001800000001,63,0,0.26244084300000003,6972.0,7,0,2,0,0.0
65959,0,0.24649105899999998,56,6,0.390268289,6000.0,6,1,2,1,0.0
65960,0,0.022876279,51,0,0.042460487000000005,11704.0,6,0,1,0,0.0
65961,0,0.46273471299999996,71,0,0.239938003,20000.0,9,0,3,0,0.0
65963,0,0.9999998999999999,66,0,42.0,,0,0,0,0,0.0
65965,0,0.38202975,50,0,0.309338132,5000.0,8,0,0,0,0.0
65968,0,0.156445789,53,0,1415.0,,3,0,1,0,1.0
65969,0,0.208065125,68,0,0.44032723799999995,6233.0,7,0,1,0,0.0
65970,0,0.00531022,67,0,0.006569551999999999,3500.0,24,0,0,0,0.0
65973,0,0.298228818,70,0,0.160374774,18250.0,18,0,2,0,0.0
65974,0,0.07399260099999999,66,0,22.0,,1,0,0,0,0.0
65975,0,0.9999998999999999,22,98,0.0,,0,98,0,98,
65976,0,0.583320238,37,1,0.238047622,16000.0,13,0,3,0,0.0
65980,0,0.140704001,72,0,0.433731252,9800.0,21,0,2,0,0.0
65981,0,0.0,65,1,0.515065757,6006.0,17,0,2,0,0.0
65983,0,0.021683069,64,0,2969.0,,3,0,1,0,0.0
65984,0,0.02636124,48,0,0.25794841,3333.0,2,0,1,0,0.0
65985,0,0.9828361940000001,57,0,0.5684582189999999,2548.0,5,0,0,0,0.0
65987,0,0.169152555,29,0,0.18629058699999998,3048.0,5,0,0,0,0.0
65988,0,0.033787742999999995,59,0,0.16884626600000002,3440.0,4,0,1,0,0.0
65990,0,0.9999998999999999,88,0,0.0,,3,0,0,0,
65991,0,0.034704808,57,0,0.122903115,2920.0,9,0,1,0,0.0
65992,0,0.9999998999999999,66,0,0.016275285,4300.0,1,0,0,0,0.0
65993,0,0.12468750699999999,35,0,0.24480609399999997,5775.0,16,0,2,0,3.0
65994,0,0.41826158,48,0,0.09895833300000001,6527.0,7,0,0,0,2.0
65996,0,0.9999998999999999,43,1,0.27129716,7500.0,7,0,2,0,3.0
65997,0,0.353806599,28,0,189.0,1.0,2,0,0,0,0.0
65998,0,0.305059888,53,2,0.585921877,7500.0,13,0,3,0,3.0
66000,0,0.078432141,50,0,0.236176382,10000.0,8,0,1,0,2.0
66003,0,0.49006799100000004,52,0,0.41811202700000005,7033.0,6,0,3,0,0.0
66004,0,0.030047085,84,0,0.00359928,5000.0,6,0,0,0,0.0
66005,0,0.17470334699999998,55,0,118.0,,3,0,0,0,0.0
66006,0,0.00033945300000000003,29,0,0.0,3800.0,6,0,0,0,2.0
66011,0,0.024811925,47,0,2220.0,,4,0,1,0,
66012,0,0.015231726999999999,60,0,0.002004008,6985.0,2,0,0,0,0.0
66013,0,0.006016295,67,0,0.13381818199999998,5499.0,6,0,0,0,1.0
66014,0,0.31555128,62,0,697.0,,8,0,0,0,0.0
66018,0,0.109294535,44,0,0.521924586,5860.0,5,0,2,0,3.0
66019,0,0.11938083599999999,50,0,0.26454859999999997,3178.0,5,0,1,0,0.0
66020,0,0.056788159000000005,66,0,0.10883406300000001,5025.0,5,0,0,0,0.0
66021,0,0.736898633,71,2,0.402170808,3500.0,13,0,1,0,0.0
66024,0,0.148343426,59,0,0.309049354,14000.0,15,0,2,0,0.0
66025,0,0.015116468999999999,61,0,0.38592443,6933.0,12,0,1,0,0.0
66026,0,0.297683388,64,0,4147.0,,6,0,2,0,0.0
66028,1,0.9999998999999999,28,1,0.144570502,3084.0,2,0,0,2,0.0
66029,0,0.9999998999999999,41,0,0.16628337199999998,10000.0,3,0,2,0,2.0
66030,0,0.745521654,37,0,0.799707602,9575.0,16,0,2,0,2.0
66031,0,0.612471257,66,0,2790.0,,6,0,1,0,0.0
66032,0,0.021658008,81,0,2151.0,,7,0,1,0,0.0
66034,0,0.0101089,66,0,0.38713092600000004,8500.0,14,0,2,0,0.0
66035,0,0.38983050799999996,59,3,0.0583495,6700.0,7,0,1,0,3.0
66037,0,0.38407540700000004,45,0,1.027194561,5000.0,13,0,1,0,1.0
66038,0,0.18223104399999998,62,1,0.7548875859999999,4091.0,12,0,1,0,0.0
66039,0,0.145635716,46,1,0.629779297,9650.0,8,0,3,0,2.0
66040,0,0.065464485,52,0,0.168514815,5500.0,6,0,1,0,0.0
66042,0,0.060709949000000006,53,0,0.20882731,7000.0,7,0,1,0,2.0
66043,0,0.268307395,80,0,2261.0,,9,0,1,0,0.0
66044,0,0.009070446999999999,60,1,0.2756,7499.0,18,0,2,0,0.0
66045,0,0.037969471,54,0,0.260796582,6552.0,3,0,1,0,1.0
66046,0,0.07508342,67,0,0.441318439,7250.0,11,0,1,0,0.0
66047,0,0.471132217,51,0,1924.0,,10,0,2,0,0.0
66048,1,0.153692615,45,0,0.87187642,2200.0,7,1,1,1,1.0
66049,0,0.02090034,73,0,0.09061930800000001,13175.0,10,0,3,0,0.0
66050,0,0.279850916,48,0,0.303913118,5800.0,6,0,3,0,5.0
66053,0,0.026184242000000003,84,0,309.0,,4,0,0,0,0.0
66054,0,0.011844002,60,0,0.17639390300000002,9971.0,8,0,2,0,1.0
66055,0,0.066093391,52,0,0.00747443,2541.0,1,0,0,0,0.0
66057,0,0.04326085599999999,69,0,2204.0,,5,0,1,0,0.0
66058,0,0.13145310400000002,90,0,0.341185222,4032.0,20,0,1,0,0.0
66059,0,0.16564505699999998,45,1,2560.0,,4,0,1,0,
66060,0,0.481189273,59,1,0.49087982799999996,1863.0,14,0,0,0,0.0
66061,1,0.740432612,46,0,0.176342072,6407.0,6,1,0,0,3.0
66063,0,0.796841798,52,0,0.263007135,19200.0,7,0,2,0,1.0
66066,0,0.021404605,34,0,0.571584401,11000.0,11,0,3,0,0.0
66067,0,0.145429323,46,0,0.223276483,8325.0,7,0,2,0,2.0
66070,0,0.037267797000000005,30,0,1082.0,,7,0,0,0,0.0
66071,0,0.390942044,72,0,0.234029851,3349.0,9,0,0,0,0.0
66072,0,0.538922156,38,1,0.108753316,4900.0,11,0,0,0,0.0
66074,0,0.543311907,51,1,0.134180965,8100.0,9,0,0,1,1.0
66076,0,0.466235584,55,0,0.076057111,7283.0,5,0,0,0,0.0
66077,0,0.08086487,50,0,0.079648306,7733.0,6,0,1,0,0.0
66078,0,0.9999998999999999,24,0,249.0,,1,0,0,0,0.0
66079,0,0.0,40,0,0.26647904,6750.0,8,0,1,0,0.0
66080,0,0.059247037999999995,73,0,1897.0,,4,0,2,0,0.0
66081,0,0.024637249,62,0,0.144549763,3375.0,6,0,0,1,0.0
66085,0,0.658258159,63,1,0.821464393,2990.0,17,0,0,0,0.0
66086,0,0.0,45,0,0.382065046,3166.0,7,0,1,0,3.0
66087,0,0.034252881,52,0,0.169510808,3515.0,5,0,0,0,1.0
66088,0,0.575946493,57,1,0.504210715,5580.0,9,0,1,0,1.0
66089,0,0.665519354,62,0,0.455227172,6800.0,11,1,1,0,0.0
66090,0,0.536852219,74,0,0.507607777,2365.0,6,0,0,0,0.0
66091,1,0.9999998999999999,49,1,0.0,4096.0,0,1,0,0,1.0
66092,0,0.578117595,69,0,0.259913362,3000.0,7,0,0,0,0.0
66093,0,0.613077385,26,0,0.11390487699999999,3300.0,4,0,0,0,1.0
66094,0,0.055554012,45,0,0.26399040000000007,9166.0,6,0,2,1,0.0
66095,0,0.203556889,33,0,187.0,,6,0,0,0,5.0
66097,0,0.9178688759999999,46,0,0.088327445,15000.0,5,0,1,0,3.0
66098,1,0.31941359399999997,26,1,0.006997667,3000.0,2,0,0,0,0.0
66099,0,0.9999998999999999,49,1,1.4738771769999999,12000.0,12,0,5,0,5.0
66100,0,0.048384867000000005,36,0,0.364064399,6583.0,4,0,2,0,1.0
66101,0,0.426789415,51,0,2699.0,,13,0,2,0,0.0
66102,0,0.012926567,65,0,0.21326744,10521.0,5,0,1,0,1.0
66103,0,0.00574175,66,0,1236.0,,10,0,1,0,0.0
66104,0,1.292209235,40,0,0.429070136,3150.0,6,0,0,0,0.0
66105,0,0.023565881,76,0,0.00266126,7890.0,3,0,0,0,0.0
66106,0,0.68004102,38,0,0.278731021,8100.0,7,0,1,0,2.0
66108,0,0.003242724,52,0,0.453363805,7000.0,19,0,3,0,2.0
66109,0,0.0,68,1,0.272559853,3800.0,5,0,1,0,0.0
66115,0,0.092747681,49,0,0.242500405,12333.0,3,0,1,0,0.0
66116,0,0.631688139,47,0,0.51237502,6100.0,15,0,1,0,5.0
66117,0,0.00460881,71,0,75.0,,6,0,0,0,0.0
66120,0,0.166322416,69,0,0.11075716699999999,4080.0,8,0,0,0,0.0
66121,0,1.107446277,38,0,0.031413613,2100.0,1,1,0,0,3.0
66122,0,0.8803986709999999,51,1,0.021395721,5000.0,2,0,0,0,1.0
66123,0,0.050255732000000004,42,0,0.18651441,5516.0,10,0,1,0,0.0
66124,0,0.8940132479999999,62,0,214.0,0.0,2,0,0,0,0.0
66126,0,0.0,39,0,0.226823529,4249.0,8,0,2,0,2.0
66127,0,0.637272661,44,0,3359.0,,14,0,2,0,2.0
66129,0,0.20142388600000002,52,0,0.174117818,13800.0,4,0,1,0,0.0
66131,0,0.37514053,27,0,0.44844330200000004,3500.0,10,0,1,0,0.0
66133,0,0.07375926599999999,49,0,0.288536917,12500.0,11,0,3,0,0.0
66134,0,0.441307715,42,0,1508.0,,6,0,0,0,0.0
66135,0,0.165604833,37,0,0.405755979,7400.0,8,0,2,0,3.0
66136,0,0.051029655,48,0,48.0,,3,0,0,0,0.0
66137,0,0.053595927,32,0,0.25891841600000004,9670.0,4,0,1,0,0.0
66138,0,0.184257518,42,0,0.5446397789999999,2900.0,5,0,1,0,0.0
66139,0,0.10891446199999999,42,0,1141.0,,8,0,0,0,0.0
66140,0,0.031600111,53,0,0.7294541090000001,5000.0,13,0,3,0,2.0
66141,0,0.0,43,0,0.341463415,7666.0,6,0,2,0,2.0
66143,0,0.625252203,64,0,0.499584718,7223.0,11,0,1,0,1.0
66144,0,0.00889911,72,0,2.379233759,1800.0,10,0,3,0,0.0
66145,0,0.04223219,74,0,0.12983313,7370.0,10,0,1,0,0.0
66148,0,0.0027271490000000003,39,0,0.519337017,3800.0,7,0,1,0,1.0
66149,0,0.029716694,70,0,0.1612529,2585.0,14,0,0,0,0.0
66150,0,0.06200896,26,0,0.735947712,764.0,5,0,0,0,0.0
66152,0,0.00019998,53,1,1.1632841329999999,1083.0,5,0,1,0,1.0
66154,0,0.192288777,67,0,0.283173348,7083.0,7,0,3,0,1.0
66155,0,0.22250150300000002,49,0,0.846438483,1080.0,9,0,0,0,0.0
66156,0,0.172545686,69,0,0.47129391600000003,3500.0,10,0,2,0,0.0
66157,0,0.153546161,59,0,0.283185841,13333.0,5,0,2,0,0.0
66158,0,0.0,63,0,0.080255966,7500.0,9,0,1,0,2.0
66159,0,0.47935502700000004,55,0,0.75153225,10278.0,9,0,4,0,0.0
66161,0,0.431291817,39,0,0.577211394,2000.0,11,0,1,0,2.0
66163,0,0.127041845,47,0,0.376072914,11300.0,7,0,2,0,4.0
66164,0,0.039842505,71,0,0.020544141999999998,1800.0,6,0,0,0,0.0
66165,0,0.705010535,34,0,0.44423375299999995,5800.0,8,0,1,0,0.0
66166,0,0.750118415,48,0,0.08538292300000001,5000.0,4,0,0,0,0.0
66168,0,0.030055425,29,2,0.08030303,3299.0,5,0,0,0,0.0
66170,0,0.602933466,59,0,0.502241459,6468.0,9,0,2,0,1.0
66171,0,0.010878597,51,0,0.05012665,7500.0,12,0,0,0,0.0
66172,0,0.0,49,0,0.8006968640000001,5739.0,8,0,3,0,0.0
66173,0,0.021444356,62,0,0.083098095,5667.0,21,0,1,0,0.0
66175,0,0.0,52,3,0.22074573600000003,10083.0,6,0,1,0,0.0
66177,0,0.792029625,45,0,0.700144428,9000.0,10,0,1,0,0.0
66178,0,0.000826934,58,0,1.0,,8,0,0,0,0.0
66179,0,0.658857018,64,0,0.24450157100000003,3500.0,7,0,0,0,0.0
66180,0,0.028365082000000003,66,0,78.0,,8,0,0,0,0.0
66181,1,0.94381364,41,1,0.239411016,5500.0,12,0,0,0,1.0
66182,0,0.047637773,77,0,0.016991503999999998,2000.0,8,0,0,0,0.0
66184,0,0.551072337,38,0,2232.0,,4,0,2,0,0.0
66185,0,1.00259948,43,0,1.080440305,2361.0,5,0,2,0,0.0
66186,0,0.060943139,45,0,2250.0,,5,0,1,0,0.0
66188,0,0.003620496,54,0,0.9824814009999999,4166.0,18,0,2,0,3.0
66189,0,0.054371589000000005,55,0,1.01498751,1200.0,17,0,1,0,0.0
66191,0,0.738252415,74,0,0.774825175,2144.0,6,0,1,0,0.0
66192,0,0.795093139,36,1,0.031808542999999995,3300.0,6,0,0,0,2.0
66193,0,0.021053937,63,0,0.207398943,7000.0,11,0,1,0,0.0
66194,0,0.190455314,50,0,0.03118779,9041.0,5,0,0,0,3.0
66195,0,0.308043154,36,0,0.853733269,6200.0,11,0,2,0,0.0
66197,0,0.007719175,85,0,0.003249188,4000.0,10,0,0,0,0.0
66198,0,0.11493175300000001,49,0,0.263376072,10372.0,12,0,2,0,2.0
66199,0,0.007470951,77,0,0.028971029,1000.0,10,0,0,0,0.0
66200,0,0.7042957040000001,29,0,0.058529622,1400.0,2,0,0,0,0.0
66202,0,0.8007330890000001,74,0,0.24767309899999998,4404.0,4,0,0,0,0.0
66204,0,0.030572062999999997,37,0,0.012574453999999999,3021.0,4,0,0,0,0.0
66205,0,0.042149245999999994,55,0,0.065189048,2300.0,11,0,0,0,0.0
66209,0,0.036254052,66,0,0.326099372,1750.0,6,0,1,0,0.0
66210,0,0.44886196100000003,54,0,0.29287524600000003,10652.0,8,0,1,0,1.0
66211,0,0.0,61,0,1428.0,,5,0,1,0,0.0
66212,0,0.0,27,0,519.0,,4,0,0,0,0.0
66214,0,0.651308255,50,0,0.153653966,4802.0,4,0,0,0,2.0
66216,0,0.030183678999999998,51,0,0.524702172,5707.0,11,0,2,0,1.0
66218,0,0.01487607,77,0,0.0027138979999999997,7000.0,4,0,0,0,0.0
66220,0,0.050114106,71,0,0.23808086899999997,9941.0,10,0,1,0,0.0
66221,0,0.287922928,56,0,0.74730108,2500.0,8,0,2,0,0.0
66222,0,0.351596358,40,0,0.23745519699999998,1115.0,4,0,0,0,0.0
66223,0,0.038986276,46,0,0.283452758,6000.0,11,0,1,0,1.0
66224,0,0.18009377199999999,43,0,2311.0,,16,0,2,0,0.0
66225,0,0.432783608,30,1,0.289127037,4478.0,8,0,0,0,2.0
66226,1,0.9999998999999999,40,0,0.004218090999999999,6400.0,1,1,0,0,3.0
66229,0,0.282088908,49,0,1948.0,,17,0,1,0,0.0
66230,0,0.000507124,53,0,0.28298163,6586.0,10,0,1,0,0.0
66232,0,0.487300804,69,0,0.299228944,6743.0,9,0,1,0,3.0
66233,0,0.7112887109999999,23,0,0.32391454199999997,1450.0,3,0,0,0,0.0
66234,0,0.025148309,73,0,0.111530642,10328.0,9,0,0,0,0.0
66235,0,0.9999998999999999,35,0,0.0,,0,0,0,0,0.0
66238,0,0.0,73,0,0.0,2273.0,3,0,0,0,0.0
66239,0,0.041079231,65,0,0.008997001,3000.0,3,0,0,0,1.0
66242,1,0.406999557,56,8,0.373439274,6166.0,17,1,1,0,0.0
66243,0,0.768947432,40,2,0.34779398200000006,5416.0,23,0,0,0,1.0
66245,0,0.0,53,0,0.205623637,13300.0,5,0,1,0,0.0
66246,0,0.081317263,46,0,0.080383669,11780.0,4,0,0,0,4.0
66247,0,0.0,47,0,0.088532045,7036.0,4,0,1,0,0.0
66248,0,0.6876230870000001,53,0,0.270360111,1804.0,3,0,0,0,0.0
66249,0,0.796219351,43,1,4647.0,,9,1,2,0,0.0
66251,1,0.718211956,30,0,0.020137185,15890.0,3,0,0,0,0.0
66253,0,0.09218156400000001,49,0,0.18402246,11753.0,5,0,1,0,3.0
66254,0,0.8913179259999999,57,0,0.013821898999999999,13890.0,2,1,0,0,0.0
66255,0,0.8558558559999999,48,0,0.291070211,4400.0,5,0,0,0,1.0
66256,0,0.016017539,77,0,702.0,,6,0,1,0,0.0
66257,0,0.007369987,64,0,0.295258294,6600.0,8,0,1,0,1.0
66258,0,0.008952968,51,0,0.37062937100000004,1143.0,5,0,0,0,2.0
66260,0,0.18491887,55,0,0.364288671,7246.0,13,0,1,0,0.0
66262,0,0.61342054,38,0,0.40645529799999996,3500.0,11,0,0,0,3.0
66264,1,0.99980695,33,1,0.12315074,2500.0,6,0,0,0,0.0
66265,0,0.451269195,37,0,0.427838105,5064.0,4,0,1,0,3.0
66269,0,0.036597395,49,0,2059.0,0.0,9,0,2,0,0.0
66273,0,0.7053207690000001,48,0,0.37911726,3035.0,4,0,1,0,2.0
66274,0,0.0,52,0,0.042591482,5000.0,6,0,1,0,2.0
66275,0,0.9999998999999999,57,0,344.0,,2,0,0,0,0.0
66276,0,0.677003892,55,1,0.692041061,7500.0,11,0,2,0,2.0
66277,0,0.346336666,28,0,0.554136591,1800.0,3,0,1,0,0.0
66278,0,0.008332639000000001,28,0,0.034055728,6459.0,6,0,0,0,0.0
66280,0,0.041866108,66,0,1.6336831580000002,2000.0,19,0,2,0,0.0
66282,0,0.620436175,51,0,0.28279756699999997,6905.0,8,0,0,0,2.0
66284,0,0.052862194,34,0,3423.0,,7,0,3,0,0.0
66286,0,0.0,60,0,0.487756122,2000.0,2,0,1,0,0.0
66287,0,0.044983231,64,0,0.738704177,2345.0,7,0,1,0,0.0
66288,0,0.028152242,80,0,77.0,,9,0,0,0,
66289,0,0.177491628,53,0,1.11894053,2000.0,5,0,1,0,4.0
66291,0,1.005383787,33,1,0.233805822,6560.0,8,0,1,0,2.0
66293,0,0.069946503,51,0,2105.0,,5,0,2,0,0.0
66297,0,0.9737827720000001,36,0,0.073856975,852.0,2,1,0,0,0.0
66299,0,0.9999998999999999,43,1,0.072745643,3958.0,1,1,0,1,0.0
66300,0,0.0,52,0,0.0,7666.0,2,0,0,0,2.0
66302,0,0.8317069890000001,64,0,2782.0,,18,0,0,0,0.0
66303,0,0.172465221,41,3,0.637827445,4160.0,19,0,2,0,2.0
66304,0,0.00091934,31,0,0.030987635,6550.0,25,0,0,0,1.0
66305,0,0.12078792099999999,71,0,0.085262564,3541.0,6,0,0,0,0.0
66307,0,0.378548796,47,1,0.382566933,27900.0,13,0,0,0,4.0
66309,0,0.377318537,38,0,0.215778949,5500.0,7,0,1,0,0.0
66310,0,0.010376759000000001,52,0,0.484585902,6000.0,10,0,2,0,0.0
66311,0,0.131993314,62,0,0.368303571,3135.0,16,0,1,0,0.0
66312,0,0.0,74,0,0.0,2000.0,13,0,0,0,0.0
66313,0,0.0,71,0,0.0,,2,0,0,0,
66314,0,0.02919421,75,0,0.004918208,9352.0,8,0,0,0,0.0
66315,0,0.572807604,57,0,6136.0,,9,0,1,0,0.0
66316,0,0.077642401,60,1,0.247536946,2435.0,14,0,0,0,1.0
66317,0,0.95050495,50,0,0.19956908199999998,7425.0,4,0,2,0,1.0
66318,1,0.31534221,75,1,0.530747588,4975.0,12,0,3,0,0.0
66319,0,0.011137923000000001,56,0,0.342001131,24765.0,14,0,4,0,1.0
66320,0,0.280366071,63,0,0.629327902,5400.0,10,0,2,0,0.0
66321,0,0.7575279779999999,55,0,0.845700221,19500.0,16,0,10,0,0.0
66322,0,0.16603483300000002,25,0,687.0,,9,0,0,0,0.0
66323,0,0.046672702,73,0,0.054243778,4700.0,14,0,0,0,0.0
66325,0,0.251550337,39,0,3438.0,,10,0,1,0,2.0
66328,0,0.304932656,45,0,0.307369263,10000.0,12,0,2,0,3.0
66330,0,0.058177368,81,0,0.032125881,6100.0,7,0,0,0,2.0
66331,0,0.011195522,24,0,0.0,10200.0,2,0,0,0,0.0
66332,0,0.230509385,37,0,0.283470189,2800.0,4,0,0,0,1.0
66333,0,0.037713388,59,2,0.21448212600000002,8727.0,9,0,2,0,0.0
66335,0,0.522084452,27,0,0.687862428,5000.0,8,0,1,0,0.0
66336,0,0.447905345,44,0,0.153896316,3066.0,2,0,0,0,3.0
66338,0,0.015886876,38,0,0.39826017399999997,10000.0,7,0,1,0,1.0
66339,0,0.9999998999999999,71,0,0.0,,0,0,0,0,
66340,0,0.0,72,0,0.515573384,4237.0,18,0,3,0,1.0
66341,0,0.571632624,55,0,1976.0,,5,0,1,0,0.0
66342,0,0.9999998999999999,57,0,7.0,,0,2,0,0,0.0
66343,0,0.003970986,44,0,0.9165446559999999,4780.0,20,0,3,0,3.0
66344,0,0.34967572399999997,48,1,0.330247835,3348.0,9,0,1,0,0.0
66346,0,0.0,38,0,2385.0,,5,0,1,0,2.0
66348,0,0.81296356,42,0,0.130797001,3600.0,5,0,0,0,1.0
66349,0,0.006126854,36,0,2575.0,,13,0,2,0,0.0
66351,0,0.42154478100000004,65,0,0.660033997,10000.0,8,0,3,0,0.0
66352,0,0.011031361000000002,89,0,0.119326874,3921.0,9,0,1,0,0.0
66354,0,0.9999998999999999,53,3,4209.0,,4,0,1,0,0.0
66355,0,0.700310832,27,1,0.24151769399999998,2740.0,9,0,0,0,0.0
66356,0,0.006824281,79,0,0.00212057,3300.0,8,0,0,0,0.0
66359,0,0.094078118,48,0,0.121444088,9666.0,11,0,0,0,1.0
66360,0,0.588238457,40,1,0.47262339299999995,6300.0,9,1,2,0,5.0
66361,0,0.008312566,50,0,0.488335024,6900.0,10,0,2,0,0.0
66363,0,0.069383147,71,0,0.038211382,3689.0,5,0,0,0,0.0
66364,0,0.0,42,0,0.322631296,24200.0,16,0,3,0,0.0
66365,1,1.235880399,38,1,0.036304962,2478.0,3,1,0,0,4.0
66367,1,0.579710145,45,0,0.458382181,14500.0,6,0,1,0,0.0
66368,0,0.636590244,34,0,1.418527158,3000.0,10,0,2,0,1.0
66369,0,0.109370734,53,0,0.341606669,15833.0,15,0,2,0,1.0
66370,0,0.029100034,57,0,0.005748563000000001,4000.0,6,0,0,0,0.0
66373,0,0.961305925,38,2,0.845389288,1810.0,12,0,1,0,3.0
66374,0,0.0,31,0,0.134060606,4124.0,2,0,0,0,0.0
66375,0,0.027574086,73,0,982.0,,5,0,1,0,0.0
66377,0,0.07266267400000001,35,0,1351.0,,7,0,1,0,0.0
66378,0,0.580865086,39,1,0.354669334,7998.0,9,0,3,1,3.0
66379,0,0.336482891,30,0,0.17586912100000002,4400.0,4,0,0,0,0.0
66380,0,0.09627845199999999,42,0,0.797118495,3400.0,11,0,1,0,0.0
66382,0,0.041393648,52,0,2526.0,,7,0,1,0,1.0
66383,0,0.0,52,0,0.314655406,18470.0,8,0,2,0,3.0
66384,0,0.015224092,80,0,33.0,,8,0,0,0,
66385,0,0.215185811,48,0,0.409090909,7875.0,16,0,1,0,2.0
66387,0,0.032491812,42,0,0.010082493,3272.0,2,0,0,0,0.0
66388,0,0.039059548,60,1,1.132773445,5000.0,18,0,3,0,1.0
66389,0,0.9999998999999999,70,0,515.0,,2,0,1,0,0.0
66390,0,0.955072464,26,2,0.42734717200000005,5250.0,9,0,1,0,0.0
66392,1,0.9999998999999999,51,4,0.513948605,10000.0,13,0,3,1,3.0
66393,0,0.49159519700000004,71,0,0.400074991,8000.0,12,0,2,0,1.0
66394,0,0.024900983999999998,73,0,0.014281634,3500.0,5,0,0,0,1.0
66396,0,0.0,46,0,0.4492446,8008.0,9,0,1,0,2.0
66398,0,0.041878325,63,0,516.0,,7,0,0,0,0.0
66399,0,0.015668674,60,0,0.128682536,4242.0,5,0,1,0,0.0
66400,0,0.353617599,33,0,0.07266436,2600.0,3,0,0,0,1.0
66401,0,0.092572686,64,0,0.097075244,12000.0,4,0,1,0,1.0
66405,0,0.9999998999999999,25,0,0.365122616,1100.0,5,0,0,0,0.0
66406,0,0.304961504,66,0,0.8641063520000001,8800.0,35,0,2,0,3.0
66407,0,0.060373629000000005,38,0,0.38904364,14000.0,14,0,2,0,2.0
66409,0,0.188117162,57,0,0.21270298399999998,12500.0,4,0,2,0,1.0
66412,0,0.579134249,64,0,0.310637082,10500.0,10,0,1,0,0.0
66413,0,0.065523362,72,0,0.010720176000000001,7275.0,4,0,0,0,1.0
66414,0,0.316681497,52,0,0.390272835,5900.0,7,0,1,0,1.0
66415,0,0.0,55,0,1230.0,,5,0,1,0,
66416,0,0.20481082899999997,30,0,0.055540128,3600.0,6,0,0,0,0.0
66417,0,0.006375112,61,0,0.236453202,7916.0,11,0,2,0,7.0
66418,0,0.707838658,43,0,0.40402096,9350.0,7,0,1,1,2.0
66419,0,0.05474678400000001,49,1,0.267342669,12425.0,16,0,2,0,2.0
66422,0,0.181561632,47,0,0.973013493,2000.0,18,0,1,0,1.0
66423,0,0.212981321,42,1,0.357778638,5167.0,10,0,1,0,0.0
66424,0,0.035701738,44,0,0.04870099,31600.0,5,0,0,0,2.0
66425,0,0.583385801,66,1,0.31239840399999996,6766.0,14,1,2,1,1.0
66426,0,0.02986587,61,0,0.232421278,13083.0,5,0,2,0,0.0
66428,0,0.34406886,63,1,0.480630785,5833.0,16,0,1,0,1.0
66429,0,0.486586515,53,0,0.394657906,7000.0,10,0,2,0,1.0
66430,0,0.0,48,0,0.45955771,3300.0,4,0,2,0,0.0
66431,0,0.002930996,53,0,0.36123700299999995,3750.0,21,0,1,0,0.0
66432,0,0.066964435,30,0,0.42959506700000005,6000.0,10,0,2,0,2.0
66434,0,0.0,45,1,675.0,1.0,5,0,1,2,3.0
66435,0,0.176622458,67,1,0.437721095,5370.0,15,0,2,1,0.0
66438,0,0.04279424,44,0,0.216458806,10583.0,14,0,1,0,2.0
66439,0,0.85085819,54,1,1067.0,,7,2,0,1,0.0
66440,0,0.024680776,50,0,0.16581739199999998,11970.0,8,0,1,0,0.0
66441,0,0.468159757,42,2,0.651522035,2200.0,8,0,0,0,4.0
66442,0,0.111296626,37,0,0.348982786,5750.0,7,0,2,0,2.0
66443,0,0.291357205,56,0,0.20251104399999997,4300.0,5,0,0,0,0.0
66444,0,0.5834486999999999,30,0,0.102105501,4416.0,7,0,0,0,0.0
66445,0,0.018949053,75,0,0.002499583,6000.0,3,0,0,0,0.0
66446,0,0.066902381,65,0,0.108019996,4600.0,10,0,1,0,0.0
66447,0,0.013354385,58,4,0.31762353600000004,3500.0,15,1,1,0,0.0
66448,0,0.013473296000000001,64,0,0.24107362699999998,4060.0,12,0,1,0,0.0
66450,0,0.17912935300000002,49,1,0.175882412,10000.0,6,0,1,0,4.0
66451,0,0.029675505,71,0,1426.0,,4,0,1,0,0.0
66453,0,0.12322456,43,0,0.406691135,7083.0,24,0,2,0,3.0
66454,0,0.33376666,41,1,0.313771464,14500.0,11,0,2,0,2.0
66458,0,0.007406376,67,0,0.151972895,14166.0,10,0,2,0,0.0
66459,0,0.030596362999999998,78,0,725.0,,5,0,1,0,0.0
66460,0,0.9775580490000001,32,2,0.12191913,11400.0,7,0,0,0,0.0
66461,0,0.037469805,31,0,0.005712654,3500.0,3,0,0,0,0.0
66462,0,0.9999998999999999,66,0,0.0,,1,0,0,0,2.0
66463,0,0.007047648,63,0,0.221884498,3947.0,12,0,0,0,0.0
66464,0,0.0,61,0,0.124019697,5482.0,5,0,0,0,3.0
66465,0,0.029612947999999997,62,0,0.61993298,9250.0,5,0,2,0,0.0
66466,0,0.0,47,0,755.5,1.0,7,0,1,0,2.0
66467,0,0.0,46,0,0.276541516,10200.0,9,0,3,0,2.0
66469,0,0.0,34,0,0.509797142,8675.0,7,0,2,0,2.0
66470,0,0.020362716,76,0,1059.0,,8,0,1,0,0.0
66471,0,0.128076186,58,0,0.176251552,7250.0,8,0,1,0,0.0
66475,0,0.030336397,59,0,1007.0,,9,0,1,0,0.0
66476,0,0.9999998999999999,35,1,2723.0,,3,0,1,0,0.0
66479,0,0.019332747,36,0,0.45312684700000005,8458.0,10,0,3,0,1.0
66480,0,0.07846517900000001,45,1,0.237230031,8750.0,9,0,2,0,3.0
66482,0,0.12222136800000001,24,0,0.7417380659999999,3267.0,7,0,1,0,0.0
66483,0,0.018290804,38,0,2.894736842,2070.0,8,0,1,0,2.0
66484,0,0.053198447999999995,60,0,0.037711592,4666.0,16,0,0,0,0.0
66485,0,0.10511453300000001,49,0,0.45838318200000006,5850.0,18,0,2,0,0.0
66489,1,0.9999998999999999,62,2,0.14492307699999998,6499.0,2,2,0,1,0.0
66490,0,0.04281429,41,0,0.031147284,6388.0,4,0,0,0,3.0
66491,0,0.340266935,52,0,0.340267459,4710.0,13,0,0,0,0.0
66492,0,0.056433839000000006,80,0,2455.0,,10,0,3,0,1.0
66493,0,0.116176494,69,0,0.217978974,4660.0,13,0,1,0,0.0
66494,0,0.979198716,46,2,0.145863783,3420.0,7,0,0,1,3.0
66495,0,0.692001401,45,1,0.123850153,7500.0,5,0,1,0,0.0
66496,0,0.041140696000000004,63,0,0.037781742,6166.0,6,0,0,0,0.0
66498,0,0.27052431600000004,40,0,0.395040331,15000.0,6,0,1,0,2.0
66501,0,0.197965009,42,2,0.363510712,5787.0,13,0,1,0,2.0
66502,0,0.089465954,75,1,0.190083709,7764.0,12,0,1,0,0.0
66503,0,0.8696543940000001,42,0,0.32291337800000003,9500.0,8,0,1,0,0.0
66504,0,0.071274055,67,0,0.328592856,18000.0,14,0,2,0,0.0
66505,0,0.830588095,53,0,0.836297407,4666.0,15,0,2,0,1.0
66507,0,0.940557601,30,2,0.102592388,3625.0,6,0,0,2,1.0
66509,0,0.084924106,53,0,0.277736522,6732.0,8,0,1,0,2.0
66510,0,0.022847329,44,0,0.186009955,11450.0,7,0,1,0,3.0
66511,0,1.204861111,28,0,0.20994001699999998,2333.0,5,0,0,0,0.0
66512,1,0.867379007,35,0,0.14959145199999999,3181.0,5,0,0,0,0.0
66514,0,0.304779681,33,0,0.535116221,4000.0,8,0,2,0,1.0
66515,0,0.57571302,65,1,1.177661719,10913.0,33,0,3,0,0.0
66516,0,0.6815874479999999,43,1,3003.0,,10,0,1,1,0.0
66520,0,0.001254423,88,0,0.074635683,10155.0,11,0,1,0,0.0
66521,0,0.120426731,78,0,0.573033708,2580.0,31,0,1,0,0.0
66525,0,0.036844628,64,0,0.012189315,10500.0,9,0,0,0,0.0
66526,0,0.047536906,76,0,0.020663223,6000.0,9,0,0,0,0.0
66527,0,0.055117177,58,0,1876.0,,5,0,1,0,0.0
66528,1,0.511096462,51,0,68.0,,3,0,0,0,0.0
66529,0,0.9999998999999999,82,0,0.027477102000000003,1200.0,3,0,0,0,0.0
66531,0,0.173385824,43,0,0.305897602,10800.0,12,0,2,0,1.0
66532,0,0.54835716,47,0,0.491072601,15233.0,16,0,3,0,1.0
66533,0,0.9940119759999999,30,2,0.00999643,2800.0,3,0,0,1,0.0
66536,0,0.0,24,0,0.0,,1,0,0,0,0.0
66538,0,0.0,48,0,401.5,1.0,23,0,1,0,1.0
66539,0,0.184363127,27,0,0.011994669,2250.0,2,0,0,0,0.0
66540,1,1.015320398,57,1,0.30448869,16975.0,11,0,2,0,0.0
66542,0,0.072246842,62,0,0.634243837,1500.0,14,0,1,0,0.0
66543,0,0.00019396099999999998,49,0,0.21301947100000002,10322.0,7,0,2,0,1.0
66544,0,0.038848251,66,0,0.252300475,16626.0,17,0,1,0,0.0
66545,0,0.111529211,42,0,0.593945377,9116.0,12,0,2,0,0.0
66546,0,0.151984802,61,0,0.186347743,12583.0,8,0,2,0,2.0
66548,0,0.9062946390000001,62,0,0.701714286,7874.0,4,0,3,1,2.0
66549,0,0.147654539,44,0,0.240460763,12500.0,12,0,1,0,3.0
66550,0,0.0,49,0,2137.0,,5,0,1,0,0.0
66551,0,0.033482676,62,0,0.23028981,6417.0,9,0,1,0,0.0
66559,0,0.071919155,81,0,0.008456176,8750.0,5,0,0,0,0.0
66560,0,0.049105389000000006,81,0,0.044173787,5500.0,4,0,0,0,0.0
66561,0,0.030993801,80,0,4.0,,1,0,0,0,0.0
66562,0,0.9999998999999999,33,0,0.122219445,4000.0,1,1,0,0,1.0
66563,0,0.5228171629999999,58,0,0.431098205,7575.0,9,0,1,0,1.0
66567,0,0.8581157779999999,40,2,0.385240984,15000.0,10,0,3,1,2.0
66570,0,0.0,41,0,1284.0,,5,0,1,0,0.0
66571,0,0.040747963,58,0,0.180246436,15500.0,7,0,2,0,0.0
66574,0,0.14113620300000002,53,0,0.140693885,15650.0,2,0,1,0,0.0
66575,0,0.471461809,65,0,3560.0,,8,0,1,0,0.0
66576,0,0.030077747000000002,80,1,7.362731863,20000.0,10,0,0,0,1.0
66577,0,0.19813058,40,0,0.126887311,10000.0,5,0,0,0,1.0
66579,0,0.037105063,38,0,0.36072785399999996,5000.0,12,0,1,1,0.0
66580,0,0.041869237999999996,52,0,0.19367917699999998,9618.0,9,0,2,0,2.0
66581,0,0.201949513,54,0,0.005428054,10500.0,2,0,0,0,1.0
66583,0,0.00032812,57,0,0.176847662,2651.0,5,0,0,0,0.0
66584,0,0.009708152,44,0,0.406017901,5250.0,19,0,1,0,0.0
66586,0,0.21891124399999998,29,0,0.128490401,4583.0,3,0,0,0,0.0
66592,0,0.039831994,33,0,0.641123275,2100.0,10,0,1,0,0.0
66593,0,0.035660723,65,0,1181.0,,3,0,1,0,0.0
66595,0,0.024757168,73,0,1174.0,,17,0,1,0,1.0
66596,0,0.44417191799999994,43,0,0.445425762,6000.0,9,0,1,1,3.0
66600,0,0.581718506,62,0,0.41430448700000005,5326.0,7,0,1,0,0.0
66601,0,0.304008717,53,0,0.559298569,6500.0,8,0,2,0,3.0
66603,0,0.35175422700000003,46,0,0.0055763869999999995,10400.0,3,1,0,0,4.0
66604,0,0.158499397,63,0,0.012759474,5250.0,4,0,0,0,0.0
66605,0,0.055037184,60,0,0.3461006,6500.0,8,0,2,0,1.0
66607,0,0.050447335,37,0,0.5623125170000001,11000.0,11,0,3,0,1.0
66608,0,0.190777079,39,0,0.352771778,4166.0,7,0,0,0,1.0
66610,1,0.980203959,60,6,2128.0,,11,1,1,0,0.0
66611,0,0.95654743,55,0,0.27911472600000004,15000.0,15,0,2,0,0.0
66612,1,0.708462541,62,1,0.287199053,7600.0,14,0,0,0,0.0
66613,0,0.020830584,68,0,0.166386689,12500.0,9,0,2,0,0.0
66614,1,0.9999998999999999,29,0,721.0,,5,0,0,1,0.0
66615,0,0.967930029,36,1,0.966724039,3485.0,7,0,2,0,0.0
66616,0,0.9999998999999999,25,0,0.335414808,1120.0,4,0,0,0,0.0
66617,1,0.007984032,50,1,0.488446411,4067.0,10,2,1,4,1.0
66619,1,0.066551922,53,2,0.5866116060000001,4600.0,5,1,1,0,3.0
66620,0,0.0,40,0,0.35376462399999997,10000.0,5,0,1,0,0.0
66621,0,1.070634349,67,1,0.21250662399999998,1886.0,1,0,0,0,1.0
66622,0,0.0,62,0,1544.0,,6,0,1,0,1.0
66623,0,0.047112731,74,0,1014.0,,5,0,1,0,
66624,0,0.9700149929999999,51,2,1096.0,,11,1,1,4,0.0
66625,0,0.043014507,36,0,0.0038091609999999997,10500.0,9,0,0,0,0.0
66626,0,0.11114814199999999,46,0,0.098567405,8166.0,4,0,1,1,0.0
66627,0,0.046755785,50,1,316.0,1.0,23,0,1,0,2.0
66628,0,0.253334364,42,0,0.251615285,10833.0,9,0,2,0,4.0
66630,0,0.108283136,48,0,0.019850022,6800.0,5,0,0,0,2.0
66631,1,0.781796795,35,3,0.49950016700000005,3000.0,9,2,1,3,0.0
66632,0,0.691774008,31,0,0.557747961,3800.0,14,0,1,0,0.0
66633,0,0.867516053,60,0,0.37691001700000004,5300.0,7,1,0,0,0.0
66634,0,0.048347583,62,0,29.0,,3,0,0,0,0.0
66637,0,0.128551812,83,1,0.34572882,5700.0,17,0,1,0,0.0
66638,0,0.36609611200000003,52,2,0.353369066,7835.0,13,1,1,0,3.0
66641,0,0.013518018,63,0,0.619594964,3653.0,6,0,1,0,0.0
66642,0,0.570403482,34,0,0.109386027,4250.0,4,0,0,0,0.0
66643,0,0.37244307200000004,76,0,0.455386894,2700.0,5,0,0,0,0.0
66644,0,0.01088647,60,0,0.6429794520000001,1167.0,6,0,1,0,0.0
66645,0,0.034559039,80,0,0.016281063000000002,3500.0,8,0,0,0,0.0
66647,0,0.9999998999999999,40,0,0.237976265,1600.0,3,0,0,0,1.0
66648,0,0.52794134,27,0,0.973008997,3000.0,12,0,2,0,1.0
66649,0,0.045910735,76,0,152.0,,7,0,0,0,0.0
66650,0,0.055710668,97,0,25.0,,6,0,0,1,0.0
66651,0,0.0,65,0,0.134997052,5088.0,3,0,1,0,1.0
66652,0,0.9942441679999999,40,2,1587.0,,5,0,1,0,0.0
66656,0,0.677690082,64,0,0.55416042,5335.0,9,0,1,0,1.0
66657,0,0.129487051,42,0,4652.0,,13,0,2,0,3.0
66658,0,0.515616307,52,0,0.527809444,16666.0,15,0,5,0,1.0
66660,0,0.284613758,57,0,0.647746501,6500.0,17,0,2,0,4.0
66662,0,0.020642878,65,0,0.20148543100000002,5250.0,8,0,1,0,0.0
66663,0,0.759869201,33,1,0.907043147,3151.0,9,0,2,0,1.0
66665,0,0.40451384,35,0,0.301977552,3741.0,12,0,1,0,0.0
66666,0,0.034666332,56,0,107.0,,9,0,0,0,0.0
66667,0,0.433460076,49,0,0.637768112,6666.0,12,0,2,0,3.0
66669,1,0.9999998999999999,52,1,138.0,,2,2,0,1,0.0
66670,1,0.395377889,47,0,0.16951934300000002,4264.0,10,0,1,0,1.0
66671,0,0.487451255,34,0,0.368959771,4200.0,5,0,0,0,2.0
66672,0,0.41206729700000005,44,0,0.384226167,12450.0,13,0,2,0,3.0
66673,0,0.99898995,44,0,0.319659136,5045.0,9,0,1,0,4.0
66677,0,1.00859619,37,0,0.570993239,21001.0,8,0,3,0,2.0
66678,0,0.018239089,71,1,0.06729094099999999,9183.0,6,0,1,0,0.0
66679,0,0.77017081,57,1,0.110592938,1500.0,8,0,0,0,0.0
66680,0,0.070858221,49,0,0.325599282,7800.0,15,0,2,0,2.0
66681,0,0.0,62,0,0.069681587,4333.0,7,0,1,0,0.0
66682,0,0.0,75,0,0.0,,5,0,0,0,1.0
66684,0,1.691868759,32,2,0.120535714,3583.0,4,1,0,0,0.0
66685,0,0.108113075,74,0,1422.0,,13,0,1,0,0.0
66687,0,0.009392092,51,0,0.621875625,5000.0,12,0,2,0,0.0
66688,0,0.950038432,45,2,0.013346228,5169.0,3,1,0,0,0.0
66690,0,0.26921828800000003,56,0,0.56344527,3900.0,17,0,1,0,2.0
66691,0,0.568119323,55,0,0.517622304,1900.0,9,0,2,0,0.0
66692,0,0.015260302,56,0,0.460311181,7583.0,5,0,2,0,3.0
66693,0,0.45915359200000005,67,0,0.6547242129999999,6000.0,17,0,1,0,0.0
66694,0,0.059093757000000004,77,0,0.01894685,4063.0,5,0,0,0,0.0
66695,0,0.09292305199999999,62,0,2280.0,,9,0,1,0,0.0
66696,0,0.067797288,79,0,0.012496876,4000.0,2,0,0,0,1.0
66697,0,0.001664893,53,0,0.000544144,7350.0,7,0,0,0,1.0
66698,0,0.091700177,64,0,2796.0,,12,0,1,0,0.0
66699,0,0.9999998999999999,33,0,3125.0,,3,0,1,0,0.0
66700,0,0.02538291,63,0,46.0,,5,0,0,0,0.0
66701,0,0.000266631,39,0,0.171198774,5221.0,4,0,0,0,3.0
66702,0,0.065804935,76,0,0.012886598,6595.0,5,0,0,0,0.0
66704,0,0.20185321,75,0,0.34965035,1000.0,6,0,1,0,0.0
66706,0,0.089483942,40,0,0.004368043,7096.0,3,0,0,0,3.0
66707,0,0.727874908,43,0,0.630543165,3810.0,7,0,1,0,2.0
66708,0,0.9999998999999999,70,0,0.045077892,3016.0,1,0,0,0,0.0
66709,0,0.028165906,70,0,0.254032258,6447.0,9,0,1,0,1.0
66710,0,0.343832808,33,0,0.880329631,2790.0,6,0,0,0,0.0
66716,0,0.050291456,43,0,66.0,,2,0,0,0,0.0
66718,0,0.187892717,50,0,0.427446569,8000.0,12,0,2,0,1.0
66720,0,0.21397525899999997,41,0,3.4935064939999996,1000.0,10,0,1,0,3.0
66721,0,0.097825624,86,0,0.013597281000000001,5000.0,2,0,0,0,0.0
66725,0,0.048379980999999996,53,0,0.070964518,2000.0,3,0,0,0,1.0
66726,0,0.037069459,71,0,397.0,,3,0,1,0,0.0
66728,0,0.028376667,57,1,1425.0,,11,0,1,0,1.0
66729,0,0.7161419290000001,28,0,2068.0,,7,0,1,0,0.0
66730,0,0.019682923999999997,63,0,0.374805599,4500.0,12,0,2,0,0.0
66731,0,0.005674198,63,0,0.25560335100000003,4416.0,10,0,1,0,0.0
66733,0,0.318287675,71,0,2415.0,,9,0,1,0,0.0
66734,0,0.0,43,0,0.208955224,13600.0,6,0,1,0,1.0
66735,0,0.194225595,28,0,0.039826696,6000.0,3,0,0,0,0.0
66736,0,0.08920557400000001,31,0,0.054789042,5000.0,4,0,0,0,0.0
66737,0,0.12265848900000001,34,0,0.052206339000000004,3217.0,6,0,0,0,0.0
66738,0,0.110993063,65,0,0.252766298,7500.0,8,0,1,0,0.0
66739,0,0.0,95,0,0.0,,2,0,0,1,0.0
66741,0,0.9490509490000001,47,0,0.126517274,4283.0,3,0,0,0,1.0
66742,0,0.392669645,77,0,0.23356263,6250.0,6,0,0,0,0.0
66743,0,0.9999998999999999,53,0,0.04443457,4500.0,2,0,0,0,2.0
66746,0,0.019638066000000003,63,0,30.0,,8,0,0,0,
66747,1,0.345515504,47,0,0.601345669,10700.0,11,0,3,0,0.0
66748,0,0.004765167,65,0,0.18906909600000002,4500.0,13,0,1,0,0.0
66749,0,0.007452654,77,0,1228.0,,9,0,0,0,0.0
66750,0,0.015498708,67,0,2841.0,,6,0,4,0,
66751,0,0.06917250400000001,76,0,0.318157472,3733.0,13,0,1,0,0.0
66754,0,0.10608731099999999,62,0,0.31049193399999997,7500.0,11,0,1,0,3.0
66755,0,0.074705418,62,0,0.09925829,4583.0,6,0,1,0,0.0
66756,0,0.25652264,85,2,0.26154769,5000.0,14,0,1,0,1.0
66758,0,0.0028793990000000004,75,0,0.111972007,4000.0,8,0,0,0,0.0
66759,0,0.39562422700000005,52,0,0.389470857,7445.0,17,0,2,0,0.0
66760,0,0.9999998999999999,49,0,3064.0,,3,0,1,0,
66762,0,0.035830845,77,0,0.00443787,3379.0,3,0,0,0,1.0
66763,0,0.48592431399999997,67,0,0.41666666700000005,7751.0,11,0,1,0,0.0
66764,0,0.973847337,48,1,0.356128835,6550.0,7,0,1,0,2.0
66765,0,0.9999998999999999,43,0,0.6897445390000001,2700.0,1,0,1,0,0.0
66769,0,0.536006378,41,0,0.6175022379999999,4467.0,11,0,1,0,1.0
66772,0,0.316547919,43,0,0.783657066,7464.0,6,0,2,0,0.0
66773,0,0.003484321,63,0,0.299295198,6100.0,8,0,1,0,1.0
66774,0,0.101700855,62,1,0.705049158,6000.0,18,0,2,0,0.0
66775,0,0.041943617,58,0,0.041702371,3500.0,21,0,0,0,0.0
66776,0,0.681971385,37,0,0.439247585,5900.0,10,0,2,0,3.0
66780,0,0.024402208999999998,72,0,2.145085803,640.0,14,0,1,0,0.0
66781,0,0.008636284000000001,46,0,0.131408625,13750.0,8,0,1,0,3.0
66782,0,0.287176526,49,0,0.195820082,2200.0,4,0,0,0,0.0
66783,0,0.070518893,59,0,0.064850345,2605.0,5,0,0,0,2.0
66784,0,0.037498125,52,0,267.0,,3,0,0,0,0.0
66785,0,0.9999998999999999,63,0,61907.0,,13,0,6,0,0.0
66787,0,0.095806512,80,0,45.0,,1,0,0,0,0.0
66788,0,0.775383555,51,0,0.160088041,6814.0,4,0,1,3,3.0
66789,0,0.025838966,75,0,0.004498875,4000.0,6,0,0,0,0.0
66792,0,0.933111857,41,0,0.512125535,5607.0,13,0,1,0,0.0
66793,0,0.648590022,48,1,0.665508351,8920.0,11,0,3,0,1.0
66794,0,0.0,31,0,0.189890505,6666.0,5,0,2,0,3.0
66796,0,0.201759648,34,0,0.0045447659999999996,6600.0,1,0,0,0,0.0
66797,0,0.41311302899999996,72,0,5202.0,0.0,16,0,1,0,0.0
66799,0,0.028924598,59,4,0.319568043,10000.0,13,0,2,1,3.0
66800,0,0.21194914199999998,47,0,0.392890206,5400.0,8,0,0,0,2.0
66801,0,0.001272708,53,0,0.29417645600000003,4000.0,10,0,1,0,1.0
66802,0,0.766764577,52,0,0.44649021899999997,6082.0,13,0,2,0,0.0
66803,1,0.641910444,41,1,0.3156379,20833.0,11,0,3,0,0.0
66804,0,0.011456186,71,0,1780.0,,9,0,1,0,0.0
66805,0,0.0,57,0,1309.0,,6,0,1,0,
66806,0,0.064749945,66,0,0.14706417,5500.0,8,0,2,0,0.0
66808,0,0.22853462600000002,41,0,0.45396780600000003,7081.0,7,0,1,0,0.0
66809,0,0.351989702,69,0,0.112977405,5000.0,9,0,0,0,0.0
66810,0,0.9999998999999999,40,0,100.0,,0,0,0,0,1.0
66812,0,0.5564435560000001,27,0,0.008506114,1880.0,1,0,0,0,1.0
66813,0,0.0027396509999999996,71,0,0.249628315,20850.0,5,0,1,0,3.0
66815,0,0.488790684,49,0,0.732504728,3700.0,7,0,1,0,0.0
66816,0,0.027881622999999998,67,1,0.48971502,9333.0,8,0,2,0,4.0
66817,0,0.08901145699999999,47,0,0.077644118,6400.0,3,0,0,0,2.0
66819,0,0.343953788,64,0,0.276180955,4000.0,9,0,1,0,0.0
66821,0,0.06192162,78,2,0.552754073,2577.0,8,1,2,0,1.0
66822,0,0.459194362,44,0,0.219437408,7500.0,6,0,1,0,1.0
66823,0,0.035406439,67,0,0.297608235,3302.0,10,0,1,0,0.0
66824,0,0.01801458,71,0,0.00279944,5000.0,3,0,0,0,0.0
66825,0,0.02362726,61,0,0.22001701199999998,7053.0,13,0,1,0,0.0
66827,1,0.943854792,46,1,0.549358342,4051.0,6,0,0,0,3.0
66828,0,0.397757562,69,0,4977.0,,19,2,2,0,0.0
66829,0,0.150923421,51,1,0.366382649,1290.0,7,0,0,1,4.0
66831,0,0.034332899,30,0,0.23411764699999998,1699.0,2,0,0,0,0.0
66832,0,0.056941779000000005,68,0,0.006306385,11416.0,3,0,0,0,0.0
66833,0,0.325786733,35,0,0.033298916,3873.0,3,0,0,0,2.0
66834,0,0.06466274799999999,57,3,0.080486586,6000.0,6,1,0,1,0.0
66835,0,0.570053743,45,2,0.259914078,6051.0,7,0,0,0,1.0
66837,0,0.783536077,32,0,0.391440175,3200.0,6,0,1,0,1.0
66838,0,0.0,42,0,0.6133193339999999,6666.0,7,0,2,0,0.0
66839,1,0.365023081,39,0,0.727171077,8048.0,21,0,2,0,2.0
66842,0,0.783248417,54,0,0.502018843,5200.0,7,0,1,0,1.0
66843,0,0.39234768700000006,35,0,0.160406886,3833.0,5,0,0,0,0.0
66844,0,0.09424842900000001,41,0,0.444055594,10000.0,7,0,2,0,0.0
66846,0,0.43468197399999997,65,0,0.217715815,7100.0,5,0,1,0,0.0
66849,1,0.7711475059999999,59,3,0.39661746,10228.0,11,4,1,0,0.0
66850,0,0.5904481970000001,58,0,0.387076615,8000.0,12,0,0,0,0.0
66851,0,0.18622208199999998,49,0,0.687273923,3040.0,11,0,1,0,2.0
66852,0,0.137777244,52,0,0.41285956,6500.0,10,0,1,0,4.0
66854,0,0.425923104,64,0,1.040159232,8540.0,18,0,4,0,1.0
66855,0,0.0,68,0,0.0,,2,1,0,0,0.0
66856,0,0.0,51,0,1728.0,,8,0,1,0,0.0
66858,0,0.575090192,46,0,0.43380541899999997,3247.0,14,0,0,0,4.0
66859,0,0.255325629,62,0,0.162729659,8000.0,20,0,0,0,0.0
66860,0,0.000426661,73,1,0.006141428000000001,5698.0,7,0,0,0,0.0
66861,0,0.027749306,84,0,0.015804598,2087.0,2,0,0,0,1.0
66862,0,0.994101455,51,1,0.5990614160000001,4900.0,9,0,1,0,2.0
66863,0,0.42011249799999995,27,0,0.208094849,4891.0,14,0,0,0,0.0
66864,0,0.09881029699999999,54,0,0.203735587,19166.0,15,0,2,0,4.0
66865,0,0.16008883,55,0,0.5367368579999999,6600.0,13,0,2,1,1.0
66866,0,0.04103547,60,0,0.261399299,5416.0,27,0,2,0,0.0
66868,0,0.037498125,72,0,846.0,,5,0,2,0,0.0
66869,0,0.15062795,26,0,0.165566887,5000.0,5,0,0,0,0.0
66871,0,0.9999998999999999,22,98,0.0,,0,98,0,98,0.0
66872,0,0.225897842,69,0,81.0,,1,0,0,0,
66873,0,0.007243125,86,1,0.0006851660000000001,2918.0,4,0,0,0,0.0
66874,0,0.182560635,74,0,600.0,,19,0,0,0,0.0
66875,0,0.967193469,26,0,0.253936516,4000.0,7,0,0,0,0.0
66876,0,0.851044505,41,1,0.406471323,7200.0,12,0,1,0,0.0
66877,0,0.021528145,53,0,0.137805081,6022.0,3,0,1,0,1.0
66878,0,0.304213628,41,0,0.416446684,12500.0,19,0,2,0,3.0
66881,0,0.499304432,62,0,2724.0,,17,0,2,0,0.0
66883,0,0.0030767340000000002,45,0,0.10924190800000001,4695.0,5,0,0,0,1.0
66885,0,0.27069317800000003,54,0,0.486849683,5208.0,13,0,1,1,2.0
66886,0,0.000361748,50,0,1357.0,,4,0,1,0,0.0
66887,0,0.043130587000000005,61,0,3351.0,,7,0,2,0,0.0
66888,0,0.031197202,59,0,0.7434245840000001,1862.0,16,0,0,0,0.0
66889,0,0.907205587,63,2,0.7194071009999999,2900.0,8,1,2,0,0.0
66890,1,0.9999998999999999,30,0,0.142429907,2674.0,2,3,0,0,2.0
66892,0,0.000347796,42,0,754.0,0.0,9,0,1,0,2.0
66893,0,0.140910049,51,0,0.280820592,10333.0,12,0,2,0,3.0
66895,0,0.025201246,67,0,0.546581972,6611.0,11,0,4,0,0.0
66896,0,0.277681715,54,0,5955.0,,9,0,4,0,5.0
66897,0,0.35968653700000003,63,0,2140.0,,5,0,1,0,1.0
66898,0,0.0,61,0,0.51291308,3600.0,8,0,1,0,1.0
66900,1,0.922077922,32,1,0.311280343,2100.0,4,1,0,0,0.0
66901,0,0.870213942,37,0,0.701199771,5250.0,15,0,1,0,0.0
66902,0,0.169441528,67,0,0.320935813,5000.0,7,0,0,0,0.0
66904,0,0.003654482,72,0,0.16344761,4141.0,10,0,0,0,0.0
66906,0,0.252691577,63,0,227.0,,2,0,0,0,0.0
66907,0,0.017255571,39,0,0.163528977,5417.0,4,0,1,0,0.0
66908,0,0.423551675,55,0,0.253439591,13300.0,16,0,1,0,1.0
66909,0,0.005369267,59,0,1783.0,,17,0,2,0,0.0
66910,0,0.270617633,58,0,0.17636415600000002,10500.0,12,0,0,0,0.0
66913,0,0.9999998999999999,34,1,0.132746901,2500.0,3,0,0,0,1.0
66915,0,0.256149619,42,1,0.11993657199999999,6936.0,4,0,0,0,1.0
66916,0,0.010746509,55,0,1.1715951690000002,2400.0,10,0,1,0,0.0
66918,0,0.49820024,80,0,0.037308461,3001.0,1,0,0,0,0.0
66922,0,0.258566152,41,1,0.075984803,5000.0,9,0,0,0,3.0
66923,0,0.737576627,51,1,0.573030777,3833.0,9,0,1,0,0.0
66924,0,0.34844367,46,0,0.13604143900000001,3667.0,4,0,0,0,1.0
66925,0,0.040126543,56,0,0.18292046899999997,7669.0,10,0,2,0,0.0
66926,0,0.0,28,0,0.5566687539999999,1596.0,7,0,1,0,0.0
66927,0,1.155378486,31,2,0.013900381000000002,6042.0,1,6,0,0,1.0
66928,0,0.00017303299999999998,81,0,517.0,,12,0,1,0,0.0
66931,0,0.21044548100000002,44,1,0.367644221,10365.0,16,0,3,0,3.0
66932,0,0.0,26,0,0.238521837,6250.0,5,0,1,0,0.0
66933,0,0.0,30,0,0.07986688900000001,3605.0,5,0,0,0,0.0
66934,0,0.6488757070000001,41,0,0.351774704,6000.0,20,0,0,0,0.0
66935,0,0.055747213,31,0,0.905998209,2233.0,9,0,1,0,1.0
66936,0,0.232884583,77,0,0.877380046,2625.0,15,0,2,0,0.0
66938,0,0.235280278,30,0,0.171295268,4500.0,6,0,0,0,0.0
66939,0,0.055857580999999996,64,0,0.064249276,7252.0,7,0,1,0,0.0
66941,0,0.095533094,44,0,0.12329932,2351.0,4,0,0,0,0.0
66942,0,0.009926708000000001,77,0,0.014855021000000001,7000.0,17,0,0,0,0.0
66943,0,0.09137224199999999,28,0,1400.0,,17,0,1,0,0.0
66944,0,0.103938165,87,0,1194.0,,7,0,1,0,
66945,0,0.204477275,49,0,0.20029995,6000.0,7,0,1,0,2.0
66947,0,0.370132707,58,0,2551.0,,9,0,1,0,0.0
66948,0,0.9999998999999999,60,0,90.0,,4,0,0,0,0.0
66949,0,0.310631858,59,0,0.39533957399999997,5020.0,7,0,1,0,2.0
66950,0,0.007837759,82,0,0.187083888,1501.0,27,0,0,0,0.0
66951,0,0.0,43,0,0.8309641529999999,3235.0,6,0,1,0,0.0
66952,1,0.9999998999999999,31,0,18.0,,0,0,0,0,0.0
66953,0,0.999651592,37,1,0.506301462,5950.0,8,0,1,0,1.0
66955,0,0.262543896,58,0,0.495313086,5333.0,13,0,3,0,0.0
66956,0,0.161657686,40,0,0.33133480600000004,3168.0,10,0,1,0,1.0
66957,0,0.007592311,69,0,0.008920332,3250.0,9,0,0,0,0.0
66958,0,0.080588939,67,0,0.49166666700000006,1199.0,5,0,1,0,0.0
66960,0,0.0,36,0,1309.0,,5,0,1,0,0.0
66963,0,0.02620763,59,0,0.018784345,71335.0,17,0,1,0,0.0
66964,0,0.286196598,50,0,0.071991001,8000.0,9,0,0,0,3.0
66965,0,0.0,28,0,0.0,,2,0,0,0,0.0
66967,0,0.013719071000000001,35,0,0.360271116,1917.0,10,0,1,0,0.0
66970,0,0.0,44,0,0.40163835700000006,8300.0,4,0,2,0,4.0
66971,0,0.247127972,69,1,193.0,,9,0,0,0,0.0
66973,0,0.07246282700000001,65,0,0.404397069,1500.0,16,0,2,0,0.0
66974,0,0.066899337,26,0,0.38119036799999995,2200.0,13,0,0,0,0.0
66975,0,0.019849008,42,0,1908.0,,4,0,1,0,0.0
66976,0,0.030995036,55,0,0.23557325199999998,18333.0,18,0,2,0,1.0
66977,0,0.058665574000000005,61,1,0.070956297,6200.0,20,0,0,1,0.0
66978,0,0.03063562,48,0,0.322041486,6700.0,8,0,1,0,0.0
66980,0,0.0,75,0,0.0,0.0,5,0,0,0,0.0
66981,0,0.0,84,0,0.251884495,17245.0,22,0,2,0,0.0
66982,0,0.022165742999999998,49,0,2950.0,0.0,8,0,2,0,3.0
66985,0,0.11528876,50,0,0.6178613789999999,5900.0,7,0,1,0,3.0
66986,0,0.162929593,41,0,0.077520292,8500.0,6,0,0,0,2.0
66988,0,0.15831236699999998,30,0,0.202084213,7100.0,6,0,0,0,3.0
66990,0,0.13270938300000001,60,0,0.451592755,1600.0,4,0,0,0,0.0
66991,0,0.9999998999999999,46,0,0.25678066,3391.0,7,0,1,0,3.0
66992,0,0.36159601,45,0,0.122949608,6766.0,4,0,0,1,5.0
66993,0,0.022498875,41,0,0.006427041,4200.0,3,0,0,0,0.0
66995,0,0.020122458,57,0,0.669097539,7678.0,10,0,2,0,1.0
66996,0,0.212123019,67,0,0.28241809,4333.0,9,0,1,0,0.0
66997,0,0.135637005,61,0,0.103494825,20000.0,9,0,1,0,0.0
66999,0,0.799390505,64,2,0.454545455,7160.0,13,0,1,0,2.0
67000,0,0.0,55,0,0.125941207,9694.0,9,0,2,0,3.0
67001,0,0.251433891,40,0,0.234161007,8980.0,9,0,0,0,0.0
67002,0,0.5365603529999999,32,0,0.18731671600000002,2727.0,4,0,0,0,1.0
67004,0,0.0,38,0,0.39953161600000003,2134.0,6,0,1,0,0.0
67007,0,0.005190265,73,0,0.248842807,5400.0,16,0,1,0,0.0
67008,0,0.242473845,55,0,0.218346105,8742.0,2,0,1,0,2.0
67009,0,0.509582446,73,0,0.113201999,3400.0,8,0,0,0,0.0
67010,0,0.050341897999999996,75,1,1.472515269,1800.0,15,0,1,0,0.0
67012,0,0.470545216,42,0,6235.0,,11,0,2,0,0.0
67013,0,0.093941016,46,0,0.38040187200000003,3632.0,11,0,0,0,3.0
67017,0,0.76744186,29,1,323.0,0.0,3,1,0,0,0.0
67022,0,1.1259370309999999,42,1,0.107262976,11000.0,4,1,0,1,2.0
67026,0,0.013310276999999999,41,0,0.258575198,7200.0,6,0,1,0,2.0
67027,0,0.10103080099999999,70,0,0.290336405,4666.0,6,0,2,0,0.0
67029,0,0.038367958,29,0,0.202723668,5800.0,7,0,2,0,0.0
67030,0,0.00476292,32,0,0.528152114,5416.0,9,0,2,0,2.0
67031,0,0.118221899,32,0,0.025896414,3011.0,4,0,0,0,0.0
67032,0,0.010501043,47,0,0.00539892,5000.0,6,0,0,0,2.0
67036,0,0.013408275,57,0,976.0,,9,0,1,0,0.0
67037,0,0.9999998999999999,37,0,0.087576375,5400.0,1,0,0,0,0.0
67038,0,1.083944037,25,1,0.381954184,6416.0,4,2,0,0,0.0
67039,1,0.826347305,36,0,0.236488597,3200.0,12,0,0,0,0.0
67041,0,1.000459664,52,0,0.12054329400000001,5300.0,15,0,0,0,1.0
67042,0,0.939378363,63,0,1785.0,,11,0,1,0,0.0
67043,0,0.8820464140000001,45,0,0.505458769,4304.0,14,0,0,0,0.0
67044,0,0.43756243799999994,24,1,0.16958042,2859.0,6,0,0,0,0.0
67047,0,0.094903035,46,0,0.320871206,5830.0,14,0,2,0,2.0
67048,0,0.9999998999999999,27,1,0.0,2000.0,0,0,0,0,0.0
67050,0,0.041827985,79,0,0.006239501,8333.0,15,1,0,0,0.0
67051,0,0.9999998999999999,30,1,0.251968504,2666.0,2,4,0,1,2.0
67052,0,0.0,62,0,0.44993479200000003,6900.0,8,0,2,0,1.0
67053,0,0.07755998,70,0,0.9285357320000001,2000.0,13,0,1,0,0.0
67055,0,0.445866036,41,0,0.389248324,8500.0,12,0,1,0,0.0
67056,0,0.0,53,0,848.0,,11,0,1,0,0.0
67057,0,0.080147965,45,0,0.406246779,9700.0,10,0,3,0,3.0
67058,0,1.021489255,24,0,0.263269639,1412.0,5,0,0,0,0.0
67059,0,0.07781220900000001,46,0,0.354177707,5660.0,11,0,2,0,0.0
67060,0,0.159843264,26,0,0.25793551600000003,4000.0,13,0,0,0,0.0
67061,0,0.149940107,55,0,0.119515539,4375.0,12,0,0,0,0.0
67062,0,0.037546546,48,0,0.269431744,9185.0,9,0,1,0,1.0
67064,0,0.317778815,38,0,0.115276476,3200.0,7,0,0,0,0.0
67065,0,0.133386489,59,2,0.286324786,6551.0,10,0,2,0,0.0
67066,0,0.059758805,50,0,1052.0,,7,0,1,0,0.0
67067,0,0.038515782,30,0,0.0697378,5491.0,5,0,0,0,0.0
67069,1,1.007050529,36,0,0.08876098199999999,3300.0,4,4,0,1,1.0
67070,0,0.6987670779999999,50,0,2.676161919,2000.0,7,0,3,0,3.0
67072,0,0.234026211,41,1,345.0,0.0,4,0,0,0,2.0
67073,0,0.153693684,61,0,4430.0,,5,0,2,0,0.0
67074,0,0.9999998999999999,60,0,0.33533482600000003,9825.0,6,0,2,0,0.0
67075,0,0.001924456,67,0,929.0,,10,0,1,0,0.0
67076,0,0.0021599139999999998,80,0,1.0,,3,0,0,0,
67077,1,0.9020565840000001,50,1,0.426095651,6000.0,17,1,1,2,2.0
67078,0,0.166403851,50,0,0.27597402600000004,7083.0,18,0,1,0,0.0
67079,1,1.025439128,54,6,0.223806752,3435.0,5,2,0,0,1.0
67083,0,0.0,60,0,2956.0,,6,0,2,0,0.0
67084,0,0.6632298839999999,43,0,0.556222146,5833.0,14,0,1,0,2.0
67087,0,0.704197202,44,0,0.39247311799999995,4835.0,3,0,2,0,2.0
67088,0,0.063936165,38,0,0.614718615,2540.0,8,0,1,0,4.0
67089,0,0.253474653,31,0,0.054171969,5500.0,4,0,0,0,1.0
67090,0,0.859367271,47,0,0.47979589,7250.0,14,0,1,0,0.0
67091,0,0.22333927899999997,40,0,0.520571473,12808.0,13,0,5,0,0.0
67093,0,0.326975792,48,1,0.324935013,5000.0,5,0,2,0,2.0
67094,0,0.108544573,65,0,0.5155992,11506.0,9,0,4,0,0.0
67095,0,0.0,26,0,0.0019995,4000.0,1,0,0,0,0.0
67096,0,0.607149014,43,0,0.3944988,5416.0,8,0,1,0,3.0
67097,0,0.9502443359999999,36,1,0.384759525,1600.0,3,0,0,0,1.0
67099,0,0.007199712,71,0,1213.0,,2,0,1,0,0.0
67100,0,0.895961874,51,0,0.512058928,8416.0,5,0,2,1,2.0
67102,0,0.0,29,0,0.573907009,1440.0,8,0,0,0,0.0
67103,0,0.118576587,43,1,0.326304753,8583.0,10,1,1,0,1.0
67107,0,0.0068689680000000005,61,0,187.0,,3,0,0,0,0.0
67108,0,0.729586064,65,0,0.480351965,10000.0,8,0,1,0,2.0
67109,0,0.057323779000000005,28,0,10.0,0.0,1,0,0,0,0.0
67111,0,0.019965875,81,0,1970.0,,19,0,1,0,0.0
67112,0,0.188466885,69,0,0.180092538,8428.0,3,0,1,0,0.0
67114,0,0.077997803,63,0,0.117361785,10309.0,10,0,1,0,0.0
67115,0,0.046162323,64,0,0.347101536,8400.0,10,0,1,0,1.0
67116,0,0.003850563,76,0,0.284738041,2633.0,13,0,1,0,0.0
67117,0,1.04219578,36,1,0.297610427,9666.0,9,0,2,0,3.0
67118,0,0.07465593,68,0,1525.0,,11,0,2,0,0.0
67119,0,0.36533510799999996,39,0,0.405525407,6080.0,11,0,1,0,2.0
67121,0,0.000122805,54,0,80.0,,5,0,0,0,0.0
67122,0,0.413721961,58,1,0.384524559,12703.0,17,0,2,0,0.0
67125,0,0.03656235,61,0,0.21190867,6700.0,6,0,1,0,1.0
67126,0,0.416841192,57,0,0.395026844,7077.0,14,0,1,0,0.0
67128,0,0.04094217,61,0,0.136618472,10166.0,8,0,1,0,0.0
67129,0,0.0,51,0,0.361737585,9000.0,6,0,1,0,2.0
67130,0,0.27520389300000003,48,0,433.0,,3,0,0,0,0.0
67134,0,0.876123876,29,0,0.08589492,4586.0,2,0,0,0,0.0
67137,0,0.9230256579999999,28,0,0.252044835,3300.0,7,0,0,0,0.0
67139,0,0.182945279,37,1,0.5140845070000001,2555.0,13,0,1,0,0.0
67141,0,0.226487417,58,0,0.254094373,12333.0,6,0,2,0,0.0
67143,0,0.048758987000000004,31,0,0.030748077999999998,16000.0,5,0,0,0,0.0
67144,0,0.05042677,71,0,0.230346207,8000.0,13,0,1,0,0.0
67145,0,0.464157149,76,0,0.43177663299999997,6016.0,20,0,2,0,0.0
67146,0,0.095090491,75,0,0.005417956999999999,5167.0,5,0,0,0,0.0
67148,0,0.9853382209999999,33,0,0.21815154,1200.0,2,0,0,0,1.0
67149,0,1.006993007,65,2,3223.0,,13,0,0,2,1.0
67150,0,0.574966988,43,1,1.150631044,6100.0,20,0,2,0,3.0
67151,0,0.160893145,53,0,0.37846846100000003,12000.0,14,0,3,0,0.0
67152,0,0.03794245,73,0,0.48856831799999995,3673.0,9,0,1,0,0.0
67154,0,0.9999998999999999,30,0,147.0,0.0,1,0,0,0,0.0
67156,0,0.071619541,40,0,0.47868284200000005,2884.0,12,0,1,0,1.0
67157,0,0.005420434,56,0,0.43718755,6200.0,12,0,2,0,0.0
67158,0,0.0,67,0,0.191552981,5350.0,8,0,1,0,0.0
67160,0,0.016420903,42,0,1.228238234,2400.0,15,0,2,0,0.0
67161,0,0.0,53,0,0.201612903,5083.0,9,0,0,0,0.0
67163,0,0.0,60,0,8.0,,3,0,0,0,0.0
67165,0,0.147937798,52,0,0.138396046,35000.0,9,0,2,0,0.0
67166,0,0.835223995,50,5,0.40835223,5291.0,12,2,2,4,0.0
67167,0,0.356092843,64,0,2448.0,,5,0,2,0,0.0
67169,0,0.022634306,28,0,0.059379544000000006,4125.0,4,0,0,0,0.0
67170,0,0.017199618,67,0,23.0,,3,0,0,0,0.0
67171,0,0.503874156,45,0,0.535344676,5700.0,8,0,2,0,0.0
67176,0,0.002572637,36,1,2939.0,,11,0,2,0,
67177,1,0.10129554,50,1,0.40941207799999996,7500.0,15,0,2,0,2.0
67178,1,0.9999998999999999,58,0,0.610111592,4390.0,4,0,2,1,1.0
67180,0,0.030416862000000003,48,0,0.222569413,11200.0,8,0,1,0,3.0
67182,0,0.43058435799999994,44,0,0.796116505,6900.0,12,0,3,0,1.0
67183,0,0.212192942,46,0,0.987493203,1838.0,8,0,1,0,0.0
67185,0,0.298900367,71,0,0.015596881000000002,1666.0,1,0,0,0,0.0
67186,0,0.53836973,61,0,0.547857143,13999.0,12,0,4,0,0.0
67187,0,0.021409519,39,0,0.299824407,6833.0,16,0,1,0,0.0
67188,0,0.031962716,60,0,1779.0,,8,0,1,0,0.0
67190,0,0.166629638,26,0,0.185089974,3500.0,6,0,0,0,0.0
67191,0,0.08582478800000001,73,0,0.258310121,5384.0,11,0,2,0,1.0
67192,0,0.0,40,0,0.0,12500.0,5,0,0,0,3.0
67194,0,0.050539402000000004,48,0,0.409402315,4232.0,6,0,1,0,0.0
67195,0,0.80213684,32,1,0.43826473899999996,3595.0,8,0,1,0,1.0
67198,1,0.9999998999999999,23,0,0.174330268,2500.0,2,0,0,0,0.0
67199,0,0.221824687,48,0,0.411703857,6766.0,4,2,2,1,0.0
67201,0,0.02563718,60,0,0.551876742,6100.0,10,0,2,0,2.0
67203,0,0.05526694,77,0,0.291427143,4000.0,16,0,0,0,0.0
67204,0,0.944819737,60,0,0.545379402,6048.0,17,0,2,0,0.0
67205,0,0.9326163670000001,29,1,0.179984072,3766.0,6,0,0,0,1.0
67207,0,0.27951034,60,0,0.400963549,11000.0,13,0,2,0,1.0
67208,0,0.7867791209999999,56,0,6609.0,,13,0,2,0,0.0
67209,0,0.235790568,62,0,2405.0,,6,0,2,0,0.0
67210,0,0.0,56,0,1.0563697859999999,1773.0,8,0,2,0,0.0
67211,0,0.208575309,68,0,0.213216502,2738.0,8,0,0,0,1.0
67213,0,0.8429063440000001,39,0,0.318170457,4000.0,4,0,0,0,2.0
67214,0,0.9993833440000001,41,2,0.9403014679999999,10083.0,15,0,2,0,3.0
67215,0,0.16027751199999998,56,0,0.486425339,1325.0,4,0,0,0,1.0
67216,0,0.364443941,77,0,0.470804671,6250.0,13,0,3,0,0.0
67217,0,0.13059347,60,0,0.129499723,10833.0,4,0,1,0,2.0
67219,0,0.333829273,66,0,0.304878049,5083.0,6,0,1,0,0.0
67220,1,0.386547691,60,0,6827.0,,19,0,4,0,0.0
67222,0,0.007830463000000001,64,0,0.605114096,6178.0,11,0,2,0,0.0
67223,0,0.243471274,72,0,0.135569726,3606.0,2,0,0,0,1.0
67224,0,0.115107914,48,0,0.075498761,7668.0,5,1,0,0,0.0
67227,0,0.15353847,50,0,0.47200863299999996,7412.0,10,0,2,0,2.0
67228,0,0.150899002,60,1,0.1002999,3000.0,4,0,0,0,0.0
67229,0,0.024596287999999997,32,0,0.273968934,7467.0,7,0,1,0,0.0
67231,0,0.30284139,38,1,0.59404423,4566.0,19,0,1,0,1.0
67233,0,0.9999998999999999,56,0,340.0,,5,0,0,1,
67234,0,0.944893909,30,0,0.275189235,5944.0,7,0,0,0,0.0
67235,0,0.132751699,50,0,0.125918704,13333.0,8,0,1,0,0.0
67237,0,0.373492571,61,0,0.44927343,7500.0,9,0,1,0,1.0
67238,0,0.475819499,58,1,3359.0,,19,0,1,0,0.0
67239,0,0.9999998999999999,42,0,4023.0,,2,2,2,0,0.0
67240,0,0.916527784,44,2,1.552023907,3680.0,19,0,1,0,1.0
67241,0,0.0,60,0,0.038464102,15000.0,17,0,0,0,3.0
67242,0,0.309334557,76,1,1.6679561569999999,1550.0,12,0,2,0,0.0
67243,0,0.11309442199999999,56,0,0.37762305399999996,10340.0,14,0,2,0,1.0
67244,0,0.0,50,0,0.293395755,22000.0,12,0,2,0,1.0
67245,0,0.045693406,47,0,0.322557976,11383.0,17,0,2,0,2.0
67246,0,0.0,38,0,0.102305021,3166.0,3,0,0,0,0.0
67247,0,1.269550749,60,2,0.003072197,7160.0,1,0,0,0,0.0
67250,0,0.076498938,43,0,353.5,1.0,10,0,0,0,3.0
67251,0,0.30832821899999996,54,0,0.287832534,4585.0,7,0,2,0,0.0
67252,0,0.9999998999999999,39,0,0.221854305,7549.0,6,0,1,0,1.0
67253,0,0.003649818,68,0,2.0,,1,0,0,0,
67254,0,0.0,59,1,0.224192645,5356.0,11,0,1,0,0.0
67255,0,0.945669098,68,0,1.451612903,2510.0,8,0,2,0,0.0
67256,0,0.990033223,23,0,0.10996334599999999,3000.0,2,0,0,0,0.0
67258,0,1.022792023,38,1,0.028610824,2900.0,2,0,0,0,0.0
67260,0,0.046591232,71,0,0.39061456200000005,5987.0,12,0,1,0,0.0
67261,0,0.015098405,65,0,0.092534903,26000.0,12,0,1,0,1.0
67263,0,0.20900281699999998,43,0,0.296127977,5500.0,9,0,1,0,1.0
67264,0,0.236836259,44,1,0.326094612,8518.0,6,0,1,0,1.0
67266,0,0.085309168,72,0,0.452121751,4500.0,11,0,2,0,0.0
67267,0,0.053270305999999996,46,0,3088.0,,8,0,2,0,
67268,0,0.120641817,60,0,0.308935285,12500.0,14,0,1,0,0.0
67272,0,0.425471819,53,0,0.32498916699999997,30000.0,11,0,2,0,0.0
67273,1,0.90992804,46,4,0.570095534,4500.0,16,1,1,0,0.0
67274,0,0.9357096640000001,52,0,0.638155803,3144.0,8,0,1,0,2.0
67276,0,0.022127072,60,0,0.221613919,13333.0,13,0,2,0,0.0
67278,0,0.056557034000000006,54,0,0.262365018,7500.0,8,0,1,0,1.0
67280,0,0.08914356400000001,50,0,0.400882909,4756.0,15,0,2,0,1.0
67281,1,0.9999998999999999,33,0,123.0,,1,1,0,0,0.0
67285,0,0.595800233,42,1,0.517901453,2820.0,4,0,1,0,2.0
67287,1,0.126516464,27,0,0.7700892859999999,3583.0,8,0,2,0,1.0
67289,0,0.5887747210000001,67,0,0.347972551,8014.0,7,1,1,0,1.0
67292,1,0.237140558,79,0,0.225836217,4334.0,7,0,1,0,0.0
67294,0,0.021569145,47,0,0.201133447,9351.0,14,0,2,0,1.0
67295,0,0.064775203,47,0,0.10968903099999999,10000.0,17,0,1,0,4.0
67296,0,0.801814976,52,2,0.38660809,6600.0,11,0,3,0,0.0
67297,0,0.01340789,43,0,0.27143047600000003,7500.0,7,0,1,0,2.0
67298,0,0.0033645209999999997,47,2,0.515787812,6333.0,17,0,3,0,2.0
67299,0,0.031331318,83,0,0.011342533,35000.0,12,0,0,0,0.0
67300,0,0.0,34,0,0.388481536,7500.0,10,0,2,0,1.0
67301,0,0.9999998999999999,72,0,0.917082917,1000.0,4,0,0,0,0.0
67303,0,0.0,24,0,0.0,2083.0,1,0,0,0,0.0
67304,0,0.0049997190000000006,35,0,1.152705061,4583.0,11,0,4,0,0.0
67305,0,0.310761487,37,0,0.491215575,4211.0,6,0,1,0,0.0
67307,0,0.128244857,47,0,0.611915936,4900.0,8,0,1,0,0.0
67308,0,0.9999998999999999,43,0,0.0,19791.0,0,0,0,0,4.0
67310,0,1.026389444,47,0,0.32041245,5236.0,4,0,1,0,0.0
67311,0,0.01589936,38,0,0.363774221,5934.0,18,0,1,0,3.0
67312,0,0.007749785,62,0,0.04179582,10000.0,9,0,0,0,0.0
67313,0,0.09972906699999999,57,0,0.346474045,4083.0,3,1,0,0,0.0
67314,0,0.03256349,54,0,0.09523185699999999,7633.0,4,0,1,0,0.0
67316,0,0.199745266,45,0,0.134310948,6000.0,14,0,0,0,3.0
67317,0,0.0,33,0,0.043632397,11000.0,15,11,0,0,0.0
67318,0,0.26847529600000003,63,0,0.40644899100000004,7380.0,23,0,2,0,0.0
67319,0,0.020514581,35,0,0.198771232,8300.0,8,0,1,0,1.0
67320,0,0.654754126,44,2,0.7525382009999999,9750.0,8,0,4,0,2.0
67321,0,0.062291435,44,0,0.8711796629999999,3500.0,22,0,2,0,1.0
67322,0,0.045668215,56,0,0.336789901,4435.0,6,0,1,0,2.0
67324,0,0.040778498999999996,51,1,0.004999,5000.0,4,0,0,0,2.0
67325,0,0.405048964,73,0,3633.0,,13,0,1,0,0.0
67326,0,0.59769631,39,0,1746.0,,7,0,1,0,3.0
67327,0,0.024763978,68,0,1.5381319619999998,1166.0,9,0,2,0,0.0
67328,0,0.257194585,65,0,0.460740913,8583.0,18,0,1,0,0.0
67329,0,0.013618938,37,0,0.349051244,8800.0,9,0,2,0,3.0
67330,0,0.09353105199999999,51,0,0.357074843,5250.0,10,0,1,0,0.0
67331,0,0.032416522,46,0,0.451560092,10383.0,10,0,3,0,2.0
67334,0,0.174719442,59,0,0.42720611700000005,9416.0,24,0,0,0,0.0
67335,0,0.7096733209999999,39,0,0.475536595,7500.0,11,0,1,0,2.0
67336,0,0.07670429,74,0,0.11170212800000001,751.0,5,0,0,0,0.0
67338,0,0.9999998999999999,48,0,32.0,,0,4,0,0,0.0
67341,0,0.030815802000000003,37,0,0.335278009,8398.0,11,0,1,0,2.0
67342,0,0.6810331000000001,52,0,0.298069745,9376.0,12,0,2,0,1.0
67343,1,0.769792467,51,0,506.0,,7,0,0,0,0.0
67344,0,0.13315021300000002,61,0,0.225437467,13200.0,13,0,2,0,0.0
67345,0,0.071986251,50,0,0.111368039,16000.0,16,0,2,0,3.0
67346,0,0.62679107,65,0,0.07360136099999999,4700.0,2,0,0,0,0.0
67347,0,0.065966498,67,0,2602.0,,17,0,2,0,0.0
67348,0,0.038968381,77,0,0.07904009099999999,10500.0,19,0,1,0,0.0
67350,0,0.33265969100000004,58,5,0.505785037,19100.0,16,0,3,0,0.0
67351,0,0.518582134,49,0,0.260402882,6800.0,13,0,0,0,0.0
67352,1,0.15782074699999998,63,0,0.362563581,9829.0,17,0,1,0,0.0
67353,0,0.18836506,55,0,0.237850652,7592.0,9,0,2,0,0.0
67356,1,0.591723714,33,0,0.639636364,5499.0,6,0,1,0,0.0
67357,0,0.0,73,0,2104.0,,8,0,1,0,0.0
67358,0,0.035830825,71,0,1466.0,0.0,10,0,2,0,0.0
67359,0,0.013784791999999999,55,0,0.38528687100000003,14204.0,16,0,4,0,0.0
67360,1,0.407310995,51,0,1.2646125959999999,6620.0,23,0,9,0,3.0
67361,0,0.125409371,39,0,0.45132260700000004,11000.0,10,0,2,0,0.0
67362,0,0.41421368399999997,50,0,0.152988232,13000.0,6,0,1,0,0.0
67363,0,0.7332730409999999,32,0,0.34849059,7916.0,10,0,0,0,0.0
67364,0,0.059235275,40,0,0.354751306,5166.0,5,0,1,0,0.0
67366,0,0.013566873,43,0,1899.0,,13,0,1,0,1.0
67367,0,0.137541595,44,0,0.020020188,5943.0,6,0,0,0,0.0
67368,0,0.054806178,38,0,0.322887453,8200.0,7,0,2,0,0.0
67369,0,0.10787420199999999,78,2,581.0,,20,0,0,1,0.0
67371,0,0.656513462,46,0,3721.0,,15,0,2,0,0.0
67372,1,0.9999998999999999,54,3,779.0,,5,2,1,2,
67373,0,0.847472151,69,0,0.455298993,1688.0,3,1,1,0,0.0
67374,0,0.100863305,47,1,0.45888072799999996,9666.0,11,0,2,0,2.0
67375,0,0.0,60,0,0.43178410799999994,2000.0,3,0,1,2,2.0
67376,0,0.5694119000000001,42,0,0.420688933,9550.0,17,0,3,0,1.0
67379,0,0.892222077,36,0,0.377007935,5166.0,5,0,1,0,2.0
67382,0,0.9999998999999999,51,1,0.117840309,7000.0,1,3,0,0,3.0
67383,0,4062.0,55,0,121.0,,1,0,0,0,
67384,0,0.101164733,55,0,3974.0,,21,0,1,0,0.0
67385,0,0.183069882,43,0,0.144838046,9230.0,6,0,1,0,0.0
67386,0,0.12558075800000001,49,0,0.69945179,3100.0,11,0,1,0,2.0
67387,1,0.545021698,64,0,1.199928597,2800.0,23,1,1,0,0.0
67388,0,0.0,34,0,0.31444894100000004,4200.0,4,0,1,0,1.0
67392,0,0.014233296999999999,61,0,0.00230521,4337.0,3,0,0,0,3.0
67393,0,0.013948916,55,0,0.019808581000000002,21000.0,5,0,0,0,1.0
67394,0,0.8941017640000001,52,1,919.0,,4,0,0,0,1.0
67395,0,0.007502644,70,0,0.023990404,2500.0,12,0,1,0,0.0
67396,0,0.051601285,68,0,1.3862045980000002,3000.0,14,0,4,0,1.0
67397,0,0.192386382,45,0,0.240740741,5291.0,12,0,1,0,1.0
67398,1,0.55746007,47,3,0.393866216,4140.0,9,0,2,0,2.0
67399,0,0.052977225999999995,62,0,0.344618242,14000.0,16,1,1,0,0.0
67401,0,0.015256925,67,0,1535.0,,14,0,1,0,0.0
67402,0,0.046233393,51,0,0.29671347,6480.0,13,0,1,0,0.0
67404,0,0.480590733,59,1,0.39940015,4000.0,12,0,0,0,0.0
67408,0,0.406335226,51,0,0.445344567,9257.0,13,0,2,0,0.0
67409,0,0.13291126,55,0,0.251687078,4000.0,9,0,1,0,0.0
67411,0,0.9999998999999999,64,0,0.19455305399999998,14833.0,6,0,1,0,1.0
67412,0,0.428323561,62,0,0.272504356,15496.0,13,0,1,0,0.0
67414,0,0.153267906,51,0,7575.0,,13,0,7,0,0.0
67415,0,0.042798288,46,0,4052.0,0.0,10,0,2,0,0.0
67416,0,0.012288048000000001,79,0,0.023992002999999998,3000.0,5,0,0,0,0.0
67417,0,0.81920904,26,0,56.0,,1,0,0,0,
67418,0,0.001399944,88,0,0.006168899999999999,4700.0,9,0,0,0,0.0
67419,0,0.006571878000000001,47,0,0.302479717,8750.0,13,0,1,0,0.0
67420,0,0.21534722,54,1,0.18956208800000002,5000.0,8,0,1,0,2.0
67421,0,0.005164417,47,0,0.7431795459999999,7000.0,21,0,2,0,0.0
67422,0,0.187620217,42,1,0.205752603,5666.0,13,0,0,0,0.0
67423,0,0.08590557300000001,77,0,0.047804970999999995,10500.0,7,0,0,0,0.0
67424,0,0.73215119,50,0,0.574994,4166.0,3,0,2,0,2.0
67425,0,0.101934315,55,0,0.181896108,5832.0,4,0,1,0,1.0
67426,0,0.010490837,67,0,0.256912653,5460.0,14,0,1,0,1.0
67427,0,0.179225721,53,0,0.18996209,12133.0,15,0,2,0,0.0
67428,0,0.042508258,54,0,0.26349029399999996,10766.0,9,0,2,0,0.0
67429,0,0.015170898,54,0,0.25160714300000003,5599.0,8,0,1,0,0.0
67430,0,0.389287024,58,1,4492.0,,9,0,2,0,0.0
67432,0,0.90817725,46,1,2167.0,,7,0,1,0,2.0
67435,0,0.491120154,44,0,0.6800914020000001,3500.0,14,0,1,0,1.0
67436,0,0.130486908,73,0,141.0,,7,0,0,0,0.0
67437,0,0.074616596,51,0,0.29616724699999997,6600.0,13,0,1,0,0.0
67438,0,0.00014999299999999999,28,0,0.133682024,13000.0,6,0,2,0,0.0
67440,0,0.653795119,48,0,0.360909773,4000.0,5,0,0,0,1.0
67441,0,0.9999998999999999,45,0,0.24863904,9000.0,1,0,1,0,3.0
67442,0,0.06309743599999999,56,0,0.164628786,12512.0,13,0,1,0,0.0
67444,0,0.843630303,46,0,0.376749767,7500.0,12,0,1,0,4.0
67445,0,0.445821772,51,0,0.421365462,6224.0,7,0,2,0,2.0
67446,0,0.27565137,38,0,0.59435771,3650.0,10,0,0,0,1.0
67447,0,0.018689139,40,0,0.004315335,9500.0,5,0,0,0,0.0
67448,0,0.020500642,53,0,0.299935548,17066.0,13,0,2,0,1.0
67449,0,0.014643973999999999,57,0,0.253120666,1441.0,26,0,0,0,0.0
67450,0,0.120244349,69,0,0.47303196700000005,7100.0,8,0,2,0,1.0
67452,1,1.601328904,55,1,0.135104256,3500.0,2,0,0,0,1.0
67454,0,0.189620758,30,0,2293.0,,3,0,1,0,0.0
67455,0,0.506078055,65,0,0.634390174,3500.0,6,0,0,0,0.0
67456,0,0.019433433,43,0,0.172389737,12900.0,12,0,1,0,3.0
67460,0,0.276221037,36,0,0.539596889,6300.0,11,0,1,5,2.0
67461,0,0.9029365690000001,52,0,0.508039357,12500.0,6,0,2,0,3.0
67462,0,0.007669779,67,0,0.143563244,4450.0,5,0,1,0,0.0
67463,0,0.0,58,0,0.167811495,11500.0,4,0,1,0,0.0
67464,0,0.582235541,37,0,0.310567605,6500.0,11,0,0,0,2.0
67466,0,0.022959631,48,1,2584.0,,14,0,2,0,0.0
67467,0,0.008987977,56,0,0.562839966,3492.0,5,0,1,0,0.0
67469,0,0.050070283,76,0,82.0,,7,0,0,0,0.0
67470,0,0.239725539,48,0,0.158526135,3500.0,8,0,0,0,0.0
67471,0,0.023572659,71,0,0.290059539,7725.0,14,0,1,0,0.0
67472,0,0.063410454,40,0,0.35714285700000004,2855.0,2,0,1,0,1.0
67475,0,0.612442235,48,0,0.599168183,3846.0,7,0,1,0,1.0
67476,0,0.012426581,33,0,0.35107940000000004,5465.0,8,0,1,0,1.0
67479,0,1.131474104,38,2,0.341407151,2600.0,6,0,0,0,2.0
67480,0,0.35136223299999997,50,0,0.344827586,2000.0,5,0,1,0,0.0
67481,0,0.811367895,27,1,0.170320941,3146.0,4,1,1,0,0.0
67482,0,0.0,66,0,0.010189506,10500.0,2,0,0,0,0.0
67483,0,0.609475105,51,0,0.314360691,11050.0,8,0,2,0,0.0
67484,0,0.025097336,58,0,0.25649350600000004,2771.0,9,0,1,0,0.0
67487,0,0.04475079,56,0,51.0,,4,0,0,0,0.0
67491,0,0.9999998999999999,58,0,0.334016898,12190.0,7,0,2,0,2.0
67493,0,0.025402658999999998,29,0,0.270162186,4500.0,4,0,1,0,2.0
67494,0,0.5250724929999999,45,0,0.445216159,7054.0,16,0,2,0,3.0
67495,0,0.6291975670000001,41,1,0.220289855,7934.0,11,0,2,0,2.0
67496,0,0.101220735,41,0,0.39627629,8700.0,17,0,1,0,2.0
67497,0,0.059998995,64,0,107.0,,5,0,0,0,0.0
67498,0,0.121054027,67,1,0.076604407,28000.0,7,0,2,0,1.0
67499,0,0.020144113,69,0,0.014637629,2800.0,9,0,0,0,0.0
67501,0,0.946258678,40,0,4321.0,,12,0,2,0,0.0
67503,0,0.6188584779999999,57,0,0.372451409,23100.0,18,0,3,0,0.0
67505,0,0.0,41,0,0.20362763600000003,21666.0,6,0,2,0,2.0
67506,0,0.040461636,59,0,70.0,,8,0,0,0,0.0
67507,0,0.117759284,71,0,0.314791403,1581.0,16,0,0,0,0.0
67508,0,0.43173650799999996,46,1,0.361235074,8290.0,5,0,1,0,1.0
67509,0,0.9999998999999999,33,0,0.013493253,2000.0,0,0,0,0,0.0
67510,0,0.0,73,0,0.37406184299999995,3330.0,5,0,1,0,0.0
67511,0,0.274286446,42,0,0.267497728,7700.0,14,0,1,0,0.0
67512,1,0.088119566,49,1,0.35629801200000005,8200.0,18,0,2,0,0.0
67513,0,0.057377675,48,0,3401.0,,6,0,1,0,0.0
67514,0,0.034643571,24,0,1.0,,1,0,0,0,0.0
67515,0,0.326326546,38,0,0.532124468,13400.0,14,0,5,0,2.0
67516,0,0.09084253699999999,59,1,0.26363827100000004,9531.0,9,0,1,0,0.0
67517,0,0.36092977600000004,54,0,0.46029375200000006,4016.0,5,0,1,0,2.0
67518,0,0.024581466,61,0,0.082669323,4015.0,12,0,0,0,0.0
67519,0,0.00908896,54,0,0.378749605,6333.0,7,0,1,1,2.0
67521,0,0.623580005,64,0,0.71688052,6000.0,7,0,1,0,0.0
67522,0,0.259592583,35,0,0.570595457,6515.0,11,0,4,0,0.0
67523,0,0.261970111,61,0,0.420115375,7973.0,16,0,1,0,0.0
67524,0,0.002400598,35,0,0.157168566,6667.0,11,0,1,0,3.0
67525,0,0.011520873000000001,45,1,17.0,,6,0,0,0,0.0
67527,0,0.0,22,0,0.0,,1,0,0,0,0.0
67528,0,0.9999998999999999,49,0,0.632670916,8000.0,5,0,2,0,1.0
67529,0,0.093708931,78,1,49.0,,6,0,0,0,0.0
67530,0,0.303839438,63,0,0.152729786,15916.0,7,0,2,0,1.0
67531,0,0.762538774,48,0,0.599581856,11000.0,14,0,2,0,2.0
67532,0,0.21341637600000002,54,0,0.233485799,9400.0,4,0,1,0,0.0
67533,0,0.8349376909999999,29,0,374.0,,6,0,0,0,0.0
67534,0,0.007349474,93,0,0.225193702,4000.0,5,0,1,0,0.0
67535,0,0.978907188,44,2,0.522067439,7680.0,14,0,2,0,4.0
67536,0,0.605577689,72,2,0.143986287,10500.0,10,0,1,0,0.0
67538,0,0.373755612,40,0,0.396920616,5000.0,5,0,1,0,0.0
67540,0,0.8770122990000001,46,0,0.207771094,6150.0,3,0,1,0,0.0
67542,0,0.480318996,69,0,0.541743043,6000.0,23,0,2,0,0.0
67544,0,0.06361134,58,0,1876.0,,8,0,2,0,0.0
67545,0,0.218142549,31,0,0.133594832,4333.0,5,0,0,0,0.0
67549,0,0.019405952,75,0,571.0,,9,0,0,0,0.0
67550,0,0.16157253800000002,40,0,0.19688045399999998,9167.0,7,0,1,0,2.0
67551,0,0.012781035,57,0,0.001566171,16600.0,9,0,0,0,0.0
67552,0,0.9999998999999999,63,0,0.046051415,5406.0,1,1,0,0,0.0
67553,0,0.041162287,43,0,0.34242768700000004,7916.0,14,0,1,0,2.0
67554,0,0.625460437,61,0,0.349980754,20783.0,8,0,2,0,0.0
67555,0,0.014174646,72,0,0.250816572,5816.0,6,0,2,0,0.0
67556,0,0.024932225,84,0,0.002157206,7416.0,3,0,0,0,0.0
67557,0,0.045023537999999995,61,0,0.679503796,5400.0,12,0,2,0,0.0
67560,0,0.886254062,50,0,0.668472373,2768.0,7,0,1,0,0.0
67562,0,0.002181752,59,0,0.677153778,3400.0,3,0,1,0,0.0
67563,0,0.018458411,65,0,0.006206041,2416.0,8,0,0,0,0.0
67564,0,0.9999998999999999,25,0,520.0,,1,0,0,0,
67565,0,0.021968141,48,0,1.002998501,2000.0,14,0,1,0,1.0
67566,0,0.366711326,46,0,0.502625164,10665.0,8,0,2,0,4.0
67567,0,0.009999401,61,0,0.196189132,4250.0,6,0,1,0,0.0
67568,0,0.032228402999999996,49,0,0.369408876,5700.0,5,0,2,0,1.0
67569,0,0.130986901,84,0,760.0,,3,0,1,0,0.0
67570,0,0.89364648,38,0,0.337640761,5416.0,7,0,1,0,0.0
67571,0,0.99743766,61,2,0.9010838040000001,6550.0,11,2,2,4,0.0
67572,0,0.037036057000000004,51,0,0.31029597,6351.0,10,0,2,0,3.0
67574,1,0.9999998999999999,54,0,0.073403129,8500.0,1,3,0,0,3.0
67575,0,0.38089272799999996,43,0,0.86,4899.0,7,0,2,0,2.0
67576,0,0.012122451999999999,63,0,0.56686799,2317.0,6,0,0,0,0.0
67577,0,0.37561428799999996,65,0,0.44831196,11462.0,14,0,3,0,1.0
67579,0,0.01849013,50,0,0.426735219,3500.0,9,0,1,0,0.0
67580,0,0.017267872,54,0,344.0,,7,0,0,0,0.0
67583,0,0.9999998999999999,48,0,0.059217703,6416.0,0,0,0,0,0.0
67584,0,0.026193007,48,0,0.229721285,8000.0,8,0,1,0,3.0
67585,0,0.5596396029999999,68,0,0.26478149100000004,3500.0,3,0,0,0,0.0
67587,0,0.0,48,0,0.49941676399999996,6000.0,13,0,1,0,2.0
67588,0,0.0,41,0,0.18119094,20000.0,10,0,1,0,2.0
67589,0,0.7256339829999999,44,0,2122.0,,5,0,1,0,0.0
67590,0,0.046981825,63,0,2329.0,,7,0,1,0,0.0
67591,0,0.7514248579999999,68,0,0.47824382600000004,2550.0,4,0,0,0,0.0
67592,0,0.465469856,50,1,0.361975252,8646.0,8,0,1,0,0.0
67593,0,0.9999998999999999,90,0,0.0,2226.0,6,0,0,0,1.0
67594,1,0.6246144060000001,44,0,0.689144428,16000.0,30,0,4,0,1.0
67595,0,0.9999998999999999,30,0,0.083518436,2250.0,3,0,0,0,0.0
67596,0,0.07900122799999999,62,0,0.32348869399999997,6500.0,12,0,2,0,0.0
67597,0,0.05353468,44,0,0.12078697,6200.0,6,0,1,0,2.0
67598,0,0.0,36,0,0.38168177600000003,3198.0,5,0,1,0,1.0
67601,0,0.042676665999999995,74,0,0.402764067,2025.0,8,0,2,0,0.0
67602,0,0.037971296,71,0,0.043316535,8333.0,6,0,0,0,0.0
67604,0,0.555288942,30,0,0.34463365100000004,6400.0,4,0,1,0,0.0
67605,0,0.037992402,65,0,0.0017850770000000001,2800.0,1,0,0,0,0.0
67606,0,0.831622765,46,0,0.577320955,7539.0,8,0,2,0,3.0
67607,0,0.048843695,56,0,0.216506678,9583.0,10,0,1,0,0.0
67608,0,0.0,30,0,0.797225187,1873.0,5,0,1,1,0.0
67609,0,0.149550374,51,0,0.478805652,3750.0,17,0,1,0,2.0
67610,0,0.0,52,0,0.37286886,10850.0,16,0,4,0,0.0
67611,0,0.01875693,47,0,5969.0,,12,0,2,0,0.0
67612,0,0.807498917,41,0,0.456116529,8100.0,9,1,1,0,2.0
67613,0,0.30860914899999997,58,0,4119.0,,14,0,2,0,0.0
67614,0,0.7843461159999999,78,1,0.37004499700000004,14000.0,9,0,2,0,1.0
67615,0,0.031006466,57,0,0.112275021,10500.0,33,0,2,0,0.0
67616,0,0.013527421999999999,26,0,0.159868026,3333.0,8,0,1,0,0.0
67618,0,0.45545747700000005,30,0,0.31103421800000003,2600.0,13,0,0,0,0.0
67619,0,0.610246325,60,0,3283.0,,9,0,1,0,0.0
67620,0,0.156790756,56,0,0.08350239400000001,12322.0,15,0,1,0,0.0
67623,0,0.840342591,34,0,0.255870323,6600.0,6,0,0,0,2.0
67624,0,0.035538929,52,0,0.014623172,8000.0,8,0,0,0,1.0
67625,0,0.761768902,29,0,0.149712572,4000.0,3,0,0,0,2.0
67626,0,0.055659825,52,0,0.296486718,3500.0,8,0,1,0,0.0
67627,0,0.037902844,49,0,0.40677483600000003,7025.0,7,0,2,0,0.0
67629,0,0.025260894,43,0,1.467440361,1550.0,14,0,3,0,3.0
67630,0,0.9999998999999999,40,0,0.150645624,3484.0,2,0,0,0,1.0
67631,0,0.555544446,44,0,0.02312211,8000.0,2,0,0,0,2.0
67632,0,0.0,59,0,0.0,,2,0,0,0,0.0
67633,0,0.649629977,67,2,0.48052168,11807.0,23,1,1,0,1.0
67636,0,0.858142065,35,1,0.7474175270000001,3000.0,11,0,1,0,1.0
67637,0,0.000847949,60,0,0.000249938,4000.0,11,0,0,0,0.0
67638,0,0.049288797999999995,76,0,0.008277452,9543.0,7,0,0,0,0.0
67642,0,0.0,63,0,0.0,5134.0,2,0,0,0,0.0
67643,0,0.310852951,46,0,0.182726327,4804.0,8,0,0,1,2.0
67644,0,0.8118473509999999,65,0,3235.0,,5,0,2,0,0.0
67646,0,0.0,47,0,1415.0,,4,0,1,0,0.0
67647,0,0.704750958,42,0,1610.0,,7,0,1,0,1.0
67648,0,0.126013446,46,0,0.986805278,2500.0,13,0,2,0,0.0
67649,0,0.45467652700000005,41,0,0.21040939399999997,3150.0,6,0,0,0,1.0
67650,0,0.431678864,38,0,0.65445494,7833.0,14,0,1,0,2.0
67651,1,0.448651924,27,1,0.075538769,4500.0,6,0,0,0,0.0
67653,0,0.033476805,60,0,0.151231096,8000.0,7,0,1,0,1.0
67654,0,0.15657526,57,0,0.583633309,12500.0,14,0,3,0,4.0
67655,0,0.139916183,66,0,57.0,,1,0,0,0,
67656,0,0.7886299790000001,50,0,0.083059966,15241.0,2,0,1,0,0.0
67657,0,0.222526298,65,0,0.44369510700000003,6375.0,15,0,1,0,1.0
67658,0,0.461668284,68,0,0.550955973,5700.0,10,0,2,0,0.0
67659,1,0.92563818,41,3,0.220214432,8300.0,9,0,1,0,3.0
67660,1,0.833701048,46,0,2908.0,,12,0,1,0,2.0
67663,0,0.0014339079999999998,83,0,1.0,,8,0,0,0,
67664,0,0.024367505,65,0,648.0,,9,0,1,0,1.0
67665,0,0.081855753,54,0,0.296599627,9645.0,7,0,1,0,0.0
67666,0,0.017488256,64,0,0.152738235,5970.0,22,0,1,0,0.0
67667,0,0.708033428,47,0,0.785454545,2474.0,4,0,0,0,1.0
67668,0,0.028105917,79,0,31.0,,4,0,0,0,0.0
67669,0,0.179994194,52,0,0.44732221200000005,6833.0,6,0,1,0,2.0
67672,1,1.168010319,33,4,0.22697187,3625.0,10,1,0,0,0.0
67673,0,0.0,29,0,223.0,,5,0,0,0,0.0
67674,0,0.004466369,88,0,2.0,,4,0,0,0,0.0
67675,0,0.041398455,65,0,0.01580818,18850.0,6,0,1,0,1.0
67677,0,0.320946726,59,0,0.843260188,4146.0,15,0,3,0,1.0
67678,1,0.0,53,4,0.050532605999999994,234600.0,17,1,6,1,0.0
67679,0,0.002698556,68,0,7.0,,6,0,0,0,0.0
67680,1,0.9999998999999999,57,0,0.293761357,1650.0,3,0,0,0,1.0
67682,0,0.0,36,0,0.6735395190000001,3200.0,4,0,1,0,2.0
67683,0,0.9999998999999999,28,1,0.20655425600000002,7353.0,6,0,1,0,0.0
67684,0,0.12901779,48,0,0.22752898600000002,9400.0,8,0,2,0,0.0
67685,0,0.062823402,63,0,0.075611846,10500.0,11,0,0,0,0.0
67687,0,0.030106481,50,0,0.330037439,20833.0,8,0,2,0,2.0
67688,0,0.154072389,38,0,0.26750788600000003,7924.0,8,0,2,0,4.0
67689,0,0.33796620299999997,64,0,0.275272162,4500.0,4,0,1,0,1.0
67690,0,0.061552036,30,0,966.0,,9,0,1,0,3.0
67691,0,0.003658358,63,0,1056.0,,6,0,1,0,0.0
67692,0,0.661333469,61,0,0.314033217,6562.0,14,0,1,0,0.0
67694,0,0.006686344,39,0,0.503748126,2000.0,4,0,1,0,1.0
67698,0,0.095616441,67,0,0.081833453,8333.0,15,0,0,0,0.0
67699,0,0.102178302,49,0,1608.5,1.0,14,0,1,0,2.0
67701,0,0.011510548999999998,65,0,0.403955116,9000.0,16,0,2,0,1.0
67702,0,0.0,52,0,0.558723885,7083.0,4,0,1,0,2.0
67703,0,0.005114972,50,0,0.11922569300000001,4545.0,13,0,1,0,0.0
67704,0,1.032258065,33,0,0.863912515,2468.0,6,0,1,0,2.0
67705,0,0.9999998999999999,77,0,0.251304529,4790.0,3,0,1,0,1.0
67706,0,0.9597334559999999,32,1,0.228636182,7500.0,7,0,0,0,2.0
67707,0,0.46882793,36,0,0.236704525,5546.0,5,0,1,0,2.0
67708,0,0.401418053,42,0,0.476652335,10000.0,9,0,4,0,0.0
67709,0,0.731199423,33,0,0.413445058,5250.0,9,0,2,0,0.0
67710,0,0.875164993,40,0,0.302424394,4000.0,2,0,0,0,1.0
67711,0,0.239335537,53,0,264.0,,4,0,0,0,0.0
67712,0,0.0,42,0,0.497727961,3300.0,6,0,2,0,0.0
67713,0,0.822611262,68,0,1.030437001,5880.0,27,0,1,0,5.0
67715,0,0.266396308,38,0,215.0,,6,0,0,0,0.0
67717,0,0.049392443,62,0,1208.0,,10,0,1,0,0.0
67718,0,0.46988194299999997,59,1,0.559342262,7540.0,13,0,1,0,2.0
67719,0,0.031276909,49,0,2119.0,,8,0,2,0,3.0
67720,0,0.091986601,42,0,0.355755028,8800.0,8,0,2,0,1.0
67721,0,0.39568220600000004,49,0,0.693959166,4750.0,15,0,1,0,2.0
67722,0,0.815984809,43,5,0.914496185,3800.0,12,1,2,0,2.0
67723,0,0.048362412,31,0,0.0014442839999999999,9000.0,4,0,0,0,0.0
67724,0,0.007474813,74,0,0.0019995,4000.0,2,0,0,0,0.0
67725,0,0.21025493,52,0,0.295478894,9333.0,8,0,2,0,2.0
67727,0,0.02005657,95,0,0.002896552,7249.0,2,0,0,0,1.0
67729,0,0.032560637999999996,58,0,0.269053118,6061.0,5,0,1,0,2.0
67730,1,1.059788042,41,2,0.271556658,10483.0,7,2,1,0,3.0
67731,0,0.9999998999999999,67,0,0.264404104,1266.0,1,0,0,0,0.0
67733,0,0.721739921,47,0,0.31574056899999997,5380.0,6,0,1,0,0.0
67734,0,0.06609076400000001,83,0,33.0,,2,0,0,0,
67736,0,0.057848554,72,0,0.004139917,16666.0,6,0,0,0,0.0
67737,0,0.02050286,72,0,0.006797281,2500.0,4,0,0,0,0.0
67738,0,0.323744949,28,0,0.021563342000000003,11500.0,9,0,0,0,0.0
67740,0,0.0,46,6,0.240104393,9195.0,13,1,2,0,4.0
67742,0,0.528930762,42,0,0.20549847300000001,3600.0,5,0,0,0,3.0
67743,0,0.235392154,68,0,0.120987901,10000.0,6,0,0,0,0.0
67744,1,0.0,65,1,0.369950989,11833.0,8,1,1,0,1.0
67745,0,0.8502994009999999,50,0,0.355859276,3950.0,5,2,1,0,0.0
67746,1,0.956910527,42,1,0.354411397,4000.0,10,0,0,0,0.0
67747,0,0.34590552,62,0,0.493168944,3000.0,16,0,0,0,0.0
67748,0,0.636781295,58,0,3076.0,,8,0,1,0,2.0
67749,0,0.328528148,83,0,0.463089485,6000.0,6,0,2,0,0.0
67750,0,0.21457854199999998,72,0,0.217731421,2300.0,2,0,1,0,0.0
67751,0,0.9999998999999999,21,98,0.0,400.0,0,98,0,98,0.0
67752,0,0.067637557,71,0,0.14239394800000002,3700.0,8,0,0,0,1.0
67753,0,0.09957834900000001,43,2,0.37993974799999997,5642.0,10,0,2,0,0.0
67754,0,0.016851968000000002,40,0,0.6651283,5416.0,15,0,1,0,2.0
67755,0,0.0,91,0,0.0,,4,0,0,0,
67757,0,0.283216245,42,6,0.531273436,6666.0,8,0,1,0,3.0
67761,0,0.447363333,61,0,0.298582996,2963.0,6,0,0,0,0.0
67762,0,0.088801724,66,0,0.58231441,9159.0,16,0,2,0,0.0
67765,0,0.187068708,79,1,0.588865781,6250.0,21,0,2,0,0.0
67767,0,0.606321236,29,0,0.119348618,4666.0,7,0,0,0,0.0
67768,0,0.030624234,70,0,0.256783776,3500.0,9,0,1,0,0.0
67771,0,0.254793554,25,0,1.144244105,720.0,5,0,0,0,0.0
67772,0,0.028939062,68,0,2387.0,,7,0,1,0,1.0
67773,0,0.0,43,0,534.0,,3,0,1,0,0.0
67775,0,0.6007560510000001,45,0,323.0,,6,0,0,0,0.0
67777,1,0.699283852,54,0,0.697257114,3900.0,15,0,1,0,2.0
67779,1,0.98960104,34,1,0.19130145,6000.0,5,0,0,1,3.0
67781,0,0.9999998999999999,73,0,0.016053979,4297.0,1,0,0,0,2.0
67782,0,0.002249859,62,0,1.0,,8,0,0,0,0.0
67784,0,0.053223981,66,0,0.3239,9999.0,7,0,1,0,1.0
67785,0,0.136265153,60,0,0.262126961,9750.0,10,0,2,0,2.0
67786,0,0.022965776,60,0,1994.0,,6,0,2,0,
67787,0,0.038189036,65,0,22.0,,5,0,0,0,
67788,0,0.069148271,63,0,0.32107724600000004,6200.0,19,0,1,0,1.0
67789,0,0.097433875,68,0,0.16467996199999999,17700.0,6,0,2,0,0.0
67790,0,0.46345121799999994,63,0,0.19216660800000002,8450.0,4,0,1,0,0.0
67793,1,0.9582605940000001,46,0,651.0,,4,0,0,0,0.0
67794,0,0.101277535,45,2,0.25539379100000004,5700.0,12,0,1,0,3.0
67796,0,0.904670964,74,2,0.629014989,7471.0,15,0,2,0,0.0
67797,0,0.9999998999999999,74,0,0.277925425,12416.0,9,0,1,0,1.0
67799,0,0.161526484,38,0,0.440132755,7833.0,10,0,2,0,2.0
67801,0,0.157211873,37,0,0.098196751,5600.0,6,0,0,0,0.0
67802,0,0.9999998999999999,42,0,1.197086547,2333.0,2,0,1,0,1.0
67803,1,0.9999998999999999,36,0,0.009327115,1500.0,0,4,0,0,0.0
67805,0,0.9999998999999999,41,1,0.592472421,3081.0,3,0,1,0,3.0
67806,0,0.0,38,0,0.6845436020000001,9322.0,18,0,4,0,1.0
67807,0,0.028321514,43,0,0.263783207,7490.0,10,0,1,0,3.0
67809,0,0.718943158,46,0,0.292065518,4700.0,8,0,1,0,2.0
67810,1,0.5401505,30,0,0.143818496,5200.0,8,0,0,2,5.0
67811,0,0.716283716,46,0,0.389372947,7000.0,9,0,2,0,0.0
67813,0,0.164062633,42,1,0.28137265899999997,8916.0,12,0,2,0,3.0
67814,0,0.221894163,38,0,0.048968171,14294.0,6,0,0,0,0.0
67815,0,0.011108453999999999,50,0,2097.0,,5,0,2,0,0.0
67816,0,0.00078734,86,0,0.0,,4,0,0,0,0.0
67817,0,0.0,58,0,2215.0,,7,0,2,0,0.0
67819,0,0.048641428,51,0,0.062946386,10500.0,7,0,0,0,1.0
67821,0,0.47758806,55,0,0.047879844000000005,12050.0,5,0,0,0,0.0
67822,0,0.065102534,60,0,0.006313258,9978.0,6,0,0,0,0.0
67823,0,0.038802339,55,0,0.185662005,15301.0,12,0,1,0,2.0
67825,0,0.003804992,53,0,0.236160349,7333.0,10,0,1,0,1.0
67828,1,0.9999998999999999,60,0,0.243668355,3750.0,2,1,0,2,0.0
67829,0,0.0058323609999999994,52,0,3.2298850569999997,434.0,2,0,1,0,0.0
67831,0,0.034802393,37,0,0.47654496,8462.0,15,0,2,0,0.0
67833,0,0.08499336,50,0,851.0,,4,0,1,0,2.0
67834,0,0.213391408,64,0,0.448906965,5900.0,12,0,1,0,0.0
67835,0,0.269103439,40,0,906.0,,9,0,0,0,0.0
67836,0,0.09069180199999999,64,0,2176.0,,15,0,1,0,2.0
67837,0,0.071745333,72,0,0.154918668,1290.0,17,0,0,0,0.0
67838,0,0.490614779,57,0,6100.0,,11,0,3,0,1.0
67839,0,0.0,51,0,0.290182005,3900.0,7,0,1,0,2.0
67840,0,0.749712345,50,2,2856.0,,17,0,2,1,0.0
67841,0,0.16277328300000002,89,0,0.062487795,5120.0,7,0,0,0,0.0
67844,0,0.021349401,70,0,0.145185591,7300.0,21,0,0,0,0.0
67845,1,0.04394387599999999,70,1,91.0,,11,0,0,0,0.0
67846,1,0.149351202,54,0,0.406673209,5094.0,14,1,1,0,1.0
67849,0,0.069843324,49,0,0.140173598,7718.0,8,0,0,0,2.0
67850,0,0.185553666,48,0,0.312034398,20000.0,12,0,1,0,2.0
67852,0,0.013362421999999999,64,0,13.0,,2,0,0,0,0.0
67853,0,0.137724551,27,0,0.159694817,3800.0,4,0,0,1,3.0
67854,0,0.9999998999999999,42,0,0.28051047,8070.0,5,0,1,1,0.0
67855,0,0.034927323999999996,36,0,0.136140504,9166.0,5,0,1,0,5.0
67856,0,0.12999846,65,1,0.357634994,6240.0,8,0,2,0,0.0
67857,0,0.0,60,0,0.378928531,8940.0,15,0,2,0,2.0
67858,0,0.817114702,50,0,0.6784599379999999,960.0,6,0,0,0,0.0
67859,0,1.297523416,59,0,0.356400706,5100.0,7,0,0,0,0.0
67861,0,0.095078716,39,0,0.142095441,3750.0,6,0,1,0,0.0
67862,0,0.0,44,1,0.253874613,10000.0,10,0,1,0,3.0
67864,0,0.0,65,0,1256.0,0.0,7,0,1,0,0.0
67870,0,0.025029441,69,0,1511.0,,4,0,1,0,
67874,0,0.9999998999999999,59,0,0.0,,0,0,0,0,0.0
67878,0,0.007138446999999999,59,0,0.28607859,8626.0,11,0,2,0,3.0
67879,0,0.185423743,73,0,0.33726201299999997,7720.0,16,0,2,0,0.0
67880,0,0.13178757800000002,45,1,0.33898921299999996,8250.0,8,0,1,0,2.0
67882,0,0.9302325579999999,50,0,0.412409022,13876.0,17,0,2,0,1.0
67883,0,0.7887820209999999,59,0,0.83804878,2049.0,9,0,2,0,0.0
67885,0,0.012470573,29,0,0.387893036,3402.0,9,0,1,0,0.0
67886,0,0.512379933,59,0,0.449341968,9573.0,18,0,2,0,1.0
67887,0,0.442054424,56,1,0.313699825,9167.0,9,0,2,0,0.0
67888,0,0.145885776,47,0,0.364143704,8600.0,11,0,3,0,4.0
67890,0,0.719809637,49,0,0.369359454,9085.0,9,0,2,0,3.0
67891,0,0.95566447,53,0,0.564831261,1688.0,6,0,0,0,0.0
67892,0,0.023990404,30,0,0.466133467,4000.0,4,0,1,0,0.0
67893,0,0.128303995,39,0,0.330572401,6760.0,10,0,1,0,3.0
67894,0,0.009481124,32,0,0.131116208,2615.0,5,0,0,0,0.0
67895,0,0.6711769209999999,61,0,0.35138420000000004,7404.0,16,7,0,1,0.0
67896,0,0.40522090299999997,42,1,538.0,,6,0,0,0,0.0
67897,0,0.51089782,70,0,3455.0,,9,0,2,0,1.0
67900,0,0.781095854,56,4,440.0,,15,0,0,1,0.0
67901,0,0.35520684700000005,43,0,0.171603893,9451.0,6,0,1,0,0.0
67902,0,0.914678043,49,0,0.49615829899999997,9500.0,8,0,2,0,2.0
67903,0,0.209505351,39,0,0.666111296,3000.0,18,0,2,0,0.0
67904,0,0.56508134,39,0,0.271790066,3200.0,10,0,0,0,1.0
67905,0,0.065645594,56,1,0.27524639300000003,7000.0,19,0,1,0,0.0
67906,0,0.002141764,47,0,0.464191976,8000.0,24,0,2,0,2.0
67908,1,0.9999998999999999,43,2,0.058418761,7120.0,0,3,0,0,2.0
67911,0,0.198855841,51,0,0.43112062799999995,1400.0,9,0,0,0,0.0
67912,0,0.008086781,64,0,0.48427558600000004,5500.0,5,0,2,0,0.0
67913,0,0.9999998999999999,43,0,0.17480958600000002,5382.0,3,0,0,0,0.0
67914,0,0.031784408,62,0,0.007782101,9508.0,6,0,0,0,0.0
67915,1,1.029337804,41,4,0.405961854,15833.0,15,0,3,0,3.0
67916,0,0.007737743,69,0,0.24412296600000002,9400.0,9,0,2,0,0.0
67917,0,0.03145578,62,0,0.621509599,4583.0,17,0,1,0,0.0
67918,1,1.113592,41,3,0.699327395,5500.0,10,2,2,2,2.0
67919,0,0.34396178200000005,39,1,0.295320309,2200.0,2,0,0,0,4.0
67920,0,0.913529154,66,1,0.550632022,14239.0,16,0,2,0,0.0
67921,0,0.7566347409999999,58,0,0.324039979,1900.0,8,0,0,0,0.0
67923,0,0.10913895900000001,68,0,0.018196361,5000.0,5,0,0,0,0.0
67924,0,0.21642846699999999,33,0,756.0,,6,0,0,0,0.0
67925,0,0.394302849,24,0,0.0089914,2557.0,2,0,0,0,0.0
67929,0,0.08741162400000001,55,0,0.947311537,3700.0,15,0,4,0,4.0
67930,0,0.00046752,64,0,0.0,4514.0,2,0,0,0,0.0
67931,0,0.0,73,0,0.067061488,5740.0,3,0,1,0,0.0
67932,0,0.272465942,57,0,0.036481759,2000.0,1,0,0,0,0.0
67933,0,0.167376652,58,2,0.435871743,4989.0,18,0,2,0,0.0
67934,0,0.169970751,52,0,0.49897881,7833.0,4,0,1,0,0.0
67935,0,0.030742314,62,0,1501.0,,6,0,2,0,0.0
67936,0,0.0,64,0,0.0,2500.0,3,0,0,0,0.0
67937,0,0.186884102,66,0,4184.0,0.0,11,0,1,0,0.0
67938,0,0.0016713560000000001,63,0,1178.0,,12,0,1,0,0.0
67939,0,0.17606314899999997,48,0,0.025354663,6625.0,7,0,0,0,0.0
67940,0,0.718848953,46,0,0.275646572,10400.0,12,0,1,0,2.0
67941,0,0.9999998999999999,60,0,0.157603261,13000.0,4,0,1,0,1.0
67942,0,0.041473603,50,0,0.27491166100000003,8489.0,17,0,2,0,2.0
67943,0,0.9999998999999999,61,0,0.528389025,3680.0,3,0,1,0,0.0
67946,0,0.5522368679999999,47,0,0.132120489,6705.0,7,0,0,0,1.0
67947,0,0.0,45,0,0.599133261,4614.0,10,0,2,0,1.0
67948,0,0.032942094,39,0,834.0,,4,0,0,0,0.0
67950,0,0.325323475,55,1,0.315156485,7316.0,7,0,1,0,0.0
67951,0,0.27862004100000004,46,0,0.416567484,4200.0,18,0,0,0,0.0
67952,0,0.053393265,58,1,0.165281754,14320.0,12,0,2,0,0.0
67953,0,0.387330346,80,1,0.09850020300000001,7400.0,12,0,0,0,0.0
67954,0,0.04689531,61,0,0.223352973,5600.0,9,0,1,0,1.0
67955,0,0.45031871,40,0,0.34913880399999997,9869.0,6,0,1,0,4.0
67959,0,0.374455162,40,0,0.393202266,3000.0,14,0,0,0,2.0
67960,1,0.9999998999999999,26,2,0.080427892,5047.0,1,2,0,0,0.0
67962,0,0.019794812,60,0,41.0,,9,0,0,0,0.0
67963,1,0.717875963,59,0,210.0,,10,0,0,2,
67964,0,0.28549068699999997,50,0,0.457206847,6250.0,9,0,2,0,1.0
67965,0,0.9999998999999999,47,0,2.00554939,900.0,3,1,1,0,5.0
67966,0,0.0,51,0,0.0,2333.0,5,0,0,0,1.0
67968,0,0.046662777999999995,31,0,0.127235415,3410.0,4,0,0,0,0.0
67970,0,0.015669497,34,0,2740.0,,12,0,1,0,0.0
67971,0,0.340793296,40,0,0.5569437770000001,2080.0,11,0,0,0,0.0
67973,0,0.231262215,63,0,0.09599338,14500.0,6,0,0,0,0.0
67975,0,0.908534792,55,0,0.626395601,6000.0,6,0,2,0,3.0
67976,1,0.9999998999999999,31,1,362.0,,2,3,0,0,0.0
67978,0,0.019120579,73,0,37.0,,6,0,0,0,0.0
67979,0,0.049884289000000005,64,0,0.23617463600000002,9619.0,6,0,2,0,0.0
67980,0,0.898595178,43,4,0.23551380100000002,17136.0,11,0,3,0,2.0
67981,0,0.055203492,29,0,0.646772229,820.0,7,0,0,0,0.0
67982,0,0.9999998999999999,34,0,421.0,,1,0,0,0,0.0
67983,0,0.00268617,61,0,0.142685721,9166.0,14,0,1,0,0.0
67984,0,0.0,53,0,6.752264917000001,3200.0,4,0,1,0,0.0
67985,0,0.068833562,67,0,0.24434142399999997,7333.0,7,0,1,0,0.0
67986,0,0.0,47,0,0.47335783200000003,4353.0,7,0,1,0,2.0
67988,0,0.046376502,63,2,1.496601359,2500.0,20,0,1,0,0.0
67990,0,0.046738445999999996,80,0,0.032644902999999996,1500.0,6,0,0,0,2.0
67993,0,2.143094842,51,1,0.28706084,3500.0,3,3,0,0,0.0
67994,0,0.9999998999999999,69,0,0.7704098629999999,3000.0,2,0,1,0,0.0
67995,0,0.09880415599999999,57,0,0.271987602,2580.0,4,0,1,0,0.0
67996,1,0.063715498,71,3,0.66923925,2720.0,10,0,1,0,0.0
67998,0,0.002065506,32,0,0.326266695,9433.0,11,0,1,0,0.0
67999,0,0.050128792,75,0,0.25586046,9000.0,21,0,1,0,1.0
68002,0,0.10654232,60,0,0.124751076,15566.0,12,0,2,0,0.0
68003,0,0.9999998999999999,81,0,2.0,,4,0,0,0,0.0
68004,0,0.000699983,53,0,0.0,4100.0,5,0,0,0,2.0
68005,0,0.9999998999999999,40,2,0.123969008,4000.0,1,0,0,0,1.0
68007,0,0.202720819,75,1,0.079856019,7500.0,5,0,1,0,0.0
68008,0,0.164925325,46,2,0.122741221,8798.0,11,0,1,0,0.0
68009,0,0.24250707800000001,42,0,0.47042488200000004,3600.0,13,0,2,0,0.0
68010,0,0.49478020899999997,46,0,3260.0,,4,0,1,0,0.0
68012,0,0.018913745,55,0,350.0,0.0,5,0,0,0,1.0
68014,0,0.421347077,46,0,0.297329335,14340.0,8,0,1,0,6.0
68015,0,0.9999998999999999,37,0,0.10996334599999999,3000.0,2,0,1,0,0.0
68016,0,0.002352886,47,0,0.22103708600000002,6093.0,17,0,1,0,2.0
68017,1,0.719061423,40,1,0.746268657,5493.0,8,0,2,0,2.0
68018,1,0.919483507,52,8,0.754922128,10208.0,19,4,4,2,1.0
68019,1,0.86141942,61,2,0.566165894,12513.0,16,0,2,0,1.0
68020,0,0.073352898,32,0,0.264401213,7915.0,8,0,2,0,1.0
68021,0,0.9999998999999999,22,0,0.457063712,360.0,1,0,0,0,0.0
68022,1,0.896083133,23,0,0.04147926,2000.0,3,1,0,1,0.0
68025,0,0.122277614,42,1,0.33973260200000005,5833.0,14,0,1,0,0.0
68026,0,0.038435098,46,0,0.243580514,8333.0,4,0,1,0,5.0
68027,0,0.9999998999999999,38,0,0.0014997,3333.0,1,0,0,0,0.0
68030,0,0.16846083899999997,45,0,0.191269577,3000.0,9,0,0,0,2.0
68031,1,0.040790732999999996,50,1,7.820359281,500.0,13,0,2,0,2.0
68033,0,0.321528037,65,0,0.183129569,15458.0,7,0,1,0,1.0
68034,0,0.327056079,63,0,1976.0,,12,0,2,0,0.0
68035,0,0.369903114,47,0,0.353128314,4714.0,16,0,0,0,2.0
68036,0,1.259136213,28,1,0.21595836899999998,3458.0,5,0,0,0,0.0
68037,0,0.004753319000000001,47,0,2613.0,,3,0,2,0,0.0
68038,0,0.050093350999999994,39,0,0.713143162,3750.0,13,0,3,0,2.0
68041,0,0.240724172,62,0,0.469110484,3900.0,10,0,2,0,0.0
68042,0,0.27768277399999997,66,0,0.12063134199999999,12417.0,10,0,1,0,0.0
68043,0,0.362917295,50,0,0.7143697309999999,5100.0,22,0,1,1,0.0
68044,0,0.050767278,66,0,39.0,,4,0,0,0,0.0
68045,0,0.0,73,0,973.0,,5,0,1,0,0.0
68046,0,0.198231502,67,2,3700.0,,22,1,2,0,0.0
68047,0,0.9999998999999999,35,0,480.0,,2,0,0,0,0.0
68048,0,0.0,58,0,0.387662705,5300.0,8,1,1,0,0.0
68049,0,0.180785172,52,0,0.52764613,9494.0,15,0,2,0,3.0
68051,0,0.0,42,0,6836.0,0.0,5,0,3,0,3.0
68052,0,0.032367475,42,0,0.436191008,3580.0,10,0,1,0,0.0
68053,0,0.17176928,30,0,0.385802469,2915.0,4,0,1,0,0.0
68054,0,0.338127016,38,0,0.313890509,12000.0,14,0,2,0,3.0
68056,0,0.8570578740000001,52,0,0.521237458,11959.0,10,0,2,0,3.0
68057,0,0.00435452,60,1,0.272792534,9750.0,19,0,3,0,3.0
68059,0,0.019950125,54,1,3622.0,,7,0,1,0,0.0
68060,0,0.034308545,61,0,0.38081448,5524.0,22,0,2,0,0.0
68061,0,0.026108007000000003,60,0,0.036224384,4830.0,16,0,1,0,0.0
68062,0,0.36031709799999995,66,0,0.345228934,10395.0,12,0,1,0,1.0
68063,0,0.010830205,67,0,653.0,,6,0,1,0,0.0
68064,0,0.017244018,64,0,83.0,,2,0,0,0,0.0
68066,0,0.0,42,0,0.25805316,5680.0,10,0,2,0,0.0
68068,0,0.522173891,43,0,0.292421194,5963.0,6,0,1,0,0.0
68069,0,0.8274722259999999,59,0,0.49523512,6400.0,10,0,0,0,0.0
68070,0,0.9999998999999999,31,0,6032.0,,19,0,5,0,2.0
68071,0,0.004305857,74,0,0.00171409,5833.0,8,0,0,0,1.0
68072,1,0.33771755200000003,54,0,1957.0,,15,0,1,1,0.0
68073,0,0.0,57,4,0.31242067100000004,5514.0,7,0,2,0,2.0
68074,0,0.118236921,59,0,0.553956032,8960.0,8,0,3,0,1.0
68075,0,0.9999998999999999,54,3,0.038341507000000004,4485.0,5,0,0,1,1.0
68078,0,1.467554077,56,2,0.557583659,2300.0,4,0,1,1,0.0
68079,0,0.7045916729999999,63,0,0.47144107,8000.0,9,0,1,0,0.0
68080,0,0.0,58,0,0.473368434,8166.0,14,0,2,0,0.0
68081,0,0.006164767,70,0,0.186451476,4708.0,11,0,3,0,0.0
68083,0,0.418936309,40,0,0.33733883,11400.0,13,0,2,0,0.0
68084,0,0.20840086800000002,50,0,0.31342997,10416.0,10,0,1,0,2.0
68085,0,0.300975932,58,0,0.23816663100000002,9337.0,13,0,1,0,0.0
68086,0,0.0,83,0,24.0,,4,0,0,0,
68088,0,0.902301488,78,0,1.3460490459999999,1100.0,13,0,0,0,0.0
68089,0,0.0,73,0,1669.0,,5,0,1,0,0.0
68090,0,0.719076031,72,0,0.09626104699999999,7354.0,8,0,0,0,0.0
68091,0,0.9999998999999999,22,0,3.0,,1,0,0,0,0.0
68093,0,0.9999998999999999,65,0,0.301488058,7996.0,3,0,1,0,1.0
68094,0,0.074192581,43,0,0.006664646999999999,3300.0,5,0,0,0,1.0
68095,1,0.866295018,45,2,2623.0,,9,2,1,0,0.0
68096,0,0.33723236700000003,32,2,0.42787064,22015.0,20,0,3,0,1.0
68097,0,0.121223434,32,0,0.44593528,3800.0,15,0,1,0,0.0
68099,0,0.140061384,55,0,0.31641286,6500.0,7,0,1,0,1.0
68103,0,0.324282445,52,0,3278.0,,7,0,1,0,0.0
68104,0,0.321207638,56,0,0.180744691,10500.0,24,0,1,0,0.0
68105,0,0.44282228700000004,42,0,0.570130264,3300.0,3,0,1,0,0.0
68106,0,0.8571862659999999,54,0,0.547829242,8268.0,14,0,1,0,0.0
68107,0,0.064615646,57,0,0.144328142,11750.0,6,0,2,0,0.0
68109,0,0.00347756,74,0,0.039996191,10500.0,8,0,0,0,0.0
68110,0,0.112559113,52,0,0.371942778,6500.0,18,0,1,0,0.0
68112,0,0.009999275,43,0,0.085989251,8000.0,6,0,0,0,3.0
68113,0,0.010502648,67,0,484.0,,4,0,1,0,0.0
68114,0,0.08221937900000001,74,0,0.037103263,4473.0,5,0,0,0,0.0
68115,0,0.176362258,50,0,0.119313448,6000.0,11,0,1,0,0.0
68116,0,0.9999998999999999,36,0,0.266381766,701.0,0,0,0,0,6.0
68117,0,0.38015684299999997,61,0,3841.0,,19,0,1,0,0.0
68119,0,1.0124995190000001,38,0,0.249020403,7400.0,5,0,0,0,3.0
68120,0,0.0,71,0,55.0,,4,0,1,0,1.0
68121,0,0.942068447,45,0,0.374786689,9375.0,5,0,3,0,2.0
68122,0,0.126591561,51,0,0.027986007,2000.0,5,0,0,0,0.0
68123,0,0.0,68,1,0.663512491,5283.0,8,0,2,0,0.0
68124,0,0.9999998999999999,51,1,0.44390187200000003,8600.0,4,0,2,0,0.0
68125,0,0.133194169,47,1,0.388766358,6800.0,8,0,1,0,2.0
68127,0,0.91005291,50,2,0.45612042,3520.0,7,0,2,0,2.0
68128,0,0.37969057799999995,50,0,0.49241764,5736.0,13,0,1,0,2.0
68129,0,0.9541721740000001,64,0,0.818150209,2875.0,15,0,0,0,0.0
68130,0,0.078918976,57,0,1283.0,0.0,11,0,1,0,0.0
68132,0,0.040386183,53,0,0.306885986,6200.0,11,0,2,0,2.0
68133,0,0.9999998999999999,41,1,0.49450183299999995,3000.0,3,3,1,1,1.0
68134,0,0.178545636,63,0,0.45567476,7083.0,9,0,2,0,0.0
68135,0,0.7654180859999999,28,0,0.44486692,4733.0,8,0,1,0,0.0
68136,0,0.20532685,38,0,0.48935866299999997,7000.0,11,0,2,0,1.0
68137,0,7096.0,46,0,0.28415011,11324.0,6,0,1,0,1.0
68138,0,0.152945098,37,0,0.36425368399999997,7804.0,6,0,1,0,2.0
68140,0,0.638426795,31,0,1.118970257,4000.0,7,0,2,0,0.0
68141,0,0.11181239,72,0,0.275939608,6225.0,6,0,1,0,0.0
68142,0,0.047906218,49,0,0.38683699,3600.0,6,0,2,0,2.0
68143,0,0.19722976600000003,78,0,0.290854573,2000.0,8,0,0,0,0.0
68147,0,0.023376556,56,0,0.176450912,11957.0,8,0,1,0,2.0
68148,0,0.427279219,45,1,0.24173687600000002,6171.0,6,0,0,0,0.0
68151,0,0.7870216309999999,58,1,0.531405783,4011.0,6,2,1,0,1.0
68152,0,0.0,29,0,0.460181155,8500.0,10,0,1,0,2.0
68153,0,0.104243104,64,0,0.6227380020000001,5083.0,6,0,2,0,1.0
68154,0,0.303674916,57,0,0.286820752,8133.0,8,0,2,0,0.0
68155,0,0.000193497,49,0,0.260262946,3726.0,19,0,1,0,5.0
68156,0,0.0,27,0,0.0,0.0,1,0,0,0,0.0
68157,0,0.020119498,44,0,4.0,,1,0,0,0,
68159,0,0.257532402,39,0,0.466104342,3200.0,12,0,1,0,3.0
68160,0,0.037410945,34,0,0.078970081,6951.0,8,0,0,0,0.0
68161,0,0.312065658,47,0,0.37395259799999997,4176.0,5,0,2,0,1.0
68162,0,0.146243059,79,0,0.17382896399999997,4653.0,14,0,1,0,0.0
68164,0,0.057191383,63,0,0.239251535,7000.0,8,0,0,0,0.0
68168,0,0.8721278720000001,22,0,0.032459426,800.0,1,0,0,0,0.0
68170,0,0.010666272,67,0,0.002923977,2735.0,2,0,0,0,0.0
68171,0,0.057572625,70,0,1816.0,,6,0,1,0,0.0
68172,0,0.79070155,47,0,1.085971343,3000.0,8,0,1,0,0.0
68179,0,0.002230683,54,0,0.31358885,4304.0,4,0,1,0,0.0
68180,0,0.164475222,49,1,3215.0,,15,0,1,0,0.0
68184,0,0.08159796,46,0,0.465790601,7000.0,5,0,2,0,3.0
68185,1,0.7485698340000001,55,2,0.510578935,4300.0,7,1,2,3,5.0
68186,0,0.078052845,39,0,0.584353912,4000.0,13,0,1,0,3.0
68188,0,0.331480793,55,0,2151.0,,12,0,1,0,0.0
68190,0,0.031984881,49,0,42.0,,7,0,0,0,0.0
68191,0,0.034732419,35,0,666.0,,5,0,1,0,0.0
68192,0,0.027720817000000002,58,0,0.546917808,5839.0,8,0,3,0,0.0
68194,0,0.161375336,52,0,0.177489587,10563.0,8,0,2,0,3.0
68195,0,0.09150294,27,0,0.119875569,9000.0,9,0,0,0,0.0
68197,0,0.0018113089999999999,78,0,0.001253133,10373.0,16,0,0,0,0.0
68199,0,0.022666457,52,0,0.014597081000000001,5000.0,16,0,0,0,0.0
68200,0,0.125414882,58,0,0.354852145,2400.0,8,0,1,0,1.0
68201,1,0.553894199,90,0,2315.0,,11,0,1,0,0.0
68203,0,0.104035175,51,0,0.271381292,5740.0,5,0,1,0,2.0
68206,0,0.301608945,45,0,0.367962275,6997.0,6,0,1,0,3.0
68210,0,0.615158689,51,0,0.284329307,12583.0,9,0,1,0,0.0
68211,0,0.765536202,56,0,0.254305663,6444.0,8,0,0,0,0.0
68213,1,0.45468509999999995,30,0,0.118981907,3260.0,5,4,0,1,1.0
68214,0,0.004832528,77,0,0.0,1740.0,1,0,0,0,0.0
68218,0,0.9999998999999999,62,0,0.392986699,2480.0,5,0,0,1,0.0
68220,0,0.52846398,39,0,0.518664143,20600.0,16,0,3,0,0.0
68223,0,0.174539687,43,0,0.19027701600000002,14583.0,4,0,2,0,2.0
68224,0,0.340287445,52,0,7224.0,,9,0,2,0,0.0
68225,0,0.330861375,50,0,0.5778821829999999,8300.0,16,0,2,1,4.0
68228,0,0.524591856,54,0,0.43871061,6917.0,7,0,1,0,1.0
68229,0,0.129604981,43,1,0.18531789,12000.0,24,0,2,0,1.0
68230,0,0.019157267,65,0,0.397326597,9500.0,23,0,3,0,0.0
68231,0,0.059135395,60,2,72.5,1.0,12,0,0,0,0.0
68233,0,0.0,68,0,0.518024841,3300.0,5,0,1,0,1.0
68234,0,0.155667824,26,1,0.148118916,3800.0,6,0,0,0,0.0
68235,0,0.156621084,45,0,1.419075925,3700.0,5,0,1,0,3.0
68236,0,0.151178077,68,0,0.120986557,9000.0,12,0,2,0,1.0
68239,0,0.586610799,46,0,0.125249833,1500.0,3,0,0,0,0.0
68240,0,0.9959097109999999,48,0,0.450516495,3000.0,7,0,0,0,1.0
68242,0,0.27636788100000004,52,0,0.18632247300000002,9606.0,7,0,1,0,0.0
68243,0,0.039754291000000004,32,1,0.222355529,5000.0,17,0,2,0,0.0
68244,0,0.128439687,57,0,0.010840964,9500.0,3,0,0,0,1.0
68246,0,0.07046743400000001,39,0,1868.0,,4,0,1,0,0.0
68247,0,0.305360385,52,0,0.44051982700000003,3000.0,3,0,1,0,0.0
68248,1,0.313589624,60,0,0.22526564300000002,4234.0,18,0,0,0,0.0
68249,0,0.0,31,0,0.11252399199999999,4167.0,12,0,0,0,0.0
68251,0,0.005462248,78,0,0.261866667,3749.0,14,0,1,0,0.0
68252,0,0.730238669,52,3,0.5317811410000001,4294.0,7,0,1,2,0.0
68255,0,0.24495896,51,0,0.306576797,19583.0,32,0,2,0,6.0
68256,0,0.200566825,70,0,3640.0,,31,0,3,0,0.0
68258,0,0.000340258,50,0,0.25474905,5000.0,6,0,1,1,3.0
68262,0,0.21912254899999997,60,0,0.310888108,9964.0,25,0,3,0,0.0
68263,0,0.072498993,66,0,0.009909795,15741.0,8,0,0,0,0.0
68264,0,0.49890159799999995,40,0,0.46760647899999996,3333.0,9,1,1,0,1.0
68265,0,0.39323380399999996,46,0,0.525636554,8600.0,5,0,1,0,2.0
68266,0,0.333206754,42,0,1.281199613,3100.0,17,0,2,0,2.0
68268,0,0.855885882,38,0,0.282235324,3900.0,2,0,0,0,1.0
68270,0,0.23231706300000002,53,0,0.411525278,4667.0,11,0,2,0,1.0
68272,0,0.581177353,83,0,0.115736886,1200.0,2,0,0,0,0.0
68273,0,0.025483437999999997,66,0,0.103589278,2200.0,10,0,0,0,0.0
68274,0,0.6016482439999999,65,0,0.529997183,10650.0,18,0,2,0,5.0
68275,0,0.153056463,36,0,0.198644595,9000.0,4,0,1,0,0.0
68276,0,0.007835937,77,0,13.0,,9,0,0,0,0.0
68277,0,0.143015736,47,0,0.291539121,8166.0,13,0,1,0,4.0
68278,0,0.051912349,67,0,0.11953713099999999,8900.0,6,0,2,0,1.0
68279,0,0.229907561,62,0,0.393778303,5078.0,12,0,1,0,1.0
68280,0,0.9999998999999999,45,0,0.136817629,83000.0,6,0,2,0,4.0
68282,0,0.068859694,49,0,0.345814546,5100.0,8,0,1,0,1.0
68284,0,0.281869256,55,0,0.014359426000000002,25000.0,1,0,0,0,2.0
68285,0,0.013887346,30,0,452.0,,4,0,0,0,0.0
68286,0,0.08893071400000001,44,0,0.225161425,4800.0,5,0,0,0,1.0
68287,0,0.7709889740000001,45,0,0.228419655,12800.0,4,0,1,0,5.0
68290,0,0.009139584000000001,59,0,0.464216191,8732.0,19,0,1,0,0.0
68291,0,0.127587241,59,0,0.399492613,6700.0,7,0,1,0,2.0
68292,1,0.974618639,53,1,0.430294595,4310.0,5,0,1,0,0.0
68293,0,0.484764925,49,0,3.293383271,800.0,13,0,0,0,5.0
68295,0,0.049027348,34,0,0.852318175,6750.0,10,0,3,0,0.0
68296,0,0.9999998999999999,37,0,0.494430163,3500.0,2,0,1,0,0.0
68297,0,0.026212165,62,0,0.143481699,21500.0,9,0,1,0,0.0
68298,0,0.191742694,49,0,0.406633586,3828.0,10,0,1,0,3.0
68299,0,0.093749254,58,2,0.275764118,8800.0,16,0,1,0,0.0
68300,0,0.198851974,52,1,0.29355476,16197.0,22,0,3,0,0.0
68301,0,0.9999998999999999,78,0,30.0,,4,0,0,0,
68302,0,0.018892813,34,0,0.369651522,6800.0,8,0,2,0,0.0
68303,0,0.237786213,40,0,2439.0,,11,0,1,0,2.0
68304,0,0.019405644,51,0,0.254543336,17167.0,4,0,1,0,0.0
68305,0,0.9999998999999999,40,0,0.435426958,4250.0,6,0,1,0,1.0
68306,0,0.232150191,46,0,2.753108348,1125.0,16,0,2,0,3.0
68307,0,0.803149606,45,0,88.0,,4,0,0,0,0.0
68308,1,1.026096074,36,2,1.247567568,2774.0,12,1,1,0,0.0
68309,0,0.036201163,60,0,0.419272495,4700.0,13,0,1,0,0.0
68310,0,0.039590771000000004,56,0,1548.0,,11,0,1,0,0.0
68311,0,0.001999926,44,0,625.0,,4,0,0,0,3.0
68312,0,0.182067864,40,0,0.436247913,9583.0,11,0,2,0,2.0
68313,0,0.32583136100000004,72,0,0.620641562,3584.0,23,0,1,0,0.0
68316,0,0.0,77,0,0.0,3654.0,3,0,0,0,0.0
68317,0,0.062398217,41,0,0.311566618,3414.0,11,0,1,0,1.0
68319,0,0.0,45,0,0.49724022100000004,12500.0,18,0,12,0,2.0
68320,0,0.0,71,0,995.0,,6,0,1,0,0.0
68321,0,0.889222156,29,0,0.042889391,3100.0,3,0,0,0,1.0
68322,0,0.061872382000000004,58,0,980.0,,8,0,1,0,0.0
68323,0,0.105894106,23,0,0.00206754,1450.0,1,0,0,0,0.0
68325,0,0.042523009,82,1,2193.0,,26,0,2,0,0.0
68326,0,0.0,25,0,492.0,,3,1,0,1,0.0
68327,0,0.244731835,44,0,0.413328411,10833.0,10,0,3,0,1.0
68330,0,0.23301309,52,0,0.360375975,15000.0,22,0,2,0,1.0
68331,0,0.0,68,0,32.0,,4,0,0,0,0.0
68332,0,1.052475331,83,0,0.291017567,9050.0,10,0,0,0,1.0
68334,0,0.218333573,76,0,940.0,,16,0,0,0,0.0
68335,0,0.011591292,74,0,612.0,,7,0,1,0,0.0
68336,0,0.9999998999999999,33,2,0.117890383,2900.0,1,0,0,0,0.0
68337,0,0.7068446359999999,69,0,0.283105023,4379.0,6,0,0,0,0.0
68338,0,0.08447740699999999,47,0,2219.0,,10,0,2,0,0.0
68339,0,0.320766738,59,0,0.40175701700000005,4666.0,7,0,2,0,0.0
68341,0,0.0,33,0,0.308527974,1840.0,8,0,0,0,1.0
68342,1,0.9821314609999999,37,0,0.326033137,5250.0,11,0,1,0,2.0
68343,0,0.27377261199999997,42,0,0.624641834,5583.0,12,0,2,0,1.0
68344,0,0.8095744020000001,64,0,0.360788701,7150.0,8,0,1,0,0.0
68346,0,0.001192639,43,0,3585.0,,9,0,2,0,
68347,0,0.0028316659999999996,65,0,0.36131934,2000.0,17,0,2,0,0.0
68348,1,0.9999998999999999,41,1,0.086842636,4962.0,2,2,0,0,2.0
68349,0,0.22009928199999998,35,0,0.588356366,3400.0,7,0,2,0,0.0
68350,0,0.205639718,60,0,0.195584253,4800.0,9,0,1,0,0.0
68351,0,0.079776005,44,0,0.17234138300000001,20000.0,6,0,2,0,2.0
68353,0,0.28587746,60,0,0.216358839,7200.0,12,0,0,0,1.0
68354,0,0.298355122,56,0,1913.0,,15,0,1,0,0.0
68355,0,0.608353281,58,0,0.442141202,8200.0,12,0,2,0,1.0
68357,0,0.046210852000000004,69,0,0.5617883920000001,3600.0,19,0,1,0,0.0
68358,0,0.082252113,42,0,0.531918166,6500.0,9,0,2,0,2.0
68360,1,1.1195652170000001,34,0,0.024421129,5527.0,2,1,0,1,1.0
68362,0,0.09372656800000001,40,0,0.101322075,9000.0,3,0,1,0,3.0
68363,0,0.36892635799999995,60,0,0.46155347399999996,5123.0,12,0,2,0,0.0
68364,0,0.623833644,26,0,136.0,,5,0,0,0,0.0
68365,1,0.9670825590000001,49,0,0.520342834,9683.0,17,0,2,1,4.0
68366,0,0.006933101999999999,64,0,3104.0,,8,0,2,0,0.0
68367,0,0.9999998999999999,84,0,0.165983402,10000.0,3,0,1,0,0.0
68370,0,0.0,62,0,2099.0,,4,0,1,0,
68373,0,0.54202831,63,0,0.226685054,5800.0,11,0,0,0,1.0
68374,0,0.038640906,22,0,0.001996008,500.0,3,0,0,0,0.0
68375,0,0.116971381,74,0,0.132946479,19300.0,15,0,2,0,0.0
68376,0,0.010290535,48,0,0.171261248,7000.0,4,0,1,0,0.0
68378,0,0.148702425,46,1,0.38138184,13083.0,16,0,3,1,2.0
68379,0,0.198619662,71,0,0.125553188,6100.0,14,0,1,0,0.0
68380,0,0.817557834,70,0,0.155963303,4359.0,9,0,0,0,0.0
68381,0,0.246970137,54,0,0.219700493,10750.0,19,0,3,0,0.0
68382,0,0.29667177,57,0,0.44746333299999996,4158.0,14,0,2,0,2.0
68384,0,0.163415392,49,0,0.70003333,9000.0,16,0,3,0,2.0
68385,0,0.002432385,39,0,0.07286054900000001,11322.0,12,0,0,0,3.0
68386,0,1.010157924,62,0,0.367118444,13575.0,9,0,1,1,0.0
68387,0,0.9999998999999999,32,0,0.078588613,3740.0,1,0,0,0,0.0
68388,0,0.9999998999999999,30,0,3.533001245,802.0,5,0,1,0,0.0
68389,0,0.000179693,72,0,0.0,2500.0,20,0,0,0,0.0
68390,0,0.004790692,40,0,0.051302289,3800.0,4,0,0,0,0.0
68391,0,0.540566433,49,0,0.44471654200000005,8166.0,11,0,4,0,1.0
68392,0,0.994001,47,1,0.152457651,3600.0,5,0,0,0,1.0
68393,0,0.011189943,81,0,6.0,,4,0,0,0,0.0
68394,0,0.10005135,46,0,0.243922709,9625.0,7,0,1,0,3.0
68395,0,0.352709819,39,0,0.808063979,3000.0,7,0,1,0,0.0
68396,0,0.030751407,37,0,0.21710408899999997,5600.0,9,0,0,0,0.0
68397,0,0.013635868,89,0,11.0,,3,0,0,0,
68398,0,0.042866497999999996,59,1,0.069540102,4500.0,9,0,0,0,0.0
68399,0,0.07446578599999999,44,0,0.399574242,9394.0,7,0,1,0,3.0
68400,0,0.197036498,48,1,0.025570417,5083.0,9,0,0,0,2.0
68403,0,0.157783095,59,0,0.9632274190000001,2800.0,16,0,2,0,0.0
68404,0,0.866133866,36,0,0.295901366,3000.0,5,0,0,3,6.0
68405,0,0.48162959299999997,55,0,1.580044676,1342.0,3,0,1,0,0.0
68406,0,0.9999998999999999,70,0,0.22558514899999998,7433.0,10,0,1,0,0.0
68407,0,0.212380602,40,0,1.022795441,3333.0,9,0,2,0,1.0
68409,0,0.060771025,55,0,0.18237273899999998,4753.0,8,0,1,0,0.0
68410,0,0.010082594,64,0,1.49127182,400.0,10,0,1,0,0.0
68411,0,0.14694417099999998,41,0,0.128389729,8333.0,5,0,0,0,2.0
68412,0,0.020745648999999998,75,0,0.039927405,550.0,6,0,0,0,0.0
68413,0,0.656387774,49,0,0.5142048229999999,10242.0,24,0,2,0,0.0
68414,0,0.18521839899999998,61,1,0.118395637,8800.0,16,0,0,0,0.0
68416,0,0.031223792,43,0,0.37300549299999997,3822.0,6,0,1,0,2.0
68417,0,0.006522653000000001,81,0,0.012753502,4782.0,11,0,0,0,0.0
68419,0,0.296216988,31,1,0.162291714,4380.0,10,0,0,0,0.0
68421,0,0.81487405,48,1,7421.0,,13,0,2,0,3.0
68422,0,0.06982737,69,0,0.76109368,2230.0,12,0,1,0,0.0
68423,0,0.9999998999999999,45,0,993.0,,2,1,1,0,0.0
68424,0,0.498573712,27,0,0.339909358,3750.0,12,0,0,0,0.0
68425,0,0.079202042,48,0,0.042747863,6666.0,21,0,0,0,2.0
68427,0,0.146706891,59,0,3001.0,,5,0,1,0,
68428,1,3.3066933069999997,50,0,0.308557152,1600.0,4,0,0,0,2.0
68429,0,0.45516766299999994,86,0,0.32284339100000004,2700.0,4,0,0,0,0.0
68430,0,0.020544141999999998,80,0,0.15936130199999998,3193.0,2,0,0,0,0.0
68431,0,0.722863857,47,0,0.40144734299999996,5250.0,2,0,1,0,0.0
68432,0,0.011459451,69,0,0.312760634,4795.0,11,0,0,0,0.0
68433,0,0.0794991,63,1,0.02339766,10000.0,7,0,0,0,1.0
68435,0,0.31639877899999996,53,0,2021.0,,9,0,1,0,
68436,0,0.959731845,48,1,0.9440734559999999,9583.0,14,0,9,0,5.0
68437,0,0.7182325159999999,48,0,0.648038246,6065.0,14,0,2,0,2.0
68443,1,1.026578073,52,0,0.0019120460000000001,4706.0,1,0,0,0,0.0
68444,0,0.604898606,36,0,4284.0,,20,0,1,0,0.0
68446,0,0.0036777959999999997,58,0,0.491101491,2078.0,12,0,2,0,0.0
68447,0,0.14229946400000001,74,0,0.5014613139999999,6500.0,7,0,1,0,2.0
68448,0,0.0,80,0,0.06197934,3000.0,16,0,1,0,0.0
68449,0,0.26074948800000003,56,0,0.351277955,6259.0,3,0,1,0,1.0
68450,0,0.0,21,0,0.0,800.0,1,0,0,0,0.0
68451,0,0.125838794,76,0,0.138965259,4000.0,3,0,0,0,0.0
68452,0,0.021184332,60,0,0.715350224,1341.0,6,0,1,0,0.0
68453,0,0.363623605,33,0,0.5270736460000001,6666.0,9,0,2,0,0.0
68454,0,0.13959534699999998,48,0,0.016664445,7500.0,2,0,0,0,0.0
68455,0,0.426001444,57,0,0.366962025,7899.0,6,0,1,0,0.0
68456,0,0.048366375999999996,40,0,0.30207418399999997,14800.0,7,0,2,0,3.0
68457,0,0.305614476,44,1,0.504415931,6000.0,7,0,2,0,0.0
68458,0,3.9399999999999995e-05,65,0,71.0,,6,0,0,0,0.0
68461,0,0.89679084,29,2,0.071428571,2323.0,2,0,0,1,0.0
68464,1,0.10604705,72,0,0.403798101,2000.0,9,0,0,0,0.0
68466,0,0.027272038999999998,65,0,1220.0,,6,0,2,0,0.0
68469,0,0.9999998999999999,46,0,1233.0,,8,0,1,0,0.0
68470,0,0.0,32,0,0.422443044,4125.0,6,0,2,0,0.0
68471,0,0.9197700870000001,33,0,0.122341392,5500.0,4,0,0,0,1.0
68472,0,0.019983361,64,0,0.037992402,5000.0,12,0,0,0,0.0
68473,1,0.0,62,1,6667.0,,14,0,4,0,0.0
68474,0,0.082287387,70,0,0.6913785920000001,2400.0,9,0,2,0,1.0
68476,1,0.9999998999999999,47,1,535.0,,7,7,0,0,0.0
68478,0,0.015079147,78,0,0.253220697,4734.0,8,0,0,0,0.0
68479,0,0.033440995,52,0,3721.0,,8,0,2,0,2.0
68480,0,0.024726522999999997,60,0,0.005160181,4650.0,3,0,0,0,0.0
68481,0,0.038733636,37,0,0.00634591,8666.0,5,0,0,0,1.0
68482,0,0.033712685,53,0,7341.0,,20,0,3,0,0.0
68484,0,0.05683039,53,0,0.090322581,4804.0,7,0,1,0,0.0
68485,0,0.033206283999999996,43,0,0.593154552,2833.0,10,0,1,0,3.0
68486,0,0.039765762999999996,47,0,0.36846615299999996,3500.0,9,0,1,0,0.0
68488,0,0.917347109,40,1,0.025629077000000004,6437.0,4,0,0,0,1.0
68489,0,0.9999998999999999,53,0,0.0,3501.0,1,1,0,0,3.0
68490,0,0.840644919,56,3,1382.0,,4,1,0,0,0.0
68491,0,0.20714587899999998,42,1,0.04510851,8800.0,4,0,0,0,1.0
68493,0,0.8501990559999999,27,0,0.39440373100000004,1500.0,5,0,0,0,0.0
68494,0,0.307419787,60,0,0.402353379,21500.0,27,0,6,0,0.0
68496,0,0.496798499,69,0,1455.0,,6,0,0,0,0.0
68497,0,0.039352491,57,1,0.376646474,17992.0,16,0,1,0,1.0
68498,0,0.0,50,0,0.18765693100000003,7566.0,5,0,1,0,1.0
68501,0,0.0440625,49,0,1609.0,,6,0,1,0,0.0
68502,0,0.0,25,0,0.0,1200.0,3,0,0,0,0.0
68505,0,0.9999998999999999,47,0,0.14856762199999998,1500.0,2,0,0,0,0.0
68508,0,0.9999998999999999,28,0,0.20961682899999998,1330.0,1,0,0,1,1.0
68509,0,0.10692576699999999,57,0,6117.0,,13,0,2,0,0.0
68511,0,0.020760186,67,0,0.297540492,5000.0,11,0,1,0,1.0
68513,0,0.25492904899999996,62,0,0.33810412799999995,14462.0,25,0,1,0,0.0
68515,0,0.9999998999999999,24,0,0.0,2557.0,1,0,0,0,0.0
68516,0,0.029414215,60,0,0.237906906,3286.0,10,0,0,0,0.0
68518,0,0.359631401,87,0,0.539345204,3481.0,9,0,1,0,1.0
68520,0,0.629792342,40,0,0.9485458609999999,4916.0,7,0,2,0,0.0
68521,0,0.9999998999999999,44,0,0.0,2273.0,0,2,0,0,2.0
68522,0,0.153864102,46,0,2284.0,,10,0,3,0,4.0
68525,0,0.0,72,0,0.15077821,3083.0,4,0,0,0,0.0
68526,0,0.23121192,55,0,3126.0,,18,0,2,0,1.0
68527,0,0.9999998999999999,52,1,0.384321394,11250.0,5,0,2,0,0.0
68529,0,0.021554757,40,0,1.3446871530000002,2700.0,11,0,2,0,2.0
68530,0,0.010374032,63,0,375.0,,12,0,0,0,0.0
68531,0,0.160761349,68,0,0.146583956,11767.0,15,0,1,0,2.0
68532,0,0.22291586100000002,48,0,0.41355367299999996,7200.0,7,0,2,0,4.0
68533,0,0.131032639,42,0,0.08492595900000001,7900.0,8,0,0,0,0.0
68535,0,0.9999998999999999,39,0,0.033983007999999995,2000.0,3,0,0,0,0.0
68538,0,0.02863462,63,0,0.017076218,2400.0,3,0,0,0,0.0
68540,0,0.036606053,32,0,0.448137966,4000.0,7,0,1,0,0.0
68541,0,0.434665154,44,0,0.54870732,9166.0,11,0,2,0,1.0
68542,0,0.288919893,31,0,0.271394295,3750.0,9,0,0,0,0.0
68544,0,0.673150073,46,0,0.289088864,8000.0,4,0,1,0,3.0
68545,0,0.644080668,74,0,0.315324675,1924.0,7,0,1,0,1.0
68546,0,0.645416675,51,0,0.8669978709999999,7044.0,11,0,3,0,0.0
68548,0,0.35901226,33,0,0.6976604679999999,5000.0,4,0,2,0,0.0
68549,0,0.025394751,80,0,0.163806032,6000.0,8,0,1,0,0.0
68550,0,0.058320498,42,0,0.530089629,3123.0,12,0,2,0,0.0
68551,0,0.09275222400000001,36,0,17.62376238,100.0,6,0,1,0,1.0
68552,0,0.7612223920000001,45,0,0.343854283,7191.0,5,0,1,0,2.0
68554,0,0.788289896,26,0,0.427857589,1600.0,11,1,0,0,0.0
68557,0,0.065724285,40,0,0.373078645,6700.0,3,0,2,0,2.0
68558,0,0.008705540999999999,36,0,0.060989835,6000.0,3,0,0,0,2.0
68559,0,0.0,30,0,1.153692615,500.0,9,0,0,0,0.0
68560,0,0.937219476,53,2,0.6561199000000001,1200.0,5,2,0,0,0.0
68562,0,0.996364371,35,0,147.0,,2,0,0,0,0.0
68566,0,0.0,94,2,0.0,,7,0,0,0,0.0
68568,0,0.005289981,41,0,0.10339123199999999,3626.0,4,0,0,0,1.0
68569,0,0.523416084,56,5,0.166322245,15000.0,8,0,1,0,0.0
68570,0,0.113321304,70,2,0.37966866,10200.0,16,0,2,0,0.0
68571,0,0.9999998999999999,46,3,387.0,,1,0,0,0,0.0
68572,0,0.022739545,68,0,33.0,,5,0,0,0,0.0
68573,0,0.086311375,30,0,807.0,,12,0,0,0,1.0
68574,0,0.568983265,58,0,0.296719837,51155.0,14,0,5,0,0.0
68575,0,0.34098018799999996,52,2,0.74865027,3333.0,13,0,1,0,1.0
68576,0,0.469503386,51,0,0.289201489,9667.0,6,0,1,0,1.0
68577,0,0.251479448,61,0,424.0,,8,0,0,0,0.0
68578,0,0.281975327,62,0,1.03141953,4423.0,15,1,2,0,0.0
68579,1,0.929642445,27,0,0.22948151600000002,4300.0,6,1,0,1,2.0
68580,0,0.017107747,48,0,0.355212355,6215.0,6,0,1,0,3.0
68581,1,0.648857268,45,1,0.660122164,9167.0,15,0,2,0,1.0
68582,0,0.09953070900000001,53,0,203.0,0.0,10,0,0,0,0.0
68583,1,0.739409283,42,3,0.714157438,3340.0,11,3,1,1,4.0
68585,0,0.086022849,43,0,0.10016360699999999,5500.0,7,0,0,0,2.0
68586,0,0.024225416,53,0,45.0,,8,0,0,0,0.0
68587,0,0.8956526090000001,40,0,3579.0,,5,0,2,0,1.0
68588,0,0.015232826000000001,57,0,4608.0,,8,0,2,0,0.0
68589,1,0.9999998999999999,30,0,0.803884113,3140.0,1,0,1,1,0.0
68591,0,0.010840283999999999,58,1,0.285838496,9200.0,8,0,2,0,1.0
68593,0,0.413992914,33,0,1789.0,,8,0,1,0,2.0
68594,0,0.771835178,29,1,0.055098867,4500.0,3,2,0,0,0.0
68595,0,0.01004829,65,0,0.382666099,4695.0,4,0,1,0,0.0
68596,0,0.088656816,62,1,1614.0,,9,0,1,0,0.0
68597,0,0.06571542400000001,60,0,1207.0,,11,0,1,1,0.0
68598,1,0.904001141,48,2,10069.0,,9,2,2,1,0.0
68600,0,0.036340736,74,0,0.016116352,5087.0,8,0,0,0,1.0
68602,0,0.438186711,36,0,3563.0,,6,0,1,0,0.0
68604,0,1.026244532,39,2,0.23574368,1700.0,3,0,0,1,2.0
68605,0,0.445648098,37,0,0.27489375899999996,12000.0,7,0,2,0,2.0
68606,0,1.002657114,81,7,0.400659934,10000.0,14,1,3,1,0.0
68607,0,0.034354689,50,1,2380.0,,7,0,1,0,0.0
68608,1,0.11541473699999999,50,2,0.758413862,3000.0,17,0,0,0,0.0
68609,0,0.032998900000000005,28,0,0.007248188000000001,4000.0,3,0,0,0,0.0
68610,0,0.034273502000000004,60,0,0.010292953,3788.0,4,0,0,0,0.0
68611,0,0.033442605,73,0,35.0,,2,0,0,0,0.0
68612,0,0.124943804,70,1,1004.0,,11,0,0,0,0.0
68615,0,0.0,81,1,0.0,3050.0,6,0,0,0,1.0
68616,0,0.866737282,58,3,0.582683463,5000.0,11,0,1,0,0.0
68617,0,0.23898228100000002,23,0,0.007774898000000001,2700.0,2,0,0,0,0.0
68618,0,0.10865651300000001,59,0,0.446168613,6250.0,13,0,2,0,1.0
68620,0,0.884231537,66,0,0.668332292,1600.0,4,0,1,0,2.0
68622,0,0.017423978,40,0,0.37656972899999996,6051.0,11,0,2,0,1.0
68623,0,0.9999998999999999,72,0,0.0,,1,0,0,0,0.0
68624,1,0.9999998999999999,49,3,0.256566684,5900.0,3,7,1,1,2.0
68625,0,0.06140454099999999,45,0,809.0,,7,0,1,0,0.0
68626,0,0.05087341,49,0,0.242801047,4583.0,12,0,2,0,0.0
68628,0,0.09126940800000001,43,0,0.301009483,6537.0,5,0,2,0,3.0
68630,0,0.49450829700000004,53,0,0.524472632,7252.0,20,0,3,0,0.0
68633,0,0.28084810600000004,51,0,0.729588193,4200.0,10,0,1,0,2.0
68634,0,0.015541833,42,0,0.49251562299999996,6880.0,8,0,2,0,3.0
68635,0,0.9468053190000001,29,0,0.223650386,3500.0,4,0,0,0,0.0
68636,0,0.0,54,1,0.22646287399999998,11056.0,9,0,2,0,3.0
68638,0,0.0,74,0,0.326739927,1364.0,8,0,0,0,0.0
68641,0,0.123438206,54,0,2412.0,,9,0,1,0,2.0
68642,0,0.014743628,36,0,0.130773845,5000.0,9,0,0,0,0.0
68644,0,1.008746631,50,0,0.25350971899999997,3703.0,8,0,0,0,0.0
68645,0,0.431588043,71,0,0.335298003,19680.0,12,0,2,0,1.0
68647,0,0.14404896,66,0,0.083662019,18000.0,15,0,1,0,0.0
68648,0,0.9999998999999999,44,0,0.547190026,20533.0,11,0,8,0,3.0
68649,0,0.585259344,46,0,0.3841929,7464.0,9,0,1,0,5.0
68650,0,0.680340478,32,0,0.14446388400000001,4000.0,6,0,0,0,0.0
68651,0,0.637587592,59,0,0.24702014,2432.0,3,0,0,0,1.0
68652,0,0.010638916000000002,55,0,0.218268336,9666.0,12,0,1,0,0.0
68653,1,0.9614568809999999,49,0,0.653884216,8083.0,12,0,2,0,1.0
68658,0,0.295296839,51,1,0.058604650999999994,6449.0,5,0,0,0,0.0
68659,0,0.052470819,49,0,1.0286109829999999,4333.0,8,0,2,0,1.0
68662,0,0.120313281,49,0,0.577676034,6333.0,7,0,2,0,2.0
68663,0,0.112055091,52,0,126.0,,5,0,0,0,
68666,0,0.245112579,39,0,0.679559253,4446.0,11,1,2,0,0.0
68667,0,0.011343317,48,0,0.17370725399999998,8450.0,16,0,3,0,0.0
68668,0,0.9999998999999999,81,0,0.074030552,850.0,1,0,0,0,0.0
68669,0,0.110673849,45,0,0.7501665559999999,3001.0,7,0,1,0,0.0
68670,0,0.012273861,67,0,0.016035105,85000.0,13,0,1,0,0.0
68671,0,0.0,49,0,0.36943152799999995,6666.0,7,0,1,0,0.0
68672,1,0.948893095,29,0,0.31467413,2500.0,8,1,0,2,0.0
68673,0,0.043368394000000005,72,0,4.644518272,300.0,8,0,1,0,0.0
68674,0,0.36992040200000004,65,1,0.22277111300000002,4250.0,10,0,2,0,0.0
68675,0,0.068090494,73,0,0.12723511199999998,6766.0,9,0,1,0,0.0
68676,0,0.13291791,39,0,0.200535136,7100.0,22,0,0,0,2.0
68678,0,0.032388,58,0,1782.0,,7,0,1,0,0.0
68679,0,0.0,65,0,1431.0,,6,0,2,0,0.0
68681,0,0.235623523,49,0,0.105654531,6454.0,16,0,0,0,3.0
68682,0,0.0059442340000000005,77,0,0.093469749,7916.0,18,0,2,0,0.0
68683,1,0.0,54,0,0.25,2563.0,7,0,0,0,1.0
68684,0,0.04963112,44,1,2942.0,,10,0,2,0,0.0
68686,0,0.278300202,45,0,0.456894346,3908.0,7,0,1,0,1.0
68687,0,0.821705943,37,2,0.378647816,5516.0,10,0,0,0,2.0
68688,0,0.300413325,68,0,0.383372878,10957.0,14,1,1,0,1.0
68689,0,0.088936696,61,0,0.067081152,9167.0,4,0,0,0,0.0
68690,0,0.953009398,31,1,0.074740657,8000.0,3,0,0,0,0.0
68692,0,0.0,40,0,0.6731089640000001,3000.0,7,0,1,0,0.0
68694,0,0.017710562,47,0,9.0,,8,0,0,0,1.0
68696,0,0.025162625,47,0,0.40609636200000004,3050.0,10,0,2,0,0.0
68697,0,0.004274893,34,0,0.15566944300000002,1560.0,8,0,0,0,0.0
68699,0,0.770686352,61,0,0.595135202,16197.0,21,0,2,0,7.0
68700,0,0.056872705,71,0,181.0,,18,0,0,0,0.0
68702,0,0.68032437,40,0,0.216055644,6900.0,9,0,0,0,2.0
68705,0,0.0,69,0,0.009713361,10500.0,1,0,0,0,0.0
68706,0,0.20644318600000003,57,0,0.539788351,12000.0,17,0,4,0,1.0
68708,0,0.129618339,25,2,1341.0,,9,0,0,0,0.0
68709,0,0.31288405199999997,37,0,0.518200281,6400.0,16,1,2,0,2.0
68710,0,0.0,81,0,0.0,,3,0,0,0,0.0
68711,0,0.017425882,86,1,8.0,,6,0,0,0,
68712,0,0.0,52,2,0.535771704,4975.0,6,1,1,1,0.0
68713,0,0.0,33,0,3491.0,,3,0,2,0,0.0
68715,0,0.563142965,38,0,0.24625075,6667.0,7,0,0,0,0.0
68716,0,0.706597835,37,0,0.253492134,6800.0,12,0,0,0,0.0
68718,0,0.007253245,46,0,5.421052632,417.0,6,0,1,0,0.0
68719,0,0.007120673,70,0,598.0,0.0,4,0,0,0,1.0
68721,1,0.181796277,41,0,1.041369472,700.0,7,1,0,1,0.0
68722,0,0.13567104,52,0,0.072432432,8324.0,10,0,0,0,2.0
68723,1,0.9999998999999999,45,0,0.16847192100000002,6000.0,2,1,1,1,1.0
68725,0,0.037423225,35,0,0.684139422,3700.0,5,0,1,2,2.0
68726,0,0.10714338699999999,51,0,3463.0,,9,0,2,0,1.0
68729,0,0.44297489,48,0,0.694515633,1950.0,8,0,1,0,0.0
68730,0,0.0,65,0,0.121643553,13555.0,7,0,2,0,0.0
68731,0,0.009541269,81,0,63.0,,8,0,0,0,0.0
68736,0,0.034568136,53,0,0.07689231099999999,10000.0,12,0,0,0,0.0
68739,0,0.583649643,63,0,4427.0,,6,0,2,0,0.0
68740,0,0.9245125809999999,37,0,0.066373451,2500.0,2,0,0,0,2.0
68742,0,0.988414592,42,0,0.630588017,10781.0,11,0,6,0,1.0
68743,0,0.352043945,44,0,2477.0,,3,0,1,0,0.0
68744,0,0.061856233,32,1,2138.0,,8,0,1,0,0.0
68745,0,0.18744655899999998,56,0,2477.0,,13,0,1,0,
68746,0,0.024189312,69,1,0.56844048,3250.0,11,0,1,0,1.0
68747,1,0.99905771,50,4,0.590068322,6000.0,9,0,2,0,0.0
68748,0,0.349332354,62,0,0.33633584,12100.0,16,0,2,0,1.0
68749,0,0.57030165,35,0,0.698365082,6666.0,5,0,2,0,0.0
68750,0,0.9999998999999999,70,0,0.0,,1,0,0,0,0.0
68751,0,0.060281124000000005,35,0,0.191315113,10500.0,6,0,1,0,3.0
68752,0,0.0,43,0,0.076694706,4041.0,7,0,0,0,0.0
68753,0,0.510982484,62,0,0.580313418,4083.0,11,0,2,0,0.0
68754,0,0.0016665739999999999,48,0,0.06476424900000001,13000.0,12,0,0,0,2.0
68755,0,0.054109613,45,0,0.43407752200000005,13750.0,14,0,2,0,3.0
68758,0,0.34313305299999997,51,0,0.280514632,15000.0,6,0,2,0,2.0
68759,0,0.24883200000000003,46,0,0.333815029,4843.0,5,0,1,0,2.0
68760,0,0.14582941300000002,64,0,0.552189609,6370.0,26,0,2,0,0.0
68761,0,0.000511335,31,0,0.44587260799999995,3500.0,7,0,2,0,0.0
68762,0,0.06073723599999999,56,0,0.08459577,6666.0,5,0,0,0,2.0
68763,1,1.177646524,26,5,0.37602179799999996,1100.0,14,0,0,0,0.0
68764,0,0.965137736,40,0,1.060404082,4800.0,17,0,2,0,0.0
68766,0,0.008977332,92,0,88.0,,4,0,0,0,0.0
68767,0,0.165141743,58,0,2034.0,,5,0,2,0,
68768,0,0.060492527000000004,40,0,0.108457159,7200.0,10,0,0,0,0.0
68770,0,0.011760843,77,0,0.014364641000000001,5429.0,7,0,0,0,0.0
68771,0,0.059529919,79,0,0.325069972,2500.0,14,0,1,0,0.0
68775,0,0.037070514,70,0,96.0,,7,0,0,0,0.0
68776,1,0.9999998999999999,50,0,0.229001012,6916.0,2,0,1,1,0.0
68777,0,0.16994147199999998,28,0,0.25008067100000003,3098.0,5,0,0,0,1.0
68779,0,0.9364538590000001,49,2,0.079913295,6919.0,5,0,0,0,1.0
68780,0,0.023563199,35,0,0.346220504,7500.0,6,0,2,0,0.0
68781,0,0.554468072,76,0,0.50644349,6750.0,23,0,0,0,1.0
68782,0,0.224990109,66,0,0.565860597,3514.0,19,0,1,0,0.0
68787,0,0.022070903,57,0,0.101911945,5700.0,5,0,0,0,0.0
68790,0,0.9051216529999999,47,1,0.9384574040000001,3720.0,15,3,2,1,2.0
68791,0,0.452408084,57,0,0.326826946,4200.0,9,0,0,0,0.0
68796,0,0.015760336,64,0,967.0,,12,0,1,0,0.0
68798,0,0.16616181900000002,38,0,0.257809246,2400.0,16,0,0,0,0.0
68799,0,0.813752294,48,3,0.449795803,7100.0,8,0,1,1,0.0
68800,0,0.002275653,69,0,0.24115177,3333.0,12,0,0,0,1.0
68802,0,0.490276018,35,2,0.583126551,2417.0,11,0,0,0,2.0
68803,0,0.5602356,75,0,0.7519736840000001,1519.0,6,0,1,0,0.0
68804,0,0.034298285,48,0,0.012492192,1600.0,2,0,0,0,0.0
68806,0,0.006566292,75,0,676.0,,11,0,0,0,0.0
68807,0,0.9999998999999999,61,0,492.0,,1,1,0,0,0.0
68808,0,0.43985395200000005,43,0,0.219636125,6100.0,12,0,1,0,0.0
68809,0,0.291086158,63,0,1808.0,,11,0,2,0,3.0
68810,0,0.009650278,77,0,0.010119595,2173.0,8,0,0,0,0.0
68811,0,0.07167187900000001,50,0,0.433351705,12700.0,10,0,3,0,4.0
68813,0,0.0,52,0,0.458451561,2466.0,8,0,0,0,0.0
68814,0,0.000339619,34,0,1.293853073,2000.0,5,0,1,0,0.0
68815,0,0.10523828699999999,21,0,4.108243131,1200.0,10,0,2,0,0.0
68816,0,0.200618328,51,0,0.5303674079999999,4000.0,18,0,1,1,1.0
68817,0,0.102389761,63,0,0.341331451,4250.0,10,0,3,0,0.0
68818,0,0.047577477,30,0,0.41962775,6500.0,10,0,2,0,0.0
68820,0,0.6348773839999999,33,0,0.11613517400000001,2100.0,3,0,0,0,0.0
68821,0,0.032965271000000004,73,0,0.47092151299999996,6000.0,6,0,2,0,0.0
68822,1,1.2068965520000001,45,0,0.016806723,1903.0,2,1,0,1,3.0
68824,0,0.721586064,56,1,0.23004317,13666.0,17,0,1,0,0.0
68825,0,0.578442893,48,1,0.43100552,8333.0,10,0,2,0,1.0
68826,0,0.03611253,63,0,0.17795407100000002,11974.0,7,0,2,0,0.0
68827,0,0.020140278,38,0,0.300449925,6000.0,8,0,1,0,1.0
68828,0,0.044700825,74,0,0.180178742,6265.0,7,0,1,0,0.0
68829,0,0.030284464,31,0,0.475504899,5000.0,15,0,1,0,0.0
68830,0,0.028683882,69,0,130.0,,6,0,0,0,0.0
68831,0,0.025778488,85,0,127.0,,2,0,0,0,0.0
68833,0,0.40602164700000004,53,0,0.31427429,2500.0,2,0,1,0,0.0
68834,0,0.9999998999999999,23,0,0.0,820.0,1,0,0,0,0.0
68835,0,0.046745132,57,1,0.613788896,4916.0,31,0,1,0,3.0
68836,1,0.20391837100000001,59,6,0.11097871,12587.0,8,0,0,1,0.0
68837,0,0.13545754599999998,66,0,0.216021393,8600.0,29,0,2,0,0.0
68838,0,0.05920055900000001,57,0,0.095161935,2500.0,7,0,0,0,0.0
68839,1,0.679526706,26,0,0.5567216389999999,2000.0,12,0,0,0,0.0
68841,0,0.0,58,0,0.0,876.0,3,0,0,0,0.0
68843,0,0.061904492,41,0,0.06984267,6800.0,4,0,0,0,2.0
68844,0,0.017796441,85,0,0.000631512,3166.0,1,0,0,0,1.0
68848,0,0.06282325400000001,61,1,0.562035037,8333.0,2,0,1,0,0.0
68850,0,0.018078887,56,0,1881.0,,17,0,1,0,0.0
68851,0,0.20158674399999998,51,1,0.37940480600000004,8030.0,7,0,2,0,2.0
68853,0,0.9999998999999999,64,0,0.17021276600000002,4605.0,3,0,0,0,1.0
68854,0,0.17427857300000002,40,0,1900.0,,6,0,1,0,2.0
68855,0,0.027279253,43,0,1726.0,,4,0,1,0,4.0
68856,0,0.989937318,37,0,0.612821015,5100.0,12,0,1,0,2.0
68860,0,0.559142747,33,1,0.445524201,5350.0,7,0,1,0,3.0
68861,1,0.726791524,43,0,6777.0,,22,0,2,0,2.0
68862,0,0.1794826,53,0,0.35215359399999996,7916.0,10,0,1,0,0.0
68863,0,0.911652427,26,0,0.774193548,650.0,4,0,0,0,0.0
68864,0,0.20402105899999998,47,0,0.22365572,11083.0,10,0,2,0,3.0
68867,0,0.9885859229999999,24,0,0.041991602,3333.0,2,0,0,0,0.0
68868,0,0.057000318,61,0,0.36630754200000004,4083.0,21,0,1,0,0.0
68870,0,0.010024749,52,0,0.19784908,11250.0,7,0,2,0,2.0
68872,0,0.6722655470000001,46,0,0.733838993,5800.0,9,0,1,0,0.0
68873,0,0.659212908,71,0,0.465648855,1833.0,10,0,0,0,0.0
68875,0,0.73855302,43,0,0.44519883600000004,11340.0,11,0,1,0,2.0
68876,0,0.01173307,62,0,0.086166152,5500.0,9,0,0,0,0.0
68877,0,0.00079984,29,0,0.015936255,501.0,2,0,0,0,0.0
68879,0,0.100321324,58,0,326.0,,7,0,0,0,0.0
68880,0,0.0,71,0,0.0,,1,0,0,0,
68881,0,0.120115195,63,0,1555.0,,6,0,1,0,0.0
68886,0,0.005587124000000001,37,0,0.09498416900000001,6000.0,9,0,0,0,3.0
68889,0,0.227429943,76,0,0.265488372,5374.0,9,0,1,0,0.0
68890,0,0.004092928,90,0,0.000999833,6000.0,3,0,0,0,0.0
68891,0,0.01733571,79,0,1391.0,,6,0,2,0,0.0
68894,0,0.505238352,32,0,1.5307716340000002,3200.0,9,0,2,0,0.0
68895,0,0.0,63,0,0.0,10000.0,4,0,0,0,0.0
68896,0,50.0,49,0,1.0,,2,0,0,0,0.0
68897,0,0.9999998999999999,60,0,1908.0,,4,0,3,0,0.0
68898,0,0.356095183,45,0,0.40007594,7900.0,7,0,1,0,4.0
68900,0,0.7841326740000001,46,0,0.7524227040000001,4333.0,8,0,1,0,3.0
68901,0,0.13323526900000002,62,0,0.58974359,350.0,9,0,0,0,0.0
68902,0,0.9999998999999999,66,0,975.0,,5,0,1,0,0.0
68903,0,0.227852959,39,2,0.028055244,90000.0,21,0,2,0,3.0
68904,0,0.899431733,66,0,0.480241588,5794.0,8,0,2,0,0.0
68906,0,0.016868832,93,0,0.009151414,1201.0,3,0,0,0,0.0
68908,0,0.0,48,0,0.067488752,6000.0,6,0,0,0,1.0
68909,0,0.297748298,44,0,1.237480848,12400.0,42,0,25,0,2.0
68912,0,0.025978112999999997,52,0,0.272616715,14800.0,10,0,3,0,0.0
68913,0,0.016397315,60,0,0.340032998,6666.0,13,0,1,0,1.0
68917,0,0.257055066,61,0,0.680042661,7500.0,20,0,2,0,0.0
68918,0,0.00257334,71,0,0.000421408,2372.0,2,0,0,0,1.0
68923,0,0.38285876399999996,77,0,0.9618781959999999,2150.0,6,0,2,0,1.0
68924,0,0.48303393200000005,32,1,0.25355341600000003,2180.0,3,0,0,1,0.0
68925,0,0.651591615,35,0,0.301132578,1500.0,3,0,0,0,0.0
68926,0,0.288214605,47,0,2895.0,,11,0,1,0,0.0
68927,0,0.558127477,53,0,0.438880349,12360.0,10,0,3,0,2.0
68928,0,0.129612798,65,0,25.0,,3,0,0,0,0.0
68930,0,0.036960227000000005,58,0,0.53153972,5500.0,14,0,1,0,0.0
68931,0,0.55318617,48,0,0.151476252,14800.0,8,0,1,0,1.0
68933,0,0.279393015,72,1,0.681196148,3945.0,13,0,1,0,0.0
68934,0,0.07933543400000001,31,0,0.014074758,4333.0,3,0,0,1,0.0
68936,0,0.9999998999999999,52,0,1385.0,,1,0,1,0,
68938,0,0.6728494009999999,32,0,0.41007783700000006,2440.0,7,0,0,0,0.0
68940,0,0.0009193160000000001,56,0,0.163199484,6200.0,13,1,2,0,3.0
68941,1,0.933491218,47,1,0.31050429399999996,4540.0,6,0,1,2,3.0
68942,0,0.13093453300000002,49,1,0.613846723,2700.0,10,0,1,1,1.0
68943,0,0.052853584,42,0,0.506521224,4216.0,7,0,1,0,0.0
68945,0,0.135187229,59,0,0.642991435,4786.0,13,0,1,0,1.0
68946,0,0.617279013,49,0,0.60074511,3220.0,11,0,0,0,2.0
68949,0,0.032102341,57,0,0.293341332,5000.0,8,0,1,1,0.0
68950,0,0.026804124,91,0,9.0,,6,0,0,0,0.0
68951,0,0.036102748,55,0,2470.0,,17,0,1,0,0.0
68952,0,0.21456867,53,1,0.240115198,16666.0,6,0,2,0,2.0
68955,0,0.9999998999999999,30,0,0.24722427800000002,1350.0,1,0,0,0,0.0
68956,0,0.634868257,76,0,2517.0,,5,0,2,0,0.0
68957,0,0.0,41,0,0.473519553,4474.0,8,0,2,0,2.0
68959,0,0.026665678999999998,48,0,1412.0,,6,0,1,0,1.0
68962,0,0.149252883,30,0,0.026994601,3333.0,7,0,0,0,0.0
68965,0,0.009999747,59,0,0.39122738,5083.0,5,0,2,0,1.0
68966,0,0.10062997900000001,56,0,0.278694379,14000.0,11,0,2,0,3.0
68970,0,0.275456755,75,0,749.0,,8,0,1,0,0.0
68971,0,0.026631425,69,0,0.007904009,10500.0,12,0,0,0,0.0
68972,1,0.173478656,27,0,595.0,,2,1,0,0,1.0
68973,1,0.9999998999999999,34,2,0.249401523,4594.0,7,1,1,0,0.0
68975,0,0.011598506000000001,46,0,0.188451034,5125.0,15,0,1,0,0.0
68976,0,0.9999998999999999,34,3,2121.0,0.0,9,0,2,9,2.0
68978,0,0.46567755200000005,45,0,0.520413264,6000.0,11,0,2,0,1.0
68979,0,0.019157223,33,0,0.419420645,4901.0,11,0,1,0,1.0
68981,0,0.9999998999999999,49,1,0.0,2036.0,0,0,0,0,0.0
68982,0,0.342811215,58,1,0.19084723399999998,9111.0,8,0,1,0,1.0
68983,0,0.338899109,63,1,0.487304302,7600.0,6,0,2,0,0.0
68984,0,0.999597342,32,0,0.27367883600000004,3916.0,12,0,0,0,0.0
68988,0,0.48351648399999997,22,0,0.162335066,2500.0,3,0,0,0,0.0
68989,0,0.502685577,42,0,0.100688648,9583.0,4,0,0,0,0.0
68990,0,0.965906385,51,0,0.50855424,5318.0,6,0,1,0,1.0
68992,0,0.313899779,36,0,0.464649786,3040.0,9,0,0,0,3.0
68993,0,0.08915761800000001,77,0,0.025446296,10138.0,16,0,0,0,1.0
68994,0,0.129004671,65,0,0.34680759899999997,7000.0,4,0,1,0,1.0
68995,0,0.011555975,44,0,0.321984559,7900.0,11,0,2,0,0.0
68996,0,3.45e-05,62,0,0.076538528,5800.0,14,0,0,0,0.0
68998,0,0.8876905909999999,36,5,0.442889278,4000.0,11,0,0,2,0.0
68999,0,0.083130562,59,0,74.0,,6,0,0,0,0.0
69000,0,0.017390961,91,0,0.004642028,5600.0,2,0,0,0,1.0
69001,1,0.358640287,44,1,0.077694729,5083.0,20,0,0,0,4.0
69005,0,0.0,33,2,1827.0,,10,0,1,0,0.0
69008,0,0.000216862,58,0,0.23938031,2000.0,6,0,0,0,0.0
69010,0,0.137325704,44,0,0.850383206,3000.0,3,0,1,0,2.0
69011,0,0.059158420999999996,54,0,0.292084342,5785.0,10,0,1,0,2.0
69012,0,0.137552103,56,0,0.35323291700000004,5443.0,8,0,1,0,1.0
69013,0,0.117047582,50,0,0.368915293,5217.0,11,0,1,0,1.0
69014,0,0.35391918299999997,48,0,0.5754022360000001,3666.0,10,0,1,0,2.0
69015,0,0.019458366,85,0,0.07923065900000001,6966.0,6,0,0,0,1.0
69016,0,0.044570064000000006,76,0,0.18525036,6250.0,9,0,0,0,0.0
69017,0,0.0,79,0,0.666583354,4000.0,8,0,3,0,0.0
69018,0,0.57416455,29,0,1133.0,,10,0,0,1,2.0
69019,0,0.953514999,44,0,0.22113473,6538.0,7,0,0,0,2.0
69021,0,0.768337695,43,0,0.176687278,7600.0,4,0,0,0,3.0
69022,0,0.261929924,44,0,1.32464146,2300.0,8,0,2,0,2.0
69023,0,0.0,77,0,440.0,,3,0,0,0,0.0
69024,0,0.054408860999999996,75,0,0.034290613,9331.0,7,0,0,0,0.0
69025,0,0.009965174,36,0,0.199746755,3158.0,4,0,0,0,1.0
69026,0,0.37896210399999997,31,0,0.41314380700000003,5416.0,8,0,1,0,0.0
69027,0,1.4379457919999998,46,1,0.23845050199999998,3484.0,3,1,1,0,3.0
69028,0,0.067636097,30,0,0.37193801,6000.0,9,0,2,0,0.0
69029,0,0.100372953,69,0,0.006582885,8354.0,3,0,0,0,0.0
69030,0,0.12651907,51,0,749.0,,11,0,0,0,3.0
69031,0,0.0,50,1,0.619978284,2762.0,5,2,1,0,1.0
69032,0,0.020027579,73,0,0.20766507,4800.0,14,0,1,0,0.0
69033,0,0.0,60,0,0.316685268,3583.0,18,0,2,0,0.0
69034,0,0.08332268,68,0,0.01666508,10500.0,15,0,0,0,0.0
69035,0,0.02912249,61,0,33.0,,5,0,0,0,
69037,0,0.046992125999999995,61,0,0.16285903300000001,65000.0,10,0,3,0,1.0
69039,0,0.0,70,0,0.0,,2,0,0,0,0.0
69041,0,0.19409780100000001,50,0,0.573568627,12749.0,10,0,3,0,2.0
69042,0,0.199992793,53,0,0.4001616,9900.0,11,0,4,0,2.0
69043,0,0.2485623,66,1,0.372620469,15916.0,21,0,2,0,1.0
69044,0,0.042416029,28,0,0.005560433,6833.0,7,0,0,0,0.0
69046,1,0.360215424,47,0,0.420969931,14000.0,14,0,3,0,2.0
69047,0,0.133724418,44,0,0.259474278,6200.0,9,0,2,0,2.0
69048,0,0.001070849,64,0,6.0,,10,0,0,0,0.0
69049,0,0.9999998999999999,52,0,50.0,,0,0,0,0,0.0
69051,0,0.082087178,30,0,0.555876472,4500.0,3,0,1,0,0.0
69052,0,0.004104416,44,1,0.499869099,11458.0,10,0,3,0,2.0
69053,0,0.003825522,45,0,0.317542408,4833.0,11,0,1,0,1.0
69055,0,0.0,63,0,37.0,,2,0,0,0,0.0
69056,0,0.886167667,45,0,2323.0,,10,0,1,1,0.0
69057,0,0.221389305,25,0,0.167380748,3500.0,3,0,0,0,0.0
69058,0,0.249076415,53,0,0.49940181200000006,5850.0,11,0,3,0,2.0
69060,0,0.617039543,35,0,0.135969784,4500.0,5,0,0,0,0.0
69062,0,0.05495523,63,0,0.14202685,12215.0,11,0,1,0,1.0
69063,0,0.0,62,0,714.0,,5,0,1,0,0.0
69064,0,0.06326883700000001,65,0,3375.0,,9,0,2,0,1.0
69065,0,0.35387320899999997,26,0,0.240939765,4000.0,11,0,0,0,0.0
69066,0,0.028800094,72,0,0.293463317,8000.0,21,0,2,0,2.0
69072,0,0.421810425,25,0,0.541944075,750.0,8,0,0,0,0.0
69075,0,0.0,49,0,0.520438365,12500.0,10,0,2,0,1.0
69076,0,0.147480799,55,0,0.917737789,3500.0,15,0,1,0,1.0
69077,0,0.203379632,33,0,0.7008152590000001,6500.0,13,0,2,0,1.0
69078,0,0.09670209,58,0,0.200999853,6800.0,11,0,2,1,0.0
69079,0,0.041004228999999996,29,1,0.316184191,6666.0,12,0,1,0,0.0
69080,0,0.023515012999999998,70,0,1168.0,,15,0,1,0,0.0
69081,1,0.96687914,42,0,0.273901809,3482.0,3,1,0,3,1.0
69082,0,0.6384156870000001,31,1,0.7954668109999999,3705.0,16,0,2,0,0.0
69084,0,0.029093242000000002,87,0,0.309603151,3300.0,5,0,2,0,0.0
69086,0,0.013333026999999999,55,0,17.0,,5,0,0,0,0.0
69088,0,0.9999998999999999,35,0,0.474339036,4500.0,6,1,2,0,1.0
69092,0,0.041697915,56,0,0.310446297,6116.0,10,0,1,0,0.0
69093,0,0.041199986,61,1,0.481703659,5000.0,10,0,1,0,0.0
69096,0,0.9999998999999999,52,0,0.0,,1,0,0,0,0.0
69097,0,0.04603269,51,0,0.38192494299999996,7833.0,10,0,1,0,0.0
69098,0,0.341941655,30,0,0.290233838,2180.0,4,0,0,0,0.0
69099,0,0.5012135289999999,58,0,0.460634444,11316.0,14,0,2,0,1.0
69100,0,0.013716438000000001,84,1,0.00266637,9000.0,5,0,0,0,0.0
69101,0,0.9710057990000001,35,0,0.568989386,6500.0,8,0,2,0,2.0
69103,0,0.009006453000000001,28,0,0.855635758,1800.0,6,0,2,0,0.0
69104,0,0.039071399,41,0,0.222057625,13500.0,11,0,2,0,3.0
69106,0,0.017333837,66,0,0.010278114,6615.0,8,0,1,0,0.0
69107,0,0.510147495,65,0,0.688958009,4500.0,20,0,1,0,1.0
69108,0,0.13091476300000002,54,0,0.019796041,5000.0,3,0,0,0,0.0
69109,0,0.139093045,44,0,0.19036533,5583.0,2,0,1,0,0.0
69110,0,0.446083512,51,0,0.69971982,8208.0,10,0,3,0,1.0
69111,0,0.22021111,53,0,0.360860137,11067.0,20,0,1,0,3.0
69112,0,0.016715843,82,1,0.02276513,1800.0,14,0,0,0,0.0
69113,0,0.16561314800000002,42,1,0.366213314,6984.0,13,0,2,0,3.0
69115,1,0.53982006,39,2,0.301383399,7083.0,5,1,1,0,0.0
69116,0,0.984993393,58,0,0.299252075,12166.0,13,0,1,0,0.0
69117,0,0.129304855,63,0,1.3539764019999998,15000.0,16,0,3,0,0.0
69118,1,0.890149512,50,2,0.994212049,3800.0,13,1,1,0,0.0
69119,0,0.214983463,46,0,0.274077342,6800.0,11,1,1,0,3.0
69120,0,0.0,45,1,0.28277923,2676.0,4,0,1,0,1.0
69121,0,0.0,34,2,1.04565145,3000.0,8,0,1,0,2.0
69122,0,0.268688631,62,0,0.301570861,5792.0,10,0,1,0,0.0
69123,0,0.025345907,65,0,0.024574189,11800.0,5,0,0,0,0.0
69124,0,0.43435570100000004,45,1,0.500874781,4000.0,7,0,1,0,2.0
69125,0,0.007291476999999999,73,0,8.0,,4,0,0,0,0.0
69126,0,0.0,74,0,0.0,,2,0,0,0,
69128,0,0.010268698,61,1,0.684649968,4670.0,14,0,2,0,0.0
69129,0,0.9999998999999999,79,0,0.20485549100000003,4324.0,1,0,0,0,0.0
69130,0,0.149609193,63,0,0.390406396,1500.0,12,0,1,0,0.0
69132,0,0.540498603,43,0,0.230419633,6600.0,9,0,0,0,2.0
69134,0,0.0,77,0,18846.0,,17,0,9,0,0.0
69135,0,0.0,56,0,2044.0,,3,0,1,0,0.0
69136,0,0.018658931,65,0,0.001041623,24000.0,4,0,0,0,1.0
69137,1,0.41887969,35,2,0.37746555,3700.0,15,0,2,0,0.0
69140,0,0.8659705529999999,60,0,0.8408864540000001,4015.0,9,0,2,0,0.0
69141,1,0.648417347,46,4,0.9879236459999999,7700.0,18,0,7,0,2.0
69143,0,0.0,86,0,0.00019996,5000.0,7,0,0,0,0.0
69145,0,0.01121332,68,0,0.001662404,7819.0,4,0,0,0,1.0
69146,0,0.206710707,64,0,0.21385758800000002,4170.0,13,0,0,0,1.0
69147,0,0.057325109000000006,50,0,0.20007441199999998,10750.0,3,0,1,0,0.0
69148,0,0.9999998999999999,39,0,0.223240317,2400.0,4,0,0,0,0.0
69150,0,0.017599847,62,0,59.0,,15,0,0,0,0.0
69153,1,0.9999998999999999,54,0,3035.0,,4,4,2,0,0.0
69154,0,0.17056483,53,0,437.0,,5,0,0,0,2.0
69155,0,0.020234204,57,0,0.116684138,12400.0,23,0,2,0,1.0
69156,0,0.713603353,37,0,0.289878808,6105.0,6,0,0,0,3.0
69157,0,0.072540785,60,0,0.005541048000000001,15700.0,10,0,0,0,0.0
69159,0,0.0039258290000000005,74,0,4.0,,5,0,0,0,0.0
69160,0,0.44393855600000004,42,1,0.538795566,8750.0,11,0,4,0,3.0
69161,0,0.414369183,57,0,7818.0,,16,0,1,0,0.0
69165,0,0.0,28,0,0.025958702,3389.0,5,0,0,0,0.0
69167,0,0.319679659,52,0,0.756124722,7183.0,20,0,2,0,0.0
69168,0,0.0,41,0,0.097425655,4505.0,5,0,0,0,0.0
69169,0,0.20637852899999998,44,0,0.6854032440000001,4500.0,9,0,1,0,2.0
69171,0,0.010634358,29,0,0.021326225,3000.0,7,0,0,0,0.0
69172,0,0.067014723,55,0,0.023901472000000003,9580.0,6,0,0,0,0.0
69173,0,0.43307781799999995,44,0,0.221182077,23500.0,13,0,4,0,1.0
69174,0,0.203547275,54,0,1921.0,,10,0,2,0,1.0
69177,0,0.271155957,37,1,0.343996494,9127.0,17,0,1,0,1.0
69178,0,0.0,33,2,0.386722655,5000.0,5,0,2,0,0.0
69179,0,0.025725473,61,0,0.175844583,14000.0,17,0,1,0,0.0
69180,0,0.019375106,76,0,2447.0,,17,0,1,0,0.0
69185,0,0.043811130999999996,53,0,0.214302856,8333.0,9,0,2,0,0.0
69186,0,0.291042868,41,0,0.298672212,6250.0,6,0,2,0,0.0
69192,0,0.05849805,44,0,0.085409549,12000.0,9,0,1,0,0.0
69194,0,0.018467571000000002,69,0,0.19213667199999998,4272.0,12,0,1,0,1.0
69195,0,0.069530461,51,0,734.0,,12,0,0,0,0.0
69196,0,0.020659988,41,0,0.013071895,2600.0,9,0,0,0,0.0
69197,0,0.21182514600000002,69,2,0.15161612800000002,3000.0,6,0,0,0,0.0
69198,0,0.008766374,36,0,7.0,,4,0,0,0,1.0
69201,0,0.098513553,73,0,0.053742802,2083.0,3,0,0,0,0.0
69204,0,0.005472365,59,0,0.173119663,8548.0,7,0,1,0,0.0
69206,0,0.9999998999999999,32,0,0.6954732509999999,1700.0,2,0,1,0,1.0
69207,0,0.18066332100000002,49,0,7808.0,,8,0,2,0,0.0
69208,0,0.022029193,55,0,0.005364545,4100.0,5,0,0,2,0.0
69209,0,0.308887795,57,2,0.47858690200000004,6000.0,10,0,2,0,2.0
69210,0,0.22997700199999999,64,0,68.0,,4,0,0,0,0.0
69212,1,0.07555386,66,2,0.18083803,4080.0,10,0,0,0,0.0
69213,0,0.9999998999999999,36,0,0.364265429,25000.0,8,0,3,0,0.0
69215,0,0.9999998999999999,27,1,0.097655529,5416.0,3,1,0,1,1.0
69216,0,0.185324508,66,0,0.18371388600000002,8583.0,6,0,1,0,0.0
69217,0,0.123536519,51,0,0.058684055,6747.0,5,0,0,0,2.0
69218,0,0.582834331,26,0,0.002185195,3660.0,2,0,0,0,0.0
69219,0,0.9999998999999999,58,1,0.459135489,2752.0,3,2,1,1,0.0
69222,0,0.179705728,29,0,0.42789302700000004,4000.0,9,0,1,0,0.0
69223,0,0.510577794,48,0,0.24329405,13830.0,17,0,2,0,3.0
69224,0,0.366568089,42,0,0.071923536,4184.0,3,0,0,0,1.0
69225,0,0.000525242,68,0,0.280841911,6508.0,17,0,1,0,0.0
69226,0,0.016018552,48,0,0.248958507,6000.0,7,0,2,0,1.0
69229,0,0.232445111,38,0,0.451091485,6000.0,17,0,1,0,0.0
69230,0,0.097572561,60,0,1044.0,,4,0,1,0,0.0
69231,0,0.329181937,36,0,0.469895579,4500.0,9,0,1,0,0.0
69232,0,0.000299994,69,1,0.0,3500.0,5,0,0,0,0.0
69233,0,0.018236767,75,0,0.004319654,8333.0,8,0,0,0,0.0
69234,0,0.100094995,70,0,0.325173986,4166.0,5,0,2,0,0.0
69235,0,0.07146001,54,1,0.39369760600000003,9900.0,14,0,4,0,1.0
69236,0,0.621380925,52,0,0.586706211,5731.0,10,0,2,0,3.0
69238,0,0.02130373,67,0,0.005888951,3565.0,4,0,0,0,0.0
69239,0,0.23339522899999998,29,0,918.0,,6,0,0,0,4.0
69242,0,0.9999998999999999,62,1,363.0,,1,1,0,0,0.0
69243,0,0.082992592,54,0,0.253727473,7712.0,8,0,1,0,0.0
69244,0,0.0,50,0,0.562833994,5800.0,11,0,2,0,2.0
69246,0,0.39460248,53,0,0.452649068,5416.0,19,0,3,0,2.0
69248,0,0.015523317,67,0,0.002133049,7500.0,8,0,0,0,0.0
69250,0,0.601902646,73,0,1.46835443,1500.0,2,1,1,0,0.0
69251,0,0.413673895,53,0,1514.0,,2,0,1,0,0.0
69253,0,1.019564272,47,0,0.18693649899999998,15416.0,11,0,1,0,2.0
69254,0,1.003996004,28,2,0.139703973,3850.0,5,0,0,1,0.0
69255,0,0.040663956,62,0,0.055081803,36000.0,6,0,1,0,0.0
69256,0,0.148179011,68,0,1075.0,,8,0,1,0,
69258,0,0.017532165,57,0,30.0,1.0,3,0,0,0,0.0
69259,0,0.0,56,0,0.0,,11,0,0,0,0.0
69260,0,0.125962468,69,0,0.30933525300000003,4166.0,5,0,1,0,0.0
69261,0,0.971545295,74,0,3304.0,,12,0,1,0,1.0
69262,0,0.051973701,53,0,75.0,0.0,7,0,0,0,2.0
69264,0,0.035183782999999996,53,0,0.669208692,12194.0,10,0,3,0,2.0
69265,0,0.575842416,40,0,0.22120271,7083.0,5,0,1,0,4.0
69266,0,0.9965309659999999,62,0,0.33358396,3989.0,17,1,0,0,1.0
69267,0,0.8892051679999999,32,0,0.028074763,13000.0,4,0,0,0,0.0
69268,0,0.043344805,71,0,0.003357438,3871.0,3,0,0,0,0.0
69269,0,0.951601047,49,0,1.137266187,3474.0,13,0,0,0,0.0
69270,0,0.265479107,57,0,2.40029985,2000.0,8,0,2,0,0.0
69272,0,0.9999998999999999,36,0,0.442673749,2258.0,3,0,1,0,0.0
69273,0,0.0,77,0,1452.0,,2,0,1,0,0.0
69275,0,0.0,41,0,0.24267840000000002,7272.0,8,0,1,0,2.0
69277,0,0.740060481,48,0,2435.0,1.0,15,0,2,0,2.0
69278,1,0.9999998999999999,38,0,0.668779715,1892.0,4,0,1,0,2.0
69279,0,0.177095387,47,0,0.8019992309999999,2600.0,15,0,0,0,2.0
69280,0,0.29989877600000003,29,0,0.43818596,4828.0,11,1,1,0,1.0
69281,1,0.683305336,32,0,0.18376948,3400.0,3,0,0,0,0.0
69286,0,0.171189478,34,0,0.5581104720000001,4000.0,12,0,1,0,0.0
69287,0,0.062406444000000005,50,0,0.31683168300000003,11917.0,4,0,1,0,0.0
69290,0,0.041303737,66,0,0.625567264,13000.0,11,0,3,0,0.0
69291,0,0.0,24,0,0.0,2655.0,2,0,0,0,0.0
69292,0,0.294459236,30,0,0.09737719199999999,6900.0,7,0,0,0,0.0
69293,0,0.365447171,34,0,0.315583955,5633.0,14,0,1,0,1.0
69294,0,0.084613835,41,0,137.0,,3,0,0,0,0.0
69295,0,0.04819518,73,0,0.003647733,3837.0,1,0,0,0,0.0
69297,0,0.031465573999999996,64,0,0.21028142600000002,13324.0,14,0,1,0,1.0
69299,1,0.687312687,26,2,0.418562874,1669.0,4,0,0,0,0.0
69300,0,0.9999998999999999,29,0,0.0,820.0,1,0,0,0,0.0
69301,0,0.49936199600000003,48,1,2.909251101,2269.0,17,0,2,0,3.0
69302,0,0.12211240300000001,53,1,0.417145714,4000.0,6,0,1,0,1.0
69303,0,0.074229267,52,0,0.019753337,69000.0,10,0,1,0,1.0
69304,0,0.446755324,54,0,0.231292517,3674.0,8,0,1,0,0.0
69305,0,0.0,56,0,0.7896673540000001,6793.0,10,0,1,0,2.0
69306,0,0.012332511,40,0,0.662704144,9000.0,7,0,2,0,2.0
69307,0,0.08871711199999999,73,0,0.550847458,4011.0,4,0,1,0,0.0
69309,1,0.824971241,47,1,0.777575537,8240.0,6,1,4,0,2.0
69310,0,0.382785255,64,0,3127.0,,10,0,2,0,0.0
69311,0,0.045799295,31,0,0.008705859,10222.0,7,0,0,0,2.0
69312,0,0.101179764,49,0,0.014985015,1000.0,7,0,0,0,0.0
69313,0,0.5137247770000001,57,1,3265.0,,15,0,2,0,0.0
69314,0,0.11114444300000001,72,0,2869.0,,7,0,3,0,0.0
69315,0,0.399871035,63,0,0.6085680210000001,10900.0,18,0,3,0,0.0
69316,1,0.160677458,63,0,0.0036618,21300.0,3,0,0,0,0.0
69317,0,0.264043399,34,1,318.0,0.0,3,0,0,0,0.0
69318,0,0.14775102,43,0,0.055637982,4043.0,6,0,0,0,3.0
69319,0,0.806199613,48,1,0.099987806,8200.0,2,0,0,0,1.0
69320,0,0.03783276,56,0,0.178955261,4000.0,10,0,1,0,0.0
69322,0,0.46443416200000004,58,0,3056.0,,11,0,1,0,0.0
69323,0,0.0,27,0,0.0,,1,0,0,0,4.0
69324,0,0.006524376,52,0,0.157738095,7391.0,8,0,2,0,0.0
69325,0,0.098940457,24,0,0.470623864,1650.0,5,0,0,0,0.0
69327,0,0.112537496,36,0,0.079780016,14000.0,11,0,0,0,1.0
69328,0,0.091829446,56,0,1542.0,,12,0,1,0,0.0
69329,0,0.9999998999999999,47,0,1523.0,,1,0,1,0,0.0
69330,0,0.345654346,52,0,0.529621699,1400.0,4,0,0,1,1.0
69331,0,0.9999998999999999,50,0,0.321525496,7000.0,8,0,2,0,4.0
69333,0,0.05172250900000001,62,0,0.091947866,5600.0,13,0,0,0,2.0
69335,0,0.539908529,59,0,0.58400516,3100.0,9,0,0,2,0.0
69336,0,0.0,64,0,5302.0,,13,0,2,0,
69343,0,0.041789129,65,0,49.0,,2,0,0,0,0.0
69344,0,0.9999998999999999,29,1,472.0,,1,6,0,0,2.0
69348,0,0.010844346999999999,48,0,0.006069260999999999,2800.0,6,0,0,0,0.0
69349,0,0.21212626199999998,43,0,0.8206739009999999,1750.0,8,0,1,0,2.0
69350,0,0.181652672,30,0,0.43252249299999995,3000.0,10,0,2,0,1.0
69351,0,0.123970925,50,0,0.258375724,5700.0,11,0,1,0,1.0
69352,0,0.0046292009999999995,37,0,0.120092379,3030.0,7,0,0,0,3.0
69354,0,0.241671474,63,1,2719.0,,11,0,2,0,0.0
69357,0,0.879864636,61,0,456.0,,6,0,0,0,0.0
69358,0,0.23328717100000002,58,0,0.354034643,7100.0,11,0,1,0,3.0
69359,0,0.26221104300000003,58,1,0.554313244,11000.0,19,0,3,0,2.0
69361,0,0.041512702,74,0,1485.0,,13,0,1,0,1.0
69362,0,0.0,69,0,602.0,,2,0,1,0,0.0
69365,0,0.300475279,41,1,0.532986805,2500.0,8,0,1,0,0.0
69367,0,0.11772940900000001,49,0,0.07811664,7475.0,4,0,0,0,0.0
69370,0,0.257656638,47,0,0.386359579,5600.0,10,0,1,0,2.0
69371,0,0.640894364,81,0,0.36074442799999995,4620.0,5,0,3,0,0.0
69372,0,0.23442833,71,0,1.0427915909999999,9370.0,17,0,6,0,0.0
69373,0,0.017954979,58,0,0.21850419899999998,7500.0,13,0,2,0,1.0
69374,0,0.136990208,65,0,0.9120097770000001,9000.0,5,0,0,0,0.0
69375,0,0.004698290999999999,64,0,0.10039575099999999,4800.0,20,0,1,0,0.0
69376,0,0.97330267,42,0,0.340806231,9500.0,7,0,2,0,2.0
69377,0,0.293926518,81,0,0.01308615,2750.0,4,0,0,0,0.0
69378,0,0.018549073,66,0,0.201632759,7716.0,4,0,1,0,1.0
69379,0,0.29129520000000003,69,1,4183.0,,16,0,2,0,1.0
69380,0,0.038860999,49,0,720.0,,7,0,1,0,0.0
69382,0,0.070872785,56,0,0.165819515,12000.0,7,0,1,0,3.0
69385,1,0.8992403040000001,43,0,0.521319389,8700.0,4,0,2,0,0.0
69387,0,0.299214844,45,0,1.199184065,4166.0,7,0,1,0,2.0
69388,0,0.0,75,0,0.459829693,2700.0,3,0,1,0,0.0
69389,0,0.042695272,66,0,115.0,,8,0,0,0,0.0
69390,1,0.9999998999999999,36,0,0.530979347,1500.0,1,4,0,0,1.0
69391,0,0.134097927,38,1,384.0,,4,0,0,0,
69392,0,0.9048033040000001,40,3,0.537753223,3800.0,6,0,1,0,3.0
69393,0,0.862744415,80,0,0.32314744100000004,3926.0,5,0,0,0,0.0
69395,0,0.20244376600000002,48,0,21.0,,2,0,0,0,0.0
69396,1,0.839920949,39,1,0.925476603,7500.0,5,1,3,0,2.0
69397,0,0.6764803909999999,45,0,0.62430571,4500.0,16,0,2,0,0.0
69398,0,0.015056666000000002,63,0,0.162416388,9567.0,9,0,1,0,1.0
69400,0,0.294453267,37,0,0.464629962,6120.0,4,0,2,0,0.0
69402,0,0.080597313,56,0,0.604017217,2787.0,4,0,1,0,0.0
69403,0,0.43995307,75,0,0.396254024,3416.0,12,0,0,0,1.0
69404,0,0.7861722320000001,50,0,0.635830445,3750.0,8,0,0,0,2.0
69405,0,0.152852776,54,0,0.417089679,8273.0,7,0,1,0,1.0
69407,0,0.011405097,39,0,0.142300499,6415.0,12,0,1,0,1.0
69408,0,0.9999998999999999,63,0,0.11945905300000001,2661.0,3,0,0,0,0.0
69410,0,0.169859553,55,0,0.139361385,3350.0,8,0,0,0,1.0
69411,0,0.359200136,40,0,0.21759514600000002,3625.0,4,0,1,0,0.0
69412,0,0.0,55,0,1745.0,,5,0,1,0,0.0
69413,0,0.224395028,64,0,0.34883351799999995,6300.0,11,0,1,0,1.0
69415,0,0.33419911199999996,51,0,1.585665949,3250.0,13,0,1,0,0.0
69416,0,0.12389612900000001,43,0,0.58435916,5523.0,11,0,3,0,2.0
69417,0,0.775293873,65,0,0.5971062229999999,8500.0,10,0,2,0,2.0
69418,0,0.06970638900000001,66,0,0.027328778999999997,6000.0,12,0,0,0,0.0
69419,0,0.006566557,47,0,0.13593978199999998,8900.0,6,0,2,0,1.0
69421,0,0.8958358129999999,65,0,3.7875354110000004,2470.0,17,0,0,0,0.0
69422,0,0.9999998999999999,67,0,2001.0,,4,0,1,0,0.0
69423,1,0.311406328,33,0,1.036975587,4218.0,5,0,2,0,1.0
69425,0,0.07861815700000001,44,0,0.088134701,3800.0,6,0,0,0,3.0
69426,0,0.19782317100000002,51,0,0.8090630540000001,6200.0,12,0,3,0,0.0
69427,0,0.14495060199999998,69,0,144.0,,7,0,0,0,0.0
69428,1,0.0,36,0,0.620919387,1500.0,8,0,1,0,1.0
69429,0,0.245675432,49,1,0.20236168,10500.0,6,0,1,0,1.0
69430,0,0.211956741,53,0,0.475176241,6666.0,16,0,2,0,1.0
69431,0,0.009829184,63,0,0.145782545,4101.0,8,0,1,0,2.0
69432,0,0.10829918699999999,52,0,0.151979922,3585.0,13,0,0,0,0.0
69433,0,1.117504543,49,1,0.274894271,2600.0,8,1,0,1,0.0
69436,0,0.054299924000000006,57,0,0.18502860000000002,16083.0,11,0,2,0,0.0
69437,0,0.157283271,61,2,0.348687641,5752.0,13,0,1,1,1.0
69438,0,0.0,52,0,0.304087507,8684.0,12,1,1,0,1.0
69440,0,0.21055263100000002,66,0,3181.0,,9,0,1,0,0.0
69441,0,0.038982225,88,0,0.003239935,16666.0,7,0,0,0,0.0
69444,0,0.43485468299999996,28,0,0.687662468,5000.0,10,0,3,0,0.0
69445,0,0.036477846,77,0,0.033343721,3208.0,4,0,0,0,0.0
69447,0,0.00144693,68,0,439.0,,12,0,1,0,0.0
69448,0,0.0,64,0,0.0,,2,0,0,0,
69451,0,0.457103346,41,0,0.043887546,7860.0,6,0,0,0,2.0
69452,0,0.47160116700000004,26,1,566.0,,4,0,0,0,0.0
69453,1,0.999917266,42,0,0.40889614399999996,4900.0,4,0,1,1,3.0
69454,0,0.009187213,49,0,0.540816327,5977.0,9,0,2,0,2.0
69455,0,0.0,81,0,0.339766379,1968.0,7,0,1,0,0.0
69456,0,0.0,45,0,0.23119653399999998,9000.0,4,0,1,0,0.0
69457,0,0.143147308,76,0,0.23410066300000001,7688.0,17,0,2,0,0.0
69460,0,0.001534205,83,0,7.0,,2,0,0,0,
69461,0,0.37665904899999997,61,0,0.35434745100000004,17400.0,14,0,2,0,1.0
69462,0,0.0370214,55,0,0.440164193,3166.0,7,0,1,0,2.0
69463,0,0.001774409,82,0,0.0009996669999999999,3000.0,5,0,0,0,0.0
69464,0,0.034773072,77,0,0.012881855,2716.0,4,0,0,1,0.0
69465,0,0.422661334,43,0,0.229954009,5000.0,4,0,0,0,1.0
69467,0,0.5803056999999999,42,2,0.604925279,4750.0,18,0,1,0,1.0
69469,1,0.035372173,68,0,0.029722922000000002,1984.0,14,0,0,0,0.0
69471,0,0.00705823,66,0,2.0,,6,0,0,0,0.0
69472,0,0.0011734389999999999,28,0,0.000136351,7333.0,5,0,0,0,0.0
69474,1,0.681886352,45,0,0.49264093299999995,3600.0,3,2,1,0,0.0
69475,0,0.553878387,45,0,0.41241408,4800.0,10,0,1,0,0.0
69476,0,0.007582701,40,0,0.198233562,2037.0,2,0,0,0,3.0
69479,0,0.531113987,24,0,0.104151668,4166.0,4,0,0,0,0.0
69480,0,0.020274054,62,0,1982.0,0.0,11,0,1,0,0.0
69481,1,1.033932136,23,0,0.037406484,400.0,1,0,0,0,2.0
69482,0,0.9999998999999999,29,0,0.0,1167.0,1,0,0,0,1.0
69484,0,0.258859264,60,0,0.45000465100000003,10750.0,11,0,3,0,1.0
69485,0,0.038692856,66,0,0.18819918800000002,10100.0,16,0,1,0,1.0
69486,0,0.910920809,56,3,0.124980374,12737.0,13,1,0,0,1.0
69487,0,0.741144065,53,0,0.5181070870000001,4500.0,15,0,1,0,1.0
69488,0,0.075574016,60,0,0.067864087,10800.0,3,0,0,0,0.0
69490,0,0.305338932,43,0,0.730690362,4388.0,8,0,2,0,4.0
69491,0,0.18119154699999998,61,0,1381.0,,4,0,1,0,0.0
69492,0,0.063711317,65,0,1433.0,,5,0,1,0,1.0
69493,0,0.233604755,75,0,0.084409136,12083.0,8,0,0,0,0.0
69494,0,0.43925360700000005,50,1,0.34079828100000004,12100.0,16,0,1,0,4.0
69496,0,0.742892585,59,1,0.48670546600000003,8762.0,17,1,3,0,3.0
69498,0,0.070101042,82,0,0.017746229,2253.0,3,0,0,0,0.0
69501,0,0.120369985,67,0,0.386209814,2363.0,12,0,1,0,2.0
69504,0,0.748821563,51,0,0.33694344200000004,4985.0,15,0,0,0,0.0
69505,0,0.123258736,40,0,2188.0,,14,0,3,0,0.0
69509,0,0.014081722,82,0,0.10672560800000001,3166.0,11,0,0,0,0.0
69510,0,0.002661609,45,0,0.54680282,4112.0,11,0,1,0,2.0
69512,0,0.50785773,62,0,0.53603569,13000.0,19,0,2,0,0.0
69513,0,0.00689064,52,0,0.45377311299999995,2000.0,16,0,2,0,0.0
69514,0,0.030731285,62,2,0.307046367,8216.0,11,0,2,0,1.0
69515,0,0.39599403,84,0,2278.0,,17,0,2,0,0.0
69516,0,0.657109732,48,0,0.634768415,4900.0,15,0,2,0,3.0
69517,0,0.9999998999999999,73,0,0.0,,4,0,0,0,
69518,0,0.298077994,48,0,3960.0,,17,0,2,0,0.0
69519,0,0.047541499,76,0,49.0,,2,0,0,0,
69520,1,1.0251798559999998,34,0,1.576905728,6650.0,6,5,1,1,0.0
69521,0,0.000857102,81,0,0.0,4896.0,3,0,0,0,0.0
69522,0,0.0,48,0,10.0,,1,0,0,0,0.0
69523,0,0.006206683,69,0,0.12323408,4600.0,5,0,1,0,0.0
69524,1,0.844273678,33,0,0.301999298,2850.0,11,0,0,0,0.0
69526,0,0.233532934,44,0,0.63968016,2000.0,3,0,1,0,0.0
69527,0,0.015313088,70,0,0.050433237,4500.0,7,0,0,0,0.0
69528,0,0.036257347999999995,47,1,0.08459869800000001,7375.0,47,0,1,0,0.0
69529,0,0.156759287,37,0,0.24081909,5908.0,5,0,1,0,0.0
69530,0,0.049113144000000004,64,0,7.788552862,4000.0,6,0,1,0,0.0
69531,0,0.031843737000000004,43,0,0.44051189799999996,5000.0,10,0,2,0,1.0
69532,0,0.343118376,69,1,0.452187086,10561.0,16,0,3,0,0.0
69534,0,0.441839796,48,0,0.17941427399999998,3516.0,6,0,1,0,0.0
69536,0,0.072453003,44,0,0.060815047000000004,7974.0,4,0,0,0,4.0
69537,0,0.572193786,76,0,0.19088017,6600.0,4,0,1,0,0.0
69539,0,0.07913711799999999,44,0,0.371553542,12802.0,7,0,2,0,3.0
69540,0,0.179726815,34,0,0.079052259,4515.0,6,0,0,0,0.0
69541,0,0.001287636,85,0,65.0,,3,0,0,0,0.0
69542,0,0.497562805,52,0,0.283101683,4100.0,3,0,2,0,0.0
69545,1,1.004608295,51,1,0.896037495,2346.0,5,0,1,0,2.0
69546,0,0.10822596,71,0,0.018496916999999998,6000.0,4,0,0,0,0.0
69547,1,0.05650266,51,0,4413.0,,8,1,1,1,0.0
69549,0,0.089999058,54,0,0.41228919,14467.0,22,0,3,0,1.0
69550,0,0.33587644899999997,36,0,0.236871098,5445.0,5,0,1,0,4.0
69551,0,0.055910972999999996,43,0,0.220616308,11000.0,9,0,2,0,0.0
69552,0,0.016902162,87,0,0.002587322,10048.0,5,0,0,0,0.0
69553,0,0.463768116,22,0,0.060526316,1899.0,7,0,0,0,0.0
69554,0,0.000830184,67,0,3613.0,,25,0,2,0,0.0
69555,0,0.896418275,69,0,0.9860027990000001,5000.0,14,0,1,0,1.0
69556,0,0.23258648199999998,39,0,354.0,,1,0,0,0,
69557,0,0.04153522,52,0,0.173193072,25000.0,7,0,2,0,2.0
69558,0,0.413435975,52,0,0.679334118,5946.0,13,0,2,1,0.0
69559,0,0.12190368,60,0,0.22575484899999998,5000.0,13,0,1,0,0.0
69560,0,1.0581689429999999,44,5,0.30550250100000004,10994.0,10,1,1,0,2.0
69561,0,0.16912386899999998,56,0,0.33236201600000004,5833.0,5,0,1,0,0.0
69562,0,0.453035976,49,0,0.637744902,2500.0,5,0,0,0,1.0
69566,0,0.667180065,84,0,0.33282501,2622.0,6,0,0,0,0.0
69567,0,0.114452734,60,0,0.17749000199999998,5250.0,4,0,1,0,1.0
69568,0,0.02389761,25,0,0.301415487,1200.0,5,0,0,0,0.0
69570,0,0.021748912999999998,36,0,0.005997001,2000.0,2,0,0,0,0.0
69572,0,0.294161918,82,0,264.0,,9,0,0,0,0.0
69574,0,0.084295753,56,0,0.473714054,12344.0,8,0,3,0,2.0
69576,0,0.17768890199999998,42,0,1761.0,,9,0,2,0,0.0
69577,0,0.9999998999999999,76,1,0.391034031,3055.0,6,1,2,0,0.0
69578,0,0.084892812,48,0,50.0,,3,0,0,0,0.0
69579,0,0.268707068,64,0,7570.0,,14,0,2,0,0.0
69581,0,0.034941859,59,0,0.243,8999.0,9,0,1,0,1.0
69583,1,1.425249169,56,0,0.069429596,15900.0,6,5,1,1,1.0
69586,0,0.33954352600000004,55,0,0.46275783,5235.0,13,0,1,0,0.0
69587,0,0.22070273899999998,49,0,1069.0,,11,0,0,0,1.0
69588,0,0.007001309,57,0,233.0,,6,0,0,0,
69590,0,0.488073132,54,0,0.285142971,5000.0,8,0,2,0,0.0
69591,0,0.154504897,28,0,523.0,,3,0,0,0,0.0
69593,1,0.041548777,50,2,0.35992001799999995,4500.0,9,0,2,0,2.0
69594,0,0.038602317000000004,50,2,2598.0,,11,0,1,0,3.0
69595,0,0.931467006,32,0,0.397092231,2200.0,10,0,0,0,1.0
69596,0,0.041459338,62,0,0.11767999999999999,12499.0,9,0,2,0,3.0
69598,0,0.458843785,42,0,0.133223004,2416.0,4,0,0,0,0.0
69602,0,0.5749231929999999,36,0,0.296851808,12800.0,16,0,1,0,1.0
69603,0,0.8643300759999999,43,1,0.340055458,7933.0,10,1,1,0,2.0
69604,0,1.055925433,47,0,0.547651007,1489.0,6,0,0,0,2.0
69605,0,0.0,39,0,0.22471011600000002,2500.0,9,0,0,0,2.0
69606,0,0.282071793,31,0,0.22347206600000002,2666.0,3,0,0,0,0.0
69607,0,0.0,93,0,0.0,3545.0,1,0,0,0,0.0
69608,0,0.013102508,35,0,0.25559137600000004,9925.0,16,0,2,0,2.0
69609,0,0.9999998999999999,35,1,2.454606142,1497.0,10,0,3,0,2.0
69610,0,0.128796975,79,0,0.028529528999999998,7500.0,8,0,0,0,2.0
69612,0,0.908658043,49,0,0.300073368,2725.0,6,0,0,0,0.0
69613,0,0.828171828,33,0,0.005759539,4166.0,1,0,0,0,0.0
69614,0,0.008331945,89,0,0.00029146,3430.0,4,0,0,0,0.0
69615,0,0.000193542,34,1,0.0,3000.0,3,0,0,0,2.0
69616,0,0.00043103099999999996,77,0,0.00759848,5000.0,15,0,0,0,0.0
69618,0,0.036320361,88,0,0.09836065599999999,2500.0,9,0,0,0,0.0
69619,0,0.001172789,65,0,0.143582406,21666.0,18,0,2,0,1.0
69623,0,0.9999998999999999,31,0,0.24117255199999998,1500.0,4,0,0,0,0.0
69624,0,0.044191162,74,0,0.002540937,7083.0,2,0,0,0,0.0
69625,0,0.0055861109999999995,53,0,1768.0,,9,0,1,0,
69626,0,0.581892877,39,0,0.42551093100000004,18250.0,8,0,3,0,4.0
69628,0,0.9999998999999999,58,0,0.008165305999999999,6000.0,0,0,0,0,2.0
69629,0,0.0,69,0,0.000666603,10500.0,10,0,0,0,0.0
69630,0,0.883683509,45,0,0.514998148,8100.0,11,0,2,0,1.0
69631,0,0.191160295,65,0,0.156987924,13000.0,4,0,2,0,0.0
69632,0,0.034473464,76,0,37.0,,6,0,0,0,0.0
69638,0,0.032398704,53,0,0.352476168,4300.0,11,0,1,0,0.0
69639,0,0.555544446,40,0,0.21441427899999999,13333.0,7,0,1,1,3.0
69640,0,0.23110859,69,0,0.26373743899999996,9353.0,9,0,1,0,1.0
69642,0,0.152220931,58,0,0.28123866,8266.0,11,0,2,0,1.0
69643,0,0.20119072899999998,45,0,0.469931631,7166.0,7,0,3,0,0.0
69645,0,0.19041934,66,0,0.25314937,1666.0,4,0,0,0,0.0
69647,0,0.18016396699999998,40,0,1937.0,,3,0,1,0,
69649,0,0.737262737,23,0,0.20952381,1679.0,4,0,0,0,0.0
69652,0,0.26999451,51,1,0.690342625,11586.0,17,1,3,0,1.0
69653,0,0.9999998999999999,46,2,3114.0,,6,0,1,0,0.0
69654,0,0.266618335,49,0,4208.0,,7,0,2,0,0.0
69655,0,0.15389293,56,0,0.034449577,46763.0,6,0,1,0,3.0
69656,0,0.0,22,0,0.0,1.0,2,0,0,0,0.0
69657,0,0.305738852,38,0,0.010649859,4600.0,2,0,0,0,1.0
69659,0,0.135168536,67,0,0.619017025,6225.0,13,0,1,0,0.0
69660,0,0.29767595199999997,35,0,0.2861,9999.0,8,0,1,0,2.0
69661,0,0.573507526,32,0,0.504943895,9000.0,12,0,3,0,0.0
69662,0,0.0,39,0,0.0,2500.0,2,0,0,0,0.0
69663,1,0.9999998999999999,22,98,0.0,800.0,0,98,0,98,0.0
69666,0,0.083132753,28,0,0.163748379,3083.0,3,0,0,0,0.0
69668,0,0.027627222000000003,55,0,0.209340964,10833.0,7,0,2,0,5.0
69669,0,0.799850012,27,0,0.35634072899999997,3650.0,7,0,1,0,1.0
69670,0,0.670658683,22,0,5.0,1.0,1,0,0,0,0.0
69671,0,0.140980033,43,0,0.48788265299999994,3135.0,13,0,1,0,3.0
69672,0,0.40052795799999996,28,0,0.099933378,1500.0,4,0,0,0,0.0
69674,0,0.10248975099999999,84,0,30.0,,4,0,0,0,
69675,0,0.486245802,55,0,0.53305724,6760.0,10,0,2,0,1.0
69676,0,0.562608736,42,0,0.47140381299999995,7500.0,16,0,2,0,1.0
69678,0,0.282212146,53,0,0.702367003,12800.0,12,0,2,0,2.0
69680,0,0.00707126,57,0,0.001193852,6700.0,4,0,0,0,0.0
69681,0,0.004758893,79,0,0.259337068,4283.0,9,0,2,0,0.0
69682,1,0.18462996199999998,48,0,0.436048221,3400.0,8,0,2,0,0.0
69683,0,0.038375248,64,0,0.050324945999999995,6000.0,7,0,0,0,0.0
69684,1,0.9999998999999999,56,0,0.511353147,5416.0,5,1,3,0,0.0
69687,0,0.017095145,39,1,0.45648876,7250.0,8,0,2,0,3.0
69690,0,0.570815825,63,0,0.445092485,6000.0,11,0,2,0,0.0
69691,0,0.0,33,0,0.316600679,7071.0,4,0,1,0,0.0
69693,0,0.9999998999999999,39,0,0.074168333,5500.0,3,1,0,0,1.0
69695,0,0.840013114,47,3,1808.0,,5,0,1,0,1.0
69696,0,0.0,55,0,0.007335230999999999,9133.0,1,0,0,0,0.0
69697,0,0.024145164,36,0,0.003181095,4400.0,3,0,0,0,0.0
69698,0,0.120771815,27,0,0.162408354,4500.0,8,0,0,0,0.0
69699,0,0.7629802729999999,45,0,0.360719041,7509.0,13,0,0,0,2.0
69700,0,0.64678816,45,3,3802.0,,12,0,1,0,0.0
69702,0,0.063891159,61,0,0.00737798,5285.0,4,0,0,0,0.0
69703,0,0.019163239,49,0,0.19841885,6450.0,9,0,2,0,2.0
69704,0,0.766447813,30,0,0.285977374,3800.0,8,0,0,0,0.0
69705,0,0.004842381,61,0,3.0,,2,0,0,0,
69706,0,0.182424219,35,0,0.12408115300000001,3400.0,7,0,0,0,0.0
69711,0,0.028634879,57,0,0.488909716,3200.0,11,0,3,0,1.0
69713,0,0.317351718,53,0,0.8615384620000001,2339.0,6,0,2,0,1.0
69714,0,0.7717405420000001,72,0,0.6432806320000001,7083.0,15,0,1,0,0.0
69717,0,0.170782922,42,0,3081.0,,7,0,2,0,2.0
69718,0,0.066655039,66,0,0.292210767,8729.0,10,0,1,0,0.0
69719,0,0.0824048,39,0,0.7537047459999999,5330.0,12,0,3,0,0.0
69720,0,0.9999998999999999,60,1,0.35659760100000004,2750.0,2,0,1,0,0.0
69721,0,0.535785686,45,2,4188.0,,9,0,2,1,
69722,0,0.043318267,59,0,0.403423724,6600.0,9,0,3,0,1.0
69723,0,0.997534922,30,0,944.0,,8,0,0,0,0.0
69724,0,0.009947671,54,0,0.002498751,2000.0,6,0,0,0,0.0
69725,0,0.0,53,0,0.269258459,4166.0,4,0,1,0,0.0
69726,0,0.177341618,63,0,0.397923875,2600.0,13,0,1,0,0.0
69728,0,0.9541363909999999,54,0,0.550821233,4200.0,4,0,1,0,3.0
69730,0,0.555344343,34,0,0.159525379,6067.0,8,0,0,0,3.0
69731,0,1.442327884,40,0,0.618848591,7416.0,9,0,1,0,0.0
69732,0,0.54102849,46,0,0.176260534,7000.0,8,0,1,0,4.0
69734,0,1.135728543,24,3,77.0,,3,0,0,0,0.0
69735,0,0.983117958,36,3,0.331684233,4648.0,12,0,0,0,2.0
69737,0,0.393143927,48,1,0.087230487,36500.0,10,0,1,0,0.0
69740,0,0.465200645,49,0,0.12119676800000001,37500.0,11,0,2,0,3.0
69741,0,0.008434416,46,0,0.388048956,4166.0,5,0,1,0,3.0
69742,0,0.21621206699999998,42,0,0.663120567,2255.0,7,0,1,0,0.0
69744,0,0.059272644000000006,52,0,0.356409369,8666.0,13,0,2,0,2.0
69745,0,0.9999998999999999,41,1,0.118669854,4600.0,2,2,0,0,3.0
69747,0,0.182182681,50,0,0.268147294,10400.0,11,1,1,0,1.0
69749,0,0.5887798989999999,44,0,5045.0,,13,0,2,0,0.0
69751,0,0.685108652,56,0,0.268744487,3400.0,4,0,1,0,0.0
69752,0,0.7137379859999999,52,1,4.5707146430000005,2000.0,12,0,1,0,3.0
69753,0,0.207388988,44,0,0.385903524,4000.0,10,0,1,0,1.0
69754,0,0.006950108000000001,79,0,5.0,,2,0,0,0,
69757,0,0.013724657,62,1,0.25034735399999997,7916.0,9,0,1,0,1.0
69758,0,0.9999998999999999,64,0,0.35400718600000003,6400.0,3,0,1,0,0.0
69759,0,0.0,60,0,2149.0,,14,0,1,0,0.0
69760,0,0.20221471600000002,45,0,0.41195292,8750.0,15,0,2,0,2.0
69763,0,0.35087531200000005,59,1,0.33259587,6779.0,13,0,2,0,1.0
69768,1,1.003646973,36,3,0.17938826100000002,3628.0,5,0,0,2,0.0
69769,0,0.04104583,69,0,939.0,,5,0,0,0,0.0
69772,0,0.04385104,43,1,2400.0,,8,0,1,0,3.0
69773,0,0.039736571,56,0,571.0,,4,0,0,0,0.0
69774,0,0.12751083300000002,39,0,0.315296959,13250.0,15,0,2,0,2.0
69775,0,0.009948986,61,0,0.006594724000000001,1667.0,4,0,0,0,0.0
69776,0,0.9999998999999999,40,0,0.017138776,4200.0,2,2,0,0,2.0
69778,0,0.081411796,52,0,1.228336222,2307.0,24,0,1,0,0.0
69779,0,0.006666221999999999,85,0,0.00133452,2247.0,4,0,0,0,0.0
69781,0,0.061766005,67,0,933.0,,5,0,1,0,0.0
69782,0,0.009772994,77,0,0.002604688,4990.0,2,0,0,0,0.0
69783,0,0.019593638,50,1,0.401177647,9000.0,12,0,1,0,1.0
69784,1,0.96850178,46,3,0.04287084,7300.0,8,1,0,1,1.0
69785,0,0.153076938,35,0,0.39402901,7100.0,8,0,1,0,0.0
69786,0,0.9999998999999999,24,0,0.0,1000.0,0,0,0,0,0.0
69787,0,0.007628465,54,0,14.0,,17,0,0,0,0.0
69789,0,0.18616276699999998,33,0,0.228795201,6000.0,9,0,1,0,1.0
69790,0,1.022195561,33,0,2529.0,,6,0,1,0,0.0
69791,0,0.031148442999999998,70,0,0.202898551,5450.0,5,0,2,0,0.0
69792,0,0.9999998999999999,78,0,0.245877061,2000.0,6,0,1,0,0.0
69794,0,0.02194933,69,0,0.168839779,9049.0,12,0,1,0,0.0
69797,0,0.570132436,55,0,0.65065779,6308.0,7,0,2,0,0.0
69798,0,0.84759986,67,0,1.13862046,3000.0,11,0,2,0,0.0
69799,0,0.930180242,49,0,0.322567743,10000.0,23,0,1,0,1.0
69801,0,0.09919790199999999,42,0,0.072985403,5000.0,17,0,0,0,2.0
69802,0,0.175494142,49,0,0.465528015,4800.0,12,0,2,0,0.0
69803,0,0.005959476,64,0,0.267475036,1401.0,9,0,0,0,0.0
69804,0,1.4352159469999999,60,1,0.178900289,3800.0,3,0,0,1,0.0
69805,0,0.421594952,51,0,0.378316032,10403.0,14,0,1,0,1.0
69806,1,0.0,31,0,0.7309454390000001,2400.0,8,0,1,0,0.0
69807,0,0.10279812699999999,60,0,166.0,,5,0,0,0,0.0
69810,0,0.0,68,0,0.0,1185.0,2,0,0,0,0.0
69811,0,0.121190437,57,0,0.20988317399999998,7446.0,6,0,1,0,0.0
69812,0,0.8819559020000001,48,1,0.547337991,4150.0,8,0,1,0,2.0
69814,0,0.034203177,48,0,0.359092068,3920.0,10,0,2,0,0.0
69815,0,0.04949892400000001,81,0,1597.0,,12,0,2,0,0.0
69816,0,0.9559894529999999,31,2,0.557776889,2500.0,16,3,0,0,1.0
69817,0,0.926509186,39,0,0.664692396,5233.0,7,0,1,0,1.0
69818,0,0.082542938,43,3,0.178564287,5000.0,17,0,0,1,3.0
69819,0,0.061281592999999995,65,0,867.0,,4,0,1,0,0.0
69820,0,0.0,61,0,0.329022797,7500.0,5,0,3,0,1.0
69823,0,0.228870845,49,0,2755.0,,12,0,2,0,2.0
69824,0,1.147410359,33,1,0.149931849,2200.0,3,0,0,0,0.0
69825,0,0.557554051,53,0,0.447330076,11666.0,15,0,3,0,0.0
69826,0,0.0,45,1,0.593274112,9455.0,12,0,6,0,0.0
69827,0,0.143760573,53,0,0.44566865899999997,22417.0,13,0,3,0,0.0
69828,0,0.655812625,61,0,0.5069405889999999,1800.0,3,0,1,0,0.0
69829,0,0.9999998999999999,51,1,0.10450898,5233.0,2,1,0,0,2.0
69833,0,0.0,75,0,568.0,,6,0,0,0,0.0
69834,1,0.050542925999999995,71,1,0.18494220600000003,3200.0,7,0,0,0,0.0
69835,0,0.41622813299999994,38,0,0.33772463700000005,13966.0,11,0,1,0,2.0
69836,0,0.046079493,64,0,0.305417358,3617.0,8,0,1,0,0.0
69838,0,0.17695796600000002,70,0,0.263212435,5789.0,8,0,1,0,0.0
69840,0,0.065479519,68,0,1345.0,,12,0,0,0,1.0
69841,0,0.138352063,51,0,1.180984153,2397.0,18,0,4,0,0.0
69842,1,0.5950233,67,1,0.200794852,5283.0,10,0,0,0,1.0
69843,0,0.258874113,59,0,0.267957127,6250.0,5,0,1,0,2.0
69844,0,0.8007477940000001,47,0,0.431069696,7833.0,6,0,1,0,1.0
69845,0,0.386450555,66,0,101320.0,,12,0,0,0,0.0
69846,0,0.00891285,71,0,0.402128644,2160.0,7,0,1,0,0.0
69847,0,0.0,61,0,0.489056604,2649.0,11,0,1,0,1.0
69848,0,0.292888685,79,0,0.26201236899999997,8407.0,11,0,1,0,0.0
69852,0,0.439381952,53,0,0.809485745,3752.0,16,0,1,0,1.0
69855,0,0.08536339800000001,54,0,0.120751699,2500.0,6,0,0,0,0.0
69857,0,0.0049107790000000005,50,0,0.132733408,8000.0,13,0,3,0,4.0
69859,0,0.024301581000000003,66,0,0.170174269,10500.0,11,0,2,0,0.0
69861,0,0.052188023,41,1,0.45358704,11666.0,18,0,2,0,2.0
69863,0,0.9999998999999999,35,0,0.172460804,4400.0,4,0,0,0,0.0
69864,0,0.05468188400000001,60,1,0.162078756,8100.0,16,0,0,0,1.0
69866,0,0.723073449,75,0,0.331852424,5176.0,9,0,1,0,1.0
69868,0,0.41521244,54,0,0.395329982,6166.0,12,0,2,0,1.0
69869,1,0.278944984,39,0,0.06631232599999999,3950.0,3,0,0,0,3.0
69872,0,0.9999998999999999,35,0,0.21583850899999998,3219.0,2,0,0,0,0.0
69875,0,0.189155107,47,0,0.521369658,4000.0,9,0,1,0,2.0
69878,0,0.494747526,55,2,0.626041419,4200.0,18,0,1,0,1.0
69881,0,0.045059870999999994,61,0,1956.0,,10,0,2,0,1.0
69883,0,0.021524694,63,0,19.0,,2,0,0,0,0.0
69884,0,0.018896226000000002,51,0,0.22897918399999997,11000.0,11,0,1,0,1.0
69885,0,0.622937706,30,0,0.31044462,3800.0,4,0,0,0,0.0
69886,0,0.109695123,61,0,0.615012107,11976.0,14,0,5,0,0.0
69887,0,0.9999998999999999,68,0,0.1454322,2440.0,0,0,0,0,1.0
69888,0,0.03479913,62,0,0.353164684,10000.0,9,0,1,0,0.0
69892,0,0.28452751800000003,47,0,3.163197336,1200.0,18,0,3,0,1.0
69893,0,0.0,39,1,0.65205353,6500.0,7,0,2,0,4.0
69894,0,0.402905917,66,1,0.9223803359999999,1545.0,10,0,1,0,0.0
69895,0,0.020641514,33,0,0.166752181,3897.0,6,0,0,0,2.0
69896,0,0.055283969,43,0,0.505927725,7000.0,16,0,2,0,2.0
69897,0,0.035173403,60,0,0.116876255,9462.0,8,0,1,0,0.0
69899,0,0.0,69,0,0.128575396,3600.0,5,0,0,0,0.0
69900,0,0.39328907,66,0,0.476488065,9760.0,11,0,2,0,0.0
69903,1,0.960537958,50,1,0.381843295,7963.0,5,6,1,2,3.0
69904,1,0.304453133,57,1,0.387419165,1700.0,11,0,0,0,0.0
69905,0,0.169924651,60,0,0.662667467,5000.0,24,0,2,0,0.0
69909,0,0.0,46,1,0.299358248,5297.0,5,0,1,0,2.0
69910,0,0.668489299,43,0,0.862560635,6802.0,6,0,2,0,2.0
69913,0,0.031265972,47,0,3419.0,,8,0,2,0,3.0
69914,0,0.0,38,0,0.117952819,2500.0,8,0,0,0,0.0
69915,0,0.008922405,50,0,0.10903513699999999,3585.0,8,0,0,0,0.0
69916,0,0.347265273,70,0,0.315082411,8857.0,5,0,2,0,0.0
69917,0,0.474900717,62,0,2106.0,,3,0,1,0,0.0
69918,0,0.057331596,84,0,0.029085621000000002,5500.0,7,0,0,0,2.0
69921,0,0.310968191,54,0,2596.0,,9,0,1,0,0.0
69922,0,0.216395035,61,2,0.259108806,16000.0,14,0,1,0,0.0
69923,0,0.22707793199999998,37,0,0.285234363,6250.0,10,0,1,0,2.0
69924,1,0.390365826,57,1,2415.0,,6,0,1,1,0.0
69925,0,0.064447245,39,0,0.34498275100000003,6666.0,8,0,1,0,2.0
69927,0,0.102095795,65,0,0.265963354,1800.0,7,0,0,0,1.0
69929,0,0.047075887999999996,81,0,0.004733018,15000.0,9,0,0,0,0.0
69931,0,0.009222988,69,0,0.125987401,10000.0,7,0,1,0,0.0
69932,0,0.048212574,38,1,0.293731041,3955.0,7,0,0,0,0.0
69933,0,0.099559187,40,0,0.35895465,1300.0,6,0,1,0,0.0
69934,0,0.061146942999999995,54,0,0.101682516,4100.0,10,0,1,0,1.0
69935,0,0.041642898,65,0,0.050782087000000004,9333.0,2,0,0,0,0.0
69936,0,0.0,59,0,1.333333333,4916.0,6,0,3,0,1.0
69937,1,0.9999998999999999,29,1,0.035438437,2200.0,5,4,0,0,0.0
69939,0,0.19727208100000002,37,0,0.245626562,2800.0,12,0,0,0,1.0
69943,0,0.210776822,34,0,0.151747983,2602.0,7,1,0,0,2.0
69944,0,0.53765599,68,0,0.326126595,11516.0,13,0,2,0,0.0
69945,0,0.0,68,0,0.0,,8,0,0,0,
69949,0,0.5098323260000001,56,0,0.40002341399999997,17083.0,13,0,3,0,1.0
69953,0,0.063230737,53,0,0.255550654,6800.0,7,0,1,0,1.0
69954,0,0.9999998999999999,45,0,0.144555344,8916.0,1,0,1,0,2.0
69955,0,0.5104865510000001,54,0,0.453824113,4536.0,11,0,1,0,0.0
69956,0,0.135041124,57,0,0.014170618999999999,17500.0,6,0,0,0,0.0
69957,0,0.570659394,50,0,0.313713342,4841.0,4,0,2,0,0.0
69958,1,0.972575346,31,1,0.33801936899999996,3200.0,4,0,0,0,1.0
69959,0,0.017682522,84,1,0.033044472000000005,10500.0,12,0,0,0,0.0
69960,0,0.266626901,46,0,0.41900194799999996,6672.0,8,0,3,0,4.0
69961,0,0.071183051,49,0,34.0,,2,0,0,0,0.0
69963,0,0.025288023,79,0,0.025045234,10500.0,11,0,1,0,0.0
69964,0,0.41524612899999996,48,0,0.352529494,5000.0,10,0,0,0,1.0
69965,0,0.13826391300000002,52,0,0.319944247,7891.0,5,0,1,0,1.0
69966,0,0.9070029059999999,47,0,4947.0,,7,0,2,0,
69967,0,0.617558829,43,1,0.6152818,4488.0,5,0,2,0,5.0
69969,0,0.824747778,45,2,0.260345623,19500.0,12,0,2,0,2.0
69971,0,0.017715838,69,0,0.476821192,3170.0,7,0,1,0,0.0
69972,0,0.062053832,51,1,1258.0,0.0,8,0,1,0,2.0
69974,0,0.012180203,64,0,0.004995005,1000.0,5,0,0,0,0.0
69975,0,0.019276426,42,0,0.307768431,8083.0,6,0,2,0,0.0
69977,0,0.081547961,67,0,0.321385028,4100.0,3,0,1,0,0.0
69978,0,0.026662889,44,0,5853.0,0.0,13,0,1,0,4.0
69979,0,0.07842274099999999,39,0,0.379615021,3168.0,6,0,1,0,0.0
69982,0,1.025206432,31,0,0.134818623,3500.0,2,0,0,1,4.0
69984,0,0.55329635,47,0,0.720542357,8333.0,8,0,2,0,2.0
69985,0,0.004069464,82,0,974.0,,14,0,1,0,1.0
69986,0,0.051317417000000004,53,0,0.27020094100000003,7016.0,7,0,1,0,1.0
69989,0,0.159526649,59,0,0.226850804,4416.0,8,0,1,0,1.0
69990,0,0.757178974,47,0,0.415609611,6700.0,7,0,1,0,0.0
69991,1,0.9999998999999999,41,1,0.516934656,2922.0,6,2,0,1,0.0
69993,0,0.22054024,55,0,0.9418026970000001,1408.0,7,0,1,0,2.0
69996,0,0.123050572,50,0,2043.0,,11,0,2,0,1.0
69997,0,0.03234827,36,0,0.435155209,5250.0,10,0,1,0,2.0
69998,0,0.169535822,29,0,0.050974513,2000.0,5,0,0,0,0.0
69999,0,0.303075081,55,0,0.25774548399999997,9908.0,10,0,1,0,2.0
70001,0,0.943518602,34,0,1747.0,,9,0,1,0,0.0
70003,0,0.769286802,51,1,0.359542631,7083.0,11,0,2,1,0.0
70004,0,0.072298193,28,0,0.534325705,4500.0,4,0,2,0,0.0
70005,0,0.452331452,47,0,3048.0,,6,0,2,0,0.0
70006,0,0.464144499,59,0,4001.0,,23,0,3,0,1.0
70007,0,0.331313208,42,0,0.396027564,7400.0,8,0,4,0,4.0
70009,0,0.0,54,0,0.283534982,1900.0,4,0,0,0,0.0
70010,1,0.639006626,70,0,0.266197705,2700.0,10,1,1,0,0.0
70011,0,0.099980004,26,0,0.16268739599999998,1800.0,5,0,0,0,0.0
70012,0,0.65049998,54,0,0.281826163,3416.0,8,0,0,0,0.0
70015,0,0.0,46,0,0.247878359,8483.0,18,0,2,0,0.0
70016,0,0.12220370400000001,60,0,0.21922626,14500.0,10,0,1,0,2.0
70017,0,0.418756055,63,0,0.43177737899999996,4455.0,20,0,0,0,0.0
70018,0,0.006272135999999999,61,0,0.0039992,5000.0,13,0,0,0,0.0
70021,1,0.044711985999999995,46,0,0.43063212100000003,10883.0,10,0,2,0,0.0
70022,0,0.9999998999999999,53,0,0.0,2329.0,0,1,0,0,0.0
70023,0,1.00339932,45,0,0.23452220699999998,2971.0,3,0,0,0,1.0
70024,1,1.0883592229999999,55,2,0.285573123,7083.0,5,1,1,1,0.0
70025,0,0.012755383,63,1,0.02749725,10000.0,10,0,1,0,1.0
70026,0,0.16786160100000003,65,0,0.444296325,5250.0,8,0,1,0,1.0
70027,0,0.029360967,35,0,0.328815819,4500.0,8,0,1,0,2.0
70028,0,0.265118967,66,0,0.27072682800000003,4498.0,12,0,0,0,0.0
70029,0,0.004926589,66,0,0.29665738199999997,9333.0,9,0,2,0,0.0
70030,0,0.055593157000000004,56,0,1621.0,,13,0,1,0,1.0
70034,0,1.1630615640000002,61,0,44.0,,2,0,0,0,0.0
70035,0,0.202485164,36,0,0.154698172,5416.0,7,0,0,0,2.0
70036,0,0.001210305,69,1,0.41231343299999995,3751.0,14,0,2,0,0.0
70037,1,0.073896305,51,0,0.359477124,2600.0,4,0,2,0,1.0
70038,0,0.573416034,35,2,0.20431328,6166.0,14,0,0,0,0.0
70039,0,0.046692088,76,0,51.0,,7,0,0,0,
70043,0,0.9999998999999999,53,1,0.3745976,6833.0,8,0,1,0,2.0
70047,0,0.002370587,37,0,0.038457324,9126.0,3,0,0,0,2.0
70048,1,0.044811635999999995,48,0,4339.0,,8,0,4,0,0.0
70049,0,0.21355728899999998,65,0,33.0,,1,0,0,0,0.0
70051,0,1.014383509,68,0,559.0,,5,0,0,0,0.0
70052,0,0.288339358,50,1,0.38621852799999995,8300.0,15,0,2,0,2.0
70053,0,0.660087148,52,0,0.23640134,6268.0,8,0,0,0,3.0
70054,0,0.306962658,57,0,0.025420384,12666.0,4,0,0,0,3.0
70055,0,0.475514802,80,0,0.36877187100000003,6000.0,9,0,2,0,0.0
70056,0,0.387657042,59,0,0.573324701,6177.0,24,0,2,0,0.0
70058,0,0.9999998999999999,60,0,0.032312925,587.0,0,0,0,0,0.0
70059,0,0.023381923,67,0,0.20864679600000002,10500.0,14,0,1,0,0.0
70060,0,0.911569926,64,0,0.5767996329999999,4361.0,6,0,0,0,0.0
70061,0,0.013741495,61,0,0.27324788699999997,11000.0,15,0,2,0,0.0
70063,0,0.0026398940000000003,81,0,1.0,,2,0,0,0,
70066,0,0.9999998999999999,57,1,5053.0,,3,3,3,0,1.0
70067,0,0.280391712,37,0,0.301919882,10833.0,10,0,1,0,2.0
70068,0,0.225324763,63,0,0.334483276,20000.0,12,0,3,0,1.0
70071,0,0.026951421,58,0,0.413078725,5550.0,6,0,2,0,0.0
70072,0,0.446574474,68,1,0.5664549520000001,4250.0,10,0,1,0,0.0
70073,0,0.617015219,55,0,0.349137572,12000.0,15,0,1,0,0.0
70074,0,0.9999998999999999,73,0,0.173860911,833.0,1,0,0,0,0.0
70075,0,0.630091823,57,0,0.387677813,10825.0,8,0,2,0,1.0
70076,0,0.357811816,68,0,0.754822117,2332.0,9,0,1,0,0.0
70077,0,0.013818401000000001,66,1,0.148594378,5477.0,6,0,1,0,1.0
70078,0,0.079384123,57,0,0.001333172,8250.0,3,0,0,0,0.0
70079,0,0.944001965,57,0,0.578416791,6050.0,7,0,2,0,0.0
70081,0,0.154493717,48,0,0.864483343,3541.0,16,0,2,0,0.0
70083,0,0.181032759,49,0,0.356815386,8942.0,8,0,2,0,0.0
70084,0,0.062321695999999996,47,0,0.5399770220000001,23500.0,7,0,4,0,2.0
70085,0,0.10966301099999999,40,0,0.305534026,6450.0,7,0,1,0,2.0
70086,0,0.504374219,26,2,0.237976265,1600.0,5,0,0,0,0.0
70087,0,0.9590882209999999,47,0,0.0508523,10500.0,10,0,0,0,0.0
70089,0,0.0,71,0,0.0,5250.0,1,0,0,0,0.0
70090,0,0.060460263,41,1,0.17511167800000002,7834.0,7,1,1,0,2.0
70091,0,0.16162011699999998,76,0,0.309935205,8333.0,13,0,2,0,0.0
70092,0,0.9996180290000001,30,1,0.06788838,2400.0,4,0,0,0,0.0
70093,0,0.09195832,38,0,0.017497084,6000.0,4,0,0,0,2.0
70094,1,0.20958083800000002,27,0,0.380309845,2000.0,3,1,0,1,2.0
70096,0,0.9999998999999999,39,98,0.0,3208.0,0,98,0,98,0.0
70097,0,0.014207702,74,0,751.0,,11,0,0,0,0.0
70098,0,0.016391123,78,0,20.0,0.0,3,0,0,0,0.0
70099,0,0.289494137,64,0,0.53200311,7717.0,10,0,2,0,1.0
70101,0,0.023044317,61,0,0.41991601700000003,5000.0,18,0,2,0,1.0
70103,0,0.300556265,61,0,0.429245283,2331.0,9,0,0,1,0.0
70104,0,0.224614258,75,0,0.316081662,5583.0,13,0,1,0,0.0
70105,0,0.208860939,44,0,1568.0,0.0,8,0,1,0,0.0
70106,0,0.915023183,71,0,3670.0,,13,0,2,0,0.0
70107,0,0.026666238,56,0,3840.0,,8,0,2,0,2.0
70108,0,0.039149612,64,0,760.0,,5,0,1,0,0.0
70110,0,0.763969441,43,0,0.553153153,3884.0,5,0,1,0,2.0
70111,0,0.000991365,79,0,1.0,,10,0,0,0,0.0
70113,0,0.9999998999999999,29,0,0.0,,0,3,0,0,0.0
70114,0,0.087203073,52,1,0.059988002,5000.0,10,0,0,0,0.0
70116,0,0.031670925,26,0,0.020970874,2574.0,5,0,0,0,0.0
70117,0,0.9999998999999999,55,0,2243.0,,9,0,1,0,2.0
70118,0,0.06665507700000001,40,0,0.469953005,10000.0,20,0,1,0,2.0
70119,0,0.42859890000000006,40,0,0.667416573,2666.0,9,0,1,0,0.0
70120,0,0.03032926,37,0,0.09672370599999999,9583.0,13,0,1,0,0.0
70121,0,0.080781212,54,0,0.469012395,2500.0,14,0,1,0,0.0
70122,0,0.37598309399999996,40,0,0.5092484589999999,6000.0,14,0,1,0,2.0
70123,0,0.860983904,64,0,1.0056271559999999,5508.0,12,0,3,0,0.0
70125,0,0.5706113079999999,58,0,1.265262597,3750.0,11,0,2,0,1.0
70126,0,0.105193707,43,0,0.41247545700000005,6620.0,13,0,1,0,2.0
70127,1,0.573072147,55,0,0.483981571,9332.0,21,0,2,0,3.0
70128,0,0.01420329,58,0,0.0056353390000000005,5500.0,12,0,0,0,0.0
70130,0,0.05041251,63,0,1471.0,,9,0,2,0,0.0
70131,0,0.0,46,0,0.233076848,10266.0,9,0,2,0,1.0
70132,0,0.06338516799999999,50,0,1539.0,,10,0,1,0,0.0
70134,0,0.35480045299999996,59,0,0.267275098,2300.0,8,0,0,0,0.0
70135,0,0.802582165,58,0,0.24786502800000002,4800.0,5,0,0,0,0.0
70136,0,0.073809235,34,0,0.00742645,3500.0,2,0,0,0,3.0
70137,0,0.000455391,47,0,0.0,3000.0,3,0,0,0,2.0
70143,0,0.15206701,56,0,2254.0,,3,0,1,0,0.0
70144,0,0.155484452,53,1,2218.0,,9,0,0,0,4.0
70145,0,0.0,53,0,0.751179245,2543.0,7,0,1,0,0.0
70146,0,0.931976433,33,2,0.434956481,4250.0,3,0,1,0,4.0
70147,0,0.112473542,49,0,0.172153635,2915.0,4,0,0,0,1.0
70148,0,0.006613274000000001,46,0,0.616021646,12195.0,17,0,7,0,0.0
70151,1,0.559589582,45,0,0.486679662,4616.0,5,0,1,0,0.0
70152,0,0.014388669,73,0,0.328335832,2667.0,12,0,1,0,0.0
70153,0,0.080877843,61,0,90.0,,4,0,0,0,0.0
70154,0,0.517720455,50,1,0.382070621,5833.0,4,0,1,0,0.0
70155,0,0.07074434,52,0,0.503091821,8570.0,26,0,1,0,1.0
70156,0,0.0,50,0,0.0,,3,0,0,0,2.0
70157,0,0.004680709,40,0,0.0013328889999999999,3000.0,9,0,0,0,0.0
70158,1,0.9999998999999999,30,0,0.012239021000000001,8333.0,1,0,0,0,0.0
70159,0,0.881665258,64,0,0.37627520799999997,4214.0,12,0,1,0,0.0
70161,0,0.479091626,48,0,0.444774909,7396.0,12,0,1,1,2.0
70162,0,0.31004300100000004,55,0,1.173427396,1700.0,14,0,0,0,2.0
70163,0,0.9999998999999999,35,1,0.0,2600.0,4,0,0,0,0.0
70164,0,0.0,70,0,0.00239976,10000.0,7,0,0,0,0.0
70165,0,0.785010749,44,0,0.396116198,6333.0,7,0,1,0,0.0
70166,0,0.873497483,50,0,0.19134469199999998,12500.0,8,0,2,0,1.0
70167,0,0.601985828,37,0,0.398337526,9142.0,18,0,4,0,2.0
70168,0,0.014303638999999998,46,0,0.591946187,11000.0,16,0,4,0,0.0
70170,0,0.069290247,34,0,1832.0,,7,0,1,0,0.0
70171,0,0.8074889390000001,39,0,0.49573654799999994,3400.0,9,0,1,0,2.0
70172,0,0.9999998999999999,65,0,2916.0,,2,0,1,0,0.0
70174,0,0.0,83,0,562.0,,3,0,1,0,0.0
70175,0,0.036606053,65,0,36.0,,2,0,0,0,0.0
70176,0,0.024308947999999997,62,0,0.076320613,6000.0,10,0,0,0,0.0
70177,0,0.0,24,0,0.164238789,3500.0,2,2,0,0,0.0
70178,0,0.009089392,55,0,0.46574536899999996,3400.0,10,0,1,0,4.0
70181,0,0.067891488,57,0,0.19188438,8994.0,6,0,1,0,1.0
70183,0,0.0,43,0,0.343332129,8300.0,5,0,2,0,3.0
70184,0,0.1013026,50,0,0.59391771,1676.0,8,0,1,0,0.0
70185,0,0.22792558,35,0,0.5013707470000001,6200.0,17,0,2,1,2.0
70188,1,0.739825581,28,0,0.106998654,2971.0,4,0,0,0,2.0
70189,0,0.035268553,45,0,0.18657505300000002,3783.0,7,0,1,0,0.0
70190,1,0.8103300659999999,72,2,0.6763260459999999,5900.0,11,0,0,0,0.0
70191,0,1.021063858,48,0,0.14791079199999999,3900.0,3,0,0,0,2.0
70193,0,0.025523109,38,0,0.421667145,10448.0,9,0,2,0,2.0
70195,0,0.369960666,48,0,0.34793041399999997,5000.0,13,0,0,0,0.0
70197,0,0.07374913,51,0,6438.0,,15,0,3,0,
70198,0,0.053549108,66,0,0.217995553,12591.0,10,0,2,0,1.0
70199,0,0.015572167,49,0,0.341006885,4647.0,14,0,3,0,0.0
70200,0,0.010523213,77,0,608.0,,8,0,1,0,
70201,0,0.0,66,0,0.0,,14,0,0,0,
70202,1,0.9999998999999999,55,0,0.0,1000.0,0,1,0,0,0.0
70203,0,0.258774123,31,0,0.903883122,2600.0,9,0,1,0,1.0
70204,0,0.00966754,29,2,0.042591482,5000.0,8,0,0,0,0.0
70205,0,0.9820550240000001,46,4,925.0,,9,0,0,1,4.0
70206,0,0.08698023699999999,52,0,0.413205538,8450.0,4,0,1,0,0.0
70207,0,0.006198043,89,0,0.104122246,8441.0,11,0,2,0,0.0
70208,0,0.092706991,51,0,0.01487881,4166.0,4,0,0,0,0.0
70209,0,0.002862215,70,0,0.17928011100000002,4333.0,9,0,1,0,0.0
70210,0,0.223388306,25,0,735.0,,1,0,0,0,0.0
70213,0,0.9020979020000001,22,0,271.0,,2,0,0,0,0.0
70214,0,0.013972056000000002,30,0,0.175387947,2770.0,2,0,0,0,4.0
70215,0,0.055727775,79,0,0.33883779299999994,4783.0,11,0,1,0,0.0
70217,0,0.014189758,60,0,0.18695326199999998,4000.0,17,0,1,0,0.0
70218,0,0.633730835,52,5,0.345639132,6500.0,17,0,1,0,2.0
70219,0,0.649870026,70,0,0.31120628100000003,1400.0,6,0,0,0,0.0
70220,0,0.013749407,27,0,1.319201995,400.0,5,0,0,0,0.0
70222,0,0.0,42,0,1.009487931,7166.0,22,0,4,0,2.0
70223,0,0.327106202,53,0,0.434965771,3797.0,7,0,1,0,3.0
70224,0,0.9999998999999999,31,0,0.14012284,7000.0,3,0,0,0,0.0
70225,0,0.951409718,58,2,0.98950175,6000.0,12,0,2,1,0.0
70226,0,0.586837126,67,1,0.19631611,14766.0,10,0,0,0,1.0
70227,0,0.8653054370000001,41,0,0.50338295,6650.0,7,0,2,0,3.0
70229,0,0.457138021,59,0,0.5157421289999999,2000.0,8,0,0,0,0.0
70231,0,0.865115434,47,2,0.47461334200000005,6400.0,3,0,2,0,0.0
70232,0,0.252135653,56,0,0.5896544229999999,4600.0,3,0,1,0,1.0
70233,0,0.21148489399999998,26,0,0.17560813100000003,3000.0,4,0,0,0,0.0
70235,0,0.011050323999999999,75,0,0.002221674,4050.0,3,0,0,0,0.0
70236,0,0.9999998999999999,68,0,0.036777582999999996,7422.0,4,0,0,0,0.0
70237,0,0.0,55,0,1471.0,,6,0,1,0,0.0
70238,0,0.697823984,52,0,0.884647075,7281.0,21,0,2,0,1.0
70241,0,0.021032349,77,0,2.7896592239999998,1701.0,19,0,4,0,0.0
70242,1,0.799640072,48,4,0.21555677899999998,5450.0,8,0,2,2,3.0
70243,0,0.026498107000000003,47,0,0.001284687,7783.0,2,0,0,0,0.0
70244,0,0.198490978,56,0,0.016372953,8000.0,2,0,0,0,3.0
70246,0,0.413316112,42,0,2688.0,,3,0,1,0,0.0
70247,0,0.136579377,44,0,0.138202726,4695.0,15,0,0,0,2.0
70248,0,0.5010166070000001,55,2,0.386873921,11000.0,10,0,2,0,1.0
70249,0,0.291916804,46,0,526.0,0.0,12,0,0,0,5.0
70250,1,0.9999998999999999,56,2,0.7372904640000001,3638.0,5,1,2,1,0.0
70251,0,0.407104085,36,0,0.485525025,4075.0,6,0,1,0,3.0
70252,0,0.338632782,69,2,0.293250582,9022.0,23,0,0,0,0.0
70253,1,0.35880398700000005,59,5,0.278403275,8792.0,7,1,2,2,2.0
70254,0,0.033285094,68,0,956.0,,7,0,1,0,1.0
70255,0,0.061759527,53,0,1990.0,,10,0,1,0,0.0
70256,0,0.9999998999999999,80,0,0.0031989759999999996,6251.0,1,0,0,0,0.0
70257,0,0.0,51,0,5549.0,,10,0,2,0,
70259,1,0.748652685,37,2,0.625495685,8573.0,12,0,2,0,0.0
70260,0,0.018830003,49,0,0.941798942,1700.0,10,0,1,0,0.0
70261,0,0.017937774,66,0,29.0,,5,0,0,0,0.0
70262,0,0.022005626,63,0,0.075822368,6079.0,18,0,0,0,0.0
70263,0,0.05354666,60,0,57.0,,7,0,0,0,
70266,0,0.065436458,45,0,3421.0,,12,0,1,0,0.0
70267,0,0.9999998999999999,43,0,0.118914134,3388.0,1,0,0,0,0.0
70268,0,0.68788917,53,0,0.706990447,11200.0,21,0,1,0,0.0
70269,0,0.108302661,59,0,1303.0,,6,0,2,0,5.0
70271,0,0.045268404000000005,55,0,41.0,,4,0,0,0,
70274,0,0.937531861,64,2,0.563646207,14776.0,9,0,2,1,1.0
70275,0,0.079730067,22,0,9.0,0.0,1,0,0,0,0.0
70278,0,0.008755361,52,0,0.08459436,15000.0,5,0,1,0,1.0
70279,0,0.994687777,39,2,3374.0,,7,1,2,0,2.0
70280,0,0.114155434,38,0,0.015846067,5300.0,5,0,0,0,0.0
70281,0,0.102032675,64,0,0.485876177,12000.0,17,0,2,0,2.0
70282,0,0.026107946,67,0,0.392495207,3650.0,12,0,1,0,0.0
70283,0,0.026268711,78,0,0.268910363,3000.0,15,0,1,0,0.0
70284,0,0.02552791,40,0,0.0074968759999999995,2400.0,6,0,0,0,0.0
70285,0,0.9134087909999999,45,0,0.18155283100000003,3425.0,3,0,0,0,1.0
70286,0,0.06605451700000001,52,0,519.0,,3,0,1,0,0.0
70287,0,0.00111107,66,0,787.0,,6,0,1,0,0.0
70288,0,0.09884041199999999,84,0,0.431901519,3817.0,10,0,1,0,0.0
70289,0,0.164885944,53,0,0.388922216,5000.0,15,0,1,0,3.0
70290,0,0.24235030600000002,70,0,0.40758293799999995,5907.0,7,0,1,0,0.0
70291,0,0.0063150509999999995,34,0,0.02999663,2966.0,5,0,0,0,1.0
70292,0,0.25388730600000003,50,0,0.23070154399999998,12500.0,5,0,1,0,3.0
70294,0,0.036883313,44,1,0.629757785,1733.0,11,0,0,1,0.0
70295,0,0.048677732,32,1,0.710090597,3200.0,11,0,2,0,1.0
70297,0,0.077115361,33,0,0.18021573300000002,3800.0,9,0,1,0,0.0
70298,0,0.011880181,62,0,0.278858389,5500.0,15,0,3,0,0.0
70299,0,0.0,48,0,0.437427875,15597.0,15,0,6,0,1.0
70300,0,0.687181472,60,0,0.281084386,9811.0,6,0,2,0,2.0
70301,0,0.9999998999999999,38,0,0.0,0.0,2,0,0,0,1.0
70302,0,0.028922088,51,0,0.0074985,3333.0,4,0,0,0,2.0
70304,0,0.9999998999999999,30,1,0.59128406,12000.0,12,0,4,0,0.0
70305,0,0.327561224,39,0,0.44555544399999997,10000.0,16,0,2,0,1.0
70306,0,0.095452274,27,0,0.160313502,2806.0,3,0,0,0,0.0
70310,0,0.7858949470000001,39,1,0.182954261,4000.0,4,0,0,0,0.0
70311,0,0.56725862,49,0,0.45101618600000004,8216.0,12,0,3,0,3.0
70312,0,0.026795911000000002,43,0,2.12987013,1000.0,6,0,1,0,2.0
70313,0,0.035551605,85,0,16.0,,2,0,0,0,0.0
70314,0,0.125343007,49,0,0.28926152899999996,3100.0,12,0,1,0,1.0
70315,0,0.118155775,66,0,1914.0,,8,0,2,0,0.0
70316,0,0.001333259,60,0,0.097397001,5800.0,4,0,1,0,0.0
70317,0,0.9999998999999999,34,1,0.096055809,3726.0,4,2,0,0,0.0
70318,0,0.688249943,43,0,2918.0,,11,0,1,0,0.0
70319,0,0.164664144,59,0,5141.0,,12,0,2,0,2.0
70320,0,0.44725407,72,0,0.281457465,6476.0,4,0,0,0,0.0
70321,0,0.214991118,52,0,0.27256271,3866.0,12,0,1,0,1.0
70323,0,0.016235773000000002,57,0,0.150648282,4858.0,22,0,2,0,1.0
70324,0,0.049977849000000005,42,0,0.401728844,4395.0,9,0,1,0,3.0
70325,0,0.061446928,54,1,0.335543627,9500.0,7,0,2,0,3.0
70327,0,0.035798567999999996,46,0,0.657546337,4531.0,4,0,1,0,3.0
70328,0,0.459254075,66,0,0.824070372,2500.0,5,0,2,0,0.0
70329,0,0.17259292,60,0,0.144097679,19000.0,12,0,2,0,0.0
70331,0,0.08293901599999999,84,0,0.09492847900000001,3844.0,11,0,0,0,0.0
70332,0,0.0067219309999999996,69,0,0.121515093,5200.0,6,0,1,0,0.0
70333,0,0.600776448,58,0,0.364084764,5473.0,4,0,1,0,0.0
70334,0,0.460557572,82,0,0.290786948,4167.0,9,0,0,0,0.0
70335,0,0.104693074,34,0,0.394559304,4594.0,13,0,1,0,2.0
70336,0,0.038929812,53,0,0.49076023399999996,4274.0,7,0,1,0,0.0
70337,0,0.12204282699999999,52,0,0.180285005,7648.0,6,0,2,0,0.0
70338,0,0.059228537000000005,42,0,0.259248679,7000.0,10,0,1,0,0.0
70339,0,0.027549432999999998,25,0,0.637028015,820.0,5,0,0,0,0.0
70341,0,0.039703672,72,0,105.0,,10,0,0,0,0.0
70342,0,0.26917822199999997,49,0,0.367726455,5000.0,15,0,2,0,0.0
70343,1,0.616766467,36,3,0.503580852,2652.0,9,1,0,1,1.0
70344,0,0.13951319199999998,48,0,0.24505033,15000.0,14,0,2,0,3.0
70345,0,0.871237625,51,0,0.367642656,16700.0,16,0,1,0,3.0
70346,0,0.063389634,53,2,0.30630091,8347.0,27,0,2,0,1.0
70347,0,0.002282675,71,0,0.22515496899999998,5000.0,12,0,1,0,0.0
70349,0,0.76929942,56,2,0.45117845100000004,9800.0,18,0,1,0,0.0
70350,0,0.013641593999999998,90,0,39.0,,10,0,0,0,0.0
70351,0,0.208062838,34,0,0.592202318,2846.0,8,0,1,0,1.0
70354,0,0.108371582,51,0,0.871025795,3333.0,15,0,1,0,0.0
70357,0,0.0,61,0,0.09400603699999999,2318.0,2,0,0,0,0.0
70358,0,0.152289603,39,0,0.532914838,18000.0,20,0,5,0,1.0
70359,0,0.076836927,62,0,1267.0,,6,0,1,0,0.0
70360,0,0.493059411,24,0,0.037157455,2152.0,1,0,0,0,0.0
70361,0,0.129956681,68,0,0.118584071,2824.0,5,0,0,0,0.0
70362,0,0.0,44,0,0.0,,1,0,0,0,0.0
70364,0,0.058108007,73,0,71.0,,8,0,0,0,
70365,0,0.9999998999999999,53,0,0.41322190700000005,6700.0,6,1,1,0,1.0
70366,0,0.337212309,52,0,0.45513180000000003,3565.0,6,0,1,0,2.0
70368,0,0.0,57,0,0.928584181,5600.0,15,0,3,0,2.0
70369,0,0.0,31,0,0.181586086,18800.0,7,0,1,0,0.0
70372,0,0.9999998999999999,61,0,1418.0,0.0,3,0,1,0,2.0
70373,0,0.23092976199999998,92,0,318.0,,4,0,0,0,0.0
70374,0,0.19976894399999998,52,0,1100.0,,7,0,1,0,2.0
70375,0,0.067596148,48,0,3165.0,,16,0,2,0,1.0
70376,0,0.025263387,62,0,0.088545573,20000.0,11,0,2,0,0.0
70377,0,0.272192828,23,0,0.012987013,1000.0,2,0,0,0,0.0
70378,0,0.002611527,73,0,23.0,,30,0,0,0,
70379,0,0.830339321,31,0,0.20713609100000002,3166.0,6,0,0,0,0.0
70380,0,0.031449902,59,0,1579.0,,6,0,1,0,0.0
70382,0,0.0,51,0,0.362208472,2100.0,7,0,2,0,0.0
70385,0,0.176254916,43,1,0.014997973000000001,7400.0,5,0,0,0,0.0
70386,0,0.01435026,59,0,2079.0,,15,0,2,0,1.0
70389,0,0.0,85,0,0.0,,3,0,0,0,0.0
70390,0,0.024114653,71,0,1273.0,,8,0,1,0,1.0
70391,0,0.513449179,28,0,0.132933375,3166.0,6,0,0,0,0.0
70392,0,0.041712538,54,0,0.20198163800000002,11000.0,12,0,2,0,1.0
70393,0,0.023366714,46,0,3360.0,,15,0,2,0,1.0
70394,1,0.814628418,49,2,0.568767768,10200.0,10,0,2,0,3.0
70395,0,0.09026365800000001,56,0,0.126858022,7803.0,3,0,1,0,0.0
70399,0,0.022329917999999997,39,0,1576.0,,10,0,1,0,0.0
70401,0,0.0011289960000000002,47,0,0.321780858,3750.0,6,0,1,0,1.0
70402,0,0.20010142600000003,63,0,2.351917196,4250.0,21,0,6,0,0.0
70403,0,0.041843515,34,0,0.009331778,6000.0,4,0,0,0,0.0
70406,0,0.025883719,69,0,0.368762385,5550.0,16,0,1,0,1.0
70409,0,0.079260855,50,0,0.662309835,14000.0,17,0,4,0,3.0
70410,1,0.846555097,28,0,0.609770688,5014.0,9,0,2,1,0.0
70411,0,0.07972284,66,0,0.139849306,14200.0,8,0,1,0,2.0
70412,0,0.07122318400000001,58,0,0.041991602,3333.0,13,0,0,0,0.0
70413,0,0.018898816000000002,61,0,1520.0,,15,0,2,0,0.0
70414,0,0.207903507,60,0,0.47762497299999995,4580.0,5,0,1,0,0.0
70415,0,0.07142464700000001,44,0,0.011688711000000001,3250.0,3,0,0,0,0.0
70416,0,0.014564822,67,0,0.054727240999999996,5700.0,6,0,0,0,0.0
70417,0,0.062563925,48,0,2384.0,,19,0,1,0,4.0
70418,0,0.03639818,55,1,0.375052079,12000.0,10,0,2,0,2.0
70419,0,0.7764471059999999,52,0,11.0,,1,0,0,1,0.0
70421,0,0.015433273,55,3,0.123960695,10583.0,14,0,1,0,0.0
70424,0,0.58657142,76,0,0.585473117,7048.0,21,0,2,0,1.0
70425,0,0.744255744,22,0,363.0,,4,0,0,0,0.0
70427,0,0.001481299,46,1,0.026240517,8040.0,6,0,0,0,2.0
70429,0,0.493608293,31,0,0.865044985,3000.0,9,0,1,0,2.0
70430,0,0.0,54,0,0.16078867,3600.0,6,0,1,0,1.0
70431,0,0.0,29,0,0.0,3000.0,1,0,0,0,0.0
70432,0,0.0,39,1,4474.0,,22,0,1,0,0.0
70434,0,0.079873478,51,0,0.282359913,27000.0,15,0,4,0,1.0
70435,0,0.628273189,51,0,0.275862069,7800.0,9,0,0,0,3.0
70436,0,0.750097517,62,0,4775.0,,15,0,1,0,0.0
70437,0,1.000832639,41,0,78.0,,4,0,0,0,0.0
70438,0,0.47008103700000003,42,0,0.485864921,11000.0,9,0,2,0,0.0
70443,0,0.58450831,82,0,0.332166958,4000.0,6,0,1,0,0.0
70444,0,0.043231371,75,0,0.109551657,2564.0,17,0,0,0,0.0
70445,0,0.024328527000000003,51,0,0.280458384,9947.0,7,0,1,0,1.0
70446,0,0.5672163920000001,71,0,0.015841584,3029.0,3,0,0,0,0.0
70447,0,0.028433506,51,0,0.19603278100000002,10737.0,17,0,1,0,2.0
70448,0,0.008882092,81,0,336.0,,3,0,0,0,
70449,0,0.514510817,35,0,0.548782564,5872.0,10,0,1,0,0.0
70450,0,0.751436973,44,0,0.847275335,8367.0,15,0,2,0,0.0
70451,0,0.42071494,33,0,0.170487948,1700.0,4,0,0,0,1.0
70452,0,0.167704207,37,0,0.46959826299999996,1841.0,8,0,1,0,1.0
70453,0,0.05397962,45,0,0.064835165,4549.0,5,0,0,0,3.0
70454,0,0.10016110199999999,63,0,0.36123348,2269.0,7,0,0,0,0.0
70456,0,0.073499619,76,0,672.0,,7,0,1,0,0.0
70457,0,0.07907383400000001,73,0,0.04721173099999999,9001.0,14,0,0,0,0.0
70458,0,2.799050237,35,0,0.533866533,4000.0,4,0,1,0,0.0
70460,0,0.288427893,64,0,0.40821223799999995,7500.0,6,0,1,0,1.0
70461,0,0.45245621399999997,61,0,0.362200625,5761.0,8,0,0,0,0.0
70463,0,0.542892625,55,1,0.44409788899999997,4167.0,21,1,0,0,0.0
70464,0,0.0034886509999999997,67,0,0.434782609,2874.0,12,0,1,0,1.0
70466,0,0.025148628,52,0,0.42486636299999997,5050.0,9,0,1,0,2.0
70467,0,0.9650517470000001,42,1,0.213217789,10500.0,9,0,1,0,3.0
70470,0,0.006900553,57,0,0.7023384220000001,6157.0,14,0,1,0,3.0
70472,0,0.8703747909999999,44,0,0.44168273700000005,14000.0,9,0,2,0,3.0
70473,0,0.0,38,0,576.0,,6,0,0,0,0.0
70474,0,0.028624367999999997,48,0,0.0028199440000000004,33333.0,6,0,0,0,0.0
70475,1,0.28009477,27,0,0.162104261,4200.0,11,0,0,1,0.0
70476,0,0.019405947,52,0,0.272532929,14500.0,16,0,1,0,2.0
70478,0,0.301698302,21,0,0.009677419,929.0,2,0,0,0,0.0
70479,0,0.886681776,75,0,0.223880597,2746.0,3,0,0,0,0.0
70480,0,0.07906669,64,0,0.606273569,5833.0,6,0,3,0,0.0
70481,0,0.9999998999999999,44,0,307.5,1.0,5,0,0,1,3.0
70482,0,0.045590882,72,0,36.0,,8,0,0,0,0.0
70483,0,0.61736451,29,1,0.081872721,8500.0,9,0,0,0,0.0
70484,0,0.12332585900000001,63,0,0.52131726,3400.0,8,0,1,0,0.0
70485,0,0.104620566,34,2,0.165922144,4700.0,8,0,0,0,0.0
70486,0,0.00021225900000000002,63,0,908.0,,6,0,1,0,0.0
70488,0,0.101703559,62,0,0.324783715,9824.0,14,0,2,0,0.0
70489,0,0.0,79,0,0.203974503,8000.0,9,0,1,0,1.0
70491,0,0.404862348,65,0,0.276919633,13400.0,8,0,4,0,0.0
70492,0,0.0,61,0,0.262592176,8000.0,6,0,2,0,1.0
70494,0,0.131185443,65,0,0.57489301,700.0,14,0,0,0,0.0
70497,0,0.004928395,42,1,0.248319328,4759.0,8,0,1,0,0.0
70498,0,0.16518898699999998,53,1,0.43690593200000005,3050.0,9,0,2,0,1.0
70499,0,0.650447268,34,0,0.43839169899999997,2312.0,10,0,0,0,0.0
70500,0,0.06103229599999999,57,1,0.153384662,10000.0,13,0,0,0,1.0
70502,0,0.0,33,0,0.572345204,6233.0,12,0,2,0,2.0
70503,0,0.345057194,45,0,0.7974157820000001,6500.0,14,0,1,0,0.0
70504,0,0.07579605,50,0,4.129740518999999,500.0,14,0,1,0,0.0
70505,0,0.015472056000000001,40,0,0.37265094,2500.0,6,0,0,0,3.0
70506,0,0.579946301,49,1,0.09204131199999999,6583.0,6,0,0,0,0.0
70507,0,0.196114444,35,0,2241.0,,6,0,1,0,0.0
70508,0,0.134326033,63,0,1689.0,,6,0,1,0,0.0
70509,0,0.0011615969999999999,63,0,0.097774347,7772.0,8,0,0,0,0.0
70510,1,0.9583009140000001,37,0,0.45418708700000004,9385.0,13,0,3,0,2.0
70513,1,0.941887107,37,1,854.0,,4,2,0,1,0.0
70515,0,0.015999562,51,0,0.06491633,3465.0,4,0,0,0,0.0
70519,0,0.103898669,72,0,126.0,,4,0,0,0,0.0
70521,0,0.363019132,56,0,0.26943181,14730.0,10,0,2,0,3.0
70522,1,0.965654555,46,1,0.37082270799999995,7450.0,10,1,1,1,2.0
70523,0,0.249055019,42,0,0.09366812199999999,9159.0,5,0,0,0,3.0
70524,0,0.433418042,47,0,0.326831667,6100.0,9,0,0,0,2.0
70525,0,0.016146026,58,0,802.0,,9,0,2,0,0.0
70526,0,0.286335141,55,0,0.309734513,1920.0,5,0,0,0,0.0
70527,0,0.166142674,55,0,0.04431856,3000.0,10,0,0,0,0.0
70528,0,0.0,64,0,0.0,2332.0,3,0,0,0,0.0
70529,0,1.015305602,40,2,2579.0,,9,0,0,0,1.0
70532,0,0.255755546,55,0,5340.0,0.0,14,0,1,0,0.0
70534,0,0.271869125,34,0,0.396201266,3000.0,10,1,1,0,2.0
70535,0,0.931749022,45,0,1842.0,,7,0,1,0,0.0
70536,1,0.448900116,52,4,0.41343820600000003,11950.0,14,3,3,1,2.0
70538,1,0.977010987,52,4,0.713027353,6470.0,17,1,3,0,2.0
70541,0,0.750712464,50,0,0.446899444,12400.0,8,0,4,0,1.0
70542,0,0.37509495600000003,47,0,0.32950801,8800.0,10,0,2,0,0.0
70543,0,0.021153556,61,0,0.062937063,9866.0,6,0,0,0,0.0
70544,0,0.011138536000000001,58,0,0.00122429,4083.0,4,0,0,0,1.0
70546,0,0.357081804,53,0,0.54950007,7100.0,17,0,2,0,3.0
70548,0,0.9999998999999999,26,0,0.080120937,5291.0,2,0,0,0,0.0
70549,0,0.6036458729999999,38,0,0.111088891,10000.0,6,0,0,0,0.0
70551,0,0.476790458,55,0,0.33610399399999996,16000.0,8,0,2,0,3.0
70552,0,0.033835354,77,0,0.0026693359999999996,8990.0,4,0,0,0,0.0
70553,0,0.161846655,49,0,0.512947368,9499.0,11,0,2,0,3.0
70556,0,0.06512698,47,1,0.9520191920000001,2500.0,4,0,2,0,1.0
70557,0,0.28004047,43,0,0.469906019,5000.0,7,0,1,0,2.0
70559,0,0.632734531,27,0,9.0,0.0,1,0,0,0,0.0
70560,0,0.123995724,65,0,0.259553831,5154.0,5,0,1,0,0.0
70561,0,0.023873046000000002,58,0,0.15869878699999998,18720.0,7,0,2,0,2.0
70563,0,0.003184476,61,0,0.397733181,9616.0,12,0,1,0,0.0
70564,0,0.019211539,72,0,0.00569886,3333.0,4,0,0,0,0.0
70565,0,0.409636049,65,0,0.594361671,6845.0,26,0,1,0,0.0
70566,0,0.012999581000000001,55,0,1321.0,,6,0,2,0,0.0
70567,1,0.13183830900000001,40,1,0.325096415,7000.0,7,0,1,0,4.0
70568,1,0.9929232440000001,50,1,1748.0,,14,0,1,2,0.0
70569,0,0.58510469,50,0,0.8610277940000001,5000.0,12,0,2,0,3.0
70571,1,0.033303593,51,0,1.82818749,6250.0,26,0,7,0,3.0
70572,0,0.088032609,74,0,900.0,,12,0,1,0,0.0
70573,0,0.08204460400000001,49,0,6980.0,,11,1,2,0,0.0
70574,0,0.50909818,66,0,0.294990229,11257.0,6,0,2,0,1.0
70575,0,0.542518379,72,0,1.159671533,1095.0,10,0,0,0,0.0
70576,0,0.135412206,44,0,1213.0,,5,0,1,0,0.0
70577,0,0.002410972,67,0,1380.0,,8,0,2,0,0.0
70578,0,0.9999998999999999,40,1,0.280513919,1400.0,2,3,0,1,4.0
70579,0,0.004588434000000001,67,0,0.396862021,6500.0,19,0,3,0,0.0
70580,0,0.746363021,43,0,0.489784089,6900.0,5,0,3,0,1.0
70581,0,0.91646214,27,2,0.21710974800000002,2933.0,4,0,0,0,0.0
70582,0,0.02609913,47,0,0.251319371,18000.0,9,0,1,0,3.0
70583,0,0.10253162099999999,50,1,0.534066562,7000.0,9,0,1,0,0.0
70584,0,0.059673508,60,0,0.023502152000000002,3020.0,2,0,0,0,1.0
70585,1,0.9999998999999999,46,0,0.0,2916.0,0,0,0,0,0.0
70587,0,0.298485298,48,0,0.773004508,3770.0,9,0,1,1,0.0
70588,0,0.410714129,46,0,0.096295185,20000.0,9,0,0,0,3.0
70590,0,1.054034889,43,1,0.294606324,8064.0,9,1,1,0,1.0
70592,0,0.07472548799999999,67,0,0.329066107,4764.0,19,0,1,0,1.0
70593,0,1.052878966,30,0,0.2290024,2916.0,7,0,0,0,2.0
70595,0,0.5244276210000001,41,0,0.676065433,4645.0,11,0,2,0,0.0
70596,0,0.128367761,57,0,0.071697022,10376.0,4,0,0,0,3.0
70597,0,0.953555878,47,0,0.549245785,3380.0,5,0,1,0,0.0
70599,0,0.922948256,53,0,0.43873517799999995,4806.0,12,0,1,0,1.0
70600,0,0.041034249,32,0,0.062441049000000005,5300.0,3,0,0,0,5.0
70601,0,0.11730369,94,0,69.0,,2,0,0,0,
70602,0,0.830919475,55,0,0.429028133,4691.0,14,0,0,0,2.0
70603,0,0.468542284,72,0,0.322805025,14088.0,10,0,2,0,0.0
70604,0,0.037348706,55,0,1663.0,,7,0,2,0,0.0
70606,0,0.291819198,36,0,1.199120352,2500.0,11,0,2,0,0.0
70607,0,0.059580943,52,0,1055.0,,12,0,1,0,0.0
70608,0,0.0,34,0,0.317323306,11700.0,9,0,2,0,2.0
70610,1,0.9999998999999999,61,0,0.016959878,7900.0,1,1,0,0,0.0
70611,0,0.9999998999999999,37,1,0.03508453,5500.0,2,0,0,0,0.0
70614,0,0.019141763,43,0,0.09343148400000001,8829.0,5,0,0,0,1.0
70615,0,0.000222214,40,0,0.367661763,7000.0,5,0,1,0,0.0
70616,0,0.0015332310000000001,55,0,0.026901052,7508.0,6,0,0,0,1.0
70617,0,0.9751330140000001,43,2,0.458885279,4000.0,4,0,1,0,2.0
70618,0,0.247646029,29,0,0.068551741,8416.0,7,0,0,0,0.0
70620,1,0.9999998999999999,33,1,60.0,,0,1,0,2,0.0
70621,0,0.29482689300000003,52,0,2165.0,,10,0,1,0,0.0
70622,0,0.088193682,53,0,1.019029189,6200.0,22,0,4,0,2.0
70623,0,0.14909609,51,0,751.0,,9,0,0,0,
70624,1,0.289104052,55,3,0.34499215899999996,14666.0,19,0,1,0,1.0
70626,1,0.537333041,54,0,0.048878027000000004,4500.0,6,1,0,0,1.0
70627,0,0.47773722,63,1,0.637504091,9166.0,21,0,1,1,1.0
70631,0,0.0,70,0,0.0,4200.0,2,0,0,0,0.0
70632,0,0.238038096,79,0,0.33570241799999995,10833.0,12,0,1,0,0.0
70633,0,0.11541132400000001,83,0,0.015910557,4650.0,4,0,0,0,0.0
70634,0,0.010576176000000001,44,0,1.086423734,3100.0,15,0,1,0,0.0
70635,0,0.415009435,44,0,0.24614495,10375.0,16,0,2,0,0.0
70638,0,0.9999998999999999,60,1,0.0,1920.0,0,0,0,0,0.0
70639,0,0.0,77,0,0.184801382,11000.0,7,0,1,0,0.0
70640,0,0.05215515,81,0,29.0,,4,0,0,0,
70641,0,0.150764967,63,0,0.36989088200000003,5406.0,16,0,2,0,0.0
70642,0,0.275486226,57,0,0.30226712899999997,19892.0,8,0,4,0,0.0
70643,0,0.49812979999999996,58,0,0.27254549100000003,5000.0,8,0,0,0,3.0
70644,0,0.033076923,49,0,0.21403457399999998,6825.0,12,0,1,0,0.0
70645,0,0.5819368229999999,64,0,0.429740047,5500.0,13,0,0,0,0.0
70647,0,0.0,28,0,0.349503859,2720.0,7,0,1,0,2.0
70649,0,0.002755797,58,0,0.206281105,5826.0,4,0,1,0,0.0
70650,0,0.170156699,37,0,0.22630672,3481.0,7,0,0,0,2.0
70652,0,0.283385838,31,0,0.145888594,4900.0,7,0,0,0,0.0
70653,0,0.039552626,50,0,0.005077753,3150.0,3,0,0,0,0.0
70654,0,0.044627388,62,0,0.046317388,2633.0,6,0,0,0,1.0
70655,0,0.097431257,31,0,0.075966387,5949.0,14,0,0,0,2.0
70656,1,0.9999998999999999,30,0,0.16250367300000002,3402.0,1,0,0,2,4.0
70657,0,0.043492285,38,0,0.19158683899999998,2400.0,9,0,1,0,0.0
70658,1,0.964352992,36,0,0.17948247399999998,5448.0,7,0,0,0,2.0
70659,1,1.755572636,57,1,0.650436954,800.0,8,4,0,0,1.0
70660,0,0.015659706000000002,77,0,0.006825075999999999,7911.0,15,0,0,0,0.0
70662,0,0.648648649,24,0,0.33644237200000005,1500.0,5,0,0,0,0.0
70663,0,0.166917517,59,0,0.266751755,4700.0,11,0,1,0,0.0
70664,0,0.9999998999999999,42,0,223.0,,0,0,0,0,0.0
70665,0,0.83680464,50,0,0.538010688,5800.0,12,0,1,0,0.0
70666,1,0.21590121,78,1,0.393535488,3000.0,9,0,1,0,0.0
70667,0,0.468569267,65,0,0.328431949,8500.0,8,0,2,0,0.0
70670,0,0.44799240700000004,36,0,1.055626762,3900.0,10,0,2,0,0.0
70671,0,0.258875814,59,0,0.40175733799999996,5348.0,13,0,1,0,1.0
70672,0,1.0049975009999998,42,0,0.35707121399999997,1993.0,4,0,0,0,0.0
70674,1,0.973468435,30,1,0.40519826700000006,3000.0,14,1,0,0,0.0
70675,0,0.001478229,32,0,0.004997501,2000.0,3,0,0,0,0.0
70676,0,0.7234482879999999,58,0,0.628367573,8128.0,23,0,2,0,0.0
70679,0,0.046986992000000005,35,0,0.21065389999999998,16500.0,11,0,2,0,1.0
70680,0,0.28642855300000003,80,0,0.258313998,2585.0,3,0,1,0,0.0
70681,0,0.17265879399999998,31,0,0.05146771,5109.0,5,0,0,0,1.0
70682,0,0.0,56,0,0.337710789,6700.0,7,0,0,0,3.0
70683,0,0.34977720100000004,48,0,0.236768802,9333.0,10,0,2,0,2.0
70684,0,0.0,45,1,2612.0,,5,0,1,0,0.0
70686,0,0.297156236,44,0,0.030455153999999998,5975.0,2,0,0,0,1.0
70688,0,0.058275493,49,0,1395.0,,7,0,1,0,0.0
70690,0,0.017280766,79,0,0.252999657,5833.0,13,0,1,0,0.0
70691,0,0.0,34,2,0.399250234,3200.0,9,0,1,0,0.0
70693,0,0.37704990899999996,55,1,0.40681491,6250.0,15,0,3,0,0.0
70695,0,0.302065803,51,0,1.4435418359999999,1230.0,10,0,1,0,0.0
70696,0,0.127277463,37,0,0.304017372,920.0,9,0,0,0,0.0
70702,0,0.6895109979999999,85,1,0.20751465,2900.0,8,1,1,0,1.0
70703,0,0.144757539,54,0,0.447296559,5492.0,7,0,1,0,0.0
70704,1,0.984771739,51,0,0.827593152,4964.0,10,0,1,0,1.0
70705,0,0.253566191,33,0,0.38315075600000004,3833.0,3,0,1,0,0.0
70706,0,0.006053836,65,0,0.529788085,2500.0,8,0,1,0,0.0
70707,0,0.074249414,36,0,0.033397773,15000.0,9,0,0,0,1.0
70708,0,0.274192667,28,1,2148.0,,9,0,2,0,0.0
70709,0,0.0,75,1,291.0,,7,0,0,1,
70710,0,0.17683466,49,0,0.03616064,6000.0,5,0,0,0,0.0
70711,0,0.980751604,57,0,0.184113093,5941.0,5,0,0,0,1.0
70712,1,0.8356276970000001,45,0,0.83002698,6300.0,18,0,2,0,3.0
70713,0,0.107107698,44,0,4744.0,,11,0,2,0,0.0
70714,0,0.068351575,59,0,2468.0,,7,0,1,0,0.0
70716,0,0.157444806,58,0,0.252719569,17465.0,12,0,2,0,0.0
70717,0,0.952609478,54,0,4181.0,,5,0,1,0,0.0
70718,0,0.002163863,73,0,690.0,,8,0,2,0,0.0
70721,0,0.032483758,34,0,2.0,,5,1,0,0,0.0
70722,0,0.603400802,65,0,0.43273636,2400.0,5,0,1,0,0.0
70723,0,0.02663929,39,0,0.329178029,7700.0,10,0,1,1,1.0
70724,0,0.0,56,1,0.035074765,5416.0,3,0,0,0,0.0
70725,0,0.366705048,39,0,0.26234753,5000.0,6,0,0,0,0.0
70726,1,0.435181721,52,3,0.271307495,10500.0,17,0,1,0,2.0
70727,0,0.444079173,46,2,0.353759235,2300.0,7,0,1,2,0.0
70729,0,0.018148921000000002,63,0,0.037924152,1001.0,7,0,0,0,0.0
70730,0,0.9999998999999999,82,0,0.0,,0,0,0,0,
70731,1,0.685546465,47,0,0.529867533,4000.0,11,0,1,1,2.0
70732,0,0.013269878999999998,81,0,0.058315622000000004,7527.0,7,0,0,0,0.0
70736,0,0.046359422000000004,26,0,14.0,,4,0,0,0,
70737,0,0.7116417909999999,68,0,0.328917771,4000.0,9,2,1,0,1.0
70739,0,0.062731242,63,0,0.01599543,3500.0,11,0,0,0,0.0
70740,0,0.27669786399999996,47,0,0.348620184,7500.0,6,0,1,0,2.0
70741,0,0.29730036,52,0,0.570462819,3845.0,14,0,0,0,2.0
70742,1,1.115463635,31,1,0.854715095,3000.0,6,1,1,2,0.0
70747,0,0.0,28,0,0.105178964,5000.0,5,0,0,0,0.0
70749,0,0.032801008,66,0,0.196,7999.0,12,0,1,0,0.0
70750,0,0.368678061,34,0,0.458308338,5000.0,8,0,2,0,0.0
70753,0,0.030174411,68,0,0.025674865,8334.0,13,0,1,0,1.0
70756,0,0.327483626,41,0,0.516496701,5000.0,10,0,1,0,2.0
70757,0,0.173111935,68,1,0.28009959100000004,11245.0,11,0,2,0,1.0
70759,0,0.17230740600000002,46,0,0.24598243,14000.0,23,0,2,0,5.0
70760,0,0.016320786,77,0,43.0,,5,0,0,0,0.0
70761,0,0.013438868999999999,56,0,198.0,,4,0,1,0,1.0
70762,0,0.544498565,62,3,0.282332921,6463.0,12,0,2,1,1.0
70763,0,0.9999998999999999,58,0,1.4585138290000002,3000.0,8,0,3,0,1.0
70764,0,0.853820598,44,2,499.0,,3,0,0,0,0.0
70766,0,0.976038961,50,2,0.41264683799999996,4000.0,7,0,1,0,2.0
70767,0,0.405781293,61,0,0.912527335,3200.0,5,0,1,0,1.0
70768,0,0.242344029,40,0,0.21479570399999998,16666.0,12,0,1,0,3.0
70769,0,0.732664267,39,0,0.449589148,7666.0,16,0,1,0,1.0
70770,0,0.595654075,53,1,0.322879738,11000.0,9,0,1,0,0.0
70772,0,0.967663015,39,0,0.086814555,49000.0,9,0,2,0,2.0
70774,0,0.013254641999999999,65,0,0.221313338,4400.0,7,0,1,0,0.0
70776,0,0.003796893,64,0,0.807612743,4833.0,13,0,1,0,0.0
70777,0,0.088666016,40,0,0.09425878300000001,3500.0,4,0,0,0,3.0
70779,0,0.9999998999999999,54,1,0.06612733,19900.0,8,0,1,0,0.0
70781,0,0.91626908,69,0,4998.0,,10,0,3,0,2.0
70782,0,0.5164350010000001,38,1,0.545859467,11000.0,10,0,2,0,0.0
70784,0,0.9999998999999999,51,0,478.0,1.0,2,0,0,0,1.0
70787,0,0.999866684,39,0,0.201861748,5800.0,4,0,0,0,2.0
70789,0,0.332445037,29,0,0.21549031899999999,1600.0,8,0,0,0,0.0
70790,0,0.263547291,38,0,0.603240983,1912.0,3,0,1,0,0.0
70791,0,0.125061925,49,0,0.361694391,11000.0,11,0,2,0,1.0
70793,0,0.06253873,59,1,0.235650957,15000.0,10,0,2,0,0.0
70794,0,0.030436643,56,0,0.319237797,7661.0,7,0,1,0,0.0
70795,0,0.0,54,0,0.39674229200000005,6875.0,9,0,1,0,0.0
70796,0,0.091397715,43,0,0.019190141,5679.0,2,0,0,0,3.0
70797,0,0.178903425,52,0,0.069824669,3250.0,8,0,0,0,1.0
70798,0,0.621216778,59,0,0.52407932,6000.0,9,0,1,0,2.0
70800,1,0.802838938,48,2,0.211554486,10800.0,9,1,0,0,1.0
70801,0,0.480806055,82,0,0.52194035,5833.0,11,0,1,0,0.0
70803,0,0.06476128099999999,60,0,0.080881505,17333.0,5,0,1,0,3.0
70804,0,0.714958925,41,0,0.077904011,8625.0,7,0,0,0,1.0
70805,0,0.862394058,76,0,0.060208842,4500.0,3,0,0,0,0.0
70806,0,0.8084731209999999,51,0,0.250475414,7361.0,9,0,0,0,2.0
70807,0,0.08363653900000001,36,0,5209.0,,7,0,2,0,0.0
70809,0,0.145166694,46,0,2043.0,,27,0,1,0,0.0
70810,0,0.288487786,55,0,0.672037056,9930.0,12,0,3,0,0.0
70812,0,0.268852183,72,0,1824.0,,10,0,1,0,0.0
70814,0,0.24219197399999998,50,0,0.584805065,3000.0,3,0,1,1,3.0
70816,0,0.31678052,51,0,1114.0,,9,0,1,0,1.0
70818,0,0.9878647559999999,44,0,0.29191233699999997,8988.0,10,0,1,0,0.0
70819,0,0.167708073,33,0,0.13285883699999998,5900.0,5,0,0,0,0.0
70820,0,0.018876531000000002,67,0,0.159050294,7833.0,18,0,1,0,0.0
70822,0,0.9999998999999999,28,0,0.004570123,3500.0,0,0,0,0,1.0
70823,0,0.0,64,0,0.170411985,2135.0,3,0,0,0,0.0
70825,0,0.612801454,37,0,0.5199168129999999,6250.0,8,0,1,0,1.0
70826,0,0.01644596,48,2,1305.0,,10,0,1,0,0.0
70827,0,0.029655252000000003,74,0,1634.0,,7,0,1,0,0.0
70828,0,0.054518984000000006,73,0,0.36404262600000004,2908.0,6,0,2,0,0.0
70829,0,0.006912649,75,0,0.688841488,7500.0,18,0,3,0,0.0
70830,0,0.004160523,53,0,0.3203125,8575.0,9,0,2,0,0.0
70831,1,0.9999998999999999,51,1,0.83109708,3800.0,4,1,1,0,1.0
70833,0,0.646385385,46,0,0.639781362,7500.0,15,0,1,0,1.0
70834,0,0.019444044,47,0,0.221325348,7680.0,5,0,2,0,0.0
70835,0,0.017664704,90,0,4.0,,1,0,0,0,
70836,0,0.032457741,29,0,0.051988447,4500.0,10,0,0,0,2.0
70838,0,0.036897409,37,0,0.06686455200000001,6400.0,7,0,0,0,3.0
70839,0,0.0,68,0,0.278062678,3509.0,8,0,1,0,0.0
70840,1,0.99064306,68,2,518.0,,6,0,0,0,0.0
70842,0,0.0,74,0,0.045896911,90833.0,8,0,4,0,1.0
70843,1,0.982462618,36,2,0.5573951429999999,905.0,7,2,0,0,1.0
70845,0,0.03861162,58,4,1292.0,,10,0,1,0,
70846,1,0.9999998999999999,60,98,0.0,931.0,0,98,0,98,0.0
70847,0,0.28557983600000003,61,0,0.454382826,6707.0,8,0,1,0,2.0
70848,0,0.07851588799999999,71,0,622.0,,4,0,0,0,0.0
70849,0,0.405122362,33,0,5742.0,0.0,12,0,3,0,2.0
70850,0,0.0034544759999999997,79,0,0.151975684,6250.0,7,0,1,0,0.0
70851,0,0.002115303,62,0,802.5,1.0,4,0,1,0,0.0
70852,0,0.034196947000000005,32,0,0.111744413,20000.0,5,0,1,0,2.0
70853,0,0.17958386,56,0,1711.0,,11,0,2,0,0.0
70855,0,0.023642636,72,0,0.445931395,6500.0,11,0,2,0,0.0
70856,0,0.57658487,40,0,0.407246206,8500.0,12,0,2,0,3.0
70857,0,0.056149527000000005,42,0,0.24239934300000002,2433.0,8,0,0,0,1.0
70858,0,0.195211962,59,0,3779.0,,12,0,2,0,0.0
70859,0,0.020460207,52,0,0.251915336,7700.0,8,0,1,0,0.0
70862,0,0.013760531999999999,28,0,0.07799376,4166.0,15,0,0,0,0.0
70863,0,0.001351169,27,0,17859.0,,17,0,11,0,0.0
70865,0,0.049084534000000006,53,2,0.30467812899999996,2500.0,10,0,0,0,1.0
70866,0,0.156721421,46,0,0.135181976,7500.0,17,0,0,0,1.0
70867,0,0.0,62,0,0.322899277,7187.0,9,0,1,0,0.0
70868,0,0.0,76,0,0.09336333,8000.0,4,0,1,0,0.0
70869,0,0.021717268999999997,49,0,0.034362387,9166.0,11,0,0,0,0.0
70871,0,0.17812163,57,0,0.40855923299999997,18038.0,24,0,4,0,0.0
70873,0,0.006574118,76,0,896.0,,12,0,1,0,0.0
70875,1,0.035042113,56,0,0.09597268,8491.0,18,0,0,0,0.0
70876,0,0.036506125,72,0,0.16384454099999998,6200.0,14,0,1,0,0.0
70877,0,0.983936002,34,0,0.206625865,7515.0,8,0,0,1,0.0
70878,0,0.136541339,57,0,0.29988867199999997,7185.0,11,0,1,0,0.0
70880,0,0.9185849620000001,47,0,0.503291597,7746.0,8,0,2,0,2.0
70882,0,0.179219821,39,0,0.37055431,6241.0,15,0,2,0,0.0
70883,0,0.62367807,44,2,0.214638048,7500.0,5,0,1,1,2.0
70886,0,0.675397653,42,1,0.41214133299999994,8433.0,8,0,1,0,2.0
70888,0,0.94366532,43,1,2692.0,,6,0,1,0,0.0
70889,0,0.440336624,64,1,0.583333333,5747.0,19,0,2,0,0.0
70890,0,0.0,46,0,0.192100987,8000.0,3,0,1,0,1.0
70892,0,0.0,51,0,0.016841382,5818.0,5,0,0,0,3.0
70893,0,1.00928382,48,1,0.304987479,9583.0,12,0,1,0,2.0
70894,0,0.003399915,88,0,0.000963623,4150.0,3,0,0,0,0.0
70897,0,0.099944743,78,0,0.22520402899999997,13600.0,9,0,1,0,0.0
70898,0,0.769304373,30,0,0.147183255,4490.0,8,0,0,0,0.0
70901,0,0.014816088,80,0,0.39053648799999996,3000.0,23,0,2,0,0.0
70902,0,0.41853156799999996,53,2,2575.0,0.0,9,0,2,0,0.0
70903,0,0.7460039409999999,43,0,1.44638404,400.0,3,0,1,0,0.0
70904,0,0.066553957,61,0,0.207773161,4090.0,9,0,1,0,1.0
70905,0,0.090785456,54,0,0.616973154,10168.0,15,0,2,0,2.0
70906,0,0.061981178,50,0,2625.0,,16,0,1,1,0.0
70907,0,0.674349125,47,5,0.285577154,8333.0,20,0,1,0,3.0
70908,0,0.11224692900000001,43,0,0.229037037,6749.0,14,0,0,0,6.0
70909,0,0.040219988,25,0,0.414654455,1200.0,7,0,0,0,0.0
70912,0,0.0,63,0,0.117837089,13000.0,5,0,1,0,2.0
70915,0,0.9999998999999999,21,0,0.0,1.0,1,0,0,0,0.0
70916,0,0.280902543,55,0,0.345988775,9086.0,13,0,1,0,1.0
70917,0,0.7913561290000001,46,1,0.087765588,7200.0,4,0,0,0,0.0
70918,0,0.046303141,43,0,0.145927036,2000.0,9,0,0,0,0.0
70919,0,0.029051097,64,0,2076.0,,8,0,2,0,0.0
70920,0,0.028524092999999997,45,0,0.037055838,7879.0,9,0,0,0,0.0
70921,0,0.025452727,45,1,0.234101272,8333.0,10,0,2,0,3.0
70922,0,0.195832738,49,0,0.23962186600000002,7298.0,13,0,2,0,0.0
70924,0,0.69052379,25,0,0.268126521,2054.0,4,0,0,0,0.0
70925,0,0.002635105,81,0,0.048745937999999996,12000.0,14,0,1,0,1.0
70926,0,0.056421020999999995,69,0,0.307659678,16501.0,22,0,2,0,0.0
70927,0,0.023966427000000002,72,0,1510.0,,6,0,1,0,0.0
70928,0,1.4710578840000001,28,1,0.042591482,5000.0,5,0,0,3,0.0
70932,0,0.246250197,49,0,1389.0,,10,0,1,0,0.0
70934,0,0.06534252,79,7,0.782016349,1100.0,12,0,1,0,0.0
70935,0,0.0023706770000000003,72,0,0.354409318,600.0,9,0,1,0,0.0
70936,0,0.21527792899999998,39,0,0.315934725,8333.0,12,0,2,0,1.0
70938,0,0.97219839,73,1,0.431007752,13544.0,15,0,2,0,1.0
70940,0,0.054578907999999995,79,0,0.106361705,8000.0,5,0,1,0,0.0
70941,0,0.110832512,69,0,0.601377625,9000.0,7,0,3,0,0.0
70942,0,0.701261675,42,0,0.627708032,9000.0,15,0,1,0,2.0
70943,0,0.059742004,52,0,0.582874752,4542.0,9,0,2,0,2.0
70944,0,0.283148894,40,0,4489.0,,11,0,2,0,0.0
70945,0,0.6991020840000001,40,0,0.45954243100000003,13680.0,10,0,2,0,3.0
70948,0,0.333033348,37,0,0.36514971399999996,9250.0,10,0,2,0,1.0
70949,0,0.0,74,0,0.059259259,2834.0,9,0,0,0,0.0
70950,1,0.436886916,49,0,0.717134245,4312.0,15,0,1,0,0.0
70951,0,0.048560535,30,0,0.377238115,4858.0,9,0,1,1,0.0
70952,1,0.440622694,52,0,0.292886402,20017.0,12,1,4,0,2.0
70953,0,0.97555393,43,0,0.656194252,10089.0,10,0,2,0,2.0
70955,0,0.0,82,0,0.360082305,2429.0,5,0,1,0,1.0
70956,0,0.737516405,33,0,0.44247205799999995,6083.0,6,0,1,0,1.0
70957,0,0.016897081,57,0,0.031117397,2120.0,3,3,0,0,0.0
70958,0,0.21978022,23,0,11.0,,1,0,0,0,0.0
70959,0,0.0,44,0,0.083709321,31250.0,13,0,2,0,4.0
70961,1,0.9999998999999999,24,98,0.0,3333.0,0,98,0,98,0.0
70964,1,0.05252633,77,0,0.273087071,2273.0,9,0,0,0,0.0
70965,0,0.09659697199999999,44,0,1347.0,,5,0,1,0,0.0
70966,0,0.729713174,69,0,0.319382073,5566.0,10,0,0,0,0.0
70969,0,0.034623557,78,0,341.0,,6,0,2,0,1.0
70971,0,0.46978313899999996,56,1,0.8065386920000001,3333.0,9,0,2,0,0.0
70973,0,0.035113282,56,0,0.45879696799999997,6200.0,10,0,1,0,1.0
70974,0,0.0,37,0,0.26056858,10833.0,9,0,1,0,2.0
70975,0,0.980003999,61,1,0.22895189,2327.0,3,0,0,1,0.0
70976,0,0.463099858,53,2,0.753322701,13166.0,21,0,6,0,0.0
70977,0,0.029014059,74,0,1011.0,,9,0,1,0,0.0
70979,0,0.005212858,81,0,0.001904581,10500.0,17,0,0,0,0.0
70981,0,0.03880141,53,2,2245.0,,13,0,2,0,0.0
70982,0,0.332521472,59,0,0.306813545,2450.0,3,0,0,0,0.0
70984,0,0.94079908,53,4,1461.0,,9,0,0,0,0.0
70986,0,0.045708828,42,0,0.34404708,6626.0,12,0,1,0,0.0
70988,0,0.144040225,90,0,0.15961346199999998,3000.0,3,0,0,0,0.0
70989,0,0.9999998999999999,74,0,0.0,3000.0,0,0,0,0,0.0
70992,0,0.093642364,44,0,0.018526687,6800.0,8,0,0,0,1.0
70993,0,0.628288128,51,1,0.37628512700000005,5835.0,10,0,1,1,0.0
70996,0,0.799700471,64,0,0.639148662,3100.0,14,0,0,0,0.0
70998,1,0.900203413,41,0,0.79013443,9000.0,22,0,2,0,0.0
70999,0,0.561052232,36,0,0.362192394,8939.0,15,0,2,0,0.0
71000,0,0.509899756,62,0,1414.0,,8,0,2,0,0.0
71001,0,0.910508949,46,1,0.893410659,10000.0,8,0,3,0,3.0
71002,0,0.08409700099999999,44,0,1391.0,,7,0,1,0,0.0
71005,0,0.883748833,83,0,0.338548457,2300.0,4,0,0,1,0.0
71007,0,0.026693333,55,0,0.289088538,6900.0,7,0,1,0,1.0
71008,0,0.036522515,54,0,0.006256058,11348.0,2,1,0,0,1.0
71009,0,0.20217486399999998,39,0,3582.0,,9,0,1,0,0.0
71011,1,1.028657114,44,1,0.480651935,10000.0,6,0,1,1,2.0
71012,0,0.809317829,55,0,4280.0,,15,0,1,0,0.0
71013,0,0.623425105,71,0,280.0,,2,0,0,0,0.0
71015,0,0.24729336600000001,54,0,0.586531008,10319.0,13,0,3,0,1.0
71016,0,0.49163029700000005,30,0,0.8696124590000001,2760.0,6,0,2,0,0.0
71017,0,0.355124208,62,0,0.49125552299999997,10863.0,18,0,2,0,0.0
71018,1,1.474525475,34,1,0.371653543,1269.0,8,4,0,2,1.0
71019,0,0.6637983270000001,52,2,0.223962673,6000.0,5,2,1,2,2.0
71020,0,0.043398204,30,0,0.039200615,1300.0,8,0,0,0,0.0
71021,0,0.505074746,45,0,0.520956587,12000.0,8,0,2,0,2.0
71023,0,0.099993994,33,0,2064.0,,5,0,1,0,0.0
71024,0,0.015271673000000001,57,0,0.115562119,10833.0,9,0,2,0,3.0
71025,0,0.122289387,57,0,0.41055276399999996,5969.0,15,0,1,0,4.0
71027,0,0.8884263109999999,47,0,0.809705043,1050.0,4,0,0,0,2.0
71028,1,0.400666389,30,1,0.197243988,3700.0,9,0,0,0,0.0
71029,0,0.056877480999999994,59,1,0.130368536,10500.0,22,0,1,0,0.0
71030,0,0.024171948999999998,76,0,0.12048861699999999,1800.0,11,0,0,0,0.0
71031,0,0.0,54,0,0.142130366,6289.0,3,0,1,0,0.0
71034,0,0.299840352,36,0,0.329720663,15500.0,16,0,1,0,1.0
71035,0,0.24275145,40,0,0.37436115799999997,2347.0,6,0,0,0,1.0
71036,0,0.774216446,57,0,0.5009473289999999,7916.0,13,0,1,0,0.0
71037,0,0.011017981000000001,70,0,0.040816327,15924.0,7,0,0,0,0.0
71038,0,0.073397064,64,0,0.328334226,5600.0,4,0,1,0,0.0
71039,0,0.234920181,34,0,0.286109829,6500.0,5,0,1,0,1.0
71041,0,0.420192886,39,0,0.94914997,6587.0,10,0,3,0,0.0
71042,0,0.412290074,48,0,0.649670066,5000.0,10,0,2,0,1.0
71043,0,0.084820337,51,1,1926.0,,7,0,1,0,2.0
71044,0,0.0,56,1,1.1574697170000001,5200.0,6,0,2,0,1.0
71045,0,0.24002157899999998,57,0,0.63106149,6000.0,16,0,1,0,0.0
71047,0,0.15388924699999998,33,0,0.9424416840000001,3300.0,7,0,1,0,2.0
71048,0,0.294923335,74,0,0.069808307,6259.0,6,0,0,0,0.0
71049,0,0.097824618,29,0,21.0,,1,0,0,0,0.0
71050,0,0.819798335,55,0,0.496144355,6483.0,10,0,1,0,1.0
71051,0,0.207112425,48,0,0.23399081300000002,3700.0,8,0,2,0,0.0
71052,0,0.506401271,39,0,0.22697003300000002,1801.0,7,0,0,0,1.0
71056,1,0.739464418,67,0,1.083739199,6364.0,22,0,9,0,0.0
71057,0,0.030216742999999997,58,0,1442.0,,8,0,1,0,0.0
71058,0,0.9999998999999999,34,0,0.0,1200.0,0,2,0,0,0.0
71059,0,0.011970584,83,0,0.0029995,6000.0,5,0,0,0,0.0
71060,0,0.726911017,54,0,0.40905416299999997,3710.0,12,0,1,0,0.0
71062,0,0.094547517,71,0,497.0,,14,0,0,0,0.0
71063,0,0.021767141,45,0,0.314765694,7916.0,13,0,2,0,1.0
71064,0,0.0074656259999999995,75,0,0.024839171,16787.0,5,0,0,0,1.0
71065,1,0.9999998999999999,36,0,9.0,,0,0,0,0,0.0
71066,0,0.149354753,39,0,0.579887095,7616.0,14,0,4,0,0.0
71067,0,0.037142202,39,0,3076.0,,15,0,1,0,0.0
71068,0,0.9999998999999999,56,0,0.12174251300000001,12854.0,5,0,1,0,3.0
71069,0,0.032335497000000005,41,0,1.085484796,1742.0,20,0,1,0,1.0
71071,0,0.46000990799999997,63,0,0.8042391520000001,5000.0,10,0,2,1,0.0
71072,0,0.106584644,55,0,0.128193735,4500.0,24,0,0,0,0.0
71074,0,0.018530671000000002,84,1,0.034663365,10500.0,9,0,0,0,0.0
71075,0,0.694287566,64,1,0.369356559,2812.0,8,0,0,0,0.0
71076,0,0.0,23,0,0.066622252,1500.0,4,0,0,0,0.0
71077,0,0.077304975,60,0,2268.0,,8,0,1,0,0.0
71079,0,0.220821447,44,0,0.027903887000000002,9030.0,5,0,0,0,1.0
71080,0,0.659040982,26,2,0.12753711,3300.0,7,0,0,5,0.0
71082,0,0.046753835,63,0,0.241269452,8160.0,17,0,2,0,0.0
71083,0,0.0,37,0,0.7262627759999999,6750.0,8,0,2,0,0.0
71084,0,0.12925557699999998,34,0,2289.0,,12,0,2,0,0.0
71085,0,0.041197253999999996,28,0,0.615353858,2500.0,14,0,1,0,1.0
71086,1,0.883288255,33,2,0.510620575,2400.0,13,0,0,0,0.0
71087,0,0.014549273,63,0,0.41200739799999997,7028.0,12,0,1,0,0.0
71088,0,0.9999998999999999,28,0,0.938359017,2400.0,4,0,1,0,0.0
71091,1,0.789943575,46,0,2778.0,,4,0,2,0,
71092,0,0.297489991,73,1,1954.0,,9,0,1,0,0.0
71093,0,0.069607595,58,0,0.558427174,5416.0,9,0,2,0,1.0
71094,0,0.146484008,29,0,0.43298500700000003,2200.0,9,0,0,0,0.0
71095,0,0.016393865,62,0,37.0,,4,0,0,0,0.0
71097,0,0.017149143000000002,62,0,0.000909008,11000.0,2,0,0,0,0.0
71098,0,0.156578248,75,0,0.25294941,5000.0,8,0,1,0,0.0
71099,1,0.9999998999999999,24,1,0.597294485,960.0,6,2,0,1,0.0
71100,0,0.405049579,28,0,0.47260142299999996,5200.0,7,0,1,0,2.0
71103,0,0.0,36,0,0.052934949,8500.0,6,0,0,0,0.0
71104,0,0.007239206,68,0,0.399250104,7200.0,7,0,1,0,0.0
71105,1,0.46481155799999996,46,0,0.581492637,5975.0,7,0,3,0,2.0
71106,0,0.026094997,29,0,0.459672044,7500.0,8,0,1,0,0.0
71107,0,0.017600756999999998,72,0,0.159383033,3500.0,5,1,1,0,0.0
71108,0,0.106782247,47,0,0.468740741,3374.0,5,0,1,0,0.0
71110,1,0.35540028700000004,52,0,0.339041875,17575.0,19,0,3,0,3.0
71112,0,0.00130166,63,2,447.0,,13,0,1,0,0.0
71113,1,0.888111888,63,1,0.455848359,2162.0,8,0,0,1,1.0
71117,1,0.269850967,64,5,0.5982087070000001,4800.0,17,1,1,0,0.0
71118,0,0.134135737,50,0,0.204204445,12462.0,11,0,1,0,0.0
71121,0,0.421951717,59,0,0.6770038979999999,5900.0,17,0,1,0,0.0
71122,0,0.91754834,33,0,0.07774756,6250.0,3,1,0,1,0.0
71123,0,0.03708017,49,0,462.0,,8,0,0,0,0.0
71125,0,0.485844935,34,0,0.522042411,3583.0,9,0,0,0,0.0
71126,0,0.025499202999999998,36,0,0.856931608,2704.0,13,0,2,0,2.0
71128,0,0.9999998999999999,34,0,0.080154515,2070.0,0,0,0,0,2.0
71129,0,0.251659791,44,0,0.846384538,3000.0,2,0,1,0,0.0
71130,0,0.9940935940000001,23,0,0.136978248,1700.0,2,1,0,0,0.0
71131,0,0.06583864,34,0,0.05027339,6583.0,6,0,0,0,0.0
71132,0,0.0,34,0,2.5885558580000003,1100.0,6,0,1,0,1.0
71133,0,0.915639744,56,3,0.512981689,3658.0,8,0,1,0,4.0
71134,0,0.358099017,59,0,0.40151162799999995,8599.0,17,0,3,0,2.0
71135,0,0.73367651,42,2,1.016996601,5000.0,6,0,2,0,2.0
71136,0,0.04834223,56,0,0.398814712,5736.0,10,1,1,0,0.0
71139,0,0.7830692309999999,30,0,0.73438801,1200.0,8,0,0,0,0.0
71140,0,0.122469383,31,0,0.41598546799999997,1100.0,3,0,0,0,0.0
71141,0,0.0,83,0,0.017774343,2587.0,2,0,0,0,0.0
71142,0,0.0,71,0,774.0,,2,0,1,0,
71143,0,0.136486351,38,0,0.22196829,7000.0,3,0,1,0,1.0
71144,0,0.0,64,1,1897.0,,8,0,1,1,0.0
71145,0,0.089862673,61,0,60.0,,5,0,0,0,0.0
71146,0,0.011911413999999999,43,0,0.00265316,4145.0,6,0,0,0,0.0
71147,0,0.03072272,28,0,0.009456904,3700.0,4,0,0,0,0.0
71148,0,0.073165312,59,0,0.251400346,19637.0,6,0,1,0,0.0
71149,0,0.010149746,41,0,462.0,,5,0,1,0,0.0
71150,0,0.984910463,48,2,0.354821117,9167.0,10,0,1,0,1.0
71152,0,0.005877431,65,0,0.145770846,5000.0,7,0,2,0,0.0
71154,0,0.034959795,53,0,0.6312960879999999,8000.0,9,0,2,0,0.0
71155,0,0.134260522,70,0,0.395189003,2036.0,4,0,1,0,0.0
71156,1,0.9999998999999999,36,4,0.913675602,2200.0,10,1,1,7,1.0
71157,0,0.517813083,58,0,5605.0,0.0,13,0,2,0,0.0
71158,0,0.510744628,39,0,0.875105914,5900.0,10,0,2,2,2.0
71159,0,0.03139686,71,0,0.002695055,7420.0,3,0,0,0,0.0
71160,0,0.0,31,0,0.490572506,2916.0,6,0,1,0,0.0
71161,0,0.020033332,52,1,0.141984224,9000.0,7,0,1,0,0.0
71162,0,0.012332922,66,0,0.002339928,4700.0,1,0,0,0,0.0
71163,0,0.14289738300000002,68,0,0.38542241899999996,9054.0,7,0,2,0,0.0
71164,0,0.35650144799999994,41,0,3068.0,,13,0,1,0,0.0
71166,1,0.57419446,49,0,121.0,,6,0,0,0,0.0
71167,0,0.0,59,0,0.246844144,8000.0,4,0,1,0,0.0
71168,0,0.6738331540000001,56,0,0.25670155699999997,7833.0,5,0,2,0,0.0
71169,0,0.9999998999999999,31,0,0.10847834099999999,2700.0,1,0,0,0,2.0
71170,0,0.305642766,56,0,0.318981236,17000.0,15,0,2,0,0.0
71172,0,0.7626821770000001,63,0,0.6718144640000001,18583.0,31,0,3,0,0.0
71173,0,0.25507299899999997,54,0,0.616095976,4000.0,11,0,1,0,0.0
71174,0,0.005099898,62,0,7.0,,3,0,0,0,0.0
71175,0,0.499052734,46,0,0.63192101,8000.0,12,0,2,0,1.0
71176,0,0.062329178,40,0,0.177254739,4800.0,8,0,0,0,0.0
71177,0,0.203328079,58,0,0.31308318399999996,5036.0,7,0,1,0,1.0
71178,0,0.47968729200000004,68,0,3971.0,,10,0,2,0,0.0
71179,0,0.014766959,67,0,2.0,,2,0,0,0,0.0
71180,0,0.884775843,32,0,0.188830167,7000.0,6,0,0,0,0.0
71183,0,0.339197782,55,0,0.320266624,6300.0,10,0,1,0,3.0
71184,0,0.065448596,53,0,0.24268305399999998,9600.0,8,0,2,0,2.0
71185,0,0.9999998999999999,67,0,454.0,,5,0,1,0,0.0
71186,0,0.324184375,81,2,0.467122118,3512.0,14,0,1,0,0.0
71187,0,0.0,42,0,0.0,8068.0,2,0,0,0,2.0
71188,0,0.572216477,44,2,0.42584070799999996,2824.0,7,0,0,1,0.0
71189,0,0.0,56,0,880.0,,2,0,1,0,0.0
71191,0,0.429305913,25,0,0.580559254,750.0,3,0,0,0,0.0
71192,0,0.11911762,77,0,0.073048827,2600.0,5,0,0,0,0.0
71194,0,0.157202594,39,0,0.6271895829999999,6450.0,9,0,2,0,2.0
71196,0,0.9999998999999999,64,0,1345.0,,6,0,2,0,0.0
71197,0,0.353603512,76,0,260.0,,4,0,0,0,0.0
71198,0,0.019999259,59,0,250.0,,3,0,0,0,
71200,0,0.625523405,54,0,0.719064047,6666.0,10,0,4,0,0.0
71201,0,0.17727829,65,0,0.02413417,7333.0,2,0,0,0,0.0
71202,0,0.44244956,38,2,0.036990752,4000.0,3,0,0,0,0.0
71205,0,0.961648974,33,0,0.396450939,9579.0,6,0,2,0,3.0
71206,0,0.37919052,69,0,0.457814419,5700.0,3,0,2,0,0.0
71211,0,0.8612111290000001,43,0,0.7863096740000001,3958.0,10,0,2,0,1.0
71212,0,0.0,74,0,0.291427356,4700.0,9,0,2,0,0.0
71213,0,0.031308618999999996,35,0,0.74385123,3333.0,14,0,1,0,0.0
71215,0,0.042742003,52,0,0.113058762,21050.0,12,0,2,0,2.0
71218,0,0.28868060100000004,65,0,0.23628728100000002,11667.0,18,0,2,0,0.0
71220,0,0.067109313,56,0,155.0,,9,0,0,0,
71221,1,0.019279214,79,2,0.378515757,2950.0,13,1,0,1,0.0
71223,0,0.366464904,64,0,0.236576445,6834.0,10,0,1,0,0.0
71224,0,0.19594065,32,1,0.5979157620000001,2302.0,3,0,1,1,1.0
71225,0,0.018157098,28,2,0.142780963,7500.0,18,0,0,0,0.0
71226,0,0.697733608,39,0,0.23011536100000002,3293.0,2,0,0,1,1.0
71227,0,0.08876969800000001,35,0,0.16587259599999998,5666.0,11,0,0,0,0.0
71228,0,0.0,45,0,0.211162622,11000.0,7,0,1,0,0.0
71229,0,0.9999998999999999,25,0,0.0,2052.0,0,0,0,0,2.0
71231,0,0.15014164300000002,28,0,0.44813448100000003,7316.0,13,0,2,0,0.0
71233,0,0.0,68,0,0.307572057,10234.0,4,0,2,0,1.0
71236,0,0.615294648,84,0,0.7810729759999999,3000.0,12,0,1,0,0.0
71237,0,0.317172045,34,0,1.0163487740000001,1100.0,9,0,0,0,1.0
71239,0,0.030261831,40,0,0.23917388399999998,1500.0,8,0,0,0,1.0
71240,0,0.8540678159999999,39,1,0.225746762,7565.0,5,0,2,0,0.0
71241,0,0.104766459,51,0,4440.0,,12,0,3,0,4.0
71242,0,0.053132263,34,0,29.0,,2,0,0,0,0.0
71243,1,0.9999998999999999,42,0,0.0,3000.0,0,0,0,0,2.0
71244,0,0.020797634,51,0,1365.0,,8,0,1,0,0.0
71246,0,0.013853321000000002,52,0,0.20033414300000002,6583.0,5,0,1,0,2.0
71247,0,0.047177954,69,0,0.17776334300000002,9236.0,16,0,1,0,0.0
71249,0,0.0,54,0,0.502727131,6416.0,9,0,3,0,0.0
71251,0,0.692564049,54,0,0.038062284,2600.0,2,0,0,0,0.0
71252,0,0.973893303,34,0,0.28061375,10166.0,7,0,3,0,0.0
71254,0,0.11230200800000001,58,1,0.346765098,9752.0,23,0,2,0,1.0
71255,0,0.0,64,0,571.0,,6,0,0,0,0.0
71258,0,0.697907814,51,0,0.950451722,7083.0,17,0,3,0,1.0
71260,0,0.324847861,70,2,0.131974963,7508.0,8,0,0,0,0.0
71261,0,0.177813809,37,0,0.508039357,4166.0,6,0,1,0,0.0
71263,0,0.10598841699999999,53,0,0.41869469,5423.0,7,0,1,0,1.0
71264,0,0.0,72,0,0.092664886,4866.0,5,0,0,0,0.0
71265,0,0.600617514,46,0,0.222482858,11083.0,13,0,1,0,2.0
71266,0,0.30720095,59,0,0.218169698,10500.0,15,0,1,0,0.0
71267,0,0.096380724,47,0,440.0,,3,0,0,0,0.0
71270,0,0.089577756,63,0,0.064755738,10500.0,6,0,1,0,0.0
71272,0,0.862744066,53,0,0.219733333,3749.0,8,0,0,0,0.0
71273,0,0.00084246,72,0,0.0,,3,0,0,0,
71274,1,0.315786384,48,2,0.504326091,5200.0,12,1,1,1,2.0
71275,0,0.01879812,50,0,2474.0,,6,0,2,0,2.0
71276,0,0.25063746800000003,28,0,0.06277489,2500.0,6,0,0,0,0.0
71278,1,0.079359691,74,0,0.29333838,5283.0,18,0,2,1,0.0
71279,1,0.26335175,74,0,0.780474502,3666.0,11,0,1,0,0.0
71280,0,0.0005092359999999999,70,0,0.010930351000000001,3933.0,7,0,0,0,0.0
71281,0,0.935536996,35,0,0.18041391699999998,6667.0,6,0,1,0,1.0
71283,0,0.0,63,0,2958.0,,13,0,2,0,
71285,0,0.036750603,73,0,47.0,,7,0,0,0,0.0
71286,0,0.11184754400000001,56,0,0.282960818,11050.0,10,0,1,0,0.0
71287,1,0.6264815739999999,46,0,0.738863057,13333.0,21,0,11,0,0.0
71288,0,0.18368256800000002,28,0,0.063008603,4300.0,3,0,0,0,1.0
71289,0,0.08946075,40,0,3341.0,,5,0,1,0,0.0
71290,0,0.12251107900000001,45,0,693.0,,20,0,1,0,1.0
71291,0,0.485508933,61,1,0.725065167,21866.0,34,0,9,0,0.0
71292,0,0.148718884,32,0,0.152358183,4600.0,9,0,0,0,0.0
71293,0,0.9999998999999999,32,0,0.273001241,5640.0,7,0,1,0,2.0
71295,0,0.422533716,59,0,2.492744276,3100.0,8,0,2,0,0.0
71296,0,0.19902860600000002,46,6,0.47453808,8875.0,9,0,2,0,4.0
71298,0,0.122421369,59,0,0.276423521,10747.0,28,0,2,0,0.0
71299,0,0.03889611,69,0,0.180819653,16933.0,8,0,1,0,0.0
71300,0,0.544241593,47,1,0.423625255,5400.0,12,0,2,0,0.0
71301,0,0.036664727,54,0,0.248644742,8300.0,5,0,1,0,1.0
71302,0,0.082867545,93,0,0.028379432000000003,16666.0,3,0,0,0,0.0
71303,0,0.600133289,40,0,54.0,,2,0,0,0,0.0
71304,0,0.676420903,43,0,0.098596332,8833.0,7,0,0,1,0.0
71305,0,0.665264313,61,2,1765.0,,9,0,2,0,0.0
71306,0,0.791722138,88,0,0.258303773,3100.0,4,0,0,0,0.0
71307,0,0.008493805,37,0,0.044461285999999996,7916.0,4,0,0,0,0.0
71308,0,0.036473736,43,0,0.161007249,2620.0,4,0,0,0,0.0
71309,0,0.014094566999999999,53,0,1592.0,,4,0,1,0,0.0
71310,0,0.9999998999999999,34,0,0.293141372,5000.0,6,0,1,0,0.0
71312,0,0.083343939,57,0,0.175456136,4000.0,9,0,0,0,0.0
71313,0,0.0,40,1,0.26113299,3300.0,3,0,0,0,0.0
71314,0,0.033248812999999995,42,0,2318.0,,8,0,1,0,0.0
71315,0,0.0063561469999999995,60,0,0.00193382,4653.0,4,0,0,0,0.0
71316,0,0.436927179,31,0,0.164579606,3912.0,4,0,0,0,2.0
71317,0,0.707087838,39,1,0.478440638,5078.0,10,0,1,0,0.0
71319,0,0.493149661,50,0,0.290397582,4300.0,6,0,0,0,0.0
71320,0,0.042269074000000004,80,0,0.012975963,4700.0,5,0,0,0,0.0
71322,0,0.015982918999999998,70,0,0.004190077,10500.0,14,0,0,0,0.0
71323,0,0.664444696,36,2,0.652054795,2189.0,9,0,0,1,3.0
71324,0,0.731745918,57,0,0.180088163,9300.0,11,0,2,0,0.0
71325,0,0.348800403,53,0,0.571116928,4583.0,9,0,1,0,2.0
71326,0,0.437186552,37,1,0.430443395,6562.0,8,0,1,0,1.0
71327,0,0.25258247300000003,27,1,0.03715847,6404.0,5,0,0,0,1.0
71328,0,0.855653363,34,4,0.219018833,4300.0,7,1,0,1,1.0
71331,0,0.791699576,51,0,0.35932337799999997,7566.0,12,0,1,0,2.0
71332,0,0.006850583,60,0,0.084381939,1350.0,6,0,0,0,0.0
71333,0,0.043431539000000005,89,0,0.14861712800000001,3000.0,10,0,0,0,0.0
71335,0,0.289671033,41,0,0.557926829,2623.0,2,0,1,0,2.0
71336,0,0.49239193600000003,66,0,2195.0,,9,0,2,0,0.0
71337,0,0.9999998999999999,55,0,0.204227364,3500.0,2,0,0,0,0.0
71340,0,0.822872945,51,0,0.244585138,3000.0,6,0,0,0,0.0
71341,1,0.077844311,57,2,0.00979804,5000.0,4,1,0,0,0.0
71342,0,0.08953251699999999,67,0,1642.0,,5,0,1,0,0.0
71343,0,0.287287677,51,0,0.303116147,6000.0,12,0,0,0,3.0
71344,0,0.070515907,72,0,57.0,,1,0,0,0,0.0
71345,0,0.70849528,25,0,0.176239182,2541.0,3,0,0,0,0.0
71347,0,0.430294337,39,0,0.49306336700000003,8000.0,9,0,1,0,0.0
71348,0,0.9999998999999999,24,0,0.0,0.0,1,0,0,0,0.0
71349,0,0.004169878,76,0,2023.0,,7,0,1,0,0.0
71350,0,0.305823849,48,0,0.627428787,5300.0,27,0,1,0,0.0
71351,0,0.0,36,0,0.36135182,5769.0,6,0,1,0,1.0
71353,0,0.06775729,72,0,0.012565971,3978.0,1,0,0,0,0.0
71355,1,0.078434773,42,0,0.250249917,3000.0,6,0,0,0,0.0
71357,0,0.5577971970000001,49,0,0.306792165,3930.0,7,0,0,0,0.0
71358,0,0.115748071,54,0,0.169073539,4500.0,7,0,0,0,0.0
71359,0,0.061007695,66,0,0.127124696,7000.0,9,0,1,0,0.0
71361,0,0.011375297,41,0,0.394950631,8000.0,10,0,1,0,0.0
71362,0,1.089820359,22,0,0.079212916,1981.0,3,0,0,0,0.0
71364,0,0.636727251,40,0,0.194808028,4583.0,10,2,0,0,3.0
71365,0,0.221556886,59,0,0.00839832,5000.0,2,0,0,1,0.0
71366,0,0.023732938,80,0,0.016566695,3500.0,5,0,0,0,0.0
71368,0,0.9999998999999999,47,0,0.286445013,4300.0,5,1,0,0,1.0
71369,0,0.22691519899999998,84,0,572.0,,14,0,0,0,0.0
71371,0,0.003288816,85,0,273.0,,11,0,1,0,0.0
71372,0,0.09030179599999999,49,0,0.457393699,5808.0,18,0,3,0,0.0
71373,0,0.086498945,60,0,0.511583012,4661.0,15,0,1,0,0.0
71374,1,0.710697039,52,0,1.1807549179999999,3761.0,11,0,2,0,2.0
71375,0,0.003418511,82,0,1.0,,5,0,0,0,0.0
71376,0,0.000351195,63,0,1965.0,,11,0,2,0,
71377,0,0.008061996,47,1,815.0,,4,0,1,0,0.0
71379,0,0.13471461099999998,50,0,0.617953321,8354.0,8,0,4,0,2.0
71381,0,0.0,33,1,0.229754049,5000.0,6,0,2,0,0.0
71382,0,0.541940435,50,0,0.669126398,4200.0,8,0,1,0,1.0
71383,0,0.008629901,66,0,9.0,,5,0,0,0,0.0
71384,0,0.925119129,51,2,0.34460452799999997,3400.0,10,0,0,0,0.0
71386,0,0.003918787,52,0,0.20403629,5400.0,12,0,0,0,0.0
71387,1,0.222592469,38,0,4032.0,,10,0,2,0,0.0
71388,0,0.622271685,45,0,2243.0,0.0,6,0,2,0,3.0
71389,0,0.269936503,40,1,0.11377348699999999,5800.0,4,0,0,0,2.0
71393,0,0.27207279300000003,35,0,0.240332013,5300.0,8,0,1,0,0.0
71394,0,0.318195223,42,0,2463.0,,10,0,1,0,2.0
71399,0,0.148893012,64,0,0.213464863,9832.0,8,0,1,0,0.0
71401,0,0.9999998999999999,50,0,0.044712345,6552.0,1,1,0,1,4.0
71402,0,0.011542376000000002,79,0,0.288213244,2400.0,22,0,1,0,0.0
71404,0,0.022888877999999998,48,1,0.405599341,8500.0,13,0,3,0,0.0
71407,0,0.1575179,56,0,0.268666972,4365.0,8,0,1,0,0.0
71408,0,0.0,35,0,0.314512572,6800.0,11,0,2,0,0.0
71409,0,0.716837755,32,0,0.307897368,3000.0,11,0,0,0,2.0
71410,0,0.057513329,59,0,3293.0,,13,0,2,0,0.0
71413,0,0.011842905,63,0,0.18302060899999997,3250.0,11,0,0,0,0.0
71415,0,0.05689255,56,0,0.00969903,10000.0,6,0,0,0,0.0
71417,0,0.18036392699999998,33,0,0.31076835199999997,3500.0,8,0,0,0,0.0
71418,0,0.011162278000000001,57,0,0.00241838,9096.0,8,0,0,0,1.0
71420,0,0.146463405,35,0,0.10616727699999999,3550.0,6,0,0,0,0.0
71421,0,0.092135545,30,0,0.075731067,4000.0,5,0,0,0,0.0
71422,0,0.0,63,1,0.403386454,3011.0,5,0,1,0,0.0
71424,0,0.018141446999999998,65,0,0.7185222,6035.0,19,0,3,0,0.0
71426,0,1.006072853,61,1,5615.0,,18,0,1,0,0.0
71428,0,0.746773314,38,0,2312.0,,5,0,1,0,1.0
71429,0,0.45705143200000004,54,0,0.063968872,6424.0,2,0,0,0,2.0
71430,0,0.153213451,77,0,0.292223095,2545.0,9,0,1,0,0.0
71431,0,0.036861154,49,0,0.16968092899999998,6800.0,6,0,1,0,0.0
71432,0,0.543291776,46,0,1.1116823759999999,3500.0,9,0,1,0,3.0
71433,0,0.725889951,40,0,0.575418031,5800.0,10,0,1,0,0.0
71435,0,0.0,33,0,0.262358023,6250.0,5,0,2,0,2.0
71436,0,0.9999998999999999,66,0,0.057915058,517.0,2,0,0,0,0.0
71437,0,0.15294443800000002,29,0,0.028742814,4000.0,2,0,0,0,0.0
71439,0,0.024365942999999998,69,0,0.56323452,5700.0,13,0,2,0,0.0
71440,0,0.054205627,54,0,0.414558544,10000.0,11,0,3,0,1.0
71442,0,0.030596192,43,0,0.146654132,11700.0,12,0,1,0,3.0
71443,0,0.86080696,39,0,0.161307327,3793.0,6,0,0,0,0.0
71445,1,1.02425107,50,0,560.0,,3,1,0,0,2.0
71446,0,0.249500022,38,0,0.400249377,5613.0,7,0,1,0,2.0
71451,0,0.126024619,38,0,0.8269670259999999,3062.0,14,0,2,0,0.0
71453,0,0.070792358,32,0,0.074708047,6250.0,8,0,0,0,1.0
71454,0,0.7404045840000001,40,0,1983.0,,8,0,1,0,0.0
71459,0,0.061663552,45,0,1809.0,,7,0,2,0,0.0
71461,0,0.138503362,54,0,0.266244585,3000.0,7,0,1,0,0.0
71462,0,0.033348718,59,0,1559.0,,9,0,2,0,0.0
71463,0,0.0,25,0,0.165081142,1786.0,5,0,0,0,0.0
71464,0,0.018196125,39,0,0.433779642,6198.0,11,0,1,0,0.0
71465,0,0.8574069409999999,41,0,0.328458943,8000.0,8,0,1,0,1.0
71466,1,0.914208122,28,0,0.281776913,3083.0,4,2,0,1,0.0
71467,0,0.566744834,67,0,0.553423088,3490.0,15,0,1,0,1.0
71470,0,0.157305905,44,0,0.144056289,8100.0,11,0,0,0,3.0
71471,0,0.026999508999999998,41,0,1.021083305,5833.0,5,0,2,0,3.0
71473,0,0.1037517,72,0,1358.0,,6,0,2,0,0.0
71474,0,0.65296624,69,0,0.694196914,4600.0,19,0,1,0,0.0
71475,0,0.35503256200000005,61,0,0.19754424,5537.0,7,0,0,0,1.0
71476,0,0.41432928399999996,46,0,0.1184048,5666.0,6,0,0,0,1.0
71478,0,0.661295605,80,0,1.679929266,1130.0,15,0,1,0,0.0
71479,0,0.069465123,62,1,0.281371863,10000.0,10,0,1,0,1.0
71480,0,0.46818672,63,0,0.725153017,3430.0,7,0,1,0,0.0
71482,0,0.0,35,0,0.0,4416.0,4,0,0,0,0.0
71483,0,0.373002934,34,0,0.167840045,3550.0,6,0,0,0,1.0
71486,0,0.013427647,55,0,0.502875065,3825.0,5,0,2,0,0.0
71487,0,0.46183545,37,0,0.359697845,4500.0,9,0,0,0,2.0
71488,0,0.21292710899999998,50,0,0.452450298,7896.0,5,0,3,0,2.0
71489,0,0.007927181,65,0,0.002499375,4000.0,9,0,0,0,1.0
71490,0,0.085826889,41,0,0.368161251,7292.0,27,0,4,0,0.0
71491,0,1.015735125,28,1,0.46544546200000003,1200.0,4,1,0,0,0.0
71492,0,0.007958261999999999,45,0,0.415595544,3500.0,15,0,1,0,0.0
71493,1,0.930003955,36,0,0.8494395640000001,3300.0,6,0,2,0,3.0
71494,0,0.09167036099999999,33,0,2.021978022,1000.0,5,0,1,0,0.0
71496,0,4.0,66,0,1900.0,,6,0,1,0,0.0
71497,0,0.24884342399999998,65,1,1672.0,,9,1,1,0,
71498,0,0.0,73,0,0.201996323,7613.0,3,0,2,0,0.0
71499,0,0.000670534,65,0,1819.0,,7,0,1,0,0.0
71500,0,0.004395247,46,0,0.32564220899999996,6500.0,7,0,1,0,0.0
71501,0,0.404735096,40,0,0.224582636,23300.0,17,0,2,0,2.0
71502,0,0.853367988,42,1,0.348691485,2712.0,17,0,0,0,0.0
71503,0,0.7271759179999999,40,0,0.660461478,12784.0,24,0,6,0,2.0
71504,0,0.097047786,40,0,0.316354317,6242.0,8,0,1,0,3.0
71505,1,0.911898274,41,1,0.166723145,2950.0,5,2,1,2,4.0
71506,0,0.005021953,91,1,0.142492875,20000.0,11,0,2,0,1.0
71507,0,0.322573314,57,0,0.502210433,7916.0,14,0,2,0,1.0
71508,0,0.157951263,64,0,0.49396188,6872.0,16,0,1,0,0.0
71509,0,0.022665293,26,0,0.646772229,820.0,8,0,0,0,0.0
71510,0,0.282537706,37,0,0.42523859999999997,6600.0,12,0,1,0,0.0
71511,0,0.28870603699999997,45,0,0.189633823,16958.0,5,0,1,0,2.0
71512,0,0.502813651,85,0,0.036585366,10167.0,3,0,0,0,0.0
71515,0,0.086674623,46,0,1728.0,,10,0,2,0,0.0
71516,1,1.105973507,53,1,2709.0,,5,0,1,0,0.0
71517,0,0.015235424,64,0,5949.0,,11,0,2,0,0.0
71518,0,0.109270962,65,0,0.536170213,2819.0,13,0,1,0,0.0
71519,0,0.000560034,53,0,0.386870402,8834.0,12,0,2,0,2.0
71520,0,0.066423827,37,0,0.335184979,9000.0,5,0,1,0,0.0
71522,0,0.019961525,72,0,1305.0,,8,0,1,0,1.0
71523,0,0.609819509,59,0,0.238057887,12748.0,6,0,2,0,1.0
71524,0,0.0,27,0,0.007584899,5800.0,4,0,0,0,0.0
71527,0,1.0,40,0,0.977777778,3824.0,14,0,1,0,5.0
71530,0,0.01047572,73,0,0.11706583599999999,9310.0,25,0,1,0,0.0
71531,0,0.06260305299999999,61,0,0.619380619,1000.0,8,0,1,0,0.0
71532,0,0.063639572,54,0,0.34408602200000005,1394.0,3,0,0,0,1.0
71533,0,0.042577485,47,0,0.425886951,6651.0,12,0,3,0,0.0
71534,0,0.9565295490000001,56,0,1640.0,,4,0,2,0,1.0
71535,0,0.14383509,37,0,0.303559525,7500.0,6,0,2,0,2.0
71536,0,0.867002481,28,0,0.431609013,3150.0,7,0,0,0,1.0
71537,0,0.275678223,66,0,0.35975277200000005,5500.0,13,0,0,0,0.0
71538,0,0.000453118,42,0,0.316202551,13250.0,6,0,2,0,3.0
71541,0,0.044950005,66,0,3472.0,0.0,5,0,1,0,0.0
71542,0,0.722231231,53,0,2538.0,,8,0,1,0,1.0
71543,0,0.049044711,80,0,0.032910525,2916.0,4,0,0,0,0.0
71544,0,0.9999998999999999,35,0,199.0,,0,0,0,0,0.0
71545,0,0.013973316000000001,60,0,3199.0,,15,0,2,0,0.0
71546,0,0.245309661,80,0,0.101539942,6233.0,8,0,0,0,0.0
71547,0,0.616852544,59,1,0.441637722,9500.0,9,0,1,0,0.0
71549,0,0.429463544,48,1,6723.0,,24,0,3,0,0.0
71550,0,0.021854644,73,0,0.171221788,10500.0,13,0,1,0,0.0
71551,0,0.0,42,0,180.0,,2,1,0,0,0.0
71552,0,0.049130058,49,0,1576.0,,2,0,1,0,0.0
71553,0,0.625428647,55,0,5.996007983999999,500.0,7,0,2,0,2.0
71555,0,0.126504247,57,0,0.333817126,6200.0,8,0,2,0,0.0
71557,0,0.925893845,31,0,0.516296741,5000.0,14,0,1,0,0.0
71558,0,0.6017820420000001,58,0,0.385623564,7400.0,7,0,1,0,1.0
71559,0,0.26283836899999996,70,0,0.5381870089999999,1400.0,4,0,1,0,0.0
71560,0,0.11647385099999999,56,0,0.820917908,10000.0,19,0,5,0,0.0
71562,0,0.091116355,42,0,0.047980808,2500.0,4,0,0,0,0.0
71563,0,0.045690077999999995,76,0,0.259907176,2800.0,5,0,1,0,0.0
71564,1,0.921014296,73,0,0.437111883,9500.0,12,0,1,0,1.0
71565,0,0.57184586,64,0,0.654085746,5457.0,13,0,2,0,0.0
71566,0,0.516626086,63,0,1.256613206,4800.0,17,0,2,0,0.0
71568,0,0.03259621,70,0,2585.0,,7,0,2,0,0.0
71570,1,0.197698037,27,1,0.44295171299999997,5135.0,11,0,2,0,1.0
71571,0,0.16896254800000002,52,0,0.30220119300000003,9721.0,16,0,1,0,4.0
71573,0,0.299607436,56,0,0.016536831999999998,7316.0,1,0,0,0,0.0
71575,0,0.001324967,75,0,1.0,,3,0,0,0,0.0
71576,0,0.394641157,50,2,2.494793836,2400.0,17,0,4,0,2.0
71577,0,0.516904502,80,0,0.252941921,7902.0,15,0,0,0,1.0
71578,0,0.17091979,53,0,0.836949783,3225.0,14,0,2,0,1.0
71581,0,0.01908193,59,0,0.0164,2499.0,14,0,0,0,1.0
71582,0,0.9999998999999999,30,0,0.149770046,5000.0,2,0,0,0,0.0
71584,0,0.136980703,47,0,0.161073826,4916.0,9,0,0,0,5.0
71585,0,0.053764837,54,0,0.00514271,11666.0,7,0,0,0,2.0
71588,0,0.253741631,34,0,0.16989827,11500.0,15,0,0,0,1.0
71589,0,0.026197863,64,0,0.144959733,3600.0,6,0,0,0,0.0
71590,0,0.016264501,63,0,0.18523489899999998,5214.0,13,0,0,0,1.0
71591,0,0.0,30,0,0.25143714100000003,4000.0,4,0,0,0,0.0
71594,0,0.96784739,47,0,0.493594417,9600.0,7,0,1,0,3.0
71596,0,0.106895066,61,0,0.278289025,5867.0,15,0,1,0,0.0
71597,0,0.0,42,0,0.298485517,6800.0,9,0,2,0,4.0
71601,0,0.158436837,66,0,15.0,,1,0,0,0,0.0
71603,0,0.066345136,26,0,0.129472822,3660.0,5,0,0,0,0.0
71604,0,0.610730179,63,0,0.549987281,7861.0,19,0,1,0,1.0
71605,0,0.050361102000000005,42,0,0.458987784,4583.0,11,0,1,0,0.0
71609,0,0.015715956,60,0,408.0,,13,0,0,0,0.0
71610,0,0.010679197,55,0,0.072963035,10333.0,8,0,1,0,1.0
71611,0,0.843371805,45,0,0.185965468,6312.0,3,0,1,0,0.0
71613,0,1.223552894,62,0,0.035392921,5000.0,1,0,0,0,0.0
71614,0,0.012926001000000001,73,0,0.00999643,2800.0,6,0,0,0,0.0
71615,0,0.293705222,59,0,1070.0,,8,0,0,0,0.0
71618,0,0.420927214,55,0,0.27316040199999997,17000.0,11,0,2,0,1.0
71620,0,0.08756892699999999,66,0,406.0,0.0,9,0,1,0,0.0
71621,0,0.24819879399999997,25,0,0.205605719,5315.0,5,0,1,0,1.0
71622,0,0.289266833,62,0,0.215333787,10290.0,10,0,1,0,0.0
71626,0,0.255984351,51,0,0.673010753,9299.0,21,0,2,0,1.0
71627,1,0.9999998999999999,24,98,0.0,,0,98,0,98,
71629,0,0.07405068299999999,50,0,0.903962322,9766.0,12,0,4,0,0.0
71630,1,0.741198528,58,0,364.0,,10,0,0,0,
71631,0,0.41709755299999995,27,0,0.130235602,4583.0,5,0,0,0,1.0
71633,0,0.0,30,0,0.114961679,3000.0,5,0,0,0,0.0
71636,0,0.081909841,38,1,0.34809672,4176.0,4,0,0,0,2.0
71637,0,0.9999998999999999,46,98,77.0,,0,98,0,98,0.0
71638,0,0.287579325,55,0,0.23830093600000002,8333.0,9,0,1,0,1.0
71639,0,0.06379681,48,0,0.074604141,3283.0,2,0,0,0,2.0
71640,0,0.046513742000000004,48,0,0.010351035,4443.0,1,0,0,0,1.0
71641,0,0.362952681,57,1,2125.0,,8,0,2,0,3.0
71642,0,0.17408562,50,0,0.36658086700000003,4661.0,12,0,2,0,0.0
71644,0,0.462236579,44,1,0.190638298,8224.0,8,1,2,1,2.0
71645,0,0.010338439,44,0,0.143255456,10400.0,7,0,1,0,1.0
71646,0,0.0,82,0,0.0,,6,0,0,0,0.0
71647,0,0.373045421,49,0,0.020176298,5104.0,3,0,0,0,4.0
71648,1,0.9999998999999999,44,0,0.405885619,1800.0,2,0,0,0,1.0
71650,1,0.851815091,46,0,0.615891422,7588.0,12,0,1,0,2.0
71651,0,0.388046247,38,0,0.715396003,8105.0,13,0,2,0,1.0
71652,0,0.063646818,87,0,0.006127056,6201.0,6,0,0,0,0.0
71653,0,0.375423103,55,2,0.139119336,4700.0,5,0,0,1,0.0
71654,0,0.289977282,45,0,1.096817197,6000.0,13,0,2,0,3.0
71656,0,0.019875623000000002,78,0,0.00933956,4496.0,9,0,0,0,0.0
71657,0,0.999016716,26,0,0.250496032,2015.0,6,0,0,0,0.0
71660,0,0.012468793999999998,91,0,0.140409717,11031.0,7,0,1,0,0.0
71661,0,0.014116817,82,0,3.1578421580000002,1000.0,4,0,0,0,0.0
71662,0,0.024161336000000002,61,1,0.416083417,7000.0,9,0,1,0,0.0
71667,0,0.0,66,0,4377.0,,8,0,1,0,2.0
71668,0,0.7866358179999999,64,1,0.059881129000000005,13459.0,5,0,0,0,2.0
71669,0,0.9999998999999999,75,0,0.117647059,4300.0,2,0,0,0,0.0
71670,0,0.0,71,0,0.0,,1,0,0,0,0.0
71671,0,0.204737317,45,0,0.18973306,9739.0,6,0,1,0,0.0
71672,0,0.23296605,46,0,0.067314615,8333.0,12,0,0,0,2.0
71673,1,0.7988290240000001,56,7,2101.0,,12,0,1,0,0.0
71675,0,0.9999998999999999,74,0,24.0,,0,0,0,0,0.0
71677,0,0.052912274,49,0,0.304316286,5513.0,9,0,1,0,2.0
71679,0,0.1929509,73,0,0.150288242,7458.0,10,0,1,0,0.0
71680,0,0.025713411000000002,47,0,3.754098361,975.0,13,0,4,0,3.0
71682,0,0.044903624,43,0,0.5632268779999999,5416.0,12,0,2,0,1.0
71683,0,0.064492622,42,0,0.015437113999999998,6153.0,4,0,0,0,2.0
71684,1,0.268227416,48,1,0.36070491200000004,8000.0,16,0,2,1,4.0
71685,0,0.8617517659999999,44,4,3626.0,,4,1,1,1,0.0
71688,0,0.657941248,62,0,0.40988251,12000.0,13,0,2,0,0.0
71689,0,0.519480519,35,1,0.10369553199999999,1812.0,5,0,0,1,0.0
71690,0,0.0,87,0,0.0,6358.0,3,0,0,0,0.0
71691,0,0.028483142000000003,65,0,0.31206597199999997,2303.0,7,0,1,0,1.0
71692,0,0.081981815,65,0,0.129298303,52258.0,24,0,11,0,0.0
71693,0,0.09715418099999999,87,0,0.098987627,8000.0,8,0,0,0,0.0
71694,0,0.591602199,69,0,0.533155615,3000.0,7,0,0,1,0.0
71695,0,0.006634251,75,0,0.08208742,10500.0,21,0,1,0,0.0
71699,1,0.9999998999999999,26,0,0.053982006,3000.0,1,0,0,0,0.0
71700,0,0.162612368,66,0,0.7696404790000001,5256.0,9,0,1,0,0.0
71701,0,0.09236713099999999,48,1,0.419967794,3104.0,13,0,1,0,1.0
71703,0,0.015941567,33,0,0.654896736,1500.0,8,0,2,0,2.0
71704,0,0.594474858,42,0,0.205082078,8893.0,14,0,1,0,0.0
71706,0,0.237111665,50,0,0.257160393,9775.0,9,0,2,0,2.0
71707,0,0.062492951,40,0,1.011247188,4000.0,15,0,3,0,1.0
71708,0,1.7408637869999999,42,0,0.131843346,4876.0,3,2,0,1,1.0
71709,0,0.207632061,72,0,0.338915271,4000.0,7,0,1,0,0.0
71711,0,0.218079196,69,0,1559.0,,13,0,2,0,
71712,1,0.932919323,41,0,0.638117542,8966.0,10,0,2,0,2.0
71715,0,0.624513154,32,1,1.289789389,3750.0,17,0,3,0,0.0
71716,1,0.332846253,36,0,0.7566898390000001,10500.0,23,0,3,0,1.0
71717,0,0.027846731,60,0,0.277347935,8400.0,12,0,2,0,1.0
71718,0,0.051520168,49,0,0.409962582,4275.0,20,0,1,0,0.0
71719,0,0.031553803,46,0,0.100988779,9000.0,4,0,0,0,3.0
71720,0,0.810704402,39,0,0.20558217,4800.0,5,0,0,0,3.0
71721,0,0.504037472,47,0,0.375402733,9000.0,12,0,2,0,1.0
71722,0,0.29497730899999997,44,0,0.7027191559999999,4927.0,8,0,2,0,2.0
71726,0,0.0483717,47,0,128.0,,4,0,1,0,0.0
71728,0,0.11595251300000001,63,0,1544.0,,3,0,1,0,0.0
71729,0,0.086880211,54,0,0.24079994600000001,14700.0,16,0,2,0,1.0
71730,0,0.585808702,45,0,0.51353215,5800.0,11,0,2,0,0.0
71731,0,0.320804188,61,0,0.23099415199999998,10259.0,23,0,0,0,0.0
71733,1,0.9999998999999999,43,0,0.1736579,4600.0,1,1,0,0,4.0
71735,0,0.9999998999999999,23,0,0.0,,0,0,0,0,0.0
71736,0,0.01186118,46,0,0.624563631,3150.0,14,0,2,0,0.0
71738,0,0.062821955,58,0,1303.0,,5,0,1,0,0.0
71740,0,0.15494746199999998,77,0,0.09726848800000001,1500.0,5,0,0,0,0.0
71741,1,0.916726182,32,0,0.387227936,4180.0,9,3,0,0,1.0
71743,0,0.000222217,64,0,0.16822654199999998,4166.0,7,0,1,0,0.0
71744,1,1.303393214,34,2,0.13802383699999998,2600.0,5,1,0,0,1.0
71745,0,0.222412692,58,0,0.28158183800000003,2730.0,10,0,1,0,1.0
71746,0,0.12198162900000001,38,0,0.240625247,12666.0,8,0,1,0,0.0
71748,0,0.022814402,68,0,0.10934453300000001,6666.0,10,0,0,0,0.0
71749,0,0.04827671,50,0,1707.0,,4,0,1,0,0.0
71751,0,0.9999998999999999,34,0,0.288378766,7666.0,4,0,1,0,2.0
71752,0,0.094389172,62,0,0.134424643,12400.0,15,0,1,0,0.0
71754,0,0.000354471,79,0,0.0,1267.0,4,0,0,0,1.0
71755,0,0.797157963,45,1,0.59744489,7983.0,11,0,2,0,1.0
71756,0,0.8706039959999999,71,3,0.167847902,26666.0,13,0,3,0,0.0
71757,0,0.9999998999999999,62,0,77.0,,4,0,0,0,0.0
71759,0,0.135675333,44,0,0.43116055200000003,16000.0,15,0,1,1,0.0
71760,0,0.040351992,47,0,0.608442099,3600.0,7,0,2,0,2.0
71761,0,0.047372749000000006,51,0,1151.0,,5,0,1,0,1.0
71762,0,0.028021865,54,0,48.0,,4,0,0,0,
71767,0,0.0,52,0,0.0,,3,0,0,0,0.0
71769,0,0.003355818,51,0,0.6830586329999999,3700.0,9,0,1,0,0.0
71770,0,1.052548686,51,0,0.43871696,10630.0,6,0,1,0,2.0
71771,0,0.162052217,34,0,0.41663334700000004,2500.0,7,0,0,0,0.0
71772,0,0.913708629,57,0,0.13275469,25000.0,9,0,2,0,2.0
71773,0,0.062634661,82,0,0.26994601100000004,3333.0,8,0,1,0,0.0
71774,0,0.299339835,38,0,853.0,0.0,9,0,1,0,2.0
71775,0,1.001265743,34,0,0.592973436,3500.0,9,0,0,0,0.0
71776,0,0.9999998999999999,65,0,1.0,,2,0,0,0,0.0
71778,0,0.15072627800000002,63,0,0.34986005600000003,2500.0,5,0,1,0,1.0
71779,0,0.832737202,63,0,0.285071445,12666.0,7,0,2,0,0.0
71780,0,0.397773482,29,0,0.095996082,8166.0,5,0,0,0,0.0
71781,0,0.0016481179999999998,59,0,0.269251251,9388.0,7,0,1,0,0.0
71782,0,0.163404255,48,0,4714.0,,16,0,3,0,0.0
71783,0,0.017997231000000002,39,0,0.23395077399999997,3940.0,3,0,1,0,1.0
71784,1,0.070671977,46,1,0.278292522,6043.0,5,0,2,1,0.0
71785,0,0.0,92,0,0.0,,4,0,0,0,0.0
71786,0,0.0010185,60,0,0.000302939,3300.0,8,0,0,0,0.0
71787,1,1.00632683,66,2,3206.0,,8,0,1,1,0.0
71788,0,0.005499725,63,1,0.000765892,3916.0,3,0,0,0,0.0
71790,0,0.0,24,1,0.164667067,3333.0,4,0,0,0,0.0
71791,0,0.009239548,77,0,0.017982018,1000.0,9,0,0,0,0.0
71792,0,0.030648467999999998,51,0,18.0,,2,0,0,0,0.0
71793,1,0.411284818,57,0,0.903857837,6583.0,17,0,1,0,2.0
71794,0,0.031053246,47,0,0.451403888,8333.0,10,0,4,0,2.0
71796,0,0.001302265,85,0,0.0,,3,0,0,0,
71797,0,0.036599052,78,0,0.006621841999999999,9815.0,4,0,0,0,0.0
71798,0,0.76758054,33,2,0.147924942,7300.0,7,0,0,0,4.0
71800,0,0.140644301,66,0,0.25181934300000003,18000.0,6,0,2,0,0.0
71801,0,0.29640466600000004,39,1,0.489139693,4695.0,15,0,1,0,0.0
71802,0,0.011186479,62,0,2104.0,,13,0,3,0,0.0
71803,0,0.017533041,64,0,0.19202374600000002,13138.0,4,0,1,0,0.0
71804,0,0.7585980790000001,32,0,1793.0,,6,0,2,0,0.0
71805,0,0.13956170699999998,27,0,10.0,,1,1,0,0,0.0
71806,0,0.017156341000000002,47,0,0.247616118,3250.0,8,0,1,0,2.0
71808,0,0.06442059900000001,42,0,0.641195627,8597.0,8,0,3,0,0.0
71809,0,0.976019821,48,1,0.401397422,8300.0,14,0,1,0,1.0
71810,0,0.063426306,66,0,0.364851958,3140.0,6,0,1,0,0.0
71811,0,0.054189108,69,2,0.156784322,10000.0,22,0,2,0,0.0
71812,1,0.977629063,44,0,1.193382154,3686.0,12,0,2,0,4.0
71813,1,0.880440256,52,0,0.8114958940000001,2800.0,10,0,0,0,0.0
71816,0,0.061686215,57,0,0.29221265399999996,5341.0,9,0,1,0,1.0
71817,0,0.358412041,54,0,4076.0,,18,0,1,0,2.0
71818,0,0.11269142300000001,72,0,430.0,,21,0,0,0,0.0
71821,1,0.8713602779999999,52,0,0.724127822,3410.0,5,0,1,0,1.0
71822,0,0.280706627,53,0,0.23404087399999998,12672.0,13,0,3,0,2.0
71823,1,0.89647667,38,0,0.311935067,5420.0,9,0,1,0,2.0
71824,0,0.203854078,30,0,0.44211932299999995,2245.0,4,0,0,0,0.0
71826,0,0.851092385,46,0,0.136916747,11422.0,5,0,0,0,3.0
71827,0,0.9999998999999999,38,0,0.129546905,4700.0,2,1,0,0,1.0
71828,0,0.7569920309999999,56,0,0.605794736,4900.0,8,0,2,0,0.0
71829,0,0.0,70,0,0.07493767400000001,6818.0,9,0,0,0,0.0
71830,0,0.060124859,43,0,0.312993539,9750.0,8,0,1,0,1.0
71831,0,1.371780085,31,1,0.335664336,1000.0,5,0,0,0,0.0
71832,1,0.9999998999999999,32,0,0.181852696,2633.0,1,4,0,0,1.0
71833,0,1.01983551,34,0,189.0,0.0,3,0,0,0,0.0
71836,0,0.152085067,70,0,0.383647799,953.0,8,0,0,0,0.0
71837,0,0.443656933,43,0,0.589345172,5405.0,14,0,2,0,2.0
71839,0,0.646620028,59,0,0.41951609700000003,5000.0,9,0,1,0,2.0
71840,0,0.0,30,0,0.052003503,9133.0,3,0,0,0,0.0
71841,0,0.022569816,49,0,0.179319372,4583.0,6,0,1,0,0.0
71842,1,0.94363921,61,2,1.448937629,1458.0,15,0,2,0,3.0
71843,0,0.038034356,66,0,0.156875403,4646.0,9,0,1,0,0.0
71844,0,0.45508982,33,0,522.0,0.0,2,0,0,0,2.0
71846,0,0.165401778,68,0,0.392121349,4416.0,9,0,1,0,0.0
71847,0,0.737660038,42,0,0.552804495,10500.0,9,0,1,0,2.0
71850,0,0.11607490699999999,71,0,132.0,,5,0,0,0,0.0
71851,0,0.036843935,44,0,0.033010597,26233.0,4,0,1,0,2.0
71852,0,0.5279050710000001,52,0,0.50499918,6100.0,12,0,1,0,0.0
71854,0,0.44209979200000005,55,3,1.3688069319999998,4500.0,12,0,1,0,0.0
71855,0,0.193741932,31,0,0.612378459,5347.0,12,0,2,0,0.0
71857,0,0.026650154,42,1,0.35306498299999994,3800.0,15,0,0,0,3.0
71858,0,0.023054915,81,0,24.0,,5,0,0,0,
71860,0,0.0,45,0,1194.0,,3,0,1,0,0.0
71861,0,0.8998200359999999,30,0,0.025589897,6017.0,3,0,0,1,0.0
71863,0,1.0,62,1,0.20977232,3908.0,3,1,1,0,0.0
71866,0,0.04617762,61,0,0.491776846,3100.0,11,0,1,0,1.0
71867,0,0.019516877,73,1,3.0,,2,0,0,0,
71869,0,0.48386615299999997,45,0,991.5,1.0,7,0,0,0,2.0
71870,0,0.044403879,62,0,911.0,,11,0,0,0,0.0
71873,0,0.27265595800000003,65,0,2411.0,,14,0,1,0,0.0
71874,0,0.17684398199999998,49,0,0.041112455,8269.0,11,0,0,0,2.0
71876,0,0.07147243,61,0,0.08956328599999999,1350.0,7,0,0,0,1.0
71879,0,0.988870411,45,0,0.482409064,8384.0,12,0,2,0,1.0
71881,0,0.788837984,31,0,0.356973372,3792.0,6,0,0,0,0.0
71882,1,0.9999998999999999,56,0,0.041154791,1627.0,0,1,0,0,0.0
71883,0,0.051170019000000004,42,0,0.257259419,12500.0,8,0,2,0,3.0
71885,1,0.804947669,31,2,24.0,,6,0,0,0,0.0
71886,0,0.11048533099999999,41,1,0.17095726100000003,4000.0,3,0,0,0,0.0
71887,0,0.264580263,59,0,0.272789667,16026.0,15,0,2,0,0.0
71889,0,0.355840761,55,0,0.781694039,5418.0,24,0,2,0,2.0
71890,0,0.154866199,38,0,0.047322817,4500.0,3,0,0,0,1.0
71891,0,0.003099845,78,0,24.0,,2,0,0,0,
71893,0,0.47398719,53,1,0.25426857399999997,6500.0,14,0,0,0,1.0
71894,0,0.0027197429999999997,44,0,0.34947066600000004,9067.0,14,0,2,0,0.0
71896,0,0.587243744,54,0,2498.0,,8,0,2,0,2.0
71900,0,0.9810509470000001,59,0,0.31667423899999997,2200.0,4,0,0,0,0.0
71901,0,0.194680756,71,0,0.21532223600000003,4685.0,8,0,1,0,1.0
71903,0,0.0,31,0,0.332202979,8256.0,9,0,2,0,0.0
71904,0,0.237230633,55,0,0.810899695,8513.0,46,0,4,0,0.0
71905,0,0.041709054,59,0,0.322836456,8700.0,10,0,2,0,0.0
71906,0,0.37386911799999994,63,1,0.416402987,7900.0,13,0,0,0,0.0
71908,0,0.725904262,50,0,0.327150592,9973.0,7,0,2,0,1.0
71909,0,0.384844615,55,0,0.769796833,6250.0,21,0,2,0,1.0
71910,0,0.10276514099999999,46,0,0.40140997100000003,13900.0,16,0,4,0,0.0
71911,1,0.35379697600000004,40,1,0.40463384399999996,4833.0,11,0,2,0,0.0
71912,0,0.861108047,64,3,0.432890737,6250.0,12,0,1,0,0.0
71914,0,0.045814017,58,0,0.43905552,4700.0,5,0,1,0,0.0
71915,0,0.0,53,1,0.66836987,12133.0,18,0,5,0,2.0
71917,0,0.023836934,43,0,0.546352167,7291.0,4,0,2,0,0.0
71918,0,0.035152071,58,0,0.394123875,3777.0,16,0,1,0,0.0
71919,1,0.194813757,48,0,0.271394295,3750.0,8,0,1,1,1.0
71920,0,0.609313523,61,0,0.638394704,4833.0,16,0,1,0,2.0
71921,0,0.025733021000000002,67,0,0.25235370100000004,10833.0,16,0,3,0,0.0
71922,0,0.101763275,63,0,0.332095415,7000.0,8,0,2,0,0.0
71924,0,0.531692584,31,1,0.518217251,5900.0,14,0,1,0,3.0
71925,1,0.974289387,56,0,3.563696919,1200.0,12,0,2,0,0.0
71926,0,0.232417697,47,0,0.330494037,13500.0,21,0,2,0,2.0
71927,0,0.09981231300000001,37,0,1637.0,,8,0,2,0,
71928,0,0.092291061,28,0,1108.0,,6,0,1,0,0.0
71929,0,0.037903394,54,0,0.031803726000000004,2200.0,8,0,0,0,0.0
71930,0,0.8613930000000001,48,0,2191.0,,7,0,1,0,
71931,0,0.294256112,43,0,0.450612498,6448.0,9,0,1,0,3.0
71933,0,0.005839766,66,0,0.439268241,4700.0,10,0,2,0,2.0
71934,0,0.431800891,29,0,0.235518557,2882.0,10,0,0,0,0.0
71935,0,0.224300473,27,0,2.641196013,300.0,7,0,0,0,0.0
71936,0,0.21118558399999998,24,0,0.022283034,2557.0,3,0,0,0,0.0
71938,0,0.9999998999999999,56,0,0.044548652,14500.0,4,0,0,0,1.0
71940,0,0.637340241,37,0,0.247811036,4910.0,11,0,0,0,0.0
71944,0,0.398770819,71,0,0.190101237,5333.0,7,0,0,0,0.0
71945,0,0.00074151,42,0,3247.0,,9,0,1,0,0.0
71946,0,0.023595281,82,0,3.0,,1,0,0,0,
71948,0,0.002211468,57,0,2022.0,,8,0,2,0,0.0
71949,0,0.004359826,52,0,1.24076413,6333.0,5,0,2,0,0.0
71950,0,0.882308867,46,0,0.537525957,6741.0,20,0,1,0,0.0
71951,0,0.013962446000000002,60,0,0.001157773,9500.0,3,0,0,0,0.0
71952,0,0.9999998999999999,44,0,0.11783863800000001,6754.0,1,1,0,1,0.0
71954,1,0.9999998999999999,23,0,274.0,,1,0,0,2,0.0
71957,0,0.559004379,57,1,0.579927509,8000.0,18,0,2,0,0.0
71958,0,0.0,79,0,0.0,3300.0,3,0,0,0,0.0
71959,0,0.13013682699999998,41,0,1.038384646,2500.0,11,0,0,0,2.0
71960,0,0.945210511,43,0,0.30023273899999997,11600.0,10,0,2,0,1.0
71961,0,0.008972814,54,0,0.0018945370000000002,3166.0,3,0,0,0,0.0
71962,0,0.23150148,69,0,0.2606929,4675.0,6,0,1,0,1.0
71963,0,0.013539496000000002,61,1,0.430966034,6800.0,23,0,2,0,1.0
71964,0,0.295906499,40,0,0.429761706,6000.0,5,0,1,0,0.0
71965,0,0.0,68,1,1328.0,,11,0,1,0,1.0
71966,0,0.21816700100000003,67,0,0.315493762,10500.0,13,0,2,0,0.0
71967,0,0.29481502600000004,27,1,0.235222672,2469.0,4,0,0,0,0.0
71968,0,0.00273275,47,0,0.264915943,9100.0,5,0,1,0,0.0
71970,0,0.07386311599999999,68,1,0.020686088999999998,5800.0,6,0,0,0,0.0
71971,0,0.202564717,67,1,2846.0,,11,0,2,0,0.0
71972,0,0.016413312,48,0,1.103714085,1426.0,14,0,2,0,1.0
71973,0,0.02425318,74,0,0.014567266,3500.0,12,0,0,0,0.0
71974,0,0.154440869,59,0,1.267495733,4100.0,14,0,2,0,0.0
71975,0,0.251882492,50,0,4481.0,0.0,10,0,1,0,0.0
71976,0,0.008559658000000001,61,0,3407.0,,8,0,1,0,0.0
71979,0,0.29757738300000003,63,0,0.105451083,4200.0,4,0,0,0,0.0
71980,0,0.332460698,45,0,0.561862438,9900.0,10,0,4,0,2.0
71982,0,0.631684206,50,0,0.288829635,10500.0,7,0,1,0,0.0
71983,0,0.100998164,61,0,3697.0,,15,0,2,0,0.0
71984,0,0.075736938,68,0,1483.0,,7,0,1,0,0.0
71985,0,0.6080147920000001,55,1,0.14668642199999998,7423.0,7,0,0,0,1.0
71986,0,0.034586201000000004,31,0,0.436629775,2800.0,8,0,1,0,0.0
71987,0,0.7387916059999999,56,0,0.540807914,3638.0,6,0,2,0,0.0
71988,0,0.602164432,76,0,0.09652509699999999,36000.0,12,0,2,0,0.0
71990,0,0.062486719,38,0,0.052215733,2910.0,8,0,0,0,0.0
71991,0,0.894167632,33,0,0.34969966,7657.0,8,0,2,0,0.0
71992,0,0.260376554,49,0,0.437941608,7500.0,9,0,2,0,1.0
71995,1,0.9178707220000001,44,0,0.316667424,22000.0,18,0,2,0,1.0
71997,0,0.013215652,77,0,0.19502585600000003,4060.0,11,0,1,0,0.0
71998,0,0.038792242000000005,29,0,0.060277103,7000.0,4,0,0,0,0.0
71999,0,0.027411406,65,0,0.300300802,5983.0,15,0,1,0,0.0
72000,0,1.006993007,25,0,0.019986676000000002,1500.0,1,0,0,0,1.0
72001,0,0.9999998999999999,49,0,0.125487757,35365.0,10,0,3,0,2.0
72002,0,0.001999909,68,0,0.182084777,3750.0,10,0,1,0,0.0
72003,0,0.014961855,39,0,0.17562677699999998,7737.0,6,0,2,0,0.0
72004,0,0.023777191,60,0,0.20716592,9600.0,7,0,1,0,0.0
72005,0,0.0,39,0,0.0,4583.0,1,0,0,0,3.0
72006,0,0.0,43,0,1.0142180090000001,3797.0,6,0,4,0,0.0
72007,0,0.08578440400000001,50,0,0.150128535,5834.0,9,0,0,0,1.0
72008,1,0.0,52,1,0.45764639,5276.0,8,0,2,0,2.0
72009,0,0.031464569,71,0,41.0,,1,0,0,0,0.0
72010,0,0.013313098,61,0,0.08051839,16666.0,8,0,1,0,0.0
72011,0,0.0,62,1,0.175516224,2033.0,7,0,0,0,0.0
72014,0,0.183285775,76,0,0.49580084,3333.0,10,0,2,0,0.0
72015,0,0.004985104000000001,82,0,10.0,,5,0,0,0,
72016,0,0.451436954,39,0,0.20841805600000002,4917.0,8,0,0,0,2.0
72017,0,0.025113359,33,0,90.0,,4,0,0,0,0.0
72018,0,0.584626595,31,0,0.439702475,8200.0,9,0,2,0,0.0
72019,0,0.008614722,57,0,0.11109876699999999,9000.0,3,0,1,0,0.0
72020,0,0.02159856,45,0,0.30845658800000003,8856.0,6,0,2,0,3.0
72024,0,0.676760101,57,0,1.6107445809999998,3182.0,18,0,2,0,1.0
72025,0,0.000674664,74,0,0.0,2300.0,19,0,0,0,0.0
72026,0,0.328977709,41,2,0.7722481,4078.0,5,0,1,1,3.0
72027,0,0.040736646,61,0,122.0,,10,0,0,0,0.0
72029,0,0.001607071,73,0,0.001472483,5432.0,4,0,0,0,0.0
72030,1,0.419681621,31,0,0.03824044,4000.0,5,0,0,1,2.0
72032,0,0.771153742,54,0,0.8122176390000001,5090.0,6,0,2,0,3.0
72034,0,0.037275302999999996,59,0,0.376711275,6500.0,9,0,2,0,0.0
72035,0,0.005313981999999999,59,0,1121.0,,6,0,1,0,0.0
72036,0,0.35967733399999996,59,0,0.133573285,5000.0,10,0,0,0,0.0
72038,0,0.99331132,41,0,0.5024401860000001,8400.0,13,0,2,0,3.0
72039,0,0.40158410299999997,63,0,0.469926574,6400.0,20,0,0,0,2.0
72040,0,0.9999998999999999,62,0,5153.0,,5,0,2,0,0.0
72041,1,0.820907955,49,1,0.5842044129999999,1721.0,5,0,0,0,0.0
72043,0,0.056095427,69,0,0.036600496,4835.0,17,0,0,0,0.0
72044,0,0.5193991379999999,36,2,0.276077452,1600.0,3,2,0,0,0.0
72045,0,0.015220363999999998,63,0,0.112967724,14003.0,6,0,1,0,1.0
72046,0,0.006224589,69,0,0.253087493,5748.0,8,0,1,0,0.0
72047,0,0.74083847,36,0,0.46449457,2393.0,3,0,0,0,0.0
72048,0,0.14278912,36,0,0.082657048,3326.0,5,0,0,0,3.0
72050,0,0.9341121729999999,64,0,0.352551574,9209.0,9,0,2,0,0.0
72051,0,0.023074387000000002,30,0,0.11325429099999999,5650.0,8,0,0,0,0.0
72052,0,0.019448328,50,0,0.391738841,1500.0,3,0,1,0,0.0
72053,0,0.104378125,25,0,0.211549139,1800.0,3,0,0,0,0.0
72054,0,0.007661595,71,0,0.110903759,3750.0,11,0,0,0,0.0
72055,0,0.08774268800000001,72,0,1567.0,,4,0,1,0,0.0
72056,0,0.10340959,69,0,0.16404406,5083.0,8,0,1,0,0.0
72057,0,0.118711651,60,0,0.35394101,6000.0,18,0,1,0,1.0
72058,0,0.001084092,48,1,0.15654906400000002,7000.0,11,0,1,0,2.0
72059,0,0.962075848,55,0,0.14087712,4833.0,3,0,0,1,1.0
72060,0,0.151524621,72,0,0.225279272,9667.0,3,0,1,0,0.0
72061,0,0.307543279,26,0,0.17675399,3320.0,12,0,0,0,0.0
72062,1,0.8546751779999999,38,4,0.24083769600000002,2100.0,13,4,0,1,2.0
72063,0,0.492795624,36,0,0.304969302,10423.0,10,0,2,0,1.0
72064,0,0.0,53,0,0.0,,2,0,0,0,0.0
72065,0,0.0,67,0,0.28616741,18600.0,15,0,3,0,0.0
72067,0,0.11159256,34,1,0.198555957,3600.0,5,0,0,0,0.0
72068,0,9.85e-05,39,0,0.35694900700000004,7000.0,11,0,2,0,3.0
72069,0,0.8574803259999999,68,1,4247.0,,11,0,1,0,1.0
72070,0,0.117768161,68,0,0.051842598,1600.0,2,0,0,0,0.0
72071,0,0.31319396899999996,40,0,0.334797758,6600.0,10,0,1,0,2.0
72073,0,0.13407317400000002,73,0,1713.0,,5,0,1,0,0.0
72075,0,0.24992728600000003,50,0,0.341858946,9187.0,13,0,2,0,2.0
72076,0,0.6441677920000001,62,0,0.857216098,3900.0,11,0,3,0,0.0
72077,0,0.01315219,63,0,0.15752993099999998,6347.0,4,0,1,0,0.0
72080,1,1.004385528,48,4,1.163225386,4600.0,16,1,2,2,1.0
72081,0,0.9999998999999999,61,2,1371.0,,3,2,0,0,
72082,0,0.037532082,70,0,0.162283772,10000.0,2,0,1,0,0.0
72084,0,0.00045453199999999995,89,0,0.0,,6,0,0,0,0.0
72085,0,0.244301185,62,0,0.192852193,10100.0,7,0,1,0,0.0
72086,0,0.02218081,48,0,0.379231714,5700.0,5,0,1,0,1.0
72087,0,0.115884116,29,0,166.0,,6,1,0,0,0.0
72088,0,0.0,75,0,0.0,2146.0,2,0,0,0,0.0
72089,0,0.6546671279999999,45,1,0.858684985,4075.0,8,0,2,0,3.0
72090,1,0.9999998999999999,30,0,0.0,2120.0,0,0,0,0,2.0
72092,0,0.9999998999999999,64,0,52.0,,0,0,0,0,
72093,0,0.29949710399999996,51,0,0.36664044100000004,5083.0,9,0,1,0,2.0
72094,0,0.040579105,61,0,0.46962651899999996,6666.0,13,0,4,0,0.0
72095,0,1.069860279,62,0,0.267368055,11500.0,3,5,1,0,0.0
72096,0,0.15879481,60,0,0.349410841,6364.0,8,0,2,0,2.0
72098,0,0.41399943,45,0,0.092523504,6700.0,5,0,0,0,1.0
72099,0,0.051351414000000005,79,0,0.396234252,7222.0,5,0,2,0,1.0
72100,0,0.9413764659999999,64,0,0.357471035,10011.0,5,0,3,0,0.0
72102,0,0.04018482,64,2,2433.0,,19,0,1,0,0.0
72104,1,0.127102476,67,0,0.279701845,11000.0,16,2,2,0,1.0
72105,0,0.002365339,79,0,4.0,,9,0,0,0,0.0
72106,0,0.488725016,62,1,0.6940789470000001,4863.0,10,0,1,0,1.0
72108,0,0.9999998999999999,26,0,0.110124334,2251.0,2,0,0,0,0.0
72109,0,0.717892632,36,0,0.41858113,6920.0,8,0,1,0,3.0
72111,0,0.038383139,65,0,0.006393298,4535.0,3,0,0,0,1.0
72112,0,0.734317772,36,0,0.28873510199999997,2600.0,5,0,0,0,0.0
72113,0,0.37499704700000003,58,0,0.31237721,4580.0,17,0,0,0,2.0
72114,0,0.038807688,68,0,0.0037194470000000003,22583.0,7,0,0,0,0.0
72120,0,0.31996958600000003,27,0,0.087560514,4750.0,4,0,0,0,1.0
72121,0,0.6180898810000001,33,0,0.15599908199999998,4358.0,9,0,0,0,0.0
72123,0,0.10440688699999999,64,0,4608.0,,23,0,2,0,0.0
72124,1,0.9999998999999999,32,1,0.75948461,1396.0,3,1,2,0,1.0
72125,0,0.116207184,44,0,5371.0,,14,0,6,0,0.0
72126,0,0.532803733,73,1,0.680329918,4000.0,13,0,2,0,1.0
72130,0,0.015286691000000002,46,1,0.459508882,3827.0,12,0,2,0,0.0
72131,0,0.301500063,38,0,0.471507621,10300.0,13,0,4,0,2.0
72132,1,0.776100382,45,2,1876.0,,10,0,1,2,2.0
72133,0,0.836955245,32,0,0.424242424,3101.0,13,0,0,0,0.0
72134,0,0.0,66,0,1448.0,,5,0,1,0,0.0
72135,0,0.004530049,62,0,4.0,,10,0,0,0,0.0
72136,0,0.06316903900000001,32,0,1823.0,,7,0,1,0,0.0
72138,0,0.203646014,71,0,1082.0,,3,0,1,0,0.0
72140,0,0.893507607,37,2,0.6961013,3000.0,13,0,2,1,3.0
72143,1,0.59957384,56,1,0.7582069659999999,6000.0,7,3,3,3,0.0
72144,0,0.057642255999999996,47,0,0.243257102,9750.0,8,0,1,0,2.0
72146,0,0.355681364,47,0,0.38059223200000003,7800.0,7,0,2,0,0.0
72148,0,0.04692522,77,0,19.0,,5,0,0,0,0.0
72149,0,0.481843266,82,0,1.213155704,1200.0,5,0,1,0,0.0
72150,0,0.120082453,35,0,0.6352573020000001,2875.0,7,0,1,0,0.0
72151,0,0.0,53,0,0.323349308,7511.0,6,0,1,0,0.0
72152,0,0.072892711,51,1,4629.0,,14,0,4,0,0.0
72153,0,0.0,30,0,0.198414067,5800.0,5,0,0,0,0.0
72155,0,0.07698416599999999,59,0,0.44103225799999995,3874.0,8,0,1,0,0.0
72157,0,0.9999998999999999,24,0,40.0,,1,1,0,0,
72158,0,0.134837139,50,0,0.17256034,12470.0,8,0,2,0,3.0
72159,0,0.417889103,72,1,0.321454388,13833.0,13,0,2,0,0.0
72160,0,0.150151235,51,0,0.397941681,6412.0,9,0,1,1,1.0
72161,0,0.007536345,64,0,0.243027888,250.0,10,0,0,0,0.0
72162,0,0.004857623,69,0,0.014985015,1000.0,11,0,0,0,0.0
72163,0,0.17123315100000003,53,0,135.0,,2,0,0,0,
72164,0,1.53577371,33,1,0.147617461,3000.0,3,0,0,1,0.0
72165,0,0.126242343,34,0,0.10714768300000001,7400.0,8,0,0,0,0.0
72166,0,0.06594111700000001,68,0,0.047390522000000004,5000.0,22,0,0,0,0.0
72169,0,0.9999998999999999,64,0,46.0,,0,1,0,0,
72171,1,0.841117655,48,1,0.59924812,2659.0,8,0,1,0,0.0
72172,0,0.07572326,67,1,0.781564002,2288.0,10,0,0,0,0.0
72173,0,0.020502601999999998,50,1,0.16926837399999997,18000.0,12,0,1,0,2.0
72175,0,0.22675464899999997,58,0,673.5,1.0,5,0,1,0,2.0
72178,0,0.165966204,57,0,3013.0,,5,0,1,0,0.0
72179,0,0.9999998999999999,27,0,0.18968386,3605.0,5,0,0,0,0.0
72180,0,0.095798646,44,0,0.18921095,3725.0,5,0,0,0,1.0
72181,0,0.24954699,52,0,0.333523782,7000.0,10,0,1,0,2.0
72182,0,0.025462249,53,0,0.274997344,9410.0,15,0,2,0,2.0
72185,0,0.172173954,38,0,0.136459885,12750.0,9,0,2,0,2.0
72186,0,0.028776977999999998,24,0,0.00034281800000000005,2916.0,1,0,0,0,0.0
72187,0,0.058288745,55,0,0.049495875,12000.0,11,0,1,0,2.0
72189,0,0.772461077,51,3,0.473774426,8750.0,6,0,1,0,1.0
72190,0,0.315681062,70,0,1.3998001,2000.0,10,0,4,0,0.0
72194,0,0.194112868,80,2,0.822155986,4025.0,12,1,2,0,0.0
72195,0,0.038942297,51,0,0.366151203,5819.0,11,0,2,0,1.0
72196,0,0.07037425,29,0,0.20491174199999998,1302.0,2,0,0,0,0.0
72197,0,0.283461325,66,0,0.239471107,4083.0,8,0,0,0,0.0
72198,0,0.441946985,52,0,0.37367954200000003,12400.0,12,0,3,0,0.0
72199,0,0.106206648,32,1,0.30602610399999997,3600.0,9,0,1,0,0.0
72200,0,0.324397038,40,0,0.07124329900000001,5782.0,5,0,0,0,5.0
72201,0,0.705297455,58,0,2271.0,,7,0,1,0,0.0
72204,0,0.935802568,58,0,2938.0,1.0,4,0,2,0,3.0
72205,0,0.110773441,51,0,0.373260145,5100.0,21,0,1,0,0.0
72206,0,0.024586096,44,0,0.16859027199999999,7277.0,14,0,1,0,0.0
72208,0,0.0,45,0,0.305107988,5833.0,9,0,1,0,1.0
72211,0,0.181645826,59,0,0.24081097899999998,14500.0,23,0,1,0,0.0
72212,0,0.000400529,57,0,0.344174792,14050.0,17,0,3,0,0.0
72213,0,0.48409474399999997,27,0,0.089130124,7000.0,12,0,0,0,0.0
72214,0,0.362322494,25,0,0.574972233,2700.0,8,0,2,0,0.0
72215,0,0.066749166,66,0,0.376579747,6250.0,10,0,2,0,0.0
72216,0,0.07306137,66,0,7571.0,,7,0,3,0,0.0
72219,0,0.498437865,47,0,0.31934731899999996,8150.0,9,0,2,0,2.0
72221,0,0.008579801,52,0,1150.0,,6,0,1,0,0.0
72223,0,0.102549719,56,0,0.42959143200000005,10083.0,25,0,4,0,0.0
72224,0,0.17100917399999999,66,0,0.011999495,7916.0,3,0,0,0,0.0
72225,0,0.313743661,60,1,0.579612964,17000.0,14,0,1,1,1.0
72226,0,0.010486363,49,0,0.258092738,4571.0,6,0,1,0,2.0
72227,0,0.010025063,58,0,0.379925505,5100.0,12,0,1,0,1.0
72229,0,0.157982446,42,0,2393.0,,5,0,2,0,0.0
72230,0,0.20475431,70,0,1.91804098,2000.0,9,0,1,0,0.0
72231,0,0.9999998999999999,39,0,0.09537727900000001,13000.0,8,0,0,0,0.0
72232,0,0.9999998999999999,52,0,0.0,,1,0,0,0,0.0
72234,0,0.011011355,37,0,0.444822989,6750.0,10,0,1,0,2.0
72235,0,0.037461587000000005,83,0,34.0,,3,0,1,0,0.0
72237,0,0.959889452,61,0,0.95291514,13103.0,17,0,2,0,0.0
72238,0,0.002295402,67,0,1230.0,0.0,12,0,1,0,0.0
72239,0,0.0,26,0,0.646684832,1100.0,2,0,0,0,0.0
72240,0,0.003485615,66,0,0.000720115,4165.0,3,0,0,0,0.0
72241,0,0.9999998999999999,52,0,0.37812821399999996,2916.0,2,0,0,0,0.0
72242,0,0.036927074,58,0,0.070175439,6497.0,5,0,1,0,1.0
72243,0,0.896395032,30,0,0.298802201,3088.0,8,0,0,0,0.0
72246,0,0.873517787,56,1,3010.0,,9,0,2,0,0.0
72248,0,0.262219624,42,1,0.23126423100000001,10100.0,13,0,2,1,2.0
72249,0,0.506549309,41,0,0.582630144,7702.0,10,0,2,0,2.0
72250,0,0.541277305,36,0,2560.0,,5,0,1,0,0.0
72251,0,0.0,68,0,0.0,,3,0,0,0,
72253,0,1.7607973419999998,43,0,301.0,,2,0,0,1,0.0
72254,0,0.0,33,0,0.066674548,8458.0,5,0,0,0,0.0
72255,0,0.10012801199999999,42,0,0.328729907,8833.0,13,0,2,0,3.0
72258,0,0.069203278,83,0,0.008319953,6850.0,3,0,0,0,0.0
72260,1,0.7762237759999999,33,1,0.044865664000000006,11500.0,2,1,1,1,2.0
72261,0,0.292281112,63,0,0.733463035,3083.0,14,0,4,0,0.0
72262,0,0.11466078699999999,61,0,1066.0,,5,0,1,0,0.0
72264,0,0.087691231,62,1,0.74325135,1666.0,7,0,1,0,0.0
72266,0,0.955888457,60,0,0.48638885299999995,7750.0,10,0,1,0,0.0
72267,0,0.9999998999999999,36,0,0.0,,0,1,0,0,0.0
72268,0,0.5797977089999999,66,0,0.7134466770000001,3234.0,7,0,0,0,0.0
72270,0,0.39964749899999996,55,0,0.170220832,10550.0,8,0,1,0,0.0
72273,0,0.0059954430000000005,43,0,763.0,,4,0,1,0,0.0
72275,0,0.722370848,49,0,0.510196155,5148.0,4,0,1,0,2.0
72277,0,0.9999998999999999,59,1,0.094049904,3125.0,2,0,0,0,0.0
72278,0,0.9999998999999999,29,0,0.033970276,2354.0,1,0,0,0,0.0
72279,0,0.022032966,61,0,187.5,1.0,18,0,0,0,0.0
72281,0,0.096566734,68,0,0.312648786,6300.0,9,0,1,0,0.0
72283,0,0.9999998999999999,68,0,1872.0,,2,0,1,0,0.0
72284,0,0.657792788,37,0,0.331326126,7306.0,4,0,1,0,2.0
72287,0,0.08362618200000001,67,0,0.683263816,3835.0,3,0,1,0,1.0
72288,0,0.087835876,39,0,2520.0,,4,0,2,0,1.0
72289,0,0.20110565800000002,48,0,0.18833612,4783.0,7,0,0,0,1.0
72291,0,0.010181561,74,0,0.006856163,7000.0,13,0,0,0,0.0
72292,0,0.029271663,42,0,0.18064247,4793.0,6,0,1,0,1.0
72293,0,0.7502050859999999,41,2,0.258373206,5433.0,7,0,0,0,1.0
72294,0,0.0,53,0,4911.0,,11,0,1,0,0.0
72295,0,0.24652537600000002,37,0,0.587339362,2100.0,11,0,0,0,2.0
72297,0,0.030310537000000002,60,0,0.8745164409999999,4135.0,11,0,2,0,1.0
72299,0,0.070468447,64,0,612.0,,9,0,0,0,1.0
72302,0,0.0,63,0,0.0,4900.0,3,0,0,0,0.0
72303,0,0.186757027,30,0,0.024987506,2000.0,3,0,0,0,0.0
72306,0,0.9999998999999999,43,1,0.073447414,5200.0,6,0,0,0,2.0
72307,0,0.17270975600000002,63,0,0.532901628,10500.0,20,0,3,0,0.0
72308,0,0.00124253,47,0,0.212948312,7583.0,3,0,1,0,2.0
72310,0,0.128342485,43,0,0.011198507,7500.0,4,0,0,0,1.0
72311,0,0.029810196,56,0,0.5130674,9450.0,11,0,1,0,1.0
72313,0,0.179740974,62,0,0.405915845,7200.0,6,0,2,0,0.0
72314,0,0.037616541,40,0,38.0,,7,0,0,0,0.0
72316,0,0.062679017,44,0,0.497115385,7279.0,10,0,2,0,3.0
72317,0,0.324486457,50,0,0.51837655,4434.0,7,1,1,0,3.0
72318,0,0.175620398,40,1,0.520397033,9167.0,7,0,3,0,0.0
72319,0,0.105209694,66,0,0.32557716800000003,5500.0,12,0,1,0,1.0
72321,0,0.982007197,28,0,0.35236541600000004,2451.0,6,0,0,0,1.0
72323,0,0.28421243399999996,33,0,0.458960661,4117.0,8,0,2,0,3.0
72324,0,0.010687762,89,0,0.012825651,2494.0,10,0,0,0,0.0
72325,0,0.618667156,40,0,0.8536139070000001,7650.0,13,0,4,0,3.0
72326,0,0.97980202,62,0,0.23606067100000003,4680.0,10,0,1,0,0.0
72327,0,0.658299428,57,0,0.38296249200000004,7864.0,9,0,1,0,0.0
72328,0,0.301858617,55,0,0.056699102,10687.0,4,0,0,0,2.0
72330,1,0.751977553,57,0,0.513997334,5250.0,16,0,1,0,0.0
72331,0,0.138374363,50,0,2162.0,,5,0,2,0,1.0
72333,0,0.11519424,58,0,0.460179968,11890.0,6,0,5,0,1.0
72334,0,0.5834880729999999,44,0,0.36034159600000004,4800.0,8,0,1,0,1.0
72335,0,0.332156756,44,0,0.292724196,6500.0,8,0,2,0,0.0
72339,0,0.17401678199999998,51,0,0.080175478,13220.0,10,0,0,0,5.0
72340,0,0.02818631,64,0,0.110648225,6000.0,4,0,0,0,0.0
72341,0,0.707926684,45,1,0.741830729,4926.0,8,0,1,0,0.0
72342,0,0.0,56,0,0.383795719,10416.0,7,0,1,0,0.0
72343,0,0.472335383,43,0,0.038844824,4916.0,9,0,0,0,1.0
72345,0,0.7763097840000001,39,0,0.35587975200000005,15833.0,9,0,2,0,1.0
72347,0,0.042391418,36,0,0.489376207,8800.0,9,0,2,0,0.0
72349,0,0.034554892000000004,38,0,0.29456582600000003,8924.0,12,0,3,0,3.0
72351,0,0.04784472,56,0,3833.0,,8,0,2,0,0.0
72352,0,0.711442786,62,4,0.11516928800000001,3750.0,4,1,0,0,1.0
72354,0,0.0,48,0,0.463563705,4253.0,8,0,1,0,1.0
72355,0,0.081291871,51,0,1503.0,,5,0,1,0,0.0
72357,0,0.249111859,79,0,0.320100726,6750.0,13,0,1,0,0.0
72358,0,0.006918784,62,1,0.225231402,8750.0,17,0,2,0,0.0
72359,0,0.02646099,78,0,0.21915616899999998,5000.0,18,0,2,0,0.0
72360,0,0.00023528,26,0,266.0,1.0,3,0,0,0,0.0
72363,0,0.90303145,47,1,0.16296603699999998,14456.0,9,0,0,0,1.0
72364,0,0.878016123,48,0,4871.0,,12,0,4,0,3.0
72365,0,0.00365146,60,3,0.14137738,3571.0,11,0,1,2,0.0
72367,0,0.374581271,48,0,3805.0,,6,0,2,0,2.0
72368,0,0.290786566,67,3,0.41701844,4500.0,11,0,0,0,0.0
72370,0,0.0,45,0,0.0,,1,0,0,0,0.0
72371,0,0.0,83,0,754.0,,5,0,1,0,0.0
72372,0,0.0304617,43,0,0.526973547,4800.0,18,0,1,0,0.0
72373,0,0.327345309,24,0,0.182156134,1882.0,3,0,0,0,0.0
72374,0,0.052560857,56,0,0.616947185,3445.0,4,0,2,0,0.0
72376,0,0.162447029,55,0,0.27012848,9339.0,10,0,2,0,2.0
72377,0,0.023646821000000002,60,0,0.15197190300000002,13666.0,9,0,1,0,0.0
72380,0,0.061523462,59,0,0.017874633,4083.0,5,0,0,0,0.0
72383,0,0.193935587,42,0,0.256306898,22078.0,10,0,2,0,2.0
72384,0,0.7929727209999999,55,0,2752.0,,3,0,1,0,0.0
72386,0,0.181868681,52,0,0.209358128,3333.0,4,0,0,0,0.0
72387,0,0.0,32,0,0.80140993,6666.0,12,0,2,0,0.0
72388,0,0.042706666,60,0,0.357810195,6100.0,10,0,1,0,0.0
72389,0,0.736739795,66,0,0.033454252000000004,4961.0,5,0,0,0,0.0
72390,0,0.038585209,67,0,0.230395658,7000.0,11,0,3,0,0.0
72391,1,0.9999998999999999,64,7,0.380008807,4541.0,13,1,0,1,0.0
72392,0,0.00270471,92,0,4.0,,8,0,0,0,
72394,0,0.01802416,33,0,0.299203799,7158.0,8,0,1,0,0.0
72395,0,0.42969757399999997,44,0,0.093202458,10900.0,5,0,0,0,3.0
72396,0,0.0,39,0,99.0,,4,0,0,0,0.0
72397,0,0.19890411,63,2,0.37449039,6867.0,15,0,2,0,1.0
72399,0,0.715479367,59,0,0.279558808,9700.0,8,0,1,0,0.0
72400,0,0.0,31,0,0.455665025,2029.0,5,0,1,0,0.0
72401,0,0.33212936,44,0,0.541383017,5581.0,6,0,2,0,0.0
72403,0,0.7643326540000001,45,1,2584.0,0.0,7,0,1,0,2.0
72404,0,0.956898467,65,0,0.534115921,4088.0,4,0,1,0,0.0
72405,0,4.443418803,51,0,872.0,,6,0,0,1,0.0
72406,0,0.122304516,62,0,2563.0,,16,0,1,0,0.0
72407,0,0.018235742,70,0,0.346650384,5731.0,18,0,2,0,0.0
72408,0,0.001028249,61,0,0.000374953,8000.0,8,0,0,0,0.0
72409,0,0.37432820899999997,60,2,0.09186706300000001,3700.0,5,0,0,0,0.0
72410,0,0.04519536,75,0,0.630785053,2916.0,7,0,2,0,1.0
72412,0,0.030728132000000002,78,0,0.059310577999999996,5917.0,9,0,1,0,1.0
72414,0,0.036316113,67,0,154.0,,5,0,0,0,
72417,0,0.15027938400000002,39,0,45.0,,3,0,0,0,0.0
72418,0,0.925873547,46,1,0.50856143,8000.0,16,0,1,0,0.0
72419,0,0.00994376,43,0,0.344658708,9800.0,9,0,2,0,2.0
72421,0,0.295778916,30,0,292.0,,3,0,0,0,0.0
72422,0,0.41427824,53,0,0.369857747,2600.0,6,0,0,0,0.0
72423,0,0.047316022,40,0,0.3772145,3668.0,21,0,1,0,2.0
72424,0,0.050912144000000006,62,1,3059.0,,8,0,1,0,0.0
72425,0,0.020931938,60,0,9.0,,1,0,0,0,0.0
72426,0,0.072928911,53,0,0.22964115100000002,9000.0,8,0,1,0,2.0
72427,0,0.90671849,52,1,0.334940189,5600.0,4,0,2,0,0.0
72428,0,0.9500997999999999,21,0,0.011656953000000001,1200.0,1,0,0,0,0.0
72429,0,0.025779974,64,0,0.20121515399999998,8393.0,5,0,1,0,0.0
72430,0,0.785242951,29,0,0.191292424,2916.0,6,0,0,0,1.0
72431,0,0.238919018,74,0,0.575713026,3400.0,16,0,2,0,0.0
72432,0,0.0,57,1,2440.0,,6,0,1,0,
72433,0,0.04571109,74,0,0.415149736,3405.0,8,0,1,0,0.0
72434,0,0.381292739,42,0,0.828839746,3300.0,16,0,2,0,2.0
72435,0,0.843981013,47,1,0.432452169,6846.0,10,0,0,0,2.0
72440,0,0.9999998999999999,46,0,10.0,0.0,3,0,0,0,3.0
72441,0,0.061972075,86,1,0.30021978,2274.0,20,0,1,0,0.0
72442,0,0.0,39,0,0.304385088,7000.0,3,0,1,0,2.0
72445,0,0.39147767200000005,39,0,0.436750789,6339.0,8,0,1,0,3.0
72446,0,0.115621335,43,0,2483.0,,8,0,2,0,0.0
72447,0,0.094289482,36,0,2548.0,,7,0,1,0,0.0
72448,0,0.051840557999999995,60,0,94.0,,3,0,0,0,0.0
72449,0,0.541837662,42,0,0.292227703,7500.0,5,0,0,0,2.0
72450,0,0.00034699199999999996,54,0,0.22677234699999999,9083.0,7,0,2,0,2.0
72451,0,0.032011841,65,0,0.352017937,2675.0,15,0,1,0,0.0
72452,0,0.510287567,58,0,0.311806136,8376.0,19,0,1,1,1.0
72454,0,0.022248887999999998,69,0,14.0,,4,0,0,0,0.0
72457,0,0.048951049,24,0,1.0,0.0,1,0,0,0,1.0
72459,0,0.31945582699999997,42,0,0.530359956,8250.0,8,0,4,0,2.0
72460,0,0.065752079,37,0,0.138445808,4889.0,5,0,0,1,2.0
72461,0,0.022894134,55,0,0.149755592,6750.0,8,0,1,0,0.0
72465,0,0.21130480699999998,47,0,0.310597645,4500.0,6,0,1,0,4.0
72467,0,0.0,58,0,0.0,,1,0,0,0,
72468,0,0.0,52,0,1894.0,,7,0,2,0,0.0
72469,0,0.270248159,31,0,0.07571169,1650.0,3,0,0,0,0.0
72471,0,0.231171408,52,0,0.631618475,7988.0,17,0,2,0,4.0
72472,0,0.113098062,32,0,0.284493728,5500.0,5,0,0,0,0.0
72474,0,0.7113332259999999,54,0,0.300587427,8000.0,24,0,1,1,0.0
72475,0,0.263543386,77,0,0.641969519,4264.0,10,0,3,0,0.0
72476,0,0.061512528,69,0,64.0,,2,0,0,0,0.0
72477,0,1.179832638,64,4,0.42413042,15150.0,13,0,2,0,0.0
72478,0,0.328597382,44,0,0.546872656,6666.0,8,0,2,0,2.0
72482,0,0.010741761,46,0,0.004614675,6500.0,8,0,0,0,3.0
72483,0,0.950807071,45,0,0.075094543,5552.0,2,0,0,0,1.0
72485,0,0.452169855,43,0,0.364995752,5884.0,9,0,2,0,0.0
72488,0,0.330541863,28,0,0.069654073,10666.0,6,0,0,0,0.0
72489,0,0.509999257,49,1,0.844142528,3900.0,11,0,1,1,2.0
72490,0,0.026041999,60,2,0.18616276699999998,5000.0,8,0,0,0,0.0
72493,0,0.36953516,53,0,0.43502377200000003,5047.0,13,0,2,0,0.0
72496,0,0.22619192800000001,79,0,1380.0,,8,0,1,0,0.0
72497,0,0.013425436,66,0,0.487561032,4300.0,20,0,2,0,0.0
72499,0,0.0,53,0,0.26347365300000003,10000.0,5,0,2,0,3.0
72500,0,0.306058488,47,0,0.691051491,6000.0,11,0,1,0,1.0
72502,0,0.411473651,53,0,0.40169546799999994,9200.0,17,0,2,0,0.0
72503,0,0.9881802009999999,51,0,0.289504487,10251.0,9,0,0,0,3.0
72504,0,0.041012477,63,0,0.43147946200000004,2750.0,5,0,1,0,2.0
72505,0,0.0,37,0,0.39830085,2000.0,7,0,1,0,1.0
72507,0,0.065537211,28,1,368.0,,5,0,0,0,1.0
72508,0,0.037453184,36,1,0.986337887,3000.0,9,0,2,0,2.0
72509,0,0.093456934,68,0,948.0,,9,0,1,0,0.0
72510,0,0.016500505,78,0,0.00633383,5367.0,4,0,0,0,0.0
72511,0,0.0011452189999999998,84,0,4.0,,10,0,0,0,0.0
72513,0,0.013610742,59,0,0.38195912600000004,4256.0,8,0,1,0,4.0
72514,0,0.050587243,60,0,2141.0,,14,0,1,0,0.0
72516,0,0.012054886,61,0,0.31856498699999997,5100.0,2,0,1,0,0.0
72517,1,0.9999998999999999,54,98,0.0,,0,98,0,98,0.0
72521,0,0.470537773,62,1,0.49220104,7500.0,16,0,5,0,1.0
72524,0,0.200935823,69,0,0.329471602,10616.0,16,0,3,0,0.0
72525,0,0.204535496,44,1,0.23702103800000002,12500.0,13,0,1,0,0.0
72526,1,0.9910854109999999,61,4,0.462236579,6500.0,14,1,2,0,0.0
72527,0,0.9058217540000001,63,0,0.8438386040000001,4584.0,20,0,2,0,2.0
72528,0,0.14438039800000002,49,0,0.18330787399999998,7200.0,8,0,1,0,4.0
72529,0,0.009535161,52,1,0.159968006,5000.0,9,0,0,0,1.0
72530,0,0.113026852,46,0,0.139914362,8640.0,10,0,0,0,2.0
72532,0,0.001733304,78,0,1.024987506,2000.0,6,0,3,0,1.0
72534,0,1.041198502,66,0,66.0,,3,0,0,3,0.0
72535,0,0.074103835,50,0,2624.0,,5,0,2,0,0.0
72536,0,0.23042621600000002,49,0,0.57567804,8000.0,16,0,2,0,2.0
72537,0,0.139459004,82,0,0.11196267900000001,3000.0,4,0,0,0,1.0
72538,0,0.06649335099999999,71,0,1.493530499,2163.0,9,0,2,0,0.0
72539,0,0.001227962,50,1,0.449092344,3800.0,8,0,1,1,0.0
72540,0,0.0039992,46,0,902.0,,4,0,1,0,
72541,0,0.037457135,54,0,1.009862779,2331.0,5,0,2,0,0.0
72542,0,0.352786266,53,0,0.15238476199999998,10000.0,6,0,2,0,0.0
72543,0,0.021948181,49,0,0.101053769,3700.0,5,0,0,0,0.0
72544,0,0.05909659,60,0,61.0,,1,0,0,0,0.0
72545,0,0.0,38,0,0.470505899,5000.0,5,0,2,0,0.0
72546,0,0.5823291110000001,48,0,0.187384976,5976.0,4,0,0,0,6.0
72547,1,2.0137328340000002,33,0,0.311387466,4100.0,1,3,1,0,0.0
72548,0,0.0,63,0,0.190740137,9200.0,4,0,1,0,1.0
72550,0,0.0,62,0,0.34487002,6500.0,9,0,1,0,0.0
72551,0,0.02291546,96,0,0.007622812,7083.0,5,0,0,0,0.0
72552,0,0.024573597000000003,77,0,20.0,,3,0,0,0,0.0
72553,0,0.050318494000000005,40,0,0.661014738,7666.0,6,0,1,0,1.0
72554,1,0.992187915,60,5,3466.0,,18,0,2,1,0.0
72556,0,0.900999804,43,1,0.364784413,5542.0,3,1,1,1,4.0
72558,0,0.005497251,43,1,0.479408237,2500.0,7,0,1,0,0.0
72559,0,0.32349725,38,3,1.038393857,6250.0,18,0,4,0,1.0
72560,1,0.852115073,59,3,0.969076719,6790.0,19,6,2,1,0.0
72561,0,0.018465332,63,0,0.111223868,4926.0,5,0,0,0,1.0
72562,0,0.258155201,32,2,0.579613591,1500.0,9,0,0,1,0.0
72563,0,0.9999998999999999,54,1,0.690218297,6000.0,7,0,2,2,0.0
72568,0,0.899780005,56,3,0.468962644,7200.0,12,0,2,1,3.0
72569,0,0.0421043,37,0,1117.0,,5,0,2,0,3.0
72570,0,0.569095749,31,0,1.366492147,2100.0,7,0,1,0,0.0
72571,0,0.0,63,0,0.277066667,7499.0,4,0,2,0,0.0
72574,0,0.544329328,58,0,0.499123162,7412.0,20,0,2,0,0.0
72576,0,0.064017319,39,0,0.189111748,4187.0,4,0,0,0,3.0
72578,0,0.162244957,46,0,1892.0,,8,0,1,0,0.0
72579,0,0.9999998999999999,25,0,0.072289157,580.0,0,1,0,0,0.0
72580,1,0.9999998999999999,39,0,0.510531136,4367.0,2,6,1,0,1.0
72581,0,0.0,62,0,3880.0,,12,0,2,0,0.0
72583,0,0.025923825,58,0,0.221796007,10166.0,10,0,1,0,0.0
72584,0,0.111202433,47,0,0.341433318,10534.0,6,0,1,0,3.0
72585,0,0.024773875,75,0,394.0,,10,0,0,0,0.0
72587,0,0.9038744129999999,41,1,1.286870173,2718.0,9,0,1,0,2.0
72589,0,0.10743981300000001,64,0,73.0,,4,0,0,0,0.0
72590,0,0.9999998999999999,25,0,0.061615320999999994,1200.0,1,0,0,0,0.0
72591,0,0.0,73,0,0.0,4912.0,4,0,0,0,0.0
72592,0,13498.0,38,0,0.34742761899999997,4800.0,6,0,1,0,2.0
72597,0,0.7048728409999999,43,1,4101.0,,5,0,2,0,2.0
72601,0,0.834116588,38,0,0.272944337,6700.0,4,0,1,0,3.0
72602,0,0.0,63,0,229.16666669999998,5.0,5,0,1,0,0.0
72603,0,0.016372663,66,0,0.16955699800000001,12166.0,4,0,1,0,0.0
72605,0,0.077415241,53,0,0.0229977,10000.0,9,0,0,0,2.0
72606,0,0.09463324199999999,59,0,1193.0,,5,0,0,0,0.0
72607,0,0.21071051600000001,66,0,0.179653043,3400.0,3,0,0,0,0.0
72612,0,0.017596551000000002,49,0,570.0,,7,0,0,0,0.0
72613,0,0.023778457000000003,30,0,0.19128444,12666.0,22,0,2,0,0.0
72615,1,0.551206106,62,0,1.053068759,6500.0,16,0,2,0,3.0
72618,0,0.046113627000000004,48,0,100.0,,13,0,0,0,0.0
72619,0,0.033454173999999996,85,0,0.0119976,3333.0,5,0,0,0,0.0
72620,0,0.2345484,70,0,2074.0,,11,0,3,0,0.0
72621,0,0.0,24,0,0.006283919000000001,3500.0,4,0,0,1,2.0
72622,0,0.9999998999999999,56,0,4800.0,,8,0,2,0,0.0
72624,0,0.0,37,0,0.112036651,2400.0,7,0,0,0,5.0
72625,0,0.512110573,44,3,0.439864801,10650.0,7,0,2,0,0.0
72627,0,0.017014861000000003,41,0,0.49477893799999995,4500.0,8,0,2,0,2.0
72630,0,0.021835708,56,0,994.0,,8,0,1,0,0.0
72631,0,0.054107129000000004,36,0,344.0,,6,0,0,0,0.0
72633,0,0.044793293,32,0,0.141890229,8125.0,5,0,1,0,0.0
72634,0,0.593194062,54,0,0.275813449,9219.0,12,0,1,0,1.0
72637,0,0.002499886,38,0,0.39898310200000003,6686.0,6,0,2,0,0.0
72638,0,0.150805704,60,0,5945.0,,15,0,2,0,0.0
72640,0,0.17058053399999998,63,0,0.271376881,5250.0,11,0,1,0,0.0
72642,0,0.34234335200000005,59,0,0.48092613,4534.0,12,0,2,0,4.0
72643,0,0.656311456,49,0,0.336333061,11000.0,4,0,1,0,8.0
72644,0,0.04906634,45,0,0.26028060000000003,6200.0,13,0,1,0,0.0
72645,0,0.07318699099999999,45,0,0.352804968,9500.0,6,0,1,0,3.0
72646,0,0.8201685470000001,47,0,1250.0,,2,0,1,1,0.0
72647,0,0.0066855230000000005,95,0,7.0,,3,0,0,0,
72648,0,0.9296397959999999,54,0,0.6895967470000001,2950.0,7,0,2,0,3.0
72650,0,0.9999998999999999,63,0,0.68164794,1067.0,1,0,1,0,0.0
72652,0,0.950611049,42,1,0.38821672799999996,1900.0,5,0,0,0,0.0
72653,0,0.022945326000000002,52,0,0.26117197,5750.0,8,0,1,0,3.0
72654,0,0.35092131,54,0,0.459339114,12800.0,15,0,2,0,0.0
72656,0,0.981547132,41,0,0.406965495,3100.0,4,0,1,0,3.0
72659,0,0.110063947,75,0,0.369235662,9432.0,14,0,1,0,1.0
72660,0,0.569702885,68,0,0.315985625,15025.0,13,0,2,0,1.0
72661,0,0.05745977,64,0,0.021829695,6000.0,4,0,0,0,0.0
72662,0,0.054207067000000005,62,0,0.010569918999999999,7000.0,3,0,0,0,1.0
72663,0,0.9999998999999999,38,1,0.5711654829999999,3800.0,3,0,2,1,2.0
72664,0,0.004617498,51,0,0.36541203299999997,7013.0,9,0,2,0,2.0
72665,0,0.02244591,67,0,0.08387406900000001,4160.0,5,0,1,0,0.0
72670,1,0.9999998999999999,23,98,0.0,,0,98,0,98,0.0
72671,0,0.0,46,0,0.28900565899999997,7421.0,6,0,2,0,3.0
72672,0,0.9927079879999999,36,1,0.51321114,4200.0,5,0,1,0,2.0
72673,0,0.35106160299999994,51,0,0.429894737,4749.0,15,0,1,0,1.0
72674,0,0.999922064,58,1,0.309233747,8782.0,4,0,1,1,4.0
72675,0,0.093081394,53,0,0.823944059,17732.0,9,0,5,0,2.0
72677,1,0.11660279300000001,40,0,0.42487684700000006,2435.0,7,0,0,0,2.0
72678,1,0.05957738,56,3,0.667954497,4658.0,16,0,3,0,0.0
72679,0,0.228197507,49,0,0.470505899,5000.0,10,0,2,0,2.0
72680,0,0.287483185,57,0,0.229184865,21750.0,16,0,2,0,4.0
72682,0,0.049231692,69,0,44.0,,2,0,0,0,0.0
72683,0,0.019955992,61,0,0.273546389,7102.0,6,0,1,0,0.0
72684,0,0.108869732,57,0,0.502430743,12958.0,13,0,2,0,3.0
72687,0,0.9630123290000001,61,0,0.590427241,9338.0,12,0,2,0,0.0
72688,0,0.46842171899999996,29,0,0.05492601,7500.0,5,0,0,0,0.0
72689,0,0.338710753,51,0,0.041635626,12080.0,5,0,0,0,4.0
72690,0,0.31248376699999997,32,0,0.460763139,4166.0,11,0,2,0,0.0
72691,0,0.437464764,52,1,0.28842033100000003,11666.0,9,0,2,0,2.0
72692,0,0.85761296,35,0,0.491787122,3043.0,5,0,1,0,2.0
72693,0,0.9447626440000001,41,3,0.2455531,9500.0,6,0,1,0,1.0
72695,0,0.5176996779999999,49,0,0.767853145,4466.0,11,0,1,0,0.0
72696,0,0.166128254,53,0,0.373252391,5435.0,15,0,2,0,0.0
72697,1,0.99366952,50,4,0.658555487,6451.0,5,0,1,0,1.0
72699,0,0.0060230430000000005,69,0,0.0018171910000000001,5502.0,8,0,0,0,0.0
72700,0,0.0,73,0,0.0052945069999999995,4532.0,2,0,0,0,0.0
72702,0,0.02599935,59,0,0.267966504,8000.0,7,0,2,0,2.0
72704,0,0.035074225,63,0,0.20065735399999998,6084.0,4,0,1,0,0.0
72706,1,0.756589065,54,0,0.114917528,5516.0,7,0,0,0,1.0
72707,0,0.144213364,61,0,341.0,,6,0,0,0,1.0
72708,0,0.38637300399999996,62,1,0.288152712,9900.0,11,0,1,0,0.0
72709,0,0.00212579,66,1,8.57e-05,58333.0,13,0,0,0,0.0
72710,0,0.0203942,58,0,0.185420273,10397.0,5,0,1,1,1.0
72711,0,0.596668569,53,0,1.03279425,2225.0,8,0,2,0,1.0
72712,0,0.164489534,48,0,0.625916544,7500.0,10,0,1,0,2.0
72713,0,0.462165308,40,0,1566.0,,7,0,0,0,0.0
72715,0,0.0,43,0,0.30663983899999997,2484.0,4,0,0,0,0.0
72716,0,0.653205151,54,1,0.257359748,5400.0,7,0,1,0,1.0
72718,0,0.583754781,45,0,0.36580285,12000.0,17,0,1,0,3.0
72719,0,0.9999998999999999,41,0,0.194800301,7961.0,2,2,0,4,0.0
72721,1,1.08095952,61,4,1.075732449,1808.0,8,3,1,2,0.0
72722,0,356.0,83,0,0.191556896,6300.0,6,0,2,0,1.0
72723,0,0.9999998999999999,40,0,0.214570497,2758.0,3,0,0,0,2.0
72724,0,0.994916171,47,2,1302.0,,6,0,0,0,1.0
72725,0,0.008290189,72,0,0.18293265399999997,6280.0,4,0,0,0,1.0
72726,0,0.0,61,0,0.420152591,3800.0,4,0,2,0,1.0
72727,1,1.082917083,27,1,0.186278964,2200.0,7,0,0,0,1.0
72729,0,0.096773231,69,0,99.0,,6,0,0,0,0.0
72730,0,0.905261842,26,0,0.313340228,2900.0,3,0,0,0,0.0
72731,0,0.390434815,55,0,1129.0,0.0,7,0,1,0,0.0
72732,1,0.002055517,88,3,3.0,,5,0,0,0,0.0
72734,0,312.0,83,0,318.0,,3,0,0,0,0.0
72735,0,0.064493864,53,0,0.17448668899999997,12808.0,8,0,1,0,2.0
72736,0,0.0,42,0,0.628474305,5000.0,5,0,1,0,2.0
72737,0,0.265746851,76,0,39.0,,2,0,0,0,0.0
72738,0,0.005666289000000001,91,0,0.00036616599999999996,5461.0,1,0,0,0,0.0
72742,0,0.022410088999999998,65,0,0.27492177,2236.0,8,0,0,0,1.0
72743,0,0.00652231,69,0,12.0,,13,0,0,0,0.0
72747,0,0.9999998999999999,61,0,0.254935622,1164.0,2,0,0,0,0.0
72748,0,0.02077791,77,0,0.035028791000000004,2083.0,12,0,0,0,0.0
72750,0,0.04277327400000001,64,0,657.0,,10,0,1,0,0.0
72751,0,0.9999998999999999,82,0,0.0,1600.0,4,0,0,0,0.0
72752,1,0.616766467,45,0,0.6197643979999999,4583.0,5,0,1,0,1.0
72753,0,0.018145215,77,0,487.0,,9,0,1,0,0.0
72755,0,0.046594982,23,0,238.0,0.0,5,0,0,0,0.0
72756,0,0.479557444,46,0,0.676790401,8000.0,23,0,2,0,2.0
72757,0,0.19736008800000002,68,0,1787.0,,6,0,1,0,0.0
72759,0,0.377870111,53,0,2322.0,,10,0,0,0,1.0
72760,1,0.0,60,2,0.588565416,2850.0,5,0,1,1,2.0
72762,0,0.686402642,49,1,5042.0,,9,0,2,0,0.0
72764,0,0.198615403,62,3,2517.0,,31,0,1,0,0.0
72765,0,0.5660716170000001,42,1,0.704777295,9900.0,13,1,4,0,2.0
72766,0,0.034910939,58,0,0.22567743199999998,10000.0,14,0,0,0,1.0
72767,1,0.9999998999999999,42,98,21.0,,0,98,0,98,0.0
72769,0,0.008290055,54,0,0.043800392,4588.0,5,0,0,0,0.0
72770,0,0.199600133,30,0,0.146596859,4583.0,6,0,0,0,0.0
72771,0,0.10965244,40,0,0.319484559,4500.0,16,0,0,0,1.0
72773,0,0.037921257,59,0,0.05221062,4500.0,5,0,0,0,2.0
72774,0,0.43349559299999996,38,0,0.191271615,8500.0,6,0,1,0,4.0
72775,0,0.43348384,48,0,0.24178962399999998,2100.0,6,0,0,0,0.0
72776,0,0.9999998999999999,22,0,0.0,0.0,1,0,0,0,0.0
72777,0,1.102759277,40,2,0.588944428,3400.0,9,0,1,0,3.0
72778,0,0.141264529,78,0,0.129799302,4583.0,8,0,0,0,1.0
72779,0,0.27712455,48,1,0.155020157,10417.0,10,0,1,0,1.0
72781,0,0.197354007,55,0,0.38877705100000004,3973.0,8,0,1,0,0.0
72783,1,1.0066842759999999,58,4,2712.0,,11,0,2,0,
72784,0,0.036448324,49,0,0.10474334,7694.0,4,0,1,0,2.0
72787,0,0.314441739,58,1,0.246156165,6633.0,13,0,0,0,0.0
72788,0,0.304859465,28,3,0.025017373,4316.0,7,0,0,0,0.0
72789,0,0.601139886,36,0,0.43754554700000003,6860.0,6,0,1,0,2.0
72791,0,0.026353763,64,0,0.20103986100000001,7500.0,10,0,2,0,0.0
72792,0,0.0,35,0,0.0,2000.0,4,0,0,0,0.0
72793,0,0.106909153,39,0,0.213790587,2740.0,9,0,0,0,3.0
72794,0,0.0,48,0,0.0,,8,0,0,0,1.0
72795,0,0.9999998999999999,44,0,0.180916553,2923.0,1,0,0,0,2.0
72796,0,0.039659487,52,0,0.118710894,11666.0,5,0,1,0,0.0
72798,0,0.0,70,0,0.220702838,6800.0,6,0,1,0,1.0
72800,0,0.9999998999999999,29,0,0.158280573,3000.0,2,0,0,0,0.0
72801,0,0.041105182999999997,65,0,0.165512998,6500.0,20,0,1,0,1.0
72802,0,0.035181725,75,0,1270.0,,9,0,1,0,0.0
72803,0,0.200540642,50,0,0.103766248,9000.0,16,0,0,0,0.0
72805,0,0.004692405,34,0,0.24043989,4000.0,10,0,1,0,0.0
72806,0,0.333727883,52,0,0.33473804100000004,8779.0,8,0,1,0,1.0
72808,0,0.225568877,49,0,4112.0,,10,0,2,0,1.0
72809,0,0.14691816300000002,52,0,0.934210526,2583.0,8,0,1,0,0.0
72810,0,0.9999998999999999,46,0,1914.0,,3,0,1,0,0.0
72812,0,0.049039847000000004,60,0,0.158794947,5144.0,8,0,1,0,0.0
72813,0,0.003243892,75,0,2769.0,,21,0,1,0,0.0
72814,0,0.00698789,58,0,845.0,,10,0,1,0,0.0
72815,0,0.10536806300000001,61,0,0.218321204,18000.0,11,0,1,0,2.0
72816,0,0.44571346,47,1,0.300791113,5940.0,6,0,1,0,2.0
72817,0,0.345642173,39,0,0.6763174340000001,4800.0,12,0,1,0,2.0
72818,0,0.701808089,37,0,0.6163459139999999,4000.0,7,0,1,0,1.0
72820,0,0.00837571,52,0,0.325535714,5599.0,8,0,1,0,0.0
72821,0,0.009263885999999999,60,0,0.020080321,5975.0,10,0,0,0,0.0
72822,0,0.202196104,53,0,0.065692308,6499.0,9,0,0,0,1.0
72823,0,0.0,59,0,3850.0,,16,0,3,0,0.0
72825,0,0.02200657,61,0,2106.0,,8,0,1,0,1.0
72826,0,0.086091875,52,0,0.28951642,11083.0,13,0,2,0,1.0
72827,0,0.10421378099999999,59,0,0.23196366300000001,9466.0,14,0,1,2,0.0
72829,0,0.051678422,57,0,3886.0,,14,0,3,0,
72831,0,0.046772308,41,0,0.5316170960000001,4000.0,7,0,2,0,2.0
72833,0,0.023324417000000004,69,0,1361.0,,5,0,2,0,0.0
72834,0,0.9189387370000001,35,1,0.23658016399999998,5625.0,12,0,0,0,0.0
72835,0,0.18843048699999998,47,0,0.42989343799999996,7131.0,5,0,1,0,2.0
72836,0,0.000624984,69,0,4937.0,,6,0,1,0,0.0
72837,0,0.9999998999999999,53,0,0.16003729,3217.0,1,2,0,0,0.0
72838,0,0.030910305,57,0,0.274289285,3200.0,17,0,1,0,0.0
72840,0,0.006591029,67,0,0.328318257,10833.0,14,0,2,0,1.0
72841,0,0.15811251699999998,44,0,0.25463271600000004,7500.0,15,0,1,0,3.0
72843,0,0.985704233,51,1,4622.0,,10,0,1,0,0.0
72845,0,0.099630325,47,0,0.465232541,6600.0,6,0,2,0,1.0
72846,0,0.583274417,32,1,0.517416546,4133.0,9,0,2,0,1.0
72847,0,0.00957691,84,2,0.008396641,2500.0,12,0,0,0,0.0
72849,0,0.071276949,74,0,0.36280264100000004,2725.0,10,0,1,0,0.0
72850,0,0.15610594,53,0,0.417805545,5121.0,14,0,1,0,0.0
72852,0,0.023449175,83,0,0.021992669,3000.0,18,0,0,0,0.0
72853,0,0.0,37,0,0.06862156,8320.0,2,0,0,0,4.0
72856,0,0.317181875,31,0,0.261912696,3000.0,9,0,0,0,1.0
72857,0,0.147449835,70,1,0.114725589,19550.0,9,0,1,0,1.0
72859,0,0.07394236,52,0,0.405659434,10000.0,18,0,2,0,1.0
72860,0,0.059133675999999996,34,0,0.004373668,8916.0,2,0,0,0,0.0
72861,0,0.5972453329999999,78,0,0.429606625,5795.0,19,0,1,0,1.0
72862,0,0.076073997,47,0,0.44745525399999997,10000.0,7,0,3,0,1.0
72863,0,0.019908638,64,0,0.166666667,21659.0,6,0,2,0,3.0
72864,0,0.208874034,63,0,4873.0,,17,0,6,0,0.0
72865,0,0.818738766,53,0,0.313532545,11076.0,7,0,1,0,0.0
72866,0,0.0,76,0,0.734578381,5300.0,13,0,3,0,0.0
72867,0,0.710893793,40,0,0.196560688,5000.0,6,0,0,0,0.0
72868,0,0.001103273,42,0,0.00019996,5000.0,4,0,0,0,0.0
72870,0,0.158492796,52,0,104.0,,1,0,0,0,
72872,0,0.9999998999999999,40,0,0.104543234,4093.0,1,0,0,0,3.0
72873,0,0.059497025,81,0,0.00132908,26333.0,2,0,0,0,0.0
72874,0,0.093348239,33,0,0.176806627,3500.0,4,0,0,0,1.0
72876,0,0.308704347,40,0,0.520094563,2114.0,6,0,2,0,0.0
72877,0,0.0,49,0,0.109848485,10031.0,9,0,0,0,0.0
72878,0,0.001121565,51,0,3.0,,7,0,0,0,0.0
72879,0,0.032126353999999996,48,0,0.020280811,1922.0,2,0,0,0,0.0
72880,0,0.139143143,49,1,328.0,,7,0,0,0,0.0
72883,0,0.0,64,0,0.55560594,8820.0,12,0,2,0,0.0
72884,0,0.664046338,31,2,0.346938776,2155.0,7,0,0,0,0.0
72885,0,0.021060691,65,0,0.340661599,14600.0,20,0,3,0,0.0
72887,0,0.572685463,45,0,0.34119146200000006,9416.0,8,0,1,0,1.0
72889,0,0.0,36,0,0.12594962,2500.0,4,0,0,1,0.0
72890,0,0.002589928,50,0,0.410203615,8741.0,6,0,3,0,1.0
72891,0,0.412098587,53,0,0.418286841,7097.0,15,0,3,0,0.0
72892,0,0.317784988,40,0,0.887900976,5735.0,12,0,2,0,3.0
72893,0,0.223216836,48,0,0.7582578190000001,3420.0,10,0,1,0,0.0
72895,0,0.46221513799999997,55,0,0.972918249,3950.0,13,0,2,0,1.0
72896,0,0.897617627,46,4,0.63076084,11000.0,12,0,2,0,2.0
72898,0,0.549458343,44,1,0.36187619299999996,7333.0,10,0,1,0,0.0
72899,0,0.280357852,47,0,0.8735909820000001,3725.0,11,0,1,0,4.0
72902,1,0.9999998999999999,26,0,0.11991971900000001,1992.0,2,2,0,0,0.0
72904,0,0.1010571,79,0,1554.0,,6,0,2,0,0.0
72906,0,0.20007999199999998,48,0,0.15828936400000002,3600.0,6,0,0,0,3.0
72908,0,0.662247338,39,0,128.0,1.0,3,0,0,0,3.0
72910,0,1.375541066,48,0,0.567528964,6300.0,7,0,1,0,1.0
72913,0,0.8755567679999999,46,1,0.217225136,11250.0,7,0,2,0,0.0
72914,0,0.0032607990000000004,85,0,0.083979005,4000.0,7,0,0,0,0.0
72915,0,0.34960615100000003,56,2,0.456708658,5000.0,11,0,1,0,0.0
72916,0,0.8900687070000001,31,1,0.552089015,9166.0,10,0,2,0,0.0
72917,0,0.9999998999999999,28,0,0.0,2600.0,2,0,0,0,2.0
72919,0,0.8421374309999999,57,0,0.28424282300000003,4562.0,9,0,1,0,0.0
72920,0,0.33336487800000003,55,0,0.416561048,7100.0,9,0,2,0,2.0
72922,0,0.38226962200000003,42,0,0.35042333,4251.0,7,0,2,0,3.0
72923,0,0.213125862,35,0,0.515479876,5167.0,11,0,2,0,1.0
72924,0,0.12517173,44,0,0.443837078,15000.0,6,0,2,0,1.0
72925,0,0.167542586,39,1,0.041406118,5916.0,3,0,0,0,0.0
72926,0,0.142716194,66,0,0.154184582,10000.0,14,0,1,0,0.0
72927,0,0.157140051,62,0,0.21108469,5466.0,10,0,2,0,0.0
72928,0,0.0,52,0,0.30371628,5300.0,12,0,1,0,1.0
72929,0,0.625660165,61,0,0.2809482,10250.0,23,0,1,0,0.0
72931,0,0.246136747,37,1,0.560899438,4802.0,8,0,1,0,3.0
72933,0,0.44128054200000005,45,0,0.634685637,5200.0,11,0,2,0,0.0
72934,0,0.038599357,82,0,0.018201285,3735.0,5,0,0,0,0.0
72935,0,0.135233096,61,0,0.058802524,8400.0,3,0,1,0,1.0
72936,0,0.924410079,43,0,0.567490359,7000.0,7,0,2,0,0.0
72938,1,0.085096825,63,1,0.224155169,5000.0,18,1,0,1,1.0
72939,0,0.150699873,24,0,0.013904076999999999,6400.0,6,0,0,0,0.0
72940,0,0.939118582,39,0,0.53520489,4416.0,6,2,1,0,2.0
72941,0,0.00879425,44,0,0.345763338,5416.0,12,0,1,0,0.0
72944,0,0.274459098,49,1,0.417645846,4850.0,11,0,1,0,1.0
72946,0,0.9999998999999999,48,0,0.0,1000.0,0,0,0,0,0.0
72948,0,0.318036596,31,0,3128.0,,10,0,2,0,1.0
72949,0,0.23025658100000002,79,0,0.010718113999999999,1865.0,1,0,0,0,1.0
72950,0,0.391084799,70,0,0.385491746,4300.0,8,0,0,0,0.0
72951,0,0.001872693,60,1,2031.0,,8,0,1,0,0.0
72952,1,0.605477203,60,1,0.604984785,6900.0,7,1,2,2,1.0
72955,0,0.030788461,63,0,0.00539892,5000.0,6,0,0,0,0.0
72956,0,0.0,53,0,0.41774691399999997,12959.0,9,0,4,0,0.0
72957,0,0.22683473699999998,42,0,0.30367135300000003,7326.0,11,0,1,0,0.0
72958,0,0.9999998999999999,60,0,0.895026243,4000.0,5,0,2,0,0.0
72959,0,0.58228481,27,1,0.263517958,7600.0,12,0,1,0,0.0
72961,0,0.097723235,68,0,0.17856680100000002,7716.0,4,0,1,0,2.0
72962,0,0.10704834199999999,50,0,0.6530525420000001,9401.0,16,0,1,0,1.0
72963,0,0.0,62,0,0.09721581300000001,6500.0,11,0,0,0,0.0
72965,0,0.01019796,46,0,0.196240501,7500.0,4,0,1,0,1.0
72968,0,0.09655056199999999,67,0,0.8886032559999999,3500.0,31,0,2,0,0.0
72969,0,0.161938198,53,0,3835.0,,7,0,2,0,
72971,0,0.149642086,74,0,0.089982004,5000.0,4,0,0,0,0.0
72973,0,0.440945508,38,0,0.265493802,2500.0,5,0,0,0,0.0
72974,0,0.830505169,33,0,0.46768944700000004,2150.0,9,0,0,0,1.0
72975,0,0.106057474,40,0,0.11214953300000001,3316.0,7,0,0,0,3.0
72977,0,0.045383917,70,0,0.49770046,5000.0,11,0,1,0,0.0
72978,0,0.617340024,42,2,0.125903092,10380.0,11,0,0,0,1.0
72979,0,0.197752651,53,0,0.37520281200000005,7395.0,17,0,2,0,2.0
72981,0,0.40934183399999996,82,0,1.676931388,1850.0,7,0,1,0,0.0
72983,0,0.7504875529999999,59,0,0.371199011,8089.0,13,0,2,0,3.0
72984,0,0.35785826200000004,61,0,0.23544403100000003,5100.0,6,0,0,0,0.0
72985,0,0.9999998999999999,48,1,0.34918342399999996,9000.0,4,0,1,0,2.0
72988,0,0.076194008,53,0,0.190418225,11500.0,19,0,2,0,2.0
72989,0,0.04013514,63,0,0.46936806600000003,6218.0,16,0,2,0,1.0
72990,0,0.6532133179999999,49,1,0.367131139,10118.0,9,0,1,0,0.0
72991,0,0.58322237,52,1,0.006331223,3000.0,3,0,0,0,1.0
72992,0,0.020557144,76,0,0.02532658,3750.0,14,0,1,0,0.0
72993,0,0.46261495399999997,40,1,2465.0,,6,1,1,0,2.0
72995,0,0.10702113199999999,48,0,0.009711510999999999,3500.0,4,0,0,0,1.0
72996,0,0.0,34,0,0.35113387,4100.0,5,0,1,0,0.0
72997,0,0.248668955,68,0,0.256752625,9810.0,9,0,2,0,0.0
72998,0,0.592673494,44,0,0.542387437,8150.0,14,0,2,1,2.0
73000,0,0.49848285299999995,53,0,0.480607757,2500.0,15,0,0,0,0.0
73002,0,0.137673945,58,0,186.0,,2,0,0,0,0.0
73004,0,1.017896518,43,0,0.271636485,9000.0,4,0,1,0,0.0
73006,0,0.11161802400000001,48,0,0.26091302899999996,3000.0,8,0,1,0,1.0
73007,0,0.787892222,50,0,1650.0,,6,0,1,0,0.0
73008,0,0.839170724,31,0,0.456972586,4194.0,13,0,0,0,0.0
73010,0,0.068362601,58,0,1447.0,,5,0,1,0,0.0
73011,0,0.51089782,67,0,0.046761047,2330.0,5,0,0,0,0.0
73012,0,0.18046705,47,0,0.23081243,10683.0,5,0,1,0,2.0
73013,0,0.00835839,54,0,0.410717856,5000.0,7,0,2,0,0.0
73014,0,0.772164011,40,0,0.315736853,5000.0,7,0,0,0,3.0
73015,0,0.015459178999999998,69,0,0.17686585100000002,12500.0,9,0,1,0,0.0
73016,0,0.555568253,50,0,0.835450948,4800.0,7,0,1,0,0.0
73017,0,0.0,28,0,0.0,2720.0,1,0,0,0,0.0
73019,0,0.9999998999999999,34,0,0.38020659799999995,3000.0,2,2,1,0,4.0
73020,0,0.0,54,0,1712.0,,7,0,1,0,0.0
73021,0,0.109768344,63,0,0.148545176,1305.0,4,0,0,0,0.0
73022,1,0.642679365,52,1,0.45853429,8500.0,23,0,2,0,1.0
73023,0,0.47499452799999997,51,0,0.356442904,15000.0,7,0,1,0,4.0
73024,0,0.0010749730000000001,89,0,0.280738786,1894.0,5,0,1,0,0.0
73026,0,0.71664359,66,1,6060.0,,19,0,5,0,1.0
73027,0,0.067915858,51,0,0.33288893399999997,9750.0,16,0,2,0,3.0
73028,0,0.9520958079999999,26,0,0.032989004,3000.0,3,0,0,0,0.0
73030,0,0.086279934,58,0,0.135878209,4400.0,11,0,0,0,2.0
73032,0,0.160101093,31,0,1068.0,0.0,11,0,0,0,2.0
73033,0,0.081429425,49,2,0.246675332,10000.0,9,0,1,0,3.0
73034,0,0.049881282,62,0,0.255739324,4050.0,9,0,1,0,0.0
73035,0,0.0,59,0,0.0,5750.0,3,0,0,0,0.0
73036,0,5781.0,48,0,0.48170924,6341.0,8,0,2,0,1.0
73037,0,0.786858202,57,0,0.6064942210000001,5450.0,14,0,1,0,1.0
73038,0,0.9999998999999999,21,0,723.0,,1,0,0,1,0.0
73040,1,1.121445042,44,0,531.0,,8,0,0,0,0.0
73041,0,0.013559818999999999,43,0,0.043009717999999995,10392.0,6,0,0,0,2.0
73044,0,0.067442772,68,0,0.031613077999999996,3700.0,13,0,0,0,1.0
73045,0,0.590022777,69,0,0.161767646,5000.0,12,0,0,0,0.0
73047,0,0.007999714,69,0,0.047000195,10233.0,4,0,0,0,0.0
73048,0,0.223019904,74,0,0.711582833,6500.0,14,0,2,0,1.0
73050,0,0.403599029,50,3,0.113110861,8000.0,12,0,0,0,0.0
73051,0,0.055489332999999995,63,0,0.376078133,7883.0,12,0,1,0,0.0
73052,0,0.075962019,24,0,57.0,0.0,4,0,0,0,0.0
73054,0,0.9999998999999999,57,0,0.017366838,10306.0,2,0,0,0,0.0
73056,0,0.23021820899999998,66,0,0.70003529,8500.0,29,0,2,0,0.0
73058,0,0.14691679800000002,38,0,0.364344349,4750.0,6,0,2,0,2.0
73059,0,0.217156569,50,0,0.12805107,5325.0,4,0,0,1,0.0
73060,0,0.392404772,48,0,1538.0,,6,0,1,0,0.0
73062,0,0.069475793,45,0,2453.0,0.0,8,0,2,0,2.0
73063,0,0.370849482,58,0,0.40090189200000004,18183.0,9,0,2,0,1.0
73065,1,0.9999998999999999,29,98,0.0,,0,98,0,98,0.0
73067,0,0.06271587,52,0,0.157076205,4500.0,6,0,0,0,1.0
73068,0,0.141994204,84,0,0.012479002,8333.0,3,0,0,0,0.0
73069,0,0.188767291,74,0,616.0,,8,0,1,0,0.0
73072,0,0.041647698,67,0,0.208115335,8600.0,8,0,1,0,0.0
73074,0,0.318088122,46,0,0.33822157,7500.0,5,0,1,0,1.0
73076,0,0.04574896,69,0,32.5,1.0,4,0,0,0,0.0
73077,0,0.9999998999999999,60,0,0.98828125,3583.0,4,0,2,0,0.0
73079,0,0.7724266959999999,59,0,0.650801953,5735.0,18,0,1,0,0.0
73080,0,0.111492281,50,0,1294.0,,5,0,1,0,0.0
73081,0,0.084417416,54,0,0.562691131,4250.0,5,0,2,0,0.0
73082,0,0.046452434,60,0,428.0,,6,0,0,0,0.0
73083,0,0.01373489,45,0,0.480128894,6516.0,5,0,2,0,2.0
73084,0,0.0071706009999999995,43,0,1434.0,,2,0,1,0,
73085,0,0.016149596000000002,54,0,0.428679914,7900.0,9,0,4,0,0.0
73086,0,0.458391855,56,2,7114.0,,25,0,2,0,0.0
73087,0,0.06972106,34,0,0.213249835,3033.0,3,0,0,0,0.0
73089,0,0.9999998999999999,29,0,0.06706008599999999,3727.0,1,0,0,0,2.0
73090,0,0.267136643,53,0,0.388189739,9296.0,5,0,2,0,3.0
73094,0,5994.0,36,0,0.469271693,5450.0,6,0,1,0,0.0
73095,0,0.0,23,0,0.0,865.0,2,0,0,0,0.0
73098,0,0.004224894,78,0,5.0,,6,0,0,0,0.0
73099,0,0.0,58,0,0.33760734,8500.0,6,0,1,0,1.0
73102,0,0.731916352,43,2,0.570436625,8496.0,12,0,2,0,2.0
73103,0,0.20255985399999998,86,0,0.213432221,2426.0,11,1,0,0,0.0
73104,0,0.008644448,63,0,1389.0,,4,0,1,0,
73106,0,0.9999998999999999,24,0,51.0,,0,0,0,0,
73107,0,0.03179894,86,0,28.0,,4,0,0,0,0.0
73108,0,0.75055604,41,0,4081.0,,8,0,1,0,3.0
73112,0,0.23596013,50,0,0.345815662,9666.0,7,0,2,0,2.0
73113,0,0.082430788,52,0,2302.0,,11,0,1,0,3.0
73114,0,0.016008846,71,0,0.194160273,9383.0,6,0,2,0,0.0
73115,0,0.078215058,52,0,0.667608819,3537.0,10,0,2,0,1.0
73117,0,0.022840042,64,0,2088.0,,10,0,1,0,0.0
73118,0,0.015947038,80,0,0.261769481,2463.0,13,0,0,0,1.0
73120,0,0.039450149,68,0,1.114732725,2300.0,10,1,1,0,0.0
73122,0,0.10319488,62,0,2231.0,,7,0,1,0,0.0
73123,0,3.812214239,33,0,0.43207839600000003,20000.0,10,0,3,0,0.0
73124,0,0.20517035399999997,70,0,0.355457817,2500.0,13,0,0,0,0.0
73125,0,0.9999998999999999,48,0,0.754106165,4200.0,4,0,2,0,1.0
73126,0,2.0039920159999998,28,0,59.0,,0,1,0,0,0.0
73127,0,0.0,78,0,184.0,,9,0,0,0,0.0
73128,1,0.9999998999999999,38,0,0.18832467,2500.0,1,0,0,0,0.0
73129,0,0.43874489899999997,55,0,0.174350649,6159.0,3,0,0,0,0.0
73130,0,0.983825579,32,0,0.328681525,4800.0,12,0,0,0,2.0
73132,0,0.013169314,52,0,1068.0,,4,0,2,0,0.0
73133,0,0.048271405,60,0,0.398563069,13500.0,18,0,5,0,0.0
73136,0,0.002529611,67,0,0.001770303,4518.0,9,0,0,0,0.0
73138,0,0.590939374,45,0,1752.0,,2,0,1,0,
73139,0,0.0,61,0,3353.0,,7,0,2,0,0.0
73140,0,0.0,81,0,0.0,10500.0,1,0,0,0,0.0
73142,0,1.141430948,44,0,0.008283348000000001,3500.0,2,4,0,0,3.0
73143,0,0.723230763,60,0,0.859968354,2527.0,9,0,1,0,0.0
73146,0,0.039526272,54,0,0.506998445,4500.0,8,0,2,0,1.0
73147,0,0.103842906,53,0,0.297376779,8500.0,13,0,1,0,2.0
73148,0,0.9999998999999999,51,0,0.0,6928.0,0,0,0,0,1.0
73150,0,0.087511785,70,0,0.39954573600000004,4842.0,4,0,2,0,0.0
73151,0,0.046341974,40,0,0.010284245,7000.0,5,0,0,0,0.0
73152,0,0.271213923,36,0,0.19519383399999998,4410.0,6,0,0,0,2.0
73153,0,0.003221325,66,0,1370.0,,9,0,2,0,2.0
73158,0,0.013416108000000001,70,0,0.252071231,10500.0,12,0,1,0,0.0
73159,0,0.9999998999999999,42,1,0.0,2800.0,1,0,0,0,0.0
73162,0,0.0,81,0,0.0,,2,0,0,0,
73163,1,0.9999998999999999,46,0,0.304213283,4200.0,7,0,1,1,1.0
73165,0,0.049811532,59,0,0.219033055,8500.0,8,0,1,0,0.0
73167,0,0.126415277,62,1,1959.0,,10,0,2,0,0.0
73169,0,0.061639445,88,0,0.014197161000000002,5000.0,3,0,0,0,0.0
73170,0,0.136841526,80,0,0.508436445,2666.0,10,0,1,0,0.0
73171,0,0.421836439,59,0,0.24690154600000003,7180.0,7,0,1,0,0.0
73172,0,0.016553591,67,0,0.381688466,12614.0,16,0,3,0,0.0
73174,0,0.001631536,77,0,1.0,,3,0,0,0,
73175,0,0.044137683,60,1,0.31285216,3726.0,6,0,1,0,0.0
73177,0,0.035653677,56,0,0.230363142,6250.0,13,0,1,0,1.0
73178,0,0.7158940220000001,46,0,0.652986776,4385.0,11,0,1,0,1.0
73179,0,0.08206529900000001,71,0,0.16450683900000002,8333.0,4,0,1,0,0.0
73180,0,1.032793441,52,2,0.404098209,5416.0,13,0,1,0,0.0
73181,0,0.11861204199999999,68,0,1802.0,,8,0,2,0,0.0
73182,0,0.04880666400000001,51,1,0.377806989,9128.0,12,0,2,0,0.0
73183,0,0.638072386,45,0,0.176470588,5575.0,6,0,0,0,0.0
73184,0,0.019955062,45,0,0.002847604,10183.0,5,0,0,0,0.0
73185,1,0.918718756,57,1,0.319262386,4500.0,5,0,1,0,0.0
73187,0,0.11054848699999999,60,0,0.19856303100000003,10716.0,4,0,1,0,0.0
73189,0,0.148430754,33,0,0.36594772200000003,7000.0,18,0,3,0,0.0
73190,0,0.206904817,79,0,0.262541564,6916.0,11,0,1,0,0.0
73192,0,0.0,62,2,0.0009998,5000.0,6,0,0,0,1.0
73193,0,0.03942294,35,0,0.644610071,5500.0,6,0,3,0,0.0
73194,0,0.9999998999999999,32,0,17.0,,1,0,0,0,0.0
73195,0,0.0,30,1,0.114746946,4583.0,4,0,0,0,0.0
73196,0,0.0,33,0,0.06728078400000001,8575.0,5,0,0,0,0.0
73198,0,0.19820156,41,0,1050.0,0.0,4,0,0,0,3.0
73202,0,0.186675692,58,0,0.384279476,4350.0,14,0,1,0,0.0
73203,0,0.642543961,47,1,1.329157175,3511.0,11,0,2,0,0.0
73204,0,0.097512197,31,0,0.251557745,6900.0,13,0,2,0,0.0
73205,0,0.188291822,48,0,0.280445241,10600.0,12,0,1,0,2.0
73206,0,0.0,63,0,0.391402149,4000.0,7,0,1,0,0.0
73208,0,0.00595173,63,0,0.21143532399999998,11000.0,7,0,1,0,1.0
73210,0,0.03875481,64,1,0.055713649000000004,29166.0,13,0,1,0,0.0
73212,0,0.005093993,54,0,0.444262782,6727.0,15,0,2,0,0.0
73214,0,0.168853697,50,0,0.5984196420000001,7086.0,20,0,2,0,0.0
73217,0,0.276363485,52,0,0.079671369,18500.0,6,0,1,0,0.0
73218,0,0.018590711,63,0,0.327255727,12833.0,15,0,2,0,1.0
73219,0,0.2329967,45,0,0.25074304199999997,3700.0,9,0,0,0,0.0
73220,0,0.25274945,66,0,0.517186251,1250.0,3,0,0,0,0.0
73222,0,0.014323477,76,0,20.0,,2,0,0,0,0.0
73223,0,0.190411031,47,0,0.510277492,3891.0,8,0,1,0,3.0
73224,0,0.066577785,44,0,1.138430785,2000.0,5,0,1,0,0.0
73226,0,0.043565214000000005,78,0,0.030636292000000002,1272.0,3,0,0,0,0.0
73227,0,0.040219196,67,0,0.303632236,3523.0,8,0,2,0,1.0
73228,0,0.005533649,51,0,0.310160428,2991.0,6,0,1,0,1.0
73229,0,0.252131728,53,0,0.158345221,5607.0,6,0,0,0,2.0
73230,0,0.42872059799999995,58,0,0.191404865,14100.0,8,0,1,0,0.0
73232,0,0.25205753399999997,43,0,0.339424237,5800.0,5,0,1,0,1.0
73233,1,0.9999998999999999,47,0,0.004052959,3700.0,0,1,0,0,0.0
73234,0,0.0,74,0,3089.0,,9,0,1,0,0.0
73235,0,0.140959251,42,1,1658.0,,4,0,1,0,
73236,0,0.109957309,47,0,0.130072494,12000.0,5,0,1,0,0.0
73237,0,0.9999998999999999,52,0,0.034753827,2416.0,1,0,0,0,0.0
73238,1,0.902791718,32,0,0.35394101,6000.0,15,0,0,0,0.0
73239,0,0.002262581,45,0,0.488723951,10508.0,12,0,3,0,2.0
73241,0,0.03404795,42,0,0.184684193,9166.0,12,0,2,0,0.0
73242,1,1.0048567959999999,39,1,0.448353777,3097.0,7,0,0,0,0.0
73243,0,0.18769052100000003,48,0,3152.0,,10,0,2,0,0.0
73244,0,0.022052263,41,0,2639.0,,10,0,2,0,0.0
73245,1,0.15859664699999998,33,0,0.7020161070000001,18500.0,36,0,13,0,0.0
73246,0,0.752924708,53,0,0.245189042,8833.0,6,1,2,0,1.0
73247,0,0.021459887999999996,41,0,0.45318681299999997,2274.0,3,0,1,0,1.0
73248,0,0.05857458,30,1,0.498650135,10000.0,11,0,3,0,1.0
73249,0,0.019852432,69,0,40.0,,6,0,0,0,0.0
73252,0,0.23662544600000002,51,0,0.563683678,6916.0,13,0,2,0,2.0
73254,0,0.036407091,43,0,2221.0,,6,0,1,0,0.0
73255,0,0.18217972,63,0,2967.0,,9,0,1,0,0.0
73258,1,0.7448316759999999,42,0,0.667777408,3000.0,9,0,2,0,2.0
73260,0,0.295353758,71,0,0.15877683,3400.0,10,0,0,0,0.0
73261,0,0.009544835,48,0,78.0,,3,0,0,0,0.0
73262,0,0.020703668999999997,70,0,0.23791763800000001,6434.0,8,0,1,0,0.0
73264,0,0.765188608,38,1,0.22511627899999997,6449.0,7,0,0,0,1.0
73266,0,0.21895620899999998,31,0,0.047677638,3250.0,5,0,0,0,0.0
73267,0,0.096993446,59,0,0.27851952,5916.0,15,0,1,0,0.0
73268,0,0.043052923,76,0,89.0,,5,0,0,0,0.0
73269,0,0.05095877099999999,69,0,0.009557642,11822.0,6,0,0,0,0.0
73270,0,0.12123935400000001,62,0,0.49677256,7900.0,21,0,1,0,4.0
73273,0,0.022557384,83,0,450.0,,12,0,0,0,0.0
73274,0,0.100494975,48,0,0.654336416,4000.0,7,0,2,0,0.0
73275,0,0.012999594,62,0,0.231573366,13200.0,10,0,2,0,0.0
73279,1,0.167430779,49,0,0.780680535,6200.0,11,0,2,0,1.0
73280,0,0.183702284,65,0,2345.0,,8,0,2,0,0.0
73281,0,0.153141738,60,1,0.09360363,13663.0,10,0,1,0,2.0
73282,0,0.757471736,51,0,0.284708533,3550.0,4,0,0,0,1.0
73284,0,0.626273358,42,0,0.546151879,3910.0,9,0,1,0,2.0
73285,0,0.160284169,48,0,0.174596,8848.0,23,0,1,0,1.0
73286,1,1.026906645,46,1,0.744130042,4982.0,13,1,3,1,2.0
73287,0,0.016840906,73,1,0.697147037,4100.0,12,0,1,2,0.0
73289,0,0.070033033,48,0,1.7677208290000002,2750.0,18,0,2,0,2.0
73290,0,0.9999998999999999,51,0,0.003498251,2000.0,2,0,0,1,0.0
73292,0,0.069308597,52,1,0.229067733,16003.0,10,0,3,0,2.0
73293,0,0.5211135889999999,69,0,0.584986925,6500.0,9,0,1,0,1.0
73294,0,0.16755202800000002,40,0,0.45736105200000005,2356.0,9,0,0,0,1.0
73297,0,0.0,48,0,0.0,,4,0,0,0,
73299,0,0.0,69,0,0.334475864,3500.0,5,0,1,0,0.0
73300,0,0.179148466,45,0,0.051164401,11550.0,6,0,0,0,5.0
73303,0,1.0045598040000001,27,2,0.424959656,1858.0,6,3,0,0,2.0
73305,0,0.9999998999999999,31,1,0.191106406,5666.0,2,1,0,0,0.0
73307,0,0.002587931,58,0,0.169098143,3015.0,5,0,0,0,0.0
73309,1,0.64678828,49,0,0.584695251,5200.0,10,0,2,1,0.0
73310,0,0.0,55,0,4201.0,,10,0,3,0,0.0
73311,0,0.002326758,66,0,0.329683409,4200.0,16,0,1,0,0.0
73312,0,0.930911185,46,0,0.18230295,6000.0,7,0,0,0,3.0
73315,0,0.0,65,0,1723.0,,8,0,1,0,0.0
73316,0,0.006929703000000001,61,0,993.0,,6,0,1,0,0.0
73317,0,0.023067861000000002,56,0,0.444353183,12174.0,16,0,1,0,0.0
73318,0,0.137400485,39,0,0.248455973,17000.0,8,0,2,0,2.0
73319,0,0.004082009,75,0,0.003332223,3000.0,9,0,0,0,0.0
73320,0,0.521919851,40,0,0.66758794,7959.0,12,0,2,0,0.0
73323,0,0.0,60,0,0.0,,1,0,0,0,0.0
73324,0,0.0,43,0,0.39885734700000003,5600.0,12,0,2,0,0.0
73325,0,0.031637161000000004,45,0,0.55873204,6750.0,16,0,4,1,4.0
73329,0,0.9999998999999999,52,0,791.0,,4,0,0,0,0.0
73330,0,0.18767654,45,0,0.263680456,17524.0,15,0,2,0,3.0
73331,0,0.025222724,74,1,0.005399568,8333.0,17,0,0,0,0.0
73332,0,0.540956611,63,0,0.42294726,17500.0,19,0,2,0,1.0
73333,0,0.321629593,46,0,0.461221431,5337.0,9,0,1,0,1.0
73334,0,0.405959917,72,0,0.23998736899999998,19000.0,14,0,1,0,0.0
73336,0,0.093912057,76,0,0.07708614400000001,5188.0,5,0,1,0,0.0
73337,0,0.9999998999999999,37,0,2443.0,0.0,8,1,2,0,2.0
73338,1,0.141656829,55,0,0.7299193270000001,2850.0,7,0,2,0,0.0
73339,0,0.0018016229999999998,61,0,0.163083692,10000.0,8,0,1,0,0.0
73341,0,0.873907615,23,0,21.0,,1,0,0,0,
73342,0,0.9269102990000001,26,1,0.042590178,2300.0,2,0,0,1,0.0
73343,0,0.015960434,39,0,0.39179573,7166.0,12,0,1,0,0.0
73345,0,0.016196761,34,0,0.396901073,3355.0,5,0,1,0,0.0
73346,0,0.795871723,49,0,0.371150729,1850.0,8,0,0,0,4.0
73348,0,0.085026911,46,0,0.09877226,9040.0,8,0,0,0,1.0
73349,0,0.14418323800000002,56,0,2362.0,,5,0,1,0,1.0
73350,0,0.317375119,45,0,0.049474606,6851.0,4,0,0,0,0.0
73351,0,0.11368376,52,0,0.26308684600000004,6666.0,10,0,1,0,0.0
73352,0,0.9999998999999999,32,0,0.7237932020000001,3500.0,3,2,2,1,0.0
73355,0,0.46742350299999996,51,0,0.591154591,9812.0,19,0,2,0,1.0
73356,0,0.334613743,58,0,0.463594219,3666.0,8,0,1,0,0.0
73357,0,0.046875547999999996,46,1,0.335634373,4200.0,6,0,1,0,0.0
73358,0,0.000930211,70,0,1.0,,10,0,0,0,0.0
73359,0,0.059079692,58,0,981.0,,14,0,2,0,
73360,0,0.066861851,55,0,0.21130191199999998,8210.0,5,0,2,0,0.0
73361,0,0.283842133,36,0,0.373920945,2200.0,9,0,0,0,0.0
73363,0,0.14079296,66,0,0.38461043100000003,15529.0,6,0,2,0,0.0
73364,0,0.385229541,64,1,11.0,,2,0,0,0,
73365,1,0.068226873,82,1,543.0,,12,0,1,0,1.0
73367,0,0.007658316,72,0,0.228040943,4200.0,12,0,1,0,0.0
73368,1,0.798018039,47,0,1.491924319,6500.0,18,0,2,0,2.0
73369,0,0.00033816099999999996,58,0,0.34139624,8350.0,12,0,3,0,0.0
73371,0,0.0,79,0,0.0,,8,0,0,0,
73372,0,0.0,60,0,0.168936292,10500.0,11,0,1,0,2.0
73373,0,0.069674426,68,0,28.0,,7,0,0,0,0.0
73374,0,0.66669344,31,0,0.239985883,5666.0,7,0,0,2,0.0
73377,0,0.25916056,27,1,1.066666667,764.0,6,0,1,0,0.0
73378,0,0.021126532000000003,48,0,0.04239576,10000.0,5,0,0,0,3.0
73379,0,0.778828388,25,1,0.224405377,2900.0,7,0,0,0,2.0
73380,0,0.9999998999999999,61,2,4359.0,,6,0,3,0,0.0
73381,0,0.004410075,54,0,0.24832609,8512.0,24,0,1,0,0.0
73382,0,0.021796932,56,0,45.0,,12,0,0,0,1.0
73385,0,0.076903847,55,0,0.32795315,7000.0,7,0,2,0,3.0
73387,0,0.9570085979999999,54,1,0.10729613699999999,2096.0,3,0,0,0,0.0
73389,0,0.011955425,79,0,0.12138728300000001,2940.0,7,0,0,0,1.0
73390,0,0.193850048,70,0,0.17696969699999998,6599.0,10,0,0,0,0.0
73391,0,0.133530945,54,0,0.255587296,5950.0,4,0,1,0,2.0
73393,0,0.024830436,57,0,0.13528481,7583.0,8,0,1,0,2.0
73394,0,0.0,69,0,3700.0,,7,0,2,0,0.0
73395,0,0.144149411,61,0,140.0,,3,0,0,0,0.0
73396,0,0.45146507399999997,29,0,0.07314738900000001,7313.0,8,0,0,0,2.0
73398,1,1.149101999,32,2,0.35527529999999996,3250.0,11,0,0,1,0.0
73400,0,0.137876387,61,0,0.243689078,4000.0,6,0,0,0,0.0
73401,0,0.239123785,31,0,0.317128578,2200.0,11,0,0,0,0.0
73402,0,0.131240701,67,0,0.48116615100000004,3875.0,9,0,3,0,0.0
73403,0,0.0,73,0,0.008998714,7000.0,9,0,0,0,0.0
73404,0,0.706592488,34,0,0.168563817,8257.0,6,0,0,0,0.0
73405,0,0.425932243,51,0,0.24837424,14300.0,14,0,2,0,2.0
73407,0,0.023611171,50,0,0.15920229800000002,5916.0,7,0,1,0,1.0
73408,0,0.011150378999999998,68,0,0.228885242,7920.0,14,0,1,0,0.0
73411,0,0.202143894,56,0,0.223178995,7083.0,9,0,1,0,1.0
73412,0,0.024491931,57,0,3367.0,,8,0,1,0,0.0
73413,0,0.044092372000000005,56,1,0.010094276999999999,10500.0,16,0,0,0,0.0
73414,0,0.8848881829999999,49,0,1244.0,,4,0,0,0,0.0
73415,0,0.272151731,45,0,0.270490215,5160.0,6,0,0,0,3.0
73416,0,0.003051243,71,0,12.0,,10,0,0,0,0.0
73417,0,0.054163870999999995,82,1,0.018283102,7000.0,7,0,0,0,0.0
73419,0,1.128084606,52,2,0.036684512999999995,5042.0,2,1,0,0,2.0
73421,0,0.17888321,43,0,0.357663191,7000.0,12,0,2,0,1.0
73422,0,0.07992008,23,0,0.00039658900000000003,5042.0,2,0,0,0,0.0
73424,0,0.160221972,48,0,1.20754717,3550.0,22,1,5,0,4.0
73425,0,0.0,38,0,0.357590485,7818.0,18,0,2,0,0.0
73427,0,0.783981864,33,0,0.474690664,7111.0,8,0,1,0,1.0
73428,0,0.752573277,34,0,0.24989039899999999,2280.0,5,0,0,0,0.0
73429,0,0.0,54,2,279.0,,5,0,0,0,0.0
73430,0,0.112703289,82,0,0.442847206,4312.0,18,0,2,0,0.0
73432,0,0.001313105,54,0,0.136838357,8425.0,6,0,1,0,2.0
73433,0,0.871825635,34,0,0.111687638,7708.0,6,0,0,0,2.0
73434,0,0.9999998999999999,30,1,905.0,,2,0,0,0,0.0
73435,0,0.195293768,79,0,0.244585138,3000.0,7,0,0,0,0.0
73436,0,0.010661108999999998,75,0,30.0,,12,0,0,0,0.0
73438,0,0.00059647,37,0,601.0,,5,0,0,0,0.0
73443,0,0.258510145,36,0,0.341714632,3300.0,4,0,0,0,0.0
73446,0,0.274952226,37,1,0.765128389,5568.0,19,0,2,0,0.0
73449,0,0.10556388800000001,47,0,0.306373862,5600.0,16,0,2,0,2.0
73451,0,0.010885559,83,0,0.003683858,5971.0,5,0,0,0,0.0
73452,0,0.7464915670000001,46,1,0.6039296789999999,2900.0,6,0,1,2,2.0
73453,0,0.0,41,2,0.287486179,20800.0,12,0,1,1,5.0
73454,0,0.568270481,52,0,0.072275551,7083.0,7,0,0,0,1.0
73455,0,0.13054955599999998,45,0,0.159771031,13800.0,4,0,1,0,3.0
73457,0,0.902599257,27,0,94.0,,1,0,0,0,
73459,0,0.9999998999999999,43,0,0.0,1500.0,0,0,0,0,1.0
73460,0,0.220569486,51,0,0.658590552,9038.0,14,0,2,0,0.0
73461,0,0.049188409,77,0,609.0,0.0,6,0,0,0,0.0
73462,0,0.020277451000000002,68,0,0.506166582,5918.0,17,0,2,0,0.0
73463,0,0.168188874,39,0,0.24115177,5000.0,11,0,1,0,3.0
73464,0,0.587591003,40,0,0.8120131820000001,6675.0,14,0,2,0,1.0
73465,0,0.049938067999999995,66,0,49.0,,6,0,0,0,0.0
73466,0,0.006220188000000001,46,0,0.222820237,8360.0,13,0,1,0,0.0
73468,0,0.058185115,63,0,0.22401698399999997,10833.0,7,0,2,0,0.0
73469,0,0.0,27,0,0.24537731100000001,2000.0,4,0,0,0,0.0
73470,0,0.286935653,55,0,0.221151154,25000.0,4,0,2,0,2.0
73471,0,0.0,63,0,0.20558629399999998,15000.0,5,0,1,0,0.0
73472,0,0.0007610480000000001,86,0,0.000249938,4000.0,5,0,0,0,0.0
73473,0,0.026596852999999997,56,0,0.151324289,12383.0,8,0,1,0,0.0
73474,0,0.534872926,51,0,0.185570309,6250.0,9,0,1,0,0.0
73475,0,0.985890123,28,1,0.654252362,1798.0,4,0,2,0,0.0
73477,0,0.9999998999999999,64,0,0.403726708,804.0,2,0,0,0,0.0
73478,0,0.028097572,62,0,0.07717352,8292.0,10,0,0,0,0.0
73479,0,0.04816552,42,0,1457.0,,3,0,1,0,0.0
73480,0,1.133269871,59,1,0.290833648,2650.0,4,0,0,1,0.0
73481,0,0.16339183,83,0,98.0,,7,0,0,0,0.0
73483,0,0.00923547,57,0,0.421014361,5500.0,14,0,2,0,0.0
73484,0,0.137251932,28,0,0.251952108,1920.0,6,0,0,0,0.0
73486,0,0.020207732,74,0,1365.0,,6,0,1,0,0.0
73487,0,0.474120128,62,0,0.718396878,12300.0,11,0,2,0,0.0
73488,0,0.17717642600000003,46,0,0.262747451,5000.0,5,0,1,0,4.0
73489,0,0.9999998999999999,67,0,0.616790009,4323.0,6,0,2,0,1.0
73490,0,0.048037274000000005,49,0,0.27734033199999997,8000.0,8,0,2,0,1.0
73492,0,0.0,42,0,0.338747439,6833.0,5,0,2,0,0.0
73493,0,0.015126297,75,0,0.15782458,3750.0,8,0,0,0,0.0
73494,1,0.997818578,25,0,2637.0,,10,0,1,0,1.0
73495,0,0.04615277,69,0,0.01528342,5168.0,9,0,0,0,0.0
73496,0,0.03955142,53,0,0.659283008,3430.0,8,0,1,0,1.0
73497,0,0.020361295,64,0,0.08885116,5300.0,9,0,1,0,0.0
73498,0,0.0,59,0,1625.0,,8,0,1,0,0.0
73499,0,0.347260963,49,1,3232.0,,21,0,2,0,0.0
73500,0,0.788141317,50,1,0.42382647,5900.0,12,0,1,0,1.0
73501,0,0.181820454,48,0,0.11942812,29096.0,6,0,1,0,5.0
73502,0,0.079708692,49,0,0.629109671,8333.0,15,0,3,0,3.0
73503,0,0.586719866,63,0,0.612791703,3470.0,5,0,2,0,0.0
73505,0,0.031509837,79,0,0.084305232,3000.0,11,0,0,0,0.0
73506,0,0.0,50,0,0.23848296600000002,14000.0,11,0,2,0,0.0
73507,0,0.6292065689999999,59,0,0.5367438760000001,6000.0,9,0,2,0,0.0
73509,0,0.015206188999999998,72,0,0.00777605,4500.0,7,0,0,0,0.0
73510,0,0.18002177,49,0,0.29239246399999996,5625.0,8,0,1,0,1.0
73511,0,0.078136117,34,0,1131.0,,5,0,1,0,
73512,0,0.0057290169999999994,87,0,6.0,,5,0,0,0,0.0
73513,0,0.342240366,45,0,1.3863479890000001,10166.0,14,0,6,0,1.0
73515,0,0.7220555890000001,32,1,0.045581767,2500.0,4,0,0,0,0.0
73517,0,0.255734619,57,0,2384.0,,8,0,2,0,0.0
73518,0,0.44274096799999996,43,0,634.0,,3,0,0,0,0.0
73519,0,0.856946441,50,0,0.386231476,5330.0,8,0,1,0,3.0
73520,0,0.753033686,34,1,0.47282841200000003,2336.0,7,0,0,0,0.0
73522,0,0.067266612,47,2,0.215117557,4550.0,10,0,1,0,0.0
73523,1,0.815478832,50,2,0.567056446,6926.0,13,0,1,0,2.0
73524,0,0.378257632,55,2,0.4,5699.0,7,0,1,0,0.0
73525,0,0.312232343,60,0,0.510414931,6000.0,18,0,2,0,1.0
73526,0,0.005956263000000001,76,0,593.0,,6,0,0,0,0.0
73527,0,0.14434683199999998,45,0,0.703399245,4500.0,4,0,1,0,1.0
73528,0,0.00879824,28,0,0.3288493,5500.0,8,0,2,0,0.0
73529,0,0.0,57,0,0.821277362,11100.0,17,0,7,0,0.0
73530,0,0.058101445,61,0,3.780487805,286.0,9,0,0,0,4.0
73531,0,0.0,32,0,0.270702663,11000.0,5,0,1,0,0.0
73532,0,0.061854197,43,0,0.612400983,3660.0,4,0,1,0,3.0
73533,0,0.008355481,46,1,13.0,,6,0,0,0,0.0
73534,0,0.319931211,67,1,0.391288697,8333.0,16,0,2,0,0.0
73535,0,0.077427943,44,1,0.276622758,6300.0,7,0,1,0,1.0
73537,0,0.171200993,68,0,0.23305640600000002,6860.0,9,0,1,0,0.0
73538,0,0.013759843,79,0,0.006998600000000001,5000.0,7,0,0,0,0.0
73540,0,0.21548387100000002,72,0,0.27882899,2800.0,8,0,1,0,0.0
73541,0,0.8874192559999999,25,0,0.094331816,4833.0,6,0,0,0,0.0
73543,0,0.14029644300000002,60,0,0.58242927,4700.0,11,0,2,0,0.0
73544,0,0.086231111,43,0,0.46344207,2666.0,12,0,1,0,1.0
73546,0,0.006479827,50,0,7.0,,4,0,0,0,0.0
73547,0,0.0,72,0,0.0,3370.0,1,0,0,0,0.0
73549,0,0.0,71,0,133.0,,4,0,0,0,0.0
73550,0,1.024960998,64,0,0.9960008,5000.0,11,0,1,4,1.0
73551,0,0.08095952,50,0,0.001066382,3750.0,2,0,0,0,0.0
73552,0,0.828597617,36,0,0.26820094899999997,11166.0,6,0,2,0,1.0
73554,0,0.021061784,35,0,0.500292912,5120.0,7,0,2,0,2.0
73556,0,0.0,37,0,0.0,,2,0,0,0,0.0
73557,0,0.003230707,79,0,5.0,,6,0,0,0,0.0
73558,0,0.984800608,59,5,0.524725275,8371.0,9,0,2,0,1.0
73559,0,0.07225136,72,0,0.12959343199999998,5115.0,7,0,2,0,1.0
73560,0,0.204179582,54,0,0.038371201,43000.0,4,0,1,0,0.0
73561,0,0.434913424,46,0,0.259862007,13333.0,7,0,1,0,2.0
73562,0,0.008364928,77,0,0.052947338,10500.0,19,0,0,0,0.0
73563,1,0.8259950009999999,57,2,0.443012664,4500.0,14,0,1,0,0.0
73564,0,0.367770338,58,0,0.579409918,12743.0,25,0,3,0,1.0
73566,0,0.7265609709999999,54,0,0.277874427,6322.0,7,0,0,0,0.0
73567,0,0.005799220999999999,57,0,0.596172381,7262.0,11,0,3,0,0.0
73568,0,0.40769447,66,1,0.46359360299999997,10629.0,14,0,1,0,0.0
73569,0,0.08079596,79,0,0.160726073,9089.0,7,0,1,0,0.0
73570,0,0.040927876,64,0,0.42137767200000004,4209.0,8,0,3,0,0.0
73571,0,0.68223715,37,0,3776.0,,17,0,1,0,3.0
73572,0,0.00180712,49,1,3088.0,,8,0,1,0,
73573,0,0.12855751,37,0,3324.0,,5,0,2,0,0.0
73574,0,0.903878719,30,0,0.606393606,1000.0,3,0,0,0,0.0
73575,0,0.002167732,77,0,0.000476145,10500.0,10,0,0,0,0.0
73576,0,0.292990711,53,0,2000.0,,21,0,2,0,
73578,0,0.007074823,32,0,0.07783531,5986.0,3,0,0,0,0.0
73580,0,0.007520402,45,0,0.08099190099999999,10000.0,12,0,0,0,3.0
73581,0,0.456232718,70,0,0.709658068,1666.0,2,0,1,0,0.0
73582,0,0.143786213,34,0,0.386812664,4200.0,8,0,2,0,0.0
73583,0,0.017362942,71,0,753.0,,9,0,1,0,0.0
73584,0,0.0,51,0,0.326159538,22163.0,8,0,3,0,2.0
73585,0,0.05164025,54,0,0.031692466,13630.0,8,0,0,0,1.0
73587,0,0.073685743,46,0,0.132269917,11158.0,5,0,1,0,0.0
73588,0,0.16691883,52,0,0.218742107,3958.0,21,0,1,0,2.0
73589,0,0.107366394,42,0,0.30925526,12500.0,6,0,2,0,0.0
73592,0,0.21038920000000003,73,0,0.039641732,6028.0,7,0,0,0,0.0
73593,0,0.10658616800000001,54,0,0.47675259,4150.0,9,0,2,0,3.0
73594,0,0.0,41,0,3.0439560439999997,1000.0,10,0,1,0,2.0
73596,0,0.031106174,35,0,0.151166313,3300.0,6,0,0,0,2.0
73598,0,0.075662463,72,0,236.0,,10,0,0,0,0.0
73599,0,0.187110804,56,1,0.080795525,3217.0,4,0,0,0,0.0
73600,0,0.015617898,40,0,0.435764035,11916.0,8,0,4,0,2.0
73601,0,0.347291901,80,1,0.032392115,9384.0,8,0,0,0,0.0
73602,0,0.02853991,76,0,0.194282293,6680.0,8,0,1,0,1.0
73603,0,0.128316173,65,0,0.314452091,5666.0,14,0,1,0,0.0
73607,0,0.91562379,24,0,0.069844422,3020.0,4,0,0,0,0.0
73608,0,0.24153692300000001,37,0,0.249695196,4100.0,7,0,1,1,2.0
73610,0,0.96312375,45,0,1.83277522,14333.0,9,0,3,0,0.0
73611,0,0.2335208,44,2,0.220954053,10250.0,7,0,2,0,1.0
73613,0,0.198823096,63,1,0.36031944899999996,6385.0,25,0,1,0,0.0
73614,0,0.069617369,65,0,0.385310517,5200.0,10,0,2,0,1.0
73615,0,0.038730327,55,0,0.119191332,13750.0,8,0,2,0,1.0
73616,0,0.775483703,38,0,0.17438692100000003,10642.0,8,0,2,0,0.0
73619,0,0.9999998999999999,74,0,0.536237189,8195.0,4,0,2,0,0.0
73621,0,0.432386999,64,0,1.0737584,6100.0,14,0,3,0,0.0
73622,0,0.02104079,52,0,0.16868313199999999,10000.0,7,0,1,0,1.0
73623,0,0.020224494,35,0,0.009596162,2500.0,3,0,0,0,0.0
73625,1,0.9999998999999999,43,0,0.173076923,3691.0,1,5,0,1,0.0
73628,0,0.009297329,68,0,0.158903425,12000.0,11,0,2,0,0.0
73630,0,0.495520896,30,0,0.254904442,7900.0,11,0,0,0,0.0
73632,0,0.020167728,76,0,0.451212121,3299.0,12,0,1,0,0.0
73633,0,0.016768586000000002,50,0,0.367346939,7839.0,10,0,3,0,1.0
73635,1,0.547452547,23,1,611.0,,5,1,0,1,0.0
73636,0,0.6654674939999999,61,0,0.566753927,4583.0,7,0,1,0,0.0
73637,1,0.9999998999999999,59,0,384.0,,3,1,0,0,0.0
73638,0,0.283086765,34,0,0.553445065,2684.0,10,0,2,0,2.0
73639,0,0.077285061,58,0,0.6738326170000001,10000.0,6,0,2,0,4.0
73642,0,0.035968544,50,0,1080.0,,4,0,1,0,0.0
73645,0,0.0,48,0,0.134818623,3500.0,3,0,1,0,4.0
73646,0,0.000139856,45,0,0.32392801600000004,4500.0,6,0,1,0,2.0
73648,0,0.081636587,45,0,0.519511885,7866.0,10,0,2,0,0.0
73649,0,0.038616511,82,0,38.0,,4,0,0,0,0.0
73650,0,0.9999998999999999,53,0,0.333333333,3500.0,2,0,1,0,0.0
73651,0,0.082083447,34,0,0.11604041699999999,6333.0,5,0,0,0,2.0
73652,0,0.0,41,0,0.182991682,22000.0,7,0,2,0,3.0
73654,1,0.9999998999999999,61,0,0.368894602,5445.0,3,1,1,0,0.0
73655,0,0.0026587890000000004,58,0,0.39910231700000004,10916.0,11,0,2,0,0.0
73657,0,0.0055748609999999995,82,0,9.0,,4,0,0,0,0.0
73658,0,0.016557366,59,0,0.596412556,2452.0,10,0,2,0,0.0
73659,0,0.0,62,0,2251.0,,6,0,1,0,0.0
73661,0,0.089186229,43,0,0.469510163,3000.0,10,0,0,0,0.0
73662,0,0.016299185,51,0,0.46590681899999997,5000.0,9,0,1,0,0.0
73663,0,0.676244125,53,0,0.222412685,4666.0,9,0,0,0,1.0
73665,1,0.214582945,43,3,0.752811797,4000.0,15,0,4,1,1.0
73669,0,0.030533186,62,0,0.079917869,37500.0,6,0,2,0,0.0
73672,0,0.958944905,57,0,648.0,,6,0,0,0,0.0
73674,0,0.0,38,0,0.251762595,7800.0,7,0,2,0,3.0
73677,0,0.910782345,46,1,0.250043471,5750.0,6,0,0,0,0.0
73680,0,0.158684453,72,0,0.14183722,2100.0,11,0,0,0,1.0
73682,0,0.094430007,63,0,3901.0,,13,0,1,0,1.0
73683,0,0.003012206,48,0,0.001222086,9000.0,11,0,0,0,0.0
73684,0,0.307907992,47,2,3430.0,,10,0,2,0,0.0
73687,0,0.0,58,0,0.077946103,20000.0,5,0,0,0,2.0
73689,0,0.086351475,52,0,1.119273984,2313.0,10,0,2,0,2.0
73690,0,0.527058912,32,0,0.268383329,3766.0,9,0,0,0,0.0
73691,0,0.020229325,80,0,1199.0,,9,0,2,0,0.0
73693,0,594.0,58,0,0.310692093,14000.0,5,0,1,0,1.0
73695,0,0.005197289,34,0,1809.0,,8,0,1,0,0.0
73697,0,0.22474234699999998,86,0,175.0,,5,0,0,0,0.0
73698,0,0.0067025819999999995,59,0,0.019309872,8751.0,7,0,1,0,0.0
73700,0,0.17178591699999998,61,0,0.35046035,10100.0,6,0,2,0,1.0
73701,1,0.9999998999999999,34,1,0.39088121600000003,7500.0,5,0,1,0,1.0
73702,0,0.201387923,65,0,0.046734572,8344.0,8,0,0,0,0.0
73704,0,0.222830051,60,0,0.907083016,1312.0,5,0,0,0,0.0
73705,0,0.13889537,61,0,0.033993201,5000.0,2,0,0,0,1.0
73706,0,0.029941146000000002,36,0,4485.0,,8,0,3,0,0.0
73707,0,0.001172333,62,0,518.0,,6,0,0,0,0.0
73708,0,0.051311663,83,0,0.36842105299999994,3400.0,6,0,1,0,0.0
73709,0,0.113772455,86,0,1.0,,2,0,0,0,0.0
73710,0,0.968154588,33,0,0.495320374,4166.0,14,0,0,0,0.0
73713,0,0.673093688,65,3,0.34004217,5216.0,10,0,1,0,0.0
73714,0,0.042949284000000004,53,0,0.291822588,16300.0,14,0,4,0,0.0
73715,0,0.9781673940000001,35,1,2688.0,,8,0,1,0,0.0
73716,0,0.0,64,0,0.9355450240000001,1054.0,5,0,0,0,0.0
73718,1,0.917080085,38,0,0.101123596,800.0,9,0,0,0,0.0
73719,0,0.0,66,0,0.029616543999999998,9622.0,2,0,0,0,0.0
73721,0,0.04392952,63,0,0.388159184,5100.0,14,0,2,0,0.0
73722,0,0.42599697700000005,34,2,0.301972686,5930.0,4,0,1,0,2.0
73723,0,0.112126839,50,0,0.300715564,5589.0,5,0,2,0,2.0
73726,0,0.024988512,53,0,0.302809194,2740.0,8,0,1,0,0.0
73727,0,0.0,57,0,0.0,2500.0,1,0,0,0,1.0
73730,0,0.283011611,87,0,0.761073392,3092.0,11,0,2,0,0.0
73731,0,0.22322255100000002,55,1,0.18017443100000002,4700.0,11,0,0,0,0.0
73733,0,0.09425409900000001,39,2,2.1422712130000003,3900.0,8,0,1,1,3.0
73734,0,0.363664334,43,0,0.30223488800000003,6666.0,7,0,2,0,2.0
73735,0,0.199276818,33,0,0.732574285,3600.0,10,0,2,0,0.0
73738,0,0.0,41,0,323.0,,3,0,0,0,1.0
73742,0,0.003757265,87,0,4.0,,4,0,0,0,
73743,0,0.0,74,0,0.001333111,6000.0,4,0,0,0,0.0
73745,0,0.229798138,33,0,0.223351728,3442.0,6,0,0,0,1.0
73747,0,0.18359768199999998,45,0,0.041121182,5957.0,5,0,0,0,4.0
73748,0,0.147047386,31,0,0.455226029,3472.0,6,0,1,0,1.0
73749,0,0.23098823,39,0,4389.0,,14,0,3,0,3.0
73750,0,0.199712737,29,0,0.12539733,6291.0,12,0,0,0,1.0
73751,0,0.9999998999999999,30,0,0.27716365600000004,3708.0,5,0,0,0,0.0
73752,0,0.509352444,56,0,0.19297267199999998,10757.0,7,0,1,0,0.0
73753,0,0.776262667,56,0,0.263573643,10000.0,9,0,2,0,4.0
73754,0,0.0,85,0,0.0,,1,0,0,0,
73758,0,0.7983340640000001,31,1,0.47572491899999997,9000.0,11,2,3,1,0.0
73761,0,0.44907311,31,0,795.0,,3,0,0,0,0.0
73763,0,0.00732813,52,0,0.001470045,3008750.0,10,0,1,0,3.0
73765,0,0.01039792,44,0,0.27634839,15740.0,10,0,2,0,1.0
73767,0,0.242679638,46,0,0.584477872,9173.0,17,0,2,0,3.0
73768,0,0.040448989,65,0,0.422988869,12666.0,7,0,2,0,2.0
73771,0,0.0,52,0,1544.0,,5,0,1,0,0.0
73774,0,0.101437971,41,0,0.17270382399999998,8916.0,5,0,1,0,2.0
73775,0,0.016057166,68,0,0.384311905,4308.0,13,0,1,0,0.0
73776,0,0.128910241,64,0,0.31491745600000004,16778.0,12,0,2,0,1.0
73778,0,0.16126485699999998,40,0,0.16886622699999998,3333.0,5,0,0,0,3.0
73780,0,0.402796134,60,1,0.6339485460000001,3575.0,14,0,1,0,0.0
73781,0,0.863670798,57,0,0.986208964,6670.0,9,0,1,0,0.0
73782,0,0.860583216,59,0,0.660297712,4500.0,7,0,2,0,1.0
73783,0,0.009999167,46,0,1634.0,,3,0,1,0,0.0
73784,0,0.9999998999999999,26,0,0.0,1700.0,0,0,0,0,0.0
73787,0,0.092694977,31,0,0.235927407,3250.0,7,0,2,0,0.0
73788,0,0.008999775,69,0,10.0,,2,0,0,0,
73789,0,0.041926274,55,0,0.18669407600000001,5350.0,16,0,2,0,0.0
73790,0,0.9999998999999999,27,0,526.5,1.0,2,0,0,0,1.0
73791,0,0.050069737999999996,63,0,63.0,,5,0,0,0,0.0
73792,0,0.02258167,64,0,0.29282362100000003,10227.0,13,0,2,0,0.0
73793,0,0.150576553,42,0,6341.0,,4,0,2,0,0.0
73794,0,0.041049769,45,0,0.670969256,4260.0,17,0,2,0,1.0
73795,0,0.937104343,53,0,0.920233463,3083.0,16,0,2,0,0.0
73797,0,0.346465353,45,0,0.104345597,7800.0,4,0,1,0,1.0
73798,0,0.0050202020000000005,66,0,0.06724351099999999,4044.0,14,0,0,0,1.0
73799,1,0.208636442,63,0,0.39612615700000003,5833.0,12,0,2,0,0.0
73801,0,0.073785243,65,0,0.34546752299999994,1400.0,4,0,0,0,0.0
73803,0,0.000574063,59,0,1641.0,,9,0,1,0,0.0
73805,0,0.8540897209999999,62,0,0.714718672,7588.0,12,0,2,0,0.0
73808,0,0.21027836600000002,41,0,0.217765376,8600.0,8,0,1,0,1.0
73809,1,1.015615369,49,1,0.045540045999999994,10100.0,4,0,0,0,3.0
73812,0,0.9999998999999999,44,0,3278.0,,10,0,1,0,3.0
73813,0,0.517634015,53,0,0.413452404,10525.0,20,0,3,0,3.0
73815,1,0.957295982,31,0,0.954321393,3042.0,12,0,2,0,3.0
73817,0,0.044105568,25,0,0.146432375,1877.0,5,0,0,1,0.0
73819,0,0.9999998999999999,70,0,1008.0,,4,0,1,0,
73820,0,0.028008622,45,0,96.0,0.0,21,0,0,0,2.0
73822,0,0.076318703,35,0,0.033945593999999996,4300.0,9,0,0,0,0.0
73824,0,0.046466674000000006,42,0,1233.0,,11,0,1,0,3.0
73825,1,0.600593641,52,0,0.6784428440000001,4443.0,4,1,1,1,2.0
73827,0,0.044976250999999995,49,0,2686.0,,5,0,1,0,0.0
73828,0,0.087607546,73,0,0.44961697100000003,5090.0,15,0,2,0,0.0
73830,0,0.043365645999999994,46,1,2707.0,,10,0,2,0,1.0
73831,0,0.130773845,63,0,954.0,,4,0,1,0,
73833,0,0.016839326,74,0,0.005215124,2300.0,3,0,0,0,0.0
73835,1,0.9999998999999999,47,0,0.5028323889999999,3000.0,6,0,2,0,1.0
73837,0,0.30213171,45,0,2431.0,0.0,9,0,1,0,5.0
73839,0,0.025286285,62,0,0.007786429,5393.0,6,0,0,0,2.0
73840,0,0.0,43,0,0.0,5500.0,3,0,0,0,0.0
73841,0,0.027093827999999997,60,0,2456.0,,7,0,2,0,0.0
73842,0,0.5855945,28,0,0.052491798,6400.0,4,0,0,0,0.0
73844,0,0.0,45,0,0.115091211,3014.0,6,0,1,0,0.0
73845,0,0.25561677899999996,53,0,0.49637877,9250.0,13,0,2,0,2.0
73848,0,0.9999998999999999,73,0,0.0,,1,0,0,0,
73858,1,1.444555445,24,2,0.329177057,1603.0,7,6,0,1,0.0
73859,0,0.9999998999999999,30,0,0.0,3700.0,0,0,0,0,1.0
73860,0,0.033292159,42,0,1852.0,,5,0,2,0,0.0
73861,0,0.9999998999999999,37,0,0.439297125,3129.0,2,0,2,1,0.0
73862,0,0.11620649,75,0,0.131917856,2872.0,6,0,0,0,0.0
73863,0,0.0,54,0,477.0,,7,0,0,0,0.0
73864,0,0.007805159,87,0,0.15497786,7000.0,11,0,1,0,0.0
73865,0,0.009171326,39,0,0.007493755,1200.0,5,0,0,0,1.0
73866,0,0.080148972,37,0,0.006713327,7000.0,2,0,0,0,0.0
73868,0,0.0,72,0,0.293957292,2200.0,6,0,0,0,0.0
73869,0,0.01535249,32,0,0.22280147,11700.0,9,0,1,0,1.0
73870,0,0.083994864,35,0,0.339417645,2300.0,8,0,1,0,1.0
73871,0,0.35317929600000003,68,0,0.27999179,63333.0,19,0,7,0,0.0
73872,0,0.11517832800000001,56,1,1639.0,,7,0,2,0,
73874,0,0.025186975,79,0,0.289024923,4573.0,10,0,1,0,0.0
73875,0,0.065084337,65,0,0.040793473,6250.0,5,0,0,0,1.0
73876,0,0.378816218,63,0,0.33908532700000005,9445.0,15,0,1,0,1.0
73877,0,0.9999998999999999,35,0,0.631044091,6100.0,7,0,1,0,0.0
73878,0,0.36871658799999996,37,0,0.5437605870000001,7083.0,12,0,1,0,3.0
73880,0,0.279958137,33,1,0.076624098,1800.0,5,0,0,1,4.0
73881,0,0.37661707200000005,67,0,3291.0,,11,0,1,0,0.0
73882,0,0.034097261000000004,45,0,0.00666389,2400.0,2,0,0,0,0.0
73883,0,0.0029435090000000004,60,0,0.0008210180000000001,7307.0,7,0,0,0,2.0
73885,0,0.013793712,71,0,0.121959347,3000.0,8,0,0,0,1.0
73886,0,0.07769060000000001,80,0,0.032398078,6450.0,5,1,0,0,0.0
73887,0,0.8872731620000001,54,0,0.754943838,6320.0,15,0,2,0,0.0
73888,0,0.17029420899999997,70,0,0.252117448,7083.0,14,0,1,0,0.0
73889,0,0.30088146,30,0,0.36940086200000005,12300.0,9,0,2,0,0.0
73890,0,0.05296346,51,0,0.300713468,11352.0,9,0,1,0,1.0
73891,0,0.023274856,70,0,0.7584966009999999,2500.0,9,0,1,0,1.0
73892,0,0.012349691000000001,90,0,0.002636038,5310.0,1,0,0,0,0.0
73893,0,0.015282054,70,0,0.24450366399999998,1500.0,6,0,0,0,0.0
73894,0,0.157928069,60,0,0.38237214399999997,4594.0,7,0,2,0,0.0
73896,0,0.278626967,66,1,9.720399429,700.0,15,0,3,0,0.0
73897,0,0.068354702,64,0,0.012171267,4600.0,6,0,0,0,0.0
73899,0,0.0,38,0,0.266081546,9000.0,7,0,1,1,0.0
73900,0,0.037938935,54,0,0.37606087200000005,6833.0,10,0,2,0,0.0
73901,1,0.473652635,45,0,1.196865818,1020.0,5,0,1,0,2.0
73903,0,0.062987403,22,0,0.016605166,541.0,3,0,0,0,0.0
73904,0,0.8797405640000001,40,2,0.5736393670000001,5750.0,8,7,2,0,1.0
73906,0,0.129522859,62,0,0.173139535,8599.0,12,0,1,0,0.0
73907,0,0.244603565,60,0,0.482172609,3000.0,8,0,1,0,1.0
73909,1,0.884426415,47,1,4877.0,,11,0,2,0,2.0
73910,0,0.00686698,58,0,0.074315515,2300.0,8,0,0,0,0.0
73911,0,0.075450135,69,0,0.420635934,7830.0,18,0,2,0,0.0
73912,0,0.03929607,82,0,12.0,,5,0,0,0,0.0
73913,0,0.031021002000000002,91,0,0.010949773999999999,4200.0,10,0,0,0,0.0
73914,0,0.9999998999999999,22,0,0.0,,0,0,0,0,
73915,0,0.096599406,52,0,0.481882424,6650.0,16,0,2,0,0.0
73916,1,0.624961542,34,0,0.28320994,11750.0,11,0,2,0,2.0
73919,0,949.0,73,0,37.0,,8,0,0,0,0.0
73920,0,0.568167713,43,0,0.281172492,4434.0,5,0,1,0,2.0
73921,0,0.262923833,60,0,0.526592071,7238.0,10,0,2,0,0.0
73922,0,0.067954555,59,0,0.17270195,8974.0,8,0,1,0,0.0
73925,0,0.079760576,71,0,0.36389603,3500.0,14,0,1,0,1.0
73926,0,0.072172199,68,0,2502.0,,13,0,2,0,0.0
73927,0,0.88737974,40,0,1918.0,0.0,8,0,0,0,4.0
73929,0,0.066601743,73,0,0.040477051,8300.0,10,0,1,0,0.0
73930,0,0.174782978,41,1,1.8041993000000003,6000.0,20,0,9,0,1.0
73931,0,0.0,28,0,433.0,,3,0,0,0,0.0
73932,0,0.167617917,55,0,0.24408399100000003,9000.0,5,0,1,0,0.0
73934,0,0.18984755,64,0,2292.0,0.0,18,0,1,0,0.0
73936,0,0.005958225,70,1,1947.0,0.0,21,0,2,0,0.0
73938,0,0.912417516,54,0,1.088517956,1976.0,5,0,1,0,3.0
73940,0,0.137376372,30,0,0.820051414,3500.0,28,0,1,0,0.0
73941,0,0.7622519659999999,82,0,0.14234706,4200.0,4,0,0,0,0.0
73942,0,0.140590627,45,0,0.017740028,9300.0,6,0,0,0,0.0
73943,0,0.017761152,55,0,0.459287376,8166.0,20,0,2,0,2.0
73944,0,0.163675596,59,1,0.675572519,1833.0,8,0,1,0,0.0
73945,0,0.03739263,70,0,196.0,,10,0,0,0,
73946,0,0.005912786,50,0,0.24597188899999997,5833.0,5,0,1,0,1.0
73947,0,0.008199453,28,0,0.569934641,764.0,7,0,0,0,0.0
73948,0,0.31690086,54,0,0.236716763,21624.0,11,0,3,0,2.0
73951,0,0.0,50,0,0.332596569,9500.0,11,0,3,0,1.0
73953,0,0.074973224,82,0,0.006659267,900.0,2,0,0,0,0.0
73958,0,0.393838526,80,1,973.0,,11,0,0,1,0.0
73959,0,0.737175427,58,0,4.222743259,14500.0,7,0,2,0,3.0
73960,0,0.019272026,56,0,5204.0,,4,0,1,0,0.0
73961,0,0.118524183,51,0,2036.0,,12,0,1,0,0.0
73962,0,0.000486612,54,0,0.217250141,7083.0,27,0,1,0,2.0
73963,0,0.351396759,60,0,0.7995839109999999,4325.0,16,0,1,0,0.0
73965,0,0.19428836300000002,35,0,0.167350805,9500.0,19,0,1,0,0.0
73967,0,0.0,31,0,0.273872613,10000.0,14,0,2,0,3.0
73968,0,0.14350642,46,0,0.156437471,6500.0,8,0,1,0,2.0
73969,0,0.640011338,48,1,0.380431064,8768.0,9,0,3,0,0.0
73971,0,0.045168532000000004,66,0,0.26723846100000004,8860.0,13,0,3,0,0.0
73972,0,0.10108751199999999,70,0,1174.0,,3,0,1,0,1.0
73974,0,0.005878388000000001,54,0,0.156534227,12533.0,20,0,1,0,2.0
73976,0,4212.0,35,0,0.557392809,5200.0,6,0,2,0,1.0
73978,0,0.215355782,42,0,0.44914063299999996,9250.0,13,0,3,0,2.0
73979,0,0.047654882,64,0,0.22494478899999998,9508.0,4,0,1,0,0.0
73980,0,0.256339573,65,0,0.358245831,4856.0,12,0,1,0,1.0
73981,0,0.160591296,49,0,0.44341886700000005,10833.0,16,0,5,0,1.0
73983,0,0.804840529,40,0,0.273653027,5400.0,4,0,0,0,2.0
73984,0,0.041492227,59,0,0.337872584,10500.0,8,0,2,0,0.0
73985,1,0.328029965,52,1,17.52481777,2880.0,14,0,1,0,0.0
73987,0,0.707393266,45,0,1.0669832540000002,4000.0,10,0,2,0,2.0
73988,0,0.005579729,65,0,0.57118928,8357.0,16,0,3,0,0.0
73989,0,1.0104662229999999,52,0,0.011995141,6585.0,5,0,0,0,0.0
73990,0,0.010274045,68,0,2633.0,,13,0,1,0,0.0
73991,0,0.175077736,55,0,0.071785643,5000.0,11,0,0,0,0.0
73992,0,0.028068396000000002,50,1,1814.0,,4,0,1,0,
73993,0,0.040439507,71,0,0.19221154399999998,18000.0,24,0,3,0,0.0
73994,0,5.7600000000000004e-05,40,0,0.38676132399999996,10000.0,10,0,3,0,0.0
73995,0,0.145481264,38,0,0.167553191,6391.0,19,0,0,0,0.0
73996,0,0.009695957,82,0,12.0,,9,0,0,0,
73997,0,0.0,31,0,0.027694897000000003,13070.0,3,0,0,0,0.0
74000,0,0.0,55,0,1479.0,,2,0,1,0,0.0
74006,0,0.284676227,67,0,0.634675807,3500.0,14,0,1,0,2.0
74008,0,0.217331341,49,0,0.110777844,5000.0,2,0,0,0,1.0
74009,0,0.9999998999999999,29,1,0.242191037,2208.0,1,0,0,0,3.0
74010,0,0.004472939,77,0,0.00039992,5000.0,3,0,0,0,0.0
74011,0,0.048748034,59,0,0.19005481600000002,12769.0,5,0,1,0,0.0
74013,0,0.0,49,0,0.132314827,7330.0,7,0,1,0,1.0
74014,0,0.343204369,58,0,0.311233391,7450.0,7,0,1,0,2.0
74015,0,0.060952071,46,0,0.19974402,12500.0,7,0,2,0,0.0
74016,0,0.028744932,69,0,0.026932667999999996,4009.0,5,0,1,0,0.0
74019,0,0.007327304000000001,72,0,12.0,,5,0,0,0,0.0
74020,0,0.038849962,66,0,0.01690275,8400.0,15,0,0,0,0.0
74022,0,0.572559367,52,0,0.140663176,2864.0,3,0,0,0,0.0
74023,1,0.09233163300000001,37,2,3.818787475,1500.0,12,0,4,0,0.0
74025,0,0.318847477,38,0,0.096349103,9257.0,10,0,0,0,1.0
74026,0,0.050699962,41,0,0.484628843,4000.0,7,0,2,0,0.0
74027,0,0.085224411,52,0,0.29106491,6300.0,17,0,1,0,1.0
74030,0,0.36677253200000004,57,5,1.18807947,5284.0,49,0,3,0,1.0
74031,0,0.004646755,59,0,31.0,,22,0,0,0,2.0
74032,1,0.659191544,32,3,0.14607179999999997,7687.0,4,1,0,3,1.0
74033,0,0.130535585,66,0,0.19900722,4431.0,6,0,1,0,1.0
74034,0,0.075142585,60,1,0.21865349,11332.0,5,0,2,0,0.0
74035,0,0.334599757,48,0,0.209731898,9473.0,7,0,2,0,0.0
74039,0,0.035549568999999996,39,0,1897.0,,15,0,2,0,2.0
74040,0,0.9999998999999999,53,2,0.81127549,2500.0,5,0,2,0,0.0
74041,0,0.01779937,65,0,0.017158338000000002,3321.0,9,0,0,0,1.0
74042,0,0.931068931,26,0,315.0,,4,0,0,0,0.0
74043,0,0.12189752699999999,40,0,0.212309743,9000.0,16,0,2,0,0.0
74044,0,0.048916596,56,0,0.01489851,10000.0,14,0,0,0,1.0
74046,0,0.206119461,59,0,0.187291713,4500.0,6,0,1,0,0.0
74047,0,0.612249334,51,0,0.7590042370000001,1887.0,6,0,1,0,0.0
74049,0,0.11102222699999999,70,0,0.014859228,3835.0,7,0,0,0,0.0
74050,0,0.958286906,36,4,0.214771364,7500.0,9,0,0,0,0.0
74051,0,0.000789992,59,0,0.083111449,5257.0,4,0,1,0,1.0
74052,0,0.26042375,58,0,0.5254598770000001,3750.0,12,0,1,0,4.0
74053,0,0.0,83,0,0.05243644099999999,5663.0,15,0,0,1,0.0
74054,0,0.010524868,67,0,0.136020977,3050.0,8,0,0,0,0.0
74055,0,0.001237772,57,0,0.077402659,8500.0,8,0,0,0,2.0
74056,0,0.085257104,42,0,1.9528962440000002,3141.0,16,0,2,0,3.0
74057,0,0.27904223100000003,52,0,0.7328519859999999,3600.0,7,0,1,0,1.0
74058,0,0.156572871,47,0,0.127429242,7666.0,9,0,0,0,2.0
74060,0,0.608270168,31,0,0.394077035,5503.0,6,0,2,0,0.0
74062,0,0.02059897,84,0,0.004464286,3583.0,4,0,0,0,0.0
74063,0,0.025035714,52,0,2664.0,0.0,12,0,4,0,2.0
74064,0,0.193403298,49,0,521.0,,4,0,0,0,0.0
74067,0,0.319593356,41,0,2467.0,,5,0,1,0,0.0
74068,0,0.03496421,46,0,0.120167096,11250.0,9,0,1,0,1.0
74073,1,0.083743019,39,0,0.35337173,8333.0,16,0,1,0,1.0
74074,0,0.10116620300000001,58,0,0.20017084300000001,10535.0,5,0,1,0,1.0
74076,0,0.07886679,90,0,0.00839916,10000.0,6,0,0,0,0.0
74077,0,0.002051177,59,1,0.24454795699999998,4722.0,11,0,1,0,1.0
74078,0,0.021048947999999998,61,0,0.6734653070000001,5000.0,8,0,1,0,1.0
74079,0,0.445563735,47,0,0.103465165,8166.0,16,0,0,0,0.0
74080,0,0.993335555,51,0,0.295186194,1100.0,3,0,0,0,1.0
74081,0,0.0,43,0,0.028348582999999997,6666.0,2,0,0,0,0.0
74083,0,0.0027744059999999997,77,0,0.000463607,2156.0,1,0,0,0,0.0
74084,0,0.0006799730000000001,47,0,0.161828571,8749.0,5,0,1,0,2.0
74085,0,0.289826392,33,0,0.439778496,6500.0,10,0,2,0,2.0
74087,0,0.359098484,30,0,0.282117734,2700.0,12,0,0,0,0.0
74090,0,0.6182342270000001,61,0,0.892877712,5208.0,11,0,3,0,0.0
74091,1,0.488609422,55,1,0.155354739,5200.0,7,2,0,1,1.0
74092,0,0.274085185,62,0,1792.0,,4,0,1,0,
74093,0,0.052446304000000006,32,0,0.50264248,7000.0,13,0,3,0,0.0
74094,0,0.0,57,0,23.0,,4,0,0,0,0.0
74095,0,0.00417364,41,0,0.281097512,12500.0,10,0,1,0,0.0
74096,0,0.799840032,61,0,9947.0,,5,0,4,0,0.0
74097,0,0.492379787,42,0,0.297736181,12500.0,10,0,1,0,4.0
74098,0,0.027896071,50,0,0.203303923,5326.0,6,0,1,0,1.0
74099,1,0.25610047399999997,73,1,0.268238186,8950.0,12,1,3,1,0.0
74100,0,0.129801677,62,0,0.279582712,6709.0,11,0,2,0,0.0
74101,0,0.424063604,49,0,0.23555337899999998,6125.0,14,0,0,0,2.0
74104,0,0.0,49,0,0.0,,5,0,0,0,0.0
74105,0,0.013275886,59,0,0.126903553,6500.0,17,0,2,0,1.0
74106,0,0.155244456,73,0,0.3837962,4788.0,7,0,1,0,0.0
74108,0,0.011272386,53,0,0.24227481899999997,6083.0,6,0,1,0,0.0
74109,0,0.14900471099999998,55,0,0.23590702600000002,11228.0,12,0,2,0,1.0
74110,1,1.0191626740000002,30,1,0.336850875,3600.0,4,0,0,0,0.0
74111,0,0.9999998999999999,60,0,0.40584166,1300.0,2,0,0,0,0.0
74112,0,0.038291719,47,1,0.096571429,12249.0,8,0,1,0,0.0
74113,0,0.441477554,47,0,0.30277259999999995,8583.0,11,0,2,0,1.0
74114,0,0.001041623,54,0,217.0,,4,0,0,0,0.0
74115,0,0.303696304,24,0,0.016670097,4858.0,3,0,0,0,0.0
74116,0,0.063907754,43,0,0.258759713,6820.0,9,0,2,0,0.0
74119,1,0.5193094979999999,35,0,0.0797029,7000.0,9,0,0,0,0.0
74120,0,0.188580506,54,0,1383.0,,8,0,1,0,0.0
74122,0,0.047655372,79,0,102.0,,6,0,0,0,0.0
74124,0,0.065683395,54,1,0.459737293,1750.0,10,0,0,0,0.0
74125,0,0.635424305,44,0,0.316028553,1540.0,3,0,0,0,0.0
74127,0,0.020963326,81,1,6924.0,,10,0,6,0,0.0
74128,0,0.145354147,55,0,0.30537964100000003,15000.0,19,0,2,0,2.0
74129,0,0.018104033000000002,62,0,1220.0,,9,0,2,0,0.0
74130,0,0.101632664,34,0,0.014373203000000001,8000.0,8,0,0,0,0.0
74131,0,0.023389344,52,0,0.24262599699999998,12916.0,12,0,2,0,0.0
74132,1,0.048878042000000003,35,2,0.09758048400000001,5000.0,6,0,0,0,0.0
74133,0,0.036076839,58,0,4984.0,,12,0,2,0,3.0
74134,0,0.0672533,45,0,2263.0,,2,0,1,0,0.0
74135,0,0.172165653,40,0,0.5849889620000001,7700.0,9,0,2,0,0.0
74136,0,0.0,25,0,0.168193172,1200.0,6,0,0,0,0.0
74138,0,0.021354686,55,0,0.145228216,2650.0,17,0,0,0,0.0
74139,0,0.715256949,30,0,0.473456121,1845.0,3,0,1,0,0.0
74140,0,0.24207826300000002,52,0,0.353328456,4100.0,11,0,1,0,0.0
74141,0,0.0,42,0,0.024708566,7891.0,5,0,0,0,2.0
74142,0,0.023203461,53,0,0.016490765,3031.0,7,0,0,0,2.0
74143,0,0.021547131,72,0,0.241930877,3500.0,13,0,1,0,0.0
74144,0,0.040875486,66,0,2094.0,,5,0,1,0,2.0
74145,0,0.868502888,34,2,1061.0,,9,0,0,0,0.0
74146,0,0.013423371000000002,67,0,0.27314137,6146.0,16,0,1,0,0.0
74148,0,0.334823114,70,0,0.249545198,15940.0,12,0,2,0,0.0
74149,0,0.276173569,41,0,0.423900259,4250.0,9,0,1,0,2.0
74151,0,0.061834915,61,0,1824.0,,5,0,1,0,0.0
74152,1,0.795379684,56,0,0.604613234,8583.0,9,0,1,0,0.0
74153,0,0.018168263,37,0,1273.0,,7,0,0,0,
74155,1,0.509993154,41,0,0.17378969,16565.0,8,0,0,0,2.0
74156,0,0.006099523000000001,69,0,0.321814255,4166.0,12,0,2,0,0.0
74159,0,0.364769956,65,0,0.386922615,5000.0,11,0,0,0,0.0
74160,0,0.013872758,59,0,0.562494319,11000.0,17,0,2,0,1.0
74161,0,0.523674747,61,0,0.597320241,9776.0,16,0,4,0,1.0
74162,0,0.098329431,52,0,0.224359585,10500.0,13,0,2,0,0.0
74163,0,0.0037936690000000004,73,0,527.0,0.0,12,0,0,0,0.0
74165,1,0.192938339,52,0,1.957608478,5000.0,16,0,5,0,2.0
74166,0,0.5325348010000001,37,0,0.48673510200000003,7500.0,27,0,2,0,0.0
74167,0,0.844701646,34,0,0.37844467600000004,38319.0,16,0,2,0,2.0
74168,0,0.64212361,49,0,0.275494335,4500.0,8,0,0,1,0.0
74169,0,0.409120571,53,0,1807.0,,8,0,2,0,0.0
74170,0,0.17734798300000001,45,0,0.350986071,7250.0,16,0,2,0,5.0
74171,0,0.168523468,38,0,0.330087029,4825.0,11,0,2,0,1.0
74172,0,0.6439274389999999,42,0,0.44148186100000003,7800.0,6,0,1,0,3.0
74173,0,0.44162337,31,0,556.0,,12,0,0,0,0.0
74174,0,0.55389684,65,0,1.186453387,4000.0,12,0,3,0,1.0
74175,0,0.006349683,58,0,0.5974890620000001,5256.0,5,0,1,0,0.0
74177,0,0.367181982,33,0,0.264983439,16000.0,12,0,1,0,4.0
74178,0,0.957680773,60,2,0.379888268,3400.0,11,0,1,0,0.0
74179,0,0.36691360700000003,70,0,0.667904585,7000.0,11,0,2,0,0.0
74181,0,0.00625377,61,0,5.0,,6,0,0,0,0.0
74183,0,0.061839345999999996,42,0,2593.0,,10,0,2,0,3.0
74185,0,0.0,81,0,0.054876694000000004,4500.0,9,1,0,0,1.0
74187,0,0.12469769800000001,62,0,614.0,,7,0,1,0,0.0
74189,0,0.014074992,66,0,0.0009472689999999999,3166.0,5,0,0,0,1.0
74192,1,0.0,54,0,3604.0,,7,0,1,0,0.0
74194,0,0.23991410000000002,59,0,0.267969375,8750.0,14,0,2,0,0.0
74195,0,0.5091012220000001,59,0,0.84137238,6965.0,16,0,2,0,2.0
74196,0,0.9999998999999999,76,0,147.0,,2,0,0,0,0.0
74199,0,0.7181185959999999,36,0,0.273768406,5500.0,6,0,1,0,0.0
74200,0,0.367333289,56,0,1.044285112,4741.0,20,0,2,0,1.0
74204,0,0.380190566,36,0,0.426724138,3247.0,11,0,0,0,3.0
74206,0,0.304695305,44,0,0.013315579,750.0,5,0,0,0,3.0
74207,0,0.879330362,34,0,0.332458443,8000.0,9,0,2,0,2.0
74208,0,0.440834485,29,0,335.0,1.0,15,0,0,0,2.0
74209,0,0.540447886,77,0,0.551980515,7800.0,11,0,1,0,1.0
74211,0,0.7833460940000001,59,0,0.256098524,12666.0,7,0,2,0,3.0
74212,0,0.018090361,34,0,1.143808995,1800.0,10,0,2,0,0.0
74213,1,0.157210988,58,0,0.266844682,11234.0,15,0,1,0,0.0
74214,0,0.265348566,49,0,0.271734382,11444.0,10,0,2,0,0.0
74219,0,0.002475284,76,0,5.0,,14,0,0,0,
74220,0,0.502886917,40,1,0.199980954,10500.0,10,0,2,1,2.0
74221,0,0.031364948,82,0,0.013995335,3000.0,4,0,0,0,0.0
74222,0,0.8947439540000001,31,0,0.147574584,4390.0,2,0,0,0,1.0
74223,0,0.124315027,74,0,0.076132348,6225.0,7,0,0,0,0.0
74225,0,0.035405284,46,0,0.097090291,10000.0,6,0,1,0,3.0
74227,0,0.003720065,66,0,0.243130724,1200.0,7,0,0,1,0.0
74228,0,0.747457433,29,0,950.0,,4,0,0,0,0.0
74232,0,0.016401974,62,0,0.322224171,5700.0,15,0,2,0,0.0
74233,0,0.040740529,68,0,1.215178158,2160.0,8,0,1,0,0.0
74235,0,0.007811566999999999,87,1,0.36840789799999996,4000.0,13,0,1,0,0.0
74236,0,0.504490853,48,4,0.815201435,6130.0,28,0,2,0,1.0
74237,0,0.038539748,66,0,0.186767746,1450.0,10,0,1,0,0.0
74238,0,0.9999998999999999,51,2,0.198375508,3200.0,2,1,1,0,0.0
74239,0,0.861712762,50,1,0.293946555,5500.0,7,0,1,1,1.0
74240,0,0.056060042000000004,56,0,0.16690366199999998,5625.0,4,0,1,0,0.0
74241,0,0.0,62,0,0.362613819,1866.0,11,0,0,0,0.0
74243,0,0.04989751,55,0,0.17956408699999998,5000.0,8,0,2,0,0.0
74244,0,0.023460937,59,0,0.731461483,8333.0,17,0,4,0,0.0
74245,0,0.75204959,39,0,354.0,,5,0,0,0,0.0
74246,0,0.49310429999999994,49,0,0.391658335,7000.0,11,0,3,0,1.0
74247,0,0.14470096300000002,26,0,23.0,,1,0,0,0,
74248,0,0.0,23,0,0.116721117,3366.0,2,0,0,0,1.0
74249,0,0.950928847,48,0,0.515486726,10847.0,13,0,2,0,1.0
74250,0,0.446778578,60,0,0.34331217799999997,8350.0,15,0,1,0,0.0
74252,0,0.325112481,58,0,0.35054981700000004,3000.0,2,0,1,0,1.0
74253,0,0.087585471,42,1,0.161507079,12500.0,9,0,1,0,3.0
74254,0,0.9999998999999999,31,0,0.289041096,2189.0,4,0,0,0,0.0
74256,0,0.11108577,51,1,0.101302708,5833.0,9,0,0,0,1.0
74257,0,0.011207441,78,0,0.0035831290000000004,9767.0,7,0,0,0,0.0
74258,0,0.0,36,0,0.46072230200000003,4900.0,7,0,2,0,0.0
74259,0,0.9999998999999999,50,0,45.0,,0,0,0,0,0.0
74260,0,0.046976512000000005,62,1,411.0,,2,1,0,0,0.0
74261,0,0.15188481199999998,73,0,0.024487756,2000.0,4,0,0,0,0.0
74263,1,0.030628525,37,2,0.922368273,8900.0,20,0,8,0,0.0
74265,0,0.086798785,63,0,57.0,,7,1,0,0,0.0
74266,0,0.220996322,42,2,0.182610098,6198.0,9,0,1,1,2.0
74267,0,0.5416551070000001,52,0,0.60660456,13202.0,21,0,2,0,2.0
74268,0,0.011862265,72,0,0.21974661399999998,6866.0,9,0,1,0,0.0
74270,0,0.524998,42,1,4313.0,,5,0,1,0,
74272,0,0.32025070899999997,29,0,0.242068155,850.0,5,0,0,0,0.0
74273,0,0.158277317,29,1,0.012771392,4697.0,4,0,0,0,0.0
74275,0,0.044726748,68,0,0.17534360699999998,2400.0,26,0,1,0,0.0
74276,0,0.18001763399999998,42,0,0.279528302,10599.0,11,0,2,0,3.0
74277,0,0.986518369,39,2,0.13314447599999998,6000.0,5,0,0,0,0.0
74278,0,0.0,31,0,0.24143964,4000.0,2,0,1,0,0.0
74280,0,0.005422758000000001,33,0,0.292925114,4833.0,15,0,2,0,0.0
74282,0,0.009257841,76,0,45.0,,13,0,0,0,0.0
74287,0,0.5457075720000001,31,0,0.691953658,6300.0,9,0,2,0,1.0
74288,0,0.139863436,44,0,0.16696343,7300.0,9,0,0,0,3.0
74289,0,0.568292539,43,0,0.35067734,6495.0,11,0,2,0,2.0
74291,0,0.963739309,44,1,0.261696818,3205.0,6,0,0,0,2.0
74293,0,0.163446698,65,0,0.7532133679999999,3500.0,13,0,1,0,0.0
74295,0,0.0118228,69,0,331.0,,6,0,0,0,2.0
74297,0,0.08500656,69,0,0.466113416,5060.0,8,0,1,0,0.0
74298,0,0.018553494,32,2,0.20809050399999998,5833.0,6,0,1,0,0.0
74300,0,0.0019388889999999998,74,0,0.00019045799999999998,10500.0,8,0,0,0,0.0
74301,0,0.08317580299999999,59,0,0.476307692,6499.0,9,0,1,0,3.0
74302,0,0.025053633999999998,84,0,0.0059988,3333.0,5,0,0,0,0.0
74303,0,0.0,60,0,0.565982405,3750.0,4,0,1,0,0.0
74304,0,0.0,22,0,0.0,780.0,1,0,0,0,0.0
74305,1,0.7341442220000001,44,5,0.054945055,3275.0,3,1,0,0,0.0
74306,0,0.03383966,43,0,0.25772393899999996,8997.0,9,0,1,0,0.0
74307,0,0.010559846000000001,70,1,0.282226266,6593.0,29,0,1,0,0.0
74308,0,0.012702811999999999,70,0,0.286871313,10000.0,12,0,1,0,0.0
74309,0,0.14525828400000002,63,0,0.19101123600000003,4983.0,9,0,0,0,0.0
74311,0,1.002135521,52,0,0.503748126,2000.0,4,0,0,0,0.0
74312,0,0.011618814,64,0,1254.0,,7,0,1,0,0.0
74313,0,0.66474682,27,0,0.095444238,4850.0,7,0,0,0,0.0
74314,0,0.021766099,82,0,0.186160441,3265.0,5,0,0,0,0.0
74316,0,0.054511171,31,0,0.727339856,5416.0,6,0,1,0,0.0
74318,1,0.805991441,37,0,1090.0,,8,0,1,0,0.0
74321,0,0.060975787999999996,61,0,0.020847231,5995.0,6,0,0,0,1.0
74322,0,0.167808012,73,0,0.023049153,3600.0,2,0,0,0,0.0
74323,0,0.214029463,60,0,0.42722553399999996,5200.0,8,0,1,0,0.0
74325,0,0.9048521209999999,48,1,0.44562200399999996,3962.0,15,0,2,0,0.0
74326,0,0.028339531,75,0,1667.0,,11,0,1,0,0.0
74327,1,0.05698041,48,1,0.159986668,12000.0,8,2,2,0,0.0
74328,0,0.445160437,40,0,0.08674246099999999,72916.0,13,0,2,0,2.0
74329,0,0.051676726,60,0,0.587378641,4943.0,5,0,1,0,1.0
74330,0,0.10675280699999999,50,0,1449.0,,6,0,1,0,0.0
74332,0,0.032091409,65,0,0.008511231999999999,7166.0,6,0,0,0,0.0
74333,0,0.018978898,66,0,0.00939812,5000.0,4,0,0,0,0.0
74334,0,0.009090634,57,0,144.0,,3,0,0,0,0.0
74337,0,0.050863879,59,0,0.560542102,4500.0,10,0,2,0,0.0
74339,0,0.055988802000000004,81,0,58.0,,3,0,1,0,0.0
74340,0,0.099040608,78,0,0.10245281099999999,9906.0,5,0,1,0,0.0
74341,0,0.281306715,29,1,0.117470575,4332.0,8,0,0,1,0.0
74344,0,0.039179399,71,0,0.297201175,6466.0,15,0,4,0,1.0
74345,0,0.593681264,28,0,0.112622697,5806.0,5,0,0,0,0.0
74348,0,0.14337661599999998,39,0,0.15599581199999998,12416.0,10,0,2,0,0.0
74349,0,0.058111320999999994,36,1,0.324349271,5416.0,8,0,2,0,0.0
74350,0,0.445573295,35,2,0.320974797,4800.0,3,1,1,0,2.0
74351,0,0.678506809,41,2,2529.0,0.0,6,0,2,0,0.0
74352,0,0.182922812,57,0,0.42267077799999997,10700.0,13,0,2,0,2.0
74355,0,0.036963342999999996,52,0,0.117451772,11144.0,9,0,0,0,2.0
74356,0,0.0,71,0,0.000134048,7459.0,5,0,0,0,0.0
74358,0,0.35110561700000004,41,0,0.357105716,25000.0,8,0,1,0,2.0
74359,0,0.5591474439999999,48,1,0.127030404,2400.0,3,0,0,0,3.0
74361,0,0.553877764,67,0,1.193870753,1500.0,8,0,0,0,0.0
74362,0,0.750812459,53,0,0.7455123840000001,4400.0,13,0,2,0,0.0
74364,0,0.00665956,57,0,0.049785758,4900.0,16,0,0,0,3.0
74367,0,0.0017855870000000002,43,0,0.690077481,4000.0,8,0,1,0,0.0
74368,0,0.028925358999999998,58,0,1.05876609,11264.0,32,0,17,0,1.0
74369,0,0.037668314,56,0,0.007913369,2400.0,2,0,0,0,0.0
74370,0,0.402299808,50,0,0.355361596,3207.0,4,0,1,0,5.0
74371,1,0.731146599,61,1,0.360803266,12000.0,9,0,1,0,3.0
74377,0,0.030286228,28,0,0.8649444079999999,6115.0,11,0,5,0,1.0
74378,0,0.09120726,62,0,2919.0,,15,0,2,0,0.0
74380,1,1.011089051,44,4,1.259766964,1458.0,16,0,1,0,0.0
74381,0,0.05289580000000001,63,0,0.13563267,4725.0,4,0,0,0,1.0
74382,0,0.362941897,62,0,1889.0,,16,0,1,0,0.0
74385,0,0.02632947,62,0,0.38520505899999996,2608.0,8,0,1,0,1.0
74386,0,0.133184134,78,0,0.305882353,1189.0,6,0,1,0,0.0
74388,0,0.9999998999999999,47,0,77.0,,2,0,0,0,0.0
74389,0,0.001467125,74,0,401.0,0.0,6,0,0,0,0.0
74390,0,0.210434552,50,0,0.522213887,11996.0,21,0,4,0,1.0
74391,0,0.7840021909999999,41,0,0.215398717,3272.0,5,0,0,0,1.0
74392,0,0.106453898,75,0,0.025324892,3000.0,2,0,0,0,1.0
74393,0,0.022847329,45,0,2130.0,,7,0,1,0,0.0
74394,0,0.573724845,37,0,0.764705882,2600.0,4,1,1,0,0.0
74395,0,0.12041884800000001,40,2,0.711702313,5750.0,11,1,2,0,1.0
74396,0,0.36521705200000004,53,0,7.721393035,200.0,11,0,1,0,0.0
74398,0,0.617287186,43,0,0.395407193,13150.0,10,0,3,0,4.0
74400,0,0.004773081,37,0,0.00145803,4800.0,7,0,0,0,0.0
74401,0,0.194812295,29,0,0.139534884,2708.0,5,0,0,0,0.0
74402,0,0.9839896640000001,38,1,0.484503099,5000.0,8,0,1,1,2.0
74404,0,0.206279372,41,0,0.180096664,12620.0,4,0,2,0,3.0
74405,0,0.014093896000000002,47,0,0.349628185,8202.0,8,0,2,0,4.0
74406,0,0.495426396,44,0,1721.0,1.0,6,0,2,0,2.0
74407,0,0.652231845,26,0,0.061915047,4166.0,2,0,0,0,0.0
74408,0,0.0,24,0,0.630937881,820.0,4,0,0,0,0.0
74409,1,0.9999998999999999,34,0,54.0,,1,0,0,0,0.0
74412,0,0.456707889,46,0,0.572755764,8933.0,12,0,2,0,0.0
74413,0,0.029020396,53,0,0.225067057,4100.0,9,0,1,0,0.0
74414,0,0.032129049,32,1,0.18340141899999998,4650.0,3,0,1,0,0.0
74416,0,0.028998187999999998,53,0,0.11098686,3576.0,5,0,0,0,0.0
74417,0,0.736271821,42,1,0.581552306,2666.0,5,0,1,0,1.0
74418,0,0.5139395370000001,43,0,0.767384917,4083.0,9,1,2,1,0.0
74420,0,0.042980477,71,0,0.287346472,3500.0,9,0,0,0,0.0
74421,0,0.895345205,52,0,0.036872501,2250.0,6,0,0,0,0.0
74424,0,0.9721689859999999,26,1,0.290033595,1785.0,4,0,0,0,0.0
74426,0,0.48687289899999997,44,1,2.115093039,1450.0,9,0,1,0,0.0
74427,0,0.066812743,69,0,0.265146971,5000.0,26,0,0,0,0.0
74428,0,0.267027426,51,0,0.352730528,3350.0,9,0,0,0,0.0
74429,0,0.007079775,79,1,2.0,,2,0,0,0,0.0
74431,0,0.9999998999999999,36,1,0.007971200999999999,11666.0,3,0,0,0,0.0
74434,1,1.148086522,25,1,565.0,,1,0,0,0,0.0
74435,0,0.10186327099999999,64,0,0.29776054,7992.0,3,0,2,0,1.0
74437,0,0.0007199810000000001,51,0,0.410931511,6000.0,4,0,2,0,4.0
74441,0,0.700859828,47,0,0.866177071,2450.0,6,0,1,0,1.0
74445,0,0.517526221,29,0,0.14034221800000002,6077.0,6,0,0,0,1.0
74446,0,0.093698661,51,0,0.027996001,7000.0,8,0,0,0,3.0
74447,1,0.43157878,46,0,0.763543813,8250.0,36,0,3,0,0.0
74448,0,0.0,59,0,0.0,,1,0,0,0,
74449,0,0.059226099000000004,58,0,0.325360718,7692.0,9,0,1,0,0.0
74450,0,1.035595254,37,1,464.0,,3,0,0,0,2.0
74451,0,0.273955372,53,0,1.108803165,1010.0,19,0,1,0,1.0
74452,0,0.135143243,63,0,0.11715039599999999,9474.0,5,0,1,0,0.0
74453,0,0.43259456799999996,47,1,0.409748829,4697.0,8,0,2,0,0.0
74455,0,0.039498025,81,0,0.22479564,2201.0,4,0,0,0,0.0
74456,0,0.124567234,46,0,0.43536451,6350.0,9,0,2,0,4.0
74457,0,0.046743625999999996,51,0,51.0,,3,0,0,0,0.0
74461,0,0.300940467,54,0,0.196115457,7413.0,11,0,0,0,3.0
74463,0,0.11970147099999999,54,2,54.0,,4,0,0,0,0.0
74464,0,0.011960449,78,0,0.02869913,4250.0,6,0,0,0,0.0
74465,0,0.71277169,55,0,0.512846348,1984.0,6,0,0,0,0.0
74467,0,0.0035712590000000002,62,0,1356.0,,7,0,1,0,0.0
74471,0,0.806071932,43,0,0.24410731100000002,11666.0,9,0,0,0,2.0
74472,1,0.949970876,42,4,0.489585069,6000.0,6,0,1,0,0.0
74473,0,0.00923136,63,0,0.24019344399999998,5582.0,12,0,2,0,0.0
74477,0,0.0,57,0,0.14949626300000002,40000.0,12,0,3,0,1.0
74478,0,0.058375156,35,0,0.6998338559999999,5416.0,9,0,1,0,0.0
74480,0,0.671060535,51,1,0.811453889,6093.0,9,0,1,0,4.0
74482,0,0.00348285,43,0,0.23339982899999998,3508.0,19,0,0,0,0.0
74483,0,0.255745169,52,0,1.042482299,2400.0,15,0,2,0,0.0
74484,0,0.416652942,35,0,0.376032459,6900.0,6,0,2,0,0.0
74486,0,1.067864271,52,1,15.0,,2,0,0,0,0.0
74487,0,0.11448512300000001,58,0,0.36052496100000003,3885.0,6,0,1,0,0.0
74488,0,0.23531912,52,0,2032.0,,8,0,1,0,0.0
74489,0,0.68652539,44,0,6558.0,,6,0,4,0,0.0
74492,0,0.732163473,46,4,1.021181717,896.0,7,3,1,2,3.0
74493,0,0.662620333,34,1,0.218942785,8266.0,8,0,0,0,0.0
74494,0,0.748846876,32,0,0.588065909,6250.0,22,0,1,0,1.0
74495,0,0.10080199699999999,44,0,0.595867585,4500.0,18,0,2,0,0.0
74496,0,0.015849208,45,0,0.167005892,9334.0,5,0,1,0,1.0
74497,1,0.755685941,35,1,0.483080513,2570.0,9,0,0,0,2.0
74500,0,0.056222577,77,0,0.11089601800000001,3615.0,7,0,1,0,0.0
74501,0,0.049869897,76,0,0.253749107,4200.0,11,0,1,0,0.0
74502,0,0.9999998999999999,34,1,0.382921044,2950.0,3,1,0,1,2.0
74504,0,0.214757035,60,1,0.480843653,5167.0,12,0,2,0,1.0
74505,0,0.009446608,70,0,0.070770192,6400.0,6,0,0,0,1.0
74506,0,0.007871296,55,0,0.423210773,6608.0,24,0,2,0,2.0
74507,0,0.054896674000000006,61,0,0.960903562,1150.0,8,0,1,0,1.0
74508,0,0.162820974,35,0,0.506499409,11000.0,15,0,4,0,0.0
74509,0,0.707561945,48,0,0.33813294899999996,12500.0,13,0,3,0,0.0
74510,0,0.008726215,48,1,0.17127377300000002,9043.0,3,1,1,0,2.0
74514,0,0.645835416,33,0,0.533116721,4000.0,6,0,1,0,0.0
74515,0,0.0,51,0,1.340847119,5500.0,15,0,2,0,3.0
74516,0,0.338813597,25,0,45.0,,1,0,0,0,0.0
74518,0,0.649059112,51,1,0.144469526,3100.0,8,0,0,0,0.0
74519,0,0.922164601,74,0,3151.0,,9,0,0,0,0.0
74521,0,0.551949126,59,0,0.32011747399999996,9533.0,14,0,3,0,1.0
74526,0,0.501703633,58,1,0.381217225,12585.0,12,0,2,0,0.0
74528,1,0.9999998999999999,23,0,0.305997552,816.0,2,0,0,0,0.0
74529,0,0.9999998999999999,57,1,0.197750703,3200.0,2,0,0,0,2.0
74530,0,0.041889324,70,0,0.028598894,4160.0,7,0,0,0,0.0
74531,0,0.252586323,52,0,0.99727314,6600.0,18,0,4,0,1.0
74534,0,0.051031947,70,0,0.265249216,5737.0,7,0,1,0,0.0
74537,0,0.07827843400000001,55,0,0.490662761,5461.0,10,0,1,0,0.0
74538,0,0.026648901000000003,36,1,0.28215952,4500.0,9,0,2,0,0.0
74539,0,0.619675615,61,1,0.36512618799999996,3050.0,7,0,0,0,0.0
74543,0,0.311965019,55,0,0.347165283,10000.0,13,0,1,0,0.0
74544,0,0.9999998999999999,24,0,0.072407045,510.0,0,2,0,0,1.0
74545,0,0.0,68,0,70.0,,2,0,0,0,0.0
74546,0,0.32227516,63,0,0.52864283,2600.0,9,0,0,0,0.0
74547,0,0.29770229800000003,35,0,0.540568836,5730.0,11,0,1,0,1.0
74549,0,0.193953115,49,0,0.8114457829999999,1659.0,8,0,1,0,0.0
74550,0,0.050193735999999996,45,0,1.049507072,4665.0,14,0,6,0,2.0
74551,0,0.005723081,68,0,0.40841320600000003,1877.0,22,0,1,0,0.0
74552,0,0.190660606,69,0,0.216174184,4500.0,9,0,0,0,0.0
74555,0,0.009880364,41,0,0.153947949,6800.0,2,0,1,0,2.0
74556,0,0.013817343999999999,49,1,0.39676587799999996,4266.0,14,0,1,0,0.0
74558,0,0.188952442,55,1,0.512371907,4000.0,7,0,1,0,0.0
74559,0,0.005975464000000001,61,0,1651.0,,8,0,1,0,0.0
74560,0,0.158473588,37,0,0.474187588,9200.0,11,0,2,0,0.0
74561,0,0.716866949,35,0,0.46560612799999995,6788.0,4,0,1,0,0.0
74562,1,0.30371028699999997,36,1,0.509619755,6600.0,5,9,1,1,2.0
74564,0,0.549881401,66,0,0.223194201,4000.0,3,0,0,0,0.0
74566,0,0.094907135,60,0,0.059151668,9500.0,5,0,0,0,0.0
74567,0,0.014817766999999999,69,0,975.0,,11,0,1,0,0.0
74568,0,0.277615903,57,0,3352.0,,13,0,1,0,0.0
74569,0,0.15400709699999998,41,1,0.156790123,3239.0,10,0,0,0,0.0
74570,0,0.7712457509999999,35,0,0.327131352,3600.0,8,0,2,0,0.0
74571,0,0.00719928,31,0,0.408795963,4160.0,8,0,1,0,0.0
74572,0,0.062188995999999996,62,0,39.0,1.0,2,0,0,0,0.0
74573,0,0.157832491,33,1,0.200558075,8600.0,9,0,0,2,0.0
74574,0,0.057666971,62,0,0.00609939,10000.0,11,0,0,0,0.0
74576,0,0.791686435,47,0,0.79291631,3500.0,6,0,1,0,0.0
74577,0,0.0,22,0,0.0,898.0,1,0,0,0,0.0
74578,0,0.0,48,0,0.48547329,3200.0,6,0,2,0,1.0
74580,0,0.009266049,64,0,4.0,,2,0,0,0,0.0
74582,1,0.9999998999999999,49,0,0.7193859340000001,2800.0,5,0,2,0,0.0
74587,0,0.143938104,58,0,0.58260206,2620.0,7,0,2,0,2.0
74588,0,0.09964087,26,0,0.009785648000000001,4291.0,2,0,0,0,0.0
74592,0,0.046128429000000006,62,0,39.0,,2,0,0,0,0.0
74594,0,0.299237795,43,0,0.168866491,12500.0,5,0,2,0,2.0
74597,0,0.172089319,44,0,0.649670066,3333.0,10,0,1,0,2.0
74598,0,0.9999998999999999,39,1,0.24209293199999998,2560.0,6,8,0,1,2.0
74599,0,0.111939574,49,0,0.189459414,5900.0,9,0,0,0,1.0
74600,1,0.552763149,33,0,0.681742662,5416.0,7,0,2,0,0.0
74601,0,0.0,53,0,0.0,2600.0,4,0,0,0,0.0
74602,0,0.051336075999999994,57,2,0.31773645300000003,5000.0,7,0,1,0,1.0
74603,1,1.0202321509999999,54,1,0.500999714,3500.0,11,0,0,0,0.0
74606,0,0.000699965,36,1,1764.0,,8,0,1,0,0.0
74607,0,0.09256302300000001,37,0,0.038931642999999995,4417.0,10,0,0,0,2.0
74608,1,0.031181272000000003,51,0,0.9042404470000001,8583.0,11,0,3,0,4.0
74609,0,0.189790491,34,0,0.141362867,6500.0,5,0,0,0,2.0
74610,0,0.9999998999999999,60,0,2239.0,,2,0,1,0,0.0
74613,0,0.06150197599999999,57,0,2152.0,,9,0,1,0,0.0
74614,0,0.016178283,68,0,0.214592985,6043.0,8,0,1,0,0.0
74615,0,0.029836632000000002,52,0,0.165931611,17458.0,12,0,1,0,0.0
74616,0,0.002121084,55,0,0.490419328,3600.0,13,0,1,0,0.0
74617,0,0.163740834,40,0,846.0,,4,0,0,0,
74619,0,0.759312724,54,0,1995.0,,11,0,2,0,1.0
74620,0,0.042038465,64,0,0.534552299,3718.0,13,0,2,0,1.0
74622,0,0.207146992,30,0,0.085509625,6700.0,7,0,0,0,0.0
74623,0,0.14344548099999999,36,0,0.13484516,4100.0,11,0,0,0,0.0
74624,0,0.0,48,0,0.425334324,2691.0,13,0,0,0,1.0
74625,0,0.0,43,1,751.0,,5,0,1,0,
74626,0,0.26474443,62,0,0.110762415,5416.0,9,0,0,1,1.0
74627,0,0.7160356659999999,60,0,0.277523392,10045.0,9,0,2,0,1.0
74628,0,0.9999998999999999,41,0,0.37588434299999995,3250.0,3,0,1,0,1.0
74629,0,0.342731454,38,0,0.06299100099999999,7000.0,6,1,0,0,2.0
74630,1,0.9999998999999999,48,1,0.069762275,4500.0,1,0,0,0,0.0
74631,0,0.052805906,60,0,0.48100542700000004,3500.0,8,0,1,0,3.0
74633,0,0.02186774,52,0,0.238811804,5116.0,9,0,2,0,2.0
74634,0,0.43805701,46,0,0.283593511,13067.0,14,0,2,0,2.0
74635,0,0.138681904,52,0,0.510069485,8490.0,15,0,2,0,3.0
74636,0,0.656373745,34,0,0.137882814,7150.0,6,0,0,0,0.0
74637,0,0.908015331,33,0,0.274949084,5400.0,4,0,1,0,4.0
74638,0,0.420037417,60,0,1271.0,,5,0,0,0,0.0
74640,0,0.079705012,53,0,692.0,,3,0,0,0,1.0
74641,0,0.13156584,27,0,0.28187490000000004,6250.0,7,0,2,0,0.0
74642,0,0.644072685,49,0,0.220924652,6250.0,9,0,2,0,3.0
74644,0,0.021903087,72,0,46.0,,6,0,0,0,
74646,0,0.5406193579999999,53,0,0.348260839,14000.0,7,0,1,0,3.0
74649,0,0.025316456,31,0,0.178082192,2700.0,3,0,0,0,0.0
74650,0,0.40688766299999996,52,1,0.315142632,8868.0,15,0,1,0,1.0
74651,0,0.919316768,41,0,0.162696401,3945.0,3,0,0,0,0.0
74656,0,0.468003964,30,0,0.28761873,6000.0,10,0,0,0,0.0
74657,0,0.21489255399999999,30,0,1.062849162,2147.0,6,0,1,0,0.0
74659,0,0.027774657,87,0,0.007401316,4863.0,4,0,0,0,1.0
74660,0,0.000163315,63,0,303.0,,9,0,0,0,0.0
74661,0,1.222591362,28,1,239.0,0.0,2,0,0,0,1.0
74663,0,0.9999998999999999,47,0,3820.0,,4,0,3,0,
74664,0,0.7934021990000001,50,2,0.520547945,10000.0,13,1,1,0,2.0
74665,0,0.11787764199999999,55,0,0.413910559,9100.0,6,0,2,0,2.0
74666,0,0.0,59,0,0.0,,4,0,0,0,0.0
74668,0,0.02947647,73,0,0.13110656699999998,4400.0,3,0,0,0,0.0
74669,0,0.0005216940000000001,57,0,0.360882573,5347.0,8,0,2,0,0.0
74670,0,1.171414293,61,1,1.1202303820000001,4166.0,6,0,2,0,0.0
74673,0,0.0,54,0,0.685922273,8516.0,17,0,4,0,1.0
74674,0,0.013092106000000001,67,0,0.214111262,3684.0,6,0,1,0,0.0
74675,0,0.080979615,76,0,0.53718091,1801.0,4,0,1,0,0.0
74676,0,0.957688677,77,0,0.47792251700000005,5910.0,9,0,0,0,1.0
74677,0,0.04713779,43,0,3212.0,,6,0,1,0,0.0
74680,0,0.002684013,92,0,0.000499917,6000.0,6,0,0,0,0.0
74682,0,0.184801126,54,0,0.300817815,20297.0,9,0,4,0,3.0
74683,0,0.052086309000000004,77,0,0.196263689,4656.0,6,0,0,0,0.0
74684,0,0.01717123,71,0,0.203125,1791.0,5,0,1,0,0.0
74687,0,0.9999998999999999,43,0,0.264126822,3910.0,6,0,1,0,1.0
74689,0,0.019467242,82,0,285.0,,10,0,1,0,
74690,0,0.958328788,48,2,7.74810949,9388.0,18,0,2,0,2.0
74691,0,0.025266826000000003,64,0,1.946182242,5146.0,26,0,5,0,0.0
74692,0,0.9999998999999999,50,1,0.443873179,3500.0,3,0,1,0,1.0
74695,0,0.071522107,78,0,0.236293951,6000.0,5,0,1,0,0.0
74696,0,0.23694747100000002,44,0,0.29213652100000004,6650.0,14,0,2,0,0.0
74697,0,0.058089706,61,0,1353.0,,5,0,1,0,0.0
74698,0,0.0,53,0,0.016671485,10376.0,5,0,0,0,1.0
74699,0,0.0054349490000000006,64,0,0.355551777,5880.0,22,0,1,0,0.0
74701,0,0.9999998999999999,48,0,69.0,,0,1,0,0,0.0
74702,0,0.011513832,68,0,14.0,,8,0,0,0,
74703,0,0.589341066,48,1,0.230874007,4404.0,3,0,1,0,2.0
74704,0,0.013625775,53,1,0.7331259720000001,6429.0,10,0,1,0,0.0
74705,0,0.009049086,31,0,2974.0,,13,0,1,0,0.0
74707,0,0.30980261,52,0,0.36488995,3770.0,8,0,1,0,0.0
74708,0,0.02702215,73,0,1584.0,,9,0,1,0,
74709,0,0.052627385,60,0,0.569539667,4083.0,9,0,2,0,0.0
74712,0,0.0,24,0,0.148925537,2000.0,2,0,0,0,2.0
74715,0,1.0137913790000002,46,0,0.5336371529999999,4607.0,11,0,0,0,0.0
74716,0,0.5390590129999999,46,2,0.309642287,10650.0,14,0,1,0,1.0
74717,0,0.660749507,55,1,0.26693574800000003,9166.0,8,3,2,0,0.0
74719,0,0.924442222,38,0,0.22488755600000002,2000.0,2,0,0,0,0.0
74720,0,0.18594687199999999,25,0,0.12883435599999998,4400.0,4,0,0,0,0.0
74723,0,0.028688053999999998,52,0,0.189462288,11083.0,9,0,2,0,1.0
74726,0,0.9999998999999999,47,0,3175.0,,10,0,1,0,0.0
74727,0,0.019866288,63,0,0.256951103,7300.0,10,0,3,0,0.0
74728,0,0.066233995,52,0,2308.0,,7,0,1,0,0.0
74729,0,0.9999998999999999,55,0,688.0,,3,1,2,3,0.0
74730,0,0.949566727,62,0,0.25678392,7959.0,9,0,0,0,0.0
74731,0,0.079892011,55,0,0.205201897,13917.0,9,0,2,0,2.0
74732,0,0.9999998999999999,24,0,0.00388673,1800.0,2,0,0,0,0.0
74733,1,0.838759292,62,1,0.408678666,7166.0,5,0,1,0,0.0
74734,0,0.052555695,71,0,33.0,,8,0,0,0,0.0
74738,0,0.017613726,61,0,0.1485701,4300.0,9,0,1,0,0.0
74739,0,0.30176908,25,0,0.7612667479999999,820.0,5,0,0,0,0.0
74740,0,0.546287809,50,0,0.45145797600000004,2914.0,8,0,3,0,2.0
74743,0,0.528628109,66,0,0.146157774,7833.0,6,0,0,0,0.0
74744,0,0.93646557,86,0,2481.0,,10,0,0,0,0.0
74745,0,0.22410948100000003,53,0,0.330125,7999.0,15,0,2,0,2.0
74746,0,0.021276596000000002,69,0,0.196768517,6250.0,8,0,1,0,1.0
74748,1,0.9999998999999999,50,2,0.128019783,5256.0,1,0,0,1,0.0
74749,0,0.069862673,52,0,0.24256312,12000.0,10,0,1,0,1.0
74750,0,0.445138001,59,0,3157.0,,19,0,1,0,0.0
74751,0,0.651719436,31,0,0.15819209,2300.0,5,0,0,0,0.0
74754,0,0.006847226,43,0,0.475717061,8750.0,6,0,1,0,0.0
74755,0,0.037740246,69,0,0.24778644100000002,7566.0,20,0,1,0,1.0
74756,0,0.146135168,60,0,0.08360205400000001,8372.0,9,0,0,0,0.0
74759,0,0.271744725,69,0,2330.0,,10,0,1,0,0.0
74760,1,0.05879825,64,0,0.155652509,15585.0,23,0,3,0,1.0
74761,0,0.362660663,87,0,2453.0,,7,5,0,0,1.0
74763,0,0.004619908,89,0,0.001465201,4094.0,3,0,0,0,0.0
74765,0,1.34117701,56,2,0.49406615600000003,11880.0,25,0,3,0,2.0
74766,1,0.9999998999999999,44,2,0.500166611,3000.0,3,1,1,2,3.0
74769,0,1.565434565,35,0,0.18205645199999998,4959.0,3,2,0,1,0.0
74770,0,0.734530938,26,0,0.004923903,2233.0,2,0,0,0,0.0
74771,0,0.0,49,0,0.17193249600000002,7880.0,10,0,1,0,3.0
74772,0,0.598267821,40,0,0.064497385,3441.0,6,0,0,0,0.0
74775,0,0.035964036,23,0,0.001218027,820.0,3,0,0,0,0.0
74776,0,0.46956089700000003,40,0,0.9509244459999999,4380.0,13,0,2,0,3.0
74777,0,0.157307115,38,0,0.169052488,4400.0,4,0,0,0,1.0
74778,0,0.07442184,47,3,0.091806779,7493.0,4,0,1,1,1.0
74779,0,0.048947719,48,0,15.0,,3,0,0,0,0.0
74780,0,0.138927002,78,0,0.524085638,6725.0,6,0,1,0,0.0
74781,0,3845.0,66,0,0.036266162000000005,3170.0,4,0,0,0,0.0
74782,0,0.0,57,1,885.0,,9,0,1,0,0.0
74783,0,0.715631969,27,1,0.229667657,3700.0,7,0,0,0,0.0
74784,0,0.49233094,73,0,0.624262045,5250.0,11,0,1,0,0.0
74785,1,1.036867172,42,3,0.664399926,5440.0,12,0,2,0,3.0
74786,0,0.0,40,0,0.219134828,3166.0,5,0,1,0,1.0
74787,0,0.194204502,58,0,0.443503766,15000.0,11,0,3,0,4.0
74788,0,0.018497943,70,0,0.26214405399999996,1193.0,12,0,1,0,0.0
74789,0,0.887464776,60,0,0.434908856,6198.0,7,0,1,0,1.0
74790,0,0.119105818,74,0,100.0,,4,0,0,0,0.0
74791,0,0.018060793000000002,36,0,0.221437142,7500.0,7,0,1,0,0.0
74792,0,0.36320233700000004,74,1,0.592212576,3800.0,17,0,1,0,0.0
74793,0,0.344975359,51,0,0.263497923,6500.0,6,0,2,0,0.0
74794,0,0.369661745,58,0,0.504249292,6000.0,13,0,4,0,1.0
74795,0,0.51107071,46,0,0.18400226100000003,3537.0,5,0,0,0,2.0
74796,1,0.9999998999999999,32,0,0.186362014,2800.0,3,0,0,0,1.0
74797,0,0.028648568,51,0,0.006848376999999999,7300.0,2,0,0,0,0.0
74798,0,0.00013071600000000001,52,0,1262.0,,10,0,1,0,0.0
74799,0,0.9999998999999999,33,0,0.11093502400000001,4416.0,2,0,0,0,0.0
74801,0,0.256761056,53,0,0.121049813,5600.0,8,0,0,0,0.0
74802,0,0.082207897,67,0,0.40483605100000003,5458.0,16,0,2,0,0.0
74803,0,0.552413771,43,1,0.433543791,6176.0,12,0,1,0,1.0
74804,0,0.19908483100000002,43,0,0.44335206,4271.0,9,0,0,0,2.0
74805,0,0.40908263,55,0,0.482122261,2600.0,10,0,0,0,0.0
74806,0,0.019642175,52,0,0.480835664,6078.0,18,0,1,0,1.0
74808,0,0.545384281,33,3,2268.0,,14,0,2,0,1.0
74810,0,0.085699685,80,0,1116.0,,13,0,1,0,0.0
74815,0,0.051132802000000005,70,0,1050.0,,10,0,1,0,0.0
74816,0,0.024793388,38,0,0.145565984,5220.0,8,0,0,0,1.0
74817,0,0.053403453,38,0,1392.0,,21,0,0,0,0.0
74821,0,0.27033249800000003,75,0,0.286031658,3600.0,7,0,0,0,0.0
74822,0,0.743394318,62,1,0.139742273,21417.0,12,0,2,0,1.0
74824,0,0.077760076,37,0,0.254854087,8600.0,6,0,1,0,3.0
74828,0,0.616922885,52,0,147.0,,2,0,0,0,0.0
74829,0,0.0,32,0,0.58952164,2194.0,5,0,1,0,1.0
74832,0,0.0,56,0,0.7331528279999999,3323.0,12,0,1,0,1.0
74833,0,0.140416262,41,0,1.2462863929999999,3365.0,11,0,6,0,2.0
74834,0,0.337034062,43,0,0.39858962200000003,9500.0,12,0,1,0,2.0
74835,0,0.082801336,70,0,903.0,,10,0,1,0,0.0
74836,0,0.0,30,0,0.070350845,5500.0,6,0,0,0,2.0
74839,0,0.132607665,63,1,0.425324675,7083.0,14,0,1,0,0.0
74840,0,0.25295889,49,0,0.45273220799999997,8472.0,11,0,1,0,2.0
74841,1,0.34871491,46,0,0.97549991,5550.0,5,0,3,0,2.0
74842,0,0.9999998999999999,36,0,0.14564770400000002,2917.0,1,1,0,0,1.0
74843,0,0.0,74,1,89.0,,3,1,0,0,
74845,0,0.008671561999999999,35,0,0.41908963299999996,4986.0,10,0,1,0,3.0
74850,0,0.039821545,53,0,0.318637275,11975.0,17,0,2,0,2.0
74851,0,0.143657925,44,0,0.922646785,3218.0,3,0,1,0,3.0
74853,0,0.0044977509999999995,89,0,0.0,,1,0,0,0,0.0
74854,0,0.462076184,39,0,0.22124219,2720.0,5,0,0,0,0.0
74855,0,0.38171545700000004,66,0,0.592945058,7880.0,6,0,3,0,0.0
74856,0,0.050111752,58,0,0.125128469,3891.0,3,0,1,0,1.0
74857,0,0.326578228,66,0,0.129643555,13297.0,2,0,1,0,1.0
74858,0,1.368178324,27,0,0.092725819,1250.0,2,4,0,0,2.0
74859,0,0.895844201,59,2,0.085085693,8226.0,7,4,0,0,1.0
74862,0,0.999297753,69,0,0.212579522,8330.0,8,0,2,0,1.0
74863,0,0.7032595,49,0,0.27599084399999996,8300.0,12,0,2,0,1.0
74864,0,0.002745038,66,0,4855.0,,7,0,2,0,0.0
74866,0,0.020832248,73,0,0.509321402,4022.0,11,0,1,0,0.0
74867,0,0.14262360699999999,37,0,0.901290812,2633.0,10,0,3,0,2.0
74868,0,0.982230673,58,0,0.579673136,3915.0,5,0,0,0,0.0
74869,0,0.0,64,0,0.340646359,11850.0,17,0,3,0,0.0
74870,0,0.800612043,43,0,0.056597735999999996,25000.0,6,0,1,0,2.0
74872,0,0.988983747,66,0,5488.0,,18,0,1,0,1.0
74873,0,0.0,50,1,0.49782293200000005,6200.0,12,0,2,0,2.0
74874,0,0.038137409,43,0,0.365331364,10833.0,8,0,1,0,2.0
74878,0,0.284247433,48,0,0.099205747,19766.0,9,0,2,0,1.0
74880,0,0.022223271,38,0,0.287032764,4333.0,8,0,1,0,0.0
74881,0,0.229283906,56,0,0.363674235,4800.0,11,0,1,0,1.0
74882,0,0.628189745,43,0,0.135154437,5600.0,4,0,0,0,1.0
74884,0,0.018570573,54,1,0.167392976,3900.0,9,0,2,0,0.0
74885,0,0.0,83,0,0.0,3679.0,5,0,0,0,0.0
74886,0,0.39711831299999995,34,0,0.044166667,7199.0,5,0,0,0,0.0
74889,0,0.07689231099999999,63,0,0.131970673,4500.0,6,0,1,0,0.0
74891,0,0.764353042,69,1,0.256132756,1385.0,3,0,0,0,0.0
74892,0,0.0039151179999999995,29,0,0.0533847,7267.0,5,0,0,0,1.0
74893,0,0.9999998999999999,23,0,0.08703296699999999,2274.0,1,0,0,0,0.0
74894,0,0.24118392100000002,49,0,0.42026658100000003,6226.0,4,0,1,0,1.0
74895,0,0.071730942,70,0,0.22366401600000002,7166.0,3,0,1,0,1.0
74896,0,0.037422908,65,0,130.0,,12,0,0,0,0.0
74897,0,0.451398136,33,0,0.080383923,3333.0,2,0,0,0,1.0
74898,0,0.9999998999999999,44,0,0.45001448899999996,3450.0,2,1,2,0,3.0
74899,0,0.00046150300000000004,70,0,0.11492374699999999,1835.0,6,0,1,0,0.0
74900,0,0.35764453799999996,56,0,3132.0,,15,0,1,0,0.0
74901,0,0.508834476,62,0,1124.0,,5,0,2,0,
74902,0,0.11442896300000001,77,0,0.038687561,4083.0,2,0,0,0,1.0
74904,0,0.013638276000000001,53,0,0.002758145,5800.0,6,0,0,0,0.0
74906,0,0.9999998999999999,46,0,0.308855292,12500.0,8,0,2,0,5.0
74907,0,0.012904147,65,0,0.27953411,4807.0,5,0,1,0,1.0
74909,0,0.30608918399999996,34,0,1.5192644480000002,2283.0,10,0,2,0,1.0
74910,0,0.450861729,24,0,0.9411764709999999,900.0,3,0,0,0,0.0
74911,0,0.224197311,42,0,0.411517696,5000.0,6,0,2,0,1.0
74912,0,0.001540009,59,0,0.213690063,8633.0,11,0,2,0,0.0
74913,0,0.032667802999999995,59,0,0.203059388,3333.0,18,0,1,0,1.0
74914,0,0.025221522000000003,43,0,0.475210399,12000.0,10,0,2,0,6.0
74916,0,0.032188521,56,0,0.40793724,6500.0,11,0,1,0,0.0
74917,0,0.022934255,63,1,1.381225699,5400.0,18,1,4,0,1.0
74918,0,0.066117523,58,0,0.283530353,11250.0,10,0,2,0,3.0
74919,0,0.13013856199999999,49,0,0.128705384,6611.0,11,0,0,0,0.0
74920,0,1.5645295590000001,63,0,2966.0,,4,0,1,0,0.0
74921,0,0.008989823000000001,45,0,0.28921055100000004,10500.0,21,0,1,0,0.0
74923,0,0.105744296,50,0,0.38859389,14500.0,9,0,3,0,0.0
74924,0,0.0,59,0,0.246811444,2900.0,3,0,0,0,0.0
74925,0,0.277749874,50,2,0.49212051,8629.0,15,0,2,0,2.0
74927,0,0.243543326,64,0,0.325477917,12135.0,6,0,2,0,1.0
74928,0,0.00178456,78,0,0.000476145,10500.0,6,0,0,0,0.0
74929,0,0.25874825,43,0,1.136430462,3400.0,5,0,1,0,2.0
74930,0,0.286211169,46,1,5.844311377,333.0,8,0,2,0,2.0
74931,0,0.9999998999999999,56,0,0.326955768,30000.0,17,0,2,0,2.0
74932,0,0.00047208300000000004,42,0,0.0,,3,0,0,0,3.0
74933,0,0.310994271,49,0,0.37195775299999995,6532.0,12,0,2,0,3.0
74934,1,0.537629205,49,0,0.696509582,10800.0,26,0,2,0,4.0
74935,0,0.301539422,50,0,0.34099528799999995,8700.0,10,0,1,0,2.0
74936,0,0.645553051,42,0,0.529901961,2039.0,12,0,0,0,2.0
74937,0,0.634517181,69,0,0.455895865,6529.0,15,1,1,0,0.0
74939,0,0.9999998999999999,57,0,0.593450028,7083.0,8,0,2,0,0.0
74940,0,0.027522407000000002,49,0,1868.0,,15,0,1,0,2.0
74944,0,0.21060446100000002,72,0,0.26900252,12300.0,11,0,2,0,1.0
74945,0,0.9999998999999999,53,0,710.0,,2,0,0,0,0.0
74948,0,0.386376885,64,0,0.368927624,13194.0,16,0,2,0,3.0
74949,0,0.001133962,67,0,0.0,6991.0,3,1,0,0,0.0
74950,0,0.23850512899999998,73,0,0.378412609,7105.0,19,0,1,0,0.0
74952,0,0.36881778299999995,59,0,0.41202549200000005,3608.0,6,1,0,0,0.0
74953,0,0.039530688,41,0,0.39535470799999994,3960.0,10,0,3,0,0.0
74954,0,0.6979427359999999,52,0,1.1760085679999999,2800.0,16,0,2,0,0.0
74955,0,0.0,78,0,389.0,,9,0,1,0,0.0
74956,0,0.039854358,42,0,0.41051932,10532.0,15,0,2,0,2.0
74957,0,0.8821178820000001,32,0,466.0,,3,0,0,0,0.0
74959,0,0.030318669,77,0,0.431698531,3608.0,7,0,2,0,0.0
74960,0,0.16810540699999998,47,1,0.676256614,6047.0,13,0,1,0,3.0
74963,0,0.275784401,36,1,0.456637168,1129.0,5,0,0,0,2.0
74964,0,0.033429962,64,0,0.230442478,8474.0,7,0,1,0,1.0
74966,0,0.9999998999999999,40,1,0.060428177,2895.0,3,0,0,0,0.0
74967,1,0.601577299,51,2,7048.0,,15,0,2,0,0.0
74969,0,0.051181918,41,0,0.45047993,4583.0,12,0,1,0,2.0
74970,0,0.939347577,40,1,0.515228426,3545.0,9,0,0,0,4.0
74971,0,0.32142610899999996,47,0,0.020656858,6728.0,2,0,0,0,3.0
74972,0,0.8707501670000001,54,1,0.792848335,2432.0,12,0,2,1,1.0
74975,0,0.183497379,62,0,0.015399383999999999,25000.0,5,0,0,0,2.0
74976,0,0.9999998999999999,30,0,0.069607167,1450.0,0,0,0,0,3.0
74977,0,0.10100514199999999,39,0,0.058067281,14000.0,11,0,0,0,0.0
74979,0,0.514950166,45,1,147.0,,2,0,0,0,0.0
74980,0,0.023399064,46,0,0.43244594399999997,8000.0,5,0,2,0,1.0
74981,0,0.146319226,39,0,0.171171171,11099.0,5,0,1,0,4.0
74985,0,0.560072834,54,0,0.453563715,8333.0,15,0,2,0,0.0
74988,0,0.033586217,55,0,0.126681163,12416.0,9,0,2,0,0.0
74989,0,0.888127797,40,0,0.128297795,8300.0,1,0,0,0,3.0
74992,0,0.014008693000000001,65,0,0.007664112,3000.0,8,0,0,0,0.0
74993,0,0.535962335,52,0,0.41085117,10044.0,17,0,2,0,3.0
74994,0,0.025836607999999997,61,0,0.022763367000000003,5666.0,4,0,0,0,0.0
74995,0,0.472558546,35,0,0.7157839540000001,3813.0,14,0,3,0,1.0
74996,0,0.10576681800000001,57,4,0.173623234,6300.0,13,0,0,0,5.0
74997,1,0.319440025,46,3,0.295405856,4200.0,15,0,0,0,1.0
74998,0,0.36656293,61,0,848.0,,3,0,1,0,0.0
75000,0,0.0022596820000000003,57,0,1596.0,,11,0,1,0,0.0
75001,0,0.21489637600000003,59,0,3158.0,,12,0,1,0,0.0
75002,1,0.08145927,44,0,4.0,,1,0,0,0,0.0
75003,0,0.025838966,40,0,0.19169460600000002,17000.0,4,0,2,0,3.0
75005,0,0.090527229,66,0,0.167418643,10416.0,6,0,1,0,0.0
75006,0,0.09846488099999999,45,0,0.158130994,4900.0,9,0,1,0,2.0
75008,0,0.467481466,60,1,6417.0,,13,0,4,0,0.0
75010,0,0.953772787,65,0,0.358460176,12416.0,4,0,2,0,1.0
75011,0,0.088580496,61,0,0.32764109999999996,3454.0,7,0,2,0,0.0
75012,0,0.37656903799999997,37,0,1.707743547,1200.0,8,0,1,0,3.0
75014,0,0.759766591,29,0,0.24474775899999998,7472.0,12,0,1,0,2.0
75015,0,0.252145655,33,0,0.8230551629999999,7069.0,7,0,3,0,0.0
75016,0,0.042795885,52,0,1896.0,,12,0,1,0,0.0
75017,0,0.377501132,36,1,0.602209945,7963.0,13,0,2,0,3.0
75019,0,0.00033328599999999997,64,0,0.158245567,7500.0,7,1,0,1,0.0
75020,1,0.10046561,51,1,0.445230819,6216.0,12,0,2,0,1.0
75021,0,0.945224251,61,0,0.353220565,12000.0,12,0,2,0,0.0
75022,0,0.48394718,64,1,0.316748979,16400.0,16,0,2,1,4.0
75024,0,0.682926829,77,0,0.433377601,4517.0,6,0,1,0,0.0
75025,0,0.101281306,41,0,0.411993337,1800.0,11,0,0,0,0.0
75026,0,0.6742345340000001,38,0,0.30647926,2916.0,6,0,0,0,2.0
75027,0,0.532392113,67,0,7.664823009,1807.0,12,0,3,0,0.0
75028,0,0.0,62,0,1526.0,,4,0,1,0,0.0
75029,0,0.134211556,84,0,2522.0,,8,0,2,0,
75031,0,0.9028637509999999,47,1,0.618192164,12301.0,10,0,2,0,1.0
75032,0,0.06769390900000001,50,0,0.163607686,6973.0,10,0,0,0,3.0
75033,0,1.278065385,68,0,2703.0,,15,0,2,0,1.0
75034,0,0.239146014,57,0,0.43247567,7500.0,8,0,2,0,1.0
75036,0,0.145023749,52,0,0.097439101,1600.0,6,0,0,0,0.0
75038,0,0.40558454899999996,69,0,0.22866325399999998,8400.0,10,0,1,0,0.0
75039,0,0.543964507,31,0,0.101550316,10900.0,10,0,0,0,1.0
75041,0,0.256782881,44,0,0.156603107,5663.0,5,0,1,0,3.0
75043,0,0.875815618,64,0,124.0,,2,2,0,0,1.0
75044,0,0.0,32,0,0.268574789,5100.0,7,0,2,0,3.0
75045,0,0.937306269,47,0,0.229874191,13750.0,4,0,3,0,2.0
75046,0,0.03929532,52,0,0.306584877,7987.0,8,0,1,0,4.0
75047,0,0.029012904,46,0,1194.0,,7,0,1,0,0.0
75048,0,0.087021826,54,0,814.0,,11,0,0,0,0.0
75049,1,0.018107966,31,0,0.178912352,6913.0,10,2,0,0,4.0
75050,0,0.9999998999999999,70,0,0.166211471,5125.0,4,0,1,0,0.0
75051,0,0.75751783,33,1,0.34675041700000003,7800.0,11,0,1,0,0.0
75052,0,0.102327324,74,0,0.538861386,4039.0,13,0,1,0,0.0
75054,0,0.009124772,62,0,0.002352388,4250.0,1,0,0,0,1.0
75055,0,0.058612379000000006,63,0,0.117400419,6200.0,3,0,0,0,0.0
75056,0,0.69252847,30,3,0.269824708,4791.0,12,1,0,1,3.0
75058,0,0.04194966,76,1,0.420664207,5148.0,11,0,1,0,1.0
75059,0,0.060029618,56,0,0.149109727,11400.0,9,0,1,0,2.0
75060,0,0.9477052290000001,28,1,0.100437416,5943.0,8,0,0,0,0.0
75061,0,0.6562312889999999,61,0,0.527714572,10986.0,25,0,2,0,1.0
75062,0,0.0,33,0,0.14124783400000002,2307.0,5,0,0,0,0.0
75063,0,0.009166384,72,0,0.068150209,2875.0,5,0,1,0,1.0
75064,0,0.0,24,0,0.0,450.0,1,0,0,0,0.0
75066,0,0.6942038640000001,54,1,1814.0,,5,0,1,0,
75067,0,0.432152262,35,0,0.519466854,2850.0,9,0,0,0,1.0
75069,0,0.491757289,67,1,1547.0,,8,0,1,0,1.0
75070,0,0.034771002999999995,63,0,0.054844875999999994,6800.0,21,0,0,0,0.0
75071,0,0.386827883,47,0,0.9086971009999999,3000.0,9,0,1,0,0.0
75072,0,0.00865862,60,0,0.25418305399999996,15000.0,7,0,1,0,0.0
75073,0,0.0,66,0,0.203472045,7833.0,6,0,1,0,0.0
75075,0,0.15135596,51,0,0.246088468,5176.0,23,0,1,0,0.0
75077,0,0.9999998999999999,41,0,13.0,,0,0,0,0,0.0
75080,0,0.062095730999999994,55,0,4090.0,,10,0,2,0,1.0
75082,0,0.03709629,61,0,0.007541995,2916.0,1,0,0,0,0.0
75084,0,0.72859814,53,0,5121.0,,9,0,1,0,0.0
75085,0,0.418526396,59,0,1.136101499,2600.0,17,0,2,0,0.0
75087,0,0.011556488,58,0,2210.0,,9,0,1,0,2.0
75088,1,0.811349054,70,2,0.429097606,3800.0,7,1,1,0,0.0
75089,0,0.009568252,35,0,1.185773075,1700.0,13,0,1,0,2.0
75091,0,0.016381595,51,0,0.339748954,3584.0,7,0,2,0,0.0
75092,0,0.9999998999999999,23,1,0.0,900.0,0,0,0,0,0.0
75093,0,0.440879927,35,0,0.976569822,3200.0,5,0,2,0,1.0
75095,0,0.005873864,64,0,0.166782391,7200.0,6,0,2,0,0.0
75096,0,0.0067096659999999995,39,0,0.174768654,8536.0,7,0,1,0,2.0
75099,0,0.001533417,33,2,0.279809786,22500.0,16,0,2,0,0.0
75100,0,0.1112722,46,1,0.22488864600000003,11000.0,9,0,1,0,3.0
75102,0,0.9999998999999999,42,0,4424.0,,5,0,2,0,0.0
75103,1,0.703859228,45,2,0.394699254,6300.0,5,3,1,3,3.0
75104,0,0.9999998999999999,58,0,0.0,,0,0,0,0,0.0
75106,0,0.045437342,78,0,0.09131693199999999,6909.0,8,0,1,0,0.0
75107,0,0.166193924,59,0,0.307775378,8333.0,15,0,4,0,0.0
75109,0,0.083693482,47,0,0.163874821,7700.0,11,0,1,0,2.0
75110,0,0.079583387,63,0,2055.0,,17,0,2,0,0.0
75111,0,0.189212718,39,0,0.5170593179999999,25000.0,16,0,2,0,2.0
75112,0,0.0015424770000000002,32,0,0.36392791700000005,6547.0,12,0,1,0,3.0
75114,0,0.663630166,56,0,0.302815616,27382.0,10,0,2,0,1.0
75116,0,0.06673849999999999,49,1,0.309584727,10161.0,14,0,2,0,0.0
75117,0,0.018648847,52,0,0.257092863,8000.0,5,0,2,0,0.0
75118,0,0.054503259000000005,31,0,285.0,,5,0,0,0,2.0
75120,1,0.9999998999999999,48,0,0.211489426,6666.0,2,1,1,1,2.0
75121,0,0.26134417,32,0,0.180876595,7916.0,5,0,0,0,0.0
75122,0,0.458424173,59,0,0.587441256,10000.0,13,0,2,0,1.0
75123,0,0.052149798,63,0,3094.0,,7,0,2,0,0.0
75124,0,0.39930931399999997,63,1,0.260680908,5991.0,11,0,2,1,0.0
75126,0,0.277184677,41,1,0.508171505,5200.0,8,0,1,0,3.0
75127,0,0.0038024940000000004,72,0,0.055804209,10500.0,16,0,1,0,0.0
75130,0,0.048085775,59,0,0.257368924,11500.0,11,0,1,0,0.0
75131,0,0.0,65,0,0.036997688,16000.0,8,0,1,0,0.0
75132,0,0.9025291990000001,24,0,1.766169154,200.0,2,1,0,0,0.0
75133,0,0.9999998999999999,43,0,0.0,,1,0,0,0,0.0
75134,0,0.67934599,55,0,1.048820852,2416.0,10,0,1,0,0.0
75135,0,0.46382656899999997,27,0,0.238723608,4167.0,8,0,0,0,0.0
75137,0,0.014253169,54,0,0.413517297,5000.0,15,0,1,0,0.0
75138,0,0.992403039,27,0,0.02961866,2700.0,3,0,0,0,0.0
75139,0,0.618732896,68,0,0.534500202,9883.0,13,0,2,0,0.0
75140,0,0.654575539,66,1,0.64133829,6724.0,22,2,1,0,1.0
75141,0,0.005554784,30,0,0.639623751,1700.0,10,0,1,0,0.0
75142,0,0.072771362,45,0,0.085157731,5800.0,6,0,0,0,0.0
75144,0,0.0,55,0,0.718915937,14500.0,14,0,3,0,0.0
75145,0,0.030058877999999997,39,0,0.10425226,9735.0,12,0,0,0,0.0
75146,0,0.050155545999999995,59,0,0.084761608,3208.0,8,0,0,0,0.0
75147,1,0.848191968,51,0,0.147221709,10833.0,6,1,1,1,1.0
75150,0,0.049186325,45,0,0.18307086600000003,5079.0,6,0,0,0,4.0
75152,0,0.023245243999999998,73,1,0.24716045399999997,6250.0,10,0,1,0,0.0
75153,0,0.021134377000000003,58,1,0.157605299,8000.0,6,0,1,0,0.0
75154,0,0.284333538,68,0,0.478822032,5500.0,14,0,2,0,1.0
75155,0,0.0,44,0,0.002707769,4800.0,9,0,1,0,0.0
75156,0,0.024661927,51,0,1968.0,,6,0,2,0,
75160,0,0.009672445,70,0,2894.0,,6,0,2,0,
75162,0,0.114118118,54,0,0.656862745,1121.0,3,0,0,0,1.0
75164,0,0.9999998999999999,47,0,0.356586443,8600.0,8,1,2,0,0.0
75165,0,0.9999998999999999,34,1,0.269558482,1290.0,1,0,0,0,1.0
75166,0,0.48202681,49,0,0.350340136,5291.0,6,0,1,0,2.0
75167,0,0.008354569000000001,74,0,0.493182478,3446.0,10,0,1,0,0.0
75169,0,0.031825394,45,0,0.01032989,3000.0,3,0,0,0,0.0
75170,0,0.9999998999999999,61,0,0.004057736,17250.0,4,0,0,0,1.0
75172,0,0.415106625,45,0,0.309626074,7915.0,7,0,1,0,0.0
75174,0,0.024318153999999998,67,0,0.003636033,11000.0,6,0,0,0,0.0
75175,0,0.014499091,62,0,943.0,,10,0,1,0,
75176,0,0.025955298999999998,67,0,0.00553761,4333.0,2,0,0,0,0.0
75178,0,0.042456024,73,0,81.0,,8,0,0,0,0.0
75180,0,0.058455115,84,0,0.0057670130000000005,2600.0,2,0,0,0,0.0
75181,0,0.670528338,71,2,0.7828807240000001,7511.0,23,0,3,0,0.0
75182,0,0.266173383,63,0,0.35083972399999996,10300.0,7,0,2,0,0.0
75183,0,0.9999998999999999,56,0,0.20123613899999998,5500.0,5,0,1,0,0.0
75185,1,0.020357062,72,1,0.17096894899999998,2672.0,12,0,1,2,0.0
75186,0,0.9999998999999999,92,0,0.0,,1,0,0,0,
75188,0,0.0,64,1,0.0,4416.0,6,0,0,0,0.0
75189,0,0.15275572,32,0,0.04014767,2166.0,7,0,0,0,3.0
75190,0,0.0,47,0,0.389569257,4735.0,6,0,1,0,2.0
75191,0,0.0,55,1,0.32482097,7400.0,14,0,0,1,0.0
75194,0,0.946381055,54,0,1.509787354,7100.0,19,0,3,0,1.0
75195,0,0.135427715,48,0,0.497916432,8878.0,20,0,2,0,3.0
75196,0,0.051564948,86,0,1034.0,,9,0,1,0,0.0
75197,0,0.0,60,0,1107.0,,5,0,1,0,0.0
75198,0,0.02369921,63,0,0.005725191,3667.0,3,0,0,0,0.0
75199,0,0.9999998999999999,61,0,0.138536221,2677.0,1,5,0,0,0.0
75201,0,0.127946946,29,0,0.219911147,4951.0,11,0,0,0,0.0
75202,1,0.9415474540000001,50,4,1360.0,,8,0,0,2,0.0
75203,0,0.970140845,44,0,0.643106457,3437.0,5,0,1,0,3.0
75204,0,0.00662868,49,0,0.638040218,9000.0,17,0,3,0,0.0
75205,0,0.0,63,0,5797.0,,6,0,2,0,0.0
75208,0,0.008330836999999999,81,0,17.0,,3,0,0,0,
75209,0,0.208850213,59,1,0.44450579799999995,3621.0,7,0,1,1,1.0
75210,0,0.070954979,70,0,0.713676353,3750.0,6,0,2,0,0.0
75211,0,0.263062831,38,0,0.274597731,3790.0,4,1,1,1,2.0
75212,0,0.057811792,42,0,0.5914679310000001,6750.0,17,0,0,0,1.0
75213,0,0.459495282,62,0,0.306891092,12000.0,16,0,2,0,1.0
75214,0,0.047288554000000003,28,0,358.0,0.0,4,0,0,0,0.0
75216,0,0.344721128,49,0,0.348680117,11250.0,9,0,2,0,2.0
75217,0,0.293748933,51,2,0.042971075,8400.0,5,0,0,0,0.0
75218,0,0.0,36,0,0.14745903900000001,3600.0,7,0,0,0,0.0
75219,0,0.9999998999999999,38,1,0.063860668,6200.0,2,0,0,0,1.0
75220,1,0.577919961,41,0,1.23939171,8153.0,15,0,4,0,0.0
75222,0,0.847604109,60,0,1018.5,1.0,20,0,0,0,1.0
75223,0,0.002736503,77,0,0.000653595,4589.0,5,0,0,0,0.0
75224,0,0.0,64,0,0.329397444,8214.0,3,0,1,0,0.0
75226,0,0.0,49,0,0.09427735699999999,13332.0,9,0,1,0,0.0
75227,0,0.010599697,70,0,0.14737124,11202.0,7,0,1,0,0.0
75229,0,0.232464644,39,0,0.165434021,5137.0,6,0,0,0,2.0
75230,0,0.680463907,47,2,0.260028653,5583.0,7,0,1,2,0.0
75232,0,0.43196677200000005,33,0,0.289386007,2100.0,5,0,0,0,0.0
75233,0,0.041511552,48,0,0.20550474100000002,11916.0,14,0,1,0,0.0
75234,0,0.09644087300000001,33,0,0.300539892,3333.0,13,0,0,1,0.0
75235,0,0.9600532620000001,23,0,21.0,,1,0,0,0,0.0
75236,0,0.00723298,85,0,0.0019993339999999997,3000.0,7,0,0,0,0.0
75237,0,0.0058719209999999996,42,1,0.274589829,12250.0,15,0,3,0,3.0
75241,0,0.024315418999999998,87,0,109.0,,5,0,0,0,0.0
75243,0,0.045727258,88,0,25.0,,3,0,0,0,
75244,0,0.000211636,43,0,1.030903472,5500.0,8,0,4,0,0.0
75245,0,0.10229683,40,0,0.46630119299999995,3100.0,7,0,2,0,0.0
75246,1,1.038580118,55,1,0.821978022,3184.0,7,4,1,0,1.0
75247,0,0.9999998999999999,31,0,0.232683983,7391.0,12,0,1,0,1.0
75248,0,0.307838167,58,7,0.46991210299999997,5915.0,17,0,2,2,0.0
75253,0,0.110923834,50,0,0.639222176,4833.0,21,1,1,0,0.0
75254,0,0.228835768,62,0,0.36699117,8833.0,14,0,2,0,0.0
75255,0,0.502386286,51,0,0.7823634970000001,3900.0,11,0,1,2,1.0
75256,0,0.009004364,75,0,60.0,,10,0,0,0,0.0
75257,0,0.063496825,26,0,38.0,,7,0,0,0,0.0
75260,0,0.270690977,48,0,0.055194481,10000.0,7,0,1,0,0.0
75261,0,0.015942401999999998,65,0,1187.0,,8,0,1,0,
75263,0,0.076541347,33,0,0.256794175,9750.0,21,0,1,0,0.0
75264,0,0.047815692,48,0,0.305029995,6500.0,8,0,1,0,1.0
75265,0,0.078271541,69,0,1408.0,,9,0,1,0,0.0
75266,1,0.9999998999999999,23,0,25.0,,1,1,0,0,0.0
75269,0,0.0,47,0,0.447872838,6416.0,7,0,1,0,4.0
75270,0,0.065763164,81,0,0.09839212900000001,4166.0,8,0,1,0,1.0
75271,0,0.061580767,52,0,0.001280333,33584.0,4,1,0,0,0.0
75272,0,0.471165011,47,1,0.892116183,2650.0,6,0,2,0,1.0
75275,0,0.942152276,57,4,0.8668532590000001,2500.0,11,1,1,3,1.0
75277,0,0.874707509,64,0,0.079970381,2700.0,9,0,0,0,0.0
75279,0,0.049486598,58,0,0.042799509000000006,5700.0,3,0,0,0,0.0
75280,0,0.00487167,63,0,0.107987044,14510.0,9,0,2,0,0.0
75281,0,0.147259112,40,0,0.5251582810000001,3000.0,7,0,1,0,1.0
75284,0,0.051855752000000005,29,0,0.016284939,21000.0,22,0,0,0,0.0
75285,0,0.624440332,57,0,0.16524808,4816.0,4,1,0,0,0.0
75287,0,0.182487464,41,0,0.084928106,9666.0,13,0,0,0,2.0
75288,0,0.031366707,32,0,0.280456195,5786.0,11,0,0,0,4.0
75289,0,0.21728578699999998,41,0,0.915167095,3500.0,10,0,1,0,0.0
75290,0,0.245250317,52,0,0.42002064,3875.0,7,0,1,0,2.0
75292,0,0.9999998999999999,55,0,0.23709793899999998,18000.0,10,0,1,0,0.0
75294,0,0.8969831070000001,33,0,0.531688643,4701.0,8,0,1,0,1.0
75295,0,0.9999998999999999,69,0,0.284673618,7000.0,6,0,2,0,0.0
75296,0,0.197312538,42,0,0.16014788900000002,15416.0,6,0,1,0,1.0
75297,0,0.095780844,67,0,2565.0,,6,0,1,0,0.0
75298,0,0.961618682,53,1,0.9131391240000001,15000.0,15,1,3,1,0.0
75299,0,0.599700025,30,0,0.185185185,5210.0,4,0,0,0,0.0
75300,0,0.027757011,51,0,0.243322519,22500.0,19,0,1,0,2.0
75301,0,0.032502656,58,0,0.233035595,7500.0,16,0,3,0,0.0
75302,0,0.0,45,1,0.45929481299999997,5416.0,16,0,3,0,0.0
75303,0,0.003604,64,0,0.40764752600000004,7557.0,11,0,2,0,0.0
75304,0,0.19059188100000002,58,0,0.28917686600000003,12500.0,4,1,1,0,0.0
75305,0,0.8920863309999999,35,1,0.195155393,4375.0,4,1,0,0,0.0
75307,0,0.879941337,36,0,0.502,3999.0,6,0,2,0,1.0
75308,0,0.615972526,42,0,0.273454952,5371.0,9,0,1,0,1.0
75309,0,0.097388346,58,0,1765.0,,14,0,1,0,0.0
75310,0,0.7901311679999999,22,0,0.054854981,1585.0,4,0,0,0,0.0
75312,0,0.431022759,48,0,323.0,,1,0,0,0,0.0
75313,0,0.953868204,47,0,0.866783304,4000.0,12,0,1,0,3.0
75314,1,0.9999998999999999,51,0,0.004142265,7000.0,1,0,0,1,0.0
75315,0,0.30409951,60,0,0.172755418,8074.0,5,0,0,0,0.0
75316,0,0.067761654,53,0,0.874309655,5250.0,21,0,1,0,2.0
75318,0,0.011200308999999999,61,0,0.271838692,16266.0,15,0,2,0,0.0
75322,0,0.326516701,75,1,0.410104688,2196.0,10,0,2,0,0.0
75324,1,0.47977865700000005,61,0,0.372490927,13500.0,16,0,2,0,1.0
75325,0,0.0,29,0,1054.0,,5,0,1,0,0.0
75326,0,0.93407733,47,0,0.37992750299999994,13241.0,10,0,2,0,2.0
75328,0,0.05137285900000001,34,0,0.048671402,3800.0,4,0,0,0,0.0
75330,1,0.9999998999999999,44,0,0.07863724,4666.0,2,2,0,0,0.0
75331,0,0.0,55,0,0.0,3880.0,2,0,0,0,2.0
75332,0,0.261370606,55,0,0.687802908,7427.0,11,0,2,0,3.0
75333,0,0.051847408,62,0,1530.0,,5,0,1,0,0.0
75334,0,0.640871826,69,0,0.775257188,3790.0,7,0,1,0,0.0
75335,0,0.523483234,40,1,0.34567029200000005,7078.0,8,0,0,0,2.0
75336,0,0.054604465,74,0,0.16362679800000002,5701.0,10,0,0,0,0.0
75337,0,0.24485423,47,0,0.352941176,6952.0,6,0,2,0,2.0
75338,0,0.0,66,0,0.151525659,2883.0,2,0,0,0,0.0
75339,0,0.319361277,22,0,0.00111576,3584.0,1,0,0,0,0.0
75340,0,0.785447039,66,1,0.93786063,2252.0,4,0,2,0,0.0
75341,0,0.039517308,44,0,510.0,,15,0,1,0,2.0
75342,0,0.681647737,52,0,0.390801314,7000.0,8,0,1,0,0.0
75343,0,0.167820415,72,0,0.120809899,4444.0,5,0,0,0,1.0
75344,0,0.331857323,36,0,0.09742441199999999,6250.0,5,0,0,0,2.0
75345,0,0.042045617,49,0,0.075974675,3000.0,3,0,0,0,0.0
75347,0,0.7489388640000001,33,0,0.706626083,4270.0,10,0,2,0,0.0
75348,1,0.970562355,40,2,0.36950635299999995,4800.0,8,0,1,0,2.0
75350,0,0.293981033,36,0,0.159113013,5140.0,10,0,0,0,0.0
75352,0,0.049525354,26,0,0.12896775800000002,4000.0,5,0,0,0,0.0
75353,0,0.9999998999999999,29,0,266.0,,2,0,0,1,0.0
75354,0,0.08414579300000001,55,0,2159.0,0.0,13,0,1,0,2.0
75356,0,0.773438472,45,0,2424.0,,9,0,1,0,3.0
75357,0,0.055637774,76,0,44.0,,2,0,0,0,0.0
75358,0,0.231914631,34,0,0.254478793,12000.0,6,0,2,0,2.0
75359,0,0.316971774,53,0,0.339040611,7066.0,10,0,1,0,0.0
75360,0,0.07150582400000001,66,0,0.20419177800000002,11116.0,11,0,2,0,1.0
75361,0,0.153717975,36,0,0.56264412,1300.0,4,0,0,0,0.0
75362,0,0.13131673900000002,42,0,0.075191225,6928.0,5,0,0,0,5.0
75366,0,0.105141465,42,0,0.43883285899999996,12988.0,17,0,5,0,3.0
75368,0,0.193595223,62,0,0.322337019,16550.0,7,0,1,0,2.0
75369,0,0.082650328,69,0,0.060842434,1922.0,10,1,0,0,0.0
75370,1,0.9999998999999999,60,1,0.327843738,5221.0,2,0,1,0,2.0
75371,1,0.515930407,53,0,0.931013797,5000.0,14,0,3,0,1.0
75372,0,0.037398408,60,0,0.118500963,6750.0,10,0,0,0,0.0
75373,1,0.9443847559999999,34,4,0.413171081,6984.0,6,1,1,1,2.0
75374,0,0.143310388,47,0,5425.0,,15,0,3,0,2.0
75376,0,0.005096445,60,0,0.023224308,5166.0,4,0,1,0,0.0
75377,0,0.34078760799999996,40,0,0.146723371,5172.0,5,0,0,0,1.0
75378,0,0.030684365,37,1,5.0,,2,0,0,0,0.0
75380,0,0.396255211,32,0,0.244972578,2187.0,5,0,0,0,1.0
75381,0,0.181456886,63,0,1234.0,,6,0,1,0,0.0
75382,0,0.153464287,41,0,0.329958755,8000.0,9,0,1,0,2.0
75383,0,0.063516957,47,0,2954.0,,2,0,1,0,0.0
75384,0,0.109342966,63,1,233.0,,8,0,0,0,
75386,0,0.9999998999999999,52,1,0.33958499600000003,2505.0,3,0,1,0,0.0
75387,0,0.329978001,42,0,0.5105907120000001,7600.0,12,0,4,0,0.0
75389,1,0.256327786,39,1,548.0,,5,0,0,0,0.0
75390,0,0.14285714300000002,36,1,1545.0,,5,0,1,0,2.0
75391,0,0.022037749,86,0,0.012395042,2500.0,12,0,0,0,2.0
75392,0,0.6134690629999999,65,0,0.714359437,7750.0,8,0,3,0,0.0
75393,0,0.028218779,77,0,0.023018572,3822.0,4,0,0,0,0.0
75394,0,1.036088759,42,3,0.364059718,7300.0,5,1,1,2,3.0
75395,0,0.112730371,57,0,0.609820641,3400.0,5,0,1,0,1.0
75396,0,0.004311113,46,0,0.353835151,5592.0,10,0,2,0,3.0
75397,0,0.8923516429999999,72,1,0.41597337799999995,600.0,2,0,0,1,0.0
75400,0,0.5095496820000001,64,0,0.2389047,13000.0,9,0,2,0,4.0
75403,0,0.069032157,43,1,0.380534415,18000.0,9,0,2,0,3.0
75405,0,0.021362889,37,0,1.020465773,2833.0,5,0,1,0,0.0
75406,0,0.9558522070000001,67,0,0.491300565,4597.0,4,0,1,0,1.0
75407,0,0.6558303000000001,60,0,0.33589694299999995,5200.0,11,0,1,0,0.0
75409,0,0.9999998999999999,66,0,0.14591763900000002,4200.0,2,0,1,0,0.0
75410,0,0.043702614,71,0,0.155032854,10500.0,12,0,2,0,0.0
75411,0,0.093306714,32,0,0.054770702000000004,4600.0,7,0,0,0,0.0
75412,0,0.20493099399999998,60,0,0.393372375,7000.0,20,0,2,0,0.0
75413,0,0.440194976,36,0,0.696624644,2458.0,5,0,1,0,0.0
75414,0,0.138374363,49,0,2162.0,,6,0,2,0,0.0
75415,0,0.132315282,52,0,1249.0,,16,0,1,0,2.0
75417,0,0.74152154,38,0,1927.0,,2,0,1,0,0.0
75418,0,0.853431046,70,0,0.281919452,3500.0,7,0,0,0,0.0
75419,0,0.09439756699999999,59,0,0.077324742,9000.0,9,0,0,0,0.0
75420,0,0.545252246,53,1,0.114784695,7500.0,4,0,0,0,6.0
75421,0,0.430911764,30,0,0.514045481,5232.0,12,0,1,0,0.0
75422,0,0.071464268,25,0,0.605780347,864.0,3,0,0,0,0.0
75423,0,0.505256669,44,0,0.597013524,10647.0,9,0,2,0,2.0
75424,0,0.11413966199999999,63,0,0.114930991,3984.0,6,0,1,0,0.0
75428,0,0.210737923,51,0,0.094823416,6200.0,5,0,0,0,2.0
75429,0,0.041150826,56,0,588.0,,11,0,0,0,0.0
75430,0,0.051626977000000004,47,1,0.117868486,8500.0,15,1,0,0,0.0
75432,0,0.516462002,46,0,0.016626445,75000.0,18,0,0,0,1.0
75433,0,0.262707627,38,0,0.51105097,6650.0,10,0,1,0,0.0
75434,0,0.007782756,88,0,14.0,,5,0,0,0,0.0
75435,0,0.049298357,64,0,281.0,,7,1,0,0,0.0
75436,0,0.156005615,58,0,0.297617064,6000.0,12,0,0,0,1.0
75437,0,0.029214722999999998,56,0,0.213864026,5250.0,6,0,1,0,0.0
75438,0,0.712657469,36,0,0.21710698399999998,3822.0,8,0,0,0,0.0
75439,0,0.367846027,50,0,0.757045057,6280.0,26,0,3,0,0.0
75441,0,2773.0,60,0,0.341013825,11500.0,9,0,2,0,0.0
75442,0,0.029123896,37,0,0.206802228,30342.0,10,0,3,0,2.0
75444,0,0.9999998999999999,44,0,0.075420673,3327.0,1,1,0,0,3.0
75445,0,0.003573238,50,1,0.52218909,5700.0,8,0,2,0,0.0
75446,0,0.34656465399999997,56,0,3.985467757,1100.0,12,0,3,0,0.0
75449,0,0.015547384,66,1,2898.0,,6,0,2,0,0.0
75452,0,0.04312132900000001,57,0,1.078407153,17000.0,21,0,14,0,0.0
75454,0,0.61479815,33,0,0.41533613399999997,4759.0,6,0,1,0,3.0
75455,0,0.335732853,46,0,3331.0,,11,0,1,0,0.0
75456,0,0.039838623,82,0,0.294772922,3500.0,11,0,1,0,0.0
75459,0,0.13550895300000002,32,0,0.641452849,3000.0,10,0,1,0,0.0
75460,0,0.0,77,0,22.0,,3,0,0,0,0.0
75462,0,0.436500266,40,0,0.48126876399999996,7660.0,13,0,2,0,3.0
75464,1,0.9999998999999999,51,0,0.0,4028.0,0,0,0,0,3.0
75465,0,0.853536092,55,0,0.16603922,17796.0,10,0,0,0,2.0
75466,0,0.9999998999999999,50,0,0.0,2666.0,0,0,0,1,0.0
75467,0,0.009193011,36,0,0.30394493,3776.0,9,0,2,0,0.0
75468,0,0.004678756,74,0,29.0,,3,0,0,0,0.0
75470,0,0.010566313999999999,62,0,2198.0,,9,0,1,0,0.0
75471,0,0.078331864,66,0,0.261851405,5800.0,16,0,1,0,0.0
75476,0,0.36337754299999997,30,1,0.390191898,1406.0,5,0,0,1,0.0
75477,0,0.070532158,76,0,0.313336092,7250.0,12,0,1,0,0.0
75479,0,0.363472729,70,1,0.8296109509999999,2775.0,19,0,2,0,0.0
75480,0,0.9999998999999999,57,0,0.0,,3,0,0,0,0.0
75482,0,0.013545278999999999,43,0,1.8898582330000002,1833.0,16,0,2,0,0.0
75483,0,0.9830775740000001,60,0,0.506582412,3797.0,6,0,0,0,0.0
75484,0,0.9803641559999999,43,0,0.44818976299999996,800.0,3,0,0,0,1.0
75486,0,0.00633607,66,0,0.147672094,3500.0,13,0,0,0,0.0
75487,0,0.011542941999999999,72,0,22.0,,6,0,0,0,0.0
75488,0,0.075328533,81,0,69.0,,8,0,0,0,0.0
75489,0,0.08062332,46,0,0.278072193,10000.0,4,0,2,0,4.0
75490,0,0.08274873099999999,68,1,0.52298036,4938.0,8,0,1,0,1.0
75491,1,0.974010396,63,0,0.902138691,1542.0,5,0,1,1,1.0
75494,0,0.276821682,50,0,0.283738001,7083.0,11,0,2,0,0.0
75497,0,0.0,75,0,0.044471955,10500.0,3,0,1,0,0.0
75498,0,0.012577258000000001,71,1,0.090202177,4500.0,9,0,0,0,0.0
75499,1,0.159789347,56,0,1706.0,,2,0,1,0,0.0
75500,0,0.005587463000000001,45,0,0.054412974,8508.0,9,0,0,0,1.0
75506,0,0.768792211,41,0,2010.0,,12,0,1,0,1.0
75507,0,0.020309701,42,0,0.571809397,3000.0,8,0,2,0,0.0
75508,0,0.790384478,86,0,0.820897388,8000.0,19,0,3,0,0.0
75509,0,0.9672065590000001,48,0,0.38324816700000003,4500.0,5,0,2,0,1.0
75512,0,0.9999998999999999,61,0,1624.0,,2,0,1,0,0.0
75514,0,0.06140397400000001,71,0,0.20478642800000002,3300.0,9,0,1,0,0.0
75518,0,0.120335082,64,0,1290.0,,17,0,0,0,3.0
75519,0,0.66739872,49,0,393.5,1.0,7,0,0,0,0.0
75520,0,0.036276458,58,2,0.26897932,7494.0,30,0,1,1,1.0
75522,0,0.09972162400000001,38,0,0.417951476,8366.0,9,0,1,0,3.0
75524,1,0.44485463799999997,53,1,0.289871504,10583.0,6,0,2,0,1.0
75525,1,1.00842972,26,0,0.037536801,4075.0,4,0,0,2,1.0
75526,0,0.235875415,45,0,0.020033389,11979.0,4,0,0,0,4.0
75527,0,0.45007989299999995,51,0,0.148375369,4400.0,9,0,0,0,3.0
75528,0,0.9999998999999999,82,0,0.0,2763.0,1,0,0,0,0.0
75530,1,0.5245009070000001,36,2,0.18957724,3760.0,5,4,0,0,0.0
75532,0,0.395734839,51,0,0.042716582999999995,8333.0,10,0,0,0,1.0
75533,0,0.21756102300000002,65,0,2.129405883,12000.0,9,0,1,0,1.0
75534,0,0.021851042999999997,45,0,0.001546232,9700.0,6,0,0,0,0.0
75535,0,0.743256743,25,0,45.0,,3,0,0,0,0.0
75536,0,0.459435265,62,0,0.6296215270000001,9141.0,22,0,2,0,0.0
75537,0,0.344003389,57,0,977.0,,12,2,1,0,0.0
75540,0,0.233763892,69,1,0.23073432,11016.0,11,0,1,0,0.0
75541,0,0.036784759,60,0,0.275944811,5000.0,19,0,1,0,1.0
75543,0,0.03339833,52,0,4989.0,,5,0,3,0,
75544,0,0.129657189,55,0,0.506093369,16000.0,19,0,5,0,2.0
75545,0,0.962230615,61,2,556.0,,4,0,0,0,0.0
75549,0,0.421361318,58,0,4957.0,0.0,16,0,3,1,0.0
75550,0,0.583387036,44,1,0.7377189690000001,18666.0,10,0,4,0,3.0
75551,0,0.039445039,80,0,0.288677831,4000.0,9,0,1,0,0.0
75552,0,0.251526529,66,0,0.421654433,7083.0,11,0,0,0,1.0
75553,0,0.005943922,34,0,0.257097161,2500.0,10,0,0,0,0.0
75554,0,0.9999998999999999,33,1,0.105213045,4200.0,1,0,0,0,3.0
75555,0,0.904004571,40,0,0.45577792100000003,7744.0,7,0,1,0,0.0
75556,0,0.092074476,72,0,0.42305789200000005,8083.0,18,0,1,0,0.0
75557,0,0.27574750800000003,39,1,0.058710912999999997,4700.0,4,0,0,2,0.0
75558,0,1.145854146,47,0,419.0,,1,0,0,0,0.0
75559,0,0.037380062,32,0,0.064789634,6250.0,5,0,0,0,0.0
75560,1,0.28247579,47,1,0.574285143,5000.0,10,0,1,0,0.0
75561,0,0.035613397000000005,51,0,0.15865558400000002,2766.0,9,0,0,0,1.0
75563,0,0.033239795,63,0,1529.0,,12,0,2,0,0.0
75565,0,0.254915028,25,0,0.38338516200000006,2250.0,3,0,0,0,0.0
75567,0,0.335420273,69,0,0.1945529,10500.0,13,0,1,0,0.0
75568,0,0.9999998999999999,32,0,0.0,3200.0,0,0,0,0,0.0
75569,0,0.048061324,33,4,0.112749616,3254.0,15,0,0,1,1.0
75570,0,0.006735499,67,0,0.28310600399999997,27932.0,13,0,2,0,1.0
75571,0,0.077066308,58,0,0.36025151,8110.0,8,0,1,0,0.0
75573,0,0.529270475,39,0,0.826716076,5666.0,13,0,4,0,1.0
75575,0,0.963854529,36,0,0.468562542,4500.0,5,0,1,0,1.0
75576,0,0.7251160390000001,45,0,0.52308528,1840.0,8,0,0,0,3.0
75577,0,0.9999998999999999,62,0,0.281817677,18000.0,7,0,2,0,0.0
75579,0,0.9999998999999999,56,2,2780.0,0.0,3,0,2,0,0.0
75580,0,0.088221644,67,0,0.210274618,13800.0,16,0,2,0,1.0
75582,0,0.017628324,38,0,0.17566409600000002,2333.0,7,0,0,0,0.0
75583,1,0.032880478,59,0,1.394100778,2440.0,9,0,2,0,0.0
75588,0,0.401926922,47,1,0.37775847100000004,5754.0,15,0,2,0,0.0
75589,0,1.026578073,41,2,0.7405040820000001,2816.0,6,2,1,0,2.0
75591,0,0.21854599,49,0,5395.0,,7,0,1,0,
75592,0,0.006997667,79,0,2.0,,5,0,0,0,0.0
75594,0,0.9609642509999999,39,1,0.40951193399999997,5613.0,5,4,1,0,3.0
75596,0,0.09937538,44,0,0.482903419,5000.0,19,0,1,0,2.0
75598,0,0.063982976,72,0,0.036049682,3300.0,4,0,0,0,1.0
75600,0,0.44350807,48,0,2.016648169,900.0,7,0,1,0,0.0
75603,0,0.772826583,67,0,0.625139043,6292.0,11,0,1,0,3.0
75604,0,0.82661513,23,0,0.038175676,2959.0,6,0,0,0,0.0
75605,0,0.034660724,50,0,0.258484745,5833.0,7,0,1,0,0.0
75606,0,0.008502354,48,0,0.146077971,4257.0,14,0,1,0,5.0
75607,1,0.253444248,52,1,0.41671527399999997,12000.0,15,0,1,0,0.0
75610,0,0.562152039,49,0,0.494856146,5734.0,11,0,0,0,1.0
75611,0,0.34514104700000003,34,0,0.759800053,3800.0,11,0,1,0,0.0
75612,0,0.0,43,0,0.043436525,4166.0,2,0,0,0,4.0
75613,0,0.036568396,38,0,1915.0,,13,0,1,0,2.0
75615,0,0.0,60,0,3457.0,,13,0,2,0,1.0
75616,0,0.993200247,31,2,0.379711752,3607.0,3,0,0,0,2.0
75617,1,0.999821906,34,0,0.17366946800000002,4283.0,3,0,1,0,2.0
75619,0,0.0,64,0,397.0,,3,0,0,0,0.0
75620,0,0.016871981,40,0,0.392173665,3500.0,7,0,2,0,1.0
75621,0,0.034555112,81,0,0.479577264,3500.0,6,0,2,0,1.0
75622,0,0.23359416,57,0,5775.0,,9,0,4,0,0.0
75623,0,0.78670279,45,0,0.434937866,7000.0,12,0,1,0,2.0
75624,1,0.07144897900000001,46,1,1.402515723,635.0,7,0,0,0,0.0
75625,0,0.8928553570000001,40,0,3163.0,,6,0,1,0,0.0
75626,0,0.269197443,50,0,0.517733158,5328.0,13,0,2,0,0.0
75627,0,0.396320736,39,0,2139.0,,9,0,1,0,0.0
75628,0,0.007630401,86,0,0.00209979,10000.0,4,0,0,0,0.0
75629,0,0.046762741,90,0,0.016994335,3000.0,3,0,0,0,1.0
75631,0,0.379603399,49,0,0.39901477799999996,3450.0,6,0,2,0,2.0
75632,0,0.646353646,31,0,0.309630963,2221.0,4,0,0,0,2.0
75633,0,0.563836673,60,0,0.334110982,6000.0,7,0,0,0,1.0
75635,0,0.0,56,0,0.0,8645.0,1,0,0,0,0.0
75636,0,0.194171177,44,1,0.258212089,13333.0,16,0,2,0,0.0
75637,0,0.039302417,57,0,0.062969629,35000.0,8,0,2,0,2.0
75640,0,1.426294821,37,1,1.066404855,2800.0,5,1,1,0,0.0
75641,0,0.7634982,56,1,0.299675081,4000.0,8,0,1,1,1.0
75643,0,0.039396479,49,0,0.21072857,12750.0,9,0,1,0,1.0
75644,0,0.49078298299999995,65,1,0.23620411,4330.0,8,0,0,0,0.0
75645,0,0.023752773999999997,50,0,0.319079306,9166.0,6,0,1,0,2.0
75647,0,0.27121686100000003,49,0,0.516453382,6563.0,8,0,2,0,0.0
75648,0,0.063283737,65,0,0.7941009640000001,3525.0,10,0,1,0,0.0
75650,1,0.274483678,24,0,0.004402054,2725.0,2,0,0,0,0.0
75651,0,0.9019301679999999,65,0,0.647896879,4421.0,14,0,1,0,0.0
75653,0,0.013428197,79,0,238.0,,16,0,0,0,0.0
75654,0,0.033028605,59,0,0.501462599,2392.0,10,0,1,0,0.0
75656,0,0.222537533,71,0,3986.0,,15,0,1,0,1.0
75657,0,0.564679415,26,1,0.140959726,2333.0,7,0,0,0,0.0
75658,0,0.070530649,74,0,170.0,0.0,8,0,0,0,0.0
75659,0,0.013112018999999999,48,0,0.0016742629999999998,10750.0,6,0,0,0,3.0
75660,0,0.07881189599999999,34,0,341.0,,3,0,0,0,0.0
75662,0,0.967421457,44,1,0.34655887700000004,9400.0,10,0,2,0,4.0
75663,0,0.467850456,35,3,3296.0,,8,0,2,0,0.0
75664,0,0.288918442,58,0,1.207833733,1250.0,5,0,1,0,2.0
75665,0,0.024634137,39,0,0.386762936,4154.0,6,0,2,0,0.0
75666,0,0.160089007,50,0,3088.0,,8,0,2,0,0.0
75668,0,0.543760012,42,0,1965.0,,11,0,1,0,3.0
75669,0,0.646044182,71,0,5057.0,,18,0,2,0,1.0
75670,0,0.026670299999999997,55,0,0.316240537,7000.0,12,0,3,0,0.0
75672,0,0.024600212000000003,58,0,0.397268071,5270.0,13,0,1,0,0.0
75674,0,0.45469476799999997,68,0,0.35175172200000004,13500.0,23,0,2,0,0.0
75676,0,0.41759301600000004,49,0,0.387922416,5000.0,6,0,1,0,1.0
75677,1,0.9999998999999999,31,0,816.0,,4,3,0,1,0.0
75678,0,0.026134168,56,0,0.147430072,9902.0,8,0,1,0,0.0
75679,0,0.45064355700000003,47,1,0.45050989799999996,5000.0,16,0,2,1,0.0
75682,0,0.17910102600000002,63,0,0.36443926,6000.0,13,0,2,0,0.0
75683,0,0.05808562900000001,42,0,0.23668047399999997,7000.0,2,0,1,0,2.0
75684,0,0.0032687470000000002,75,0,0.08566508800000001,4645.0,7,0,0,0,0.0
75685,0,0.017353312,46,0,6282.0,,10,0,3,0,0.0
75686,0,0.6621783760000001,50,0,1.2093581279999999,5000.0,13,0,2,0,1.0
75688,0,0.0,37,0,0.8140413240000001,4500.0,3,0,2,0,2.0
75690,0,0.233164133,42,1,0.480500848,7666.0,11,0,2,0,0.0
75691,0,0.673742501,62,1,0.524119948,2300.0,2,1,1,0,0.0
75692,0,0.056315495,56,0,0.007497322,2800.0,3,0,0,0,0.0
75693,0,0.19316134399999998,45,0,0.40879874299999996,7000.0,9,0,1,0,1.0
75694,0,0.045606057,58,0,0.31482715899999997,10500.0,9,0,3,0,1.0
75695,0,0.020310285,57,0,0.365728375,14600.0,6,0,2,0,0.0
75696,0,0.258240467,46,0,0.20847521800000002,18500.0,10,0,2,0,0.0
75697,0,0.071935396,53,0,0.290773067,4009.0,12,0,2,0,0.0
75698,1,0.22118639699999998,35,1,0.237351655,1600.0,7,0,0,0,0.0
75699,1,0.638961776,30,0,0.564647096,1600.0,10,0,0,0,0.0
75700,0,0.090033455,64,0,0.044430919000000006,1642.0,7,0,0,0,0.0
75701,0,0.881221844,70,1,0.468612555,2500.0,9,0,0,0,2.0
75703,0,0.08951412199999999,53,0,0.22964740600000003,10833.0,16,0,1,0,0.0
75704,0,0.092410065,69,0,0.22899479600000003,44000.0,15,0,3,0,1.0
75705,0,0.0,58,0,0.272969102,4886.0,7,0,1,0,0.0
75707,0,0.067615828,67,0,2036.0,,7,0,1,0,0.0
75708,0,0.9999998999999999,31,0,435.0,1.0,2,0,1,0,1.0
75713,0,0.744282937,39,0,0.27490836399999996,3000.0,4,0,1,0,0.0
75715,0,0.318766067,28,0,0.090500281,3557.0,2,0,0,0,0.0
75716,0,0.483083217,54,0,0.41824172,5766.0,12,0,1,0,0.0
75717,0,0.381654586,30,0,0.201429904,3216.0,6,1,0,0,0.0
75720,0,0.084756292,45,0,9.906298003,650.0,13,0,3,0,0.0
75721,0,0.023687007000000003,66,1,0.262245918,3000.0,8,0,1,0,0.0
75722,0,0.00417355,39,0,1.0,,4,0,0,0,0.0
75723,0,0.011691723999999999,75,0,0.003024803,8264.0,5,0,0,0,0.0
75724,0,0.185619757,74,1,0.12323973,12000.0,8,0,0,0,0.0
75727,0,0.343937466,26,0,0.701583435,820.0,5,0,0,0,0.0
75728,0,0.020486806,54,0,12.0,0.0,5,0,0,0,1.0
75731,0,0.025797173,82,0,34.0,,4,0,0,0,0.0
75732,0,0.04047976,58,3,4334.0,0.0,9,0,3,0,0.0
75733,0,0.200810335,41,0,1878.0,,12,0,1,0,0.0
75734,0,0.43582567,34,0,0.019987508,1600.0,6,0,0,0,0.0
75736,1,0.9660339659999999,63,3,0.716189947,3600.0,9,2,2,1,0.0
75737,0,0.037376058999999996,67,0,0.069101065,29000.0,20,0,2,0,0.0
75738,0,0.522398782,42,0,0.276430892,4000.0,10,0,0,0,3.0
75739,0,1.114457123,49,7,0.5129870129999999,4003.0,9,0,1,3,0.0
75741,1,0.24750499,29,0,0.318723568,2600.0,7,0,0,0,3.0
75743,0,0.039225692,68,0,0.184687902,7000.0,9,0,0,0,0.0
75744,0,0.066374102,37,0,3402.0,,20,0,3,1,3.0
75745,1,0.646979614,52,1,1.33808554,5400.0,19,0,3,0,2.0
75746,0,0.0,54,0,0.26549833100000003,8387.0,5,0,2,0,1.0
75747,0,0.0,36,0,0.0,1500.0,3,0,0,0,0.0
75748,0,0.213256105,43,0,0.21361290300000002,15499.0,10,0,2,0,2.0
75750,0,1.009831695,45,1,0.714257149,5000.0,10,0,2,0,2.0
75751,0,0.219830525,64,0,0.267868098,13039.0,8,0,2,0,0.0
75752,0,0.676172632,58,0,0.357224211,12291.0,14,0,2,0,0.0
75753,0,0.28575599399999996,64,0,3063.0,,10,0,2,0,0.0
75755,0,0.06547307299999999,56,0,0.420611965,6568.0,8,0,2,0,0.0
75756,0,0.001702617,75,0,3.0,,10,0,0,0,0.0
75758,0,0.205307565,63,0,0.071708683,3569.0,3,0,0,0,0.0
75760,1,0.243553806,47,0,0.31578947399999996,11000.0,14,0,1,0,0.0
75761,0,0.036654686,35,0,0.011327638000000001,10416.0,9,0,0,0,2.0
75764,1,0.9826730779999999,50,0,4186.0,,10,0,2,0,0.0
75765,0,0.075822788,50,0,0.182162729,12400.0,3,0,1,0,0.0
75766,0,0.32813523,63,0,703.0,,6,0,1,0,0.0
75767,0,0.166914092,45,0,0.380563561,6245.0,8,0,1,0,2.0
75768,1,0.718735472,49,0,0.26451364899999996,2600.0,5,1,0,0,0.0
75770,0,0.538145649,55,0,0.088677424,7250.0,4,0,0,0,0.0
75771,0,0.46943744,29,0,0.853507815,2750.0,7,0,1,0,0.0
75772,0,0.006747104,32,0,0.660487398,4800.0,19,0,3,0,2.0
75773,0,0.33097327,45,1,0.426767234,5700.0,9,0,1,0,1.0
75775,0,0.294712438,59,0,0.357708852,8833.0,18,0,2,0,0.0
75777,0,0.088094544,36,0,0.165093585,6250.0,7,0,0,0,2.0
75781,0,0.058023103,52,0,0.219407675,10500.0,10,0,1,0,0.0
75784,0,0.9999998999999999,24,0,175.0,,1,0,0,0,
75785,0,0.0053609619999999995,43,0,0.418550992,6500.0,6,0,2,0,0.0
75787,0,0.0,51,0,0.370841665,5500.0,6,0,1,0,0.0
75788,0,0.024795041,43,0,0.41562952200000003,6909.0,5,0,2,0,3.0
75790,0,0.287522265,30,0,0.221714117,6778.0,10,0,2,0,0.0
75791,0,0.912596401,49,0,744.0,,7,0,1,0,
75792,0,0.029239372000000003,57,0,0.157172491,18800.0,11,0,1,0,3.0
75793,0,0.689964792,40,0,2.460269865,666.0,10,0,0,0,2.0
75794,0,0.85128604,43,0,0.210319586,5600.0,8,0,1,0,1.0
75795,0,0.056563046,50,1,0.263575351,9833.0,15,0,2,0,4.0
75797,0,0.035654782,45,2,2589.0,,14,0,2,0,2.0
75798,0,0.453670664,38,0,0.5727136429999999,2000.0,10,0,1,0,0.0
75799,0,0.052354612,49,0,0.506199173,7500.0,13,0,2,0,1.0
75800,0,0.30080154600000003,57,0,0.764812713,4404.0,11,0,1,0,0.0
75801,1,1.031587365,61,0,568.0,,4,0,1,0,0.0
75802,0,0.182827685,53,0,0.22625215899999998,11000.0,13,0,1,0,0.0
75803,0,0.199935355,48,0,0.659668066,5000.0,10,0,3,0,1.0
75804,0,0.026103893,61,0,1069.0,,14,0,2,0,0.0
75805,0,0.537978663,52,0,0.524480215,10436.0,19,0,4,0,3.0
75808,0,0.002160149,45,0,0.0,5402.0,3,0,0,0,3.0
75811,0,0.007562453,64,0,12.0,,6,0,0,0,0.0
75812,0,0.009249538,78,0,0.195990279,8229.0,8,0,1,0,0.0
75813,0,0.238193058,52,0,0.37125139799999995,9836.0,16,0,1,0,0.0
75815,0,0.447310538,34,0,0.13712168,6475.0,3,0,0,0,3.0
75818,0,0.45257961399999996,53,0,2.246376812,2000.0,12,0,2,0,4.0
75819,0,0.332174607,85,0,0.437044239,12341.0,13,0,2,0,1.0
75820,0,0.078305458,81,0,0.028621839,5100.0,3,0,0,0,0.0
75822,0,0.9999998999999999,55,0,0.008495751999999999,2000.0,0,1,0,0,0.0
75823,0,0.189615709,49,0,0.5518708410000001,9166.0,6,0,3,0,2.0
75825,0,0.162653112,31,0,1700.0,,5,0,1,0,0.0
75826,1,0.9999998999999999,42,3,0.710758377,1700.0,5,2,1,0,2.0
75827,0,0.34695656399999997,60,0,0.239010427,4890.0,10,0,1,0,0.0
75828,0,0.044236946,66,0,0.8081833559999999,6500.0,5,0,2,0,0.0
75830,0,0.076181054,50,0,0.217420776,5900.0,5,0,2,0,0.0
75831,0,0.033661056,26,1,0.023313905,1200.0,1,0,0,1,0.0
75832,0,0.107368097,26,0,752.0,0.0,8,0,0,0,0.0
75833,0,0.010269993,49,1,0.202379762,10000.0,7,0,1,0,3.0
75835,0,0.251227333,70,1,0.425788259,3900.0,12,0,1,0,0.0
75836,0,0.245191827,53,0,0.238513897,7051.0,3,0,1,0,0.0
75837,0,0.700771969,42,0,3017.0,,8,0,2,0,2.0
75838,0,1.17223414,65,0,0.040165568,6522.0,7,0,0,0,1.0
75839,0,0.000975576,39,0,0.19774455800000001,3812.0,9,0,0,0,2.0
75840,0,0.9999998999999999,33,0,0.616055846,4583.0,7,0,2,0,2.0
75841,0,0.026123367,50,0,0.006853227,1750.0,6,0,0,0,0.0
75842,0,0.55438192,46,0,0.378613345,4600.0,11,0,1,0,0.0
75843,0,0.096112098,51,1,0.421094732,8750.0,12,0,1,0,0.0
75844,0,0.214019785,58,0,2271.0,,10,0,2,0,0.0
75845,0,0.022850983999999998,35,0,2043.0,,7,0,1,0,
75850,0,0.153028232,69,1,0.09334066099999999,10916.0,6,1,1,0,0.0
75853,0,0.01033587,57,0,0.258009064,6398.0,12,0,2,0,0.0
75855,0,0.0464048,61,0,0.004084219,14200.0,3,0,0,0,1.0
75856,0,0.033313529,64,0,0.202508635,5500.0,27,0,1,0,0.0
75857,0,0.290593323,36,0,0.18500838600000002,7750.0,8,0,1,0,0.0
75858,0,0.03058568,55,0,0.192253817,14277.0,17,0,2,0,2.0
75859,0,0.510835692,56,0,0.59271455,9717.0,18,0,2,0,2.0
75861,0,0.00261381,80,0,17.0,,9,0,0,0,1.0
75862,0,0.016748821,52,1,0.195182131,15400.0,14,0,3,0,3.0
75863,0,0.133212616,67,0,0.415833558,3700.0,6,0,1,0,0.0
75864,0,0.024573945,35,0,0.24475105,5000.0,11,0,0,0,1.0
75865,0,0.459673847,66,2,1948.0,,13,0,1,0,
75866,0,0.680638723,53,0,225.0,0.0,1,0,0,0,1.0
75867,0,0.109995849,53,0,0.422697163,8000.0,7,0,2,0,1.0
75868,0,0.040035554,71,0,0.111080255,3600.0,6,0,0,0,0.0
75870,1,0.004289295,28,0,0.003633061,1100.0,5,0,0,0,0.0
75871,0,0.868562644,39,0,0.975576662,1473.0,3,1,1,0,0.0
75872,1,0.0,82,2,0.092783505,3200.0,8,0,0,0,0.0
75874,0,0.693515201,44,0,0.204202565,25650.0,6,0,2,0,3.0
75875,0,0.9999998999999999,50,0,0.04220659,2700.0,3,0,0,0,0.0
75878,0,0.15825522,46,0,0.34853029399999996,5000.0,8,0,2,0,0.0
75879,0,0.03756116,51,0,1.079062285,4350.0,9,0,0,0,2.0
75882,0,0.058848529000000004,64,0,0.24603224,16066.0,5,0,2,0,0.0
75884,0,0.34369821799999994,63,0,2943.0,,12,0,2,0,0.0
75886,0,0.299064069,50,0,2208.0,1.0,13,0,1,0,1.0
75888,0,0.038763777,49,0,0.394922764,8350.0,8,0,1,0,3.0
75890,0,0.069791478,52,0,0.110103972,3750.0,7,0,1,0,0.0
75893,0,0.173127521,35,0,1003.0,,4,0,1,0,0.0
75894,0,0.9999998999999999,62,0,2796.0,,5,0,1,0,3.0
75900,0,0.040903184,48,0,0.025989604,2500.0,6,0,0,0,2.0
75901,0,0.9999998999999999,26,0,0.0,1450.0,0,2,0,0,0.0
75904,0,0.052678602000000005,37,0,3279.0,,8,0,3,0,0.0
75907,0,0.02023919,43,0,0.596963761,2041.0,7,0,1,0,2.0
75908,0,0.942459776,45,0,0.12556843199999998,6816.0,3,0,0,0,3.0
75909,0,0.6004172560000001,49,1,0.6143813579999999,11500.0,13,0,4,0,0.0
75910,0,0.145867099,34,0,0.35835629,4355.0,8,0,2,0,1.0
75911,0,0.065468302,28,0,40.5,1.0,6,0,0,0,0.0
75912,0,0.000549973,51,0,0.050552082000000005,7516.0,8,0,0,0,0.0
75913,0,0.19911387,70,0,1018.0,,15,0,0,0,0.0
75914,0,0.9757294790000001,43,1,0.3828915,7317.0,5,0,2,0,2.0
75915,0,0.274511092,49,0,0.275733774,4837.0,8,0,1,0,1.0
75916,1,0.8234381059999999,42,2,0.316909295,6250.0,8,0,0,0,3.0
75917,0,0.14396652599999998,69,0,1130.0,,6,0,1,0,
75918,0,0.009467833,82,0,1500.0,,6,0,2,0,0.0
75919,1,1.002460781,45,1,0.142618617,7186.0,5,5,0,0,0.0
75920,1,0.9999998999999999,37,1,0.18494527600000002,4476.0,2,1,0,1,3.0
75922,0,0.033056089,69,0,158.0,,8,0,1,0,0.0
75924,0,0.26225979899999996,36,0,0.49738917899999996,9000.0,23,0,1,0,0.0
75926,0,0.235675159,49,1,0.380663026,13000.0,10,0,2,0,2.0
75927,0,0.36966634200000004,48,0,0.197353245,16472.0,10,0,1,0,2.0
75928,0,0.493220271,47,0,0.523068133,7000.0,4,0,2,0,3.0
75929,0,0.8378359259999999,47,0,3240.0,,12,0,1,0,1.0
75931,0,0.0,59,1,3.24435113,5000.0,10,0,3,0,0.0
75932,0,0.107159948,68,0,197.0,,6,0,0,0,0.0
75933,0,0.07800296799999999,48,0,486.0,,8,0,0,0,
75934,0,0.273379602,40,0,1.17005473,2557.0,7,0,2,0,2.0
75935,0,0.308013897,72,0,0.406998971,6800.0,12,0,2,0,0.0
75936,0,0.022389495,93,0,24.0,,6,0,0,0,0.0
75939,0,0.512228888,32,0,0.0526876,1878.0,2,0,0,0,0.0
75940,0,0.282262264,68,3,1.582768635,1032.0,8,0,1,0,0.0
75943,0,0.076155867,33,0,0.473570138,8304.0,11,0,3,0,1.0
75944,0,0.0,60,0,3530.0,,4,0,2,0,2.0
75945,0,0.010236081,50,0,1885.0,,9,0,1,0,0.0
75946,0,0.666523526,48,3,0.5884651160000001,5374.0,10,0,2,1,3.0
75947,0,0.993212533,58,2,3328.0,,4,2,1,0,0.0
75948,0,0.021671931000000002,49,0,1569.0,,6,0,1,0,0.0
75949,0,0.04257931400000001,56,0,0.17391748399999998,9791.0,12,0,1,0,0.0
75950,0,0.07679647,61,0,0.320722383,7585.0,11,0,2,0,0.0
75951,0,0.09907597,62,0,0.234635117,9550.0,8,0,2,0,0.0
75952,0,0.023806777,75,0,18.0,,4,0,0,0,
75955,0,0.06199009,79,0,0.288562028,5166.0,9,0,1,0,0.0
75956,0,0.00014285399999999998,72,0,0.560029331,15000.0,14,1,4,0,0.0
75957,1,0.9999998999999999,43,0,0.39366827299999996,2905.0,6,0,1,0,0.0
75959,0,0.0312247,66,0,2228.0,,11,0,2,0,0.0
75960,0,0.35853261299999994,67,0,0.094460369,15000.0,6,0,1,0,1.0
75962,0,0.509056865,63,0,0.296489528,13416.0,13,0,2,0,1.0
75963,0,0.0074908940000000005,63,0,0.134774317,4718.0,7,0,1,0,0.0
75964,0,0.028138641000000002,41,0,0.005332740999999999,9000.0,4,0,0,0,1.0
75965,0,0.316984151,57,0,1379.0,,4,0,1,0,0.0
75967,0,0.509880916,51,0,0.277620397,6000.0,11,0,0,0,0.0
75968,0,0.13465842,51,0,0.291024585,8500.0,13,0,2,0,1.0
75970,0,0.046567122999999995,31,0,0.058109747999999996,7416.0,4,0,0,0,0.0
75972,0,0.022589803999999998,42,0,0.193415638,1700.0,3,0,0,0,2.0
75973,0,0.14773253,56,0,0.189835072,5941.0,14,0,0,0,0.0
75974,0,0.027394521,41,1,0.328467153,10000.0,7,0,1,0,2.0
75975,0,0.246393912,48,0,0.683433318,2166.0,8,0,1,0,4.0
75976,0,0.035202928,40,0,0.335622214,8300.0,15,0,1,0,2.0
75977,0,0.35279499799999997,54,1,8151.0,,13,0,3,0,4.0
75978,0,0.36117520399999997,43,0,363.0,1.0,6,0,0,0,0.0
75979,0,0.428359461,36,0,0.998077662,2600.0,6,0,2,0,1.0
75980,0,0.013748854,65,0,0.10674858400000001,20833.0,9,0,1,0,1.0
75981,0,0.350767548,37,0,0.10999000099999999,11000.0,7,0,0,0,1.0
75982,0,0.022218056,67,0,0.0009343960000000001,20333.0,4,0,0,0,2.0
75983,0,0.626991565,63,5,0.520762842,3250.0,11,0,1,0,0.0
75986,0,0.152462896,56,0,3250.0,,14,0,2,0,0.0
75988,0,0.352888122,41,0,0.545383534,6400.0,9,0,1,0,2.0
75989,0,1.037924152,28,0,0.49199608,3060.0,5,0,2,0,0.0
75990,0,0.327420547,41,0,0.435112977,5000.0,4,0,1,0,0.0
75991,0,0.076115486,82,0,0.003999111,4500.0,6,0,0,0,0.0
75992,0,0.9999998999999999,38,0,0.0,,1,0,0,0,0.0
75996,0,0.082277878,35,0,0.14986871300000001,4950.0,7,0,0,0,0.0
75997,0,0.092429972,25,0,0.168332667,2500.0,9,0,0,0,0.0
75998,0,0.6988946709999999,59,2,0.268481452,11240.0,17,0,1,0,1.0
75999,0,0.62143696,49,2,2693.0,,18,0,2,0,2.0
76000,0,0.0,28,0,0.762697752,1200.0,9,0,1,0,0.0
76001,0,0.674177163,54,0,0.775506577,5625.0,8,0,2,0,2.0
76002,0,0.02666186,49,0,0.275116656,10500.0,16,0,2,0,0.0
76003,0,0.34471035299999997,31,0,0.305292628,7500.0,6,0,1,0,2.0
76004,0,0.015499354,67,0,0.09215705099999999,10416.0,5,0,1,0,1.0
76006,0,0.5740859220000001,41,0,0.458407712,2800.0,6,0,0,0,1.0
76007,0,0.002595133,69,1,0.248454316,13100.0,12,0,3,0,0.0
76010,0,0.288092536,29,0,0.294463498,2040.0,7,0,0,0,0.0
76012,0,0.0,66,0,0.001666111,3000.0,9,0,0,0,0.0
76015,0,0.0,50,0,2180.0,,12,0,1,0,3.0
76017,0,0.334418258,54,0,0.124390244,2049.0,5,0,0,0,2.0
76018,0,0.129974005,57,0,0.008870215,2141.0,1,0,0,0,0.0
76020,0,0.11359253400000001,65,0,0.035443484,5670.0,6,0,0,0,0.0
76021,0,0.003166859,62,1,0.189220074,10500.0,17,0,2,0,0.0
76022,0,0.35592009700000005,63,0,0.28511547600000003,12166.0,3,0,1,0,0.0
76027,0,0.199030321,51,0,0.519354012,3900.0,8,0,1,0,1.0
76028,0,0.224869375,45,0,0.117110361,8000.0,15,0,0,0,0.0
76030,0,0.011068834,47,1,0.21276969,5700.0,10,0,2,1,0.0
76031,0,0.041787073,63,0,0.36403444799999995,6850.0,14,0,1,0,0.0
76033,0,0.429152362,52,0,0.297381987,9892.0,5,0,2,0,0.0
76034,0,0.062935194,55,0,0.26765459199999997,5465.0,29,0,1,0,0.0
76035,0,0.13170330800000002,39,0,0.378801489,7792.0,9,0,1,0,2.0
76036,0,0.734013147,43,0,0.35307989799999995,10600.0,13,0,2,0,3.0
76038,0,0.00644652,39,1,1422.0,0.0,7,0,1,0,2.0
76040,0,0.242076431,46,0,0.16396761099999999,6915.0,5,0,1,0,0.0
76041,0,0.024310981000000002,71,0,0.071411875,8555.0,4,0,1,0,0.0
76042,0,0.800875628,46,0,0.9396654720000001,1673.0,5,0,0,0,1.0
76044,0,0.9999998999999999,68,0,0.229387755,1224.0,1,0,0,0,0.0
76045,0,0.030871605,37,0,0.35378095,8965.0,7,0,2,0,1.0
76046,0,0.190386058,55,0,0.323186313,9000.0,9,0,2,0,0.0
76047,0,0.9999998999999999,51,0,0.0,1445.0,1,0,0,0,0.0
76050,0,0.0,30,0,0.230564505,7138.0,4,0,1,0,0.0
76051,0,0.45165471799999996,56,0,0.346449316,5336.0,11,0,1,0,3.0
76052,0,0.084081454,30,0,0.470454545,3079.0,12,0,1,0,0.0
76053,0,0.341492973,47,1,0.431563962,9833.0,24,0,2,0,2.0
76055,0,0.747178118,41,0,0.452769298,11464.0,13,0,1,0,1.0
76056,0,0.19717058,64,0,527.0,,6,0,1,0,0.0
76057,0,0.16305045099999999,45,0,0.49887778,4900.0,7,0,3,0,0.0
76059,0,0.246875237,71,0,0.5184007270000001,2200.0,13,0,1,0,0.0
76061,0,0.129297414,52,0,0.016081993,12000.0,6,0,0,0,3.0
76062,0,0.24150738600000002,64,0,0.8242398999999999,2400.0,9,0,1,0,0.0
76064,0,0.084899017,83,1,5435.0,,8,0,0,0,
76065,0,0.243928705,57,0,0.538782573,9823.0,12,0,2,0,0.0
76066,0,0.614538546,36,0,0.02879744,11250.0,2,0,0,0,0.0
76067,0,0.002150778,72,0,2.0,,15,0,0,0,0.0
76068,0,0.062148867,57,0,1691.0,,10,0,1,0,0.0
76069,0,0.010959833,62,0,0.047158807000000004,6000.0,5,0,0,0,0.0
76071,0,0.162251696,49,0,0.183887793,14187.0,11,0,1,0,2.0
76072,0,0.047972784000000004,59,0,0.19051441100000002,13704.0,10,0,1,0,0.0
76073,0,0.432858869,49,0,0.7723712709999999,6000.0,15,0,2,0,2.0
76075,0,0.16273490599999998,58,0,0.005997001,2000.0,3,1,0,0,0.0
76076,0,0.470267383,60,0,0.836103457,11250.0,15,0,4,0,3.0
76078,0,0.019396121000000002,67,0,0.056314562,3000.0,4,0,1,0,1.0
76080,0,0.48530698,45,1,3.514632405,1400.0,19,0,3,0,4.0
76081,0,0.517437878,71,0,2.013197361,1666.0,8,0,1,0,0.0
76083,0,0.083810055,42,0,54.0,,2,0,0,0,0.0
76084,0,0.023618654,71,0,0.367763905,880.0,10,0,0,0,0.0
76086,0,0.08189158,37,0,0.070708856,5656.0,12,1,0,0,0.0
76089,0,0.401438874,37,0,0.508153603,7603.0,16,0,4,0,1.0
76091,1,0.9999998999999999,26,0,0.078568794,2710.0,1,0,0,0,3.0
76093,0,0.104051197,49,0,0.32110178300000003,10600.0,8,0,3,0,0.0
76094,0,0.5361584739999999,59,1,1781.5,1.0,22,0,1,1,1.0
76095,0,0.515933134,45,0,0.257013575,6629.0,6,0,0,0,0.0
76097,0,0.028406355,81,0,0.006766696,3398.0,5,0,0,0,0.0
76098,0,0.021970801,85,0,0.004998913,4600.0,3,0,0,0,1.0
76099,0,1.13027604,51,0,0.504859504,15124.0,22,0,2,0,0.0
76100,0,0.114629568,51,0,195.0,,5,0,0,0,4.0
76102,0,0.013289893999999998,51,0,0.128158156,13100.0,4,0,2,0,3.0
76104,0,0.073816173,62,0,816.0,,16,0,0,0,0.0
76106,0,0.040492757000000004,47,0,0.166130884,8709.0,13,0,1,0,1.0
76107,1,0.962258161,63,0,0.383144318,17987.0,19,0,3,0,1.0
76108,0,0.037194064,67,0,54.0,,7,0,0,0,
76111,0,0.047904757,61,0,0.26502526600000004,9300.0,15,0,2,0,1.0
76112,0,0.13288101900000002,60,0,335.0,,4,0,0,0,0.0
76113,0,0.062088462999999997,58,1,0.308125795,5500.0,16,0,1,1,1.0
76114,0,0.0,63,0,0.36944181600000003,8455.0,6,0,2,0,0.0
76115,0,0.9999998999999999,27,0,0.03407542,2200.0,0,4,0,0,0.0
76116,0,0.008449578000000001,64,0,0.31722759100000003,3000.0,5,0,1,0,0.0
76117,0,0.71347421,26,0,0.393838468,1200.0,3,0,0,0,0.0
76122,0,0.9999998999999999,55,0,0.6416110829999999,7795.0,4,0,3,0,2.0
76123,0,0.019887243,55,0,0.493494042,7300.0,18,0,2,0,2.0
76124,0,0.001578781,75,2,0.361455418,2500.0,5,0,1,0,0.0
76125,1,0.62296035,46,4,0.7042279929999999,10666.0,18,0,13,0,1.0
76127,0,0.0,68,1,0.396731534,9300.0,10,0,4,0,0.0
76128,0,0.0,63,0,0.667501445,5190.0,15,0,2,0,0.0
76129,0,0.13803315300000002,58,0,107.0,,2,0,0,0,0.0
76130,0,0.23627479199999998,52,0,0.60288305,4300.0,11,0,1,0,1.0
76134,0,0.788549299,42,0,1.340143447,4600.0,15,0,1,0,0.0
76136,0,0.08062915400000001,50,1,0.036101083,2215.0,8,0,0,0,0.0
76138,0,0.258783205,39,0,0.381936471,5225.0,5,0,1,0,0.0
76139,0,0.321087327,52,0,0.053727613,2400.0,2,0,0,0,0.0
76140,0,0.94722645,63,0,0.8877166540000001,3980.0,11,0,0,0,1.0
76141,0,0.509326934,36,0,0.573482695,5980.0,5,0,1,0,1.0
76142,0,0.051607205,45,0,0.293413174,166.0,3,0,0,0,3.0
76143,0,0.9624568520000001,63,0,0.370525895,5000.0,13,0,1,0,0.0
76145,1,0.276482345,57,0,915.0,0.0,4,1,1,0,0.0
76146,0,0.21611673899999997,34,0,0.209895052,2667.0,8,0,0,0,0.0
76147,1,0.547564444,39,2,1.6813660480000001,3015.0,7,1,1,0,3.0
76148,0,0.138071281,50,0,0.6748650270000001,3333.0,16,0,1,0,1.0
76150,0,0.011660496000000001,84,0,0.002767783,3612.0,5,0,0,0,0.0
76152,0,0.002123012,51,0,0.276236882,5335.0,7,0,1,0,1.0
76153,0,0.593830334,48,1,0.221262299,8333.0,5,0,1,0,5.0
76155,0,0.609439056,80,0,3.96925859,2764.0,13,0,6,0,0.0
76156,0,0.9999998999999999,37,2,2146.0,,5,1,1,0,
76158,0,0.08017663,47,0,3600.0,,10,0,2,0,0.0
76159,0,0.019339951,54,0,0.17122324600000002,6400.0,6,0,1,0,1.0
76160,0,0.097941948,64,0,0.57019937,4764.0,10,0,1,0,0.0
76161,0,0.462162051,63,0,2647.0,,9,0,1,0,1.0
76163,0,0.579427876,47,1,0.266556876,8500.0,9,0,2,1,2.0
76165,0,0.032970366,53,0,0.5604362310000001,3300.0,15,0,2,0,0.0
76166,0,0.018479261,87,0,13.0,,3,0,0,0,
76168,1,0.262458472,48,1,2.304456476,2400.0,7,2,3,0,2.0
76169,0,0.9999998999999999,73,0,0.0,1340.0,3,0,0,0,0.0
76170,0,0.905349794,42,0,0.517526721,8700.0,7,1,2,0,1.0
76172,0,0.011993396000000002,31,0,0.069549892,7375.0,4,0,0,0,0.0
76173,0,0.053435115,46,0,2525.0,,3,0,1,0,
76174,0,0.003794062,63,0,648.0,,10,0,2,0,0.0
76175,0,0.0077652269999999995,45,0,0.00219978,10000.0,5,0,0,0,0.0
76176,0,0.9999998999999999,25,0,225.0,,1,0,0,0,0.0
76178,0,0.440595234,42,0,0.25555168,8600.0,7,0,1,0,2.0
76179,0,0.059481081,49,0,0.49519702,5100.0,6,0,3,0,2.0
76180,0,0.451598194,63,0,1.086381801,3252.0,13,0,2,0,4.0
76183,1,0.530995867,65,0,0.089475989,6850.0,3,0,0,0,0.0
76185,0,0.32140221399999996,62,1,1.140964759,4000.0,20,0,2,0,0.0
76187,0,0.30570577,67,0,0.8679800059999999,3400.0,14,0,2,0,1.0
76188,1,0.43589235299999995,62,2,24466.0,,25,0,15,0,
76189,0,0.009748121,41,1,1395.0,1.0,10,0,1,0,3.0
76190,0,0.38050497,60,0,0.754803294,7650.0,24,0,4,0,0.0
76191,0,0.0,46,0,0.218755769,5416.0,3,0,1,0,0.0
76192,0,0.175731295,30,4,0.118537561,3500.0,7,0,0,0,0.0
76193,0,0.013124759,45,0,0.33115584600000003,7500.0,9,0,1,0,1.0
76195,0,0.0,58,0,0.28526417800000003,4125.0,11,0,1,0,0.0
76196,1,0.307197212,49,0,1.254836795,8424.0,19,0,5,0,2.0
76197,0,0.104499559,30,0,0.19079939699999998,3977.0,6,0,0,0,2.0
76198,1,0.9999998999999999,42,0,50.0,,1,0,0,0,0.0
76199,0,0.0,53,1,0.112429087,11633.0,8,0,1,0,2.0
76201,1,1.011100754,42,2,0.19550125,3600.0,6,0,0,0,1.0
76202,0,0.261495402,68,0,0.005332585,3562.0,2,0,0,0,0.0
76203,1,1.71257485,35,0,0.058776489,2500.0,1,1,0,0,0.0
76204,0,0.0,70,0,0.432139781,8126.0,7,0,2,0,1.0
76205,0,0.098760339,41,0,0.154938957,9009.0,11,0,2,0,0.0
76206,0,0.041104437,57,0,0.592368262,1650.0,9,0,2,0,0.0
76207,0,0.09051653400000001,67,0,1570.0,,11,0,1,0,0.0
76208,0,0.066794797,62,0,1460.0,,7,0,1,0,0.0
76209,0,0.022395521,38,0,0.20375045100000003,2772.0,4,0,0,0,0.0
76212,1,0.14578413199999998,60,3,0.22580383899999998,12346.0,12,0,2,0,1.0
76213,0,0.385815886,47,1,0.318491876,8062.0,13,0,0,0,0.0
76214,0,0.060092162000000005,42,0,0.62063228,1201.0,8,0,1,0,0.0
76216,0,0.141765844,31,0,0.407026564,3500.0,6,0,1,0,2.0
76217,0,0.9366003740000001,28,2,0.35780765299999995,2900.0,11,0,0,0,1.0
76218,0,0.17170707300000002,26,0,0.002651101,43000.0,6,0,0,0,0.0
76219,0,0.016275302,78,0,25.0,,7,0,0,0,0.0
76221,0,0.02359941,72,0,1703.0,1.0,9,0,1,0,0.0
76222,1,0.9571351229999999,69,0,0.41663057600000003,6926.0,15,0,1,1,0.0
76223,0,0.087421593,55,0,0.002102755,42800.0,4,0,0,0,2.0
76224,0,0.009186285,57,0,0.28784477199999997,6235.0,6,0,1,0,0.0
76226,0,0.0009252889999999999,70,0,0.00032726099999999997,9166.0,10,0,0,0,0.0
76227,0,0.057967008,67,0,0.260104042,12494.0,17,0,3,0,0.0
76228,0,0.006653245,64,0,0.002332945,6000.0,17,0,0,0,0.0
76229,0,0.532267495,53,0,0.236491019,13416.0,10,0,2,0,1.0
76230,0,0.935306469,25,0,0.007749785,36000.0,2,0,0,0,0.0
76231,0,0.871664673,58,1,0.11745237300000001,12387.0,10,0,0,0,2.0
76233,0,0.054749088,59,0,0.010121035,9583.0,5,0,0,0,0.0
76235,0,0.24406293699999998,48,2,0.555577338,5100.0,20,0,1,0,0.0
76236,0,0.930086665,58,0,0.39205544600000003,9666.0,10,0,2,0,0.0
76237,0,0.9999998999999999,34,0,0.0,2100.0,0,2,0,0,1.0
76238,0,0.807926563,48,0,0.62322396,9782.0,12,0,2,0,3.0
76239,1,1.0099966679999999,29,3,0.9170103740000001,8000.0,7,0,1,1,0.0
76240,0,0.9999998999999999,63,0,0.248317554,8766.0,14,0,2,0,0.0
76241,0,0.0,50,0,0.542948168,8160.0,9,0,3,0,4.0
76244,0,0.42739136200000005,42,0,0.507518314,7780.0,9,0,2,0,0.0
76245,0,0.09512724199999999,44,0,0.712057588,5000.0,5,0,1,0,0.0
76247,0,0.9999998999999999,33,0,0.39465133700000005,4000.0,4,0,1,0,1.0
76248,0,0.26198085600000004,62,1,0.6649826329999999,3166.0,17,0,1,0,1.0
76250,0,0.032119358,80,0,1020.0,,7,0,1,0,0.0
76252,0,0.207224435,52,0,7.381237525,500.0,11,0,1,0,4.0
76253,1,0.9999998999999999,66,0,0.081653058,6000.0,1,1,1,1,2.0
76254,0,0.847221745,37,0,0.35861151399999996,8267.0,7,0,1,0,1.0
76255,0,0.9999998999999999,66,0,0.319185059,5300.0,6,0,0,0,0.0
76257,0,0.084094061,29,0,0.496013593,7650.0,7,0,1,0,0.0
76259,0,0.044224957999999995,64,0,0.007570347,7000.0,4,0,0,0,1.0
76262,0,0.736260667,68,0,0.500834082,7792.0,10,0,2,0,0.0
76263,0,0.128317919,31,0,0.520841449,7700.0,11,0,2,0,0.0
76265,0,0.021158206000000002,57,0,0.13758777,11250.0,15,0,1,0,0.0
76267,0,0.010257556,73,0,2148.0,,9,0,2,0,0.0
76269,1,0.859964437,71,0,3864.0,,20,0,2,0,0.0
76271,0,0.425861031,38,0,0.236271343,2166.0,4,0,0,1,0.0
76273,0,0.005052018,78,0,0.008230453,3401.0,5,0,0,0,0.0
76274,1,0.9999998999999999,54,4,0.411070525,3558.0,3,1,1,2,2.0
76275,1,0.788997575,50,0,0.496501166,3000.0,23,0,0,0,2.0
76276,0,0.013999222,54,1,0.006357855999999999,1100.0,5,0,0,0,0.0
76277,0,0.723706738,50,1,1.273654917,3233.0,11,0,1,0,2.0
76278,0,0.136177692,31,1,1.551448551,1000.0,5,0,1,0,0.0
76279,0,0.049292302999999996,38,0,3926.0,,11,0,1,0,0.0
76280,0,0.070707397,41,0,0.287942412,5000.0,5,0,2,0,0.0
76281,0,0.101320486,53,0,3169.0,,14,0,1,0,0.0
76282,0,0.375237308,49,0,1.004422226,5200.0,8,0,3,0,3.0
76284,0,0.162921774,67,2,0.7279635259999999,3289.0,23,0,1,0,0.0
76285,0,0.003666422,41,0,0.119542273,9000.0,3,0,1,0,0.0
76286,0,0.119125392,62,0,1753.0,,4,0,1,0,0.0
76287,0,0.0,35,1,0.247923205,5416.0,4,0,2,0,1.0
76288,1,0.9999998999999999,36,0,0.306063085,11000.0,5,0,4,0,4.0
76290,0,0.724279835,34,0,0.284769625,4687.0,4,0,1,0,1.0
76291,0,0.06570292400000001,35,0,3.78468461,12000.0,16,0,4,0,1.0
76293,0,0.151763927,45,0,0.332784378,8500.0,17,0,1,0,4.0
76294,0,0.603490575,37,0,0.434801106,4700.0,9,0,0,0,4.0
76295,0,0.7338742009999999,44,0,0.148036732,6315.0,5,0,0,0,0.0
76296,0,0.23859703100000001,29,0,0.13486921,4166.0,7,0,0,0,0.0
76297,0,0.122643868,36,0,0.5816626570000001,3740.0,7,0,2,0,1.0
76298,0,0.007132858000000001,73,0,59.0,,5,0,0,0,
76300,0,0.351911099,51,0,0.516336369,5600.0,15,0,3,0,3.0
76301,0,0.087962758,44,0,5399.0,,23,0,5,0,0.0
76304,0,0.028699132999999998,43,0,0.11774507099999999,3600.0,13,0,0,0,0.0
76305,0,0.460026469,50,0,0.8123977459999999,5500.0,17,0,5,0,2.0
76306,1,0.752808989,26,2,217.0,,6,0,0,0,
76307,0,0.044962546,41,0,73.0,,3,0,0,0,0.0
76309,0,0.340355321,67,0,0.292682927,2500.0,4,0,0,0,0.0
76310,1,0.0,49,0,0.125350886,10330.0,8,1,1,0,2.0
76312,0,0.319928783,46,0,0.085296783,17655.0,10,0,0,0,4.0
76314,0,0.10787897800000001,56,0,0.450203984,12500.0,13,0,4,0,0.0
76315,0,0.010999871999999999,71,0,26.0,,13,0,0,0,0.0
76316,0,0.234513198,36,1,0.343947085,6500.0,11,0,2,0,1.0
76318,0,0.0,84,0,0.0,2382.0,1,0,0,0,0.0
76320,0,0.053071479000000005,53,0,0.19066560600000002,3770.0,7,0,1,0,0.0
76321,0,0.0,37,0,0.5678864229999999,5000.0,4,0,2,0,0.0
76323,0,0.00175993,67,0,0.0,,5,0,0,0,0.0
76325,0,0.39403989899999997,27,0,0.409683064,5142.0,9,0,1,0,1.0
76326,0,0.358491271,74,0,287.0,,3,0,0,0,0.0
76327,0,0.013758376999999999,68,0,0.003952569,4553.0,7,0,0,0,0.0
76328,0,0.153425858,55,0,0.286900066,12167.0,8,0,1,0,0.0
76329,0,0.11755542,55,0,0.12042632699999999,9100.0,13,1,1,0,0.0
76331,0,0.575217516,71,2,1.1312828209999999,3998.0,16,0,1,0,0.0
76333,0,0.0011411239999999999,64,0,0.172157559,15206.0,9,0,1,0,2.0
76334,0,0.130599049,66,0,0.806575342,7299.0,14,0,2,0,0.0
76337,1,0.9999998999999999,32,1,0.151890034,2909.0,5,3,0,1,1.0
76338,0,0.9999998999999999,22,0,0.037308461,1500.0,0,0,0,0,0.0
76343,0,0.035964036,21,0,1.0,0.0,1,0,0,0,0.0
76346,0,0.042525495,77,0,0.048983672,3000.0,11,0,0,0,0.0
76347,0,0.06838552099999999,56,0,97.0,,6,0,0,0,0.0
76348,1,0.741049126,28,1,0.020228216,1927.0,1,0,0,0,0.0
76349,0,0.059411752000000005,38,0,0.917937927,1900.0,11,0,1,0,0.0
76351,0,0.18053321100000003,60,1,216.0,,14,0,0,0,
76352,0,0.25998977300000004,49,0,0.470113325,13500.0,15,0,4,0,1.0
76353,0,0.066086292,42,0,0.49188405799999996,3449.0,4,0,1,0,0.0
76355,0,0.006944123000000001,43,0,0.275107604,5575.0,6,0,1,0,2.0
76356,0,0.15907428,55,0,617.0,,6,0,0,0,0.0
76359,0,0.9999998999999999,60,0,0.0,,1,0,0,0,
76360,0,0.403854034,59,0,1.172442131,7300.0,19,0,4,0,0.0
76361,0,0.022232041,60,0,0.008489181,31333.0,4,0,0,0,0.0
76362,0,0.05499255,64,0,121.0,,10,0,0,0,0.0
76363,0,0.080274247,46,1,0.381557281,4250.0,8,0,1,0,4.0
76364,0,0.265154171,40,0,0.5764406470000001,5500.0,16,0,1,0,0.0
76365,0,0.8387687079999999,60,0,0.818590705,2000.0,18,0,0,0,0.0
76366,0,0.190766593,52,1,5371.0,,19,0,3,0,2.0
76367,0,0.945459504,47,0,0.072376832,10168.0,6,0,0,0,4.0
76369,0,0.882919735,49,0,0.491584736,6000.0,9,0,1,0,2.0
76375,0,0.021748912999999998,72,0,1312.0,,8,0,1,0,0.0
76378,0,0.060965650999999996,86,0,0.04532901599999999,10500.0,11,0,1,0,0.0
76379,0,0.0,92,0,0.0,3069.0,1,0,0,0,0.0
76386,0,0.011888051,58,0,0.387555683,13917.0,8,0,3,0,0.0
76387,0,0.82371316,54,0,0.281747558,13000.0,17,0,1,0,0.0
76388,0,0.9999998999999999,60,5,0.28667833,4000.0,7,1,1,2,0.0
76390,0,0.004559166,67,1,0.052745665,11071.0,7,0,1,0,0.0
76391,0,219.0,58,0,0.050676538,7833.0,2,0,0,0,1.0
76392,0,0.417721519,25,0,171.0,,8,0,0,0,
76393,0,0.006468548,61,0,0.187054306,3645.0,5,0,1,0,1.0
76394,0,0.137801247,59,0,0.202879232,3750.0,6,0,1,0,2.0
76395,1,0.897009967,33,0,0.409559513,3200.0,8,1,0,1,0.0
76396,0,0.044941443,71,0,0.208721011,7200.0,8,0,1,0,0.0
76397,0,0.889622076,30,0,1.120303126,3166.0,8,0,2,0,0.0
76398,0,0.324191903,77,0,0.400919429,4132.0,10,0,2,0,1.0
76399,0,0.304756508,53,0,0.388268381,12444.0,9,0,2,0,2.0
76400,0,0.13339716,64,1,0.115116631,3300.0,5,0,0,0,0.0
76401,0,0.305162581,49,0,0.18570357399999998,4000.0,3,0,1,0,0.0
76403,0,0.9999998999999999,34,0,0.163446475,5744.0,4,0,1,0,2.0
76405,0,0.303584821,71,0,0.214330348,4800.0,3,0,1,0,0.0
76408,0,0.060546722000000004,48,0,1184.0,1.0,15,0,2,0,1.0
76409,0,0.302998753,68,0,0.292033807,5560.0,11,0,0,0,0.0
76411,0,0.75249501,23,0,11.0,0.0,1,0,0,0,0.0
76414,0,0.041849234,43,0,0.8677092679999999,7800.0,10,0,3,0,0.0
76416,0,0.25411639199999997,39,0,4759.0,,9,0,1,0,0.0
76419,0,0.036509675,60,0,0.43198936600000004,2256.0,8,0,1,0,0.0
76421,0,0.020940036999999998,48,1,0.30661346899999997,8270.0,12,0,2,0,3.0
76422,0,0.25639271199999997,83,0,0.26514912,9488.0,13,0,2,0,1.0
76423,0,0.216195676,55,0,0.282082535,5742.0,9,0,2,0,2.0
76424,0,0.050496424000000005,71,0,0.61732935,4350.0,13,0,2,0,0.0
76425,0,0.9999998999999999,65,0,0.661785642,4916.0,9,0,2,0,0.0
76426,0,0.135808525,70,0,0.392637311,8447.0,11,0,2,0,0.0
76427,0,0.7758723559999999,42,0,0.463056746,7700.0,8,0,2,0,1.0
76428,1,0.336897337,28,2,0.545613597,4000.0,14,0,2,0,0.0
76429,0,0.296977156,47,1,0.211939446,3500.0,5,0,0,0,0.0
76430,0,0.9999998999999999,48,0,56.0,0.0,2,0,0,0,2.0
76435,0,0.8197532190000001,39,0,0.215171618,10400.0,10,0,0,0,3.0
76439,0,0.019737381000000002,73,2,0.32039406,6800.0,6,0,2,0,1.0
76440,0,0.89645842,56,3,10218.0,,22,0,5,0,0.0
76441,1,0.020680868999999998,50,0,0.35501306200000005,11100.0,11,0,2,0,0.0
76443,0,0.0,31,0,0.0,2864.0,3,0,0,0,0.0
76444,1,0.52090943,29,0,0.29512372600000003,2747.0,12,0,0,0,0.0
76445,0,0.427628619,59,0,0.238455179,8466.0,10,0,2,0,1.0
76448,0,0.001103579,39,0,0.8262934270000001,4000.0,6,0,2,0,0.0
76451,0,0.810879934,41,2,0.39640031299999995,11500.0,16,0,2,0,3.0
76452,0,0.9999998999999999,50,1,0.648468708,750.0,2,0,0,0,1.0
76453,0,0.010404514,56,0,0.28505650899999996,7166.0,5,0,1,0,5.0
76456,0,0.9999998999999999,33,0,0.37742631200000004,6954.0,7,0,3,0,1.0
76460,0,0.155672582,56,0,0.180790034,6100.0,17,0,1,0,0.0
76461,0,0.017572956,50,0,0.632826663,7170.0,12,0,4,0,0.0
76462,0,0.043768722999999995,57,0,1.535580524,800.0,17,0,1,0,0.0
76463,1,0.9999998999999999,34,3,0.308774528,2700.0,6,2,0,2,2.0
76464,0,0.14699183400000002,38,0,0.023660714,4479.0,4,0,0,0,0.0
76465,0,0.0,44,0,0.235373165,9673.0,6,0,2,0,0.0
76466,0,0.042823169,77,0,0.282399547,5300.0,9,0,1,0,0.0
76467,0,0.017664704,65,0,4.0,,3,0,0,0,0.0
76468,0,0.343393696,45,0,0.48835568100000004,4250.0,7,0,1,0,4.0
76469,0,0.222521597,63,0,0.13222942199999999,12500.0,4,0,1,0,0.0
76470,0,0.092049854,64,0,0.32642124899999997,8583.0,14,0,1,0,1.0
76471,0,0.0,58,0,0.30166408699999997,5167.0,6,0,1,0,0.0
76473,0,0.013648188,65,0,18.0,,4,0,0,0,0.0
76474,0,0.060048499000000005,54,0,0.290568979,6414.0,7,0,1,0,0.0
76475,0,0.8365721140000001,50,0,0.29978662899999997,11247.0,15,0,1,0,1.0
76476,0,0.055454197000000004,54,0,3564.0,,9,0,2,0,0.0
76477,0,0.030934001000000003,52,0,0.136297208,13000.0,9,0,1,0,0.0
76479,0,0.120014285,33,0,0.331643266,7691.0,12,0,2,0,3.0
76480,0,0.888446215,33,0,434.0,,3,0,0,0,0.0
76482,0,0.992598075,32,0,0.018407019,5812.0,3,1,0,0,1.0
76484,0,0.0191664,54,0,2988.0,,16,0,1,0,0.0
76485,0,0.65559017,49,0,0.231506849,2919.0,6,0,0,0,1.0
76486,0,0.21150941199999998,69,1,0.57659324,5946.0,30,0,1,0,0.0
76487,0,0.098806103,55,0,3594.0,,9,0,2,0,0.0
76489,0,0.871710911,64,0,1.2295081970000001,2500.0,11,0,2,0,0.0
76490,0,0.001150771,37,0,0.223585623,9208.0,8,0,2,0,0.0
76493,0,0.596711722,31,0,0.19266369600000002,2916.0,9,0,0,0,0.0
76494,0,0.231742064,44,0,0.349284311,7125.0,8,0,2,0,3.0
76495,0,0.030998708,32,0,0.417758907,5416.0,7,0,2,0,2.0
76496,0,0.055918672,66,0,0.318759603,7158.0,16,0,1,0,0.0
76497,0,0.06464975,48,1,5.57381258,778.0,17,0,2,0,2.0
76498,0,0.255846504,45,0,0.29022797,7500.0,10,0,1,0,3.0
76499,0,0.191316409,52,0,0.34015765299999995,9133.0,6,0,1,0,1.0
76500,0,0.001674909,77,0,0.000714723,9793.0,13,0,0,0,0.0
76501,0,0.8968866040000001,31,0,0.41616432200000003,4478.0,7,0,1,0,2.0
76502,0,0.181403261,35,0,0.13520455,5450.0,9,0,0,0,3.0
76504,0,0.0,51,0,576.0,,5,0,1,0,0.0
76505,0,0.007031554000000001,29,0,0.250363901,6182.0,12,0,2,0,0.0
76506,0,0.5223067570000001,62,1,5771.0,,15,0,2,0,0.0
76507,0,0.06596701599999999,23,0,0.005082095,2557.0,2,0,0,0,0.0
76508,0,0.12975539,46,0,0.297540492,5000.0,6,0,2,0,1.0
76509,0,0.105618399,52,0,0.33646829899999997,6166.0,6,0,3,0,0.0
76510,1,0.76624875,37,0,0.44458478100000004,9500.0,5,0,2,0,2.0
76511,0,0.19009272100000002,50,0,3817.0,,15,0,3,0,0.0
76512,0,0.142723225,49,0,0.195840555,5192.0,10,0,0,0,2.0
76513,0,0.012922083000000001,43,0,0.286339208,8000.0,7,0,1,0,2.0
76514,0,0.015646599,56,0,0.040061931,5166.0,6,0,0,0,0.0
76515,0,0.8269409329999999,40,0,0.99700075,4000.0,5,0,2,0,0.0
76516,0,0.029110771,52,0,0.007789159,9371.0,4,0,0,0,0.0
76518,0,0.17259137,57,0,1558.0,,3,0,1,0,0.0
76519,0,0.101811822,57,0,0.268981629,9416.0,22,0,3,0,0.0
76520,0,0.0,67,0,0.261021057,6600.0,10,0,2,0,0.0
76524,0,0.487626323,47,0,0.775835015,4460.0,9,0,2,0,1.0
76525,1,0.116499752,65,1,0.17682182100000002,7368.0,11,0,2,0,0.0
76526,0,0.026274383,58,0,0.12238147699999999,1813.0,10,0,0,0,0.0
76528,0,0.322100634,44,1,0.7761882790000001,8667.0,23,0,5,0,3.0
76531,0,0.046793672,73,0,0.42928565399999996,11800.0,8,0,2,0,1.0
76532,0,0.35414965,45,1,0.34813521299999994,8016.0,9,0,1,0,0.0
76533,0,0.036163475,75,0,0.38480337700000006,4500.0,14,0,1,0,0.0
76535,0,0.15547598199999998,47,0,0.332778009,2400.0,21,0,0,0,1.0
76537,0,0.018202841,87,0,0.07436794,7435.0,5,0,0,0,0.0
76538,0,0.24517309899999998,58,0,0.518653987,4100.0,11,0,1,0,0.0
76539,0,0.036971679,60,0,0.208232647,12000.0,6,0,1,0,0.0
76541,0,0.059524546,58,0,0.216857734,19800.0,5,0,1,0,0.0
76542,0,0.339059047,45,0,0.43871436399999997,11013.0,14,0,2,0,4.0
76543,0,0.028446153999999998,59,0,6751.0,,20,0,2,0,0.0
76545,0,0.050228795,48,0,0.522818633,4228.0,10,0,1,0,1.0
76546,0,0.082695253,53,3,0.23834271699999998,6926.0,8,0,1,0,1.0
76547,0,0.251958174,70,0,0.332111508,10366.0,14,0,4,0,0.0
76550,0,0.9999998999999999,35,1,0.06719462400000001,4166.0,2,0,0,0,0.0
76551,0,0.552108382,57,0,0.939034046,2525.0,11,0,1,0,0.0
76552,1,0.955383167,28,0,0.201170446,4100.0,8,0,0,0,0.0
76554,0,0.036971629,57,0,0.41345553,4800.0,5,0,1,0,0.0
76555,0,0.16225585,40,0,815.0,1.0,7,0,1,0,3.0
76558,0,0.004061476,63,0,0.53122398,1200.0,12,0,1,0,0.0
76559,0,0.9999998999999999,37,0,0.43734776700000005,7389.0,5,0,2,0,3.0
76560,0,0.674878258,76,0,9.460245342999999,2200.0,11,0,0,0,0.0
76562,0,0.354782261,75,0,1.314089803,4520.0,12,0,2,0,1.0
76563,0,0.054423639,69,0,0.184058583,7100.0,5,0,1,0,0.0
76565,0,0.9999998999999999,46,0,0.0,7933.0,2,0,0,0,6.0
76566,0,0.0,88,0,0.0,,3,0,0,0,
76570,0,0.0,68,0,1058.0,,7,0,1,0,
76574,0,0.9999998999999999,58,0,0.07950488,4200.0,1,1,0,0,2.0
76575,0,0.988584285,40,1,0.511098881,5450.0,11,0,1,0,2.0
76576,0,0.082406521,66,0,0.07392607400000001,1000.0,7,0,0,0,0.0
76577,0,0.166834158,58,0,0.319575586,10272.0,15,0,2,0,2.0
76579,0,0.0,46,0,0.0,,7,0,0,0,2.0
76581,0,0.663923888,72,0,1.6439363009999999,2448.0,11,0,1,0,0.0
76583,0,0.9999998999999999,63,0,0.194417442,7200.0,6,0,1,0,1.0
76584,0,0.422728706,48,0,0.24951941600000002,2600.0,4,0,0,0,0.0
76585,0,0.068386323,30,1,0.002424242,4124.0,2,0,0,0,0.0
76586,0,0.0,49,0,0.148337074,4900.0,5,0,0,0,1.0
76587,0,0.001808414,31,1,1.0,,5,0,0,0,
76588,0,0.416292115,70,1,3309.0,,6,0,1,1,0.0
76589,0,0.713078051,71,0,0.65759114,2166.0,12,0,0,0,0.0
76590,0,0.06084054,36,0,0.329266226,5900.0,10,0,2,0,2.0
76591,0,0.065483629,25,0,0.030973451000000003,225.0,1,0,0,0,0.0
76592,0,0.005060324000000001,68,0,3265.0,,14,0,1,0,0.0
76594,0,0.027088417000000004,64,0,2523.0,,17,0,1,0,0.0
76595,0,0.012856633000000001,39,0,0.341939755,6041.0,8,0,2,0,2.0
76596,0,0.122453351,44,0,0.28484401,10833.0,13,0,1,0,2.0
76597,1,0.811382426,27,1,0.33349609399999997,2047.0,4,0,0,0,1.0
76599,0,0.06725093900000001,52,0,123.0,,7,0,0,0,0.0
76600,0,0.004820132,45,0,0.20695268,8600.0,11,0,2,0,2.0
76602,0,0.064167374,68,0,51.0,,4,0,0,0,0.0
76603,1,0.949236022,57,3,0.521766429,14333.0,15,0,3,1,1.0
76604,0,0.0,64,0,780.0,,14,0,1,0,0.0
76605,0,0.626192789,33,0,0.891048292,1697.0,9,0,0,0,0.0
76609,0,0.029998182,63,0,0.528610354,733.0,7,0,1,0,0.0
76613,0,0.38170101700000003,57,0,0.592110829,9455.0,12,0,1,0,0.0
76615,1,0.9999998999999999,52,0,0.040416932999999995,4700.0,2,3,0,0,1.0
76616,0,0.269559762,49,0,0.308372642,6783.0,16,0,0,0,2.0
76617,0,0.168034242,63,0,3770.0,,13,0,1,0,0.0
76618,0,0.44155844200000005,70,0,0.42518775299999995,3461.0,5,0,1,0,1.0
76620,0,0.42973518899999996,45,0,1041.0,,11,0,0,0,0.0
76622,0,0.020374491,58,0,0.35586924200000003,6729.0,9,0,1,0,2.0
76623,0,0.41854543200000005,56,0,0.479408237,2500.0,11,0,1,0,0.0
76624,0,0.853624122,60,0,1.105064248,3968.0,9,0,2,0,1.0
76625,0,0.051385100999999996,27,0,0.24727838300000002,4500.0,14,0,0,0,0.0
76626,0,0.333682978,67,0,1289.0,,4,0,1,0,0.0
76627,0,0.196150999,36,0,0.137363483,6500.0,4,0,0,0,0.0
76628,1,0.897763777,46,0,0.737392864,10033.0,17,0,3,0,1.0
76630,0,0.009712434,65,0,0.272745451,5000.0,26,0,1,0,0.0
76631,0,0.600105235,39,1,0.232262883,5355.0,4,0,1,0,5.0
76633,0,0.006404353000000001,70,0,2033.0,,8,0,1,0,0.0
76635,0,0.017847943999999998,78,0,0.152218348,8316.0,12,0,0,0,0.0
76636,0,0.841349157,48,0,40.0,,1,0,0,0,0.0
76637,0,0.31450130800000003,34,1,0.100233595,4708.0,8,0,0,1,2.0
76639,0,0.922813199,39,0,0.5249318270000001,5133.0,9,0,1,0,4.0
76640,0,0.9999998999999999,74,0,6888.0,0.0,6,0,1,0,0.0
76641,0,0.264434457,52,0,3982.0,,10,0,2,0,0.0
76642,0,0.220222279,64,0,0.306144148,13166.0,8,0,2,0,0.0
76643,0,0.203484167,64,0,0.33970228799999996,4500.0,7,0,1,0,1.0
76644,0,0.118974736,33,0,0.35609525299999994,6340.0,8,0,2,0,2.0
76645,0,0.377563651,55,0,0.388515926,7000.0,12,0,2,0,1.0
76646,0,0.677472106,82,0,2898.0,,11,0,0,0,
76647,0,0.909316516,35,0,0.588604418,3983.0,9,0,1,0,0.0
76648,0,0.37469507799999996,52,0,0.6768916159999999,4400.0,20,1,2,1,0.0
76650,0,0.9092874940000001,58,0,0.726263687,6666.0,16,0,2,0,0.0
76651,0,0.12176761800000001,36,0,0.265811182,12000.0,32,0,1,0,2.0
76653,0,0.039405757,38,0,0.609254499,3500.0,15,0,2,0,2.0
76655,0,0.156160649,54,0,0.320964126,8919.0,11,0,2,0,0.0
76656,0,0.038532515,53,0,0.444046874,11178.0,10,0,3,0,0.0
76657,0,0.036464754,64,0,0.191424686,12500.0,6,0,1,0,1.0
76658,0,0.0,64,0,586.0,,9,0,1,0,0.0
76660,0,0.137714971,49,0,0.45451807200000005,3319.0,4,0,1,0,1.0
76661,0,0.068959794,60,0,0.381348511,2283.0,8,0,0,0,1.0
76662,0,0.270227481,33,1,0.8177393190000001,1848.0,9,0,1,0,0.0
76663,0,0.158100873,57,0,0.21472991100000002,8200.0,8,0,1,0,3.0
76664,0,0.34765234799999994,21,0,0.012484395,800.0,1,0,0,0,0.0
76665,0,0.06788134700000001,47,3,0.271821529,4616.0,13,0,1,1,1.0
76666,1,0.047551964,54,0,1.138817481,3500.0,21,0,3,0,1.0
76667,0,0.039036863,58,0,0.387180598,9235.0,13,0,2,0,2.0
76668,0,0.0,62,0,0.250205858,8500.0,15,0,1,0,1.0
76669,0,0.010923654,65,0,2136.0,,12,0,2,0,0.0
76670,0,0.141224645,27,0,0.092726818,4000.0,4,0,0,0,1.0
76671,0,0.050717044,52,0,924.0,0.0,4,0,2,0,1.0
76672,0,0.011647255,28,1,0.0,,1,0,0,0,0.0
76674,0,0.436209635,34,0,0.217353199,2281.0,6,0,0,0,0.0
76675,0,0.9999998999999999,82,0,0.0,3200.0,0,0,0,0,0.0
76678,0,0.45399640700000005,37,1,0.972358361,5100.0,16,0,2,0,1.0
76680,0,0.19003952100000002,52,0,0.73699373,5900.0,20,0,3,0,0.0
76681,0,0.512028704,40,0,0.16102187,5166.0,6,0,1,0,1.0
76683,0,0.53293047,52,0,0.829024187,3596.0,13,0,2,0,1.0
76684,0,0.665629493,37,0,0.371004691,9166.0,9,0,2,0,2.0
76685,0,0.31631129,46,0,1.131956015,3000.0,9,0,2,0,2.0
76686,0,0.0,50,0,0.49375128,4880.0,9,0,1,0,0.0
76687,0,0.9999998999999999,27,0,261.0,,1,3,0,0,0.0
76689,0,0.110428093,54,0,0.209685782,9642.0,12,0,1,0,3.0
76691,0,0.0038697320000000003,55,0,0.21343258699999998,18000.0,13,0,1,0,0.0
76692,0,0.070796213,61,0,0.221950678,4500.0,9,0,1,0,2.0
76693,0,0.09567354,37,0,0.329499072,2694.0,6,0,1,0,2.0
76695,0,0.42197655700000003,49,0,0.511848815,10000.0,11,0,1,0,2.0
76698,0,0.9999998999999999,23,98,0.0,,0,98,0,98,
76701,0,0.08246646099999999,61,0,1381.0,,9,0,1,0,0.0
76702,0,0.064536364,46,0,0.425779911,2916.0,6,0,1,0,2.0
76707,0,0.9999998999999999,25,0,0.054272792,4200.0,3,0,0,0,0.0
76708,0,0.042368549000000005,73,0,0.23288355800000002,2000.0,14,0,1,0,0.0
76709,0,0.24706716,53,0,0.374417968,3650.0,5,0,2,0,2.0
76710,0,0.01038638,79,0,0.385124905,5283.0,7,0,1,0,0.0
76712,0,0.415584416,24,0,0.24670571,1365.0,2,0,0,0,0.0
76713,0,0.0,33,0,0.046941896,6539.0,5,0,0,0,0.0
76714,0,0.543649935,54,0,0.573010892,5416.0,14,0,2,0,0.0
76715,0,0.055678767000000004,31,0,42.0,,5,0,0,0,
76716,0,0.0,32,0,0.477473398,4416.0,5,0,1,0,1.0
76717,0,0.369905204,32,0,0.07046208799999999,3916.0,4,0,0,0,0.0
76718,0,0.225078549,64,0,0.157907454,8276.0,3,0,1,0,0.0
76719,0,0.021222538,47,0,0.18435191399999998,5955.0,10,0,1,0,0.0
76720,0,0.005716532,78,1,0.057090909,8249.0,7,0,1,0,0.0
76722,0,0.266958646,33,0,0.315372865,7200.0,10,0,1,0,2.0
76724,0,0.0,52,0,591.0,,13,0,1,0,0.0
76725,0,0.02323981,74,1,2210.0,,8,0,2,0,0.0
76727,0,0.0017827479999999998,32,0,0.132373525,5000.0,7,0,0,0,2.0
76729,0,0.026376173,58,0,0.141497776,16183.0,9,0,2,0,2.0
76730,0,0.19354214399999997,58,0,181.0,,12,0,0,0,0.0
76731,0,0.9999998999999999,30,0,0.9755102040000001,734.0,2,0,1,1,0.0
76733,0,0.35038009700000006,66,0,0.493255933,5856.0,10,0,1,0,1.0
76734,0,0.9999998999999999,45,0,0.0781893,1700.0,0,1,0,0,0.0
76735,0,0.047698603,74,0,1028.0,,15,0,1,0,0.0
76736,0,0.21722302899999998,41,0,0.39538739799999995,6633.0,7,0,0,0,2.0
76738,0,0.23114528199999998,42,0,0.33456334600000004,4877.0,8,0,1,0,3.0
76739,0,0.214027477,49,0,1750.0,,7,0,1,0,2.0
76740,0,0.0,55,0,1051.0,0.0,8,0,2,0,0.0
76741,0,0.034013999999999996,71,0,0.156084656,5669.0,9,0,1,0,0.0
76742,0,0.996923195,66,1,0.873592631,5861.0,13,0,1,0,0.0
76743,1,0.978174126,70,0,0.38700342,7601.0,11,0,1,1,0.0
76744,0,0.199746354,63,0,0.222022692,12250.0,7,0,2,0,0.0
76745,0,0.9999998999999999,33,1,0.001047395,3818.0,1,2,0,1,2.0
76746,0,0.0016911139999999999,37,0,2295.0,,6,0,1,0,0.0
76747,0,0.8485719209999999,46,0,0.686119507,4300.0,10,0,1,0,1.0
76748,0,0.9999998999999999,47,0,0.0,9000.0,0,0,0,0,1.0
76750,0,0.380859949,63,1,0.355043685,3776.0,6,0,1,0,0.0
76751,0,0.382587465,50,0,739.0,,7,0,0,0,1.0
76753,0,0.9999998999999999,73,0,1089.0,,1,0,1,0,0.0
76754,0,0.16342389,33,0,1331.0,,7,0,1,0,0.0
76755,0,0.378846795,39,0,761.0,,3,0,0,0,0.0
76757,0,1.0744031090000001,41,1,0.403654485,1805.0,3,0,0,0,1.0
76758,0,0.0,53,0,3439.0,,6,0,2,0,1.0
76759,0,0.6679233139999999,39,0,0.401717445,8500.0,8,0,2,0,0.0
76761,0,0.847430514,55,0,0.209864603,1033.0,1,0,0,0,0.0
76762,0,0.021852563999999998,50,0,0.188624492,8614.0,20,0,1,0,0.0
76763,0,0.0,49,0,0.38351664,7000.0,5,0,2,0,2.0
76764,0,0.142789148,40,0,0.19949601,2380.0,6,0,0,0,1.0
76765,0,0.9999998999999999,66,0,0.0,1850.0,0,1,0,0,1.0
76766,0,0.37254753399999996,59,0,0.11872541800000001,15000.0,5,0,1,0,0.0
76768,0,0.06988836799999999,43,0,0.361452641,8783.0,3,0,1,0,3.0
76769,1,0.660692692,52,0,0.553793286,7565.0,14,1,2,1,1.0
76770,0,0.0,51,0,0.253889235,3213.0,8,0,1,0,0.0
76772,0,0.080043635,62,0,0.010707017,11300.0,8,0,0,0,1.0
76773,0,0.00038804800000000005,30,0,0.048271922,3500.0,6,0,0,0,0.0
76774,0,0.040711912999999995,58,0,0.149231346,8000.0,15,0,1,0,1.0
76775,0,0.202970588,44,0,0.22304405,6083.0,7,0,1,0,2.0
76776,0,0.562951118,56,0,0.281635374,9000.0,13,0,0,0,0.0
76777,0,0.07030085700000001,41,0,0.351464854,10000.0,7,0,1,0,1.0
76778,0,0.0457608,68,0,1262.0,,4,0,1,0,0.0
76779,0,0.031634853,51,0,0.471411435,2500.0,7,0,2,0,1.0
76780,0,0.619100904,46,0,2338.0,,11,0,0,0,0.0
76781,0,0.444930934,57,0,0.572856786,4000.0,8,0,1,0,1.0
76782,0,0.449062038,64,0,5149.0,,6,0,1,1,0.0
76783,0,0.01259958,53,0,0.549569564,3600.0,6,0,1,0,0.0
76787,0,0.439156084,45,0,0.924776681,2126.0,5,0,1,0,2.0
76788,0,0.613981578,56,0,4066.0,,9,0,1,0,0.0
76793,0,0.012287803,59,0,23.0,,8,0,0,0,0.0
76794,0,0.17507989399999999,85,0,0.501666296,4500.0,9,0,1,0,0.0
76795,1,0.91476021,40,1,0.192740363,6666.0,7,0,1,0,0.0
76796,0,0.026402737000000003,90,0,26.0,,2,0,0,0,0.0
76798,0,0.21775696100000003,31,0,0.161414174,6250.0,6,0,0,0,0.0
76799,0,0.354353408,34,0,0.27857656399999997,2781.0,4,0,0,0,0.0
76801,0,0.033079001000000004,71,0,1.124287553,5438.0,10,0,3,0,0.0
76802,0,0.9250954490000001,50,1,2354.0,,12,0,0,1,2.0
76803,0,0.9999998999999999,39,0,0.192903548,2000.0,1,1,0,0,0.0
76804,1,0.47310554,28,0,0.19666374,3416.0,17,0,0,0,0.0
76808,0,0.155528861,49,0,0.449379078,4750.0,10,0,1,0,2.0
76809,0,0.298107301,50,0,0.373656586,4000.0,10,0,0,0,0.0
76814,0,0.65420306,58,0,0.452015575,8731.0,14,0,2,0,0.0
76815,0,0.937701351,52,0,0.402224536,18250.0,20,0,4,0,1.0
76817,0,0.9999998999999999,65,0,0.0,0.0,4,0,0,0,0.0
76818,0,0.250213668,31,0,0.326128073,3700.0,9,0,1,0,1.0
76820,0,0.0,69,0,0.087165134,2500.0,11,0,0,0,0.0
76821,0,0.35512156200000006,60,0,0.13271682099999998,4000.0,8,0,0,0,1.0
76822,0,0.86159839,56,1,0.54952673,7500.0,12,0,1,0,1.0
76823,0,0.38409901399999996,33,1,0.650201613,2975.0,7,0,1,0,1.0
76826,0,0.026297616,80,0,0.112754898,2500.0,14,0,1,0,0.0
76827,0,0.33250813100000004,43,0,0.407499048,5253.0,7,0,1,0,3.0
76828,0,0.17149879899999998,62,0,0.41601371200000004,4083.0,11,0,2,0,0.0
76829,0,0.322027847,23,0,0.012738853999999999,2040.0,3,0,0,0,1.0
76831,0,0.002023004,63,0,0.471974784,7296.0,10,0,1,0,0.0
76832,0,0.0038248970000000003,80,0,0.170258047,3758.0,12,0,1,0,0.0
76833,0,0.043164262,73,0,0.012725931000000001,5421.0,9,0,0,0,0.0
76835,0,0.632412835,54,0,0.419826789,11892.0,9,0,2,0,4.0
76836,0,0.011866853,46,0,0.1974,4999.0,11,0,1,0,3.0
76837,0,0.016092443999999997,70,0,50.0,,8,0,0,0,
76839,0,0.369231104,47,0,0.33869796700000004,8263.0,5,0,1,0,0.0
76841,0,0.124103508,59,0,0.184387618,5200.0,6,0,0,0,1.0
76842,0,0.35972454200000004,47,0,0.342283503,4133.0,9,0,1,0,2.0
76843,0,0.9999998999999999,81,0,809.0,,1,0,1,0,
76844,0,0.003278225,65,0,4.0,,4,0,0,0,
76845,0,0.036967997,62,0,0.23724847899999998,2136.0,17,0,2,0,0.0
76846,0,0.9999998999999999,47,0,0.418290855,2000.0,2,0,1,0,2.0
76848,0,0.3833572,72,0,0.600414584,8200.0,13,0,2,0,0.0
76850,0,0.243196915,51,0,0.11336495099999999,17500.0,9,0,1,0,2.0
76851,0,0.43320985,44,0,1114.0,,7,0,0,0,0.0
76852,0,0.350716198,48,1,1.088691796,4058.0,17,0,2,0,1.0
76853,1,0.340501366,39,0,592.0,,5,0,0,0,0.0
76855,0,0.097254475,53,0,2236.0,,10,0,1,0,3.0
76857,1,0.871934605,38,0,571.0,,6,1,1,0,0.0
76858,0,0.456759459,62,0,0.22915985600000002,9176.0,10,0,1,0,0.0
76859,0,0.004659637,80,0,14.0,,16,0,0,0,0.0
76860,0,0.023899202999999997,62,0,1.3575876759999999,3050.0,10,0,3,0,0.0
76861,0,0.039485419,65,0,0.23310955600000002,7000.0,6,0,1,0,0.0
76863,0,0.521540551,26,0,126.0,,3,0,0,0,0.0
76865,0,0.122591835,63,0,4408.0,,14,0,2,0,0.0
76866,0,0.6893011240000001,63,0,0.554254712,3501.0,7,0,1,0,0.0
76869,0,0.63630605,54,0,0.28329193199999997,9258.0,13,0,2,0,2.0
76871,0,0.324157966,46,1,0.375847903,10466.0,15,0,2,0,3.0
76872,0,0.132857421,41,0,0.278038791,8300.0,4,0,1,0,3.0
76874,0,0.413136374,55,0,0.445419302,4900.0,10,0,3,0,0.0
76875,0,0.0,87,0,0.000326335,9192.0,7,0,0,0,0.0
76879,0,0.076840243,54,0,0.394780261,6666.0,5,0,2,0,2.0
76881,0,0.032499462,58,0,595.0,,5,0,0,0,2.0
76882,0,0.271115259,54,0,0.100642224,12300.0,4,0,1,0,2.0
76883,0,0.014408521,77,0,0.201034483,2899.0,11,0,0,0,0.0
76884,0,0.9999998999999999,34,0,0.203699075,4000.0,6,0,0,0,2.0
76885,1,0.495252374,33,3,0.132759823,4300.0,3,1,0,0,0.0
76886,0,0.044405274,47,0,0.18310822399999999,5848.0,6,0,1,0,0.0
76887,1,0.7734088640000001,47,0,1827.0,,9,0,2,0,0.0
76889,0,0.8969866320000001,84,0,5140.0,,27,0,1,0,0.0
76890,0,0.030571265,83,0,0.484312607,1752.0,4,0,2,0,0.0
76891,0,0.9999998999999999,57,0,0.445258365,5050.0,5,0,1,0,0.0
76892,0,0.9999998999999999,28,0,0.193903048,2000.0,2,0,0,1,0.0
76894,0,0.0047840009999999995,35,0,0.231274405,5633.0,8,0,2,0,2.0
76895,0,0.9999998999999999,46,0,0.482629343,4000.0,11,0,1,0,0.0
76896,0,0.079213789,74,2,0.12785901800000002,8000.0,17,0,0,0,0.0
76897,0,0.08983083800000001,74,0,0.027993002000000003,4000.0,6,0,0,0,0.0
76899,0,0.17413578300000002,48,0,0.130798097,45833.0,9,0,3,0,3.0
76902,0,0.288130416,77,0,0.556550719,4800.0,15,0,1,0,0.0
76903,0,0.057165155,49,0,0.5899653979999999,5201.0,8,0,2,0,0.0
76904,0,0.211605905,77,0,0.143571286,5000.0,13,0,0,0,0.0
76905,0,0.032102469,52,0,0.41128622299999995,5900.0,10,0,3,0,8.0
76906,1,0.761974687,46,0,0.30583677,8000.0,15,0,1,0,0.0
76907,0,0.659333517,67,0,0.283344694,4400.0,3,0,1,0,1.0
76909,0,0.47479616399999997,33,0,0.09825764099999999,3500.0,8,0,0,0,1.0
76912,0,0.11046146300000001,81,0,0.13569861,8201.0,4,0,1,0,0.0
76913,0,0.665942876,25,0,0.176964607,3333.0,10,0,0,0,0.0
76914,0,0.070492951,43,0,0.45664905,7000.0,3,0,1,0,0.0
76915,0,0.72760531,73,2,0.15713196,14420.0,15,0,1,0,0.0
76917,0,0.44076968,38,0,0.486474599,4546.0,11,0,1,0,2.0
76919,0,0.012258798999999999,74,1,0.27344569,12400.0,13,0,2,0,1.0
76920,0,0.00652008,65,0,316.0,,6,0,0,0,0.0
76921,0,0.002998522,56,0,0.415922619,5375.0,8,0,2,0,0.0
76922,0,0.050476145,44,1,0.01305813,7121.0,7,0,0,0,3.0
76924,0,0.00371995,47,0,0.251623544,9700.0,9,0,1,0,0.0
76926,0,0.022660119,57,0,0.307269273,10000.0,10,0,2,0,0.0
76927,0,0.6944782820000001,67,0,0.23718477,18200.0,4,0,1,0,1.0
76928,0,0.400124166,59,0,0.076432723,16000.0,9,0,0,0,0.0
76929,0,0.871527658,65,0,1.724078835,2333.0,13,0,1,0,0.0
76930,0,0.007458348,61,0,1301.0,,4,0,1,0,0.0
76932,0,0.9999998999999999,29,3,6.507281552999999,411.0,5,0,2,0,1.0
76933,0,0.179705074,33,0,0.7578740159999999,1015.0,6,0,0,0,0.0
76935,0,0.232115345,64,0,1461.0,,10,0,2,0,1.0
76936,0,0.33999489899999996,53,0,0.36937580299999995,7000.0,9,0,3,0,2.0
76940,0,0.20255594899999999,48,0,0.380798156,18216.0,8,0,2,0,2.0
76941,0,0.11529628800000001,52,0,0.34741655899999996,14650.0,10,0,4,0,3.0
76942,0,0.34645185799999995,56,0,0.30890538,3233.0,9,0,0,0,0.0
76945,0,0.002466584,48,0,0.309957739,7571.0,3,0,1,0,1.0
76946,0,0.398816519,87,1,0.687639447,2240.0,10,0,1,0,0.0
76948,0,0.155693344,58,0,0.157625384,11723.0,4,0,1,0,0.0
76949,0,0.956864808,38,1,0.766116942,2000.0,5,0,1,1,2.0
76951,0,0.30821872300000003,51,1,0.183559625,9500.0,11,0,2,0,0.0
76952,0,0.233427372,49,1,0.475861466,11433.0,9,0,2,0,3.0
76956,0,0.464307436,51,0,0.538253129,7750.0,11,0,1,0,2.0
76957,0,0.350038542,70,0,0.291102349,5832.0,25,0,0,0,1.0
76958,0,0.249059086,51,0,0.274893265,7260.0,13,0,1,0,3.0
76959,0,0.041067203,60,0,0.226912313,8575.0,7,0,1,0,0.0
76960,0,0.29092433100000004,43,0,0.7084449209999999,5600.0,22,0,1,0,0.0
76961,0,0.004330171,49,1,0.072177147,5915.0,9,0,0,0,0.0
76962,1,0.99605367,45,0,0.24306642,7030.0,7,0,1,0,0.0
76963,0,0.490508099,62,0,1.8450968140000001,1600.0,15,0,1,0,0.0
76964,0,0.10827790699999999,53,0,0.36483108299999994,14000.0,14,0,5,0,0.0
76966,0,0.0,43,0,0.650541057,4712.0,8,0,1,0,3.0
76967,0,0.156469722,34,0,0.193835046,3600.0,8,0,0,0,1.0
76968,0,0.009536154,60,0,0.140571886,5000.0,7,1,1,0,0.0
76969,0,0.0,24,0,0.0,820.0,1,0,0,0,0.0
76970,0,0.9999998999999999,46,0,0.0,6283.0,0,0,0,0,2.0
76972,0,0.844075646,60,0,0.604840831,3800.0,9,0,2,0,1.0
76973,0,0.0,28,0,0.09703411599999999,5832.0,8,0,0,0,0.0
76974,0,0.003393101,46,0,0.58269066,3500.0,8,0,2,0,0.0
76975,0,0.933832344,75,0,1386.0,,9,0,0,1,0.0
76976,0,0.5551794529999999,50,1,2410.0,,9,0,2,0,
76977,0,0.484156607,70,0,0.5378592670000001,10089.0,16,0,3,0,0.0
76978,0,0.29940010899999997,27,0,713.0,,3,0,0,0,1.0
76979,0,0.14868995,37,0,0.184815738,3608.0,7,0,1,0,2.0
76980,0,0.016696945,75,0,0.00980859,10500.0,20,0,0,0,0.0
76983,0,0.354976051,47,0,0.32421340600000004,9502.0,12,0,2,0,1.0
76985,0,0.0009450010000000001,59,1,0.41461324200000005,14000.0,8,0,3,0,0.0
76986,0,0.062212095,55,0,0.249231869,13994.0,11,0,2,0,2.0
76987,0,0.017392351,54,0,0.274483678,1500.0,7,0,0,0,0.0
76988,0,0.026675703,53,1,0.154885948,3550.0,17,0,2,0,0.0
76990,0,0.078613505,36,0,769.0,,10,0,0,0,0.0
76991,0,0.077176841,45,0,0.34922089799999995,12000.0,12,0,2,0,3.0
76992,0,0.020155108,53,0,0.006778452,5605.0,8,0,0,0,4.0
76993,0,0.049241745999999996,84,0,1490.0,,14,0,1,0,0.0
76994,0,0.006086219,44,0,0.079392061,10000.0,8,0,1,0,3.0
76995,0,0.325783924,51,1,0.251033196,7500.0,13,0,0,0,1.0
76996,0,0.09977461,48,0,0.284656085,3779.0,5,0,1,0,3.0
76997,0,0.04318878,62,0,526.0,,7,0,0,0,0.0
76998,0,0.111554788,67,0,0.291712953,4500.0,8,0,1,0,0.0
77000,0,0.9999998999999999,58,0,0.0,,0,0,0,0,0.0
77002,0,0.00737822,67,0,0.00389922,3333.0,6,0,0,0,0.0
77004,1,0.504983389,24,1,0.193370166,3800.0,5,0,0,0,0.0
77005,1,0.5272480589999999,42,0,0.459423429,6000.0,6,0,2,0,2.0
77007,0,0.93276002,47,0,0.9346040440000001,9495.0,14,0,2,0,2.0
77008,0,0.877051537,64,0,0.624764191,5830.0,9,0,1,0,5.0
77009,0,0.003980877,61,0,0.7354516240000001,2800.0,12,0,1,0,0.0
77010,0,0.04655741099999999,66,0,3249.0,,15,0,1,0,0.0
77011,0,0.18612096600000003,67,0,0.5626027720000001,4256.0,34,0,1,0,0.0
77012,0,0.05314582,66,0,0.048780488,2541.0,6,0,0,0,0.0
77016,0,0.583715255,32,0,0.246467818,5732.0,7,0,2,1,2.0
77017,0,0.236934208,31,0,0.108134505,7166.0,8,0,0,0,0.0
77018,0,0.014348751000000002,33,0,0.25094981,5000.0,7,0,2,0,0.0
77019,0,0.028340772,48,0,1709.0,,10,0,2,0,3.0
77020,0,0.514404735,53,0,0.37394854,8083.0,15,0,1,0,0.0
77021,0,0.12172149,29,0,0.035638672999999996,2833.0,6,1,0,0,0.0
77022,0,0.782012823,50,0,0.494334089,7500.0,13,0,2,0,1.0
77023,0,0.041577853,66,0,2508.0,,7,0,2,0,0.0
77024,0,0.9999998999999999,48,0,922.0,,1,0,1,0,1.0
77025,0,0.061715094000000005,85,0,62.0,0.0,7,0,0,0,0.0
77026,0,0.544587898,66,0,0.8618122979999999,3089.0,7,0,3,0,0.0
77028,0,0.073782867,50,0,0.24020785100000003,22900.0,13,0,1,0,3.0
77030,1,0.152836788,36,1,2.516038717,12500.0,28,0,15,0,0.0
77032,0,0.008795351,91,0,6.0,,4,0,0,0,
77036,0,0.367057306,67,0,319.0,,4,0,0,0,2.0
77038,0,0.0,74,0,0.423986882,4268.0,7,0,1,0,0.0
77040,0,0.076224405,58,0,7145.0,,11,0,1,0,2.0
77041,0,0.933008946,52,1,0.467559648,21500.0,12,0,4,0,0.0
77042,0,0.9999998999999999,65,0,3713.0,,3,0,1,0,0.0
77044,0,0.535876169,61,0,5852.0,,16,0,2,0,0.0
77046,0,0.82888529,60,2,0.37924495799999997,5800.0,10,0,2,1,0.0
77047,0,0.015427968,42,0,0.343528745,3530.0,20,0,2,0,2.0
77049,0,0.051439835,70,0,32.0,,2,0,0,0,0.0
77051,0,0.989314465,35,0,0.9755033559999999,2979.0,5,0,1,0,1.0
77052,0,0.9999998999999999,37,1,0.048069644,2641.0,2,1,0,0,0.0
77053,0,0.339074273,47,0,1522.0,,7,0,2,0,1.0
77054,0,0.052176618,52,0,0.543360139,4600.0,7,0,2,0,0.0
77055,0,0.9999998999999999,35,0,0.0,9000.0,0,0,0,0,0.0
77056,0,0.160580575,54,0,0.323225722,7650.0,16,0,1,0,1.0
77057,0,0.050189962000000005,63,0,2698.0,0.0,3,0,1,0,1.0
77058,1,0.592657876,43,0,0.31366863300000003,10000.0,6,0,1,0,5.0
77059,0,0.0069337290000000005,41,0,0.9279623640000001,3400.0,10,0,3,0,2.0
77060,0,0.009096838000000001,64,0,0.209368752,3500.0,13,0,1,0,0.0
77062,0,0.054469067999999995,41,0,0.28837693,12500.0,10,0,1,0,2.0
77064,0,0.269826909,67,0,0.17316258399999998,8979.0,7,0,2,0,1.0
77065,0,0.023414645,59,0,0.067870486,20877.0,9,0,1,0,2.0
77067,0,0.47979387799999995,63,1,1.352102965,4350.0,24,0,1,0,0.0
77068,0,0.549813882,34,1,0.8612072279999999,2600.0,10,0,1,0,0.0
77069,0,0.419980639,71,0,0.46875,2047.0,12,0,1,0,0.0
77071,0,0.9999998999999999,40,0,14.0,,0,2,0,0,2.0
77074,0,0.15239163,54,0,1.399176955,3401.0,8,0,2,0,0.0
77075,0,0.999466738,49,0,0.472564634,9166.0,9,0,1,1,0.0
77076,0,0.624113137,44,0,0.40751173700000004,5324.0,10,0,2,0,0.0
77077,0,0.780958897,28,0,0.367053179,2500.0,5,0,0,0,0.0
77080,0,0.035286938999999996,42,0,0.261142547,12900.0,13,0,4,0,2.0
77081,0,0.040547586000000004,71,0,5446.0,,14,0,3,0,0.0
77082,0,0.20574718399999997,69,0,0.6871716659999999,5900.0,20,1,2,0,0.0
77083,0,0.039516006,38,0,0.392864262,10033.0,18,0,4,1,0.0
77084,0,0.321976963,55,0,0.432445759,6083.0,15,0,1,0,0.0
77087,0,0.106307994,66,0,0.182908945,7500.0,12,0,1,0,1.0
77088,0,0.026326448,60,0,1251.0,,16,0,1,0,0.0
77089,0,0.104851559,63,0,4974.0,,11,0,3,0,0.0
77091,0,0.084238315,46,1,0.543369664,13211.0,7,0,1,0,3.0
77093,0,0.9999998999999999,61,0,49.0,,3,0,0,0,0.0
77094,0,0.043523400999999996,81,0,0.013139103000000001,3500.0,6,0,0,0,0.0
77095,0,0.9999998999999999,48,0,75.0,,1,0,0,0,0.0
77096,0,0.9999998999999999,29,1,0.09809496699999999,3516.0,1,0,0,1,0.0
77097,1,0.9653700040000001,60,2,0.970451011,4500.0,15,0,3,1,1.0
77098,0,0.970004285,51,1,0.145136486,5201.0,5,0,1,0,1.0
77099,0,0.009943278,69,0,0.41479924100000004,19500.0,13,0,3,0,1.0
77100,0,0.05197061099999999,42,0,0.368652814,7266.0,8,0,3,0,3.0
77101,0,0.47485625299999995,65,0,0.635133056,6500.0,11,0,2,0,0.0
77102,0,0.944401459,41,0,0.7539225940000001,3823.0,4,0,1,0,3.0
77103,0,0.118483412,80,0,0.039843043,16564.0,4,0,0,0,0.0
77104,0,0.13376220800000002,69,0,0.25778497300000003,10500.0,5,0,1,0,0.0
77105,1,0.9033953109999999,47,6,0.85553379,4083.0,8,5,2,1,1.0
77106,0,0.020279189,73,0,255.0,,9,0,0,0,0.0
77107,0,0.804762168,36,0,0.43678160899999996,2000.0,7,0,0,0,2.0
77108,0,0.054043124000000005,37,0,0.38295909,3250.0,11,0,1,0,0.0
77109,0,0.9999998999999999,52,0,0.0,,1,1,0,0,0.0
77111,0,0.008069638,61,0,0.177528988,2500.0,17,0,0,0,0.0
77112,0,0.9999998999999999,65,1,0.539770969,3230.0,4,2,2,0,0.0
77113,1,0.9999998999999999,56,0,0.15480427,1685.0,2,0,0,0,0.0
77114,0,0.036268533,89,0,0.011195522,5001.0,10,0,0,0,0.0
77115,0,0.041855559,56,0,1855.0,,18,0,2,0,0.0
77116,0,0.45917568,40,0,0.6173861620000001,18600.0,12,0,3,0,2.0
77117,0,0.169755298,37,0,0.449726467,5300.0,16,0,2,0,2.0
77118,0,0.336007154,59,0,0.124882825,9600.0,8,0,1,0,1.0
77120,0,0.019484601,84,0,0.005055612,1977.0,4,0,0,0,0.0
77121,0,0.08251346700000001,60,0,0.299284172,8800.0,7,0,2,0,1.0
77125,0,0.026408491,68,0,0.171597633,4900.0,7,0,1,0,0.0
77126,0,0.0007749810000000001,63,0,0.16900731600000002,18726.0,5,0,1,0,2.0
77127,0,0.56407219,73,3,3542.0,,13,0,1,1,0.0
77128,0,0.066898268,49,1,41.0,,4,0,0,0,0.0
77129,1,0.9999998999999999,30,0,0.031147541,2439.0,0,1,0,0,3.0
77131,0,0.011566878000000001,69,0,0.058857078,8766.0,11,0,2,0,0.0
77132,0,1.012443753,51,0,0.112184097,4866.0,1,0,0,0,0.0
77133,0,0.046655558,67,1,0.41203031799999995,6200.0,19,0,2,1,0.0
77136,0,0.9999998999999999,44,0,0.6691336529999999,4593.0,7,0,3,0,0.0
77137,0,0.841698993,36,0,0.154342283,6666.0,8,0,0,0,0.0
77138,1,0.09542798400000001,39,0,2847.0,,17,0,2,0,2.0
77139,0,0.087120801,66,0,0.368794326,1550.0,9,0,0,0,0.0
77140,0,0.042854082,38,0,0.002375297,7577.0,3,0,0,0,0.0
77143,0,0.035261272,83,0,0.018718503,4166.0,15,0,0,0,0.0
77144,0,0.027011233,34,0,0.093981204,5000.0,8,0,0,0,0.0
77147,0,0.411673181,42,0,0.30028328600000004,6000.0,11,0,1,0,0.0
77149,0,0.030244804,37,1,593.0,,8,0,0,0,0.0
77150,0,0.9999998999999999,47,0,5676.0,,6,0,2,0,0.0
77151,0,0.9999998999999999,34,0,776.0,,2,2,0,0,0.0
77152,0,0.8472796690000001,50,0,0.31215736899999996,3100.0,3,0,0,0,1.0
77154,0,0.030851192000000003,58,0,0.673710602,5583.0,16,0,3,0,0.0
77156,0,0.678147568,38,0,0.42752415899999996,3000.0,4,0,0,0,0.0
77157,0,0.0,75,0,2.891583452,700.0,6,0,2,0,0.0
77158,0,0.6912310770000001,24,0,0.721071864,820.0,4,0,0,0,0.0
77159,0,0.024072893999999997,63,0,0.012802768,2889.0,14,0,0,1,0.0
77160,0,0.081461335,49,0,0.355736203,8733.0,21,0,2,0,0.0
77162,0,0.045286876,73,0,0.196557468,1800.0,11,0,1,0,0.0
77163,0,0.433723446,38,0,1.484330484,701.0,6,0,0,0,3.0
77164,0,0.11185175300000001,29,0,0.19016196800000001,3333.0,11,0,0,0,0.0
77165,0,0.5060445960000001,78,0,0.879242587,2798.0,9,0,2,0,0.0
77167,0,0.144961852,29,0,0.234706617,800.0,4,0,0,0,0.0
77168,0,0.195704966,72,0,0.00066521,184903.0,3,0,0,0,0.0
77169,0,0.9999998999999999,62,0,0.015193922,2500.0,2,1,0,0,0.0
77170,0,0.016869186,64,0,0.37155963299999994,4359.0,9,0,1,0,1.0
77172,0,0.023675828,53,0,0.155442369,5300.0,14,0,1,0,1.0
77173,0,0.6821567620000001,49,1,0.531495391,11715.0,16,0,2,0,0.0
77175,0,0.028332389,39,0,0.711038072,3650.0,10,0,2,0,0.0
77176,0,0.03832837,76,0,0.15033986400000002,2500.0,12,0,1,0,0.0
77177,0,0.170127693,52,0,2033.0,,14,0,1,0,
77179,0,0.7306390290000001,53,0,0.424468922,5083.0,7,0,0,0,1.0
77180,0,0.01550355,35,0,317.0,,5,0,0,0,
77181,0,0.0,31,1,0.252935576,3150.0,10,0,0,0,0.0
77182,0,0.05107604,66,1,1960.0,,11,0,1,0,0.0
77183,0,0.146239529,46,0,0.37888089799999997,5700.0,11,0,2,0,3.0
77184,0,0.0,66,0,0.213907674,6801.0,4,0,1,0,0.0
77185,0,0.886043165,49,1,0.405739733,4041.0,7,1,1,0,0.0
77187,0,0.635218841,58,0,6665.0,,17,0,3,0,0.0
77188,0,0.058194181,36,0,0.8252176720000001,3100.0,8,0,2,0,2.0
77189,0,0.315068493,47,1,0.7108222940000001,4000.0,11,0,2,0,3.0
77190,0,0.033039558999999996,89,0,0.008808475,8400.0,5,0,0,0,0.0
77191,0,0.0,57,0,6163.0,,20,0,2,0,0.0
77192,0,0.907949558,41,0,0.424580048,5833.0,6,0,1,0,1.0
77195,0,0.0,58,0,0.274889497,4750.0,8,0,2,0,0.0
77196,0,0.19837773600000003,62,0,1189.0,0.0,3,0,1,0,0.0
77197,0,0.147194112,63,0,1981.0,,5,0,2,0,1.0
77198,0,0.035807749,70,0,49.0,,3,0,0,0,0.0
77199,0,0.17901837199999998,47,0,0.08172571,2850.0,9,0,0,0,0.0
77200,0,0.004585497,53,1,0.644673006,5152.0,13,0,2,0,0.0
77201,0,0.286657111,54,0,0.38363266100000004,5400.0,4,0,1,0,0.0
77202,0,0.121023534,60,1,0.5685025029999999,6590.0,11,0,2,0,0.0
77204,0,0.04419779,67,0,26.0,,1,0,0,0,0.0
77206,0,0.7817115040000001,53,0,0.46190858100000004,12469.0,10,0,3,0,2.0
77207,0,0.839478378,56,0,0.5007983739999999,6888.0,15,0,1,0,0.0
77209,0,0.073192681,60,0,214.0,,8,0,1,0,0.0
77210,0,0.9999998999999999,87,0,100.0,,0,0,0,0,
77211,0,0.5520919479999999,51,1,0.906623817,5600.0,9,0,1,0,3.0
77212,0,0.0,38,0,0.9876049579999999,2500.0,6,0,2,0,1.0
77213,0,0.011161691999999999,70,0,1304.0,,5,0,1,0,1.0
77214,1,1.123505976,40,1,0.72311952,4333.0,3,1,1,1,1.0
77215,0,0.824149948,46,0,0.433081675,8741.0,7,0,1,0,3.0
77217,0,0.46218127299999995,43,0,0.239185751,2750.0,5,0,0,0,3.0
77218,1,0.556412454,44,0,0.347336066,2927.0,2,2,1,1,1.0
77221,0,0.054253011,39,0,0.00684438,5551.0,3,0,0,0,2.0
77222,0,0.77331917,51,0,0.298462359,11250.0,12,0,1,0,0.0
77224,1,0.409731046,52,2,0.702308455,7060.0,15,0,2,0,4.0
77227,0,0.0,55,0,0.0,3900.0,1,0,0,0,3.0
77228,0,0.008988024,80,0,2302.0,,3,0,1,0,0.0
77229,0,0.004795755,46,0,613.0,,16,0,0,0,2.0
77231,0,0.262688708,46,0,0.250107128,7000.0,7,0,1,0,3.0
77232,0,0.070750544,50,0,0.427134475,8350.0,14,0,4,0,0.0
77234,0,0.048905839000000007,44,0,2657.0,,9,0,2,0,0.0
77235,0,0.192343147,71,0,0.342015079,1458.0,12,0,0,0,0.0
77236,0,0.016767338,56,0,0.005354752,4481.0,9,0,0,0,0.0
77238,0,0.017398105,82,0,0.063131313,9503.0,14,0,2,0,0.0
77240,0,0.5713428660000001,40,0,1.381915526,1680.0,4,0,1,0,0.0
77241,0,0.787475017,31,0,510.0,0.0,3,0,0,0,0.0
77243,0,0.012204793,72,0,0.441327539,2530.0,12,0,2,0,0.0
77245,0,0.059543242,56,0,0.113116421,3933.0,8,0,0,0,0.0
77246,0,0.055562802,41,0,0.259674033,10000.0,8,0,2,0,2.0
77249,0,0.0659967,58,0,0.23597855899999998,15297.0,4,0,1,0,2.0
77251,0,0.042611237,61,0,0.279111018,19167.0,10,0,1,0,2.0
77253,0,0.046047698,45,1,2985.0,,4,0,2,0,0.0
77254,0,0.188109812,27,0,0.118310535,4166.0,4,0,0,0,0.0
77255,0,0.9999998999999999,76,0,0.081401716,5478.0,5,0,0,0,0.0
77256,0,0.043763899,75,0,0.586904354,5833.0,19,0,2,0,0.0
77258,1,0.815673731,50,2,29.61288531,3600.0,16,0,0,0,0.0
77259,0,0.23625616600000002,48,0,0.12468758699999999,3600.0,5,0,0,0,2.0
77260,0,0.934431857,41,0,0.18996367600000003,7432.0,6,0,0,0,3.0
77261,0,0.9999998999999999,37,0,732.0,,8,0,0,0,0.0
77263,0,0.7182077579999999,39,0,0.195978789,4525.0,6,0,0,0,0.0
77265,0,0.074118251,38,0,0.583483303,5000.0,9,0,2,0,0.0
77266,0,0.023543487000000002,81,0,0.013328396999999999,2700.0,8,0,0,0,0.0
77270,0,0.143658686,42,0,0.40181309200000004,7500.0,6,0,1,0,2.0
77271,0,0.08652689300000001,46,0,0.256474353,10000.0,8,0,1,0,3.0
77272,0,0.11754262300000001,68,0,0.22070251800000001,6433.0,5,0,1,0,0.0
77274,0,0.040454831000000004,53,0,1496.0,,7,0,1,0,0.0
77275,0,0.096703433,47,0,0.39432570899999997,8000.0,14,0,2,0,0.0
77276,0,0.01740913,79,0,0.151842665,5643.0,15,0,1,0,0.0
77277,0,0.9999998999999999,55,0,68.0,,2,0,0,0,0.0
77278,0,0.080951606,47,0,0.562946845,3216.0,6,0,1,0,1.0
77279,0,0.258149674,30,0,0.031943065,6041.0,4,0,0,0,0.0
77280,0,0.008019689,77,0,0.0048,4999.0,13,0,0,0,0.0
77281,0,0.079925048,65,1,0.291198617,8100.0,9,0,1,0,0.0
77282,0,0.998875141,52,1,0.61397829,5250.0,4,2,2,1,1.0
77284,0,0.021616128999999998,66,0,0.23050557,5834.0,10,0,1,0,0.0
77285,0,0.004431637,56,0,3149.0,,12,0,1,0,0.0
77287,0,0.026510212999999998,82,0,0.0006662230000000001,1500.0,5,0,0,0,0.0
77290,0,0.9999998999999999,22,0,7.0,,0,0,0,0,0.0
77291,0,0.162417141,63,0,0.304124645,16558.0,24,0,5,0,0.0
77293,1,0.668992809,28,0,0.41204475100000004,4200.0,9,0,1,0,0.0
77294,0,0.003407281,66,0,2.0,,2,0,0,0,
77295,0,0.8341944240000001,53,1,0.970832765,7336.0,16,0,10,0,2.0
77296,0,0.266780018,44,0,0.17735515300000002,6782.0,17,0,1,1,1.0
77297,1,0.9999998999999999,41,1,0.152532886,3572.0,2,0,0,0,1.0
77298,0,0.44811411100000004,57,0,0.325932183,8286.0,15,0,1,0,1.0
77299,0,0.336727117,77,0,2376.0,,10,0,2,0,0.0
77300,0,0.522647735,38,0,0.40417023700000004,3500.0,8,0,0,0,1.0
77301,0,0.065034628,60,0,0.939346812,4500.0,11,0,2,0,0.0
77302,0,0.496898121,45,0,0.449750902,5820.0,12,0,2,0,0.0
77303,0,0.0,42,0,0.35655678700000004,6946.0,11,0,2,0,0.0
77305,0,0.41623042200000004,68,0,0.278052491,5257.0,7,0,1,0,1.0
77306,0,0.29864720699999997,50,0,0.050874092,5090.0,3,0,0,0,2.0
77307,0,0.060665169000000005,29,0,0.043281470999999995,3534.0,4,0,0,0,0.0
77309,0,0.017011988000000002,86,0,41.0,,7,0,0,0,
77311,0,0.03339944,79,0,0.456550721,8250.0,18,0,1,1,1.0
77312,1,1.15455594,55,1,1.376106195,451.0,9,0,0,0,3.0
77314,0,0.6652061570000001,44,0,0.420289855,2000.0,2,0,1,0,3.0
77315,0,0.840428822,24,2,0.16211567400000002,4650.0,6,0,0,0,0.0
77318,0,0.585667249,42,0,0.53162356,4600.0,9,0,1,0,2.0
77319,0,0.9398454959999999,46,0,0.6485823000000001,8146.0,12,0,1,0,2.0
77322,0,0.028655571,61,0,0.217189141,6666.0,9,0,1,0,0.0
77324,0,0.087957669,73,0,117.0,,6,0,0,0,
77325,0,0.333546658,51,0,0.304165355,9530.0,8,0,1,0,2.0
77326,0,0.08750193199999999,37,0,0.25496903,10816.0,9,0,1,0,2.0
77327,0,0.004841596,51,1,30.0,0.0,3,0,0,0,2.0
77330,0,0.015122904,64,0,0.092706203,4400.0,13,0,1,0,0.0
77331,0,0.002540942,78,0,989.0,,7,0,1,0,
77333,0,0.535045479,34,0,0.479520066,7250.0,17,0,2,0,0.0
77334,1,0.557155419,42,1,0.388717442,8100.0,14,0,4,0,3.0
77335,0,0.539810593,37,0,0.075932101,6597.0,6,0,0,0,0.0
77336,1,0.8639326209999999,50,1,1.082378033,3750.0,14,0,0,0,1.0
77337,0,0.209304915,63,0,0.427358799,6125.0,14,0,1,0,0.0
77339,0,0.0,42,0,0.160828955,3425.0,6,0,0,0,1.0
77341,1,1.127602556,58,4,0.123418216,6400.0,6,0,0,1,0.0
77342,0,0.670411537,61,0,1.089165091,3700.0,15,1,1,0,1.0
77344,0,0.0,44,0,0.0,3935.0,9,0,0,1,0.0
77347,0,0.5311888260000001,47,0,1413.0,0.0,11,0,0,0,1.0
77348,0,0.115120413,62,0,0.02569743,10000.0,10,0,0,0,0.0
77349,0,0.262539672,59,0,0.348507688,6633.0,21,0,1,0,1.0
77350,0,0.19554960899999999,62,0,0.9556088779999999,1666.0,6,0,1,0,1.0
77352,0,0.010568586000000001,45,0,0.49948577299999997,2916.0,15,0,1,0,0.0
77354,1,0.9999998999999999,51,2,0.102388298,8750.0,4,0,0,0,1.0
77355,0,0.259584418,61,3,0.451221088,7738.0,11,0,1,0,3.0
77356,0,0.0,32,0,0.523158947,3000.0,6,0,1,0,1.0
77357,0,1.059788042,39,0,0.052982339,3000.0,2,0,0,0,0.0
77360,0,0.643523294,42,0,0.473153234,8920.0,11,0,2,0,1.0
77362,0,0.61045762,37,0,0.461934009,7000.0,11,0,1,0,0.0
77363,0,0.072531575,57,0,0.071380471,1484.0,12,0,0,0,0.0
77365,0,0.723187974,40,0,0.298614859,5558.0,7,0,0,0,0.0
77367,0,0.0,33,0,0.36637894200000004,11700.0,8,0,3,0,1.0
77368,0,0.550022979,49,0,6097.0,,14,0,3,0,0.0
77369,0,0.002168953,48,0,0.573729081,3166.0,14,0,2,0,2.0
77370,0,0.953950944,39,0,0.646011561,4324.0,6,0,1,0,2.0
77371,0,0.301226961,67,0,0.12167764,4100.0,4,0,0,0,0.0
77372,0,0.7086763770000001,38,0,2471.0,,7,0,1,0,0.0
77374,0,0.468424622,78,0,0.730619927,8500.0,14,0,2,0,0.0
77375,0,0.288583577,47,0,0.431325494,12500.0,5,0,2,0,4.0
77377,0,0.551037414,44,0,0.337922895,5083.0,5,0,1,0,0.0
77378,0,0.292423301,87,0,0.432451253,2871.0,16,0,0,0,0.0
77382,0,0.001082549,40,0,0.088508904,11286.0,5,0,0,0,0.0
77384,0,0.887813689,43,0,0.30163794899999996,4700.0,6,0,0,0,1.0
77386,0,0.0,66,2,3273.0,,19,0,2,0,
77389,0,0.9999998999999999,51,1,0.285089196,2970.0,3,0,0,0,0.0
77390,0,0.008409651,41,0,0.23852573,10065.0,23,0,1,0,2.0
77391,0,0.467688208,30,0,655.0,0.0,2,0,0,0,0.0
77392,1,1.149390661,39,0,0.556205803,4100.0,5,5,2,2,1.0
77393,0,0.48374635899999996,63,0,0.369937299,5900.0,16,0,1,0,0.0
77394,0,0.158567775,61,0,1.0,,1,0,0,0,1.0
77396,0,0.417109468,41,0,0.4625,9119.0,7,0,2,0,2.0
77400,0,0.447273287,31,0,0.495001111,4500.0,6,0,2,0,0.0
77404,0,0.224284247,49,0,0.369313291,15100.0,15,0,6,0,1.0
77405,0,0.057961529000000005,55,0,1943.0,,8,0,1,0,0.0
77406,0,0.019464961,69,0,0.015955325,2506.0,8,0,0,0,0.0
77408,0,0.025484076,56,0,0.009996002,2500.0,5,0,0,0,0.0
77409,0,0.003648203,75,0,0.000697837,10030.0,9,0,0,0,0.0
77411,0,0.010696636,63,0,1018.0,,9,0,1,0,0.0
77412,0,0.402199725,29,0,0.471208435,1232.0,5,0,0,0,0.0
77413,0,0.02711672,69,0,0.0119976,1666.0,7,0,0,0,0.0
77415,0,0.045048593,55,0,0.566356513,4083.0,18,0,2,0,2.0
77416,0,0.7345124340000001,68,0,1.225472047,2700.0,24,0,0,0,0.0
77417,0,0.001626963,72,0,0.000749813,4000.0,5,0,0,0,1.0
77420,0,0.072629242,57,0,0.108325873,5584.0,10,0,0,0,0.0
77421,0,0.023672502999999998,85,0,20.0,,3,0,0,0,0.0
77422,0,0.204374555,48,2,0.212062633,5172.0,16,0,0,0,0.0
77423,0,0.006635306999999999,43,0,0.35827109100000004,16333.0,14,0,3,0,0.0
77428,0,0.12344797199999999,52,0,0.306650119,9668.0,13,0,2,0,3.0
77431,0,0.050343381,51,0,2362.0,,8,0,1,0,2.0
77432,0,0.051691173,65,0,0.446175637,4941.0,17,0,1,0,1.0
77433,1,0.9999998999999999,44,0,0.149046794,7500.0,4,3,0,3,3.0
77435,0,0.028729826,65,0,4.055555556,485.0,8,0,2,0,0.0
77436,0,0.019692055,64,0,1.952813067,550.0,18,0,1,0,0.0
77437,0,0.007666241,82,0,0.005136986,583.0,7,0,0,0,0.0
77438,0,0.0,40,0,0.302405993,6940.0,7,0,1,0,0.0
77439,0,0.9999998999999999,64,0,0.393746592,5500.0,5,0,1,0,0.0
77440,0,0.330452805,64,0,846.0,,14,0,0,0,0.0
77441,0,0.120581008,60,0,0.241567791,7500.0,6,0,1,0,0.0
77442,0,0.0,25,0,264.0,,3,0,0,0,
77443,0,0.0,33,0,0.017767907,1800.0,7,0,0,0,0.0
77444,0,0.022813813999999998,58,0,0.24581650300000002,8664.0,14,0,2,0,0.0
77445,0,0.021787932000000003,71,0,1638.0,,12,0,2,0,0.0
77446,0,0.18227270899999998,46,0,2.0228774780000003,3933.0,7,0,4,0,4.0
77447,0,0.0,60,0,0.07434243900000001,13800.0,8,0,1,0,0.0
77448,0,0.184153851,46,0,1.2883473909999998,3200.0,12,0,2,0,1.0
77452,0,0.819970183,36,1,2658.0,,6,0,1,0,1.0
77453,0,0.284385707,77,0,1618.0,,10,0,2,0,
77454,0,0.979873565,33,1,1.117618231,4080.0,9,0,2,0,2.0
77455,0,0.31881763,49,0,0.310248493,6800.0,8,0,2,0,2.0
77458,0,0.027886293,61,0,0.357810195,6100.0,11,0,2,0,0.0
77460,0,0.341953219,61,1,0.398457584,3500.0,8,0,0,0,1.0
77461,0,0.003444811,43,0,18.0,,4,0,0,0,0.0
77463,0,5.233532933999999,55,0,3402.0,,12,0,3,0,0.0
77467,0,0.186002413,31,0,0.21833972899999998,4950.0,12,0,0,0,1.0
77468,0,0.42498653700000005,60,0,0.615769176,7000.0,15,0,2,0,0.0
77470,1,0.28354329100000003,25,0,42.0,,3,0,0,0,
77471,0,0.836879433,72,0,0.243163775,3400.0,7,0,0,0,0.0
77472,0,0.69595452,45,0,0.376279863,9375.0,4,0,1,0,2.0
77473,0,0.384951881,26,0,0.008873457,10367.0,6,0,0,0,1.0
77474,0,0.9999998999999999,32,0,0.160946351,3000.0,3,0,0,0,4.0
77475,0,0.0,42,0,1.185019958,4258.0,5,0,2,0,0.0
77476,0,0.12729458800000001,71,0,0.271513632,15954.0,22,0,3,0,0.0
77477,0,0.0,32,0,0.0,,1,0,0,0,0.0
77478,0,0.470025123,77,1,0.48729108600000004,5743.0,16,0,2,0,0.0
77479,0,0.405609985,46,0,0.38811428600000003,8749.0,6,0,1,0,2.0
77482,0,0.28705406699999997,39,1,0.36828377700000003,5750.0,15,0,2,0,0.0
77484,0,0.160785386,72,0,0.03948026,4001.0,4,0,0,0,0.0
77486,0,0.07008952,62,0,0.573475508,3000.0,13,0,1,0,0.0
77487,0,0.608019257,42,0,0.9171665240000001,3500.0,14,0,1,0,2.0
77490,0,0.06147824599999999,66,0,76.0,,6,0,0,0,0.0
77491,0,0.09840901099999999,48,0,6698.0,,11,0,7,0,1.0
77492,0,0.006239635,78,0,0.094942074,3538.0,12,0,1,0,0.0
77493,0,0.763172443,63,0,0.531662361,14322.0,21,0,2,0,0.0
77494,0,0.035386632,70,0,21.0,,3,0,0,0,
77495,0,0.9999998999999999,28,0,253.0,,1,0,0,0,
77497,0,0.024393411,49,0,0.15769202300000001,13500.0,6,0,2,0,0.0
77500,1,0.540637052,40,0,877.0,,2,0,1,3,1.0
77501,0,0.004953534,82,0,1185.0,,11,0,1,0,0.0
77502,0,0.270993145,69,1,0.34139605799999995,10500.0,18,0,1,0,0.0
77503,0,0.559044096,37,0,0.161887958,6800.0,4,0,1,0,3.0
77504,0,0.33465611300000003,70,0,0.565862406,12267.0,21,0,5,0,1.0
77506,0,0.007999787,38,0,0.457612997,4800.0,9,0,1,0,2.0
77507,0,0.844476413,49,0,0.157957892,9166.0,11,0,0,0,3.0
77508,0,0.11741025199999999,45,0,0.23879567899999998,4350.0,9,0,1,0,0.0
77509,0,0.804829272,40,1,0.594973964,4416.0,9,0,2,0,1.0
77511,0,0.0,66,0,0.120907738,5375.0,5,0,1,0,0.0
77512,0,0.09971776199999999,46,1,0.390534399,6380.0,19,0,1,0,0.0
77514,0,0.094403109,32,0,0.23593259100000002,3500.0,9,0,0,0,0.0
77515,1,0.932788374,42,0,1531.0,,3,1,1,0,
77516,0,0.019196548,73,0,0.246989321,4400.0,10,0,1,0,0.0
77517,0,0.076630428,53,0,0.592298137,4024.0,17,0,2,0,0.0
77518,0,0.538413492,47,0,25.0,,14,0,0,0,
77519,0,0.0,81,0,1.034643571,3001.0,10,0,1,0,0.0
77520,0,0.03719752,53,0,2.361517976,1501.0,5,0,2,0,0.0
77521,0,0.142279564,42,0,0.297565992,8750.0,15,0,2,0,3.0
77523,0,0.830926042,59,0,1.217010632,1598.0,18,0,1,0,0.0
77524,0,0.903809619,67,0,0.301991551,8284.0,5,0,2,0,1.0
77525,0,0.016526731,66,0,0.067897165,4550.0,7,0,0,0,0.0
77526,0,0.714090053,44,1,894.0,,12,1,0,0,0.0
77527,0,0.240029861,63,0,0.39406378299999995,3166.0,12,0,1,0,0.0
77531,0,0.926974152,60,0,0.464430468,7154.0,14,0,2,0,1.0
77532,0,0.272929282,33,0,0.42528119999999997,5600.0,7,0,1,0,2.0
77533,0,0.34799078200000005,50,0,0.374576124,11500.0,9,0,2,0,1.0
77534,0,0.049075247999999995,76,0,0.122705674,10732.0,16,0,1,0,1.0
77535,0,0.126019431,54,0,0.32644547,20373.0,6,0,3,0,0.0
77537,0,0.0,33,0,90.0,,3,0,0,0,0.0
77539,0,0.000499981,49,1,0.368582965,5200.0,7,0,1,0,0.0
77540,0,0.044092634000000006,70,0,0.514551574,5050.0,10,0,2,0,1.0
77541,0,0.001322619,81,0,1.0,,4,0,0,0,0.0
77542,0,0.016454039,90,1,0.006070017,7083.0,14,0,0,0,1.0
77543,1,0.40648740299999997,35,0,0.339251853,5800.0,6,0,1,0,0.0
77545,0,0.017486866,37,0,0.006906579,2750.0,5,0,0,0,0.0
77547,0,0.033066116,55,0,0.19415048699999998,12000.0,3,0,1,0,2.0
77549,0,0.278544291,42,0,0.24266337899999998,12164.0,5,0,1,0,3.0
77552,0,0.018582426000000003,69,0,1059.0,,6,0,1,0,0.0
77553,0,0.165082985,61,0,0.267175573,6680.0,10,1,1,0,0.0
77554,0,0.027735079,60,0,50.0,,5,0,0,0,0.0
77556,0,0.014575205,41,0,1578.0,,8,0,1,0,2.0
77558,0,0.081916723,52,0,0.079136691,8200.0,12,0,0,0,2.0
77560,0,0.9999998999999999,39,0,0.0,1500.0,0,0,0,0,5.0
77562,0,0.25722475899999997,62,0,3333.0,,8,0,1,0,0.0
77564,0,0.05325280599999999,57,0,0.421182701,5664.0,16,0,2,0,2.0
77565,0,0.610986943,50,0,0.066381156,2334.0,8,1,0,0,1.0
77566,0,0.098112351,65,0,0.277887355,9125.0,14,0,2,0,0.0
77569,0,0.065410255,49,0,0.487331457,6748.0,10,0,1,0,0.0
77570,0,0.149935297,39,0,0.492153868,7200.0,9,0,2,0,3.0
77572,0,3655.0,39,0,0.17267901600000002,9230.0,5,0,2,0,1.0
77573,0,0.363713674,37,0,0.137572486,5000.0,11,0,0,0,3.0
77574,0,0.301017198,56,0,0.042989253,4000.0,3,0,0,0,0.0
77575,0,0.29311017300000003,68,0,961.0,,8,0,1,0,0.0
77578,0,0.182467868,67,0,0.205758848,5000.0,5,0,1,0,0.0
77579,0,0.015126958000000001,29,0,0.007220216999999999,3600.0,2,0,0,0,0.0
77580,0,0.031959303,69,0,0.195180482,10000.0,6,0,1,0,1.0
77582,0,0.0,33,0,0.546625649,5200.0,15,0,2,0,1.0
77584,0,0.222637323,59,0,0.625973694,7830.0,11,0,1,0,0.0
77585,0,0.9999998999999999,74,0,0.224166667,3599.0,2,0,0,0,2.0
77586,0,0.011748531000000001,79,0,0.0014275520000000001,1400.0,4,0,0,0,1.0
77588,0,0.655317234,65,0,0.354483926,1181.0,5,0,0,0,0.0
77589,0,0.679239609,63,1,0.740417427,12600.0,15,0,9,0,1.0
77590,0,0.018549956,72,0,0.008738061,4920.0,11,0,0,0,0.0
77594,0,0.6811790440000001,23,0,0.19886517199999998,3700.0,7,0,0,0,0.0
77595,1,1.045908184,23,0,0.007116231999999999,2950.0,2,0,0,0,1.0
77597,1,0.8374320479999999,45,4,0.823696051,6000.0,11,0,2,2,0.0
77599,1,0.9999998999999999,80,0,184.0,,3,0,0,0,0.0
77601,0,0.10592691900000001,34,0,5782.0,,5,0,3,0,0.0
77602,0,0.0030398779999999998,70,0,80.0,,6,0,0,0,
77603,0,0.931635177,46,0,0.40161817899999996,5808.0,7,0,1,0,1.0
77606,0,1.0755091540000001,31,2,0.37657792799999995,8000.0,8,2,0,3,1.0
77607,0,0.0,25,0,0.053940944000000005,4300.0,4,0,0,0,0.0
77608,0,0.015415765,60,0,0.001817851,5500.0,4,0,0,0,0.0
77610,0,0.9999998999999999,75,0,0.135545782,2500.0,8,0,0,0,0.0
77611,0,0.004354015,55,0,0.23953086199999998,13300.0,16,0,2,0,1.0
77612,0,0.030720136000000002,67,0,3937.0,,12,0,3,0,0.0
77614,0,0.509506035,64,1,0.23590593899999998,6633.0,12,0,0,0,2.0
77615,0,0.072850169,67,0,1.012435991,4100.0,9,0,2,0,1.0
77617,0,0.9999998999999999,42,0,0.507864028,1970.0,4,0,1,0,3.0
77618,0,0.549372531,63,0,0.355937094,6930.0,7,0,2,0,1.0
77619,0,0.141731633,35,0,0.51970181,5633.0,11,0,2,1,1.0
77620,0,0.050685811,47,0,3644.0,,7,0,1,0,
77621,0,0.0,24,0,0.27532097,700.0,3,0,0,0,0.0
77623,0,0.228153898,63,0,4262.0,,14,0,2,0,0.0
77625,0,0.9748907490000001,32,1,282.5,1.0,4,0,0,0,3.0
77626,0,0.41277174299999997,60,0,0.43537673200000004,5268.0,6,0,1,0,0.0
77627,0,0.054698878,61,0,0.370301796,5400.0,10,0,2,0,0.0
77628,0,0.008584744,65,0,941.0,,6,0,0,0,0.0
77629,0,0.003733223,78,0,0.000875274,2284.0,6,0,0,0,0.0
77630,1,0.0,41,0,1.348703956,3664.0,7,0,3,0,0.0
77631,0,0.0,50,0,0.0,,3,0,0,0,0.0
77632,0,0.11742953099999999,85,0,0.309991274,4583.0,9,0,0,0,0.0
77633,0,0.261746927,51,0,0.172278493,10958.0,14,0,0,0,1.0
77634,0,0.897246577,32,3,0.298341174,4038.0,3,0,0,0,3.0
77635,0,0.39583359999999995,56,1,0.322826397,10500.0,15,0,2,0,0.0
77637,0,0.05463781400000001,83,0,0.01211754,3300.0,1,0,0,0,0.0
77639,0,0.071178583,46,0,1292.0,,8,0,2,0,0.0
77640,0,0.24190036,49,0,0.42192157799999996,4360.0,10,0,1,0,2.0
77642,0,0.77508269,33,1,0.553889222,5000.0,9,0,1,1,0.0
77644,0,0.00819959,73,0,595.0,,2,0,1,0,0.0
77645,0,0.0,47,0,0.284085275,6050.0,5,0,1,0,0.0
77646,0,0.141671217,62,0,0.420082258,7050.0,22,0,1,0,1.0
77648,0,0.372062551,60,0,0.18961558399999998,13500.0,8,0,0,0,0.0
77650,0,0.012881595,32,0,0.332698534,5250.0,5,0,1,0,4.0
77651,0,0.287959505,64,0,3.6830154410000002,1100.0,13,0,2,0,1.0
77652,0,0.46316541299999997,47,0,0.996223248,7148.0,16,0,4,0,1.0
77653,0,0.0,70,0,0.0,2500.0,2,0,0,0,0.0
77654,0,0.076083209,68,0,0.28902261100000004,5483.0,6,0,2,0,0.0
77658,0,0.25534893,56,0,0.005070047,7494.0,1,0,0,0,0.0
77660,0,0.055264825,54,0,0.324472961,12000.0,4,0,1,0,0.0
77661,0,0.028863485,87,1,0.118355995,3235.0,6,0,0,0,0.0
77663,0,0.008354509,54,0,0.206504065,2459.0,13,0,1,0,0.0
77665,0,0.01555358,56,0,712.0,,5,0,1,0,0.0
77666,0,0.130260872,69,0,0.017798813,15000.0,7,0,0,0,0.0
77667,0,0.006385634,80,0,0.002052622,5358.0,7,0,0,0,0.0
77668,0,0.93560322,44,0,4116.0,,2,0,1,0,0.0
77669,0,0.0,72,0,0.08432630599999999,12000.0,7,0,1,0,0.0
77671,0,0.005888297,59,0,0.282035747,3300.0,3,0,1,0,0.0
77672,0,0.102094895,61,0,0.21009898800000001,8990.0,4,0,1,0,0.0
77673,0,0.027532657000000002,42,0,0.0029399409999999997,16666.0,3,0,0,0,2.0
77674,0,0.9999998999999999,44,0,1793.0,,5,0,2,0,4.0
77675,1,0.8999500029999999,44,1,0.39680472299999997,11516.0,9,0,2,0,4.0
77676,0,0.307702917,41,0,4183.0,,9,0,2,0,2.0
77677,0,0.01589947,41,0,0.020989505,666.0,3,0,0,0,1.0
77678,0,0.815197831,61,0,0.267933017,4000.0,4,0,0,0,0.0
77679,0,0.011548483,80,0,0.002498438,1600.0,3,0,0,0,0.0
77681,0,0.014734187,47,0,0.057838843,16666.0,11,0,0,0,3.0
77684,0,0.026366271,36,0,0.7139090309999999,4550.0,9,0,3,0,1.0
77685,0,0.33825871,48,0,0.35865887399999996,3250.0,8,0,0,0,0.0
77686,0,0.907772473,31,1,0.21283148699999999,25000.0,8,0,1,0,0.0
77687,0,0.73514714,30,1,0.168772996,6250.0,7,0,0,0,0.0
77688,0,1.0561887620000001,48,0,0.38493584399999997,6000.0,5,0,2,0,0.0
77690,0,0.987480501,29,0,0.621921516,3694.0,5,0,1,1,2.0
77691,0,0.6981883640000001,40,0,0.7495080679999999,10163.0,9,0,4,0,0.0
77692,0,0.351305269,62,0,0.283710814,13333.0,14,0,2,0,1.0
77693,0,0.9999998999999999,44,2,0.110678098,2565.0,0,0,0,0,3.0
77695,0,0.056958481,66,0,0.00639936,10000.0,22,0,0,0,0.0
77696,0,0.006759932,81,0,0.002499688,8000.0,6,0,0,0,0.0
77697,0,0.059427398,75,0,1286.0,,7,0,1,0,0.0
77698,0,0.0,45,0,0.42779602899999997,7000.0,13,0,2,0,2.0
77699,0,0.44196771700000004,31,1,0.10859427,1500.0,5,1,0,0,0.0
77701,0,0.86164303,48,0,0.358213929,3000.0,7,0,0,0,1.0
77702,0,0.308259608,82,0,0.360177728,3600.0,10,0,0,0,0.0
77704,0,0.391753426,51,0,0.071232192,4000.0,2,0,0,0,0.0
77705,0,0.0,76,0,0.139161113,2550.0,7,0,0,0,0.0
77706,0,0.169865984,59,0,0.404449444,8000.0,8,0,3,0,3.0
77707,0,0.319299601,31,0,0.487132013,5400.0,9,0,2,0,0.0
77708,0,0.013147266000000001,81,0,355.0,,7,0,0,0,0.0
77709,0,0.165834166,52,0,1753.0,,3,0,1,0,0.0
77710,0,0.40813181200000004,34,0,1682.0,,10,0,1,0,1.0
77711,0,1.013062409,32,0,0.900271985,2205.0,5,0,1,0,3.0
77714,0,0.14957879599999999,69,0,0.008386015,7750.0,4,0,0,0,0.0
77715,0,0.425744666,35,0,0.256613035,3666.0,11,0,0,0,0.0
77716,0,0.083890696,54,0,0.378803878,10416.0,14,0,2,0,1.0
77717,0,0.0,54,0,0.127413463,11497.0,13,1,1,0,2.0
77718,0,0.007538768,66,1,69.0,,3,0,0,0,
77719,0,0.133320721,75,0,0.024662556000000002,6000.0,11,0,0,0,0.0
77721,0,0.010742261000000001,32,0,0.0057502740000000005,3651.0,7,0,0,0,0.0
77723,0,0.043104330999999996,48,0,1556.0,,7,0,1,0,0.0
77724,1,0.446267499,61,0,0.03583169,9125.0,3,0,0,0,0.0
77725,0,0.17937239300000002,59,1,3312.0,,15,0,1,0,0.0
77727,0,0.747649731,59,1,0.583119736,10923.0,7,0,1,0,1.0
77728,0,0.066161252,60,0,2684.0,,8,0,2,0,2.0
77729,0,0.617534826,53,0,0.155400529,4156.0,4,0,0,0,0.0
77730,0,0.01946718,54,0,0.015289621000000002,3400.0,9,0,0,0,1.0
77731,0,0.34216977600000004,64,0,1.0969351390000002,4208.0,20,0,2,0,0.0
77732,0,0.5477406020000001,49,2,0.261043447,5500.0,7,0,1,0,2.0
77733,0,0.048010292,72,0,0.015307716,3200.0,4,0,0,0,0.0
77734,1,0.405471322,38,3,0.790552362,4000.0,8,2,2,0,2.0
77735,1,0.826458523,38,1,2439.0,,10,4,1,1,0.0
77737,0,0.001726971,81,0,7.0,,3,0,0,0,0.0
77739,0,0.079575338,37,0,0.143964009,4000.0,7,0,0,0,0.0
77740,0,0.08159709700000001,70,0,0.025790439,9266.0,12,0,0,0,0.0
77742,0,0.059570298,46,0,0.24012664600000003,6000.0,9,0,2,0,3.0
77743,0,0.66147527,53,0,0.34945541799999996,5416.0,5,0,1,0,2.0
77744,0,0.192200325,71,0,137.0,,3,0,0,0,0.0
77747,0,0.001049948,75,0,0.0,6000.0,3,0,0,0,0.0
77748,1,0.634920635,44,1,0.30345801,2833.0,5,4,0,0,2.0
77749,1,0.717607973,46,0,0.001969399,6600.0,2,1,0,1,0.0
77750,0,0.242186449,44,0,0.37531077700000004,9250.0,9,0,2,0,2.0
77751,0,0.082942394,45,1,0.48750249999999995,5000.0,8,0,1,0,5.0
77752,0,0.028517347999999998,63,0,0.241662391,7795.0,3,0,1,0,0.0
77753,0,0.036748469,49,0,26.0,,2,0,0,0,0.0
77754,0,0.062027112999999995,53,0,2816.0,0.0,12,0,1,0,0.0
77756,0,0.03803748,62,0,0.570354665,5187.0,16,0,2,0,0.0
77757,0,0.207745333,37,1,0.435524759,5916.0,8,0,1,0,3.0
77758,0,0.7919505029999999,60,1,0.08055274700000001,8900.0,5,0,0,0,3.0
77759,0,0.309133917,55,0,4830.0,,10,0,3,0,
77760,0,0.001260398,66,0,1039.0,,5,0,1,0,
77761,0,0.0,39,0,0.343465653,10000.0,11,0,1,0,1.0
77764,0,0.07221066,62,0,0.951016328,3000.0,7,0,3,0,0.0
77765,0,0.840416527,46,3,0.55421048,11316.0,10,0,2,0,2.0
77766,0,0.052588258,60,0,2404.0,,9,0,1,0,0.0
77767,0,0.007176365,44,0,1910.0,,8,0,2,0,2.0
77768,0,0.006932871,76,0,0.003846154,1039.0,7,0,0,0,0.0
77769,0,0.019795514,66,0,0.16780821899999998,9927.0,7,0,1,0,0.0
77774,0,0.286201559,62,1,0.525353521,7000.0,12,1,2,0,0.0
77775,0,0.285847642,53,0,0.066047263,4950.0,6,0,0,0,1.0
77776,0,0.0,77,0,83.0,,1,0,0,0,0.0
77777,0,0.714491905,62,5,0.538161994,7703.0,15,0,3,1,0.0
77778,0,0.483699021,40,0,0.24836497,6268.0,8,0,0,0,1.0
77780,1,0.645297966,45,0,2.040653116,3000.0,12,0,2,0,0.0
77782,0,0.011184443,80,1,0.076612903,5951.0,5,0,1,0,0.0
77783,1,0.6410282310000001,44,0,0.459923346,6000.0,10,0,1,0,2.0
77784,0,0.0472126,72,0,0.003414463,11421.0,3,0,0,0,0.0
77785,0,0.005551533000000001,58,0,0.032698365,6666.0,4,0,0,0,0.0
77787,0,0.23115376899999998,32,0,0.500749875,6000.0,5,0,2,0,0.0
77788,0,0.07895366599999999,52,0,2667.0,,9,0,2,0,2.0
77789,0,0.019632679,59,0,0.00339932,5000.0,7,0,0,0,0.0
77790,0,0.046462955,44,0,0.452585534,6400.0,7,0,2,0,0.0
77791,0,0.190540491,43,0,0.352903535,6250.0,6,0,1,0,1.0
77792,0,0.009470403,74,1,0.136615385,6499.0,7,0,0,0,1.0
77794,0,0.191480908,63,0,3819.0,,15,0,2,0,0.0
77795,0,0.049487332,62,0,1.529235382,2000.0,9,0,1,0,0.0
77796,0,0.0,37,0,0.077382498,3850.0,1,0,0,0,0.0
77798,0,0.77245509,45,0,0.387178985,5100.0,5,0,1,0,3.0
77799,0,0.16881359899999998,40,0,1171.0,,11,0,1,0,0.0
77800,0,0.015026566000000002,67,0,0.007950849,8300.0,6,0,0,0,1.0
77802,0,0.49190819,44,0,0.185810306,6694.0,5,0,1,0,0.0
77804,0,0.331157692,43,0,0.28628548600000003,2500.0,7,0,0,1,3.0
77806,0,0.113078821,59,0,2490.0,,12,0,1,0,0.0
77808,0,0.199231968,63,0,0.38803756799999994,2022.0,5,0,1,0,0.0
77811,0,0.0,50,0,0.093843737,7000.0,4,0,1,0,1.0
77814,0,0.0,71,0,0.20621991899999997,2700.0,2,0,1,0,0.0
77816,0,0.12006591300000001,68,0,1709.0,,7,0,1,0,
77817,0,0.215946844,26,0,0.000302939,3300.0,2,0,0,0,0.0
77819,0,0.180227704,59,1,3452.0,,14,0,1,0,0.0
77821,1,1.1152612709999998,29,3,0.28443113800000003,4675.0,12,0,0,3,2.0
77822,0,0.738291367,43,0,0.35817612200000004,15000.0,12,0,1,0,2.0
77823,0,0.078909777,39,0,0.440504712,6260.0,11,0,2,0,1.0
77825,0,0.048635504,28,0,0.001390821,2875.0,4,0,0,0,0.0
77826,0,0.0,69,0,0.0,7000.0,4,0,0,0,0.0
77827,0,0.543772649,52,0,0.487328528,4300.0,8,0,1,0,3.0
77830,0,0.15446711,50,0,0.301449758,6000.0,6,0,2,0,5.0
77832,0,0.041259076,45,0,0.183635518,2150.0,6,0,0,0,3.0
77833,0,0.30901151600000004,32,0,0.133111155,5100.0,7,0,0,0,1.0
77836,0,0.9066186759999999,54,0,0.386118554,15300.0,10,0,1,0,0.0
77838,0,0.031798472,35,0,0.01126863,2750.0,6,0,0,0,0.0
77840,0,0.433815665,69,0,0.202290076,5501.0,18,0,0,0,0.0
77842,0,0.9999998999999999,27,0,0.254545455,1044.0,3,0,0,0,0.0
77843,0,0.563911464,56,0,0.49062363700000006,4585.0,7,0,2,0,0.0
77844,0,0.228929049,50,0,0.282071793,10000.0,14,0,2,0,2.0
77845,0,0.238260411,50,0,0.3953162,11400.0,15,0,2,0,3.0
77847,0,0.20514398399999997,62,0,0.255521871,6926.0,16,0,1,0,0.0
77848,0,0.09581025800000001,56,0,0.151832461,2100.0,7,0,0,0,0.0
77850,0,0.813359332,38,0,1.011789925,1865.0,4,0,1,0,0.0
77851,0,0.732428502,31,0,0.133118493,4033.0,6,0,0,0,0.0
77852,0,0.057179099000000004,75,0,1.174481168,1300.0,21,0,2,0,0.0
77853,0,0.41397752299999996,54,0,0.524868546,11600.0,17,0,2,0,0.0
77855,0,0.9999998999999999,46,0,0.0,,0,0,0,0,0.0
77856,0,0.029463943,42,0,0.117155829,12333.0,16,0,1,0,0.0
77858,0,0.006749663,80,0,22.0,,2,0,0,0,0.0
77859,0,0.0,60,0,0.187225029,6136.0,4,0,1,0,0.0
77861,0,0.0,69,0,0.0,5683.0,1,0,0,0,0.0
77862,0,0.668462863,27,0,0.079592041,10000.0,8,0,0,0,0.0
77863,0,0.94022097,56,0,4166.0,,6,0,2,0,0.0
77864,0,0.009570973,89,0,15.0,,3,0,0,0,0.0
77866,1,0.061220155,62,0,0.44382780899999996,6666.0,7,0,1,0,3.0
77867,0,0.024829594,85,0,54.0,,8,0,0,0,0.0
77868,0,0.020507156999999998,57,0,2520.0,,7,0,2,0,0.0
77869,0,0.924566035,27,1,0.49233052899999996,2020.0,5,0,0,0,0.0
77870,0,1.135507896,50,0,0.39346828,9583.0,6,0,2,0,1.0
77872,0,0.276866348,50,0,0.325990157,4266.0,7,0,2,0,1.0
77873,0,0.052468249,51,0,0.538227045,8200.0,6,0,2,0,1.0
77874,0,0.000856344,41,0,0.512106656,10200.0,10,0,2,0,2.0
77875,0,0.064732321,64,2,0.531858171,3750.0,9,0,1,0,2.0
77876,0,0.760158783,58,0,0.433723384,5212.0,6,0,1,0,0.0
77877,0,0.001746849,85,0,2.0,,8,0,0,0,0.0
77878,0,0.12069075,45,0,0.415639671,6815.0,6,0,2,0,2.0
77881,0,0.121458569,48,0,0.594049904,3125.0,5,0,2,0,0.0
77883,0,0.01926156,74,0,0.423817465,13191.0,14,0,3,0,1.0
77885,0,0.286738053,29,0,1.173547401,2615.0,4,0,1,0,0.0
77886,0,0.118018736,51,0,0.17245517,15000.0,5,0,1,0,0.0
77887,1,0.9999998999999999,37,98,0.0,6000.0,0,98,0,98,1.0
77888,0,0.041388745,72,0,0.015464605,7500.0,16,0,0,0,0.0
77892,0,0.685697681,63,0,0.336443926,6000.0,13,0,0,0,0.0
77893,0,0.081254247,32,0,0.053459119000000006,6041.0,3,0,0,0,0.0
77894,0,0.569892473,41,1,0.566996093,4350.0,3,0,1,0,0.0
77895,0,0.035792841,26,0,0.001110864,4500.0,1,0,0,0,0.0
77896,0,0.063286168,88,1,0.099609561,10500.0,16,0,0,0,0.0
77897,0,0.795272147,71,0,0.805775501,6440.0,15,0,2,0,0.0
77898,0,0.002222046,74,0,663.0,,4,0,1,0,0.0
77899,0,0.9380413059999999,24,0,0.153276564,2700.0,5,1,0,0,0.0
77900,0,0.0,33,2,636.0,,3,3,0,0,0.0
77902,0,0.0,64,0,1718.0,,3,0,1,0,0.0
77903,0,0.72517772,24,0,0.059646856,4643.0,3,0,0,0,0.0
77904,0,1.415584416,41,0,0.071038251,2744.0,4,0,0,0,0.0
77905,0,0.48745647700000005,29,0,0.203949013,4000.0,6,0,0,0,1.0
77906,0,0.6083916079999999,26,0,0.006426276,2800.0,1,0,0,0,0.0
77908,0,0.100299987,49,0,0.223255814,3869.0,8,0,1,0,0.0
77909,0,0.402328405,71,0,0.05598134,3000.0,2,0,0,0,1.0
77910,0,0.07838999,79,0,0.49041281299999995,4432.0,13,0,2,0,0.0
77911,0,0.003554003,30,0,0.683005482,3100.0,7,0,0,0,0.0
77912,0,0.002533291,63,0,0.355511136,3501.0,10,0,2,0,0.0
77914,0,0.16514252599999998,54,0,0.515757479,6250.0,12,0,1,0,1.0
77916,0,0.0033332590000000003,35,0,1.100071994,4166.0,6,0,3,0,0.0
77917,0,0.0,62,0,1854.0,,5,0,2,0,0.0
77918,0,0.0,56,0,0.134122288,3041.0,3,0,1,0,1.0
77920,0,0.009525669,38,0,0.270163286,8083.0,10,0,1,0,0.0
77922,0,0.022579187999999997,73,0,0.004868154,2464.0,5,0,0,0,0.0
77923,0,0.9999998999999999,43,0,0.0,5500.0,0,0,0,0,0.0
77924,0,0.779260609,52,1,0.43703328700000005,7900.0,18,0,2,0,0.0
77925,0,0.106930943,35,0,0.6744418529999999,3000.0,7,0,1,0,1.0
77929,0,0.0,54,0,0.134576949,1500.0,4,0,0,0,0.0
77932,0,1.952015995,61,1,193.0,,3,0,0,0,0.0
77933,0,0.079597106,58,0,0.122844828,30623.0,8,0,2,0,2.0
77934,0,0.100202261,68,0,0.328879193,7333.0,12,0,2,0,1.0
77935,0,0.523573821,36,0,0.15491100900000002,4550.0,4,0,0,0,0.0
77936,0,0.9999998999999999,39,0,14.0,,0,0,0,0,0.0
77937,0,0.363003301,29,0,0.134973005,3333.0,11,0,0,0,0.0
77938,0,0.9273455209999999,57,1,0.334555497,21000.0,16,0,1,0,3.0
77939,0,0.090411683,59,0,0.205757495,7537.0,7,0,1,0,0.0
77944,0,0.9999998999999999,53,0,0.0,3532.0,2,0,0,0,1.0
77947,0,0.0,82,0,0.0,,15,0,0,0,0.0
77949,0,0.37327017700000004,45,0,0.651565623,1500.0,11,0,1,0,1.0
77950,0,0.080375732,64,0,0.162697035,14400.0,12,0,1,0,1.0
77952,0,0.037949368,35,0,1459.0,0.0,4,0,1,0,0.0
77954,0,0.075224455,72,0,0.007314726,15584.0,10,0,0,0,0.0
77956,0,0.148289838,34,0,0.574585635,3800.0,5,0,2,0,3.0
77958,0,0.0,51,0,2631.0,,5,0,3,0,0.0
77959,0,0.42375894399999997,44,0,0.69196657,5862.0,6,0,2,0,0.0
77960,0,0.011747002,62,0,0.26931897,18750.0,14,0,1,0,0.0
77961,0,0.53152702,46,0,0.495539981,6277.0,18,0,0,0,1.0
77963,0,0.773556611,30,1,0.172250423,2954.0,3,0,0,0,3.0
77964,0,0.16387691699999998,78,0,1.137184116,1384.0,15,0,1,0,0.0
77966,0,0.600739926,61,0,0.7586598520000001,1760.0,5,0,1,0,1.0
77967,0,0.410499489,45,0,0.47857234200000004,7816.0,11,0,1,0,1.0
77969,0,0.9999998999999999,30,0,0.109942136,1900.0,1,0,0,0,0.0
77970,0,0.067643595,72,0,0.114402073,2700.0,10,0,0,0,1.0
77971,0,0.44310379299999997,65,0,1287.0,,3,0,1,0,0.0
77974,0,0.9999998999999999,37,0,0.0,,0,1,0,0,0.0
77976,0,0.020639353,49,0,0.273418822,4600.0,10,0,1,0,2.0
77979,0,0.99066408,62,0,2934.0,,17,0,0,0,0.0
77980,0,0.06825796099999999,40,0,0.216856352,3250.0,8,0,0,0,0.0
77981,0,0.011751842,66,0,0.203143639,14250.0,21,0,1,0,0.0
77982,0,0.055725598,52,1,6280.0,,10,0,3,0,2.0
77983,1,0.565020677,49,0,0.93119077,2426.0,9,0,2,0,1.0
77984,0,0.975530131,40,0,0.290387894,9383.0,4,0,1,0,0.0
77985,0,0.005510989,77,0,7.0,,7,0,0,0,0.0
77986,0,0.9999998999999999,52,0,0.23694779100000002,12449.0,8,0,1,0,0.0
77988,0,0.764667322,52,2,0.269075021,9383.0,11,2,2,2,0.0
77989,0,0.007160051999999999,80,0,0.163917164,2848.0,5,0,1,0,0.0
77990,0,0.9957959759999999,50,0,0.39110560899999997,10500.0,11,0,2,1,1.0
77993,0,0.946210758,43,0,0.499235384,8500.0,7,0,1,0,0.0
77994,0,0.11868556300000001,45,0,1.036909187,3765.0,11,0,1,0,2.0
77995,0,0.005570522,48,0,0.502804691,3921.0,11,0,1,0,1.0
77996,0,0.8392740890000001,55,0,0.526015228,3151.0,8,0,1,0,0.0
77997,0,0.07152232900000001,67,0,0.009057758,8500.0,6,0,0,0,0.0
78000,0,0.069897343,51,0,0.324307692,14624.0,15,0,1,0,1.0
78001,0,0.025565437000000003,75,0,0.0038010970000000002,16047.0,12,0,0,0,0.0
78002,0,0.008652175,44,0,7065.5,1.0,13,0,3,0,3.0
78003,0,0.040965853999999996,96,0,70.0,,5,0,0,0,0.0
78004,0,0.7177805159999999,49,0,1.0799840029999999,5000.0,6,0,1,0,2.0
78006,0,0.37041972,63,0,0.39304278299999995,2500.0,10,0,0,0,0.0
78007,0,0.041924682000000005,71,0,27.0,0.0,4,0,0,0,0.0
78008,0,0.025760678,48,0,0.414352366,4500.0,6,0,1,0,0.0
78009,0,0.96151924,74,1,0.479426599,3766.0,7,0,1,0,0.0
78011,0,0.023332752999999998,80,0,0.007590596999999999,4083.0,6,0,0,0,0.0
78012,0,0.528235882,48,4,1.151898734,1500.0,10,1,2,0,2.0
78014,0,0.155352398,65,1,0.44479087799999995,22450.0,15,0,3,0,0.0
78015,0,0.022044202000000002,33,0,0.207943365,8333.0,8,0,2,0,0.0
78016,0,0.9999998999999999,59,0,280.0,,0,0,0,0,0.0
78017,0,0.034635576,71,0,45.0,,5,0,0,0,0.0
78018,0,0.088319088,56,0,0.108044598,20000.0,14,0,0,0,0.0
78019,0,0.748891802,37,0,0.319200148,5400.0,16,0,0,0,0.0
78021,0,0.579772046,42,0,0.482827609,5997.0,10,0,1,0,1.0
78022,0,0.01654031,63,0,0.10321417199999999,9426.0,10,0,1,0,0.0
78023,0,0.0,47,0,0.21698254,6700.0,8,0,2,0,0.0
78025,0,0.018615041000000002,56,0,0.621206712,2800.0,13,0,1,0,1.0
78027,0,0.0037120509999999996,49,0,0.000545435,9166.0,4,0,0,0,0.0
78029,1,1.058588282,29,3,0.436410174,6250.0,9,0,1,0,0.0
78030,0,0.504368947,43,0,0.24869948,4997.0,7,0,0,0,3.0
78032,0,0.9999998999999999,77,0,0.0,,2,0,0,0,
78033,0,0.006674957,52,0,576.0,,8,0,0,0,0.0
78034,0,0.042235145,40,0,0.266906044,6683.0,9,0,1,0,4.0
78035,0,0.024114457000000002,70,0,0.251549833,4193.0,5,0,1,1,0.0
78036,0,0.075347397,65,0,1393.0,,8,0,1,0,0.0
78037,0,0.9999998999999999,30,0,0.000285633,3500.0,1,0,0,0,1.0
78038,1,0.561929759,43,0,0.38585400799999997,8383.0,12,1,3,0,1.0
78040,0,0.690524754,42,0,0.119888011,10000.0,5,0,0,0,2.0
78041,0,0.017142367,88,0,23.0,,10,0,0,0,
78042,0,0.43449794700000005,55,0,0.762584791,2800.0,5,0,1,0,0.0
78044,1,1.70259481,29,0,1.7408637869999999,300.0,4,4,0,0,0.0
78045,0,0.228366868,36,0,0.019278829,2800.0,2,0,0,0,3.0
78046,0,0.663431848,50,0,0.061638687000000005,3990.0,7,0,0,0,0.0
78047,0,0.030329507999999998,47,0,0.407130535,10433.0,7,0,3,0,2.0
78050,0,0.8818078359999999,67,0,0.31196139300000003,2900.0,10,0,0,0,1.0
78051,0,0.012707804,49,0,0.15483222300000002,7956.0,2,0,1,0,0.0
78053,0,0.2086198,68,0,2.0525992,3250.0,5,0,1,0,0.0
78054,1,0.9999998999999999,36,0,0.208044383,2162.0,2,1,0,1,3.0
78055,0,0.7209093759999999,35,1,0.08994550300000001,20000.0,7,0,0,0,1.0
78056,0,0.6109780229999999,79,0,0.44088977799999995,4000.0,6,0,1,0,0.0
78057,0,0.037474062999999995,48,0,1488.0,,4,0,1,0,0.0
78059,0,0.408979551,53,0,0.295653089,9500.0,9,0,1,0,2.0
78060,0,0.370943818,58,0,0.324112648,6000.0,7,0,1,0,1.0
78062,0,0.458796095,55,1,1865.0,,8,0,2,0,0.0
78063,0,0.111291507,54,0,0.057878948,5666.0,6,0,0,0,1.0
78066,0,0.0,25,0,0.206092337,2100.0,6,0,0,0,0.0
78067,0,0.6869696009999999,60,1,1.221926025,3000.0,12,0,2,0,0.0
78071,0,0.008118651,74,0,0.013969911000000002,6513.0,7,0,0,0,1.0
78072,0,0.15569481,44,0,0.618919439,5200.0,9,0,3,0,3.0
78073,0,0.0007142639999999999,55,0,1925.0,,5,0,1,0,0.0
78074,0,0.0,50,0,0.223045267,2429.0,4,0,1,0,0.0
78076,0,0.24314161399999998,60,0,3486.0,,22,0,2,0,0.0
78078,0,0.235973381,40,0,0.364336819,5450.0,12,0,2,0,4.0
78079,0,0.10902044300000001,44,0,0.229872293,1800.0,5,0,0,0,0.0
78080,0,0.057307116,56,0,0.029094181,3333.0,11,0,0,0,0.0
78081,0,0.0,63,1,3588.0,,12,0,2,0,0.0
78083,0,0.150783643,46,0,0.011899096000000001,2100.0,1,0,0,0,1.0
78084,0,0.93011262,41,0,0.093160645,4400.0,4,0,0,0,3.0
78088,0,0.285020428,56,0,0.928021049,5320.0,16,0,2,0,2.0
78090,0,0.07490738200000001,37,0,0.097892799,9775.0,7,0,0,0,2.0
78091,0,0.023855819,42,0,765.0,,8,0,1,0,1.0
78092,0,0.014065841,45,0,0.27320818,15500.0,8,0,1,0,3.0
78093,0,0.326973981,76,0,0.19952019199999999,2500.0,3,0,0,0,1.0
78094,0,0.463492009,82,0,0.19462443,4166.0,6,0,0,0,1.0
78096,0,0.007999866999999999,36,0,0.551879971,5531.0,7,0,1,0,0.0
78099,0,0.364933092,56,0,0.17391304300000002,2000.0,7,0,0,0,1.0
78102,0,0.004155067,60,0,0.025753674,6600.0,14,0,1,0,0.0
78104,0,0.000152188,42,0,0.693064555,4166.0,17,0,1,0,3.0
78105,0,0.11524499699999999,75,0,0.538771806,19833.0,11,0,6,0,0.0
78106,0,0.017046573,85,0,0.46783947200000003,5456.0,7,0,2,0,0.0
78107,0,0.446125516,62,0,0.141528239,13544.0,10,0,1,0,0.0
78109,1,0.877790834,62,0,902.0,,5,3,1,1,0.0
78110,0,0.014339713,66,0,2958.0,,6,0,1,0,0.0
78114,0,0.018495857,69,0,15.0,,5,0,0,0,1.0
78115,0,0.9999998999999999,44,1,45.0,,2,0,0,0,0.0
78121,0,0.8639977390000001,33,0,0.351298574,5120.0,10,0,1,0,0.0
78122,0,0.303419204,58,0,0.39463058700000003,14116.0,15,0,1,0,1.0
78125,0,0.8865313090000001,36,0,1.112672251,3700.0,8,0,4,0,1.0
78126,0,0.6999005909999999,45,1,0.355674029,6564.0,13,0,1,0,1.0
78127,0,0.0,51,0,0.39115221200000005,4000.0,6,0,2,0,0.0
78130,1,0.5578480720000001,57,2,0.314969121,10200.0,10,0,1,0,1.0
78132,0,0.057538042000000005,38,0,0.29485612699999997,9000.0,12,0,1,0,4.0
78134,0,0.31694169,38,0,0.6149671520000001,3500.0,13,0,1,0,1.0
78137,0,0.090162949,50,0,0.211463309,4605.0,14,0,1,0,2.0
78138,0,0.05860505,74,0,0.0049906429999999995,9617.0,8,0,0,0,0.0
78139,0,0.000749813,24,0,0.0,3724.0,2,0,0,0,0.0
78140,0,0.23642259399999999,48,0,3148.0,,9,0,1,0,3.0
78141,0,0.515089637,39,0,0.555444887,3011.0,16,0,1,0,1.0
78142,0,0.0,28,2,82.0,,3,1,0,2,0.0
78144,0,0.007965195999999999,51,0,0.268314688,5541.0,8,0,2,0,2.0
78145,0,0.373860377,71,0,0.692261548,5000.0,17,0,2,0,0.0
78146,0,0.747962337,39,1,0.278188765,12300.0,18,0,3,0,1.0
78148,0,0.224079782,29,0,0.17464342300000002,3154.0,8,0,0,0,1.0
78149,0,0.75442116,49,0,0.579126054,9130.0,13,0,2,0,2.0
78150,0,0.0,88,0,0.0,3649.0,2,0,0,0,0.0
78151,0,0.000690198,86,0,0.00044503800000000003,2246.0,10,0,0,0,0.0
78153,0,0.860313969,56,0,0.345730854,5000.0,5,0,1,0,2.0
78154,0,0.038791721,38,0,19.25925926,107.0,7,0,3,0,2.0
78155,0,0.5404324460000001,44,0,2.326673327,1000.0,6,0,1,0,0.0
78157,0,0.031484371000000004,63,0,0.413422209,6600.0,10,0,2,0,0.0
78159,0,0.055294471,50,0,0.234826287,7166.0,2,0,1,0,1.0
78160,0,0.03079846,74,0,18.0,,5,0,0,0,0.0
78161,0,0.25858047300000003,39,0,0.575395723,3600.0,10,0,1,0,0.0
78162,0,0.027272107,53,0,1.013246688,4000.0,20,0,2,0,1.0
78163,0,0.0008119310000000001,60,0,904.0,,4,0,1,0,
78164,0,0.514842822,30,0,927.0,,18,0,0,0,0.0
78165,0,0.369446779,53,0,0.505154639,3200.0,11,0,1,0,0.0
78167,1,0.7868292379999999,44,2,0.37481251,18000.0,13,0,2,0,4.0
78170,0,0.275947939,56,3,0.091841324,11116.0,7,0,0,0,0.0
78171,0,0.9999998999999999,23,0,15.0,0.0,1,0,0,0,0.0
78173,0,0.07574504900000001,32,0,0.24744558,2250.0,6,0,0,0,0.0
78174,0,0.020644871000000002,73,0,0.205162738,4454.0,9,0,1,0,0.0
78175,0,0.035995637000000004,43,0,0.283068349,6100.0,10,0,1,0,3.0
78177,0,1.006748313,46,3,0.43798155899999996,15833.0,10,0,3,1,3.0
78179,1,0.958635803,61,1,0.65049783,3916.0,12,9,1,2,1.0
78180,0,0.0,48,0,1515.0,,10,0,1,0,0.0
78181,0,0.950874132,65,0,0.545375218,4583.0,10,0,1,0,0.0
78183,0,0.110298255,44,0,4223.0,,9,0,1,0,0.0
78185,0,0.9999998999999999,53,0,0.08926446099999999,4200.0,1,0,0,0,0.0
78186,0,0.24491515100000003,39,0,2125.0,,12,1,2,0,3.0
78187,0,0.019807678000000002,67,0,0.267649075,2917.0,8,0,1,0,0.0
78189,0,0.22609855,75,0,125.0,,2,0,0,0,
78190,1,0.5070517760000001,49,1,0.42941550799999995,11000.0,11,0,2,0,1.0
78191,0,0.9999998999999999,34,0,0.00155521,4500.0,0,0,0,0,0.0
78192,0,0.016235583999999997,43,0,0.001999,2000.0,2,0,0,0,0.0
78194,0,0.022511867999999997,56,0,0.24579370899999997,4100.0,12,0,1,0,0.0
78195,0,0.060653443,44,0,0.232213439,7083.0,7,0,2,0,0.0
78196,0,0.591252177,29,1,0.304259043,3427.0,11,0,0,0,2.0
78197,0,0.069114471,63,0,1238.0,,6,0,1,0,0.0
78198,0,0.09298932800000001,45,0,2101.0,,8,0,1,1,0.0
78199,0,0.35486843,45,0,3327.0,,10,0,2,0,0.0
78200,1,0.426962656,48,1,0.593876913,3200.0,12,0,3,0,1.0
78201,0,0.9999998999999999,53,0,0.096390361,10000.0,3,0,1,0,3.0
78207,0,0.566956486,47,0,0.351292829,7850.0,15,0,1,0,2.0
78209,0,0.0,29,0,0.515296941,1666.0,2,0,1,0,0.0
78210,0,0.12835486599999998,41,1,0.36967772299999996,8501.0,7,0,1,0,2.0
78212,0,0.07927722599999999,56,0,0.431220771,6200.0,11,0,2,0,2.0
78213,0,0.197493218,58,0,3266.0,,10,0,2,0,0.0
78214,0,0.40379349999999997,59,0,1710.0,,8,0,2,0,3.0
78216,0,0.163963049,66,0,0.153846154,1000.0,6,0,0,0,0.0
78217,0,0.09397017,68,0,1860.0,,15,0,1,0,0.0
78218,0,0.326169825,49,0,0.507285666,2950.0,12,1,1,0,0.0
78220,0,0.010212456,52,0,0.311937612,5000.0,9,0,1,0,1.0
78222,0,0.401190229,62,0,0.400016783,11916.0,14,0,1,0,0.0
78223,0,0.0,39,0,0.0,,2,0,0,0,0.0
78225,0,0.854285847,50,0,0.710644678,2000.0,6,0,1,0,0.0
78226,0,0.22693865300000002,73,0,1809.0,,5,0,1,0,0.0
78227,0,0.817532617,60,1,0.612238716,3300.0,6,0,0,0,0.0
78228,0,0.107913105,79,0,41.0,,6,0,0,0,0.0
78229,0,0.308657732,44,0,0.490218809,6900.0,6,0,2,0,4.0
78230,0,0.011957832,76,0,0.41024413600000004,4177.0,24,0,1,0,0.0
78234,0,0.00042103,55,0,0.11230337800000001,8200.0,4,0,1,0,0.0
78237,0,0.48922602600000004,66,0,0.171765647,5000.0,12,0,2,0,0.0
78239,0,0.012026621000000001,81,0,0.27671978199999997,5145.0,6,0,2,0,0.0
78240,0,0.002513335,72,0,0.007758620999999999,2319.0,20,0,0,0,0.0
78241,0,0.0065627030000000005,76,0,0.141171766,5000.0,10,0,2,0,0.0
78244,0,0.605194892,54,0,3948.0,,10,0,1,0,1.0
78246,0,0.19736649899999997,50,0,0.507343941,14705.0,18,0,2,0,2.0
78252,0,0.013699658,64,0,0.00159984,10000.0,3,0,0,0,1.0
78254,0,0.530319965,64,0,0.43299479799999996,4036.0,11,0,1,0,1.0
78255,0,0.008190065,45,0,0.001428367,7000.0,4,0,0,0,2.0
78256,0,0.793082818,47,0,0.503490691,6015.0,10,0,1,1,0.0
78257,0,0.062119710999999994,63,0,0.150490586,15083.0,7,0,1,0,0.0
78258,0,0.508223654,43,0,0.277626268,9166.0,8,0,1,0,0.0
78259,0,0.123224705,65,0,0.426769685,8800.0,14,0,2,0,0.0
78260,0,0.19775014800000001,30,0,0.031799042,6886.0,7,0,0,0,0.0
78261,0,0.049175671,76,0,0.26293251100000004,5837.0,16,0,1,0,0.0
78262,1,0.398956346,52,0,0.321293746,9800.0,10,0,1,0,0.0
78263,0,0.053699601,46,0,0.38293617700000004,6000.0,8,0,1,0,3.0
78264,0,0.09427368900000001,43,0,3349.0,,16,0,1,0,3.0
78265,0,0.203485804,48,0,0.155701846,24000.0,4,0,1,0,2.0
78266,0,0.011483501,75,0,0.52560778,6169.0,9,0,2,0,0.0
78267,0,0.02784592,43,0,1635.5,1.0,10,0,1,0,1.0
78268,0,0.35871555299999996,52,0,0.273272905,8163.0,5,0,2,0,0.0
78269,0,0.514271713,62,0,0.856054836,3938.0,10,0,2,0,0.0
78270,0,0.715924505,34,0,0.6229452639999999,5900.0,16,0,1,0,4.0
78272,0,0.06209793,61,0,862.0,,3,0,0,0,
78273,0,0.8367320090000001,66,0,190.0,,1,0,0,0,
78274,0,0.051126704,77,0,0.12596401,3500.0,5,0,0,0,0.0
78276,0,0.0,63,3,140.0,,8,0,1,0,0.0
78277,0,0.0012911069999999999,66,0,1.0,,4,0,0,0,0.0
78280,1,0.9999998999999999,29,0,0.286576169,1325.0,1,1,0,0,0.0
78281,0,0.619388696,53,2,0.743605484,4886.0,11,0,2,2,0.0
78282,0,0.15975694199999999,36,0,0.267168163,4120.0,6,0,0,0,1.0
78284,0,0.021603668,71,0,0.265531256,15500.0,17,0,2,0,1.0
78286,0,0.009954198000000001,62,1,12.0,,10,0,0,0,0.0
78291,1,0.540899301,37,1,1068.0,,11,0,0,0,0.0
78292,0,0.661784288,24,0,0.206494588,1200.0,3,0,0,0,1.0
78293,0,0.337966769,40,1,0.228832952,17916.0,7,0,2,0,4.0
78296,0,0.804856369,35,0,0.356410897,4000.0,7,0,0,0,3.0
78297,0,0.027413051,54,0,0.11593177699999999,12722.0,17,0,1,0,3.0
78298,0,0.01800692,63,0,0.008247938,4000.0,5,0,0,0,2.0
78299,0,0.41751649700000004,44,1,0.471234224,6100.0,9,0,2,0,2.0
78301,0,0.012998951000000002,48,0,349.0,1.0,14,0,0,0,2.0
78302,0,0.061123472000000005,63,0,72.0,,6,0,0,0,0.0
78303,0,0.119727149,51,0,0.874837027,2300.0,10,0,1,0,0.0
78304,0,0.131697165,57,0,2466.0,,7,0,1,0,0.0
78305,0,0.020406581,82,0,30.0,,7,0,0,0,0.0
78306,0,0.031570365,49,0,2664.0,,15,0,1,0,0.0
78309,0,0.044397622000000005,38,0,0.39256074399999996,10000.0,17,0,1,0,2.0
78310,0,0.0,57,0,0.44117320299999996,9000.0,10,0,3,0,3.0
78311,0,0.03967061,51,0,0.258563728,5750.0,7,0,1,0,1.0
78312,0,0.160653873,33,0,0.24809398800000002,8000.0,8,0,1,0,0.0
78313,0,0.213951442,42,0,0.495712996,4431.0,4,0,3,0,0.0
78315,0,0.019090594,38,0,0.00679864,5000.0,5,0,0,0,0.0
78317,1,0.070253837,57,1,0.590392268,3517.0,19,0,2,1,0.0
78320,0,0.139641449,47,0,0.518774061,20000.0,23,0,5,0,3.0
78324,0,0.022683152,65,0,0.306789235,9028.0,11,0,1,0,0.0
78325,0,0.245979163,60,0,0.49069373899999996,6500.0,18,0,2,0,2.0
78326,0,0.9999998999999999,56,0,0.477506616,3400.0,5,0,1,0,0.0
78327,0,0.043998915,61,0,0.44925845700000006,6000.0,24,0,3,0,2.0
78328,0,0.123925621,54,1,0.025595905,6250.0,10,0,0,0,0.0
78330,0,0.0,42,0,0.000576701,1733.0,7,0,0,0,0.0
78331,0,0.04255984,57,0,1593.0,,3,0,1,0,
78333,0,0.078191846,52,1,755.0,,18,0,0,0,0.0
78334,0,0.0,64,0,0.0,,2,0,0,0,
78335,0,0.018101011,56,0,0.34594825700000004,4676.0,13,0,1,0,0.0
78336,0,0.590492363,40,0,4953.0,,19,0,1,0,0.0
78342,0,0.023162062999999997,43,0,1969.0,,9,0,1,0,
78345,0,0.36918480600000003,58,0,0.5391099779999999,5100.0,14,0,2,0,1.0
78346,0,0.033715694,48,0,0.324168958,4000.0,12,0,1,0,1.0
78348,0,0.21985766199999998,41,0,0.26541443600000003,21667.0,8,0,1,0,3.0
78349,0,0.022649996000000002,67,0,0.6272426010000001,8750.0,11,0,3,0,1.0
78350,0,0.304303797,41,0,0.311334133,9166.0,10,0,2,0,2.0
78351,0,0.13059626900000001,69,0,0.18757499,7500.0,4,0,1,0,0.0
78352,0,0.0,67,0,0.190788368,11897.0,7,0,2,0,0.0
78354,0,0.524186492,56,0,2100.0,,7,0,1,0,0.0
78355,1,0.9999998999999999,30,98,0.0,,0,98,0,98,0.0
78358,0,0.476617019,46,1,0.45870556100000004,5484.0,8,0,1,4,0.0
78360,0,0.6304913010000001,43,0,0.627340484,5500.0,3,0,2,0,0.0
78361,0,0.0,40,0,0.37965862,9900.0,5,0,1,0,1.0
78362,0,0.517474126,48,0,0.209844182,20600.0,13,0,2,0,3.0
78363,0,0.066896655,58,0,0.247076923,6499.0,5,0,3,0,0.0
78364,0,0.0,66,0,0.243627658,7100.0,15,0,1,0,1.0
78366,0,0.01789802,42,0,0.0059226209999999994,13000.0,7,0,0,0,0.0
78367,0,0.9999998999999999,24,0,0.0,,0,0,0,0,0.0
78369,0,0.6547242129999999,46,0,0.42606149299999996,2048.0,4,0,0,0,3.0
78370,0,0.0,39,0,0.140400522,4593.0,6,0,0,0,1.0
78371,0,0.037671162,67,0,0.025192802,5834.0,8,1,0,0,0.0
78372,0,0.9999998999999999,81,1,0.0,,3,0,0,0,
78373,0,0.730436726,65,3,0.7640304290000001,6966.0,12,0,1,1,0.0
78374,0,0.00738321,79,0,52.71428571,27.0,7,0,1,0,1.0
78377,0,0.008571034,56,0,0.347860856,2500.0,7,0,0,0,1.0
78378,0,0.9999998999999999,51,0,0.450066578,13517.0,9,0,2,0,3.0
78379,0,0.5851483160000001,66,0,2.51375733,2216.0,14,0,3,0,1.0
78381,0,0.614743247,50,0,0.164671288,4760.0,5,0,0,0,0.0
78382,0,0.96680332,37,0,0.157757156,7650.0,5,0,1,0,1.0
78383,0,0.06907419299999999,59,0,0.327918615,12188.0,11,0,2,0,1.0
78384,0,0.431761065,40,0,0.618761931,11000.0,8,0,3,0,2.0
78385,0,0.8275987459999999,30,0,0.528850522,2200.0,6,0,1,0,0.0
78388,0,0.0,54,0,0.0,,7,0,0,0,0.0
78389,0,0.270817027,65,0,1.166820959,5400.0,9,0,1,0,0.0
78391,0,0.365669983,81,0,0.49007337100000004,4633.0,11,0,1,0,0.0
78392,0,0.03946512,44,0,0.561351833,12900.0,15,0,6,0,4.0
78393,1,0.02229777,61,1,0.42046900600000003,5500.0,5,0,2,0,0.0
78394,0,0.151662076,54,0,0.390305814,8272.0,11,0,2,0,1.0
78395,0,0.08972496199999999,58,0,358.0,,10,0,0,0,0.0
78397,0,0.5195466879999999,52,0,0.510454218,4160.0,15,0,2,0,1.0
78398,0,0.010358709,80,0,0.0038412290000000003,3123.0,4,0,0,0,0.0
78399,0,0.062025345,58,0,0.236634265,6583.0,7,0,2,0,0.0
78400,0,0.701707605,39,2,0.44780487799999996,4099.0,7,0,1,0,0.0
78402,0,0.083671391,38,0,2395.0,,14,0,2,0,4.0
78403,0,0.73714092,35,2,0.360292536,4648.0,7,0,1,0,1.0
78406,0,0.33739814100000004,41,0,0.627062706,2726.0,8,0,1,0,0.0
78407,0,0.009507974,37,0,0.57021764,4364.0,11,0,2,0,0.0
78408,0,0.006634296,33,0,0.030675917,45833.0,5,0,0,0,1.0
78409,0,0.847326965,35,0,0.24150339899999998,2500.0,5,0,0,0,0.0
78410,0,0.01454281,33,0,0.18366445899999997,2264.0,8,0,0,0,0.0
78411,0,0.041839967,53,0,3479.0,,8,0,2,0,0.0
78413,0,0.649465168,47,0,0.426095651,6000.0,8,0,1,0,2.0
78415,0,0.0,86,0,0.0,406.0,4,0,0,0,0.0
78416,0,0.9999998999999999,37,0,2473.0,0.0,3,0,1,0,4.0
78417,0,0.48461482899999997,60,0,0.772428308,3800.0,6,0,1,0,0.0
78421,0,0.068329737,50,0,1750.0,,26,0,2,0,2.0
78422,0,0.129729815,39,0,0.54279219,7477.0,18,0,3,0,0.0
78423,0,0.353541693,46,0,0.295388147,9583.0,7,0,2,0,2.0
78424,0,0.089454595,62,0,3677.0,,4,0,1,0,0.0
78425,0,0.9999998999999999,49,0,2274.0,,4,0,1,1,0.0
78427,0,0.013919443,60,0,0.334118484,22500.0,11,0,3,0,0.0
78430,0,0.314122114,52,0,0.6461851479999999,4914.0,12,0,1,0,2.0
78431,0,0.075120171,33,0,1056.0,,8,0,0,0,0.0
78432,1,0.579772037,49,0,0.331863572,7710.0,10,0,0,0,1.0
78433,0,0.034451291,84,0,0.081039901,10500.0,18,0,1,0,0.0
78434,0,0.294226677,48,0,0.127882855,8194.0,9,0,0,0,3.0
78437,0,0.01699624,54,0,0.201755965,50000.0,10,0,2,0,4.0
78439,0,0.5985692220000001,48,0,1.1438561440000001,1000.0,8,0,1,0,3.0
78441,0,0.007895749,60,0,0.043590345,8533.0,4,0,0,0,0.0
78445,0,0.066421884,58,0,0.315361575,2336.0,16,0,1,0,0.0
78446,0,0.064269806,26,0,0.10797120800000001,3750.0,3,0,0,0,0.0
78447,0,0.9999998999999999,49,0,0.057364341,2579.0,3,0,0,0,1.0
78448,0,0.019813186,78,0,0.011053621999999999,4251.0,9,0,0,0,0.0
78449,1,0.077128572,53,0,0.13876652,6809.0,7,0,1,0,1.0
78450,0,0.016165638,80,0,0.010379964,10500.0,12,0,1,0,0.0
78451,1,0.048851418,53,0,0.030663746000000002,10500.0,11,0,0,1,0.0
78454,0,0.059947003,37,0,0.360741676,10300.0,7,0,2,0,2.0
78455,0,0.35462038,48,0,0.441874142,5100.0,14,0,1,0,0.0
78460,0,0.076769292,37,0,0.147205816,2200.0,3,0,0,0,0.0
78461,0,0.059519592999999996,74,0,0.25289159,5100.0,8,0,2,0,1.0
78462,0,1.01266546,42,4,0.877890642,4626.0,10,0,1,1,2.0
78463,0,0.0,46,0,0.003198721,2500.0,15,0,0,0,0.0
78464,1,0.306322258,32,0,0.5503875970000001,2708.0,10,0,1,0,0.0
78466,0,0.011079557,76,0,0.002999625,2666.0,8,0,0,0,0.0
78467,0,0.075982067,52,0,0.820362965,3250.0,13,0,2,0,2.0
78468,0,0.215407541,54,0,0.320585098,6562.0,8,0,2,0,0.0
78469,0,0.198131848,26,0,0.12234706599999999,800.0,5,0,0,0,0.0
78471,1,0.61471897,61,0,5617.0,,27,0,1,0,
78472,0,0.034544948,80,0,0.22515496899999998,5000.0,12,0,0,0,1.0
78473,0,0.001737945,60,0,0.092476955,10088.0,10,0,1,0,0.0
78474,0,0.7202192709999999,72,1,2100.0,,15,0,1,0,1.0
78475,0,0.028023421,43,0,0.274302855,9000.0,13,0,1,0,3.0
78478,0,0.002394705,69,0,0.001423285,3512.0,13,0,0,0,0.0
78479,0,0.002909816,42,0,0.366233527,10850.0,21,0,2,0,0.0
78480,0,0.161303996,53,0,125.0,,4,0,0,0,0.0
78483,0,0.600026002,58,2,0.591340866,10000.0,19,1,0,0,0.0
78485,0,0.010483448000000001,57,2,3425.0,,9,0,2,0,0.0
78486,0,0.004403045,78,0,174.0,,10,0,1,0,0.0
78487,0,0.366263374,67,0,0.028337062000000003,4022.0,6,0,0,0,0.0
78488,0,0.464988284,62,1,0.38518599299999995,9166.0,6,0,2,0,0.0
78490,0,0.08775588,68,0,0.457069934,9794.0,6,0,2,0,0.0
78491,0,0.058623101,55,0,0.246294185,11400.0,14,0,2,0,2.0
78493,0,0.223007803,58,0,0.119635509,6803.0,6,0,0,0,1.0
78494,0,0.114706291,74,0,0.514485514,1000.0,6,0,0,0,0.0
78495,0,0.40684771,61,1,2247.0,,6,0,1,0,0.0
78496,0,0.0009999,47,0,0.279592854,14048.0,10,0,2,0,1.0
78497,0,0.37348216799999995,84,0,1212.0,,7,0,1,0,0.0
78498,0,0.41218741799999997,50,0,0.107202793,14896.0,4,0,0,0,4.0
78499,0,0.0,26,0,0.655737705,792.0,4,0,0,0,0.0
78500,0,0.017748235,63,0,0.19454919399999998,5833.0,16,0,1,0,0.0
78501,0,0.004718114,56,0,2.027072053,2400.0,16,0,3,0,1.0
78502,0,0.49898037799999995,58,1,3456.0,,13,0,2,0,0.0
78503,0,0.004401844,55,0,3155.0,,11,0,1,0,0.0
78504,0,9.36e-05,70,0,0.150662637,4300.0,9,0,0,0,0.0
78505,0,0.584302326,56,4,3145.0,,19,1,2,0,0.0
78506,0,0.8963260409999999,60,0,0.5810035179999999,5400.0,6,0,1,0,0.0
78507,1,2.198801199,51,1,0.094492126,12000.0,5,7,0,0,0.0
78508,0,0.051399266,64,0,0.19936741100000002,9800.0,9,0,3,0,0.0
78509,0,0.12004782300000001,58,0,0.8174230570000001,3833.0,14,0,4,0,2.0
78510,0,0.6471932579999999,45,0,0.405750225,5564.0,8,0,1,0,2.0
78511,0,0.795848799,56,0,0.8331092440000001,5949.0,12,0,2,0,1.0
78513,0,0.018190505,82,0,0.061364173,4236.0,6,0,0,0,0.0
78514,0,0.01774826,46,0,0.449859419,3200.0,10,0,2,0,0.0
78515,0,1.241313597,38,1,0.174208435,7800.0,12,0,0,0,0.0
78516,0,0.9999998999999999,54,0,0.335213033,6383.0,3,0,2,0,0.0
78517,0,0.099276029,51,0,0.606616979,5500.0,9,0,3,0,2.0
78518,0,0.013680763,48,0,1819.0,,4,0,1,0,0.0
78520,0,0.40290821,71,0,0.011139673999999999,3500.0,2,0,0,0,0.0
78522,0,0.47979809999999995,39,0,0.290044372,16000.0,17,0,2,0,0.0
78523,0,0.00319936,48,0,0.286428393,4000.0,9,0,0,0,0.0
78524,0,0.662551083,53,0,0.161159952,24000.0,15,0,1,0,2.0
78525,0,0.909636295,27,0,218.0,,1,0,0,0,
78527,0,0.7125143740000001,65,0,6606.0,,12,0,1,0,0.0
78528,0,0.019016876999999998,39,0,0.21970242399999998,8333.0,4,0,1,0,0.0
78529,0,0.21525619,62,0,573.0,,9,0,0,0,0.0
78530,0,0.183146802,52,2,0.45490901799999994,5000.0,6,0,1,0,0.0
78532,0,0.035687237999999996,63,0,0.009672831,7029.0,9,0,0,0,0.0
78533,0,0.047650730999999995,45,0,0.3515217,5552.0,13,0,1,0,3.0
78534,0,0.0,43,0,0.164103076,10011.0,8,0,1,0,1.0
78535,0,0.962407518,30,0,0.149078341,4339.0,4,0,0,0,1.0
78536,0,0.038815279,58,0,4017.0,,17,0,3,0,1.0
78537,0,0.002555272,59,0,0.048403590999999996,8800.0,5,0,0,0,0.0
78538,0,0.011335052,29,0,0.17600592399999998,4050.0,13,0,0,0,1.0
78539,0,0.199866755,40,1,0.0044977509999999995,2000.0,1,0,0,0,0.0
78540,0,0.763242561,63,0,26668.0,,17,0,7,0,2.0
78542,0,0.046429341,61,1,1687.0,,16,0,2,0,1.0
78543,0,2.159584042,45,0,14.83794922,16500.0,8,0,1,0,3.0
78544,0,0.151023182,50,0,0.148868599,15113.0,14,0,1,0,1.0
78546,0,0.005238024,65,0,0.21098940600000002,11137.0,11,0,2,0,0.0
78547,0,0.049956969000000004,52,0,1637.0,,7,0,1,0,1.0
78548,0,0.0,63,0,0.103798355,5712.0,5,0,1,0,0.0
78549,0,0.041994751,34,0,0.437941965,4100.0,10,0,1,0,1.0
78551,0,0.9999998999999999,48,0,250.0,,1,0,0,0,0.0
78552,0,0.177928367,41,0,1.02022626,2916.0,10,0,2,0,2.0
78553,0,0.9037397509999999,31,2,0.531953743,4928.0,11,0,2,0,2.0
78554,0,0.0,49,0,0.283546705,2108.0,5,0,0,0,0.0
78555,0,0.385762121,51,0,0.56694287,2292.0,8,0,1,0,0.0
78557,0,0.49036312,45,0,2472.0,,4,0,1,0,0.0
78558,0,0.0,80,0,0.0,,3,0,0,0,0.0
78560,0,0.001922635,80,0,0.10083727699999999,2746.0,5,0,0,0,0.0
78561,0,0.054622135,43,0,429.0,,10,0,0,0,0.0
78562,0,0.5850686860000001,38,0,0.866506795,1250.0,6,0,0,0,0.0
78563,0,0.476602497,45,0,2489.0,,5,0,1,0,0.0
78565,0,0.33669029,62,0,0.212668198,9140.0,8,0,2,0,1.0
78566,0,0.0,78,0,0.12277413300000001,3200.0,2,0,0,0,1.0
78567,0,0.021116335,54,0,0.099489478,8030.0,8,0,1,0,0.0
78568,1,0.910236905,69,1,0.049986845999999995,3800.0,2,0,0,0,0.0
78569,0,0.024277106,58,0,0.062627499,4901.0,6,0,0,0,0.0
78570,0,0.156725555,29,0,0.22856098,5468.0,8,0,1,0,0.0
78573,0,0.9999998999999999,30,1,0.184852002,3445.0,2,0,1,0,0.0
78574,0,0.164109374,47,0,1011.0,,7,0,1,0,2.0
78575,0,0.15650534300000002,45,0,922.0,,7,0,1,0,0.0
78576,0,0.941879413,61,1,328.0,,10,0,0,0,0.0
78577,0,0.028069424,50,0,1509.0,,7,0,1,0,3.0
78578,0,0.023008916,64,0,0.175232415,5700.0,11,0,1,0,0.0
78579,0,0.0,51,0,0.21171261800000002,9937.0,8,0,2,0,0.0
78580,0,0.0,59,0,0.004338217,12216.0,5,0,0,0,2.0
78582,0,0.12902269,38,0,0.51995667,12000.0,7,0,2,1,0.0
78583,0,0.040865355,57,0,0.09514467900000001,12233.0,14,0,1,0,0.0
78584,0,0.9999998999999999,50,0,0.095215425,4200.0,1,1,0,0,1.0
78585,0,0.010554383,47,0,0.7007664109999999,3000.0,5,0,1,0,0.0
78587,0,0.05556765599999999,53,0,0.419421204,7290.0,18,0,4,0,1.0
78588,0,0.7341812809999999,67,0,0.147158285,9166.0,11,0,1,0,0.0
78589,0,0.9820007059999999,31,0,0.566527524,7665.0,7,0,2,0,0.0
78590,0,0.9999998999999999,28,0,651.0,,5,2,0,0,
78592,0,0.022296963,55,0,393.0,,6,0,0,0,1.0
78593,0,0.061550125,52,0,0.058054594,2600.0,11,0,1,0,0.0
78594,0,0.222079019,35,0,1657.0,0.0,9,0,1,0,2.0
78595,0,0.126179063,45,0,0.339862593,6840.0,11,0,2,0,2.0
78596,0,0.38423389799999996,32,0,0.453429223,5700.0,8,0,1,0,2.0
78597,0,0.264462006,45,0,0.8995048059999999,3432.0,13,0,3,0,0.0
78598,0,0.0062757180000000004,73,0,666.0,,4,0,1,0,1.0
78599,0,0.774621784,58,1,0.246394687,10539.0,9,0,1,0,1.0
78603,0,0.445142276,68,0,0.681768343,22800.0,16,0,8,0,0.0
78604,0,0.08328625,85,0,0.991429551,2916.0,28,0,2,0,1.0
78605,0,0.9999998999999999,44,1,0.150252525,2375.0,2,1,0,0,3.0
78606,1,0.234341253,50,0,0.392521496,5000.0,13,0,2,0,1.0
78607,0,0.14018794,69,0,0.7469750340000001,6528.0,13,0,4,0,0.0
78608,0,1.000333317,60,0,0.46389426200000006,3101.0,2,0,1,0,0.0
78609,0,0.9999998999999999,51,0,0.465468307,5284.0,3,0,1,0,0.0
78611,0,0.189710491,39,0,0.113168724,9233.0,10,0,1,0,2.0
78613,1,0.6965174129999999,37,2,0.08962006900000001,5500.0,2,3,0,0,0.0
78615,0,0.918260519,36,1,990.0,,8,0,0,1,0.0
78616,0,0.00515926,45,0,0.435863874,4583.0,6,0,1,0,0.0
78618,0,0.457361302,45,0,0.273489193,6800.0,6,0,0,0,2.0
78619,1,0.9999998999999999,21,98,0.0,3545.0,0,98,0,98,0.0
78622,0,0.688635771,44,0,0.284652181,17350.0,6,0,2,0,2.0
78623,0,0.0047878059999999995,73,0,0.10286039,5278.0,9,0,1,0,0.0
78624,0,0.9999998999999999,22,0,7.0,,0,0,0,0,0.0
78629,0,0.7532821279999999,55,0,0.498289269,6429.0,14,0,1,0,0.0
78631,0,0.041881582,60,0,0.014748757,5830.0,8,0,0,0,2.0
78632,0,0.034311013,58,1,0.28159401100000003,9083.0,13,0,2,0,3.0
78633,0,0.171379395,33,0,62.0,0.0,1,0,0,0,0.0
78634,0,0.059810630999999996,71,0,0.013899048999999998,4100.0,5,0,0,0,0.0
78637,0,0.06519674,39,0,0.126977769,4992.0,3,0,0,0,0.0
78638,0,0.031093753,76,0,0.008839779,5429.0,8,0,0,0,0.0
78639,0,0.533911015,34,0,0.138863173,5400.0,6,0,0,0,1.0
78640,0,0.334637539,62,2,0.37744902,2500.0,5,0,1,0,0.0
78641,0,0.420571962,63,0,0.657526421,3500.0,4,0,0,0,2.0
78644,0,0.369002719,41,0,0.8128031040000001,3092.0,6,0,1,0,2.0
78645,0,0.624234712,46,0,0.5236920039999999,6077.0,8,0,1,0,0.0
78647,0,0.08407368900000001,67,0,0.18413550199999998,5962.0,10,0,1,0,0.0
78648,0,0.196991792,31,0,0.04698433900000001,3000.0,3,0,0,0,3.0
78649,0,0.469587701,50,0,0.595959596,6533.0,25,0,1,0,1.0
78650,0,0.239454946,53,1,2498.0,,12,0,1,0,0.0
78651,0,0.289020911,53,0,0.357100345,8400.0,11,0,1,0,0.0
78652,0,0.35447056,37,0,0.060306217999999995,9600.0,4,0,0,0,0.0
78653,0,0.22350680399999998,77,0,1.707154742,600.0,10,0,1,0,0.0
78654,0,0.007407981,67,0,0.0027493129999999998,4000.0,4,0,0,0,0.0
78656,0,0.782969886,61,0,1.1381697,3900.0,7,2,1,1,2.0
78658,0,0.48581790700000005,58,0,0.150354758,9583.0,6,0,0,0,0.0
78660,0,0.9999998999999999,35,0,0.038574423,2384.0,1,2,0,0,0.0
78661,0,0.31797894600000004,64,0,0.321355987,12300.0,12,0,2,0,0.0
78662,1,0.9780439120000001,45,0,14.0,,2,1,0,0,0.0
78665,0,0.10909727300000001,40,0,0.091458021,26000.0,6,0,1,0,3.0
78666,0,0.04655296900000001,55,0,0.27877283199999997,5638.0,7,0,1,0,0.0
78667,0,0.065493683,39,0,0.621751299,2500.0,4,0,1,0,2.0
78668,0,0.880699702,57,0,0.407086296,17300.0,13,0,2,0,1.0
78669,0,0.012701558,33,0,0.602615028,6041.0,4,0,2,0,1.0
78671,0,1.28452579,34,2,0.688362328,3333.0,8,1,2,1,1.0
78673,0,0.11255623599999999,47,0,0.10903759,3750.0,16,0,0,0,0.0
78674,0,0.86702052,63,0,0.265759511,3600.0,6,0,0,0,1.0
78675,0,0.0,57,0,1878.0,,5,0,1,0,0.0
78676,0,0.150365602,33,0,0.547447816,5700.0,10,0,1,0,0.0
78677,0,0.9999998999999999,38,0,0.522954499,4900.0,10,0,1,0,2.0
78678,0,0.0012562180000000001,73,0,483.0,,2,0,0,0,0.0
78679,0,0.852356896,42,0,0.160176805,4750.0,7,0,0,0,0.0
78680,0,0.054696287,64,0,0.20083351300000002,13916.0,17,0,1,0,0.0
78681,0,0.104744763,87,0,828.0,,4,0,1,0,0.0
78682,0,0.004268235,59,1,3897.0,,6,0,1,0,0.0
78685,0,0.0,68,0,0.001325674,2262.0,5,0,0,0,0.0
78689,0,0.0,49,0,2011.0,,15,0,1,0,0.0
78690,0,0.0,71,0,0.0,5000.0,14,0,0,0,0.0
78692,0,0.000488361,68,0,0.124625125,3000.0,4,0,0,0,0.0
78694,0,0.117429706,40,0,0.068535227,5208.0,9,0,0,0,1.0
78695,0,0.030026477000000003,68,1,0.622468441,11010.0,15,0,5,0,0.0
78696,0,0.9999998999999999,48,0,0.0,3752.0,0,0,0,0,0.0
78700,0,0.06948461,38,0,0.340063455,10400.0,8,0,1,0,2.0
78701,0,0.053054246,89,0,0.0038201959999999997,7852.0,4,0,0,0,0.0
78702,0,0.078298559,59,2,0.737737517,9051.0,11,0,2,0,2.0
78703,1,0.079991112,53,4,1.767906718,1800.0,11,0,3,0,0.0
78704,0,0.005999636,45,0,1855.0,,3,0,1,0,0.0
78706,0,0.356016614,57,0,0.624100388,10837.0,8,0,1,0,0.0
78708,0,0.08585803300000001,55,0,0.707446183,8500.0,10,0,2,0,0.0
78710,0,0.595049999,59,1,0.40227227,9945.0,15,0,2,0,0.0
78711,0,0.001532715,61,0,0.104431329,9996.0,13,0,1,0,0.0
78712,0,0.026805238,33,0,0.149406975,5648.0,6,0,0,0,1.0
78717,0,0.036562397,54,0,0.091764593,20933.0,8,0,1,0,2.0
78718,0,0.014483816000000002,60,0,0.48643160399999996,5416.0,21,0,1,0,1.0
78719,0,0.5632052670000001,43,0,0.654790038,5500.0,20,0,2,1,2.0
78722,1,0.09892527400000001,49,1,0.328870435,11800.0,15,0,2,0,0.0
78724,0,0.011674708,84,0,16.0,,6,0,0,0,0.0
78726,0,0.10380773800000001,72,0,2837.0,,16,0,3,0,0.0
78727,0,0.676804952,26,0,0.517661389,820.0,5,0,0,0,0.0
78728,0,0.609884037,40,0,0.7402290490000001,5500.0,16,0,2,0,0.0
78729,0,0.130925773,24,0,0.722875817,764.0,5,0,0,0,0.0
78730,0,0.271773355,58,0,0.34020945700000005,3150.0,10,0,0,0,0.0
78732,0,0.082922277,53,0,0.254165741,4500.0,10,1,1,0,3.0
78734,0,0.0,26,0,0.0,1.0,3,0,0,0,0.0
78735,0,0.000816647,58,0,0.000123442,8100.0,7,0,0,0,1.0
78738,0,0.0,35,0,0.050110435999999994,7243.0,5,0,0,0,0.0
78739,0,0.0,37,0,0.43441652399999997,7600.0,11,0,2,0,1.0
78740,0,0.274551857,57,0,0.564585115,4675.0,15,0,1,0,2.0
78741,0,0.06828435599999999,38,0,0.203430635,6645.0,17,0,1,0,2.0
78742,0,0.873084772,44,0,0.191271285,12097.0,9,0,0,0,2.0
78743,1,0.917880482,52,5,0.538576904,6000.0,10,0,1,3,0.0
78745,0,0.004418502,53,0,244.0,,4,0,0,0,1.0
78746,0,0.12844392699999999,70,0,0.35073880700000004,9000.0,5,0,2,0,0.0
78747,0,0.058053569000000006,51,0,0.612320633,4041.0,13,0,2,0,1.0
78748,0,0.236900518,49,0,1367.0,,7,0,2,0,0.0
78749,0,0.0,42,0,1539.0,,5,0,1,0,0.0
78750,0,0.850287428,28,1,0.321052632,2849.0,4,0,0,1,2.0
78752,0,0.0,26,0,0.275094954,1842.0,3,0,0,0,0.0
78753,0,0.03854173,61,0,0.18059757899999998,5287.0,10,0,0,0,1.0
78754,0,0.19758870899999997,27,0,0.217816092,3479.0,4,0,0,0,0.0
78755,0,0.0,62,3,1.144131672,6500.0,8,0,2,0,0.0
78756,0,0.322812052,62,0,4003.0,0.0,16,0,2,0,0.0
78757,0,0.131623341,72,0,0.018504388,10483.0,3,0,0,0,0.0
78758,0,0.5407304079999999,51,0,0.662186527,6100.0,11,0,1,0,0.0
78759,0,0.086746067,46,0,0.3956643,7887.0,16,0,1,0,2.0
78761,0,0.780609695,43,1,0.180190653,4300.0,3,0,0,1,1.0
78762,0,0.04478257099999999,47,0,0.358600583,4458.0,4,0,1,0,0.0
78764,1,0.012438832,81,0,0.103589641,10000.0,14,0,0,1,0.0
78765,0,0.248329437,54,0,0.035130991,15000.0,4,0,0,0,0.0
78766,0,0.0,31,0,0.53046953,1000.0,6,0,0,0,0.0
78768,0,0.0,50,0,1938.0,,8,0,1,0,0.0
78771,0,0.010315608,64,0,0.079398895,17367.0,7,0,2,0,0.0
78772,0,0.0,38,1,2151.0,,11,0,1,0,0.0
78774,0,0.46499271200000003,63,1,4508.0,,15,0,2,0,
78775,0,0.7698321309999999,30,0,0.614177589,5416.0,9,0,2,0,1.0
78776,0,0.008114755999999999,55,0,5693.0,,11,0,4,0,0.0
78777,1,0.132431735,34,0,3866.0,,10,0,2,0,1.0
78778,0,0.19978783,48,0,2205.0,,14,0,1,0,3.0
78779,0,0.218222287,60,0,870.0,,8,0,0,0,0.0
78780,0,0.189311093,61,0,0.37407148799999995,15750.0,11,0,2,0,0.0
78782,0,0.185684858,42,0,3637.0,,16,0,2,0,0.0
78783,0,0.000253901,63,0,1999.0,,8,0,2,0,0.0
78784,0,0.008776216,64,0,0.34129602700000006,7576.0,27,0,1,0,0.0
78785,0,0.0,50,0,0.0,12500.0,3,0,0,0,0.0
78786,0,0.0034587420000000003,74,0,0.29642589399999997,4000.0,8,0,1,0,0.0
78788,0,0.543909182,64,0,0.117788221,10000.0,12,0,0,0,0.0
78789,0,0.007848365999999999,48,0,0.15197357,5750.0,9,0,1,0,4.0
78792,0,0.263316873,46,0,0.5616,9999.0,14,0,2,0,3.0
78794,0,0.0,46,0,0.37585381,11272.0,9,0,3,0,0.0
78795,1,0.9999998999999999,40,0,0.03630363,4544.0,1,1,0,0,2.0
78796,0,0.178227827,45,0,0.294970503,10000.0,8,0,1,0,2.0
78797,0,0.611649176,52,0,0.465245151,8300.0,15,0,3,0,2.0
78798,0,0.0,60,0,0.685428722,1900.0,7,0,1,0,0.0
78800,0,0.032421478999999996,48,0,0.18803043600000002,6833.0,3,0,1,0,0.0
78803,1,0.982220086,50,0,0.322503231,5416.0,7,3,1,0,2.0
78804,0,0.792480163,62,0,0.450925691,11828.0,14,0,2,0,2.0
78805,0,0.186551487,47,0,1633.0,,7,0,0,0,2.0
78806,0,0.786475464,59,0,0.141233425,4750.0,3,0,0,0,0.0
78807,1,0.128655658,50,0,0.17938817899999998,10100.0,12,0,1,0,0.0
78811,0,1.0029994,59,0,0.326374879,11400.0,6,0,2,0,0.0
78812,0,0.340277555,29,0,0.458352026,6686.0,7,0,1,0,0.0
78813,0,0.353826364,34,1,0.395193065,5075.0,8,0,0,0,3.0
78814,1,0.9999998999999999,32,1,0.0,,1,0,0,0,0.0
78815,0,0.611874656,60,0,9.031104528,4725.0,13,0,0,0,2.0
78816,0,0.000111099,29,0,0.293340671,5450.0,6,0,1,0,0.0
78817,0,0.261501265,74,0,0.45863333799999995,7360.0,19,0,1,0,4.0
78818,0,0.956893678,58,0,0.219812337,6500.0,6,2,1,0,0.0
78821,0,0.023504009,81,0,39.0,,8,0,0,0,0.0
78822,0,0.066437642,64,0,0.121219695,4000.0,6,0,0,0,0.0
78824,0,0.062943819,44,0,0.16811365399999997,3800.0,4,0,1,0,1.0
78825,0,0.645225796,44,0,0.514658532,5900.0,4,0,2,0,1.0
78826,0,0.067466655,70,0,1100.0,,8,0,1,0,0.0
78827,0,0.052002534,66,0,0.327892957,6800.0,19,0,2,0,0.0
78828,0,0.13782495,32,0,0.6716841809999999,3520.0,8,0,1,0,0.0
78831,0,0.631597043,48,0,0.524474068,4800.0,11,0,2,0,1.0
78832,0,0.044612965,72,0,0.314595661,6083.0,15,0,1,0,0.0
78834,0,0.067186563,61,0,0.002856327,3500.0,2,0,0,0,0.0
78835,0,0.001712943,77,0,0.16922315699999999,4041.0,13,0,2,0,0.0
78836,0,0.88973271,50,2,3.465499485,970.0,8,0,2,0,1.0
78837,1,0.342050336,56,2,0.470570525,6642.0,20,0,1,0,1.0
78838,0,0.406079696,49,0,0.29529362800000003,2400.0,4,0,1,0,2.0
78839,0,0.15760368,67,0,0.518872573,10146.0,25,0,1,0,2.0
78841,0,0.010402518000000001,42,0,2172.0,,7,0,1,0,0.0
78842,0,0.11807238199999999,77,0,0.013497301000000001,6667.0,9,0,0,0,1.0
78846,0,0.084616587,71,0,0.057576969000000006,2500.0,5,0,0,0,0.0
78848,0,0.355578976,76,0,0.492925304,3038.0,11,0,1,0,1.0
78849,0,0.63129568,55,1,5225.0,,8,2,2,0,
78850,0,0.0,66,0,0.0,,2,0,0,0,1.0
78851,0,0.029277755,58,0,0.01159768,5000.0,8,0,0,0,1.0
78852,0,0.6712126709999999,61,0,0.537115721,4000.0,11,0,1,0,1.0
78853,0,0.079782004,53,0,0.948951152,6816.0,8,0,2,0,2.0
78854,0,0.0,30,0,3231.0,,3,0,1,0,0.0
78855,0,0.06488168,80,0,0.067443797,1200.0,3,0,0,0,0.0
78856,0,0.139074866,44,0,1.548988534,10726.0,12,0,4,0,0.0
78857,0,0.36572111700000004,40,0,0.039230479,2650.0,5,0,0,0,1.0
78858,0,0.135336207,56,0,0.252013702,10800.0,9,0,1,0,2.0
78860,0,0.06568305,45,0,0.31970893300000003,6458.0,10,0,2,0,0.0
78861,1,0.263669155,43,0,0.356127679,8583.0,7,0,3,0,0.0
78862,0,0.033777027,73,1,0.245923084,11466.0,7,0,1,0,0.0
78864,0,0.010064702,63,0,0.22561863199999999,15800.0,11,0,2,1,1.0
78866,0,0.06499759299999999,35,0,0.472793781,6560.0,6,0,2,0,0.0
78867,1,2.875621891,41,0,0.163576881,2750.0,2,4,0,0,1.0
78869,0,0.048779313,65,0,0.5054926479999999,11833.0,14,0,5,0,1.0
78872,0,0.197040148,66,0,0.02082598,5665.0,1,0,0,0,0.0
78873,0,0.004115375,56,0,0.30656327899999997,10832.0,6,0,2,0,0.0
78874,0,0.44527952299999995,68,0,0.26292734,10500.0,23,0,1,0,0.0
78876,0,0.029289262000000003,64,0,0.096707464,5800.0,17,0,0,0,0.0
78879,0,0.008199672,62,0,0.00179964,3333.0,4,0,0,0,0.0
78880,0,0.29754729,55,0,0.292233436,4557.0,15,0,1,1,1.0
78882,0,0.058553115,46,0,0.609198686,7000.0,15,0,4,0,2.0
78885,0,0.522182303,56,0,0.44437472,11154.0,21,0,2,0,1.0
78886,0,0.0,73,0,0.0,,6,0,0,0,0.0
78887,0,0.7066293370000001,33,0,0.400401909,3980.0,2,0,1,0,2.0
78889,0,0.27710339100000003,60,0,0.7009196320000001,2500.0,7,0,2,0,1.0
78891,0,0.021899017000000003,36,0,0.617713004,3567.0,9,0,3,0,2.0
78892,0,0.146180532,76,0,64.0,,4,0,0,0,0.0
78893,1,0.049773755999999995,54,0,0.008136809,7250.0,6,0,0,0,0.0
78894,0,0.12359974800000001,64,0,0.337332191,3500.0,9,0,1,0,0.0
78895,0,0.17570607300000002,45,0,0.38339731299999996,4167.0,8,0,1,0,0.0
78896,0,0.0769021,58,0,1586.0,,2,0,1,0,
78898,0,0.00378522,76,0,0.002203722,8167.0,19,0,0,0,1.0
78899,0,0.009138761,59,0,0.143494122,7400.0,14,0,1,0,1.0
78900,0,0.039406872,41,0,0.43764356200000004,7400.0,17,0,2,0,2.0
78901,0,0.38722294700000004,72,0,0.630971993,1213.0,7,0,0,0,0.0
78903,0,0.027840499999999997,67,0,0.08925852199999999,8536.0,7,0,1,0,0.0
78904,0,0.0009695789999999999,46,0,1488.0,,3,0,1,0,3.0
78905,0,0.042143479000000005,58,0,58.0,,4,0,0,0,0.0
78906,0,0.009070781,53,2,0.403167747,4166.0,10,0,1,0,3.0
78907,0,0.062975493,65,0,0.02519748,10000.0,14,0,1,0,0.0
78909,0,0.9999998999999999,22,0,0.0,1000.0,2,0,0,0,0.0
78911,0,0.023123845,44,0,0.359100359,5290.0,23,0,2,0,1.0
78913,0,0.32616682199999997,38,0,0.395368371,8333.0,8,0,1,0,1.0
78914,0,0.48131116,67,0,0.286718201,1422.0,3,1,1,0,0.0
78915,0,0.022238524,56,0,0.052685597,5845.0,2,0,0,0,0.0
78916,0,0.07101957099999999,42,0,0.269005848,5300.0,8,0,0,0,2.0
78918,0,0.9999998999999999,21,98,0.0,,0,98,0,98,0.0
78919,0,0.016953817,40,0,0.534900944,5400.0,12,0,2,0,2.0
78920,0,0.050169215,59,0,0.7115721070000001,4000.0,14,0,1,0,1.0
78921,0,0.13252065400000002,52,1,0.1017046,10500.0,8,0,0,0,3.0
78922,0,0.00294257,49,0,0.534993397,5300.0,22,0,2,0,2.0
78923,0,0.14907098800000002,64,0,0.502824859,1592.0,12,0,0,0,0.0
78925,0,0.317252126,32,0,0.610804358,6700.0,6,0,2,0,0.0
78927,0,0.054777845,82,0,18.0,,3,0,0,0,0.0
78928,0,0.0,61,0,903.0,,8,0,1,0,0.0
78929,0,0.035999294,40,0,0.221753139,9000.0,7,0,1,1,0.0
78930,0,0.059594295,55,0,0.016316818,11766.0,9,0,0,0,0.0
78932,0,0.016482531,71,0,0.155364697,7800.0,7,0,2,0,0.0
78934,0,0.509938687,45,0,0.318394554,7050.0,16,0,0,0,0.0
78935,0,0.050899965,62,0,38.0,,2,0,0,0,0.0
78936,0,0.43877047799999996,27,0,0.19093009800000002,3461.0,3,0,0,0,0.0
78938,0,0.0,69,0,0.199200089,9000.0,5,0,1,0,0.0
78939,0,0.261487775,29,0,0.956463794,2250.0,11,0,2,0,0.0
78940,0,0.349314554,71,0,0.383392058,10500.0,7,0,2,0,1.0
78941,0,0.15307716300000002,53,0,0.16661113,3000.0,2,0,0,0,0.0
78942,0,0.793508731,51,0,0.37143274200000004,13700.0,17,0,1,0,3.0
78943,0,0.9999998999999999,44,0,114.0,,1,2,0,0,0.0
78944,0,0.9999998999999999,35,0,0.0,4000.0,0,0,0,0,0.0
78946,0,1.00519948,62,0,0.317572476,15142.0,9,0,3,0,1.0
78949,0,0.737763112,37,0,0.232691827,4000.0,6,0,0,0,0.0
78950,0,0.30565559800000003,51,0,0.368152031,7629.0,15,0,2,0,1.0
78951,0,0.26334176600000003,56,0,4710.0,,9,0,2,0,0.0
78952,1,0.40781316,48,0,0.901781834,2300.0,11,0,1,0,1.0
78953,0,0.142888859,69,0,4685.0,,6,0,3,0,0.0
78955,0,0.021836697000000002,34,0,0.057408500999999994,6775.0,5,0,0,0,0.0
78956,0,0.001067095,86,0,6.0,0.0,14,0,0,0,0.0
78958,0,0.9999998999999999,54,0,69.0,,1,0,0,0,0.0
78959,0,0.606744666,37,0,0.685762712,8849.0,12,0,2,0,1.0
78960,0,0.987093256,46,0,1.18579235,1280.0,5,1,1,1,2.0
78961,0,0.026580625,59,0,0.312337532,5000.0,11,0,2,0,0.0
78967,0,0.819172248,43,0,0.44357313299999995,2932.0,5,0,0,0,1.0
78968,0,0.043164269000000005,55,0,23.0,,2,0,0,0,0.0
78969,0,0.0,62,0,0.035218308999999996,9000.0,6,0,0,0,0.0
78971,0,0.040098582,75,0,1689.0,0.0,11,0,1,0,1.0
78973,0,0.9999998999999999,45,0,0.472704715,4835.0,6,0,2,0,1.0
78977,0,0.025865804,49,0,22.0,,4,0,0,0,
78979,0,0.007032763,62,0,0.362633575,2900.0,11,0,0,0,0.0
78981,0,0.9270103590000001,53,0,0.247134098,3750.0,5,0,0,0,0.0
78982,0,0.598160736,27,0,0.305446378,1780.0,7,0,0,0,1.0
78983,0,0.054401501,60,0,0.684198747,4467.0,17,0,2,0,0.0
78984,0,0.039310148999999996,72,0,0.0039994670000000005,7500.0,7,0,0,0,0.0
78985,0,0.36180091700000006,61,0,0.109652322,12338.0,18,0,0,0,0.0
78987,0,0.00289971,74,0,0.165394402,2750.0,3,0,0,0,0.0
78988,0,0.009538339,73,0,1.431836735,1224.0,7,0,1,0,0.0
78989,0,0.9999998999999999,56,0,96.0,,2,0,0,0,0.0
78990,0,0.9999998999999999,38,1,0.538213862,5900.0,4,0,2,0,2.0
78992,0,0.154042298,50,0,0.16513914300000002,6000.0,6,0,0,0,4.0
78993,0,0.048529065,46,0,1410.0,,10,0,1,0,0.0
78994,0,0.296727911,58,0,0.266981349,8685.0,21,0,1,0,1.0
78995,0,0.003279114,69,0,3.0,,3,0,0,0,0.0
78997,0,0.273301432,50,0,0.478936985,8616.0,23,0,2,0,0.0
79003,0,0.023919142,66,0,0.011427211000000001,8400.0,7,0,0,0,0.0
79007,0,0.10092263300000001,41,1,0.32223672800000003,9191.0,12,0,1,0,0.0
79008,0,0.041326427,55,0,0.407602725,9101.0,11,0,2,0,1.0
79011,0,0.27936032,25,0,0.014532243,1100.0,1,0,0,0,0.0
79012,0,0.025864404,61,0,6352.0,,14,0,6,0,0.0
79013,0,0.8132249029999999,56,0,0.316506589,4476.0,2,0,1,0,3.0
79014,0,0.011066421000000002,55,0,1007.0,0.0,9,0,2,0,0.0
79015,0,0.971233591,59,0,0.545566178,11400.0,17,0,2,0,0.0
79016,0,0.656725502,68,0,0.860116167,2065.0,11,0,1,0,1.0
79017,0,0.073136545,40,0,0.462839166,5085.0,7,0,2,0,0.0
79018,1,0.9999998999999999,35,98,10.0,,0,98,0,98,0.0
79020,0,0.020238678,53,0,3092.0,0.0,9,0,1,0,2.0
79021,0,0.065205178,49,0,0.030132192999999998,5143.0,8,0,0,0,0.0
79022,0,0.327748125,43,0,0.323383085,6833.0,12,0,1,0,2.0
79023,0,0.812347155,28,0,1.28314457,1500.0,6,0,1,0,2.0
79024,0,0.398120539,51,0,2282.5,1.0,12,0,2,0,2.0
79026,1,0.923257865,50,1,0.08395492800000001,6300.0,4,2,0,1,0.0
79027,0,0.040219492999999995,67,0,0.21032241899999998,8001.0,9,0,1,0,0.0
79028,0,1.02767363,27,4,0.5349743229999999,5646.0,8,1,2,0,1.0
79033,0,0.057885959,75,0,0.24115177,1666.0,10,0,0,0,0.0
79034,0,0.629810577,61,0,0.180787191,5995.0,7,0,0,0,1.0
79036,0,0.014065873999999999,62,0,0.00499875,4000.0,6,0,0,0,1.0
79037,0,0.078767264,70,0,0.152392702,15400.0,7,0,2,0,1.0
79039,0,0.06883217,64,0,0.236031832,24000.0,18,0,3,0,1.0
79040,0,0.0,62,0,0.066964286,3583.0,10,0,0,0,0.0
79041,0,0.368676159,54,0,0.375628598,13720.0,13,0,4,0,0.0
79044,0,0.183743438,43,0,0.333070245,3800.0,7,0,1,0,2.0
79045,0,0.75384923,62,0,0.317101858,4250.0,6,0,0,0,0.0
79046,0,0.018219691,75,0,0.31089636800000003,3000.0,19,0,1,0,0.0
79047,0,1.078039927,28,0,0.065186963,5000.0,3,0,0,0,0.0
79048,1,0.35006634600000003,47,0,0.707858428,5000.0,9,0,2,0,2.0
79049,0,0.01019949,93,0,0.000719942,8333.0,5,0,0,0,0.0
79050,0,0.019056005,70,0,920.0,,7,0,1,0,0.0
79051,1,0.608715117,41,1,1745.0,,12,1,0,0,0.0
79052,0,0.278773559,58,1,0.559908241,5666.0,15,0,2,0,1.0
79053,0,0.274306088,66,0,0.267104267,3960.0,11,0,0,0,0.0
79054,1,0.9999998999999999,28,0,206.0,0.0,1,2,0,0,0.0
79055,0,0.131213537,74,0,0.33252291,5346.0,10,0,1,0,0.0
79059,0,0.676406866,52,0,0.312737453,5000.0,3,0,1,0,1.0
79060,0,0.191864345,59,0,0.719194007,3870.0,14,0,1,0,0.0
79061,0,0.131010695,38,0,0.104486939,8000.0,6,0,0,0,2.0
79063,0,0.330730091,69,0,0.352517986,1250.0,4,0,0,0,0.0
79065,0,0.142785133,60,0,0.15426568,5133.0,8,0,1,0,1.0
79067,0,0.566750249,60,2,3263.0,,14,2,2,0,0.0
79068,0,0.062917218,48,0,0.195976944,8500.0,5,0,2,0,0.0
79072,0,0.478531046,61,1,0.26015099,4900.0,13,0,1,0,1.0
79073,0,0.010138654,62,0,0.51211903,4166.0,6,0,2,0,0.0
79075,0,0.466559705,33,0,0.15262779,4166.0,11,0,0,0,0.0
79076,0,0.000314317,46,0,0.263992196,8200.0,8,0,2,0,1.0
79077,0,0.027382812000000003,93,0,39.0,,6,0,0,0,0.0
79078,0,0.0,58,0,0.307461567,8000.0,6,0,2,0,0.0
79081,1,1.006797695,31,0,992.0,,7,0,0,0,0.0
79082,0,0.09344652199999999,53,1,0.513474355,3450.0,9,0,2,0,2.0
79083,1,0.8724727840000001,26,0,2.9937578030000003,800.0,11,0,2,0,0.0
79085,0,0.362894458,52,0,0.414930845,6000.0,6,0,1,0,0.0
79086,0,0.8830039000000001,49,0,0.32641659999999995,8770.0,4,0,3,0,2.0
79087,0,1.03240262,36,1,0.489727078,3260.0,9,0,1,0,0.0
79088,0,0.039495975,52,0,0.404542284,12900.0,17,0,2,0,3.0
79089,0,0.03744063,38,0,0.223253371,5710.0,20,0,1,0,0.0
79090,0,0.032731151,58,0,0.309900032,3100.0,6,0,1,0,0.0
79091,0,0.12755440199999998,77,0,207.0,,5,0,0,0,0.0
79092,1,0.610335593,44,3,0.119750618,8500.0,11,0,0,0,1.0
79093,0,2175.0,51,0,0.42198972100000004,5447.0,4,0,1,0,0.0
79095,0,0.612803254,49,2,0.121445299,5977.0,3,0,0,0,3.0
79096,0,0.005205169,72,0,73.5,1.0,4,0,0,0,0.0
79097,0,0.09767179,63,0,0.38901869200000005,3423.0,8,0,2,0,0.0
79099,0,0.055495929000000006,46,0,2404.0,,12,0,1,0,0.0
79101,0,0.0,28,0,1931.0,0.0,14,0,2,0,0.0
79102,0,0.42452388,36,0,0.448512952,6253.0,13,0,2,0,2.0
79103,0,0.99660068,50,0,0.557840617,3500.0,5,0,1,0,2.0
79105,0,0.9999998999999999,38,0,253.0,,2,1,0,0,1.0
79106,0,0.058174332999999995,66,0,0.0043055559999999994,35999.0,10,0,0,0,1.0
79109,0,0.0,44,0,1517.0,,3,0,1,0,0.0
79111,0,0.102877568,45,0,0.601637493,7083.0,15,0,2,0,1.0
79112,0,0.0,28,0,0.0,2000.0,2,0,0,0,0.0
79113,0,0.9999998999999999,46,0,0.24863233399999998,5300.0,3,0,0,0,0.0
79116,0,0.064226402,57,0,0.29236144199999997,6296.0,5,1,1,0,1.0
79117,0,0.187594987,41,0,0.330927263,1800.0,10,0,0,0,1.0
79118,1,0.014133314,46,3,3100.0,,13,0,2,0,0.0
79121,1,0.701513853,56,1,0.430411007,5668.0,7,0,2,1,0.0
79127,0,0.766381766,35,0,0.08797654,5114.0,4,2,0,0,0.0
79128,0,0.0,62,0,0.757760195,1642.0,7,0,1,0,0.0
79129,0,0.114122147,38,0,0.273508511,6050.0,7,0,2,0,0.0
79131,0,0.046049177000000004,69,0,0.79253665,2250.0,8,0,1,0,0.0
79132,0,0.9999998999999999,48,1,0.050987252999999996,4000.0,2,0,0,0,0.0
79133,0,0.013852534,58,0,13.0,,3,0,0,0,
79135,0,0.969621941,43,0,0.22767552800000002,4400.0,4,0,0,0,0.0
79136,0,0.009483718,62,0,0.060716898,4100.0,5,0,0,0,0.0
79137,0,0.6054385879999999,71,0,0.5093368620000001,6800.0,16,0,3,0,1.0
79139,0,0.093158243,63,0,1520.0,,5,0,2,0,0.0
79140,0,0.107292371,44,0,0.103972858,9136.0,10,0,0,0,0.0
79142,0,0.033559944,62,0,0.002416465,12000.0,4,0,0,0,0.0
79143,0,0.062433598,86,0,0.00681169,4550.0,8,0,0,0,0.0
79144,0,0.006122831,58,0,0.24513298600000002,7293.0,8,0,1,0,0.0
79145,0,0.295705824,52,0,0.508922323,5715.0,18,0,2,0,1.0
79149,0,0.430436164,60,0,0.628845841,6142.0,17,0,1,0,0.0
79150,0,0.327451612,82,3,0.43248327799999997,4783.0,18,0,2,1,0.0
79152,0,0.079526227,35,0,0.76801721,2788.0,5,0,2,0,0.0
79153,0,0.747851247,62,0,0.49762334,6100.0,8,0,1,0,1.0
79154,0,0.003074923,50,0,0.086692323,4936.0,4,0,0,0,1.0
79155,0,0.080915575,76,0,0.971286924,4840.0,11,0,4,0,0.0
79156,0,0.045297735,60,0,0.056156077,3792.0,2,0,0,0,0.0
79157,0,0.126106264,68,0,0.210206367,6250.0,12,0,1,0,0.0
79158,0,0.731076788,37,0,0.239376062,10000.0,7,0,2,0,0.0
79159,0,0.145475754,89,0,26.0,,2,0,0,0,0.0
79160,0,0.533573321,45,0,4168.0,,4,0,2,0,0.0
79161,0,1.00419958,57,0,0.21771067100000002,4900.0,2,0,1,0,1.0
79163,1,0.537157027,49,2,0.520729175,13000.0,10,0,1,0,1.0
79164,0,0.309773908,58,0,0.787714831,6283.0,6,0,1,0,1.0
79166,0,0.255489022,22,0,0.002497918,1200.0,1,0,0,0,0.0
79167,0,0.0,66,0,0.09622594400000001,4000.0,4,0,1,0,1.0
79168,0,0.016699557,67,0,1356.0,,5,0,1,0,0.0
79169,0,0.0,46,0,0.28129854,6437.0,5,0,1,0,1.0
79171,0,0.34495081,43,0,0.413931011,6000.0,14,0,1,0,0.0
79172,0,0.007552388,74,0,0.28213265600000004,3150.0,3,0,1,0,0.0
79175,0,0.005079556,82,0,0.00215208,4181.0,5,0,0,0,0.0
79178,0,0.038814653,37,0,0.473743775,4417.0,6,0,2,0,0.0
79180,0,0.506946605,69,1,0.7089354170000001,3390.0,12,0,1,0,1.0
79181,0,0.9999998999999999,51,0,0.38691437799999995,6189.0,4,0,1,0,0.0
79182,0,0.07132533,60,2,0.15785526800000002,8000.0,15,0,0,0,0.0
79184,0,0.0,32,1,0.261130407,3166.0,8,0,1,0,1.0
79185,0,0.373130116,36,0,0.664075514,1800.0,10,0,1,0,1.0
79187,0,0.008301142,77,0,0.09100310199999999,2900.0,8,0,0,0,1.0
79188,0,0.5278297789999999,53,0,0.49234319299999996,4766.0,15,0,2,0,2.0
79189,0,0.067248799,64,0,0.210924165,4100.0,6,0,0,0,1.0
79190,1,0.327345309,37,0,0.156516997,5500.0,7,0,0,0,3.0
79191,0,0.030715501,58,0,0.007739938000000001,3875.0,7,0,0,1,0.0
79192,0,1.004999,41,0,720.5,1.0,3,0,0,3,0.0
79194,0,0.895603026,46,0,1.063940844,2298.0,9,0,1,0,0.0
79195,0,0.557768924,32,1,0.888194878,1600.0,7,0,0,1,4.0
79196,0,0.0,69,0,0.344399581,6686.0,9,0,2,0,0.0
79197,0,0.0,49,0,1651.0,,3,0,1,0,0.0
79198,0,0.440682808,41,2,0.41255733899999997,6975.0,12,0,2,0,1.0
79200,0,0.303068396,54,0,0.45210957799999996,5000.0,4,0,2,0,0.0
79201,0,0.0,68,0,0.470768935,10416.0,18,0,2,0,0.0
79202,0,0.5311237089999999,63,0,0.29706566,13767.0,9,0,2,0,1.0
79203,0,0.11512854900000001,58,0,0.274722886,4600.0,9,0,1,0,0.0
79204,0,0.36718592299999997,63,0,1447.0,,7,0,0,0,0.0
79205,0,0.11162099199999999,44,0,0.17764681100000002,4750.0,11,0,0,0,0.0
79208,0,1.114039073,39,1,917.0,,5,0,0,1,0.0
79209,0,0.26552267,51,0,0.294845108,16333.0,17,0,1,0,2.0
79210,0,0.032694852999999996,39,0,1.002612915,2678.0,11,0,2,0,0.0
79211,0,0.9999998999999999,31,0,75.0,,3,0,0,0,
79213,0,0.2592046,62,1,0.30554374,7052.0,16,0,1,0,1.0
79214,1,0.9593296020000001,69,1,0.926152138,1800.0,10,0,0,1,0.0
79215,0,0.7782221779999999,48,0,1925.0,,7,0,2,0,2.0
79216,0,0.165119447,55,0,0.36119053799999995,7693.0,15,0,1,0,2.0
79217,0,0.094549353,74,0,129.0,,9,0,0,0,
79218,0,0.82256518,60,2,0.46057971,3449.0,17,0,1,0,0.0
79219,0,0.025313662,67,0,0.11481621800000001,7916.0,12,0,2,0,0.0
79220,0,0.002336405,72,0,0.21563786,4859.0,11,0,0,0,0.0
79222,0,0.102985812,45,0,2431.0,0.0,6,0,0,0,0.0
79223,0,0.155658019,48,0,0.197973604,7500.0,6,0,1,0,2.0
79224,0,0.691448065,41,0,0.13952455,4500.0,3,0,0,2,4.0
79226,0,0.47800166899999996,30,0,0.07065320900000001,5250.0,4,0,0,0,0.0
79227,0,0.938091144,52,0,0.021326225,3000.0,2,0,0,0,1.0
79228,0,0.236611138,48,0,0.267403104,10500.0,9,0,2,0,1.0
79229,0,0.11631068800000001,72,0,0.086067523,6308.0,5,0,1,0,0.0
79230,0,0.332905865,64,0,0.48488894299999996,8238.0,16,0,2,0,3.0
79232,0,0.012923455,43,0,0.367477366,5632.0,14,0,2,0,2.0
79233,0,0.37425005200000006,52,2,0.5082304529999999,1457.0,12,0,1,0,1.0
79235,0,0.261046874,49,0,0.7224035320000001,5208.0,12,0,1,0,0.0
79236,0,0.000999952,76,0,3.0,,9,0,0,0,0.0
79237,0,0.19444859,48,0,2481.0,,8,0,2,0,0.0
79239,0,0.147142764,39,0,0.43831233799999997,5000.0,6,0,2,0,3.0
79240,0,0.092963701,54,0,0.213875387,20366.0,11,0,1,0,0.0
79241,0,0.19421143300000002,47,0,0.37246418600000003,10400.0,10,0,2,0,1.0
79242,0,0.079833429,64,0,2204.0,,8,0,1,0,1.0
79243,0,0.049388746,55,0,0.243216507,7075.0,6,0,1,0,0.0
79244,0,0.026666407000000003,82,0,0.43098808200000005,2600.0,21,0,0,0,0.0
79245,0,0.037074605,57,0,1.3232115290000002,1942.0,9,0,2,0,3.0
79246,0,0.043973375999999995,65,0,1984.0,,10,0,1,0,0.0
79247,1,0.203434903,28,4,0.44894694700000004,3750.0,10,0,1,1,2.0
79248,0,0.216344431,46,0,0.308703104,5250.0,9,0,3,0,2.0
79250,0,0.009214066,48,0,4216.0,,4,0,1,0,0.0
79251,0,0.729023722,31,0,0.815818707,4500.0,9,0,2,0,0.0
79252,0,0.013982381,41,0,18.0,,8,0,0,0,0.0
79253,0,0.024188172999999997,35,0,0.250234302,3200.0,4,0,0,0,0.0
79255,0,0.684386312,38,0,0.50656071,5410.0,6,0,0,0,0.0
79256,0,0.031070689,35,1,0.28771022,3864.0,10,0,2,0,0.0
79257,0,0.022052862000000003,50,0,0.569312169,2834.0,3,0,1,0,1.0
79259,0,0.23251934600000002,50,1,10.96039604,100.0,13,0,1,0,2.0
79260,0,1.142857143,32,1,0.056857143,3499.0,2,0,0,0,2.0
79261,0,0.008643479,62,0,660.0,,8,0,1,0,0.0
79262,0,0.0,48,0,0.195667698,4200.0,6,0,1,0,2.0
79266,0,0.70828595,59,0,0.305136881,3250.0,7,0,0,0,1.0
79268,0,0.023119357000000004,49,0,0.279512567,3938.0,5,0,1,0,0.0
79270,0,0.0,40,0,0.13130914800000001,2535.0,2,0,0,0,2.0
79273,0,0.008340311999999999,51,0,0.061302977,13000.0,8,0,1,0,1.0
79274,0,0.085640638,29,0,0.038534996,8900.0,5,0,0,0,2.0
79275,1,0.0,29,1,0.112221717,2200.0,5,0,0,0,0.0
79276,0,0.13675453,30,1,0.38242694,5166.0,11,0,2,0,5.0
79277,0,0.13310476599999999,54,0,1399.0,,11,0,1,0,0.0
79278,0,0.056745077000000005,54,0,0.480439945,8000.0,28,0,1,0,3.0
79279,0,0.125679169,57,2,2402.0,,14,0,1,0,0.0
79280,0,0.084494523,63,0,0.017451372,5500.0,4,0,0,0,0.0
79281,0,0.047450232,30,0,0.228078146,2200.0,7,0,0,0,1.0
79282,0,0.000212115,55,0,0.0,5000.0,5,0,0,0,1.0
79284,0,0.00187329,64,0,0.06245673400000001,13000.0,13,0,1,0,0.0
79285,0,0.071383799,56,1,0.052921142000000004,11450.0,5,0,1,0,1.0
79287,0,0.135793622,40,0,1.153538585,2500.0,7,0,2,0,0.0
79288,0,0.9999998999999999,58,0,0.682403082,12200.0,11,0,5,0,1.0
79292,0,0.9999998999999999,54,0,0.323263693,7083.0,3,0,1,0,0.0
79293,0,0.9999998999999999,36,0,2203.0,,4,0,2,0,0.0
79294,1,0.859210204,35,0,0.960259935,4000.0,11,0,2,0,1.0
79295,0,0.0,59,0,6186.0,,14,0,3,0,0.0
79296,0,0.220347724,61,0,0.544263416,8776.0,27,0,3,1,1.0
79297,0,0.548377173,53,1,0.027998018,4035.0,8,0,0,0,2.0
79298,0,0.05795862,46,0,0.38293420100000003,4300.0,10,0,1,0,1.0
79300,0,0.5249501,29,0,0.080153588,4166.0,3,0,0,0,0.0
79302,0,0.043515489000000004,45,1,0.43059721799999995,3666.0,6,0,1,0,2.0
79303,0,0.120064825,35,0,0.436226415,3974.0,6,0,2,0,0.0
79304,0,0.869726129,59,0,286.0,,7,1,0,1,0.0
79305,0,0.034881669,66,0,0.41073978899999997,3500.0,6,0,1,0,0.0
79306,0,0.0,80,0,0.0,12500.0,2,0,0,0,0.0
79307,0,0.639509608,56,1,0.38210368899999997,4011.0,9,0,1,0,0.0
79308,0,0.035732656,51,0,0.019585898,1786.0,3,0,0,0,0.0
79309,0,0.595842739,43,0,0.489377656,4000.0,11,0,0,0,0.0
79311,0,0.004866486,49,0,0.35800761,2890.0,8,0,1,0,1.0
79312,0,0.026195961,59,0,0.007833072,30000.0,9,0,1,0,0.0
79314,0,0.035392921,34,0,517.0,,4,0,1,0,0.0
79315,1,0.8471577229999999,70,0,0.10751357,10500.0,11,0,0,0,0.0
79316,0,0.977501125,53,0,0.486866598,4834.0,5,0,1,0,1.0
79318,0,0.071135629,53,0,0.31983412699999997,11333.0,17,0,1,0,0.0
79320,0,0.9999998999999999,42,0,0.09195402300000001,2000.0,0,0,0,0,0.0
79321,0,0.006471895,60,0,0.055994667000000005,10500.0,15,0,0,0,0.0
79322,0,0.099196423,66,0,1836.0,,27,0,1,0,3.0
79326,0,0.9999998999999999,41,2,0.6743034059999999,1614.0,5,1,0,0,0.0
79327,0,0.090522114,67,0,0.22521664600000002,10500.0,19,0,2,0,0.0
79329,0,0.01744619,49,0,0.16320181,7070.0,10,0,1,0,1.0
79331,0,0.007822095,82,0,0.002333841,9854.0,9,0,0,0,0.0
79332,0,0.001864808,58,0,2835.0,,12,0,3,0,0.0
79333,0,0.687385157,56,0,0.9510801640000001,5600.0,9,0,3,0,0.0
79334,0,0.047842174,68,0,0.00295593,33491.0,2,0,0,0,1.0
79335,0,0.212873746,37,0,0.691278265,2166.0,7,0,1,0,0.0
79336,0,0.023359843999999998,63,0,130.0,,20,0,0,0,0.0
79338,0,0.26113420800000003,45,0,0.125543723,6666.0,8,0,0,0,2.0
79339,0,0.0,33,0,0.09706739800000001,5830.0,4,0,0,0,0.0
79340,0,0.051861279,31,0,0.332686147,10300.0,9,0,3,0,1.0
79341,0,0.021808465,53,0,0.09726867300000001,3587.0,5,0,0,0,1.0
79343,0,0.0,51,2,2579.0,0.0,10,0,1,0,1.0
79344,0,0.374548545,42,1,0.013682332,35300.0,7,0,0,0,1.0
79345,0,0.18537827199999998,62,0,0.37148887799999997,6158.0,12,0,2,0,0.0
79346,0,0.583756345,77,5,4.3944223110000005,501.0,5,0,1,0,0.0
79347,0,0.365547808,40,0,0.266403336,4556.0,6,0,0,0,0.0
79348,0,0.043789842,85,0,31.0,,3,0,0,0,0.0
79351,0,0.073895602,59,0,0.359386718,12000.0,14,0,3,0,0.0
79353,0,0.237803149,55,1,0.11544586,5023.0,15,0,0,0,0.0
79354,0,0.01859907,56,0,11.0,,1,0,0,0,
79356,0,0.0,74,0,0.30273578100000004,16667.0,18,0,2,0,0.0
79358,0,0.006835804,62,0,12.0,,4,0,0,0,0.0
79360,0,0.962828573,43,0,0.493295695,4250.0,13,0,0,0,2.0
79361,0,0.023924402,58,0,0.199980002,10000.0,6,0,1,0,0.0
79362,0,0.9999998999999999,71,0,0.045590882,5000.0,3,0,0,0,0.0
79365,0,0.35664335700000005,47,0,0.197121152,2500.0,2,0,0,0,0.0
79366,0,0.481398239,50,0,0.326534693,5000.0,7,0,0,0,1.0
79368,0,0.174130423,53,0,0.375684842,3832.0,11,0,1,0,0.0
79369,0,0.222282405,67,0,159.0,,2,0,0,0,0.0
79370,0,0.015069998000000001,54,2,0.16310859800000002,11850.0,7,0,2,2,0.0
79371,0,0.18890554699999998,24,0,0.061128527,1275.0,3,0,0,0,0.0
79372,0,0.0,68,0,0.262747451,5000.0,7,0,0,0,0.0
79373,0,0.064907885,65,0,0.39648080399999996,4375.0,12,0,1,0,1.0
79374,0,0.530389663,58,0,0.53974298,2100.0,7,0,0,0,0.0
79375,0,0.9227811109999999,29,4,0.21092969,3000.0,7,0,0,0,0.0
79376,0,0.459708058,63,0,0.019423021999999998,3500.0,1,0,0,0,0.0
79378,0,0.250681694,27,0,0.10475793,2395.0,4,0,0,0,0.0
79379,0,0.0,38,0,0.15507665,4500.0,11,0,0,0,1.0
79380,0,0.202927652,50,0,0.48760141700000004,8750.0,18,0,2,0,0.0
79381,0,0.338493947,44,0,0.125293453,11500.0,7,0,2,0,0.0
79382,0,0.059122167,52,0,0.009039277,12500.0,6,0,0,0,0.0
79383,1,0.897009967,49,0,0.000413693,19337.0,1,0,0,0,0.0
79386,0,0.9004208159999999,40,1,0.131174452,6700.0,6,1,0,0,1.0
79387,0,0.001772647,56,0,80.0,,5,0,0,0,0.0
79388,0,0.21143345800000002,43,0,0.535744043,6000.0,6,0,2,0,1.0
79390,0,0.0,34,0,1291.0,0.0,6,0,1,0,0.0
79391,0,0.654162997,47,0,0.5617413139999999,7166.0,5,0,2,0,0.0
79392,0,0.6603510429999999,43,0,0.5597892179999999,7400.0,7,0,2,0,2.0
79396,0,0.6393110439999999,40,0,0.648604933,4945.0,16,0,1,0,5.0
79397,1,0.9999998999999999,53,0,0.233478508,5280.0,6,0,0,0,0.0
79398,0,0.025971252,50,0,0.108346568,5666.0,13,0,0,0,0.0
79402,0,0.91867751,40,3,1560.0,,5,0,0,0,0.0
79403,0,0.056156261,57,0,2322.0,,5,0,1,0,0.0
79404,0,0.30733414600000003,35,0,0.135642136,4850.0,9,0,0,0,0.0
79405,0,0.488969179,46,0,0.259880055,13005.0,14,0,1,0,1.0
79407,0,0.007524019,30,0,0.186232505,3500.0,7,0,0,0,2.0
79408,0,0.500577666,45,0,0.12936471300000002,6500.0,4,0,0,0,2.0
79409,0,0.459792504,71,0,0.417833196,8500.0,17,0,1,0,0.0
79412,0,0.123198591,44,0,0.216222702,8333.0,14,0,1,0,2.0
79413,0,0.0,27,0,0.15990006199999998,1600.0,4,0,1,0,0.0
79417,0,0.555880739,43,1,0.651669666,5000.0,11,0,1,0,2.0
79418,0,0.9999998999999999,27,98,0.0,1821.0,0,98,0,98,2.0
79419,0,0.035565408,83,2,0.07342201400000001,7667.0,8,1,0,1,0.0
79421,0,0.021659569,60,0,1099.0,,10,0,1,0,2.0
79422,0,0.082191601,80,0,1936.0,,12,0,1,0,1.0
79423,0,0.034465672999999995,60,0,0.044154402,3600.0,14,0,0,0,0.0
79426,0,0.013666016000000001,78,0,0.001738752,4600.0,2,0,0,0,0.0
79427,0,0.00347046,60,0,0.021868166,3200.0,7,0,0,0,0.0
79428,0,0.276380445,68,0,0.542292883,8050.0,8,0,2,0,0.0
79429,0,0.71749333,50,1,1.156337465,2500.0,12,0,2,0,0.0
79430,0,0.182006205,59,0,0.098152075,3300.0,4,0,0,0,0.0
79431,1,0.9999998999999999,57,1,0.038568257,3603.0,3,0,0,0,1.0
79432,0,0.389453685,75,0,7715.0,,6,0,2,0,0.0
79433,1,0.6928917659999999,47,1,5051.0,,13,0,4,1,0.0
79434,0,0.21870445100000002,38,0,1653.0,,4,0,1,0,0.0
79435,1,0.725338388,72,0,0.5633939729999999,7200.0,12,0,2,0,0.0
79438,0,0.0031097990000000003,73,0,979.0,,6,0,2,0,0.0
79439,0,0.004874878,81,0,0.000402414,12424.0,2,0,0,0,1.0
79441,0,0.012684178999999999,30,0,0.09797550599999999,4000.0,11,0,0,0,0.0
79442,0,0.635417892,55,0,0.704345435,3635.0,9,0,1,0,1.0
79443,0,0.408037255,40,0,0.62780003,6740.0,17,0,2,0,0.0
79444,0,0.0,44,0,0.0,15800.0,4,0,0,0,1.0
79445,0,0.9999998999999999,51,1,0.8622319159999999,2750.0,3,0,2,1,2.0
79446,0,0.9999998999999999,47,0,0.031578947,9404.0,7,0,0,0,2.0
79447,0,0.355575387,43,0,0.967129109,8000.0,10,0,2,0,2.0
79448,0,0.31474280600000004,37,0,0.402996255,8009.0,7,0,1,0,2.0
79449,0,0.7611490240000001,58,1,2217.0,,4,0,1,0,0.0
79450,0,0.015146925,52,3,0.00038343599999999997,2607.0,4,0,0,0,0.0
79451,0,0.020628179,63,0,837.0,,8,0,1,0,0.0
79452,0,0.665132519,47,4,0.324540463,8377.0,5,0,1,0,1.0
79454,1,0.023629043,33,0,0.319518453,5066.0,15,0,2,0,0.0
79456,0,0.02139383,51,0,0.37921799700000003,5600.0,12,0,2,0,1.0
79457,0,0.028955263,44,0,0.180963572,850.0,6,0,0,0,2.0
79459,0,1.9977897059999998,59,0,0.315596822,11200.0,11,0,1,0,5.0
79460,0,0.13277857699999998,59,1,0.247119322,10500.0,16,0,1,0,0.0
79461,0,0.438179776,39,0,0.152596185,40000.0,11,0,4,0,0.0
79464,0,0.599360043,36,0,0.0489002,5500.0,3,0,0,0,0.0
79466,0,0.656426871,48,0,0.43531276700000004,8200.0,6,0,1,0,2.0
79467,0,0.438298349,55,0,0.565858535,4000.0,14,0,2,0,0.0
79468,0,0.7222003690000001,48,0,0.37666047700000005,7000.0,10,0,1,0,0.0
79469,0,0.06081031,77,0,311.0,,15,0,0,0,0.0
79472,0,0.9407493840000001,71,2,0.434324065,7300.0,16,0,0,0,1.0
79473,0,0.603630862,30,0,0.201454105,3300.0,3,0,0,0,0.0
79474,0,0.046362793,37,0,0.39803253899999996,18500.0,11,0,2,0,0.0
79475,0,1.51930759,23,0,0.055925433,750.0,2,2,0,0,0.0
79478,1,0.004255206,76,2,0.16545426400000002,6460.0,12,0,2,1,0.0
79479,0,0.491950416,42,0,0.8667790890000001,4150.0,17,0,1,0,2.0
79481,0,0.88388676,38,0,0.41309324,6552.0,7,0,2,0,2.0
79484,0,0.9999998999999999,31,0,0.0,7500.0,0,1,0,0,0.0
79485,0,0.17982834399999997,35,0,0.25422365199999997,8700.0,7,0,1,0,2.0
79486,1,0.262463259,53,1,0.43865935899999997,4743.0,8,0,1,0,0.0
79487,0,0.044141281,62,0,1242.0,,8,0,1,0,0.0
79488,0,0.051498283,56,0,0.180149064,5500.0,3,0,1,0,1.0
79490,0,0.059496281,58,0,28.0,,1,0,0,0,
79492,0,0.9999998999999999,25,0,266.0,0.0,1,0,0,0,0.0
79493,0,0.225261963,51,0,0.331605258,5400.0,13,0,1,0,3.0
79495,0,0.017479301000000003,52,0,3060.5,1.0,15,0,1,0,2.0
79496,0,0.28687452199999997,48,0,1.027491409,2036.0,10,0,1,0,2.0
79497,0,0.076883166,59,1,2771.0,,12,0,2,0,0.0
79498,0,0.845436376,36,0,0.119133574,3600.0,3,0,0,0,0.0
79499,0,0.8428857129999999,33,0,0.182561015,9300.0,10,0,0,0,1.0
79500,0,0.047792829,52,0,1570.0,,9,0,2,0,0.0
79502,0,0.040993167999999996,26,0,0.075974675,3000.0,5,0,0,0,0.0
79503,0,0.794664652,33,1,0.367516849,7566.0,18,0,1,0,0.0
79504,0,1.6611295680000002,26,0,0.017462165,858.0,0,1,0,0,0.0
79505,0,0.500813319,51,0,689.0,,6,0,0,0,0.0
79506,0,0.102684291,66,0,0.11789353400000001,10500.0,10,0,1,0,0.0
79507,0,0.760662295,53,0,0.22016844300000002,13416.0,12,0,4,0,0.0
79508,0,0.00359964,50,0,0.278267079,4200.0,2,0,1,0,2.0
79509,0,0.16562063,40,0,0.182952582,5208.0,8,0,0,0,2.0
79510,0,1.082262211,28,3,462.0,,3,0,0,0,4.0
79511,0,0.064320944,47,0,438.0,,9,0,0,0,3.0
79513,0,0.379331033,39,0,2296.0,,3,0,1,0,0.0
79514,0,0.071640299,58,0,0.271403465,3982.0,9,0,1,0,0.0
79515,0,0.665192174,45,1,5275.0,,8,0,3,0,1.0
79516,0,0.14860533,30,0,0.114905399,4333.0,8,0,0,0,0.0
79518,0,0.023744427999999998,68,0,0.169261534,7000.0,6,0,1,0,0.0
79519,0,0.364642235,37,1,1276.0,,16,0,0,1,3.0
79520,0,0.001243872,54,0,2240.0,,3,0,1,0,
79521,0,0.028395787999999998,63,1,2197.0,,21,0,2,0,
79524,0,0.712920546,55,0,0.44347898,12083.0,15,0,1,0,4.0
79526,0,0.001297677,57,0,0.079968013,2500.0,5,0,0,0,0.0
79528,0,0.013889811,63,0,0.232038398,13333.0,11,0,1,0,3.0
79529,0,0.12824076,48,0,0.24835033,5000.0,8,0,1,0,2.0
79530,0,0.530720274,63,0,0.630493475,13333.0,13,0,3,0,0.0
79532,0,0.385598405,35,0,1753.0,,8,0,1,0,0.0
79534,0,0.360537415,41,0,0.5063038,11500.0,12,0,2,0,4.0
79536,0,0.116788186,35,0,0.142764691,7725.0,14,0,0,0,3.0
79539,0,0.975024442,41,3,0.9743040690000001,1400.0,8,0,1,1,0.0
79540,0,0.00807842,77,0,0.111608475,3350.0,6,0,0,0,0.0
79541,0,0.446043165,38,0,0.129646985,3200.0,4,0,0,0,1.0
79542,0,0.120575885,27,0,0.027758501,1440.0,1,0,0,0,0.0
79543,0,0.705549075,55,0,0.542308902,3178.0,4,0,1,0,0.0
79545,0,0.005240192,46,0,0.082295885,20000.0,8,0,0,0,3.0
79546,0,0.09946924800000001,46,1,0.048337332999999996,2916.0,16,0,0,0,0.0
79547,0,0.303669418,52,1,0.747412629,6666.0,19,0,2,0,4.0
79551,0,0.823176823,23,0,0.03665852,4500.0,3,0,0,0,0.0
79552,0,0.007824902,67,0,0.045124218,5916.0,18,0,0,0,0.0
79553,1,0.9999998999999999,27,98,0.0,,0,98,0,98,0.0
79554,0,0.050283119,51,0,0.22462922800000001,6000.0,12,0,1,0,2.0
79555,0,0.787294284,63,1,0.163532196,8028.0,13,0,1,0,0.0
79556,0,0.042831549000000003,50,0,1678.0,,8,0,1,0,0.0
79558,0,0.157115281,81,1,0.124025829,4490.0,12,0,0,0,0.0
79559,0,0.056773468,81,0,1319.0,,4,0,1,0,
79560,0,0.533077115,39,0,0.545670225,5900.0,11,0,2,0,0.0
79561,0,0.01356339,73,0,0.001759859,12500.0,6,0,0,0,1.0
79564,0,0.956252187,36,0,0.206163522,7949.0,8,0,0,0,2.0
79565,0,0.916441462,39,0,0.305070622,24000.0,11,0,2,0,0.0
79567,0,0.053185539000000004,52,0,0.6911231879999999,4415.0,13,0,1,0,0.0
79568,0,0.24323719300000002,39,0,0.5711543729999999,3646.0,14,0,1,0,0.0
79569,1,0.08514305400000001,43,0,7.0,,1,1,0,1,0.0
79570,0,0.377303266,37,0,0.37771924700000004,10250.0,12,0,2,0,2.0
79574,0,0.855310639,47,0,6262.0,,5,0,1,0,1.0
79576,0,0.046876275999999995,62,0,0.376524695,5000.0,8,0,2,0,1.0
79578,0,0.9717306370000001,25,2,0.536181943,1450.0,6,0,0,0,0.0
79580,0,0.39062662600000003,82,0,0.099459135,6655.0,8,0,0,0,0.0
79581,0,0.9999998999999999,62,0,0.481716236,2050.0,1,0,0,0,0.0
79582,0,0.010818081,70,0,0.11746737,3600.0,5,0,0,0,0.0
79583,0,0.45569973799999997,45,0,0.486102779,5000.0,9,0,3,0,2.0
79586,0,0.001651771,90,1,0.000799872,6250.0,8,0,0,0,0.0
79588,0,0.046659732,39,0,677.0,,8,0,0,0,0.0
79589,0,0.0,67,0,1176.0,,5,0,1,0,
79590,0,0.49164245799999995,41,0,2847.0,0.0,11,0,1,1,2.0
79591,0,0.012334065,85,0,0.0036148540000000002,3042.0,11,0,0,0,0.0
79592,0,0.10198996699999999,38,0,672.0,,6,0,0,0,2.0
79593,0,0.061993112,46,0,0.007236545,2210.0,4,0,0,0,0.0
79594,0,0.9477873290000001,49,0,4574.0,,11,0,1,0,0.0
79596,0,0.732394595,54,2,0.44345282700000005,13333.0,10,0,2,0,2.0
79597,0,0.029189519,73,0,0.551935066,8500.0,12,0,3,0,1.0
79598,0,0.052924791,38,0,0.070281733,3300.0,10,0,0,0,2.0
79599,0,0.113151831,64,0,0.179856115,833.0,4,0,0,0,0.0
79601,0,0.011605092,60,0,0.325530035,13583.0,11,0,1,0,0.0
79602,1,0.612599337,51,0,0.521018931,7183.0,14,0,3,0,2.0
79605,0,0.6955667440000001,62,0,0.745272767,4600.0,13,0,1,0,1.0
79607,0,0.016071936000000002,59,0,1389.0,,10,0,2,0,0.0
79608,0,0.49359096,53,0,2349.0,,6,0,2,0,0.0
79610,0,0.0,32,0,4255.0,,12,0,2,0,0.0
79611,0,0.878671775,38,1,0.17505892399999998,4666.0,4,2,0,5,0.0
79612,0,0.8300068000000002,71,1,0.229781772,3115.0,9,0,0,0,0.0
79613,0,0.027418765,59,0,0.004110654,9000.0,7,0,0,0,0.0
79614,0,0.764780115,37,0,0.640262193,9000.0,11,0,3,0,3.0
79618,0,0.037764907,78,0,0.006504879,7993.0,2,0,0,0,0.0
79620,0,0.522318454,42,0,0.030890805,4175.0,6,1,0,0,1.0
79622,0,0.021316387000000003,54,0,0.144965484,4200.0,11,0,1,0,2.0
79623,0,0.295404345,40,0,0.75256186,4000.0,12,0,2,0,0.0
79624,1,0.396461935,59,0,0.8278795809999999,4583.0,16,0,0,1,1.0
79625,0,0.018628903,77,0,0.288713911,8000.0,15,0,2,0,1.0
79627,0,0.114691625,60,0,0.790067179,4167.0,14,0,2,0,1.0
79629,0,0.041044446,64,0,173.0,,6,0,0,0,0.0
79632,1,0.40286650700000004,75,0,580.0,,4,0,0,0,0.0
79633,0,0.013781568000000001,67,0,0.00439912,5000.0,9,0,0,0,0.0
79634,0,0.28238823,45,0,0.323256751,2480.0,6,0,0,0,0.0
79635,0,0.29928345300000003,44,0,0.237351655,1600.0,7,0,0,0,0.0
79636,0,0.222986737,62,0,1339.0,,18,0,0,0,0.0
79637,0,0.9999998999999999,85,0,77.0,,2,0,0,0,0.0
79639,0,0.8175392459999999,56,0,0.57002149,5583.0,10,0,2,0,0.0
79641,0,0.444920595,48,0,0.23483341600000002,8043.0,8,0,2,0,2.0
79642,0,0.029313284,59,0,0.19330041899999997,16000.0,27,0,2,0,1.0
79643,0,0.9999998999999999,69,0,0.07294534,5085.0,4,0,0,0,0.0
79645,0,0.27864322,71,0,0.194626775,6550.0,18,0,1,0,1.0
79646,0,0.423106419,66,0,0.40424929200000004,10589.0,14,0,2,0,0.0
79648,0,0.0008643689999999999,41,0,0.000121936,8200.0,4,0,0,0,2.0
79649,0,0.07285967900000001,51,1,0.060911380999999994,4366.0,6,0,0,0,3.0
79650,0,0.043461204,76,0,0.020296548,8227.0,8,0,0,0,0.0
79651,0,0.22992129999999997,45,0,0.623506462,4100.0,20,0,2,0,2.0
79652,0,0.162107774,47,0,0.448405896,8750.0,6,0,2,0,0.0
79653,0,0.230087188,30,0,0.034557235,4166.0,5,1,0,0,0.0
79654,1,1.078986836,52,5,0.574371746,4416.0,11,0,1,3,0.0
79655,0,0.055630905,44,0,0.09912909800000001,3903.0,4,0,0,0,3.0
79657,0,0.00678492,70,0,468.0,,9,0,0,0,
79658,0,0.030705017,63,0,0.006266249000000001,15000.0,8,0,0,0,0.0
79659,0,0.022796322,76,0,0.004226044,10174.0,6,0,0,0,0.0
79660,0,0.014032866000000001,52,0,1620.0,,5,0,1,0,0.0
79662,0,0.08837454,78,0,0.009057971,551.0,1,0,0,0,0.0
79663,0,0.31461117899999996,54,0,0.388048956,12500.0,16,0,2,0,1.0
79664,0,0.9999998999999999,36,0,0.0,,0,1,0,0,0.0
79666,0,0.18854449399999998,88,0,0.168776371,236.0,4,0,0,0,0.0
79667,0,0.29780209399999996,61,0,0.517096265,1900.0,13,0,1,0,0.0
79668,0,0.111897127,41,0,1.5392921419999999,5000.0,13,0,9,0,0.0
79669,0,0.031702309,81,0,0.178098117,4300.0,9,0,1,0,0.0
79670,0,0.227352028,43,0,0.044547773,13333.0,5,0,0,0,1.0
79671,0,0.000431639,75,0,0.36701434200000005,6135.0,7,0,2,0,1.0
79672,0,0.9647110720000001,24,0,0.184915947,2200.0,6,0,0,0,1.0
79673,0,0.855350762,63,1,2532.0,,10,0,0,0,0.0
79674,0,0.099270471,43,0,0.557408109,7916.0,9,0,2,0,2.0
79675,0,0.0,68,0,1817.0,,5,0,1,0,0.0
79676,0,0.008132249,90,0,1.0,,1,0,0,0,
79677,0,0.0,71,0,0.295326283,18250.0,22,0,6,0,1.0
79678,0,0.008288039,45,0,0.14159128699999998,10833.0,12,0,2,0,0.0
79680,0,0.063587283,29,0,0.041844103,5400.0,2,0,0,1,2.0
79681,0,0.032184642,55,0,1746.0,,15,0,1,0,0.0
79682,0,0.001597539,56,0,646.0,,2,0,1,0,0.0
79683,0,0.9999998999999999,59,1,0.00277883,7916.0,4,0,0,0,1.0
79684,0,0.030099999,62,0,0.459866705,3450.0,15,0,2,0,2.0
79685,0,0.179727987,49,1,517.0,,9,0,0,0,0.0
79686,0,0.060089819,44,0,0.289561392,7500.0,17,0,1,0,4.0
79687,0,0.014084309,68,0,0.556866049,10682.0,11,0,3,0,1.0
79690,0,0.029616291,30,0,0.48176450200000004,2878.0,5,0,1,0,0.0
79691,0,0.043499412,28,0,0.20311875199999999,2500.0,14,0,0,0,0.0
79692,0,0.0,62,0,0.0,9700.0,9,0,0,0,0.0
79693,0,0.036182797,48,0,0.533189589,6492.0,18,0,3,0,1.0
79695,0,0.788166424,59,0,0.602232961,6000.0,13,0,0,0,0.0
79697,0,0.389882502,54,0,0.367599146,8900.0,13,0,1,0,0.0
79699,0,0.065260809,38,0,0.69466008,4250.0,15,0,3,0,1.0
79700,0,0.9999998999999999,41,0,763.0,,1,0,0,0,
79701,0,0.0,45,0,0.092727056,8400.0,6,0,1,0,3.0
79703,0,0.968809571,51,0,0.339403974,5435.0,8,0,0,0,1.0
79704,1,0.34728591299999995,36,0,0.139151581,3700.0,6,0,0,0,1.0
79706,0,0.0,23,1,0.139643861,3200.0,5,0,0,1,1.0
79708,0,0.37526778899999996,73,0,0.48392396200000004,4260.0,16,0,0,0,0.0
79710,0,0.9976600720000001,58,0,0.099778271,1352.0,11,0,0,0,0.0
79711,1,0.683239059,47,5,0.716453047,7645.0,13,0,2,4,2.0
79712,0,0.758455687,60,0,0.260342055,6840.0,20,0,1,0,1.0
79714,0,0.548966699,46,1,0.643895168,8050.0,12,0,3,0,4.0
79717,0,0.0,55,0,0.346724184,3708.0,9,0,1,0,0.0
79718,0,0.660506889,64,0,1.32175968,5500.0,24,0,1,0,1.0
79719,0,0.197540123,36,0,0.395103975,3798.0,4,0,1,0,1.0
79720,0,0.005559404,89,0,8.0,,9,0,0,0,
79721,0,0.9999998999999999,51,0,1154.0,,3,0,1,0,2.0
79725,1,0.19602016600000002,38,0,0.508865485,7500.0,10,0,2,0,0.0
79726,0,0.043218438,68,0,0.580691991,8265.0,7,0,2,0,0.0
79727,0,0.028534701000000003,53,0,0.321769429,6600.0,8,0,1,0,0.0
79729,0,0.577940836,57,0,0.440472411,15748.0,20,0,2,0,0.0
79730,0,0.027102089,46,0,0.280879954,19000.0,9,0,2,0,1.0
79732,0,0.9999998999999999,58,1,0.0,,0,0,0,0,0.0
79734,0,0.285841074,55,0,0.114999036,10373.0,6,0,0,0,0.0
79735,0,0.304483674,40,0,2171.0,,5,0,2,0,2.0
79736,0,1.0087415770000001,47,0,0.030181818,5499.0,3,2,0,1,1.0
79737,0,0.8460044,40,0,4466.0,,8,0,3,0,3.0
79738,0,0.6711157659999999,68,0,0.9821683309999999,4205.0,9,0,2,0,2.0
79739,0,0.11345503900000001,63,0,2825.0,,17,0,1,0,2.0
79740,0,0.146563373,57,0,443.0,,3,0,0,0,0.0
79741,0,0.006762776,55,0,3371.0,,10,0,2,0,0.0
79744,0,0.280656876,54,0,0.2447904,12332.0,9,0,2,0,0.0
79745,0,0.023056389,51,0,0.276415708,9217.0,11,0,1,0,2.0
79747,0,0.014460223999999999,54,0,0.005533295,5240.0,8,0,0,0,2.0
79751,0,0.003915545,38,1,0.00149925,2000.0,3,0,0,0,0.0
79752,0,0.018625751,60,0,655.0,,4,0,1,0,0.0
79754,0,0.067870758,69,0,0.005960391999999999,5200.0,3,0,0,0,0.0
79755,0,0.023017568999999998,64,0,41.0,,6,0,0,0,0.0
79756,0,0.002589743,73,0,0.082700759,5005.0,7,0,1,0,1.0
79757,1,0.998889136,42,2,0.49130562899999997,3392.0,6,1,1,0,0.0
79758,0,0.0,54,0,1.015440509,1100.0,15,0,1,0,0.0
79759,0,0.045126510999999994,33,0,0.509103891,2800.0,4,0,1,0,1.0
79760,0,0.6641534170000001,31,0,329.0,,3,0,0,0,0.0
79762,0,0.068411038,57,0,0.049180327999999995,2866.0,14,0,0,0,0.0
79763,0,0.333575482,42,0,0.200717765,3900.0,6,0,0,0,0.0
79765,1,0.336539195,29,1,0.364254298,2500.0,9,0,0,0,0.0
79767,0,0.892095814,56,0,0.605612999,6092.0,8,0,1,0,0.0
79768,0,0.06470572200000001,54,0,0.268446311,3333.0,4,0,1,0,1.0
79769,0,0.8272498620000001,47,2,3375.0,,11,0,2,0,2.0
79770,0,0.031362448,61,0,0.326269213,4293.0,5,0,1,0,1.0
79772,0,0.061105574,71,0,0.344131174,5000.0,9,0,1,0,0.0
79773,0,0.57485276,26,0,0.067126875,4200.0,7,0,0,0,2.0
79775,0,0.825398132,28,1,0.328826393,5546.0,18,0,0,0,0.0
79776,0,0.625864639,56,0,0.6049146320000001,18800.0,12,0,5,0,0.0
79777,0,0.843545533,47,0,3.178526841,800.0,8,0,1,0,0.0
79780,0,0.830772079,42,2,0.340188518,2333.0,6,0,0,0,3.0
79781,0,0.641781096,63,0,0.406135291,11441.0,11,0,3,0,0.0
79782,0,0.07948221,76,0,0.48246725799999995,7100.0,17,0,2,0,1.0
79784,0,0.968518092,49,0,2473.0,,6,0,1,0,
79785,0,0.033489517999999996,62,0,0.226731921,11850.0,28,0,3,0,0.0
79789,0,0.686131741,68,1,0.41695435399999997,2606.0,10,0,0,0,0.0
79790,0,0.11149070900000001,63,0,0.145888149,17862.0,4,0,1,0,0.0
79791,0,0.9999998999999999,27,0,0.604738155,801.0,2,0,0,0,0.0
79794,0,0.552684202,64,0,1688.0,,7,0,1,0,3.0
79795,0,0.35760017299999997,51,1,0.275670528,6300.0,9,0,1,0,1.0
79796,0,0.612077584,26,0,0.21589205399999997,2000.0,6,0,0,0,1.0
79797,0,0.144868411,56,0,1386.0,,4,0,1,0,0.0
79798,0,0.093717341,56,0,0.24592724800000001,4480.0,12,0,1,0,0.0
79799,0,0.036351249,28,0,0.017571885,5633.0,7,0,0,0,0.0
79802,0,0.0,57,0,0.472512494,2200.0,4,0,0,0,0.0
79803,0,0.57790858,61,0,0.36794539,10400.0,13,0,2,0,0.0
79804,0,0.017232405,68,0,0.346616541,6649.0,8,0,2,0,1.0
79806,0,0.9999998999999999,67,0,0.317820909,4533.0,3,0,1,0,0.0
79807,0,0.7701614920000001,48,0,3393.0,,4,0,1,0,0.0
79808,0,0.9999998999999999,61,0,0.0,,1,0,0,0,0.0
79809,0,0.9999998999999999,59,1,0.248262407,8200.0,5,0,1,0,0.0
79810,1,0.9999998999999999,27,0,0.081530782,600.0,2,0,0,2,1.0
79815,1,0.349333062,43,0,0.38238615,5313.0,13,0,1,0,0.0
79816,0,0.866460054,50,3,0.235790319,9957.0,11,0,0,0,3.0
79817,0,0.46704155,25,0,22.0,1.0,6,0,0,0,4.0
79818,0,0.887178818,56,0,0.16342884900000001,12353.0,7,0,1,0,2.0
79819,0,0.11794114300000001,27,0,350.0,,3,0,0,0,0.0
79822,0,0.9999998999999999,70,0,2528.0,,4,0,1,0,1.0
79825,1,0.164732976,61,3,0.36937159799999997,8083.0,23,0,1,1,0.0
79827,0,0.26153916,48,0,0.197213083,15500.0,12,0,1,0,3.0
79828,0,0.035921205,84,0,0.016925247,1417.0,4,0,0,0,0.0
79830,0,0.3109467,56,0,0.428771167,6436.0,11,0,1,0,0.0
79832,0,0.300656441,52,0,0.537017167,11183.0,20,0,3,0,2.0
79835,0,0.9999998999999999,53,0,0.0,,0,0,0,0,
79837,0,0.40023917,55,0,0.47176889899999996,5330.0,6,0,2,0,3.0
79838,0,0.004187595,41,0,0.5043739070000001,4000.0,17,0,2,0,0.0
79839,0,0.9999998999999999,35,0,333.0,,3,0,1,0,
79840,0,0.3295039,54,0,0.44309633600000004,4120.0,16,0,1,0,0.0
79841,1,0.916074717,33,1,0.143781241,3400.0,5,9,0,0,1.0
79842,0,0.9999998999999999,56,0,0.14476139699999999,3750.0,2,0,0,0,0.0
79843,1,0.657476551,45,0,0.657208485,7400.0,10,0,2,0,1.0
79845,0,0.031568535,79,0,0.10652921,2036.0,7,0,0,0,0.0
79846,0,0.09548389,69,1,0.190940453,6666.0,14,0,1,0,0.0
79851,0,0.004908992,58,0,1113.0,,8,0,1,0,0.0
79854,0,0.09565528300000001,38,0,2373.0,,7,0,1,0,0.0
79856,0,0.8180090999999999,43,0,0.348217261,3000.0,3,0,0,1,3.0
79857,0,0.046279079,39,0,1731.0,,7,0,1,0,0.0
79860,0,0.46655607,59,2,0.09776902900000001,10667.0,7,1,1,0,2.0
79864,0,0.04729664099999999,55,0,0.273197543,9278.0,19,0,1,0,3.0
79865,0,0.0,50,0,0.391949426,7750.0,8,0,1,0,0.0
79866,0,0.16195963900000002,47,0,0.492368636,8582.0,13,0,3,0,1.0
79867,0,0.0047924790000000005,73,0,1316.0,,15,0,1,0,0.0
79868,0,0.0059995380000000004,56,0,0.530548767,4500.0,6,0,1,0,0.0
79869,0,0.970227429,59,1,8241.0,,11,0,2,0,0.0
79871,0,0.081906997,79,0,0.332137365,3901.0,9,0,1,0,1.0
79872,0,0.145933597,62,0,0.330419969,13500.0,6,0,1,0,1.0
79873,0,0.0,67,0,3.358302122,800.0,8,0,1,0,0.0
79874,0,0.355875915,41,0,0.123757285,8750.0,10,0,0,0,0.0
79875,0,1.004666356,60,0,0.082166879,5500.0,1,0,0,0,3.0
79876,0,0.136573609,46,0,0.112566104,3970.0,10,0,0,0,2.0
79878,0,0.017298367,60,0,0.21419054,3001.0,13,0,1,0,0.0
79879,1,0.473136915,39,2,0.41731105,4008.0,4,2,0,0,3.0
79881,0,0.0,63,0,2682.0,,3,0,2,0,0.0
79882,0,0.028027182,44,0,0.20959680100000003,3000.0,4,0,1,0,0.0
79888,0,0.07444030900000001,73,0,40.0,,1,0,0,0,0.0
79889,1,0.774131522,31,3,0.436015511,4125.0,8,1,0,0,0.0
79890,0,0.25144605,58,0,0.504038394,8542.0,8,0,2,0,0.0
79894,0,0.06788134700000001,69,0,0.274079583,2688.0,5,0,1,0,0.0
79895,0,0.36457965700000006,57,0,0.263231327,10750.0,11,0,2,0,0.0
79896,0,0.06683536400000001,66,0,0.149962509,4000.0,13,0,0,0,1.0
79897,0,0.756852135,37,0,0.368449487,1850.0,3,0,0,0,0.0
79898,0,0.0,71,0,0.130175913,3694.0,9,0,0,0,1.0
79899,1,1.092065415,60,3,586.0,,6,0,0,0,0.0
79900,0,0.013238161000000002,32,0,0.494336725,5208.0,11,0,1,0,1.0
79902,0,0.004430633,37,0,0.083094556,5583.0,7,0,0,0,0.0
79905,0,0.021047986,56,0,0.167893828,11000.0,13,0,1,0,0.0
79906,0,0.274251812,48,0,0.305283757,10219.0,8,0,1,0,3.0
79909,0,0.0,28,0,114.0,,3,0,0,0,
79911,0,0.0,69,0,0.337558275,6863.0,14,0,2,0,0.0
79912,0,0.896777171,64,1,0.48075572899999997,15666.0,15,0,2,0,0.0
79913,0,0.9999998999999999,90,0,0.011012433,2814.0,0,0,0,0,0.0
79916,0,0.10368963099999999,67,0,1125.0,,14,0,1,0,0.0
79917,0,0.111725885,70,0,50.0,,4,0,0,0,0.0
79918,0,0.277615355,37,1,0.451563875,12500.0,13,0,4,0,3.0
79919,0,0.440101002,67,0,0.489491054,5756.0,10,0,2,0,1.0
79920,0,0.111313754,27,0,0.114777045,5000.0,5,0,1,0,0.0
79923,0,0.9999998999999999,32,0,0.8257339159999999,1600.0,4,0,1,0,1.0
79924,0,0.9999998999999999,58,2,2151.0,,8,0,2,2,0.0
79925,0,0.023180759,69,1,0.004286395,6298.0,4,0,0,0,1.0
79926,0,0.551073544,58,0,3567.0,,8,0,2,0,2.0
79928,0,0.014710953,50,0,1.0254237290000001,6253.0,8,0,3,0,0.0
79929,0,0.0700919,76,0,44.0,,5,0,0,0,0.0
79930,0,0.059148066,72,0,0.016276042,4607.0,5,0,0,0,0.0
79931,0,0.0,68,0,0.2323973,12000.0,12,0,1,0,0.0
79932,0,0.548945105,29,0,407.0,0.0,2,0,1,0,0.0
79933,0,0.080938571,57,0,0.215903765,6400.0,7,0,1,0,2.0
79934,0,0.09176499699999999,59,0,3969.0,,12,0,2,0,0.0
79935,0,0.266995,52,0,0.791552112,4000.0,10,0,3,0,0.0
79936,0,0.308553602,40,0,0.40092560899999996,5833.0,25,0,2,0,0.0
79937,0,0.005931714,39,0,2010.0,,15,0,1,0,0.0
79941,0,0.698156777,47,0,0.56017593,2500.0,12,0,1,1,0.0
79943,0,0.110665653,43,0,2.0335731409999998,1250.0,10,0,1,0,3.0
79944,0,0.107988961,77,0,224.0,,7,0,0,0,0.0
79945,0,0.106653604,32,0,0.283014862,4709.0,11,0,1,0,0.0
79947,0,0.116050154,29,0,89.0,,2,0,0,0,0.0
79948,0,0.006965277,64,0,0.29428385100000004,4600.0,7,0,1,0,0.0
79949,0,0.0,55,0,0.105309931,4500.0,7,0,0,0,1.0
79950,0,0.100453283,66,0,0.33638706,6985.0,11,0,2,0,1.0
79953,0,0.066997087,79,0,0.020604998,2280.0,5,0,0,0,0.0
79955,0,0.027127539,41,1,1.1607357059999999,2500.0,12,0,1,0,2.0
79956,0,0.048600835,68,0,0.278777492,3500.0,11,0,1,0,0.0
79957,0,0.454195995,38,0,0.356366797,2300.0,10,0,0,0,0.0
79959,0,0.243516762,35,0,0.533693261,5000.0,8,0,1,0,0.0
79960,0,0.260012032,38,0,0.344961671,9000.0,9,0,4,0,0.0
79962,0,0.06434394,62,0,3543.0,,13,0,1,0,0.0
79963,0,0.0,52,0,0.19852009899999998,15000.0,3,0,1,0,1.0
79965,0,0.012561715,32,0,0.136271061,5400.0,8,0,0,0,0.0
79966,0,0.37435947,44,1,0.36946305399999996,10000.0,12,0,2,0,2.0
79967,0,0.736117372,50,1,0.40067727700000005,14764.0,12,0,2,0,4.0
79968,0,0.86878713,41,1,0.46179966,5300.0,11,0,2,0,2.0
79970,0,0.5631593429999999,50,3,0.313042935,16000.0,9,0,2,1,0.0
79971,0,0.8400135670000001,67,0,0.9610129959999999,3000.0,7,0,0,0,0.0
79972,0,0.206661906,54,0,3526.0,,20,0,2,0,3.0
79973,0,0.133921643,56,0,594.0,,6,0,0,0,0.0
79974,1,0.9999998999999999,43,0,30.0,,1,2,0,0,0.0
79975,0,0.509171091,36,0,0.533348826,4302.0,6,0,1,0,1.0
79976,0,0.261143471,33,1,0.988269795,3750.0,13,0,2,0,0.0
79977,0,0.280187573,34,0,0.540374263,3900.0,6,0,1,0,1.0
79979,0,0.0,60,0,567.0,,4,0,1,0,0.0
79980,0,0.025181391,32,0,0.256439831,2600.0,7,0,1,0,1.0
79982,0,0.00047996199999999996,33,0,0.225628141,1989.0,5,0,0,0,0.0
79983,0,0.144268085,63,1,0.735252949,5000.0,11,0,1,0,3.0
79984,0,0.9999998999999999,77,0,0.185090545,9000.0,2,0,1,0,0.0
79985,0,0.0,77,0,0.009665056,6000.0,2,0,0,0,0.0
79986,0,0.47790088399999997,69,1,0.37803889799999996,12339.0,9,0,2,1,1.0
79988,0,0.362211345,35,1,0.033474708,131800.0,11,0,1,0,2.0
79989,0,0.123752495,22,0,0.001996008,500.0,3,0,0,0,0.0
79994,0,0.9999998999999999,75,0,0.0,2218.0,1,0,0,0,0.0
79995,0,0.9999998999999999,26,0,0.0,,0,0,0,0,0.0
79996,0,0.049943155,68,0,0.6898275429999999,4000.0,10,0,1,0,0.0
79997,0,0.09693698699999999,49,0,0.018766344,6500.0,3,0,0,0,1.0
79998,0,0.07888948400000001,54,0,0.38972067,8949.0,11,0,2,0,1.0
79999,1,0.252143543,31,0,0.389565761,3200.0,9,0,0,0,1.0
80001,0,0.137699762,57,0,519.0,,10,0,0,0,0.0
80003,0,0.030942812000000004,47,0,0.573749308,5416.0,8,0,3,1,2.0
80006,0,0.16291472199999998,54,0,0.46121883700000005,5775.0,5,0,1,0,0.0
80007,0,0.712552497,33,0,0.36306235200000003,3800.0,6,0,1,0,1.0
80008,0,0.257257581,55,0,0.798748607,11666.0,15,0,3,0,1.0
80009,0,0.047809708,85,0,73.0,,5,0,0,0,0.0
80011,0,0.0067318790000000005,81,0,0.0037159370000000003,2421.0,9,0,0,0,0.0
80012,0,0.518804695,51,0,0.359732005,11641.0,11,0,2,0,0.0
80013,0,0.053144183,74,0,0.769406393,1751.0,13,0,1,0,0.0
80015,0,0.783814412,61,0,0.269473053,10000.0,4,0,1,0,0.0
80016,0,0.010810946,56,0,0.369530755,6307.0,21,0,2,0,2.0
80017,0,0.818167614,67,0,0.5099164070000001,6100.0,18,0,1,0,0.0
80018,0,0.6748875190000001,58,0,0.27796861300000003,14846.0,8,0,1,0,0.0
80019,0,0.860876249,44,0,617.0,,3,0,0,0,0.0
80020,0,0.0,43,1,3668.0,,4,0,2,1,0.0
80022,0,0.034203095,33,0,0.006665741,7200.0,5,0,0,0,2.0
80024,0,0.0,64,0,1183.0,,5,0,1,0,0.0
80025,1,0.9575910809999999,39,3,1808.0,,8,1,1,0,0.0
80026,0,0.0,49,0,0.129211865,10416.0,4,0,1,0,3.0
80027,0,0.07075398299999999,61,0,0.055861351,13443.0,6,0,1,0,1.0
80028,0,0.10262661699999999,31,0,0.127582989,7500.0,13,0,0,0,0.0
80029,0,0.20607654600000003,42,0,0.331699136,7750.0,9,0,1,0,2.0
80031,0,0.060579667999999996,58,0,121.0,,5,0,0,0,2.0
80032,0,0.987411411,45,0,0.929690103,3000.0,15,0,2,0,2.0
80033,0,0.9999998999999999,77,0,0.015245624,1770.0,2,0,0,0,0.0
80034,0,0.03158196,65,0,0.241821743,10209.0,12,0,2,0,1.0
80037,1,0.24125112199999998,26,0,0.13462179300000002,3000.0,5,0,0,0,2.0
80040,0,0.25136205,68,0,0.141700405,3951.0,8,0,0,0,1.0
80041,1,0.664174058,62,2,0.478468113,6083.0,19,1,2,0,1.0
80043,0,0.010939889,42,0,0.282803509,10600.0,8,0,1,0,3.0
80044,0,0.402347245,69,0,0.11093854,4506.0,9,0,1,0,0.0
80045,0,0.0,65,0,0.522873856,6666.0,13,0,1,0,0.0
80046,0,0.537430838,52,0,0.191761108,16676.0,8,0,2,1,4.0
80047,0,0.965190511,51,0,0.343739584,9000.0,8,0,1,0,0.0
80049,0,0.038312609,69,0,1579.0,,19,0,1,0,0.0
80050,0,0.042710156,68,0,0.652669466,5000.0,28,0,2,0,1.0
80051,0,0.04349925,53,0,0.439252336,10485.0,5,0,3,0,3.0
80052,0,0.0016666320000000001,38,0,2.295964126,1560.0,9,0,2,0,0.0
80053,1,0.9999998999999999,46,3,0.080923507,4287.0,2,1,0,0,0.0
80054,0,0.004274646,62,0,3.0,,3,0,0,0,1.0
80055,0,0.037537517,64,0,0.029027576,6200.0,14,0,0,0,0.0
80056,0,0.023922951,70,0,48.0,,7,0,0,0,0.0
80057,0,0.0,55,0,0.0,,9,0,0,0,2.0
80058,0,0.812204426,65,0,0.741833828,16500.0,16,0,3,0,3.0
80061,0,0.831737928,48,0,0.653589933,1350.0,7,0,0,0,0.0
80062,0,0.253317981,41,0,0.478531425,6427.0,6,0,2,0,4.0
80063,0,0.9999998999999999,59,0,8.0,,2,0,0,0,
80064,0,0.41177591,41,1,0.094822735,7107.0,4,0,0,0,2.0
80067,0,0.48193206,39,1,0.29127280699999997,4548.0,14,0,0,0,2.0
80068,0,0.023094893999999998,65,0,0.232681472,15084.0,11,0,3,0,0.0
80069,0,0.763123688,46,0,0.409418116,3333.0,6,0,1,0,0.0
80071,0,0.197257668,39,0,0.304029927,11761.0,23,0,3,0,3.0
80072,0,0.012685033,80,0,0.136237668,9020.0,12,0,1,0,0.0
80075,0,0.077239959,78,0,0.275562788,3686.0,5,0,1,0,0.0
80078,0,0.069563807,32,0,0.48288659799999994,2424.0,7,0,2,0,0.0
80079,0,0.064197432,66,0,0.133510306,6403.0,4,0,0,0,1.0
80081,0,0.080381602,30,2,0.40539865,4000.0,15,0,1,0,0.0
80082,0,0.37223540200000005,68,0,0.9954313359999999,3720.0,13,0,1,0,0.0
80084,0,0.016657781,74,0,2296.0,,14,0,1,0,0.0
80085,0,0.061268135,31,0,0.009996668,3000.0,4,0,0,0,1.0
80089,0,0.5458114620000001,44,0,0.35361246700000004,12705.0,19,0,2,0,2.0
80091,0,0.23387661199999998,55,0,0.058284762999999996,1200.0,1,0,0,0,0.0
80092,0,0.24227042,27,0,0.077317473,4875.0,5,0,0,0,2.0
80095,0,0.003308375,46,1,0.18939393899999998,3035.0,13,0,1,0,5.0
80097,0,0.057074228,63,0,0.31512472399999997,3166.0,8,0,0,0,0.0
80098,0,0.5538961579999999,51,0,0.533125217,8648.0,15,0,3,0,2.0
80099,0,0.028219087,32,0,7.0,0.0,1,0,0,0,0.0
80102,0,1.0294963129999999,41,0,0.431526686,4833.0,9,0,2,0,0.0
80103,0,0.022285477999999997,76,0,0.23317925,3893.0,11,0,1,0,0.0
80104,0,0.0,36,0,0.211589113,3416.0,4,0,1,0,0.0
80105,1,0.667915106,23,0,15.0,,2,0,0,0,0.0
80107,0,0.16631528199999998,31,0,0.435479922,8167.0,4,0,1,0,0.0
80109,0,0.02421578,55,0,0.937031484,2000.0,7,0,1,0,0.0
80113,0,0.104438451,32,0,0.206391716,5600.0,17,0,0,0,0.0
80115,0,0.219491558,37,0,0.7047136740000001,7700.0,9,0,4,0,0.0
80117,0,0.0,45,0,0.373882265,5367.0,14,0,3,0,0.0
80118,0,0.612351368,36,0,0.305659704,5600.0,12,0,0,0,0.0
80119,0,0.111020408,53,0,0.340280806,11466.0,8,0,3,0,3.0
80120,0,0.004366654,51,0,1156.0,,8,0,1,0,0.0
80121,0,0.21290522,61,0,0.409099431,16000.0,14,0,4,0,2.0
80122,0,0.007849608000000001,93,0,60.0,,3,0,0,0,
80124,0,0.016497238,59,0,53.0,,13,0,0,0,0.0
80126,0,0.44957431,42,0,0.20925366199999998,4300.0,6,0,0,0,1.0
80127,0,0.035872758,69,0,0.006797281,2500.0,1,0,0,0,0.0
80128,0,0.7852341540000001,91,0,0.35171711299999997,6871.0,11,0,2,0,0.0
80130,0,0.881603901,45,0,0.740314921,4000.0,12,0,1,0,2.0
80131,1,0.006964036999999999,55,2,0.0019223379999999998,2600.0,9,0,0,0,0.0
80132,0,0.377634824,56,1,0.683325761,2200.0,18,0,0,0,0.0
80133,0,0.0,64,0,0.0,5223.0,1,0,0,0,0.0
80134,0,0.016732808999999998,54,0,0.136232971,8000.0,10,0,1,0,1.0
80135,0,0.000573239,54,0,0.000378215,2643.0,6,0,0,0,0.0
80136,0,0.0,47,0,1609.0,,8,0,2,0,0.0
80138,0,0.012604505,69,1,0.08327315099999999,18000.0,12,0,1,0,1.0
80139,0,0.9999998999999999,56,0,0.144437354,4700.0,3,0,0,0,4.0
80140,0,0.196056713,55,0,0.31644732,13600.0,16,0,1,0,2.0
80141,0,0.014490853,56,0,0.153708402,6700.0,8,0,2,0,0.0
80142,0,0.45009810299999997,59,0,0.348158776,23000.0,28,0,3,0,4.0
80143,0,0.41834111,40,0,0.189717143,6398.0,7,0,1,0,2.0
80144,0,0.0,75,0,0.007343941,816.0,11,0,0,0,0.0
80145,0,0.028954607,44,0,0.0024998439999999998,16000.0,6,0,0,0,0.0
80146,0,0.065637375,51,0,0.005155193,9310.0,6,0,0,0,1.0
80147,0,0.028371992999999998,68,0,0.625395767,6000.0,4,0,2,0,0.0
80148,0,0.271249548,37,0,0.7428974770000001,5666.0,6,0,2,0,1.0
80149,0,0.060066209,43,0,1197.0,,9,0,1,0,2.0
80150,0,0.102943922,65,0,0.957926732,6250.0,11,0,4,0,1.0
80151,0,0.5320652579999999,31,0,0.510004653,4297.0,6,0,1,0,1.0
80153,0,0.122860093,39,0,0.591584502,7200.0,10,0,1,0,2.0
80154,0,0.9999998999999999,61,0,2.6064942209999997,1816.0,7,0,4,0,0.0
80158,0,0.018081826999999998,51,0,0.287955699,4333.0,3,0,1,0,0.0
80159,0,0.013955325,73,0,0.14312206800000002,9166.0,12,0,1,0,0.0
80160,0,0.290297182,73,0,0.7949969490000001,4916.0,26,0,2,0,1.0
80161,0,0.283879195,59,0,0.287714988,4069.0,8,0,1,0,0.0
80163,0,0.141075211,37,0,1522.0,,14,0,1,0,0.0
80164,1,0.017759645,84,0,0.00519896,5000.0,6,0,0,0,0.0
80166,0,0.9450054990000001,58,0,0.5956539129999999,7500.0,11,0,2,0,1.0
80167,0,0.589711245,35,0,2986.0,,11,0,2,0,0.0
80168,0,0.003115176,42,1,0.556708357,7035.0,10,0,2,0,2.0
80169,0,0.26693957,67,0,0.717096774,3099.0,12,0,1,0,0.0
80171,0,0.052270301,55,0,2770.0,,7,0,1,0,3.0
80172,0,0.14807588300000002,66,0,0.43994622,6693.0,10,0,2,0,1.0
80173,0,0.872225555,53,0,0.410541824,6108.0,7,0,2,0,3.0
80174,0,0.45958321700000004,42,0,1.315560392,2756.0,11,0,7,0,2.0
80175,0,0.055999434,53,0,0.065993715,10500.0,19,0,1,0,0.0
80177,0,0.145553403,39,1,655.0,0.0,6,0,0,0,2.0
80178,0,0.831916916,63,0,0.322139789,15365.0,15,0,2,0,0.0
80179,0,0.025314523999999998,63,0,0.042182082,19320.0,17,0,1,0,0.0
80181,0,0.0,55,2,0.185905128,12500.0,7,0,1,0,0.0
80182,0,0.141503095,39,1,0.215017065,9375.0,19,0,1,0,2.0
80183,0,0.06681414599999999,54,0,0.15437514800000002,4216.0,11,0,0,0,0.0
80184,0,0.049998765,63,0,3909.0,,11,0,2,0,1.0
80185,0,0.26871641,40,0,0.305051254,8096.0,7,0,2,0,2.0
80186,0,0.9813164040000001,68,0,3462.0,,11,0,2,0,1.0
80187,1,0.17565864,53,1,0.654369628,5583.0,16,0,4,0,3.0
80189,0,0.17757615,56,0,0.219687301,6267.0,7,0,1,0,0.0
80191,0,0.817854572,33,0,0.762015055,3453.0,7,0,1,0,1.0
80193,0,0.3244449,54,1,189.0,,6,0,0,0,0.0
80194,0,0.63617038,57,1,4130.0,,12,0,1,0,0.0
80197,0,0.8150911470000001,50,0,0.272173657,10180.0,2,0,1,0,2.0
80198,0,0.9999998999999999,29,1,0.130929791,3161.0,3,0,0,0,0.0
80200,0,0.294758006,75,0,0.440079989,7000.0,11,0,1,0,0.0
80202,0,0.9999998999999999,53,0,1721.0,,2,2,1,0,0.0
80203,0,0.083409941,74,0,0.58246715,10197.0,10,0,2,0,0.0
80205,0,0.06253976900000001,49,0,0.010384216,1925.0,6,0,0,0,0.0
80206,0,0.39386329700000006,59,0,0.398738559,13000.0,9,0,2,0,1.0
80207,0,0.084231929,57,0,0.12478401,21412.0,8,0,2,0,3.0
80208,0,0.54931071,27,1,0.388098999,3797.0,5,0,1,0,2.0
80210,0,0.374409228,51,0,0.369726039,12300.0,10,0,2,0,1.0
80211,0,0.009281717,85,0,18.0,,6,0,0,0,0.0
80212,0,0.204446335,30,1,0.13027179,3200.0,5,0,0,0,1.0
80214,0,0.013844246999999999,41,0,542.0,,8,0,1,0,
80215,0,0.00374704,87,0,4.0,,6,0,0,0,
80216,0,0.0,73,0,0.0,,2,0,0,0,0.0
80217,0,0.9999998999999999,38,0,0.00109989,10000.0,1,0,0,0,2.0
80218,0,0.0,53,0,0.443495844,4450.0,4,0,2,0,1.0
80219,0,0.333865592,46,0,0.464230449,8400.0,15,0,5,0,1.0
80220,0,0.640824489,25,0,0.647122399,3700.0,6,0,1,0,0.0
80221,0,1.2878535770000001,62,1,0.062054507,2384.0,2,0,0,2,0.0
80222,0,0.020561215,67,0,893.0,,6,0,1,0,0.0
80223,0,0.94763566,44,0,1.619861432,2164.0,8,0,1,0,1.0
80224,0,0.077490314,34,0,0.35954807299999997,13541.0,6,0,3,0,0.0
80226,0,0.004795796,59,0,0.958056809,3766.0,15,0,1,0,1.0
80227,0,0.7010478729999999,55,1,4101.0,,12,0,3,0,1.0
80228,0,0.05001016900000001,53,0,66.0,,3,0,0,0,3.0
80229,0,0.019391589,26,0,0.19540229899999997,2000.0,8,0,0,0,0.0
80230,0,0.32571091,26,0,0.991284286,3900.0,8,0,1,0,0.0
80231,1,0.9999998999999999,25,1,0.08595877099999999,2570.0,4,2,0,0,3.0
80232,0,0.0,39,0,0.709408826,1200.0,6,0,1,0,1.0
80233,1,0.618845629,35,2,6197.0,,9,0,3,0,0.0
80235,0,0.172293148,50,0,0.829564682,6500.0,21,0,4,0,0.0
80236,0,0.016231126999999998,41,1,0.35638353899999997,9500.0,15,0,2,0,0.0
80238,0,0.001635594,57,0,1214.0,,13,0,1,0,0.0
80240,1,0.9573901459999999,57,4,0.276287285,6000.0,7,1,0,1,0.0
80241,1,0.568867668,67,0,0.585326134,23333.0,18,1,6,0,0.0
80242,0,0.037829887,55,0,2910.0,,10,0,1,0,0.0
80244,0,0.009098182,82,0,0.005151844,3687.0,5,0,0,0,0.0
80245,0,0.062699433,59,0,0.42048,6249.0,14,0,1,0,1.0
80247,0,0.033115252000000005,47,0,0.219846154,6499.0,5,0,2,0,0.0
80248,0,0.0,55,0,0.0,7400.0,6,0,0,0,0.0
80249,0,0.9999998999999999,44,4,0.300346363,4041.0,8,0,1,0,1.0
80250,0,0.645331266,49,0,0.40442729899999996,10886.0,17,0,2,0,0.0
80252,0,0.9999998999999999,38,0,0.0,4000.0,0,0,0,0,2.0
80253,0,0.028544998,49,0,395.0,,5,0,0,0,
80254,0,0.41671665700000005,85,0,62.0,,1,0,0,0,
80255,0,0.967873643,41,0,0.470166286,9200.0,10,0,2,0,1.0
80256,1,0.34746715200000006,41,1,0.125786164,2861.0,9,0,0,0,3.0
80257,0,0.442278524,59,0,4214.0,,9,0,2,0,0.0
80259,0,0.572708066,58,0,0.996786862,2800.0,10,0,2,0,0.0
80260,0,0.10186589300000001,35,0,0.081981782,4500.0,6,0,0,0,0.0
80262,0,0.48153068600000004,51,0,0.431856814,10000.0,8,0,1,0,0.0
80263,0,0.161308551,31,1,33.610994,6166.0,14,0,2,0,2.0
80264,0,0.489150362,45,0,960.0,,4,0,0,0,0.0
80265,0,0.78056123,43,1,3810.0,,9,0,3,0,0.0
80266,0,0.037707801,38,0,0.138259293,2205.0,12,0,0,0,3.0
80268,0,0.124562619,35,0,0.383883314,9666.0,6,0,1,0,1.0
80269,0,0.013945428999999999,53,0,0.00768935,2600.0,4,0,0,0,1.0
80270,0,0.026362837000000004,65,0,0.12231163099999999,6834.0,4,0,1,0,1.0
80272,1,0.839109262,45,1,0.611049107,3583.0,16,0,0,0,4.0
80273,0,0.0,90,0,0.0,,5,0,0,0,0.0
80274,0,0.016681246,53,0,0.144244502,3500.0,11,0,0,0,1.0
80275,0,0.043727179000000005,60,0,0.913043478,2667.0,15,0,1,0,2.0
80276,0,0.010228279,53,0,12.0,,4,0,0,0,0.0
80278,0,0.43688143799999996,40,1,0.015996001,4000.0,1,1,0,1,3.0
80280,0,0.071052005,71,0,122.0,,5,0,0,0,0.0
80283,0,0.0,74,0,1674.0,,12,0,1,0,0.0
80284,0,0.110319345,52,0,0.203228527,8300.0,6,0,1,0,0.0
80285,0,0.9999998999999999,61,0,0.253198294,1875.0,3,0,0,0,0.0
80287,0,0.003780054,71,0,0.120461095,6939.0,4,0,0,0,1.0
80288,0,0.977801873,50,0,2.532724801,5148.0,11,0,2,0,3.0
80289,1,0.53455425,39,0,0.397639731,6100.0,15,0,1,0,1.0
80290,0,0.41717696299999996,43,1,0.257870979,17500.0,11,0,1,0,0.0
80291,0,0.0014421689999999999,28,1,0.153402537,2600.0,10,0,0,1,0.0
80292,0,0.650334226,64,0,0.675866007,5253.0,8,0,1,0,1.0
80294,0,0.020990071000000003,85,0,0.01598934,1500.0,9,0,0,0,0.0
80297,0,0.898315703,70,0,0.512953368,5210.0,14,0,1,0,0.0
80298,0,0.641522159,62,0,3754.0,,23,0,2,0,0.0
80299,0,0.053025540999999995,32,0,1.5051740359999999,1062.0,4,0,2,0,0.0
80301,0,0.92983094,39,1,0.336532693,3333.0,8,0,1,0,3.0
80302,0,0.414758487,54,0,0.26684715,13666.0,13,0,2,0,1.0
80303,0,0.560459609,44,0,1659.0,,6,0,1,0,0.0
80307,0,0.457838749,47,0,0.046114785,67743.0,12,0,1,0,0.0
80310,0,0.082940266,36,0,0.08287968,9000.0,5,0,0,0,3.0
80311,0,0.979925315,70,0,1.25512979,4044.0,10,0,2,0,0.0
80312,1,0.0,55,1,0.0,575.0,1,0,0,0,0.0
80313,0,0.006203828000000001,45,0,0.075792421,10000.0,4,0,1,0,4.0
80314,0,0.41477252600000003,59,2,0.39206498,3200.0,12,0,1,0,0.0
80315,1,0.9940008570000001,49,1,1970.0,,7,0,1,0,0.0
80316,0,0.2534589,41,1,0.292492274,5500.0,7,0,1,0,1.0
80317,0,0.9999998999999999,46,0,2.0,,1,0,0,0,0.0
80318,0,0.07035211799999999,46,0,0.124907613,4058.0,6,0,0,0,1.0
80319,0,0.0,77,0,0.0,2696.0,3,0,0,0,0.0
80321,0,0.120848491,45,0,0.44757568299999995,8125.0,12,0,2,0,2.0
80324,0,0.653159182,54,0,0.30775498100000004,13500.0,17,0,2,0,1.0
80325,0,0.570826822,40,0,0.39285714299999996,8623.0,12,0,2,0,2.0
80326,1,0.6893036859999999,46,2,0.565531129,5958.0,9,0,1,0,1.0
80327,0,0.810891191,43,1,0.17953152,6360.0,4,0,1,1,0.0
80328,0,0.9999998999999999,33,0,2037.0,,6,0,2,0,
80329,0,0.9999998999999999,37,0,0.016333938,550.0,1,0,0,0,0.0
80330,0,0.00039992,82,0,0.171782763,1693.0,4,0,0,0,0.0
80331,0,0.046746700999999995,46,0,409.0,,5,0,0,0,0.0
80333,0,0.401393458,30,0,0.032202216,5775.0,3,0,0,0,1.0
80334,0,0.014687095,62,0,0.19888231399999998,6083.0,14,0,1,0,0.0
80336,0,0.340122954,58,0,0.236629106,6300.0,15,0,0,0,0.0
80337,0,0.048482450999999996,80,0,0.089294949,5800.0,4,0,0,0,1.0
80339,0,0.049428815999999993,42,0,0.23611752,6500.0,13,0,1,0,3.0
80341,0,0.9999998999999999,34,98,0.010934083,3200.0,0,98,0,98,0.0
80342,0,0.034708049,86,0,0.160611855,4183.0,19,0,0,0,0.0
80343,0,0.0,44,0,0.154823375,12200.0,8,0,1,0,2.0
80344,0,1.007165472,34,0,0.5043323710000001,4500.0,6,0,1,0,3.0
80345,0,0.36642534299999996,65,0,0.47098289200000004,8942.0,12,0,1,0,1.0
80348,0,0.985004998,27,0,0.078609847,4833.0,2,0,0,0,0.0
80349,0,0.061226055,44,0,0.275732267,8500.0,15,0,2,0,0.0
80350,0,0.21695569899999997,38,0,1.0005274259999999,7583.0,12,0,2,0,2.0
80351,0,0.455060549,46,0,8842.0,,8,0,2,0,0.0
80353,0,0.018946601,46,0,0.922447389,2565.0,10,0,1,0,1.0
80354,0,0.024694159,59,0,0.22488493899999998,6300.0,9,0,1,0,0.0
80356,0,0.029138857,57,0,0.317905355,6740.0,6,0,1,0,0.0
80357,0,1.006897462,56,0,0.53516596,6838.0,5,3,2,0,2.0
80358,0,0.036391671,71,0,0.172235555,5416.0,7,0,2,0,0.0
80359,0,0.0,47,0,0.233870968,5083.0,9,0,2,0,0.0
80361,0,0.005613838,88,0,0.003330558,1200.0,2,0,0,0,0.0
80362,0,0.0,78,0,0.000344709,2900.0,8,0,0,0,0.0
80363,0,0.0,62,0,0.0,,2,1,0,0,
80364,0,0.086577374,67,0,592.0,,7,0,2,0,0.0
80368,0,0.9765348979999999,57,0,0.206915706,7200.0,5,0,1,0,1.0
80369,0,0.454935009,68,0,0.190468255,6000.0,6,0,0,0,0.0
80370,0,0.029589648,66,0,0.004415553,8152.0,4,0,0,0,0.0
80371,0,0.23470611800000002,55,0,0.18179519600000002,3954.0,6,0,2,0,0.0
80373,0,0.10431164400000001,61,0,0.10423697,5333.0,9,0,1,0,0.0
80374,0,0.622068897,28,0,0.260695722,2500.0,5,0,0,0,0.0
80375,0,0.453118766,39,0,0.610394537,5271.0,17,0,2,0,2.0
80377,0,0.294317065,31,0,0.484128968,4000.0,7,0,1,0,1.0
80378,1,0.957264957,41,1,0.159694817,3800.0,3,0,0,0,3.0
80379,0,0.011090951000000002,66,0,1467.0,,19,0,1,0,0.0
80380,0,0.9999998999999999,25,0,428.0,,2,0,0,0,2.0
80381,0,0.0,31,0,0.155265181,1300.0,3,0,0,0,0.0
80382,0,0.187658045,52,0,0.49851664700000003,9100.0,18,0,2,0,0.0
80383,0,0.8694203859999999,27,0,0.01875,2079.0,1,0,0,0,0.0
80384,0,0.008113442,47,0,0.5097783570000001,2300.0,9,0,1,0,0.0
80385,0,0.059125172999999996,51,0,0.325734853,5000.0,8,0,1,0,1.0
80386,0,0.029586362,37,0,0.42209715600000003,3375.0,11,0,3,0,1.0
80387,0,0.074055207,60,0,0.181976998,6868.0,6,0,1,0,0.0
80388,0,0.158903267,50,0,0.248296745,3962.0,9,0,0,0,0.0
80389,0,0.5850943270000001,58,0,0.087728068,4000.0,13,0,0,0,0.0
80390,0,0.827736515,66,2,0.387676508,35833.0,16,1,2,0,1.0
80391,0,0.032922232999999995,84,0,47.0,,8,0,0,0,0.0
80392,0,0.634099353,54,2,0.273415405,12021.0,13,0,2,0,1.0
80393,0,0.021065402,63,1,0.6974789920000001,832.0,12,0,0,0,0.0
80394,0,0.366174056,53,0,0.571214393,2000.0,8,0,1,0,4.0
80395,0,0.058424622,46,1,0.085921458,15583.0,4,0,1,0,3.0
80396,0,0.072992701,81,0,123.0,,10,0,0,0,0.0
80397,0,0.057393054000000006,69,0,0.00497086,5833.0,6,0,0,0,0.0
80400,0,0.223876515,57,0,1997.0,,10,0,1,0,0.0
80401,0,0.9999998999999999,28,0,0.154922539,2000.0,1,0,0,0,0.0
80403,0,0.000459991,66,0,0.182492806,6602.0,5,0,1,0,0.0
80404,0,0.138170032,60,0,0.39177929999999994,5400.0,8,0,2,0,0.0
80405,0,0.085697356,43,0,34.0,,3,0,0,0,0.0
80406,0,0.27688048,31,0,0.136431784,3334.0,6,0,1,0,0.0
80407,0,0.9999998999999999,45,1,0.10894552699999999,2000.0,2,1,1,1,1.0
80408,0,0.071838416,69,0,201.0,,10,0,0,0,0.0
80410,1,0.9999998999999999,29,0,0.039675102000000004,3200.0,1,3,0,0,1.0
80412,0,0.018885443999999998,76,0,1.052855925,1172.0,6,0,0,0,0.0
80413,0,1.006312467,28,0,0.131873044,2236.0,2,0,0,0,0.0
80415,0,0.083983203,47,0,0.23335010899999997,5960.0,3,0,1,0,2.0
80416,0,0.0,46,0,0.130267105,7000.0,14,0,0,0,1.0
80417,0,0.21944513899999998,24,0,0.232005758,4167.0,4,0,0,0,0.0
80419,0,0.408649462,44,0,0.531997963,5890.0,11,0,2,0,2.0
80421,0,0.613251627,65,0,3038.0,,12,0,2,0,0.0
80422,0,0.017560547,48,0,2685.0,,12,0,4,0,1.0
80423,0,0.021178095,72,0,0.051810362,4998.0,18,0,1,0,0.0
80424,0,0.005256993000000001,65,0,0.001498352,3336.0,3,0,0,0,0.0
80425,1,1.4621513940000002,30,0,0.08095952,2000.0,3,1,0,0,0.0
80426,0,0.025859483,62,0,0.00762134,4985.0,6,0,0,0,0.0
80427,0,0.0,86,0,0.0,,1,0,0,0,
80428,0,0.9278130440000001,69,0,1.554189085,1300.0,6,0,2,0,0.0
80429,0,0.0,77,0,0.37217937700000003,3500.0,8,0,1,0,0.0
80433,0,0.05850554400000001,80,0,0.34882558700000005,2000.0,11,0,1,0,0.0
80434,0,1.696606786,35,0,0.277757944,2800.0,2,2,1,2,4.0
80437,0,0.13284885400000002,65,0,0.11040527,17000.0,11,0,1,0,0.0
80438,0,0.066956584,63,0,0.317644219,4142.0,8,0,0,0,0.0
80439,0,0.086348665,69,0,2450.0,,5,0,1,0,0.0
80443,0,0.634144367,47,0,0.610271178,4166.0,5,0,2,0,3.0
80444,0,0.60990351,39,0,0.216651192,3230.0,9,0,0,0,0.0
80446,0,0.13864434,62,0,0.39209225700000006,2427.0,7,0,1,0,0.0
80447,0,0.086659445,66,0,1.442778611,2000.0,9,1,2,1,0.0
80448,0,0.213170907,32,0,0.208997188,3200.0,13,0,0,0,1.0
80449,0,0.145323645,61,0,0.25674865,5000.0,7,0,1,0,1.0
80450,0,0.009841898,73,0,1588.0,,8,0,1,0,0.0
80451,0,0.0,66,0,0.268117101,6250.0,7,0,0,0,0.0
80452,0,0.928551875,30,0,0.34678969600000004,2600.0,6,0,0,0,0.0
80453,0,0.054611444,68,0,96.0,,5,0,0,0,1.0
80454,0,0.7957588640000001,45,0,1.398212359,6488.0,11,0,1,0,0.0
80458,0,0.026680849,74,0,0.33546678399999996,4530.0,7,0,1,0,0.0
80459,0,0.207353911,36,0,0.689769918,10517.0,9,0,4,0,0.0
80460,0,1.020766949,50,1,0.188934889,5313.0,4,0,0,1,0.0
80462,0,0.08643045199999999,75,0,19.99000999,1000.0,4,0,1,0,0.0
80463,0,0.530377133,42,0,0.240303878,2500.0,5,0,0,0,1.0
80464,0,0.051909740999999995,43,0,0.020383693,5003.0,4,0,0,0,2.0
80466,0,0.070430986,65,0,281.0,1.0,4,0,1,0,0.0
80470,0,0.22005693,41,0,0.162268389,3561.0,12,0,0,0,1.0
80471,0,0.8430875879999999,64,0,2466.0,,4,1,1,0,0.0
80472,0,0.40947952600000004,33,0,451.0,,3,0,0,0,
80474,0,0.0038876979999999998,48,0,0.619063888,2926.0,11,0,1,0,1.0
80476,0,0.61051498,37,2,3817.0,,13,0,3,0,1.0
80477,0,0.9999998999999999,47,0,0.0,,0,0,0,0,0.0
80478,0,0.9080574709999999,37,0,0.17469551,5500.0,5,0,0,0,0.0
80479,0,0.36915078,38,0,0.77531508,2300.0,11,0,1,0,2.0
80480,0,0.9999998999999999,43,1,2097.0,,7,0,1,0,0.0
80481,0,0.9999998999999999,52,2,0.39568984700000004,4500.0,4,1,0,0,1.0
80482,0,0.036096352000000005,30,0,0.424479975,12883.0,15,0,3,0,0.0
80483,0,0.039489188,61,0,0.006259781,5750.0,4,0,0,0,0.0
80485,0,0.185572462,46,0,0.211234321,5500.0,7,0,1,0,5.0
80486,0,0.001737491,69,0,0.000588166,8500.0,6,0,0,0,0.0
80487,0,0.8479892179999999,55,0,0.782424445,8966.0,21,0,4,0,1.0
80488,0,0.053977665,43,1,0.287116308,14366.0,13,0,2,0,2.0
80489,0,1.081104674,29,1,0.18465480899999998,6633.0,2,0,0,0,0.0
80491,0,0.271130202,72,0,0.21050718100000002,5500.0,11,0,0,0,1.0
80492,0,0.6062602970000001,32,0,0.132657658,8879.0,5,0,0,0,4.0
80494,0,1.023961805,41,1,851.0,,5,0,0,0,0.0
80497,0,0.8343868520000001,27,0,0.512809831,4800.0,14,0,2,0,0.0
80498,0,0.00577243,72,0,0.14141510300000001,10500.0,12,0,1,0,1.0
80499,0,0.02863275,81,0,17.0,,8,0,0,0,0.0
80500,0,0.012563962,80,0,0.434140715,4334.0,11,0,2,0,1.0
80501,0,0.269170633,71,0,0.616691654,2000.0,7,0,0,0,0.0
80502,0,0.157373458,44,1,0.283277789,5100.0,10,0,1,0,2.0
80503,0,0.0070603919999999995,58,0,1971.0,,8,0,2,0,0.0
80504,0,0.11174746,54,0,0.11705106,7500.0,4,0,0,0,1.0
80505,0,0.482126489,49,0,3417.0,,9,0,1,0,0.0
80506,0,0.138582556,51,1,0.369090187,7550.0,8,0,2,0,1.0
80509,0,0.0,30,0,0.003996004,2001.0,5,0,0,0,1.0
80510,0,0.016805143999999998,55,0,0.030117407000000002,7835.0,7,0,0,0,0.0
80511,0,0.9999998999999999,49,0,806.0,,2,0,0,0,0.0
80512,0,0.011736251999999999,61,0,0.385461454,10000.0,15,0,3,0,2.0
80513,0,0.014181455,57,0,2080.0,,17,0,2,0,0.0
80514,0,0.615178149,67,0,0.493469117,4516.0,9,0,2,0,0.0
80516,0,0.002581083,75,0,0.0033311129999999997,1500.0,9,0,0,0,0.0
80521,1,0.9999998999999999,27,1,0.079787234,2819.0,0,1,0,1,1.0
80524,0,0.003254245,79,0,0.309186352,3809.0,11,0,3,0,1.0
80526,0,0.060645235,53,1,0.44195519299999997,5400.0,12,0,1,0,2.0
80527,0,0.5619661029999999,53,3,0.5841433779999999,3291.0,21,1,2,0,3.0
80528,0,0.08468561,46,0,2441.0,1.0,11,0,1,0,2.0
80529,0,0.22940676699999998,64,0,0.89431591,3500.0,14,0,2,0,0.0
80530,0,0.9999998999999999,41,1,866.0,,3,0,0,1,0.0
80531,0,0.70718739,53,0,3365.0,,11,0,2,0,0.0
80532,0,0.47552927100000003,59,0,0.3992001,8000.0,12,0,1,0,1.0
80533,1,0.998833355,48,13,0.348063555,12083.0,15,0,1,0,3.0
80534,1,0.9911405240000001,41,2,0.8079369890000001,3300.0,8,0,2,0,2.0
80535,0,0.9999998999999999,24,0,0.02530541,3437.0,1,0,0,0,1.0
80536,0,0.06650751099999999,65,0,2748.0,,7,0,1,0,1.0
80538,0,0.06569812900000001,59,0,1855.0,,6,0,1,0,0.0
80539,0,0.36952501,53,0,3673.0,,11,0,1,0,1.0
80540,0,0.9999998999999999,38,0,0.085441633,4505.0,1,0,0,0,2.0
80543,0,0.027558077,74,0,0.088680329,5220.0,7,0,0,0,0.0
80544,0,0.025654633,53,0,0.45557442,5300.0,22,0,2,0,0.0
80545,0,0.0,52,0,0.0,5200.0,1,0,0,0,0.0
80546,1,0.946378479,40,0,0.8995072159999999,5681.0,11,2,2,0,1.0
80548,0,0.8229094370000001,45,0,0.313834852,7350.0,9,0,0,0,1.0
80549,0,0.054198645,56,0,0.213914849,8666.0,5,0,1,0,1.0
80552,0,0.236896661,81,0,0.022615994,12866.0,3,0,0,0,0.0
80554,0,0.520384167,59,0,0.8086398920000001,5925.0,11,0,4,0,1.0
80556,0,0.0035293290000000003,73,0,597.0,,6,0,1,0,0.0
80557,0,0.0,34,0,1.010127932,1875.0,10,0,1,0,0.0
80558,0,0.9999998999999999,25,0,0.0,,0,0,0,0,
80559,0,0.9999998999999999,26,0,0.050526885,3700.0,2,0,0,0,0.0
80566,0,0.401617251,64,0,0.114904246,1200.0,4,0,0,0,0.0
80568,0,0.656335356,52,0,0.49626545899999996,8166.0,16,0,2,0,1.0
80569,0,0.041058216,55,0,0.31857242399999997,12916.0,18,0,2,0,0.0
80570,0,0.038948959,37,0,1012.0,,5,0,1,0,0.0
80572,0,0.040989592000000005,53,1,1718.0,,13,0,1,0,0.0
80573,1,0.960151992,63,3,9237.0,,10,0,5,0,0.0
80574,0,0.005457389,85,0,0.006704305,2833.0,12,0,0,0,0.0
80576,0,0.0,42,0,0.06648337900000001,4000.0,4,0,0,0,0.0
80577,0,0.141185373,72,0,342.0,0.0,10,0,0,0,3.0
80580,0,0.32438257,54,0,0.0630793,3883.0,4,0,0,0,1.0
80581,0,0.035345496000000004,29,0,0.067331671,400.0,3,0,0,0,0.0
80582,1,0.012526208,57,0,0.10286765099999999,17400.0,9,0,1,0,0.0
80584,0,0.0,53,0,0.318981201,11542.0,7,0,2,0,0.0
80587,1,1.0367205959999999,40,1,0.256956372,2910.0,8,0,0,0,3.0
80588,0,0.094190581,33,0,0.247735083,3200.0,9,0,0,0,0.0
80589,0,0.03948026,25,0,0.0006856360000000001,2916.0,2,0,0,0,0.0
80590,0,0.378026539,32,0,0.27772571100000004,3200.0,4,0,0,0,4.0
80591,0,0.023148444,55,0,1389.0,,13,0,1,0,0.0
80592,0,0.60073244,59,1,3410.0,,7,0,2,0,3.0
80595,0,0.8804790140000001,42,0,0.947556615,1677.0,8,0,0,0,0.0
80596,0,0.0,82,0,0.0,,1,0,0,0,0.0
80597,0,0.009669648000000001,65,0,0.257023141,10500.0,7,0,4,0,0.0
80598,0,0.023133611000000002,63,0,0.34121284700000004,10025.0,24,0,2,0,0.0
80599,1,0.405374354,46,0,0.331672502,7425.0,10,0,2,0,3.0
80600,0,0.8962874059999999,56,0,0.178462227,13408.0,8,0,0,0,4.0
80601,0,0.04223066,56,0,0.214678532,10000.0,7,0,1,0,0.0
80604,0,0.053397920999999994,33,0,0.538306452,2975.0,7,0,1,0,0.0
80606,0,0.129492827,60,0,1522.0,,7,0,1,0,0.0
80607,0,0.47700107,72,0,0.502540567,6100.0,9,0,1,0,1.0
80609,0,0.7436913159999999,55,0,0.630590461,7400.0,29,0,2,0,1.0
80610,0,0.180104655,34,0,0.076153974,6000.0,4,0,0,0,0.0
80611,0,0.00684701,63,0,0.0051979209999999994,2500.0,5,0,0,0,0.0
80612,0,0.0,59,0,0.16496,12499.0,4,0,1,0,1.0
80613,0,0.018879407,41,0,39.0,,15,0,0,0,
80614,0,0.9999998999999999,55,0,0.066431251,9061.0,6,1,1,0,3.0
80615,0,1.00519896,42,0,0.374861835,6332.0,8,0,2,0,2.0
80617,0,0.9999998999999999,36,0,578.0,,2,0,0,1,0.0
80619,0,0.00088368,63,0,0.0,,4,0,0,0,0.0
80620,0,0.029639286,86,0,0.00874036,5834.0,5,0,0,0,1.0
80621,0,0.028192347000000003,49,0,0.083992095,7083.0,15,0,0,0,0.0
80622,0,0.153032761,44,3,2536.0,,13,0,1,0,2.0
80623,0,0.508902005,62,0,0.048485672,7362.0,5,0,0,0,1.0
80624,0,0.044352431,48,0,0.419674317,10500.0,14,0,4,0,3.0
80625,0,0.629798153,62,0,0.753017512,14332.0,13,0,2,0,2.0
80626,0,0.0,62,1,2.058907533,2800.0,17,0,3,0,0.0
80629,0,0.100199416,47,0,0.30700948899999997,9800.0,18,0,2,0,1.0
80631,0,0.303370787,29,0,0.35562309999999997,6250.0,8,0,2,0,0.0
80632,0,0.226378875,58,0,1504.0,,10,0,2,0,0.0
80633,0,0.08476346800000001,31,0,0.121047877,7748.0,5,0,0,0,0.0
80634,0,0.003164696,77,0,336.0,,6,0,1,0,0.0
80635,0,0.479550682,40,0,0.262263208,18000.0,3,0,2,0,3.0
80636,0,0.27975379699999997,63,0,0.35784912799999996,9000.0,8,0,1,0,1.0
80637,0,0.12133108599999999,67,0,1.221812029,6500.0,16,0,4,0,0.0
80638,0,0.053427045,76,0,0.017736214,3100.0,3,0,0,0,1.0
80639,0,0.508652737,34,0,0.095050619,5333.0,9,0,0,0,1.0
80640,0,0.42548764200000005,47,0,0.510808494,10500.0,18,0,2,0,0.0
80641,1,0.9999998999999999,35,0,637.0,,2,1,0,0,0.0
80642,0,0.00121484,63,0,42.0,,5,0,0,0,
80643,0,0.719632858,46,1,0.827439887,4241.0,13,0,2,0,1.0
80644,0,0.9999998999999999,59,0,0.699265976,4631.0,5,0,2,0,1.0
80645,1,0.725552903,66,3,0.222566056,4200.0,13,1,0,1,1.0
80646,0,0.020648968,40,0,0.35786802,4333.0,6,0,2,0,0.0
80649,0,0.001955469,47,0,5127.0,,4,0,2,0,1.0
80650,0,0.0,40,0,0.24421593800000002,3500.0,7,0,0,0,0.0
80651,0,0.645217739,43,0,0.108867428,6833.0,7,0,0,0,2.0
80653,0,0.048499067,33,0,1346.0,0.0,6,0,0,0,2.0
80655,0,0.222764887,33,0,0.5514464170000001,6083.0,10,0,2,0,0.0
80656,0,0.638418079,68,2,0.272414705,3780.0,4,0,1,1,0.0
80658,0,0.20101676100000002,36,0,1009.0,,10,0,0,0,3.0
80659,0,0.305063992,62,0,2368.0,0.0,11,0,1,0,0.0
80660,0,0.006196706,77,0,0.000595711,5035.0,2,0,0,0,0.0
80661,0,0.674259651,61,0,0.795536357,4166.0,11,0,2,0,0.0
80662,0,0.004585254,78,0,0.22002709399999998,8857.0,6,0,2,0,0.0
80663,0,0.193887032,81,0,0.38453848700000004,3000.0,26,0,1,0,0.0
80664,0,0.0,30,0,1094.0,,3,0,1,0,1.0
80665,0,0.743484675,38,0,0.565887051,3505.0,10,0,1,1,2.0
80668,0,0.025386482000000002,45,0,0.498228774,8750.0,8,0,1,0,0.0
80669,0,0.017417676,76,0,0.63606617,5500.0,16,0,1,0,0.0
80670,0,0.2258764,50,0,3068.0,,8,0,1,2,0.0
80671,0,0.052991819,47,0,0.27507215,5543.0,4,0,1,0,0.0
80672,0,0.050394960999999995,53,0,0.42284264,5909.0,4,0,2,0,3.0
80673,0,0.065274151,72,0,1.225257854,12700.0,20,0,6,0,0.0
80674,1,0.9999998999999999,38,0,0.293994778,1914.0,3,0,0,0,2.0
80675,0,0.543524154,37,0,3538.0,,4,0,1,0,
80677,0,0.373725255,27,0,0.7103825140000001,4208.0,4,0,2,0,0.0
80678,0,0.287149707,49,0,0.48583547899999996,6600.0,10,0,3,0,1.0
80679,0,0.079612764,48,0,0.1886487,10500.0,6,0,1,0,0.0
80681,0,0.38418164,63,0,2780.0,,10,1,2,0,1.0
80682,0,0.214043664,76,0,1576.0,,3,0,2,0,0.0
80683,0,0.028753316,33,0,1930.0,,15,0,1,0,4.0
80684,1,0.9999998999999999,40,0,0.084670051,4924.0,3,3,0,0,1.0
80686,1,0.5610195889999999,26,2,0.158914729,1547.0,5,0,0,2,1.0
80687,0,0.0,42,0,0.082180635,4915.0,9,0,0,0,0.0
80688,0,0.9999998999999999,48,0,0.0,,3,0,0,0,0.0
80689,0,0.068308231,73,0,0.64035964,1000.0,10,0,2,0,0.0
80690,0,0.003284552,41,0,0.1102779,6800.0,6,0,0,0,0.0
80692,0,0.144134135,40,0,2201.0,,6,0,2,0,0.0
80695,0,0.068123581,86,0,4014.0,,13,0,2,0,0.0
80701,0,0.47756525299999997,57,0,0.45188195,4675.0,5,0,1,0,0.0
80703,0,0.9999998999999999,27,0,0.246966453,1400.0,1,1,0,0,1.0
80705,0,0.47069884,32,0,0.6587804070000001,3000.0,16,0,1,0,0.0
80707,0,0.22900821100000002,78,1,0.521153441,4750.0,19,0,2,1,0.0
80708,0,0.083353703,53,0,0.42485236600000004,12022.0,4,0,1,0,0.0
80709,0,0.153455446,77,1,0.274388142,2900.0,7,0,1,0,1.0
80710,0,0.052797357999999996,72,0,0.09859014099999999,10000.0,14,0,1,0,1.0
80715,0,0.026638232999999997,52,0,0.310124658,9866.0,13,0,2,0,2.0
80716,0,0.029255594,65,0,0.392267955,6000.0,18,0,4,0,0.0
80718,1,0.733726627,56,2,1.4995834030000001,6000.0,11,0,4,0,3.0
80721,0,0.039342972000000004,65,0,2.048414739,2333.0,6,0,3,0,0.0
80722,0,0.030348896,66,0,620.0,,10,0,0,0,1.0
80724,0,0.881514811,62,0,0.489179104,2679.0,4,0,1,0,0.0
80725,0,0.03524973,70,0,0.0053326219999999995,7500.0,9,0,0,0,0.0
80726,0,0.9062061840000001,40,1,0.502673797,4300.0,11,0,2,0,2.0
80727,0,0.019087281,53,0,0.140885911,10000.0,7,0,1,0,0.0
80730,0,0.43410637399999996,56,0,5515.0,,5,0,1,0,0.0
80732,0,0.205549383,39,0,204.0,,2,0,0,0,0.0
80733,0,0.018026186,84,0,0.091313042,4500.0,12,0,0,0,0.0
80734,0,0.319486688,64,0,0.228303748,16223.0,11,0,3,0,0.0
80735,0,0.015234632,33,0,0.067187179,4866.0,5,0,0,0,0.0
80738,0,0.22631709100000003,25,0,0.171555252,2931.0,7,0,0,0,2.0
80740,0,0.8979392759999999,48,0,0.5757103929999999,2568.0,8,0,1,0,2.0
80741,1,1.129247169,34,3,946.0,,3,2,0,1,0.0
80742,1,0.7789117990000001,56,0,0.588584766,4712.0,15,0,1,0,2.0
80743,0,0.0,62,0,0.930548994,10582.0,6,0,3,0,3.0
80744,0,0.059862676,64,0,25.0,,4,0,0,0,0.0
80746,0,0.839324911,47,0,2.208619613,1600.0,12,0,2,0,1.0
80747,0,0.679378103,41,0,0.419330404,6600.0,9,0,2,0,2.0
80748,0,0.017979056,64,0,56.0,,7,0,0,0,0.0
80749,0,0.028542545,64,0,94.0,,11,0,0,0,0.0
80750,0,0.001546944,73,0,1979.0,,13,0,1,0,1.0
80751,0,0.079589516,62,0,2913.0,,4,0,1,0,0.0
80752,0,0.021502145,40,0,0.24764353,3500.0,5,0,1,0,3.0
80755,0,0.13615129199999998,58,0,2621.0,,11,0,2,0,2.0
80756,0,0.18700097,38,0,75.0,,3,0,0,0,0.0
80757,0,0.18167261399999998,51,0,3924.0,,8,0,4,0,2.0
80758,0,0.10795369099999999,30,0,0.166737198,4725.0,5,0,0,0,0.0
80759,0,0.433504306,62,0,0.212807667,4590.0,11,0,0,0,0.0
80760,0,0.043477000999999994,90,0,0.0062848159999999995,7000.0,13,0,0,0,0.0
80761,0,0.625553965,68,1,0.783495534,7500.0,17,0,4,0,0.0
80762,1,1.246073298,33,2,0.16495876,4000.0,5,1,0,0,0.0
80763,0,0.9999998999999999,25,0,0.11953352800000001,2400.0,1,0,0,0,1.0
80765,0,0.9999998999999999,46,1,1717.0,,3,0,2,0,1.0
80768,0,0.106889019,48,0,2628.0,,4,0,1,0,0.0
80769,0,0.045918775,40,0,1686.0,,7,0,1,0,0.0
80770,1,0.9999998999999999,51,1,1557.0,,3,1,1,0,0.0
80771,0,0.017511533,41,0,0.275331667,5200.0,9,0,1,0,0.0
80772,0,0.0,46,0,0.251277494,4500.0,4,0,1,0,3.0
80773,0,0.138137455,52,0,2319.0,,14,0,2,0,0.0
80775,0,0.0,55,0,0.372328459,8000.0,8,0,2,0,0.0
80776,0,0.176308775,50,0,0.355537613,7430.0,9,0,1,0,0.0
80777,0,0.0,37,0,787.0,,8,0,1,0,0.0
80778,0,0.173590081,32,0,0.228401503,9583.0,12,0,1,0,1.0
80779,0,0.138460936,64,0,0.310478802,8750.0,14,0,1,0,1.0
80780,0,0.062991726,63,1,0.256227758,5900.0,7,0,2,0,2.0
80781,0,0.412902489,55,0,0.359604752,8500.0,13,0,2,0,2.0
80782,0,0.252123428,32,0,0.218551797,3783.0,5,0,0,0,1.0
80784,0,0.057194838,81,0,0.188503967,15500.0,25,0,2,0,1.0
80785,0,0.025660979,41,0,6640.0,,13,0,4,0,3.0
80787,0,0.089695261,44,3,0.493060737,6700.0,12,0,2,0,2.0
80789,0,0.107152686,63,0,0.088434618,9000.0,4,0,1,0,1.0
80791,0,0.196633211,43,0,1766.0,,12,0,1,0,3.0
80792,0,0.257127873,71,1,0.681297245,4100.0,16,0,1,0,1.0
80794,0,0.010413051,74,0,0.043496892999999995,9333.0,7,0,1,0,1.0
80795,0,0.660539974,58,0,0.408775609,6198.0,6,0,0,0,0.0
80797,0,0.00889911,61,0,2.0,,2,0,0,0,0.0
80798,0,0.0,58,0,0.25194961,5000.0,7,0,1,0,0.0
80799,0,0.0,36,0,0.195636439,9670.0,4,0,1,1,1.0
80800,0,0.0,74,0,0.34291557799999994,8800.0,12,0,2,0,0.0
80803,0,0.009297838000000001,29,0,0.082986169,6000.0,4,0,0,0,0.0
80804,0,0.290576783,60,0,1.325851393,2583.0,15,0,2,0,1.0
80805,0,0.8502640890000001,36,0,0.23855610800000002,3822.0,5,0,0,0,1.0
80806,1,0.9999998999999999,45,1,0.10281143400000001,8500.0,2,1,0,0,4.0
80807,0,0.248923507,56,0,0.28478239699999996,10270.0,15,0,2,0,0.0
80809,1,0.9236921029999999,39,4,0.38160541200000003,5468.0,8,0,1,0,3.0
80810,0,0.047661370999999994,73,0,0.007664112,3000.0,4,0,0,0,0.0
80812,0,0.9999998999999999,29,0,0.08888048400000001,5287.0,2,0,0,0,0.0
80813,0,0.12028872199999999,47,1,2072.5,1.0,18,0,2,0,3.0
80814,0,0.566811953,43,0,0.42801269299999994,13550.0,15,0,2,0,4.0
80816,0,0.11769905800000001,51,0,1.517284465,2400.0,13,0,2,0,2.0
80817,0,0.909636146,35,1,0.205276175,2425.0,5,0,0,0,2.0
80818,0,0.13033339300000002,36,0,2133.0,,8,0,2,0,0.0
80819,0,0.029132908,51,0,0.171971355,10053.0,12,0,2,0,0.0
80820,0,0.69132427,43,0,0.327069172,2500.0,4,0,0,0,0.0
80821,0,0.251171543,40,2,0.539981185,2125.0,7,0,1,0,2.0
80824,0,0.063407666,44,0,433.0,,3,0,0,0,0.0
80825,0,0.9999998999999999,26,0,0.018044379,4100.0,1,0,0,0,1.0
80826,0,0.9999998999999999,50,2,0.116561845,2384.0,1,0,0,0,0.0
80827,0,0.20040521,60,0,2182.0,,8,0,2,0,1.0
80828,0,0.037874666,62,0,0.18686343800000002,4810.0,10,0,0,0,1.0
80829,0,0.60801076,57,1,0.9636727209999999,6000.0,11,0,1,0,1.0
80831,0,0.461035026,46,0,0.055490752000000004,6000.0,3,0,0,0,3.0
80832,0,0.098305172,58,0,0.19532897800000001,19438.0,7,0,3,0,1.0
80833,0,0.020659988,66,0,0.474613687,7700.0,12,0,2,0,1.0
80838,0,0.0,64,0,0.218415418,1400.0,3,0,0,0,0.0
80839,0,0.124875014,26,1,1.293877551,734.0,4,0,0,0,0.0
80840,0,0.9999998999999999,53,0,11.0,,1,2,0,0,
80841,0,0.01434748,54,0,0.286212046,8035.0,8,0,1,0,2.0
80843,0,0.001299347,50,0,0.159760027,9000.0,14,0,1,0,0.0
80844,0,0.010979543999999999,56,0,0.0032377870000000002,10500.0,10,0,0,0,0.0
80845,0,0.029645649,66,0,0.008125055,11322.0,8,0,0,0,0.0
80847,0,0.03776342,48,0,0.513497301,5000.0,12,0,1,0,2.0
80848,0,0.034252807,69,0,0.20886075899999998,2843.0,13,0,1,0,0.0
80849,0,0.061529758,52,0,2733.0,,6,0,3,0,0.0
80850,0,0.064343619,74,0,0.21935086899999998,6500.0,5,0,1,0,0.0
80851,0,0.012563203,49,0,0.621071877,8750.0,9,0,2,0,3.0
80852,0,0.032407777,43,0,2789.0,,14,0,2,0,0.0
80853,0,0.050453776,32,0,0.19118982699999998,2201.0,4,0,0,0,0.0
80854,0,0.9999998999999999,31,0,0.156196581,4679.0,1,0,0,0,2.0
80855,0,0.054485997,69,1,0.322471435,7088.0,15,0,1,0,1.0
80856,0,0.00663576,74,0,0.00137836,1450.0,2,0,0,0,0.0
80858,0,0.92335888,30,1,726.0,,7,0,0,0,0.0
80859,0,0.73860326,40,0,0.268609348,3465.0,8,0,1,0,0.0
80860,0,0.9999998999999999,28,0,0.0,1981.0,1,0,0,0,0.0
80861,0,0.124600806,75,0,0.401439424,2500.0,9,0,2,0,0.0
80862,0,0.19339440100000002,64,0,1868.0,,4,0,1,0,0.0
80863,0,0.0,36,1,0.53852419,6138.0,9,0,1,0,2.0
80864,0,0.080412615,54,0,0.27639616100000003,4583.0,8,0,1,0,0.0
80865,0,0.031754118,75,0,0.021730985,2668.0,3,0,0,0,0.0
80867,0,0.957183764,48,0,0.547347371,8500.0,7,0,2,0,3.0
80868,0,0.044865919000000004,63,0,0.11966871,15333.0,4,0,1,0,0.0
80870,0,0.158158388,78,0,1620.0,,9,0,2,0,0.0
80875,0,0.010579885,50,0,0.34211168,4100.0,5,0,2,0,2.0
80876,0,0.05198664099999999,71,0,0.238244024,6400.0,11,0,1,0,1.0
80877,0,0.003147466,67,0,0.271922499,5986.0,12,0,3,0,0.0
80878,0,0.9999998999999999,29,0,0.120722799,2600.0,1,1,0,0,0.0
80880,0,0.0,32,0,0.39307486,4100.0,9,0,2,0,2.0
80882,0,0.160373686,45,0,0.229026332,11430.0,9,0,2,0,3.0
80883,0,0.016326086,38,0,0.086889754,28000.0,7,0,1,0,2.0
80885,0,0.204679532,86,0,70.0,,1,0,0,0,0.0
80886,0,0.04822358400000001,54,0,0.24505099,10001.0,13,0,1,0,0.0
80887,0,0.04804718400000001,58,0,0.00379962,10000.0,8,0,0,0,2.0
80888,1,0.9999998999999999,27,0,0.662674651,500.0,1,0,0,1,0.0
80889,0,0.9227181879999999,23,0,0.081836327,500.0,2,0,0,0,0.0
80890,0,0.323267252,51,0,0.102257308,8106.0,4,0,0,0,2.0
80892,1,0.0,30,0,0.198476916,2100.0,3,0,0,0,0.0
80893,0,0.195689513,45,0,0.616860308,3700.0,8,0,1,0,2.0
80896,0,0.088552916,25,0,32.0,,5,0,0,0,0.0
80897,0,0.008987806,74,0,0.415146213,4000.0,27,0,2,0,0.0
80898,0,0.688523575,57,1,1114.0,,12,0,0,0,0.0
80900,0,0.307629943,36,0,0.31691459,10150.0,6,0,1,0,3.0
80901,0,0.140773285,48,0,0.204126187,9160.0,15,0,2,0,4.0
80902,0,0.536658645,43,0,0.41905281299999997,11000.0,15,0,2,0,1.0
80903,0,0.04130335,49,0,0.189342404,9701.0,7,0,1,0,3.0
80905,0,0.40427998600000004,58,0,0.40531264,6700.0,9,0,2,1,1.0
80906,0,0.009612809,64,0,2763.0,,13,0,2,0,0.0
80908,0,0.0,37,0,0.175584748,3120.0,5,0,0,0,0.0
80909,0,0.049999445,39,0,1593.0,,13,0,1,0,0.0
80910,0,0.35646343399999997,58,0,0.495550445,10000.0,15,0,2,0,0.0
80912,0,0.0,62,0,0.372214941,4577.0,11,0,2,0,1.0
80916,0,0.8111630190000001,31,0,0.13284538,10929.0,6,0,1,0,4.0
80917,0,0.022827776,64,0,0.010189506,10500.0,9,0,1,0,0.0
80918,0,0.064293571,25,0,19.0,,2,0,0,0,0.0
80921,0,0.232180637,42,0,0.33041534699999997,5368.0,16,0,1,0,1.0
80922,0,0.0,47,0,0.669195153,10150.0,12,0,4,0,2.0
80923,0,0.0620721,48,1,0.514868199,7700.0,9,0,2,0,3.0
80925,1,0.9999998999999999,43,1,665.0,,2,1,0,1,1.0
80926,0,0.996789285,45,0,0.338043188,3750.0,4,0,2,0,0.0
80927,0,0.000646677,77,0,379.0,,15,0,0,0,0.0
80928,0,0.164894504,54,3,0.119991667,14400.0,9,1,2,0,0.0
80932,0,0.169991053,37,0,2175.0,,4,0,1,0,0.0
80933,0,0.093608184,55,0,0.567267985,4600.0,11,0,1,0,1.0
80934,0,0.064302049,46,0,0.26057394300000003,10000.0,8,0,2,0,2.0
80935,0,0.003076805,53,0,0.10234148900000001,3800.0,8,0,1,0,0.0
80937,0,0.32975896600000004,57,0,0.32924586100000003,11416.0,19,0,2,0,0.0
80938,0,0.360571556,53,0,0.546388038,5550.0,17,0,1,0,0.0
80939,0,0.087212767,48,1,0.007306287,5200.0,8,0,0,0,1.0
80940,0,0.043689245,63,0,7449.0,,11,0,5,0,1.0
80941,0,0.20012058,67,0,0.075723237,7500.0,9,0,0,0,0.0
80942,0,0.8927830379999999,43,0,0.555760709,10831.0,15,0,1,0,2.0
80945,0,0.36393414399999996,53,0,0.166766647,3333.0,6,0,0,0,1.0
80946,0,0.02552982,61,0,0.312137572,5000.0,6,0,2,0,0.0
80947,0,0.310186436,46,0,0.47306397299999997,1781.0,6,0,0,0,0.0
80948,0,0.183902642,51,0,0.548389032,16666.0,11,0,4,0,4.0
80950,0,0.0,87,0,0.0,,4,0,0,0,
80951,0,0.044502901,47,0,0.005241536,7058.0,4,0,0,2,1.0
80954,0,0.040369583,47,0,0.006701978000000001,9250.0,5,0,0,0,2.0
80955,0,0.0,76,0,0.0,7168.0,5,0,0,0,0.0
80956,0,0.271863817,47,0,0.072331667,3400.0,3,0,0,0,0.0
80960,0,1.001034126,58,1,0.224329692,10069.0,5,0,1,0,1.0
80961,0,0.0,31,0,0.8569826140000001,5348.0,7,0,2,0,2.0
80962,0,0.002494662,79,0,0.004798081,2500.0,7,0,0,0,0.0
80963,0,0.488408678,44,0,0.769914454,9000.0,19,0,1,0,2.0
80964,0,0.9999998999999999,95,0,460.0,,1,0,0,0,0.0
80966,0,0.125241162,37,0,2344.0,0.0,12,0,1,0,0.0
80967,0,0.858653507,63,0,0.32260184,4565.0,12,0,0,0,0.0
80969,0,0.0,60,0,0.0,3500.0,2,0,0,0,1.0
80970,0,0.22618252,55,0,3837.0,,11,0,3,0,0.0
80971,1,1.159908624,30,2,0.108519752,2100.0,7,0,0,0,0.0
80972,0,0.305534723,61,0,1458.0,,9,0,0,0,0.0
80974,0,0.0,46,0,0.273221461,4230.0,4,0,1,0,2.0
80975,0,0.29722631899999996,44,0,0.033685651000000004,13150.0,7,0,0,0,1.0
80976,0,0.7995400640000001,55,0,0.511433099,13250.0,9,0,3,0,0.0
80977,0,0.814226925,28,1,0.22544363899999997,4000.0,10,1,0,0,0.0
80978,0,0.8218453579999999,50,0,0.232727273,5499.0,8,0,0,0,0.0
80979,0,0.177974575,28,0,0.225387306,2000.0,4,0,0,0,0.0
80980,0,0.068356585,80,0,72.0,,16,0,0,0,0.0
80981,0,0.27241939,61,1,0.16554180699999999,5333.0,7,0,0,0,0.0
80982,0,0.041247078,35,0,2.021319121,1500.0,14,0,1,0,3.0
80983,0,0.139612399,57,1,0.055358307,13800.0,10,0,0,0,0.0
80984,0,0.277453758,55,1,0.26261887300000003,4100.0,10,0,2,0,1.0
80985,0,0.876424715,43,0,0.16536071300000002,3700.0,2,0,0,0,0.0
80986,0,0.0,27,0,0.0,3366.0,3,0,0,0,0.0
80987,0,0.38787641100000003,65,0,0.588189386,7687.0,12,0,2,0,0.0
80988,1,0.236067721,72,0,0.383360766,13365.0,10,0,3,0,0.0
80989,0,0.002057025,61,0,0.00017140900000000003,5833.0,3,0,0,0,2.0
80990,1,0.452636391,66,0,0.536865784,4000.0,8,1,1,0,0.0
80991,0,0.959200666,29,0,152.0,,5,0,0,0,0.0
80992,0,0.021417803,48,0,0.10728149599999999,8500.0,15,0,0,0,1.0
80993,0,0.721920991,57,0,2403.0,,4,0,1,0,0.0
80994,0,0.9999998999999999,39,0,0.0,4600.0,0,0,0,0,3.0
80995,0,0.56651242,71,0,3673.0,,10,0,2,0,0.0
80997,0,0.050147493,63,0,0.300708562,15100.0,7,0,2,0,0.0
80998,0,0.693040453,66,0,0.419081362,7902.0,13,0,3,0,0.0
80999,0,0.162856774,41,0,0.07130613599999999,5833.0,6,0,0,0,0.0
81000,0,0.26012064100000004,39,2,0.34424778799999994,5649.0,12,0,1,0,3.0
81001,0,0.11075190800000001,48,1,0.449061215,9000.0,15,0,3,0,2.0
81003,0,0.093162735,33,0,0.436013249,3320.0,7,0,1,0,0.0
81007,0,0.011223345,42,0,0.081639454,3000.0,4,0,0,0,0.0
81008,0,0.0,29,0,0.0,0.0,2,0,0,0,0.0
81009,0,0.550800674,56,0,0.350182746,14500.0,9,0,1,0,0.0
81012,0,0.07862055400000001,76,0,0.137592789,3771.0,6,0,0,0,0.0
81013,0,0.002372801,61,0,0.588650138,9074.0,14,0,2,0,0.0
81014,0,0.07263997900000001,38,0,0.293981927,5200.0,8,0,1,0,0.0
81015,0,0.012719908,68,0,0.371451419,2500.0,8,0,0,0,0.0
81016,0,0.97360176,56,2,0.442854342,5100.0,5,1,1,0,0.0
81018,0,0.026714576,34,0,153.0,,2,0,0,0,0.0
81022,0,0.077440208,41,0,1.317623536,3500.0,14,0,3,1,0.0
81023,0,0.26120851300000003,53,0,0.43646682600000003,22200.0,15,0,2,0,0.0
81024,0,0.038557688,63,0,1773.0,,7,0,2,0,3.0
81025,0,0.074210997,58,0,0.536526367,6200.0,12,0,2,0,0.0
81026,0,0.216731793,50,0,0.264824892,7166.0,9,0,3,0,3.0
81027,0,0.046631310999999995,72,1,0.8907486990000001,4420.0,11,0,2,0,0.0
81030,0,0.154312004,35,0,0.205042747,6900.0,4,0,1,0,1.0
81031,0,0.142731105,41,0,0.09054163300000001,6184.0,6,0,0,0,2.0
81032,0,0.745162742,71,1,0.4053449,7146.0,7,0,2,0,1.0
81033,0,0.082702471,53,0,0.084676037,5833.0,9,0,0,0,3.0
81037,0,0.510506491,61,0,0.318173021,5166.0,15,0,1,0,1.0
81039,0,0.080596389,35,0,0.19430095,6000.0,6,0,0,0,0.0
81040,0,0.9999998999999999,42,0,0.356657337,2500.0,5,0,0,0,0.0
81043,0,0.379359144,52,0,0.281665703,15560.0,13,0,1,0,1.0
81045,0,0.027979092999999997,58,1,3560.0,,10,0,1,0,0.0
81046,0,0.9999998999999999,39,0,613.0,,2,0,0,0,0.0
81047,1,0.138316745,49,1,0.625694187,2700.0,14,0,2,0,0.0
81048,0,0.054875125999999996,72,0,139.0,,12,0,0,0,
81049,0,0.13720546,38,0,0.011291461000000001,4250.0,6,0,0,0,0.0
81050,0,0.806195819,53,0,0.53021148,8605.0,14,0,2,0,1.0
81051,0,0.042060834000000005,65,0,0.3158025,8080.0,13,0,2,0,0.0
81053,0,0.00603165,50,0,1062.0,,5,0,0,0,0.0
81054,0,0.17279961,59,0,4686.0,,6,0,3,0,2.0
81056,0,0.40216838299999996,39,0,0.404118404,3107.0,6,0,0,0,1.0
81057,0,0.040365321,60,0,1071.0,,5,0,1,0,0.0
81058,1,0.9999998999999999,44,0,0.0,6500.0,0,8,0,0,1.0
81059,0,0.0,33,0,0.549556036,4166.0,7,0,2,0,0.0
81060,0,0.00369963,63,0,0.002329795,3862.0,5,0,0,0,0.0
81063,0,0.065825929,61,0,2.771228771,1000.0,6,0,1,0,0.0
81064,0,0.518556451,36,0,0.307732092,3866.0,7,0,0,0,0.0
81068,0,0.808932875,59,3,0.288961039,14783.0,6,0,1,0,0.0
81072,0,0.9999998999999999,43,1,0.900915903,1200.0,2,1,1,0,0.0
81073,0,0.761284774,51,0,0.11953458800000001,11000.0,5,0,1,0,2.0
81075,0,0.011662779,27,0,0.06232687,4331.0,3,0,0,0,0.0
81076,0,0.402051815,53,1,0.350331788,11000.0,14,0,2,0,1.0
81077,0,0.050248744000000005,60,0,0.21960865899999998,14411.0,7,0,2,0,1.0
81078,0,0.716294329,34,0,0.189787758,3250.0,6,0,0,0,0.0
81079,1,1.289421158,22,1,529.0,0.0,3,1,0,1,0.0
81081,0,0.0,65,1,0.5059362629999999,4800.0,12,0,1,0,0.0
81084,0,0.15961651400000001,62,0,596.0,,9,0,0,0,0.0
81086,0,0.9368751790000001,64,0,0.687968583,2800.0,10,0,0,0,0.0
81087,0,0.158728845,40,0,0.313364674,7444.0,15,0,1,0,0.0
81088,0,0.062746793,69,0,0.11563876699999999,6355.0,11,0,1,0,0.0
81089,0,0.10158764,59,0,0.581391334,5792.0,10,0,2,0,0.0
81090,0,0.04215993,58,0,0.005415914,7200.0,2,0,0,0,2.0
81091,0,0.0038736029999999998,71,0,0.216701903,945.0,6,0,1,0,0.0
81092,0,0.534482122,67,0,0.14995947,3700.0,4,0,0,0,0.0
81094,0,1.00704072,44,0,0.661267746,5000.0,10,0,2,1,4.0
81095,0,0.0019090329999999999,74,0,166.0,,5,0,0,0,0.0
81096,0,0.0,52,0,0.042501221,2046.0,6,0,0,0,2.0
81099,0,0.010879681,72,1,0.42579221799999994,9971.0,14,0,2,2,0.0
81100,0,0.23552417399999998,63,0,0.299534961,12041.0,18,0,2,0,0.0
81101,0,0.00323375,43,0,0.13990066199999998,6039.0,8,0,1,0,0.0
81103,0,0.049254987,59,0,439.0,,5,0,1,0,0.0
81105,0,0.133866134,58,0,0.000888691,4500.0,3,0,0,0,0.0
81106,0,0.9999998999999999,79,0,0.0,,1,0,0,0,
81107,0,0.0,32,1,510.0,0.0,9,0,0,0,0.0
81108,0,0.557267805,55,0,0.29792551899999997,4000.0,12,0,0,0,0.0
81109,0,0.0018561860000000001,82,0,0.001171156,5976.0,16,0,0,0,0.0
81110,0,0.974075274,81,0,0.703217744,3200.0,7,0,1,0,1.0
81111,0,0.0,79,0,0.0,,4,0,0,0,
81112,0,0.46171281299999994,53,0,0.263522174,3900.0,6,0,1,0,0.0
81113,0,0.282838555,34,0,0.34181067299999995,9200.0,11,0,1,0,4.0
81114,0,0.035966622999999996,59,0,2054.0,,13,0,3,0,0.0
81116,0,0.428638091,54,0,2536.0,,5,0,1,0,0.0
81117,0,0.310567673,26,0,0.11819318,5600.0,9,0,0,0,0.0
81118,0,0.092005893,65,0,0.404120944,12666.0,15,0,1,0,0.0
81119,0,0.05159358,62,0,0.364838481,11267.0,14,0,3,0,0.0
81121,0,0.697600302,62,0,0.41541944399999997,7950.0,10,0,2,0,0.0
81122,0,0.315478075,63,0,0.3703125,3839.0,5,0,1,0,0.0
81123,0,0.110973325,30,0,0.041986005,3000.0,11,0,0,0,0.0
81124,0,0.213621927,57,0,2054.0,,8,0,2,0,0.0
81125,0,0.318983211,39,0,0.8436911490000001,7964.0,12,0,2,0,0.0
81126,0,0.083881227,35,0,0.29033596,2410.0,11,0,0,0,1.0
81127,0,0.9999998999999999,24,0,60.0,,0,0,0,0,
81128,0,0.008003581999999999,45,0,0.079723792,4778.0,4,0,1,0,2.0
81130,0,0.14736961699999998,28,0,0.325053014,3300.0,5,1,0,0,0.0
81131,0,0.063926941,57,0,0.013496626000000001,4000.0,7,0,0,0,0.0
81134,1,0.930243501,41,4,0.325164939,6365.0,6,0,1,1,2.0
81135,0,0.0,79,0,0.0,0.0,1,0,0,0,0.0
81138,0,0.44955785600000003,63,0,0.638316807,7865.0,17,0,2,0,2.0
81140,0,0.0,54,0,0.09507619699999999,25000.0,9,0,2,0,0.0
81145,0,0.797137182,30,0,0.13234200699999998,5379.0,5,0,0,0,1.0
81148,0,0.262035494,45,0,1.162335677,6541.0,14,0,3,0,0.0
81149,1,1.04450121,39,5,0.139683421,3600.0,4,3,0,0,2.0
81151,0,0.0,23,0,0.0,1666.0,2,0,0,0,0.0
81152,1,0.9999998999999999,49,0,0.012473523,4248.0,2,4,0,0,1.0
81153,0,0.008253289,43,0,0.47868274,3400.0,8,0,1,0,0.0
81155,0,0.0061610269999999995,51,0,0.36601531299999995,8750.0,9,0,1,0,2.0
81156,0,0.480532467,25,0,2.600997506,400.0,8,0,0,0,0.0
81157,0,0.012661006,65,0,0.174239177,4665.0,15,0,0,0,1.0
81158,0,0.539101498,48,0,0.167387625,5316.0,8,0,2,0,1.0
81159,0,0.9999998999999999,25,0,0.24367510000000003,1501.0,1,0,0,1,0.0
81161,0,0.992234869,47,4,0.17596236899999998,10416.0,4,0,2,1,4.0
81162,1,1.2531584059999998,35,1,0.05711786,8000.0,2,1,0,0,0.0
81164,0,0.067413858,58,0,0.087549228,3300.0,6,0,0,0,0.0
81165,0,0.013749313,71,0,50.0,,3,0,0,0,0.0
81166,0,0.46617656399999996,62,0,0.347741685,7726.0,9,0,2,0,0.0
81167,0,0.05396654099999999,46,0,2533.0,0.0,4,0,2,0,3.0
81168,0,0.9999998999999999,48,2,0.693378119,2083.0,3,0,1,0,1.0
81169,0,0.008661524,75,0,16.0,,5,0,0,0,0.0
81170,0,0.0016566089999999999,34,0,0.285961872,7500.0,8,0,2,0,1.0
81175,0,0.014489621999999999,59,0,0.0005483780000000001,62000.0,8,0,0,0,0.0
81176,0,0.11441821699999999,68,0,0.230453668,8287.0,11,0,2,0,0.0
81177,0,0.25850966,69,0,1990.0,,5,0,2,0,2.0
81178,0,0.6982063620000001,32,0,0.467062729,5722.0,14,0,2,0,2.0
81179,0,0.159727492,68,0,0.053013393,5375.0,7,0,0,0,0.0
81180,0,0.217564337,33,0,0.190421536,9583.0,16,0,0,0,0.0
81181,0,0.022605376,78,0,0.12491781699999999,1520.0,9,0,0,0,0.0
81182,0,0.432926708,48,0,0.41200742700000004,4846.0,9,0,2,0,2.0
81183,0,0.00024389599999999998,68,0,30.0,,6,0,0,0,0.0
81185,0,0.090041741,71,1,0.6431784110000001,2000.0,8,0,1,0,0.0
81187,0,0.103016064,60,0,0.329740052,16233.0,26,0,8,0,1.0
81188,0,0.0009363230000000001,67,0,0.181932533,8744.0,11,0,1,0,1.0
81189,0,0.0,60,0,332.0,,3,0,0,0,3.0
81191,0,0.0,52,0,0.370973713,2700.0,5,0,1,0,1.0
81193,0,0.833730121,31,0,0.134573085,5000.0,4,0,0,0,0.0
81194,0,0.01816098,67,0,0.237521515,12200.0,12,0,2,0,1.0
81195,0,0.379124175,56,0,0.01599543,3500.0,1,0,0,0,0.0
81196,0,0.0,77,0,2006.0,,8,0,1,0,0.0
81198,0,0.03776885,36,0,0.363805738,8050.0,14,0,1,0,2.0
81199,0,0.460687447,46,0,0.5281318220000001,14200.0,9,0,3,0,3.0
81203,0,0.031686797,70,1,1018.0,,11,0,2,0,0.0
81204,0,0.149428286,44,0,0.32653536899999996,8580.0,10,0,1,0,1.0
81205,0,0.462522008,79,0,1356.0,,7,0,1,0,0.0
81206,0,0.988390842,40,0,746.0,,4,0,0,0,0.0
81207,0,0.771166427,58,0,0.37619164,45000.0,22,0,6,0,1.0
81210,0,0.404436788,46,0,0.347904115,7800.0,15,0,2,0,0.0
81213,0,0.242298837,54,0,3480.0,,12,0,2,0,0.0
81214,0,0.002103091,53,0,0.187850326,6600.0,6,0,1,0,0.0
81215,0,0.403309204,25,2,0.156515319,2708.0,6,0,0,0,1.0
81216,0,0.146364569,44,0,0.033193361,5000.0,3,0,0,0,1.0
81217,0,0.411952935,67,0,2963.0,0.0,6,0,2,0,0.0
81218,0,0.026290642000000003,72,0,1274.0,,14,0,1,0,0.0
81220,0,0.062436646,59,0,0.450431034,2783.0,7,0,0,0,0.0
81222,0,0.011774706000000001,56,0,0.0040518640000000005,3701.0,5,0,0,0,0.0
81223,1,1.4698576190000001,28,0,0.206500077,6522.0,4,4,0,0,2.0
81225,0,0.0,77,0,0.0,,2,0,0,0,0.0
81226,0,1.023286666,50,3,0.294541092,5000.0,15,0,0,2,0.0
81228,0,0.641378845,66,0,1.221329046,1865.0,17,0,2,0,0.0
81229,0,0.520271854,53,0,3317.0,,5,0,2,0,0.0
81230,0,0.238409645,29,1,0.697288323,1806.0,7,0,1,0,1.0
81233,0,0.004531171,52,1,0.52195029,10500.0,10,0,1,0,0.0
81234,0,0.816565746,41,2,0.40434333,2900.0,10,0,0,0,2.0
81235,0,0.0,33,0,2684.0,,5,0,2,0,0.0
81236,1,0.5154985910000001,68,4,0.056314562,3000.0,5,0,0,0,0.0
81238,0,0.868955032,34,4,0.7575350359999999,5208.0,11,0,2,0,0.0
81239,0,0.07475701,66,0,0.635653236,4094.0,9,0,3,0,0.0
81241,0,0.034731017999999995,59,0,0.475238317,4300.0,7,0,1,0,0.0
81242,0,0.36725392799999995,39,1,0.34038522299999996,3166.0,9,0,1,0,2.0
81243,1,0.717712915,59,1,0.657590939,4590.0,9,0,1,0,1.0
81244,0,1.067986403,39,2,0.367126575,5000.0,9,2,0,0,2.0
81246,0,0.016662964,42,0,0.000666445,3000.0,1,0,0,0,0.0
81247,0,0.01010527,82,0,0.017167382,2795.0,9,0,0,0,0.0
81248,0,0.0,46,0,0.485337972,8047.0,11,0,1,0,0.0
81249,0,0.40286831799999995,23,0,0.010200227,2646.0,2,0,0,0,2.0
81250,0,0.276641145,58,0,0.291114058,4523.0,3,0,1,0,0.0
81251,0,0.014132393,56,0,0.165657036,8583.0,10,0,1,0,0.0
81252,0,0.135728543,25,0,0.099363829,3300.0,5,0,0,0,0.0
81254,0,0.28134373100000004,23,0,0.037539432000000005,3169.0,3,0,0,0,0.0
81256,0,0.23103673100000002,28,1,0.080891911,10000.0,8,0,0,0,0.0
81258,0,0.508357054,34,0,0.130690948,5600.0,7,0,0,0,0.0
81260,0,0.9877886909999999,45,4,0.176627416,4500.0,5,3,0,2,4.0
81261,0,0.9529566840000001,48,0,0.367271037,8603.0,6,0,3,0,3.0
81262,0,0.039079218,61,0,1857.0,,5,0,1,0,0.0
81264,0,0.028377611,47,0,0.247250393,7000.0,9,0,1,0,3.0
81265,0,0.9999998999999999,29,0,200.0,,1,0,0,0,0.0
81268,0,0.005589490999999999,64,0,0.075440829,5500.0,6,0,1,0,1.0
81272,0,0.496532684,49,0,0.5958904110000001,5401.0,13,0,1,0,0.0
81273,0,0.08875645,55,0,0.33151581199999997,4584.0,7,0,2,0,1.0
81275,0,0.008539369,81,0,0.277808754,7173.0,20,0,2,1,0.0
81276,0,0.82168331,46,1,1292.0,,6,0,1,0,0.0
81277,0,0.409105864,34,0,0.43111390299999997,4775.0,17,0,0,0,0.0
81278,0,0.20695824399999999,74,0,0.068357999,2837.0,6,0,0,0,0.0
81279,0,0.024901332,61,0,1728.0,,13,0,1,0,1.0
81281,0,0.9667557609999999,63,0,4753.0,,10,0,2,0,3.0
81282,0,0.00033644199999999995,34,0,0.159802972,12383.0,7,0,1,0,2.0
81284,0,0.9999998999999999,58,0,460.0,,2,0,0,0,4.0
81285,0,0.6380241320000001,48,1,0.285627051,13100.0,7,0,3,0,1.0
81288,0,0.323284959,61,0,0.5107846779999999,5377.0,19,0,2,0,0.0
81290,0,0.199727452,46,0,0.35329716200000005,9583.0,9,0,2,0,2.0
81291,0,0.48500345799999994,35,2,0.792488517,3700.0,14,0,2,0,2.0
81292,0,0.150725374,32,0,0.5135241079999999,2550.0,15,0,1,0,0.0
81293,0,0.00048779300000000004,47,0,0.067075137,3100.0,10,0,0,0,2.0
81294,0,0.001886321,58,0,0.219972155,7900.0,23,1,2,0,0.0
81296,0,0.135757285,64,0,0.091323334,15800.0,8,0,1,0,0.0
81299,0,0.016627621000000002,33,0,1.0,4000.0,7,0,3,0,0.0
81300,0,0.064297075,62,4,0.278544291,5000.0,11,0,1,0,0.0
81301,0,0.158851634,70,0,0.48597570100000004,6666.0,21,0,1,0,0.0
81302,0,0.07080923,81,0,0.405259474,10000.0,14,0,3,0,1.0
81303,0,0.0,48,0,0.356382181,6666.0,6,0,2,0,1.0
81304,0,0.02609297,48,0,0.26526291,8500.0,8,0,2,0,1.0
81308,0,0.807349946,47,0,2857.0,,12,0,2,0,0.0
81309,0,0.028316077999999998,74,1,72.0,,4,0,0,0,0.0
81311,0,2.188581142,47,4,0.41457787100000004,9534.0,9,0,1,0,1.0
81312,0,0.399074949,50,1,0.42885092,7666.0,12,0,2,0,2.0
81313,0,0.06374271299999999,37,0,0.51354131,2916.0,4,0,1,0,1.0
81314,0,0.025688917000000002,38,0,0.878299623,2916.0,7,0,1,0,0.0
81316,0,0.044214024000000005,59,0,0.5697093129999999,5400.0,8,0,3,0,0.0
81318,0,0.038325912000000004,60,0,844.0,,5,0,1,0,1.0
81319,0,0.00970585,52,0,0.285951022,5430.0,9,0,1,0,0.0
81321,0,0.9999998999999999,22,0,0.0,820.0,1,0,0,0,0.0
81323,0,0.019234641,72,0,0.165268998,7750.0,11,0,1,0,1.0
81324,0,1.00239984,35,0,0.73519401,4406.0,6,0,2,0,0.0
81327,0,0.9999998999999999,92,0,0.056833559000000006,6650.0,2,0,0,0,0.0
81330,0,0.026914597999999998,44,0,4.30956848,532.0,9,0,1,0,0.0
81331,0,0.470932753,66,0,0.81934629,4527.0,20,0,1,0,0.0
81332,0,0.091810685,54,0,0.329445092,6000.0,12,0,1,0,0.0
81333,0,0.69030969,35,0,0.013544018,3100.0,4,0,0,0,0.0
81334,0,0.0,40,0,0.45535714299999996,3583.0,7,0,2,0,1.0
81336,0,0.322153244,56,0,0.627274545,5000.0,5,0,2,0,0.0
81337,0,0.138974199,49,0,0.9469312409999999,2166.0,14,0,2,0,2.0
81338,1,0.791695743,60,1,0.047995483,7083.0,3,0,0,0,0.0
81340,0,0.113918196,70,0,0.361475228,4500.0,11,0,1,0,0.0
81345,0,0.003114197,77,0,0.002101392,15227.0,6,0,0,0,1.0
81348,0,0.744896551,47,0,0.532260584,6400.0,10,0,1,0,2.0
81350,0,1.1464226290000001,21,0,0.011514105,1736.0,1,0,0,0,0.0
81351,0,0.055512455999999995,46,0,0.412543554,2869.0,8,0,1,0,2.0
81352,0,0.42217620899999997,40,1,0.843457068,5333.0,9,0,3,0,1.0
81354,0,0.0,56,0,0.436422067,9334.0,6,0,2,0,0.0
81355,0,0.007146254,66,0,0.21947368399999997,3799.0,9,0,1,0,1.0
81356,0,0.222994938,48,1,0.47552061799999995,7250.0,9,0,1,0,2.0
81357,1,1.023932142,36,1,101.0,,1,0,0,0,0.0
81358,0,0.0,38,0,6426.0,,9,0,2,0,0.0
81361,0,0.167366527,29,0,0.006942516,3600.0,2,0,0,0,0.0
81362,0,0.33065730600000004,52,1,2204.0,0.0,23,0,0,0,1.0
81364,0,0.145783993,39,2,0.348405733,9000.0,11,0,1,0,1.0
81365,0,0.19890005,80,0,315.0,,7,0,0,0,0.0
81366,0,0.17020961399999998,29,1,0.17960255,8000.0,4,0,1,1,0.0
81368,0,0.081021848,75,0,281.0,,4,0,0,0,0.0
81369,0,0.0,56,0,0.37450008,6250.0,5,0,1,0,0.0
81370,0,0.005241018,30,0,397.0,,3,0,0,0,0.0
81371,1,0.9999998999999999,25,0,0.154211447,4000.0,3,0,0,0,0.0
81372,0,0.9999998999999999,49,0,0.331328452,3823.0,10,0,1,0,0.0
81377,0,0.510166616,62,0,0.41951626399999997,3596.0,7,0,1,0,0.0
81378,0,0.021703717,63,0,0.32734978800000003,4010.0,6,0,1,0,0.0
81380,0,0.459116375,48,1,0.048999234,9142.0,7,0,0,0,0.0
81381,0,0.013564297,62,0,0.23006416100000002,12000.0,8,0,2,0,2.0
81382,0,0.019487241000000002,56,1,0.181693573,6565.0,12,0,1,0,1.0
81383,0,0.580333626,53,0,0.096993033,5453.0,3,1,0,0,4.0
81385,0,0.0,67,0,0.0,,4,0,0,0,
81387,0,0.002173756,66,0,0.44651782700000003,3000.0,4,0,1,0,0.0
81388,0,0.501158699,53,0,0.439031725,6650.0,11,0,1,0,0.0
81389,0,0.012856783,32,0,940.0,,8,0,1,0,0.0
81390,0,0.0017195539999999999,70,0,240.0,,7,0,0,0,0.0
81392,0,0.279376516,42,0,1.1189016920000001,4078.0,10,0,2,0,0.0
81393,0,0.958200818,64,0,0.307835387,4300.0,9,0,1,1,1.0
81395,0,0.318804164,45,0,0.147606549,8000.0,5,0,0,0,1.0
81396,0,0.119606184,42,0,2252.0,,6,0,2,0,0.0
81398,0,0.24870563199999998,69,0,0.21233074,6941.0,8,0,1,0,0.0
81399,0,0.004299857,61,0,0.331787021,19400.0,12,0,2,0,0.0
81400,0,0.373126041,35,0,0.059077482,4400.0,2,0,0,0,0.0
81401,0,0.015678125,43,0,0.17299308,25000.0,16,0,1,0,3.0
81402,0,0.127785781,33,0,2284.0,,3,0,1,0,0.0
81404,0,0.186584577,51,0,0.05967095,12216.0,6,0,1,0,3.0
81406,0,0.0,51,0,0.24379601899999997,7333.0,14,0,1,0,4.0
81407,0,0.10898443099999999,29,0,0.007094486,3100.0,3,0,0,0,1.0
81408,0,0.023634829,57,0,0.21515599,10833.0,9,0,2,0,0.0
81411,0,0.00719982,76,0,0.16318408,3014.0,5,0,2,0,0.0
81412,0,0.032972317,65,0,0.009086216,9684.0,9,0,0,0,0.0
81413,0,0.641143502,30,0,0.647741475,5600.0,6,0,2,0,0.0
81414,0,0.023950051,42,0,881.0,0.0,6,0,0,0,1.0
81415,1,0.7619375970000001,49,3,0.207368599,5916.0,10,0,2,0,2.0
81416,0,0.767440928,49,1,1.209263259,8333.0,16,0,3,0,2.0
81418,1,0.5039301310000001,30,0,0.17461055600000003,4300.0,4,0,0,0,2.0
81419,0,0.9999998999999999,64,0,7.0,,0,0,0,0,0.0
81423,1,0.434871335,48,0,0.341430499,3704.0,7,0,1,0,1.0
81425,0,0.097084511,39,0,527.0,,8,0,0,0,
81426,0,0.39342510399999997,56,0,0.550575864,3993.0,10,0,2,0,2.0
81427,1,0.9999998999999999,38,0,1950.0,,4,6,1,2,0.0
81428,0,0.056672217999999996,43,0,4197.0,,6,0,2,0,0.0
81429,0,0.055850114000000006,70,0,1386.0,0.0,7,0,1,0,0.0
81431,1,0.8076217990000001,50,2,930.0,,4,1,0,0,0.0
81433,0,0.9999998999999999,59,0,0.025527192,900.0,0,1,0,0,1.0
81435,0,0.9999998999999999,23,0,0.0,,0,0,0,0,0.0
81436,0,0.380340585,36,0,0.257259419,4166.0,4,0,2,0,0.0
81437,0,0.13800119,57,0,3246.0,,9,0,1,0,0.0
81438,0,0.029072649,44,0,0.35852829399999997,5000.0,11,0,1,0,2.0
81439,0,0.077783273,65,0,1838.0,,7,0,2,0,0.0
81440,0,0.5655434460000001,62,0,1269.0,1.0,4,0,1,0,0.0
81441,0,0.012871987,67,0,0.213269027,8500.0,7,0,1,0,0.0
81443,0,0.8918217420000001,63,1,0.761144286,7200.0,31,0,2,0,0.0
81445,0,0.002856042,89,0,0.22417523,3697.0,23,0,1,0,0.0
81448,0,0.484933558,59,2,0.267521134,7333.0,10,0,1,0,1.0
81452,0,0.053655971,36,0,0.512635379,3600.0,4,0,1,0,0.0
81453,0,0.109415825,58,0,0.24037981,2000.0,8,0,0,0,0.0
81454,0,0.08066513,48,0,0.013998445,9000.0,3,0,0,0,3.0
81455,0,0.933729395,39,0,0.09365045699999999,4708.0,9,0,0,0,2.0
81457,0,0.007497917,32,1,0.09428359300000001,4040.0,2,0,0,0,1.0
81458,0,0.010656897,63,0,1391.0,,9,0,2,0,0.0
81459,1,0.9744716309999999,38,0,0.264493362,5950.0,6,0,0,0,0.0
81461,1,0.423628819,42,0,0.446476469,4100.0,7,0,1,0,0.0
81462,0,0.12024857300000001,76,0,689.0,,7,0,0,0,0.0
81463,0,0.023970037000000003,60,0,0.075539568,833.0,7,0,0,0,0.0
81464,0,0.0,28,0,613.0,0.0,3,0,0,0,1.0
81465,0,0.600402152,60,0,0.387661142,2171.0,9,0,0,0,1.0
81468,0,0.090084885,65,0,1057.0,,9,0,1,0,0.0
81469,0,0.007709914,48,0,0.0006497730000000001,1538.0,3,0,0,0,2.0
81470,0,0.627890802,27,1,0.053973013,2000.0,3,0,0,0,0.0
81471,0,0.116322287,47,0,0.331476323,4666.0,6,0,1,0,1.0
81473,0,0.0023225060000000002,50,0,5278.0,,11,0,3,0,2.0
81474,0,0.339016131,54,0,0.26858241899999996,8838.0,9,0,2,0,1.0
81475,0,0.19546823100000002,40,0,0.644367551,2600.0,8,0,1,0,0.0
81477,0,0.022922724,49,0,1016.0,,5,0,2,0,0.0
81479,0,0.093512619,43,0,0.34816319,16250.0,5,0,2,0,0.0
81482,0,0.027864285,47,0,0.254301075,1859.0,2,0,0,0,0.0
81483,0,0.44400757799999996,64,0,0.664905014,7000.0,20,0,2,0,1.0
81486,0,0.140295401,76,0,0.5476274170000001,5689.0,14,0,2,0,0.0
81487,0,0.018460118,65,0,813.0,,4,0,1,0,
81488,0,0.019356445,55,0,4914.0,,8,0,2,0,0.0
81489,0,0.027251934,55,0,1365.0,,8,0,1,0,0.0
81490,0,0.22510181399999998,25,1,0.213809812,1650.0,5,0,0,0,0.0
81492,0,0.07731669999999999,44,0,0.312874942,6500.0,18,0,1,0,2.0
81493,0,0.009043212,72,0,0.084125145,4314.0,17,0,0,0,0.0
81494,0,0.175304116,35,0,0.17534360699999998,2400.0,2,0,0,0,1.0
81496,0,0.9999998999999999,48,0,0.0,2000.0,0,0,0,0,0.0
81497,0,0.030940554,42,2,0.343818581,4100.0,9,0,1,0,0.0
81498,0,0.16299729599999999,63,1,0.212657751,5308.0,8,0,0,0,0.0
81499,0,0.121761403,31,0,0.147350029,3433.0,3,0,0,0,0.0
81500,0,0.40451685299999995,42,0,0.843771747,5747.0,15,0,2,0,0.0
81503,0,0.484351565,49,0,0.533445584,6532.0,7,0,2,0,2.0
81504,0,0.135803494,71,0,0.07753797,1250.0,4,0,0,0,0.0
81505,0,0.047984005,39,1,0.41557075200000004,1900.0,4,0,0,0,0.0
81507,0,0.067029275,31,0,0.027125717,5750.0,5,0,0,0,0.0
81508,1,0.473882724,48,0,0.423192269,3000.0,8,0,0,0,1.0
81510,0,0.0,42,0,0.439217759,9459.0,7,0,2,0,0.0
81511,0,0.869252639,71,0,6.202185792000001,365.0,9,0,1,0,0.0
81512,0,0.9999998999999999,75,0,0.0,4000.0,1,0,0,0,0.0
81513,0,0.113497635,31,0,0.025073066,6500.0,5,0,0,0,1.0
81515,0,0.01399972,61,0,0.16931922300000002,12000.0,9,0,1,0,1.0
81517,0,0.650241484,60,0,0.692355759,4800.0,12,0,1,0,1.0
81522,0,0.9999998999999999,57,0,0.34520462399999996,3200.0,4,0,1,0,0.0
81524,0,0.19912125600000002,54,0,1913.0,,9,0,2,0,0.0
81525,0,0.061387722,63,0,0.19095658399999998,5550.0,7,0,2,0,1.0
81526,0,0.006317859,51,0,0.276740238,5300.0,15,0,1,0,0.0
81527,0,0.783325451,41,7,0.6471433129999999,6265.0,13,0,1,0,2.0
81528,1,0.829628412,49,0,0.6723435759999999,2700.0,18,0,0,0,0.0
81529,0,0.115377719,49,0,0.043162982999999995,5791.0,14,0,0,0,0.0
81530,0,0.16022855800000002,47,0,0.214991077,8404.0,8,0,2,0,2.0
81531,0,0.0,44,1,0.370099761,7116.0,3,0,1,0,2.0
81532,0,0.785541816,57,0,1.2369210259999999,3000.0,5,1,1,0,0.0
81533,1,0.044924262,42,1,1.032312388,9500.0,9,0,6,0,3.0
81534,0,0.138748691,28,0,0.117606124,2873.0,3,0,0,0,0.0
81535,0,0.135328267,65,0,1368.0,,9,0,1,0,0.0
81536,0,0.30649215,42,0,0.6905132190000001,10930.0,13,0,4,0,0.0
81539,0,0.09699832800000001,42,0,0.020997375,8000.0,4,0,0,0,2.0
81540,0,0.0,44,0,0.098951675,3910.0,3,0,0,0,1.0
81542,0,0.023207109,58,0,1450.0,,10,0,1,0,0.0
81543,0,0.022979166000000002,57,0,0.059848593,7000.0,12,0,0,0,1.0
81544,0,1.1007899209999998,42,0,0.119356351,6400.0,2,0,0,0,2.0
81545,0,0.547890422,75,1,742.0,,9,0,1,0,0.0
81546,0,0.01564453,61,0,0.203265578,3000.0,7,0,0,0,0.0
81547,0,0.069591528,33,0,0.51154487,4200.0,7,0,1,0,0.0
81549,0,0.9999998999999999,51,0,552.0,,1,0,0,0,0.0
81551,0,0.20166578100000002,66,1,0.6744976220000001,10300.0,13,0,7,0,0.0
81552,0,0.259124447,60,0,0.118088191,10000.0,12,0,0,0,1.0
81553,0,0.9999998999999999,43,1,0.094381124,5000.0,2,0,1,0,2.0
81554,0,0.95649323,39,0,7617.0,,13,0,1,0,0.0
81556,0,0.014214528999999998,39,0,0.34317797299999997,6500.0,18,0,1,0,0.0
81557,0,0.878053049,41,0,0.528833552,3051.0,4,0,1,0,2.0
81558,0,0.11619466199999999,52,0,0.46345754,6252.0,6,0,3,0,3.0
81559,0,0.8581010609999999,53,0,0.48968839399999997,13285.0,9,0,3,1,1.0
81560,0,0.7607370809999999,53,0,5264.0,0.0,20,0,2,0,0.0
81561,0,0.9999998999999999,45,0,0.491605009,7027.0,7,0,1,0,0.0
81562,0,0.121280731,59,0,0.25795309899999996,5500.0,7,0,1,0,0.0
81563,0,0.333290472,45,2,0.420089217,6500.0,20,0,1,1,0.0
81564,0,0.86689176,61,0,0.30590492399999997,4690.0,4,0,1,0,0.0
81565,0,0.373362664,52,0,0.376359894,3400.0,3,0,1,0,1.0
81567,0,0.007719691,45,0,0.002776235,1800.0,3,0,0,0,0.0
81568,0,0.00378197,45,0,0.031844929,8666.0,7,0,0,0,1.0
81572,1,0.5021714979999999,59,0,0.49564183799999995,2523.0,3,3,1,2,1.0
81574,0,0.0,32,1,2521.0,,6,0,1,0,
81576,0,8e-05,66,0,0.002635914,3034.0,5,0,0,0,1.0
81577,0,0.038848058,69,0,404.0,,6,0,1,0,
81578,0,0.043481066,46,0,0.562749345,8772.0,12,0,2,0,4.0
81579,0,0.0,31,0,181.0,,2,0,0,0,0.0
81580,0,0.196570639,47,0,0.422005032,10333.0,7,0,1,0,0.0
81581,0,0.025003453999999998,56,0,0.06533700099999999,8723.0,14,0,0,0,2.0
81582,0,0.877296792,35,0,0.206619385,4229.0,3,0,0,1,1.0
81584,0,1.006538304,48,1,0.545267187,6792.0,7,0,1,0,0.0
81585,0,0.679788518,33,1,4498.0,,10,0,2,0,0.0
81586,0,0.020157915,51,0,0.215874925,4988.0,12,0,1,0,0.0
81588,0,0.550362409,62,0,0.734106357,2500.0,6,0,1,0,0.0
81589,1,0.645240878,27,0,0.169216785,6600.0,8,0,2,0,0.0
81590,0,0.211890582,39,0,0.31380575899999996,7083.0,13,0,2,0,3.0
81591,1,0.760447825,45,0,0.396766301,9400.0,19,0,2,0,3.0
81593,0,0.7521595729999999,33,0,0.203908499,6600.0,7,0,0,0,0.0
81594,0,0.034132196000000004,63,0,0.011995202,2500.0,3,0,0,0,0.0
81596,0,0.10892417300000001,42,0,0.056993667000000005,9000.0,5,0,0,0,3.0
81598,0,0.016198362,37,0,0.394060594,10000.0,9,0,1,0,0.0
81599,0,0.015947363,69,0,0.002083695,5758.0,3,0,0,0,0.0
81602,0,0.024155666,51,0,0.35507095200000005,9583.0,11,0,2,0,2.0
81603,0,0.7110321079999999,45,1,1.006996502,2000.0,11,0,2,0,3.0
81604,0,0.9844777690000001,27,1,944.0,,5,0,1,1,0.0
81605,0,0.095513124,33,0,0.9067055390000001,2400.0,9,0,2,0,0.0
81606,0,0.000366124,48,0,0.0,10000.0,7,0,0,0,0.0
81607,0,0.433079636,69,2,1.6979246730000002,1300.0,11,0,3,1,0.0
81609,0,0.594400933,29,0,0.171961033,2360.0,6,0,0,0,0.0
81610,0,0.436503735,53,0,0.157906029,4660.0,4,0,0,0,1.0
81611,0,0.147945253,65,0,3434.0,,11,0,3,0,1.0
81612,0,0.532653822,65,0,3696.0,,11,0,2,0,0.0
81614,0,0.07159642,70,0,2408.0,,2,0,1,0,
81615,0,0.006414771,31,0,1998.0,,16,0,1,0,0.0
81616,1,1.018855796,56,0,3277.0,,8,0,1,0,0.0
81617,0,0.18091934899999998,62,0,0.099980004,5000.0,10,0,0,0,0.0
81618,0,0.198700325,32,0,0.169070267,3258.0,12,0,0,1,1.0
81620,0,0.576001667,29,0,248.0,,4,0,0,0,0.0
81621,0,0.67218469,47,0,0.538637338,7000.0,6,0,1,0,0.0
81624,0,0.132397394,93,1,0.114635504,5390.0,8,0,0,1,1.0
81626,0,0.211930175,65,0,0.370719743,10600.0,15,0,2,0,3.0
81629,0,0.088962728,46,0,4710.0,,9,0,2,0,2.0
81632,0,0.679813777,67,0,0.786053487,4000.0,9,0,2,0,0.0
81633,0,0.011746538,34,0,0.103145264,16500.0,12,0,0,0,2.0
81634,0,0.0,68,0,0.0,3750.0,10,0,0,0,0.0
81636,0,0.032038794,68,0,0.185777778,11249.0,6,0,2,0,0.0
81637,0,0.000136451,56,0,0.13564668800000002,8875.0,12,0,1,0,0.0
81638,0,0.18644984399999998,47,0,0.617897017,6000.0,11,0,2,0,1.0
81639,0,0.24586440199999998,30,0,0.721437423,4034.0,6,0,1,0,5.0
81640,0,0.25770851,45,0,2994.0,,9,0,1,0,3.0
81641,0,0.012674893000000001,72,0,0.00269973,10000.0,5,0,0,0,0.0
81642,0,0.49275406899999996,44,0,0.412735206,7333.0,4,0,2,0,3.0
81644,0,0.018475234,64,0,2367.0,,17,0,1,0,0.0
81646,0,0.0,29,0,0.11099932900000001,2981.0,3,0,0,0,0.0
81647,0,0.524218331,71,0,0.48904949600000003,4565.0,5,0,2,0,0.0
81648,0,0.23334318699999998,31,0,1.08383423,3160.0,15,0,3,0,0.0
81649,0,0.00034999099999999996,49,0,0.408655791,7416.0,15,0,2,0,0.0
81651,0,0.8408798740000001,44,3,1478.0,,4,1,0,1,0.0
81652,0,0.07217457,50,0,3186.0,,8,0,2,0,1.0
81654,0,0.9999998999999999,43,0,0.177489177,8084.0,3,0,1,0,3.0
81656,1,0.484555918,57,0,0.534271806,7600.0,30,0,2,0,0.0
81657,0,1.001807623,56,0,1.1723942059999999,7041.0,5,0,2,0,0.0
81658,1,0.7323538340000001,35,0,0.46092850700000004,7818.0,16,0,2,0,0.0
81660,1,0.965961362,67,1,0.08926366,23480.0,6,0,1,0,0.0
81662,0,0.712891913,59,1,0.390006257,11186.0,14,0,3,0,0.0
81664,0,0.093748253,57,0,0.225006066,16483.0,13,0,2,0,0.0
81665,0,0.815087397,64,0,0.5408034589999999,5550.0,4,0,1,0,1.0
81666,0,0.297639809,27,1,0.221818182,2199.0,7,0,0,0,0.0
81667,0,0.0,34,0,0.070236927,7132.0,3,0,0,0,0.0
81668,0,0.048937694000000004,78,0,0.278226858,3834.0,5,0,1,0,1.0
81670,0,0.237541415,53,0,0.27408608,5552.0,7,0,1,0,1.0
81671,0,0.9257017059999999,29,3,0.362557078,4379.0,8,0,0,1,0.0
81672,0,0.9999998999999999,39,0,0.45270315299999997,15000.0,5,0,2,0,0.0
81673,0,0.32011499600000004,49,0,0.5035349570000001,6364.0,6,0,1,0,3.0
81675,0,0.468028875,62,2,845.0,,7,0,1,0,0.0
81676,0,0.10282943900000001,68,0,0.645018916,1585.0,8,0,0,0,0.0
81678,0,0.052964900999999995,66,0,0.425890217,15557.0,9,0,2,0,0.0
81680,0,0.7475600259999999,51,0,0.301634135,8811.0,14,0,1,0,1.0
81681,0,0.187116433,59,1,1.071928072,1000.0,12,0,1,0,0.0
81682,0,0.0,45,1,1326.0,,4,0,1,0,
81683,0,0.753266718,26,0,0.096611722,4367.0,4,0,0,1,3.0
81684,0,0.612046214,55,0,0.448691561,3400.0,9,0,1,0,0.0
81685,1,0.0,55,0,0.156331122,10400.0,4,1,1,0,2.0
81689,0,0.13740458,41,0,0.580473176,3000.0,9,0,1,0,1.0
81691,0,0.734858899,62,2,0.43565954,9915.0,8,0,2,0,0.0
81692,0,0.0121873,60,0,12.5,1.0,10,0,0,0,2.0
81693,0,0.030213746,49,0,0.43192801200000003,6000.0,3,0,1,0,0.0
81694,0,0.22250366600000002,43,0,0.302568836,6500.0,6,0,3,0,2.0
81695,0,0.036302769,34,0,0.5872825429999999,5000.0,6,0,1,0,0.0
81696,0,0.595361855,53,1,0.045881125999999994,958.0,1,0,0,0,0.0
81698,0,0.308273461,36,0,0.7173026159999999,4166.0,10,0,1,0,0.0
81699,0,0.9999998999999999,34,0,0.307057154,7750.0,4,0,1,0,1.0
81700,0,0.119094045,46,0,0.17772170199999998,2773.0,3,0,1,0,0.0
81701,0,0.148168348,48,0,1910.0,,4,0,1,1,0.0
81704,0,0.0042237740000000005,80,0,1.0,,3,0,0,0,0.0
81705,0,0.497972343,65,0,0.767904012,2666.0,8,0,1,0,0.0
81706,0,0.952377976,46,0,1182.0,,4,0,0,0,0.0
81708,0,0.600056563,49,0,0.362659963,4375.0,4,0,1,0,3.0
81709,0,0.08194537,22,0,0.003225806,929.0,3,0,0,0,0.0
81711,1,0.6949023590000001,38,1,0.382061794,10000.0,8,0,2,0,5.0
81712,0,0.883107089,66,1,0.010964205,3100.0,3,1,0,0,0.0
81713,0,0.646154744,35,1,0.600594514,7400.0,16,0,2,0,0.0
81714,0,0.39816743,38,0,729.0,,8,5,0,0,0.0
81717,0,0.149742513,52,0,0.492662737,7972.0,5,0,4,0,3.0
81719,0,0.741762912,47,0,0.20284381199999998,4500.0,2,0,0,0,0.0
81720,0,0.034281022,40,0,0.330933525,8333.0,7,0,2,0,1.0
81725,0,0.045831805999999996,67,0,0.200799927,11000.0,7,0,2,0,0.0
81726,0,0.022131857999999997,90,0,0.008370895,1552.0,3,0,0,0,0.0
81727,0,0.010363367,77,0,12.0,,3,0,0,0,0.0
81728,0,0.110330471,33,0,0.58782095,4400.0,10,0,2,0,0.0
81729,1,0.614855947,39,0,0.341339541,9450.0,12,0,2,0,2.0
81732,0,0.037729159,76,0,0.016426083,2008.0,12,0,0,0,0.0
81733,0,0.866267465,25,0,0.013780707,1668.0,2,0,0,0,0.0
81734,0,0.947293244,57,3,0.457335503,4300.0,9,0,0,0,1.0
81736,0,0.017822523,56,0,0.410834394,5500.0,13,0,2,0,1.0
81739,0,0.9999998999999999,31,0,0.961738003,3083.0,4,0,3,0,1.0
81741,0,0.10626392400000001,40,0,0.028558052,2135.0,4,0,0,0,0.0
81742,0,0.010228599,69,0,12.0,,4,0,0,0,0.0
81743,0,0.0,54,0,0.27170791699999997,7312.0,9,0,1,0,4.0
81744,0,0.0,55,0,0.327638804,9833.0,8,0,1,0,0.0
81745,0,0.142030346,52,0,0.598436648,5500.0,18,0,3,0,0.0
81747,0,0.470200301,49,2,0.427681146,10750.0,15,0,2,0,2.0
81749,0,0.072868698,62,0,0.21557136899999998,7166.0,13,0,1,0,0.0
81750,0,0.033432219,74,0,0.012189813,4593.0,3,0,0,0,1.0
81752,0,0.081250767,46,0,0.197289491,4500.0,13,0,0,0,1.0
81754,0,0.17507861800000002,58,0,987.0,1.0,24,0,1,0,0.0
81755,0,0.0,42,0,0.242502142,3500.0,15,0,0,0,1.0
81756,0,0.07888012400000001,72,0,1997.0,,2,0,1,0,0.0
81757,0,0.19431320800000002,40,0,1997.0,,5,0,2,0,
81759,0,0.0029998240000000003,40,1,0.377132102,8500.0,7,0,1,0,0.0
81760,0,0.673817505,59,1,0.736974882,9116.0,12,0,4,0,0.0
81761,0,0.429913339,50,0,0.11452463199999999,5500.0,6,0,0,0,0.0
81763,0,0.242094738,45,0,3086.0,,9,0,1,0,0.0
81765,0,0.048924443,76,0,0.002461349,13000.0,3,0,0,0,2.0
81766,1,0.9999998999999999,32,1,0.532056619,1200.0,3,0,0,0,1.0
81768,0,0.007342943,43,0,52.0,,7,0,0,0,0.0
81769,0,0.243658562,51,0,69.0,,5,0,0,0,0.0
81770,0,0.065161277,40,0,0.357571394,8333.0,11,0,2,0,2.0
81771,0,0.543538038,52,1,0.429460581,3855.0,11,0,2,0,0.0
81772,0,0.571872278,54,0,3609.0,,13,0,1,0,1.0
81773,0,0.035611754,74,0,0.004852228,6800.0,5,0,0,0,0.0
81776,0,0.028268432000000003,42,0,0.115731116,10100.0,10,0,0,1,0.0
81777,0,0.931353123,54,0,0.36164255700000003,15000.0,10,0,2,0,3.0
81779,0,0.152307738,60,0,1.044117647,3535.0,8,0,2,0,0.0
81780,0,0.21648409,39,0,1767.0,,12,0,0,0,0.0
81781,0,0.023115921,50,0,1967.0,0.0,7,0,2,0,1.0
81782,0,0.038688905,55,0,0.644687393,11707.0,17,0,4,0,2.0
81783,0,0.021591363,60,0,0.230974336,9000.0,4,0,1,0,1.0
81784,1,0.144885511,58,3,0.632261411,5783.0,12,0,2,0,0.0
81785,0,0.331188351,57,0,0.29021419600000004,16666.0,12,0,2,0,0.0
81786,0,0.06879347200000001,63,0,0.28194361100000004,5000.0,6,0,1,0,1.0
81787,0,0.059868575,78,0,71.0,,4,0,0,0,
81788,0,0.0,72,0,0.221038615,750.0,16,0,1,0,0.0
81791,0,0.0,31,0,0.707675849,3738.0,5,0,1,0,0.0
81792,0,0.0,66,0,2137.0,,3,0,1,0,0.0
81794,0,0.6818878740000001,55,0,0.673330953,2800.0,4,0,1,0,0.0
81795,0,0.057267028,69,0,0.024430872000000003,1800.0,9,0,1,0,0.0
81797,0,0.48752921299999996,46,0,0.115787604,5630.0,10,0,0,0,0.0
81798,0,0.141482315,32,0,0.20493588199999999,8265.0,3,0,1,0,2.0
81800,0,0.017543244,52,0,0.001448825,9662.0,3,0,0,0,4.0
81801,0,0.099057181,77,0,72.0,,3,0,0,0,0.0
81802,0,0.4955009,34,0,3411.0,,4,0,2,0,0.0
81803,0,0.301521842,60,0,0.241298397,12784.0,16,0,1,0,1.0
81804,0,0.416865017,54,2,0.668435625,4333.0,27,0,1,0,0.0
81805,0,0.9999998999999999,41,1,0.43576004700000004,8584.0,12,0,3,0,0.0
81806,0,0.029905842999999998,68,0,0.00325705,11666.0,2,0,0,0,1.0
81807,0,0.01186467,57,0,0.087914485,4583.0,7,0,0,0,0.0
81808,0,0.007700721,85,0,0.003029385,3300.0,7,0,0,0,0.0
81809,0,0.155520125,48,0,0.234047535,8540.0,4,0,1,0,2.0
81810,0,0.061698882999999996,35,0,0.03285831,11016.0,12,0,0,0,2.0
81813,0,0.031777242000000004,48,0,0.021328594,4500.0,19,0,0,0,0.0
81814,0,0.078520943,65,0,5984.0,,12,0,2,0,0.0
81815,0,0.033256787,42,0,2829.0,,18,0,1,0,0.0
81817,0,0.0,43,0,0.17658028399999998,15550.0,7,0,2,0,4.0
81820,1,0.8110354059999999,37,0,0.366663155,9490.0,9,0,2,0,2.0
81822,0,0.9455159540000001,43,0,1170.0,,10,0,0,0,0.0
81825,0,0.034192445,57,0,0.142244696,9096.0,12,0,1,0,0.0
81827,0,0.21166590000000002,38,0,0.184847812,4500.0,7,0,0,0,0.0
81828,0,0.126589168,69,0,2262.0,,13,0,1,0,0.0
81829,0,0.241019184,38,0,0.241939515,4000.0,8,0,0,0,1.0
81830,0,0.070693482,55,0,0.35081564600000004,5700.0,8,0,1,0,1.0
81832,0,0.074778219,66,1,3743.0,,21,0,3,0,0.0
81833,0,0.0030363079999999997,67,0,1394.0,,11,0,1,0,1.0
81834,0,0.0044162509999999995,84,0,0.152188112,3061.0,11,0,1,0,0.0
81835,0,0.962235728,39,1,0.20054668399999998,6950.0,6,0,0,0,1.0
81836,0,0.680257749,29,0,0.23938031,2000.0,9,1,0,0,0.0
81837,0,0.148191708,28,0,0.079803834,2242.0,6,0,0,0,1.0
81838,0,0.277619403,68,0,0.41762805700000005,6500.0,14,0,1,0,0.0
81839,0,0.055164345,69,0,0.014797041,5000.0,7,0,0,0,1.0
81840,0,0.886742172,27,2,702.0,,3,3,0,0,0.0
81842,0,0.00829866,67,0,0.011949403,20000.0,9,0,0,0,2.0
81843,0,0.066002222,50,0,0.5115309339999999,11750.0,10,0,3,0,3.0
81844,0,0.9999998999999999,30,0,0.0,1400.0,1,0,0,0,0.0
81846,0,0.125927895,60,0,0.513871532,4000.0,6,0,1,0,0.0
81847,0,0.714216867,61,0,4284.0,,23,0,2,0,0.0
81848,0,0.227454955,51,0,0.46538385200000004,5040.0,12,0,2,0,0.0
81849,0,0.480502785,26,0,0.138578131,5541.0,3,0,0,0,0.0
81850,0,0.0,59,0,0.31788813,5416.0,4,0,1,0,0.0
81852,1,0.8081739290000001,37,0,0.8144811479999999,2996.0,8,0,1,0,1.0
81854,0,0.0051800990000000005,81,0,1.0,,6,0,0,0,
81855,0,0.609466141,47,0,0.450719555,8268.0,5,0,2,0,2.0
81856,0,0.288425353,62,2,0.021258885,15616.0,10,0,0,0,1.0
81857,0,0.082791352,74,0,0.165571616,760.0,4,0,0,0,0.0
81860,0,0.9999998999999999,39,2,0.513939571,6850.0,6,0,2,0,2.0
81862,0,0.024271296,54,0,0.062250499,8015.0,18,0,0,0,0.0
81863,0,0.02296626,58,0,2583.0,,12,0,2,0,0.0
81864,0,0.264010117,53,0,0.311038902,11078.0,9,0,2,0,1.0
81865,0,0.20960568300000001,54,0,0.215880412,5150.0,6,0,1,0,2.0
81866,0,0.025594979,50,0,0.34233071200000004,8520.0,12,0,2,0,0.0
81868,0,0.0017304360000000001,56,0,826.0,,3,0,0,0,0.0
81870,0,0.0,39,1,30.0,,3,0,0,0,0.0
81871,1,0.24361559100000002,53,0,0.007706728,4800.0,3,0,0,0,3.0
81872,0,0.074910178,52,0,2058.0,,9,0,1,0,2.0
81873,0,0.01899905,47,0,0.249005483,9300.0,4,0,2,0,2.0
81874,0,0.326224592,44,2,0.422510049,2238.0,6,0,0,0,1.0
81875,0,0.005199913,80,0,1114.0,,5,0,1,0,0.0
81877,0,0.142939243,50,0,0.773129631,15250.0,18,0,5,0,1.0
81879,0,0.248772608,57,0,0.274230103,7500.0,7,0,1,0,0.0
81881,0,0.010729157,44,0,0.180666037,7416.0,7,0,2,0,3.0
81882,0,0.751690821,47,0,0.127180233,4127.0,6,0,0,0,0.0
81883,0,0.033573213,58,0,0.039086687,2583.0,4,0,0,0,0.0
81885,0,0.0,47,0,3.0,,2,0,0,1,
81889,0,0.0,30,0,433.0,,5,0,0,0,0.0
81891,0,0.9332133570000001,60,0,3394.0,,7,0,2,0,0.0
81892,0,0.042623934,43,0,1427.0,,3,0,1,0,0.0
81893,0,0.6837233220000001,62,0,0.453891526,6950.0,6,0,1,0,0.0
81894,0,0.09179286,65,0,2093.0,,18,0,2,0,0.0
81897,0,0.029812567,70,0,1134.0,,2,0,1,0,0.0
81898,1,1.2948207170000001,37,1,0.042699438,4800.0,2,1,0,1,4.0
81903,0,0.091477937,65,0,0.25029997600000004,12500.0,15,0,4,0,0.0
81904,0,0.014065113,61,0,12.0,,4,0,0,0,
81905,0,0.065092575,76,0,51.0,,1,0,0,0,0.0
81906,0,0.016178259,49,0,0.590811711,4200.0,9,0,1,0,0.0
81907,0,0.199933356,88,0,0.002571061,7000.0,4,0,0,0,0.0
81908,0,0.173487964,68,0,0.524155017,5650.0,18,0,1,0,0.0
81911,0,1.087063262,54,1,3021.0,,11,0,1,0,0.0
81912,1,0.096733575,24,0,0.049977283,2200.0,5,0,0,0,0.0
81913,0,0.0,44,0,0.632669757,3666.0,4,0,2,0,0.0
81914,0,0.105368974,48,0,2110.0,,9,0,2,0,1.0
81915,1,0.10831831300000001,40,0,0.195698273,3300.0,12,0,0,0,1.0
81916,0,0.596568652,63,0,0.6608745189999999,7020.0,15,0,3,0,0.0
81917,0,0.09922739,36,0,0.533489097,5135.0,11,0,2,0,0.0
81918,0,0.04969503,55,0,1637.0,,5,0,3,0,0.0
81919,0,0.133643318,63,0,3972.0,,3,0,1,0,
81920,0,0.9999998999999999,39,0,0.0,,2,0,0,0,0.0
81921,0,0.08342865599999999,59,0,0.338849729,9788.0,6,1,2,0,0.0
81922,0,0.657191913,71,0,0.607190925,5200.0,15,0,0,0,1.0
81924,0,0.798839307,50,0,0.332575327,1758.0,4,0,0,0,0.0
81925,0,0.24526498,51,0,0.953080375,2450.0,16,0,1,0,0.0
81927,0,0.158198692,41,1,0.214625982,7766.0,5,0,1,0,0.0
81928,0,0.051363435,55,1,0.185156519,11627.0,6,0,1,0,2.0
81929,0,0.124660113,39,0,0.127543663,6240.0,7,1,0,0,1.0
81930,0,0.077000184,55,0,0.36063333,8778.0,11,1,1,0,0.0
81931,0,0.0,79,0,0.00192431,3117.0,12,0,0,0,0.0
81932,0,0.699516038,48,0,0.462338355,7500.0,6,0,2,0,2.0
81933,0,0.44535481200000004,73,0,96.0,,4,0,0,0,0.0
81934,0,0.123296667,52,0,0.39232950299999997,6700.0,11,0,2,0,3.0
81938,0,0.13847452300000002,42,0,0.348230912,11276.0,8,0,2,0,0.0
81939,0,0.5068611160000001,75,0,0.501023597,9280.0,15,0,2,0,1.0
81941,0,0.279136242,44,2,0.25375433199999997,7790.0,17,0,2,0,0.0
81943,0,0.982437179,53,2,0.158361486,7103.0,6,1,1,1,0.0
81944,0,0.235671897,43,0,0.07048024900000001,6100.0,5,1,0,0,2.0
81945,0,0.197996754,55,1,0.145309115,6000.0,9,0,0,0,0.0
81946,0,0.022991402999999997,48,0,0.391655704,5320.0,12,0,1,0,3.0
81947,0,0.13556024,42,0,0.385816018,10250.0,4,0,2,0,3.0
81950,0,0.030793888999999998,51,0,1296.0,,11,0,1,0,0.0
81951,0,0.60681088,39,0,0.6302914270000001,4700.0,6,0,1,0,3.0
81953,0,0.032217946000000004,63,0,0.018119338000000002,3200.0,6,0,0,0,0.0
81954,0,0.015404448999999999,53,0,0.121801649,4728.0,5,0,0,0,0.0
81956,0,0.257949682,61,0,630.0,,5,0,1,0,0.0
81959,0,0.0,60,0,1354.0,,2,0,1,0,0.0
81960,0,0.652463382,32,2,0.34965035,1000.0,9,3,0,1,2.0
81962,0,0.42140124100000004,62,0,2140.0,,4,0,1,0,
81964,0,0.026723677,46,0,0.318846853,11550.0,16,0,2,0,2.0
81965,0,0.045113442999999996,45,0,0.44627177700000004,7174.0,9,0,2,0,2.0
81966,0,0.7136519509999999,71,0,0.49051610100000004,6800.0,8,0,2,0,1.0
81969,0,0.249796708,39,0,546.0,,8,0,0,0,0.0
81970,0,0.11867541300000001,65,1,2777.0,,22,0,1,0,0.0
81971,0,0.563934312,70,0,0.342221482,12000.0,13,0,2,0,1.0
81972,0,0.0,53,0,0.25754849,5000.0,9,0,1,0,0.0
81973,0,0.09407264800000001,39,0,0.382065046,9500.0,4,0,1,0,0.0
81975,0,0.013776233,52,0,0.468238793,4706.0,5,0,1,0,1.0
81976,0,0.003999885999999999,48,0,4371.0,,10,0,4,0,0.0
81978,0,0.142720645,54,0,0.269751755,18086.0,17,0,2,0,2.0
81980,0,0.286825647,43,0,0.7789380140000001,4500.0,21,0,2,0,0.0
81981,0,0.348552885,32,0,0.796050987,4000.0,9,0,2,0,0.0
81982,0,0.06271692400000001,52,0,1464.0,,9,0,1,0,0.0
81983,0,0.9999998999999999,38,0,0.095141973,7430.0,2,0,1,0,6.0
81984,0,0.004224894,47,0,0.299870013,10000.0,6,0,1,0,2.0
81987,0,0.011117613,61,0,16.0,,8,0,0,0,0.0
81989,0,0.032448378,68,0,1663.0,,5,0,1,0,0.0
81990,0,0.018270151999999998,51,0,0.204077657,15400.0,15,1,1,0,2.0
81992,0,0.225146765,41,0,0.318008912,9200.0,6,0,2,0,0.0
81993,0,0.968479761,56,1,0.309877887,8270.0,24,0,1,0,1.0
81997,0,0.9580083979999999,41,2,0.478507164,3000.0,8,1,0,0,0.0
82000,0,0.045277483,53,0,0.305010209,6366.0,22,0,2,0,1.0
82002,0,0.285813766,57,0,0.196933625,10500.0,10,0,2,0,0.0
82003,0,0.59138153,32,0,0.289663285,6800.0,17,0,0,0,2.0
82004,0,0.094621814,48,0,0.299006132,4728.0,10,0,1,0,0.0
82006,1,0.0,58,0,0.0,11000.0,7,0,0,0,0.0
82007,0,0.029774903,46,0,0.305800072,8292.0,5,0,1,0,2.0
82008,0,0.239338033,71,0,0.300886625,5300.0,5,0,1,0,0.0
82009,0,0.9999998999999999,59,0,1723.0,,4,0,1,0,0.0
82010,0,0.16236004699999998,75,0,3282.0,,5,0,2,0,0.0
82011,0,0.016236651,35,0,0.400656814,7916.0,10,0,2,1,1.0
82012,0,0.19026991,27,0,0.0028891909999999997,5883.0,3,0,0,0,0.0
82014,0,0.616615282,35,0,0.489029825,5833.0,4,0,2,0,2.0
82015,0,0.8378324340000001,45,0,0.083783243,5000.0,3,0,0,0,2.0
82016,0,0.057276084000000005,57,0,0.14586680900000001,5600.0,4,0,1,0,0.0
82017,0,0.526523674,57,1,3818.0,,3,0,1,0,0.0
82018,0,0.271218998,45,0,0.24037184600000003,12800.0,10,0,1,0,2.0
82020,0,0.0,62,0,0.497583736,6000.0,6,0,2,0,0.0
82022,0,0.028973939,48,0,227.0,,11,0,0,0,
82024,1,0.9999998999999999,40,0,0.340724316,2705.0,4,0,0,1,3.0
82025,0,0.011573475,50,0,536.0,1.0,11,0,1,1,0.0
82026,0,0.9954668179999999,63,1,0.190060898,13300.0,7,0,1,0,1.0
82027,0,0.034800115,60,0,0.216897754,12332.0,12,0,1,0,0.0
82028,0,0.58178377,46,0,0.37139738,4579.0,8,0,0,0,2.0
82029,0,0.142732158,25,0,0.933333333,764.0,5,0,0,0,0.0
82030,0,0.35745254200000004,42,0,0.391480426,20000.0,26,0,4,0,3.0
82031,0,0.9999998999999999,47,0,0.395730213,20000.0,4,0,1,0,4.0
82033,0,0.539656739,61,0,0.625540141,8793.0,18,0,2,0,0.0
82034,0,0.373986589,73,1,0.20340919899999998,10500.0,11,0,1,0,0.0
82035,0,0.20589705100000003,25,0,0.09069269199999999,4200.0,2,0,0,0,2.0
82037,0,0.0016785110000000002,60,0,0.06809872,8751.0,5,0,0,0,0.0
82038,0,0.142341637,63,0,0.224553787,4145.0,5,0,1,0,0.0
82039,0,0.087387113,60,0,0.302656384,5834.0,12,0,1,0,0.0
82040,0,0.319726228,54,0,0.289566237,14500.0,12,0,2,0,2.0
82041,0,0.772713028,47,0,5386.0,,13,0,2,0,0.0
82042,0,0.012023807,46,0,2713.0,,8,0,1,0,0.0
82043,0,0.129991217,43,0,0.269459652,4200.0,10,0,1,0,0.0
82044,1,1.052731576,50,0,0.431104593,15000.0,11,0,2,1,2.0
82045,0,0.517241379,23,0,0.057061340999999995,700.0,2,1,0,1,0.0
82046,0,0.007039437,57,0,0.4583258,5530.0,11,0,3,0,0.0
82047,0,0.029742342,54,0,5685.0,,14,0,3,0,0.0
82050,0,0.9999998999999999,51,0,0.136229877,5776.0,1,0,0,0,1.0
82051,0,0.776026289,73,0,0.36000583,6860.0,15,0,1,0,0.0
82053,0,0.0,62,3,0.290491738,10106.0,17,0,2,0,0.0
82054,0,0.0,55,0,0.5480157529999999,3300.0,4,0,1,0,1.0
82056,0,0.075152215,42,0,0.076713325,5500.0,4,0,1,0,5.0
82057,0,0.0,51,0,2209.0,,5,0,2,0,0.0
82059,0,0.043950148,63,0,0.008099595,6666.0,7,0,0,0,0.0
82060,0,0.0004888669999999999,41,0,0.319065274,8900.0,5,0,1,0,3.0
82061,0,0.873711737,54,0,0.20881617800000002,4400.0,5,0,0,0,2.0
82062,0,0.033924195,45,4,0.18504845399999997,6500.0,18,1,1,1,1.0
82063,0,0.017832838,95,0,19.0,,4,0,0,0,0.0
82064,0,0.021146303999999998,54,0,0.260972716,5900.0,8,0,2,0,2.0
82065,0,0.09639373300000001,55,0,0.29582425,5962.0,7,0,2,0,0.0
82066,0,0.589252239,61,0,829.0,,4,0,1,0,2.0
82067,0,0.46252311399999996,56,0,0.4419018,4500.0,6,0,1,0,1.0
82072,0,0.015210729,61,0,0.285342931,5000.0,13,0,2,0,0.0
82073,0,0.36549486700000006,27,0,0.342220529,5250.0,11,0,1,0,0.0
82074,0,0.08742285699999999,76,0,2.419277108,414.0,5,0,1,0,0.0
82075,0,0.0,77,0,0.00017999599999999998,16666.0,4,0,0,0,0.0
82077,0,0.268034045,35,0,0.43323705799999995,4500.0,9,0,2,0,3.0
82080,0,0.042071449000000004,75,0,0.205406654,4327.0,14,0,1,0,1.0
82081,0,0.215236548,68,0,0.506597361,2500.0,3,0,1,0,0.0
82082,0,0.077290512,62,0,237.0,,3,0,0,0,
82083,0,0.34438480200000005,34,2,4282.0,,11,0,2,0,0.0
82084,0,0.072570157,63,0,0.19383869899999998,8666.0,10,0,1,0,0.0
82086,1,1.4171479340000002,66,2,0.110369806,5245.0,7,1,0,0,0.0
82087,0,0.052424827,62,0,0.503259452,2300.0,4,0,2,0,0.0
82089,0,0.913708629,79,0,0.236352547,3278.0,4,1,0,0,0.0
82090,0,0.9999998999999999,61,0,0.301945101,5500.0,2,0,1,0,1.0
82093,0,0.19198058899999998,61,0,0.41652021100000003,8534.0,9,0,2,0,0.0
82094,0,0.9999998999999999,83,0,2796.0,,2,0,1,0,0.0
82095,0,0.408101156,58,0,0.35957864700000003,5600.0,13,0,2,0,1.0
82096,0,0.9999998999999999,37,0,0.338658147,2190.0,3,0,2,0,2.0
82097,0,0.20415909899999998,56,0,0.23896576100000003,9900.0,13,0,2,0,0.0
82098,0,0.9999998999999999,24,0,0.135728543,500.0,1,0,0,1,0.0
82099,0,0.196227967,59,0,0.6310767829999999,2200.0,6,0,1,0,2.0
82100,0,0.102449075,44,0,0.308614865,5919.0,17,0,2,0,0.0
82102,0,0.09488631900000001,42,0,0.60058309,2400.0,15,0,1,0,0.0
82103,0,0.145078305,58,0,0.28551261699999997,17000.0,6,0,3,0,0.0
82104,0,0.302829756,65,0,0.042499392999999996,70000.0,22,0,3,0,0.0
82107,0,0.0,51,0,0.013063183,3750.0,5,0,1,0,2.0
82108,0,0.059759059,44,0,0.217326916,2700.0,5,0,0,0,0.0
82111,1,1.044439507,48,2,0.264092398,5800.0,5,0,0,0,3.0
82113,0,0.028341114,46,1,0.050877583,4500.0,8,0,0,0,0.0
82114,0,0.045178057,35,1,0.086289042,17000.0,9,0,0,0,0.0
82115,0,0.05678346099999999,29,0,0.020425902,2300.0,5,0,0,0,0.0
82116,0,0.870225955,47,0,0.656750572,2184.0,5,0,1,0,0.0
82117,0,0.0062000119999999995,36,0,0.353607732,6000.0,5,0,1,0,1.0
82119,0,0.0,78,0,0.0,9913.0,6,0,0,0,0.0
82122,0,0.554043817,43,0,0.5417982379999999,6016.0,5,0,2,0,2.0
82124,0,0.10666498199999999,60,0,0.02512186,8000.0,5,0,0,0,1.0
82126,0,1.02740487,59,0,0.31436475,5060.0,5,0,1,0,0.0
82127,0,0.33350046,42,0,0.372078061,4662.0,6,0,2,0,5.0
82129,0,0.7971718329999999,59,0,0.020997667,9000.0,4,0,0,0,0.0
82130,0,0.109578084,35,0,1.301261093,2140.0,3,0,2,0,0.0
82131,0,0.026957487999999998,30,0,0.00445358,2918.0,4,0,0,0,0.0
82132,0,0.019305799999999998,82,0,0.0035379170000000002,6500.0,9,0,0,0,0.0
82135,0,0.06914403200000001,52,0,0.059630219000000005,16333.0,4,0,1,0,1.0
82136,1,0.623442607,44,0,0.356528694,5000.0,13,0,0,0,0.0
82138,0,0.870614855,63,0,0.6975322620000001,8833.0,13,0,3,0,1.0
82139,0,0.08468419199999999,49,2,0.325777825,9352.0,6,0,1,0,4.0
82140,0,0.277437666,48,0,0.916033587,2500.0,26,0,1,0,1.0
82141,0,0.134885352,56,1,3067.0,,13,0,2,0,0.0
82142,0,0.0,61,0,0.0019193860000000001,4167.0,8,0,0,0,0.0
82145,0,0.051112825,65,0,76.0,,6,0,0,0,0.0
82146,0,0.006685443,85,0,0.102138804,2290.0,3,0,0,0,0.0
82147,0,0.039498961,76,0,0.007332111,6000.0,4,0,0,0,1.0
82148,0,0.095589052,53,0,0.246769081,4100.0,6,0,2,0,3.0
82149,0,0.150304083,39,0,0.052743407,8000.0,5,0,0,0,0.0
82151,0,0.930693069,25,0,382.0,,2,1,0,2,0.0
82152,0,0.30738523,27,0,0.002405774,3740.0,2,0,0,0,0.0
82153,0,0.011097335,48,0,0.200582807,4117.0,7,0,1,0,1.0
82154,0,0.160697881,57,0,960.0,,10,0,0,0,0.0
82155,1,0.841901067,32,2,474.0,,3,3,0,2,3.0
82156,0,0.00169073,84,1,0.000425441,4700.0,7,0,0,1,0.0
82160,0,0.012332876999999999,79,0,0.0029521,10500.0,3,0,0,0,0.0
82161,0,0.123765131,70,0,0.314447592,6000.0,16,0,2,0,0.0
82162,0,0.386110231,58,0,1655.0,,6,0,0,0,0.0
82163,0,0.296347813,61,0,1.205205583,2650.0,18,0,2,0,0.0
82164,0,0.071740778,70,0,0.015184631,8692.0,7,0,0,0,1.0
82165,0,0.7033221890000001,44,0,0.256780512,7963.0,14,0,0,0,1.0
82166,0,0.9725664470000001,50,1,0.590486912,3552.0,9,0,2,0,0.0
82167,0,0.818290895,58,0,1334.0,,4,0,1,0,0.0
82168,0,0.0,61,0,0.0,667.0,4,0,0,0,0.0
82170,0,0.030984803999999998,60,0,0.255963434,7000.0,5,0,1,0,1.0
82172,0,0.081755399,55,0,0.364326696,5925.0,15,0,2,0,1.0
82173,0,0.0,53,0,0.447178552,13166.0,9,0,2,0,3.0
82174,0,0.38425509399999996,65,0,0.256553227,31205.0,23,0,2,0,0.0
82175,1,0.054052552999999996,58,0,0.251961237,2166.0,4,0,0,0,0.0
82178,0,0.0067023890000000004,73,0,76.0,,8,0,0,0,0.0
82181,0,0.75269022,23,0,823.0,,5,0,0,0,0.0
82186,1,0.570408455,49,0,596.0,,1,3,0,0,0.0
82187,0,0.299243695,54,0,2.471709717,1625.0,10,0,1,0,2.0
82188,0,0.543226336,38,1,0.28267933,4000.0,4,0,1,0,0.0
82189,0,0.018868745,31,0,0.022373711,5720.0,2,0,0,0,0.0
82190,0,0.220633534,54,0,0.17681974399999997,3200.0,4,0,0,0,1.0
82192,0,0.50234296,48,1,0.436628199,9964.0,11,0,3,0,2.0
82194,0,0.094751979,79,0,0.048090658,10500.0,14,0,0,0,0.0
82196,0,0.178551588,56,0,0.377179081,4416.0,7,0,2,0,0.0
82197,0,0.9999998999999999,59,0,0.171557562,3100.0,3,0,0,0,0.0
82200,0,0.10461785800000001,53,0,0.32504486,3900.0,15,0,0,0,2.0
82201,0,0.0,27,0,0.914379802,910.0,5,0,1,0,0.0
82202,0,0.04967101,62,0,0.20570663399999997,9707.0,9,0,1,0,1.0
82203,0,0.927565667,48,0,8278.0,,14,0,2,0,2.0
82204,0,0.030164327,76,0,44.0,,7,0,0,0,0.0
82206,0,0.082003673,54,0,0.101483086,6000.0,13,0,0,0,2.0
82207,0,0.014491218,60,0,0.010639645,7894.0,8,0,0,0,0.0
82208,0,0.18843658800000002,41,0,0.33505255,10275.0,9,0,3,0,0.0
82210,0,0.027332954,61,0,1.439112178,1666.0,6,0,1,0,0.0
82211,0,0.017493099999999998,78,0,3123.0,,6,0,2,0,0.0
82213,0,0.96950305,66,0,0.754520167,2875.0,5,0,1,0,0.0
82214,0,0.056798738,54,0,0.131442596,11000.0,9,0,2,0,2.0
82215,0,0.00179991,66,0,0.000312402,3200.0,1,0,0,0,0.0
82216,1,0.9999998999999999,45,0,0.0,3000.0,0,1,0,0,0.0
82217,0,0.256325994,38,0,0.25611613,9850.0,5,0,2,0,3.0
82218,0,0.11487081,55,0,0.552202567,5765.0,9,0,3,0,0.0
82219,0,0.000499917,88,0,5.0,,3,0,0,0,
82220,0,0.420229501,62,0,0.283446045,3400.0,7,0,0,0,0.0
82222,0,0.072583858,71,0,330.0,,7,0,0,0,
82223,0,0.116102365,56,1,0.037974684,1500.0,3,0,0,0,0.0
82224,0,0.083721737,41,1,0.445724326,5121.0,15,0,1,0,3.0
82225,1,0.9999998999999999,60,1,0.248418248,6005.0,1,6,0,4,0.0
82226,0,0.9999998999999999,44,0,0.629504232,4134.0,3,0,2,2,2.0
82227,0,0.0,24,0,0.0,820.0,2,0,0,0,0.0
82229,0,0.32172117899999997,38,0,0.47414913,3848.0,9,0,0,0,2.0
82230,0,0.131907653,57,0,0.23891740600000003,15000.0,14,0,2,0,2.0
82231,0,0.075234583,65,0,0.29481574,1600.0,8,0,0,0,2.0
82234,0,0.46172738399999996,86,0,67.0,,1,0,0,0,0.0
82235,0,0.0,67,0,0.121626125,3000.0,3,0,0,0,0.0
82236,0,0.578865384,53,0,0.33448552600000003,16200.0,20,0,1,0,0.0
82237,0,0.458718103,35,0,0.526574285,5700.0,15,0,1,1,0.0
82238,0,0.263877918,60,0,0.31342880300000003,3700.0,11,0,1,0,0.0
82239,0,0.077636142,59,0,1529.0,,15,0,2,0,0.0
82240,0,0.9999998999999999,64,0,0.068847308,7000.0,1,1,0,0,0.0
82241,0,0.042564574,71,0,0.244060475,8333.0,3,0,1,0,0.0
82243,0,0.35450582,52,0,6215.0,,8,0,1,0,0.0
82244,0,0.051230955999999994,67,0,83.0,,7,0,0,0,0.0
82245,0,0.22894888,40,3,0.48341943,6000.0,14,0,2,0,1.0
82248,0,0.883947899,41,0,0.8501597,7200.0,14,0,4,0,2.0
82249,0,0.068507809,59,0,0.18197050899999997,2983.0,7,0,0,0,0.0
82250,0,0.020726695,61,0,0.7451334540000001,4982.0,17,0,3,0,1.0
82251,0,0.567638663,48,2,1.374258044,3200.0,5,1,1,1,2.0
82252,0,0.01979901,70,0,1730.0,,6,0,1,0,0.0
82253,0,0.9999998999999999,22,0,0.0,929.0,1,0,0,0,0.0
82254,1,0.533733406,42,2,0.23401151,12336.0,11,0,2,0,3.0
82256,0,0.048590173,50,0,0.40731219700000004,3500.0,14,0,2,0,2.0
82259,0,0.005619166,52,0,0.0013672410000000002,3656.0,8,0,0,0,0.0
82260,0,0.172565487,26,0,0.010771218999999999,2320.0,1,0,0,0,0.0
82261,0,0.9999998999999999,28,0,0.512536633,3070.0,4,0,1,0,0.0
82262,0,0.049008087,49,0,3788.0,,7,0,1,0,0.0
82264,0,0.25230671600000004,53,0,0.35641641,8750.0,16,0,2,0,2.0
82265,0,0.0,53,0,2209.0,,5,0,1,0,1.0
82266,0,0.096307231,63,0,0.262467192,8000.0,9,0,2,0,0.0
82267,1,1.012496876,30,5,0.19828612199999998,4200.0,5,0,0,1,2.0
82268,0,0.9999998999999999,40,0,0.076131981,7000.0,2,0,0,1,2.0
82269,0,0.9791837109999999,40,4,2362.0,,7,0,1,0,3.0
82270,0,0.066621214,74,0,1019.0,,11,0,0,0,0.0
82271,0,0.002097729,44,0,0.128264805,11600.0,13,0,2,0,2.0
82273,1,0.069055652,40,4,0.430856381,3000.0,14,0,1,0,0.0
82274,0,0.051891917999999995,66,0,0.184321045,15000.0,13,0,1,0,0.0
82277,0,0.0,59,0,0.221736415,1600.0,3,0,0,0,0.0
82279,0,0.005269398000000001,61,0,287.0,,9,0,1,0,0.0
82280,0,1.177217137,44,0,0.078505314,5833.0,6,0,0,0,0.0
82281,0,0.032246466,33,0,0.0054418240000000005,7717.0,6,0,0,0,0.0
82282,0,0.058979767,61,0,22.0,,3,0,0,0,0.0
82283,0,0.974039725,41,0,0.492278636,9000.0,12,0,1,0,1.0
82285,1,0.37972962200000004,33,1,0.38069602,5200.0,5,1,1,0,1.0
82286,0,0.168077587,64,0,0.496485623,6259.0,4,0,1,0,1.0
82287,0,0.0,61,0,66.0,,4,0,0,0,0.0
82288,0,0.922321713,51,1,0.47811970600000003,7083.0,5,0,2,0,3.0
82289,0,0.6899115229999999,40,0,0.351232438,20000.0,13,0,2,0,2.0
82291,0,0.014224751,59,1,0.30226119100000004,6500.0,9,0,2,0,0.0
82292,0,0.019387812,71,0,0.5011356260000001,6163.0,7,0,1,0,0.0
82293,0,0.0,69,0,53.0,,3,0,0,0,
82294,0,0.9999998999999999,33,0,0.109933164,4338.0,0,0,0,0,1.0
82295,0,0.9999998999999999,49,0,0.788971451,12784.0,5,0,4,0,3.0
82296,0,0.0,64,0,0.105089711,5461.0,9,0,1,0,0.0
82297,0,0.808719128,55,2,0.146308949,6000.0,7,0,0,0,0.0
82299,0,0.36192553299999997,62,1,0.35944618700000003,16900.0,16,0,2,0,3.0
82301,0,0.0,49,0,0.339509136,31250.0,11,0,2,0,1.0
82302,0,0.080950454,48,0,0.243954699,6533.0,7,0,1,0,1.0
82303,0,0.712979265,47,1,0.808936104,6400.0,18,0,2,0,1.0
82305,0,0.9999998999999999,60,0,0.28254349100000004,5000.0,7,0,2,0,0.0
82306,0,0.010514833000000001,82,0,0.051581262,5912.0,6,0,1,0,0.0
82307,1,0.898650939,61,0,0.821193945,3500.0,14,0,2,0,0.0
82308,0,0.161503339,63,0,0.206827596,7000.0,11,0,2,0,0.0
82309,0,0.181530419,45,0,0.47529277299999995,3500.0,7,0,2,0,0.0
82311,0,0.282206544,44,0,0.08593612099999999,17000.0,6,0,1,0,2.0
82312,0,0.0,49,0,0.201263899,12500.0,10,0,1,0,2.0
82313,0,0.392151962,48,0,0.199220019,3076.0,2,0,0,0,2.0
82314,0,0.190769889,64,0,0.261089043,12083.0,11,0,1,0,0.0
82316,0,0.0,49,0,0.298470153,10000.0,7,0,3,0,0.0
82317,0,0.03039696,63,0,0.0031628409999999996,11065.0,3,0,0,0,0.0
82318,0,0.055558039000000004,46,0,0.09465763699999999,13289.0,12,0,1,0,1.0
82321,0,0.611453962,79,0,0.208620307,4500.0,6,0,1,0,0.0
82322,0,0.097241702,61,0,0.280124117,5800.0,6,0,1,0,0.0
82323,0,0.18933463399999997,48,0,0.359389987,10425.0,16,0,2,0,3.0
82324,0,0.21692610199999998,66,0,0.191139931,16500.0,7,0,2,0,0.0
82325,0,0.268744576,60,0,0.242875712,10000.0,6,0,1,0,0.0
82327,0,0.9723198190000001,76,1,0.299711175,4500.0,17,0,1,0,0.0
82328,0,0.329183541,46,0,0.141796697,6600.0,2,0,1,0,4.0
82329,0,0.089428431,43,0,0.480151985,10000.0,10,0,2,0,2.0
82331,0,0.28277449,48,1,0.24937506199999998,10000.0,12,0,1,0,0.0
82332,0,0.11492757099999999,46,0,0.348212143,4166.0,7,0,1,0,0.0
82334,0,0.102722085,38,0,0.664778407,3000.0,7,0,0,0,2.0
82336,0,0.92680244,50,0,0.68877041,3000.0,5,1,1,0,0.0
82337,1,0.87446505,24,0,0.241723923,1600.0,2,2,0,0,0.0
82338,0,0.00011235700000000001,36,0,1.777475023,1100.0,8,0,2,0,4.0
82339,0,0.029303887999999997,52,0,0.20663183,15500.0,12,0,1,0,0.0
82340,0,0.049111845999999994,32,0,0.399568035,8333.0,9,0,2,0,1.0
82341,0,0.312344899,46,0,0.23703945199999998,9200.0,8,0,0,0,0.0
82344,0,1.000555401,28,0,0.392425039,1900.0,5,0,0,0,1.0
82345,0,0.012652365,51,0,0.38151077200000005,7333.0,10,0,2,0,1.0
82346,0,0.290004789,49,1,0.441380856,8921.0,14,0,2,0,0.0
82348,0,0.063585688,42,0,0.41238986299999997,11008.0,12,0,3,0,3.0
82350,0,0.0,22,0,0.0,,1,0,0,0,0.0
82353,0,0.070759658,45,0,0.298076038,10862.0,6,0,1,0,0.0
82355,1,1.053209678,58,3,0.098159162,17654.0,9,2,0,4,0.0
82356,0,0.22859690600000002,73,0,0.344747533,6891.0,12,0,2,0,0.0
82357,0,0.9999998999999999,41,0,0.0,3386.0,0,0,0,0,1.0
82358,0,0.428281927,48,0,7.4665645739999995,1958.0,18,0,6,0,0.0
82359,0,0.007267158,29,0,586.0,,6,0,1,0,0.0
82360,0,0.094314008,49,0,5126.0,,11,0,2,0,0.0
82361,0,0.0,26,0,0.633373934,820.0,4,0,0,0,0.0
82363,0,0.157782456,61,0,0.542131237,5470.0,29,0,2,0,0.0
82366,0,0.114772131,53,1,0.504460792,6388.0,16,0,4,0,0.0
82367,0,0.025618437999999997,70,0,568.0,,6,0,0,0,0.0
82368,0,0.0031051,33,0,1.874550683,2781.0,9,0,3,0,0.0
82371,0,0.0,38,0,0.28879061699999997,5200.0,3,0,1,0,1.0
82372,0,0.014968016,73,0,0.40193816299999996,4333.0,10,0,1,0,0.0
82373,0,0.8932737820000001,48,0,0.232471158,18982.0,8,0,2,0,0.0
82375,0,0.9999998999999999,24,0,0.095591445,2290.0,1,0,0,0,0.0
82377,0,0.028817442999999998,37,0,0.34042553200000003,3383.0,5,0,2,0,0.0
82378,1,0.9999998999999999,33,1,2.033442088,1225.0,5,0,1,0,0.0
82379,0,0.024399187000000003,44,0,0.309554447,12433.0,5,0,1,0,2.0
82380,0,0.063759837,42,0,0.024479567999999997,5187.0,12,0,0,0,4.0
82381,0,0.155546914,29,0,0.8241758240000001,1000.0,9,0,0,0,0.0
82382,0,0.95388597,38,0,0.051001820999999996,7136.0,2,0,0,0,0.0
82385,0,0.41637102299999995,57,0,0.15038496199999998,10000.0,9,0,0,0,1.0
82386,0,0.023234379,52,0,0.305738852,5000.0,6,0,1,0,2.0
82387,0,0.086521769,69,0,37.0,,6,0,0,0,0.0
82389,0,0.036075036,60,0,0.010930418999999999,3750.0,3,0,0,0,0.0
82390,0,0.001032315,67,0,0.206362288,6066.0,9,0,1,0,0.0
82391,0,0.26107667100000004,37,1,0.401363766,10558.0,9,0,2,0,5.0
82393,0,1.0099583859999999,51,0,0.228690783,11250.0,4,0,0,0,1.0
82394,0,0.0,69,0,0.19748050399999997,8334.0,6,0,1,0,0.0
82395,0,0.0,65,0,0.17447819,8000.0,5,0,1,0,0.0
82396,0,0.9440028,35,0,0.42686663399999997,6200.0,4,0,1,0,0.0
82397,0,0.388975261,73,0,1.05115814,6000.0,12,0,4,0,1.0
82398,0,0.7259265559999999,37,0,0.248348509,5600.0,4,0,0,0,2.0
82399,0,0.066096695,28,0,0.128575871,6431.0,8,0,0,0,0.0
82401,0,0.17652910300000002,50,1,0.524014203,5350.0,17,0,2,0,0.0
82402,0,0.81976524,41,0,0.39187178,8734.0,10,0,2,0,5.0
82404,0,0.888248516,37,2,0.171231487,4928.0,6,0,0,0,0.0
82405,0,0.00355782,72,0,0.04980478,10500.0,8,0,2,0,0.0
82406,0,0.0,28,0,0.399720056,5000.0,8,0,1,0,0.0
82407,0,0.8838267040000001,42,0,0.227372228,10506.0,21,0,0,0,2.0
82408,0,0.97102351,55,0,0.354475276,4792.0,12,0,0,0,2.0
82409,0,0.037432692999999996,38,0,0.233345272,5583.0,16,0,2,0,0.0
82410,0,0.649449419,59,0,1.117735622,6641.0,12,0,2,0,0.0
82411,0,0.051708150999999994,59,0,0.306704708,1401.0,6,0,0,0,0.0
82412,0,0.0,23,0,0.0,500.0,1,0,0,0,0.0
82413,0,0.0,25,0,0.388814913,750.0,3,0,0,0,0.0
82414,0,0.022016222000000002,50,0,0.347868009,9333.0,8,0,2,0,1.0
82415,0,0.6069517729999999,61,0,0.42549526299999996,3482.0,13,0,0,0,0.0
82416,0,0.317917827,54,0,0.634836516,10000.0,21,0,2,0,1.0
82417,0,0.035063136,52,0,0.30680605899999996,4686.0,22,0,2,0,0.0
82418,0,0.009309703,62,0,0.153055525,8950.0,3,0,1,0,0.0
82422,0,0.046501546,74,0,0.0057946000000000004,8110.0,5,0,0,0,0.0
82423,1,0.9999998999999999,22,98,0.0,,0,98,0,98,
82426,0,0.616109683,61,2,0.420414907,5446.0,9,0,2,0,0.0
82427,0,0.323053149,56,1,0.411620931,9000.0,16,0,1,0,2.0
82428,0,0.21131449600000002,55,2,0.751258462,5760.0,12,0,3,0,0.0
82429,0,0.996657475,66,0,1354.0,,4,0,0,0,0.0
82430,0,1.245670651,74,0,0.30028365100000004,7755.0,11,0,0,0,0.0
82431,0,0.18913958399999997,62,0,0.198121307,19800.0,11,0,3,0,1.0
82433,0,1.030521726,65,0,889.0,,3,0,1,0,0.0
82434,0,0.17099651,56,0,0.41820550100000004,13050.0,12,0,3,0,0.0
82435,0,0.060530709,63,0,0.15379737599999999,20500.0,10,0,1,0,0.0
82436,0,0.009055052,30,0,0.247365502,3605.0,6,0,2,0,1.0
82437,0,0.374559126,29,0,0.218866363,4833.0,7,0,1,0,0.0
82438,0,0.019534793,32,0,0.393694311,7294.0,26,0,1,0,1.0
82439,1,0.289835888,49,1,0.423322085,2666.0,8,0,0,0,0.0
82440,0,0.9999998999999999,95,1,0.131434283,2000.0,7,0,0,0,0.0
82442,0,0.425249169,32,0,0.13421496900000002,3553.0,3,0,1,1,1.0
82443,0,0.367433439,44,0,0.429955291,4025.0,15,0,0,0,1.0
82444,0,0.050711698,74,0,0.43526079,6000.0,9,0,1,0,0.0
82445,0,0.162346964,48,0,0.21585847,15713.0,7,0,2,0,2.0
82446,0,0.05575461,36,0,0.328555954,12000.0,15,0,1,0,2.0
82447,0,0.0,49,0,3722.0,,9,0,2,0,0.0
82448,0,0.028717822,45,0,2560.0,,4,0,1,0,0.0
82450,0,0.011538314,51,0,0.35686653799999996,9305.0,20,0,2,0,0.0
82452,0,0.7227898709999999,52,0,0.492317751,6117.0,3,0,2,0,2.0
82455,0,0.063410454,34,0,0.144951683,3000.0,4,0,0,0,2.0
82457,0,0.096128238,53,0,0.283167278,5720.0,12,0,1,0,0.0
82458,1,0.310983679,43,0,3516.0,,9,0,2,0,0.0
82459,0,0.986460468,69,0,0.26499242300000003,4618.0,9,0,0,0,1.0
82460,0,0.41643610600000003,63,0,0.550293926,3061.0,28,0,0,0,0.0
82461,0,0.312124703,50,1,0.588245523,5750.0,11,0,1,0,0.0
82463,0,0.311461476,52,0,0.365046661,8250.0,8,0,1,0,0.0
82464,1,0.678362343,35,0,0.9905741220000001,3500.0,8,0,2,0,1.0
82465,0,0.255606687,45,1,0.634525661,4500.0,10,0,1,0,3.0
82466,0,0.040770264,47,0,0.389435094,6000.0,7,0,1,0,0.0
82467,0,0.28672150399999996,34,0,0.00279888,2500.0,2,0,0,0,0.0
82468,0,0.091095445,44,0,0.443082876,3100.0,4,0,2,0,1.0
82470,0,0.0,50,0,2876.0,,8,0,2,0,2.0
82472,0,0.9999998999999999,50,1,0.205473823,12166.0,4,0,1,0,0.0
82473,1,0.8011499590000001,74,1,4493.0,,14,0,1,0,0.0
82474,0,0.193587094,31,2,0.296037296,3860.0,12,0,0,0,0.0
82475,0,0.078458168,67,0,0.456476781,5318.0,9,0,2,0,1.0
82476,1,0.332839689,24,3,0.0756396,898.0,5,0,0,1,0.0
82477,0,0.235418915,50,0,0.479480675,6700.0,16,0,1,0,1.0
82478,0,0.047055133,56,1,0.378333564,7236.0,11,0,1,0,3.0
82479,0,0.0,61,0,0.414367517,1920.0,3,0,0,0,0.0
82480,0,0.563579801,66,0,0.287485006,2500.0,6,0,0,0,0.0
82483,0,0.007992008,45,0,0.24886135899999998,5488.0,3,0,2,0,4.0
82486,0,0.404397379,28,0,0.39605998200000003,3400.0,8,0,0,0,0.0
82488,0,0.345821376,66,0,0.167795206,35000.0,9,0,1,0,0.0
82489,0,0.391529998,55,0,0.254876879,3126.0,9,0,1,0,0.0
82490,0,0.014606565,80,0,10.0,,4,0,0,0,0.0
82492,0,0.089527365,61,0,0.00949136,4108.0,3,0,0,0,0.0
82493,0,0.904953729,46,0,0.44104750299999995,8209.0,13,0,2,0,1.0
82494,0,0.041371727000000004,55,0,5170.0,,6,0,2,0,0.0
82495,0,0.334952523,35,0,1.6106826619999999,3500.0,16,0,2,0,0.0
82496,1,0.8071928070000001,28,1,0.320956801,2800.0,5,1,0,3,0.0
82497,0,0.161304999,70,0,0.346353819,7500.0,9,0,2,0,0.0
82498,0,0.048581049,62,0,196.0,1.0,6,0,1,0,0.0
82499,0,0.093584137,46,0,0.045045045,1442.0,5,0,0,0,3.0
82500,0,0.267658556,50,0,0.377746422,4960.0,7,0,1,0,0.0
82503,0,0.239449744,36,0,0.548722564,20000.0,18,0,4,0,0.0
82505,0,0.053569898,67,0,3110.0,,6,0,1,0,0.0
82506,0,0.9999998999999999,26,0,0.266841228,4200.0,4,0,0,0,0.0
82507,0,0.16664848599999998,37,0,1379.0,,10,0,2,0,0.0
82508,0,0.03237406,57,2,0.324548736,2769.0,11,0,1,0,1.0
82509,0,0.0,63,0,0.255782719,6700.0,8,0,1,0,0.0
82510,0,0.021242022000000003,75,0,0.091398539,7800.0,12,0,1,0,0.0
82511,0,0.457436171,43,0,3006.0,,2,0,1,0,0.0
82512,0,0.03744099,60,0,0.434704583,7243.0,9,0,2,0,0.0
82513,0,0.005612919,79,0,0.020181448,5400.0,8,0,1,0,0.0
82515,1,0.596827785,44,1,3972.0,,15,2,1,0,0.0
82517,0,0.952341276,44,0,0.173622705,9583.0,10,0,0,0,0.0
82519,0,0.108108709,45,0,0.34345248799999994,5566.0,14,0,1,0,0.0
82520,0,0.15348421,60,0,0.45975670700000004,6000.0,13,0,2,0,0.0
82521,0,0.026946869,30,0,0.737635706,1657.0,6,0,1,0,0.0
82522,0,0.662133787,29,0,6791.0,,4,0,1,0,
82523,1,0.9999998999999999,62,0,0.287512195,10249.0,2,0,1,0,0.0
82524,0,0.012623067,47,0,0.143246682,5500.0,7,0,1,0,2.0
82526,0,0.967583399,56,0,0.38447765799999994,12845.0,11,0,1,0,4.0
82527,0,0.001323481,50,0,0.195737964,3800.0,6,0,0,0,1.0
82528,1,0.9701492540000001,31,0,0.001249688,4000.0,1,0,0,0,0.0
82530,0,0.074626866,39,0,0.316995128,13750.0,10,0,1,0,0.0
82531,0,0.13013807300000002,25,0,24.0,,2,0,0,0,
82533,0,0.047385777999999996,72,0,0.134935305,540.0,5,0,0,0,0.0
82534,0,0.024957173,60,0,0.18938053100000002,6214.0,4,0,1,0,3.0
82535,0,0.204927305,41,0,0.13441119699999998,8287.0,7,0,0,0,5.0
82537,0,0.25591415300000003,64,0,0.272727273,1000.0,4,0,1,0,0.0
82538,0,0.606631842,58,0,0.728663765,7580.0,23,0,2,0,1.0
82539,1,0.548440494,63,2,0.39226618700000004,5559.0,11,0,0,0,1.0
82541,0,0.005494776999999999,34,0,0.000749813,4000.0,2,0,0,0,1.0
82542,0,0.65828727,65,0,0.326130798,3470.0,5,0,1,0,1.0
82543,0,0.013713983999999999,53,0,0.273110673,14700.0,6,0,1,0,0.0
82544,0,0.8593570779999999,47,0,0.8741258740000001,1000.0,4,0,0,0,2.0
82545,0,0.036362677999999996,50,0,0.75375982,4454.0,31,0,2,0,3.0
82546,0,0.086543207,67,0,0.044727034000000006,4560.0,8,0,1,0,0.0
82547,0,0.770269144,59,0,0.408186256,7988.0,6,0,1,1,0.0
82549,0,0.602683756,73,0,0.243820494,8333.0,10,0,1,0,0.0
82551,0,0.943400676,48,0,0.594681064,5000.0,4,0,1,0,3.0
82552,0,0.9999998999999999,40,1,0.077490314,8000.0,8,0,0,0,2.0
82553,1,0.9999998999999999,58,0,0.617514488,1552.0,6,0,1,0,0.0
82554,0,0.43023798399999996,67,0,0.388489209,3196.0,5,0,1,0,0.0
82555,0,0.22236492100000002,49,0,0.129486201,9166.0,4,0,1,0,7.0
82559,0,0.317445504,29,0,0.328261356,4468.0,6,0,0,0,0.0
82562,0,0.350444109,54,0,0.637471515,10092.0,15,0,1,0,1.0
82563,0,0.0,26,0,0.34497467299999995,3750.0,4,0,2,2,0.0
82565,1,0.9999998999999999,27,1,470.0,,2,0,0,2,0.0
82566,0,0.74195292,49,0,0.304185843,13688.0,5,0,1,0,5.0
82567,0,0.00963214,74,0,0.181007885,5833.0,14,0,2,0,0.0
82569,0,0.02047228,70,0,1317.0,,16,0,1,0,0.0
82570,0,0.9999998999999999,73,0,0.225015713,3181.0,5,0,2,0,1.0
82571,0,0.002382766,54,0,0.410444601,7084.0,6,0,1,0,0.0
82574,0,0.711331547,58,0,0.334213263,12500.0,6,0,2,0,1.0
82575,0,0.019752365,63,0,0.050376155,10500.0,9,0,0,0,0.0
82576,0,0.7271538409999999,67,0,1.303556658,2417.0,12,0,1,0,0.0
82577,0,0.9999998999999999,79,0,0.0,,0,0,0,0,0.0
82578,0,0.7579896740000001,39,1,0.62224902,9950.0,13,0,4,0,3.0
82582,0,0.025159241000000002,77,0,0.185226998,12400.0,7,0,2,0,0.0
82583,0,0.000835205,52,0,0.06736657900000001,8000.0,6,0,1,0,0.0
82586,0,0.21317951699999999,60,0,0.41491701700000005,5000.0,13,0,1,0,0.0
82587,0,0.42033550799999997,57,0,0.44648856200000003,6250.0,10,0,3,0,0.0
82589,0,0.47206473299999996,53,0,1.353846154,8579.0,9,0,5,0,0.0
82590,0,0.530761087,68,0,0.09216506099999999,5500.0,4,0,0,0,0.0
82591,0,0.0,59,0,319.0,,13,0,0,0,0.0
82592,0,0.006894555,63,0,7.0,,2,0,0,0,0.0
82593,0,0.5772345839999999,37,0,0.307956006,7000.0,11,0,0,0,3.0
82594,0,0.297247616,55,0,0.387426326,7634.0,17,0,2,0,2.0
82595,0,0.04297206,62,0,0.174434754,18000.0,10,0,1,0,1.0
82596,0,0.45764890700000005,58,0,0.032229185,3350.0,3,0,0,1,0.0
82597,0,0.000596926,40,0,0.173459876,11800.0,7,0,1,0,1.0
82598,0,0.082710299,37,0,0.44834022100000004,7500.0,10,0,2,0,0.0
82599,0,0.039689307,47,0,0.417930345,6000.0,15,0,2,0,2.0
82600,0,0.08139922299999999,48,0,872.0,,12,0,2,0,0.0
82601,0,0.249053639,32,0,0.7738150020000001,4345.0,11,0,1,0,0.0
82602,0,0.069727038,50,0,1.061312896,3000.0,6,0,2,0,0.0
82603,0,0.10224469,71,0,1.384083045,3467.0,16,1,2,0,0.0
82604,0,0.44176963700000005,60,1,2851.0,,8,0,2,0,1.0
82608,0,0.020715538000000002,65,0,0.0035709179999999997,7000.0,3,0,0,0,0.0
82609,0,0.491357554,48,0,0.113082955,7268.0,8,0,0,0,0.0
82610,0,0.309911024,44,0,1248.0,,3,0,1,0,0.0
82612,0,0.10024387,54,1,0.36818131299999995,9000.0,17,0,2,0,0.0
82613,0,0.517800571,67,0,4221.0,,14,0,1,0,0.0
82615,0,0.245656149,56,0,0.189272195,14000.0,8,0,2,0,3.0
82617,0,0.248447523,72,0,1096.0,,19,0,1,0,0.0
82621,0,0.22360113199999998,60,0,0.053459905,4002.0,9,0,0,0,0.0
82622,0,0.214598175,56,0,0.133773245,5000.0,2,0,1,0,1.0
82623,0,0.538690886,35,0,0.510212827,7000.0,6,0,2,0,1.0
82624,0,0.10355966400000001,49,0,3111.0,,18,0,2,0,2.0
82625,0,0.927590512,39,2,21.0,,2,0,0,0,0.0
82626,0,0.044101829,49,0,0.468616815,5161.0,12,0,2,0,0.0
82627,0,0.139972196,59,0,0.67666322,2900.0,12,0,1,0,1.0
82628,0,0.0,31,0,543.0,,2,3,0,0,0.0
82629,0,0.144285655,61,0,0.705419942,7250.0,11,0,3,0,0.0
82630,0,0.025923526000000002,52,0,543.0,,4,0,0,0,0.0
82631,0,0.0008124489999999999,41,0,0.22873457,11908.0,7,0,3,0,1.0
82632,0,0.540753021,54,0,0.255396692,10700.0,11,0,0,0,1.0
82634,0,0.04595186,67,0,574.0,,7,0,1,0,
82635,0,0.014696299,90,0,0.050138313,5783.0,3,0,0,0,0.0
82636,0,0.153329178,61,0,4133.0,,7,0,2,0,
82637,0,0.044014707,53,0,0.192050165,9408.0,5,0,1,0,3.0
82638,0,0.022799349,69,0,0.260160835,4600.0,4,0,1,0,1.0
82640,0,0.002461826,57,0,0.588524842,6500.0,13,0,1,0,0.0
82641,0,0.558239595,38,0,0.694960212,4523.0,16,0,1,0,0.0
82642,0,0.326332795,62,0,2037.0,,19,0,1,0,0.0
82643,0,0.328667333,27,1,0.15662937400000002,4200.0,5,0,0,0,0.0
82644,0,0.062719412,60,0,0.212551186,10500.0,14,0,1,0,0.0
82645,0,0.382149809,41,0,0.190231362,3500.0,17,0,0,0,2.0
82646,0,0.08607789699999999,55,0,0.6969205829999999,4935.0,11,0,2,0,0.0
82648,0,0.018854601999999998,50,0,0.441158272,8080.0,9,0,2,0,2.0
82650,0,0.265564591,39,0,0.19908899,9000.0,4,0,0,0,3.0
82652,0,0.240497362,52,0,0.538146185,10000.0,22,0,2,0,2.0
82654,0,0.039489277999999996,42,0,0.088464085,12083.0,11,0,1,0,1.0
82655,0,0.0,22,0,0.0,820.0,2,0,0,0,0.0
82657,0,0.0,22,1,0.0,,2,0,0,0,0.0
82661,0,0.078483472,51,0,0.7863223340000001,10454.0,10,0,5,0,4.0
82662,0,0.0,61,0,0.507278341,6800.0,13,0,3,0,1.0
82665,0,0.051768234,52,0,0.22609325600000002,15183.0,16,0,1,0,2.0
82668,0,1.172524627,38,0,2030.0,,6,0,0,0,0.0
82669,0,0.099671911,39,0,0.310844578,2000.0,18,0,1,0,1.0
82670,0,0.077369439,48,0,0.421523349,13640.0,16,0,4,0,5.0
82671,1,0.273151233,29,0,0.302246715,2358.0,11,0,0,0,0.0
82674,0,0.78481058,62,0,0.35593220299999995,7138.0,13,0,2,0,0.0
82676,0,0.014138935,65,0,1908.0,,5,0,1,0,0.0
82677,0,0.9999998999999999,50,0,0.0,3500.0,0,2,0,0,0.0
82678,0,0.261852662,63,0,0.31582013,8583.0,9,0,2,0,0.0
82679,0,0.05790444,43,0,0.24671916,8000.0,8,0,2,0,2.0
82680,0,0.025284811,66,0,31.0,,4,0,0,0,0.0
82681,0,0.0,67,0,43.0,,5,0,0,0,0.0
82682,0,0.6942957040000001,57,0,0.653652968,4379.0,15,0,1,0,2.0
82683,0,0.144185581,64,0,0.083194676,600.0,4,0,0,0,0.0
82684,0,0.010919563,47,0,0.226620485,8083.0,6,0,1,0,2.0
82685,0,0.151038141,57,0,2878.0,,22,0,2,0,
82687,0,0.148026496,57,0,0.48994857399999997,6416.0,12,0,2,0,1.0
82688,0,0.9999998999999999,49,0,0.266069746,10609.0,8,0,1,0,0.0
82689,0,0.011024724,79,0,0.003787879,3167.0,4,0,0,0,0.0
82690,0,0.7525412429999999,52,1,0.08145580599999999,7500.0,2,0,0,0,0.0
82692,0,0.022010413,87,0,23.0,,6,0,0,0,
82693,0,0.043848455,55,0,62.0,,3,0,0,0,1.0
82694,0,0.369472836,46,0,0.896763393,3583.0,7,0,1,0,2.0
82695,0,0.7630987220000001,47,0,0.651546191,10250.0,13,0,2,0,3.0
82696,0,0.974209312,40,0,0.28714246,3600.0,9,0,0,0,2.0
82698,0,0.9999998999999999,36,0,0.44038990299999997,4000.0,2,0,1,0,0.0
82701,0,0.9999998999999999,56,0,4416.0,,3,0,1,0,0.0
82702,0,0.501016178,48,1,0.05963467,5583.0,4,0,1,0,1.0
82705,0,0.7964071859999999,29,1,0.12872318300000002,4800.0,4,0,0,0,1.0
82706,0,0.37881829100000003,54,1,1.245308835,5115.0,13,0,2,0,0.0
82707,0,0.12393493400000001,27,0,0.073385323,5000.0,6,0,0,0,0.0
82708,1,0.562205399,47,0,0.41784568899999996,5300.0,6,0,1,0,3.0
82709,0,0.006025767,64,0,0.496821991,24700.0,22,0,5,0,1.0
82710,0,0.00559972,67,0,111.0,,6,0,0,0,0.0
82711,0,0.0,42,0,434.0,,4,0,0,0,0.0
82712,0,0.9999998999999999,26,0,0.17493752199999998,2800.0,1,0,0,0,0.0
82713,0,0.026803396,48,0,0.231338077,7166.0,5,0,1,0,1.0
82714,0,0.052183717000000004,72,1,1.130890052,2100.0,15,0,2,0,1.0
82715,0,0.11439986,79,0,1062.0,,21,0,1,0,0.0
82716,0,0.029678813,53,0,69.0,,2,0,0,0,0.0
82717,0,0.622662222,53,0,0.25631993399999997,4825.0,3,0,0,0,1.0
82720,0,0.5184381779999999,40,0,0.471682265,8333.0,12,0,1,0,1.0
82721,0,0.0,61,0,0.261341223,1013.0,5,0,0,0,0.0
82723,0,0.027059605,69,0,0.28241865,4117.0,11,0,2,0,1.0
82724,0,0.0,22,0,0.0,,1,0,0,0,0.0
82725,0,0.427703946,54,0,3557.0,0.0,9,0,1,0,0.0
82727,0,0.9721726409999999,52,0,1.8202855740000001,2030.0,9,0,1,0,0.0
82728,0,0.6258077679999999,55,0,4066.0,,5,0,2,0,0.0
82729,1,1.045701228,32,1,0.19537815100000003,3807.0,9,2,0,2,0.0
82731,0,0.139771506,62,0,0.547878249,4500.0,7,0,1,0,0.0
82732,0,0.028309062000000003,43,0,0.683829043,4000.0,8,0,1,0,0.0
82733,0,0.00997094,74,0,0.306134969,6519.0,15,0,1,0,0.0
82734,0,0.0,42,3,0.05365561,11666.0,5,1,0,0,3.0
82735,0,0.9999998999999999,39,0,0.308243728,5300.0,2,0,1,0,3.0
82736,1,0.13138827,51,4,0.068450039,5083.0,7,0,0,0,0.0
82737,0,0.309279402,45,0,0.1516065,13600.0,7,0,1,0,3.0
82738,0,0.016029834,52,0,0.026933102,1150.0,3,0,0,0,2.0
82739,0,0.185474398,59,0,0.529796048,6275.0,23,0,3,0,0.0
82741,0,0.283887096,44,0,0.128441755,6609.0,6,0,0,0,0.0
82744,0,0.626674665,59,0,0.796447076,2701.0,6,0,1,0,2.0
82748,0,0.9735443490000001,64,0,0.7248819959999999,4448.0,7,0,1,0,0.0
82749,0,0.10996606099999999,50,0,0.033163903,12000.0,15,0,0,0,0.0
82750,0,0.325301481,46,0,2410.0,,9,0,2,0,2.0
82751,0,0.03446969,56,0,0.221986126,16000.0,18,0,2,0,1.0
82752,0,0.18087884,60,0,0.343581378,7968.0,6,0,2,0,0.0
82755,0,0.250027573,70,1,0.227897839,1017.0,8,1,0,0,0.0
82756,0,0.007906088,57,0,0.185136032,10548.0,14,0,2,0,1.0
82757,0,0.031557768,46,0,0.35228714299999997,13400.0,8,0,2,0,1.0
82758,0,0.056929537999999995,30,0,0.44084229700000005,6600.0,8,0,2,0,0.0
82759,0,0.11507853800000001,70,0,0.12006042800000001,12576.0,12,0,0,0,1.0
82760,0,0.860793245,62,0,0.223996471,11334.0,5,0,2,0,0.0
82762,0,0.000999962,45,0,0.196169228,4750.0,2,0,1,0,0.0
82764,0,0.069294143,68,0,106.0,,4,0,0,0,0.0
82765,0,0.06896817,61,1,0.12099327800000001,18000.0,9,0,1,0,0.0
82767,0,0.030092895,53,0,0.24451799800000001,7250.0,24,0,2,0,2.0
82768,0,0.0,39,0,0.22647363,2900.0,5,0,0,0,2.0
82770,0,0.3093014,65,1,0.112859751,11500.0,9,0,0,0,1.0
82771,0,0.0060981609999999995,55,0,0.279549521,9500.0,6,0,3,0,1.0
82772,0,0.6309482120000001,38,0,0.49411241899999997,4500.0,7,0,1,0,1.0
82774,0,0.293864097,44,0,0.006758946,21600.0,5,0,0,0,1.0
82776,0,0.026583936000000002,38,0,0.437380218,12000.0,14,0,2,0,0.0
82777,0,0.00189419,55,3,0.47153642100000004,4900.0,10,0,2,0,1.0
82778,0,0.43002780399999996,34,0,0.323236757,6833.0,5,0,2,0,0.0
82779,0,0.041377657000000005,55,0,0.221349518,2800.0,6,0,1,0,0.0
82780,0,0.001580965,56,0,0.29776404300000003,5500.0,8,0,1,0,1.0
82781,0,0.11703111599999999,93,0,0.021468041,47232.0,9,0,1,0,0.0
82782,0,0.627194942,41,0,0.579663901,4700.0,10,0,2,0,0.0
82783,0,0.031592685,53,0,0.250907863,11840.0,16,0,3,0,0.0
82784,0,0.238639328,51,1,0.44660194200000003,9166.0,13,0,2,0,1.0
82785,0,0.261911637,48,0,2415.0,1.0,14,0,2,0,0.0
82786,0,0.156314908,58,0,0.38684690200000005,6583.0,7,0,2,0,1.0
82787,0,0.135099525,32,0,0.507198684,2430.0,8,0,0,0,0.0
82788,0,0.15605806,44,1,0.25399811899999997,9566.0,12,0,1,0,0.0
82789,0,0.286690995,41,2,2688.0,,10,0,2,0,0.0
82790,0,0.22565813399999998,45,0,2456.0,,13,0,1,0,0.0
82791,0,0.138692302,52,0,18.71287129,100.0,7,0,1,0,0.0
82793,0,0.29902983899999996,30,0,0.252399651,4583.0,8,0,0,0,0.0
82795,0,0.525802959,50,1,0.398631759,7600.0,18,0,2,0,2.0
82796,0,0.008589312,82,0,0.002443416,7775.0,7,0,0,0,0.0
82797,0,0.8591581209999999,31,1,0.473503785,7000.0,11,0,1,0,2.0
82798,0,0.048628248,77,0,0.07467057099999999,1365.0,9,0,0,0,0.0
82799,0,0.071534733,65,0,0.597582038,11000.0,8,0,3,0,0.0
82800,1,0.651624267,49,0,0.229144815,14300.0,19,0,2,0,3.0
82801,0,0.183803689,59,0,0.692216139,4200.0,9,0,2,0,0.0
82802,0,0.247078658,36,0,0.437852047,5325.0,9,0,1,0,3.0
82803,0,0.057443159,43,0,0.242787848,7833.0,15,0,2,0,1.0
82804,0,0.059171449,71,0,0.84351261,3290.0,11,0,3,0,0.0
82805,0,0.22702342399999997,62,0,3231.0,,8,0,1,0,0.0
82806,0,0.139681723,71,0,0.324986088,7187.0,9,0,2,0,0.0
82808,0,0.035318648,56,0,0.334451255,8646.0,12,0,1,0,2.0
82809,0,0.076645184,47,0,0.40203813299999996,6083.0,6,0,1,0,3.0
82810,1,0.9999998999999999,28,0,36.0,,1,0,0,1,1.0
82811,0,0.014828751999999999,83,0,0.007902299,4175.0,9,0,0,0,0.0
82812,0,0.045639597000000004,60,1,1091.0,,5,0,1,0,0.0
82813,0,0.048937709,68,0,94.0,,4,0,0,0,0.0
82814,0,0.10556692699999999,46,0,0.508528408,8500.0,8,0,2,0,2.0
82815,0,0.046716083,48,0,0.009987516,800.0,2,0,0,0,1.0
82816,0,0.783494716,32,0,0.788692262,6667.0,10,0,1,0,0.0
82818,1,1.089700997,46,0,0.21402483600000002,9582.0,8,0,1,0,1.0
82822,0,0.345987628,32,0,0.1994003,2000.0,6,0,0,0,0.0
82823,0,0.034391629,71,0,0.218535991,6570.0,5,0,1,0,0.0
82824,0,0.485568896,40,0,0.271491403,2500.0,5,0,0,0,1.0
82827,0,0.036605836,75,0,0.020256583,1480.0,5,0,0,0,0.0
82828,0,0.677791875,70,2,0.423244026,19333.0,14,0,2,0,1.0
82829,0,0.173536529,67,0,0.336394245,9800.0,8,0,2,0,0.0
82830,0,0.169337264,26,0,0.008912249,4375.0,3,0,0,0,0.0
82831,0,0.0,84,0,0.0007384160000000001,5416.0,7,0,0,0,0.0
82832,0,0.99950025,27,0,0.166066715,4166.0,11,0,0,0,0.0
82834,0,0.08879992199999999,47,0,0.896200691,5500.0,14,0,1,0,0.0
82835,0,0.093073987,64,0,0.004250152,3293.0,2,0,0,0,0.0
82836,0,0.9999998999999999,23,0,0.059701493,200.0,1,0,0,0,0.0
82838,0,0.0,72,0,2541.0,,15,0,1,0,0.0
82839,0,0.03700493,49,0,0.254529255,10100.0,11,0,2,0,2.0
82840,0,0.213946434,44,0,1888.0,,7,0,1,0,0.0
82841,0,0.055133858,69,0,0.131847532,4800.0,2,0,1,0,0.0
82842,0,0.947402739,28,0,196.0,,6,0,0,0,
82843,0,0.15197828900000002,36,1,0.048658557000000005,6000.0,2,0,0,0,0.0
82844,0,0.0,59,0,0.214417097,11416.0,6,0,1,0,0.0
82846,0,0.005048594,56,0,0.436955821,3100.0,16,0,1,0,1.0
82847,0,0.55584026,51,0,0.335214032,8152.0,8,0,1,0,3.0
82848,0,0.5472404120000001,46,1,0.666589755,4333.0,22,0,2,1,0.0
82849,0,0.574118398,37,0,0.353884329,10477.0,7,0,2,0,2.0
82850,0,0.556419399,44,0,0.26712431,6700.0,8,0,1,0,2.0
82851,0,0.138576175,54,0,0.18251269899999997,25000.0,7,0,1,0,0.0
82852,0,0.895863053,51,1,0.003086039,8100.0,2,0,0,0,0.0
82854,0,0.528013882,48,0,0.431069696,7833.0,6,0,2,0,0.0
82855,0,0.057762056,78,0,2208.0,,19,0,1,0,0.0
82856,0,0.03710089,29,0,3185.0,,6,0,1,0,0.0
82857,0,0.045279907,61,0,0.12882033699999998,3500.0,4,0,1,0,1.0
82859,0,0.824684489,46,0,0.134431138,10019.0,13,0,0,0,3.0
82860,0,0.6961143259999999,45,1,0.40237656200000005,9761.0,9,0,1,0,2.0
82861,0,0.136321973,38,0,0.318779459,4030.0,5,0,1,0,0.0
82862,0,0.038280252,56,0,3693.0,,11,0,2,0,0.0
82863,0,0.17476504699999998,46,0,1343.0,,3,0,1,0,2.0
82864,0,0.534575308,56,0,0.11114814199999999,6000.0,3,0,1,0,1.0
82865,0,0.040546654,66,0,58.0,,5,0,0,0,0.0
82871,0,0.011950322,79,0,29.0,,5,0,0,0,0.0
82872,0,0.219906249,61,0,0.383857764,7817.0,9,0,2,0,1.0
82874,0,0.085932831,33,0,0.349627819,9000.0,14,0,2,0,2.0
82875,0,0.044176177999999997,68,0,43.0,,4,0,0,0,
82876,0,0.9999998999999999,74,0,0.000333222,3000.0,4,0,0,0,0.0
82877,0,0.13584320800000002,66,0,81.0,,4,0,0,0,0.0
82879,0,0.0,45,0,0.6834316570000001,10000.0,8,0,2,0,0.0
82881,0,0.21226257899999998,36,0,0.532733369,5666.0,8,0,2,0,2.0
82882,0,0.9999998999999999,53,1,0.488393686,14000.0,7,4,1,0,0.0
82884,0,0.144523115,36,0,0.219546742,2117.0,3,0,0,0,0.0
82885,0,0.014293948999999999,57,0,0.486585569,6000.0,24,0,2,0,0.0
82886,0,0.247048297,55,0,1.2553102870000001,2400.0,15,0,1,0,1.0
82889,0,0.094884071,65,0,194.0,,14,0,0,0,0.0
82891,0,0.315916937,64,2,0.470068301,7466.0,10,0,3,0,0.0
82893,0,0.015328443,57,0,0.260966018,9916.0,6,0,1,0,0.0
82894,0,0.013748905,82,0,0.018653846,5199.0,17,0,0,0,0.0
82895,0,0.033720349,58,0,0.139297848,2648.0,6,0,0,0,0.0
82896,0,0.017178338,57,0,0.019393608,3660.0,14,0,1,0,1.0
82897,0,0.39840040000000004,27,0,0.01305193,3600.0,3,0,0,0,0.0
82899,0,0.421479826,61,0,0.316349325,9400.0,8,0,2,0,0.0
82901,0,0.15285675099999999,61,0,0.528505701,4998.0,8,0,2,0,0.0
82902,0,0.37630341100000003,62,1,4191.0,,10,0,3,0,0.0
82903,0,0.35296592299999996,37,0,0.436890777,4000.0,6,0,1,0,1.0
82904,0,0.060191417000000004,48,0,0.31181004,4800.0,7,0,2,0,0.0
82905,0,0.9999998999999999,53,1,0.17679804100000002,4490.0,4,0,0,0,1.0
82906,0,0.741197407,35,0,0.915176798,5033.0,13,1,4,0,0.0
82907,0,0.81278309,43,0,0.17640524300000002,4500.0,7,0,0,0,3.0
82908,0,0.027130164,62,0,0.0029521,10500.0,6,0,0,0,0.0
82909,1,1.01045781,36,0,0.47863409100000004,10600.0,22,0,2,0,1.0
82911,0,0.66449342,32,0,561.0,1.0,10,0,0,0,2.0
82912,1,0.45927362200000005,52,1,3043.0,,11,0,2,0,1.0
82913,0,0.000606042,60,0,1731.0,,9,0,1,0,0.0
82914,0,0.52056505,54,0,0.642864906,9200.0,38,0,4,0,3.0
82915,0,0.0,69,0,0.447480155,5416.0,8,0,2,0,0.0
82916,0,0.767308173,53,0,281.0,,2,0,0,0,0.0
82918,0,0.163015719,48,0,0.37215411600000003,3425.0,11,0,1,0,0.0
82920,0,0.484460622,39,0,0.34006946600000004,3166.0,6,0,1,0,2.0
82921,0,0.0,72,0,0.0,,4,0,0,0,0.0
82925,0,0.0,55,0,0.8235294120000001,50.0,4,0,0,0,3.0
82927,0,0.167522165,41,0,1331.0,0.0,5,0,1,0,1.0
82928,0,0.01812774,67,0,31.0,,4,0,0,0,0.0
82929,0,0.137117814,54,0,2562.0,,30,0,1,0,0.0
82930,0,0.009919206,56,0,0.19210884399999997,3674.0,12,0,0,0,0.0
82931,0,0.9209649259999999,68,0,0.193385867,7740.0,5,0,1,0,1.0
82932,0,0.668573703,57,5,0.914111598,5250.0,25,0,2,0,0.0
82933,0,0.48410106,34,0,0.34257343799999995,4833.0,3,0,1,0,3.0
82938,0,0.183427135,46,0,0.21244105100000002,4452.0,6,0,1,0,2.0
82940,0,0.221046443,28,1,0.12045760400000001,2971.0,4,0,0,0,2.0
82941,0,0.11229177,55,0,0.9527148870000001,4990.0,21,0,2,0,0.0
82942,0,0.7789026370000001,43,0,0.145776405,8416.0,3,0,1,0,1.0
82944,0,0.003461405,86,0,9.0,,12,0,0,0,0.0
82945,0,0.14875246,35,0,1763.0,,9,0,1,0,3.0
82947,1,0.9242465879999999,44,1,3544.0,,11,0,1,0,1.0
82948,0,0.0,66,0,0.198400133,12000.0,5,0,1,0,3.0
82949,0,0.9999998999999999,41,0,0.18369625899999997,1790.0,2,0,0,0,1.0
82951,0,0.158364221,45,0,0.537074554,9871.0,16,0,2,0,1.0
82952,0,0.781467142,58,0,0.553307301,8450.0,15,0,3,0,0.0
82953,0,0.463538921,43,0,0.531346865,10000.0,12,0,2,0,2.0
82955,0,0.0,66,0,0.374375089,7000.0,11,0,1,0,0.0
82957,0,0.695138241,61,0,2349.0,,14,0,1,0,0.0
82958,0,0.158168366,54,0,0.31621790899999996,6387.0,4,0,1,0,1.0
82959,0,0.065786843,38,0,644.0,,3,0,0,0,0.0
82960,0,0.00949975,65,0,0.138222222,8999.0,7,0,1,0,0.0
82961,0,0.0190787,62,0,13.0,,4,0,0,0,0.0
82964,0,0.879515061,28,0,0.15047196,1800.0,7,0,0,0,0.0
82965,0,0.0,61,0,9272.0,,7,0,2,0,0.0
82967,0,0.076598132,46,0,0.345322497,5782.0,7,0,2,0,0.0
82970,0,0.167378564,56,0,0.158484152,10000.0,4,0,1,0,1.0
82971,0,0.005233159,85,0,4.0,,2,0,0,0,0.0
82972,0,0.227737854,53,0,1.372434018,3750.0,12,0,2,0,0.0
82973,0,0.15126071300000002,49,0,0.024905818,14333.0,8,0,1,0,2.0
82974,0,0.022026432000000002,75,3,0.0,3352.0,5,1,0,2,0.0
82975,0,0.00202085,53,1,1850.0,,12,0,2,0,
82977,0,0.086214587,66,1,0.041179085,6750.0,11,1,0,1,0.0
82979,0,0.844240949,52,1,0.735947173,12114.0,15,0,2,0,0.0
82980,0,0.304219952,68,0,0.32617625100000003,5355.0,7,0,2,0,0.0
82982,0,0.02166927,82,0,0.009117792,4057.0,11,0,0,0,0.0
82983,0,0.039544855,63,0,84.0,,6,0,0,0,0.0
82984,0,0.404649235,63,0,0.251187203,4000.0,5,0,1,0,0.0
82985,0,0.013984278999999999,60,0,0.375633375,8880.0,17,0,2,0,2.0
82986,0,0.069445714,57,0,0.190975952,12100.0,14,0,3,0,2.0
82987,0,0.975822098,64,0,686.0,,5,0,0,0,0.0
82988,0,0.030886419,73,0,0.280914606,2142.0,5,0,1,0,0.0
82989,0,0.035928035,73,0,0.44315004700000005,8583.0,26,0,2,0,1.0
82990,0,0.485151506,44,0,0.36803375200000005,10191.0,9,0,1,0,1.0
82991,0,0.320121986,26,0,0.201079194,6300.0,15,0,0,0,0.0
82993,0,0.6914530590000001,49,0,0.143095768,7183.0,9,0,1,0,3.0
82995,1,0.556320216,55,1,430.0,,4,2,0,1,0.0
82996,0,0.263855441,52,0,0.514612452,2360.0,13,0,1,0,3.0
82998,0,0.0,68,2,0.26077586199999997,4175.0,5,0,1,0,0.0
82999,0,0.0,66,0,1551.0,,2,0,1,0,0.0
83001,1,1.098901099,29,1,0.614311704,1648.0,7,0,0,0,1.0
83002,0,0.00077101,45,0,0.184375727,4300.0,7,0,1,0,1.0
83003,0,0.010602533999999999,60,0,0.282102557,7000.0,7,0,2,0,2.0
83004,0,0.023332556,82,0,0.21720306,6928.0,4,0,1,0,0.0
83005,0,0.074227625,70,0,2446.0,,10,0,4,0,
83006,0,0.004332852,43,0,0.828982068,7583.0,9,0,2,0,2.0
83007,0,0.9999998999999999,75,0,0.0,13945.0,2,0,0,0,0.0
83008,0,0.18474464100000001,52,1,2.471264368,2000.0,14,0,4,0,0.0
83009,0,0.670666536,41,0,0.30280307100000003,5600.0,8,0,0,0,2.0
83010,0,0.223885685,67,0,0.198454545,10999.0,7,0,2,0,0.0
83011,0,0.0,65,0,0.0,8333.0,4,0,0,0,1.0
83012,0,0.093584581,64,0,0.681263747,5000.0,18,0,2,0,2.0
83013,0,0.261945742,72,0,0.090232558,1074.0,6,0,0,0,0.0
83015,0,0.00440068,64,0,4.953752182,1145.0,9,0,1,0,0.0
83016,0,0.018520162,62,0,49.0,,12,0,0,0,0.0
83018,0,0.3624004,61,0,3006.0,,14,0,1,0,0.0
83019,0,0.16781782399999998,60,0,0.45156926399999997,11087.0,20,0,3,0,2.0
83020,1,0.884046381,55,0,3477.0,,7,0,3,0,4.0
83024,0,0.9999998999999999,37,0,0.20490686100000002,2200.0,3,0,0,0,2.0
83025,0,0.978816347,46,0,0.323240443,11195.0,13,0,1,0,3.0
83026,0,0.051603450999999995,60,0,924.0,,17,0,0,0,0.0
83028,0,0.017732151,45,0,0.000933209,7500.0,4,0,0,0,0.0
83029,0,0.0,74,0,0.024195161,5000.0,4,0,0,0,2.0
83031,0,0.022996167,28,1,0.147702221,5896.0,12,0,0,0,0.0
83032,0,0.029892802000000003,59,0,0.237629886,8083.0,14,0,1,0,1.0
83033,0,0.018648089,67,0,0.5096908170000001,4333.0,7,0,2,0,1.0
83034,0,0.887353225,46,0,0.196080392,10000.0,9,0,0,0,4.0
83035,0,0.752856179,50,0,0.188320335,5256.0,7,0,0,0,2.0
83038,0,1.174235933,27,0,0.189270243,3000.0,9,0,0,0,0.0
83039,0,0.483101503,61,0,4034.0,,14,0,1,0,0.0
83041,0,0.23968704,40,0,0.667291471,3200.0,16,0,1,0,0.0
83042,0,0.07106080599999999,58,0,0.006124234,8000.0,3,0,0,0,2.0
83045,0,0.047561019,70,0,0.038961038999999996,1000.0,9,0,0,0,0.0
83046,0,0.32158980600000003,63,0,228.0,,2,0,0,0,0.0
83049,0,0.022823082,71,0,0.0048564490000000005,7000.0,3,0,0,0,1.0
83050,0,0.004393876,63,0,0.35872825399999997,5000.0,7,0,2,0,2.0
83052,0,11553.0,66,1,3742.0,,6,0,1,0,2.0
83053,0,0.9934264340000001,42,0,0.318174134,11829.0,11,0,1,0,4.0
83055,0,0.0,30,0,0.46199016,6300.0,7,0,1,0,0.0
83056,0,0.9999998999999999,48,0,0.45395449600000004,4614.0,2,0,1,0,1.0
83057,0,0.553089997,39,0,0.450824679,4910.0,9,0,1,0,2.0
83058,0,0.091610193,42,0,0.256582894,15000.0,17,0,2,0,3.0
83060,1,0.642159746,30,0,0.508618404,3770.0,8,0,1,0,0.0
83061,0,0.408659134,38,0,1.549960032,1250.0,7,0,1,0,3.0
83063,0,0.129280525,70,0,0.37544982,2500.0,19,0,1,0,0.0
83064,0,0.094477859,73,0,0.114977005,5000.0,4,0,0,0,0.0
83065,0,1.08922505,53,1,0.518576661,1910.0,3,0,0,0,1.0
83066,0,0.199521587,45,0,0.47900839700000003,2500.0,13,0,0,0,0.0
83067,0,0.112459169,74,0,50.0,,1,0,0,0,0.0
83071,0,0.007028370999999999,59,0,13.0,,2,0,0,0,
83073,0,0.161098326,61,1,4.24750499,500.0,5,0,2,0,0.0
83074,0,0.06820941400000001,56,0,799.0,,2,0,1,0,0.0
83075,0,0.836968101,49,0,0.259523966,15250.0,13,0,1,2,3.0
83077,0,1.0809753640000002,63,1,6.29379562,2739.0,9,0,3,1,0.0
83079,0,0.013146035,73,0,0.19386331899999998,2150.0,13,0,1,0,0.0
83080,0,0.35421435100000004,64,0,0.076467765,6250.0,4,0,0,0,1.0
83082,1,1.0791841629999999,62,1,0.506017404,5400.0,9,0,2,1,0.0
83084,1,0.593560898,39,1,0.185159011,9904.0,15,0,0,0,2.0
83085,0,0.080324954,52,0,1600.0,,8,0,1,0,
83086,0,0.021405413999999998,67,0,0.614580129,3250.0,14,0,1,0,2.0
83089,0,0.10084468199999999,46,0,2167.0,,5,0,1,0,0.0
83092,0,0.595529176,60,0,0.449875366,9226.0,8,0,1,0,1.0
83093,0,0.131105092,58,0,0.47119179200000005,3800.0,9,0,2,0,0.0
83094,0,0.009820180999999999,83,0,1266.0,,17,0,2,0,0.0
83095,0,0.008090541,52,0,0.482846902,7811.0,4,0,1,0,0.0
83097,0,0.296592585,68,0,2076.0,,9,0,1,0,0.0
83098,0,0.003999515,40,0,0.10309755,4325.0,5,0,1,0,5.0
83101,0,0.9999998999999999,28,0,0.059104737000000004,2300.0,2,0,0,0,0.0
83102,0,0.00887807,77,0,0.477697095,5783.0,8,0,3,0,1.0
83103,0,0.157327019,43,0,0.007283633,2333.0,2,0,0,0,1.0
83104,1,0.261921299,50,3,0.10364529800000001,8750.0,8,2,0,2,1.0
83105,1,0.331394741,34,2,0.39609597399999996,7376.0,6,0,2,1,1.0
83106,0,0.618098707,40,2,0.29860337,15250.0,8,0,2,0,3.0
83107,0,0.08501013,47,0,0.212774983,16500.0,16,0,2,0,2.0
83109,1,0.9999998999999999,34,0,340.0,,1,3,0,1,6.0
83110,0,0.591604068,36,0,0.413742956,5500.0,7,0,2,0,2.0
83112,0,0.832989312,56,0,0.23432509699999998,5948.0,3,0,1,0,0.0
83113,0,0.74065187,34,0,0.445555159,2800.0,9,0,1,0,0.0
83115,0,0.701623357,30,0,2505.0,,5,0,1,0,1.0
83116,0,0.104812048,31,0,77.0,,4,0,0,0,0.0
83117,0,0.94493864,40,1,0.5781964510000001,5466.0,11,0,1,0,2.0
83118,0,1.0961887479999999,34,0,0.009439200000000002,1800.0,2,0,0,0,3.0
83119,0,0.9999998999999999,23,0,0.0,1.0,1,0,0,0,0.0
83120,0,0.013906979,71,0,0.165720498,8278.0,9,0,1,0,0.0
83121,0,0.148885111,28,0,0.435080264,4235.0,3,0,2,0,0.0
83122,0,0.030731285,59,0,0.285385897,17400.0,13,0,1,0,0.0
83124,1,1.1916167659999999,62,3,0.182461987,4800.0,6,3,0,1,0.0
83125,0,0.09445866300000001,49,0,0.480910732,7202.0,16,0,1,0,0.0
83126,0,0.008937041,59,0,0.003832695,6000.0,6,0,0,0,0.0
83128,0,0.077100726,49,0,0.30256758300000003,8840.0,20,0,1,0,1.0
83129,0,0.9999998999999999,33,0,0.139235987,2800.0,4,0,0,0,0.0
83130,0,0.16907338600000002,47,0,0.376874375,3000.0,17,0,1,1,0.0
83131,0,0.28329841699999997,60,0,0.418912485,10500.0,12,0,1,0,0.0
83132,0,0.237866137,70,0,0.474905019,5000.0,19,0,2,0,0.0
83135,0,0.724403927,53,1,0.017211371,5170.0,6,2,0,0,1.0
83136,0,0.10539264300000001,39,0,0.038192362,5000.0,7,0,0,0,0.0
83140,0,0.06049879,41,0,3219.0,,6,0,1,0,0.0
83141,0,0.101304055,57,0,0.114923635,14600.0,5,0,1,0,1.0
83142,0,0.390714702,61,0,0.17328464899999999,6572.0,10,0,0,1,1.0
83144,0,0.503178675,62,0,0.328341928,10083.0,17,0,1,0,0.0
83145,0,0.245484657,51,0,1934.0,,6,0,1,0,0.0
83146,0,0.973497871,70,0,3754.0,,19,0,1,0,0.0
83147,0,0.579885125,62,0,0.72872695,4500.0,7,1,2,0,0.0
83148,1,0.963356688,47,0,0.834506372,5256.0,17,0,2,0,1.0
83149,0,0.005319295,80,0,17.0,,13,0,0,0,0.0
83150,1,0.988001263,37,1,0.468790173,7000.0,11,0,1,1,2.0
83151,0,0.053210509,80,0,0.01270616,11883.0,7,1,0,0,0.0
83153,0,0.265117608,45,1,0.211842105,3799.0,11,0,0,0,1.0
83154,0,0.107323431,31,0,0.274105697,6792.0,9,0,2,0,1.0
83155,0,0.357663191,54,1,0.323370924,18000.0,14,0,1,0,1.0
83156,0,0.057884232,21,0,18.0,0.0,1,0,0,0,0.0
83157,0,0.10225402199999999,60,0,0.19666374,13667.0,12,0,2,0,2.0
83158,0,0.679813777,41,1,2075.0,,6,0,1,0,0.0
83159,0,0.0018223279999999998,72,0,0.290397582,4300.0,17,0,1,0,0.0
83160,0,0.9999998999999999,36,1,0.135675521,3500.0,5,0,1,0,0.0
83161,0,0.017882248,49,0,0.310654484,25500.0,13,0,3,0,1.0
83162,0,0.535653033,38,0,0.49508314,5592.0,12,0,2,0,0.0
83165,0,0.157507611,58,0,0.21777858600000002,5500.0,8,0,1,0,0.0
83168,0,0.00239988,46,0,0.230030751,13332.0,6,0,2,0,0.0
83169,0,0.376817633,33,0,0.119387605,6792.0,11,0,0,0,2.0
83171,0,0.05767175,69,0,0.329326464,5240.0,13,0,2,0,1.0
83174,0,0.332779895,51,1,0.35443787,5069.0,4,0,1,0,4.0
83175,0,0.18281217800000002,55,0,1.431137725,500.0,11,0,0,0,0.0
83176,0,0.0,52,0,1092.0,1.0,12,0,1,0,0.0
83177,1,0.8965825999999999,29,0,0.15178013699999998,1600.0,6,0,0,0,0.0
83179,0,0.403841285,46,0,2983.0,,10,0,2,0,4.0
83180,0,0.7740863790000001,47,0,35.0,,1,0,0,0,0.0
83181,0,0.598802395,25,0,57.0,,2,0,0,0,
83182,0,0.141727706,44,0,0.40046296299999995,4751.0,8,0,2,0,0.0
83183,0,0.9999998999999999,25,0,0.20616409800000002,2400.0,4,0,0,0,0.0
83184,1,0.808282756,41,1,0.135620915,1835.0,6,0,0,0,0.0
83186,0,0.088212334,67,0,3004.0,0.0,6,0,1,0,0.0
83187,0,0.058917643,42,0,2012.0,,5,0,1,0,0.0
83189,0,0.02563023,39,2,0.5035926270000001,3200.0,5,0,2,0,2.0
83191,0,0.7942808370000001,69,0,0.38454213600000003,6300.0,8,0,2,0,0.0
83193,0,0.125178558,33,0,3463.0,,6,0,2,0,0.0
83194,0,0.419814505,51,0,0.27964989100000004,4569.0,6,0,1,0,1.0
83195,0,0.0009121260000000001,51,0,0.20057381300000002,3833.0,22,0,1,0,0.0
83197,0,0.0,45,0,1869.0,,6,0,1,0,0.0
83198,0,0.071182612,73,0,0.605678864,5000.0,8,0,2,0,1.0
83199,0,0.25704588300000003,66,0,0.130686789,9143.0,17,0,0,0,2.0
83200,0,0.0,39,1,5169.0,,12,0,3,0,0.0
83201,0,0.160060575,46,1,0.467088819,6000.0,11,0,2,0,1.0
83202,0,0.012093111,57,0,0.722441463,3800.0,20,0,2,0,0.0
83203,0,0.030805169,58,0,0.41604671600000004,12500.0,13,0,4,0,0.0
83204,0,0.0,51,1,0.383154211,4000.0,13,1,2,0,0.0
83205,0,0.988646503,45,1,0.407513212,7000.0,5,0,1,0,3.0
83207,0,0.262905481,57,0,0.618211878,7862.0,17,0,1,0,4.0
83208,0,0.108317367,41,0,4060.0,,22,0,2,0,0.0
83210,0,0.41070465100000003,53,4,0.807444853,2175.0,8,0,1,0,2.0
83211,0,0.076144188,51,1,0.163426926,8333.0,6,0,1,0,0.0
83212,0,0.120033976,38,0,0.45480723100000003,6250.0,11,0,2,0,1.0
83213,1,0.976681337,35,1,0.40938221,3900.0,8,0,0,1,0.0
83214,0,0.005119172,84,0,868.0,,8,0,2,0,0.0
83215,0,0.009236028,67,1,0.0013629279999999998,5135.0,4,0,0,0,0.0
83216,0,0.433342666,42,0,0.628478497,8300.0,6,0,3,1,4.0
83220,0,0.074173146,51,0,0.011486835,7747.0,1,0,0,0,0.0
83221,0,0.099322298,86,0,26.0,,1,0,0,0,
83223,0,0.088806033,81,1,0.330842053,8027.0,11,0,2,0,0.0
83224,0,0.9999998999999999,33,0,0.118855873,3600.0,2,0,0,0,3.0
83227,0,0.108478909,54,0,0.473914858,9583.0,8,0,5,0,0.0
83228,0,0.0,46,0,0.003998857,3500.0,4,0,0,1,1.0
83229,0,0.9999998999999999,34,1,0.246828143,2600.0,1,0,0,0,2.0
83230,0,0.239549491,63,0,0.7511759170000001,4251.0,7,0,2,0,0.0
83231,0,0.0,42,0,10.0,,3,0,0,0,0.0
83232,1,1.023992618,58,2,978.0,,5,1,1,0,
83233,0,0.369987286,44,0,0.3025943,18000.0,7,0,3,0,2.0
83240,0,0.128435189,51,0,0.145795639,10500.0,6,0,1,0,0.0
83241,0,0.155242463,64,0,0.7932842590000001,9916.0,50,0,2,0,1.0
83242,0,0.048508323,65,0,0.31296522600000004,9000.0,6,0,2,0,0.0
83244,0,0.0,48,0,0.0,,5,0,0,0,0.0
83245,0,0.9999998999999999,53,0,0.331884373,4600.0,1,0,1,0,2.0
83246,0,0.09700895,34,0,0.19709643300000002,10400.0,17,0,1,0,1.0
83248,0,0.112640845,56,0,1.024082116,12664.0,6,0,2,0,1.0
83249,0,0.9999998999999999,70,0,0.79181338,2271.0,2,0,1,0,0.0
83250,0,0.046926064,41,0,0.169197397,9680.0,7,0,1,0,0.0
83252,0,0.22424824100000001,31,0,0.44211157799999995,5000.0,10,0,1,0,0.0
83253,0,0.04930699,41,0,0.566343366,10000.0,17,0,2,0,0.0
83254,0,0.06938973400000001,36,0,0.069095756,4500.0,5,0,1,0,0.0
83256,1,0.9999998999999999,32,0,0.37289194299999995,1600.0,3,3,0,0,0.0
83258,0,0.244272293,55,0,0.067801906,6400.0,8,0,0,0,0.0
83259,0,0.014854645,55,0,23.0,,5,0,0,0,0.0
83260,0,0.200365395,63,0,0.39212535200000004,2488.0,11,0,1,0,0.0
83262,0,0.0,39,0,1.332733453,5000.0,12,0,6,0,0.0
83263,0,0.9999998999999999,34,1,0.273956496,1700.0,1,1,0,0,4.0
83264,0,0.9078728079999999,30,1,0.061808817,6600.0,2,0,0,0,0.0
83265,0,0.36272299,53,0,0.38700342,3800.0,19,0,0,0,0.0
83268,0,0.44019737700000006,47,1,0.392266632,7680.0,11,0,1,0,3.0
83269,0,0.08761803,61,1,0.221113731,11025.0,20,0,2,0,3.0
83270,0,0.084623158,37,0,47.0,,4,0,0,0,0.0
83272,0,0.41297705700000004,72,0,223.0,,2,0,0,0,0.0
83274,0,0.041970692000000004,54,0,0.30808414300000003,10600.0,12,0,2,0,1.0
83275,0,0.008635971,63,0,1942.0,,5,0,1,0,0.0
83276,0,0.014208449,79,0,0.12371907,4000.0,8,0,0,0,0.0
83277,0,0.00328149,58,0,409.0,,8,0,0,0,0.0
83278,0,0.00219279,62,0,0.082520178,8300.0,4,0,1,0,2.0
83280,0,0.003260728,49,0,0.44808445799999996,9187.0,11,0,2,0,1.0
83281,0,0.033396672,51,0,0.77874042,3000.0,10,0,2,0,0.0
83282,0,0.542595752,60,0,4723.0,,26,0,1,0,
83283,0,0.43091422700000004,55,0,0.182741627,9942.0,4,0,1,0,0.0
83284,0,0.16907692600000002,62,0,0.249642602,5595.0,14,0,1,0,0.0
83285,0,0.0,50,0,0.648318043,3596.0,6,0,1,0,4.0
83286,0,0.019957697,63,0,0.116181411,3571.0,4,0,0,0,0.0
83287,0,0.0,69,0,0.53569421,1778.0,6,0,0,0,0.0
83291,1,0.517089158,56,0,0.361330935,5559.0,15,1,1,0,1.0
83293,0,0.017456853999999997,57,0,0.21518212399999997,9800.0,14,0,2,0,0.0
83294,0,0.035824041,56,0,0.45250521899999996,11495.0,28,0,2,0,0.0
83295,0,0.9999998999999999,38,0,0.0,2320.0,0,1,0,0,1.0
83296,0,0.5464744260000001,66,0,0.43262891,5914.0,14,0,2,0,1.0
83297,0,0.9999998999999999,58,0,0.504587156,2833.0,6,0,1,0,0.0
83298,0,0.008787346,40,0,0.32128758,3292.0,5,0,1,0,0.0
83299,0,0.9080529909999999,59,0,1.195622805,3700.0,18,0,1,4,0.0
83300,0,0.895601403,54,0,0.665937671,7315.0,12,0,1,0,1.0
83302,0,0.320447881,32,4,0.36306235200000003,3800.0,10,0,0,0,1.0
83303,0,0.027297288,63,0,0.117757971,5833.0,7,0,1,0,1.0
83304,0,0.171813595,53,1,0.379693111,6125.0,13,0,1,0,0.0
83305,0,0.002274175,64,1,0.20329582399999999,18750.0,12,0,1,0,4.0
83306,0,0.9999998999999999,42,1,0.231108498,3400.0,5,0,0,1,2.0
83307,0,0.0,33,0,0.23503192399999998,8300.0,9,0,1,1,2.0
83311,0,0.000824979,57,0,3567.0,,12,0,3,0,
83312,0,0.014476473,33,0,1753.0,,34,0,1,0,0.0
83313,0,0.058941059000000004,30,0,1053.0,,7,0,2,0,0.0
83314,0,0.11185584,31,0,0.007972362,3762.0,2,0,0,0,0.0
83316,0,0.00036465300000000005,95,0,0.0,2500.0,14,0,0,0,0.0
83317,0,0.539021951,51,0,0.217744455,3200.0,4,0,1,0,0.0
83318,0,0.013211143,57,0,0.47860538799999996,4416.0,7,0,1,0,0.0
83320,0,0.0,23,0,0.0,6166.0,1,0,0,0,0.0
83321,0,0.0,65,0,155.0,,5,0,1,0,0.0
83322,0,0.5307539000000001,59,1,0.47955390299999995,7800.0,18,0,2,0,3.0
83324,0,0.0,56,0,2421.0,,7,0,1,0,0.0
83325,0,0.33343071399999996,52,0,2365.0,,8,0,1,0,0.0
83326,0,0.062481807,41,1,0.528894221,5000.0,14,0,1,0,0.0
83327,0,0.424225016,77,0,0.126480541,4727.0,5,0,0,0,0.0
83328,0,0.373345815,43,0,0.227535719,8468.0,9,0,1,0,1.0
83329,0,0.700411984,53,0,0.089570901,17594.0,7,0,1,0,1.0
83330,0,0.9999998999999999,22,0,0.066466767,2000.0,1,0,0,0,0.0
83331,0,0.35888567299999996,60,0,0.65378543,13300.0,17,0,2,0,0.0
83332,0,0.451970098,51,0,0.302759089,16200.0,10,0,1,0,1.0
83333,0,0.019421022,61,0,0.364605899,6000.0,10,0,0,0,0.0
83334,1,0.384795705,67,1,3834.0,,19,0,1,0,0.0
83335,0,0.000709662,76,0,603.0,,6,0,1,0,0.0
83340,1,0.016017375,59,1,0.241189703,4000.0,10,0,1,0,0.0
83341,0,0.336313816,45,0,0.10800948699999999,5480.0,8,0,1,0,0.0
83342,0,0.8935134659999999,50,0,0.498191979,6083.0,11,0,1,0,2.0
83343,0,0.64796556,51,0,0.45227859,3488.0,7,0,1,0,0.0
83344,0,0.9999998999999999,55,0,0.0,727.0,1,0,0,1,0.0
83345,0,0.0014703320000000002,45,0,0.286428506,11000.0,9,0,2,0,2.0
83346,0,0.01117151,54,0,0.248346729,9828.0,8,0,1,0,0.0
83347,0,0.032382124,30,0,986.0,,2,0,1,0,0.0
83348,0,0.530731912,59,2,0.39344567,16141.0,9,0,1,0,4.0
83349,0,0.616012957,52,3,0.471480245,7187.0,15,0,2,0,0.0
83351,0,0.058840803,77,0,0.075051305,3410.0,20,0,0,0,0.0
83352,0,0.057009134,61,1,0.131978004,6000.0,8,0,1,0,1.0
83354,0,0.06537080599999999,63,0,0.41105929399999996,1500.0,11,0,1,0,1.0
83355,0,0.0,50,0,0.462220058,10269.0,4,0,2,0,0.0
83357,0,0.160904619,65,0,0.004999929,70000.0,4,0,0,0,1.0
83358,1,1.02055968,55,1,0.339822158,4160.0,5,0,1,1,0.0
83359,0,1.01998002,28,0,0.23598001100000002,1800.0,2,0,0,0,0.0
83361,0,0.007309247,85,0,0.633254407,3800.0,16,0,2,0,0.0
83363,0,0.0,71,0,0.280071993,10000.0,8,0,3,0,0.0
83364,0,0.008129413,60,0,0.523891372,2908.0,12,0,2,0,0.0
83366,0,0.067031144,71,0,95.0,,10,0,0,0,0.0
83367,0,0.124929692,51,0,0.160853942,4730.0,3,0,1,0,0.0
83368,0,0.283259583,40,0,0.274735114,6700.0,6,0,2,0,2.0
83369,0,0.47745750200000003,48,0,0.31341333,16833.0,17,0,4,0,2.0
83370,0,0.7476043659999999,35,0,0.261036206,14610.0,13,0,1,0,4.0
83371,0,0.0,55,0,0.216053768,18300.0,9,0,1,0,0.0
83372,0,0.5909047479999999,64,0,0.573877162,6300.0,8,0,1,0,0.0
83373,0,0.284371373,55,0,1.0966862240000002,12100.0,20,0,6,0,3.0
83374,0,0.358786869,48,0,0.639524917,8166.0,12,0,2,0,3.0
83375,0,0.033270711,66,1,3119.0,,14,0,2,0,0.0
83376,0,0.036210368,53,0,670.0,1.0,6,0,1,0,0.0
83379,0,0.814742207,62,1,0.506853227,3501.0,5,0,1,0,1.0
83380,0,0.9999998999999999,63,0,0.302292076,7634.0,5,0,1,0,0.0
83381,0,0.717147119,59,0,0.411564626,4409.0,6,0,1,0,0.0
83383,0,1.007548536,41,1,0.55347122,6236.0,15,0,2,0,1.0
83384,0,0.645470906,54,0,0.047976012,2000.0,1,0,0,0,0.0
83385,0,0.250782674,51,0,0.031749206,40000.0,3,0,0,0,1.0
83386,1,0.539639662,49,0,0.11177436199999999,6700.0,21,0,0,0,1.0
83387,0,0.12228071,43,0,0.20410611899999997,7500.0,10,0,0,0,2.0
83388,0,0.02736442,68,0,0.120632492,3920.0,11,0,0,0,0.0
83389,0,0.023544657000000004,65,0,0.125618864,11916.0,7,0,1,0,1.0
83390,0,0.606124194,52,2,0.550985433,3500.0,15,0,1,0,0.0
83392,0,0.548050574,57,1,1.838942308,1663.0,11,0,2,0,0.0
83393,1,0.516053609,48,6,3969.0,,10,3,4,1,0.0
83394,0,0.614002046,62,0,1.753781951,1916.0,17,0,1,0,0.0
83395,0,0.45385608899999996,45,0,0.28037969,11166.0,7,0,2,0,1.0
83396,0,0.075818521,58,0,1850.0,,11,0,2,0,0.0
83397,0,0.031134948,82,0,0.043912176,500.0,12,0,0,0,0.0
83398,0,0.630636936,49,0,6391.0,,9,0,2,0,1.0
83399,0,0.10705239300000001,24,0,0.196383516,4755.0,4,0,0,0,1.0
83401,0,0.145933474,54,0,0.130992053,3900.0,2,0,0,0,0.0
83402,0,0.9995523059999999,57,0,0.151334807,5880.0,11,0,0,0,0.0
83403,0,0.9999998999999999,34,1,0.015525758999999998,4250.0,5,1,0,0,0.0
83404,0,0.0050907240000000005,58,0,1.109296901,3000.0,6,0,2,0,0.0
83406,0,0.9999998999999999,38,0,0.307651293,3750.0,4,0,2,0,0.0
83407,0,0.544443522,39,0,0.802894687,5250.0,11,0,2,0,3.0
83408,0,0.159877908,25,0,0.201256963,7000.0,8,0,0,0,0.0
83410,0,0.789249147,32,1,0.5258685329999999,4000.0,7,0,1,1,4.0
83414,0,0.8620562390000001,53,0,0.674434237,8925.0,16,0,3,0,5.0
83415,0,0.000501216,40,0,0.157095457,7835.0,7,0,1,0,0.0
83416,0,0.05972692,40,0,0.432856484,6500.0,18,0,3,0,2.0
83418,0,0.047421797,24,0,0.206802189,2557.0,6,0,0,0,0.0
83419,0,0.304810542,47,0,0.348034516,7300.0,6,0,1,0,1.0
83420,0,0.21233548300000002,75,0,0.514217861,16000.0,19,0,5,0,0.0
83421,0,0.30139720600000003,55,0,0.036297641,550.0,1,0,0,0,0.0
83422,0,0.167746132,64,0,0.23443069800000002,4768.0,10,0,1,0,0.0
83423,0,0.148676171,53,0,0.447692811,9166.0,16,0,3,0,3.0
83424,0,0.227967036,58,0,0.099858357,1411.0,11,0,0,0,0.0
83425,0,0.701305974,52,0,0.5493708860000001,12000.0,11,0,4,0,0.0
83426,0,1.022279109,56,1,0.643698679,2800.0,6,0,0,0,1.0
83427,0,0.294850799,55,0,0.22710680800000002,6300.0,5,0,1,0,5.0
83428,0,0.9560087979999999,46,0,0.355166573,1770.0,5,1,0,0,0.0
83429,0,0.78728857,66,1,0.019925701,2960.0,6,0,0,0,0.0
83430,0,0.001393485,85,0,0.21695558,7383.0,12,0,1,0,0.0
83431,0,0.045595905,52,0,0.238376162,10000.0,15,0,2,0,0.0
83433,0,0.279385918,60,0,0.780869855,6000.0,22,0,3,0,1.0
83435,0,0.649303376,68,0,1322.0,,6,0,1,0,0.0
83437,0,0.31812436,61,4,2383.0,,7,0,1,0,0.0
83439,0,0.9999998999999999,79,0,2886.0,,5,0,1,0,0.0
83441,0,0.345498718,57,0,0.376659564,6100.0,11,0,2,0,1.0
83442,0,0.21434836,28,0,420.0,,6,0,0,0,0.0
83443,0,0.022091412999999997,38,0,0.8151451270000001,6166.0,13,0,1,0,2.0
83444,0,0.013069836999999999,43,0,532.0,,5,0,1,0,0.0
83445,0,0.9999998999999999,50,0,0.427786107,2000.0,2,0,1,0,0.0
83446,0,0.002071281,62,0,0.0,,7,0,0,0,0.0
83450,1,0.9918505470000001,44,2,1.006666213,14700.0,24,0,5,0,2.0
83452,0,0.319719708,53,0,0.209984212,13300.0,10,0,1,0,2.0
83453,0,0.029299414,52,1,0.48405732700000004,9000.0,16,0,2,0,0.0
83454,0,0.209879961,42,0,1.06932409,7500.0,27,0,7,0,2.0
83455,0,0.11075619699999999,63,0,0.230316015,5600.0,4,0,1,0,0.0
83456,0,0.9999998999999999,51,0,0.5428914220000001,5000.0,4,0,1,0,4.0
83458,0,0.25143214199999997,30,0,0.151696949,5833.0,5,0,0,0,0.0
83459,0,0.005160957,43,0,0.230317749,14822.0,11,0,2,0,2.0
83460,0,0.018245852,62,0,2886.0,,8,0,1,0,0.0
83461,0,0.9999998999999999,31,1,0.20218772100000001,2833.0,3,0,1,0,0.0
83462,0,0.013821608,60,0,2288.0,,9,0,2,0,0.0
83463,0,0.503069939,49,0,3164.0,,13,0,2,0,2.0
83464,0,0.701786007,33,1,0.24915369,2953.0,5,0,0,1,3.0
83465,0,0.066454077,62,1,0.346516469,8166.0,17,0,2,0,1.0
83466,0,0.0066655559999999996,87,0,376.0,,6,0,1,0,
83467,0,0.8450774609999999,73,0,0.901463763,2800.0,5,0,1,0,0.0
83468,0,0.075332595,43,1,0.664970005,5500.0,16,0,3,0,2.0
83469,0,0.729625515,35,0,0.5456354139999999,8041.0,7,0,2,0,2.0
83470,0,0.405811273,57,1,0.27871109899999996,3630.0,6,0,0,0,2.0
83475,0,0.045507205,71,0,0.010604454,6600.0,7,0,0,0,0.0
83478,0,0.5932534429999999,56,0,3757.0,,33,0,1,0,3.0
83479,0,0.234177999,55,0,0.284391875,3888.0,6,0,1,0,1.0
83482,0,0.0007594739999999999,86,0,0.0,,8,0,0,0,0.0
83487,0,0.14783549,47,0,0.544650206,9719.0,15,0,1,0,3.0
83488,0,0.009765244000000001,55,0,0.44316387700000004,6333.0,7,0,2,0,0.0
83489,0,0.421915617,37,0,0.219651528,3500.0,7,0,0,0,0.0
83490,0,0.35427980299999995,56,1,0.310721427,6500.0,8,0,2,0,0.0
83491,0,0.15593970599999998,44,0,0.304157397,14383.0,20,0,3,0,1.0
83492,0,0.873818535,35,0,0.707103186,3420.0,6,0,1,0,0.0
83493,0,0.22012599600000002,58,0,0.141327623,1400.0,2,0,0,0,0.0
83495,0,0.092727152,64,0,0.332650972,12700.0,9,0,3,0,0.0
83496,0,0.032444565,55,3,0.7147766320000001,3200.0,13,0,1,0,1.0
83497,0,0.176321019,36,0,4820.0,,15,0,2,0,
83498,0,0.005977645,51,0,0.162388844,9895.0,6,0,1,0,2.0
83499,0,0.041633936,35,0,0.075955491,4133.0,5,0,0,0,1.0
83501,0,0.208462712,64,0,0.042127810999999994,2800.0,2,0,0,0,0.0
83503,0,0.44179220399999997,46,0,0.444301503,17100.0,12,0,4,0,0.0
83506,0,0.18445187300000002,41,0,0.089034741,29100.0,5,0,0,0,2.0
83508,0,0.081363955,78,0,0.233302226,7500.0,11,0,1,0,0.0
83509,0,0.7275981979999999,48,0,0.42174221,8471.0,5,0,1,0,2.0
83510,0,0.365592655,28,0,0.413793103,2000.0,8,0,1,0,0.0
83511,0,0.06523517599999999,51,0,0.551852839,3750.0,11,0,1,0,2.0
83514,1,0.505892271,43,0,0.522134878,4833.0,19,0,0,0,0.0
83515,0,0.388049955,49,0,0.549838238,6490.0,5,0,1,0,3.0
83521,0,0.278196742,66,0,1339.0,,6,0,1,0,
83522,0,0.019320026,87,0,0.483716944,8167.0,5,0,1,0,1.0
83523,0,1.571428571,32,0,0.270660105,5892.0,4,0,1,1,1.0
83524,0,0.0,55,0,337.0,,5,0,0,0,0.0
83525,1,0.005160767,62,0,0.20827558899999998,5050.0,12,0,1,0,1.0
83526,0,0.669800694,64,0,0.07172822200000001,12156.0,5,0,0,0,0.0
83529,0,0.9999998999999999,54,0,0.409192325,2240.0,6,0,1,0,1.0
83530,0,0.006543477,52,0,3265.0,,8,0,2,0,0.0
83531,0,0.049761208,70,0,1.119094045,6666.0,20,0,4,0,0.0
83533,0,0.27089090899999996,78,0,1594.0,,10,0,1,0,0.0
83534,0,0.612682091,28,1,0.055578702,12000.0,2,2,0,0,0.0
83535,0,0.066615019,60,1,0.187909876,15400.0,13,0,2,0,0.0
83536,0,0.04995572400000001,48,0,0.475435816,4416.0,12,0,1,0,2.0
83538,0,0.0,47,0,0.451711662,3592.0,6,0,2,0,2.0
83539,0,0.0,87,0,620.0,,3,0,1,0,0.0
83541,0,0.806462276,40,0,0.349627422,6709.0,8,0,2,0,2.0
83543,0,0.016514998,65,0,0.446015111,4102.0,6,0,2,0,0.0
83544,0,0.6822417159999999,56,0,0.548290342,5000.0,8,0,2,0,0.0
83545,1,1.022790884,25,0,0.209399167,1680.0,6,0,0,0,0.0
83546,0,0.008449994,62,0,0.010227273,1759.0,13,0,0,0,0.0
83547,1,0.9999998999999999,32,0,0.12096975800000001,4000.0,8,0,0,0,0.0
83548,0,0.85216044,49,0,0.15461002699999998,14500.0,6,0,0,0,1.0
83549,0,0.031180284,78,0,0.006445216,6050.0,7,0,0,0,0.0
83550,0,0.098398211,54,0,1528.0,,7,0,1,0,0.0
83552,0,0.0,21,0,0.0,820.0,2,0,0,0,0.0
83553,0,0.139103113,62,0,773.0,,4,0,1,0,0.0
83554,0,0.7543498759999999,53,0,0.294131221,13000.0,12,0,1,0,2.0
83555,1,0.8432631290000001,54,0,0.18158789399999997,15000.0,4,0,0,0,1.0
83556,0,0.0,50,0,0.265480671,5845.0,8,0,1,0,3.0
83558,0,0.000464736,71,0,1594.0,,7,0,1,0,0.0
83559,0,0.8285903379999999,31,2,0.372344856,2400.0,5,1,0,0,1.0
83560,0,0.005902151,45,0,0.107315447,6000.0,4,0,0,0,2.0
83562,0,0.0070672669999999995,38,0,0.10043172,4400.0,7,0,1,0,0.0
83563,0,0.6547824870000001,39,1,0.434943708,7016.0,5,0,2,0,0.0
83564,0,0.012477239,66,0,0.08579313699999999,8333.0,5,0,0,0,2.0
83565,0,0.0,69,0,0.280119358,5361.0,8,0,1,0,0.0
83568,0,0.015024623999999999,74,0,0.179620483,11540.0,7,0,1,0,0.0
83572,0,0.030538391,73,0,0.086456401,2694.0,16,0,1,0,0.0
83574,0,0.0,61,0,0.0,8333.0,2,0,0,0,1.0
83575,0,0.9999998999999999,57,1,0.0,4600.0,0,0,0,0,0.0
83576,0,0.156882202,58,1,7133.0,,21,0,2,0,0.0
83578,0,0.003264992,63,0,0.21397147,7500.0,11,0,2,0,1.0
83579,0,0.0,64,0,0.0,6816.0,4,0,0,0,0.0
83580,0,999.0,75,0,340.0,,3,0,1,0,0.0
83582,0,0.050925587,60,0,0.176877724,3900.0,8,1,0,0,2.0
83583,0,0.027828107999999997,51,0,0.081672444,4615.0,13,0,1,0,0.0
83584,0,0.057365066,73,0,0.150259067,3666.0,5,0,0,0,0.0
83588,0,0.001976706,44,0,0.302692665,5384.0,9,0,1,0,2.0
83589,0,0.098349955,44,0,0.058249040999999994,8600.0,7,0,0,0,1.0
83591,0,0.292316525,55,0,0.327753442,6391.0,8,0,1,0,0.0
83592,0,0.9999998999999999,34,0,0.215196201,4000.0,4,0,1,0,2.0
83593,0,0.060979673,25,0,5.0,0.0,1,0,0,0,0.0
83594,0,0.008418654,42,0,1.577371048,600.0,14,0,1,0,2.0
83596,0,0.057407507999999996,53,0,4310.0,,14,0,1,0,0.0
83597,1,0.9999998999999999,39,2,0.6761721959999999,3646.0,3,1,2,0,2.0
83601,0,0.308400243,54,0,0.384508884,13000.0,10,0,2,0,2.0
83602,0,0.9999998999999999,49,0,0.38376869999999996,12900.0,5,0,1,0,2.0
83604,0,0.9999998999999999,60,0,0.0008326389999999999,1200.0,3,0,0,0,0.0
83607,0,0.035140849,35,0,0.640774258,3977.0,8,0,2,0,0.0
83608,0,0.140311804,78,0,0.032798574,2804.0,4,0,0,0,0.0
83609,0,0.168294243,55,0,0.517525288,4250.0,16,0,2,0,1.0
83610,0,0.005110884,74,0,0.000315756,9500.0,3,0,0,0,0.0
83612,0,0.024848758,67,0,14.0,,3,0,0,0,0.0
83614,0,0.034847384,54,0,0.206420154,7382.0,6,0,1,0,0.0
83616,0,0.564295714,29,0,0.270614693,4001.0,8,0,0,0,0.0
83617,0,0.9960039959999999,31,1,0.375812094,2000.0,6,0,0,0,1.0
83619,0,0.09022416,44,0,0.27253946,12100.0,21,0,2,0,0.0
83621,0,0.05488766900000001,49,0,2146.0,,5,0,1,0,2.0
83622,0,0.1805186,56,2,0.9235127479999999,6000.0,15,0,3,0,2.0
83623,0,0.157749695,60,0,2814.0,,8,0,2,0,1.0
83624,0,0.00305033,77,0,0.0,3571.0,1,0,0,0,0.0
83627,0,0.010391902,81,0,12.0,,2,0,0,0,0.0
83629,0,0.9999998999999999,27,0,0.076784643,3333.0,4,0,0,0,0.0
83630,0,0.02788255,66,0,0.330518147,4380.0,11,0,2,0,0.0
83631,0,0.089437271,48,0,0.552978808,5001.0,14,0,2,0,4.0
83633,0,0.006464055,70,0,3275.0,0.0,18,0,1,0,0.0
83634,0,0.243936879,62,0,0.5271129760000001,15250.0,18,0,1,0,0.0
83635,0,0.292524054,63,0,0.22115576899999997,5000.0,14,0,1,0,0.0
83636,0,0.52206885,52,0,0.47407912700000004,1465.0,9,0,0,0,1.0
83637,0,0.008739349,58,0,0.9881853420000001,5416.0,10,0,3,0,1.0
83638,0,0.590696985,48,0,0.11959654199999999,6939.0,7,0,0,0,3.0
83639,0,0.047078536,33,0,0.39024390200000003,6600.0,5,0,1,0,0.0
83640,0,0.008738033000000001,47,0,0.095180964,5000.0,6,0,0,0,2.0
83641,0,0.13775449,53,0,0.12750196,62500.0,11,0,1,0,1.0
83642,0,0.9999998999999999,23,0,0.094763092,400.0,1,0,0,0,0.0
83643,0,0.036937893,68,0,1.112203217,7833.0,14,0,4,0,0.0
83645,0,0.292926686,50,0,0.7890609679999999,5100.0,11,0,1,0,1.0
83646,0,0.020476838,34,0,0.168795114,1800.0,6,0,1,0,0.0
83649,0,0.242279935,67,0,0.23941068100000001,3800.0,8,0,0,0,0.0
83651,0,0.027146492999999997,54,0,0.118100291,15833.0,14,0,2,0,1.0
83652,0,0.9515669520000001,29,1,0.028248587999999998,530.0,3,0,0,0,0.0
83653,0,0.9408842209999999,26,0,0.198491786,3712.0,6,0,0,0,0.0
83654,0,0.36989286,55,0,0.413185323,11800.0,17,0,1,0,2.0
83656,1,0.9999998999999999,29,1,534.0,,5,2,0,0,0.0
83657,0,0.021602427,87,0,0.004811251,5403.0,6,0,0,0,0.0
83658,0,0.032423272,58,0,0.222647486,7576.0,5,0,1,0,0.0
83660,0,0.0,66,0,0.459506849,9124.0,13,0,2,0,3.0
83662,0,1.442131557,55,0,0.347944329,6250.0,10,0,1,0,0.0
83663,0,0.18973918,72,0,0.42805232600000004,1375.0,3,0,0,0,0.0
83664,1,0.873260612,42,4,0.482551745,10000.0,10,0,2,2,3.0
83665,0,0.078946476,53,0,0.22987526100000003,12906.0,6,0,1,0,2.0
83666,0,0.174181919,57,0,0.29263484,7100.0,9,1,1,0,0.0
83668,0,0.9999998999999999,41,0,0.0,2530.0,0,0,0,0,1.0
83669,0,0.513940032,61,0,0.016079965,2300.0,5,1,0,1,0.0
83670,0,0.0,60,0,482.0,,2,0,0,0,0.0
83671,0,0.125093745,40,0,0.437443199,3300.0,7,0,1,0,2.0
83673,0,0.9999998999999999,22,0,135.0,,0,0,0,0,
83674,0,0.171041448,39,0,0.20804558,11583.0,5,0,3,0,3.0
83675,0,0.37669942799999995,65,0,0.363936456,4846.0,7,0,1,0,0.0
83676,0,0.006789946,46,0,0.137457422,9100.0,12,0,1,0,4.0
83678,0,0.257492981,37,0,1569.0,,11,0,0,0,3.0
83679,0,0.041851107,58,0,0.249305991,11166.0,21,0,2,0,0.0
83682,0,0.036348183,43,3,0.36730541,5896.0,13,0,2,0,2.0
83684,0,0.00790335,57,0,0.334666533,10000.0,8,0,1,0,0.0
83685,0,0.0,71,0,1750.0,,16,0,1,0,0.0
83686,1,0.972585273,43,4,0.445900911,4500.0,6,0,1,1,0.0
83688,0,0.782302851,26,0,0.11687242800000001,2429.0,4,0,0,0,1.0
83689,0,0.0,48,0,0.471305739,5000.0,5,0,1,0,1.0
83690,0,0.051973711,63,0,1207.0,,10,0,1,0,0.0
83692,1,0.780146163,49,0,0.153227742,8333.0,2,2,1,0,0.0
83693,0,0.9704645679999999,53,0,0.797534069,3081.0,6,0,1,0,1.0
83694,0,0.9776930540000001,58,1,0.46828455399999996,9600.0,16,0,1,0,0.0
83695,0,0.0,87,0,1.0,,9,0,0,0,0.0
83698,0,1.025651764,25,0,0.293706294,1000.0,4,0,0,0,0.0
83699,0,0.0,30,0,3145.0,,13,0,2,0,0.0
83702,0,0.10971909099999999,42,0,0.086948495,5416.0,3,0,0,0,0.0
83703,0,0.0,62,0,0.0,1500.0,3,0,0,0,0.0
83707,0,0.798222581,24,0,0.063749325,1850.0,2,0,0,0,0.0
83712,0,0.0,54,0,0.0,5000.0,2,0,0,0,1.0
83714,1,0.9999998999999999,24,0,452.0,,3,0,0,2,
83715,0,0.9999998999999999,73,0,42.0,,4,0,0,0,
83718,0,0.35735561899999996,37,0,0.9224137929999999,2667.0,13,0,1,0,1.0
83719,0,0.629115959,56,0,0.49801618799999997,6300.0,8,0,1,0,0.0
83720,0,0.138658963,65,1,0.43496318700000003,5296.0,8,0,2,0,0.0
83721,0,0.93081761,25,0,0.135957792,4927.0,6,0,0,0,0.0
83722,0,0.30481759199999997,29,0,0.27157360399999997,4333.0,10,0,0,0,0.0
83724,0,0.11744127900000001,40,0,0.336665834,4000.0,5,2,1,0,0.0
83725,1,0.9999998999999999,57,3,0.626533394,2200.0,4,0,2,0,0.0
83726,0,0.8428178190000001,33,1,0.457031939,5666.0,10,0,1,0,0.0
83728,0,0.007365764,45,0,0.116697615,7000.0,10,0,1,0,1.0
83730,0,0.659036556,45,0,0.582854286,4000.0,13,0,2,0,3.0
83731,0,0.950033311,31,0,576.0,,3,0,0,0,0.0
83734,0,0.8326722440000001,44,0,0.255620438,13699.0,6,0,1,0,1.0
83735,0,0.269202755,60,0,0.015186551000000001,16000.0,9,0,0,0,0.0
83736,0,0.00258059,53,0,0.22074178,12833.0,19,0,3,0,4.0
83737,1,0.112222092,59,3,0.517015958,5200.0,9,0,2,0,0.0
83738,0,0.0,38,0,0.364527095,5000.0,9,0,1,0,0.0
83739,0,0.000102338,54,0,0.525330813,5289.0,11,0,2,0,0.0
83740,0,0.15394913,73,1,0.37195075899999996,13240.0,13,0,4,1,1.0
83742,0,5423.0,44,1,0.22661851100000002,18550.0,9,0,3,0,0.0
83743,0,0.790928097,38,0,0.155711551,4700.0,6,0,0,0,3.0
83744,0,0.265102557,56,0,0.34693061399999997,5000.0,10,0,1,0,1.0
83745,0,0.0,74,0,0.152738904,2500.0,4,0,0,0,0.0
83746,0,0.004052103,74,0,0.0032379920000000003,1852.0,5,0,0,0,1.0
83747,0,0.47251681700000003,51,0,869.0,,5,0,1,0,0.0
83748,0,0.076421259,56,0,0.022035562,9166.0,9,0,0,0,5.0
83749,0,0.9999998999999999,50,0,0.146427521,3400.0,2,0,0,0,3.0
83751,0,0.013246688000000001,27,0,0.184362506,2250.0,4,0,0,0,1.0
83753,0,0.05425998,66,0,0.070394368,12500.0,13,0,1,0,1.0
83754,0,0.20495204399999997,41,0,0.80442541,1400.0,3,0,1,0,2.0
83755,0,0.026539469,62,4,0.463175851,13482.0,12,1,4,0,0.0
83757,0,0.323111793,28,0,636.0,0.0,4,0,0,0,1.0
83758,0,0.013859126999999999,77,0,972.0,,9,0,1,0,0.0
83759,0,0.1281345,82,0,0.304093567,3419.0,5,0,1,0,0.0
83760,0,0.136271838,70,0,0.17435958,8470.0,14,1,1,0,0.0
83762,1,0.9999998999999999,41,1,71.0,,5,2,0,1,4.0
83763,0,0.325799543,51,0,0.320199976,8400.0,18,0,2,0,1.0
83766,0,0.14340230199999998,50,0,0.33919215799999997,5916.0,6,0,2,0,0.0
83767,0,0.542322022,65,0,0.711798612,8500.0,17,0,2,0,0.0
83768,0,0.9694337479999999,64,0,0.220149658,9220.0,5,0,0,0,0.0
83771,0,0.087016824,48,0,0.428605712,4166.0,15,0,3,0,0.0
83772,0,0.0,82,0,0.0,7083.0,3,0,0,0,0.0
83773,0,0.263921219,58,0,0.8200499859999999,3600.0,25,0,2,0,1.0
83774,0,0.0,61,0,14.0,,3,0,0,0,
83775,0,0.6777011940000001,55,0,0.079017013,2644.0,5,0,0,0,2.0
83777,0,0.018919243,66,0,0.146045349,5600.0,5,0,1,0,0.0
83779,0,0.342970148,36,0,3130.0,,4,0,1,0,0.0
83780,0,0.073530259,42,0,0.695546804,3300.0,13,0,1,0,2.0
83781,0,0.072014385,31,0,0.351385128,4800.0,12,0,2,0,0.0
83782,0,0.19526089300000002,51,0,2.331880528,7800.0,10,0,8,0,0.0
83783,0,0.017660995,48,0,0.320139988,12000.0,5,0,1,0,0.0
83784,0,0.02102914,43,0,0.170775171,3366.0,3,0,1,0,2.0
83785,0,0.018380076999999998,77,0,11.0,,6,0,0,0,
83786,0,0.644921637,45,2,0.825604021,12333.0,18,0,4,0,2.0
83787,0,0.265361383,55,2,0.271572843,10000.0,10,0,1,0,0.0
83789,0,0.56100906,56,0,0.502823813,10800.0,24,0,1,0,3.0
83790,0,0.843384062,52,0,0.515337423,4400.0,7,0,2,0,2.0
83791,0,0.080525841,65,1,0.11902040800000001,12249.0,13,0,1,0,0.0
83793,0,0.020514898,78,0,38.0,,5,0,0,0,0.0
83795,0,0.173050955,67,0,0.483175605,3803.0,23,0,2,0,1.0
83796,0,0.07188923700000001,63,0,2498.0,,6,0,2,1,0.0
83797,0,0.0049998329999999995,60,0,0.151411205,16616.0,6,0,1,0,0.0
83799,0,0.535233314,50,0,0.281110327,4250.0,6,0,2,0,1.0
83800,1,0.008207738000000001,41,1,0.10253906300000001,3071.0,14,0,0,0,1.0
83802,0,0.185876083,61,1,0.233507593,4016.0,4,1,1,0,0.0
83804,0,0.262545722,64,0,0.573543929,2025.0,7,0,1,0,0.0
83805,0,0.950603293,35,0,0.14410411,6300.0,6,0,0,0,0.0
83806,0,0.783706475,42,1,0.190500698,13600.0,12,0,0,0,3.0
83808,0,0.022566157000000003,62,3,0.18744167399999997,7500.0,13,1,1,1,0.0
83810,0,0.143214167,46,0,0.15808624300000002,12916.0,24,0,1,0,4.0
83811,0,0.290194415,47,0,2254.0,,4,0,2,0,0.0
83812,0,0.022162859,58,0,55.0,,7,0,0,0,0.0
83813,0,0.44417953299999996,65,0,0.305679227,9208.0,8,0,1,0,0.0
83815,0,0.036439271,48,0,0.44895916700000005,4995.0,8,0,2,0,1.0
83817,0,0.009799608000000001,42,0,0.221435968,5793.0,5,0,1,0,0.0
83818,0,0.597810834,35,0,1.317934334,6060.0,17,0,1,0,0.0
83819,0,0.04219458,33,0,0.603849038,4000.0,14,0,1,0,2.0
83820,0,0.515310471,56,0,0.641110969,7812.0,10,0,3,0,1.0
83821,0,0.201813117,44,1,0.152587413,7149.0,7,0,0,0,2.0
83823,0,0.6492763810000001,51,0,0.530174979,8400.0,11,0,2,0,0.0
83825,0,0.027382877000000003,72,0,1881.0,,11,0,2,0,0.0
83827,0,0.029585412000000002,61,0,2528.0,,11,0,1,0,0.0
83829,0,0.700699162,45,0,0.255785478,8166.0,4,0,0,0,0.0
83831,0,0.11307980599999999,63,0,0.161854768,8000.0,9,0,0,0,0.0
83832,0,0.98460154,64,0,0.14264289300000002,6000.0,5,1,0,0,1.0
83833,0,0.062032507,68,0,0.009235209,3464.0,3,0,0,0,0.0
83834,0,0.30829421,49,2,0.073594493,6100.0,4,2,0,0,2.0
83836,0,0.026899309,35,1,0.174825175,2430.0,7,0,0,0,1.0
83837,0,0.37241230200000003,30,0,0.925863724,4167.0,6,0,2,0,0.0
83839,0,0.039438422,64,0,0.19060419899999997,7811.0,13,0,1,0,0.0
83844,0,0.145181054,48,0,0.219062875,9987.0,8,0,1,0,0.0
83846,0,0.019984368,83,0,38.0,,12,0,0,0,0.0
83847,0,0.056437742,56,0,1740.0,,5,0,1,0,0.0
83848,1,0.315317028,65,0,2192.0,,11,0,1,0,0.0
83851,0,0.0,80,0,0.0,9314.0,8,0,0,0,0.0
83852,0,0.006149696,65,0,1.635354398,1170.0,19,0,2,0,0.0
83853,0,0.42598581799999996,59,1,0.755806238,4520.0,14,0,2,0,0.0
83855,0,0.044207872999999995,49,0,0.140481701,11666.0,8,0,1,0,1.0
83856,0,0.38323353299999996,23,0,0.0060901340000000005,820.0,2,0,0,0,0.0
83857,0,0.111269615,23,0,2.0,,1,0,0,0,0.0
83858,0,0.9999998999999999,22,0,0.531059683,820.0,1,0,0,0,0.0
83859,0,0.070156503,76,0,0.157768446,5000.0,4,0,1,1,0.0
83860,0,0.731734771,43,0,0.23194201399999997,4000.0,4,0,0,0,0.0
83861,0,0.1002533,58,0,454.0,,7,0,0,0,0.0
83862,0,0.8045698,40,0,2.4594257180000003,800.0,9,0,1,0,2.0
83863,0,0.001405594,79,0,1012.0,,7,0,1,0,0.0
83864,0,0.16894648399999998,29,0,0.134576334,5416.0,9,0,1,0,0.0
83865,0,0.009037581,66,0,0.43739089,6300.0,7,0,1,0,0.0
83866,0,0.9999998999999999,36,2,0.22417547,12400.0,9,1,1,0,1.0
83867,0,0.0,22,0,0.0,75.0,1,0,0,0,0.0
83868,0,0.368631369,21,0,0.320102433,780.0,7,0,0,0,0.0
83869,0,0.0,31,0,0.017996728,5500.0,7,0,0,0,0.0
83874,0,0.0014443639999999998,59,0,0.23044347699999998,8500.0,8,0,2,0,0.0
83875,0,0.056733358,44,0,0.600985222,7916.0,14,0,4,0,2.0
83879,0,0.05360874,41,0,0.169729369,2992.0,4,0,0,0,1.0
83880,1,0.347287516,54,1,0.260570305,3050.0,5,0,1,0,0.0
83881,0,0.0,27,0,334.0,,2,0,0,0,0.0
83883,0,0.04019799,51,0,0.003832695,6000.0,2,0,0,0,3.0
83884,0,0.00091659,85,0,16.0,,5,0,0,0,0.0
83885,0,0.16520239,59,0,0.29014197199999997,5000.0,14,0,2,0,0.0
83886,0,0.654767385,60,0,1.312217195,12375.0,25,0,5,0,0.0
83887,0,0.029681597,71,0,27.0,,7,0,0,0,0.0
83888,0,0.334208475,36,0,0.399938471,6500.0,12,0,2,0,0.0
83890,0,0.052323692000000005,67,0,1786.0,,8,0,1,0,0.0
83891,1,0.907979127,73,0,0.740428891,7600.0,9,0,2,0,2.0
83892,0,0.20232533800000002,37,0,0.555806088,2660.0,17,0,0,0,0.0
83893,0,0.16505566300000002,66,0,90.0,,4,0,0,0,0.0
83895,0,0.9999998999999999,61,0,85.0,,2,0,0,0,
83896,0,0.258313764,63,0,0.324973031,7415.0,12,0,2,0,1.0
83897,0,0.066693331,27,0,0.496501166,3000.0,3,0,1,0,0.0
83898,0,0.267800933,50,0,0.530146985,10000.0,16,0,2,0,3.0
83900,0,0.279953456,38,0,0.261728746,7033.0,6,0,2,0,0.0
83901,0,0.074175922,35,0,0.31415189,2988.0,8,0,1,0,3.0
83903,0,0.580443611,28,0,0.24277456600000002,1210.0,2,0,0,0,0.0
83904,0,0.0033330559999999996,52,0,2097.0,,8,0,1,0,0.0
83906,0,0.028130323,47,1,0.440568762,4500.0,4,0,2,0,0.0
83907,0,0.74345131,37,0,0.645905421,2600.0,6,0,2,0,0.0
83908,1,0.8140934390000001,50,2,1854.0,,16,0,1,0,4.0
83909,0,0.026129095,55,1,0.36765058799999994,12500.0,23,0,2,0,2.0
83910,0,0.21159583899999998,46,0,0.010248719,8000.0,3,0,0,0,4.0
83913,1,0.352205974,35,0,0.337931796,9060.0,8,0,2,0,0.0
83914,0,0.29746932600000003,59,0,0.474059003,4914.0,15,0,1,0,0.0
83915,0,0.003799747,91,1,1.0,,3,0,0,0,
83916,0,0.11426476199999999,67,0,0.091966658,10916.0,6,0,1,0,0.0
83918,0,0.322490335,50,0,71.0,,2,0,0,0,0.0
83920,0,0.044553142999999996,39,0,0.150206507,13800.0,3,0,1,0,0.0
83921,0,0.051826269,61,0,0.206959103,6063.0,4,0,2,0,0.0
83923,0,0.30954755,44,0,0.330057526,4171.0,14,0,1,0,1.0
83924,0,0.24922938100000003,40,0,0.03534452,2800.0,9,0,0,0,3.0
83925,0,0.057479353,40,0,0.23848609199999998,4385.0,11,0,1,0,0.0
83927,0,0.770812735,50,0,0.37634982,7500.0,27,0,0,0,0.0
83928,0,0.00084787,47,0,0.37540889,5196.0,19,0,2,0,0.0
83932,0,0.017421835,56,0,0.40332475799999995,10105.0,6,0,2,0,1.0
83933,0,0.07648563,63,0,0.134225195,4484.0,7,0,1,0,0.0
83934,0,0.5180665720000001,63,3,0.398120376,5000.0,15,0,1,0,2.0
83935,0,0.9653145209999999,50,3,2995.0,0.0,13,0,1,0,0.0
83937,0,0.56967776,56,0,0.152099753,8500.0,8,0,0,0,1.0
83938,0,0.022998672999999997,77,0,0.215729838,4500.0,12,0,1,0,0.0
83939,0,0.294780348,31,0,0.535128037,3045.0,9,0,0,0,0.0
83940,0,0.10997153900000001,42,0,0.226788661,6666.0,7,0,1,0,2.0
83941,0,0.6977616179999999,40,0,0.19576084800000002,5000.0,6,0,0,0,3.0
83942,0,0.35903907,50,0,0.323219088,14500.0,7,0,2,0,2.0
83944,0,0.460793502,35,0,0.127404939,6600.0,5,0,1,0,0.0
83945,0,0.0,62,3,1645.0,,8,0,1,0,2.0
83946,0,0.051414129,81,0,0.317993457,4584.0,11,0,2,0,0.0
83948,0,0.027261607,69,0,2969.0,,6,0,2,0,0.0
83949,0,0.9999998999999999,34,0,0.279089555,4700.0,2,0,1,0,0.0
83950,1,0.6373626370000001,25,1,0.0223398,1700.0,2,0,0,0,0.0
83953,0,0.7546939770000001,63,1,0.376875229,2732.0,3,0,1,0,0.0
83954,0,0.0,37,0,0.120573603,6833.0,5,0,0,0,3.0
83955,1,1.131386861,49,5,0.49569564,3600.0,10,1,0,0,0.0
83957,0,0.047837952,25,0,0.074965925,2200.0,7,0,0,0,0.0
83958,0,0.127780574,62,0,0.236159001,15370.0,9,0,2,0,0.0
83959,0,0.417434642,46,2,0.48515613,6500.0,14,0,3,0,1.0
83960,0,0.091051011,45,0,0.38630078700000003,4700.0,9,0,2,0,4.0
83961,0,0.049052859000000004,72,0,0.8371959940000001,3494.0,10,0,1,0,1.0
83962,0,0.0,48,0,5.0,,5,0,0,0,2.0
83963,0,1.3295293990000001,38,0,0.413760267,8400.0,7,0,1,0,2.0
83964,0,0.9269652629999999,57,1,5465.0,,13,0,1,0,3.0
83966,0,0.540444698,62,0,0.49857201100000004,4901.0,8,0,1,0,1.0
83967,1,0.999879489,73,1,0.241459757,6000.0,6,7,0,1,0.0
83968,1,0.248944263,45,1,0.325941207,5816.0,17,0,2,0,2.0
83971,0,0.412360506,46,0,0.283486494,3590.0,12,0,2,0,1.0
83972,0,0.38533521299999995,25,0,0.056214865999999995,1600.0,2,0,0,0,0.0
83973,0,0.9999998999999999,64,0,0.332900924,6166.0,3,0,1,0,0.0
83974,0,0.000714235,37,0,0.5045107560000001,1440.0,4,0,0,0,1.0
83975,0,0.005401184,61,0,23.0,,6,0,0,0,0.0
83976,0,0.481858415,51,0,0.2844808,4400.0,12,0,0,0,0.0
83977,0,0.9999998999999999,36,0,0.0,,0,0,0,0,0.0
83978,0,0.002374321,80,0,20.0,,4,0,0,0,0.0
83979,0,0.9667744779999999,29,1,0.25233644899999996,1176.0,4,0,0,0,1.0
83980,1,1.0374395029999999,38,0,1097.0,,6,0,0,0,0.0
83982,0,0.9999998999999999,60,1,4404.0,,4,0,2,0,0.0
83984,0,0.14714777699999998,65,0,0.396883593,12000.0,23,0,3,0,1.0
83985,0,0.596794994,43,0,0.217956409,5000.0,6,0,0,0,1.0
83987,0,0.576602994,37,0,2225.0,,8,0,0,0,0.0
83989,0,0.09780380699999999,64,0,0.601809119,5416.0,14,0,2,0,0.0
83990,0,0.429682519,68,0,1.016661113,3000.0,14,0,1,0,0.0
83991,0,0.14348196900000001,58,2,0.268836754,28600.0,13,0,5,0,1.0
83992,0,0.5407150070000001,32,0,6135.0,,17,0,7,0,1.0
83993,0,0.17696076800000002,53,0,0.586314848,2235.0,10,0,1,0,1.0
83995,0,0.04279572,67,0,603.0,,6,0,1,0,0.0
83996,0,0.587301587,31,1,0.144713822,4000.0,7,0,0,0,0.0
83998,0,0.469168901,55,0,0.033298374,11441.0,3,0,0,0,3.0
83999,0,0.218210778,35,0,0.099114539,3500.0,3,0,0,0,0.0
84000,0,0.9999998999999999,38,0,0.392312386,1638.0,4,0,1,0,0.0
84001,0,0.121980752,62,0,2212.0,,15,0,1,0,0.0
84002,1,0.7226648309999999,45,0,0.426030525,8320.0,7,0,2,0,2.0
84005,0,0.314735293,59,0,7384.0,,12,0,7,0,4.0
84006,0,0.0,48,0,0.7449209929999999,3100.0,3,0,1,0,0.0
84008,0,0.071096445,42,0,42.0,,1,0,0,0,
84009,1,0.945688651,51,1,4189.0,,6,0,1,1,4.0
84011,0,0.014275721000000002,73,0,0.009379186999999999,4477.0,13,0,0,0,0.0
84014,0,0.09993913199999999,60,0,0.38040489899999996,4000.0,7,0,1,0,1.0
84015,0,0.36094126,44,0,1.489404238,2500.0,4,0,1,0,2.0
84017,0,0.039858452999999995,78,0,0.10181531199999999,3800.0,13,0,0,0,0.0
84018,0,0.082652429,49,0,0.428546802,5800.0,6,0,2,0,3.0
84020,0,0.560619635,60,0,0.41038246799999994,12000.0,7,0,1,0,1.0
84021,0,0.43610219,42,0,0.509074546,20000.0,14,0,2,0,2.0
84022,0,0.043541496,33,0,2564.0,,11,0,1,0,1.0
84024,0,0.5936230720000001,38,0,794.0,,4,0,1,0,0.0
84027,0,0.686013827,52,1,0.23414466899999997,5833.0,9,0,1,0,0.0
84028,0,0.127286124,33,0,0.30888499399999997,7416.0,7,0,2,0,1.0
84032,0,0.051463299000000004,77,0,0.009724924,3598.0,3,0,0,0,0.0
84033,0,0.000208812,85,0,0.0,1689.0,7,0,0,0,0.0
84034,0,0.07300477400000001,48,0,0.11043313,9996.0,8,0,1,0,0.0
84035,0,0.830260992,56,0,0.724567362,6182.0,21,0,1,0,0.0
84036,0,0.0,58,1,0.078767929,4252.0,12,0,0,0,0.0
84037,0,0.62808179,60,0,0.077490314,8000.0,5,0,0,0,0.0
84038,0,0.025016666,34,0,0.359757186,5600.0,10,0,1,0,1.0
84040,0,0.90220652,29,0,0.229521715,3637.0,14,0,0,0,1.0
84041,0,0.09520679800000001,41,0,0.121319853,9000.0,6,0,1,0,2.0
84042,0,0.008143768000000001,62,0,0.548098434,4916.0,12,0,2,0,0.0
84045,0,0.275403327,50,0,0.384306054,9200.0,8,0,1,0,0.0
84046,0,0.008763676,34,0,0.09306046300000001,15000.0,5,0,1,0,0.0
84047,0,0.749732162,33,0,2224.0,,10,0,2,0,0.0
84049,0,0.611529718,37,1,0.27761194,4019.0,11,0,0,0,0.0
84050,0,0.953009398,40,0,0.608847788,4000.0,5,0,1,0,1.0
84051,0,0.419047795,40,0,0.290126763,5600.0,9,0,0,0,2.0
84052,0,0.449005923,34,0,0.28876055100000003,2250.0,7,0,0,0,2.0
84054,0,0.355336253,37,0,0.336665834,4000.0,5,0,1,0,0.0
84055,0,0.275449273,44,0,1931.0,0.0,7,0,1,0,0.0
84057,0,0.0028885679999999998,28,0,0.22686450600000002,2560.0,9,0,0,0,0.0
84060,1,0.38807648,43,1,0.548631579,14249.0,15,0,7,0,2.0
84061,0,0.032097692000000004,56,0,0.23854468,6568.0,12,0,2,0,0.0
84062,0,0.252535352,74,0,0.014865638,3497.0,3,0,0,0,0.0
84063,0,0.00015999700000000002,58,0,0.281309843,5221.0,3,0,1,0,0.0
84064,0,0.179718792,40,0,1.081662955,1346.0,10,0,1,0,1.0
84069,0,0.10953076,65,0,0.42761158200000005,6250.0,11,0,1,0,1.0
84071,0,0.38638291700000005,58,1,0.484818805,4083.0,16,0,1,0,2.0
84073,0,0.017006123999999997,74,0,0.353655793,4444.0,8,0,2,0,0.0
84074,0,0.001602544,69,0,2212.0,,13,0,1,0,0.0
84075,1,0.24575170100000002,39,3,0.313985197,7700.0,12,0,3,0,0.0
84076,1,0.9999998999999999,25,98,35.0,,0,98,0,98,0.0
84079,0,0.06659556,77,0,32.0,,3,0,0,0,0.0
84080,0,0.023473902999999997,56,0,0.278367508,15166.0,14,0,1,0,0.0
84083,0,0.0,69,0,2016.0,,8,0,1,0,
84084,0,0.578193883,59,0,2745.0,,13,0,1,0,0.0
84085,0,0.9999998999999999,39,5,0.37523211,7000.0,3,0,1,0,1.0
84087,0,0.17379131,40,0,0.096758587,6200.0,2,0,0,0,4.0
84089,0,0.024179676,67,0,44.0,,8,0,0,0,0.0
84091,0,0.183009069,48,0,0.360498019,5300.0,16,0,2,0,1.0
84092,0,0.119625154,78,0,0.032580137,3805.0,2,0,0,0,1.0
84093,0,0.8014397120000001,48,0,0.253686578,4000.0,4,0,0,0,0.0
84094,1,0.520696491,58,0,1.092363055,2500.0,13,0,0,0,0.0
84095,0,0.247642992,82,0,0.042985670999999996,3000.0,13,0,0,0,0.0
84096,0,0.44578463799999996,53,1,867.0,,4,0,0,0,0.0
84097,0,0.129751384,59,0,2022.0,,5,0,1,0,0.0
84098,0,0.442554293,54,1,0.36584823899999996,9000.0,14,0,0,0,0.0
84099,0,0.34944905600000004,37,0,0.432879856,6100.0,11,0,2,0,2.0
84100,0,0.9999998999999999,70,0,1336.0,,4,0,1,0,0.0
84101,0,0.033932136,28,2,0.407216495,1745.0,4,0,0,3,0.0
84103,0,0.081328871,69,0,0.324361493,5089.0,5,0,2,0,0.0
84104,0,0.0,50,0,0.004299342,7442.0,9,0,0,0,0.0
84105,0,0.000764215,72,0,0.23114869600000001,2837.0,4,0,1,0,0.0
84107,0,0.047358106,72,0,0.001953452,17916.0,6,0,0,0,0.0
84108,0,1.0061529,44,0,0.464709204,7083.0,6,1,1,0,3.0
84109,0,0.46200371,66,0,0.078643643,11176.0,14,0,0,1,0.0
84110,0,0.541401937,26,0,0.34227240600000003,2833.0,7,0,0,0,0.0
84111,0,0.27449867899999997,53,1,2944.0,,17,0,1,0,0.0
84112,0,0.0043578029999999995,54,0,1443.0,,13,0,1,0,0.0
84113,0,0.170756989,60,0,0.25468257899999996,12065.0,13,0,3,0,1.0
84114,0,0.057302393,42,0,80.0,,4,0,0,0,0.0
84116,0,0.48690087299999996,60,2,0.005918759,37000.0,3,0,0,0,0.0
84117,0,0.380813499,51,0,0.11552729199999999,1886.0,5,0,0,0,0.0
84118,0,0.269761739,43,0,7254.0,,15,0,2,0,0.0
84119,1,0.304242395,69,1,0.16304347800000002,5703.0,6,0,0,0,1.0
84120,0,0.052360282,48,0,0.5773028370000001,8000.0,6,0,2,0,0.0
84121,0,0.261331209,54,0,0.395709801,5733.0,16,0,1,0,1.0
84122,0,0.065529275,56,0,0.048607906,6500.0,5,0,1,0,0.0
84123,1,0.88611121,52,3,0.559488102,5000.0,8,0,2,0,4.0
84124,0,0.007668052,48,0,4938.0,,11,0,2,0,0.0
84125,0,0.00359928,61,0,0.106028476,3300.0,6,0,1,0,0.0
84126,0,0.005589975,42,0,2379.0,,12,0,2,0,
84127,0,0.618717825,54,2,1.065423163,3591.0,20,0,1,0,0.0
84129,0,0.5044664839999999,64,0,0.284540318,5840.0,15,0,0,0,3.0
84130,0,0.216991093,63,0,0.341203999,4700.0,6,0,1,0,0.0
84131,0,0.003050207,61,0,0.255265929,7595.0,15,0,2,0,0.0
84132,0,0.30995481199999997,56,0,0.45043871700000004,14587.0,23,0,2,0,1.0
84133,0,0.060044337999999996,40,0,0.4078478,9250.0,7,0,2,0,0.0
84134,0,0.240940908,46,0,0.105523205,5666.0,4,0,0,0,0.0
84135,0,0.9999998999999999,50,2,2255.0,,3,1,1,0,0.0
84136,0,0.34043970700000004,23,0,0.018270401999999998,820.0,2,0,0,0,0.0
84137,0,0.082953177,41,0,0.295193843,6886.0,10,0,1,0,2.0
84138,0,0.028168537,56,0,0.20440771300000002,7259.0,6,0,1,0,1.0
84139,0,0.399761298,44,0,0.279277636,5481.0,10,0,1,0,2.0
84140,0,0.045551786,69,0,0.012453413,11000.0,8,0,0,0,0.0
84141,0,0.16182791,29,0,0.38365271799999995,2556.0,8,0,2,0,0.0
84143,0,0.00643599,67,0,0.229471316,8000.0,16,0,1,0,0.0
84146,0,0.480269255,41,0,0.133700178,6723.0,5,0,0,0,3.0
84147,0,0.042776363,45,0,0.223155369,5000.0,13,0,1,0,4.0
84148,0,0.028280514,67,0,0.021956478999999997,5100.0,6,0,0,0,0.0
84149,0,0.228844066,41,0,0.356868174,6500.0,6,0,1,0,4.0
84150,0,0.157920143,56,0,34.0,1.0,1,0,0,0,0.0
84151,0,0.17476655800000002,76,0,0.249202733,24144.0,21,0,1,0,0.0
84152,0,0.381460996,47,0,0.29318542,3154.0,7,0,0,0,0.0
84153,0,0.452317091,77,0,0.5376215999999999,10073.0,32,0,1,0,1.0
84155,0,0.183054462,62,0,0.14947898,2782.0,9,0,0,0,0.0
84156,1,0.0006570769999999999,63,0,0.475209141,4900.0,15,0,1,0,1.0
84157,0,0.593335676,41,0,0.279039752,7747.0,6,0,1,0,2.0
84159,0,0.0,70,0,1089.0,,4,0,1,0,0.0
84160,0,0.8838640209999999,29,1,0.55011839,3800.0,5,0,2,0,0.0
84162,0,0.41382178299999994,77,0,1.115929942,1198.0,7,0,1,0,0.0
84163,0,0.312765058,60,0,823.0,,17,0,0,0,
84164,0,0.335958894,42,0,0.35306647700000005,11266.0,10,0,3,0,4.0
84165,0,0.042713065,62,0,2564.0,,13,0,1,0,0.0
84166,0,0.9999998999999999,24,0,0.0,850.0,1,0,0,0,0.0
84168,0,0.06302261,58,0,0.504740658,12550.0,18,0,2,0,0.0
84169,0,0.007881367,61,0,0.177354325,20833.0,18,0,1,0,0.0
84170,0,0.990576218,30,0,0.399673736,1225.0,5,0,0,0,0.0
84171,1,0.11996266800000001,62,0,1.006767149,3250.0,6,0,3,0,0.0
84172,0,0.9999998999999999,32,0,0.0,4276.0,1,0,0,0,0.0
84173,0,0.9999998999999999,70,0,107.0,,0,0,0,2,0.0
84174,0,0.9999998999999999,28,0,0.072665595,5600.0,2,0,0,0,0.0
84175,0,0.932557717,24,0,372.0,,4,0,0,0,
84176,0,0.152415005,38,0,0.39037433200000005,4113.0,4,0,1,0,0.0
84177,0,0.0,63,0,3365.0,,9,0,2,0,0.0
84181,0,0.09834597099999999,56,0,0.510753905,4416.0,10,0,1,0,0.0
84182,0,0.42061417100000004,41,0,0.778846154,8111.0,20,0,2,0,2.0
84184,0,0.587261842,53,0,0.373618912,16200.0,14,0,2,0,0.0
84186,0,0.199624265,25,0,0.07569265900000001,3500.0,5,0,0,0,0.0
84187,0,0.0,59,0,0.348895225,2805.0,7,0,1,0,0.0
84190,0,0.434832295,63,0,0.07012738,7300.0,4,0,0,0,0.0
84191,0,0.9999998999999999,50,3,0.6704017489999999,7317.0,8,0,2,0,2.0
84192,0,0.052897355,66,0,0.108024362,9358.0,8,0,1,0,0.0
84193,0,0.0,80,0,0.0,3300.0,3,0,0,0,0.0
84195,0,0.0,63,0,2085.0,,7,0,1,0,0.0
84196,0,0.9999998999999999,35,0,328.0,,1,2,0,1,4.0
84198,0,0.003959599,86,0,0.001034126,2900.0,3,0,0,0,0.0
84199,0,0.200783937,67,0,1259.0,,5,0,1,0,0.0
84201,0,0.9999998999999999,29,1,0.175497933,2660.0,2,0,0,0,0.0
84203,0,0.0,50,1,0.044624515,8761.0,12,0,1,0,1.0
84204,0,0.109744513,44,0,0.33830514100000003,12000.0,6,0,1,0,3.0
84206,0,0.435617162,54,0,3889.0,0.0,12,0,2,0,0.0
84207,0,0.266176376,63,0,0.041401724,7076.0,6,0,1,0,0.0
84209,0,0.088556458,56,0,0.18426678100000002,7016.0,3,0,1,0,1.0
84210,0,0.583437355,60,0,0.7738893029999999,4028.0,16,0,1,0,0.0
84211,0,0.252566432,63,0,0.037640169,14000.0,9,0,0,0,1.0
84212,0,0.011135711000000001,61,0,1793.0,,15,0,1,0,0.0
84213,0,0.10594458,37,0,0.11368853400000001,8276.0,8,0,1,0,0.0
84214,0,0.103109776,54,1,0.24043202600000002,8517.0,5,0,1,0,2.0
84216,0,0.23402954,56,0,0.677182486,3676.0,6,0,1,0,0.0
84218,0,0.148874045,82,0,0.019996667,6000.0,6,0,0,0,0.0
84219,1,1.12772998,48,1,1900.0,,4,0,1,2,0.0
84221,0,0.228519196,40,0,0.17563739399999997,6000.0,8,0,0,0,0.0
84222,1,0.69033917,56,0,0.831194969,3974.0,8,1,1,1,0.0
84223,0,0.21079803,54,0,0.338072221,7033.0,9,0,1,0,0.0
84224,0,0.35613529,62,1,2854.0,0.0,16,0,1,0,0.0
84228,1,0.670240402,60,0,3653.0,,8,0,2,0,0.0
84230,1,1.033793241,44,1,0.46463585399999996,2855.0,1,2,1,1,1.0
84231,0,0.530376826,28,0,0.115758755,3083.0,6,0,0,0,0.0
84236,0,0.00255292,82,0,0.0,,2,0,0,0,0.0
84237,0,0.0,28,0,0.0,1500.0,2,0,0,0,0.0
84238,0,0.565807017,40,0,0.160645247,7500.0,8,0,0,0,1.0
84239,0,0.0,69,0,133.0,,6,0,1,0,1.0
84240,0,0.019107487,71,0,0.049916805,600.0,6,0,0,0,0.0
84242,0,0.610912727,38,0,1944.0,,6,0,1,0,0.0
84246,0,0.378824565,32,0,0.45072746399999997,6666.0,18,0,1,0,1.0
84247,0,0.00034906300000000004,50,1,0.340890615,11070.0,7,0,2,0,0.0
84248,0,0.13679772,54,0,0.344868735,8379.0,18,0,1,0,1.0
84249,0,0.184434198,44,0,0.291052114,3050.0,7,0,1,0,2.0
84251,0,0.040447977999999996,52,0,4904.0,,7,0,2,0,0.0
84252,0,0.043524025,62,0,0.010358222,2316.0,4,0,0,0,0.0
84253,0,0.137979392,47,0,0.277657787,4166.0,6,0,1,0,4.0
84254,0,0.0,44,0,0.691213228,5200.0,8,0,2,0,2.0
84255,0,0.0,46,0,0.33270231899999997,4225.0,10,0,0,0,1.0
84256,0,0.057313159,40,0,0.401791293,4800.0,14,0,2,0,0.0
84257,1,0.9999998999999999,42,98,0.0,,0,98,0,98,0.0
84258,0,0.00919908,28,0,0.208527648,1500.0,7,0,0,0,0.0
84259,0,0.022565121,63,0,0.005999314,5833.0,5,0,0,0,1.0
84262,0,0.124283282,70,0,0.499571469,10500.0,18,0,3,0,0.0
84263,0,0.037498125,42,0,467.5,1.0,7,0,1,0,2.0
84264,0,0.432016182,57,0,0.394528548,13012.0,22,0,1,0,1.0
84266,0,0.9999998999999999,53,1,0.178788473,5100.0,5,0,0,0,0.0
84269,0,0.473450425,73,0,0.13248221,14333.0,10,0,0,0,0.0
84270,0,0.026624067999999997,78,0,1418.0,,7,0,1,0,0.0
84271,0,0.493744807,51,0,2632.0,,15,0,2,0,2.0
84272,0,0.008791163000000001,61,0,3587.0,,20,0,3,0,0.0
84273,0,0.353129408,53,0,0.22393880300000002,13333.0,8,0,1,0,2.0
84277,0,0.707291846,56,1,0.642557023,6663.0,10,0,1,0,0.0
84279,0,0.12452421400000001,84,0,0.36052789399999996,5000.0,6,0,1,0,0.0
84280,0,0.0,42,0,0.363031483,12323.0,15,0,3,0,0.0
84281,1,0.295268917,61,0,0.380210469,7316.0,17,0,2,0,1.0
84282,0,0.20099425699999998,60,0,0.657585604,4000.0,6,0,1,0,0.0
84283,0,0.879658244,43,2,0.076617275,8300.0,7,0,0,0,0.0
84284,0,0.11911200599999999,57,0,0.439968574,14000.0,10,0,3,0,1.0
84285,0,0.9999998999999999,51,0,0.390900033,3010.0,3,1,0,0,1.0
84286,0,0.11373085599999999,42,1,0.460657734,4104.0,9,0,1,0,3.0
84287,0,0.137634495,84,0,103.0,,3,0,0,0,0.0
84288,0,0.018494464,44,0,0.349331505,8750.0,7,0,2,0,3.0
84291,1,0.62755899,39,1,0.12293442800000001,9500.0,8,0,0,0,4.0
84293,0,0.128105684,58,0,0.211723192,5100.0,5,0,1,0,1.0
84294,1,0.9172973870000001,36,3,3452.0,,9,0,1,1,0.0
84295,0,0.010471654,29,0,0.064552985,3500.0,11,0,0,0,1.0
84296,0,0.948905109,42,0,0.173786584,5500.0,5,0,0,0,0.0
84297,0,0.028784509,62,0,0.009747452,4513.0,4,0,0,0,1.0
84298,0,0.048958694000000004,59,0,2577.0,,12,0,2,0,0.0
84299,0,0.0019093729999999998,59,0,0.002423655,2062.0,14,0,0,0,0.0
84302,0,0.869410632,49,1,0.329932799,12350.0,12,0,1,0,0.0
84303,0,0.9999998999999999,49,0,356.0,,2,1,0,1,0.0
84304,0,0.049403072,78,0,0.182545283,4250.0,5,0,1,0,0.0
84305,0,0.350025076,54,1,0.327037387,18000.0,18,0,3,0,1.0
84306,0,0.043219533,49,0,1007.0,,7,0,1,0,0.0
84308,0,0.190333699,56,0,0.502496434,2803.0,6,0,1,0,0.0
84309,0,0.18979228899999998,44,0,0.057346454000000005,2946.0,3,0,0,0,3.0
84312,0,0.008126819,53,0,0.35347188700000004,6206.0,9,0,1,0,0.0
84313,0,0.262301327,73,0,0.752035424,7000.0,11,0,2,0,0.0
84315,0,0.30296213,43,0,0.403569991,7450.0,5,0,2,0,2.0
84316,0,0.09810162300000001,82,0,152.0,,9,0,0,0,0.0
84317,0,0.9999998999999999,39,0,0.962761126,1100.0,2,0,1,0,0.0
84321,0,0.49198107799999996,32,0,0.711734338,7166.0,12,0,2,0,1.0
84322,0,0.031387866,45,0,0.250831285,6916.0,10,0,1,0,4.0
84323,0,0.21285199600000002,42,0,0.411331345,5700.0,7,0,1,0,2.0
84325,1,0.0,60,0,0.0,9916.0,3,0,0,0,0.0
84327,0,0.16874327,44,0,279.0,,5,0,0,0,0.0
84328,0,0.0077615309999999995,88,0,0.002190268,10500.0,12,0,0,0,0.0
84329,0,0.0,50,0,0.329825032,14916.0,9,0,2,0,3.0
84331,0,0.021745677999999997,84,0,42.0,,11,0,0,0,0.0
84332,0,0.6619470000000001,33,1,0.23024055,3200.0,9,0,0,0,2.0
84333,0,0.101389861,32,0,361.0,0.0,5,0,0,0,0.0
84334,0,0.0,32,0,0.09857663800000001,8500.0,6,0,0,0,1.0
84336,0,0.22603620300000002,59,1,0.213894444,11500.0,15,0,1,0,2.0
84338,0,0.98040098,60,0,0.245685037,8400.0,6,0,0,0,0.0
84339,0,0.120131421,36,1,2740.0,,17,0,1,0,1.0
84340,0,0.0280939,40,0,3660.0,,4,0,1,0,0.0
84341,0,0.0018931120000000002,60,0,1808.0,,7,0,1,0,0.0
84342,1,0.646706587,46,0,0.002014099,6950.0,2,0,0,1,2.0
84343,0,0.157659426,51,0,0.406894221,8876.0,14,0,4,0,2.0
84344,0,0.099627307,31,0,0.43902439,2500.0,2,0,1,0,0.0
84345,0,0.523231785,29,0,347.0,0.0,5,0,0,0,2.0
84347,0,0.073041181,53,1,0.858650692,7010.0,20,0,1,0,0.0
84348,1,0.115467555,33,1,0.08085857099999999,3400.0,4,0,0,0,1.0
84349,0,0.032674912,66,0,0.0034440340000000003,4064.0,2,0,0,0,0.0
84350,0,0.20168086100000002,45,0,0.49100105899999996,8500.0,8,0,2,0,3.0
84351,0,0.601642157,52,0,0.9680079979999999,4000.0,6,0,2,0,2.0
84352,0,0.0,57,0,0.04539801,3215.0,5,0,0,0,0.0
84353,0,0.0,52,0,0.41383204,7084.0,7,0,4,0,1.0
84354,0,0.9999998999999999,56,0,0.280429893,4000.0,2,0,0,0,0.0
84355,0,0.921748352,54,0,0.581437671,5494.0,12,0,1,0,0.0
84356,0,0.120625787,62,0,1173.0,,45,0,1,0,0.0
84358,0,0.252491694,32,0,0.6706658670000001,1666.0,8,0,1,0,0.0
84359,0,0.089841064,66,0,0.415570934,5779.0,11,0,1,0,0.0
84360,0,0.782214156,31,0,0.004649360999999999,2580.0,2,0,0,0,0.0
84361,0,0.0,48,0,0.159036556,5853.0,6,0,1,0,2.0
84362,0,0.076227837,85,0,0.009688013,6089.0,3,0,0,0,0.0
84363,0,0.0,52,0,0.253364091,2600.0,7,0,0,0,2.0
84364,0,0.0,38,0,0.766073007,7916.0,8,0,3,0,2.0
84365,0,0.038248067999999996,50,1,0.010907851000000001,8800.0,7,0,0,0,1.0
84366,0,0.0,50,0,2265.0,0.0,3,0,1,0,1.0
84369,0,0.001777699,84,0,0.0019993339999999997,3000.0,5,0,0,0,0.0
84370,0,0.060663778,38,0,1607.0,,6,0,1,0,0.0
84372,0,0.0,60,0,0.09335515,11000.0,7,0,1,0,1.0
84374,0,0.43724612,52,0,1665.0,,5,0,1,0,0.0
84376,0,0.194361128,39,0,661.0,,3,0,0,0,0.0
84377,0,0.201197376,41,0,1.168269231,2287.0,6,0,1,0,0.0
84378,0,0.005999789,53,0,0.322992072,2900.0,7,0,1,0,0.0
84379,0,0.018465888,55,0,0.9360127970000001,5000.0,8,0,1,0,0.0
84382,0,1.001111008,29,0,0.167566487,5000.0,5,0,0,0,2.0
84383,0,0.23111055600000002,51,0,0.032826022,3350.0,3,0,0,0,2.0
84384,0,0.044519906,68,0,70.0,,5,0,0,0,0.0
84385,0,0.022958403,62,0,0.077161258,8073.0,3,0,1,0,0.0
84387,0,0.261255549,28,1,1064.0,,7,0,0,0,0.0
84388,0,0.01563097,71,0,0.460768302,14082.0,13,0,3,0,0.0
84389,0,0.058641902999999995,80,0,0.015413456,4800.0,4,0,0,0,0.0
84392,0,0.071276352,45,0,0.309555855,5200.0,6,0,1,0,0.0
84393,0,0.9522136179999999,55,4,0.365557316,13250.0,12,0,2,1,1.0
84394,0,0.376665119,45,0,0.412123106,6400.0,8,0,1,0,0.0
84395,0,0.015021576000000002,61,0,0.083583283,5000.0,15,0,0,0,1.0
84396,0,0.025330519,27,0,0.175249808,1300.0,6,0,0,0,0.0
84397,0,0.000134527,47,0,0.206132311,6000.0,14,0,2,0,0.0
84398,0,0.008231423,68,0,0.43028547799999994,2416.0,16,0,2,0,0.0
84399,0,0.0,90,0,0.0,,4,0,0,0,0.0
84400,0,0.133249616,30,0,0.033986405,2500.0,5,0,0,0,0.0
84401,0,0.458167331,60,0,278.0,,2,0,0,0,0.0
84402,0,0.686164036,53,0,0.461042765,5120.0,7,0,2,1,2.0
84403,0,0.0,62,0,24.0,,6,0,0,0,0.0
84404,0,0.0,49,0,4520.0,,4,0,3,0,
84405,0,0.6927973540000001,30,0,0.5580524339999999,800.0,14,0,0,0,1.0
84407,0,0.43387457,30,0,0.259239422,5600.0,27,0,0,0,3.0
84408,0,0.47308567100000004,37,1,0.01820903,4008.0,3,0,0,0,2.0
84409,0,0.05588822400000001,27,0,0.367554479,2064.0,4,0,0,0,0.0
84412,0,0.232258925,38,0,0.048633743,11966.0,5,0,0,0,0.0
84413,0,0.160736178,56,1,0.421515697,5000.0,15,0,2,0,0.0
84414,0,0.148301574,66,0,0.028746407,8000.0,4,0,0,0,0.0
84416,0,0.155538028,46,0,3695.0,,15,0,3,0,3.0
84417,0,0.050339981,76,0,0.009468318,2745.0,6,0,0,0,0.0
84418,0,0.9524095929999999,57,0,0.568415829,8060.0,12,0,1,0,1.0
84421,0,0.00416546,71,0,0.0015131860000000001,4625.0,7,0,0,0,0.0
84423,0,0.169890315,34,1,0.09137677599999999,12245.0,11,0,0,0,5.0
84426,0,0.21150433600000001,38,0,0.337128575,3600.0,9,0,0,0,2.0
84428,0,0.845366185,40,0,0.393546921,4400.0,12,0,0,0,2.0
84429,0,0.17653511800000002,58,0,0.268790512,7250.0,12,0,2,0,1.0
84430,0,0.235650957,47,0,1.390812479,2916.0,7,0,3,0,1.0
84431,0,0.0,77,0,0.20800000000000002,2374.0,7,0,0,0,0.0
84432,0,0.07482574,58,0,3581.0,,8,0,1,0,0.0
84433,0,0.10978412800000001,55,0,5465.0,,9,0,2,0,0.0
84434,0,0.41302978,46,0,0.41199721,4300.0,10,0,2,0,2.0
84436,0,0.673227117,40,1,0.069490719,2100.0,7,1,0,1,4.0
84437,0,0.494211587,55,0,0.41209353600000004,12700.0,21,0,2,0,2.0
84438,1,1.0097263890000001,56,2,0.490467938,7500.0,9,0,1,0,0.0
84439,0,0.416989868,62,0,3232.0,,11,0,2,0,0.0
84441,0,0.112384863,81,1,3.7470481860000002,9400.0,24,0,2,0,1.0
84442,0,0.9999998999999999,56,0,0.195833869,7776.0,3,0,1,0,4.0
84445,0,0.055462969,80,0,134.5,1.0,7,0,0,0,0.0
84446,0,0.015755018,54,0,19.0,,3,0,0,0,0.0
84447,1,0.0,49,2,0.644830717,7708.0,11,0,2,0,3.0
84448,0,0.08950493300000001,49,0,0.231051263,15000.0,4,0,1,0,0.0
84450,0,0.9999998999999999,55,0,0.332436399,4087.0,2,2,1,0,1.0
84451,0,0.163522999,40,0,0.411934862,9333.0,10,0,2,0,2.0
84454,0,0.053218034000000004,66,0,1486.0,,9,0,1,0,2.0
84456,0,0.168726453,42,0,0.39493417799999997,6000.0,8,0,1,0,1.0
84457,0,0.013401991,64,0,0.002343384,6400.0,4,0,0,0,2.0
84458,0,0.199755816,54,0,0.389005104,11950.0,18,0,7,0,0.0
84459,0,0.01037128,51,0,0.003275297,5800.0,8,0,0,0,0.0
84460,0,0.0,23,0,0.0,898.0,2,0,0,0,0.0
84461,0,0.0,70,0,491.0,,8,0,0,0,0.0
84462,0,0.7350973000000001,38,0,0.23448406,5300.0,7,0,0,0,2.0
84464,1,0.0,27,1,0.005236848,4200.0,4,0,0,0,0.0
84465,0,0.013499663,48,0,0.231213277,9700.0,13,0,2,0,2.0
84467,0,0.453777685,42,0,0.45947505,10400.0,8,0,2,0,2.0
84468,0,0.02051129,56,0,1338.0,,9,0,1,0,0.0
84469,0,0.04540601,61,0,0.049160429000000005,9885.0,9,0,0,0,0.0
84470,0,0.029242242999999998,49,0,2714.0,,7,0,2,0,
84471,0,0.0,41,0,2038.0,,4,0,1,0,0.0
84472,0,0.207032733,34,0,0.26010513,5516.0,11,0,1,0,0.0
84473,0,0.096589866,68,1,0.370791187,7216.0,12,0,1,0,0.0
84474,0,0.075792421,48,0,0.23511697899999998,4316.0,3,0,1,0,0.0
84475,0,0.11658711699999999,68,0,0.22564981399999998,3500.0,8,0,1,0,0.0
84477,1,0.6052607870000001,59,7,1.040497009,4345.0,7,0,1,0,2.0
84478,0,0.0,74,0,0.0,,1,0,0,0,0.0
84485,0,0.462858362,54,0,3715.0,,14,0,2,0,5.0
84486,0,0.060951970999999994,66,0,0.007865618000000001,7500.0,3,0,0,0,0.0
84487,0,0.568922561,76,0,0.291884274,12062.0,18,0,3,0,0.0
84491,0,0.6762269259999999,46,0,0.770627442,4350.0,12,0,1,0,3.0
84492,1,0.199667221,29,1,0.067893211,10000.0,5,3,0,0,2.0
84493,0,0.47259418700000005,50,0,0.239773118,5817.0,8,0,0,0,2.0
84498,0,0.001187947,65,0,0.000347729,14378.0,19,0,0,0,0.0
84499,0,0.015181542,59,0,0.311537692,5000.0,11,0,2,0,0.0
84501,0,0.24775587699999999,56,0,0.46153134,10800.0,12,0,1,0,1.0
84503,0,0.0447359,61,0,0.057328237000000004,11250.0,4,0,0,0,2.0
84504,0,0.057277532,35,0,0.0033984709999999997,3530.0,1,0,0,0,2.0
84505,0,0.651477102,64,0,0.277374617,6200.0,10,0,2,0,0.0
84506,0,0.9999998999999999,41,0,0.071451561,3106.0,0,0,0,0,2.0
84508,0,0.30650307600000004,52,1,0.35041949200000005,8700.0,5,0,2,0,5.0
84509,0,0.9999998999999999,74,0,0.259329779,2625.0,5,0,0,0,0.0
84511,0,0.16222319699999999,47,0,2.023317788,1500.0,10,0,1,0,2.0
84512,0,0.02075818,24,0,0.882604055,936.0,10,0,0,0,0.0
84514,0,0.323763138,29,0,0.39510166399999996,2163.0,3,0,0,0,1.0
84515,0,0.43445488,46,0,2160.0,,12,0,1,0,
84518,0,0.306709918,46,0,0.25574885,5000.0,6,0,0,0,1.0
84520,0,0.010961347,63,0,0.003113388,9956.0,11,0,0,0,0.0
84521,1,0.79241517,45,0,0.333333333,3833.0,2,0,1,0,4.0
84523,1,0.011775495,66,0,0.121944855,11496.0,15,0,2,0,1.0
84524,0,0.0,54,0,0.253365481,4976.0,6,0,1,0,0.0
84525,0,0.482153991,67,0,0.658136745,5001.0,13,0,1,0,0.0
84528,0,0.014997001000000001,54,0,0.063848022,7000.0,4,0,0,0,0.0
84530,0,0.025590022,69,0,0.003390715,3833.0,2,0,0,0,0.0
84531,0,0.014724211000000001,60,0,0.002043497,6850.0,5,0,0,0,1.0
84532,0,0.800249688,25,0,0.008478358,2240.0,2,0,0,0,0.0
84533,0,0.0,57,0,2046.0,,7,0,1,0,
84534,1,0.51655503,55,1,0.363918034,14200.0,17,0,2,0,0.0
84535,0,0.235744528,63,0,0.414502695,2040.0,5,0,0,0,1.0
84536,0,0.319422262,33,1,0.11040955599999999,5859.0,4,0,0,0,4.0
84537,0,0.27035445199999997,56,0,0.43381868700000004,13666.0,10,0,1,0,0.0
84538,0,0.0134921,41,0,0.35675119899999996,2917.0,5,0,1,0,3.0
84539,0,0.39782497899999997,65,0,1263.0,,5,0,0,0,
84541,0,0.397323318,39,1,1.032749676,3083.0,20,0,3,0,2.0
84543,0,0.003954691,44,0,0.129218184,10756.0,9,0,0,0,4.0
84544,0,0.048356495,52,0,0.24887375,9100.0,7,0,1,0,1.0
84545,0,0.9999998999999999,38,0,16.0,,0,0,0,0,
84546,0,0.014275517,66,4,421.0,,6,1,1,1,0.0
84547,0,0.13766207800000002,35,0,1300.0,,13,0,1,1,0.0
84548,1,1.115551694,32,2,108.0,,7,0,0,0,0.0
84550,0,0.001223926,53,0,0.211002026,6416.0,8,0,1,0,3.0
84553,1,0.317121919,55,0,0.360663984,3975.0,9,0,1,0,1.0
84554,0,0.002808391,29,0,0.000521648,1916.0,7,0,0,0,0.0
84555,0,0.029105963999999998,78,0,0.05661821,3920.0,10,0,0,0,0.0
84556,0,0.012393181999999999,42,0,0.300663803,2560.0,8,0,1,0,2.0
84558,0,0.0,27,0,0.077730567,4000.0,2,0,0,0,0.0
84559,0,0.083370523,64,0,0.477870901,6800.0,10,0,2,1,0.0
84561,0,0.040699341,45,2,2095.0,,5,0,1,0,0.0
84562,0,0.045593920999999996,58,0,0.228959862,4633.0,10,0,1,0,1.0
84563,0,0.006786408000000001,64,0,707.0,,5,0,1,0,1.0
84564,0,0.033026127999999995,62,0,0.039257673,1400.0,11,0,0,0,0.0
84565,0,0.007526476999999999,57,0,52.0,,2,0,0,0,0.0
84566,0,0.0,26,0,104.5,1.0,2,0,0,0,0.0
84567,0,0.015806653,55,0,37.0,,8,0,0,0,0.0
84568,0,0.49941632799999996,48,0,0.427889096,8583.0,14,0,1,0,0.0
84569,0,0.976958525,44,0,0.09015164099999999,6000.0,4,0,0,2,1.0
84570,0,0.142352392,57,1,2.7614770460000004,1001.0,6,0,1,0,2.0
84573,0,0.004656156,78,0,0.004398241,2500.0,5,0,0,0,0.0
84574,0,0.646073243,35,0,0.66098614,4400.0,12,0,2,0,0.0
84576,0,0.49479321600000004,51,0,0.543257702,5420.0,15,0,1,0,0.0
84578,0,0.010353868,92,0,28.0,,4,0,0,0,0.0
84579,0,0.632482525,48,0,4449.0,,6,0,1,0,2.0
84580,0,0.06653136,30,0,0.276436303,1200.0,4,0,1,0,0.0
84581,0,0.015164753999999999,47,0,0.335297832,4750.0,9,0,2,0,0.0
84582,0,0.48176107700000004,32,0,0.185846283,14285.0,12,0,2,0,1.0
84583,0,0.255493441,60,1,2431.0,,16,0,2,0,0.0
84585,0,0.029485257,54,2,0.405675636,6800.0,9,2,1,0,2.0
84587,0,0.901671349,53,0,0.399521791,9200.0,6,0,1,0,1.0
84589,0,0.0,69,0,0.0,5000.0,1,0,0,0,1.0
84590,0,0.317583054,64,0,0.9065233690000001,4000.0,14,0,1,0,0.0
84594,0,0.009628296,61,0,2627.0,,4,0,1,0,0.0
84595,0,0.0,36,0,0.027675277,1083.0,6,0,0,0,0.0
84596,0,0.418158184,31,0,0.097679785,7800.0,7,0,0,0,2.0
84597,1,1.086570477,38,2,0.123527176,5261.0,12,0,0,0,3.0
84598,0,0.04423025,44,0,0.262482168,700.0,3,0,0,0,0.0
84599,0,0.021499282999999998,68,0,2748.0,,12,0,1,0,0.0
84600,0,0.0009735610000000001,55,1,0.268462965,9166.0,10,0,1,0,1.0
84601,0,0.544403475,63,0,0.244982041,9465.0,6,0,2,0,0.0
84603,0,0.020130829,61,0,0.039529016,10700.0,11,0,0,0,1.0
84604,0,0.9999998999999999,21,0,0.0,929.0,1,0,0,0,0.0
84605,0,0.942512067,44,2,0.544862066,11200.0,20,0,3,0,0.0
84606,0,0.0,46,1,0.14139226800000002,15700.0,11,0,2,0,2.0
84608,0,0.0,63,0,0.0,3097.0,1,0,0,0,0.0
84609,0,0.228454433,49,0,0.298461978,21000.0,12,0,2,0,2.0
84612,0,0.233502947,44,0,0.40733197600000004,5400.0,10,0,2,0,3.0
84613,0,0.286942611,60,0,43.0,,2,0,0,0,0.0
84615,1,0.881671049,52,0,0.292782977,7800.0,5,0,0,0,0.0
84616,0,0.031721209,69,0,0.346993489,2610.0,8,0,0,0,0.0
84618,0,0.37178937700000003,51,0,0.29375606600000004,3090.0,14,0,1,0,0.0
84619,0,1.006939436,43,2,0.271191322,10416.0,9,0,0,0,0.0
84621,0,0.013160866,55,0,0.302696753,5450.0,15,0,4,0,0.0
84622,0,0.48642138799999995,51,0,0.567860422,5444.0,10,0,1,0,2.0
84624,1,0.087018545,25,0,1.0,,1,0,0,0,
84625,0,0.037503559,69,0,65.0,,8,0,0,0,0.0
84627,0,0.9999998999999999,27,1,0.138702054,5500.0,5,0,1,0,1.0
84632,0,0.212684734,70,1,1.203265456,5450.0,11,0,2,0,0.0
84633,0,0.0,28,0,0.0,4445.0,1,0,0,0,0.0
84634,0,5.19e-05,52,0,0.614769395,3750.0,14,0,1,0,2.0
84635,0,0.9240434040000001,30,0,0.241445598,2600.0,4,0,0,0,0.0
84636,0,0.012347449,67,1,3373.0,,19,0,3,0,0.0
84637,0,0.0,43,1,0.35362342,12501.0,7,0,2,0,0.0
84638,0,0.123259914,65,0,0.162804171,3451.0,8,0,1,0,0.0
84639,0,0.00119994,68,0,3086.0,,4,0,1,0,1.0
84640,0,0.7159977209999999,47,0,0.287948482,25000.0,7,0,1,1,4.0
84641,0,0.036041346,95,0,0.25117096,6831.0,5,0,1,0,0.0
84642,1,1.7045908180000002,67,0,94.0,,2,2,0,2,
84643,0,0.054011370999999996,62,0,0.23923356,10750.0,11,0,1,0,0.0
84645,0,0.13560229999999998,40,0,0.280951882,9538.0,10,0,1,0,1.0
84646,0,0.0,47,0,0.191260878,5400.0,7,0,1,0,0.0
84650,0,0.11093420699999999,66,0,0.13569562400000001,6123.0,8,0,0,0,0.0
84652,0,0.0048686879999999995,52,0,0.090488689,8000.0,32,0,1,0,0.0
84653,0,0.0,27,0,0.633065561,3858.0,12,0,2,0,1.0
84654,0,0.002719171,48,0,0.003422277,18700.0,16,0,0,0,0.0
84656,0,0.160255578,61,0,0.29028523300000003,9500.0,7,0,1,0,0.0
84657,0,0.021720426,61,0,0.656671664,2000.0,7,0,1,0,0.0
84659,0,0.12414597599999999,63,0,0.010166359,2163.0,4,0,0,0,0.0
84660,0,0.11349814800000001,54,0,1.043970686,1500.0,13,0,1,0,1.0
84661,0,0.307517498,56,0,0.4762734,4593.0,9,0,2,0,0.0
84662,0,0.097828927,66,0,0.031806495,10500.0,19,0,0,1,0.0
84663,0,0.111583874,27,0,0.005631688,5326.0,3,0,0,0,2.0
84665,0,0.007474672,81,0,20.0,,8,0,0,0,1.0
84667,0,0.92935422,42,1,0.09071436199999999,9336.0,11,0,0,0,2.0
84668,0,0.449634253,53,1,5213.0,,11,0,2,0,2.0
84669,0,0.537231384,24,1,0.179092382,1233.0,5,0,0,0,0.0
84670,0,0.13712328599999998,50,0,0.56568994,11500.0,14,0,2,0,3.0
84671,0,0.0,55,0,0.23532481100000002,3832.0,7,0,1,0,0.0
84672,0,0.7243717940000001,48,0,0.459597721,8600.0,17,0,1,0,2.0
84673,0,0.257558362,59,0,20.0,,2,0,0,0,
84674,0,0.874062969,39,0,0.205420827,4205.0,5,0,1,0,2.0
84675,0,0.24069269100000001,45,1,0.257537562,9916.0,9,0,1,0,3.0
84676,0,0.025082732000000003,56,0,0.44299718,7446.0,11,0,2,0,0.0
84678,0,0.003373659,81,0,4.0,,9,0,0,0,
84679,0,0.757298765,47,3,0.41313033899999996,14515.0,12,1,2,0,1.0
84681,0,0.06839804599999999,47,0,0.38080855,4303.0,5,0,1,0,0.0
84682,0,0.0,68,2,0.802284083,1400.0,4,2,2,0,1.0
84683,0,0.013361133999999998,55,0,9.0,,4,0,0,0,0.0
84685,0,0.0,41,0,1.373631604,2100.0,2,0,1,0,0.0
84686,0,0.12105859599999999,71,0,0.312895701,3000.0,9,0,1,0,0.0
84687,0,0.819878675,45,0,0.25797133699999997,9000.0,6,0,2,0,2.0
84688,0,0.0,82,0,0.0,,3,0,0,0,0.0
84693,0,0.000735267,78,0,83.0,,3,0,0,0,0.0
84694,0,0.9068186359999999,44,0,0.14434523800000001,10751.0,4,0,2,0,3.0
84696,0,0.000640363,41,0,0.371661191,7000.0,7,0,2,0,3.0
84698,0,0.253438263,54,0,0.577526534,4333.0,16,0,1,0,0.0
84701,0,0.17169392600000002,57,0,0.02640497,7081.0,2,0,0,0,0.0
84702,0,0.019568629,76,0,0.005672609,3701.0,12,0,0,0,2.0
84703,0,0.03389661,78,0,0.563339731,2083.0,9,0,1,0,0.0
84705,0,0.095752548,63,0,0.562193362,3464.0,11,0,2,0,1.0
84706,0,0.041628331,66,0,0.011712611999999999,7000.0,6,0,0,0,0.0
84707,0,0.795437678,43,0,0.401229823,6504.0,14,0,2,0,3.0
84709,0,0.006436071,71,0,0.014207545,10416.0,4,0,0,0,1.0
84710,0,0.344692425,34,0,0.788642272,5000.0,7,0,2,0,0.0
84712,0,0.030173038,64,0,1565.0,,5,0,1,0,0.0
84715,0,0.9999998999999999,31,1,0.255807116,3400.0,4,2,0,1,3.0
84716,0,0.116444331,77,0,991.0,,9,0,0,0,0.0
84717,0,0.0,58,0,0.0,2500.0,4,0,0,0,0.0
84718,0,0.007110765,80,0,214.0,,7,0,0,0,0.0
84719,0,0.874140732,54,0,0.051703877999999995,6807.0,9,0,0,0,2.0
84720,0,0.043761088,49,0,0.13680884699999998,9494.0,6,0,1,0,0.0
84722,0,0.697470446,44,0,1431.0,,9,0,1,0,3.0
84723,0,0.840244691,71,0,0.6536506,4916.0,5,0,1,0,1.0
84724,0,0.000621875,50,0,0.788130185,6267.0,7,0,1,0,1.0
84725,0,0.969549289,57,0,0.598955392,7083.0,24,0,2,0,1.0
84727,0,0.0,69,0,0.30017322399999996,4040.0,7,0,1,0,0.0
84730,0,0.0,42,0,0.37101564,5050.0,4,0,1,0,0.0
84731,0,0.233692029,38,0,0.17417996800000002,5700.0,5,0,0,0,4.0
84734,0,0.11988706699999999,39,0,0.353564644,10000.0,16,0,3,0,4.0
84735,1,0.0,28,1,3825.0,,8,0,4,0,0.0
84736,0,0.036205648,73,0,0.053026097,3601.0,5,0,0,0,0.0
84737,0,0.153791859,40,0,0.301389905,4100.0,5,0,1,0,3.0
84739,0,0.9999998999999999,54,1,4396.5,1.0,5,0,2,0,2.0
84741,0,0.0,51,0,0.103393844,3800.0,5,0,0,0,0.0
84742,0,0.064677186,84,0,0.40251949600000003,3333.0,15,0,1,0,0.0
84744,0,0.42678660700000004,59,0,0.204212781,2800.0,3,0,0,0,0.0
84745,0,0.9999998999999999,41,0,0.34960839899999996,6000.0,3,0,2,0,0.0
84746,1,0.63224517,57,1,1.319347319,3431.0,11,0,5,0,2.0
84747,0,0.153615399,51,0,4935.0,,7,0,2,0,3.0
84748,0,0.02828698,41,1,0.5622413789999999,5799.0,24,0,2,0,1.0
84749,0,0.010399811,75,2,126.0,,7,0,1,0,
84750,0,0.133157315,35,0,0.207272727,1924.0,7,0,0,0,1.0
84752,0,0.43078769200000006,47,0,0.23126604899999997,12850.0,9,0,2,0,2.0
84753,0,0.32389767199999997,48,0,1.111357956,3600.0,14,0,2,0,0.0
84754,0,0.13262717400000001,72,0,0.02850293,7507.0,7,0,0,0,0.0
84755,0,0.896406906,35,0,0.428359806,12150.0,11,0,3,0,1.0
84758,0,0.8776499090000001,63,0,0.613525546,4716.0,12,0,1,0,0.0
84759,0,0.682796753,52,2,0.555184876,3596.0,15,0,1,0,0.0
84760,0,0.0,73,1,0.279409115,5550.0,13,0,2,0,1.0
84761,0,0.272747504,38,0,0.47056998,9666.0,9,0,2,0,0.0
84762,0,0.31216988100000004,51,0,0.29816208,10500.0,10,0,2,0,0.0
84763,0,0.242969805,55,0,0.544352044,5771.0,18,0,1,0,0.0
84766,1,0.358075055,72,0,0.314023068,11530.0,16,1,1,0,1.0
84767,0,0.479876955,25,0,0.021145712999999997,2600.0,4,0,0,0,0.0
84768,0,0.9999998999999999,25,0,0.1757601,2400.0,2,0,0,0,0.0
84769,0,0.02661402,46,0,0.228485015,3636.0,12,0,0,0,0.0
84770,0,0.546902868,50,0,0.529485887,3967.0,8,0,1,0,3.0
84772,0,0.676333049,35,0,0.162787065,6400.0,4,0,0,0,1.0
84773,0,0.20840593300000002,49,0,0.27755189399999997,4672.0,7,0,0,0,1.0
84774,0,0.156271801,53,0,3044.0,,7,0,2,0,
84775,0,0.073451874,54,0,0.929400922,5424.0,11,0,2,0,2.0
84779,0,0.032767764,56,0,1074.0,,7,0,1,0,
84780,0,0.677867368,54,0,0.315027608,6700.0,15,0,1,0,0.0
84781,0,0.9999998999999999,57,0,0.118478424,6650.0,1,0,1,0,2.0
84782,0,0.044254378,68,0,0.121434872,3400.0,8,0,1,0,0.0
84783,0,0.7730637640000001,57,0,0.67187179,4866.0,17,0,1,0,3.0
84784,0,0.328381855,47,0,0.39588688899999996,8946.0,12,0,2,0,2.0
84785,0,0.20486549399999998,48,0,0.385253054,6875.0,6,0,1,0,3.0
84787,0,0.112673785,44,0,2701.0,,4,0,1,0,0.0
84788,0,0.8720365609999999,67,0,0.083134257,4185.0,3,0,0,0,0.0
84789,0,0.344238043,57,0,0.48479906799999994,8584.0,12,0,4,0,0.0
84790,0,0.443000925,45,0,0.565208966,15480.0,19,0,1,0,0.0
84794,0,0.9999998999999999,47,98,0.0052925609999999994,3400.0,0,98,0,98,0.0
84795,0,0.9999998999999999,26,0,0.144268775,3035.0,2,0,0,0,0.0
84796,0,0.530533764,36,1,0.22743870600000002,3833.0,6,0,0,0,2.0
84797,0,0.0,70,0,0.261413289,6636.0,6,0,1,0,0.0
84798,0,0.129476584,76,1,0.010462683,4300.0,7,0,0,0,0.0
84800,0,0.0,62,0,2770.0,,8,0,2,0,2.0
84802,0,0.020622124,57,0,0.250032675,7650.0,5,0,1,0,0.0
84803,0,0.171903608,42,0,0.603698151,2000.0,17,0,0,0,2.0
84804,0,0.47822925200000005,49,0,3412.0,,8,0,2,0,0.0
84805,1,0.9999998999999999,51,98,0.0,,0,98,0,98,0.0
84806,0,0.141662529,38,0,0.208537342,14500.0,13,0,1,0,0.0
84810,0,0.8230838070000001,31,0,0.358545596,5142.0,13,0,0,0,2.0
84812,0,0.9999998999999999,38,0,0.5209131810000001,6000.0,4,0,2,0,0.0
84813,0,0.069113298,55,0,974.0,,15,0,1,0,0.0
84816,0,1.00719856,47,2,0.561929596,2300.0,7,0,0,0,0.0
84817,1,0.9999998999999999,59,1,0.02610386,3600.0,0,2,0,0,0.0
84818,0,1.00739852,33,0,0.218701938,3250.0,3,0,0,0,1.0
84819,0,0.020559036,70,3,0.23516767,4651.0,9,0,1,0,0.0
84820,0,0.9999998999999999,64,0,0.32031197899999997,15000.0,5,0,2,0,0.0
84822,0,0.788720975,48,0,0.7775042609999999,5280.0,12,0,3,0,0.0
84823,0,0.571941339,70,0,0.335807601,3367.0,7,0,0,0,0.0
84824,1,2.435129741,52,1,0.235224586,3383.0,2,0,0,1,0.0
84826,0,0.010202358,76,0,0.05875630900000001,10500.0,13,0,0,0,0.0
84827,0,0.265379766,48,0,0.398561778,4588.0,11,0,1,0,1.0
84828,0,0.406459746,34,1,0.386485089,5800.0,14,2,1,0,3.0
84829,0,0.297470253,37,0,0.13643316,3268.0,5,0,0,0,2.0
84830,0,0.17802061100000002,63,1,0.144969058,17451.0,20,0,2,0,0.0
84831,0,0.042356371,61,0,2058.0,,9,0,1,0,0.0
84833,0,0.116338521,46,0,0.078302602,7917.0,8,0,0,0,0.0
84834,0,0.033292092999999995,75,0,0.030454042,5417.0,14,0,0,0,1.0
84835,1,0.9999998999999999,50,1,0.7808,3749.0,3,3,2,0,0.0
84836,0,0.06941179900000001,66,0,1081.0,0.0,9,0,1,0,0.0
84837,0,0.206349938,47,0,0.34123222700000005,632.0,11,0,0,0,2.0
84840,0,0.741725827,31,0,0.9215319940000001,2140.0,8,0,2,0,0.0
84841,0,0.005415549,81,0,0.005371531,2233.0,6,0,0,0,0.0
84842,0,0.108758422,52,1,0.357510035,14200.0,17,0,2,1,2.0
84843,0,0.172110385,52,0,0.373227123,5146.0,10,0,2,0,1.0
84844,0,0.013146485,91,0,13.0,,6,0,0,0,
84845,0,0.027328956,72,0,0.375906023,4000.0,5,0,2,0,0.0
84847,0,0.935486803,60,0,0.305886415,5792.0,4,0,1,0,1.0
84849,0,0.988513346,56,3,3994.0,,18,0,1,0,0.0
84853,0,0.079890473,83,0,0.07938991,5113.0,9,0,0,0,0.0
84855,0,0.48550483200000005,25,0,0.252859723,3321.0,3,0,0,0,0.0
84856,0,0.539587529,44,0,0.23720930199999998,12254.0,9,0,1,0,2.0
84858,0,0.055606395999999995,63,1,0.049924812,9974.0,5,0,0,0,2.0
84859,0,0.004538287,86,0,3.0,,2,0,0,0,
84860,0,0.6995123790000001,41,0,0.31089294100000003,6416.0,8,0,0,0,2.0
84863,0,0.038369679,64,0,1483.0,,11,0,1,0,2.0
84864,0,0.033024119,54,0,1309.0,,8,0,1,0,0.0
84865,0,0.541826377,39,0,0.6812967059999999,9500.0,18,0,3,0,6.0
84866,0,0.00823481,49,0,0.298089172,5494.0,6,0,1,0,2.0
84868,0,0.38283355700000005,49,0,0.900560565,4102.0,13,0,2,0,5.0
84869,0,0.9999998999999999,24,0,0.008526188,820.0,1,1,0,0,0.0
84871,0,0.362177624,28,2,0.395041983,2500.0,11,0,0,0,0.0
84872,0,0.0,45,0,0.20355623399999997,9166.0,6,0,2,0,1.0
84874,0,0.168427771,29,0,0.325835676,3200.0,12,0,2,0,0.0
84875,0,0.026220689,73,0,0.008103448000000001,5799.0,5,0,0,0,0.0
84876,0,0.830730113,44,0,0.5373378839999999,7324.0,8,0,1,0,2.0
84877,0,0.047288554000000003,27,0,0.007107952,2250.0,2,0,0,0,0.0
84878,0,0.122985312,51,0,0.793826441,3433.0,12,0,1,0,2.0
84880,0,0.0882873,50,0,43.0,,2,0,0,0,0.0
84881,0,1.064817955,44,1,0.41994845799999997,24833.0,8,0,3,0,3.0
84882,0,0.071354292,77,0,0.179793019,5700.0,3,0,1,0,0.0
84885,0,0.9999998999999999,41,0,0.249313564,1820.0,1,0,0,0,2.0
84886,0,0.171427942,81,0,0.053394997,4756.0,11,0,0,0,0.0
84888,0,0.52414223,51,0,0.555620365,12000.0,10,0,2,0,1.0
84889,0,0.053958745999999995,48,0,0.7234553090000001,5000.0,9,0,2,0,1.0
84890,0,0.21042492100000001,59,0,0.593957179,9200.0,23,0,5,0,1.0
84891,0,0.190505074,52,0,0.20454961300000002,16396.0,12,0,1,0,3.0
84892,0,0.022750929,53,0,0.660339155,3950.0,10,0,1,0,0.0
84893,0,0.007252821,67,0,0.005260389,1900.0,5,0,0,0,0.0
84894,0,0.691368916,52,3,0.262038074,6250.0,22,1,0,0,0.0
84896,0,0.065508708,55,0,0.222290357,6522.0,6,0,1,0,0.0
84897,0,0.0,59,0,0.507735584,2843.0,6,0,2,0,2.0
84898,0,0.535832248,46,0,0.372151154,6800.0,13,0,2,0,2.0
84899,0,0.652394583,57,3,4656.0,,13,0,2,1,1.0
84901,0,0.146519124,64,0,2.551383399,1517.0,13,0,3,0,0.0
84902,0,0.200024172,49,0,0.196640448,7500.0,8,0,1,0,2.0
84903,0,0.027290413,57,0,44.0,,5,0,0,0,0.0
84904,0,0.994518789,32,0,0.566216453,5700.0,6,0,2,0,0.0
84905,0,0.017706591,73,0,260.0,,6,0,0,0,0.0
84906,0,0.0,31,0,0.153772225,2080.0,8,0,0,0,0.0
84907,0,0.710014976,58,2,0.68933159,13000.0,19,0,3,0,4.0
84908,0,0.6517827389999999,41,2,0.427575319,7600.0,7,0,1,0,1.0
84909,0,0.07119618700000001,57,0,0.630660573,2406.0,9,0,1,0,1.0
84911,0,0.030815255,67,0,0.016826004,2614.0,14,0,0,0,0.0
84912,0,0.77609884,77,0,0.328847771,2377.0,4,0,0,0,0.0
84913,0,0.001043288,61,0,296.0,0.0,7,0,0,0,0.0
84914,0,0.020972092,68,0,0.06299475,12000.0,9,0,0,0,0.0
84918,0,0.038766991,56,0,0.580543272,4748.0,11,0,1,0,0.0
84919,0,0.267877513,44,0,1.0273213959999998,5416.0,10,0,6,0,0.0
84920,0,0.392186272,39,0,0.35536649200000003,4583.0,5,0,1,0,1.0
84921,0,0.41883327200000003,60,0,8173.0,,8,0,3,0,1.0
84923,0,0.00035998599999999996,61,0,0.0,,2,0,0,0,
84924,0,0.24310811100000002,40,0,0.38445595899999996,5789.0,8,0,2,0,2.0
84926,1,0.37203041299999995,38,0,1.005247243,11243.0,9,0,6,0,1.0
84927,0,0.8051860009999999,68,0,0.22946593,5429.0,7,0,0,0,0.0
84928,0,0.071077157,58,0,0.308292098,6668.0,8,0,1,0,0.0
84930,0,0.03502818,71,0,27.0,,11,0,0,0,0.0
84933,0,0.553677313,51,0,0.157912206,12050.0,8,0,0,0,0.0
84934,0,1.013805221,73,2,1.0726744190000002,687.0,7,0,1,0,0.0
84935,0,0.060306992000000004,52,0,87.0,,5,0,0,0,
84937,0,0.85737141,50,0,0.55734895,7000.0,9,0,2,0,0.0
84938,0,0.23661057800000002,48,0,0.20446374399999998,42833.0,15,0,3,0,0.0
84939,0,0.718624433,44,0,0.31487587300000003,10311.0,12,0,1,0,0.0
84940,0,0.16511812,86,1,0.265715795,3785.0,6,0,1,0,0.0
84942,0,0.12203679699999999,48,0,0.287664447,18166.0,9,0,1,0,0.0
84945,0,0.179709372,46,0,0.465151902,3916.0,4,0,1,0,0.0
84946,0,0.182330923,35,2,0.161008123,4800.0,12,0,0,0,2.0
84948,0,0.029589648,72,0,0.047190562,5000.0,7,0,1,0,0.0
84949,0,0.049011809,49,0,1.015912481,4021.0,16,0,2,0,2.0
84953,0,0.0015999679999999998,81,0,331.0,,4,0,0,1,0.0
84954,1,0.8528871659999999,32,1,0.519610231,8209.0,11,0,2,0,1.0
84955,0,1.165834166,47,2,440.0,,3,3,1,2,0.0
84956,1,0.9999998999999999,58,1,5210.0,,5,0,3,0,0.0
84957,0,0.01995445,70,0,0.044355572,5500.0,9,0,0,0,3.0
84959,0,0.12601342599999998,57,0,0.100232936,14166.0,6,0,1,0,0.0
84960,1,1.140465004,51,5,0.042715534000000006,15333.0,7,0,0,0,1.0
84961,0,0.015576007,61,0,0.002698199,12600.0,8,0,0,0,0.0
84962,1,0.415413129,53,7,0.5244239629999999,5424.0,18,0,2,1,4.0
84963,0,0.20159987699999998,48,0,0.013369901000000002,5833.0,1,0,0,0,0.0
84964,0,0.790902615,45,2,0.42204339700000004,6958.0,10,0,1,0,5.0
84965,0,1.3167701859999998,21,0,454.0,,2,0,0,0,
84966,0,0.325806965,40,0,0.5623482360000001,7000.0,15,0,2,0,2.0
84967,0,0.217239138,37,0,0.360808709,4500.0,7,0,3,0,2.0
84968,1,0.959831608,48,0,1398.0,,7,0,1,0,0.0
84971,0,0.7138210079999999,36,0,5201.0,,12,0,2,0,2.0
84972,0,0.049738902,44,0,1.114876508,1740.0,18,0,3,0,0.0
84973,0,0.0,62,0,30.0,,11,0,0,0,0.0
84974,0,0.8732169040000001,50,0,1.15798099,3050.0,7,0,2,0,1.0
84975,0,0.020460909,40,0,0.630619101,6250.0,7,0,1,0,2.0
84976,0,0.234924235,32,0,0.182424594,3447.0,5,0,0,0,0.0
84977,0,0.12160623300000001,52,0,0.296719081,13227.0,18,0,3,0,3.0
84978,0,0.220615163,53,0,0.06908578900000001,31250.0,26,0,0,0,0.0
84979,0,0.05455809599999999,54,0,0.382615651,7500.0,16,0,2,0,0.0
84980,0,0.16678779999999999,43,0,2393.0,,9,0,1,0,0.0
84981,0,0.021554597999999998,41,0,0.070149529,5416.0,4,0,0,0,2.0
84983,0,0.053733324000000006,41,1,0.179190751,11417.0,11,0,2,0,2.0
84984,0,0.0,49,0,0.380020597,5825.0,11,0,1,0,3.0
84987,0,0.24995001,34,0,1245.0,0.0,4,0,2,0,1.0
84988,0,0.130152928,39,0,2902.0,,3,0,1,0,0.0
84989,0,0.934342098,41,0,0.566058528,8166.0,8,0,3,0,3.0
84990,0,0.119601329,26,0,0.11529490199999999,3000.0,3,0,0,0,0.0
84995,1,0.9999998999999999,31,0,0.0,,0,0,0,0,
84996,0,0.04265299400000001,43,0,0.363688186,7016.0,7,0,2,0,2.0
84997,0,0.643452183,46,0,0.08809648699999999,1906.0,7,0,0,0,0.0
84998,0,0.053798582000000005,53,0,0.9423862890000001,7584.0,18,0,1,0,0.0
84999,0,0.23502557899999998,47,0,0.392312667,10822.0,8,0,2,0,3.0
85000,0,0.247939468,33,1,0.191269577,3000.0,7,0,0,1,0.0
85002,0,0.053529494000000004,53,0,0.271872396,8400.0,11,0,2,0,4.0
85003,0,0.173413293,34,1,675.0,,7,0,1,1,0.0
85005,0,0.7614119290000001,49,0,0.5363979999999999,8200.0,8,0,2,0,2.0
85006,0,0.0,60,0,0.0,,1,0,0,0,
85007,0,0.10763331699999999,70,0,0.39376473700000003,3816.0,14,0,1,0,0.0
85008,1,0.725958696,67,0,0.479046243,2767.0,6,0,0,0,1.0
85009,0,0.035708791000000004,40,2,0.12360387199999999,9400.0,7,0,1,0,2.0
85010,0,0.985903084,30,0,0.103311258,2264.0,3,0,0,0,1.0
85013,0,0.388907479,57,0,0.22645761,10650.0,13,0,1,0,1.0
85015,1,0.6083306589999999,59,1,1878.0,,12,0,0,0,0.0
85017,0,0.359515222,69,1,0.270954841,6000.0,10,0,2,0,0.0
85019,0,0.013499518,59,1,0.445216293,9500.0,16,0,3,0,0.0
85020,0,0.371053897,43,0,0.440627041,7654.0,6,0,2,0,2.0
85022,0,0.224618912,63,0,4420.0,,14,0,2,0,0.0
85027,0,0.012999628999999999,37,0,0.25049990899999997,5500.0,7,0,0,0,2.0
85028,0,0.149905756,55,0,0.40800037100000003,21548.0,14,0,5,0,2.0
85029,0,0.20559898199999999,55,0,0.743954481,1405.0,5,0,0,0,0.0
85032,0,1.107928048,28,0,0.019592163,2500.0,1,0,0,0,0.0
85033,0,0.0,59,0,0.111305543,16000.0,5,0,2,0,0.0
85035,0,0.012524442,32,0,1868.0,0.0,12,0,2,0,0.0
85036,0,0.99000999,29,1,0.7949775109999999,2667.0,6,0,1,0,0.0
85038,0,0.083996419,60,0,0.075975748,15833.0,13,0,1,0,0.0
85041,0,0.085602825,40,0,0.07068366200000001,8629.0,8,0,0,0,1.0
85042,0,0.41047406700000005,49,1,0.487641185,6108.0,12,0,2,0,0.0
85044,1,0.380287814,60,0,0.54796477,4200.0,9,0,2,0,0.0
85045,0,0.574071946,35,0,0.37994243299999997,6600.0,4,0,1,0,1.0
85046,0,0.717559255,36,0,0.616197686,7000.0,9,0,1,0,3.0
85047,0,0.056413574,31,0,0.639753941,2600.0,5,0,1,0,0.0
85048,0,0.59301258,40,0,1.338429874,3400.0,12,0,2,0,5.0
85049,0,0.05614755900000001,63,0,0.319034048,6666.0,16,0,2,0,0.0
85050,0,0.00839832,51,0,1.0,,2,0,0,0,0.0
85051,0,0.22701998899999998,71,0,0.35896215200000003,4200.0,15,0,1,0,0.0
85054,0,0.204841999,49,0,0.530995232,6500.0,9,0,2,0,0.0
85056,0,0.523711492,36,0,0.17074512,7273.0,4,0,1,0,2.0
85058,0,0.9999998999999999,46,0,883.0,,2,0,1,0,
85060,0,0.245921132,37,0,0.34074801,9170.0,7,0,2,0,2.0
85061,1,0.6217927360000001,46,5,0.391497131,3833.0,6,2,2,0,2.0
85062,0,0.9999998999999999,35,0,0.04772475,900.0,0,1,0,0,0.0
85063,0,0.323983523,64,0,0.37583029799999995,14000.0,16,0,1,0,2.0
85064,0,0.010443063,58,0,0.07710535,21100.0,11,0,1,0,0.0
85065,0,0.822942643,29,1,0.083277815,1500.0,3,0,0,0,0.0
85066,0,0.059040910999999995,69,0,5381.0,,6,0,3,0,0.0
85067,0,0.991923853,43,1,0.310990242,6250.0,9,0,1,0,3.0
85068,0,0.071994,90,0,0.006664889,3750.0,2,0,0,0,0.0
85069,0,0.9999998999999999,64,0,0.159335589,3250.0,2,0,0,1,0.0
85071,0,0.010180416,42,0,0.012106538,825.0,9,0,0,0,0.0
85073,0,0.29880596600000003,72,0,1982.0,,16,0,1,0,0.0
85075,0,0.81708836,74,0,0.6550157289999999,2860.0,9,0,1,0,1.0
85076,0,0.370923636,49,0,1.187762448,3333.0,19,0,4,0,3.0
85077,1,1.1097804390000001,32,0,0.066583437,2402.0,2,0,0,0,0.0
85080,0,0.9999998999999999,26,0,0.107556977,2500.0,2,0,0,1,0.0
85081,0,0.048439554,63,0,1075.0,0.0,10,0,2,0,0.0
85082,0,0.052787434,69,0,0.27368027,5341.0,8,0,1,0,0.0
85083,0,0.055862942,29,0,0.125519151,4333.0,4,0,0,0,0.0
85084,1,0.10203516900000001,53,0,0.442751843,2034.0,13,0,1,0,0.0
85087,0,0.0035527790000000003,87,0,0.002399726,2916.0,8,0,0,0,0.0
85088,0,0.026869037999999998,67,0,0.253281038,6628.0,8,0,1,0,0.0
85089,0,0.293271952,48,1,0.929408482,3583.0,6,0,2,0,0.0
85090,0,0.17395306,42,0,0.5808337179999999,6500.0,14,0,2,0,3.0
85091,0,0.9999998999999999,46,0,0.440194976,8000.0,5,0,2,0,0.0
85093,0,0.9999998999999999,50,98,0.0,28733.0,0,98,0,98,4.0
85094,0,0.548651496,55,0,2767.0,,6,0,0,0,0.0
85097,0,0.082424908,65,0,0.187743191,1027.0,4,0,0,0,0.0
85100,0,0.026990835,75,0,0.008844453,5200.0,4,0,0,0,0.0
85101,0,0.598557828,61,0,0.604674291,4021.0,13,0,1,0,1.0
85102,0,0.251469186,58,0,0.212963775,11400.0,14,0,1,0,0.0
85103,0,0.010313991,52,0,0.271303189,9000.0,8,0,0,0,0.0
85104,0,0.9999998999999999,61,0,0.00020736099999999998,9644.0,2,0,0,0,0.0
85106,0,0.75067813,58,0,1108.0,,7,0,0,0,0.0
85107,0,0.030597408,49,0,0.150917792,14000.0,9,0,1,0,3.0
85108,0,0.0,61,0,0.0,,4,0,0,0,0.0
85109,0,0.139142911,56,0,287.0,,6,0,0,0,0.0
85110,0,0.9999998999999999,61,0,1318.0,,4,0,1,0,0.0
85111,0,0.012921088999999998,22,0,0.002150538,929.0,4,0,0,0,0.0
85112,0,0.20441397,68,0,0.016996601,5000.0,3,0,0,0,0.0
85114,0,0.042718238,86,0,0.102965678,3000.0,4,0,0,0,0.0
85116,0,0.023946107999999997,88,0,0.006496752,2000.0,4,0,0,0,0.0
85117,0,0.003449943,72,0,4.7338235289999995,679.0,9,0,2,0,0.0
85119,0,0.0,87,0,0.094830049,3500.0,4,0,1,0,0.0
85120,0,1.0459540459999999,43,2,0.448191933,2875.0,8,1,0,0,1.0
85121,0,0.014777597,86,0,8.0,,2,0,0,0,0.0
85122,0,0.564634282,66,0,0.415418923,18833.0,14,0,2,0,1.0
85124,0,0.057916347,38,0,0.11082409800000001,12000.0,5,0,1,0,0.0
85125,0,0.437078146,55,0,0.503461006,2166.0,6,0,1,0,0.0
85126,0,0.0,42,0,2122.0,,5,0,1,0,0.0
85127,0,0.09256607800000001,51,0,0.30964602399999996,15000.0,10,0,2,0,2.0
85128,0,0.045626214000000005,64,0,0.13421323300000002,11667.0,8,0,1,0,3.0
85130,1,0.899585773,48,1,1196.0,,5,0,0,1,0.0
85132,1,0.422890049,44,0,0.090126371,7200.0,9,0,0,0,2.0
85133,0,0.415362137,40,1,0.302224815,12000.0,10,0,2,0,3.0
85134,0,0.015332603,29,0,0.295963005,8000.0,6,0,2,0,1.0
85136,0,0.047898295,72,0,65.0,,4,0,0,0,0.0
85137,0,0.925730649,64,1,0.42569992799999995,5571.0,10,1,1,0,1.0
85139,0,0.44855757,38,0,0.7250808590000001,3400.0,6,0,1,0,0.0
85140,0,0.51041054,59,0,0.201679832,10000.0,6,0,1,0,0.0
85143,0,0.05146169,57,0,2149.0,,6,0,2,0,0.0
85146,0,0.993192938,30,3,0.166916542,2000.0,5,0,0,1,2.0
85147,0,0.66189968,64,1,0.277611652,10366.0,11,1,1,0,0.0
85148,0,0.27761056300000003,64,1,2016.0,,18,0,0,0,0.0
85150,0,0.0,70,0,0.0,2009.0,4,0,0,0,0.0
85151,0,0.06573046099999999,58,1,0.39418891899999997,8500.0,8,0,1,0,2.0
85153,0,0.08761606699999999,40,0,0.258504547,5937.0,4,0,1,0,2.0
85154,0,0.021198439,51,0,0.20877216399999998,7500.0,8,0,1,0,2.0
85156,0,0.39565431100000004,57,1,5074.0,,14,0,2,0,0.0
85157,0,0.035057999,59,1,0.522657636,6200.0,8,0,1,0,0.0
85158,0,0.7228563840000001,40,0,0.6907097520000001,3465.0,12,0,1,0,0.0
85161,0,0.9999998999999999,53,0,0.24135939899999997,12122.0,6,0,2,0,2.0
85162,0,0.42460882899999997,58,0,0.554013277,3313.0,13,0,1,0,0.0
85164,0,0.054297285,67,0,1975.0,,5,0,1,0,0.0
85165,0,0.055802156,32,0,0.091171617,4847.0,7,0,0,0,0.0
85167,0,0.019192323,23,0,0.00039093,2557.0,3,0,0,0,0.0
85168,0,0.006612548,92,0,3.0,,2,0,0,0,0.0
85170,0,0.00239994,67,0,7.0,,2,0,0,0,0.0
85172,0,0.384300039,52,0,1237.0,,9,0,1,0,2.0
85173,0,0.020748963,52,0,0.128423615,11500.0,5,0,1,0,0.0
85174,0,0.100551776,46,0,0.225605115,6568.0,10,0,1,0,2.0
85175,0,0.9999998999999999,56,0,0.229245681,2372.0,4,0,0,0,0.0
85176,0,0.9999998999999999,60,0,0.0,,0,0,0,0,0.0
85177,0,0.439190974,40,0,2572.0,,4,1,1,0,2.0
85178,0,0.032712727999999996,69,0,1287.0,,2,0,1,0,0.0
85182,0,0.001209038,72,0,1.0,,4,0,0,0,
85183,0,0.9999998999999999,30,0,0.077728483,5634.0,7,0,0,1,0.0
85184,0,0.117269236,78,0,0.025675842,8100.0,7,0,0,0,1.0
85185,1,0.881422925,27,2,0.215069495,4100.0,8,0,0,2,0.0
85186,0,0.297715964,66,0,0.525762625,3900.0,18,0,1,0,1.0
85187,0,0.001033615,54,0,0.26527461199999997,13600.0,20,0,3,0,1.0
85188,0,0.103088471,54,0,2.368179207,1740.0,16,0,2,0,0.0
85189,0,0.48360057,59,0,1.040107465,5210.0,15,0,3,0,0.0
85190,0,0.040603591,53,0,0.368357902,5833.0,8,0,1,0,0.0
85191,0,0.6357291079999999,50,2,526.0,,2,2,0,0,0.0
85192,0,0.47769330600000004,63,1,0.408243222,6380.0,5,0,1,1,0.0
85193,0,0.040973512000000004,54,1,0.212309743,9000.0,10,0,1,0,0.0
85194,1,0.92979667,33,0,0.205322013,9657.0,9,0,1,0,2.0
85196,0,0.007618685,75,0,4.0,,7,0,0,0,0.0
85197,0,0.126386356,82,0,2.151878497,1250.0,22,0,2,0,0.0
85198,0,0.38239632799999995,42,2,0.188820723,1466.0,6,0,0,0,4.0
85199,0,0.92839723,58,3,0.11500225900000001,8851.0,8,3,0,1,2.0
85201,0,0.01259937,59,0,0.373406193,4940.0,5,0,1,0,0.0
85203,0,0.090433021,56,3,0.06998176099999999,20833.0,13,0,0,0,1.0
85204,0,0.035765771,55,0,58.0,,9,0,0,0,
85205,0,0.002333476,65,0,0.183209382,13983.0,24,2,1,0,0.0
85206,0,0.755630947,67,0,0.268747546,5093.0,7,0,0,0,0.0
85207,0,0.11658139,63,0,0.038282067999999995,10500.0,8,0,1,0,0.0
85208,0,0.279907883,33,1,0.39663065399999997,5460.0,8,0,2,0,1.0
85209,0,0.017257981000000002,64,0,197.0,,8,0,0,0,0.0
85210,0,0.44958317600000003,56,0,0.667111026,5250.0,22,0,3,0,0.0
85212,0,0.026407891,46,0,0.241668121,5730.0,4,0,1,0,0.0
85213,0,0.957634366,54,0,2.109570042,720.0,5,0,0,0,0.0
85214,0,0.35078976,32,0,0.312368763,10000.0,10,0,2,0,0.0
85215,0,0.012708113,52,0,4438.0,,10,0,3,0,3.0
85216,0,0.24309003199999998,41,3,0.42228212,8903.0,12,0,2,0,2.0
85217,0,0.007555531,63,0,35.0,,20,0,0,0,1.0
85218,0,0.020547476000000002,55,0,0.24679231899999998,11300.0,5,0,1,0,3.0
85220,0,0.457976514,68,0,1037.0,,9,0,0,0,0.0
85222,0,0.9999998999999999,22,0,24.0,,0,0,0,0,
85223,0,0.050685887,61,0,2050.0,,4,0,1,0,0.0
85224,0,0.052720447000000004,50,0,95.0,,5,0,0,0,
85226,0,0.579977948,31,0,466.0,,8,0,0,0,0.0
85228,1,0.43032778299999996,65,0,0.416902471,5300.0,7,0,1,0,0.0
85229,0,0.07428147,59,0,2433.0,,5,0,2,0,0.0
85230,0,0.02261913,62,0,0.00408905,2200.0,1,0,0,0,0.0
85231,0,0.666509341,53,0,0.322048425,14000.0,14,0,2,0,2.0
85232,0,0.044953524,77,0,0.382902939,3368.0,9,0,0,0,0.0
85234,0,1.30099728,53,0,0.284781288,13167.0,12,0,2,0,1.0
85236,0,0.009344705,55,1,12.0,,7,0,0,0,0.0
85237,0,0.9999998999999999,46,1,0.177249392,3700.0,6,0,0,0,2.0
85238,0,0.026285762,51,0,0.614257162,1500.0,12,0,1,0,0.0
85240,0,0.33444082399999997,62,0,0.049792530999999994,8916.0,5,0,0,0,1.0
85242,0,0.040650337,81,0,450.0,,12,0,0,0,0.0
85244,0,0.0,38,0,0.417170496,2480.0,4,0,1,0,1.0
85245,0,0.430521903,80,0,335.0,,4,0,0,0,0.0
85246,0,0.9999998999999999,48,2,2502.0,,2,0,1,0,0.0
85247,0,0.006749663,58,0,1068.0,,3,0,1,0,0.0
85248,0,0.0,37,0,0.0,1863.0,1,0,0,0,2.0
85249,0,0.0,66,0,0.246587807,17583.0,12,0,2,0,1.0
85250,0,0.098427084,36,0,0.513871532,4000.0,10,0,1,0,2.0
85251,0,0.926864693,58,1,0.690136222,12185.0,21,0,3,0,2.0
85253,0,0.007999673,61,0,0.296927929,8560.0,6,0,1,0,0.0
85255,0,0.9999998999999999,26,0,0.193903048,2000.0,1,3,0,1,0.0
85258,0,0.407449069,59,0,1753.0,,5,0,2,0,0.0
85259,0,0.9540918159999999,28,1,0.48285599,2478.0,3,0,1,0,0.0
85260,0,0.085793597,68,0,0.204265245,3000.0,13,0,2,0,0.0
85261,0,0.0,52,0,0.066214865,9000.0,5,0,0,0,0.0
85262,0,0.34232034,55,1,0.573617588,6003.0,12,0,2,0,1.0
85263,0,0.104910484,40,0,0.447290432,9447.0,9,0,2,0,0.0
85264,0,0.676256132,68,0,0.307981047,16250.0,8,0,2,0,0.0
85265,0,0.9999998999999999,65,1,0.52284264,2166.0,1,1,1,0,0.0
85266,0,0.12177331599999999,64,0,0.749305442,6118.0,17,0,2,0,0.0
85267,0,0.339566043,76,0,0.049979175,2400.0,2,0,0,0,0.0
85268,1,0.8760981520000001,36,0,0.08081986299999999,6000.0,2,0,0,1,1.0
85270,0,0.0,24,0,0.0,1000.0,2,0,0,0,0.0
85272,0,0.878808035,49,1,0.33626637299999995,10000.0,20,0,3,0,1.0
85273,0,0.446236918,53,0,0.7007416959999999,3100.0,7,0,1,0,1.0
85274,0,0.38254172,67,0,0.46913580200000005,1700.0,4,0,1,0,0.0
85275,0,0.0,69,0,0.24346969,2028.0,9,0,2,0,0.0
85277,0,0.183894068,59,1,1798.0,,2,2,1,0,0.0
85278,0,0.750729065,68,0,0.18206992,2888.0,9,0,1,0,0.0
85279,0,0.148047517,43,0,0.061991144000000005,7000.0,5,0,0,0,1.0
85280,0,0.020766155,38,0,0.009453686,11000.0,13,0,0,0,0.0
85281,0,0.3979607,63,0,3702.0,,12,0,2,0,0.0
85282,0,0.7884876209999999,46,1,3114.0,,10,0,1,0,2.0
85284,0,0.8012824479999999,50,0,1.077546609,3700.0,13,0,2,0,0.0
85286,0,0.176063826,68,0,0.314062358,11000.0,15,0,2,0,1.0
85287,0,0.009117921999999999,71,0,0.288425047,1580.0,8,0,0,0,0.0
85288,0,0.129987001,33,0,0.262334275,4600.0,4,0,1,0,1.0
85289,0,0.015625724,78,1,0.011208725,3300.0,11,0,0,0,0.0
85290,0,0.0,43,0,1.128080415,3083.0,11,0,3,0,0.0
85291,0,0.395348837,49,1,0.18394730399999998,4098.0,2,1,1,0,1.0
85293,0,0.032298385,66,0,0.003443658,5226.0,2,0,0,0,0.0
85294,0,0.45144922200000004,49,0,0.328237669,10400.0,9,0,2,0,0.0
85296,0,0.9999998999999999,34,0,0.47386461,3500.0,5,0,1,0,1.0
85297,0,0.046303627,39,0,0.231765378,5250.0,6,0,1,0,0.0
85298,0,0.337259804,46,0,0.296100557,7000.0,21,0,1,0,0.0
85299,0,0.0,69,0,0.32933447600000004,3500.0,6,0,2,0,1.0
85300,0,0.135711054,54,0,0.305211849,8000.0,14,0,2,0,1.0
85302,0,0.550006439,51,0,2304.0,,17,0,0,0,0.0
85303,0,0.000285322,47,0,0.51109778,5000.0,13,0,1,0,0.0
85305,0,0.003977864,44,0,0.243038261,8833.0,13,0,1,0,3.0
85306,0,0.023518119,49,0,4393.0,,16,0,4,0,0.0
85310,0,0.272413884,48,0,0.288881271,8750.0,7,0,1,0,3.0
85311,0,0.040184988,29,0,0.002849858,6666.0,3,0,0,0,0.0
85312,0,0.048625334000000006,67,0,1623.0,,10,0,2,0,0.0
85313,0,0.9999998999999999,34,0,0.0,6269.0,1,0,0,0,0.0
85314,0,0.066292797,68,0,1815.0,,17,0,1,0,0.0
85315,0,0.047400448,62,0,0.271409941,6900.0,9,0,1,0,1.0
85316,0,0.005703735,68,1,2347.0,,13,0,2,0,0.0
85317,0,0.001333111,32,0,323.0,,3,0,0,0,0.0
85318,0,0.696003502,47,0,0.553659785,5860.0,10,0,1,0,4.0
85320,0,0.040185068,66,0,0.172007178,3900.0,6,0,0,0,0.0
85322,0,0.374913375,67,0,0.035989717000000004,3500.0,5,0,0,0,1.0
85323,0,0.554046491,29,0,0.452225131,3055.0,7,0,0,0,0.0
85325,0,0.044547773,72,0,0.009140246,3500.0,6,0,0,0,1.0
85326,0,0.005693047,72,0,5.0,,3,0,0,0,0.0
85327,0,0.063204023,33,0,0.267211569,6361.0,6,0,1,0,1.0
85328,1,0.019507131,63,0,0.102975496,3427.0,6,0,0,1,0.0
85330,0,0.632734531,48,0,0.000814406,11050.0,1,0,0,0,5.0
85331,0,0.035670435,71,0,0.00948463,8750.0,8,0,0,0,0.0
85333,0,0.131751356,47,0,0.182344428,7600.0,4,0,1,0,0.0
85334,0,0.012945338999999998,63,0,2137.0,,12,0,1,0,0.0
85335,0,0.04685045,71,0,0.320073665,2714.0,7,0,1,0,0.0
85336,0,0.018987875,37,0,0.611277744,5000.0,9,0,3,0,1.0
85337,1,0.0,37,1,0.317512275,11608.0,10,0,2,0,3.0
85338,0,0.528448539,57,0,0.04009142,10500.0,6,0,0,0,0.0
85339,0,0.433724489,43,0,2398.0,,7,0,2,0,0.0
85342,0,0.059089417000000005,34,0,0.445698166,9925.0,10,0,3,0,0.0
85343,0,0.023574411,72,0,0.004799451,5833.0,3,0,0,0,0.0
85345,0,0.381016342,52,0,0.937152833,6300.0,14,0,1,0,0.0
85347,0,0.344685607,52,0,1808.0,,4,0,2,0,0.0
85348,0,0.18229147,63,0,9929.0,,16,0,5,0,2.0
85349,0,0.790868597,35,0,0.21605933600000002,3100.0,3,0,0,0,2.0
85353,0,0.5955002389999999,61,0,0.491110814,7480.0,14,0,2,0,0.0
85355,0,0.025369014,66,0,0.12724513,3952.0,8,0,1,0,0.0
85356,0,0.035832139,56,0,0.21279097100000002,8505.0,17,0,1,0,2.0
85357,0,0.0,41,0,0.0,,4,0,0,0,0.0
85360,0,0.0,50,0,0.289008455,1300.0,4,0,0,0,1.0
85362,0,0.11735294800000001,70,0,1937.0,,4,0,1,0,0.0
85363,0,0.9999998999999999,40,0,0.0,,0,0,0,0,0.0
85366,0,0.006499838000000001,58,0,75.0,,10,0,0,0,0.0
85367,0,0.193746942,48,0,0.42751449700000005,5000.0,27,0,1,0,1.0
85369,0,0.708064633,66,0,0.6848635240000001,2820.0,5,0,1,0,0.0
85372,0,0.9840031990000001,40,2,0.126931233,3300.0,2,0,0,0,0.0
85376,0,1.121187881,44,0,0.387965495,4752.0,6,0,0,0,3.0
85378,0,0.035313451,67,0,29.0,0.0,3,0,0,0,0.0
85379,0,0.28986936399999996,42,0,0.109879315,7125.0,5,0,0,0,0.0
85380,0,0.017496593,77,0,0.005332445,6000.0,9,0,0,0,0.0
85381,0,0.035265488,54,0,0.23177768199999998,100000.0,10,0,4,0,2.0
85385,0,0.10895290099999999,48,0,0.393316195,3500.0,16,0,0,0,0.0
85388,0,0.551132334,33,2,0.238051187,3242.0,7,0,0,0,0.0
85391,0,1.033222591,46,0,0.361230149,3966.0,3,0,0,0,1.0
85392,0,0.0,48,0,0.24057250600000002,11667.0,11,0,2,0,3.0
85393,0,9.63e-05,41,0,0.46946867600000003,5043.0,10,0,2,0,2.0
85394,0,0.018709007,63,0,15.0,,10,0,0,0,0.0
85395,0,0.386110231,56,0,0.164170221,10080.0,7,0,0,0,1.0
85396,0,0.11945495800000001,53,0,774.0,,5,0,0,0,0.0
85397,0,0.889074062,64,0,0.148093299,2700.0,2,0,0,0,0.0
85398,0,0.014133322,64,0,0.793650794,8000.0,7,0,2,0,2.0
85399,0,0.36929786600000003,40,0,0.487417819,4410.0,8,0,1,0,1.0
85400,0,0.773226773,43,0,774.0,,5,0,0,0,0.0
85401,0,0.063953092,69,0,2991.0,,11,0,1,0,0.0
85402,0,0.050067062,66,0,0.285942811,5000.0,11,0,1,0,1.0
85403,0,0.027863777000000003,59,0,0.344218594,3000.0,6,0,1,0,0.0
85406,0,0.9999998999999999,52,0,1780.0,,2,2,1,0,
85407,0,0.068075178,43,0,0.394960504,10000.0,16,0,2,0,1.0
85409,0,0.00039998199999999995,75,0,0.002666413,10500.0,8,0,0,0,0.0
85410,0,0.0028293479999999998,80,0,79.0,,3,0,0,0,0.0
85411,0,0.17847259,45,0,0.079635152,5700.0,15,0,0,0,2.0
85414,0,0.09114724800000001,62,0,0.203218741,10500.0,8,0,1,0,0.0
85415,0,0.002189621,52,0,3530.0,,12,0,2,0,0.0
85416,0,0.13856285699999998,64,1,0.291681089,8666.0,12,0,2,0,0.0
85418,0,0.017299798999999998,83,0,19.0,,4,0,0,0,0.0
85419,0,0.124647539,49,1,0.22889417399999998,5045.0,8,0,1,0,2.0
85420,1,0.9572681009999999,51,1,0.49068323,6600.0,16,1,1,0,1.0
85421,1,0.0,71,1,0.028630032000000003,11700.0,6,0,1,0,0.0
85422,0,0.691237478,39,2,0.289852588,5833.0,16,0,0,0,1.0
85423,0,0.048014999999999995,59,1,0.263739891,6058.0,10,0,1,0,0.0
85424,0,0.484903019,30,0,0.5292872270000001,2833.0,7,0,1,0,0.0
85425,0,0.012000536000000001,31,1,0.39806964899999997,7666.0,15,0,2,0,0.0
85426,0,0.881558602,32,0,0.550689862,5000.0,11,0,1,0,0.0
85428,0,0.0,26,0,989.0,,4,0,0,0,
85429,0,0.002367798,60,2,0.185890705,20000.0,7,0,1,0,1.0
85430,0,0.137272717,48,0,0.126704236,5500.0,10,0,0,0,3.0
85432,0,0.8911088909999999,35,0,0.317105263,3799.0,4,0,1,0,2.0
85433,0,0.018296241,70,0,0.00441791,8374.0,12,0,0,0,0.0
85435,0,0.9999998999999999,61,0,477.0,,1,0,1,0,1.0
85437,0,0.363342031,58,0,1.020408163,2400.0,10,0,1,0,0.0
85439,0,0.624459433,57,0,0.36777078,20800.0,14,0,2,0,7.0
85441,0,0.024651102,31,0,0.192361528,5000.0,4,0,1,0,0.0
85443,0,0.088325973,28,0,31.0,,2,0,0,0,0.0
85445,0,0.001535323,76,0,1119.0,,6,0,1,0,0.0
85446,0,0.023595281,24,0,523.0,,3,0,0,0,0.0
85448,0,0.320536725,52,0,0.456704602,8083.0,12,0,1,0,0.0
85450,0,0.5680596170000001,36,0,0.645341863,2500.0,8,0,2,0,1.0
85452,0,0.863531569,45,0,0.7231824029999999,7000.0,21,0,4,0,0.0
85453,0,0.23248163600000002,36,0,0.21274811300000002,3576.0,13,0,0,0,1.0
85455,0,0.0021139320000000002,82,0,0.002172968,2300.0,11,0,0,0,0.0
85459,0,0.473357846,51,0,0.886947023,1830.0,10,0,0,0,0.0
85460,0,0.989400353,51,0,0.87424362,3800.0,6,0,2,0,0.0
85462,0,0.048708072000000005,80,0,0.08547863,4000.0,12,0,0,0,0.0
85463,0,0.026233756,51,0,0.333779563,2240.0,12,0,1,0,1.0
85464,0,0.9999998999999999,72,0,0.08524788400000001,4961.0,1,0,1,0,0.0
85465,0,0.12636710199999998,63,0,0.275325978,1993.0,7,0,0,0,0.0
85466,0,0.124535984,26,0,123.0,,5,0,0,0,0.0
85467,0,0.223309377,41,0,0.411704161,6800.0,11,0,2,0,2.0
85468,0,0.251183514,59,0,0.054451975,8557.0,9,0,0,0,2.0
85470,0,0.116958631,27,0,0.326023863,3100.0,7,0,0,0,1.0
85472,0,0.465938919,44,1,0.46548167,6300.0,10,1,2,0,2.0
85474,0,0.014814266000000001,48,0,0.260568261,10100.0,5,0,1,0,2.0
85475,0,0.528468025,61,0,0.84932159,4200.0,8,0,2,0,0.0
85476,0,0.912772995,68,0,0.6041144,5978.0,14,0,1,0,0.0
85477,0,0.058074604,49,0,0.8231087090000001,6291.0,22,0,3,0,2.0
85480,0,0.49976695200000004,63,0,0.585893474,5500.0,8,0,1,0,0.0
85481,0,0.0,46,0,0.11776277,15250.0,10,0,1,0,1.0
85482,0,0.031461335,26,0,0.007821229,894.0,2,0,0,0,0.0
85483,0,0.9999998999999999,67,0,892.0,,4,0,1,0,
85484,0,0.0029690109999999997,69,0,0.3712503,8333.0,13,0,2,1,0.0
85486,0,0.271510441,48,0,0.53014827,3034.0,7,0,1,0,3.0
85487,0,0.562479174,25,0,0.26018495399999997,4000.0,7,0,0,0,0.0
85488,0,0.316508358,39,0,0.48306223,6700.0,18,0,4,0,1.0
85491,0,0.668883962,58,0,2815.0,,7,0,1,0,0.0
85494,0,1.124250583,60,2,0.35076897100000004,11833.0,20,0,1,0,0.0
85497,0,0.007001374,73,0,0.007364545,1900.0,12,0,0,0,0.0
85499,0,0.276015307,48,2,0.675855801,3300.0,11,0,1,0,0.0
85500,0,0.923519285,70,0,0.497096604,5682.0,8,0,1,0,0.0
85501,0,0.044082354000000004,57,0,1588.0,,7,0,1,0,
85502,0,0.426870883,34,0,0.206832132,3746.0,10,0,0,0,3.0
85503,0,0.609762239,51,0,0.071448703,7095.0,6,0,0,0,0.0
85504,0,0.9999998999999999,38,0,373.0,,2,0,0,0,0.0
85505,0,0.02393795,64,2,0.141102542,3500.0,14,0,1,0,0.0
85506,0,0.7016625540000001,44,0,0.209747392,32500.0,11,0,2,0,2.0
85508,1,0.9999998999999999,23,0,0.202373517,1600.0,5,0,0,1,0.0
85510,0,0.012613612,59,0,0.6352583589999999,6250.0,16,0,4,0,0.0
85511,0,0.221694576,24,0,473.0,,3,0,0,0,
85512,0,0.087043712,68,0,0.037984806,2500.0,5,0,0,0,0.0
85513,0,0.0,46,0,0.664802576,5900.0,17,0,1,0,0.0
85514,0,0.353368261,66,1,0.34071710200000005,5326.0,10,0,1,0,0.0
85515,0,0.00869338,43,0,0.556285775,4716.0,8,0,1,0,0.0
85517,0,0.7071441559999999,61,0,0.175989673,2323.0,4,0,0,0,0.0
85518,0,0.9999998999999999,46,0,0.129308144,7833.0,3,0,1,0,3.0
85519,0,0.276955603,49,0,0.48626954,7100.0,7,0,2,0,2.0
85521,0,0.407285425,44,0,0.334759627,3972.0,12,0,1,0,1.0
85522,0,0.072137887,49,0,0.31489417,7700.0,8,0,1,0,3.0
85524,1,0.599471325,59,0,0.161203875,4850.0,13,1,0,1,0.0
85526,0,0.016071155,50,0,0.286775207,3500.0,13,0,1,0,0.0
85527,1,0.710963455,40,0,789.0,,14,8,0,0,0.0
85528,1,1.076923077,42,1,477.0,,4,0,0,0,4.0
85531,0,0.32393010699999997,55,0,0.35459897700000004,10360.0,5,0,2,0,2.0
85532,0,0.00853373,49,0,0.298540292,5000.0,7,0,1,0,2.0
85534,0,0.047477102,67,0,0.02055175,5400.0,7,0,0,0,0.0
85535,0,1.332123412,54,3,469.0,,3,1,0,0,0.0
85537,0,0.278307032,29,0,1365.0,,7,0,0,0,0.0
85539,0,0.46282931899999996,29,1,0.13349015,3400.0,10,0,0,0,1.0
85542,0,0.095971684,67,0,0.14976899400000002,15583.0,14,0,1,0,0.0
85544,0,0.20383457,71,0,0.15782458,3750.0,8,0,0,0,2.0
85546,0,0.544662028,44,0,0.233276672,10000.0,10,0,0,0,2.0
85551,0,0.065489119,65,0,0.238253915,3000.0,6,0,0,0,1.0
85552,0,0.05367911,75,0,0.427681122,3850.0,37,0,1,0,1.0
85553,0,0.039903707999999996,83,1,0.152521713,6562.0,30,0,1,0,0.0
85558,0,0.282341078,38,0,0.210028771,2432.0,3,0,0,0,0.0
85559,0,0.0,44,0,0.0,5800.0,2,0,0,0,1.0
85561,0,0.923803752,72,1,0.43130477700000003,8100.0,9,0,0,0,0.0
85562,0,0.140376193,50,0,0.443192948,4083.0,5,0,1,0,1.0
85563,0,0.531470529,60,0,0.320516317,11000.0,7,0,2,0,0.0
85564,0,0.15124221,57,0,0.310868031,2833.0,11,0,0,0,0.0
85565,0,0.063338129,83,0,0.5522444360000001,2650.0,15,0,1,0,0.0
85566,0,0.016952178999999998,47,0,0.375,4583.0,9,0,1,0,0.0
85567,1,1.006916253,55,3,1.0737743929999999,2100.0,11,1,1,1,0.0
85568,1,1.017013412,56,2,0.920886764,4600.0,12,4,1,2,0.0
85569,0,0.00474256,65,0,0.005380477,1300.0,8,0,0,0,0.0
85571,0,0.00281606,63,2,2952.0,,13,0,1,0,0.0
85572,0,0.9999998999999999,65,0,0.000141163,7083.0,2,0,0,0,0.0
85574,0,0.41065482799999997,63,0,428.0,,4,2,1,0,0.0
85576,0,0.154256404,71,0,1.0755848829999999,5000.0,21,0,2,0,0.0
85578,0,0.216094178,51,0,191.0,,5,0,0,0,0.0
85579,0,0.366977729,53,0,0.49250416399999997,1800.0,6,0,0,0,0.0
85581,0,0.9999998999999999,46,0,0.489255372,2000.0,8,0,0,0,1.0
85582,0,0.011836433,82,0,13.0,,3,0,0,0,0.0
85583,0,0.6307789739999999,40,0,0.386062366,7920.0,4,0,1,0,2.0
85584,0,0.35627347200000004,48,0,0.429267412,5541.0,9,0,2,0,2.0
85587,0,0.017199427,55,0,1643.0,,12,0,2,0,0.0
85588,0,0.0,41,0,5888.0,,5,0,4,0,0.0
85590,0,0.029518922000000003,43,1,0.30925711300000003,7766.0,10,0,2,0,2.0
85593,0,0.0,51,0,0.28563573,16366.0,7,0,2,0,2.0
85594,0,0.074654359,37,0,0.143234271,25000.0,7,0,1,0,3.0
85595,0,0.560877237,46,0,0.19912518199999998,4800.0,5,0,0,0,0.0
85598,0,0.125823247,52,0,0.180296811,9500.0,4,0,1,0,2.0
85599,0,0.015276075,68,0,0.41252302,3800.0,9,0,1,0,1.0
85600,0,0.614855406,53,0,0.051105433,9000.0,2,0,0,0,3.0
85601,1,1.010346926,32,1,0.176950535,1960.0,4,0,0,0,0.0
85602,0,0.19620417699999998,48,0,0.572518297,9700.0,18,0,2,0,2.0
85603,0,0.006521536999999999,56,0,0.002037582,4416.0,8,0,0,0,0.0
85606,0,0.545043528,60,0,0.317187386,13666.0,12,0,1,0,0.0
85607,0,0.033548823,56,0,2830.0,,16,0,1,0,
85608,0,0.18535184899999999,55,1,0.633262762,4250.0,9,0,1,0,2.0
85609,1,0.67309065,24,1,0.276395799,1808.0,2,1,0,2,0.0
85611,0,0.9999998999999999,29,0,0.252792475,1700.0,1,0,0,0,1.0
85612,0,0.376283163,63,0,0.374045481,23833.0,16,0,2,0,0.0
85613,0,0.288213805,26,1,0.04963805599999999,2900.0,3,0,0,0,1.0
85614,0,0.191451065,60,0,1553.0,,7,0,1,0,0.0
85616,0,0.040422872,49,0,0.018181581999999998,77000.0,11,0,1,0,1.0
85617,0,0.059375107999999996,48,0,1329.5,1.0,4,0,2,0,1.0
85620,0,0.911688217,41,0,0.810780875,5416.0,6,0,2,0,0.0
85621,0,0.041520349,59,0,980.0,1.0,16,0,2,0,0.0
85625,0,0.144473989,47,0,0.315594329,9169.0,4,0,1,0,2.0
85626,0,0.000365074,57,0,1034.0,,11,0,1,0,0.0
85627,0,0.21498925100000002,50,0,0.390656244,5500.0,7,0,1,0,2.0
85629,0,0.186654084,62,0,0.312131771,15784.0,13,0,3,0,2.0
85631,0,0.042993255,63,0,777.0,,12,0,0,0,2.0
85632,0,0.01765726,56,0,23.0,,3,0,0,0,
85633,0,0.352465551,36,1,0.657787377,8333.0,24,0,0,0,2.0
85634,0,0.102065855,64,0,0.310554686,5750.0,5,0,2,0,0.0
85635,0,0.297520661,47,1,0.165183482,10000.0,21,0,1,0,1.0
85636,1,0.944111776,50,2,0.6733315320000001,3700.0,6,0,2,1,3.0
85637,0,0.43078460799999996,44,1,0.5454262120000001,6416.0,7,0,2,0,0.0
85638,0,0.015902751,57,0,0.184981502,10000.0,18,0,1,0,1.0
85641,0,0.370058435,56,2,0.086350975,4666.0,5,0,0,0,0.0
85643,0,0.793600144,52,1,6623.0,,10,0,2,0,0.0
85645,0,0.6364744529999999,69,0,0.47396249,10023.0,14,0,2,0,1.0
85646,0,0.054550009,73,0,0.161116323,4263.0,9,0,1,0,0.0
85648,0,0.171628129,39,0,0.161229846,8000.0,5,0,0,0,2.0
85649,0,0.47849362100000004,59,0,0.41005125600000003,15997.0,14,0,2,0,1.0
85650,0,0.493013972,36,0,470.0,,2,0,0,0,1.0
85651,0,0.32155948,23,0,0.167563413,1300.0,2,0,0,0,0.0
85652,1,0.8740301290000001,74,2,0.602939706,10000.0,16,0,2,0,2.0
85653,0,0.938618926,68,0,3953.0,,8,0,3,0,0.0
85656,0,0.07881911400000001,76,0,0.360231085,5365.0,8,0,1,0,1.0
85657,0,0.313227706,50,0,0.9547834359999999,2100.0,7,0,2,0,0.0
85659,0,0.029462247,77,0,0.226171962,4500.0,14,0,0,0,1.0
85660,1,0.819966803,40,2,5656.0,,10,0,2,1,0.0
85661,0,0.006799753,36,1,0.547158026,1600.0,11,0,0,0,3.0
85663,0,0.561314859,40,0,0.877024595,5000.0,14,0,2,0,1.0
85664,0,0.930199019,64,0,1.142979087,4685.0,13,0,1,0,1.0
85665,0,0.381907001,43,0,0.39425643200000005,9366.0,13,0,1,0,3.0
85666,0,0.0,72,0,254.0,,3,0,1,0,0.0
85668,0,0.011163751000000001,68,1,0.003726477,5366.0,9,0,0,0,0.0
85669,0,0.491650835,34,0,0.57319907,1290.0,5,0,0,0,0.0
85670,1,0.9999998999999999,85,1,784.0,,6,0,1,0,0.0
85672,0,0.9828034390000001,45,2,0.02821204,5564.0,1,1,0,2,3.0
85673,0,0.594405594,25,0,0.012723416999999999,3300.0,2,0,0,0,0.0
85675,0,0.07979641700000001,55,1,1.584817481,7916.0,15,0,8,0,1.0
85676,0,0.019523387,62,0,1421.0,,7,0,1,0,0.0
85679,0,0.9844031190000001,49,0,0.6333640979999999,4333.0,8,0,1,0,1.0
85680,0,0.39017147700000004,63,0,0.31291168399999997,15636.0,13,0,1,0,1.0
85681,0,0.12914990199999998,52,0,4205.0,,8,0,1,0,3.0
85682,0,0.255638887,46,0,1.161535386,2500.0,9,0,2,0,0.0
85683,0,0.837209302,47,0,0.29895502,2200.0,5,0,0,0,0.0
85684,0,0.921286088,37,0,0.428609519,7500.0,10,0,1,0,2.0
85685,0,0.017489281000000002,49,0,0.320750347,4317.0,27,0,2,0,3.0
85686,0,0.32157059600000004,53,0,0.068307135,12150.0,4,0,0,0,3.0
85689,0,0.013999333000000001,38,0,0.071678322,7435.0,4,0,0,0,1.0
85690,0,0.063217762,46,0,0.551932749,28430.0,7,0,3,0,2.0
85691,0,0.636624576,35,0,2897.0,0.0,9,0,1,0,2.0
85692,0,0.463049524,82,0,0.236579276,1601.0,5,0,0,0,0.0
85693,0,0.704765078,26,0,0.710109622,820.0,3,0,0,0,0.0
85695,0,0.84973417,30,0,0.860033727,4150.0,12,0,2,0,0.0
85696,0,0.0,45,0,0.0,10800.0,3,0,0,0,1.0
85697,0,0.9999998999999999,39,0,0.10984145099999999,7000.0,2,0,0,0,4.0
85698,0,0.38932824299999996,29,0,0.171131547,2500.0,2,0,0,0,0.0
85699,0,1.054803353,41,3,0.149470899,3779.0,9,1,0,1,2.0
85701,0,0.840262582,46,1,0.242956006,8091.0,14,0,1,0,1.0
85704,0,0.04499775,88,0,0.022481266,1200.0,3,0,0,0,0.0
85705,0,0.07093392,35,0,0.377524144,4555.0,5,0,2,1,2.0
85706,0,1.009925741,53,0,0.43940484799999996,4166.0,10,0,1,0,0.0
85707,0,0.079183348,55,0,0.611802041,11658.0,9,0,3,0,0.0
85709,0,0.9999998999999999,79,0,1.0,,0,0,0,0,
85711,0,0.12824699,50,0,0.538980263,6079.0,10,0,2,0,2.0
85712,0,0.296144985,32,0,0.272450223,4921.0,7,0,1,0,0.0
85721,0,0.5341137739999999,34,0,0.323663055,2860.0,10,0,0,0,0.0
85722,0,0.28367908,35,0,635.0,,9,1,0,0,0.0
85725,0,0.23394099,39,0,0.329364566,7726.0,15,0,1,0,3.0
85726,0,0.028530926,64,0,0.112377524,5000.0,10,0,1,0,1.0
85727,0,0.676240684,30,1,1035.0,,6,0,0,0,0.0
85728,0,0.9999998999999999,32,0,0.367629786,4256.0,2,0,1,0,2.0
85729,0,0.5940607410000001,50,0,0.324615262,12540.0,5,0,1,0,3.0
85730,0,0.159627135,57,0,0.27504056,11710.0,18,0,1,0,0.0
85731,0,0.311601339,50,0,0.42722513100000004,7639.0,6,0,2,0,2.0
85733,0,0.00390564,43,0,0.204773869,2387.0,6,0,0,0,2.0
85734,0,0.9999998999999999,84,0,0.0,0.0,7,0,0,0,0.0
85735,0,0.000653821,52,0,0.117788221,10000.0,4,0,1,0,3.0
85736,0,0.0,58,0,2397.0,,7,0,1,0,
85737,0,0.047969702999999995,59,0,0.105916425,4833.0,10,0,1,0,0.0
85738,0,0.10596625400000001,65,1,0.043912888,2800.0,9,0,0,0,0.0
85739,0,0.0,77,0,0.0,500.0,13,0,0,0,0.0
85741,0,0.04627923,54,0,0.119750618,8500.0,20,0,2,0,0.0
85743,0,0.085824673,35,0,0.348418102,2496.0,14,0,0,0,0.0
85744,0,0.072182249,38,0,0.36072785399999996,5000.0,7,0,1,0,3.0
85745,0,0.013627917,39,0,0.080659945,12000.0,8,0,0,0,0.0
85748,0,0.277664455,58,0,0.3431006,11500.0,13,0,2,0,2.0
85749,0,0.021339599,48,0,0.302168614,16000.0,9,0,2,0,6.0
85752,0,0.210100855,58,0,0.09606587400000001,7650.0,8,0,0,0,0.0
85754,1,0.787658802,48,3,983.0,,9,1,0,0,3.0
85757,0,0.0,90,0,0.0,,5,0,0,0,0.0
85758,0,0.18847000600000002,68,0,0.288111389,2800.0,11,0,0,0,0.0
85759,0,0.007347055999999999,44,0,0.24687848899999998,9850.0,14,0,1,0,2.0
85760,0,0.127620694,58,0,0.25760779,15608.0,22,0,2,0,1.0
85763,0,0.76019074,29,1,0.158368326,5000.0,4,0,0,0,1.0
85765,0,0.027844397000000003,54,0,0.285640563,7750.0,4,0,2,0,1.0
85766,0,0.158906622,69,0,0.041198502000000005,4004.0,3,0,0,0,0.0
85767,0,0.14414449999999998,37,0,0.26613733300000003,6800.0,11,0,1,0,0.0
85768,1,0.37344789799999994,50,4,0.428424921,11700.0,20,0,2,0,1.0
85769,0,0.012424689,60,0,0.24986839800000002,5698.0,3,0,1,0,0.0
85770,0,0.0,54,0,1.069370958,1700.0,6,0,2,0,0.0
85772,0,0.23190327100000002,50,0,0.335812706,8200.0,10,0,1,0,0.0
85773,0,0.045550152999999996,47,0,0.00708962,5500.0,5,0,0,0,0.0
85775,0,0.319523373,49,0,0.256431885,4741.0,8,0,0,0,1.0
85776,0,0.9999998999999999,51,1,0.072060207,5314.0,3,0,0,0,0.0
85777,0,0.033904693,45,0,0.216647358,11220.0,16,0,2,0,4.0
85778,0,0.154076314,54,0,0.22953192,17966.0,8,0,3,0,3.0
85781,0,0.046919796,50,0,0.251479043,12000.0,14,0,2,0,1.0
85783,0,0.037477456,59,0,0.34095454299999994,18500.0,9,0,3,0,2.0
85784,0,2.2100000000000002e-05,73,0,0.576474508,3000.0,9,0,1,0,0.0
85785,0,0.468852867,38,0,1.639934534,3054.0,8,0,2,0,0.0
85787,0,0.013427813,66,0,2348.0,,7,0,1,0,2.0
85788,0,0.0,48,0,0.446547587,3750.0,8,0,3,0,0.0
85789,0,0.05566783,79,0,66.0,,8,0,0,0,
85790,0,0.032949176000000004,83,0,0.023395321,1666.0,6,0,0,0,0.0
85791,1,1.1119888009999999,50,0,0.258435391,4000.0,4,0,0,0,0.0
85792,0,0.00492232,54,0,0.148564094,6232.0,7,0,1,0,1.0
85793,0,0.44745488299999997,40,0,1.100374844,4801.0,8,0,6,0,2.0
85794,0,0.040226474,29,0,0.020815987,1200.0,7,0,0,0,0.0
85795,0,0.368476452,57,0,1.117623918,2541.0,10,0,1,2,0.0
85796,0,0.026369757,57,0,0.005203816,8070.0,6,0,0,0,0.0
85797,0,0.08302034,28,0,0.13797700400000001,6000.0,6,0,0,0,0.0
85798,0,0.25001875,51,0,0.271490071,7200.0,15,0,1,0,1.0
85800,0,0.916820585,52,0,0.474061875,8500.0,15,0,7,0,0.0
85801,0,0.49633622899999996,32,0,0.295070423,5679.0,10,0,0,0,3.0
85802,0,0.12154124599999999,30,0,0.08062710000000001,6250.0,5,0,0,0,0.0
85803,0,0.883843768,38,0,0.52544311,5246.0,9,0,2,0,4.0
85806,0,0.0,59,0,913.0,,12,0,1,1,1.0
85807,0,0.498038187,86,0,0.287952008,6000.0,16,0,0,0,0.0
85808,0,0.046047698,85,0,90.0,,2,0,0,0,0.0
85809,0,0.04999736900000001,30,0,28.0,,2,0,0,0,0.0
85812,0,0.0,40,0,0.277634961,3500.0,8,0,1,0,0.0
85814,0,0.7275747509999999,49,2,0.026403486,3900.0,5,0,0,0,0.0
85816,0,0.18501604300000002,50,0,0.41552189700000003,8516.0,8,0,1,0,0.0
85818,0,0.5471132089999999,44,0,0.512308067,8205.0,13,0,2,0,0.0
85819,0,0.016835364,61,0,2182.0,,28,0,3,0,1.0
85820,0,0.006285355,37,0,0.11856204599999999,8678.0,4,0,0,0,3.0
85821,0,0.908193238,58,0,1.370251899,2500.0,9,0,2,0,0.0
85822,0,0.7193629029999999,64,0,8.219486081,933.0,10,0,2,0,0.0
85823,0,0.168156637,60,0,0.43265247799999995,7000.0,9,0,1,0,0.0
85824,0,0.134294956,70,0,0.45391042299999995,7300.0,20,0,1,0,0.0
85826,0,0.6965395240000001,52,0,0.405324232,7324.0,8,0,0,0,1.0
85828,0,0.235104075,47,0,0.309532184,2842.0,13,0,0,0,2.0
85829,0,0.431315021,49,0,0.41386234,12450.0,16,0,2,0,2.0
85831,0,0.029468505,76,0,0.004335899,11300.0,5,0,0,0,0.0
85832,0,0.639345355,55,0,0.374362564,10000.0,6,0,2,0,1.0
85833,0,0.015167446000000001,58,0,0.232112517,10593.0,11,0,2,0,5.0
85835,0,0.075971685,56,0,0.006614876,13000.0,6,0,0,0,2.0
85836,0,0.9999998999999999,42,0,302.0,,3,0,0,0,2.0
85838,0,0.5771425579999999,66,2,0.092754961,4333.0,12,0,0,0,0.0
85839,0,0.11022113900000001,42,2,0.198414067,5800.0,8,0,0,0,3.0
85840,1,0.894210746,37,4,0.31317170699999997,4000.0,6,3,0,2,3.0
85842,0,0.001576128,69,0,1721.0,,14,0,1,0,
85843,0,0.10801523199999999,65,0,2068.0,,4,0,2,0,0.0
85846,0,0.197684036,40,1,0.353807274,9100.0,16,0,2,0,0.0
85847,0,0.024823163999999998,86,0,0.145788337,8333.0,8,0,1,0,1.0
85848,0,0.0,31,0,0.0,,5,0,0,0,0.0
85849,0,0.397825272,64,0,0.56027687,5200.0,6,0,3,0,0.0
85850,0,0.0,41,0,0.6821888979999999,3800.0,7,0,1,0,2.0
85851,0,0.58813149,61,0,1498.0,,6,0,1,0,2.0
85852,0,0.152758268,53,0,613.0,,10,0,0,0,0.0
85853,0,0.949673581,31,2,0.491813523,8000.0,15,0,1,0,0.0
85854,0,0.5186068970000001,34,0,0.35058875799999994,4500.0,7,1,1,0,2.0
85856,0,0.285829489,69,0,0.6840239309999999,4512.0,7,0,2,0,0.0
85858,0,0.183816184,46,0,14.0,,1,0,0,0,0.0
85859,0,0.9999998999999999,82,0,0.0,,0,0,0,0,
85860,0,0.270096232,59,0,0.34848209399999996,5500.0,20,0,0,0,1.0
85861,1,0.997571775,33,0,0.8080641359999999,4240.0,8,0,2,0,2.0
85862,0,0.657450077,24,0,0.39950062399999997,800.0,2,0,0,0,0.0
85865,0,0.116575805,57,0,0.491146319,8583.0,31,0,2,0,0.0
85867,0,0.9999998999999999,69,2,0.498677637,3402.0,4,0,1,2,0.0
85868,0,0.5032658879999999,38,0,0.523533311,6033.0,14,0,1,0,3.0
85869,0,0.46471594899999996,46,0,0.430783242,8783.0,14,0,3,0,0.0
85870,0,0.08026166900000001,57,0,0.34539413,10833.0,15,0,2,0,2.0
85871,0,0.577444715,34,0,0.22675464899999997,5000.0,6,0,0,0,0.0
85872,0,0.319976298,29,0,0.08360337,1542.0,3,0,0,0,2.0
85873,0,0.9342147690000001,44,0,0.524576507,3600.0,3,0,1,0,3.0
85874,0,0.34724823200000005,74,1,0.6059776889999999,4750.0,16,0,1,0,0.0
85878,0,0.003449914,42,0,0.344631074,3333.0,10,0,1,0,2.0
85880,0,0.07167317599999999,59,0,0.24589137600000002,19166.0,12,0,2,0,1.0
85881,0,0.9999998999999999,56,0,1.880085653,1400.0,9,0,2,0,0.0
85882,0,0.028702203,76,0,0.36729452100000004,1167.0,19,0,0,0,0.0
85883,0,1.083759165,50,0,0.43937375100000003,3001.0,6,0,1,0,1.0
85884,0,0.002479934,61,0,0.260132814,4366.0,3,0,1,0,1.0
85885,0,0.158594997,35,0,0.47866087399999996,7825.0,9,0,3,0,2.0
85886,0,0.485640015,38,0,0.422362309,3013.0,7,0,0,0,2.0
85887,0,0.43426147299999995,45,2,0.7874375140000001,4600.0,12,0,4,1,1.0
85891,0,0.04499825599999999,56,0,0.176902733,10208.0,7,0,1,0,2.0
85893,0,0.009351744,57,1,0.496096425,7300.0,15,0,1,0,0.0
85894,0,0.017908548,79,0,0.0025011029999999997,6796.0,4,0,0,0,1.0
85895,0,0.751761793,52,0,2335.0,,8,0,1,0,2.0
85898,0,0.335416536,26,0,0.24484799,4900.0,5,0,0,0,2.0
85899,0,0.373496665,41,0,0.557460164,8283.0,16,0,2,0,2.0
85900,0,0.605427602,83,0,102.0,,4,0,0,0,0.0
85901,0,0.307586748,25,0,0.04697533,5917.0,4,0,0,0,0.0
85902,0,0.359282396,64,0,0.46711451299999995,6400.0,9,0,2,0,0.0
85903,0,0.10619469,50,0,3916.0,,6,0,2,0,0.0
85904,0,0.0,31,0,0.589392849,8333.0,4,0,2,0,0.0
85905,0,0.504648518,62,3,0.056145004000000005,15833.0,8,0,0,0,0.0
85906,0,0.02389704,75,0,0.18986346399999998,13988.0,12,0,2,0,1.0
85907,0,0.075431296,85,0,56.0,,4,0,0,0,0.0
85908,0,0.03605389,60,0,793.0,,9,0,1,0,0.0
85909,0,0.004995005,55,0,0.12407900699999999,41666.0,8,0,2,0,2.0
85910,0,0.001645264,81,0,0.34850586299999997,7930.0,14,0,4,0,0.0
85911,0,0.027531276,46,0,0.55462985,4200.0,4,0,1,0,2.0
85912,0,0.0,56,0,130.0,0.0,8,0,0,0,0.0
85913,0,0.16020300699999998,41,0,0.380131163,8233.0,8,0,2,0,3.0
85915,0,0.914474511,75,0,4669.0,,7,0,1,0,
85916,0,0.961906692,31,2,0.311036789,8969.0,8,0,1,0,5.0
85920,1,0.772074327,59,0,0.31086716,11750.0,16,0,2,0,0.0
85921,0,0.051533262999999996,68,0,1689.0,,6,0,1,0,0.0
85922,0,0.8313335620000001,67,0,0.28022417899999996,3746.0,5,0,1,0,0.0
85924,0,0.371268548,75,0,0.81859896,9806.0,20,0,6,0,0.0
85925,1,0.36388850899999997,45,0,0.823723526,16666.0,13,0,4,1,0.0
85926,0,0.0035913259999999997,83,0,0.000869313,10352.0,14,0,0,0,0.0
85927,0,0.163107578,82,1,0.14462540699999998,4604.0,7,0,2,0,0.0
85928,0,0.061587682000000005,45,1,0.36890951299999997,6033.0,9,0,1,0,0.0
85929,0,0.064731439,67,0,2016.0,,9,0,1,0,
85930,0,0.0,63,0,23.0,,4,0,0,0,0.0
85933,0,0.187795495,54,0,0.829271341,8000.0,12,0,3,0,3.0
85934,0,0.028780137,63,0,0.122131953,11200.0,7,0,1,0,0.0
85935,0,0.824351297,34,0,0.005215124,2300.0,1,0,0,0,0.0
85936,0,0.0,61,0,0.013594562,2500.0,10,0,0,0,0.0
85937,0,0.995836803,24,0,0.061831153,840.0,2,0,0,0,0.0
85938,1,0.309016012,35,2,0.5559045229999999,3183.0,10,0,1,0,2.0
85940,0,0.009876619,79,0,0.008693761999999999,4600.0,6,0,0,0,0.0
85941,0,0.859851212,39,0,0.265340275,5377.0,11,0,1,0,1.0
85942,0,0.426185976,51,0,0.258196164,7350.0,9,0,1,0,2.0
85943,0,0.0,27,0,6.0,,4,0,0,0,0.0
85945,0,0.374180742,44,0,0.37194318299999996,6828.0,7,0,2,0,0.0
85947,0,0.47721041299999994,62,1,0.015798331000000002,29116.0,3,0,0,0,1.0
85948,0,0.009166489,76,0,0.197920832,2500.0,8,0,1,0,0.0
85951,0,0.9999998999999999,22,0,0.262172285,800.0,1,0,0,0,0.0
85952,0,0.018335205,59,0,5533.0,,11,0,1,0,2.0
85953,0,0.602269657,66,1,2057.0,,8,4,1,0,0.0
85954,0,0.025677312,39,0,0.102538071,3939.0,8,0,0,0,2.0
85955,0,0.9999998999999999,38,1,0.914697836,4020.0,6,0,2,0,0.0
85958,0,0.090151575,27,0,0.07805098099999999,4432.0,12,0,0,0,0.0
85959,0,0.9999998999999999,30,0,0.406531156,3000.0,5,2,0,3,1.0
85961,0,0.032963957,57,0,2543.0,,16,0,1,0,1.0
85962,0,0.287561874,55,1,0.222428275,9166.0,5,0,1,0,1.0
85963,0,0.049768547999999996,43,0,0.02731983,2122.0,1,0,0,0,1.0
85964,0,0.043928545,34,1,0.41222879700000004,6083.0,13,0,2,0,0.0
85965,0,0.145290976,50,0,0.27081537699999997,5800.0,11,0,1,0,3.0
85966,0,0.019809912,39,0,2296.0,,5,0,2,0,0.0
85968,0,0.02055945,66,0,0.184479886,4200.0,5,0,0,0,0.0
85969,0,1.022829528,65,0,0.11630642599999999,6800.0,6,0,0,0,0.0
85970,0,0.071086153,23,0,0.074626866,200.0,1,0,0,0,0.0
85972,0,0.0,77,0,862.0,,3,0,1,0,
85973,0,0.24108989600000003,61,0,0.635925185,8500.0,11,0,2,0,0.0
85974,0,0.0016414779999999998,37,0,0.619604974,4100.0,13,0,2,0,2.0
85975,0,0.02195458,66,0,0.66491074,3416.0,7,0,1,0,0.0
85977,0,0.0,74,0,0.0,,6,0,0,0,0.0
85979,0,0.181787788,49,0,0.225231402,8750.0,8,0,2,0,1.0
85980,0,0.17225110100000002,41,0,0.332066793,10000.0,9,0,1,0,1.0
85981,0,0.032106761,48,0,0.35603219799999997,20000.0,11,0,2,0,0.0
85982,0,0.6817617109999999,44,1,0.9034193159999999,1666.0,8,0,0,0,4.0
85983,0,0.9999998999999999,28,0,0.140598532,3541.0,4,0,0,0,0.0
85984,0,0.32668813,76,0,0.277590236,3850.0,9,0,1,0,1.0
85986,0,0.864673184,49,0,0.405288318,6693.0,9,0,1,0,0.0
85987,0,0.277794278,68,0,407.0,,6,0,0,0,0.0
85988,0,0.6188950129999999,32,0,0.60096554,6006.0,8,2,1,1,1.0
85990,0,0.416880625,64,0,0.307615397,6000.0,6,0,1,0,3.0
85991,0,0.523588765,33,1,0.18429294100000002,4150.0,6,0,0,0,0.0
85994,0,0.023072336000000002,79,0,0.015538291000000001,900.0,8,0,0,0,0.0
85998,0,0.9999998999999999,42,1,0.35370029,3796.0,2,0,1,0,1.0
85999,0,0.11882062800000001,63,0,1816.0,,9,0,1,0,0.0
86000,0,0.0,64,0,0.20715856800000002,5000.0,7,0,0,0,0.0
86001,0,0.051924878,56,0,0.36678901399999997,7900.0,13,0,2,0,1.0
86002,0,0.959274373,44,1,0.406161746,7789.0,15,0,1,0,3.0
86003,0,0.08428587900000001,41,0,5850.0,,9,0,2,0,2.0
86004,1,0.756715358,34,1,1.050271351,3500.0,12,0,2,0,1.0
86007,0,0.706041994,35,0,0.35265893600000003,2500.0,7,0,0,0,1.0
86008,0,0.039723225,66,0,1573.0,0.0,5,0,2,0,0.0
86009,0,0.131841132,57,0,0.36672185399999996,6039.0,8,0,1,0,1.0
86010,0,0.062640265,54,1,0.298245614,2507.0,6,0,1,0,1.0
86011,0,0.649788017,42,0,0.5286734470000001,4620.0,12,0,2,0,0.0
86013,0,0.00536032,51,0,0.22649529399999999,9880.0,15,0,2,0,2.0
86015,0,0.002064967,47,2,0.728263147,4772.0,20,0,4,0,2.0
86016,0,0.958146705,50,0,0.568652437,9416.0,10,0,1,0,0.0
86019,0,0.257679812,61,0,0.280099955,4401.0,9,0,0,0,0.0
86021,0,0.028848558,52,0,0.053367217,5508.0,8,0,0,0,2.0
86023,0,0.810116655,49,0,0.094077319,5250.0,11,0,0,0,0.0
86024,0,0.049248075,53,0,0.519338159,4834.0,9,0,2,0,2.0
86026,0,0.48487277700000003,61,0,0.45782411799999995,11700.0,21,0,3,0,1.0
86028,0,0.0,57,0,0.0,1731.0,1,0,0,0,0.0
86030,0,0.046674745,72,0,0.33644237200000005,1500.0,14,0,0,0,0.0
86031,0,0.044317342,69,0,1478.0,,16,0,1,0,0.0
86032,0,0.006408800000000001,48,0,0.263083893,6400.0,3,0,2,0,1.0
86033,0,0.06675733,39,0,0.12408115300000001,3400.0,5,0,0,0,2.0
86034,0,0.237655118,63,1,0.22598953300000002,13566.0,4,0,1,0,1.0
86036,0,0.128374325,56,0,0.47162977899999997,2484.0,4,0,1,0,1.0
86037,0,0.056635955999999994,68,0,0.315189983,11500.0,17,0,2,0,0.0
86040,0,0.9999998999999999,74,0,0.0,4166.0,4,0,0,0,0.0
86041,0,0.0005969969999999999,72,0,0.0,2000.0,3,0,0,0,0.0
86043,0,0.027661518,61,0,0.444365091,7000.0,8,0,2,0,0.0
86044,0,0.9999998999999999,41,0,0.02467344,2066.0,1,0,0,0,0.0
86045,0,0.032487445,56,0,0.355176614,4104.0,6,0,1,0,0.0
86046,1,0.5317639470000001,24,0,94.0,,4,1,0,4,0.0
86047,0,0.0,55,2,0.386819484,5583.0,9,0,1,0,1.0
86048,0,0.184880123,54,0,0.954412157,3750.0,22,0,3,0,2.0
86049,0,0.246169826,35,1,0.697417616,11500.0,10,0,4,0,0.0
86050,0,0.467826824,37,0,0.268173725,12916.0,8,0,2,0,3.0
86051,0,1.190622598,51,3,1678.0,,11,1,1,2,0.0
86053,0,0.036945424,36,0,0.168392985,9750.0,7,0,2,0,1.0
86054,0,0.002236979,74,0,0.210197451,4000.0,11,0,0,0,1.0
86058,1,0.252696236,36,1,0.43114221399999997,4000.0,11,0,0,2,3.0
86059,0,0.353316295,43,0,0.31103515600000003,6143.0,15,1,2,0,3.0
86060,0,0.628473314,50,0,0.502628505,3423.0,10,0,0,0,0.0
86061,0,0.12177236599999999,70,0,0.610465116,6879.0,10,0,1,0,0.0
86065,0,0.36439253200000005,39,0,0.020284851,6950.0,2,0,0,0,2.0
86066,0,0.012944205,78,0,696.0,,11,0,1,0,0.0
86067,0,0.618379837,78,0,0.7467370170000001,3600.0,6,0,1,0,0.0
86068,0,0.015214827,43,0,0.10229746099999999,4134.0,9,0,0,0,4.0
86069,0,0.29542434,35,0,0.30997182100000004,11000.0,11,0,2,0,1.0
86070,0,0.021187945,74,0,0.276913238,4690.0,7,0,2,0,0.0
86073,0,0.163033479,69,0,1357.0,,5,0,2,0,0.0
86074,0,0.056159255,77,0,0.02581511,38000.0,4,0,1,0,0.0
86075,0,0.001389112,75,0,0.021497671,8372.0,11,0,0,0,0.0
86078,0,0.128588531,55,2,0.48487878,4000.0,15,0,1,0,0.0
86079,0,0.11114314800000001,71,0,3886.0,,24,0,3,0,0.0
86080,0,0.447595495,50,1,0.316222222,8999.0,8,0,1,0,2.0
86082,0,0.123108823,58,0,0.032549729,9400.0,13,0,0,0,1.0
86083,0,0.11413392,33,1,0.073366834,2984.0,6,0,0,0,0.0
86084,0,0.033968173,32,1,0.843174008,3200.0,8,0,1,0,0.0
86086,0,0.031048448,82,0,0.376161487,3120.0,7,0,2,0,0.0
86087,0,0.670999892,55,0,0.5635254239999999,7374.0,13,0,1,0,1.0
86090,0,0.493239893,47,0,0.374696318,5350.0,7,0,1,0,0.0
86091,0,0.40818547200000005,52,0,0.287125918,7083.0,6,0,1,0,4.0
86093,0,0.14670060000000001,50,0,2227.0,,11,0,1,0,0.0
86095,0,0.010245801,49,1,0.00239904,2500.0,4,0,0,0,0.0
86096,0,0.060391463,45,0,0.138872226,3333.0,9,0,0,0,1.0
86097,0,0.9999998999999999,25,0,0.300546448,1280.0,1,0,0,0,1.0
86098,0,0.002112643,55,0,2835.0,,11,0,2,0,0.0
86099,0,0.0,60,0,12051.0,,18,0,6,0,0.0
86103,0,0.108589141,51,0,0.13455220699999998,7000.0,3,0,1,0,1.0
86104,0,0.0,62,0,0.001537988,3250.0,8,0,0,0,1.0
86105,0,0.032345013,50,0,0.40674157299999997,4004.0,9,0,2,0,0.0
86106,0,0.42317329200000003,47,0,0.356477561,5904.0,11,0,2,0,3.0
86107,0,0.435320307,53,0,0.205989111,4407.0,9,0,0,0,1.0
86109,0,0.058238597,64,0,0.22241681300000002,6280.0,5,0,1,0,0.0
86110,1,0.9999998999999999,37,0,0.26929117399999997,9550.0,3,0,1,0,3.0
86112,1,0.9999998999999999,44,0,1374.0,,1,1,1,0,4.0
86113,0,0.827968771,47,4,0.25779792100000004,3750.0,11,2,0,2,0.0
86114,0,0.0,70,0,0.082075472,4239.0,8,0,0,0,0.0
86116,1,0.373253493,53,0,3.52529669,1600.0,6,3,2,0,0.0
86117,0,0.08825240300000001,52,0,0.018340761,5833.0,14,0,0,0,0.0
86118,0,0.10972601800000001,66,0,0.708307308,1600.0,2,0,1,0,0.0
86119,0,0.017393487,73,0,2706.0,,8,0,2,0,
86122,0,0.028543357000000002,66,0,0.085242325,6416.0,11,0,1,0,0.0
86124,0,0.996167305,25,0,180.0,,4,0,0,0,0.0
86127,0,0.389445482,50,0,0.57543717,4917.0,8,0,2,0,1.0
86128,0,0.10682006699999999,54,0,0.228343529,29586.0,25,0,3,0,0.0
86129,0,0.248955729,49,0,0.42341605299999996,11000.0,19,0,2,0,1.0
86131,1,0.17983308,63,0,0.325396825,4031.0,8,0,1,0,0.0
86132,0,0.28881453,36,0,0.593544702,3500.0,12,0,1,0,0.0
86134,0,0.246442578,54,0,0.292757618,6530.0,13,0,1,0,0.0
86135,0,0.11992722199999999,75,0,0.128233777,11634.0,9,1,1,0,0.0
86136,0,0.271540674,53,0,0.419955179,10262.0,9,0,2,0,3.0
86138,1,0.151470261,43,0,0.20443977800000002,20000.0,13,0,1,1,1.0
86139,0,0.049502275,44,0,0.25131978899999996,6250.0,5,0,1,0,0.0
86141,0,0.924977935,63,2,0.191649336,6250.0,10,0,0,0,1.0
86142,0,0.071194682,76,0,1614.0,,8,0,1,0,0.0
86143,0,0.35321078,48,0,0.669146472,22447.0,10,0,4,0,0.0
86148,1,0.33676166,33,0,1715.0,,9,0,1,1,0.0
86149,0,0.9999998999999999,81,0,0.0,,3,0,0,0,0.0
86150,0,0.622091206,44,0,0.639705882,4079.0,9,0,1,0,2.0
86151,1,0.751249519,41,0,0.027459344,3750.0,2,2,0,0,1.0
86152,0,0.023332296000000002,75,0,0.0021942660000000003,6835.0,5,0,0,0,0.0
86153,0,1.0851659340000002,29,2,89.0,,2,0,0,0,
86154,0,0.021496417,49,0,1704.0,,5,0,2,0,1.0
86155,0,0.012284616000000002,58,0,0.111664075,6429.0,6,0,2,0,0.0
86156,0,0.9999998999999999,36,0,0.49663841,3420.0,5,1,1,4,2.0
86157,0,0.6766467070000001,30,0,0.12736361699999998,4600.0,3,0,0,0,1.0
86158,0,0.9999998999999999,33,0,0.302353798,4120.0,5,0,0,0,0.0
86159,0,0.9999998999999999,53,0,0.256217417,11700.0,3,0,2,0,4.0
86163,0,0.263557058,41,0,0.141582312,7507.0,13,0,0,0,3.0
86164,0,0.004039524,63,0,0.0017135020000000002,2917.0,7,0,0,0,0.0
86165,0,0.039715333,64,0,0.016880342,14039.0,10,0,0,0,0.0
86166,1,0.9999998999999999,27,98,22.0,,0,98,0,98,
86171,1,0.10189854400000001,65,0,1.2348098779999999,2550.0,13,0,2,0,0.0
86172,0,0.260708039,38,1,0.435870562,7632.0,11,0,1,0,2.0
86175,0,0.9999998999999999,52,0,0.006641859,121200.0,1,0,0,0,0.0
86177,0,0.042383172999999996,38,0,0.214445043,13000.0,13,0,2,0,3.0
86178,0,0.062416066,61,0,0.17929533399999997,7350.0,5,0,1,0,0.0
86181,0,0.135973407,66,0,0.455597948,7600.0,8,0,1,0,0.0
86182,0,0.017499587,62,0,1431.0,,8,0,1,0,2.0
86183,0,0.8247898859999999,66,0,0.642761007,5200.0,12,0,3,0,0.0
86184,0,0.675362155,37,0,0.258064516,8059.0,5,0,1,0,3.0
86185,0,0.0,53,0,0.0,5200.0,2,0,0,0,0.0
86187,0,0.9999998999999999,39,0,144.0,,3,0,0,0,0.0
86188,0,0.393921216,54,0,1.608792609,9416.0,12,0,8,0,0.0
86189,0,0.009766341,61,0,1211.0,,3,0,1,0,1.0
86190,0,0.285305692,40,3,0.5247067870000001,5200.0,16,0,1,0,1.0
86191,0,0.0,43,0,0.09487375699999999,3920.0,6,0,1,0,0.0
86192,0,0.008496619,44,0,0.236976302,10000.0,5,0,1,0,0.0
86195,0,0.153296745,29,0,0.153077056,5800.0,16,0,0,0,0.0
86196,0,0.013837785,39,0,0.7514995720000001,3500.0,13,0,1,0,3.0
86198,0,0.112231449,44,1,0.259409055,8900.0,9,0,1,0,2.0
86199,0,0.341749075,30,0,0.44402557,6100.0,16,0,2,0,0.0
86200,0,0.041746521,52,0,0.072385523,5000.0,3,0,0,0,3.0
86201,0,0.136865005,70,0,0.043549044,2456.0,2,0,0,0,0.0
86202,0,0.00320981,51,0,0.48740100799999997,4166.0,8,0,2,0,2.0
86203,0,0.321483309,46,0,2888.0,,7,0,1,0,3.0
86204,0,0.082452047,57,2,0.453056561,5250.0,14,0,1,0,2.0
86205,0,0.0,24,0,0.0,2865.0,7,0,0,0,0.0
86206,0,0.11746442900000001,69,0,1.091272485,1500.0,13,0,1,0,0.0
86208,0,0.013632603,64,0,0.322764924,3500.0,9,0,1,0,0.0
86211,0,0.9811682359999999,41,0,0.464468864,4094.0,8,0,0,0,3.0
86216,0,0.27572532,58,0,0.9534196770000001,4400.0,18,0,1,0,1.0
86218,0,0.0,71,0,0.564550573,5150.0,5,0,0,0,0.0
86219,0,0.0,65,0,1086.0,,11,0,1,0,0.0
86220,0,0.0,87,0,0.0,2000.0,3,0,0,0,0.0
86221,0,0.033561829,65,0,0.08519269800000001,8873.0,5,0,1,0,2.0
86222,0,0.17673097699999998,60,0,397.0,,8,0,0,0,0.0
86223,0,0.111065914,51,0,1.117849759,1450.0,15,0,2,0,1.0
86224,0,0.210091004,72,0,0.36899503,7243.0,12,0,1,0,0.0
86226,0,0.5664716670000001,31,0,0.316956605,5230.0,9,0,0,0,0.0
86227,0,0.043024108,60,0,40.0,,2,0,0,0,0.0
86228,0,0.0079996,44,0,0.25506998,3500.0,4,0,1,0,0.0
86229,0,0.9999998999999999,45,1,0.214527275,6800.0,1,1,1,1,0.0
86230,0,0.159387902,40,0,0.09086994,4643.0,7,0,1,0,2.0
86231,0,0.30556205,50,0,0.415627166,5771.0,15,0,2,0,0.0
86232,0,0.9243697479999999,32,1,0.073047187,3750.0,4,0,0,0,2.0
86233,0,0.410556849,38,1,0.336898396,5235.0,8,0,0,0,0.0
86235,0,0.008798109,44,0,64.0,,5,0,0,0,3.0
86236,1,0.11880738099999999,66,0,0.023320378,1800.0,7,0,0,0,0.0
86237,0,0.001034411,66,0,0.0,0.0,1,0,0,0,0.0
86238,0,0.6189690520000001,27,0,371.0,,3,0,0,0,0.0
86240,0,0.900018179,27,0,0.31283628,1300.0,3,0,0,0,0.0
86241,0,0.010822041999999999,64,0,2176.0,,4,0,2,0,0.0
86242,0,0.10643787099999999,48,0,0.34885337,4316.0,3,0,1,0,0.0
86243,0,0.9999998999999999,62,0,0.0,9356.0,0,0,0,0,0.0
86244,0,0.001714251,79,0,4128.0,,11,0,2,0,
86246,0,0.20730319600000002,68,0,0.155560675,17362.0,9,0,1,0,1.0
86251,0,0.305625976,48,0,0.288967892,9000.0,12,0,1,0,1.0
86252,0,0.007967481,59,0,0.0028067709999999996,11400.0,23,0,0,0,2.0
86253,0,0.891881083,45,1,0.7551360359999999,1800.0,7,0,1,1,2.0
86254,0,0.390069096,76,0,0.26919783,3502.0,8,0,1,0,0.0
86255,0,0.06377176400000001,27,0,0.066003772,5832.0,5,0,0,0,0.0
86257,0,0.010442106999999999,81,0,0.0017141220000000002,10500.0,7,0,0,0,0.0
86259,0,0.41987494200000003,51,0,0.5701343329999999,3200.0,7,0,1,0,1.0
86260,0,0.00072812,36,0,0.71179663,3500.0,9,1,1,0,2.0
86262,0,0.206793637,45,0,0.277044855,7200.0,9,0,0,0,2.0
86264,0,0.0,23,0,0.049771789000000004,4600.0,3,0,0,0,0.0
86265,0,0.44347107399999997,39,0,0.141469546,8750.0,8,0,1,0,1.0
86266,0,0.833941681,69,0,2.242128936,1333.0,8,0,2,0,0.0
86268,0,0.43655631200000006,91,0,0.399428805,2450.0,6,0,1,0,0.0
86271,0,0.0,40,0,0.227877212,10000.0,5,0,2,0,4.0
86272,0,0.070315621,52,0,0.162087465,6150.0,15,0,1,0,3.0
86273,1,0.778606562,55,0,1708.0,0.0,6,2,1,0,0.0
86274,0,0.338788191,43,0,0.312317809,14750.0,12,0,2,0,2.0
86275,0,0.550689686,62,1,0.545545445,10000.0,13,0,3,0,0.0
86276,0,0.065786843,36,0,0.35218509,3500.0,5,1,2,0,1.0
86277,0,0.10422367,38,0,0.21005081899999997,7083.0,5,0,2,0,0.0
86281,0,1.015565839,23,0,302.0,,5,0,0,0,
86282,0,0.546173125,55,0,4019.0,,14,0,2,0,0.0
86283,0,0.084265067,58,0,0.320626888,12250.0,7,0,1,0,0.0
86284,0,815.0,63,0,1365.0,,3,0,1,0,0.0
86285,0,0.0,64,0,0.027518899,25000.0,12,0,1,0,0.0
86286,0,0.0,69,0,0.322343214,9917.0,5,0,2,0,1.0
86288,0,0.0,36,0,0.22641509399999998,5458.0,3,0,0,0,2.0
86290,0,0.023058267,59,0,0.20037688399999998,6367.0,8,0,0,0,1.0
86291,0,0.127234911,62,0,0.997231195,2166.0,4,0,1,0,0.0
86292,0,0.019078445,54,0,364.0,,7,0,1,0,0.0
86293,0,0.0,52,0,0.822870852,2500.0,8,0,1,0,0.0
86296,0,0.147787675,64,0,2154.0,,9,0,2,0,0.0
86297,0,0.947026487,64,3,0.127774445,3333.0,9,0,0,1,0.0
86298,0,0.033225792000000004,54,0,0.20274914100000002,3200.0,14,0,1,0,0.0
86299,0,0.11396109800000001,43,0,0.040316775,4166.0,4,0,0,0,0.0
86300,0,0.10156381800000001,53,0,0.032093734,3925.0,2,0,0,0,1.0
86301,0,0.016121793,66,0,0.0038887540000000003,28800.0,13,0,1,0,5.0
86302,0,0.04781442599999999,65,0,1140.0,,10,0,1,0,0.0
86303,0,0.144825287,57,0,0.6006855179999999,3500.0,5,0,2,0,0.0
86304,0,9.429999999999999e-05,52,0,0.33670791200000005,8000.0,15,0,2,0,0.0
86305,1,0.9963642970000001,46,1,0.11837257699999999,12485.0,4,4,1,2,3.0
86306,0,0.093321802,63,0,0.096627579,11000.0,4,0,1,0,1.0
86307,0,0.39141918700000006,65,0,4464.0,,22,0,3,0,0.0
86308,0,0.062178453,55,0,1758.0,,9,0,1,0,0.0
86309,0,0.10536183,55,0,0.324678232,8934.0,8,0,1,0,0.0
86312,0,0.105563385,35,0,0.205509887,4500.0,13,0,0,1,0.0
86313,0,0.108076312,49,0,0.162889896,3750.0,8,0,0,0,0.0
86314,0,0.0,48,0,0.08133789400000001,2630.0,3,0,0,0,1.0
86316,0,0.24070762699999998,80,0,0.180699731,2600.0,21,0,0,0,0.0
86317,0,0.077857023,52,0,0.309483726,7127.0,4,0,1,0,3.0
86319,1,0.9999998999999999,29,0,0.039600154,2600.0,0,1,0,0,1.0
86320,0,0.010272708,57,0,0.09252218,4733.0,10,0,0,0,2.0
86321,0,0.337983101,53,0,0.529976019,2084.0,11,0,1,0,0.0
86322,0,0.0,49,0,1.701608971,2050.0,8,2,2,1,0.0
86323,0,0.010578058000000001,66,0,1383.0,,6,0,1,0,
86324,0,0.172296353,57,0,0.467725335,6800.0,13,0,1,0,0.0
86325,0,0.325763947,54,0,0.224068768,5234.0,11,0,1,3,0.0
86326,0,0.8213680609999999,28,0,0.109526032,15000.0,7,0,0,0,0.0
86327,0,0.031949201,38,0,1097.0,,4,0,1,0,0.0
86329,0,0.9663601009999999,37,0,0.35625109899999996,5686.0,6,0,2,0,0.0
86331,0,0.0072328340000000005,68,0,101.0,0.0,7,0,0,0,0.0
86332,0,0.035918852,43,0,0.26110149899999996,6935.0,6,0,1,0,1.0
86334,0,0.0018225510000000002,72,0,0.000545355,5500.0,8,0,0,0,1.0
86336,0,0.0,39,1,0.591139825,6500.0,7,0,2,0,2.0
86338,0,0.971568854,45,0,0.719228077,10000.0,9,0,2,0,3.0
86341,0,0.862546192,49,2,0.110091743,5776.0,3,0,0,1,0.0
86344,0,0.716341661,31,1,0.669647554,1900.0,12,0,0,0,1.0
86347,0,0.406378833,58,0,0.47830211100000003,21084.0,24,0,8,0,1.0
86348,0,0.021121694,79,0,0.033977348,1500.0,4,0,0,0,0.0
86350,0,0.137310448,50,0,2037.0,,6,0,1,0,0.0
86352,0,0.156325096,57,0,0.7971556890000001,2671.0,15,0,2,0,0.0
86353,0,0.165109534,52,0,4317.0,0.0,5,0,1,0,3.0
86354,0,0.6321920910000001,48,0,0.620689655,4900.0,9,0,1,0,0.0
86355,1,0.33006816,53,0,0.249016522,5083.0,8,0,0,0,2.0
86358,0,0.9999998999999999,29,0,2.0,,0,0,0,0,0.0
86359,0,0.014624086000000001,56,0,0.107915526,19366.0,7,0,2,0,1.0
86361,0,0.43532510399999996,40,0,0.251055321,4500.0,8,0,0,0,0.0
86364,0,0.0050743559999999995,60,0,13.0,,9,0,0,0,
86366,0,0.9999998999999999,36,0,694.0,,2,0,0,0,0.0
86367,0,0.025899814,62,0,0.006282935,4933.0,4,0,0,0,0.0
86368,0,0.315912315,44,0,0.148514851,1817.0,5,0,0,0,1.0
86371,1,1.05525101,40,4,0.471554994,8700.0,15,7,1,1,0.0
86372,0,0.047842101,73,0,5396.0,,8,0,2,0,0.0
86373,0,0.140883826,55,1,0.37436125299999995,4500.0,12,0,1,0,2.0
86374,0,0.0,68,0,0.123705867,3766.0,2,0,1,0,1.0
86375,0,0.47079428799999995,52,0,0.46819178899999997,6381.0,9,0,2,0,4.0
86376,0,0.0721031,62,0,0.429285504,3400.0,10,0,2,0,0.0
86377,0,0.128174365,65,0,0.84346035,970.0,6,0,0,0,0.0
86379,0,1.020521353,34,2,0.283176013,1800.0,4,0,0,1,2.0
86380,0,0.010489021999999999,64,0,0.173973235,6500.0,15,0,2,0,0.0
86381,0,0.01763712,50,0,0.086737824,8150.0,6,0,0,0,1.0
86382,0,0.772569607,69,0,0.5751062229999999,4000.0,18,0,1,0,0.0
86383,0,0.906510633,41,0,0.327093832,4166.0,7,0,0,0,0.0
86384,0,0.038917892999999995,53,5,0.36773947799999995,5250.0,20,0,2,1,2.0
86385,0,0.044157327999999996,64,0,0.865737593,2941.0,8,0,2,0,0.0
86386,1,0.6003096370000001,81,0,312.0,,3,0,0,1,0.0
86389,0,0.9999998999999999,46,0,0.013536379,6500.0,0,0,0,0,0.0
86392,0,0.144668886,66,0,0.10791030199999999,23500.0,7,0,1,0,2.0
86393,0,0.0,48,0,0.011108643,4500.0,5,0,0,0,3.0
86398,0,0.0962296,42,0,0.211975062,8500.0,7,0,1,0,3.0
86399,0,0.081471296,48,0,1.14822475,2900.0,7,0,1,0,2.0
86400,0,0.08551829,38,0,0.469489201,5833.0,9,0,2,0,2.0
86401,0,0.192734545,44,1,0.43709381799999997,6000.0,9,0,1,0,0.0
86402,0,0.001245236,73,0,0.0,,4,0,0,0,0.0
86403,0,0.067392963,43,0,0.096648129,6652.0,4,0,0,0,3.0
86404,0,1.079854809,25,1,17.0,,2,0,0,0,0.0
86406,0,0.015461411000000001,47,0,0.292595132,5833.0,6,0,1,0,3.0
86407,0,0.288675437,65,1,0.31304018699999997,15850.0,18,0,2,0,0.0
86409,0,0.535362718,47,0,2614.0,,8,0,1,0,0.0
86410,0,0.0,40,0,535.0,,3,0,0,0,0.0
86414,0,0.119973334,59,0,2306.0,,5,0,1,0,0.0
86415,0,0.037755177,55,0,0.274450983,26000.0,8,0,2,0,1.0
86417,0,0.335310979,51,0,0.5530937579999999,3700.0,8,0,2,0,2.0
86418,0,0.19178793600000002,57,0,0.441010725,5500.0,15,0,2,0,0.0
86419,0,0.58231571,80,0,0.5690086089999999,3600.0,16,0,0,0,1.0
86420,0,0.038593252,49,0,0.39360521600000004,14417.0,23,0,1,0,0.0
86422,0,0.0,64,0,0.152083931,24400.0,10,0,1,0,2.0
86423,0,0.552764532,44,0,0.170579562,8816.0,14,0,1,0,0.0
86424,0,0.003769766,54,0,0.16670832300000002,4000.0,7,0,1,0,0.0
86425,1,1.563020544,61,3,0.21976083100000002,5100.0,7,3,0,4,0.0
86426,0,0.334728666,40,0,0.550155988,8333.0,7,0,2,0,0.0
86428,0,0.079203471,52,0,0.229044637,4950.0,11,0,1,0,2.0
86429,0,0.042661406,58,1,0.296175956,4000.0,20,0,2,0,2.0
86431,0,0.099467043,45,0,0.423657634,10000.0,6,0,2,0,0.0
86432,0,0.026941588,62,0,0.007332635,10500.0,10,0,0,0,0.0
86433,1,250.58333330000002,67,0,0.012748406,8000.0,1,1,0,0,0.0
86434,0,0.25764905,52,0,0.843187661,3500.0,12,0,1,0,6.0
86436,0,0.9999998999999999,47,1,0.39203675299999996,11100.0,9,0,2,0,2.0
86437,0,0.021407428,45,0,0.173422482,4785.0,14,0,1,0,1.0
86441,1,0.9999998999999999,41,0,0.868131868,1000.0,1,0,0,1,5.0
86442,0,0.008769578,55,0,0.161967606,6667.0,19,0,2,0,0.0
86444,0,0.01070635,60,2,1632.0,,6,0,1,2,0.0
86445,0,0.6934295890000001,52,1,0.139799924,7896.0,10,0,0,0,1.0
86446,0,0.09727221800000001,49,0,0.057194124000000006,8916.0,3,0,0,0,1.0
86447,0,0.443113772,31,0,0.08474885800000001,5474.0,3,0,0,0,2.0
86450,0,0.101955559,39,0,0.363396624,7583.0,8,0,2,0,4.0
86451,0,0.0,71,0,1514.0,,9,0,1,0,0.0
86453,0,0.260828377,57,0,0.245875412,10000.0,10,0,3,0,1.0
86455,1,0.017882258,66,1,0.9130129779999999,2850.0,13,0,4,0,1.0
86456,0,0.12143514300000001,31,0,0.08045640700000001,3417.0,3,0,1,0,0.0
86459,0,0.11559846,62,1,0.263952893,7811.0,6,0,1,0,0.0
86460,1,0.658843981,61,0,42.0,,6,1,0,0,0.0
86462,0,0.119140581,35,0,0.457664774,4050.0,6,0,1,0,0.0
86463,1,0.760609678,58,0,0.479721622,12500.0,12,0,1,0,0.0
86464,0,0.603066156,59,0,108.0,,5,0,0,0,0.0
86465,0,0.007622166,88,0,0.012239901999999999,2450.0,8,0,0,0,0.0
86468,0,0.153504582,70,0,0.312609075,4583.0,22,0,1,0,2.0
86470,0,0.032126805,49,0,0.007657945,4700.0,6,0,0,0,1.0
86471,0,0.078478329,67,0,0.268589036,17200.0,21,0,4,0,1.0
86472,0,0.402314942,49,0,0.271210762,11149.0,8,0,0,0,0.0
86474,0,0.08728384900000001,31,0,0.009918846,2217.0,2,0,0,0,1.0
86475,0,0.435946614,52,0,0.406299475,12000.0,14,0,2,0,0.0
86476,0,0.048164926,49,0,0.389466508,5866.0,12,0,2,0,1.0
86477,0,0.0,72,0,0.0,1587.0,4,0,0,0,0.0
86478,0,0.003592712,51,0,0.40164399100000003,10583.0,29,0,1,0,1.0
86479,0,0.167318608,77,0,0.04223944,4000.0,5,0,0,0,0.0
86482,0,0.157752956,77,0,0.36403913600000004,5416.0,16,0,2,0,0.0
86483,0,0.0,42,0,0.013430726,4243.0,7,0,0,0,0.0
86485,0,0.015890302,59,0,0.253457757,6000.0,11,0,1,0,2.0
86487,0,0.050235703,46,0,0.30414604,9695.0,3,0,1,0,3.0
86488,0,0.014786925,76,0,0.0223398,1700.0,21,0,0,0,0.0
86491,0,0.9999998999999999,49,0,5370.0,,10,1,3,0,2.0
86492,0,1.081845602,31,0,0.188051174,8050.0,8,0,0,0,0.0
86493,0,0.20549688600000002,47,0,0.35282358799999997,2000.0,9,0,1,0,0.0
86495,0,0.08145158400000001,45,0,3753.0,,8,0,1,0,0.0
86496,1,0.419899171,38,2,0.43796237600000004,4730.0,6,0,0,0,2.0
86498,0,0.759775482,57,0,0.115954741,11400.0,8,0,0,0,0.0
86499,0,0.0,71,0,0.0,,12,0,0,0,0.0
86501,0,0.082805403,41,0,0.01779065,7250.0,9,0,0,0,0.0
86502,1,0.7870177490000001,42,0,0.175853018,8000.0,4,0,0,1,3.0
86503,0,0.85338157,54,0,0.685662867,3333.0,7,0,2,0,1.0
86505,0,0.229561225,67,0,0.3005689,6327.0,15,0,1,0,0.0
86510,0,0.45909410799999995,29,0,0.234658896,5833.0,10,0,0,0,0.0
86511,0,0.148163071,63,0,1.079316077,4210.0,9,0,1,0,0.0
86512,0,0.172894237,72,0,0.052912257000000004,12000.0,2,0,0,0,0.0
86513,0,0.08084143,26,1,0.663824604,820.0,4,0,0,0,0.0
86514,0,0.090363665,72,0,0.050949050999999995,1000.0,3,0,0,0,0.0
86515,0,0.19936556100000002,78,0,0.025146198999999998,3419.0,3,0,0,0,0.0
86516,0,0.063897895,50,0,0.17683212399999998,17083.0,9,0,1,0,3.0
86518,0,0.016898772,78,0,0.052941931,7800.0,7,0,1,0,1.0
86519,0,0.020277215,64,0,0.006189213000000001,3392.0,6,0,0,0,0.0
86520,0,0.57460809,64,0,0.47847335399999996,8593.0,9,0,2,0,0.0
86522,0,0.276835983,70,0,1914.0,,23,0,1,0,0.0
86523,0,0.0,76,1,0.014978468,5340.0,4,0,0,0,0.0
86524,0,0.9999998999999999,39,0,0.455892731,4250.0,3,0,1,0,3.0
86525,0,0.168883112,48,0,2392.0,,3,0,2,0,0.0
86526,0,0.072545768,79,0,3549.0,,8,0,2,0,0.0
86527,0,0.020521206,65,0,0.168615385,6499.0,9,0,1,0,1.0
86528,0,0.39939093700000006,50,0,5954.0,,13,0,2,0,0.0
86531,0,0.0,51,0,0.381044722,8250.0,10,0,2,0,2.0
86532,0,0.0,66,0,0.43390138100000003,9916.0,11,0,4,0,0.0
86536,0,0.094874591,33,0,0.509889155,4600.0,5,0,1,0,1.0
86538,0,0.273265098,50,0,0.301790281,4300.0,4,0,0,0,0.0
86540,0,0.488147399,37,0,0.025353202999999998,5166.0,6,0,0,0,2.0
86541,0,0.17344566399999997,42,0,0.555254661,9600.0,8,0,2,0,3.0
86542,0,0.0,44,0,0.35384467700000005,10416.0,7,0,3,0,1.0
86543,0,0.0,50,0,0.210175517,4500.0,9,0,1,0,1.0
86547,0,0.444460508,36,0,0.484503099,5000.0,18,0,1,0,0.0
86549,0,0.7906068890000001,33,0,0.389180874,7800.0,13,0,2,0,0.0
86550,0,0.09693724199999999,81,0,0.456465393,10416.0,10,0,3,0,0.0
86552,0,0.090286462,83,0,0.403932946,6203.0,22,0,1,0,1.0
86553,1,0.9999998999999999,27,0,207.0,0.0,6,0,0,0,0.0
86554,1,0.0,39,0,0.232806555,6833.0,9,0,1,0,1.0
86555,0,0.112090211,62,0,0.124897558,6100.0,6,0,1,0,0.0
86556,0,0.377322461,31,0,0.326268465,4670.0,11,0,1,0,1.0
86557,0,0.001622463,55,1,0.162440734,4850.0,11,0,0,0,2.0
86559,0,0.172884617,59,0,2311.0,,18,0,0,0,1.0
86560,0,0.9999998999999999,33,0,0.144226761,2398.0,4,0,0,0,0.0
86561,0,0.946829617,54,2,0.389337075,2850.0,16,0,0,0,1.0
86563,1,0.0,23,0,0.0,1500.0,1,0,0,1,0.0
86564,0,0.001320363,53,0,1390.0,,12,0,1,0,
86565,0,0.126324878,45,0,0.065486954,7741.0,9,0,0,0,0.0
86566,0,0.304914798,53,0,0.328474967,12143.0,17,0,3,0,0.0
86567,0,0.350061059,56,1,6781.0,,12,0,4,0,0.0
86568,0,0.0034620379999999997,58,0,844.0,,8,0,1,0,
86569,0,0.5405722510000001,50,0,0.852050427,6900.0,11,0,2,0,1.0
86570,0,0.9999998999999999,58,0,0.36662593,9000.0,4,0,1,0,1.0
86572,0,0.184368497,54,0,0.43095987399999997,5083.0,13,0,2,0,3.0
86574,0,0.957138708,37,0,0.374035281,10883.0,9,0,1,0,2.0
86575,0,0.833563618,49,0,1.303719447,4704.0,10,0,2,0,2.0
86576,0,0.10623150099999999,30,0,1.058269066,3500.0,13,0,2,0,2.0
86577,0,0.063114951,58,1,0.23120481899999998,8299.0,7,0,2,0,2.0
86578,0,0.06262175,63,0,0.46331463100000003,4633.0,6,0,1,0,0.0
86580,0,0.182736455,32,0,0.198098257,4416.0,6,0,0,0,1.0
86581,0,0.0,44,1,0.383446621,2500.0,14,0,1,3,0.0
86582,0,0.9999998999999999,36,1,0.634232122,5117.0,7,0,2,0,3.0
86583,0,0.041025319,55,0,0.145667198,7523.0,10,0,1,0,1.0
86584,0,0.681880968,58,1,0.194742688,2700.0,12,0,0,0,0.0
86585,0,0.007119953,77,0,0.14345148900000002,6008.0,18,0,0,0,0.0
86587,0,0.287965052,40,0,0.186120925,15000.0,13,0,2,0,0.0
86588,0,0.9999998999999999,50,0,0.283663705,2925.0,1,1,1,0,0.0
86589,0,0.040774074,43,0,0.287261819,18000.0,13,0,2,0,4.0
86590,0,0.077405815,70,1,0.170430108,3719.0,10,0,0,0,0.0
86591,0,0.9999998999999999,65,0,0.165706974,3125.0,5,0,1,0,0.0
86594,0,0.016790546,40,0,1.278253604,4786.0,10,0,2,0,0.0
86595,0,0.003633656,42,0,0.000580159,5170.0,10,0,0,0,0.0
86596,0,0.452898278,48,2,0.587227097,4900.0,11,0,2,0,2.0
86598,0,0.795068311,25,0,0.251642388,3500.0,3,0,0,0,0.0
86599,1,0.558573571,46,0,0.21533049399999998,5400.0,3,0,1,0,1.0
86600,0,0.19536092800000002,40,3,1587.0,,7,0,0,3,0.0
86601,1,0.822507663,57,3,3418.0,,14,0,2,0,0.0
86602,0,0.015490243,52,0,0.201662122,7700.0,13,0,2,0,0.0
86603,0,0.8241978000000001,55,0,0.373232059,3817.0,9,0,1,0,0.0
86605,0,0.9999998999999999,59,0,1046.0,0.0,2,6,2,0,2.0
86606,0,0.050148745999999994,66,0,937.0,,4,0,1,0,0.0
86607,0,0.07596391799999999,47,1,1.4635627530000002,1975.0,14,0,2,0,3.0
86609,0,0.031614169,46,0,0.299967395,9200.0,8,0,2,0,3.0
86611,0,0.037792249,64,0,0.5626874629999999,5000.0,6,0,2,0,0.0
86612,0,0.045685279,44,1,0.23582489899999998,8200.0,8,0,2,0,0.0
86613,0,0.418995805,49,0,0.583132871,7066.0,11,0,1,0,3.0
86614,0,0.427217245,55,0,0.138715179,3517.0,5,0,0,0,0.0
86615,0,0.00041999199999999995,57,0,0.05228422,11666.0,6,0,2,0,1.0
86618,0,0.5874214720000001,53,0,0.293106193,6280.0,7,0,3,0,0.0
86619,0,0.013556776000000001,71,0,10.0,,4,0,0,0,0.0
86620,0,0.074385813,67,0,0.15261959,3950.0,10,0,1,0,0.0
86621,0,0.436053709,41,0,1377.0,,3,0,1,0,0.0
86623,0,0.227663207,40,0,1635.0,,13,0,1,0,3.0
86626,0,0.376049586,59,0,0.199080092,10000.0,10,0,2,0,1.0
86627,0,0.273537283,85,0,0.2827051,1803.0,7,0,0,0,0.0
86630,0,0.5731727529999999,54,0,0.49323181,5909.0,12,0,2,0,1.0
86631,0,0.007729875,47,0,0.002848312,16500.0,22,0,0,0,3.0
86632,0,0.018660447,70,0,0.106058317,6618.0,6,0,0,0,1.0
86633,0,0.223665847,50,0,0.17570173600000003,4666.0,6,0,0,0,0.0
86634,0,0.754143268,44,0,0.85885674,2833.0,6,0,1,0,0.0
86635,0,0.574156875,43,0,0.923968633,5865.0,13,0,1,0,3.0
86636,0,0.0,60,0,0.0,,2,0,0,0,
86637,0,0.0,51,0,0.339732054,5000.0,8,0,1,0,0.0
86639,0,0.008993549,68,0,22.0,,11,0,0,0,0.0
86640,1,0.534564845,43,2,0.291070893,10000.0,15,0,1,2,1.0
86641,0,0.014027648,69,0,0.074493927,4939.0,13,0,0,0,0.0
86643,0,0.331608046,41,0,0.717276901,8930.0,13,0,3,0,1.0
86644,0,0.251780249,47,0,33409.0,,6,0,2,0,0.0
86645,0,0.9999998999999999,32,0,0.743771147,3250.0,10,1,1,1,1.0
86646,0,0.05286593,43,1,0.27131873300000003,8583.0,17,0,2,0,4.0
86647,0,0.5110255029999999,40,0,0.15405777199999998,15266.0,9,0,2,0,0.0
86648,1,1.012164639,37,3,0.333666583,4000.0,11,0,0,0,2.0
86649,0,0.252647453,64,1,0.106081644,3600.0,22,0,0,0,0.0
86650,0,0.466954783,48,0,0.285349308,11350.0,10,0,1,0,1.0
86651,0,0.724754571,53,0,0.22875817,2600.0,8,0,0,0,3.0
86652,0,0.016377927,67,0,1603.0,,5,0,1,0,0.0
86654,0,0.0032156309999999996,66,0,0.0014998129999999998,8000.0,17,0,0,0,0.0
86656,0,0.023859355,71,0,1780.0,,6,0,1,0,0.0
86657,0,0.463350871,63,1,0.206473916,6363.0,7,0,1,0,0.0
86658,0,0.9209314559999999,69,1,0.8380586259999999,2080.0,12,0,2,0,0.0
86659,0,0.039348122,66,0,0.011906138,8650.0,4,0,0,0,0.0
86661,0,0.005428399,40,0,988.0,,9,0,1,0,2.0
86663,1,0.595404595,32,1,0.197901049,2000.0,6,2,0,2,0.0
86664,0,0.497225305,33,0,0.102521703,2418.0,2,0,0,0,1.0
86665,1,0.971830986,35,0,0.330334833,2000.0,4,0,0,1,0.0
86668,0,0.054400547,51,0,0.816836633,5000.0,11,0,1,0,1.0
86669,0,0.16273490599999998,31,0,0.116941529,2000.0,2,0,0,0,0.0
86670,0,0.0,30,0,0.552455357,3583.0,5,0,2,0,0.0
86671,0,0.009772371,47,0,0.29877177899999996,3500.0,9,0,1,0,2.0
86672,0,0.015039791,59,0,0.008189696,10500.0,17,0,0,0,0.0
86673,0,0.107111599,51,0,0.356806171,7000.0,13,0,2,0,2.0
86674,0,0.358470289,68,0,0.38340414899999997,4000.0,16,0,2,0,0.0
86678,0,0.00179988,63,0,0.0,4500.0,4,0,0,0,2.0
86679,0,0.9999998999999999,66,1,0.007708986,4150.0,0,1,0,0,0.0
86682,1,0.700670657,37,0,0.313614398,6000.0,12,0,0,0,0.0
86683,0,0.12645199199999999,38,0,0.405748802,4800.0,5,0,2,0,0.0
86684,0,0.0,48,0,0.123276909,14000.0,4,0,1,0,2.0
86685,1,0.9999998999999999,48,1,0.28831121600000004,5500.0,2,2,1,1,0.0
86686,0,0.523730225,56,0,761.0,,5,0,0,0,2.0
86688,0,0.618799329,50,1,0.29863418199999997,5417.0,10,0,1,0,3.0
86690,0,0.027093532000000004,74,0,36.0,0.0,9,0,0,0,1.0
86691,0,0.018373756,79,0,0.132867133,3431.0,8,0,0,0,0.0
86693,0,0.08004873,63,0,0.71027441,4700.0,9,0,3,0,1.0
86696,0,0.9999998999999999,35,1,0.489742241,1900.0,6,0,0,0,0.0
86697,0,0.226952796,58,0,0.481776765,8779.0,16,0,4,0,0.0
86698,0,0.00387332,61,0,0.060598269,11666.0,6,0,2,0,1.0
86700,0,0.972670225,35,0,0.445847805,3166.0,6,0,1,0,0.0
86701,1,0.20379620399999998,30,0,0.006997667,3000.0,2,1,0,1,0.0
86702,0,0.06434394,67,0,2542.0,,8,0,1,0,0.0
86703,0,0.10761392300000001,77,0,0.536239933,3600.0,9,0,1,0,0.0
86705,0,0.084575576,63,1,0.18992932899999998,13583.0,13,0,2,0,0.0
86709,0,0.015493135,80,0,0.004429066,7224.0,10,0,0,0,1.0
86711,0,0.005092162,73,0,0.007279444,9203.0,11,0,0,0,0.0
86712,0,0.0,28,0,0.271216884,2226.0,5,0,0,0,0.0
86713,0,0.014597303,50,0,0.42725527799999996,5209.0,13,0,2,0,1.0
86714,0,0.213138222,53,0,525.0,,12,0,1,1,0.0
86716,0,0.26454556,42,0,0.312364966,12033.0,11,0,2,0,2.0
86717,0,0.18623335300000002,43,0,0.284203442,10400.0,18,0,2,0,2.0
86720,0,0.9999998999999999,76,0,22.0,,2,0,0,0,
86721,0,0.031470541,59,0,1319.0,,8,0,1,0,0.0
86723,0,0.05114506,60,0,0.078303426,5516.0,11,0,0,0,1.0
86724,1,0.7505385609999999,39,1,0.287632105,3500.0,13,0,0,0,0.0
86725,0,0.6117176520000001,47,0,0.34130967700000003,8566.0,6,0,1,0,3.0
86728,0,0.109505984,56,0,0.10466761,2120.0,12,0,0,0,0.0
86729,0,0.019469166,32,0,0.005999,6000.0,5,0,0,0,0.0
86735,0,0.7102761259999999,48,0,0.21891873899999997,15000.0,10,0,6,0,0.0
86736,0,0.050814547,69,0,0.017107308999999998,4500.0,5,0,0,0,0.0
86737,0,0.9999998999999999,43,0,0.0,2250.0,1,1,0,0,0.0
86738,0,0.118588927,54,0,0.072372865,10362.0,8,0,1,0,0.0
86739,0,0.019643175,80,0,29.0,,5,0,0,0,
86741,1,0.9999998999999999,49,0,93.0,,0,0,0,0,0.0
86742,0,0.317078609,60,0,0.513599731,5955.0,6,0,1,0,2.0
86744,0,0.9999998999999999,24,0,0.121043865,1800.0,3,0,0,0,0.0
86745,0,0.165361903,48,0,0.48507539200000005,9748.0,11,0,3,0,0.0
86746,0,0.0,56,0,0.278712158,2080.0,4,0,0,0,0.0
86747,0,0.03766039,61,0,0.001713796,3500.0,1,0,0,0,0.0
86749,0,0.147047386,56,1,0.11440107699999999,3714.0,6,0,0,0,0.0
86750,0,0.042377849,56,0,0.22399672399999998,4883.0,6,0,1,0,2.0
86752,0,0.047641181,46,0,0.378564405,3050.0,9,0,1,0,1.0
86753,1,1.017379727,39,2,0.75369155,4875.0,17,0,1,0,1.0
86755,0,0.955502225,72,0,0.314553246,6300.0,6,0,1,0,1.0
86757,0,0.453791813,51,0,0.599668325,6029.0,4,0,2,0,3.0
86758,0,0.928214357,30,1,0.027000777000000004,5147.0,1,0,0,0,3.0
86760,0,0.055041812,49,0,0.20835606,9166.0,5,0,1,0,0.0
86761,0,0.9999998999999999,56,0,0.258056928,4250.0,2,0,1,0,0.0
86762,0,0.645921856,30,0,0.47337990799999996,4150.0,12,0,0,0,2.0
86763,0,0.303895022,39,0,0.322552191,3400.0,5,0,1,0,0.0
86764,0,0.800868522,58,0,1.114338235,2719.0,10,0,1,0,0.0
86765,0,0.032373324,41,0,0.296418175,7900.0,8,0,2,0,2.0
86767,0,0.119694434,39,0,0.041525684,3250.0,13,0,0,0,1.0
86768,0,0.9999998999999999,32,0,0.125272331,1835.0,3,0,0,0,0.0
86770,0,0.046679378,51,0,0.27039096,10972.0,11,0,2,0,3.0
86771,0,0.005228191,75,0,0.374643875,701.0,8,0,0,0,0.0
86776,0,0.012579097,74,0,2062.0,,12,0,1,0,0.0
86779,0,0.234568812,54,0,0.084742745,5616.0,10,0,0,0,1.0
86781,0,0.044328695999999994,48,0,0.20770839,11000.0,8,0,2,0,1.0
86783,0,0.023657005,36,0,0.21710408899999997,5600.0,9,0,1,0,0.0
86784,0,0.054154352,67,0,3138.0,,11,0,1,0,
86786,0,0.085326863,55,1,0.290701616,8850.0,10,0,2,0,0.0
86787,0,0.5864565420000001,63,0,0.10871130300000001,4166.0,4,0,0,0,0.0
86788,1,0.0,28,0,0.011997001,4000.0,1,1,0,0,0.0
86789,0,0.583516216,24,0,0.745271122,792.0,4,0,0,0,0.0
86790,0,0.181070473,71,0,0.129519353,4701.0,4,0,0,0,0.0
86791,1,0.7013504540000001,48,2,0.331333733,5000.0,14,0,1,0,1.0
86792,0,0.034304817,72,0,0.068641618,6919.0,12,0,0,0,0.0
86793,0,0.9999998999999999,47,1,0.313368549,12304.0,3,0,2,0,2.0
86794,0,0.332344119,44,0,0.41148570700000003,7800.0,11,0,1,0,0.0
86795,0,0.056483707,40,0,0.32319120100000004,14000.0,12,0,1,0,0.0
86796,0,0.096947848,42,0,0.128643766,7306.0,7,0,0,0,1.0
86797,0,0.06584169200000001,78,0,1006.0,,3,0,1,0,
86798,1,0.9999998999999999,41,4,0.515566981,3500.0,6,0,0,2,3.0
86799,1,0.859407305,43,0,0.216956683,2700.0,5,0,0,0,0.0
86800,0,0.8760830470000001,46,5,1.13494262,2526.0,15,3,1,0,2.0
86801,0,0.391984924,38,1,0.34213585799999996,6020.0,7,0,2,0,3.0
86802,0,0.047387606,67,0,0.208029197,4383.0,9,0,1,0,0.0
86803,0,0.840207672,44,3,0.942725351,5202.0,11,1,1,1,1.0
86804,1,0.34930186799999996,60,0,0.265962005,7000.0,14,0,0,0,2.0
86805,0,0.792523952,37,0,1210.5,1.0,6,0,1,0,3.0
86806,0,0.55908693,47,0,0.82811459,1500.0,8,0,0,0,1.0
86808,0,0.545205067,65,0,0.849878589,7000.0,14,0,2,0,0.0
86810,0,1.018152335,33,1,0.24529770399999998,7708.0,6,0,0,0,1.0
86811,0,0.183819335,40,0,0.19734170199999998,5416.0,6,0,1,0,0.0
86812,0,1.019614442,55,1,1.4104075880000002,3900.0,12,0,2,0,0.0
86814,0,0.9999998999999999,31,0,0.457954232,3626.0,5,0,1,0,1.0
86815,0,0.10492867,48,0,760.0,,5,0,2,0,0.0
86818,0,0.13280905699999998,61,0,0.030567062000000002,7000.0,7,0,1,0,1.0
86819,0,0.891411906,57,1,0.209708208,11000.0,5,0,2,0,0.0
86820,0,0.429702009,59,3,0.20162432,13420.0,13,0,2,0,2.0
86821,0,0.9999998999999999,53,0,0.061986225,4500.0,5,0,0,0,1.0
86823,0,2.060587882,57,0,1.825508607,3833.0,7,0,2,0,0.0
86824,0,0.9999998999999999,38,0,1.162330905,960.0,4,0,1,0,3.0
86825,0,0.0189995,65,0,0.262410103,5700.0,5,0,1,0,0.0
86826,0,0.024867753,45,0,0.900860118,2208.0,14,0,2,0,3.0
86827,0,0.360806144,36,0,0.305517431,3642.0,18,0,0,0,1.0
86829,0,0.016700457,45,0,0.68703138,3600.0,18,0,2,0,2.0
86830,0,0.961246725,65,1,0.07136906400000001,3600.0,6,1,0,0,0.0
86831,0,0.460669155,63,0,0.359491241,8333.0,7,0,2,0,0.0
86832,0,0.9999998999999999,40,0,0.193246826,21500.0,5,0,1,0,2.0
86833,0,0.495948636,60,0,0.509457545,12000.0,22,0,2,0,0.0
86835,0,0.01379954,62,0,12.0,,2,0,0,0,0.0
86836,0,0.595803393,44,0,0.29949604,8333.0,11,0,2,0,0.0
86839,0,0.0023275920000000003,69,0,1435.0,,8,1,1,0,1.0
86840,0,0.129374125,58,0,0.615096226,4000.0,4,0,1,0,0.0
86841,0,0.549898699,42,0,512.0,,4,0,0,0,0.0
86842,0,0.372177211,72,0,0.44661140899999996,2050.0,8,0,1,0,0.0
86843,0,0.904331271,34,0,0.291003332,2700.0,9,0,0,0,0.0
86844,0,0.337110997,51,0,526.0,,9,0,0,0,3.0
86847,0,0.051638169000000005,48,0,1296.0,,7,0,1,0,
86848,0,0.05946451,44,0,0.048496969,16000.0,14,0,0,0,0.0
86849,0,0.064218453,61,0,0.026605944,4171.0,7,0,0,0,0.0
86850,0,0.009489816,63,0,0.00079766,11282.0,8,0,0,0,1.0
86853,0,0.9239513709999999,57,0,0.5603705920000001,6691.0,10,0,1,0,3.0
86855,0,0.8773368109999999,44,2,2428.0,,8,0,1,0,4.0
86856,0,0.025836441,33,0,0.719523901,5208.0,8,0,2,0,0.0
86857,0,0.063087086,46,0,769.0,,4,0,1,0,
86858,0,0.039900962000000005,91,0,12.0,,1,0,0,0,0.0
86859,0,0.014339501999999999,68,0,0.01199904,4166.0,11,0,0,0,1.0
86860,0,0.060769692,41,0,0.006532559,9643.0,3,0,0,0,0.0
86862,0,0.452456495,56,0,0.9603794640000001,3583.0,12,0,1,0,0.0
86864,0,0.0,59,0,3.0,,3,0,0,0,0.0
86865,0,0.712613272,55,0,0.591993037,5744.0,11,0,1,0,0.0
86866,0,0.131390646,55,0,0.546362066,5208.0,14,0,1,0,3.0
86867,0,0.052523729000000005,65,0,0.112877264,4969.0,5,0,0,0,0.0
86868,0,0.200989422,48,2,0.324082055,5800.0,9,0,2,0,2.0
86869,0,0.7599908190000001,49,1,0.31258871899999996,13384.0,8,0,2,0,2.0
86870,1,0.38202247200000006,43,0,0.029405999,5100.0,10,0,0,0,0.0
86871,0,0.141475104,41,1,0.205954232,4500.0,3,0,0,0,0.0
86873,0,0.246025242,72,0,0.011270678000000001,5500.0,3,0,0,0,0.0
86874,0,0.879487797,44,0,0.838100528,3600.0,8,0,1,0,3.0
86875,0,0.000615374,71,0,2797.0,,6,0,1,0,0.0
86878,0,0.47923069,67,0,0.482251775,10000.0,18,0,3,0,0.0
86879,0,0.0,38,0,0.153250189,5291.0,9,0,2,0,0.0
86880,0,0.033973823,48,0,0.419720187,1500.0,5,0,1,0,1.0
86882,0,0.01145773,60,0,0.245076949,18128.0,11,0,2,0,0.0
86883,0,0.001916507,44,0,0.9530339390000001,2916.0,4,0,2,0,0.0
86884,0,0.12165225199999999,58,0,0.8067196529999999,5535.0,26,0,2,0,0.0
86885,0,0.288451925,33,0,0.21509434,7419.0,8,0,1,0,0.0
86887,0,0.0,57,0,0.822269055,5693.0,17,0,2,0,1.0
86888,0,0.034698843,48,0,1732.0,,5,0,1,0,
86889,0,0.724910814,54,0,987.0,,4,0,0,0,3.0
86890,0,0.9999998999999999,28,0,0.07973421900000001,1504.0,2,0,0,0,1.0
86891,0,0.050745788,64,0,0.021697511000000003,3133.0,7,0,0,0,0.0
86892,0,0.424460601,38,0,0.19278829,2800.0,3,0,0,0,0.0
86893,0,0.518888511,36,0,2992.0,,21,0,0,0,0.0
86894,0,0.016106855,78,0,0.31910326699999997,4192.0,7,0,1,0,0.0
86895,0,0.143480849,49,0,3789.0,,18,0,4,0,0.0
86896,0,0.055220995,61,0,0.920530498,19000.0,4,0,1,0,1.0
86897,0,0.059531818,75,0,723.0,,13,0,1,0,0.0
86900,1,0.94401711,32,0,0.6502342179999999,4482.0,12,0,1,0,2.0
86902,0,1.0041090259999998,56,4,0.6992364590000001,8381.0,16,0,2,0,1.0
86903,0,0.018996834,27,0,3.0,,3,0,0,0,
86904,0,0.065148944,63,0,1703.0,,22,0,1,0,0.0
86905,0,0.009594162,61,0,0.00182704,3283.0,4,0,0,0,0.0
86907,0,0.022563232000000003,57,0,0.009373828,8000.0,9,0,0,0,0.0
86908,0,0.123255191,69,0,1906.0,,11,0,1,0,0.0
86910,0,0.9999998999999999,51,0,0.032614412999999995,1900.0,1,0,0,0,0.0
86911,0,0.042368644000000004,64,0,0.22305035399999998,5500.0,4,0,1,0,1.0
86912,0,0.017440382,38,0,0.71898883,1700.0,18,0,0,0,2.0
86913,0,0.27552966,39,0,0.118235221,8000.0,12,0,0,0,0.0
86915,0,0.8092454259999999,39,1,0.328833598,11333.0,12,0,1,1,1.0
86916,0,0.639972175,39,0,0.476504699,5000.0,12,0,3,0,0.0
86917,0,0.083790154,40,0,0.29561545100000003,8050.0,8,0,2,0,2.0
86919,0,0.272463109,50,0,0.51402097,4100.0,11,0,1,0,0.0
86920,0,0.216826168,39,0,1764.0,,4,0,1,0,0.0
86921,0,0.18051277899999998,56,1,0.063349725,3456.0,8,0,0,0,1.0
86922,0,0.0,64,0,0.0,4500.0,2,0,0,0,0.0
86925,0,0.11156480699999999,56,0,0.228682967,9733.0,7,0,2,0,4.0
86926,0,0.035649046000000004,65,0,0.095188502,4800.0,6,0,0,0,1.0
86927,0,0.17656151899999997,44,1,0.22677009399999998,6058.0,6,0,2,0,2.0
86928,1,0.9999998999999999,54,0,0.7788635159999999,9414.0,11,0,4,1,0.0
86929,0,0.06605949400000001,50,0,0.021645829,5358.0,2,0,1,0,0.0
86930,0,0.555187517,66,1,3741.0,,17,0,3,0,1.0
86932,0,0.105605514,73,0,0.037784828,6933.0,11,0,0,0,1.0
86933,0,0.28215721,57,0,1100.0,,11,0,0,0,1.0
86934,0,0.008375529,68,0,383.0,,5,0,1,0,0.0
86936,0,0.14603565300000002,70,0,0.027237821000000002,8333.0,5,0,0,0,0.0
86937,0,0.351430554,46,0,0.844631074,5000.0,10,0,1,0,3.0
86938,0,0.002543423,76,1,223.0,,7,0,0,0,0.0
86939,0,0.393978534,80,0,0.986946257,7200.0,17,0,2,0,1.0
86940,0,0.039582359,70,1,0.214231064,1306.0,7,0,0,0,0.0
86942,0,0.051032955,50,0,0.185635727,6000.0,12,0,1,0,3.0
86944,0,0.568242031,62,0,0.297372061,7952.0,9,0,2,0,1.0
86945,0,0.9370422190000001,37,0,0.179018287,3116.0,9,0,0,0,5.0
86946,0,0.200259445,48,0,1144.0,,4,0,1,0,
86947,0,0.069538095,61,0,0.502727167,8616.0,18,0,3,0,1.0
86948,0,0.21171035800000002,58,0,2743.0,,13,0,3,0,0.0
86950,0,0.9999998999999999,41,0,0.0,2200.0,0,1,0,0,5.0
86951,0,0.0,77,0,0.0,9476.0,5,0,0,0,0.0
86952,0,0.019645995,69,0,0.004082993,12000.0,14,0,0,0,0.0
86954,0,0.553021285,33,0,0.235468345,2700.0,6,0,0,0,1.0
86956,0,0.6692967320000001,65,0,6942.0,,13,0,4,0,0.0
86957,0,0.9999998999999999,47,0,0.123937625,13530.0,4,0,1,0,2.0
86958,0,0.821230006,51,0,0.018599845,15483.0,1,0,0,0,0.0
86960,0,0.036950092999999996,35,0,2.237410072,1250.0,8,0,2,0,0.0
86962,0,0.44282984799999997,39,1,0.951219512,2992.0,4,0,1,0,2.0
86965,0,0.004030555,67,0,563.0,0.0,6,0,0,0,0.0
86966,0,0.945746599,59,0,0.191961608,5000.0,5,0,0,0,0.0
86967,0,0.002793007,34,0,0.27305450800000003,5833.0,8,0,1,0,0.0
86968,0,0.143378482,51,0,0.22979946399999998,15308.0,19,0,3,0,3.0
86969,0,0.441364091,33,0,0.263416921,4266.0,7,0,0,0,0.0
86970,0,0.038110275,90,0,36.0,,7,0,0,0,
86971,0,0.028457372999999998,72,0,322.0,,8,0,1,0,0.0
86972,0,0.689392289,64,0,0.946143946,10100.0,14,0,4,0,0.0
86973,0,0.235588328,47,0,2886.0,,17,0,1,0,0.0
86974,0,0.031248698,80,0,0.002340924,9397.0,5,0,0,0,0.0
86975,0,0.49254226100000004,39,0,0.431419605,5416.0,9,0,2,0,3.0
86977,0,0.040974838,70,0,29.0,,3,0,0,0,0.0
86979,0,0.9999998999999999,41,0,0.09804193900000001,7200.0,4,0,0,0,0.0
86980,0,0.871108655,47,0,0.29851549899999996,13000.0,7,0,2,0,0.0
86981,0,0.09926480900000001,71,0,1238.0,,4,0,1,0,0.0
86983,0,0.7495109590000001,68,0,0.8053045759999999,3430.0,9,0,2,0,0.0
86984,0,0.6832555579999999,37,0,0.416483736,5010.0,10,0,0,0,1.0
86986,0,0.9999998999999999,66,0,0.0,,2,0,0,0,0.0
86987,0,0.296802991,62,0,0.557176196,15425.0,8,0,3,0,0.0
86989,0,0.22919083199999998,44,0,0.317120372,7750.0,7,0,2,0,2.0
86992,0,0.074051195,68,0,1911.0,,5,0,1,0,
86993,0,0.013829738999999999,71,0,0.015820305,26800.0,16,0,1,0,0.0
86994,0,0.000378939,64,0,0.241806452,3874.0,7,0,1,0,0.0
86995,0,0.988404638,47,0,0.614139491,4200.0,10,0,2,0,1.0
86996,0,0.9999998999999999,31,0,0.8600999290000001,1400.0,4,0,1,0,0.0
86997,0,0.627086244,44,0,0.7537231109999999,3625.0,8,0,2,0,3.0
86998,0,0.46727970700000004,45,1,0.278055884,10986.0,10,0,2,0,0.0
86999,0,0.163435642,53,0,0.042107404,4915.0,4,0,0,0,1.0
87002,0,0.224011446,57,0,1938.0,,13,0,2,0,0.0
87003,1,0.9999998999999999,57,3,0.499349429,6916.0,4,1,1,0,0.0
87004,0,0.0055681030000000005,39,0,0.271909364,3000.0,8,0,1,0,0.0
87005,0,0.311117537,45,0,0.021038933,9220.0,4,0,0,0,4.0
87006,1,1.422867514,41,0,0.23796113800000002,3550.0,6,1,0,6,4.0
87007,1,0.807305453,41,1,0.482485001,5166.0,5,5,0,0,2.0
87009,0,0.055899854000000006,44,0,0.289274713,7141.0,11,0,2,0,0.0
87010,0,0.051237190999999994,38,0,1378.0,,7,0,1,0,1.0
87012,0,0.042275429,64,0,22.0,,5,0,0,0,0.0
87013,0,0.003503722,41,0,0.7520998320000001,4166.0,10,0,2,0,2.0
87015,0,0.9999998999999999,24,0,0.0,0.0,0,0,0,0,0.0
87016,0,0.376673694,36,0,0.056033480999999996,4300.0,4,0,0,0,0.0
87017,0,0.448483621,44,2,0.19032387,2500.0,9,1,0,0,4.0
87018,0,0.05415786,77,0,70.0,,4,0,0,0,0.0
87019,0,0.9999998999999999,70,0,0.23071260300000002,13583.0,5,0,1,0,0.0
87021,0,0.024589565,63,0,0.136309095,4166.0,18,0,0,0,0.0
87022,0,0.55536162,41,0,0.347946765,14050.0,8,0,3,0,0.0
87024,0,0.311812677,62,0,0.08139636900000001,11400.0,6,0,1,0,2.0
87026,0,0.0,38,0,2662.0,,9,0,3,0,0.0
87028,0,1.085217659,34,0,0.159001314,3043.0,3,0,0,0,0.0
87030,0,0.13065215800000002,27,0,0.540394488,3700.0,10,0,1,0,0.0
87031,0,0.11738754800000001,55,0,0.45686846200000003,5830.0,11,0,1,0,1.0
87033,0,0.0,42,0,670.0,,5,0,0,0,0.0
87034,0,0.0,50,0,0.563322884,3189.0,9,0,2,0,0.0
87036,0,0.9999998999999999,46,0,0.079096045,2300.0,2,0,0,0,2.0
87037,0,0.9999998999999999,29,0,0.08942307699999999,1039.0,1,0,0,0,1.0
87039,0,0.02924099,61,0,2097.0,,7,0,1,0,3.0
87040,0,0.0,50,0,0.674254076,3250.0,8,0,2,0,2.0
87041,0,0.12576483300000002,55,0,0.158586925,10416.0,12,0,2,0,0.0
87042,0,0.327611959,41,0,0.440107672,5200.0,8,0,1,0,0.0
87043,0,0.608782435,24,0,9.0,,1,0,0,0,0.0
87044,0,0.110499239,26,2,0.296501943,1800.0,5,0,0,0,0.0
87045,0,0.010941033000000001,47,0,0.416141176,21249.0,11,0,3,0,2.0
87048,0,0.863378874,48,0,0.274771024,1200.0,6,0,0,0,0.0
87049,0,0.044153902,55,0,0.309119313,5120.0,8,0,1,0,2.0
87050,0,0.06691939400000001,83,0,0.069706953,5766.0,20,0,0,0,0.0
87051,0,0.89792023,29,0,0.44901019799999997,3333.0,12,0,1,1,0.0
87052,0,0.35042353200000004,48,0,0.231087955,24375.0,6,0,1,0,4.0
87054,1,0.118750961,62,2,0.33477894199999997,8300.0,5,2,2,1,0.0
87056,0,0.8907483420000001,66,0,3239.0,,7,1,3,0,0.0
87058,0,0.48427918799999997,33,0,0.44852016899999997,8750.0,4,0,1,0,0.0
87059,0,0.0,45,0,0.250211522,13000.0,9,0,2,0,5.0
87060,0,0.116334546,48,0,0.084397557,1800.0,11,0,0,0,2.0
87061,0,0.00792511,58,0,0.289071093,10000.0,10,0,2,0,0.0
87062,0,0.691054898,31,1,0.365138013,4600.0,9,0,1,0,1.0
87063,0,0.040083531,66,0,0.188398444,17738.0,17,0,2,0,0.0
87064,0,0.0018947039999999999,51,0,0.7678200690000001,2889.0,12,0,2,0,2.0
87065,0,0.137660111,56,0,1225.0,,3,0,0,0,0.0
87067,0,0.352456754,35,0,1349.0,,14,0,0,0,3.0
87070,0,0.35067824700000005,63,0,0.186931698,4728.0,7,0,0,0,1.0
87071,0,0.09930769,75,0,0.27660519899999997,4500.0,9,0,1,0,0.0
87072,0,0.007099251,54,0,0.09666057900000001,7665.0,4,0,1,0,3.0
87073,0,0.000228357,56,0,0.619609164,5935.0,10,0,2,0,1.0
87074,0,0.7968127490000001,35,2,0.004837149000000001,3100.0,8,1,0,1,4.0
87075,0,0.204993788,51,0,0.444240384,9800.0,10,0,1,0,1.0
87076,0,0.229118121,45,0,0.234966433,7000.0,11,0,0,0,3.0
87077,0,0.555784041,37,0,2.042931162,1350.0,8,0,2,0,2.0
87079,0,0.16510772199999998,27,0,0.172827173,1000.0,7,0,0,0,0.0
87080,0,0.19458908600000002,55,0,1150.0,,19,0,0,0,1.0
87081,0,0.013131261000000002,71,0,21.0,,4,0,0,0,
87082,0,0.005774856,80,0,6.0,,1,0,0,0,0.0
87083,0,0.179909404,49,0,0.383567386,4770.0,7,0,2,0,2.0
87084,0,0.18231242,45,0,0.37867879200000004,7916.0,18,0,1,0,0.0
87085,0,0.009458319,81,0,0.133558129,6820.0,14,0,1,0,0.0
87086,1,0.5536976379999999,31,1,0.24678324,3030.0,5,0,0,1,0.0
87087,0,0.420860439,74,0,0.697028603,3600.0,7,0,1,0,0.0
87088,0,0.9999998999999999,29,1,72.0,,1,0,0,0,0.0
87090,0,0.920319951,29,1,0.154008844,5200.0,5,0,0,0,0.0
87091,0,0.072088725,53,0,0.382735252,9000.0,8,0,1,0,0.0
87092,0,0.083925247,45,0,52.0,,4,0,0,0,0.0
87094,0,0.0,57,0,0.156227502,4166.0,3,0,1,0,0.0
87095,0,0.6323174739999999,61,0,0.34068357200000005,2720.0,4,1,1,0,0.0
87097,0,0.272488164,37,0,0.42800353399999996,2263.0,5,0,1,0,1.0
87098,0,0.036041129,31,0,0.15461512800000002,3000.0,5,0,0,0,0.0
87100,1,1.009080706,46,3,0.502532658,3750.0,5,0,0,0,4.0
87101,0,0.0,89,1,0.0,,9,0,0,0,0.0
87102,1,0.140060234,56,2,1.099686173,5416.0,52,0,2,0,0.0
87104,1,0.700374532,36,1,435.0,,5,2,0,1,0.0
87105,0,0.0,61,0,0.20214432,8300.0,4,0,1,0,0.0
87106,0,0.9999998999999999,64,0,511.0,,4,0,1,0,0.0
87110,0,0.013434198999999999,41,0,434.0,,4,0,0,0,0.0
87111,0,0.00477747,79,0,15.0,,10,0,0,0,0.0
87112,0,0.0,35,0,0.06710709299999999,2875.0,6,0,0,0,0.0
87114,0,0.0,61,0,0.22039048,17772.0,9,0,1,0,0.0
87115,0,0.26981968300000003,33,0,0.295167118,8855.0,8,0,1,0,1.0
87116,0,0.021182677,57,0,0.24953011100000003,13300.0,15,0,1,0,2.0
87120,0,0.186977875,25,0,0.157460635,4000.0,4,0,0,0,0.0
87121,0,0.321337213,62,0,0.830383882,3672.0,19,0,2,0,0.0
87123,0,0.433390166,51,0,0.428720809,5737.0,23,0,1,0,0.0
87124,0,0.712521779,50,2,0.649579189,5227.0,12,0,1,0,3.0
87125,0,0.302834858,65,0,181.0,,4,0,0,0,0.0
87126,0,0.19974402,57,0,0.45959902799999997,6583.0,7,0,1,0,0.0
87127,0,0.874795201,51,1,0.373638478,16341.0,13,0,2,0,1.0
87128,0,0.138290912,43,0,1.056401074,3350.0,19,0,2,0,2.0
87129,0,0.07299074900000001,30,0,0.209516194,2500.0,6,0,0,0,0.0
87131,0,0.444213895,65,0,0.05242451099999999,10166.0,3,0,0,0,0.0
87132,0,0.088830047,33,0,0.276709229,6186.0,16,0,1,0,0.0
87134,0,0.34793041399999997,45,0,0.082484138,5200.0,5,0,0,0,0.0
87135,0,0.05914592,41,0,0.09869116300000001,12300.0,11,0,0,0,0.0
87136,0,0.482145276,35,0,0.275787369,6000.0,13,0,2,0,3.0
87137,0,0.002185373,80,0,0.004246285,14600.0,18,0,0,0,0.0
87138,0,0.707851772,54,0,1873.0,,7,0,0,0,0.0
87141,0,0.362282878,45,0,0.494126468,4000.0,7,0,1,0,2.0
87142,0,0.960478962,45,2,0.540773532,8583.0,12,0,2,0,2.0
87143,0,0.9999998999999999,58,0,0.48387096799999996,2200.0,3,0,1,0,0.0
87144,0,0.217782218,52,0,0.29613292199999997,6800.0,6,0,1,0,1.0
87145,0,0.011010295,80,0,0.00419916,3333.0,7,0,0,0,0.0
87148,0,0.168747912,48,0,0.13589404,7549.0,7,0,0,0,1.0
87150,0,0.065841651,60,0,0.148453279,18813.0,10,0,1,0,2.0
87152,0,0.884033133,36,0,0.34261199200000003,10022.0,8,0,2,0,0.0
87155,0,0.215967491,45,0,0.279290964,4625.0,12,0,1,0,1.0
87156,0,0.0,69,0,0.171666387,17900.0,4,0,1,0,0.0
87157,0,0.556870261,36,0,0.4155974,6000.0,7,0,3,0,2.0
87159,0,1.011238825,33,1,0.620985011,1400.0,8,0,0,1,3.0
87160,0,0.020838262,69,0,24.6,34.0,6,0,1,0,0.0
87161,0,0.80725176,57,0,0.5395910279999999,11100.0,8,0,3,0,0.0
87162,1,1.1921014140000001,48,2,0.9412235109999999,2500.0,13,1,1,0,2.0
87163,0,0.146208692,72,0,9.055944056,1000.0,14,0,3,0,0.0
87165,0,0.16812123199999998,43,0,0.39712108399999996,5904.0,8,0,1,0,4.0
87166,0,0.50669866,31,0,1809.0,,7,0,0,0,0.0
87167,0,0.393047793,34,0,0.613458529,5750.0,12,0,2,0,1.0
87168,0,0.09923535800000001,79,0,0.43050628799999996,3100.0,7,0,0,0,0.0
87171,0,0.209794006,42,1,0.202556437,9700.0,11,0,1,0,2.0
87172,0,0.211565703,37,0,0.419911286,10144.0,10,0,1,0,2.0
87173,0,0.7660277590000001,31,1,0.203089505,2200.0,8,0,0,0,0.0
87174,0,0.9287793759999999,38,0,0.335640138,2600.0,8,0,0,0,1.0
87176,0,0.213431184,39,0,0.315853907,4900.0,15,0,2,0,3.0
87177,0,0.043758833,74,0,0.6095617529999999,501.0,14,0,0,0,0.0
87178,0,0.005987364,67,0,0.00419916,5000.0,10,0,0,0,0.0
87181,0,0.42023168200000005,50,0,3877.0,,14,0,3,0,0.0
87182,1,0.0,30,1,0.9887546859999999,2400.0,5,1,1,2,0.0
87183,0,0.660975235,60,1,0.264315028,10233.0,11,0,1,0,0.0
87185,0,0.066380957,54,1,2.084975909,2282.0,16,0,1,0,2.0
87186,0,0.574817366,54,0,0.451939741,7500.0,8,0,2,0,0.0
87188,0,0.016527566,41,1,0.418158184,10000.0,10,0,2,0,0.0
87189,0,0.005805701999999999,81,0,0.91027027,1849.0,4,0,1,0,0.0
87190,0,0.481481481,53,0,0.004964832,4833.0,2,0,0,0,0.0
87194,0,0.018476463000000002,82,0,0.026805997,2200.0,9,0,0,0,1.0
87195,1,0.9999998999999999,39,0,0.0,,0,0,0,0,0.0
87196,0,1.0001095690000001,45,0,2000.0,0.0,6,0,1,0,0.0
87198,0,0.039414731,75,0,1.470588235,441.0,4,0,1,0,0.0
87200,0,0.286366128,38,0,0.435618265,9000.0,7,0,1,0,0.0
87201,0,0.0,53,0,0.18913514399999998,6000.0,5,0,0,0,0.0
87202,0,0.000355926,63,0,0.22525611199999998,24500.0,10,0,2,0,3.0
87204,0,0.014468533,82,0,4388.0,,25,0,2,0,0.0
87205,0,0.05988436900000001,62,0,156.0,,5,0,0,0,0.0
87207,0,0.15139407400000002,50,0,0.35948711899999997,8500.0,13,0,2,0,2.0
87208,0,0.334884755,39,0,1.0792977320000001,6834.0,14,0,2,0,2.0
87209,0,0.182448643,48,0,0.29978692,6100.0,13,0,1,0,0.0
87210,0,0.757012149,64,1,0.5560507370000001,2916.0,5,0,1,0,1.0
87211,0,0.013991482,99,0,62.0,,7,0,0,0,
87212,0,0.110254213,30,0,11.0,,2,0,0,0,0.0
87213,0,0.130226445,61,0,0.35951539,17250.0,22,0,2,0,1.0
87214,0,0.01924963,56,0,0.29112054600000004,10833.0,6,0,2,0,0.0
87215,1,0.488877781,25,1,0.182204449,4000.0,7,0,0,1,1.0
87216,0,0.236661226,53,0,0.7828411999999999,4300.0,8,0,2,0,0.0
87217,0,0.9625800990000001,44,1,0.298570672,9444.0,8,0,1,0,3.0
87218,0,0.0,33,0,0.0,1700.0,3,0,0,0,0.0
87221,0,0.382649988,45,0,0.47054638600000004,7027.0,10,0,1,0,1.0
87222,0,0.113811435,50,0,0.384898711,3800.0,6,0,1,0,0.0
87223,0,0.393218174,49,0,0.293426643,4000.0,8,0,0,0,0.0
87225,0,0.39534407,58,0,0.569959289,4666.0,9,0,1,0,0.0
87226,0,0.063853857,67,0,0.029172029,4661.0,12,0,0,0,0.0
87229,0,0.039214407,59,0,1721.0,,11,0,1,0,2.0
87232,0,0.008480429,89,0,16.0,,3,0,0,0,0.0
87233,0,0.071174283,48,0,2297.0,,20,0,2,0,3.0
87234,0,0.0,51,0,0.30296843100000004,6366.0,6,0,1,0,3.0
87235,0,0.008960806,76,0,1281.0,,8,0,1,0,
87236,0,0.36978558799999994,32,0,0.356918024,7306.0,6,0,1,0,0.0
87237,0,0.134927759,49,0,0.421296296,10583.0,13,0,2,0,2.0
87238,0,0.064129058,81,0,0.15017377,10933.0,3,0,2,0,0.0
87240,0,0.0,53,0,0.038848058,6666.0,7,0,1,0,1.0
87242,0,0.037108692,70,0,0.100208354,10078.0,10,0,1,0,0.0
87243,0,0.021456055,47,0,0.09672434199999999,33000.0,11,0,1,0,2.0
87245,0,0.124861254,48,2,0.328836902,10600.0,15,0,1,0,2.0
87247,0,0.66656411,47,1,0.097643465,9165.0,5,0,0,0,0.0
87248,0,0.526497056,45,0,0.298542867,2950.0,5,0,0,0,0.0
87249,0,0.6768328709999999,44,0,2731.0,,7,0,1,0,0.0
87250,0,0.001797943,60,0,0.26918582,7700.0,12,0,1,0,0.0
87251,0,0.0,23,0,0.0,1120.0,2,0,0,0,0.0
87252,1,0.60459885,28,0,0.233850595,2770.0,5,1,0,0,0.0
87258,0,0.335483226,44,0,201.0,,1,0,0,0,0.0
87260,0,0.418385585,44,1,0.46230753799999996,5000.0,7,0,1,0,2.0
87261,0,0.026206075,65,0,0.00470496,5100.0,3,0,0,0,1.0
87263,0,0.973451327,48,0,0.46179746200000005,3860.0,5,0,1,0,4.0
87264,0,0.065835497,49,0,0.26461681800000003,4292.0,11,0,1,0,0.0
87265,0,0.931406622,67,0,1623.0,,7,0,1,0,
87266,0,0.9990009990000001,24,0,0.070258848,1892.0,4,0,0,0,0.0
87268,0,0.104289928,43,0,0.371232468,3350.0,13,0,1,0,1.0
87269,0,0.08132325,42,0,572.0,,9,0,1,0,0.0
87270,0,0.023909947,63,0,1064.0,,8,0,1,0,
87273,0,0.7704806270000001,44,0,0.715071232,4000.0,8,0,2,0,3.0
87275,0,0.533001801,53,0,0.295407407,6749.0,15,0,1,0,0.0
87276,0,0.602069445,42,1,0.224792916,3500.0,14,0,0,0,3.0
87277,0,0.034643361,47,0,0.34888564899999996,4800.0,8,0,1,0,2.0
87278,0,0.692269233,27,0,1.11372549,764.0,8,0,0,0,0.0
87279,0,0.255302353,47,0,0.001035707,140000.0,1,0,0,0,2.0
87280,0,0.069695648,30,0,2395.0,,7,0,1,0,0.0
87286,0,0.116305225,69,0,0.318186868,9000.0,10,0,1,0,0.0
87288,0,0.21123908800000002,60,0,1963.0,,21,0,1,0,0.0
87290,0,0.286554269,47,0,0.315616663,4872.0,4,0,1,0,1.0
87291,0,0.0,50,0,3742.0,,8,0,2,0,3.0
87292,0,0.701512437,55,0,0.19102803699999998,5349.0,4,0,0,0,0.0
87294,0,0.9999998999999999,71,0,398.0,,3,0,0,0,0.0
87295,0,0.029930002,29,0,0.05510851,4100.0,8,0,0,0,0.0
87297,0,0.07586061599999999,67,0,0.36743876,6000.0,10,0,2,0,0.0
87299,0,0.9999998999999999,42,0,0.038851657000000005,11041.0,3,0,0,0,3.0
87300,0,0.8801597870000001,40,0,0.054226475,1880.0,1,1,0,0,0.0
87302,0,0.0,80,0,0.0,5000.0,5,0,0,0,0.0
87303,0,0.018834813,59,0,0.209302326,6750.0,15,0,1,0,0.0
87304,0,0.036497972000000004,89,0,19.0,,4,0,0,0,0.0
87307,0,0.008160703,37,0,0.454636341,4000.0,6,0,1,0,0.0
87308,0,0.218556289,31,0,0.41012719,4166.0,5,0,1,0,0.0
87309,1,0.045179522,50,2,0.34330590899999996,4010.0,16,0,2,0,0.0
87310,0,0.00062263,61,0,0.0,8140.0,12,0,0,0,0.0
87311,0,0.497309647,42,0,0.27324788699999997,11000.0,7,0,1,0,2.0
87312,0,0.663997002,35,0,0.22060336,5833.0,15,0,0,0,0.0
87313,0,0.011534025,23,0,0.161935226,2500.0,6,0,0,0,0.0
87314,0,0.0,51,0,0.193669304,2400.0,3,0,0,0,2.0
87316,0,0.647754365,36,0,0.510671759,13352.0,15,0,4,0,0.0
87317,0,0.0,72,1,0.142169245,12667.0,9,0,2,0,0.0
87318,0,0.148517175,58,1,0.21225587699999998,8550.0,14,0,1,0,0.0
87319,0,0.167660065,28,1,978.0,,9,0,0,0,1.0
87320,0,0.9999998999999999,55,0,0.0,,0,0,0,0,0.0
87322,0,0.322707372,44,0,0.7235378029999999,3504.0,6,0,1,0,0.0
87323,0,0.037495167999999995,52,0,0.24849059899999998,11593.0,7,0,1,0,0.0
87329,0,0.010745837,77,0,40.0,,11,0,0,0,0.0
87332,0,0.0,60,0,0.058376649,2500.0,6,0,0,0,0.0
87333,1,0.64250751,48,0,0.263262322,9575.0,13,1,1,0,0.0
87335,0,0.574183595,44,0,0.318739585,6600.0,6,0,1,0,2.0
87338,0,0.538690886,35,0,0.502056673,4375.0,7,0,1,0,0.0
87340,0,0.26853542,70,0,0.301347035,7200.0,7,0,1,0,0.0
87342,1,0.0239976,34,2,425.0,,8,0,0,0,0.0
87343,0,0.45910457600000004,48,0,0.178549028,4782.0,7,0,0,0,1.0
87344,0,0.26266989,68,0,0.141143543,2500.0,13,0,0,0,0.0
87345,0,0.30616633,60,1,0.469699405,6220.0,12,0,2,0,1.0
87346,0,0.024914047999999998,41,0,1615.0,,18,0,1,0,0.0
87347,0,0.002594454,94,0,0.000428449,2333.0,5,0,0,0,0.0
87348,0,0.019449028,85,0,0.15527439999999998,6085.0,5,0,1,0,0.0
87351,0,0.042707434,50,0,11.87649402,250.0,15,0,4,0,2.0
87352,0,0.007452064,67,0,0.179498657,11169.0,8,0,1,0,0.0
87353,0,0.423869101,53,0,1.327813775,4166.0,16,0,2,0,0.0
87354,0,0.59604032,39,0,0.594181164,3333.0,11,0,1,0,1.0
87356,0,0.000848433,48,0,0.33226198100000004,14000.0,10,0,3,0,1.0
87357,0,0.750883545,49,0,0.10429164699999999,6500.0,8,0,3,0,0.0
87358,0,0.075913504,39,0,54.0,,1,0,0,0,0.0
87360,0,0.144522667,30,0,0.20625950899999998,4600.0,16,0,0,0,0.0
87361,0,0.056108359000000003,72,0,947.0,,17,0,2,0,
87362,0,0.24038363199999999,83,0,0.08629364199999999,6558.0,10,0,0,0,0.0
87363,0,0.388974899,60,1,0.08744643699999999,6300.0,11,0,1,0,0.0
87364,0,0.043381535,60,0,0.412432563,12418.0,14,0,2,0,0.0
87365,0,0.050672057,59,0,0.37529995200000005,6250.0,16,0,1,0,0.0
87366,0,0.136845766,76,0,0.11220571,5988.0,8,0,1,0,1.0
87367,0,0.437574819,36,2,0.40244780399999996,4166.0,10,1,2,0,0.0
87368,0,0.027594063,49,0,0.519982492,29700.0,11,0,3,0,3.0
87369,0,0.040935044,67,0,0.010453595,11000.0,9,0,0,0,0.0
87370,0,0.606148028,45,1,0.88736135,6400.0,10,0,3,1,0.0
87371,0,0.032605073,30,0,0.205779899,7750.0,4,0,2,0,0.0
87372,0,0.0,52,0,0.17064146800000002,20000.0,9,0,2,0,3.0
87373,0,0.680149015,40,1,3949.0,,8,0,2,0,2.0
87374,0,0.497295338,40,0,0.407421639,18216.0,12,0,4,0,2.0
87375,0,0.8325192579999999,42,0,0.42663153600000003,4933.0,11,0,2,0,1.0
87377,1,1.302828619,42,2,0.146475587,6000.0,4,2,0,0,5.0
87378,0,0.26485293600000004,50,0,0.5265267379999999,9480.0,12,0,3,0,2.0
87381,0,0.021535147999999997,44,0,0.6035613870000001,3200.0,6,0,2,0,2.0
87382,0,0.470559385,61,0,0.551908015,6000.0,13,0,2,0,2.0
87383,0,0.019377527,60,1,0.25419882,6608.0,15,2,1,0,0.0
87386,0,0.49710641299999997,62,0,0.689127973,1765.0,8,0,0,0,0.0
87387,0,0.001650325,34,0,0.0,3500.0,4,0,0,0,0.0
87388,0,0.00675973,64,0,1230.0,,10,0,1,0,
87389,0,0.9999998999999999,29,0,0.0,,1,0,0,0,
87391,0,0.562208782,72,0,0.45422915399999997,8334.0,17,0,4,0,1.0
87392,0,0.002371983,58,0,1984.0,,5,0,1,0,0.0
87393,0,0.008223758000000001,64,0,1682.0,,19,1,1,0,0.0
87394,0,0.00795879,53,0,0.24302929,11368.0,10,0,1,0,1.0
87395,0,0.19752674899999997,42,0,0.31330548399999997,11250.0,8,0,2,0,2.0
87398,0,0.007801769,32,2,0.38424857700000004,6500.0,8,0,2,0,0.0
87399,0,0.216768127,38,0,0.229028783,6496.0,5,0,1,0,2.0
87400,0,0.115991715,32,0,0.1788813,5416.0,3,0,1,0,0.0
87401,0,0.261635998,36,0,0.145317337,5167.0,6,0,1,0,2.0
87402,0,0.31341344600000004,46,0,0.462553745,10000.0,10,0,2,0,2.0
87405,0,0.000590619,62,0,0.298042842,6488.0,9,0,2,0,1.0
87406,0,0.971503601,40,1,0.414267016,4583.0,13,0,0,0,2.0
87408,1,0.9999998999999999,39,0,0.288136949,12500.0,7,0,2,0,0.0
87409,0,0.010034608,55,0,881.0,,8,0,1,0,0.0
87410,0,1.219560878,25,1,0.26982012,1500.0,3,3,0,1,2.0
87411,0,0.541926971,44,0,0.47984197700000003,9871.0,10,0,3,0,2.0
87413,0,0.032512427999999996,69,0,2145.0,,8,0,1,0,0.0
87414,0,0.33555168799999996,66,0,0.263684143,7800.0,8,0,2,0,1.0
87415,0,0.231147149,52,0,0.648456841,6058.0,14,0,2,0,0.0
87416,0,0.8704071109999999,43,0,2.00159936,2500.0,7,0,1,0,0.0
87417,0,0.024919793,45,0,0.498416719,4736.0,16,0,2,0,4.0
87418,0,0.005027037,56,0,0.086040386,3416.0,6,0,0,0,0.0
87419,0,0.0,38,0,0.250082372,9104.0,6,0,1,0,4.0
87420,0,0.7341616670000001,46,0,0.43854678799999997,12000.0,13,0,3,0,2.0
87421,0,0.100060668,62,0,0.059538275,4114.0,4,0,0,0,0.0
87422,0,0.965304322,33,1,0.36776712799999994,5633.0,10,0,1,0,0.0
87424,0,0.00016560299999999998,54,0,4158.0,,16,0,3,0,0.0
87427,0,0.024940309,56,0,379.0,,9,0,0,0,1.0
87428,0,0.407039531,48,0,0.291163689,8283.0,12,0,2,0,0.0
87431,0,0.285104419,69,0,3434.0,,9,0,1,0,0.0
87432,0,0.061531965999999993,59,0,0.018596281,5000.0,15,0,0,0,0.0
87433,0,0.265535285,61,0,0.24571722699999998,13600.0,16,0,2,0,1.0
87434,0,0.79896853,50,1,0.19358770000000003,10666.0,6,0,2,0,2.0
87435,0,0.7003918840000001,49,0,0.865083252,4083.0,14,0,2,0,2.0
87436,0,0.059932334000000004,53,0,0.432702661,6500.0,4,0,1,0,3.0
87437,0,0.237664111,65,0,0.132657823,15000.0,17,0,1,0,0.0
87442,0,0.15812534,51,0,0.209440092,10465.0,10,0,1,0,0.0
87443,0,1.662944755,39,0,0.506264996,3750.0,5,0,1,0,2.0
87444,0,0.551307419,59,0,0.231554573,9500.0,8,0,3,0,0.0
87445,0,0.335009116,57,0,0.164077843,5600.0,6,0,1,0,0.0
87446,0,0.16825804,56,0,4051.0,,7,0,4,0,0.0
87447,0,0.018557523,51,0,0.015826739,2400.0,15,0,0,0,0.0
87448,0,0.768749627,48,0,0.574281764,6508.0,22,0,1,0,1.0
87449,0,0.071421865,51,0,0.10384394699999999,12200.0,8,0,1,0,2.0
87450,0,0.017259598,61,0,0.413597137,4750.0,8,0,1,0,0.0
87452,0,0.16837375,33,0,2926.0,,6,0,1,0,0.0
87453,0,0.000116401,75,0,0.0,7581.0,8,0,0,0,0.0
87460,0,0.21368375899999997,30,0,0.00992332,4433.0,6,0,0,0,0.0
87462,0,0.435150873,38,0,0.23642258800000002,3700.0,8,0,0,0,1.0
87463,0,0.12311288599999999,45,0,0.696121551,2500.0,8,0,1,0,1.0
87465,1,0.962006908,33,0,0.27757414199999997,3000.0,6,0,0,1,0.0
87466,0,0.08822925400000001,57,0,0.210419055,7850.0,14,0,1,0,0.0
87468,0,0.9999998999999999,54,0,3.0,,4,0,0,1,0.0
87469,0,0.083238335,50,0,0.07147509,12283.0,4,0,0,0,0.0
87470,0,0.444449816,56,0,0.305865245,8251.0,15,1,2,0,2.0
87471,0,0.037146772,53,0,0.196439725,3201.0,4,0,1,0,1.0
87472,0,0.111813248,44,0,0.19335250899999998,6257.0,9,0,0,0,2.0
87473,0,0.03659109,70,0,1.6810344830000001,1275.0,16,0,2,0,0.0
87474,0,0.6069540139999999,63,1,0.581044923,7100.0,22,0,1,0,1.0
87476,0,0.19526474800000002,32,0,0.19347319300000002,1286.0,6,0,0,0,2.0
87477,0,0.604028501,63,1,0.465795455,8799.0,11,0,1,0,0.0
87479,0,0.13764855199999998,57,0,1.087233076,2200.0,9,0,1,0,0.0
87480,0,0.625767081,31,0,0.634582911,2960.0,9,0,0,0,0.0
87481,0,0.035730951000000004,43,1,0.048607906,6500.0,3,0,0,0,0.0
87483,0,0.492970475,65,0,0.698806244,6533.0,14,0,3,0,0.0
87484,0,0.329788201,57,0,0.196341065,3060.0,5,0,0,0,0.0
87485,0,0.026612985,40,0,0.38132887299999996,6576.0,7,0,2,0,1.0
87486,0,0.0,86,0,0.002023706,3458.0,4,0,0,0,0.0
87487,0,0.08015330799999999,33,0,0.262267343,6500.0,6,0,2,0,0.0
87488,0,0.9999998999999999,73,0,887.0,,3,0,1,0,0.0
87489,0,0.300284716,51,0,0.22257934899999998,14933.0,16,0,1,0,1.0
87491,0,0.9821441329999999,47,1,0.795074559,4425.0,9,0,2,0,3.0
87493,0,0.545152869,39,0,0.123542014,4200.0,4,0,0,0,0.0
87494,1,0.542812768,47,0,0.706597613,4440.0,10,0,1,0,3.0
87495,0,0.596620169,39,0,0.47471367299999995,21216.0,6,0,2,0,3.0
87496,0,0.010792731000000002,39,1,0.45739396299999996,5233.0,11,0,1,0,1.0
87497,0,0.07574771799999999,45,1,2160.0,,11,0,2,0,0.0
87498,0,0.055924545,53,0,0.243170862,5600.0,7,0,1,0,2.0
87499,0,0.084658165,81,8,44.0,,2,1,0,1,0.0
87500,0,0.015767887,67,0,0.003839693,8333.0,4,0,0,0,0.0
87501,0,0.031530545,73,0,0.004850445,2473.0,2,0,0,0,0.0
87503,0,0.029010317,48,0,0.768705216,6000.0,11,0,3,0,1.0
87505,0,0.08238082299999999,43,0,0.18471792399999998,4200.0,7,0,1,0,0.0
87508,0,0.9999998999999999,48,0,0.416798315,3797.0,4,0,1,0,1.0
87509,0,0.0,52,0,0.159113629,6001.0,7,0,1,0,3.0
87511,0,0.7796546040000001,58,1,0.393414211,7500.0,10,0,1,0,0.0
87512,0,0.108123552,76,0,0.18338620100000003,5043.0,9,0,0,0,0.0
87513,0,0.36391605299999996,54,0,0.645784738,3000.0,12,0,3,1,1.0
87514,0,0.13459286199999998,43,0,0.282156461,6825.0,10,0,1,0,3.0
87516,0,0.027574922,37,0,2291.0,,9,0,1,0,2.0
87522,0,0.0,42,0,0.53543657,4500.0,8,0,2,0,0.0
87523,0,0.114307239,39,0,1751.0,,5,0,1,0,0.0
87524,0,0.40502586799999996,39,0,0.628711444,3468.0,10,0,1,0,2.0
87525,0,0.316020727,34,0,0.24134384600000003,2916.0,8,0,0,0,0.0
87527,0,0.0,76,0,38.0,,6,0,0,0,
87528,0,0.024388261,77,0,0.0013138689999999998,6849.0,7,0,0,0,0.0
87529,0,0.015998769,25,0,0.047384008,2025.0,15,0,0,0,0.0
87530,0,0.117508813,59,0,0.511741455,4300.0,9,0,1,0,1.0
87531,0,0.090676373,64,0,1268.0,,7,0,1,0,0.0
87533,0,0.499525559,44,4,1.5032679740000001,2600.0,11,0,2,0,2.0
87536,0,0.25383514,70,0,0.40730176799999995,5258.0,5,0,2,0,0.0
87538,0,0.531342151,45,0,0.272246822,7000.0,8,0,1,0,1.0
87539,0,0.0020083510000000002,78,0,0.0006835939999999999,10239.0,11,0,0,0,0.0
87540,0,0.9293757979999999,48,0,0.28879061699999997,5200.0,13,0,0,0,0.0
87541,0,0.07218374,40,0,0.23814406600000002,3900.0,9,0,1,0,1.0
87542,0,0.680674854,49,0,0.546060525,7500.0,11,0,2,0,0.0
87543,0,0.289182506,46,0,3133.0,,6,0,2,0,0.0
87544,0,0.062135067,64,0,0.640049648,2416.0,8,0,1,0,0.0
87546,0,0.038425214,76,0,0.015807204,3858.0,5,0,0,0,1.0
87547,0,0.9999998999999999,62,0,0.542275574,1915.0,4,0,1,0,0.0
87549,0,0.081433418,51,0,0.129259319,6250.0,21,1,1,0,0.0
87550,0,0.26929576,62,0,0.519328179,3750.0,16,0,1,0,3.0
87551,0,0.007247292,34,0,0.003764842,3452.0,6,0,0,0,0.0
87552,0,0.09583616699999999,72,0,0.073307035,6083.0,5,0,1,0,0.0
87553,0,0.17382617399999997,22,0,0.008319468,600.0,1,0,0,0,0.0
87554,1,0.9999998999999999,37,0,0.085646888,5510.0,2,0,0,0,1.0
87555,0,0.371525695,29,1,0.079660464,6125.0,4,0,0,0,0.0
87556,0,0.92358804,44,0,537.0,,5,0,0,0,2.0
87557,0,0.009354385,73,0,0.819781392,3750.0,40,0,1,0,1.0
87558,0,0.059094090999999994,54,0,0.00404772,4693.0,1,0,0,0,0.0
87559,0,0.8807213859999999,44,2,0.31286328,3956.0,10,0,0,0,2.0
87560,0,0.9999998999999999,24,0,716.0,,3,0,0,0,1.0
87563,0,0.087417696,38,1,0.61738867,3300.0,21,0,1,0,0.0
87565,0,0.38120966100000003,54,1,1.4870028880000001,4500.0,13,0,2,1,0.0
87566,0,0.445988901,59,0,0.836150845,6151.0,15,0,3,0,0.0
87567,0,0.38627533399999997,51,1,0.22355552899999998,16666.0,15,0,2,0,0.0
87568,0,0.001104159,76,0,513.0,,4,0,0,0,
87569,1,0.577753286,52,1,0.553194813,6400.0,10,0,1,1,0.0
87572,0,0.65885082,74,0,0.398346056,7859.0,9,0,2,0,1.0
87573,0,0.279614354,69,0,3034.0,,14,0,1,0,0.0
87574,0,0.9999998999999999,32,0,0.306815642,4474.0,5,0,1,0,0.0
87575,0,0.084858049,48,0,0.3443802,7090.0,10,0,1,0,0.0
87576,0,0.24041301399999998,45,0,0.438159879,9281.0,10,0,2,0,2.0
87577,0,0.009945677,81,0,10.0,,7,0,0,0,
87578,0,0.659144695,51,0,1.472531293,2875.0,9,0,6,0,2.0
87580,0,0.29503627600000004,52,0,1528.0,,7,0,1,0,1.0
87582,0,0.116870192,46,0,0.33526443699999997,5350.0,6,0,1,0,3.0
87583,0,0.0,25,0,0.500222124,2250.0,5,0,0,0,0.0
87585,0,0.009010741,67,0,0.600967802,5372.0,13,0,2,0,0.0
87586,0,0.06256717,54,0,1595.0,,4,0,1,0,0.0
87587,0,0.336987159,38,1,2.253006811,6900.0,10,1,0,0,0.0
87588,0,0.062120315999999995,39,0,0.35536995600000004,8500.0,7,0,1,0,0.0
87589,0,0.48016887,40,0,0.498136646,4829.0,6,0,2,1,2.0
87590,0,0.0,82,0,0.26784382,8041.0,5,0,1,0,1.0
87591,0,0.067814143,64,0,0.084435063,9000.0,5,0,0,0,0.0
87592,0,0.876279734,42,1,8021.0,,5,0,2,0,0.0
87593,1,0.013347263,52,0,0.005909389,3045.0,6,0,0,0,0.0
87595,0,0.849693846,56,0,0.952643873,4708.0,13,0,1,0,1.0
87596,0,0.923803018,35,0,4577.0,,13,0,2,0,0.0
87597,0,0.34443077200000005,51,0,0.769137548,4950.0,19,0,2,0,3.0
87598,1,0.995629103,47,0,0.9753374440000001,6000.0,7,0,3,0,1.0
87600,0,0.289177069,54,0,0.17045738600000002,4000.0,4,0,1,0,0.0
87602,0,0.01003273,60,0,0.41318152,4566.0,7,0,1,0,0.0
87603,0,0.027802855,66,1,0.355732885,16666.0,17,0,2,0,0.0
87605,0,0.9999998999999999,25,0,0.024314936000000002,2590.0,1,0,0,0,0.0
87606,0,0.259773829,59,0,1.314895035,3000.0,15,0,2,0,0.0
87607,0,0.80730897,46,1,0.17216262699999998,7550.0,4,3,1,0,1.0
87608,0,0.004068027,59,0,0.19665045899999997,11105.0,15,0,1,0,0.0
87609,0,0.04755735,45,0,0.25038821699999997,21250.0,5,0,1,0,3.0
87610,1,0.676082745,52,0,1405.0,,5,0,1,0,2.0
87611,0,0.0,68,1,0.106524805,7800.0,6,0,1,0,0.0
87612,0,0.996301876,42,2,0.083305565,3000.0,2,0,0,0,4.0
87613,0,0.9999998999999999,35,0,0.416444105,5241.0,3,0,1,1,2.0
87615,0,0.22593736,35,0,3520.0,,10,0,2,0,0.0
87616,1,0.9999998999999999,56,0,0.41651669700000005,5000.0,2,1,1,0,0.0
87618,0,0.0037665409999999996,47,0,0.228806705,13600.0,5,0,1,0,0.0
87619,0,0.252857805,40,1,0.451862603,6200.0,11,0,2,0,3.0
87620,0,0.085095745,63,0,0.381252186,2858.0,7,0,1,0,1.0
87621,0,0.21970157399999998,53,0,0.465221162,5764.0,10,0,2,0,2.0
87623,1,0.02527043,41,0,0.001032125,7750.0,5,0,0,0,2.0
87624,0,0.49518980100000004,46,0,0.131855309,2570.0,8,0,0,0,0.0
87625,0,0.244998717,66,0,0.133796781,10500.0,15,0,0,0,0.0
87626,0,0.38614033600000003,31,0,0.521304451,4200.0,7,0,1,0,1.0
87629,0,0.153183149,49,0,0.617504543,3301.0,15,0,2,0,0.0
87630,0,0.037004511000000004,54,1,0.007917174,3283.0,5,0,0,0,0.0
87632,0,0.002222099,39,0,3379.0,,7,0,2,0,0.0
87633,0,0.156053116,46,0,0.14110376800000002,11650.0,6,0,1,0,1.0
87634,0,0.290850163,35,0,0.300574346,4700.0,12,0,0,0,0.0
87635,0,0.176488969,57,0,0.50499898,4900.0,10,0,1,0,0.0
87636,0,0.9999998999999999,37,0,0.6271593089999999,2083.0,3,0,1,0,4.0
87637,0,0.528811823,44,1,0.173230064,9166.0,6,0,0,0,2.0
87638,0,0.307175501,54,0,0.29405950399999997,10116.0,9,0,1,0,1.0
87642,0,0.990033223,40,0,1.676789588,1382.0,2,1,1,1,2.0
87648,0,0.210157598,34,0,0.421465969,4583.0,13,0,2,0,0.0
87649,0,0.0,75,0,0.11775058,12500.0,7,0,1,0,0.0
87650,0,0.9999998999999999,43,0,0.032086577000000005,5266.0,4,0,0,0,3.0
87651,0,0.41952732600000003,36,0,2.82596291,700.0,8,0,1,0,0.0
87652,0,0.026945657,44,0,0.136213841,2730.0,7,0,0,0,0.0
87653,0,0.029150926,59,0,0.303199405,2687.0,8,0,0,0,0.0
87654,0,0.0,64,0,0.296106557,3903.0,12,0,0,0,0.0
87658,0,0.306284839,56,1,0.24418779100000002,6666.0,10,0,0,0,0.0
87660,0,0.0,68,0,0.0,1313.0,3,0,0,0,0.0
87663,0,0.328135033,54,0,0.321790949,6208.0,14,0,1,0,2.0
87664,0,0.96946845,61,2,0.363421747,7200.0,14,0,0,1,0.0
87665,0,0.9999998999999999,49,0,0.39162959999999997,4945.0,4,0,2,0,0.0
87666,0,0.0,56,0,2427.0,,10,0,3,0,0.0
87667,0,0.00551989,93,1,63.0,,6,0,0,0,0.0
87671,0,0.054332201,40,0,0.24883359300000002,4500.0,6,0,1,0,2.0
87672,0,0.107691106,41,0,0.412082147,6670.0,9,0,1,0,1.0
87673,0,0.710415995,55,1,0.18592563,2500.0,14,0,0,1,0.0
87674,0,0.01100279,67,0,9.0,,4,0,0,0,0.0
87675,0,0.047145507999999996,91,0,0.048664612,7787.0,9,0,0,0,0.0
87676,0,0.141115245,63,0,3717.0,,9,0,2,0,0.0
87678,0,0.022577276,48,0,0.29754570199999997,9900.0,9,0,3,0,4.0
87679,0,0.330834583,34,2,0.174767322,2900.0,4,1,0,0,0.0
87680,0,0.104839525,48,0,0.309005985,6850.0,7,0,1,0,2.0
87686,0,0.0,93,0,0.0,4000.0,4,0,0,0,0.0
87687,0,0.0096068,50,0,0.14446281,6049.0,8,0,2,0,1.0
87688,0,0.014686166,77,0,0.12496875800000001,4000.0,12,0,0,0,0.0
87689,0,0.055593067999999995,66,0,0.101979604,5000.0,5,0,0,0,0.0
87690,0,0.199214311,35,0,0.317800393,5600.0,10,0,1,0,3.0
87693,0,0.034536466,65,0,0.569215392,2000.0,8,0,1,0,0.0
87694,0,0.077146143,61,0,0.5033171160000001,2260.0,6,0,1,0,0.0
87695,0,0.033514437,75,0,0.044164213,18000.0,10,0,1,0,0.0
87696,0,0.185800546,36,0,0.358554489,1770.0,6,0,0,0,0.0
87697,0,0.477554166,46,0,0.309731753,9617.0,16,0,2,0,0.0
87698,0,0.9846010270000001,66,1,0.699693217,8800.0,5,0,3,0,1.0
87699,0,88.0,57,0,90.0,,3,0,0,0,0.0
87701,0,0.205501679,84,0,0.279392338,3027.0,11,0,1,0,0.0
87703,0,0.001119955,83,0,0.0,4000.0,1,0,0,0,0.0
87705,0,0.565349975,53,0,1828.0,,9,0,1,0,0.0
87707,0,0.005583101,52,0,0.824717528,10000.0,11,0,5,0,2.0
87709,0,0.087104659,35,0,0.11235505800000001,2500.0,8,0,0,0,0.0
87710,0,0.064615646,53,0,0.498970891,3400.0,9,0,2,0,0.0
87711,0,0.262466717,56,0,0.529398539,8894.0,7,0,2,0,2.0
87713,0,0.103635672,43,0,0.21536264100000002,6300.0,8,0,0,0,2.0
87715,0,0.072951792,47,1,0.599812559,3200.0,9,0,1,0,0.0
87716,0,0.068736347,43,0,0.182925266,7800.0,3,0,1,0,2.0
87717,0,0.006043586,67,0,0.158670841,9900.0,16,0,1,0,0.0
87718,0,0.529216848,64,0,4235.0,,21,0,1,0,1.0
87720,0,0.106813092,40,0,4122.0,,10,0,2,0,0.0
87723,1,0.731926807,31,2,0.222364422,6250.0,4,4,0,1,0.0
87724,0,0.9999998999999999,58,1,0.5916996729999999,5806.0,7,0,1,0,2.0
87725,0,0.071278315,52,0,0.33323815,3501.0,8,0,1,0,1.0
87729,0,0.061482549000000004,64,0,0.327253542,6633.0,6,0,1,0,1.0
87731,0,0.058235299000000004,64,0,0.206494588,1200.0,20,0,0,0,0.0
87732,0,0.202159568,70,0,1125.0,,10,0,1,0,0.0
87733,0,0.037299588,69,0,73.0,,6,0,0,0,0.0
87734,0,0.7381253190000001,59,2,1.0013413,8200.0,14,0,4,0,1.0
87736,0,0.0,51,0,0.25974026,1000.0,5,0,0,0,3.0
87739,0,0.548735875,35,2,0.258295142,5454.0,10,0,2,0,1.0
87740,0,0.93322277,52,1,0.372442184,8258.0,3,0,1,0,3.0
87741,0,0.272163798,44,0,0.34803968799999996,10380.0,8,0,2,0,0.0
87742,0,42.0,38,0,0.219468025,17669.0,7,0,2,0,2.0
87744,0,0.775911204,50,0,1295.0,,4,0,1,0,0.0
87745,0,0.075790985,86,0,0.014661779,3000.0,6,0,0,0,0.0
87747,0,0.077131053,59,0,0.166100736,3533.0,13,0,1,0,1.0
87748,0,0.22316421,47,0,0.318517186,5556.0,5,0,0,0,0.0
87749,0,0.486941103,62,0,0.466087845,9789.0,11,0,2,0,0.0
87750,0,0.189405297,43,0,0.118820921,7666.0,8,0,0,0,1.0
87751,0,0.120554965,44,4,0.214666667,7499.0,10,0,1,0,2.0
87753,1,0.857834449,46,1,0.584051994,8000.0,9,0,2,0,3.0
87754,0,0.44482901,60,0,0.289844228,14700.0,13,0,1,0,1.0
87755,0,0.9610844140000001,50,0,0.311911465,10300.0,8,0,0,0,1.0
87757,0,0.043805869000000004,61,0,1867.0,,7,0,2,0,0.0
87759,0,0.9999998999999999,26,0,34.0,,1,0,0,0,0.0
87762,0,0.012328297,72,0,0.111445783,3651.0,8,0,1,0,0.0
87763,0,0.11537545800000001,50,0,794.0,,6,0,2,0,3.0
87765,0,0.053157874,84,0,39.0,,4,0,0,0,0.0
87767,0,0.156034792,58,0,0.42442481299999996,10300.0,6,0,1,0,1.0
87768,1,0.001887271,64,1,656.0,,8,0,0,0,0.0
87771,0,0.022001312000000002,63,0,0.86478542,1700.0,7,0,1,0,0.0
87775,0,0.026563175,52,0,1.2358820590000001,2000.0,27,0,2,0,1.0
87776,0,0.248980027,48,0,0.336696631,16352.0,12,0,3,0,1.0
87779,0,0.0,77,0,0.0,4200.0,13,0,0,0,0.0
87780,0,0.48994539600000003,54,0,0.246198709,4800.0,6,0,0,0,0.0
87781,0,0.231212442,54,1,0.623580227,6250.0,17,0,2,0,1.0
87782,0,0.262703613,67,0,0.176827094,2804.0,7,0,1,0,0.0
87784,0,0.501305483,53,0,270.0,,2,1,0,0,0.0
87785,0,0.072094315,24,0,0.130703508,5500.0,6,0,0,0,0.0
87788,0,0.063464561,54,1,1.140964759,4000.0,27,0,4,1,0.0
87789,0,0.0,50,0,0.112699122,6716.0,5,0,0,0,1.0
87790,0,0.9999998999999999,37,0,1.041949778,3384.0,5,0,2,0,2.0
87791,0,0.21684705,63,0,0.054393939,6599.0,4,0,0,0,0.0
87792,0,0.35743186600000004,65,0,0.769152196,4894.0,16,0,1,0,0.0
87794,0,0.9999998999999999,58,0,0.072501633,1530.0,1,0,0,0,0.0
87795,0,0.564343948,44,1,0.137375906,3726.0,7,0,0,0,3.0
87796,0,0.256022006,57,0,0.201681424,11180.0,12,0,2,0,1.0
87798,0,0.315712035,61,0,0.576123194,6298.0,13,0,2,0,0.0
87799,0,0.072074603,39,0,2.027289266,3297.0,18,0,3,0,4.0
87800,0,0.550397693,57,0,0.335155313,7500.0,9,0,0,0,0.0
87803,0,0.036862815,78,0,0.10435326,4800.0,7,0,0,0,0.0
87804,0,0.0,44,0,348.0,,3,1,0,0,0.0
87805,0,0.127408133,55,0,0.012470509,8900.0,8,0,0,0,1.0
87806,0,0.05821325,69,0,0.23701083399999998,9045.0,14,0,1,0,0.0
87807,0,0.053813857,47,0,0.336878466,11000.0,14,0,2,0,3.0
87808,0,0.07754113900000001,44,0,2297.0,,10,0,2,0,0.0
87811,0,0.84026452,38,0,0.7137535540000001,10200.0,12,0,3,0,0.0
87812,0,0.9999998999999999,45,0,0.06348941799999999,6000.0,2,1,0,1,0.0
87813,0,0.010852872,56,0,809.0,,6,0,1,0,0.0
87814,0,0.021310335,54,0,0.111814698,6000.0,10,0,1,0,5.0
87815,0,0.021433367999999998,51,0,0.36489863899999997,3600.0,10,0,1,0,2.0
87817,0,0.9999998999999999,34,0,0.0,1900.0,0,0,0,0,0.0
87818,0,0.109295583,41,0,0.281120145,11069.0,6,0,2,0,0.0
87822,0,0.9999998999999999,22,0,0.20189274399999999,950.0,1,0,0,0,0.0
87823,0,0.780788899,62,0,0.334572491,7800.0,6,0,2,0,0.0
87825,0,0.014480985,78,0,0.003144036,10177.0,7,0,0,0,0.0
87826,0,0.9390609390000001,22,0,0.017489069,1600.0,1,0,0,0,1.0
87828,0,0.045263649,70,0,0.009713361,10500.0,7,0,0,0,0.0
87829,0,0.176845406,56,0,0.282535075,6200.0,8,0,1,0,3.0
87830,0,0.02685984,54,0,677.0,,6,0,1,0,0.0
87832,0,0.003144908,37,0,0.245638137,7278.0,4,0,2,0,0.0
87834,0,0.21675324699999998,52,0,0.401846088,9316.0,21,0,2,0,2.0
87839,0,1.465116279,57,1,13.0,,1,0,0,0,0.0
87840,0,0.556301464,53,1,0.710153148,5288.0,16,0,2,0,2.0
87841,0,0.47752827,73,0,1.170651818,3052.0,29,0,2,0,0.0
87842,0,0.224071935,50,0,0.31299639,2769.0,9,0,1,0,0.0
87843,0,0.034932039,49,0,0.016671976,9416.0,9,0,0,0,7.0
87845,0,0.00943691,46,0,0.36413386700000006,4750.0,7,0,1,0,0.0
87846,0,0.05704331,45,0,0.290754258,9863.0,15,0,4,0,2.0
87847,0,0.06772908400000001,52,2,0.540129327,2628.0,6,0,1,1,1.0
87850,1,0.858621295,43,0,204.0,,1,0,0,1,3.0
87851,0,0.392221992,34,0,0.056314562,3000.0,3,0,0,0,0.0
87854,0,0.036831799,28,0,0.006239501,4166.0,3,0,0,0,0.0
87856,0,0.0,52,2,0.48296229,2200.0,5,0,0,0,0.0
87858,0,0.722296057,42,1,0.338706723,10917.0,12,0,1,0,0.0
87859,0,0.33781307299999996,46,1,0.227529998,8833.0,9,0,1,1,1.0
87861,0,0.018946085,69,0,0.17590977800000002,8600.0,12,0,1,0,0.0
87862,0,0.914214482,58,0,4126.0,,10,0,2,0,0.0
87863,0,0.987076588,40,0,0.268760908,5729.0,11,0,0,0,0.0
87865,0,0.045521642,45,0,0.20501034199999998,4350.0,12,0,0,0,1.0
87866,0,0.029994108,74,1,0.417942129,8950.0,25,0,2,0,0.0
87867,0,0.016679437,77,0,0.114779006,7239.0,14,0,1,0,0.0
87875,0,0.189900459,48,0,0.37258476100000004,5485.0,3,0,1,0,4.0
87876,0,0.9999998999999999,64,1,65.0,,4,0,0,0,0.0
87877,0,0.522914039,67,0,0.49111867,5291.0,12,0,2,0,0.0
87878,0,0.33533331,49,0,0.465294885,6900.0,17,0,2,0,0.0
87880,0,0.059197162000000005,55,0,1304.0,,11,0,1,0,0.0
87881,0,0.235844622,58,0,0.882966585,6134.0,17,0,4,0,0.0
87884,0,0.9999998999999999,23,0,0.0,1564.0,1,0,0,0,0.0
87885,0,0.272036835,35,1,0.84871745,10291.0,8,0,5,0,0.0
87886,0,0.017349133,57,0,1775.0,,12,0,1,0,
87887,0,0.5600652389999999,44,0,0.118126965,23533.0,11,0,0,0,0.0
87889,0,0.584290393,61,3,0.939062128,4200.0,19,1,3,0,0.0
87891,0,0.201725469,78,0,0.359285065,3300.0,11,0,0,0,1.0
87892,1,0.562347588,61,0,0.51210842,4500.0,12,0,2,0,0.0
87895,0,0.216861571,76,0,0.425714857,5000.0,16,0,2,0,1.0
87896,0,0.044103409,55,0,1348.0,,10,0,1,0,0.0
87897,0,0.531080364,33,0,0.16243232,2400.0,5,0,0,0,3.0
87901,0,0.04419644,78,0,52.0,,4,0,0,0,
87903,0,0.005713878,47,0,0.183705754,5056.0,11,0,1,0,0.0
87904,0,0.031978274,59,0,0.19843597300000002,4091.0,8,0,1,0,0.0
87906,0,0.9999998999999999,57,0,737.0,,2,0,1,0,
87907,0,0.06878109,65,0,0.041591682000000005,5000.0,6,0,0,1,0.0
87908,0,0.000988103,50,0,0.657955419,1300.0,9,0,0,0,1.0
87909,0,0.009828491,82,0,0.124115948,10038.0,10,0,1,0,0.0
87910,0,0.06606785700000001,64,0,60.0,,5,0,0,0,0.0
87911,0,0.065658791,42,0,0.35789774399999996,3500.0,7,0,2,0,0.0
87912,0,0.0,43,0,0.528038152,6080.0,8,0,2,0,2.0
87913,0,0.047150300000000006,39,0,0.306734663,6666.0,12,0,2,0,3.0
87915,0,0.15109785,65,0,99.0,,2,0,0,0,0.0
87916,0,0.288634024,37,0,0.019326891000000002,3000.0,3,0,0,0,0.0
87917,0,0.0,63,0,0.243438762,5943.0,7,0,1,0,1.0
87918,0,0.010998331,38,0,0.5493681429999999,7200.0,13,0,2,0,0.0
87919,0,0.9999998999999999,28,98,0.0,,0,98,0,98,0.0
87920,0,0.286434116,46,0,1645.0,,11,0,1,0,0.0
87921,0,0.009761573,50,0,0.22458083399999998,6500.0,6,0,1,0,0.0
87923,0,0.45998551200000004,51,0,2620.0,,14,0,1,0,1.0
87925,0,0.16482707900000002,55,0,0.07455784,16000.0,5,0,1,0,0.0
87926,0,0.008161027,72,0,7.0,,3,0,0,0,0.0
87928,0,0.15859546900000002,75,0,0.653981336,8250.0,5,0,2,0,0.0
87930,0,0.603048715,54,0,0.315072781,19166.0,7,0,2,0,2.0
87931,0,0.474009645,53,1,0.503973299,6291.0,16,1,1,0,0.0
87932,0,0.1022856,59,4,0.25440262399999997,11583.0,10,0,2,0,0.0
87934,1,0.7745009070000001,48,0,0.39514152,8973.0,11,1,2,0,0.0
87935,0,0.0,68,0,798.0,,4,0,1,0,0.0
87936,0,0.057272067999999995,58,0,0.496936472,3100.0,13,0,1,0,1.0
87938,0,0.116737335,47,0,2250.0,,9,0,2,0,0.0
87939,0,0.20865838899999997,52,0,1933.0,,8,0,1,0,0.0
87940,1,0.177817425,45,0,0.672944131,11150.0,7,0,6,0,3.0
87942,0,0.004672112,61,0,0.000604717,4960.0,12,0,0,0,1.0
87943,0,0.035106705,80,0,0.007664112,3000.0,3,0,0,0,0.0
87944,1,0.752428795,33,0,0.473365022,6100.0,11,0,2,0,0.0
87945,0,0.403857481,64,0,0.058929405,15000.0,7,0,0,0,1.0
87946,0,0.35098423100000004,48,0,0.47284708,4400.0,18,0,2,0,2.0
87947,0,0.529589104,53,0,3221.0,,18,0,1,0,0.0
87949,0,0.9999998999999999,70,0,0.199450137,4000.0,3,0,2,0,0.0
87950,0,0.097089095,61,0,0.068640892,10940.0,9,0,0,0,1.0
87951,1,0.017009958999999998,48,0,9822.0,,16,0,7,0,0.0
87954,0,0.019686642,63,0,0.0119985,8000.0,8,0,0,0,0.0
87955,1,0.16994019,45,2,3601.0,0.0,16,0,1,0,3.0
87956,0,0.091060846,52,0,0.322939313,16098.0,9,0,1,0,1.0
87957,0,0.9999998999999999,39,0,0.262956174,6000.0,5,0,2,0,2.0
87958,0,0.090763695,26,0,0.22596754100000002,800.0,2,0,0,0,0.0
87959,1,0.9999998999999999,35,0,0.21573604100000002,1575.0,2,2,0,0,2.0
87962,0,0.309115147,50,0,1.423827687,4456.0,13,0,2,0,0.0
87965,0,0.15239238,46,0,0.327177732,11100.0,6,0,2,0,3.0
87966,1,0.411451004,37,0,0.504233302,2125.0,5,0,1,0,0.0
87967,0,0.312496728,63,0,0.33868230200000005,6480.0,20,0,2,0,0.0
87968,0,0.059529365,63,0,0.761408083,2300.0,8,0,1,0,1.0
87969,0,0.457708458,49,0,0.28717591,8600.0,6,0,4,0,0.0
87970,1,0.964553511,30,1,753.0,,6,0,0,1,0.0
87974,0,0.176494275,62,0,1106.0,,6,0,1,0,0.0
87975,0,0.301796825,86,0,0.748560461,2083.0,20,0,0,0,0.0
87979,0,0.047047648,64,0,2022.0,,2,0,1,0,0.0
87980,0,0.072925693,54,0,0.491855094,8225.0,10,0,1,0,0.0
87981,0,0.184269508,47,0,160.0,,4,0,0,0,0.0
87982,0,0.009237802,66,0,0.334547532,14000.0,14,0,2,0,0.0
87984,0,0.465800595,49,0,0.420614518,8168.0,13,0,3,0,0.0
87985,0,0.09256877300000001,34,0,0.313927044,10992.0,8,0,3,0,0.0
87987,0,0.0,46,1,3249.0,,11,0,3,0,0.0
87988,0,0.085742855,31,0,0.007081858000000001,4800.0,4,0,0,0,1.0
87991,0,0.10467319900000001,72,0,76.0,,5,0,0,0,0.0
87992,0,0.212215077,64,0,0.369761334,8756.0,4,0,1,0,0.0
87995,0,0.030639724,29,0,1.083056478,1504.0,16,0,1,0,0.0
87996,1,1.0399857190000001,23,0,0.03978935,3417.0,5,0,0,0,1.0
87997,0,0.10218518800000001,63,0,1720.0,,6,0,2,0,0.0
88001,0,0.086591341,50,0,25.0,,2,0,0,0,0.0
88003,0,0.0012608419999999999,58,0,0.10548242,6000.0,6,0,1,0,0.0
88004,0,0.483694074,40,0,0.181127549,2500.0,7,0,0,0,2.0
88006,0,0.025371666,74,0,0.0038512620000000003,7529.0,5,0,0,0,0.0
88007,0,0.486650356,27,0,137.0,,2,0,0,0,0.0
88008,0,0.003642607,52,0,0.34229543,9409.0,7,0,2,0,2.0
88010,0,1.0592471620000001,50,2,0.319691451,14000.0,7,0,1,0,3.0
88012,0,0.155187524,29,0,0.8173739170000001,4500.0,11,0,1,0,0.0
88013,0,0.008699825999999999,42,0,0.243694362,10783.0,8,0,1,0,2.0
88014,0,0.002159574,77,0,25.0,,10,0,0,0,0.0
88015,0,0.659721314,28,0,0.153369326,5000.0,10,0,0,0,0.0
88016,0,0.017931568999999998,61,0,0.095180964,5000.0,13,0,0,0,0.0
88019,0,0.00240096,80,0,2.0,,8,0,0,0,
88020,0,0.045921275,46,0,0.060871195999999995,16000.0,19,0,1,0,0.0
88024,0,0.25974805,42,1,0.027710327000000003,7000.0,2,1,0,1,2.0
88025,0,0.013019147,63,0,0.172675192,17280.0,16,0,2,0,0.0
88026,0,0.439468609,43,0,0.513499206,5666.0,17,0,1,0,1.0
88028,1,0.769220036,47,1,0.6482746229999999,5563.0,13,0,2,1,2.0
88030,0,0.02997359,74,0,379.0,,6,0,0,0,
88032,1,0.9633945079999999,48,2,4519.0,,9,0,2,0,1.0
88033,0,0.180454886,67,0,0.531387445,2500.0,10,0,2,0,0.0
88039,0,0.572114263,49,0,0.306469353,10000.0,7,0,1,0,0.0
88040,0,0.072778335,36,0,0.374282733,3833.0,11,0,1,0,0.0
88041,0,0.724271335,53,0,0.619310551,6700.0,10,0,1,0,2.0
88043,0,0.177590776,32,0,597.0,,8,0,0,0,0.0
88048,0,0.9999998999999999,43,1,0.242450959,4536.0,6,2,1,2,1.0
88050,0,0.39607829200000005,42,0,0.537661645,7500.0,9,0,2,0,0.0
88051,0,0.135434958,60,0,0.26670933199999997,25000.0,21,0,3,0,1.0
88052,0,0.041881146,67,0,70.0,,4,0,0,0,0.0
88053,0,1.07846077,28,0,0.149266992,2250.0,2,0,0,0,0.0
88055,0,0.029859397000000003,60,0,1956.0,,13,0,1,0,0.0
88056,0,0.0,37,0,0.18424210100000002,7500.0,9,0,2,0,0.0
88059,0,0.058496478,46,1,0.432875975,3716.0,14,0,1,0,0.0
88060,0,0.589089793,35,0,0.421426619,3658.0,6,0,0,0,1.0
88061,0,0.124987501,26,1,0.088906624,6264.0,4,0,0,0,0.0
88062,0,0.9315845770000001,50,0,0.616807777,6377.0,13,0,2,0,4.0
88063,0,0.5664380489999999,33,1,0.055567249000000006,4750.0,4,0,0,0,2.0
88064,0,0.595939702,44,0,0.329734732,6483.0,4,0,1,0,1.0
88066,0,0.066410371,51,0,0.567677682,6626.0,13,0,3,0,4.0
88070,0,0.9999998999999999,57,0,0.248280275,6250.0,7,0,1,0,1.0
88071,0,0.050480185999999996,47,0,0.380298066,9460.0,11,0,1,0,3.0
88072,0,0.014376669,67,0,0.725933719,1900.0,11,0,1,0,1.0
88073,0,0.070362808,55,0,0.353791953,5392.0,9,0,2,0,0.0
88074,0,0.036310231,50,0,0.5146925170000001,3300.0,6,0,1,0,0.0
88076,0,0.9999998999999999,88,0,0.265058795,8333.0,2,0,2,0,0.0
88078,0,0.9999998999999999,28,98,0.0,500.0,0,98,0,98,0.0
88080,0,0.15916739400000002,70,0,0.133961725,3500.0,9,0,0,0,0.0
88081,0,0.476170538,56,2,0.148342583,6666.0,17,0,0,0,1.0
88082,0,0.40176577,24,0,0.82745098,764.0,4,0,0,0,0.0
88083,0,0.0,49,0,0.41574182200000004,6847.0,6,0,2,0,3.0
88084,0,0.38491344299999997,33,0,0.229027277,3885.0,10,0,0,0,0.0
88085,0,0.736452709,63,0,0.24750100000000003,2500.0,3,0,0,0,0.0
88087,0,0.49795257600000004,47,0,0.149895725,3835.0,4,0,0,0,1.0
88089,0,0.45338017799999997,33,0,0.671923209,2916.0,8,0,1,0,1.0
88090,0,0.37404014700000005,50,0,0.068466561,17000.0,7,0,0,0,3.0
88091,0,0.049955593,63,0,436.0,,8,0,0,0,0.0
88092,0,0.0,41,0,3372.0,,8,0,1,0,0.0
88093,0,0.0060813840000000004,73,0,0.006822727,8500.0,3,0,0,0,1.0
88094,1,0.0,84,0,0.158381899,2916.0,9,0,1,0,0.0
88095,0,0.411446631,45,0,0.373078581,6960.0,10,0,2,0,0.0
88096,0,0.176764647,51,0,0.335958005,5333.0,2,0,1,0,0.0
88098,0,0.158227342,54,0,539.0,,3,0,0,0,0.0
88099,0,0.604420399,67,0,0.113520997,6500.0,6,0,0,0,0.0
88101,0,1.065946703,60,0,0.77870274,5765.0,11,0,2,0,0.0
88102,0,0.23916489800000001,50,0,0.299088012,9100.0,7,0,1,0,0.0
88103,0,0.036828589,53,1,0.386847195,4652.0,10,0,1,0,1.0
88104,1,0.14442264900000001,45,0,0.441993824,6800.0,10,1,2,1,3.0
88108,0,0.206979302,58,0,2328.0,,8,0,2,0,0.0
88109,0,0.21999333399999998,55,0,0.227877212,10000.0,4,0,1,0,0.0
88110,0,0.037408743,57,1,3849.0,,9,0,2,0,0.0
88111,0,0.161383524,47,0,2080.0,,10,0,1,0,0.0
88112,0,0.049232135,52,0,0.37983695,8708.0,21,0,1,0,1.0
88113,0,0.22832572199999998,60,0,0.18284260300000002,2750.0,10,0,0,0,0.0
88114,0,0.00095418,79,0,0.373872026,4875.0,11,0,3,0,0.0
88115,0,0.24526348899999997,45,0,0.336573512,6583.0,18,0,2,0,1.0
88117,0,0.426759459,62,0,2209.0,,7,0,1,0,
88120,0,0.455345437,44,0,0.640413962,5700.0,8,0,2,0,3.0
88121,0,0.23046840300000002,37,0,0.344731054,5000.0,7,0,1,0,1.0
88122,0,0.0,80,0,1795.0,,4,0,1,0,0.0
88123,0,0.022246963999999998,69,0,0.187394295,8868.0,10,0,1,0,0.0
88126,0,0.9999998999999999,37,0,0.261244889,2200.0,4,0,1,0,0.0
88127,0,0.158936765,46,0,0.194805195,8700.0,11,0,2,0,1.0
88128,0,0.039527995,75,1,0.049709551,10500.0,24,0,1,0,0.0
88129,0,5.11e-05,70,0,0.0,1879.0,8,0,0,0,0.0
88131,0,0.8043094479999999,51,0,3099.0,,10,0,1,0,3.0
88133,0,0.020216293,54,0,11.0,,4,0,0,0,0.0
88134,1,0.573685263,34,0,0.36040989799999995,4000.0,5,0,2,0,0.0
88135,0,0.074430852,81,0,0.080669145,5379.0,5,0,1,0,1.0
88136,0,0.136698942,58,0,0.17930129399999997,16000.0,16,0,2,0,0.0
88139,0,0.086662222,36,0,0.054638589,10541.0,6,0,0,0,0.0
88140,0,0.6005073870000001,61,0,0.170176298,4083.0,6,0,0,0,0.0
88141,0,0.07730657,48,0,0.43160288,7916.0,19,0,1,0,2.0
88142,0,0.132782296,34,0,544.0,,2,0,0,0,
88143,0,0.9999998999999999,81,0,0.0,,1,0,0,0,0.0
88144,0,0.139788827,53,0,0.46354073799999995,5608.0,9,0,1,0,1.0
88145,0,0.38824770299999994,59,0,2112.0,,9,0,1,0,0.0
88147,0,0.044811566,59,0,0.277948215,8148.0,6,0,2,0,1.0
88149,0,0.09705466800000001,51,0,0.7070732959999999,3901.0,10,0,2,0,2.0
88150,0,0.9999998999999999,24,0,0.0,0.0,2,0,0,0,0.0
88152,1,0.88006663,31,3,0.104176498,8475.0,9,0,0,2,0.0
88153,1,0.035458478,33,3,0.296351824,2000.0,10,0,0,1,0.0
88154,0,0.38552154,25,0,0.125642674,3111.0,8,0,0,0,0.0
88155,0,0.798378912,45,0,0.678045993,7000.0,11,0,1,0,2.0
88159,0,0.921981265,42,0,0.31228070199999997,7409.0,12,0,0,0,1.0
88160,0,0.039159902999999996,58,0,0.613795402,3000.0,5,0,1,0,0.0
88161,0,0.01171414,61,0,0.155307112,14847.0,5,0,1,0,1.0
88164,0,0.9999998999999999,44,0,0.326556766,17166.0,8,0,3,0,0.0
88165,0,0.14782554,65,0,3478.0,,11,0,3,0,0.0
88168,0,0.039724939,48,1,1522.0,,10,0,2,0,0.0
88169,0,0.345604312,46,0,0.6018817989999999,3400.0,15,0,1,0,2.0
88171,0,0.796384731,58,0,0.31993045,4600.0,8,0,1,0,0.0
88172,0,0.550096138,49,0,0.146324739,14583.0,16,0,0,0,0.0
88173,0,0.198132235,56,0,0.370214959,13583.0,9,0,2,0,2.0
88174,0,0.21906965,55,0,0.356887299,5589.0,19,0,2,0,1.0
88176,0,0.482429575,63,0,0.075350415,11200.0,5,0,0,0,0.0
88177,0,0.162926444,64,0,1130.0,,8,0,0,0,0.0
88179,0,0.0,70,0,0.32748877,6900.0,4,0,1,0,1.0
88180,0,0.148173089,41,0,0.11700913199999999,14015.0,8,0,2,0,1.0
88181,0,0.036224137999999996,44,0,1584.0,,6,0,1,0,
88182,0,0.0,51,0,0.20205699600000002,14000.0,8,0,2,0,4.0
88184,0,0.005916408000000001,60,0,0.0023790639999999997,3782.0,3,0,0,0,0.0
88185,0,0.830452792,36,1,0.248677249,1700.0,7,0,0,0,0.0
88186,0,0.0,48,0,0.609216835,3753.0,5,0,1,0,0.0
88189,0,0.127535664,50,0,0.384076287,8703.0,10,0,1,0,0.0
88190,1,0.041555043,54,1,0.13476742,5438.0,8,0,1,2,0.0
88192,0,0.8833895759999999,77,1,1.992015968,500.0,4,0,1,2,0.0
88193,0,0.049361313,44,0,0.379393146,4580.0,9,0,2,0,0.0
88194,0,0.716197338,36,0,0.700562527,2310.0,7,0,0,0,0.0
88197,0,0.493089337,61,5,0.802884615,1247.0,11,0,1,2,0.0
88198,0,0.60319066,54,2,0.18048044300000002,7950.0,9,0,0,0,1.0
88199,0,0.020089799,39,0,0.50584883,6667.0,11,0,2,0,0.0
88200,1,1.001297796,53,1,1.241515255,5833.0,13,0,3,0,1.0
88201,0,0.38264347600000004,30,0,0.155756208,3100.0,6,0,0,0,0.0
88202,0,0.033218411,71,0,0.038263848999999996,1750.0,6,0,0,0,0.0
88204,0,0.504608658,53,0,0.36406032899999996,10077.0,10,0,1,0,2.0
88205,0,0.075010265,82,0,0.375446574,6157.0,21,0,3,0,1.0
88206,0,1.143403329,26,0,1068.0,,5,0,0,0,0.0
88207,0,0.220845094,70,0,0.091779159,14000.0,20,0,0,0,0.0
88208,0,0.070492951,29,0,0.010494753,2000.0,2,0,0,0,0.0
88210,0,0.0,43,1,0.310805927,8300.0,7,0,2,0,0.0
88212,0,0.249643759,73,1,1.917861799,2300.0,11,0,2,0,0.0
88214,0,0.9999998999999999,61,0,0.002451455,15500.0,0,0,0,0,0.0
88215,0,0.0,40,0,0.18632547,2500.0,4,0,0,0,1.0
88218,0,0.0,58,0,0.208690435,11667.0,6,0,2,0,0.0
88219,0,0.9999998999999999,68,1,0.23296158600000003,2420.0,3,1,0,2,1.0
88221,0,0.040681935,35,0,0.157356412,5083.0,6,0,1,0,0.0
88222,0,0.017207616000000002,83,0,12.0,,6,0,0,0,0.0
88223,0,0.281478401,51,0,0.176193901,324000.0,27,0,16,0,0.0
88224,1,0.8383011140000001,41,1,0.470856669,4820.0,6,0,1,0,0.0
88225,0,0.304455689,56,0,3487.0,,14,0,1,0,1.0
88226,0,0.08748707300000001,71,0,0.265100398,12300.0,23,0,2,0,0.0
88227,0,0.010139196,64,0,839.0,,5,0,1,0,0.0
88229,0,0.234941205,72,0,0.041090478,2530.0,5,0,0,0,0.0
88230,0,0.537336753,60,0,1.587387041,5200.0,17,0,2,0,0.0
88231,0,0.405247555,52,0,0.377339656,4006.0,8,0,2,0,1.0
88232,0,0.7371184129999999,71,0,0.648731745,1300.0,6,0,0,0,0.0
88234,0,0.081897369,52,0,0.149024913,8870.0,21,0,0,0,2.0
88235,0,0.053021886,32,0,0.11753477,3666.0,10,0,0,0,0.0
88237,0,0.049805674,51,0,0.299895902,10566.0,10,0,2,0,1.0
88239,0,0.296573148,41,1,0.206597371,11640.0,9,0,1,0,4.0
88240,0,0.030052572000000003,84,0,0.048780488,2500.0,13,0,1,0,0.0
88243,0,0.0,58,0,0.201834862,1525.0,7,0,0,0,0.0
88245,0,0.323228336,56,0,0.203311618,3683.0,8,0,1,0,0.0
88246,0,0.001548085,63,0,0.336533136,5416.0,9,0,2,0,0.0
88247,0,0.6759154940000001,61,0,0.534071681,6500.0,12,0,1,0,0.0
88248,0,0.174241963,77,0,0.168924352,32333.0,7,0,1,0,1.0
88249,0,0.02893455,77,0,26.0,,4,0,0,0,
88250,0,0.033662926,49,0,0.264107706,10472.0,9,0,1,0,1.0
88251,0,0.137216954,27,0,0.791836735,734.0,5,0,0,0,0.0
88252,0,0.58455606,28,1,2.3450980390000002,764.0,14,0,0,0,0.0
88253,0,0.266668627,52,0,0.8549060540000001,3831.0,6,0,3,0,0.0
88254,0,0.001119386,64,0,0.255654014,7560.0,14,0,2,0,0.0
88256,0,0.002408981,60,0,2456.0,,2,0,1,0,0.0
88257,0,0.020907973,31,1,0.289903366,3000.0,12,0,2,0,0.0
88259,0,0.046952439000000006,88,0,0.004995317,3202.0,6,0,0,0,0.0
88260,0,0.020886167,64,0,0.151551672,6637.0,10,0,1,0,3.0
88262,0,0.050688409000000004,30,0,0.004748813,4000.0,8,0,0,0,0.0
88264,0,0.009835644000000001,54,0,0.465675057,7865.0,16,0,4,0,2.0
88265,0,0.016346405,87,0,5.0,,1,0,0,0,0.0
88267,0,0.988155668,38,0,0.278885197,5417.0,7,2,0,0,2.0
88268,0,0.053459325999999995,62,0,0.02387809,8333.0,15,0,0,0,0.0
88269,0,0.9999998999999999,52,1,0.16922052,1500.0,6,0,0,0,1.0
88270,0,0.048469165999999994,81,0,0.028158667999999998,4083.0,9,0,0,0,1.0
88271,0,0.20591779699999999,67,0,1501.0,,11,0,1,0,1.0
88272,0,0.552383069,54,0,0.48962759299999997,4000.0,8,0,0,0,3.0
88274,1,0.982265266,29,0,0.137353963,9500.0,7,0,0,0,2.0
88277,0,0.981132075,22,0,26.0,,1,0,0,0,0.0
88278,0,0.0,68,0,0.34158730200000004,4724.0,7,0,1,0,0.0
88280,0,0.0,51,0,0.28962583199999997,9166.0,10,0,2,0,2.0
88282,0,0.29978843,60,0,0.234375,3583.0,4,0,0,0,0.0
88283,0,0.004824123,83,0,0.00263455,2656.0,5,0,0,0,0.0
88284,0,0.72101116,38,1,0.8197408540000001,7871.0,10,0,2,0,1.0
88285,0,0.174234335,61,0,0.664415023,3700.0,11,0,1,0,4.0
88286,0,0.458988619,47,0,0.296560459,15001.0,20,0,2,0,2.0
88288,0,0.044020542999999995,40,0,0.255432609,7500.0,10,0,2,0,3.0
88290,0,0.062889446,65,0,1708.0,,3,0,1,0,
88292,0,0.24255469899999998,34,0,0.547717185,6307.0,11,0,2,0,2.0
88293,0,0.41183006200000005,55,0,0.707953706,4060.0,11,0,2,0,0.0
88294,1,0.9999998999999999,46,0,232.0,,1,1,1,1,0.0
88295,0,0.0,41,0,1254.0,,8,0,1,0,0.0
88296,0,0.157050614,27,0,0.206269877,2200.0,3,0,0,0,0.0
88297,0,0.0,83,0,0.166666667,5.0,4,0,0,0,0.0
88298,0,0.10050734,53,0,50.0,1.0,3,0,0,0,2.0
88299,0,0.28626517,68,1,0.47258771899999996,2735.0,18,0,2,0,0.0
88300,0,0.9999998999999999,59,0,0.036505867000000004,2300.0,1,0,0,0,0.0
88301,0,0.775412983,61,0,1.211352288,9812.0,33,0,3,0,1.0
88302,0,0.46292396399999997,71,0,0.430620715,11083.0,9,0,3,0,0.0
88303,0,0.0,73,0,1380.0,,9,0,1,0,0.0
88304,0,4133.0,34,0,1.0399900020000001,4000.0,7,0,2,0,4.0
88306,0,0.861428505,50,0,0.515014224,9490.0,13,0,1,0,2.0
88307,0,0.187886868,36,0,0.38241106700000005,7083.0,6,0,1,0,4.0
88309,0,0.269907272,39,1,0.20359281399999998,7180.0,6,0,0,0,3.0
88311,0,0.515820299,49,4,0.426229508,2500.0,12,2,0,0,0.0
88312,0,0.006717577,76,0,1593.0,,9,0,2,0,0.0
88313,0,0.41535446200000004,60,0,5647.0,,12,0,2,0,2.0
88314,0,0.006117287,57,0,0.168036637,8515.0,12,0,1,0,2.0
88315,1,0.0,43,6,0.420948617,7083.0,5,1,1,1,3.0
88317,0,0.6473097560000001,49,0,0.914626075,3021.0,10,0,2,0,2.0
88318,0,0.830507296,47,0,0.6716799090000001,7047.0,12,0,1,0,0.0
88321,0,0.0252805,63,0,0.7416139540000001,5216.0,11,0,2,0,0.0
88323,0,0.00019996,44,0,0.0,4500.0,2,0,0,0,1.0
88324,0,0.94836978,34,0,0.41333135,6720.0,7,0,3,0,0.0
88326,0,0.037124695,54,0,0.07512701299999999,9250.0,9,0,1,0,2.0
88327,0,0.310937812,40,0,0.261967386,1900.0,3,0,0,0,0.0
88328,0,0.160683869,38,0,0.12539224300000001,7966.0,15,0,1,0,0.0
88329,0,0.10549989,58,0,0.165484344,8175.0,5,0,1,0,1.0
88330,0,0.22645157,46,0,0.423557644,10000.0,6,0,1,0,3.0
88331,0,0.235150078,63,2,0.24702445399999998,18483.0,19,0,3,0,1.0
88332,0,0.95966908,47,0,0.147733149,5800.0,3,0,1,0,1.0
88333,0,0.055998599999999996,76,0,454.0,,3,0,0,0,0.0
88334,0,0.285818136,29,1,0.09290366800000001,2916.0,6,0,0,0,0.0
88335,0,0.75494899,38,3,0.517269239,4950.0,11,0,1,0,3.0
88337,0,0.924839097,57,1,0.411684037,7291.0,11,0,1,0,1.0
88339,0,0.0,33,0,2887.0,,5,0,1,0,0.0
88340,0,0.01383828,55,0,0.173557232,9408.0,7,0,2,0,3.0
88342,0,0.068433137,67,0,0.22690084,18333.0,19,0,1,0,2.0
88343,0,0.0,74,0,1365.0,,11,0,1,0,1.0
88344,0,0.243042376,59,0,0.178172255,6083.0,12,0,0,0,1.0
88345,0,0.0015998929999999998,62,0,0.0,2600.0,1,0,0,0,0.0
88346,0,0.177255802,33,0,0.22944263899999998,4000.0,10,0,0,0,2.0
88349,1,0.467536126,40,0,0.38876853899999997,6000.0,8,0,2,0,0.0
88350,0,0.23379155,54,0,0.071732067,4000.0,3,0,0,0,0.0
88352,0,0.0077038390000000005,53,1,0.23255309899999999,4613.0,7,0,0,0,0.0
88353,0,0.206859652,45,0,6879.0,,9,0,3,0,0.0
88354,0,0.9999998999999999,49,1,0.100943714,5933.0,4,0,0,0,2.0
88355,0,0.333333333,51,0,0.449486764,1850.0,5,0,0,0,2.0
88356,0,0.9999998999999999,54,0,0.048313203,2400.0,2,0,0,0,1.0
88358,0,0.379196701,49,2,1370.0,,11,0,1,0,2.0
88359,0,0.023107662,81,0,0.008796895,3864.0,5,0,0,0,0.0
88362,0,0.052532876,46,0,0.167652696,12000.0,11,0,1,0,3.0
88363,0,0.002218064,63,0,2191.0,,9,0,1,0,
88365,0,0.557947153,66,0,216.0,,3,0,0,0,0.0
88366,0,0.149899016,48,0,0.056833559000000006,43600.0,12,0,1,0,2.0
88367,0,0.063715009,60,0,0.008063395,7192.0,3,0,0,0,0.0
88370,0,0.153053582,48,0,0.28901834600000004,11500.0,10,0,1,0,3.0
88372,1,0.822411371,61,2,889.0,,3,0,0,4,0.0
88373,0,0.13045696099999998,66,1,1359.0,,16,0,2,1,0.0
88374,0,0.9999998999999999,30,0,0.0,3000.0,0,0,0,0,0.0
88375,0,0.047908462,64,0,0.310384231,7000.0,13,0,3,0,0.0
88376,0,0.064859887,30,0,0.0015553829999999998,9000.0,3,0,0,0,0.0
88377,0,0.273445312,59,0,0.601962923,2750.0,9,0,1,0,0.0
88378,0,0.022493705,68,0,0.175724173,7801.0,14,0,1,0,0.0
88380,0,0.010294913000000001,66,0,2.381348876,1200.0,14,0,4,0,0.0
88381,0,0.049771707000000005,52,1,0.49877665200000004,8582.0,8,0,2,0,0.0
88382,0,0.29788628,85,1,0.560523446,1833.0,14,0,1,0,0.0
88384,0,0.33937110600000003,55,0,0.333645736,3200.0,10,0,0,0,2.0
88385,0,0.293083305,67,0,1159.0,,7,0,0,0,0.0
88386,0,0.9999998999999999,30,0,0.134073185,3333.0,1,1,0,0,0.0
88388,0,0.023411295,73,0,0.053537825,10627.0,13,0,1,0,0.0
88389,0,0.024895634,49,0,0.47768714,4167.0,21,0,1,0,0.0
88390,1,0.951012247,36,2,1.244311652,4350.0,6,0,5,0,0.0
88391,0,0.0,67,0,0.000815993,2450.0,5,0,0,0,0.0
88392,0,0.042460885,62,0,0.004917246,16675.0,2,0,0,0,0.0
88394,0,0.165816112,62,0,0.220279227,7090.0,9,0,1,0,1.0
88395,0,0.011613372,58,1,0.497409981,7914.0,12,0,2,0,2.0
88396,0,0.0037685329999999997,82,0,0.0019993339999999997,3000.0,6,0,0,0,0.0
88399,0,0.248504432,34,0,0.312491198,7100.0,9,0,2,0,0.0
88402,0,0.031852003999999996,60,0,1372.0,,8,0,1,0,1.0
88403,0,0.008944196,80,0,10.0,,4,0,0,0,0.0
88404,0,0.6015468,44,1,687.0,,5,0,1,0,2.0
88405,0,0.30839173,63,0,0.48281143600000004,5875.0,9,0,2,0,0.0
88406,1,1.0067888170000001,40,1,0.46353924799999996,6458.0,7,0,1,1,1.0
88407,0,0.636017333,54,0,3318.0,,15,0,2,0,0.0
88408,0,0.17160365,32,0,0.26115632899999996,7125.0,9,0,1,0,3.0
88410,0,0.01615684,69,0,0.113472746,2916.0,8,0,1,0,0.0
88411,0,0.020643157,53,0,0.8994082840000001,4900.0,11,0,3,0,0.0
88412,0,0.9999998999999999,70,0,0.286576415,6130.0,4,0,2,0,0.0
88413,0,0.010031093,71,0,0.33129771,2619.0,9,0,1,0,1.0
88414,0,0.149155853,83,0,0.07993338900000001,1200.0,3,0,0,0,0.0
88417,0,0.0,60,0,4463.0,,8,0,2,0,0.0
88418,0,0.8688321090000001,80,0,1791.0,,5,0,0,0,0.0
88419,0,0.592189461,57,0,0.482438918,9167.0,5,0,1,0,0.0
88420,0,0.574400826,49,0,0.247396655,12675.0,9,0,2,0,1.0
88422,0,0.462045965,59,2,0.41537515399999997,8129.0,17,0,2,1,0.0
88425,0,0.9999998999999999,27,0,0.075969612,2500.0,0,1,0,0,0.0
88426,0,0.9999998999999999,35,0,0.036075671000000004,2272.0,1,0,0,0,2.0
88427,0,0.934163946,52,0,0.734680714,4650.0,11,0,1,0,1.0
88429,0,0.088922777,63,0,0.168045831,3141.0,5,0,0,0,0.0
88430,0,0.030108092000000003,62,0,0.13330794099999999,5250.0,9,0,1,0,0.0
88433,0,0.36491002899999997,45,2,0.14598378,9000.0,8,0,1,0,1.0
88435,0,0.071383369,74,0,34.0,,7,0,1,0,0.0
88436,0,0.031606767,63,1,0.09672704900000001,26000.0,14,1,2,1,0.0
88437,1,0.683804627,49,5,2.281025641,2924.0,9,0,3,2,0.0
88438,0,0.89881854,26,1,138.0,,3,0,0,0,0.0
88439,0,0.269674206,39,0,2596.0,,8,0,1,0,0.0
88440,0,0.0037077290000000003,83,0,0.272034302,2098.0,16,0,1,0,0.0
88445,0,0.015633073,71,0,1235.0,,11,1,1,0,0.0
88447,0,0.22235363100000002,52,0,0.38072042,7800.0,6,0,1,0,0.0
88448,0,0.244403853,58,0,0.556555431,8000.0,17,0,3,0,0.0
88449,0,1901.0,48,0,0.371031114,9416.0,3,0,1,0,3.0
88450,0,0.0075154869999999995,73,0,0.018718503,8333.0,10,0,0,0,0.0
88451,0,0.987905177,60,1,0.491579696,8431.0,10,0,1,0,0.0
88452,0,0.42512786399999997,51,0,0.311735718,10957.0,8,0,1,0,1.0
88453,0,0.023838271,52,0,0.228646231,9166.0,5,0,2,0,1.0
88454,0,0.034868234,46,0,0.078087502,5416.0,7,0,0,0,0.0
88455,0,0.5230866679999999,38,0,0.394240209,9166.0,14,0,0,0,1.0
88457,0,0.427364394,30,0,0.041799164,50000.0,9,0,1,0,0.0
88458,0,0.007883825,59,1,0.30326366,8180.0,12,0,2,0,0.0
88461,0,0.97460805,40,0,0.22286158600000003,6429.0,4,0,1,0,0.0
88462,0,0.529387002,58,0,2661.0,,9,0,1,0,2.0
88463,0,0.176144318,44,0,0.024933021,408333.0,6,0,2,0,3.0
88464,0,0.811818368,38,0,0.6116523770000001,5131.0,8,0,2,0,0.0
88467,0,0.043827864,70,0,221.0,,12,0,1,0,0.0
88469,0,0.005461955,79,0,0.002141328,1400.0,5,0,0,0,0.0
88472,0,0.0,51,0,0.28928571399999997,839.0,5,0,0,0,2.0
88473,1,0.77216522,60,1,195.0,,3,1,0,0,0.0
88474,0,0.027770635,35,0,3594.0,,3,0,1,0,0.0
88476,0,0.029979107999999997,55,0,0.24924655899999998,12276.0,11,0,2,0,0.0
88478,0,0.064195348,72,0,0.652965789,4062.0,7,0,1,0,0.0
88479,0,0.047761347999999995,39,0,0.193282748,17000.0,13,0,2,0,0.0
88480,0,0.504564959,39,0,2711.0,,9,0,2,0,0.0
88482,1,0.008047758,61,1,0.27238678899999996,2936.0,9,0,1,0,1.0
88483,0,0.9999998999999999,68,0,1681.0,,2,0,1,0,0.0
88484,0,0.907452965,52,1,0.37009739399999997,11396.0,9,0,1,0,0.0
88488,0,0.032463316,30,0,0.179394613,3600.0,4,0,0,0,0.0
88489,0,0.045785834000000004,44,0,0.926482535,2461.0,18,0,2,0,3.0
88493,1,0.848692929,37,1,0.155902594,3777.0,3,3,0,0,0.0
88494,0,0.540306462,31,1,0.241103559,2500.0,9,0,0,0,0.0
88496,0,0.026649334,61,0,0.0029521,10500.0,3,0,0,0,0.0
88498,1,0.979445586,31,1,0.497607656,8150.0,14,0,3,0,3.0
88499,0,0.21796902899999998,42,0,0.278893426,12000.0,11,0,2,0,0.0
88500,0,0.03630193,68,0,35.0,,6,0,0,0,0.0
88501,0,0.340764719,61,2,0.7578628270000001,7916.0,17,0,2,0,0.0
88502,0,0.20224223100000002,60,0,2082.0,,13,0,1,0,0.0
88503,0,0.024655933999999997,46,0,0.23315924600000001,11296.0,10,0,2,0,1.0
88504,0,0.27312114600000004,28,0,333.0,,3,0,0,0,0.0
88505,0,0.9999998999999999,59,4,0.35481004200000005,4500.0,6,0,1,0,1.0
88506,0,0.032665578,57,0,0.445042063,7250.0,4,0,2,0,0.0
88507,0,0.011798121000000002,53,0,0.102149642,6000.0,12,0,1,0,0.0
88508,0,0.279425696,52,0,0.552599548,5750.0,10,0,3,0,0.0
88509,0,0.9999998999999999,27,0,0.201262826,3800.0,3,0,0,0,2.0
88510,1,1.036943418,31,0,0.553264019,5866.0,5,1,1,0,0.0
88511,0,0.009524676999999999,66,0,0.147067647,13333.0,10,0,1,0,0.0
88512,0,0.087478406,57,0,0.051805338,4458.0,12,0,0,0,1.0
88513,1,0.0,36,0,0.747061208,2466.0,5,2,1,0,0.0
88514,0,0.9445793459999999,45,3,0.485636115,5116.0,5,2,2,0,3.0
88515,0,0.016557371,62,0,0.307292361,7500.0,14,0,1,0,0.0
88516,1,0.9999998999999999,28,2,0.027504088,23850.0,2,2,0,1,0.0
88517,0,0.19152506800000002,43,0,0.604409857,3083.0,4,0,1,0,0.0
88518,0,0.966013595,59,0,1.114248705,3859.0,6,0,3,0,0.0
88519,0,0.239128648,52,1,0.062227423,9400.0,6,0,0,0,2.0
88520,0,0.116879694,77,0,5.7745803360000005,416.0,9,0,2,0,0.0
88521,0,0.514231695,42,0,0.223454834,6940.0,17,0,1,0,3.0
88522,0,0.207125539,66,0,0.336442586,6217.0,18,0,1,0,0.0
88523,0,0.0,60,0,0.140339383,15262.0,9,0,1,0,0.0
88524,0,0.04615029599999999,60,0,0.5404919020000001,5000.0,7,0,2,0,0.0
88525,0,0.09661710300000001,72,0,0.011233087,3916.0,1,0,0,0,0.0
88527,0,0.48113025,52,0,0.326658053,9287.0,7,0,2,0,1.0
88528,0,0.004364514,70,0,12.0,,4,0,0,0,0.0
88529,0,0.02572312,65,0,0.324181626,1893.0,6,0,2,0,0.0
88530,0,0.0,49,0,3533.0,,8,0,2,0,2.0
88531,0,0.163184389,69,1,2277.0,,10,0,2,0,0.0
88532,0,0.920776102,64,1,0.720086083,6969.0,16,0,1,0,2.0
88534,0,0.99349476,37,0,1771.0,,8,1,1,0,
88535,0,0.068830827,59,0,152.5,1.0,11,0,0,0,0.0
88536,0,0.186176355,62,0,0.114588541,10000.0,10,0,0,0,0.0
88537,0,0.47033728799999996,30,0,0.142555438,2840.0,4,0,0,0,1.0
88538,0,0.0,66,0,0.348101266,6635.0,8,0,1,0,0.0
88539,0,0.221519462,41,0,2.105179283,1254.0,7,0,1,0,0.0
88540,0,0.266899385,48,0,0.340182991,13333.0,6,0,2,0,1.0
88541,0,0.027806288999999998,38,0,2283.0,,5,0,1,0,
88542,0,0.660675773,46,0,0.111280415,21000.0,10,0,2,0,3.0
88543,0,0.24226708,58,0,0.110401333,7200.0,5,0,0,0,0.0
88544,0,0.9999998999999999,37,0,0.0,,0,0,0,0,1.0
88545,0,0.015863871,34,0,0.28873181600000003,12166.0,11,0,1,0,0.0
88549,0,0.126411855,74,0,0.262173606,5667.0,13,0,1,0,0.0
88550,0,0.009480015999999999,43,0,0.22625791399999998,3000.0,10,0,3,0,2.0
88552,0,0.0,37,0,3.2421441769999997,540.0,7,0,1,0,1.0
88554,0,0.009705732,61,0,1.68207948,4000.0,11,0,2,0,0.0
88556,0,0.202797203,24,0,0.006928406,865.0,2,0,0,0,0.0
88557,0,0.0,63,0,0.002663639,22900.0,5,0,0,0,0.0
88558,0,0.058380125,85,0,0.06237505,5001.0,2,0,1,0,0.0
88559,0,0.007995430999999999,66,0,0.133771353,7609.0,18,0,1,0,1.0
88560,0,0.045462675,58,0,0.322599078,24500.0,14,0,2,0,5.0
88561,0,0.019490255,81,0,0.045338292999999995,4300.0,4,0,0,0,0.0
88562,0,0.686569322,44,0,0.438514443,3634.0,7,0,0,0,0.0
88563,0,0.313123155,43,0,0.058347083,20000.0,12,0,1,0,3.0
88564,0,0.004538139,49,0,0.24355129,5000.0,9,0,1,0,3.0
88565,0,0.04945755,76,0,43.0,,6,0,0,0,
88566,0,0.18537088100000002,50,0,2393.0,,6,0,1,0,0.0
88568,1,0.0,54,0,0.271143797,5166.0,5,0,2,0,0.0
88569,0,0.317376953,58,0,0.40637216600000003,5115.0,10,0,1,0,1.0
88570,1,0.8192875759999999,39,0,0.61437618,9000.0,13,0,2,0,0.0
88571,0,0.021850094,32,0,0.31716656,4700.0,11,0,2,0,2.0
88573,0,0.024539877,63,0,0.14692353800000002,15000.0,9,0,1,0,1.0
88575,0,0.024646334,86,0,24.0,,4,0,0,0,
88576,0,0.406405665,42,1,0.395372645,4883.0,8,0,1,0,1.0
88577,0,0.154499929,63,0,0.40771526,4691.0,12,0,2,0,2.0
88581,0,0.042006845,63,0,0.34548085799999995,7600.0,15,0,2,0,0.0
88583,0,0.0,53,0,20.0,,4,0,0,0,0.0
88584,0,0.03107624,64,0,0.00999762,4200.0,2,0,0,0,1.0
88585,0,0.7729303190000001,54,2,0.269935639,18333.0,8,0,2,0,1.0
88587,0,0.537072305,72,0,0.695888658,6250.0,24,0,2,0,1.0
88588,0,0.057692517,66,1,0.239822882,7000.0,13,0,2,0,1.0
88590,0,0.023497136000000002,48,0,0.22564981399999998,3500.0,10,0,0,0,2.0
88591,0,0.987538941,46,0,0.367810594,8362.0,4,0,1,0,0.0
88592,0,0.069248269,66,0,0.475940507,8000.0,7,0,2,0,0.0
88593,0,0.35095135200000005,36,0,0.258046302,5312.0,12,0,0,0,0.0
88594,0,0.016899155,51,0,10.0,,2,0,0,0,0.0
88595,0,0.36303523299999996,65,0,0.21729934899999997,18439.0,13,0,2,0,0.0
88596,0,0.19555555600000002,63,0,0.23423423399999999,10322.0,9,0,1,0,0.0
88597,0,0.015370787,69,0,5.0,,4,0,0,0,0.0
88598,0,0.646065937,44,0,0.241784745,9950.0,8,0,2,0,2.0
88599,0,0.09588712699999999,59,0,0.495990198,8977.0,13,0,1,0,3.0
88600,0,0.088427016,55,0,0.8989462309999999,3700.0,7,0,2,0,2.0
88601,0,0.328233588,55,0,3223.0,,8,0,2,0,0.0
88602,0,0.321622947,51,1,0.931837791,1158.0,11,0,1,0,0.0
88606,0,0.111272085,43,0,2103.0,0.0,14,0,1,0,2.0
88609,0,0.0005494380000000001,42,0,2840.0,,6,0,2,0,0.0
88610,0,0.023669469,49,0,0.814687123,5800.0,11,0,3,0,3.0
88612,0,0.039646605,62,0,0.022329612000000002,6000.0,20,0,0,0,0.0
88614,0,0.017257755,54,0,0.021148036000000002,1323.0,4,0,0,0,0.0
88615,0,0.011592163,58,0,1860.0,,8,0,1,0,3.0
88616,0,0.75524895,40,1,0.142103721,3412.0,4,1,0,0,0.0
88617,0,0.07803432099999999,40,0,0.41467975700000004,6416.0,6,0,1,0,0.0
88618,0,0.670236641,43,0,0.153662247,4600.0,3,0,0,0,0.0
88623,0,0.0,32,0,0.0,,7,0,0,0,0.0
88624,0,0.101664301,81,0,0.177852768,8000.0,7,0,0,0,0.0
88626,1,0.49663565,62,0,0.422711968,9800.0,9,0,1,0,5.0
88627,0,0.29094967899999996,43,1,0.190218616,8873.0,16,0,1,0,4.0
88630,0,0.907443702,49,0,0.197609638,21000.0,12,1,3,0,1.0
88632,0,0.037446012,79,0,0.125716571,7500.0,8,0,0,0,0.0
88634,0,0.007771207,58,0,0.18539487600000001,10420.0,5,0,2,0,0.0
88635,0,0.012125526999999999,63,0,0.18892443,10003.0,10,0,1,0,0.0
88636,0,0.9999998999999999,66,0,0.199346405,1835.0,6,0,0,0,0.0
88637,0,0.080762872,45,0,0.031316348,1883.0,2,0,0,0,0.0
88638,0,0.0,72,0,0.332738308,2800.0,6,0,1,0,0.0
88639,0,0.8321377809999999,48,0,2337.0,,10,0,1,0,1.0
88642,0,0.036106411,57,0,0.00839916,10000.0,7,0,0,0,2.0
88643,0,0.837222777,53,1,0.901263953,12183.0,9,0,3,0,1.0
88645,0,0.148225307,36,0,0.256141217,8100.0,7,0,1,0,2.0
88648,0,0.391093608,34,0,0.132149901,2027.0,3,0,0,0,0.0
88649,0,0.0,48,0,2076.0,,8,0,1,0,0.0
88650,0,0.501507697,29,1,0.234966433,7000.0,17,0,2,1,1.0
88653,0,0.715216104,40,1,0.103658537,4919.0,5,0,0,1,4.0
88654,0,0.09310739800000001,81,0,0.46598056,1748.0,8,0,1,0,0.0
88656,0,0.017710679,55,0,0.069023352,7750.0,13,0,0,0,0.0
88658,1,0.17200495100000002,56,0,0.030292187999999998,8384.0,13,1,0,0,2.0
88659,0,0.11521864,61,0,0.32266987399999997,8314.0,14,0,2,0,0.0
88660,0,0.9999998999999999,62,0,0.397218863,8269.0,6,0,2,0,0.0
88663,0,0.023538193,78,0,0.208511854,3500.0,14,0,0,0,0.0
88664,0,0.658822859,47,0,0.052278245999999993,7000.0,5,1,0,0,0.0
88665,0,0.259438991,40,0,0.163156775,4700.0,4,0,0,0,2.0
88667,0,0.130591294,64,0,58.0,,1,0,0,0,0.0
88668,0,0.179218425,52,0,0.17612624100000002,7857.0,11,0,1,0,0.0
88669,0,0.017899105,83,0,10.0,,4,0,0,0,0.0
88673,0,0.166799093,51,0,0.14717363,6916.0,9,0,1,0,2.0
88675,0,0.8101526720000001,41,1,2380.0,,6,0,1,0,3.0
88676,0,0.9999998999999999,64,0,0.601258793,2700.0,3,0,2,0,0.0
88677,0,0.7688423940000001,59,1,1.3825896119999999,4100.0,15,0,3,0,1.0
88680,0,0.05372017900000001,49,1,0.320082816,4829.0,7,0,1,0,1.0
88681,0,0.9999998999999999,48,0,1.1528025709999998,2800.0,6,0,2,0,2.0
88682,1,0.052035707,46,2,0.839395873,4700.0,5,0,2,1,2.0
88684,0,0.9999998999999999,91,0,0.0,,1,0,0,0,0.0
88687,0,0.0059729990000000005,79,0,0.002285497,10500.0,16,0,0,0,0.0
88690,0,0.090242448,91,0,77.0,,4,0,0,0,0.0
88691,0,0.49813572899999997,38,0,0.47875433799999995,10660.0,12,0,2,0,4.0
88692,0,0.770097611,37,0,0.136582168,4575.0,9,0,0,0,0.0
88693,0,0.015712041,31,0,0.49780088,2500.0,8,0,2,0,0.0
88694,0,0.743767498,44,0,0.42761930200000003,3750.0,8,0,2,0,1.0
88695,0,0.00012658,46,0,0.376284365,3600.0,6,0,1,0,0.0
88696,0,0.000340904,56,0,0.0,3500.0,4,0,0,0,0.0
88697,0,0.0,26,0,0.067975282,2750.0,5,0,0,0,0.0
88698,0,0.662910475,47,0,0.427662759,8017.0,9,0,1,0,0.0
88699,0,0.011730073,49,1,0.453030768,9782.0,9,0,1,0,4.0
88700,0,0.48394331,63,0,0.189377553,4160.0,5,0,0,0,0.0
88701,0,0.193367709,72,0,0.37569908,11085.0,13,0,2,0,3.0
88703,0,0.818706415,56,0,0.47000279,10750.0,12,0,2,0,1.0
88704,0,0.227002425,37,0,0.412067192,5833.0,13,0,2,0,1.0
88707,0,0.152939136,53,0,0.40396530399999997,4034.0,7,0,1,0,0.0
88708,0,0.535193405,56,0,346.0,,8,0,0,0,0.0
88710,0,0.297376705,42,1,0.218399691,5173.0,7,4,0,1,1.0
88711,0,0.042279218,65,0,0.30861992,4477.0,11,0,2,0,0.0
88712,0,0.9789860890000001,59,0,0.6753915909999999,4851.0,9,0,1,0,0.0
88714,0,0.0,40,0,0.7283635820000001,6666.0,4,0,2,0,0.0
88716,0,0.060858783,50,0,90.0,,4,0,0,0,0.0
88717,0,0.02364337,54,0,467.0,0.0,9,0,0,0,0.0
88718,0,0.983462811,83,0,0.212441603,4066.0,5,0,0,0,1.0
88719,0,0.851885507,27,2,0.25974026,1000.0,3,0,0,0,0.0
88720,1,0.865094997,55,0,0.586872133,8500.0,20,0,2,0,0.0
88721,0,0.133023485,75,1,256.0,,6,0,0,0,0.0
88724,1,0.9423169290000001,56,0,0.43584151200000004,2750.0,5,0,0,0,0.0
88725,0,0.031257456,36,0,1025.0,,11,0,1,0,
88726,1,0.886277896,35,0,1.25660557,4200.0,13,0,2,0,1.0
88728,0,0.06917735700000001,30,0,0.065260862,5500.0,10,0,0,0,0.0
88729,0,0.079184163,52,0,0.093401885,3500.0,4,0,0,0,1.0
88730,0,0.9999998999999999,39,1,0.26805087899999996,5345.0,1,2,1,0,0.0
88731,0,0.0,44,0,0.11945074,7500.0,2,0,1,0,0.0
88732,0,0.770941986,74,1,1.4447910169999998,4808.0,18,0,4,0,0.0
88733,1,0.831411239,46,0,0.432589825,9100.0,6,0,2,0,2.0
88734,1,0.694820345,57,1,1.858451291,1200.0,15,0,1,0,0.0
88735,0,0.308256339,50,0,0.45220176100000004,6244.0,10,0,3,0,1.0
88736,0,0.9999998999999999,42,1,0.115819545,8400.0,0,0,0,0,0.0
88737,0,0.8974849779999999,45,0,0.6742651470000001,5000.0,11,0,1,0,1.0
88738,0,0.017729876999999998,70,0,0.002693658,12250.0,7,0,0,0,0.0
88739,0,1.016204103,48,0,1.236184709,1320.0,7,0,1,1,1.0
88740,0,0.248612923,56,0,0.720879853,6000.0,24,0,2,0,1.0
88742,0,0.6480192379999999,26,1,0.342484557,1456.0,5,0,0,0,0.0
88743,0,0.250191173,40,0,0.6303043770000001,4500.0,13,0,1,0,1.0
88744,0,0.014193947,77,0,0.157218001,1710.0,5,0,1,0,0.0
88745,0,0.056817149000000004,76,0,0.087626056,7337.0,5,0,1,0,1.0
88746,0,0.904273048,48,0,0.539539378,6208.0,9,0,2,0,0.0
88749,0,0.0,77,0,0.057496952000000004,4921.0,5,0,0,0,0.0
88750,0,0.083683323,51,0,934.0,,9,0,2,0,0.0
88751,1,1.005499083,60,1,0.418300654,2600.0,9,0,0,3,0.0
88752,0,0.9999998999999999,49,1,0.165692821,9583.0,3,0,2,0,2.0
88754,0,0.167012566,45,0,0.580083983,5000.0,13,0,1,0,0.0
88755,0,0.188846225,38,1,0.39273509700000003,7900.0,11,0,1,0,2.0
88757,0,0.483205989,60,0,1571.0,,8,0,2,0,0.0
88758,0,0.028768346,63,0,4079.0,,9,0,1,0,0.0
88760,0,0.9999998999999999,63,0,2234.0,,3,0,1,0,0.0
88761,0,0.043048987000000004,49,2,0.530791789,3750.0,18,0,1,0,2.0
88762,0,0.0,45,0,0.212913363,14000.0,13,0,3,0,4.0
88764,1,0.330827068,43,1,0.17078147300000002,4900.0,5,1,0,1,0.0
88765,0,0.39308176100000003,69,0,67.0,,4,0,0,1,0.0
88766,0,0.9578028129999999,53,0,0.793429745,5600.0,9,0,1,0,0.0
88767,0,0.628698824,67,0,0.298169137,5734.0,8,0,1,0,1.0
88768,0,0.770901617,47,0,1204.0,,4,0,2,0,2.0
88773,0,0.42893667799999996,41,0,4129.0,,10,0,2,0,0.0
88775,0,0.212927757,64,0,0.357015352,2800.0,5,0,1,0,3.0
88776,0,0.444879142,48,1,0.50994334,9000.0,19,0,2,0,2.0
88777,0,0.19711118800000002,67,0,865.0,,5,0,1,0,
88778,0,0.099860009,59,0,0.237934145,4433.0,4,0,1,0,0.0
88780,0,0.0,41,0,0.602862756,3562.0,6,0,2,0,2.0
88783,0,0.9999998999999999,39,0,0.142521167,2125.0,1,0,0,0,0.0
88785,0,0.7024871840000001,61,0,1.302175665,1240.0,12,0,1,0,0.0
88786,0,0.00317455,44,0,0.367863214,10000.0,7,1,2,0,3.0
88788,0,0.026981986,28,0,0.26269638300000003,2736.0,8,0,0,0,0.0
88789,0,0.272579319,53,0,0.6763805559999999,8166.0,21,0,3,0,2.0
88790,0,0.9999998999999999,44,0,32.0,,2,0,0,0,0.0
88793,0,0.345526095,62,0,80.0,1.0,9,0,0,0,0.0
88794,0,0.9825517990000001,57,1,1424.0,,4,0,1,0,0.0
88795,0,0.9999998999999999,29,0,0.04131956,3000.0,1,0,0,0,0.0
88796,0,0.016810915,89,0,0.005518234,4167.0,8,0,0,0,0.0
88797,0,0.0066249080000000005,55,0,0.160857909,10070.0,8,0,1,0,0.0
88798,0,0.019748525,58,0,0.240788933,7300.0,8,0,1,0,0.0
88799,0,0.674704303,44,0,0.42395890700000005,5450.0,9,0,2,0,1.0
88806,0,0.22191248,68,0,0.9902462809999999,4100.0,17,0,2,0,0.0
88808,0,0.005566898000000001,51,1,0.21087991,10716.0,16,0,1,0,3.0
88809,0,0.0,36,0,0.49265426100000004,6125.0,5,0,2,0,0.0
88810,0,0.0,45,0,0.31358756,2700.0,6,0,2,0,1.0
88811,0,0.0,27,0,0.10247180199999999,4166.0,5,0,0,0,0.0
88812,0,0.056691872000000004,40,0,3010.0,,6,0,2,0,0.0
88813,1,0.907928926,56,0,0.689637033,1900.0,7,1,0,3,1.0
88814,0,0.035964036,21,0,0.00116144,860.0,2,0,0,0,0.0
88815,0,0.877868467,47,0,0.35957467600000004,10250.0,10,0,2,0,2.0
88817,0,0.011476847,73,0,801.0,,9,0,1,0,0.0
88818,0,0.023040268,46,0,54.0,,12,0,0,0,0.0
88819,0,0.546321636,34,0,0.897712559,6950.0,14,0,4,0,0.0
88821,0,0.129788434,53,0,4822.0,,6,0,2,0,0.0
88823,0,0.315653406,47,0,0.310603658,9458.0,7,0,1,0,0.0
88825,0,0.029733547000000003,49,1,0.30397568199999997,12500.0,8,0,1,0,2.0
88827,0,0.043806480999999994,46,0,0.241456294,11645.0,11,0,2,0,2.0
88828,0,0.14611943800000002,56,0,0.8393944990000001,5416.0,12,0,2,0,0.0
88829,0,0.135626832,33,1,0.398746456,6700.0,10,0,2,0,0.0
88831,0,0.0,66,0,52.0,,3,0,0,0,0.0
88833,0,0.053113982000000004,51,0,0.22409551800000002,16666.0,20,0,2,0,3.0
88836,0,0.144285238,28,0,0.262476008,2083.0,3,0,0,0,1.0
88837,0,0.003937377,74,0,3.0,,2,0,0,0,0.0
88838,0,0.47473813200000003,70,0,0.22750899600000002,2500.0,3,0,0,0,0.0
88841,0,0.6841361090000001,57,0,0.289375582,8583.0,8,0,1,0,1.0
88843,0,0.005250521,70,0,1149.0,,4,0,1,0,0.0
88844,0,0.080528975,48,0,22.0,,6,0,0,0,0.0
88845,0,0.086595016,49,0,0.323305545,2758.0,15,0,1,0,0.0
88847,0,0.63139605,62,0,0.665833854,1600.0,9,0,1,0,1.0
88848,0,0.185831141,70,0,1233.0,,4,0,1,0,0.0
88849,0,0.68320576,46,0,2680.0,,14,0,1,0,2.0
88851,0,0.9999998999999999,48,0,0.247958674,6000.0,6,0,1,0,1.0
88854,0,0.0,76,0,0.0,126.0,4,0,0,0,0.0
88855,0,0.120282907,52,0,0.423152252,9700.0,17,0,2,0,0.0
88856,0,0.045542262,71,1,663.0,,19,0,0,1,
88857,0,0.097946645,64,0,0.008064515999999999,11159.0,5,0,0,0,0.0
88859,0,0.9999998999999999,28,0,524.0,,2,0,0,0,0.0
88860,0,0.140292985,73,0,0.023993145,3500.0,8,0,0,0,0.0
88861,0,0.7906957040000001,46,0,3148.0,,13,0,2,0,2.0
88862,0,0.9999998999999999,51,0,2394.0,,6,0,1,0,1.0
88865,0,0.046443394000000006,43,0,0.181948015,3500.0,14,0,0,0,0.0
88866,0,0.95515567,28,0,0.343805784,2800.0,13,0,0,0,0.0
88868,0,0.009911055,45,0,0.228178827,5166.0,10,0,1,0,2.0
88869,0,0.005958926999999999,59,0,0.613328013,2505.0,11,0,0,0,0.0
88871,0,0.145213501,70,1,0.42994261899999997,9584.0,13,0,3,0,0.0
88873,1,0.962732919,67,1,1245.0,,15,0,0,0,0.0
88874,0,0.14614269300000002,48,0,0.072462063,8500.0,6,0,0,0,4.0
88876,0,0.44197780000000003,43,0,0.11975116599999999,4500.0,4,0,0,0,1.0
88877,0,0.170207466,49,0,0.578203114,7000.0,9,0,2,0,0.0
88878,0,1.0119988000000002,35,0,0.242736645,5334.0,5,0,1,0,1.0
88880,0,0.025633659,36,0,0.242066563,5167.0,23,0,3,0,0.0
88881,0,0.36922618700000004,42,0,1063.0,0.0,17,0,0,0,3.0
88882,0,0.075237862,57,0,174.0,,7,0,0,0,0.0
88884,0,0.647970521,82,0,1746.0,,25,0,0,0,0.0
88885,0,0.9999998999999999,46,1,65.0,,1,0,0,0,0.0
88886,0,0.0009391689999999999,54,0,0.34518386799999995,9000.0,21,0,3,0,0.0
88888,0,0.0014833379999999998,63,0,4105.0,,11,0,3,0,0.0
88890,0,0.003993155,53,0,0.00119952,2500.0,4,0,0,0,0.0
88892,0,0.020788976,91,0,0.16806268600000002,3700.0,12,0,0,0,1.0
88894,0,0.18094547600000002,66,0,0.11979236900000001,14833.0,3,0,1,0,3.0
88895,0,0.029735277,60,0,0.241384889,6180.0,11,0,2,0,1.0
88896,0,0.18979532699999999,41,3,0.377515703,7800.0,9,0,2,0,0.0
88897,0,0.64608812,34,0,0.28365197,5125.0,6,0,0,0,0.0
88898,0,0.636651176,56,0,0.429890941,8985.0,14,0,1,0,1.0
88899,0,0.398967291,68,0,3536.0,,19,0,1,0,0.0
88900,0,0.25793989,64,1,0.5725709720000001,2500.0,6,0,1,0,1.0
88902,0,0.001008697,57,0,0.5226230820000001,5016.0,18,0,1,0,0.0
88903,0,0.000857118,50,0,0.29265658699999997,8333.0,5,0,2,0,0.0
88904,0,0.00032785800000000004,44,0,26.0,,10,0,0,0,0.0
88907,0,0.628780935,34,0,569.0,,4,0,0,0,1.0
88908,0,0.08616659800000001,58,0,1360.0,,6,0,1,0,1.0
88910,0,0.0,26,0,0.0,2000.0,2,0,0,0,0.0
88913,0,0.0,37,2,0.0,5833.0,3,0,0,1,0.0
88914,0,0.012874983999999999,31,0,0.404132415,4500.0,5,0,2,0,0.0
88915,1,0.873189023,42,0,2644.0,,10,0,1,0,2.0
88917,0,0.0,62,0,660.0,,5,5,0,0,0.0
88918,0,0.147503868,74,0,220.0,,6,0,1,0,0.0
88919,0,0.723093806,49,0,0.612730601,7100.0,12,0,1,0,1.0
88921,0,0.074592541,61,0,0.655677656,3275.0,8,0,1,0,0.0
88922,0,0.020578135,84,0,0.004291008,5126.0,5,1,0,0,0.0
88923,0,0.198403225,44,0,0.39130434799999997,4116.0,9,0,2,0,1.0
88924,0,0.0019787710000000003,78,0,1.013231403,3400.0,19,0,2,0,1.0
88926,0,0.9999998999999999,57,0,2616.0,,6,0,2,0,0.0
88929,0,0.15584415599999998,26,0,0.000769083,5200.0,1,0,0,0,0.0
88930,0,0.081409263,61,0,0.270997104,4833.0,13,0,1,0,0.0
88932,0,0.07045069999999999,30,1,0.177293935,4500.0,14,0,0,0,0.0
88933,0,0.311422144,69,0,2.633009709,514.0,4,0,1,0,0.0
88935,0,0.161696766,49,0,0.7692051320000001,6000.0,9,0,2,0,1.0
88936,0,0.047336025999999996,69,0,80.0,,11,0,0,0,0.0
88937,0,0.9999998999999999,38,0,0.35554815100000003,3000.0,3,0,1,0,0.0
88938,0,0.06711661,30,0,0.36511337299999996,5600.0,8,0,2,0,0.0
88939,0,0.686088092,32,0,0.309016849,5400.0,16,0,1,0,0.0
88940,0,0.252267061,50,2,0.34145669799999995,7262.0,5,0,1,0,0.0
88941,0,0.296113625,43,0,0.423157684,10000.0,6,0,1,0,4.0
88942,0,0.045801167000000004,71,0,974.0,,7,0,1,0,0.0
88943,0,0.9999998999999999,43,0,0.001732673,8079.0,1,1,0,0,1.0
88944,0,0.042377233,57,0,0.292299701,7700.0,8,0,1,0,2.0
88945,0,0.32593701,35,0,0.289283253,5803.0,10,0,0,0,0.0
88947,0,0.046295153,50,0,1994.0,,11,0,2,0,0.0
88948,1,0.9253909920000001,44,2,0.627946703,5853.0,15,0,3,0,2.0
88949,0,0.172925105,66,0,0.43111377700000003,5000.0,11,0,3,0,0.0
88951,0,0.0,80,0,0.0,1721.0,6,0,0,0,0.0
88952,0,0.09526729099999999,29,0,0.19565838300000002,3500.0,16,0,0,0,0.0
88953,0,0.567982918,63,0,900.0,,12,0,0,0,0.0
88955,0,0.146338335,62,1,0.113777245,5000.0,18,0,0,0,0.0
88956,0,0.0,44,0,0.359330084,8000.0,4,0,2,0,3.0
88957,0,0.150395372,29,0,0.071579392,4735.0,7,0,0,0,3.0
88958,0,0.059836954000000005,76,0,1.077694729,5083.0,5,0,4,0,0.0
88961,0,0.188098612,33,0,0.282994721,6250.0,12,0,0,0,6.0
88962,0,0.047370075,87,0,0.012246938,4000.0,5,0,0,0,1.0
88964,0,0.000957818,48,0,0.48007998799999996,6500.0,11,0,2,0,1.0
88965,0,0.005199307,85,0,1.0,,3,0,0,0,0.0
88966,0,0.594568584,52,0,0.147952979,7400.0,6,0,0,0,0.0
88967,0,0.133595142,49,0,0.41771645700000004,5000.0,7,0,2,0,2.0
88968,1,1.173469388,38,1,0.57677665,1575.0,5,6,0,3,0.0
88970,0,0.09036089800000001,47,0,104.0,,4,0,0,0,
88971,1,0.754212652,44,3,0.50498395,5918.0,11,0,2,0,2.0
88973,0,0.448955104,31,0,0.13202344,2900.0,4,0,0,0,2.0
88974,0,0.393787933,27,0,0.017549561,3076.0,2,0,0,0,0.0
88975,0,0.076684278,73,0,522.0,,4,0,1,0,0.0
88976,0,0.007408754,45,0,0.535236171,3958.0,11,0,2,0,2.0
88979,0,0.0181477,53,0,0.305341331,3500.0,13,0,1,0,4.0
88980,0,0.0062123280000000005,59,0,0.290354823,2000.0,7,0,0,0,1.0
88981,0,0.10472426800000001,35,0,0.054221534,3872.0,4,0,0,0,0.0
88982,0,0.586254454,28,0,0.08670347699999999,6700.0,5,0,0,0,0.0
88983,0,0.5184227929999999,49,0,0.17664858100000003,9583.0,11,0,0,0,0.0
88985,0,0.008868545,80,0,0.44885038299999996,3000.0,11,0,2,0,0.0
88986,0,0.288116337,26,0,0.076784643,5000.0,2,0,0,0,0.0
88988,0,0.046029968,40,1,0.28281883399999996,3206.0,8,0,0,0,0.0
88990,0,0.008873461,36,0,0.568638984,8500.0,8,0,1,0,1.0
88991,0,0.014796198,82,0,24.0,,6,0,0,0,0.0
88992,0,0.0,77,0,0.0,,7,0,0,0,0.0
88993,0,0.592763127,46,0,0.331416465,6607.0,6,0,1,0,1.0
88994,0,0.346513953,29,1,0.146093585,4722.0,7,0,0,0,1.0
88996,0,0.42618772200000005,41,0,0.412698413,5417.0,7,0,1,1,4.0
88997,0,0.9444201740000001,60,1,0.349324639,2146.0,7,0,0,0,0.0
88998,0,0.6041788339999999,90,0,0.29401251100000003,11189.0,13,0,1,0,0.0
88999,0,0.178929119,66,0,0.24625053600000002,7000.0,9,0,1,0,0.0
89000,0,0.331057846,38,0,1.4377811090000001,2000.0,19,0,1,0,2.0
89001,0,0.09522198400000001,72,0,765.0,,9,0,1,0,0.0
89002,0,0.011118371,75,0,2.584980237,505.0,12,0,1,0,0.0
89004,0,0.012070615,77,0,0.012472486999999999,2725.0,14,0,0,0,0.0
89005,0,0.084938381,27,0,0.417818289,3400.0,6,0,1,0,0.0
89006,0,0.485378049,49,0,0.656147809,6115.0,15,0,1,0,0.0
89007,0,0.090171343,51,0,887.0,,8,0,1,0,0.0
89008,0,0.0,64,0,0.11689548400000001,12600.0,15,0,1,0,0.0
89010,1,0.783038063,52,1,0.38325458700000004,9100.0,10,0,2,0,1.0
89016,0,0.322933853,32,0,0.124176114,3792.0,7,0,0,0,0.0
89018,0,0.034610956,55,0,0.005848505,10600.0,4,0,0,0,0.0
89019,0,0.175895603,57,0,0.128556736,2916.0,7,0,0,0,0.0
89020,0,0.577195225,58,0,0.558017004,8350.0,9,0,2,0,0.0
89022,0,0.028017672,53,0,0.427267003,6351.0,6,0,2,0,0.0
89023,0,0.23855229,79,0,0.012064805,2900.0,1,0,0,0,0.0
89024,0,0.7425174390000001,58,1,0.633201416,4800.0,8,0,1,0,2.0
89026,0,0.025953973999999998,59,0,1049.0,,3,0,2,0,0.0
89027,0,0.19326101399999998,66,0,378.0,,6,0,0,0,0.0
89029,0,0.0,76,0,1327.0,,10,0,1,0,0.0
89030,0,0.049148682,56,0,516.0,,7,0,1,0,0.0
89031,0,0.922153892,52,1,0.383957338,9000.0,8,0,1,0,1.0
89032,0,0.026158949,53,0,0.156512465,7500.0,8,0,1,0,0.0
89033,0,0.040591882,51,0,1443.0,,2,0,1,0,0.0
89034,0,0.060770622999999996,44,0,429.0,,5,0,0,0,0.0
89035,0,0.94615055,48,0,1.4415584419999998,1000.0,7,0,0,0,0.0
89036,0,0.187957863,44,0,0.656072645,6166.0,12,0,3,0,6.0
89037,0,0.178620344,55,0,0.41170750700000003,5141.0,19,0,1,0,0.0
89041,0,0.413994517,58,0,0.236386492,17500.0,9,0,2,0,0.0
89042,0,0.877809642,49,0,0.416491,12333.0,12,0,1,0,0.0
89044,0,0.129782284,43,0,3674.0,,10,0,2,0,0.0
89046,0,0.624404257,81,0,0.392699811,4766.0,8,0,1,0,0.0
89047,0,0.125360569,35,0,0.049994048,8400.0,7,0,0,0,1.0
89048,0,0.0,44,0,0.053194680999999994,10000.0,6,0,0,0,0.0
89049,0,0.128594354,61,0,0.06695233,5600.0,16,0,0,0,2.0
89050,0,4086.0,34,0,122.0,,1,0,0,0,
89051,0,0.8085957020000001,37,0,0.090275674,3300.0,2,0,0,0,0.0
89056,1,0.20439995800000002,62,0,0.141094782,14833.0,11,0,1,0,1.0
89060,0,0.005326821,29,0,0.185894979,2608.0,10,0,0,0,0.0
89061,0,0.9999998999999999,55,2,0.000514227,5833.0,7,0,0,2,0.0
89062,0,0.262364916,63,2,0.47853828299999995,6895.0,15,0,2,0,0.0
89063,0,0.9810019,42,3,0.942726231,3491.0,14,0,3,0,2.0
89064,0,0.054238915,66,0,0.158490928,10416.0,6,0,2,0,0.0
89065,0,0.018783653,36,0,1.9133669309999999,4166.0,9,0,5,0,0.0
89066,1,1.096890724,31,0,0.318099195,3850.0,8,3,0,0,0.0
89068,0,0.596745314,64,0,0.353682316,20000.0,22,0,2,0,1.0
89070,0,0.22838922600000003,44,3,0.38992201600000004,5000.0,13,0,2,0,3.0
89071,0,0.9999998999999999,68,6,1.308752584,1450.0,8,3,2,3,0.0
89072,1,0.7155196429999999,43,0,1.180532771,12800.0,21,0,7,0,2.0
89073,0,0.133624216,48,0,0.21347716100000003,7508.0,6,0,2,0,0.0
89074,0,0.02062738,64,0,1749.0,,11,0,1,0,4.0
89075,0,0.252613033,48,0,0.507141657,5950.0,8,0,1,0,2.0
89076,0,0.161071845,58,0,0.154423959,10250.0,21,0,2,0,0.0
89077,0,0.0,60,0,0.085987848,5430.0,12,0,0,0,1.0
89080,0,0.02067455,66,0,0.24267836399999998,7750.0,16,0,1,0,0.0
89086,0,0.224817226,46,0,301.0,,5,0,0,0,0.0
89087,0,0.432590675,43,0,0.268229616,5800.0,8,0,1,0,2.0
89088,1,0.9714006829999999,45,3,0.747402078,1250.0,15,0,1,0,0.0
89089,0,0.11788853199999999,68,0,0.376363764,14206.0,7,0,1,0,0.0
89092,1,0.9999998999999999,43,0,0.0,5900.0,2,0,0,1,2.0
89094,0,0.031309385,56,0,255.0,,10,0,1,0,0.0
89096,0,0.126872284,40,0,1764.0,,5,0,1,0,0.0
89097,0,0.322867014,62,0,0.35873388,5117.0,23,0,2,0,0.0
89098,0,0.45685576299999997,39,0,2319.0,,8,0,2,0,0.0
89099,0,0.027730743,49,0,2316.0,,9,0,2,0,0.0
89100,0,0.419674858,59,0,0.21578862399999998,18582.0,10,0,1,0,0.0
89101,0,0.5833963529999999,65,0,0.071930946,3127.0,9,0,0,0,0.0
89102,0,0.019997143000000002,53,1,0.25979535800000003,12020.0,7,0,1,0,1.0
89103,0,0.27524359600000003,44,0,0.356128774,5000.0,5,0,2,0,1.0
89104,0,0.15419958,52,1,0.366126775,5000.0,29,0,2,0,0.0
89107,0,0.035105277000000004,62,0,0.044651783,3000.0,6,0,0,0,2.0
89108,0,0.8907123109999999,43,0,0.160382775,5224.0,3,0,0,0,0.0
89109,0,0.11288711300000001,22,0,0.003225806,929.0,2,0,0,0,0.0
89111,0,0.008571184,54,0,3008.0,,11,0,3,0,2.0
89112,0,0.006212502,35,0,0.504338195,5416.0,9,0,2,0,3.0
89113,0,0.13665176199999998,41,0,0.45829301299999997,5166.0,8,0,1,1,1.0
89114,0,0.0,38,0,0.31828580100000003,6556.0,5,0,1,0,0.0
89115,0,0.9076602029999999,41,0,0.129945856,2400.0,4,0,0,0,2.0
89116,0,0.9999998999999999,55,0,0.271945225,5695.0,3,0,1,0,0.0
89118,1,0.9999998999999999,35,0,0.08360427299999999,4305.0,1,0,0,1,0.0
89119,0,0.164887502,62,0,0.340376291,23332.0,13,0,4,0,0.0
89120,1,0.947144613,39,0,0.7034714790000001,6538.0,14,0,2,0,0.0
89121,0,0.002567838,44,0,1.110757479,1570.0,4,0,1,0,0.0
89122,0,0.020875045,60,0,0.005587907,17000.0,9,0,0,0,1.0
89123,0,0.0,62,0,1144.0,,5,0,0,0,0.0
89124,0,0.316695353,40,0,115.0,,5,0,0,0,1.0
89125,0,0.584201442,53,0,0.270218839,2101.0,5,0,0,0,0.0
89126,0,0.531933001,44,0,0.567814293,3833.0,5,0,1,0,1.0
89128,0,0.0,67,0,941.0,0.0,10,0,1,0,0.0
89129,0,0.272231819,31,0,0.398011656,2916.0,10,0,2,0,0.0
89130,0,0.9999998999999999,33,0,5395.0,,4,0,1,0,0.0
89131,0,0.246288375,53,0,0.230571282,13600.0,15,0,1,0,1.0
89132,0,0.0,40,0,0.381041856,15433.0,10,0,3,0,2.0
89133,0,0.304977765,40,0,0.445548833,4627.0,11,1,1,0,1.0
89134,0,0.0,49,0,1834.0,,4,0,1,0,0.0
89136,0,0.16899155,50,0,1166.0,,3,0,1,0,0.0
89137,0,0.645885498,60,0,0.422863085,25000.0,29,0,3,0,0.0
89138,0,0.048301202,54,0,0.005140738,11865.0,7,0,0,0,0.0
89139,0,0.39329809600000004,57,1,0.502633919,14616.0,18,0,4,1,1.0
89140,0,0.054439909,48,0,0.325779037,6000.0,14,0,1,0,2.0
89141,0,0.021008224,66,0,44.0,,11,0,0,0,0.0
89142,0,0.9999998999999999,64,0,418.0,,1,0,0,0,0.0
89143,0,0.014474638,65,0,389.0,,15,0,0,0,
89144,0,0.6184294220000001,62,0,0.5295262070000001,8737.0,10,0,2,0,1.0
89145,0,0.949787508,50,0,0.355415097,8226.0,5,0,0,0,0.0
89146,0,0.28731504399999996,56,0,0.34851009899999996,15000.0,36,0,3,0,1.0
89148,0,0.056598971,42,0,1482.0,,5,0,1,0,1.0
89149,0,0.749722243,35,1,0.137155847,3958.0,8,0,0,0,0.0
89150,0,0.13481680599999998,59,0,0.019946198000000002,15240.0,10,0,1,0,0.0
89152,0,0.8947380009999999,52,0,0.516179953,3800.0,15,0,0,0,0.0
89155,0,0.010175871999999999,61,0,0.0019992,2500.0,1,0,0,0,0.0
89156,1,0.9999998999999999,47,0,0.0053309640000000005,2250.0,1,2,0,0,0.0
89157,1,1.012422988,54,2,6659.0,,15,0,2,0,1.0
89158,0,0.0,50,0,3041.0,,7,0,2,0,0.0
89159,0,0.9999998999999999,36,0,0.194521346,6862.0,4,0,1,0,0.0
89161,0,0.133879728,63,0,0.299898536,6898.0,9,0,1,0,1.0
89163,0,0.805431534,51,0,0.39945685700000005,8100.0,11,0,2,0,1.0
89164,0,0.863641256,50,0,0.728263104,4864.0,11,0,1,0,2.0
89167,0,0.000939475,54,0,1.0,,5,0,0,0,0.0
89168,0,0.205132478,47,0,1918.0,,8,0,1,0,0.0
89169,0,0.9999998999999999,54,0,0.008660893000000001,1500.0,3,1,0,1,1.0
89170,0,0.0,49,0,1865.0,,8,1,1,0,0.0
89171,0,0.019686703,68,0,0.618492295,2400.0,7,0,1,0,0.0
89172,0,0.981031843,42,0,0.913755722,4150.0,14,0,0,0,0.0
89173,0,0.167295482,56,0,0.450279197,8416.0,14,0,2,0,2.0
89175,0,0.053986503,68,0,1648.0,,4,0,1,0,0.0
89179,0,0.0014450029999999998,40,1,0.413917217,5000.0,5,0,2,0,0.0
89182,0,0.44513577200000004,56,0,0.065555135,7916.0,6,0,0,0,4.0
89186,0,0.037998973,81,0,42.0,,15,0,0,0,
89187,0,0.898686311,32,0,1.132420771,6720.0,13,0,7,0,0.0
89188,0,0.027330297000000003,50,0,0.076223641,5168.0,7,0,0,0,1.0
89189,0,0.642371746,48,0,0.300651354,5833.0,11,0,0,0,4.0
89190,0,0.24148658399999998,59,0,0.32666802699999997,4900.0,3,0,1,0,2.0
89191,0,0.0,61,3,0.081700675,12300.0,20,0,1,0,0.0
89192,0,0.9999998999999999,56,0,0.013545473999999998,4650.0,1,2,0,0,1.0
89194,0,0.788678057,62,0,0.975512244,2000.0,11,0,1,0,0.0
89195,0,0.006430509,66,0,0.17464726100000003,9000.0,22,0,1,0,0.0
89196,0,0.146285371,59,0,0.32671019,7045.0,4,0,1,0,1.0
89197,0,0.335463691,75,0,0.499933342,7500.0,25,0,2,0,1.0
89198,0,0.146370726,50,0,0.411631846,7083.0,8,0,3,0,3.0
89199,0,0.9777952959999999,64,0,0.617593602,2750.0,9,0,2,0,0.0
89200,0,0.09844003300000001,40,0,1.346362404,4425.0,11,0,4,0,0.0
89202,1,0.950703407,44,1,0.238319962,2118.0,7,3,0,0,2.0
89204,0,0.552433637,55,0,0.369897769,13400.0,14,0,2,0,0.0
89206,0,0.11990364099999999,64,0,1000.0,,2,0,1,0,
89207,0,0.741410344,61,0,0.578760275,4500.0,9,0,2,0,0.0
89208,0,0.071012349,61,0,0.28748936199999997,5874.0,24,0,1,0,0.0
89210,0,0.015492253999999999,24,0,0.0,,1,0,0,0,
89212,0,0.004813859,88,0,0.073352954,4416.0,13,0,0,0,1.0
89213,0,0.45965572200000004,46,0,1.103758931,3218.0,7,0,2,0,0.0
89215,0,0.1339933,63,0,0.23758537899999999,5416.0,4,0,2,0,1.0
89216,0,0.335329341,22,0,5.0,0.0,1,0,0,0,0.0
89217,0,0.085731019,55,0,2600.0,,14,0,2,0,0.0
89219,0,0.05981377,69,0,0.11677631599999999,2431.0,6,0,0,0,0.0
89220,0,0.31612694199999997,41,1,0.7109029859999999,5658.0,13,0,3,0,1.0
89221,0,0.000599983,49,0,0.380211574,9641.0,11,0,3,0,0.0
89223,0,0.625697207,39,1,0.742756505,8800.0,11,0,6,0,1.0
89225,0,0.022083792,53,0,0.20597057600000002,7000.0,10,0,1,0,2.0
89227,0,0.009048698,61,0,0.315817839,3710.0,13,0,0,0,1.0
89230,0,0.026709924,34,0,0.232656771,3300.0,7,0,1,0,0.0
89231,0,0.0,65,0,1293.0,,4,0,1,0,0.0
89232,0,0.6487013779999999,36,0,0.503408781,3666.0,7,0,1,0,0.0
89233,0,0.008698034,50,4,5.690515807000001,600.0,14,0,2,0,3.0
89234,1,0.134771834,48,0,0.7234553090000001,5000.0,25,0,2,0,0.0
89235,0,0.142272545,52,0,0.246875,5439.0,11,0,1,0,4.0
89236,0,0.0,59,0,3378.0,,13,0,2,0,0.0
89237,0,0.481203602,61,0,0.8213928690000001,3000.0,17,0,1,0,1.0
89238,0,0.055194995999999996,43,0,0.011710205,7770.0,7,0,0,0,0.0
89239,0,0.013566213999999998,55,0,0.164567087,5000.0,4,0,1,0,0.0
89241,0,0.235330667,56,0,0.326668217,4300.0,5,0,2,0,0.0
89242,0,0.090090991,39,0,1.109931293,1600.0,4,0,2,0,0.0
89243,0,1.000192271,42,2,0.20628156600000003,6335.0,9,0,0,0,0.0
89245,0,0.11243993099999999,62,0,0.436757175,10348.0,19,0,2,0,1.0
89246,0,0.0,65,0,1988.0,,16,0,1,0,0.0
89249,0,0.06688380299999999,45,0,7567.0,,11,0,5,0,2.0
89251,0,0.729915614,50,0,0.318638343,11250.0,7,0,1,0,3.0
89252,0,0.0007589669999999999,80,0,0.120106901,6360.0,9,0,1,0,0.0
89253,0,0.062871362,47,0,0.099825425,6300.0,16,0,1,0,1.0
89255,1,0.9999998999999999,45,2,0.324523098,4350.0,6,0,0,2,3.0
89256,0,0.829695381,49,3,0.109257815,16666.0,7,0,0,0,0.0
89257,0,0.42490162600000003,50,0,0.2857013,11000.0,15,0,1,0,3.0
89258,0,0.261235157,25,0,0.133622126,3000.0,3,0,0,0,0.0
89259,0,0.46148251799999995,33,0,4926.0,,7,0,1,0,2.0
89260,0,0.7510923270000001,81,0,1.19533453,3900.0,10,0,1,0,0.0
89261,0,0.020996389,54,0,546.0,0.0,13,0,1,0,0.0
89263,1,0.9212827990000001,22,0,1141.0,,14,0,0,0,0.0
89264,0,0.559467548,48,0,0.8991442540000001,3271.0,19,0,1,0,0.0
89265,0,0.029635017000000003,67,0,0.39614243299999996,10783.0,9,0,4,0,1.0
89266,0,0.625307595,77,0,1952.0,,9,0,0,0,0.0
89267,0,0.22307296699999998,39,0,0.116823765,3500.0,5,0,0,0,0.0
89269,0,0.122083038,56,0,0.235284632,6200.0,12,0,1,0,1.0
89270,0,0.029936859,73,0,3293.0,0.0,20,0,3,0,0.0
89272,0,0.020394328,35,0,0.140337123,2550.0,4,0,0,0,0.0
89274,0,0.017596188999999998,72,0,0.004429679000000001,5417.0,8,0,0,0,0.0
89276,0,0.295667022,60,0,0.34798376700000005,11580.0,8,0,2,0,0.0
89277,0,0.014298918999999998,80,0,0.12449751,16666.0,13,0,1,0,0.0
89278,0,0.017236454,43,0,0.787489289,3500.0,7,0,2,0,2.0
89281,1,0.150901703,40,0,0.31166883300000003,10000.0,27,0,3,0,5.0
89283,0,0.028098595,50,0,0.210650754,8881.0,4,0,2,0,2.0
89285,0,0.100947574,63,0,0.012597481,5000.0,3,0,0,0,0.0
89286,0,0.310710637,38,0,0.277337559,8833.0,6,0,1,0,1.0
89288,0,0.08080808099999999,63,0,0.232218378,2600.0,7,0,0,0,0.0
89289,0,0.36809397,67,0,0.34783152100000003,8000.0,9,0,1,0,0.0
89290,0,0.010474738,85,0,11.0,,3,0,0,0,0.0
89291,0,0.127867894,54,0,2178.0,0.0,7,0,1,0,0.0
89292,0,0.369563044,31,0,0.455011536,3900.0,9,0,1,0,0.0
89294,0,0.026063608,41,0,0.005485087,2916.0,3,0,0,0,0.0
89295,0,0.080843044,45,0,0.21778154100000002,11809.0,6,0,1,0,0.0
89296,0,0.066693331,31,0,0.292569144,3000.0,4,0,0,0,0.0
89297,0,0.631409215,55,2,0.395789271,10401.0,13,0,3,0,0.0
89298,0,0.050058184000000006,43,0,1268.0,,15,0,1,0,1.0
89300,0,0.71505938,49,1,0.15747154900000002,8083.0,7,0,0,0,2.0
89302,0,0.96200304,42,0,0.6036048820000001,7045.0,9,0,2,0,2.0
89304,0,0.156706887,40,0,0.43347847100000003,6200.0,11,0,2,0,4.0
89306,0,0.17706995600000003,70,0,0.11120522699999999,8263.0,11,0,0,0,1.0
89307,0,0.9999998999999999,86,0,0.0,,4,0,0,0,0.0
89308,0,0.141431125,52,0,0.323792663,10166.0,7,0,2,0,0.0
89309,0,0.9999998999999999,57,0,592.0,,4,3,0,0,0.0
89310,0,0.008409801,40,1,0.00479904,5000.0,12,0,0,0,0.0
89312,0,0.0060596109999999995,64,0,0.7323179879999999,8666.0,19,0,5,0,0.0
89313,0,0.001354751,68,0,0.21557431300000002,12083.0,6,0,2,0,0.0
89314,0,0.329687655,54,0,0.48935866299999997,7000.0,12,0,2,0,0.0
89315,0,0.9999998999999999,43,0,3483.0,,1,0,1,0,1.0
89316,0,0.09032343,67,0,0.353009037,5200.0,24,0,1,0,0.0
89318,0,0.064822908,43,0,0.584262504,9416.0,17,0,5,0,1.0
89319,0,0.7256462090000001,41,0,1.681829543,4000.0,9,0,3,0,3.0
89320,0,0.282792278,44,1,0.269591301,2666.0,5,0,0,0,1.0
89321,0,0.0,44,0,0.0017205120000000002,5230.0,2,0,0,0,0.0
89323,0,0.973262032,74,0,0.110910323,4426.0,6,0,0,1,0.0
89326,0,0.47884187100000003,33,0,0.670705847,3300.0,3,0,2,0,0.0
89328,0,0.876830775,56,0,0.386863201,11600.0,15,0,1,0,0.0
89329,0,0.157218675,59,0,61.0,,2,0,0,0,0.0
89330,0,0.0011076810000000001,74,0,130.0,,22,0,0,0,0.0
89331,0,0.9999998999999999,21,0,0.0,1000.0,1,0,0,0,0.0
89332,0,0.629546658,55,1,0.58496853,2700.0,7,0,1,0,0.0
89333,0,0.195826712,71,0,0.449105398,6650.0,19,0,2,0,0.0
89334,0,0.295390227,42,0,0.510146645,6750.0,8,0,1,0,0.0
89335,0,0.041289946,36,0,0.9753415529999999,3000.0,7,0,2,0,0.0
89339,0,0.247293818,69,0,0.260528331,5223.0,5,0,0,0,0.0
89341,0,0.419032544,29,0,1.4862568719999998,2000.0,28,0,0,0,0.0
89344,0,0.9582711540000001,42,0,0.6958061940000001,8750.0,7,0,2,0,0.0
89345,0,0.028863237000000003,53,0,0.17094826600000002,8446.0,11,0,2,0,0.0
89346,0,0.360631551,57,0,0.258576475,20666.0,13,0,2,0,1.0
89348,0,0.23301369600000002,59,0,0.524781961,4700.0,9,0,1,0,1.0
89349,1,1.005241441,38,2,0.19863356100000001,6000.0,5,0,0,0,3.0
89353,0,0.114584743,45,0,1.308269173,10000.0,16,0,7,0,6.0
89355,0,0.0,36,0,0.46203284899999997,4200.0,3,0,2,0,1.0
89357,0,0.093158263,63,0,0.361755802,3963.0,4,0,1,0,0.0
89359,0,0.155310949,42,0,0.285452425,6000.0,18,0,0,0,0.0
89360,0,0.64785553,31,0,324.0,,5,0,0,0,0.0
89362,0,0.9999998999999999,66,0,0.462405285,5146.0,5,0,2,0,0.0
89363,0,0.017734029,69,0,0.00666508,4200.0,7,0,0,0,0.0
89364,0,0.098903545,42,0,1476.0,,7,0,1,0,1.0
89365,0,0.011189943,43,0,0.454072068,4800.0,5,0,2,0,4.0
89366,1,0.8863636359999999,52,2,0.06862612900000001,7416.0,4,0,0,0,1.0
89367,1,0.657352022,52,1,3566.0,,7,0,3,0,0.0
89368,0,0.112611282,43,0,0.522695461,5000.0,4,0,2,0,2.0
89371,0,0.06433497099999999,50,0,0.668614357,9583.0,10,0,2,0,0.0
89372,0,0.004090537,27,0,0.0859375,3583.0,3,0,0,0,0.0
89373,0,0.027899037999999998,58,0,0.185220455,10500.0,15,0,2,0,0.0
89374,1,0.954048887,48,1,1549.0,,21,0,0,1,0.0
89375,0,0.17721752100000002,73,0,1241.0,,18,0,1,0,0.0
89377,0,0.041767287,78,0,0.009997223000000001,3600.0,3,0,0,0,0.0
89379,0,0.5589506129999999,54,0,0.34123821600000004,10288.0,16,0,2,0,2.0
89380,0,0.072091805,69,0,0.101649725,6000.0,6,0,1,0,0.0
89381,0,0.20801025199999998,67,3,0.46780390299999997,6506.0,15,0,2,0,1.0
89383,0,0.0,33,0,0.729128015,4850.0,3,0,2,0,0.0
89384,0,0.002285671,80,0,0.001043841,2873.0,4,0,0,0,0.0
89385,0,0.072139423,48,0,0.015549223000000001,20000.0,7,0,0,0,1.0
89386,0,0.014132391000000001,53,0,0.000922935,6500.0,3,0,0,0,2.0
89387,0,0.002808926,61,0,0.25215811,2200.0,8,0,1,0,1.0
89389,0,0.18379356300000002,53,0,0.11868037699999999,2333.0,10,0,0,0,0.0
89390,0,0.00040025,56,0,0.184971098,6400.0,9,0,2,0,3.0
89393,0,0.08457417,53,0,0.346745442,9816.0,15,0,1,0,0.0
89394,0,0.038084603,70,0,0.302295816,12500.0,12,0,1,0,0.0
89395,0,0.75570524,59,0,0.8441134459999999,4900.0,29,0,0,0,2.0
89396,0,0.014569347,30,0,0.10654389999999998,3040.0,4,0,0,0,0.0
89399,0,0.736710548,51,0,0.313151399,14583.0,11,0,2,0,2.0
89400,0,0.9999998999999999,23,0,0.0,,0,0,0,0,
89401,0,0.027263262000000003,84,0,0.064705882,509.0,5,0,0,0,0.0
89402,0,0.61647997,52,0,1357.0,,7,0,1,1,1.0
89403,0,0.0,34,0,0.297400473,5500.0,8,0,1,0,0.0
89404,0,0.288347391,32,1,0.044825862,6000.0,2,1,0,0,1.0
89408,0,0.42632462600000004,46,0,0.40789696700000005,5900.0,11,0,1,0,2.0
89409,0,0.024693616,65,0,1.155193237,3311.0,6,0,1,0,0.0
89410,0,0.072554414,64,2,0.881631565,3750.0,24,0,1,0,1.0
89411,0,0.025132914,56,0,0.16936050600000002,11383.0,6,0,1,0,0.0
89412,0,0.0,49,0,0.219556714,3834.0,6,0,1,0,0.0
89413,0,0.07473342599999999,35,0,0.300314811,13658.0,12,0,4,0,2.0
89414,0,0.353119315,51,0,0.417686942,20500.0,13,0,3,0,3.0
89415,0,0.098958122,68,0,0.02179782,10000.0,9,0,0,0,0.0
89416,0,0.015813708,57,0,2280.0,,6,0,1,0,1.0
89418,0,0.000498331,58,0,0.16995473600000002,11708.0,12,0,2,0,0.0
89419,0,0.8288900379999999,52,1,0.404047676,12500.0,15,0,3,0,0.0
89421,0,0.179211213,54,0,0.27727779199999997,11666.0,15,0,2,0,1.0
89423,0,0.045458754000000004,68,0,109.0,,5,0,0,0,0.0
89424,0,0.151434559,66,2,0.164985001,11000.0,16,0,1,0,0.0
89425,0,0.0,53,0,0.41779647799999997,12833.0,14,0,2,0,0.0
89426,0,0.037874662999999996,76,0,0.235742228,9713.0,12,0,1,0,1.0
89428,0,0.016583993999999998,59,0,0.27002062600000004,11150.0,9,0,2,0,1.0
89430,0,0.0,38,0,2.5149900069999997,1500.0,4,0,1,0,3.0
89433,0,0.098325279,45,0,0.167563095,4833.0,6,0,1,0,4.0
89436,0,0.192233853,46,0,0.6823979590000001,9407.0,11,0,4,0,1.0
89437,1,0.9999998999999999,43,1,0.10511430599999999,4242.0,2,0,0,1,3.0
89439,0,0.041443522999999996,84,0,0.124319893,13416.0,5,0,1,0,0.0
89440,0,0.035008788,63,0,0.507097792,1267.0,29,0,0,0,0.0
89441,0,0.20050646100000002,57,0,0.015723808,5850.0,4,0,0,0,1.0
89442,0,0.041093111,74,0,0.232579603,6500.0,12,0,1,0,0.0
89445,0,0.002557293,63,0,0.334266293,2500.0,7,0,0,0,0.0
89446,0,1.008974129,41,1,0.459134317,16125.0,11,0,5,0,3.0
89448,1,0.37762314399999997,44,1,0.185881219,8300.0,5,0,1,0,2.0
89449,1,0.148284391,57,0,0.10953589,6700.0,9,0,0,0,0.0
89450,0,0.038019632000000005,51,0,0.197690115,20000.0,12,0,2,0,3.0
89451,0,1.068214643,35,6,1885.0,0.0,8,0,0,1,3.0
89452,0,0.09016627599999999,67,0,1.042689076,2974.0,4,0,3,0,0.0
89453,0,0.6826421340000001,63,0,0.59252494,7116.0,17,0,3,0,0.0
89454,0,0.237655247,65,0,4007.0,,6,0,2,0,0.0
89455,0,0.9999998999999999,35,0,2262.0,,8,0,2,0,1.0
89456,0,0.9999998999999999,59,0,0.205173016,2860.0,1,0,0,0,0.0
89457,1,1.015138532,46,0,0.222066058,2845.0,3,0,0,0,2.0
89458,0,0.516831579,37,0,0.862385321,1852.0,8,0,1,0,0.0
89460,0,0.099900839,68,0,0.290924674,10500.0,10,0,2,0,0.0
89461,0,0.126222353,55,1,0.033728836,7500.0,8,0,0,0,0.0
89463,0,0.9999998999999999,28,0,0.0,2500.0,2,0,0,0,0.0
89464,0,0.749837978,70,1,0.386812046,1925.0,11,0,0,0,0.0
89465,0,0.014141751999999999,41,0,1335.0,,5,0,1,0,0.0
89466,0,0.058849019,50,0,0.39202235799999996,7871.0,7,0,1,0,3.0
89467,0,0.28966949,43,0,0.7125149940000001,2500.0,7,0,1,0,2.0
89469,0,1.101796407,29,0,0.004323156,3700.0,1,0,0,0,0.0
89470,0,0.6818564220000001,68,0,0.152375544,5282.0,11,0,0,0,0.0
89471,0,0.715907704,54,0,0.323489217,30000.0,18,0,2,0,1.0
89472,0,0.20101374600000002,45,1,0.403388036,5666.0,12,0,2,0,1.0
89474,0,0.94342714,32,0,0.171406003,2531.0,4,0,0,0,0.0
89475,0,0.11584246,28,0,0.06284218,4200.0,6,0,0,0,3.0
89476,0,0.005256595,69,0,0.004132231,1451.0,7,0,0,0,0.0
89478,0,0.217146753,37,0,0.369526095,5000.0,6,0,1,0,0.0
89480,0,0.9772091159999999,38,0,0.397990389,4577.0,6,0,2,0,0.0
89481,0,0.016970596,61,1,0.099215505,4333.0,13,0,0,0,4.0
89482,0,0.04169583,72,0,12.0,,2,0,0,0,0.0
89483,0,0.0,79,2,0.377284777,7166.0,7,0,3,0,0.0
89484,0,0.003903163,70,0,7.0,,5,0,0,0,0.0
89485,0,0.275448329,60,0,0.205965672,6000.0,6,0,1,0,0.0
89486,0,0.0,24,0,0.0,764.0,3,0,0,0,0.0
89487,0,0.13197609300000002,51,0,0.440318859,4766.0,13,0,2,0,2.0
89489,0,0.04609194,36,0,1784.0,,6,0,1,0,0.0
89490,0,0.074042657,62,1,0.22517748199999998,10000.0,14,0,2,0,0.0
89491,0,0.0,83,0,0.0,,4,0,0,0,
89492,0,0.0013952679999999999,80,0,0.0,2232.0,1,0,0,0,0.0
89493,0,0.020194629,80,0,24.0,,3,0,0,0,
89494,0,0.16828956399999997,59,0,0.175164967,3333.0,6,0,0,0,0.0
89498,0,0.9505287440000001,47,0,0.9599479470000001,6915.0,7,0,2,0,2.0
89499,0,0.175229453,46,0,0.077766234,38499.0,11,0,1,0,2.0
89500,0,0.333212143,27,0,0.26223491,2451.0,4,0,0,0,0.0
89502,0,0.300067955,50,0,0.361708573,3300.0,16,0,0,0,1.0
89503,0,0.143818232,64,0,0.6300547870000001,3832.0,7,0,2,0,1.0
89504,0,0.303935846,44,0,0.566500742,11450.0,7,0,4,0,2.0
89505,1,0.8634243840000001,51,1,897.0,,2,0,1,1,0.0
89506,0,0.6079209720000001,69,0,0.465206959,3333.0,4,0,1,0,0.0
89507,0,0.014836688,81,0,0.14285714300000002,5333.0,5,0,0,0,1.0
89509,0,0.553055394,57,0,4144.0,,17,0,2,0,1.0
89510,0,0.175536074,58,0,2430.0,,9,0,2,0,0.0
89511,0,0.0,66,0,0.327255278,2083.0,5,0,1,0,0.0
89512,0,0.707093283,47,0,0.46831646,2666.0,3,0,1,0,0.0
89513,0,0.02759862,73,0,656.0,,2,0,1,0,0.0
89514,0,0.566830365,35,0,0.122829176,6333.0,8,0,0,1,2.0
89515,1,0.7988966470000001,54,3,0.586834419,4450.0,12,0,2,0,0.0
89516,0,0.0,51,2,0.394557823,7202.0,13,0,1,0,0.0
89517,0,0.0,62,0,1.038800705,1700.0,8,0,1,0,0.0
89518,0,0.013680053999999999,80,0,0.08918216400000001,5000.0,11,0,0,0,0.0
89519,0,0.088461002,36,0,0.236788358,7833.0,9,0,2,0,3.0
89520,0,0.180895478,58,0,0.39644308899999997,9839.0,7,0,3,0,0.0
89521,0,0.04266517,67,0,48.0,,3,0,0,0,0.0
89523,0,0.240942388,33,0,0.053810355,6875.0,5,0,0,0,0.0
89526,0,0.644596555,59,0,0.413930235,8800.0,18,1,3,0,0.0
89527,0,0.023416247999999997,59,0,0.009140246,3500.0,4,0,0,0,0.0
89528,0,0.055675647,50,0,0.065683842,6850.0,8,0,0,0,3.0
89529,0,0.045926129,33,0,0.273290963,6450.0,14,0,1,0,0.0
89530,0,5.347652348,31,0,0.4704282,8453.0,5,0,1,0,0.0
89531,0,0.206953429,79,0,0.206698325,4000.0,8,0,0,0,0.0
89532,0,0.106261364,53,0,0.460567429,8000.0,13,0,1,0,2.0
89533,0,0.063204023,62,0,0.599744246,6255.0,6,0,1,0,0.0
89534,0,0.0,44,0,0.668266347,5000.0,10,0,2,0,2.0
89537,0,0.0,34,0,635.0,,2,0,1,0,0.0
89538,0,0.22027079800000002,50,0,907.0,,6,0,0,0,4.0
89540,0,0.17811278600000002,66,0,758.0,,4,0,1,0,0.0
89542,0,0.13467095199999998,55,0,0.19957700399999997,10401.0,5,0,2,0,1.0
89543,0,0.572554902,41,0,0.589568405,6000.0,12,0,2,0,2.0
89544,0,0.304813196,54,0,0.263073693,10000.0,8,0,2,0,1.0
89545,0,0.014345193999999999,48,0,9256.0,,9,0,6,0,
89546,0,0.008159781999999999,69,0,1263.0,,6,0,2,0,0.0
89547,0,0.005747215,34,0,0.018796241,5000.0,8,0,0,0,0.0
89548,0,0.019713722,58,0,3324.0,,6,0,1,0,0.0
89549,0,0.135613872,46,0,0.434942771,7600.0,17,0,3,0,2.0
89550,0,0.9111969109999999,32,0,0.441860465,2880.0,6,0,1,0,2.0
89553,0,0.0,71,0,523.0,,3,0,1,0,0.0
89554,0,0.064642972,73,0,0.008024998,14080.0,12,0,0,0,1.0
89555,0,0.04189128,75,0,30.0,,6,0,0,0,0.0
89557,0,0.034589337000000005,53,0,61.0,,8,1,0,0,0.0
89559,0,0.130197308,51,0,0.473648534,5900.0,15,0,1,0,0.0
89562,0,0.914057295,26,0,0.068219634,600.0,1,0,0,0,0.0
89564,0,0.711729622,51,3,1411.0,,10,0,0,2,0.0
89567,0,0.08604062,43,0,0.44088977799999995,4000.0,3,0,1,0,0.0
89568,0,0.034467699,49,0,0.185031185,10100.0,15,0,2,0,2.0
89569,0,0.048273054,62,0,0.140241839,32500.0,19,0,1,0,1.0
89570,0,0.079140245,74,0,0.356842282,5940.0,6,0,2,0,0.0
89572,0,0.015591475,80,0,35.0,0.0,12,0,0,0,0.0
89573,0,0.819588069,73,0,0.755731555,2398.0,9,0,1,0,0.0
89574,1,0.9999998999999999,36,0,963.0,,2,0,0,0,0.0
89575,0,0.011272471000000001,35,0,0.111891441,8400.0,7,0,1,0,2.0
89576,0,0.031109959,65,0,0.004674718,5133.0,4,0,0,0,0.0
89577,0,1.016469619,34,0,0.202399859,5666.0,4,0,0,0,2.0
89581,0,0.0029999420000000002,59,0,0.46743411100000004,3300.0,13,0,1,0,0.0
89583,0,0.724183877,39,0,0.287549407,7083.0,5,0,1,0,0.0
89584,0,0.004298393,67,0,0.22918586800000001,6509.0,7,0,1,0,0.0
89586,0,0.40722131899999997,59,0,0.39547192,3400.0,6,0,0,0,0.0
89587,0,0.185809909,54,2,0.669844222,4300.0,19,0,3,0,1.0
89589,0,0.042400438,59,0,0.28354329100000003,5000.0,12,0,2,0,0.0
89591,0,0.0,40,4,0.19029633899999998,6883.0,11,0,2,0,0.0
89592,0,0.298922365,42,0,4861.0,,11,0,3,0,0.0
89594,0,0.06575572,41,0,0.371713147,2509.0,13,0,1,0,1.0
89595,1,0.441679749,46,3,0.56135966,4000.0,14,0,1,0,3.0
89599,0,0.037710693999999996,58,0,0.9359445120000001,2450.0,6,0,3,0,0.0
89601,0,0.9999998999999999,59,98,0.0,,0,98,0,98,0.0
89602,0,0.048059428,57,0,2009.0,,7,0,1,0,0.0
89605,0,0.014811588,68,0,0.283589368,4100.0,13,0,0,0,0.0
89607,0,0.262223824,36,0,0.150706113,9700.0,9,0,0,0,5.0
89608,0,0.348704933,64,0,0.407148213,4000.0,18,0,2,0,0.0
89609,0,0.230567324,51,0,0.26124925,15000.0,18,0,3,0,0.0
89611,0,0.164983502,52,0,4.331114809,600.0,2,0,1,0,1.0
89612,0,0.063240192,54,0,0.015745818,7112.0,10,0,0,0,2.0
89614,0,0.0,23,0,33.0,,1,0,0,0,0.0
89617,0,0.7073045929999999,54,1,0.541848089,6200.0,17,0,2,0,0.0
89618,0,0.02829034,51,0,0.00627834,5733.0,3,0,0,0,0.0
89619,0,0.131363788,59,0,0.270178005,4100.0,10,0,2,0,0.0
89621,0,0.010524737,34,0,0.0021625520000000003,5548.0,3,0,0,0,0.0
89622,0,0.22059139100000003,32,0,0.569252737,2100.0,7,0,1,0,0.0
89624,0,0.0006662230000000001,23,0,0.0,2557.0,2,0,0,0,0.0
89627,0,0.24604872100000003,55,0,2825.0,,9,0,1,0,1.0
89629,0,0.071415598,48,0,0.429357064,10000.0,15,0,2,0,0.0
89630,0,0.027932283,50,0,0.769376457,6863.0,8,0,3,0,0.0
89632,0,0.013127531999999999,49,0,0.003157562,3166.0,10,0,0,0,1.0
89633,0,0.0,22,0,0.0,820.0,2,0,0,0,0.0
89634,0,0.031410293,61,0,0.258436689,3466.0,8,1,0,0,1.0
89636,0,0.074223072,65,0,154.0,,7,0,0,0,0.0
89637,0,0.123425366,64,0,0.021298935,6666.0,3,0,0,0,0.0
89639,1,0.062211555999999994,61,1,1.649500384,1300.0,11,1,1,0,0.0
89641,0,0.11769195,55,0,0.130186981,10000.0,12,0,1,0,0.0
89642,0,0.193969543,49,0,0.28664391699999997,12600.0,13,0,2,0,1.0
89643,0,0.9999998999999999,61,0,582.0,,1,0,0,0,0.0
89644,1,0.9999998999999999,40,1,0.011248804,42848.0,1,0,0,0,0.0
89645,0,0.036396548,57,1,2558.0,,10,0,2,0,0.0
89646,0,0.511909505,70,0,0.492658544,3200.0,12,0,0,0,1.0
89647,0,0.183007395,62,0,3534.0,,9,0,4,0,0.0
89648,0,0.165943001,43,0,0.140158284,7833.0,4,0,0,0,2.0
89649,0,0.028622157999999998,62,0,0.258537936,10833.0,23,0,1,0,2.0
89650,0,0.083895805,59,0,0.125767152,21833.0,6,0,2,0,4.0
89652,0,0.9999998999999999,54,0,0.153502235,6038.0,2,1,0,0,1.0
89653,0,0.06092786099999999,43,0,0.084188335,7114.0,6,0,0,0,2.0
89654,0,0.060938754000000005,34,0,1.081306231,3000.0,13,0,1,0,0.0
89655,0,0.139866901,51,0,0.304195498,11416.0,7,0,2,0,0.0
89656,0,0.600340998,48,1,3146.0,,8,0,2,0,0.0
89658,0,0.010928395,62,1,0.784316536,13950.0,22,0,8,0,0.0
89660,0,0.567581081,30,0,0.486618005,1643.0,4,0,0,0,0.0
89661,0,0.772540772,42,0,0.639007921,7700.0,13,0,1,0,0.0
89662,0,0.156273233,43,0,0.125609299,8000.0,33,0,0,0,1.0
89663,0,0.9999998999999999,39,0,4.750319755,25800.0,5,0,3,0,2.0
89666,0,0.0,65,0,123.0,,7,0,0,0,
89667,0,0.284354575,65,0,0.163889153,10500.0,11,0,2,0,0.0
89668,0,0.333500591,60,0,0.500399971,13750.0,17,0,3,0,0.0
89670,0,0.250249983,39,0,0.250535638,7000.0,6,0,2,1,4.0
89671,0,0.093927105,41,0,1.3766438719999998,1900.0,17,0,2,0,3.0
89673,1,0.9999998999999999,70,0,319.0,,1,0,0,0,0.0
89675,0,0.55132195,37,0,0.183303224,39300.0,27,0,3,0,0.0
89677,0,0.08828067,72,0,0.018976898,2423.0,4,0,0,0,0.0
89678,0,0.105257998,68,0,0.079992001,10000.0,4,0,1,0,1.0
89679,0,0.12416851400000001,46,0,0.7892932490000001,3791.0,5,0,2,0,0.0
89680,0,0.0035452929999999997,43,0,2.0,,6,0,0,0,0.0
89681,0,0.019268819,81,0,0.022535211,1419.0,16,0,0,0,0.0
89682,0,0.976697678,28,0,0.20591763300000002,2500.0,3,0,0,0,0.0
89683,0,0.063027703,54,0,947.0,,7,0,1,0,0.0
89684,0,0.002456468,66,0,4032.0,,9,0,1,0,
89685,0,0.9333104409999999,34,0,0.38809990200000005,4083.0,6,0,0,0,0.0
89686,0,0.512165315,40,0,0.227077978,3500.0,5,0,0,0,2.0
89687,0,0.531741543,61,0,0.359408034,17500.0,18,0,2,0,3.0
89690,0,0.550489902,40,0,0.055942773,5451.0,5,0,0,0,3.0
89691,0,0.9999998999999999,59,0,0.0,,0,0,0,0,0.0
89692,0,0.633828453,43,0,0.328191945,3500.0,6,0,0,0,4.0
89693,0,0.215906469,41,0,0.078653558,6000.0,4,0,0,0,3.0
89694,0,0.42181905,56,0,0.14403038699999998,9740.0,12,0,1,0,1.0
89695,0,0.9540918159999999,30,0,0.454621149,1200.0,3,0,0,0,0.0
89696,0,0.076689252,45,0,0.206583603,6500.0,7,0,1,0,0.0
89697,0,0.7237105159999999,23,0,0.20982514600000002,1200.0,6,0,0,0,0.0
89698,0,0.19315227399999998,51,0,0.709525307,3180.0,2,0,1,0,1.0
89700,0,0.257300181,46,0,0.471921346,6000.0,12,0,1,0,1.0
89701,0,0.021480356000000003,89,0,32.0,,5,0,0,0,0.0
89703,0,0.9999998999999999,56,1,0.071270193,6313.0,3,0,0,0,0.0
89704,0,0.0,56,0,0.33098852300000003,2700.0,9,0,0,0,0.0
89706,0,0.101439501,48,2,0.171560888,9500.0,10,0,1,0,4.0
89708,0,0.529434806,58,1,0.44344246200000004,5100.0,9,0,0,0,0.0
89709,0,0.456669499,62,0,96.0,,2,0,0,0,0.0
89710,0,0.001683429,63,0,3.0,,5,0,0,0,
89711,0,0.040658775,61,0,1.677344723,5618.0,7,0,3,0,1.0
89712,0,0.050425792000000004,31,0,0.11676886199999999,3750.0,19,0,0,0,0.0
89713,0,0.656141459,64,0,0.796627491,1956.0,7,0,1,0,0.0
89714,1,0.9999998999999999,57,1,4042.0,,4,0,2,0,0.0
89715,0,0.031256607,68,0,0.08277573099999999,13300.0,18,0,0,0,1.0
89716,0,0.012763403999999999,81,0,0.007951534,2640.0,6,0,0,0,0.0
89717,0,0.028960166000000002,75,0,0.275980206,5253.0,6,0,1,0,0.0
89718,0,0.9999998999999999,57,0,0.045534387,7400.0,1,1,0,0,0.0
89719,0,0.124740928,58,0,0.309466215,6200.0,15,0,1,0,2.0
89720,0,0.9999998999999999,42,1,0.234670023,5560.0,4,14,0,1,0.0
89722,0,0.010308747,35,0,0.583617747,5859.0,20,0,1,0,1.0
89724,0,0.099502566,47,0,0.153315332,3332.0,10,0,0,0,0.0
89726,0,0.19199085800000001,44,0,1635.0,,7,0,1,0,0.0
89730,0,1.02519664,44,0,0.163654618,2987.0,3,1,0,1,1.0
89732,0,0.673665792,45,0,1.186631016,1869.0,7,0,1,0,0.0
89733,0,1.028985507,30,0,0.067376657,4600.0,6,0,0,0,2.0
89735,0,0.46182848200000004,73,0,0.36220953899999997,4905.0,10,0,1,0,1.0
89736,0,0.329317071,64,2,0.07840992,2741.0,9,0,0,1,0.0
89740,0,0.685554769,50,0,0.352123619,11583.0,15,0,1,0,1.0
89741,0,0.15945258699999998,62,0,1.335664336,1000.0,6,0,1,0,0.0
89743,0,0.686275656,41,0,0.365460268,2541.0,5,0,0,0,1.0
89745,0,0.60138921,69,0,0.6312327329999999,7600.0,9,0,1,0,0.0
89746,0,0.9999998999999999,28,1,0.0,3333.0,0,0,0,0,0.0
89748,0,0.094842916,47,1,0.15474896800000001,4600.0,10,0,0,0,1.0
89750,0,0.921683305,76,0,1017.0,,6,0,0,0,1.0
89752,0,0.035357149,75,0,0.016281063000000002,3500.0,5,0,0,0,0.0
89754,0,0.9999998999999999,28,0,0.121077478,3600.0,2,0,0,0,2.0
89755,0,0.0,67,0,0.0,,1,0,0,0,0.0
89756,0,0.091138354,65,0,2403.0,,8,0,2,0,0.0
89757,0,0.559821735,26,0,0.233359133,2583.0,9,0,0,0,0.0
89758,0,0.008476451999999999,49,1,0.092944859,8305.0,15,0,1,0,2.0
89759,0,0.414902625,51,2,0.8262288179999999,9500.0,12,1,4,0,0.0
89760,0,0.0,43,0,0.42147892600000003,6666.0,6,0,2,0,2.0
89761,0,0.02075729,62,0,0.437028208,7550.0,14,0,2,0,0.0
89763,0,0.07241895,76,0,894.0,,7,0,1,0,1.0
89765,0,0.956521739,24,0,0.702801462,820.0,2,0,0,0,0.0
89766,0,0.128348827,45,0,0.468832309,3416.0,11,0,2,0,1.0
89767,0,0.9999998999999999,54,0,0.7660389940000001,6000.0,3,0,2,0,0.0
89768,0,0.0,66,0,1629.0,,2,0,1,0,0.0
89769,0,0.0,46,0,0.34911865299999995,3800.0,8,0,1,0,0.0
89770,0,0.751884325,39,0,0.19212428899999998,6500.0,5,0,0,0,3.0
89771,0,0.356223807,32,0,0.662126538,2275.0,8,0,1,0,1.0
89772,0,0.852147852,31,0,0.31264832600000003,11376.0,8,0,2,1,0.0
89773,0,0.870259481,58,1,0.324735053,5000.0,7,1,0,0,1.0
89774,0,0.016305095,69,2,0.37608225100000003,3695.0,19,0,3,0,0.0
89775,0,0.0,53,0,2269.0,,13,1,1,0,0.0
89776,0,0.8416992209999999,40,0,0.190867035,6700.0,4,0,0,0,2.0
89777,1,0.769158901,58,0,1.3223477129999999,5400.0,15,0,2,0,0.0
89778,0,1.0104502640000002,35,0,0.24203218699999998,3168.0,3,0,0,0,0.0
89780,0,0.08292335099999999,52,0,2536.0,,6,0,1,0,1.0
89781,0,0.5155323620000001,46,0,1.2469104979999999,8010.0,16,0,4,0,4.0
89782,0,0.7851796870000001,59,0,0.253205825,4600.0,4,0,0,0,2.0
89784,0,0.057924996,61,0,0.511103745,6033.0,26,0,2,0,1.0
89788,0,0.0,46,0,0.48858523600000003,6000.0,7,0,2,0,2.0
89789,0,0.9999998999999999,41,1,0.330123145,6333.0,2,0,1,0,1.0
89790,0,0.0031057359999999996,29,0,0.316315678,4700.0,10,0,0,0,0.0
89793,0,0.004778338,65,0,156.0,,6,0,1,0,0.0
89794,0,0.22910397,36,1,2687.0,,11,0,2,0,0.0
89796,0,0.025184687999999997,75,0,0.000429996,100000.0,6,0,0,0,0.0
89798,0,0.114429807,52,0,0.189300412,1700.0,4,0,1,0,0.0
89799,0,0.13942872,39,0,0.025656566000000002,4949.0,4,0,0,0,1.0
89800,1,0.429628236,50,0,1.036135871,4150.0,9,0,3,0,0.0
89801,0,0.166853365,43,0,0.189584833,12500.0,12,0,1,0,2.0
89802,0,0.15791139699999998,59,0,3476.0,,9,0,1,0,0.0
89803,0,0.045462008,39,0,0.46323707799999997,4120.0,18,0,2,0,3.0
89806,0,0.151506403,84,1,0.08444734300000001,9200.0,21,0,0,0,1.0
89807,0,0.005886083,85,0,0.00179964,5000.0,5,0,0,0,0.0
89808,0,0.20849675199999998,56,2,0.312852766,6200.0,9,0,1,0,0.0
89809,1,0.9999998999999999,36,1,0.0614364,3466.0,1,0,0,0,0.0
89813,0,0.172148852,61,1,0.841719427,3000.0,21,0,0,1,0.0
89814,0,0.261517099,32,0,1678.0,,11,0,2,0,0.0
89815,0,0.916903206,60,2,0.172575184,10041.0,6,0,0,0,1.0
89816,0,0.073476039,55,0,0.0047290909999999995,7400.0,9,0,0,0,0.0
89818,0,0.744645019,56,0,0.366467736,5361.0,10,1,2,0,2.0
89820,0,0.48721611200000003,31,0,0.143245342,2575.0,7,0,0,0,0.0
89821,0,0.298668648,46,0,0.35516784,9800.0,10,0,2,0,2.0
89823,0,0.9999998999999999,49,0,0.261684048,5177.0,3,0,1,0,0.0
89825,0,8.93e-05,32,0,0.0,5502.0,2,0,0,0,0.0
89827,0,0.9999998999999999,49,1,462.0,,3,0,1,0,0.0
89828,0,0.195333602,46,0,0.19641113300000002,8191.0,5,0,1,0,2.0
89829,0,0.711628837,44,0,0.31825273,6409.0,7,0,1,0,1.0
89830,0,0.13839828099999998,42,0,0.29584185399999996,4400.0,4,0,1,0,0.0
89831,0,0.211502081,41,2,0.49330134,5000.0,12,0,1,0,2.0
89832,0,0.7603591059999999,77,0,0.501679261,9527.0,12,0,2,0,0.0
89833,0,0.017799152,60,0,797.0,,7,0,1,0,0.0
89835,0,0.9999998999999999,23,0,0.119341564,1700.0,1,0,0,0,0.0
89837,0,0.030730177999999997,82,0,0.034868127,4473.0,7,0,1,0,0.0
89839,0,0.970233307,70,0,4144.0,,12,0,1,0,0.0
89840,0,0.254191017,60,1,0.600395928,3535.0,15,1,2,1,0.0
89842,0,0.097996302,45,0,0.568950309,3400.0,9,0,1,0,2.0
89843,0,0.9292204690000001,52,1,0.849549372,15200.0,15,1,3,1,0.0
89844,0,0.038869258,51,2,0.36818052,3500.0,9,0,1,0,0.0
89845,0,0.642303956,51,0,0.481426132,4683.0,7,0,1,0,1.0
89846,0,0.9999998999999999,38,0,0.14254671900000002,2300.0,1,0,0,0,2.0
89847,0,0.45297843,37,0,0.252366351,7500.0,8,0,1,0,1.0
89848,0,0.002177332,82,0,0.000587889,1700.0,4,0,0,0,1.0
89849,0,0.330644716,57,0,0.48129106,3500.0,11,0,1,0,1.0
89850,0,0.461393179,63,0,0.23364033,4125.0,5,0,1,0,0.0
89851,0,0.202990773,36,0,3593.0,,9,0,1,0,0.0
89852,0,0.272902241,39,0,0.71486731,6631.0,10,0,2,0,1.0
89853,0,0.025101016,42,0,0.36984973299999996,4125.0,6,0,1,0,0.0
89854,0,0.023438185,54,1,1.5256495669999999,1500.0,14,0,1,0,0.0
89855,0,0.5046616279999999,57,0,0.17948107600000002,4200.0,7,0,0,0,0.0
89858,0,0.9999998999999999,73,1,0.069302326,2149.0,3,0,0,0,0.0
89859,0,0.021195077000000003,68,0,0.529029995,5700.0,12,0,2,0,0.0
89860,0,0.0,84,0,0.0,,2,0,0,0,0.0
89861,0,0.21197289600000002,54,0,0.13379331,20000.0,23,0,1,0,2.0
89862,0,0.000495179,60,0,0.30341781,4300.0,12,0,1,0,1.0
89863,0,0.200496105,46,1,0.7896850559999999,4730.0,9,0,2,0,2.0
89864,0,0.0,44,0,0.165624039,9750.0,12,0,2,0,2.0
89868,0,0.642994967,58,0,0.35819406299999995,12026.0,17,0,2,0,0.0
89870,0,0.036093331,72,0,0.01249875,10000.0,10,0,0,0,0.0
89871,0,0.22546581100000002,50,0,1746.0,,16,0,1,0,2.0
89872,0,0.20378241,56,0,1614.0,,14,0,0,0,0.0
89873,0,0.022211021,59,0,0.18428155,9262.0,13,0,0,0,3.0
89874,0,0.007654836,73,0,24.0,,10,0,0,0,0.0
89875,0,0.943522007,56,0,0.47174723399999996,16900.0,11,0,3,0,3.0
89876,0,0.081159925,67,0,0.027662056,6000.0,5,0,0,0,0.0
89877,0,0.128953275,32,1,18.0,,3,0,0,0,0.0
89878,0,0.003518097,64,0,0.224905776,13000.0,7,0,1,0,0.0
89879,0,0.0,50,0,67.0,,2,0,0,0,0.0
89880,0,0.9999998999999999,51,0,4717.0,,13,0,3,0,2.0
89882,1,0.247858661,38,2,0.460277008,9024.0,17,0,1,0,2.0
89884,0,0.031371078999999996,80,0,0.0566495,3300.0,6,0,0,0,0.0
89888,0,0.018765267,75,0,70.0,,11,0,0,0,0.0
89890,0,0.0,51,0,0.043246187,9179.0,9,0,0,0,4.0
89892,0,0.509868707,30,1,0.373605279,8334.0,9,0,2,0,0.0
89894,0,0.150211542,48,1,265.0,,22,1,0,1,0.0
89897,0,0.9999998999999999,43,0,0.0,6458.0,1,2,0,0,4.0
89899,0,0.010060821999999999,63,0,0.20499461,5565.0,11,0,1,0,0.0
89901,0,0.27010268600000004,51,0,0.305956315,12406.0,15,0,2,0,2.0
89902,0,0.9999998999999999,56,0,0.112275021,10500.0,12,0,1,0,0.0
89903,1,0.934452438,47,3,0.9791550640000001,12568.0,9,0,3,0,2.0
89904,0,0.156551962,46,0,0.17665862100000002,15328.0,12,0,1,0,2.0
89905,0,0.09862958699999999,39,0,0.35933059700000003,9500.0,9,0,2,0,1.0
89908,0,0.16257867199999998,63,0,0.160987616,13000.0,9,0,1,0,2.0
89910,0,0.155659415,62,0,1.235339358,5200.0,14,0,3,0,0.0
89911,0,0.60087063,42,1,0.254936266,4000.0,6,0,0,0,2.0
89912,0,0.516759952,28,0,0.148340664,2500.0,9,0,0,0,0.0
89913,0,0.016919231,70,0,0.048866357,7100.0,8,0,1,0,0.0
89914,0,0.28548980399999996,60,0,0.37720285,5333.0,6,0,1,0,0.0
89915,0,0.144003996,55,0,2645.0,,17,0,4,0,
89916,0,0.792776247,42,1,0.209196209,5697.0,5,1,0,0,1.0
89917,0,0.0,40,0,0.199304056,8333.0,16,0,1,0,0.0
89918,0,0.327660096,38,0,0.134573849,6018.0,5,0,0,0,0.0
89921,0,0.057209275,61,0,1332.0,,13,0,1,0,2.0
89922,1,0.9999998999999999,39,0,0.041063929,15000.0,1,0,0,0,4.0
89923,0,0.000663995,66,2,0.535936949,8500.0,33,0,4,0,1.0
89924,0,0.15770136699999998,60,0,0.32527912,6000.0,9,0,1,0,0.0
89925,0,0.328143351,74,0,0.18976057100000002,3925.0,8,0,2,0,0.0
89926,0,0.963969062,34,0,0.386666667,4049.0,7,0,1,0,2.0
89928,0,0.03501388,52,0,0.0049992859999999995,7000.0,6,0,0,0,0.0
89930,0,0.02098246,63,0,16.0,,8,0,0,0,0.0
89931,0,0.06781483099999999,45,0,5267.0,,13,0,3,0,0.0
89932,0,0.9999998999999999,38,0,0.703226784,6600.0,10,0,2,0,4.0
89933,0,0.038270988,49,0,2487.0,,5,0,2,0,0.0
89934,0,0.9999998999999999,54,0,3377.0,,9,0,1,0,0.0
89935,0,0.33767569399999997,44,0,0.168548842,7083.0,7,0,1,0,1.0
89936,0,0.9999998999999999,58,1,0.052792320999999996,4583.0,4,0,0,1,0.0
89939,0,0.8743349109999999,49,4,2146.0,,9,4,1,0,0.0
89940,1,0.9999998999999999,28,2,256.0,,2,2,0,0,0.0
89941,0,0.020547522,63,0,0.266659348,9108.0,18,0,1,0,2.0
89942,0,0.041913088,63,0,1784.0,,8,0,1,0,0.0
89943,0,0.938530735,48,4,1.314402544,2200.0,7,1,2,1,0.0
89944,0,0.014443642,34,0,867.0,,3,0,1,0,0.0
89945,0,0.27832582899999997,57,0,0.28164741600000004,8570.0,9,0,1,0,2.0
89946,0,0.03446451,60,1,2728.0,,10,0,1,0,0.0
89948,0,0.007190203,38,0,0.435557488,4600.0,7,0,1,0,2.0
89949,1,0.207560257,46,0,0.257626095,3310.0,3,1,0,0,3.0
89950,0,0.29626385,48,0,0.391172914,6615.0,9,0,1,0,2.0
89951,0,0.47993273,56,0,0.7076965820000001,3598.0,9,0,2,0,1.0
89957,0,0.006890981,78,0,0.260434891,4000.0,7,0,1,0,0.0
89958,0,0.123303379,45,0,1672.0,,4,0,1,0,0.0
89964,0,0.001842614,86,0,268.0,,5,0,1,0,0.0
89965,0,0.09627426900000001,51,0,0.337587839,6972.0,12,0,1,0,1.0
89966,0,0.9999998999999999,63,1,52.0,,2,0,0,1,0.0
89967,0,0.110269961,69,0,23.0,,3,0,0,0,1.0
89968,0,0.019619425,42,0,0.075391181,3514.0,3,0,0,0,0.0
89969,0,0.01048218,33,0,1059.0,,6,0,1,0,0.0
89971,0,0.008959581,36,0,6426.0,,20,0,2,0,3.0
89972,0,0.017220024,62,0,0.0016561129999999999,10264.0,7,0,0,0,0.0
89974,0,0.772848347,42,1,0.136906525,10130.0,7,1,0,0,2.0
89976,0,0.010758448,52,0,0.51820995,4200.0,10,0,1,0,1.0
89978,0,0.183257132,47,0,0.411641321,1906.0,9,0,0,0,2.0
89980,0,0.726047508,69,0,0.488911634,2930.0,12,0,0,0,0.0
89981,0,0.380552334,34,0,0.342547936,8500.0,8,0,2,0,2.0
89984,0,0.003628063,69,2,7037.0,,13,0,3,1,0.0
89985,0,0.12164639199999999,22,0,0.37232525,700.0,4,0,0,0,0.0
89986,0,0.9999998999999999,64,0,1992.0,,2,0,1,0,0.0
89987,0,0.0,58,0,0.53699178,4500.0,8,0,1,0,1.0
89989,0,0.013705813999999998,67,0,2807.0,,10,0,4,0,0.0
89990,0,0.003314514,39,0,101.0,0.0,7,0,0,0,0.0
89992,0,0.42258826,49,0,2035.0,,7,0,2,0,2.0
89994,0,0.053901145,57,0,0.047264134000000006,5500.0,5,0,0,0,0.0
89996,0,0.006869905,59,0,0.35264301200000003,9666.0,21,0,3,0,0.0
89997,0,0.9999998999999999,30,0,0.05798550400000001,4000.0,1,0,0,0,0.0
89998,0,0.5241955110000001,71,0,5304.0,,20,0,3,0,0.0
89999,0,0.007323901,59,0,1590.0,0.0,26,0,1,0,0.0
90000,0,0.8341362929999999,46,1,0.271125265,9419.0,17,0,0,0,3.0
90001,0,0.240498243,52,0,0.290481088,8750.0,10,0,1,0,2.0
90002,0,0.053710875,55,0,1569.0,,6,0,1,0,0.0
90004,0,0.414840121,35,0,1379.0,,10,0,1,0,3.0
90005,0,0.050167805,71,0,0.04863424400000001,1500.0,10,0,0,0,0.0
90006,0,0.044451775,50,0,2184.0,,8,0,1,0,4.0
90007,0,0.9999998999999999,37,0,0.04220659,2700.0,4,0,0,2,0.0
90008,0,0.00623029,34,0,1171.0,,4,0,1,0,0.0
90009,0,0.21909050300000002,62,1,0.221143395,13800.0,37,0,2,0,0.0
90010,0,0.229886901,40,0,0.661506401,3358.0,12,0,2,0,2.0
90011,0,0.00084745,61,0,0.008495751999999999,2000.0,17,0,0,0,0.0
90012,0,0.002026679,62,0,16.0,,18,0,0,0,0.0
90013,0,0.192080792,33,0,0.016893894,3373.0,4,0,0,0,0.0
90014,0,0.010258581999999999,89,0,0.002639789,4166.0,8,0,0,0,0.0
90016,0,0.235075875,33,0,1.4778088759999999,2500.0,18,0,2,0,3.0
90017,0,0.053258815,44,0,1.5653903530000002,2010.0,5,0,1,0,2.0
90019,0,0.006856335999999999,85,0,0.0026657779999999997,3000.0,8,0,0,0,1.0
90020,0,0.860069965,69,0,0.116110486,8000.0,6,0,1,0,4.0
90021,0,0.020025553,34,0,0.323419145,4000.0,8,0,1,0,0.0
90023,0,0.9999998999999999,49,2,295.0,,2,0,0,0,0.0
90025,0,0.010192890999999999,33,0,0.806548363,4000.0,5,0,1,0,0.0
90026,0,0.036538811000000004,69,1,2.105182927,1311.0,10,0,1,0,0.0
90027,0,0.132867133,22,0,0.0007892660000000001,3800.0,1,0,0,0,0.0
90028,0,0.385876454,57,0,0.018196427,173000.0,5,0,2,0,1.0
90029,0,0.040382905,50,0,0.28444827899999997,12750.0,9,0,2,0,0.0
90030,0,0.032594176,77,2,3852.0,,17,0,12,0,0.0
90032,0,0.42220733899999996,50,0,0.947684105,3000.0,17,0,1,0,2.0
90033,0,0.04337169900000001,67,0,0.011638316999999999,5584.0,5,0,0,0,0.0
90034,0,0.20759882100000002,64,0,0.34844541799999995,7300.0,14,0,1,0,1.0
90038,0,0.276845128,70,0,0.700197796,3538.0,16,0,1,0,0.0
90040,0,0.36583931299999994,32,0,0.427746856,4850.0,7,0,1,0,0.0
90041,0,0.230504078,52,0,0.148580968,4791.0,5,0,0,0,0.0
90043,1,0.012880483,49,0,0.268617441,19000.0,13,1,3,1,3.0
90044,0,0.020371134,62,0,0.30778203600000004,6000.0,7,0,1,0,1.0
90045,0,0.0,57,0,0.181340342,6848.0,10,0,1,0,1.0
90047,0,0.551668196,44,0,0.345543538,12666.0,13,0,2,0,3.0
90049,0,0.16971636,62,0,0.373953256,8000.0,12,0,1,0,0.0
90050,0,0.7771362209999999,51,0,0.187256397,5900.0,4,0,0,0,3.0
90051,0,0.8438367509999999,51,3,0.521164315,9000.0,12,0,2,0,5.0
90052,0,0.056115730999999995,68,0,0.40269704700000003,4300.0,7,0,1,0,0.0
90053,0,0.9999998999999999,69,0,851.0,,2,0,1,0,0.0
90056,0,0.009618132,62,0,60.0,,9,0,0,0,0.0
90057,0,0.0,57,1,44.0,,5,0,0,0,
90058,0,0.0,61,0,4011.0,,13,0,1,0,0.0
90059,0,0.37347224,84,0,0.35321100899999996,8501.0,13,0,0,0,1.0
90060,0,0.9999998999999999,39,0,0.001850995,2160.0,1,0,0,0,1.0
90061,0,0.101524071,23,0,0.028439662,1300.0,2,0,0,0,0.0
90062,0,0.15153551,72,0,0.058323612999999996,6000.0,9,0,0,0,1.0
90064,0,0.617345664,49,1,0.396464035,8257.0,6,0,1,0,2.0
90066,1,0.022931297000000003,48,0,4517.0,,6,0,2,0,2.0
90067,0,0.054364422,31,0,0.05432880599999999,12000.0,8,0,0,0,0.0
90068,0,0.9999998999999999,58,2,0.650087478,4000.0,4,0,1,2,1.0
90069,0,0.680568258,84,0,0.522113943,2667.0,6,0,3,0,0.0
90070,0,0.8412192009999999,60,0,0.8679392290000001,7700.0,17,0,2,0,0.0
90072,0,0.6164827860000001,66,0,0.398595527,13100.0,19,0,4,0,1.0
90073,0,0.224519566,76,0,0.462710251,3150.0,6,0,1,0,0.0
90074,0,0.914777579,31,0,1.203312192,2837.0,11,0,2,0,0.0
90075,0,0.019866892,47,0,0.7049881240000001,2104.0,6,0,1,0,1.0
90077,0,0.0,68,0,0.22849619699999998,3417.0,12,0,1,0,0.0
90078,0,0.9999998999999999,39,1,1388.0,,3,0,1,0,0.0
90079,0,0.042954992000000004,75,0,0.238603039,3750.0,14,0,1,0,0.0
90080,0,0.05030750900000001,65,0,108.0,,3,0,0,0,0.0
90082,1,0.9999998999999999,28,0,0.026567632999999997,7000.0,5,0,0,0,2.0
90085,1,0.9610460959999999,32,6,0.548141645,3416.0,12,0,1,1,2.0
90086,0,0.008024156,45,0,0.27757414199999997,3000.0,10,0,1,0,1.0
90088,0,0.287327154,51,0,0.12157320199999999,12000.0,12,0,2,0,3.0
90089,0,0.022892517,62,0,0.00888133,10583.0,18,0,0,0,1.0
90090,0,0.023537505,65,0,35.0,,7,0,0,0,0.0
90091,0,0.211052485,57,0,627.0,,2,0,1,0,
90092,0,0.069269464,64,0,1496.0,,10,0,1,0,0.0
90093,0,0.385144496,65,0,0.602754943,4500.0,14,0,2,0,0.0
90094,1,0.990007138,26,1,0.45922746799999997,1630.0,6,0,0,0,0.0
90096,0,0.5473207139999999,52,0,0.820109025,1650.0,8,0,1,1,5.0
90098,0,0.0,28,0,0.0,1450.0,4,0,0,0,1.0
90099,0,0.189320138,54,2,0.36257480700000005,6850.0,7,0,3,0,0.0
90100,0,0.07667486700000001,48,0,0.34712129700000005,5366.0,7,0,1,0,3.0
90102,0,0.23996298100000002,39,0,0.215081405,3500.0,14,0,0,0,0.0
90103,0,0.0,26,0,0.0,,1,0,0,0,0.0
90104,0,0.074975008,38,3,0.494202319,2500.0,10,1,0,0,1.0
90105,1,0.951108889,28,0,0.482019064,4615.0,11,0,0,0,3.0
90106,0,0.021280663999999998,62,0,0.449519231,6239.0,8,0,2,0,0.0
90108,0,0.0,67,0,0.489798489,7939.0,8,0,3,0,0.0
90110,0,0.145548442,34,0,0.38908539700000006,3957.0,9,0,2,0,0.0
90112,0,0.349484014,59,2,0.317526068,7000.0,12,0,2,1,0.0
90113,0,0.215124695,37,0,0.48890222,3333.0,14,0,2,0,0.0
90115,1,0.780719185,55,0,1.076237319,3252.0,11,0,1,0,0.0
90116,0,0.217982803,59,0,0.471905619,5000.0,11,0,2,0,0.0
90118,1,0.11794675800000001,59,0,0.330667333,4000.0,2,0,1,0,0.0
90119,0,0.26247005,72,0,398.0,,7,0,0,0,0.0
90120,0,0.060446017000000005,57,0,0.275331667,5200.0,13,0,2,0,2.0
90121,0,1.082305898,29,0,0.7673311509999999,3360.0,11,0,1,0,1.0
90122,0,0.0,68,0,0.0,,7,0,0,0,0.0
90123,0,0.541071828,52,1,0.491029823,8583.0,9,0,1,0,3.0
90124,0,0.0,60,0,0.460108074,12583.0,13,0,3,0,2.0
90128,0,0.5841076820000001,48,0,1998.0,,15,0,1,0,1.0
90129,0,0.44655327100000003,48,0,0.345437616,7517.0,17,0,2,0,0.0
90130,0,0.07932943,49,0,0.9897008340000001,4077.0,10,0,2,0,0.0
90133,0,0.328133405,53,0,0.458017385,10813.0,20,0,3,0,1.0
90136,0,0.0,39,0,0.205361199,2200.0,4,0,0,0,1.0
90137,0,0.045122015,48,0,0.34051332799999995,12116.0,8,0,1,0,0.0
90138,0,0.298267543,65,0,0.21211111100000002,8999.0,6,0,1,0,0.0
90139,0,0.9999998999999999,68,0,2.0,,8,0,0,0,0.0
90141,0,0.310209749,60,1,0.446955371,10575.0,11,0,3,0,2.0
90142,0,0.911548782,32,0,0.683320523,1300.0,6,0,0,0,0.0
90143,0,0.018824879,67,0,0.086981026,10645.0,6,0,1,0,1.0
90144,0,0.057198475,53,0,652.0,,6,0,1,0,3.0
90146,0,0.611902381,44,0,0.522134351,11000.0,8,0,1,0,1.0
90148,0,0.0,39,0,0.06496945,4909.0,4,0,0,0,0.0
90149,0,0.30776343300000003,44,0,0.222474461,6166.0,7,0,1,0,2.0
90150,0,0.41715253799999996,40,0,0.24219547,4900.0,7,0,0,0,1.0
90152,0,0.03016164,28,0,7.0,,5,0,0,0,0.0
90153,0,1.285714286,28,1,0.158436837,3300.0,5,0,0,0,2.0
90154,0,0.008124746,33,0,16.0,0.0,14,0,0,0,2.0
90155,0,0.132382892,71,0,0.04272997,5054.0,7,0,0,0,1.0
90156,0,0.027998923,55,0,0.49039341299999994,7650.0,13,0,1,0,0.0
90157,0,0.036697247999999995,67,0,99.0,,8,0,1,0,0.0
90158,0,0.758709036,51,1,0.170485793,12000.0,9,0,0,1,0.0
90159,0,0.049999086,71,0,81.0,,7,0,0,0,0.0
90160,0,1.4848714330000001,48,0,0.40166239600000003,16000.0,22,0,2,0,0.0
90161,0,0.137319491,50,0,0.114702634,17200.0,4,0,1,0,2.0
90163,0,0.0,24,0,0.633373934,820.0,5,0,0,0,0.0
90166,0,0.09280186300000001,85,1,40.0,,4,0,0,0,0.0
90167,0,0.48056392299999995,39,1,0.155401,4600.0,9,0,0,0,1.0
90169,0,0.100334127,53,0,0.021056206,5888.0,4,0,0,0,2.0
90170,1,0.996001777,47,4,0.5184733570000001,8200.0,14,0,1,0,0.0
90171,0,0.506025999,40,0,0.271504913,5800.0,7,0,1,0,1.0
90173,0,0.9999998999999999,34,0,0.23213624600000002,2700.0,4,0,0,0,0.0
90177,0,0.8606278740000001,53,0,129.0,,2,0,0,0,3.0
90178,0,0.0,47,0,0.20708007399999998,12400.0,7,0,2,0,2.0
90179,0,0.0,50,0,0.177536933,15500.0,5,0,2,0,0.0
90180,0,0.299792094,57,0,0.6978255440000001,4000.0,9,0,2,0,1.0
90182,0,0.0,24,0,0.645554202,820.0,4,0,0,0,0.0
90183,0,0.729381719,55,0,0.432250323,10833.0,13,0,2,0,2.0
90185,0,0.030987506,62,0,0.161211129,4887.0,7,0,2,0,3.0
90186,0,0.026286561,80,0,0.003180373,2200.0,4,0,0,0,0.0
90188,0,0.919188528,46,0,0.342107948,9800.0,9,0,1,0,1.0
90189,0,0.452551854,29,0,0.274261227,11200.0,9,0,2,0,0.0
90191,0,0.24407012,48,0,0.740100792,8333.0,19,0,2,0,1.0
90194,0,0.441961074,49,0,0.569897343,6623.0,7,0,2,0,3.0
90195,0,0.013649729,75,0,838.0,,7,0,1,0,0.0
90197,0,0.0,50,0,0.028929742,7016.0,4,0,0,0,0.0
90198,0,0.124048664,38,0,957.0,,4,0,1,0,0.0
90200,0,0.0,94,0,0.0,,6,0,0,0,
90201,0,0.47900323,68,0,0.540342298,1226.0,3,0,1,0,0.0
90202,1,0.9999998999999999,24,1,0.036654449,3000.0,4,2,0,0,0.0
90203,0,0.0,28,0,0.282572476,3000.0,4,0,0,0,0.0
90205,0,0.020211509,92,0,0.44318181799999995,5983.0,3,0,1,0,1.0
90207,1,0.435144894,29,0,0.52892562,2298.0,6,0,1,0,1.0
90208,0,0.019696472,60,2,0.26473310699999997,3240.0,12,0,0,0,0.0
90210,0,0.224825652,56,0,1609.0,,7,0,2,0,0.0
90213,0,0.059045835,58,0,0.26447355300000003,10000.0,10,0,2,0,1.0
90214,0,0.011695015,68,0,0.105665349,7589.0,9,0,1,0,0.0
90216,0,0.070704185,39,0,0.48213293799999996,5400.0,13,0,1,0,0.0
90218,0,0.134221477,52,0,0.107357149,10832.0,8,0,1,0,1.0
90219,0,0.426257194,45,0,0.370401139,8425.0,9,0,3,0,3.0
90222,0,0.378313629,57,0,0.525154248,4213.0,8,0,1,0,2.0
90223,0,0.014084678,63,0,0.496441203,22900.0,22,0,8,0,0.0
90226,0,0.072245085,65,0,668.0,,5,0,0,0,0.0
90227,0,0.100364175,27,0,0.520594611,3228.0,8,0,2,0,0.0
90228,0,0.078554565,46,0,0.27784197,11250.0,7,0,1,0,2.0
90229,0,0.085038781,54,0,0.216046665,9085.0,8,0,2,0,1.0
90230,0,0.712925494,47,0,0.372830512,14000.0,7,0,1,0,1.0
90231,0,0.006318749,61,0,0.218529152,9055.0,9,0,2,0,1.0
90232,0,0.9999998999999999,56,0,0.0,,0,0,0,0,0.0
90233,0,0.41347932600000004,71,0,0.326841975,8061.0,8,0,1,0,0.0
90234,0,0.014453888,59,0,0.0024903779999999997,4416.0,2,0,0,0,0.0
90235,0,0.9999998999999999,49,1,0.20633511,3377.0,2,0,0,0,0.0
90236,0,0.99860028,79,0,0.079026623,8300.0,3,0,0,0,1.0
90237,0,0.091768005,31,0,0.296869958,3098.0,5,0,1,0,0.0
90238,0,0.71716213,34,0,0.584377499,3750.0,7,0,1,0,2.0
90239,0,0.9999998999999999,74,0,0.227502647,8500.0,4,0,2,0,0.0
90241,0,0.014392016,58,0,407.0,,14,0,0,0,0.0
90244,0,0.26347365300000003,38,0,0.543129733,10166.0,5,0,2,0,1.0
90245,0,0.108231341,40,0,0.150978432,7000.0,5,0,1,0,0.0
90246,0,0.0,57,0,0.111831054,8333.0,19,0,1,0,0.0
90248,0,0.0,32,0,0.538048344,3350.0,3,0,1,0,2.0
90250,0,0.007984032,21,0,0.0,2500.0,1,0,0,0,0.0
90252,0,0.01111067,30,0,0.19064619800000002,2800.0,4,0,0,0,0.0
90253,0,0.0,35,2,0.217477808,6533.0,6,0,2,0,1.0
90254,0,0.00577165,84,0,0.077228064,5800.0,16,0,1,0,0.0
90255,0,0.008557742,78,0,4.0,,3,0,0,0,0.0
90256,0,0.051601636,60,0,0.019589552,3215.0,4,0,0,0,0.0
90258,0,0.9999998999999999,51,0,1911.0,,5,0,1,0,3.0
90259,0,0.928047968,29,0,50.0,,3,0,0,0,0.0
90260,0,0.09581752699999999,64,0,0.5563873460000001,4140.0,24,0,2,0,0.0
90261,0,0.513124363,42,0,1.05214451,5618.0,18,0,3,0,0.0
90262,0,0.069150437,49,0,0.008498584,6000.0,3,0,0,0,2.0
90263,0,0.020956548000000002,51,0,2363.0,,9,0,1,0,
90264,0,0.109147887,63,0,0.225693577,4000.0,8,0,1,0,0.0
90267,0,0.014179121000000001,34,0,0.003562055,5333.0,4,0,0,0,0.0
90268,0,0.61587691,56,0,0.45972920700000003,12924.0,5,0,2,0,0.0
90270,0,0.036671782,63,0,0.30102745,6520.0,5,0,1,0,2.0
90273,0,0.004509389,93,0,7.0,,4,0,0,0,
90275,0,0.0,78,0,0.0,,2,0,0,0,
90276,0,0.627933392,33,1,0.2695462,5486.0,9,0,0,0,1.0
90277,0,0.036224094,67,0,0.460948505,6388.0,7,0,2,0,1.0
90278,0,0.9813721040000001,37,1,0.016141236,3964.0,1,0,0,0,3.0
90279,0,0.679320679,29,1,0.105728566,2600.0,3,0,0,1,1.0
90280,0,0.260852485,33,0,0.36573362,3250.0,15,0,0,0,0.0
90283,0,1.016897081,22,1,0.13138164900000002,2800.0,3,0,0,0,0.0
90285,0,0.9999998999999999,27,0,0.123688156,2667.0,2,0,0,0,0.0
90288,0,0.009249229,38,0,0.47709424100000003,4583.0,4,0,1,0,0.0
90289,0,0.083031085,33,0,669.0,,7,0,0,0,0.0
90290,0,0.023751696,58,0,0.35895513100000004,8000.0,14,0,2,0,1.0
90291,0,0.45024886799999997,39,0,0.37413863,7400.0,11,0,2,0,1.0
90293,0,0.576016576,48,0,0.409493162,1242.0,10,0,0,0,2.0
90294,0,0.46106958200000003,59,0,1.271819138,1901.0,10,0,1,0,0.0
90296,0,0.14341816599999999,43,0,0.5772109360000001,6546.0,21,0,2,0,2.0
90297,0,0.890097184,36,0,0.367380903,4806.0,3,0,0,0,0.0
90298,0,0.041485052,53,0,0.524835989,3200.0,6,0,1,0,1.0
90299,0,0.0,41,0,0.0,3507.0,3,0,0,0,3.0
90300,0,0.212790447,31,0,0.393076091,5545.0,8,0,1,0,1.0
90301,0,0.008616081,55,0,0.134673367,3979.0,6,0,2,0,0.0
90302,0,0.9999998999999999,65,1,0.008991009,1000.0,1,0,0,0,0.0
90304,0,0.011027801,67,0,4487.0,,16,0,2,0,0.0
90305,1,0.886113886,49,2,1.636486486,1479.0,5,1,1,2,1.0
90306,0,0.015471615,42,0,0.179468397,9555.0,4,0,1,0,0.0
90307,0,0.004381847,60,0,0.435863251,10500.0,15,0,1,0,0.0
90309,0,0.120935894,66,0,0.127686246,5583.0,7,0,0,0,1.0
90310,0,0.139054388,64,0,2256.0,,13,0,1,0,0.0
90311,0,0.008677662,49,0,0.386306847,2000.0,6,0,1,0,0.0
90312,0,4.260154135,54,0,0.5759119779999999,13541.0,5,0,2,0,0.0
90313,0,0.105784536,40,0,0.227123771,3966.0,10,0,0,0,1.0
90316,0,0.18436052100000003,66,0,0.3046875,6655.0,5,0,1,0,0.0
90317,0,0.206087508,40,0,0.074985003,5000.0,4,0,0,0,2.0
90318,0,0.306686281,47,0,0.382390337,12583.0,11,0,2,0,4.0
90320,0,1.3692614769999998,29,1,0.196557468,1800.0,2,0,0,0,1.0
90321,0,0.32078877899999997,73,0,0.6597462510000001,2600.0,7,0,1,0,0.0
90322,0,0.36385453799999995,69,0,0.25029997600000004,4166.0,5,0,2,0,0.0
90324,0,0.260121051,66,1,0.623353021,2200.0,11,0,1,0,0.0
90325,0,0.787442511,35,0,0.33866453399999996,2500.0,3,0,0,0,0.0
90327,0,0.09285157599999999,66,0,0.16969812399999998,10500.0,9,0,1,0,0.0
90328,0,0.130219642,56,0,0.388256175,6760.0,21,0,2,1,0.0
90329,1,0.9999998999999999,62,3,0.7491761259999999,5461.0,9,0,1,0,0.0
90331,0,0.001463379,63,0,0.0038506309999999998,11166.0,7,0,0,0,1.0
90332,0,0.785442911,28,0,0.48185165700000004,1900.0,6,0,0,2,1.0
90334,0,0.160660935,57,0,0.548552583,5457.0,8,0,2,0,1.0
90335,0,0.283131301,48,0,0.459108178,5000.0,5,0,1,1,3.0
90337,0,0.161167766,41,0,0.317652844,6100.0,5,0,2,0,0.0
90338,1,0.9999998999999999,35,2,0.10934172800000001,10800.0,8,2,0,0,0.0
90339,0,0.0,77,0,1834.0,,9,0,2,0,0.0
90340,0,0.218912962,53,1,2292.0,,10,0,2,0,0.0
90341,0,0.07543749200000001,62,0,0.432447872,3500.0,8,0,1,0,0.0
90344,0,0.308768783,58,0,0.9267155229999999,1500.0,7,0,2,0,3.0
90345,0,0.225399512,40,0,1.626874625,5000.0,13,0,2,0,2.0
90348,0,0.008332778,81,0,0.00119952,2500.0,5,0,0,0,1.0
90349,0,0.008752636,38,0,0.438549956,7916.0,8,0,2,1,0.0
90350,0,0.381735363,33,0,0.728049446,5500.0,12,0,2,0,0.0
90351,0,0.321644302,69,0,0.380888291,5200.0,15,0,1,0,0.0
90352,0,0.0,75,0,1.0,,3,0,0,0,0.0
90353,0,0.035770919,61,1,6.7973421929999995,300.0,11,0,2,0,1.0
90354,0,0.9999998999999999,23,0,285.0,,1,0,0,0,
90356,0,0.01549969,51,0,0.002046628,11237.0,3,0,0,0,0.0
90357,0,0.29753429800000003,71,0,0.428734647,3500.0,13,0,1,0,0.0
90358,0,0.99620038,47,1,0.894276431,4000.0,5,0,2,0,0.0
90360,0,0.024385786,56,0,0.231574053,4300.0,12,0,1,0,1.0
90361,0,0.8828104440000001,55,0,0.49010848799999995,4700.0,12,0,1,0,0.0
90362,0,0.0,40,0,0.0,,2,0,0,0,0.0
90363,0,0.030823021000000003,76,0,0.013421707,6034.0,9,0,0,0,1.0
90364,0,0.9999998999999999,33,0,0.500874781,4000.0,4,0,1,0,0.0
90366,0,1.06374502,49,2,0.05116096,2540.0,1,0,0,0,1.0
90367,0,0.14726642199999998,67,0,0.24930506300000002,18346.0,17,0,2,0,2.0
90369,0,0.9999998999999999,51,0,0.35452668200000004,9200.0,5,0,2,0,1.0
90371,0,0.341487881,58,0,0.404527353,9541.0,14,0,1,0,0.0
90372,0,0.119099361,62,0,1777.0,,6,0,1,0,0.0
90373,0,0.0,39,0,0.185069984,4500.0,6,0,0,0,2.0
90374,0,0.001215639,58,0,0.067955917,33300.0,4,0,1,0,1.0
90375,0,0.493475875,34,0,0.245107842,7000.0,11,0,0,0,0.0
90378,1,0.9999998999999999,23,0,0.287553648,1630.0,2,0,0,0,0.0
90379,0,0.78806151,51,0,0.503086688,11500.0,8,0,1,0,2.0
90380,0,0.026091505,62,0,1952.0,,3,0,1,0,0.0
90381,0,0.44325618,46,0,0.266254842,9550.0,15,0,1,0,1.0
90383,0,0.342654358,42,0,0.442741469,6915.0,7,0,1,0,2.0
90385,0,0.9781857840000001,39,2,0.41625339899999997,6250.0,4,0,1,0,3.0
90387,0,0.32763115600000003,59,0,1853.0,,8,0,1,0,0.0
90388,0,0.08980406699999999,34,0,0.205084262,3500.0,8,0,0,0,0.0
90390,0,0.111324779,80,0,0.10989660300000001,3384.0,7,0,0,0,0.0
90391,1,0.340996125,56,0,0.320397907,19300.0,17,0,3,0,2.0
90393,0,0.083823781,37,0,0.528771384,4500.0,5,0,2,0,0.0
90394,0,0.9999998999999999,57,0,0.156699179,7791.0,3,0,1,0,0.0
90395,0,0.080854833,54,0,0.016837041,4988.0,5,0,0,0,2.0
90396,0,0.019621091,40,0,0.192389594,10800.0,9,0,2,0,1.0
90398,0,0.275662291,35,0,0.535466416,8500.0,12,0,4,0,0.0
90399,0,0.272162983,43,0,0.32768118399999996,11617.0,13,0,1,0,3.0
90400,0,0.752095993,44,0,0.032684658,9300.0,7,0,0,0,3.0
90401,0,0.020891665,60,0,0.174523008,7127.0,7,0,1,0,0.0
90402,0,0.032898981,53,0,0.319952948,6800.0,6,0,1,0,2.0
90403,0,0.8898535,30,0,0.071185763,5000.0,3,1,0,0,0.0
90405,0,0.736507479,37,0,0.462559745,3765.0,10,0,0,0,1.0
90406,0,0.017898675,62,0,0.15626506,8299.0,15,0,3,0,0.0
90407,0,0.003399773,62,0,1068.0,,4,0,1,0,0.0
90408,0,0.619876025,54,0,0.066381156,1400.0,5,0,0,0,0.0
90410,0,0.2167596,73,0,0.844011142,1435.0,13,0,0,0,0.0
90411,0,0.9999998999999999,64,0,0.26826946,4200.0,4,0,1,0,0.0
90412,0,0.9999998999999999,30,0,0.662756598,1704.0,7,0,0,0,2.0
90413,0,0.10473618300000001,53,0,0.011664899,6600.0,5,0,0,0,7.0
90414,0,0.463073009,53,2,0.299280082,11667.0,21,0,1,0,0.0
90416,0,0.040170969,64,0,0.17977763800000002,14300.0,6,0,2,0,0.0
90417,0,0.744232555,32,0,0.552519845,5416.0,8,0,2,0,0.0
90418,0,0.031241114,48,0,0.122975405,5000.0,11,0,0,0,2.0
90419,0,0.9999998999999999,39,0,0.043684389000000004,5905.0,1,1,0,0,1.0
90420,0,0.100172496,79,0,0.470505899,5000.0,11,0,2,0,0.0
90422,0,0.014755958999999999,50,0,0.117022936,6408.0,4,0,1,0,2.0
90423,0,0.9999998999999999,21,0,0.0,900.0,1,0,0,0,0.0
90424,0,0.039679558999999996,51,0,0.36306729299999996,5750.0,11,0,1,0,1.0
90425,0,0.181664164,46,0,0.634979854,6700.0,20,0,1,0,3.0
90426,0,0.00165428,88,0,4.0,,5,0,0,0,
90427,0,0.039568602,61,0,0.24245423100000002,8083.0,6,0,2,0,0.0
90429,0,0.102636305,44,1,0.20848531399999998,10417.0,8,0,2,0,2.0
90430,0,0.129492827,53,0,1522.0,0.0,6,0,1,0,0.0
90432,0,0.26867835,44,0,0.39989843799999997,7876.0,24,0,3,0,2.0
90433,0,0.5432305470000001,30,0,0.345459236,3875.0,14,0,0,0,0.0
90435,0,0.093185825,50,0,2057.0,,4,0,1,0,0.0
90436,0,0.015072245,44,0,0.6805313590000001,9183.0,9,0,4,0,1.0
90437,0,0.014577561999999999,53,0,0.199893295,11245.0,11,0,1,0,1.0
90438,0,0.869181477,57,2,8494.0,,18,0,4,0,0.0
90439,0,0.20884842,67,0,0.292353109,10500.0,16,0,2,0,0.0
90440,0,0.150543344,47,0,137.0,,3,0,0,0,0.0
90442,0,0.012834756999999999,37,0,0.24993751600000003,4000.0,8,0,1,0,2.0
90445,0,0.004648488,56,0,0.19421787199999999,11033.0,12,0,3,0,2.0
90446,0,0.926271582,59,0,0.8520986009999999,1500.0,4,0,0,0,0.0
90447,0,0.0,81,0,0.0,,8,0,0,0,0.0
90448,0,0.0,39,0,0.364251654,6500.0,6,0,2,0,0.0
90449,0,0.9195665609999999,53,0,0.39728636,4200.0,5,0,2,0,4.0
90450,0,0.0,80,0,0.318757499,7500.0,12,0,1,0,0.0
90454,0,0.470271305,53,0,0.75085034,10583.0,14,0,3,0,0.0
90455,0,0.22858339600000002,59,0,1.470951792,2426.0,20,0,3,0,0.0
90457,0,0.0,38,0,0.12258204699999999,4600.0,6,0,0,0,1.0
90458,0,0.070702939,58,0,0.013128176,7083.0,9,0,0,0,0.0
90459,0,0.7785305370000001,60,0,1.6678620690000001,3624.0,10,0,3,0,0.0
90460,0,0.122555289,37,0,0.247989707,3108.0,9,0,0,0,2.0
90461,1,0.71629249,47,0,0.739350774,7300.0,11,0,1,0,3.0
90463,0,0.076579066,78,0,440.0,,4,0,0,0,0.0
90464,0,0.048978470999999996,57,0,0.586514241,5160.0,9,0,4,0,1.0
90465,0,0.808957423,46,5,4113.0,,8,0,1,1,0.0
90467,0,0.21888155899999998,57,1,0.365302722,5400.0,12,0,1,0,0.0
90470,0,0.036561865,60,0,0.034425318999999996,1800.0,5,0,0,0,0.0
90471,0,0.205431106,52,0,1594.0,,4,0,1,0,
90472,0,0.126994519,39,0,0.436807095,4058.0,14,0,2,0,1.0
90474,0,0.0,69,0,0.507020679,3916.0,20,0,1,0,0.0
90475,0,0.9205561309999999,72,0,3339.0,,7,0,2,0,0.0
90478,0,0.0,68,0,4639.0,,6,0,2,0,0.0
90480,0,0.032867505,87,0,109.0,,3,0,0,0,0.0
90482,0,0.002666074,67,0,0.130533588,11000.0,4,0,2,0,2.0
90483,0,0.631977448,37,1,1.229380728,3600.0,9,0,1,0,2.0
90484,0,0.8262759759999999,33,0,3998.0,,5,0,1,0,0.0
90485,0,0.16346405,62,0,0.441260745,17449.0,12,0,4,0,1.0
90486,0,0.580927384,38,0,0.6722670740000001,4582.0,4,0,2,0,0.0
90488,0,0.9407559590000001,43,0,0.95925704,1668.0,7,0,0,0,0.0
90489,0,0.39830340399999997,75,0,5891.0,,13,0,2,0,2.0
90490,0,0.728421726,43,0,0.58633618,4800.0,7,0,1,0,2.0
90492,0,0.314407259,54,0,4769.0,,15,0,2,0,0.0
90496,0,0.926018495,53,0,0.19045187600000002,7833.0,6,1,0,0,3.0
90500,0,0.009765796,33,0,0.05143559,6512.0,5,0,0,0,0.0
90501,0,0.000405974,54,0,0.0,6416.0,2,0,0,0,0.0
90505,0,0.0585513,70,0,0.068641884,5433.0,5,0,0,0,0.0
90506,0,0.137406929,63,0,94.0,,8,0,0,0,0.0
90507,0,0.10076148,60,0,0.161305867,8300.0,5,0,1,0,3.0
90509,0,0.006099797,67,0,6.0,,1,0,0,0,0.0
90510,0,0.02460235,48,0,0.256175697,27000.0,8,0,3,0,3.0
90511,0,0.8975860590000001,40,1,0.137978772,2166.0,7,1,0,0,0.0
90512,0,0.007889962,49,0,0.39397058799999995,6799.0,11,0,2,0,6.0
90516,0,0.183448986,46,0,0.325100431,6720.0,4,0,1,0,2.0
90518,0,0.072744668,71,1,1778.0,,11,0,1,0,0.0
90520,0,0.0,45,0,0.306597109,9200.0,12,0,2,0,0.0
90521,0,0.047518020999999994,66,0,0.006839863000000001,16666.0,3,0,0,0,0.0
90522,0,0.061799075,56,0,0.10520336300000001,4400.0,6,0,0,0,0.0
90523,0,0.22758562100000002,38,0,0.153039832,6200.0,7,0,0,0,0.0
90524,0,0.068468574,79,0,1769.0,,7,0,1,0,0.0
90525,1,0.298783935,45,0,0.891725165,4700.0,26,0,2,1,0.0
90526,0,0.024270412,73,0,1423.0,,7,0,1,0,
90528,0,0.162503431,68,0,0.778641855,7200.0,11,0,4,0,0.0
90530,0,0.12369721800000001,49,0,0.44396135299999995,6209.0,21,0,3,0,1.0
90531,0,0.291967701,56,0,0.31280468,6153.0,13,0,2,0,0.0
90532,1,0.39887895799999995,46,0,0.241174633,3200.0,4,3,1,0,0.0
90533,0,0.8553727090000001,45,1,0.725245145,5200.0,8,0,1,0,2.0
90534,0,0.263229605,43,0,3723.0,,13,0,2,0,2.0
90535,0,0.090729221,60,0,0.45097687799999997,5578.0,9,0,1,0,1.0
90536,0,0.006317895,84,0,4.0,,2,0,0,0,0.0
90538,0,0.5309220889999999,66,0,0.61548471,13832.0,18,0,3,0,0.0
90541,0,0.496224644,61,0,0.28506141100000004,3500.0,11,0,0,0,0.0
90542,0,0.003299835,45,0,0.34396873,11000.0,9,0,2,0,2.0
90543,0,0.031737382,47,0,6063.0,,12,0,3,0,2.0
90544,0,0.300769501,33,0,0.23238174,7250.0,6,0,1,0,0.0
90546,0,0.49698782799999996,54,0,0.574688358,4732.0,8,0,1,0,1.0
90547,0,0.074940275,67,1,0.175074032,19585.0,18,0,1,0,1.0
90548,0,0.69589,51,2,0.185049093,16600.0,10,0,2,0,0.0
90549,0,0.538615346,32,0,0.203997648,1700.0,3,0,0,0,0.0
90551,0,0.00091222,76,0,1330.0,,10,0,1,0,0.0
90552,0,0.565282651,71,0,2.0133843209999998,522.0,7,0,0,0,0.0
90553,1,0.9999998999999999,32,0,449.0,,3,2,0,0,0.0
90555,0,0.039786673,76,0,0.011729323,3324.0,6,0,0,0,1.0
90556,0,0.8233868520000001,22,2,0.231313131,1979.0,6,0,0,0,0.0
90558,0,0.202838582,59,0,0.5348169420000001,2785.0,14,0,0,0,0.0
90559,0,0.014911326,71,0,937.0,,6,0,1,0,1.0
90560,0,0.541854364,29,0,0.322245322,2404.0,6,0,0,0,0.0
90564,1,0.9419667509999999,59,1,0.165314022,8008.0,6,5,0,0,0.0
90565,0,0.10211502300000001,44,0,50.0,,1,0,0,0,0.0
90567,1,0.9999998999999999,28,2,3146.0,,6,0,1,4,0.0
90569,0,0.003045973,46,0,0.162060132,7416.0,11,0,1,0,2.0
90570,0,0.683578975,27,0,528.0,,5,0,0,0,0.0
90573,0,0.13803447900000002,47,0,0.285099516,7435.0,5,0,2,0,2.0
90574,0,0.07612626900000001,55,0,0.39408867,13600.0,26,0,4,0,0.0
90575,0,0.7044552270000001,52,0,0.343832335,8349.0,13,0,1,0,0.0
90576,0,0.29182061600000003,47,0,0.662478083,3421.0,6,0,1,0,3.0
90577,0,0.9999998999999999,60,0,0.666266712,5833.0,8,0,3,0,0.0
90578,0,0.010072570999999999,61,0,0.0013491970000000001,8152.0,4,0,0,0,0.0
90580,0,0.014146198,68,1,990.0,0.0,15,0,0,0,0.0
90584,0,0.391325817,37,0,1032.0,,16,0,0,0,0.0
90585,0,0.8019447390000001,57,0,0.561023381,8168.0,17,0,3,0,0.0
90587,0,0.0,63,0,0.5634765629999999,3071.0,8,0,1,0,0.0
90589,0,0.474022496,30,0,0.018958483,4166.0,2,0,0,0,2.0
90590,0,0.41283403,52,1,0.08643628099999999,11950.0,8,1,1,1,1.0
90592,0,0.0064086130000000005,27,0,0.057841835999999994,5272.0,10,0,0,0,0.0
90593,0,0.08539829199999999,71,0,149.0,,7,0,0,0,0.0
90596,0,0.014772056,50,0,0.10945928199999999,7600.0,6,0,0,0,0.0
90598,0,0.008224534,83,0,12.0,,7,0,0,0,0.0
90599,0,0.05637323,50,1,0.096994781,5556.0,6,1,1,1,2.0
90601,0,0.30003281600000004,38,0,899.0,0.0,6,0,1,1,0.0
90602,0,0.0,58,0,0.271428571,1959.0,5,0,1,0,2.0
90603,0,0.010871331000000001,61,0,0.028492877000000003,4000.0,13,0,0,0,0.0
90604,1,0.9999998999999999,31,0,0.019423021999999998,3500.0,0,3,0,0,0.0
90605,0,0.9999998999999999,56,0,0.0,,1,0,0,0,0.0
90607,0,0.018466051,65,0,8.5,1.0,7,0,0,0,0.0
90608,1,0.814126758,44,5,1736.0,,5,3,0,0,0.0
90610,0,0.055559468,57,1,0.010449795999999999,2200.0,5,0,0,0,4.0
90613,0,0.9288717190000001,48,2,0.14972823300000002,9750.0,6,0,2,1,0.0
90615,0,0.43160666,80,0,0.163415324,3536.0,3,0,0,0,0.0
90616,0,0.020690365,47,1,7928.0,,14,0,5,0,0.0
90617,0,0.052268768,76,0,0.143978267,3312.0,3,0,0,0,0.0
90618,0,0.930579443,62,0,0.322770712,13916.0,19,0,2,0,0.0
90619,0,0.029275359,60,0,1873.0,,12,0,1,0,0.0
90621,0,0.12113696300000001,29,0,0.26034793,1666.0,6,0,0,0,0.0
90623,0,0.284357821,45,0,0.013597281000000001,5000.0,4,0,0,0,3.0
90624,0,0.005839766,46,0,31.0,,2,0,0,0,0.0
90625,0,0.013368696000000001,52,0,4106.0,,6,0,1,0,0.0
90627,0,0.41756084200000004,62,0,0.315190225,3600.0,9,0,1,0,1.0
90628,0,0.859691225,45,1,0.334526339,8940.0,10,0,1,1,2.0
90629,0,0.24616693899999997,63,0,0.154123854,3600.0,7,0,0,0,1.0
90630,0,0.238283415,70,0,0.285225628,7600.0,8,0,1,0,1.0
90631,0,0.01011439,63,0,0.323335028,5900.0,19,0,3,0,0.0
90632,0,0.932067932,34,0,0.140816909,3500.0,4,0,0,0,0.0
90633,0,0.0,84,0,0.0,3471.0,1,0,0,0,0.0
90634,0,0.058140780999999996,44,0,0.28548434300000003,6833.0,7,0,1,0,2.0
90636,0,0.120809489,57,0,0.217049033,8891.0,9,0,2,0,2.0
90638,0,0.28281447,52,0,0.34620672399999997,8000.0,11,0,2,0,0.0
90639,0,0.087444076,74,0,0.163734568,6479.0,9,0,1,0,0.0
90641,0,0.245250678,42,0,0.40485668799999996,2511.0,10,0,1,0,3.0
90642,0,0.272899374,45,0,0.135907134,23000.0,6,0,1,0,2.0
90644,0,0.0032425979999999997,54,0,0.245800305,13750.0,15,0,1,0,1.0
90645,0,0.804568528,60,0,1.464941882,2666.0,23,0,1,0,0.0
90646,0,0.14951682300000002,49,0,0.247725162,5384.0,13,0,0,0,0.0
90647,0,0.11608971,49,0,0.018245439,4000.0,6,0,0,0,0.0
90648,0,0.075248824,46,0,0.124234471,8000.0,7,0,0,0,0.0
90649,0,0.0,50,0,0.44947672299999997,5541.0,7,0,1,0,0.0
90650,0,0.10970824900000001,55,0,0.245343565,14334.0,10,0,1,0,2.0
90651,0,0.01279727,53,2,0.46423993799999996,3900.0,24,0,0,0,2.0
90652,0,0.129568106,27,0,0.051623647,1200.0,1,1,0,0,1.0
90653,0,0.0,40,0,0.0,12800.0,1,0,0,0,0.0
90654,0,0.0,85,0,0.161262677,7000.0,8,0,1,0,0.0
90655,0,0.0,34,0,0.32131381600000003,2800.0,13,1,0,0,0.0
90658,0,0.17243362,46,0,0.860081022,3208.0,21,0,2,0,0.0
90659,0,0.7111697220000001,30,2,0.40989908700000005,8323.0,12,0,1,0,7.0
90660,0,0.585429315,58,3,5478.0,,15,0,2,0,1.0
90662,0,1.007649618,60,5,0.726636682,2000.0,10,0,0,0,0.0
90664,0,0.252477668,47,0,169.0,0.0,2,0,0,0,0.0
90666,1,0.46090535,28,1,0.024487756,2000.0,7,0,0,0,0.0
90667,0,0.9999998999999999,63,0,0.0,5000.0,0,0,0,0,0.0
90669,0,0.0,35,0,0.08606038699999999,5530.0,5,0,0,0,2.0
90670,0,0.019624316,75,0,0.636854279,2593.0,16,0,2,0,0.0
90671,0,0.502211985,35,1,0.37339677299999996,4833.0,13,0,1,0,3.0
90672,0,0.20731391,46,0,0.5619897189999999,6613.0,4,0,2,1,3.0
90673,0,0.506305625,78,0,0.07458656799999999,5925.0,1,0,0,0,0.0
90676,0,0.047934740999999996,49,0,0.209697302,7300.0,14,0,2,0,1.0
90677,0,0.9999998999999999,22,1,411.0,0.0,1,0,0,1,0.0
90679,0,0.9999998999999999,42,0,0.364377974,4412.0,6,0,2,0,2.0
90680,0,0.07339045400000001,76,0,0.042590178,2300.0,10,0,0,0,0.0
90682,0,0.0039062190000000003,41,0,0.6148385160000001,10000.0,10,0,2,0,0.0
90683,0,0.072287658,73,1,0.049191375,4451.0,12,0,0,0,0.0
90684,0,0.045226573,38,0,0.225505443,4500.0,10,0,1,0,3.0
90685,0,0.015085427,76,0,0.041234168,10500.0,9,0,1,0,0.0
90688,0,0.35267770200000004,63,0,0.5556704579999999,2900.0,5,0,1,0,0.0
90689,0,0.158714921,77,0,0.113414634,4099.0,8,0,0,0,0.0
90691,0,0.07127101599999999,39,0,0.568250481,3640.0,10,0,2,0,0.0
90695,0,0.17564870300000002,40,0,0.461018781,7400.0,9,0,4,1,3.0
90697,0,0.458353479,48,0,0.173241229,5500.0,7,0,0,0,2.0
90699,0,0.9999998999999999,51,2,0.306268986,3620.0,2,0,0,0,4.0
90700,1,0.76139226,59,1,1.195444377,4916.0,16,0,4,0,3.0
90701,0,0.036535651,61,0,0.121187801,1245.0,6,0,1,0,0.0
90702,0,0.130357563,63,1,5819.0,,19,0,4,0,0.0
90703,0,0.9999998999999999,63,1,3068.0,,1,0,1,0,0.0
90705,0,0.002168953,30,0,0.597180564,3333.0,4,0,2,0,0.0
90706,0,0.41093712,33,0,0.199829206,8196.0,11,0,0,0,4.0
90707,0,0.96032968,37,2,0.318482759,7249.0,12,0,1,0,2.0
90708,0,0.8387634359999999,45,0,0.410603868,7600.0,6,0,1,0,0.0
90710,0,0.48383788299999997,45,0,0.6710664470000001,6666.0,11,0,2,0,1.0
90712,0,0.019902146000000003,39,0,977.0,,9,0,1,0,0.0
90714,0,0.881944878,74,1,1.467690111,2800.0,10,0,2,0,0.0
90715,0,0.900919947,38,0,0.345231846,5714.0,8,0,0,0,3.0
90716,0,0.257624693,66,0,0.27610075,5200.0,9,0,0,0,0.0
90717,0,0.11163991699999999,73,0,0.281120944,6779.0,9,0,2,0,1.0
90719,1,0.32561918,53,0,0.109129066,4764.0,11,0,0,0,0.0
90722,0,0.029600078,76,0,2.24137931,550.0,23,0,2,0,0.0
90723,0,0.048798699,29,0,0.009816397,5500.0,8,0,0,0,0.0
90724,0,0.077837924,65,0,1409.0,,6,0,1,0,2.0
90725,0,0.035480465,53,0,0.441414972,8508.0,5,0,1,0,1.0
90726,0,0.051541751,63,0,0.39598214299999995,2239.0,8,0,1,0,0.0
90727,0,0.823041218,63,0,0.495000769,6500.0,14,0,2,0,0.0
90728,0,0.0055403909999999995,61,0,0.825079509,2200.0,12,0,1,0,0.0
90729,0,0.0,22,0,0.0,1000.0,2,0,0,0,0.0
90730,0,0.0,78,0,0.0,,4,0,0,0,0.0
90731,0,0.068475512,67,0,0.827070207,8887.0,18,0,3,0,0.0
90732,0,0.071360393,65,0,0.052183778,1762.0,6,0,0,0,0.0
90733,0,0.9999998999999999,41,0,0.820877236,4080.0,7,0,3,0,0.0
90735,0,0.023819779,58,1,0.220391349,5825.0,13,0,1,0,0.0
90738,0,0.046248347999999995,47,0,0.283260594,7102.0,14,0,2,0,0.0
90740,0,0.821633673,38,0,0.563508482,2416.0,8,0,0,0,3.0
90741,0,0.266499776,45,0,0.49312671799999996,4000.0,15,0,0,0,0.0
90742,0,0.450657735,42,0,0.14600511800000002,7033.0,17,0,0,0,2.0
90743,0,1.764621969,33,0,0.580683863,3333.0,7,0,1,0,0.0
90744,0,0.36042501600000004,63,0,0.334833333,5999.0,15,0,0,0,0.0
90745,0,0.021418746000000002,76,0,0.006344934,5200.0,4,0,0,0,1.0
90746,0,0.094563515,48,0,0.6928699490000001,7250.0,11,0,3,0,2.0
90747,0,1.14689216,49,1,0.29368531600000003,6666.0,6,0,0,0,1.0
90748,0,0.051509018,57,0,4638.0,,7,0,2,0,
90750,0,0.008427143,44,0,923.0,,4,0,1,0,0.0
90751,0,0.240310388,37,0,0.071971212,2500.0,2,0,0,0,0.0
90752,0,0.30419561300000003,35,0,0.48005332799999995,9750.0,11,0,2,0,0.0
90753,0,0.658498803,35,0,0.373553464,6480.0,10,1,1,0,0.0
90755,0,0.7232332029999999,65,5,0.9669637040000001,4600.0,10,0,3,0,0.0
90757,0,0.002280673,68,0,5.0,,7,0,0,0,
90758,0,0.411570558,68,2,0.424162993,8392.0,15,0,2,0,0.0
90759,0,0.291843164,76,0,0.303682964,9285.0,15,0,2,0,0.0
90761,0,0.0,71,0,0.0,,8,0,0,0,0.0
90762,0,0.003157853,56,0,0.231339333,17000.0,13,0,3,0,1.0
90764,0,0.076900023,47,0,0.303178193,8400.0,14,0,2,0,3.0
90766,0,0.123109709,51,0,0.040399832999999996,2400.0,6,0,0,0,0.0
90769,0,0.0,63,0,255.0,,7,0,1,0,0.0
90770,0,0.374743754,52,0,0.307481689,14608.0,11,0,4,0,2.0
90771,0,0.001155707,44,0,1.0,,5,0,0,0,0.0
90772,0,0.21725307100000002,78,0,0.476149672,3500.0,20,0,0,0,0.0
90773,0,0.562770462,50,0,0.12381269800000001,6000.0,6,0,0,0,1.0
90774,0,0.23183263399999998,58,1,0.39080459799999995,2000.0,10,0,0,0,0.0
90775,0,0.012076613,49,0,516.0,,5,0,0,0,0.0
90779,0,0.0,56,1,0.27016540699999997,4896.0,6,0,0,0,0.0
90781,1,0.508839354,52,0,0.09635974300000001,1400.0,3,0,0,0,0.0
90784,0,0.430269159,46,1,0.33806200700000005,8740.0,12,0,1,0,1.0
90785,0,0.291628335,49,1,0.517387842,7533.0,16,0,2,0,1.0
90786,0,0.6850862459999999,45,0,5.54368932,720.0,6,0,2,0,3.0
90787,0,0.03206497,69,0,0.017208413,4706.0,8,0,0,0,0.0
90788,0,0.08499552699999999,57,0,0.006856163,7000.0,3,0,0,0,0.0
90789,0,0.587068822,39,0,0.582003546,2255.0,3,0,0,1,2.0
90790,0,0.226257204,36,0,0.5860827829999999,5000.0,6,0,1,0,0.0
90792,0,0.9999998999999999,33,0,0.10175267800000001,6161.0,4,0,0,0,1.0
90793,0,0.660601391,32,0,0.420614139,4200.0,13,0,0,0,1.0
90794,0,0.061387722,36,0,0.417033187,2500.0,4,0,1,0,0.0
90795,0,0.075175488,64,0,0.105886168,18500.0,10,0,1,0,1.0
90796,0,0.02440927,46,0,0.355652963,6615.0,14,0,1,0,3.0
90797,0,0.019472087,73,0,87.0,,12,0,0,0,0.0
90798,0,0.02626316,57,0,0.01332445,1500.0,3,0,0,0,0.0
90799,0,0.058706430999999996,64,0,0.208211687,21578.0,9,0,1,0,1.0
90800,0,0.562762322,36,0,0.278674475,7000.0,11,0,0,0,1.0
90801,0,0.486625256,47,0,5645.0,,11,0,3,0,2.0
90802,0,0.0030230229999999997,64,0,0.7842992040000001,5400.0,13,0,3,0,0.0
90804,0,0.2003998,72,0,0.0035640040000000004,3366.0,2,0,0,0,0.0
90805,0,0.084566628,51,0,0.329129312,6580.0,10,0,2,0,0.0
90806,0,0.199554918,33,0,0.12733962599999998,6250.0,8,0,0,0,0.0
90807,0,0.041866108,45,0,0.12254449999999999,14100.0,9,0,1,0,4.0
90809,0,0.9999998999999999,41,0,1.5324675319999999,1000.0,2,0,1,0,2.0
90810,0,0.745254745,34,0,0.621168305,1728.0,5,0,0,0,0.0
90812,0,0.005565095999999999,46,0,0.070934108,11700.0,11,0,0,0,2.0
90815,0,0.25039696699999997,67,0,1.663084229,4000.0,10,0,2,0,0.0
90816,0,0.07537571900000001,38,0,1189.0,,14,0,1,0,0.0
90817,0,0.169268442,37,0,0.752498078,1300.0,11,0,0,0,0.0
90818,0,0.012924122,28,0,0.405670665,2750.0,7,0,1,0,0.0
90819,0,0.628837116,36,0,2405.0,,3,0,1,0,0.0
90820,0,0.195081439,55,2,4310.0,,19,0,4,0,0.0
90821,0,0.29177317399999997,52,0,0.635415547,9300.0,16,0,3,0,1.0
90822,0,0.812920592,50,0,0.155628345,12516.0,8,0,1,0,2.0
90823,0,0.0,45,0,0.214177772,14557.0,6,0,1,0,1.0
90825,0,0.153445522,48,0,0.518810321,10153.0,13,0,3,0,1.0
90826,0,0.0,52,0,0.429585616,12958.0,10,0,3,0,1.0
90827,0,0.15703371900000002,60,0,1406.0,,8,0,1,0,0.0
90828,0,0.608385685,43,1,0.629753236,9887.0,12,0,3,0,1.0
90829,0,0.013974128999999998,53,0,0.135480289,1800.0,15,0,0,0,2.0
90830,0,0.920832843,28,1,0.204737733,6500.0,6,0,0,0,0.0
90833,0,0.768013458,44,0,0.327490883,8500.0,27,0,1,0,2.0
90835,0,0.099140025,60,0,0.279585915,12750.0,6,0,1,0,0.0
90836,0,0.063614712,70,0,0.146979098,16600.0,9,0,2,0,1.0
90837,0,0.048584074000000005,40,0,0.433631485,5589.0,12,1,3,0,4.0
90838,0,0.0,61,0,0.0,,5,0,0,0,1.0
90840,0,0.016642461,83,0,0.01187905,8333.0,5,0,0,0,0.0
90842,0,0.032683599,44,0,0.330515408,11000.0,8,0,2,0,3.0
90847,0,0.33550783300000003,41,0,0.318420395,4000.0,4,0,1,0,0.0
90848,0,0.231721593,59,0,0.21735117699999998,6500.0,7,0,1,0,1.0
90849,0,0.017849108,36,0,0.177321757,3800.0,2,0,0,0,0.0
90850,0,0.071396533,52,1,936.0,,9,0,1,0,2.0
90851,0,1.209253417,31,3,0.717768147,1845.0,6,0,1,0,1.0
90852,0,0.012615208000000001,71,0,0.21157179,7500.0,11,0,2,0,0.0
90853,0,1778.0,34,0,0.20497488600000002,4180.0,8,0,0,0,2.0
90854,0,0.41426436299999997,51,0,0.564605378,10300.0,11,0,2,0,0.0
90856,0,0.42702402799999994,56,0,0.42403450299999995,5100.0,11,0,1,0,3.0
90857,0,0.37453259999999994,45,0,0.87115883,2700.0,13,1,3,0,0.0
90858,0,0.007919366,80,0,0.001285898,2332.0,9,0,0,0,0.0
90859,0,0.10005555199999999,47,0,0.339104987,8200.0,12,0,2,0,1.0
90861,0,0.078541435,57,0,0.020326223,7969.0,8,0,0,0,0.0
90864,0,0.097526832,63,0,737.0,,4,0,1,0,0.0
90868,0,0.0,36,0,0.11433926900000001,3200.0,4,0,0,0,0.0
90871,0,0.048073184000000005,47,0,0.35429165700000004,12500.0,6,0,2,0,4.0
90872,0,0.020634856,49,0,0.002499861,18000.0,7,0,0,0,2.0
90873,0,0.983813378,51,0,0.151426286,3750.0,7,1,0,0,0.0
90876,1,0.8489325790000001,49,0,0.855093995,17500.0,18,0,12,0,3.0
90877,0,0.277371562,63,0,0.232546201,7791.0,14,0,0,0,0.0
90878,0,0.264439478,56,0,66.0,,7,1,0,1,0.0
90879,0,0.0,31,0,0.287141074,800.0,9,0,0,0,0.0
90880,0,0.177104273,56,0,0.18127584600000002,14750.0,5,0,2,0,0.0
90882,0,0.0081577,62,0,0.117080265,11000.0,17,0,1,0,0.0
90883,0,0.0,51,0,1.7241918669999998,1917.0,11,0,3,0,1.0
90884,0,0.003629361,56,0,0.12023995800000001,3833.0,9,0,1,0,1.0
90886,0,0.9999998999999999,44,0,0.14440993800000002,7083.0,3,0,1,0,2.0
90887,0,0.069797456,64,0,0.03539823,6666.0,13,0,0,0,0.0
90888,0,0.036401723,35,0,0.00519896,5000.0,2,0,0,0,0.0
90891,0,0.017509535,73,0,0.012993503,2000.0,4,0,0,0,0.0
90892,0,0.875746657,46,1,0.863988967,5800.0,14,0,1,0,0.0
90893,0,0.087326797,63,0,0.423201063,15800.0,16,0,2,0,0.0
90894,0,0.550268995,42,5,0.10562748400000001,7800.0,2,0,0,0,2.0
90898,0,0.536849114,61,1,0.498435161,7348.0,17,0,1,0,1.0
90899,0,0.008013446,54,0,1141.0,,7,0,1,0,0.0
90900,0,0.367214689,50,0,0.076140065,2455.0,7,0,0,0,1.0
90901,0,0.046753061,62,0,0.091704421,6400.0,9,0,2,0,0.0
90902,0,0.485318449,48,0,0.634125637,10601.0,9,0,2,0,1.0
90903,0,0.23473311800000002,39,0,0.086259284,5923.0,4,0,0,0,2.0
90905,0,0.039414351,53,0,0.038033016,120000.0,12,0,1,0,0.0
90906,0,0.12401208300000001,60,0,0.054327995,4932.0,8,0,0,0,2.0
90907,0,0.11149493199999999,45,0,0.382228199,9666.0,12,0,2,0,0.0
90908,1,0.9999998999999999,54,1,0.317185698,2600.0,6,1,1,0,0.0
90909,0,0.20513685399999998,57,0,0.237690577,4000.0,9,0,0,0,0.0
90912,0,0.000232547,69,0,1452.0,,4,0,1,0,0.0
90916,0,0.8063550540000001,47,1,0.66015625,5631.0,10,0,2,0,0.0
90917,0,0.036481049,82,0,45.0,,3,0,0,0,
90918,0,0.964641414,50,0,0.355344679,12750.0,12,0,2,0,1.0
90921,0,0.251849877,50,0,2.190895742,9533.0,4,0,0,0,4.0
90922,0,0.959673388,30,0,0.215057637,2775.0,3,0,0,0,0.0
90923,0,0.194214062,57,1,0.258212089,13333.0,16,0,3,0,3.0
90924,0,0.07848917799999999,68,0,0.592001702,4700.0,13,0,2,0,0.0
90926,0,0.012997003,62,0,0.379770038,6000.0,8,0,2,0,0.0
90927,0,0.9999998999999999,24,0,0.0,200.0,0,0,0,0,0.0
90928,0,0.272118617,62,0,0.229501575,12378.0,9,0,1,0,0.0
90929,0,0.033557837,73,0,545.0,,7,0,1,0,0.0
90931,0,0.105899624,57,0,0.607850809,7667.0,11,0,2,0,0.0
90932,0,0.091521022,63,0,0.633710407,4419.0,17,0,3,0,0.0
90935,0,0.020560295,67,0,0.08006856,4083.0,7,0,1,0,0.0
90936,0,0.165003434,44,0,0.46413396700000004,4000.0,19,0,2,0,0.0
90937,0,0.0,102,0,0.0,,12,0,0,0,0.0
90938,0,0.017174571,43,0,1.3670886080000002,1500.0,9,0,2,0,0.0
90939,0,0.55768029,53,0,0.48037053399999996,6800.0,8,0,2,0,1.0
90942,0,0.889527618,62,0,106.0,,1,0,0,0,0.0
90944,0,0.023954491,66,0,0.45050989799999996,5000.0,16,0,1,0,0.0
90946,0,0.059233678,69,0,1.815920398,401.0,17,0,1,0,0.0
90947,0,0.000775673,80,0,2.0,,8,0,0,0,0.0
90950,0,0.0,55,1,0.26384208,6230.0,12,0,1,0,1.0
90951,0,0.0283112,75,0,26.0,,4,0,0,0,0.0
90952,0,0.39094650200000003,48,0,0.286316144,5933.0,16,0,2,1,3.0
90954,0,0.23368565,53,0,0.132955681,3000.0,4,0,0,0,1.0
90955,0,0.21581043800000002,64,0,0.638143177,3575.0,15,0,1,0,0.0
90956,0,0.017941508999999998,38,2,0.008746356,2400.0,6,0,0,0,0.0
90957,0,0.026897685,46,1,0.395383249,6757.0,18,0,2,0,0.0
90958,0,0.9999998999999999,37,0,435.0,,3,0,0,0,2.0
90960,0,0.056286725999999995,52,0,0.252436891,4000.0,10,0,1,0,0.0
90962,1,0.880319909,24,0,0.315369261,500.0,3,0,0,0,0.0
90963,0,0.042119735,26,1,0.19716745300000002,3600.0,4,0,0,0,0.0
90964,0,0.052618606,61,0,0.32538114100000004,7083.0,25,0,2,0,2.0
90965,0,0.0,55,0,0.0,5333.0,2,0,0,0,0.0
90966,0,0.033067319,66,0,282.0,0.0,7,0,0,0,0.0
90968,0,0.195123508,39,0,0.802845528,3935.0,8,0,3,0,0.0
90969,0,0.6765192459999999,58,0,2573.0,0.0,7,0,1,0,0.0
90970,0,0.736842105,29,2,0.031653478,2400.0,5,0,0,1,1.0
90971,0,0.00285879,63,0,1664.0,,8,0,1,0,0.0
90974,0,0.0,49,0,0.23076923100000002,8800.0,10,0,1,0,0.0
90976,0,0.135076961,70,0,0.380945579,7000.0,11,0,2,0,0.0
90977,0,0.583144517,75,0,0.552179128,2500.0,4,0,0,0,0.0
90978,0,0.018057668,64,0,1700.0,,8,0,1,0,0.0
90982,0,0.0,47,0,0.748033878,6611.0,16,0,10,0,0.0
90983,0,0.9999998999999999,44,0,0.651370413,11200.0,10,0,3,0,2.0
90984,0,0.089862865,69,0,0.113289382,11527.0,8,0,0,0,0.0
90985,0,0.128271475,50,0,0.23090254600000001,7500.0,6,0,2,0,3.0
90986,0,0.054346547,36,1,0.37602179799999996,1100.0,3,0,0,0,0.0
90987,0,0.008624375,80,0,13.0,,8,0,0,0,0.0
90989,0,0.092447031,47,1,0.32963004100000004,9000.0,21,0,2,1,0.0
90991,0,0.042896208,61,0,0.014992503999999999,2000.0,4,0,0,0,1.0
90993,0,0.10979710599999999,79,0,0.166941653,6666.0,9,0,2,0,0.0
90994,0,0.0,71,0,0.359308771,3066.0,4,0,1,0,0.0
90995,0,0.9999998999999999,41,0,0.0,2625.0,0,0,0,0,1.0
90996,0,0.031828305,62,0,0.376435045,3309.0,11,0,1,0,0.0
90997,0,0.081035313,64,0,0.282907662,4580.0,8,0,1,0,0.0
90998,0,0.13072715199999999,57,0,0.126952951,11200.0,4,0,1,0,0.0
90999,0,0.9999998999999999,26,0,0.141021064,2800.0,2,0,0,0,0.0
91002,0,0.614241083,69,0,0.671017914,7200.0,18,0,2,0,0.0
91003,0,0.392135081,37,0,0.146319297,3300.0,4,0,0,0,0.0
91004,0,0.0016232710000000001,29,0,0.335019409,8500.0,10,0,2,0,3.0
91006,0,0.329137749,45,1,0.108403624,3200.0,3,1,0,0,2.0
91007,0,0.009569284,54,0,0.351787774,2600.0,7,0,1,0,0.0
91008,0,0.18716659300000002,46,0,0.6942611479999999,5000.0,12,0,1,0,2.0
91009,0,0.58958205,51,0,0.47896995700000006,8154.0,14,0,2,0,2.0
91011,1,0.9999998999999999,44,0,0.00933126,4500.0,0,2,0,0,0.0
91014,0,0.0,69,0,0.342477026,7290.0,8,0,3,0,4.0
91015,0,0.0,47,0,0.021962906,66156.0,10,0,1,0,4.0
91016,0,0.115923064,53,0,2397.0,,7,0,1,0,2.0
91017,0,0.060659118,55,0,0.265546891,5000.0,8,0,1,0,2.0
91019,0,0.0006274259999999999,62,0,0.5729051310000001,5417.0,8,0,1,0,1.0
91020,0,0.0,29,0,0.174629325,1213.0,2,0,0,0,1.0
91021,0,0.0,69,0,0.285593416,13000.0,8,0,2,0,1.0
91023,0,0.00020737099999999998,60,0,710.0,,9,0,1,0,0.0
91025,0,0.002784012,42,0,0.00038707199999999997,5166.0,7,0,0,0,4.0
91026,0,0.881682528,56,1,0.76568573,1800.0,6,1,2,0,2.0
91027,0,0.998667555,45,3,0.839540115,4000.0,7,0,1,0,2.0
91029,0,0.39647757200000006,61,0,0.574570172,2500.0,8,0,1,0,0.0
91031,0,0.0,68,1,2750.0,,20,0,2,0,0.0
91032,0,0.379942369,57,0,0.5237312510000001,4866.0,13,0,2,0,0.0
91033,0,0.75847465,57,1,0.763831259,5783.0,18,0,2,0,1.0
91035,0,0.5342498520000001,69,0,4827.0,,20,0,1,0,2.0
91036,1,1.008832843,38,3,0.31669466399999996,12500.0,5,0,1,0,3.0
91037,0,0.015232204,41,0,0.146155245,5500.0,9,0,0,0,4.0
91039,0,0.055267453,63,0,0.020282816999999998,7000.0,6,0,1,0,0.0
91040,0,0.339026439,39,0,0.228517606,6900.0,10,0,1,0,0.0
91042,0,0.07641689,75,0,2268.0,,4,0,1,0,0.0
91044,0,0.042251893,80,0,42.0,,1,0,0,0,0.0
91047,0,0.09468763300000001,39,0,0.049987502999999996,4000.0,13,0,0,0,0.0
91048,0,0.708563651,51,0,0.869584118,6900.0,7,0,1,0,0.0
91049,0,0.0,50,0,0.0,5416.0,4,0,0,0,0.0
91050,0,0.261073893,52,0,0.010831829,7200.0,1,0,0,0,0.0
91051,0,0.9999998999999999,46,0,0.0,2375.0,1,0,0,0,0.0
91052,0,0.0,50,0,0.37690577399999997,4000.0,15,0,1,0,3.0
91055,0,0.18592583199999999,49,0,1.067967699,1485.0,9,0,2,0,0.0
91056,0,0.62741613,27,1,0.035989717000000004,2333.0,3,0,0,0,0.0
91057,0,0.204476783,54,0,0.295569912,4333.0,16,0,0,0,0.0
91059,1,0.5783075839999999,62,2,0.755289788,3260.0,14,0,1,2,0.0
91060,0,0.633774865,64,1,0.560826575,9000.0,17,0,3,0,2.0
91061,0,0.0,60,0,0.420739591,11600.0,10,0,4,0,0.0
91063,0,0.9999998999999999,24,0,0.0,1.0,1,0,0,0,0.0
91064,0,0.43381870200000006,58,1,2.093912487,12500.0,26,0,8,0,0.0
91066,0,0.051437996,51,0,836.0,,5,0,1,0,0.0
91067,0,0.20559946699999998,57,0,0.192590003,2860.0,5,0,0,0,0.0
91068,0,0.36844335200000006,61,0,0.083105647,8783.0,6,0,0,1,1.0
91070,0,0.410913896,61,0,0.29594710399999996,8166.0,11,0,2,0,0.0
91071,0,0.063767541,48,0,115.0,,9,0,0,0,
91073,0,0.0,29,0,0.047031157999999997,1700.0,2,0,0,0,1.0
91074,0,0.09017672199999999,68,0,0.44287976,12000.0,8,0,4,0,1.0
91075,0,0.0,64,0,2820.0,,6,0,1,0,0.0
91076,0,0.017964072,37,1,0.0,,1,0,0,0,0.0
91077,0,0.5117293070000001,67,1,0.60913029,3000.0,8,1,1,0,0.0
91078,0,0.086948051,54,0,0.225321615,7850.0,7,0,1,0,1.0
91079,0,0.774613753,64,0,0.71758191,2166.0,6,0,1,0,0.0
91081,0,0.322254232,71,0,0.233203776,1800.0,8,0,0,0,1.0
91082,1,0.649799773,46,0,0.33681917200000006,4589.0,9,0,0,0,1.0
91085,0,0.765125521,49,0,0.31705441300000003,5200.0,11,0,0,0,0.0
91087,0,0.9999998999999999,45,3,0.089255578,10665.0,2,4,1,0,1.0
91089,0,0.021284532999999998,43,0,0.383914686,4500.0,8,0,1,0,2.0
91090,0,0.10383033800000001,69,0,0.506802721,2351.0,19,0,2,0,0.0
91091,0,0.189698765,42,1,0.46128584100000003,7916.0,11,0,2,0,2.0
91092,0,0.014587552,35,0,0.045441795,7129.0,8,0,0,0,0.0
91094,0,0.053082681,89,0,0.004769475,5660.0,3,0,0,0,0.0
91095,1,0.835766569,41,1,0.6882947509999999,9200.0,12,0,4,0,2.0
91097,0,0.770180856,43,0,0.11305518199999999,5200.0,10,0,0,1,3.0
91098,0,0.068044379,31,0,2357.0,,12,0,2,0,0.0
91099,0,0.11551240300000001,59,0,0.143092904,10300.0,7,0,1,0,0.0
91100,0,0.07504214599999999,54,1,0.905097525,6100.0,17,1,3,0,1.0
91101,0,0.208025142,65,0,0.36958656,9166.0,7,0,2,0,0.0
91103,0,0.072617218,48,0,0.542378096,6500.0,10,0,2,0,3.0
91104,0,0.310236336,43,0,0.648698542,5416.0,6,0,2,0,0.0
91105,0,0.9999998999999999,32,0,0.014368789,32500.0,1,0,0,0,2.0
91106,0,0.27522706399999997,58,0,3426.0,,9,0,1,0,0.0
91108,0,0.6922884640000001,37,0,0.315128205,3899.0,3,0,1,0,3.0
91109,0,0.558090577,46,0,3719.0,,14,0,2,0,0.0
91110,0,0.029712336000000002,76,0,0.011507263,5300.0,11,0,0,0,1.0
91112,0,0.398304889,48,0,0.6168006770000001,4725.0,8,0,1,0,0.0
91114,0,0.022850217000000003,52,0,1306.0,,11,0,1,0,2.0
91115,0,0.9014884670000001,58,1,0.5112974610000001,4292.0,6,0,1,0,3.0
91116,0,1.009271042,47,0,1.346653347,1000.0,8,0,0,0,0.0
91122,0,0.0,35,0,0.518384725,7750.0,5,0,2,0,1.0
91123,0,0.956844377,47,0,0.327719594,19000.0,6,0,4,0,2.0
91124,0,0.653085169,52,0,0.203019792,4900.0,10,0,0,0,2.0
91125,0,0.772522748,47,1,0.8084479370000001,3053.0,9,0,1,0,0.0
91126,0,0.045060086,89,0,0.019932695,3862.0,6,0,0,0,0.0
91128,0,0.9999998999999999,22,0,0.017994002,3000.0,0,0,0,0,0.0
91129,0,0.0,57,1,0.20239880100000002,2000.0,6,0,0,0,0.0
91130,0,0.9999998999999999,48,0,0.375406148,4000.0,6,0,2,0,2.0
91132,0,0.093367675,55,1,0.363391655,5200.0,7,0,1,0,0.0
91133,0,1.06734822,32,0,0.550431196,2666.0,4,2,1,1,1.0
91134,0,1.0194422840000001,42,3,0.905364878,3000.0,9,0,2,1,0.0
91135,0,0.294355308,53,0,0.19718570600000002,5400.0,17,0,1,0,1.0
91136,0,0.017391503,81,0,0.00669933,10000.0,20,0,0,0,2.0
91137,0,0.911688858,42,0,0.122525495,6667.0,3,0,0,0,1.0
91138,0,0.452343075,42,0,1.114614122,3044.0,6,0,2,0,0.0
91139,1,0.855642925,78,0,0.7010764559999999,3622.0,9,1,1,0,0.0
91140,0,0.133063118,61,0,0.781660609,3576.0,11,0,2,0,2.0
91141,0,0.9999998999999999,31,0,0.17162277,3530.0,4,0,0,0,0.0
91142,0,0.9999998999999999,86,0,0.053320861,3206.0,7,0,0,0,0.0
91143,0,0.719139025,29,0,0.119976005,5000.0,9,0,0,0,0.0
91146,0,0.026651973,68,0,0.00856531,2334.0,3,0,0,0,0.0
91147,0,0.218750368,65,0,0.542900676,10500.0,11,0,4,0,1.0
91148,0,0.913761114,60,1,0.108018241,10525.0,3,0,0,0,3.0
91150,0,0.9582083579999999,55,1,0.7795342270000001,7084.0,6,0,1,0,2.0
91151,0,0.9999998999999999,27,0,0.86681465,900.0,3,0,0,0,1.0
91152,0,0.188161448,62,2,0.42285844100000003,4400.0,6,0,0,0,2.0
91153,0,0.40017332200000005,56,0,0.069949199,2558.0,4,0,0,0,0.0
91154,0,0.049142381,36,0,0.31930238699999997,7625.0,11,0,2,0,0.0
91156,0,0.0,61,0,0.83077948,1500.0,8,0,1,0,0.0
91157,0,0.267388588,40,0,0.067315122,22000.0,4,0,1,0,0.0
91159,0,0.11758608400000001,37,0,0.263461827,13333.0,11,0,2,0,2.0
91160,1,1.021989005,45,1,2189.0,0.0,5,1,1,0,4.0
91161,0,0.015853175,46,0,0.37684393200000005,8066.0,8,0,2,0,1.0
91162,1,1.00519896,36,2,0.26762996699999997,19100.0,7,0,3,0,1.0
91164,0,0.0,42,0,0.44552888399999996,3790.0,8,0,1,0,1.0
91167,0,0.0,88,0,128.0,,2,0,0,0,0.0
91169,0,0.6211802989999999,76,0,0.188080866,10436.0,14,0,0,0,0.0
91170,0,0.0503614,79,0,0.01994302,3509.0,5,0,0,0,0.0
91171,0,0.043409105,52,0,0.23323334,9333.0,17,0,2,0,0.0
91172,0,0.078957894,46,0,88.0,,2,0,0,0,
91173,1,0.518839713,39,1,0.661335466,2500.0,7,0,1,0,0.0
91174,1,1.254104211,25,0,0.080254042,1731.0,4,1,0,1,0.0
91175,0,0.046041605,71,0,0.30160411600000003,6607.0,7,0,1,0,0.0
91176,0,0.810158646,42,0,0.420079989,7250.0,6,0,3,0,2.0
91177,1,0.9999998999999999,55,0,0.17932833399999998,9200.0,3,0,1,0,0.0
91178,0,0.118344794,36,0,3031.0,,6,0,2,0,0.0
91179,0,0.041857543,72,0,0.239586804,3000.0,8,0,1,0,0.0
91180,0,0.104109743,78,0,110.0,,8,0,0,0,
91181,0,0.061523500999999994,81,0,32.0,,10,0,0,0,0.0
91182,0,0.18682623,52,0,0.628674265,5000.0,14,1,2,0,2.0
91183,0,0.08715763800000001,50,0,0.143109764,15833.0,10,0,1,0,2.0
91184,0,0.9999998999999999,51,0,0.0,,0,0,0,0,0.0
91185,1,0.332690365,52,1,0.496490912,5556.0,10,2,2,0,0.0
91187,0,0.0,48,1,0.612571774,3308.0,10,0,1,0,1.0
91188,0,0.18250203899999998,32,0,1840.0,,5,0,2,0,0.0
91189,0,0.001434945,53,0,0.219703978,2161.0,8,0,0,0,1.0
91190,0,0.959969428,46,0,0.45503692,7583.0,8,0,1,0,3.0
91191,0,0.946902655,51,0,0.5716401329999999,2700.0,7,0,0,0,0.0
91192,0,0.302159077,54,0,0.545878035,7083.0,10,0,2,0,0.0
91193,0,0.042331296,65,0,0.2736792,2100.0,16,0,1,0,0.0
91194,1,0.173138149,58,0,0.09026852,5250.0,9,0,0,0,0.0
91195,0,0.024618436,60,0,1480.0,,13,0,2,0,0.0
91196,0,0.17883271,34,0,0.500932587,3752.0,10,0,1,0,0.0
91197,0,0.9999998999999999,52,0,0.42843242200000003,10276.0,2,0,2,0,0.0
91198,0,0.9999998999999999,44,1,1.173587729,2672.0,5,0,1,0,0.0
91199,0,0.37370320799999995,55,1,0.345443404,11422.0,20,0,2,0,0.0
91201,1,0.43800044200000005,47,4,0.629432151,3750.0,14,0,1,0,0.0
91202,0,0.24213312399999998,30,0,0.036981508999999996,2000.0,3,0,0,0,0.0
91203,1,1.072583632,28,4,0.33987161200000005,2803.0,12,1,0,3,0.0
91204,0,0.576143046,46,0,0.218761362,8250.0,7,0,0,1,0.0
91205,0,0.9999998999999999,41,0,439.0,,10,0,0,0,
91206,0,0.6957667209999999,37,0,1203.0,,8,0,2,0,0.0
91207,0,0.248699251,40,0,0.608613046,1578.0,10,0,0,0,1.0
91208,0,0.80215092,44,1,0.099686614,6700.0,6,0,0,0,2.0
91209,0,0.074090362,63,0,0.30203959199999997,3333.0,8,0,2,0,1.0
91211,0,0.00015305899999999999,57,0,0.03702709999999999,7453.0,9,0,0,0,0.0
91214,0,0.021549951,64,0,0.249375312,2000.0,8,0,0,0,0.0
91216,0,0.955425953,23,1,0.181616218,3600.0,4,0,0,0,1.0
91217,0,0.841631674,52,0,0.42604832600000003,9228.0,9,0,2,0,0.0
91218,0,0.7681677720000001,79,1,0.606504932,3750.0,11,0,0,0,2.0
91220,0,0.0,55,0,0.403899025,4000.0,5,0,1,0,1.0
91221,0,0.152158032,51,0,0.400757735,4750.0,9,0,1,0,0.0
91222,0,0.0,55,0,0.18695326199999998,4000.0,8,0,0,0,1.0
91223,0,0.100528008,56,0,0.26681472100000003,3151.0,8,0,0,0,0.0
91224,0,0.44329639200000004,34,0,0.332271147,3451.0,5,0,0,0,3.0
91225,0,0.966214083,38,0,5.82596291,700.0,7,0,2,0,2.0
91226,0,0.245261027,31,0,0.41990668700000006,4500.0,8,0,1,0,0.0
91227,0,0.092740011,43,0,0.230756552,18200.0,14,0,3,0,4.0
91228,0,0.044045522000000004,57,0,0.12407802,6100.0,5,0,0,0,0.0
91229,0,0.28621737399999997,58,0,0.537207358,9567.0,15,0,2,0,2.0
91231,0,0.052504193,57,0,73.0,,8,0,0,0,
91232,0,0.042326629000000004,54,0,0.21543129600000002,4613.0,6,0,1,0,0.0
91233,0,0.923279482,42,1,0.31305688800000003,5835.0,11,0,1,1,3.0
91235,0,0.754424558,52,0,0.306538692,5000.0,6,0,1,0,0.0
91236,0,0.40164496200000005,37,0,0.8250349929999999,5000.0,20,0,6,0,0.0
91239,0,0.02229777,79,0,104.0,,5,0,0,0,0.0
91240,1,0.9999998999999999,32,0,0.0,,0,0,0,0,0.0
91241,0,0.076646168,50,0,0.414258574,10000.0,4,0,2,0,2.0
91242,0,0.48293000399999997,41,0,0.110577884,5000.0,8,0,0,0,2.0
91245,0,0.0072388140000000005,43,0,4007.0,,6,0,1,0,0.0
91246,0,0.048485247,45,0,0.297207761,12677.0,8,0,2,0,3.0
91247,0,0.0,63,0,1.096359743,1400.0,7,0,2,0,0.0
91248,0,1.022395521,55,1,0.490724536,2856.0,7,0,1,0,0.0
91249,0,0.006466670999999999,45,0,0.339094415,7000.0,9,0,2,0,3.0
91250,0,0.9999998999999999,33,0,0.7361516029999999,1371.0,3,0,1,0,3.0
91251,0,0.9999998999999999,50,0,54.0,,1,0,0,0,
91252,0,0.650089994,53,0,0.08766597300000001,6250.0,4,0,0,0,0.0
91253,0,0.045079098,67,0,0.01239593,5404.0,6,0,0,0,0.0
91255,0,0.997422337,63,0,0.41304919799999995,3800.0,7,0,1,0,0.0
91256,0,0.014001671,63,0,0.252775889,8825.0,18,0,3,0,0.0
91257,0,0.9999998999999999,26,0,0.478481689,3740.0,2,0,1,0,0.0
91258,0,0.471565561,35,0,0.40913101,4533.0,6,0,2,0,0.0
91259,0,0.982943344,46,0,0.231980453,14733.0,9,1,2,0,1.0
91260,0,0.529593025,45,0,3158.0,,8,0,2,0,0.0
91261,0,0.09050915,37,0,0.563737743,5200.0,13,0,2,0,0.0
91262,0,0.017997883,64,0,2686.0,,7,0,1,0,0.0
91263,0,0.0,46,0,0.013874346000000001,3819.0,5,0,0,0,2.0
91265,0,0.9999998999999999,35,0,2824.0,,3,0,1,0,0.0
91266,0,0.0,42,0,0.0,3333.0,4,0,0,0,0.0
91267,0,0.9999998999999999,67,0,0.294279807,1450.0,1,0,0,0,0.0
91268,0,0.7297916440000001,30,1,0.194374083,7500.0,11,0,0,0,0.0
91269,0,0.004899878,47,0,0.11331210900000001,8480.0,3,0,1,0,6.0
91270,0,0.0,49,0,0.194115658,2956.0,10,0,0,0,0.0
91273,0,0.283916634,26,0,0.447171097,4400.0,13,0,1,0,2.0
91274,0,0.10465383699999999,61,0,2054.0,,14,0,1,0,0.0
91275,0,0.072977367,79,0,0.361910995,4583.0,8,0,1,0,0.0
91276,0,0.023745902000000003,79,0,104.0,,4,0,0,0,1.0
91277,0,0.060477907000000004,77,0,0.012140034,7083.0,11,0,0,0,0.0
91278,0,0.128746856,58,0,0.20725179300000002,9900.0,13,0,2,0,3.0
91282,0,0.05681939900000001,55,0,1388.0,,5,0,1,0,0.0
91283,0,0.38384066899999997,59,0,1343.0,,7,0,0,0,0.0
91285,0,0.30623643300000003,57,0,0.205453306,7334.0,4,0,1,0,2.0
91286,0,0.00191591,61,0,0.24076719,4900.0,19,0,2,0,1.0
91287,0,0.02359882,51,0,0.14537092599999998,5000.0,5,0,0,0,1.0
91290,0,0.051480051,48,0,754.0,,5,0,1,0,0.0
91291,0,0.009799755,52,0,0.07165581,6600.0,6,0,1,0,0.0
91292,0,0.00028069200000000003,59,0,457.0,,4,0,1,0,0.0
91294,0,0.047204922,71,0,0.018151054,6500.0,6,0,0,0,1.0
91298,0,0.067388219,59,0,0.29742043100000004,15583.0,10,0,2,0,1.0
91299,0,0.0,81,0,0.04739763,6666.0,6,0,1,0,0.0
91300,0,0.864956752,49,0,0.552289542,5000.0,9,0,2,0,1.0
91301,0,0.048954073,72,0,0.01555001,5208.0,7,0,0,0,0.0
91302,0,0.023324141,60,0,0.250249917,3000.0,11,0,0,0,0.0
91303,0,0.210220336,38,0,0.068802408,4650.0,3,0,0,0,0.0
91304,1,0.049767859000000005,66,0,0.180303591,2700.0,11,0,1,0,0.0
91305,0,0.02243087,44,0,0.0032200659999999997,11800.0,7,0,0,0,4.0
91307,0,0.115186736,75,1,12817.0,,9,0,4,0,
91308,0,0.186688355,78,0,0.052236940999999995,4000.0,10,0,0,0,0.0
91313,0,0.167387665,39,0,0.090484919,6000.0,5,0,0,0,1.0
91314,0,0.9999998999999999,45,0,0.39042424200000003,8249.0,7,0,1,0,1.0
91315,0,0.621526648,37,0,0.211740042,6200.0,5,0,0,0,1.0
91316,0,0.136049377,66,0,0.34206938299999995,6600.0,11,0,1,0,1.0
91317,0,0.9970029970000001,44,0,0.15471132199999998,4000.0,5,0,0,0,1.0
91318,0,0.002803521,58,0,1831.0,,8,0,2,0,0.0
91320,0,0.055940212,62,0,1084.0,,12,0,0,0,1.0
91322,0,0.019260837,58,0,0.007998,4000.0,3,0,0,0,0.0
91323,0,0.366166861,41,0,0.286271373,10000.0,18,0,2,0,0.0
91324,0,0.9999998999999999,26,0,0.762091503,764.0,4,0,0,0,0.0
91325,0,0.9999998999999999,70,1,1.094831912,1992.0,4,1,1,0,2.0
91328,0,0.10600528099999999,42,0,0.310553755,7096.0,9,0,2,0,4.0
91329,0,5.6899999999999994e-05,47,0,0.109189081,10000.0,6,0,1,0,3.0
91331,0,0.025659893,43,0,0.005237596,10500.0,14,0,0,0,3.0
91332,0,0.00238092,62,0,0.37312163299999995,10580.0,11,0,2,0,1.0
91333,0,0.017808975,46,0,0.004554919,7683.0,6,0,0,0,0.0
91334,0,0.069265438,71,0,0.205104592,7600.0,12,0,1,0,1.0
91335,0,0.12052297699999999,90,0,130.0,,5,0,0,0,0.0
91336,0,0.0035277190000000003,55,0,1362.0,,16,0,1,0,0.0
91338,0,0.299489002,26,1,492.0,,4,0,0,0,0.0
91339,0,0.12428116199999999,55,0,0.320744558,13000.0,4,0,2,0,2.0
91340,1,0.541546949,73,2,0.635726011,6700.0,8,1,1,1,0.0
91341,0,0.316552608,46,1,0.4742527,3980.0,11,1,1,2,2.0
91342,0,0.09263568300000001,47,0,1430.5,1.0,7,0,3,0,2.0
91343,0,0.98317746,45,0,0.32455731600000004,8583.0,3,0,1,0,1.0
91345,0,0.9999998999999999,71,0,0.026278206000000002,3500.0,1,0,0,0,0.0
91346,0,0.08859645599999999,62,0,0.38696315700000006,4586.0,5,0,2,0,1.0
91347,0,0.9999998999999999,29,0,0.108140948,3291.0,1,0,0,1,1.0
91349,0,0.7495557359999999,48,0,0.38358422200000003,9100.0,6,0,1,0,3.0
91351,0,0.36598434799999996,46,0,0.617576244,7475.0,19,0,3,0,2.0
91352,0,0.156256662,50,0,0.354691625,12500.0,12,0,2,0,1.0
91353,0,0.19793376,43,1,0.919008099,10000.0,19,0,6,0,3.0
91354,0,0.588735282,48,0,0.51658057,6000.0,6,0,1,0,5.0
91355,0,0.017954698,50,0,0.113681805,3500.0,4,0,0,1,1.0
91356,0,0.07184172900000001,65,0,0.067909593,9600.0,9,0,1,0,0.0
91357,0,0.021449463999999998,73,0,0.808039732,30000.0,15,0,3,0,2.0
91358,0,0.033280507,35,0,0.22652187199999999,6537.0,6,0,1,0,0.0
91360,0,0.0,60,0,0.0,,2,0,0,0,0.0
91361,0,0.013732876000000001,60,0,0.175206198,4000.0,12,0,1,0,1.0
91367,0,0.39721839600000003,57,0,0.330718351,6500.0,14,0,0,0,0.0
91368,0,0.007656705,59,0,1513.0,,5,0,1,0,0.0
91369,0,0.9716755659999999,34,6,0.692307692,1000.0,14,0,0,0,1.0
91370,0,0.487347704,27,1,1163.0,0.0,7,0,1,0,0.0
91371,0,0.034224141,64,4,0.273194772,9333.0,10,0,2,0,0.0
91372,0,0.034151219,28,0,2338.0,,7,0,1,0,0.0
91373,0,0.302656822,66,0,0.866585067,6535.0,5,0,2,0,0.0
91374,0,0.067498737,49,0,0.40543242799999996,6000.0,13,0,2,0,0.0
91375,0,0.423930934,44,0,0.913029678,6300.0,13,0,1,0,3.0
91376,0,0.0028570609999999997,62,0,0.273340832,2666.0,9,0,0,0,0.0
91377,0,0.092550526,43,0,0.363772705,6000.0,7,0,2,0,2.0
91378,0,0.0023705139999999998,41,0,1408.0,,12,0,3,0,0.0
91379,0,0.984775176,48,3,0.611077784,5000.0,9,0,1,0,0.0
91380,0,0.08180257,59,0,0.018663556,6000.0,12,0,0,0,0.0
91382,0,0.9219121990000001,68,0,0.302088913,5600.0,11,0,1,0,0.0
91383,0,0.669555363,58,1,0.44598279799999996,9533.0,9,0,2,0,0.0
91384,0,0.09318434,45,0,0.208362467,7150.0,6,0,1,0,0.0
91387,0,0.9500997999999999,26,0,0.09100978400000001,5416.0,2,0,0,0,0.0
91388,0,0.14825807400000002,66,0,0.23820556,4747.0,10,0,0,0,2.0
91389,0,0.043436142999999997,63,0,0.309233555,8284.0,3,0,1,0,3.0
91390,0,0.444952665,54,1,0.543486974,2494.0,7,0,1,0,1.0
91391,0,0.036867457,72,0,0.342110143,5392.0,10,0,1,0,0.0
91392,0,0.9999998999999999,29,0,0.051498847,1300.0,0,1,0,0,2.0
91393,0,0.0,62,0,3225.0,,11,0,2,0,0.0
91396,0,0.904323175,72,0,4303.0,,13,0,2,0,0.0
91397,0,0.200581252,59,0,0.11480167699999999,3100.0,4,0,0,0,0.0
91401,0,0.021588449,78,0,0.015928516,2573.0,9,0,0,0,0.0
91402,0,0.18934599600000002,46,0,0.526891807,6395.0,15,0,2,0,0.0
91403,0,0.13315296699999998,52,0,0.245776076,4438.0,11,0,2,0,2.0
91405,0,0.08628822800000001,49,0,1.512278698,1750.0,7,0,2,0,1.0
91407,0,0.05484433,51,0,1215.0,,6,0,1,0,0.0
91410,0,0.12211378199999999,25,0,535.0,,2,0,0,0,
91412,0,0.665353734,49,0,0.919548872,2659.0,11,0,1,1,0.0
91413,0,0.038542651000000004,29,0,0.154682274,2391.0,4,1,0,0,2.0
91417,0,0.49402976299999996,56,0,0.17531369,14185.0,9,0,1,0,1.0
91418,0,0.076394907,57,0,2547.0,,3,0,1,0,0.0
91419,0,0.191205155,51,0,0.135381725,7452.0,8,0,1,0,0.0
91420,0,0.410813297,46,0,0.39204244,7539.0,12,0,1,0,1.0
91422,0,0.27631555,65,0,0.21637250800000002,16600.0,10,0,1,0,1.0
91423,1,0.0,24,0,0.120253165,1737.0,5,0,0,0,0.0
91424,0,0.388559384,42,0,0.12605983,6250.0,6,0,0,0,0.0
91428,0,0.187688508,40,0,0.044822006,6179.0,9,0,0,0,2.0
91429,0,0.9096180759999999,46,0,0.371500737,4750.0,4,0,1,0,2.0
91431,0,0.834212372,65,0,0.485994802,6925.0,13,0,2,0,1.0
91432,0,0.974605079,42,0,0.652449184,3000.0,7,0,1,0,0.0
91433,1,0.8508302459999999,49,0,0.529635098,4740.0,17,0,2,0,1.0
91436,0,0.07185035099999999,45,0,1.003074558,1300.0,6,0,1,0,0.0
91437,1,0.9935138640000001,62,1,1.551703878,1701.0,9,2,2,3,0.0
91438,0,0.989505201,45,0,1.433824356,8892.0,15,0,3,0,1.0
91439,0,0.573472789,55,0,0.328457447,5263.0,7,0,2,0,0.0
91440,0,0.112252801,50,0,0.378362686,5166.0,7,0,1,0,2.0
91443,0,0.078389083,72,0,0.010891637,5416.0,1,0,0,0,0.0
91444,0,0.056266620999999996,58,0,0.6624525920000001,8700.0,9,0,3,0,0.0
91445,0,0.9999998999999999,53,0,0.061633476,7933.0,2,0,0,0,1.0
91448,0,0.0,64,0,0.727462437,9583.0,12,0,3,0,0.0
91450,0,0.648670266,53,0,0.044925362,14000.0,4,0,0,0,2.0
91451,0,0.077265703,73,0,0.455005056,1977.0,3,0,1,0,0.0
91452,0,0.072497583,59,0,0.354329134,5000.0,15,0,1,0,0.0
91453,0,0.02384027,66,0,0.289855072,2000.0,3,0,1,0,0.0
91454,0,0.032755235,79,1,0.31884058,4001.0,10,0,2,0,0.0
91455,1,1.191510365,28,7,0.363847494,5166.0,15,1,1,2,3.0
91456,0,0.11686805300000001,40,0,962.0,,9,0,0,0,0.0
91459,0,0.759868111,29,0,0.47902160299999996,5600.0,10,0,1,0,1.0
91460,1,0.145945946,28,0,726.0,,4,0,0,0,0.0
91461,0,0.000959962,76,0,1947.0,,5,0,2,0,0.0
91462,0,0.9999998999999999,54,0,0.327922444,8870.0,7,0,2,0,2.0
91463,0,0.246802573,41,2,0.106578684,5000.0,9,0,0,0,5.0
91465,0,0.7031038609999999,61,0,1695.0,,10,0,0,0,0.0
91466,0,0.531441321,43,0,0.37728482700000004,5634.0,9,0,2,0,0.0
91468,0,0.296554718,39,1,0.22427935300000001,8533.0,9,0,0,0,2.0
91470,0,0.089323409,64,0,0.010137989,3550.0,2,0,0,0,0.0
91471,0,0.301257644,39,0,0.047675805,7550.0,13,0,0,0,1.0
91474,0,0.019745428,72,0,0.00679864,5000.0,9,0,0,0,0.0
91475,0,0.71394574,55,0,0.348612111,12500.0,9,0,1,0,0.0
91477,0,0.25117665699999997,73,0,0.616590111,3700.0,8,0,3,0,0.0
91478,0,0.073834257,48,0,0.349842135,16152.0,14,0,3,0,2.0
91479,0,0.976891827,80,0,4391.0,,20,0,1,0,0.0
91483,0,0.0,58,0,0.129441624,4333.0,11,0,1,0,0.0
91484,0,0.023625507999999996,48,0,0.110521458,4333.0,4,0,0,0,0.0
91487,0,0.223759441,45,2,0.184726909,8000.0,16,0,1,0,1.0
91488,0,0.194770775,63,2,0.392410256,4874.0,13,0,1,0,0.0
91490,0,0.806413287,59,1,0.992728099,8800.0,18,1,4,0,0.0
91491,0,0.9394212390000001,44,0,0.536033036,7506.0,7,0,2,0,1.0
91492,0,0.082129418,44,0,0.606483095,5737.0,7,0,2,0,1.0
91493,0,0.0,25,2,0.261020882,1723.0,7,0,0,0,0.0
91494,0,0.9999998999999999,68,0,1643.0,,8,0,1,0,0.0
91495,0,0.591172543,63,0,0.35220125799999996,6200.0,13,0,2,0,1.0
91496,1,0.74690124,56,0,0.7905460470000001,2453.0,10,0,2,0,0.0
91497,0,0.074921591,58,0,0.8972623809999999,3250.0,15,0,2,0,0.0
91498,0,0.614332891,58,0,0.224047677,12416.0,20,0,2,0,0.0
91499,0,0.0036335029999999997,63,0,0.098911968,5054.0,14,0,1,0,1.0
91500,0,0.111538902,55,0,0.554814891,9750.0,18,0,2,0,0.0
91503,0,0.09086363800000001,50,0,0.259712487,8416.0,5,0,1,0,2.0
91506,0,0.324172279,62,0,0.42841440000000003,3638.0,7,0,1,0,0.0
91507,0,0.0,37,0,0.285530638,7000.0,4,0,2,0,4.0
91508,0,0.0177463,69,0,0.210714727,8100.0,11,0,1,0,0.0
91509,0,0.079618519,56,0,0.259817175,23300.0,11,0,2,0,0.0
91510,0,0.305612361,40,0,0.34813723399999996,4750.0,4,0,2,0,2.0
91511,0,0.18690025899999999,50,0,0.32629108,2555.0,9,0,0,0,2.0
91512,0,0.558544146,67,0,0.19419324100000002,2100.0,2,0,0,0,0.0
91513,0,0.0,52,0,0.573976779,15416.0,4,0,1,0,2.0
91514,0,0.005249494,74,0,540.0,,11,0,0,0,1.0
91515,0,1.062386432,62,0,0.23744064,4000.0,9,0,0,0,0.0
91516,0,0.9999998999999999,84,0,0.223194748,2284.0,4,0,0,0,0.0
91517,0,0.669084579,67,2,0.396348091,13800.0,13,0,2,0,1.0
91519,0,0.016259606,64,0,0.002003052,10483.0,5,0,0,0,1.0
91520,0,0.6652206979999999,51,0,0.384755542,6585.0,12,0,1,0,0.0
91521,0,1.004434115,52,1,0.6762311759999999,4913.0,5,0,1,0,2.0
91522,0,0.9999998999999999,68,0,0.129622937,8300.0,3,0,1,1,0.0
91523,0,0.044086942999999996,51,0,2333.0,,13,0,2,0,0.0
91524,0,0.050932553,52,0,0.29969248,7153.0,11,0,2,0,0.0
91525,0,0.28771783,61,0,0.417910448,2679.0,10,0,0,0,0.0
91526,0,0.24067593199999998,26,0,0.256165297,4500.0,6,0,0,0,0.0
91527,0,0.389046624,49,0,4058.0,,11,0,1,1,0.0
91528,1,1.112359551,44,7,0.305507675,12182.0,10,1,2,2,5.0
91529,0,0.994886945,33,0,0.34433639200000005,7300.0,8,0,2,0,2.0
91530,0,0.085914882,54,0,0.397460999,15832.0,13,0,2,0,0.0
91531,0,0.084819197,29,0,0.114734587,4200.0,4,0,0,0,0.0
91533,0,0.045780654000000004,42,0,1610.0,,6,0,1,0,2.0
91535,0,0.873621778,28,0,0.47751837399999997,4625.0,15,0,1,0,0.0
91536,1,0.999750062,46,3,0.8556090340000001,2700.0,18,0,1,1,1.0
91538,0,0.014276985,51,0,0.41587716399999997,3060.0,7,0,1,1,0.0
91539,0,0.067802174,58,0,0.297658262,16696.0,13,0,1,0,1.0
91540,0,0.244422224,55,0,0.069077577,12000.0,5,0,1,0,2.0
91541,0,0.8474508070000001,54,0,0.443594871,8500.0,14,0,3,0,0.0
91542,0,0.008972488,36,0,4.0,,1,0,0,0,0.0
91543,0,0.53700389,51,0,0.035261717000000005,61000.0,11,0,1,0,0.0
91546,0,0.0,70,0,0.292872922,8600.0,6,0,2,0,0.0
91547,1,1.0040297790000001,47,2,0.296783869,6000.0,3,1,0,0,2.0
91549,0,0.18830254899999999,63,0,3106.0,,9,0,1,0,0.0
91550,0,0.395564443,29,1,1450.0,,6,0,1,0,0.0
91551,0,0.076709702,79,0,66.0,,7,0,0,0,0.0
91552,0,0.0,82,0,0.0,10500.0,4,0,0,0,0.0
91553,0,0.020371732,66,0,0.012893983000000001,5583.0,25,0,0,0,0.0
91554,0,0.232368817,63,0,84.0,,2,0,0,0,
91556,0,0.132559862,46,0,0.330770945,8975.0,11,0,2,0,1.0
91558,0,0.009143144,47,0,0.17592770600000002,5200.0,8,0,1,0,3.0
91559,0,0.621926832,29,0,0.133507328,4980.0,5,0,0,0,0.0
91561,0,0.416569102,73,0,0.332712479,10200.0,12,0,2,0,0.0
91562,0,0.0,37,0,0.514048595,10000.0,8,0,4,0,0.0
91563,0,0.07399260099999999,40,0,0.177952158,7900.0,4,0,1,0,4.0
91564,0,0.018665016,43,0,0.73157092,5900.0,9,0,1,0,7.0
91566,0,0.9999998999999999,32,0,1571.0,,2,0,2,0,
91568,1,0.9999998999999999,23,0,0.016348774,1100.0,0,0,0,1,0.0
91570,0,0.036079078,63,0,0.452029997,11600.0,36,0,11,0,0.0
91571,0,0.0,49,0,0.399925825,8088.0,9,0,2,0,1.0
91572,0,0.24053706600000002,66,0,0.145516074,6500.0,4,0,1,0,0.0
91573,0,0.012093086999999999,59,0,0.118564653,17500.0,14,0,1,0,1.0
91575,0,0.478718317,51,0,0.43412226299999995,7900.0,9,0,2,0,0.0
91576,0,0.473956869,54,0,2990.0,,9,0,2,0,0.0
91577,0,0.45347539,63,0,7229.0,,24,0,2,0,0.0
91579,0,0.059915418,78,0,0.361039703,3500.0,3,0,0,0,0.0
91582,0,0.007581811999999999,76,0,0.004581424000000001,2400.0,4,0,0,0,0.0
91583,0,0.013487446,34,1,2374.0,,12,0,2,0,0.0
91585,0,0.038575512,58,0,0.80928306,16416.0,15,0,3,0,0.0
91587,0,0.36377172799999996,53,0,0.300208215,5282.0,7,0,1,0,2.0
91588,0,0.024132464,70,0,52.0,,6,0,0,0,0.0
91589,0,0.8677814509999999,43,0,1.4568872990000001,2794.0,5,0,2,0,0.0
91590,0,0.245190192,50,0,0.467521045,7958.0,4,0,2,0,0.0
91591,0,0.844311377,40,0,0.235640648,2715.0,3,0,1,0,0.0
91593,0,0.063672662,38,0,0.478805652,3750.0,7,0,1,0,0.0
91595,0,0.029666788,75,0,0.13447044800000002,5041.0,5,0,0,0,0.0
91596,0,0.24539018399999998,45,0,184.0,0.0,2,0,0,0,0.0
91598,0,0.00159525,74,0,93.0,,9,0,0,0,0.0
91599,0,0.0016521020000000001,59,0,0.100764732,6668.0,5,0,1,0,1.0
91602,1,0.816819317,57,0,0.41982891,4558.0,8,0,1,0,1.0
91603,0,0.035242202,67,1,486.0,,6,0,1,0,
91604,0,0.0,67,0,0.224122612,4501.0,4,0,1,0,0.0
91606,0,0.32962732,53,0,0.37607134600000003,8633.0,9,0,1,0,2.0
91607,0,0.014999643,78,0,0.049081985,5500.0,5,0,1,0,0.0
91608,1,0.9999998999999999,29,0,0.28226477899999997,1200.0,2,2,0,0,1.0
91609,0,0.649342316,43,1,0.60587133,1600.0,6,0,1,0,1.0
91610,0,0.288266097,39,0,0.665481613,9000.0,11,0,3,0,0.0
91611,0,0.007321785999999999,58,0,0.324108143,6250.0,7,0,1,0,0.0
91612,1,0.315811004,40,0,0.26436781600000003,5828.0,6,0,0,0,1.0
91614,1,0.318651858,27,2,0.115817826,4083.0,9,0,0,0,0.0
91615,0,0.076974342,24,0,2132.0,0.0,5,0,1,0,0.0
91616,0,0.0012745060000000001,62,0,2937.0,,13,0,4,0,0.0
91617,0,0.002209655,48,0,0.9382518040000001,13716.0,13,0,8,0,4.0
91618,0,0.01545427,36,0,0.614824447,3844.0,9,0,2,0,0.0
91620,0,0.19429751,61,0,0.393535488,3000.0,6,0,0,0,0.0
91623,1,0.9999998999999999,32,0,479.0,,1,1,0,0,0.0
91626,0,0.000348255,51,0,0.497250275,10000.0,18,0,2,0,2.0
91627,0,0.0,64,0,0.0,,4,0,0,0,
91629,0,0.130054372,27,0,0.232307077,2500.0,4,0,0,0,0.0
91630,0,0.0,56,1,4660.0,,12,0,3,0,0.0
91631,0,0.027837975,56,0,1.4717643880000002,3700.0,5,0,1,0,1.0
91632,0,0.374794612,57,0,0.112760557,13000.0,8,0,0,0,0.0
91633,0,0.19317803,30,0,78.0,1.0,2,0,0,0,2.0
91634,0,0.9999998999999999,66,0,1818.0,,5,0,2,0,0.0
91637,0,0.038411197,46,0,0.42679617200000003,7000.0,8,0,1,0,1.0
91640,0,0.535389727,62,0,0.37368050700000005,5683.0,8,0,1,0,0.0
91641,0,0.068284414,59,0,0.190425693,6600.0,9,0,2,0,2.0
91642,0,0.61930063,54,0,3812.0,,17,0,4,0,0.0
91643,1,0.9999998999999999,43,2,4779.0,,8,0,1,0,0.0
91644,0,0.08922844699999999,28,0,1849.0,,6,0,1,0,0.0
91646,1,0.9584179709999999,52,4,0.381881676,9735.0,15,0,1,0,0.0
91649,0,0.119658689,84,0,687.0,,2,0,0,0,0.0
91650,0,0.308522236,46,0,0.143445032,1700.0,5,0,0,0,0.0
91651,0,0.061350880999999996,36,0,0.003110765,9000.0,2,0,0,0,0.0
91652,0,0.027467659,50,0,2391.0,,13,0,1,0,3.0
91653,0,0.9999998999999999,31,0,0.11782908800000001,4200.0,1,0,0,0,0.0
91654,0,0.18304150100000002,52,0,0.310742878,5370.0,9,0,1,0,2.0
91655,0,0.011319868,65,0,0.12952677199999998,4500.0,11,0,1,0,1.0
91656,1,0.352001399,63,0,3985.0,,9,0,2,0,0.0
91659,0,0.9999998999999999,46,0,0.32183908,4262.0,2,0,1,0,1.0
91660,0,0.070119376,50,0,992.0,,10,0,1,0,
91663,0,0.879650377,52,0,0.49634273799999995,2870.0,8,0,0,0,1.0
91664,0,0.302298057,39,0,0.23593259100000002,3500.0,7,0,0,0,3.0
91665,0,0.0,83,0,0.0,,1,0,0,0,0.0
91666,0,0.0049998279999999996,63,1,0.246688328,4000.0,5,0,1,0,0.0
91667,0,0.001969637,75,0,357.0,,9,0,1,0,0.0
91668,0,0.208560269,75,0,0.652705255,9000.0,16,0,4,0,0.0
91669,0,0.010434405,53,0,1362.0,,5,0,1,0,0.0
91672,0,0.017464748999999998,67,0,0.411311054,3500.0,10,0,1,0,0.0
91673,0,0.9999998999999999,39,0,0.118577075,4300.0,1,0,0,0,4.0
91676,0,0.15659217,48,0,0.403841094,3800.0,6,0,1,0,1.0
91678,0,0.32146996699999997,74,0,0.163178295,2579.0,5,0,0,0,0.0
91680,0,0.9999998999999999,64,0,0.0,1600.0,2,0,0,0,0.0
91681,0,0.0,87,0,0.0,3394.0,7,0,0,0,0.0
91682,0,0.19669593600000002,49,0,0.446102568,13200.0,13,0,3,0,4.0
91684,0,0.032245524,49,0,1635.0,,7,0,1,0,0.0
91685,0,0.0,81,0,0.0,1511.0,4,0,0,0,0.0
91686,0,0.008308264000000001,51,0,0.45982924700000005,9135.0,9,0,2,0,0.0
91687,0,0.6301405720000001,42,0,4983.0,,14,0,4,0,0.0
91688,0,0.026171364,80,0,0.011488251000000001,3829.0,7,0,0,0,0.0
91689,0,0.019042148000000002,57,0,0.458153314,16201.0,11,0,4,0,1.0
91690,0,0.0,51,0,0.085844879,7000.0,6,0,0,0,0.0
91691,0,0.005217217,65,0,1010.0,,5,0,0,0,1.0
91692,0,0.062462502,48,0,2867.0,,8,0,1,0,0.0
91693,0,0.943171068,46,0,0.626421697,8000.0,11,0,2,0,3.0
91695,0,0.770787613,40,1,0.42821113299999997,5550.0,4,0,1,0,0.0
91696,0,0.48035604200000004,44,1,0.428734647,3500.0,8,0,1,0,3.0
91698,0,0.471093663,41,0,0.36023997799999996,3666.0,7,0,0,0,3.0
91699,0,0.001569255,41,0,650.0,,8,0,1,0,0.0
91701,0,0.00146662,87,0,809.0,,6,0,0,0,0.0
91703,0,0.744913453,59,0,1.3910814969999998,1950.0,13,0,1,0,0.0
91704,0,0.059132425999999995,46,0,0.144530134,3500.0,6,0,0,0,1.0
91705,0,0.024478317000000003,55,0,0.15781219400000002,5100.0,4,0,1,0,0.0
91706,0,1.021989005,47,0,0.370157461,4000.0,8,0,1,0,0.0
91707,0,0.9999998999999999,50,0,0.23246771300000002,7200.0,7,0,1,0,1.0
91709,0,0.780035478,46,0,0.09816547199999999,8230.0,7,0,0,0,5.0
91710,0,0.09490818599999999,63,0,596.0,,8,0,1,0,0.0
91712,0,0.8499041359999999,37,0,0.038249935,3816.0,7,0,0,0,0.0
91714,0,0.869403908,62,0,0.271343823,3876.0,8,1,0,0,0.0
91716,0,0.862839666,37,0,0.48645869,5833.0,7,0,1,0,1.0
91719,0,0.0,56,1,0.08988611699999999,7375.0,7,0,0,0,0.0
91720,0,0.126311741,37,0,0.131986107,9500.0,9,0,1,0,3.0
91722,0,0.6230163910000001,35,0,0.265720081,3450.0,3,0,0,0,2.0
91723,0,0.035225757999999996,48,0,0.47647985600000003,4442.0,16,0,1,0,2.0
91724,1,0.9999998999999999,31,0,0.0,2939.0,0,8,0,0,0.0
91725,0,0.30677579,57,0,3274.0,,13,0,2,0,2.0
91727,1,0.471002762,63,1,0.066793321,10000.0,3,0,0,0,0.0
91728,0,0.65878353,61,0,0.417020491,5416.0,4,0,2,0,0.0
91729,1,0.916167665,39,0,1.2963576159999999,1207.0,6,0,0,0,3.0
91730,0,0.41058828,28,0,0.161563922,4833.0,5,0,0,0,0.0
91731,1,0.640925112,72,0,0.6876706570000001,4760.0,8,0,1,0,0.0
91732,0,0.415518647,62,0,0.42162162200000003,7954.0,9,0,1,0,2.0
91733,0,0.025175971000000002,48,0,0.426911544,5335.0,14,0,1,0,1.0
91734,0,0.048972055,56,1,2039.0,0.0,17,0,2,0,0.0
91735,0,0.240520288,50,1,0.394528538,7200.0,10,0,1,0,0.0
91740,0,0.77634319,41,1,0.398345154,2537.0,10,0,0,0,2.0
91741,0,0.5025735579999999,50,1,0.301974835,12000.0,11,0,2,0,2.0
91742,0,0.9999998999999999,34,0,3285.0,,8,0,1,0,0.0
91743,0,0.343656344,25,0,10.0,0.0,1,0,0,0,0.0
91744,0,0.129008337,50,0,0.535898213,3300.0,12,0,1,0,0.0
91745,0,0.057190917,44,0,0.343754401,7100.0,6,1,1,0,4.0
91746,0,0.00101972,77,0,0.000333222,3000.0,10,0,0,0,0.0
91747,0,0.340729564,50,1,0.538749396,8283.0,8,0,2,0,0.0
91749,0,0.057523288,62,0,0.368195864,4206.0,7,0,2,0,0.0
91750,1,1.084704785,54,0,1418.0,,4,5,0,1,1.0
91751,0,0.050736854000000005,59,0,0.50238046,4830.0,19,0,1,0,1.0
91752,0,0.226236545,63,0,0.775794172,3808.0,8,0,1,0,0.0
91753,0,0.22634670699999998,30,0,0.238616071,4479.0,6,0,1,0,0.0
91757,0,0.080220532,68,0,0.354825791,7490.0,8,0,1,0,0.0
91758,0,0.0,64,0,6.0,,2,0,0,0,0.0
91759,0,0.6817273090000001,32,0,0.36155202799999997,1700.0,5,0,0,0,0.0
91761,0,0.0,43,0,0.205614665,7800.0,9,0,1,0,0.0
91762,0,0.023883562999999997,82,0,0.00706344,7644.0,7,0,0,0,0.0
91764,1,0.160994461,43,1,0.763891559,5200.0,20,0,6,0,0.0
91765,0,0.002033624,70,0,2375.0,,19,0,2,0,0.0
91767,0,0.54593934,38,0,0.182436428,3381.0,8,0,0,0,1.0
91769,0,0.289731892,38,1,2229.0,,11,0,2,0,0.0
91771,1,0.27485648,39,1,0.33832410700000004,15895.0,6,0,3,0,1.0
91772,0,0.9999998999999999,22,0,0.042735043,350.0,1,0,0,0,0.0
91774,0,0.6326116039999999,59,4,8230.0,,16,0,4,0,0.0
91776,0,0.0,84,0,0.0,2500.0,2,0,0,0,0.0
91777,0,0.160964623,49,0,652.0,,3,0,0,0,0.0
91779,0,0.361300744,38,0,1.216632444,5843.0,16,0,2,0,0.0
91780,0,0.954556565,63,0,0.419151911,8583.0,9,0,1,0,0.0
91781,0,0.008233866999999999,51,0,0.001759718,6250.0,2,0,0,0,0.0
91782,0,0.244395327,51,0,0.520137104,3500.0,8,0,1,0,0.0
91784,0,0.444359171,61,0,0.7209786570000001,1920.0,8,0,0,0,0.0
91786,0,0.9999998999999999,90,0,0.0,,5,0,0,0,0.0
91787,0,0.5490432679999999,63,1,0.028277635,5834.0,4,1,0,0,0.0
91788,0,0.405941764,62,0,0.693079549,9666.0,21,0,2,0,2.0
91789,0,0.016185796000000002,70,0,1950.0,,10,0,1,0,0.0
91792,0,0.03362511,70,0,3070.0,,9,0,1,0,0.0
91794,0,0.108740777,55,1,600.0,,5,0,0,0,0.0
91795,0,0.027580113,40,0,0.372431378,6666.0,5,0,1,0,2.0
91796,0,0.7449048420000001,40,1,0.642734554,3495.0,9,0,1,0,2.0
91798,0,0.033510811,39,2,0.116437976,18000.0,16,0,1,0,1.0
91799,0,0.051090947000000005,42,0,1064.0,,12,0,1,0,4.0
91800,0,0.293651632,38,0,0.432760364,2966.0,9,0,1,0,0.0
91802,0,0.024079174,71,0,0.005351247,8782.0,9,0,0,0,0.0
91804,0,0.695262697,44,0,0.465914915,1950.0,13,0,0,0,3.0
91805,0,0.0,76,0,0.0,2276.0,6,0,0,0,0.0
91807,0,0.043721123,30,0,19.0,,4,0,0,0,
91808,0,0.9999998999999999,60,0,0.011996001000000001,3000.0,0,0,0,0,0.0
91809,0,0.9999998999999999,40,0,0.061936113,4100.0,1,0,0,0,2.0
91811,0,0.04796708400000001,41,0,26.0,,2,0,0,0,0.0
91812,0,0.010681575,67,0,1199.0,,10,0,1,0,0.0
91815,1,0.966394187,36,2,560.0,,5,1,0,0,0.0
91817,0,0.19987000300000002,53,0,0.28102305,6333.0,8,0,1,0,2.0
91818,0,0.519660329,64,0,0.6962933440000001,2508.0,9,0,1,0,0.0
91819,0,0.445787806,54,1,0.25780586699999997,10600.0,19,0,1,0,1.0
91820,0,0.239790408,47,0,1881.0,,8,0,1,0,3.0
91821,0,0.14051765300000002,88,0,1.017423593,3500.0,15,1,2,0,0.0
91822,0,0.9999998999999999,30,0,0.046029050999999994,5300.0,2,0,0,0,1.0
91824,0,0.067917083,39,0,0.41732041200000003,6500.0,12,0,2,0,2.0
91825,0,0.44446769700000005,43,0,0.155756913,6400.0,5,0,0,0,0.0
91826,0,0.725002037,47,0,0.654021624,16000.0,11,0,3,0,2.0
91827,0,0.583226806,53,0,0.400590733,10833.0,15,0,2,0,2.0
91828,0,0.6785356140000001,44,0,0.27987060399999997,9582.0,9,0,1,0,0.0
91830,0,0.148960065,34,0,0.18312867100000002,3745.0,8,0,0,0,0.0
91831,0,0.0,50,0,0.260716224,7371.0,8,0,1,0,0.0
91832,0,0.001796192,28,0,0.061713902,5962.0,6,0,0,0,2.0
91833,0,0.13515450699999998,47,0,0.264947011,5000.0,9,0,2,0,0.0
91834,0,0.060576091,54,0,0.068418797,7000.0,10,0,0,0,3.0
91835,0,0.284846055,62,0,0.468453546,6640.0,15,0,1,0,2.0
91836,0,0.050827150999999994,55,0,0.679960582,17250.0,19,0,10,0,0.0
91837,0,0.021484722999999997,43,0,0.026235802000000003,6250.0,8,0,0,0,0.0
91839,0,0.045647869,59,0,0.102655261,9000.0,11,0,1,0,1.0
91840,0,0.164149568,83,0,0.018069973,2600.0,2,0,0,0,1.0
91841,0,0.052041215999999994,64,0,138.0,,7,0,1,0,0.0
91843,0,0.848011691,48,2,0.38624653200000003,10091.0,8,1,1,0,0.0
91845,1,0.9999998999999999,29,0,0.075434439,2531.0,2,2,0,0,1.0
91846,0,0.026997546,52,0,0.9920015999999999,5000.0,9,0,3,0,0.0
91847,0,0.625011412,51,0,0.51913065,12100.0,15,0,1,0,1.0
91848,1,0.070546737,55,0,0.276816609,2600.0,9,0,0,0,0.0
91849,0,0.024237158999999998,48,0,0.076261408,9532.0,11,0,0,0,1.0
91850,0,1.133201915,54,3,0.058945190999999994,2900.0,3,1,0,1,0.0
91851,0,0.275788968,47,0,0.21688970899999999,6500.0,5,0,1,0,3.0
91852,0,0.9999998999999999,65,0,0.980603879,5000.0,6,0,2,0,1.0
91853,0,0.391005892,46,0,0.871631411,3450.0,4,0,1,0,2.0
91854,0,0.532355649,31,0,0.202131317,2908.0,5,0,0,0,0.0
91855,0,0.0,61,0,0.211181392,4900.0,4,0,1,0,2.0
91856,0,0.0,40,0,3274.0,0.0,8,0,2,0,3.0
91859,0,0.129353234,21,0,0.0,,1,0,0,0,
91860,0,0.430015363,65,0,0.56355327,3500.0,10,0,1,0,1.0
91861,0,0.010321534,49,0,0.231479397,4440.0,7,0,1,0,0.0
91863,1,0.0,66,2,0.230628229,6000.0,3,0,1,0,0.0
91864,0,0.902428305,52,0,0.09893134699999999,6175.0,7,0,0,0,4.0
91866,0,0.099290071,81,0,29.0,,3,0,0,0,0.0
91867,0,0.00286197,35,0,0.79337653,4166.0,8,0,2,0,0.0
91868,0,0.9612312159999999,42,0,0.159976474,6800.0,7,0,1,0,2.0
91870,0,0.075080062,45,4,0.31471983,10332.0,10,0,2,1,0.0
91871,0,0.110200869,49,0,0.024210981,4625.0,3,0,0,0,1.0
91873,0,0.084323251,47,0,0.22784810100000003,6240.0,11,0,0,0,2.0
91874,0,0.7053448390000001,53,0,0.614541173,13588.0,21,0,2,0,2.0
91876,0,0.896433002,39,2,0.644278321,8694.0,9,0,2,0,2.0
91877,0,0.006691742,61,0,0.253372323,10600.0,34,0,2,0,0.0
91878,0,0.011676777,59,0,0.11069847199999999,7000.0,7,0,0,0,1.0
91879,0,0.622170942,78,0,0.338845144,3809.0,3,0,1,0,0.0
91881,0,0.802079924,44,0,0.22683596399999997,2913.0,3,0,0,0,2.0
91883,0,0.11655536,64,0,0.015231581999999999,3216.0,5,0,0,0,0.0
91884,0,0.127901832,60,0,0.016108891,8007.0,3,0,0,0,0.0
91885,0,0.083152424,31,0,0.146588486,1875.0,7,0,0,0,0.0
91886,0,0.863720735,61,0,0.29088656399999996,7263.0,8,0,1,0,2.0
91887,0,0.678031475,36,1,0.5721006820000001,4250.0,10,0,1,0,1.0
91888,0,0.067595764,34,0,2619.0,,8,0,1,0,0.0
91889,0,0.423174124,43,0,0.294058828,12000.0,8,0,2,0,4.0
91890,1,1.004726413,61,1,0.734783438,5240.0,10,4,2,0,0.0
91892,0,0.17082783699999998,72,0,1349.0,,8,0,2,1,
91894,0,0.621409922,51,0,0.455254816,4100.0,7,0,1,0,1.0
91896,0,0.9999998999999999,47,0,8603.0,,6,0,2,0,2.0
91897,0,0.47259056200000005,68,0,0.324398001,2200.0,5,0,1,0,0.0
91898,0,0.041034329,40,0,25.5,1.0,9,0,0,0,0.0
91899,0,0.37159904,55,0,0.382799634,5464.0,17,0,0,0,1.0
91901,0,0.059595232000000005,77,0,0.471305739,5000.0,5,0,1,0,0.0
91902,0,0.351122793,31,0,0.294852574,2000.0,5,0,0,0,0.0
91903,0,0.148017504,58,0,0.250608273,6575.0,8,0,1,0,1.0
91904,0,0.018345448,65,0,0.001624797,8000.0,3,0,0,0,0.0
91905,0,0.077618288,58,0,0.469503546,2114.0,5,0,1,0,0.0
91907,0,0.68333046,32,1,0.30745478600000004,6800.0,9,0,1,0,1.0
91908,0,0.0,63,0,0.7907348240000001,625.0,3,0,0,0,0.0
91910,0,0.00016665700000000001,78,0,0.0,1000.0,1,0,0,0,0.0
91911,0,0.003241118,52,0,0.005225469,5166.0,11,0,0,0,0.0
91912,0,0.127828514,38,0,0.39593665,6250.0,8,0,2,0,0.0
91913,1,1.314581791,54,0,0.018006065,5275.0,3,0,0,0,0.0
91916,0,0.10051141400000001,69,0,0.459366729,10200.0,11,0,2,0,0.0
91918,0,0.9999998999999999,45,0,1635.0,,2,0,1,0,
91919,0,0.080116357,34,0,0.46604854100000004,3666.0,5,0,1,0,0.0
91923,0,0.676580855,28,0,0.208263912,3000.0,5,0,0,0,0.0
91924,0,0.9999998999999999,47,0,0.022695035,7049.0,1,0,0,0,0.0
91925,0,0.282000863,40,0,0.401454325,6600.0,8,0,1,0,0.0
91926,0,0.451549975,50,0,0.671221463,6000.0,17,0,2,0,1.0
91927,0,0.455433284,54,0,0.116576685,5000.0,4,0,0,0,0.0
91928,0,0.732204727,48,0,0.400867761,5300.0,6,0,1,0,1.0
91930,0,0.10463756099999999,76,0,84.0,,7,0,0,0,0.0
91932,0,0.040385525,47,0,0.33957455200000003,10200.0,18,0,2,0,2.0
91934,0,0.20742641899999997,41,0,0.349577711,10300.0,6,0,2,0,2.0
91935,0,0.0,44,0,0.427228786,3723.0,4,0,1,0,0.0
91937,1,0.230330056,51,0,0.229885057,2000.0,7,0,0,0,3.0
91939,0,0.0,46,0,0.540055249,11583.0,11,0,4,0,2.0
91940,1,0.953003133,44,0,1056.0,,3,0,0,0,0.0
91942,0,0.038513644,73,0,0.319822321,1800.0,6,0,0,0,0.0
91943,0,0.46500162799999994,56,0,0.092022985,11833.0,4,0,0,0,1.0
91944,0,0.9999998999999999,44,0,0.407854545,6874.0,14,0,2,0,0.0
91946,0,0.472018135,53,0,2755.0,,10,0,2,0,3.0
91947,0,0.161541074,68,0,37.82370047,2750.0,8,0,4,0,0.0
91950,0,0.487846633,61,0,0.525349493,16666.0,20,0,2,0,1.0
91951,0,0.07399802700000001,42,0,0.018206339,4448.0,3,0,0,0,0.0
91952,0,0.041788924,48,0,0.729982754,4058.0,11,0,2,0,0.0
91953,0,0.017124786,66,0,0.298540965,890.0,10,0,0,0,0.0
91955,0,0.600296687,35,0,1.988579586,1400.0,8,0,2,0,2.0
91957,0,0.806225034,47,0,0.5053809,11800.0,16,0,2,0,2.0
91958,0,0.37231976299999997,78,0,0.517775752,5484.0,6,0,1,0,0.0
91959,0,0.022935077999999998,83,0,21.0,,7,0,0,0,
91960,0,0.479805648,33,0,0.111758656,5833.0,16,0,0,0,0.0
91961,0,0.060489241,47,0,0.082212672,7212.0,11,0,0,0,1.0
91962,0,0.866053579,39,1,0.409886143,3600.0,5,2,1,2,3.0
91963,0,0.174505658,54,0,0.130486951,10000.0,12,0,1,0,2.0
91964,0,0.44036465700000005,44,0,2837.0,0.0,7,0,1,0,3.0
91965,0,0.012791107,47,0,0.246555862,11250.0,12,0,3,0,2.0
91966,0,0.289944419,55,0,4044.0,,11,0,3,0,1.0
91968,0,0.145399224,52,0,0.3158694,3950.0,10,0,1,0,0.0
91969,0,0.0,43,0,0.71712689,6083.0,11,0,2,0,1.0
91970,0,0.9999998999999999,98,0,0.0,,4,0,0,0,0.0
91971,0,0.091060596,67,0,0.480029586,4055.0,4,0,1,0,1.0
91972,0,0.783437243,42,1,1132.0,,4,0,0,0,0.0
91973,0,0.565582523,44,0,0.451753446,14000.0,12,0,3,0,2.0
91974,0,0.069986003,47,0,1876.0,,5,0,1,0,0.0
91975,0,0.124294797,32,0,0.569704632,8700.0,8,0,2,0,0.0
91976,0,0.063675055,76,0,1.164862614,1200.0,9,0,1,0,0.0
91978,0,0.007960936,65,0,0.002193265,7750.0,8,0,0,0,0.0
91979,0,0.027762241,48,0,0.25012149699999997,6172.0,7,0,1,0,1.0
91980,0,0.177804728,42,0,0.306328763,7220.0,7,0,2,0,1.0
91982,0,0.020907629,66,0,0.42028380600000004,2395.0,16,0,0,0,0.0
91983,0,0.289410266,46,1,1.136786726,4941.0,14,0,2,0,3.0
91984,0,0.033483945,43,0,0.393839509,8797.0,10,1,2,0,0.0
91986,0,0.0,45,0,0.17115293,8395.0,3,0,2,0,1.0
91987,0,0.9999998999999999,59,0,0.22428193100000002,4908.0,3,0,1,0,1.0
91988,0,0.064372126,84,0,43.0,,4,0,0,0,
91989,0,0.044809418,45,0,0.575309715,4600.0,11,0,1,0,2.0
91990,0,0.00982801,39,0,560.0,,5,0,1,0,0.0
91991,0,0.23758399100000002,42,0,0.319934003,6666.0,11,0,2,1,0.0
91993,0,0.026921987,60,2,0.31069696199999997,3916.0,8,0,1,0,0.0
91997,0,0.012394404,65,0,0.015984016,1000.0,4,0,0,0,0.0
92000,0,0.50163345,66,0,3820.0,,7,0,2,0,
92001,0,0.159957345,26,0,0.11811960699999999,3360.0,6,0,0,0,1.0
92002,0,0.083663568,57,0,0.285047767,4500.0,8,0,1,0,7.0
92003,0,0.0,54,0,0.38676905799999994,12500.0,11,0,2,0,1.0
92004,0,0.11186138699999999,62,0,0.22671774,4176.0,10,0,1,0,0.0
92005,0,0.109375805,50,0,0.092482215,5200.0,5,0,0,0,1.0
92006,0,0.016866291999999998,51,0,0.046903052,4455.0,4,0,0,0,0.0
92007,1,0.730395334,27,0,2551.0,,9,0,1,0,0.0
92008,0,0.022149513,46,0,1.047492085,6000.0,19,0,4,0,1.0
92009,0,0.002592513,82,0,22.0,,8,0,0,0,0.0
92010,0,0.00228385,63,0,0.16961013,3000.0,5,0,0,0,0.0
92014,0,0.303093938,43,0,0.313137373,3333.0,6,0,0,0,2.0
92015,0,0.41718641700000003,42,0,0.454432911,10500.0,15,0,1,0,2.0
92016,0,0.017683838,74,0,0.19017996,4500.0,12,0,1,0,0.0
92017,0,0.9999998999999999,64,0,0.306736921,5313.0,7,0,1,0,0.0
92018,0,0.17291536100000002,64,1,0.1896295,22833.0,12,0,1,0,1.0
92020,0,0.388917191,55,0,0.45681789799999994,8000.0,10,0,2,0,0.0
92021,0,0.009924908,72,0,0.203945615,3750.0,11,0,1,0,0.0
92022,0,0.938709153,32,1,0.243367935,2600.0,7,0,0,1,0.0
92024,0,0.130146826,85,0,0.048156147999999996,12500.0,8,0,0,0,1.0
92026,0,0.203031023,41,0,2474.0,,7,0,1,0,
92027,0,0.0,41,0,0.548913631,9250.0,5,0,1,0,2.0
92029,0,0.0,41,0,0.255191509,4333.0,5,0,1,0,1.0
92030,0,0.9999998999999999,21,0,3.0,,2,0,0,0,
92031,0,0.335306742,58,0,5240.0,,17,0,2,0,0.0
92033,0,0.139857343,71,0,1.1438561440000001,1000.0,7,0,1,0,0.0
92034,0,0.0,30,1,0.22791293199999998,3123.0,8,0,0,0,4.0
92035,0,0.127056219,28,0,0.037677816,2600.0,5,0,0,0,0.0
92036,0,0.078138437,48,0,0.384750992,6806.0,9,0,2,0,4.0
92037,0,0.322863191,48,0,0.284723149,7494.0,8,0,1,0,0.0
92038,0,1.046976512,50,0,0.25614877,5000.0,4,0,2,0,5.0
92039,0,0.038280836,28,0,2857.0,,10,0,1,0,
92040,0,0.3140635,64,0,0.338466153,10000.0,11,0,1,0,0.0
92041,0,0.189774148,49,1,0.627062156,6000.0,17,0,2,0,1.0
92042,0,0.496846639,50,0,2605.0,,12,0,2,0,2.0
92043,0,0.706647038,34,0,1.234267791,5100.0,4,0,1,0,0.0
92046,0,1.4342629480000002,41,1,429.0,,2,0,0,0,0.0
92047,0,0.8404513640000001,38,2,0.871808606,5600.0,10,0,1,2,2.0
92048,0,0.7901234570000001,50,2,0.344590091,4500.0,9,1,0,0,2.0
92049,0,0.114688531,33,0,124.0,0.0,2,0,0,0,0.0
92051,0,0.15615342699999998,86,0,0.140299059,5416.0,3,0,1,0,0.0
92053,0,0.038211556,84,0,788.0,,4,0,1,0,0.0
92054,0,0.9092022040000001,42,1,0.358325219,7188.0,6,0,1,1,5.0
92055,0,0.0013332270000000002,65,0,1.0,,3,0,0,0,3.0
92057,0,0.9999998999999999,31,0,0.08133164799999999,4745.0,2,0,0,0,2.0
92058,0,0.07130956299999999,76,0,333.0,,3,0,1,0,
92059,0,0.08734248300000001,45,0,1217.0,,8,0,1,0,0.0
92060,0,0.0,80,0,1417.0,,4,0,1,0,0.0
92061,0,0.14290976800000002,42,0,0.271115991,12750.0,16,0,2,0,2.0
92063,0,0.9999998999999999,36,0,192.0,,4,0,0,0,0.0
92064,0,0.86948798,72,0,1.246305419,3450.0,13,0,1,0,0.0
92065,0,0.059227348,60,0,0.5160266579999999,3150.0,15,0,1,0,0.0
92066,0,0.142665932,41,0,3201.0,,8,0,1,0,0.0
92068,0,0.065513927,65,0,0.064184363,10500.0,14,0,1,0,0.0
92069,0,0.016161527,59,0,0.24174784800000002,10572.0,7,0,2,1,0.0
92070,0,0.47930413899999996,29,0,0.497000461,4333.0,3,0,1,0,3.0
92071,0,0.012722063,52,0,0.163794937,4700.0,9,0,1,1,0.0
92072,0,0.291928377,54,0,0.148705695,12554.0,12,0,1,0,4.0
92073,0,0.016608843999999998,37,0,0.323961318,5583.0,10,0,2,0,0.0
92074,0,0.092678207,26,0,0.012493753,2000.0,2,0,0,0,0.0
92077,0,0.129881189,58,0,0.394921016,5000.0,14,0,1,0,2.0
92081,0,0.005548147,45,0,0.39540296799999997,6873.0,12,0,1,0,3.0
92083,0,0.021974404,43,0,2352.0,,3,0,1,0,
92084,0,0.26993541,47,1,0.403257759,9085.0,15,0,1,1,3.0
92085,0,0.153873845,35,0,0.388722256,5000.0,4,0,2,0,3.0
92086,0,0.033093782999999995,80,0,0.12891344400000002,3800.0,13,0,0,0,0.0
92087,0,0.0,37,0,0.019259900000000003,4620.0,2,0,0,0,1.0
92088,0,0.7901839190000001,35,0,996.0,,5,0,0,0,0.0
92090,0,0.356705654,58,0,0.719959267,2945.0,12,0,1,0,2.0
92091,0,0.063736578,50,0,0.35496939899999996,11600.0,9,0,2,0,2.0
92092,0,0.052493469,46,1,0.170777354,14960.0,11,0,2,0,3.0
92094,0,0.60956902,50,1,0.45065895200000006,9332.0,21,0,3,0,4.0
92095,0,0.49195051700000003,35,0,0.7034804590000001,5142.0,10,0,2,0,0.0
92096,0,0.524112907,25,0,0.141840366,5900.0,5,0,0,0,1.0
92097,0,0.9999998999999999,28,0,0.0,2200.0,0,0,0,0,0.0
92098,0,0.28603038199999997,43,0,2912.0,,12,0,1,0,0.0
92099,0,0.398128779,54,0,3008.0,,7,0,2,0,2.0
92100,1,0.9999998999999999,43,1,0.253807107,2166.0,3,0,0,1,0.0
92102,0,0.519032831,45,0,0.454323995,6567.0,8,0,2,0,0.0
92105,0,0.056375583,72,0,0.17101675100000002,7700.0,6,0,1,0,0.0
92106,0,2.8199999999999998e-05,66,1,147.0,,8,0,0,0,
92108,0,0.013011983999999999,58,0,1730.0,,25,0,4,0,0.0
92109,0,0.593081384,34,0,0.158863756,5702.0,3,0,0,0,1.0
92110,0,0.071746321,48,0,6.328685258999999,501.0,13,0,2,0,4.0
92111,0,0.530380566,28,0,1.468438538,300.0,4,0,0,0,0.0
92113,0,0.13562146,31,0,1495.0,,4,0,1,0,0.0
92115,0,0.052482178,37,0,0.186890655,6666.0,6,0,2,0,0.0
92116,0,0.6451773120000001,35,0,0.699298883,3850.0,12,0,1,0,2.0
92117,0,0.079528031,90,0,290.0,,4,0,0,0,
92118,0,0.9999998999999999,46,1,0.522822779,6900.0,8,0,3,0,1.0
92119,0,0.0038836990000000004,43,0,0.004704775,4250.0,18,0,0,0,0.0
92121,0,0.020254678999999998,44,0,0.409278601,4116.0,5,0,0,0,2.0
92122,0,0.182277319,34,0,0.06657042,6233.0,10,0,0,0,0.0
92124,0,0.9999998999999999,52,0,1442.0,,3,0,1,0,0.0
92125,0,0.009900251,53,0,0.28943642,3530.0,9,0,1,0,1.0
92126,0,0.086332856,55,0,106.0,,5,0,0,0,0.0
92127,0,0.239128836,59,1,0.31474280600000004,9000.0,9,0,2,0,0.0
92128,0,0.055828164000000007,59,1,0.41233580799999997,1750.0,9,0,1,0,0.0
92129,0,0.976843605,40,0,0.6044791039999999,5000.0,7,0,1,0,4.0
92132,0,0.010887586000000001,45,0,0.270670776,15250.0,11,0,2,0,1.0
92133,0,0.847472151,39,1,0.372118856,3600.0,4,0,0,0,0.0
92134,0,0.9999998999999999,69,0,672.0,,4,0,1,0,0.0
92138,0,0.9999998999999999,45,1,0.0,2200.0,0,1,0,0,1.0
92139,0,0.9999998999999999,44,0,474.0,,1,1,0,0,0.0
92141,0,0.001629509,80,0,0.0,,1,0,0,0,
92142,0,0.031145368,75,0,0.017174753,2328.0,9,0,0,0,0.0
92143,0,0.045045045,54,0,0.257740791,8170.0,6,0,1,0,2.0
92146,0,0.934956405,50,0,0.249711575,7800.0,9,0,1,0,2.0
92147,0,0.033391335,57,0,0.316239316,6083.0,6,0,2,0,0.0
92148,0,0.027104475,53,1,0.410096705,6100.0,22,0,2,0,0.0
92149,0,0.387541611,51,0,0.584939651,5550.0,20,0,1,0,2.0
92150,1,0.8913200990000001,38,0,0.268125441,9916.0,11,0,0,1,1.0
92151,0,0.011814467,66,0,1692.0,,7,0,1,0,
92152,0,0.04052138,58,0,0.520238885,4520.0,14,0,2,0,0.0
92153,0,0.066046577,71,0,0.25238872100000004,4290.0,15,0,1,0,0.0
92154,0,0.001333156,61,0,0.220697413,13334.0,4,0,2,0,1.0
92155,0,0.0,65,0,0.20243266699999998,5754.0,6,0,1,0,0.0
92156,0,0.028570897999999997,46,0,0.34928676200000003,7500.0,6,0,1,0,2.0
92157,0,0.02829717,78,0,1.143415906,2300.0,8,0,4,0,0.0
92159,1,0.437060739,32,0,0.5682319570000001,3172.0,7,0,0,0,1.0
92161,0,0.773756532,41,1,0.173706573,4000.0,4,0,0,0,1.0
92163,0,0.9999998999999999,39,2,2002.0,,2,0,1,1,0.0
92167,1,0.230115412,35,0,0.375216638,5769.0,10,0,2,0,0.0
92168,0,0.116515307,30,0,0.198160368,5000.0,10,0,0,0,1.0
92169,0,0.24564435699999998,43,0,0.34313657,14314.0,10,0,2,0,3.0
92171,0,0.023239239,79,0,0.08218264900000001,10500.0,11,0,1,0,0.0
92172,0,0.06362423099999999,45,0,0.17361927100000002,3403.0,7,1,0,0,0.0
92174,0,0.146955466,83,0,0.276692413,2200.0,9,0,0,0,0.0
92179,0,0.004799616,28,0,1.0,,3,0,0,0,
92180,0,0.040700326,47,0,3453.0,,11,0,2,0,0.0
92181,0,0.9999998999999999,48,0,0.295157571,1300.0,3,0,0,0,0.0
92182,0,0.021086727000000003,62,0,0.160767846,3333.0,17,0,0,0,0.0
92184,0,0.45814121399999996,65,0,0.411793254,4120.0,6,0,1,0,0.0
92187,0,0.024450514,77,0,0.10541848699999999,8470.0,14,0,1,0,0.0
92190,0,0.9365296559999999,32,0,883.0,,6,0,0,1,2.0
92191,0,0.013606816,83,0,2162.0,,12,1,2,0,0.0
92193,0,0.014959597,60,0,0.059188816,33333.0,20,0,2,0,2.0
92194,0,0.068378835,61,0,0.270526173,7392.0,8,0,2,0,0.0
92195,0,0.714299583,37,0,0.7941696109999999,3395.0,7,0,1,0,0.0
92196,0,0.065711157,40,0,0.301282834,8184.0,6,0,1,0,0.0
92198,0,0.012006738000000001,62,0,3347.0,,13,0,1,0,0.0
92199,0,0.9999998999999999,47,0,0.32189067899999996,3786.0,6,0,2,0,3.0
92202,0,0.186335532,63,0,0.533095992,7583.0,13,0,2,0,1.0
92203,0,0.297412955,63,0,0.31013551699999997,7083.0,19,0,1,0,0.0
92204,0,1.012830168,37,0,0.6881340979999999,6800.0,17,0,1,0,2.0
92205,0,0.0,54,0,0.630056914,6500.0,12,0,3,0,1.0
92206,0,0.903755957,30,0,1.078725398,3200.0,16,0,3,0,0.0
92207,0,0.6696959729999999,63,0,2091.0,,8,0,1,0,0.0
92208,0,0.217978645,69,0,0.958682635,3339.0,18,0,2,0,0.0
92209,0,0.210533525,60,0,3.245754246,1000.0,12,0,2,0,2.0
92210,0,0.038433184,57,0,0.47428571399999997,4899.0,12,0,1,0,2.0
92211,0,0.077020511,54,1,0.8353787559999999,2362.0,11,0,2,0,2.0
92212,0,0.466842653,28,0,0.133081537,4500.0,11,1,0,0,0.0
92213,0,0.09643667199999999,47,0,0.499959681,12400.0,5,1,1,0,3.0
92214,1,4.237015362,33,0,4.049980008,2500.0,20,0,7,0,1.0
92216,0,0.007877857,81,0,472.0,,7,0,1,0,0.0
92217,0,0.49025842700000005,49,0,0.40383990399999997,40000.0,24,0,6,0,4.0
92218,0,0.089130124,66,1,0.004781569,4600.0,8,0,0,0,0.0
92221,0,0.250327937,53,0,0.247752752,9900.0,10,0,1,0,0.0
92222,0,0.213655997,66,0,0.177996178,7325.0,6,0,1,0,1.0
92223,0,0.195824886,56,0,0.224164239,7208.0,9,1,2,0,0.0
92225,0,0.960051355,46,0,1.032938457,3460.0,18,0,0,1,0.0
92227,0,0.14458853,50,0,0.33746129999999996,10012.0,4,0,2,0,3.0
92228,0,0.08654043800000001,61,0,0.154241915,9523.0,7,0,1,0,0.0
92229,0,0.9999998999999999,27,0,0.010247438000000001,4000.0,0,0,0,0,3.0
92230,0,0.117364303,63,0,0.43125104700000005,5970.0,7,0,2,0,0.0
92232,0,0.182545436,47,0,0.407001667,8397.0,6,0,1,0,3.0
92234,0,1.1608111970000001,24,0,524.0,,4,0,0,0,0.0
92236,0,0.172070305,47,0,0.9285178709999999,4000.0,16,0,3,0,0.0
92237,1,0.9918066940000001,41,2,2995.0,,13,0,2,0,0.0
92238,0,0.40711976299999997,37,0,0.7410296409999999,8332.0,10,0,3,0,1.0
92243,0,0.04035632,37,0,1831.0,,5,0,1,0,0.0
92244,0,0.81104932,63,2,0.772175891,7913.0,8,0,2,1,2.0
92246,0,0.030115579,85,0,0.019989478999999997,1900.0,8,0,0,0,0.0
92247,0,0.746571178,50,0,3447.0,,9,0,1,0,2.0
92249,0,0.006063734,40,0,0.536386887,4300.0,9,0,0,0,0.0
92250,0,0.012365002,59,0,0.01037037,2024.0,5,0,0,0,0.0
92251,0,0.040702196,78,0,0.00202084,15834.0,7,0,0,0,0.0
92252,0,0.010099365,74,0,0.197873725,4608.0,11,0,1,0,0.0
92253,0,0.569721514,38,0,0.469927703,6500.0,5,0,2,0,2.0
92254,0,0.018536133,56,0,0.509657743,2950.0,8,0,1,0,1.0
92255,0,0.088297057,48,0,0.594488189,3809.0,6,0,2,0,0.0
92256,0,0.460536955,26,1,0.663799283,2789.0,10,0,2,0,0.0
92258,0,0.012643612,79,0,0.16058394199999998,2328.0,5,0,0,0,0.0
92259,0,0.35027842600000003,37,0,0.5417183839999999,7250.0,14,0,2,0,3.0
92260,0,0.385887166,31,0,0.5291658370000001,5022.0,8,0,3,0,1.0
92261,0,0.128272674,40,1,0.6953604290000001,5215.0,10,1,2,0,4.0
92264,0,0.014790039,62,2,0.212610451,9166.0,18,0,1,0,0.0
92265,1,0.881076071,28,0,0.26195634100000004,6000.0,12,0,0,2,0.0
92268,0,0.918622011,64,0,4881.0,,12,0,2,0,2.0
92269,0,0.41082042399999996,48,0,0.552586041,5200.0,11,0,2,0,0.0
92270,0,0.965851707,41,0,0.455014511,3100.0,3,0,0,0,0.0
92271,0,0.05473428,66,0,0.272076372,9636.0,21,0,2,0,1.0
92272,0,0.29530045,74,0,0.662710806,1600.0,13,0,0,0,0.0
92275,0,0.052997475999999995,40,0,0.111606085,21100.0,8,0,1,0,2.0
92276,0,0.076291299,68,0,0.023795241,5000.0,5,0,0,0,0.0
92277,1,0.8071729459999999,55,5,0.332384699,11946.0,14,0,3,0,1.0
92278,0,0.9518500879999999,39,0,0.28484767699999997,15000.0,15,0,2,0,2.0
92281,0,0.325383165,30,0,0.265013322,9757.0,6,0,2,0,3.0
92282,0,0.9999998999999999,64,0,2.574561404,911.0,4,0,1,0,0.0
92283,0,0.8706383529999999,44,0,0.7066228790000001,3653.0,12,0,1,0,1.0
92284,1,1.004167498,62,1,0.48386598700000005,6476.0,16,0,1,0,0.0
92286,0,0.057624595,70,0,596.0,,7,0,0,0,0.0
92289,0,0.066461431,65,0,0.43453527299999994,33750.0,11,0,6,0,2.0
92290,1,0.455808335,43,0,0.213889306,20000.0,16,0,2,0,2.0
92291,0,4.7499999999999996e-05,40,0,0.0,5196.0,12,0,0,0,0.0
92293,0,0.051388317999999995,71,0,0.345618506,5100.0,6,0,1,0,0.0
92294,0,0.9999998999999999,39,0,2290.0,,7,0,1,0,0.0
92295,0,0.412260776,38,0,0.284769463,5291.0,5,0,2,0,2.0
92297,0,0.253876313,70,0,0.333267012,5025.0,9,0,2,0,1.0
92298,0,0.075793732,59,0,1175.0,,4,0,1,0,0.0
92301,0,0.08886098099999999,54,1,0.6894368540000001,3000.0,20,0,2,0,0.0
92303,0,0.407432095,45,0,1895.0,,4,0,2,0,0.0
92304,0,0.087867265,53,0,0.66286216,3416.0,12,0,1,0,0.0
92305,1,0.304845568,49,0,0.535824294,7466.0,14,0,2,0,5.0
92307,0,0.21928556,53,0,213.0,,2,0,0,0,
92308,0,0.5376283000000001,34,0,0.235642123,10986.0,15,0,2,0,4.0
92309,0,0.112591552,59,0,0.102579484,5000.0,8,0,0,0,0.0
92310,0,0.48908395200000004,33,0,0.310433801,6200.0,9,0,2,0,0.0
92312,0,0.024560076,55,0,0.25609756100000003,5083.0,9,0,2,0,4.0
92315,0,0.0,33,0,0.305615731,6000.0,11,0,1,0,0.0
92316,0,0.9999998999999999,42,0,0.445837414,5104.0,3,0,1,0,2.0
92317,0,0.9999998999999999,36,0,0.821589205,2000.0,4,0,1,0,0.0
92319,0,0.0,84,2,5.0,,4,1,0,1,0.0
92322,0,0.222375508,84,1,0.16596982400000002,5500.0,15,0,0,0,0.0
92326,0,0.063581567,52,0,0.45938061,4455.0,6,0,1,0,0.0
92328,0,0.9999998999999999,39,0,0.148161765,10879.0,7,0,2,0,2.0
92331,0,0.280837083,47,1,0.309859155,2271.0,5,0,1,0,0.0
92332,0,0.0,42,1,1656.0,,11,0,1,0,0.0
92335,0,0.006949279,67,0,0.08716857300000001,11276.0,10,0,1,0,0.0
92336,1,0.9999998999999999,29,4,0.403623868,3200.0,4,1,1,1,0.0
92337,0,0.0,43,1,496.0,0.0,6,0,0,0,0.0
92338,0,0.047686194,61,0,906.0,,5,0,1,0,0.0
92339,0,0.046363502,33,0,0.161270983,1667.0,4,0,0,0,0.0
92340,0,0.01988436,43,0,0.781121526,6080.0,13,0,2,0,3.0
92342,0,0.819025853,29,0,0.605197401,2000.0,5,0,2,0,0.0
92343,0,0.000314277,52,0,1110.0,,11,0,1,0,0.0
92344,0,0.0,52,0,2130.0,,13,0,2,0,0.0
92345,0,0.264962148,40,0,0.47905282299999996,1646.0,4,0,0,0,1.0
92346,0,0.24150070399999998,52,0,0.45437018,10891.0,12,0,3,0,2.0
92347,0,1.008330556,32,2,0.30978405800000003,3750.0,5,0,0,0,2.0
92348,0,0.044115097,54,1,0.149990507,15800.0,14,0,2,0,2.0
92349,0,0.9999998999999999,71,0,0.0,7433.0,5,0,0,0,0.0
92351,1,1.4023145000000001,46,2,0.27795723699999997,6500.0,8,2,0,0,1.0
92352,0,0.054602112,80,0,0.377225067,4100.0,6,0,2,0,1.0
92354,0,0.013990673,23,0,0.0,898.0,2,0,0,0,0.0
92361,0,0.004235045,70,0,0.09842257300000001,4500.0,3,0,0,0,0.0
92362,0,0.0,47,0,0.695763627,7411.0,10,0,2,0,1.0
92363,0,0.969660403,51,1,0.238704518,2500.0,6,0,0,0,1.0
92364,0,0.009841586999999999,71,0,243.0,,8,0,1,0,0.0
92367,0,0.042790971,38,0,0.357107149,6000.0,7,0,2,0,2.0
92371,0,0.01127859,65,0,0.0036355370000000003,4400.0,5,0,0,0,0.0
92372,0,0.74735876,41,1,0.36460321799999995,3666.0,17,0,0,0,0.0
92373,0,0.26842926300000003,62,0,0.08623411800000001,13300.0,5,0,0,0,0.0
92374,0,0.6764170890000001,36,0,0.42257217799999996,8000.0,12,0,1,0,0.0
92375,1,0.534616346,41,0,0.051985147,3500.0,3,0,0,0,0.0
92376,0,0.171930234,65,0,8734.0,,27,0,3,0,0.0
92378,0,0.18030518,68,0,0.519402985,2009.0,7,0,0,0,0.0
92380,1,0.39934664,56,0,298.0,,6,0,0,0,
92381,0,0.63829145,36,0,0.366287142,3600.0,6,0,0,0,3.0
92384,0,0.0,73,0,0.006396588000000001,468.0,2,0,0,0,0.0
92387,0,0.117637647,38,0,0.126430397,9000.0,7,0,0,0,3.0
92389,0,0.37877262799999994,39,0,0.38605162,9104.0,9,0,1,0,3.0
92390,0,0.037746259,58,0,0.17309187899999998,9000.0,8,0,1,0,0.0
92391,1,0.9999998999999999,51,0,0.20777666,20882.0,8,1,3,3,1.0
92392,0,0.899967858,53,0,0.266619891,5700.0,3,0,1,0,4.0
92394,0,0.0,35,0,0.0,7166.0,3,0,0,0,0.0
92395,0,0.036348441,57,0,1980.0,,16,0,2,0,1.0
92396,0,1.319361277,55,0,0.00775,3999.0,2,1,0,2,2.0
92398,0,0.068514113,53,0,0.51974629,8355.0,11,0,1,0,0.0
92403,0,0.031723454,35,0,0.278920593,4520.0,4,0,1,0,0.0
92405,0,0.494268992,55,0,0.371036847,2333.0,4,0,0,0,3.0
92407,0,0.040650407,60,0,0.264460784,4079.0,13,0,1,0,0.0
92408,0,0.043580223,39,1,0.15419569800000002,3300.0,5,0,0,0,3.0
92409,0,0.251637418,58,0,2461.0,,5,0,2,0,0.0
92410,0,0.32103753399999996,44,0,0.152236813,4492.0,6,0,0,0,2.0
92411,0,0.080782983,60,0,0.072157931,5875.0,9,0,0,0,0.0
92415,0,0.983844701,41,4,0.192458695,12225.0,20,1,0,4,2.0
92418,1,0.185871284,59,0,0.08956503099999999,4666.0,6,0,0,0,0.0
92421,1,0.9999998999999999,62,0,0.100066269,3017.0,2,1,0,0,1.0
92422,0,0.9275117540000001,53,5,1925.0,,10,0,1,1,1.0
92423,0,0.760598795,47,0,0.321583357,3460.0,8,0,0,0,2.0
92424,0,0.369232503,57,0,0.590996352,10417.0,11,0,4,0,0.0
92425,0,0.0039999020000000005,72,0,0.17695238100000002,10499.0,10,0,1,0,0.0
92426,0,0.759104545,84,0,0.140833989,5083.0,6,0,0,0,0.0
92427,0,0.138608432,60,0,0.404688039,2900.0,8,0,1,0,0.0
92429,0,0.0,47,0,1.105585922,7500.0,9,0,2,0,4.0
92430,0,0.073574093,52,0,0.318523864,9700.0,6,0,3,0,1.0
92431,1,1.0103693459999998,56,0,0.48015506700000005,5416.0,10,0,1,1,2.0
92432,0,0.331229978,33,0,0.657595112,3600.0,6,0,1,0,0.0
92433,0,0.9999998999999999,39,0,1574.0,,3,0,2,0,0.0
92434,0,0.20072277100000002,42,0,0.347699214,4454.0,20,0,0,0,0.0
92437,0,0.267314531,53,0,1.0122078829999999,2866.0,10,0,1,0,1.0
92438,0,0.23351140399999998,63,0,2273.0,,14,0,3,0,0.0
92440,0,0.099342868,63,0,0.328220859,5541.0,12,0,2,0,0.0
92441,0,0.034506841,58,0,0.38440014,2858.0,5,0,0,0,0.0
92444,1,0.446968074,49,0,202.0,,3,0,0,0,0.0
92445,0,0.107470405,71,0,0.020877944,3735.0,7,0,0,0,0.0
92446,0,0.005999917,69,0,0.17659053800000002,4903.0,20,0,2,0,0.0
92447,0,0.013920092,53,1,1846.0,,11,0,1,0,0.0
92448,0,0.0344048,81,0,0.014394242,2500.0,6,0,0,0,0.0
92451,0,0.113525765,55,0,0.446164926,2776.0,7,0,1,0,1.0
92452,1,0.6730653870000001,56,1,0.511131849,7500.0,9,0,2,0,4.0
92454,0,0.46354545799999997,50,0,2262.0,,7,1,2,0,0.0
92455,0,0.39720558899999997,23,0,0.004541326,1100.0,2,0,0,0,0.0
92456,0,0.15772281800000001,46,0,0.170719725,4070.0,10,0,0,0,0.0
92457,0,2120.0,56,2,0.7235382309999999,3334.0,3,0,1,0,1.0
92459,0,0.9334997209999999,52,0,0.403605466,8708.0,11,4,2,1,2.0
92460,0,0.14282187400000002,31,1,34.0,,5,1,0,0,
92461,0,0.242934394,41,0,0.577735125,2083.0,4,0,1,0,1.0
92462,0,0.012911928999999999,88,0,23.0,,6,0,0,0,
92463,0,0.109756294,53,0,0.509175607,7083.0,10,0,3,0,0.0
92465,0,0.0,50,0,0.0,,3,0,0,0,0.0
92466,1,0.480249139,30,5,0.44939577,2647.0,14,0,1,0,0.0
92467,0,0.080237445,65,0,4198.0,,7,0,3,0,3.0
92471,0,0.7153082270000001,49,0,0.7056226459999999,7700.0,7,0,2,0,0.0
92472,0,0.047380970999999994,87,0,0.23704563,2585.0,7,0,1,0,0.0
92473,0,0.126726527,77,0,0.112958324,4390.0,12,0,0,0,0.0
92475,0,0.9999998999999999,50,0,0.097890615,15833.0,2,0,1,0,0.0
92476,0,0.021083536,66,0,0.431003762,5050.0,14,0,1,0,1.0
92477,0,0.9999998999999999,32,1,0.294789436,1400.0,1,0,0,0,0.0
92478,0,0.30812574600000003,48,0,3978.0,0.0,13,0,4,0,3.0
92479,0,0.239645687,35,0,0.093622795,2210.0,3,0,0,0,1.0
92481,0,0.85534137,36,0,0.8222651529999999,4140.0,8,0,1,0,0.0
92482,1,0.642823213,57,2,0.509374099,10400.0,11,0,5,0,0.0
92485,0,0.866044652,28,0,220.0,,3,0,0,0,0.0
92486,0,0.98639836,38,1,0.7705561609999999,4584.0,11,0,1,1,1.0
92487,0,0.016854735,63,0,755.0,,3,0,1,0,
92489,0,0.449803939,72,0,0.609982403,6250.0,15,0,1,0,0.0
92490,0,0.47726812700000004,38,0,0.23504745100000002,4530.0,7,0,0,0,0.0
92493,0,1.048530767,50,0,0.45434591700000004,6833.0,10,0,1,0,3.0
92494,0,0.587206397,23,0,0.049939099,820.0,4,0,0,0,0.0
92497,1,2.279503106,28,1,0.37099359,1247.0,2,1,0,1,2.0
92498,0,0.374048404,31,0,0.305243875,4366.0,3,0,1,0,2.0
92499,0,0.0035768540000000004,86,0,4.0,,5,0,0,0,0.0
92502,0,0.0,64,0,0.512523896,20400.0,12,0,3,0,0.0
92503,0,0.028646731,48,0,0.800318218,3770.0,10,0,1,0,0.0
92504,0,0.016919164,46,0,2.055972014,2000.0,8,0,2,0,2.0
92507,0,0.9999998999999999,62,0,0.237630662,1434.0,4,0,0,0,0.0
92509,1,0.9999998999999999,51,0,0.943902439,3689.0,5,5,1,1,1.0
92510,0,0.30818972699999997,51,0,0.7040953659999999,5200.0,7,0,2,0,3.0
92511,0,0.106507235,42,0,0.031446541,6200.0,7,0,0,0,2.0
92512,0,0.0,61,0,0.0,3667.0,6,0,0,0,0.0
92515,0,0.087591241,43,0,0.684672519,5923.0,8,0,2,0,2.0
92516,0,0.019400617,93,0,0.00539892,3333.0,4,0,0,0,0.0
92518,0,0.004153271,64,0,0.268968064,5416.0,10,0,1,0,0.0
92519,0,0.011678285,45,0,0.22741917600000003,9000.0,22,0,1,0,2.0
92520,0,0.372250003,39,1,0.44092651200000005,6000.0,17,0,1,0,0.0
92521,0,0.003745867,74,0,0.18862475,4500.0,12,0,1,0,0.0
92524,0,0.065919756,62,0,83.0,,6,0,0,0,0.0
92525,0,0.107422314,79,0,0.027228249,4700.0,3,0,0,0,0.0
92526,0,0.011884158,71,0,411.0,,8,0,0,0,0.0
92527,0,0.006784180999999999,67,0,4808.0,,15,0,2,0,0.0
92528,0,0.000730957,64,0,23.0,,20,0,0,0,0.0
92529,0,0.025481552,64,0,3516.0,,26,0,2,0,0.0
92532,0,0.74064553,56,0,0.460866644,2976.0,6,0,1,0,0.0
92534,0,0.04894304,70,0,0.34002869399999996,5575.0,27,0,3,0,0.0
92535,0,0.004351718,31,0,0.15814031,6000.0,4,0,1,0,1.0
92537,0,0.064528566,66,0,0.204363436,3620.0,7,0,1,0,0.0
92538,0,0.7997539220000001,82,0,0.5482258870000001,2000.0,7,0,1,0,0.0
92539,1,1.05278174,37,0,0.13919179,3117.0,5,5,0,2,1.0
92540,0,0.7721122140000001,57,1,0.323514507,15785.0,17,0,2,0,1.0
92542,0,0.014039953999999999,76,0,0.153846154,4705.0,10,0,1,0,0.0
92543,0,0.075510353,54,0,0.40543937799999996,8750.0,12,0,2,0,2.0
92544,0,0.004353549,58,0,0.333240457,10766.0,13,0,2,0,1.0
92545,0,0.10800589699999999,39,0,1361.5,1.0,6,0,2,0,5.0
92546,0,0.59464782,38,0,0.747917823,1800.0,9,0,0,0,2.0
92547,0,0.029354427000000002,56,0,0.35870403700000003,11666.0,8,0,1,0,3.0
92548,0,0.004807147,82,0,6.0,,6,0,0,0,0.0
92549,0,0.097156114,41,0,0.194480552,10000.0,4,0,1,0,0.0
92551,0,0.013390879,35,0,0.750882145,2833.0,7,0,2,0,0.0
92552,0,0.003655635,48,0,0.310503969,5416.0,8,0,1,0,2.0
92553,0,0.01849815,32,0,0.45045172200000005,7083.0,11,0,1,0,1.0
92554,0,0.44111776399999997,32,0,0.719523901,5208.0,5,0,2,0,0.0
92556,0,0.0,61,0,39.0,,2,0,0,0,
92557,0,0.028685102999999997,51,0,0.051342545999999996,8900.0,12,0,0,0,2.0
92559,0,0.23707332399999997,65,0,0.848837209,1547.0,26,0,1,0,0.0
92562,0,0.9999998999999999,39,1,26.0,,5,3,0,1,0.0
92563,0,0.612457767,41,0,0.144568274,9600.0,7,0,0,0,1.0
92565,0,0.033434056000000004,57,0,0.359321257,4360.0,12,0,2,0,0.0
92570,0,0.12330008199999999,65,0,0.350449974,11333.0,10,0,2,0,0.0
92571,0,0.9999998999999999,25,0,0.193213296,1443.0,6,0,0,0,0.0
92572,0,0.047834527,58,0,0.373916907,4500.0,11,0,1,0,1.0
92573,0,0.744426798,31,1,0.203918433,2500.0,5,0,0,0,3.0
92576,1,0.018024903999999998,52,0,0.220169361,5195.0,9,0,1,1,0.0
92577,0,0.431372549,75,0,0.7728035809999999,1786.0,8,0,0,0,0.0
92578,0,0.44297082200000004,41,0,0.168699792,3360.0,10,1,0,0,0.0
92581,0,0.198965615,63,0,0.418782521,15950.0,27,0,2,0,0.0
92582,0,0.008374205,36,0,1924.0,0.0,11,0,2,0,0.0
92583,0,0.549005451,48,0,0.731352096,5080.0,8,0,2,0,1.0
92584,0,0.110236117,53,0,0.475330835,13072.0,26,0,4,0,1.0
92585,0,0.018381812,41,0,1177.0,,4,0,1,0,0.0
92587,0,0.098386349,38,0,0.665866827,5000.0,9,0,2,0,0.0
92589,0,0.820846703,33,0,0.057924434000000004,14000.0,10,0,0,0,2.0
92591,0,0.00252249,63,0,0.22515544899999998,9166.0,13,0,3,0,0.0
92592,0,0.380859629,32,0,0.277146217,2550.0,5,0,0,0,0.0
92593,0,0.010873313,67,0,0.003499125,4000.0,3,0,0,0,0.0
92594,1,0.999802684,40,0,0.475578406,1166.0,4,0,0,0,3.0
92595,0,0.23257725399999998,56,0,0.773218143,4166.0,10,0,3,0,4.0
92598,0,0.0065439619999999995,68,0,0.004052959,3700.0,6,0,0,0,0.0
92599,0,0.9999998999999999,31,2,0.531727652,4317.0,4,3,1,1,3.0
92600,0,0.039082982999999995,93,0,0.187101612,2666.0,9,0,0,1,0.0
92601,0,0.084287604,50,0,1932.0,,4,0,1,0,0.0
92602,0,0.031011376,80,0,0.002266364,7500.0,10,0,0,0,0.0
92604,0,0.058310678,61,0,1335.0,,5,0,1,0,0.0
92605,0,0.297357988,55,3,0.22757724199999999,10000.0,8,0,1,0,0.0
92606,0,0.167372584,47,0,226.0,,10,0,0,0,0.0
92607,0,0.176278295,55,0,0.254674533,10000.0,7,0,2,0,5.0
92608,0,0.00016811200000000002,89,0,0.0,,6,0,0,0,0.0
92609,0,0.008919643,38,1,1.5169689880000001,3417.0,9,0,4,0,0.0
92610,1,0.9999998999999999,62,1,0.293716657,6747.0,4,5,1,0,0.0
92611,0,0.0,73,0,0.19403582100000002,22500.0,9,0,2,0,0.0
92612,0,0.595734044,47,0,0.174915636,5333.0,5,0,0,0,0.0
92613,0,0.116108907,38,0,0.235769416,8291.0,18,0,1,0,1.0
92614,0,0.5234470210000001,55,0,943.0,,4,0,0,0,0.0
92615,1,0.946843854,46,0,323.0,,4,3,0,0,3.0
92616,0,0.9999998999999999,41,0,153.0,,1,1,0,0,0.0
92617,0,0.073790696,54,0,0.22035149899999998,13541.0,27,0,2,0,2.0
92618,0,0.9999998999999999,33,0,0.060507834,1850.0,0,1,0,0,0.0
92620,0,0.033194483999999996,82,0,38.0,,7,0,0,0,0.0
92621,0,0.066364928,43,0,0.42484612899999996,6173.0,6,0,2,0,2.0
92623,0,0.000666637,47,0,0.11798689,9000.0,4,0,1,0,2.0
92625,0,0.9999998999999999,24,1,0.249483115,1450.0,1,0,0,0,0.0
92626,0,0.082927091,60,0,138.0,,7,0,0,0,0.0
92627,0,0.01891639,30,0,0.302597154,15670.0,15,0,4,0,0.0
92628,0,0.24583888899999998,39,0,622.0,1.0,5,0,2,0,2.0
92629,0,0.023721477999999997,59,0,63.0,,11,0,0,0,0.0
92631,0,0.9999998999999999,31,0,0.163934426,2500.0,2,0,0,0,1.0
92632,0,0.8084766090000001,32,0,0.025542784,2348.0,2,0,0,0,0.0
92633,0,0.0,60,0,0.0,4256.0,3,0,0,0,0.0
92634,0,0.015184413999999999,61,0,0.505744192,3916.0,7,0,2,0,0.0
92635,0,0.155333622,69,0,4224.0,,13,0,4,0,0.0
92636,0,0.36037705299999995,35,0,0.415234979,11000.0,7,0,2,0,3.0
92637,0,0.094142017,64,0,0.08997429300000001,3500.0,6,0,0,0,0.0
92639,0,0.0,28,0,43.0,,1,0,0,0,
92640,0,0.07637828099999999,73,0,0.003813155,4195.0,4,0,0,0,0.0
92644,0,0.053012374,55,0,4062.0,,20,0,3,0,0.0
92645,1,0.029735965,64,2,0.171122995,4300.0,11,0,0,0,0.0
92647,0,0.0,55,0,0.283893009,12000.0,11,0,2,0,2.0
92648,1,0.971352432,27,1,0.316841104,1050.0,6,1,0,0,0.0
92649,0,0.0036922129999999997,78,0,0.027425959,10500.0,10,0,1,0,0.0
92650,0,0.030611961,51,0,4654.0,,7,0,2,0,0.0
92652,0,0.009146703,49,0,11.0,,9,0,0,0,0.0
92657,0,0.276783464,37,0,0.155281573,3000.0,10,0,0,0,0.0
92658,0,0.562427342,35,0,0.138476921,6000.0,5,0,0,0,2.0
92659,0,0.098722785,31,0,0.084583083,5000.0,7,0,0,0,1.0
92660,0,0.884010086,57,4,2404.0,,15,0,1,0,0.0
92661,0,0.033852642999999995,57,0,0.056090414000000005,7166.0,13,0,0,0,1.0
92662,0,0.100480524,47,0,0.407145714,7500.0,12,0,1,0,1.0
92663,0,0.19252477699999998,39,0,0.387093788,10800.0,11,0,2,0,2.0
92664,0,0.061739545,62,0,0.08312488,5196.0,10,0,0,0,0.0
92666,0,0.002225725,41,0,0.00139972,5000.0,15,0,0,0,0.0
92668,0,0.029313733999999998,68,0,0.20938628199999998,3600.0,8,0,2,0,0.0
92671,0,0.026505307999999998,73,0,0.198739899,7300.0,15,0,1,0,0.0
92672,0,0.09269957599999999,53,1,0.200915765,12666.0,14,0,3,0,6.0
92674,1,0.9999998999999999,49,1,0.227059326,2342.0,1,0,0,0,0.0
92679,0,0.9999998999999999,29,0,0.13977204599999998,5000.0,5,0,0,0,0.0
92680,0,0.483737501,30,3,0.2299489,4500.0,9,0,0,0,0.0
92681,0,0.9999998999999999,66,3,0.477910351,3100.0,6,0,1,0,1.0
92684,0,0.008232404,42,0,0.35030718299999997,8463.0,12,0,2,0,0.0
92686,0,0.012521958,57,0,0.36964759399999997,15833.0,7,0,2,0,0.0
92687,0,0.369841374,49,0,0.567531799,13600.0,18,0,1,0,1.0
92688,0,0.171689759,30,0,0.07651293,3750.0,5,0,0,0,0.0
92690,0,0.38190472,59,0,0.503279475,6250.0,9,0,1,0,2.0
92691,0,0.348576515,64,0,1768.0,,5,0,2,0,0.0
92692,1,0.919246245,61,5,1.032653061,6124.0,16,0,8,5,0.0
92693,0,0.0,35,0,0.107650903,2600.0,9,0,0,0,3.0
92694,0,0.117583134,59,0,0.5350318470000001,1255.0,4,0,1,0,0.0
92696,0,0.40952853200000006,31,0,0.918345705,942.0,6,0,0,0,0.0
92698,0,0.017454228000000002,63,0,0.14874174,7112.0,9,0,1,0,0.0
92706,0,0.018434033,44,0,0.209183265,12500.0,6,0,1,0,2.0
92707,0,0.057730767999999995,39,0,804.0,,6,0,1,0,
92708,0,0.034218502000000005,78,0,0.07980192400000001,10500.0,13,0,1,0,0.0
92709,0,0.022741062000000003,74,0,0.0029925190000000003,10024.0,8,0,0,0,0.0
92710,0,0.020453616,48,0,0.471968709,2300.0,13,0,2,0,2.0
92711,0,0.424546121,47,0,0.32473850600000004,8221.0,5,0,2,0,2.0
92712,0,0.9999998999999999,32,1,0.270505462,5400.0,4,0,0,0,0.0
92713,0,0.034438284,62,0,1138.0,,13,0,2,0,1.0
92714,0,0.17643640600000002,49,0,0.658097686,3500.0,7,0,1,0,0.0
92715,0,0.09741579800000001,67,0,0.244045869,3400.0,17,0,0,0,0.0
92716,0,0.003081124,61,0,0.0009998,5000.0,5,0,0,0,0.0
92719,0,0.6932673079999999,68,0,0.350946091,2800.0,4,0,1,0,1.0
92720,0,0.9712433629999999,34,0,0.286739755,7661.0,11,0,2,0,4.0
92721,0,0.004209204,84,0,0.00542659,3316.0,10,0,0,0,0.0
92724,0,0.9512515229999999,43,0,0.40728042799999997,9916.0,9,0,1,0,4.0
92725,0,0.020069301,55,0,0.116607507,13240.0,11,0,1,0,0.0
92727,0,1563.0,67,0,0.270837891,4570.0,8,0,0,0,0.0
92729,0,0.05345547,46,0,0.218113945,11250.0,10,0,1,0,2.0
92730,0,0.0004929509999999999,63,0,1408.0,,5,0,2,0,0.0
92731,0,0.0,41,0,0.376609605,6600.0,8,0,2,0,1.0
92734,0,0.021822232,74,0,0.004999,5000.0,5,0,0,0,0.0
92735,0,0.008937212,61,0,0.004299914,50000.0,4,0,1,0,0.0
92736,0,0.293213982,48,1,0.243777207,8958.0,11,0,2,0,2.0
92737,0,0.418958104,57,0,4007.0,,4,0,2,0,0.0
92738,0,0.025387962000000003,24,0,10.0,,3,0,0,0,0.0
92739,0,0.0039507990000000005,86,0,0.002427878,7001.0,10,0,0,0,0.0
92740,1,0.745309885,31,0,0.641213047,9166.0,16,0,2,0,1.0
92741,0,0.45109457,59,0,0.440731483,7600.0,19,0,1,0,3.0
92745,0,0.332555566,47,0,0.305189652,6300.0,8,0,0,1,2.0
92746,0,0.49742778,50,0,0.375951996,8665.0,8,0,1,0,2.0
92749,1,1.383233533,33,1,0.194368756,1100.0,6,0,0,2,2.0
92750,1,0.999484589,48,0,0.721652197,3800.0,16,0,2,0,1.0
92751,0,0.190445666,42,0,0.32223207800000003,12400.0,16,0,3,0,5.0
92752,0,0.9999998999999999,46,0,0.0,,0,0,0,0,0.0
92753,0,0.010855507,51,0,0.23215122600000002,6400.0,9,0,1,0,3.0
92754,0,0.572824358,70,0,2150.0,,11,0,1,0,0.0
92756,0,1.276206323,74,0,0.390452102,3162.0,11,0,1,0,0.0
92758,0,0.93985518,31,1,0.218539073,6666.0,6,0,0,0,0.0
92760,0,0.328944385,52,0,0.37760979100000003,8333.0,9,0,1,0,2.0
92763,0,0.20484738800000002,36,0,0.898431552,6566.0,6,0,2,0,2.0
92766,1,0.270273021,47,0,0.7938596490000001,2735.0,15,0,2,0,3.0
92768,0,0.196836293,34,0,0.238283775,12375.0,8,0,3,0,2.0
92769,0,0.10088608,57,0,0.336920293,10500.0,13,0,1,0,1.0
92770,0,0.0,89,0,0.019196161,5000.0,17,0,0,0,0.0
92772,0,0.02153933,44,1,0.367281476,13716.0,10,0,2,1,2.0
92773,0,0.094588218,49,0,0.185640521,4066.0,12,0,0,0,0.0
92775,0,0.100958417,59,0,0.201811934,3200.0,8,0,0,0,3.0
92776,0,0.6915386490000001,31,0,0.021318304,4080.0,5,0,0,0,0.0
92777,0,0.055273618,66,0,69.0,,5,0,0,0,0.0
92779,0,0.0009999689999999999,83,0,0.0,7250.0,4,0,0,0,0.0
92781,0,0.025005016,76,0,0.335155313,7500.0,9,0,2,0,1.0
92785,0,0.062945712,65,0,0.121428571,5459.0,4,0,1,0,0.0
92786,0,0.16920162100000002,59,0,0.207958792,9900.0,9,0,2,0,1.0
92789,0,0.9999998999999999,36,0,0.095824668,6250.0,3,0,0,0,4.0
92790,1,0.717246484,36,0,0.367271771,3800.0,5,2,1,1,2.0
92791,0,0.152794401,55,0,0.576550528,6916.0,23,0,2,0,0.0
92792,0,0.6609749739999999,72,0,0.49338962299999994,9000.0,8,0,1,0,0.0
92793,0,0.046387048,60,1,0.140837023,7000.0,2,0,1,0,0.0
92797,0,0.025243939,56,0,0.218715826,6400.0,14,0,1,0,0.0
92798,0,0.0,25,0,0.0,1280.0,1,0,0,0,1.0
92799,0,0.230876062,49,0,0.283428876,7500.0,3,0,1,0,5.0
92800,0,0.0,29,0,393.0,1.0,5,0,0,0,1.0
92801,0,0.03766039,73,0,0.001077199,5569.0,1,0,0,0,0.0
92803,0,0.24890431699999999,62,0,0.42018586,8500.0,19,0,2,0,0.0
92806,0,0.017571746,82,0,0.104579084,5000.0,8,0,0,0,0.0
92807,0,0.047092565999999995,48,0,0.31790409199999997,5400.0,8,0,1,0,2.0
92809,0,0.791194501,58,1,0.079103083,3210.0,2,0,0,0,1.0
92810,0,0.031229746,63,0,1137.0,,17,0,1,0,0.0
92812,0,0.016555188000000002,43,0,1652.0,,6,0,1,0,0.0
92813,0,0.057130932999999995,33,0,0.45290941799999995,5000.0,8,0,2,0,0.0
92814,0,0.0,83,0,1012.0,,4,0,1,0,0.0
92815,1,0.0,28,2,0.314166032,2625.0,6,1,0,0,0.0
92817,0,0.5325951870000001,23,0,0.177475482,3160.0,8,0,0,0,0.0
92818,0,0.033931645,80,0,0.14948821699999998,4200.0,11,0,1,0,0.0
92820,0,0.024171002999999996,63,0,0.10265311199999999,8065.0,10,0,1,1,0.0
92821,1,0.9999998999999999,64,1,2227.0,,10,1,1,1,
92822,0,0.49744667600000003,74,0,1.085694776,2928.0,12,0,2,0,0.0
92823,0,0.04949505,51,0,0.43259618299999997,3300.0,13,0,1,0,1.0
92824,0,0.03630159,77,0,0.26361867699999997,3083.0,11,0,1,0,0.0
92825,0,0.881932133,45,0,0.269722112,7592.0,12,0,0,1,2.0
92826,0,0.9620038000000001,46,0,0.38537351799999997,7000.0,13,0,1,0,4.0
92828,0,0.001823733,61,0,2184.0,,8,0,2,0,
92829,0,1.295681063,59,0,0.016661113,3000.0,1,0,0,0,0.0
92831,0,0.049615908,52,0,0.22115384600000002,11959.0,6,0,3,0,1.0
92833,0,0.5386611170000001,66,0,0.454368589,5653.0,11,0,1,0,0.0
92834,0,0.034931005,49,0,0.292237443,1532.0,3,0,0,0,1.0
92836,0,0.9999998999999999,23,0,0.0,,2,0,0,0,0.0
92837,0,1.006855184,35,2,0.230628229,6000.0,8,0,1,0,2.0
92838,0,0.6024760920000001,55,1,0.938131313,3167.0,6,0,1,0,0.0
92839,0,0.026912652999999998,62,0,0.295915453,3500.0,7,0,0,0,0.0
92840,0,0.185395968,47,0,0.305882353,3484.0,8,0,1,0,1.0
92842,0,0.944079294,51,0,0.371457906,4869.0,13,0,0,0,1.0
92843,0,0.024433572,75,0,0.071991772,5833.0,15,0,1,0,0.0
92844,0,0.0046359420000000005,39,0,0.406655844,8623.0,4,0,2,0,2.0
92845,0,0.313674948,43,0,0.20787921199999998,10000.0,9,0,0,0,3.0
92846,0,0.135232153,51,0,0.467505241,6200.0,12,0,1,0,0.0
92848,0,0.0,68,0,0.26431557899999997,5500.0,5,0,1,0,0.0
92850,0,0.912477543,39,0,0.45681850799999996,6958.0,7,0,2,0,0.0
92851,0,0.395853068,25,0,0.24471711,4400.0,8,0,0,0,0.0
92852,0,0.615638403,41,0,0.665627436,7697.0,11,0,1,0,2.0
92853,0,2281.0,31,0,0.25521648399999997,7667.0,4,0,2,0,1.0
92854,0,0.285803569,39,0,0.684385936,6000.0,9,0,3,0,2.0
92855,0,0.130386961,53,0,0.565036247,12000.0,12,0,5,0,1.0
92856,0,0.412115846,39,0,0.397257449,9698.0,8,0,2,0,3.0
92857,0,0.151985622,54,0,0.310609817,4033.0,19,0,2,0,0.0
92858,0,0.427016219,60,1,0.7195348840000001,4299.0,10,2,2,0,0.0
92859,0,0.40748671700000005,47,0,0.714264287,6666.0,18,0,2,0,2.0
92860,0,0.036074313,85,0,1240.0,,7,0,1,0,0.0
92861,1,1.0830758040000001,62,1,0.524135961,3500.0,9,0,0,0,1.0
92862,0,0.04586360900000001,59,0,0.00499875,4000.0,1,0,0,0,0.0
92863,0,0.165784832,24,0,0.013311148,600.0,2,0,0,0,0.0
92864,0,0.130168792,43,0,0.48414718799999995,4320.0,8,0,1,0,1.0
92865,0,0.08908011199999999,38,0,0.293673616,2781.0,3,0,0,0,3.0
92866,0,0.108044011,78,0,0.05639718,6666.0,6,0,0,0,0.0
92867,0,0.0,62,0,2.764705882,50.0,13,0,0,0,0.0
92868,0,0.553070346,64,0,0.7182950359999999,5700.0,8,0,2,0,1.0
92869,0,0.0019993339999999997,61,5,2565.0,,8,1,1,0,0.0
92870,0,0.018203069,78,0,240.0,,6,0,0,0,0.0
92872,0,0.29852238600000003,31,0,1.154545455,1209.0,11,0,1,0,1.0
92873,0,0.204473768,60,0,0.40176445899999996,7140.0,19,0,2,0,2.0
92874,0,0.366290157,51,0,0.13793823,9583.0,8,0,0,1,2.0
92875,0,0.9600043709999999,74,3,0.188918975,4800.0,8,0,0,0,0.0
92876,0,0.593556582,67,0,1.389229281,3100.0,15,0,1,0,0.0
92877,0,0.19434519600000003,76,1,0.235065943,11600.0,25,0,1,0,0.0
92879,0,0.182798326,65,0,0.102419355,3719.0,10,0,0,0,0.0
92880,0,0.0,50,0,0.5194224120000001,4916.0,10,0,3,0,1.0
92881,0,0.813605027,48,1,0.568186304,15200.0,10,0,1,0,1.0
92882,0,0.6907394029999999,61,0,3407.0,,7,0,1,0,0.0
92883,0,0.996732528,60,0,0.602848101,7583.0,16,0,1,1,2.0
92884,0,0.063221043,65,0,0.875936719,1200.0,4,0,1,0,0.0
92885,0,0.258211921,72,0,0.19079306199999999,9166.0,7,0,1,0,0.0
92888,0,0.292411954,76,0,0.132238942,2192.0,5,0,0,0,0.0
92889,0,0.9999998999999999,52,0,0.297196262,3209.0,5,0,0,0,1.0
92890,0,0.023480612999999997,53,0,0.290165078,4300.0,9,0,2,0,2.0
92892,0,0.019999574,46,0,0.157256537,7916.0,6,0,1,0,0.0
92894,0,0.016110216,61,0,12.0,,3,0,0,0,0.0
92895,0,0.04679883,85,0,56.0,,1,0,0,0,0.0
92896,0,0.039870538999999997,67,1,0.24848075600000002,10366.0,14,0,1,0,1.0
92897,0,0.149131149,56,0,0.45471658600000003,4780.0,5,0,2,0,0.0
92898,0,0.015777077,38,1,0.485502899,5000.0,8,0,1,0,0.0
92899,0,0.938826467,57,0,0.06122135099999999,6500.0,3,0,0,0,0.0
92900,0,0.980603879,43,0,1.0504731859999998,950.0,4,0,1,0,0.0
92904,0,0.941446071,46,0,0.273265196,3717.0,5,0,0,0,2.0
92905,0,0.09910948,63,0,0.198818357,7277.0,11,0,2,0,1.0
92906,0,0.00462704,42,0,2926.0,,12,0,1,0,0.0
92907,0,0.550099978,44,0,3236.0,,5,0,4,0,0.0
92908,0,0.244424963,39,0,0.28011998,6000.0,6,0,1,0,3.0
92910,0,0.0,54,0,0.367115521,7054.0,6,0,1,0,1.0
92911,0,0.9114802470000001,44,1,0.44823117799999995,7716.0,9,0,2,0,1.0
92912,0,0.0,37,0,0.456706282,5300.0,9,0,1,0,0.0
92913,0,0.236105864,51,0,0.36560346200000005,6238.0,11,0,2,0,0.0
92914,0,0.9459841809999999,45,0,0.137038671,6800.0,22,0,0,0,3.0
92915,0,0.044053384,73,0,0.006444054,5120.0,4,0,0,0,0.0
92916,0,0.501730104,29,0,0.15845983,2700.0,8,0,0,1,1.0
92918,0,0.047600659000000003,41,0,0.19730045,6000.0,6,0,1,0,4.0
92919,0,0.07527318,73,0,0.460634841,4000.0,6,0,2,0,0.0
92923,1,0.447818371,40,0,0.724982001,8333.0,13,0,4,0,0.0
92924,1,1.0145929340000002,44,0,0.285884313,4200.0,9,0,0,0,3.0
92925,0,0.693536932,50,0,1147.0,,2,1,1,1,0.0
92926,0,0.010024406,49,0,0.33039258899999996,6800.0,12,0,1,0,0.0
92927,0,0.178314639,55,0,0.228917025,8845.0,7,0,2,0,0.0
92928,0,0.783458305,24,0,0.106183635,1600.0,6,0,0,0,0.0
92930,0,0.9999998999999999,62,1,0.60013844,4333.0,10,0,2,0,2.0
92931,0,0.017677755,63,0,0.043991202,5000.0,6,0,0,0,0.0
92932,0,0.9868506570000001,47,0,0.211311745,6700.0,7,0,0,0,0.0
92934,0,0.0,75,0,0.651427913,8683.0,21,0,2,0,0.0
92935,0,0.0,45,0,4145.0,,5,0,2,0,0.0
92938,0,0.200678446,62,0,0.362071792,6100.0,9,0,3,0,0.0
92939,0,0.019463591000000002,77,0,0.003992016,4007.0,2,0,0,0,0.0
92941,0,0.018984488,81,0,0.08957611300000001,3750.0,6,0,2,0,0.0
92942,0,0.47619562600000004,62,0,0.266834171,13929.0,18,0,1,0,1.0
92943,0,0.217487917,49,0,0.281041532,9293.0,6,0,2,0,1.0
92944,1,1.25748503,45,2,0.570097705,4400.0,4,4,1,3,3.0
92946,0,0.019828382,61,0,0.46243930299999997,3500.0,8,0,2,0,0.0
92947,0,0.047737672,79,0,0.020865936,3833.0,4,0,0,0,0.0
92949,0,0.363479558,42,0,870.0,,3,0,0,0,0.0
92951,0,0.029350822999999998,79,0,0.276160853,4500.0,10,0,1,0,0.0
92952,1,0.0034543359999999997,57,1,1954.0,,6,0,2,1,2.0
92953,0,0.13875459699999998,39,0,0.295672047,7000.0,6,0,2,0,0.0
92954,0,0.04883888,73,0,0.014518558999999999,7300.0,6,0,0,1,0.0
92956,0,0.40226036,42,0,0.474453261,10333.0,9,0,2,0,1.0
92957,0,0.033114515,68,0,0.714241772,3250.0,12,0,2,0,0.0
92959,0,0.0038137759999999996,46,0,0.001998002,1000.0,2,0,0,0,0.0
92960,0,0.06930599700000001,55,0,0.136413815,6340.0,5,0,1,0,0.0
92962,0,0.590881824,29,0,0.21943128,2109.0,3,0,0,0,1.0
92964,0,0.9999998999999999,77,0,9.0,,0,0,0,0,
92965,0,0.030527806,76,0,0.182844244,3100.0,8,0,1,0,0.0
92966,0,0.004899837,73,0,0.491188722,3120.0,5,0,1,0,0.0
92967,0,0.9539170509999999,45,1,27.0,,3,1,0,0,0.0
92968,0,0.0,41,0,1598.0,,6,0,3,0,0.0
92969,0,0.277344531,42,0,668.0,,3,0,1,0,0.0
92970,0,0.929860483,56,0,0.47046578200000005,11528.0,16,0,3,0,1.0
92972,0,0.023598785,50,0,1626.0,,7,0,1,0,0.0
92973,0,0.0,78,0,0.370689655,2551.0,4,0,1,0,0.0
92975,0,0.42147892600000003,47,0,0.24226149800000002,10240.0,6,0,1,0,6.0
92976,0,0.072986788,53,0,2256.0,,6,0,2,0,2.0
92977,0,0.16248375199999998,30,0,0.408528706,5416.0,10,0,1,0,1.0
92978,0,0.013417382,69,0,2884.0,,7,0,1,0,0.0
92979,0,0.006491548000000001,38,0,0.002499583,6000.0,14,0,0,0,0.0
92980,0,0.30628098600000003,61,0,0.510249431,18000.0,14,0,3,0,0.0
92982,0,0.340432978,53,0,0.318719354,3466.0,5,0,0,0,2.0
92985,0,0.044065198,85,0,84.0,,4,0,0,0,0.0
92986,0,0.0007532369999999999,69,0,0.23501406600000002,4620.0,12,0,1,0,0.0
92987,0,0.02129198,58,0,0.208223342,12500.0,6,0,1,0,1.0
92988,0,0.182486042,53,0,0.21797275300000002,8000.0,8,0,1,0,2.0
92989,1,0.87995233,31,0,1.009553433,4500.0,13,0,1,0,2.0
92991,0,0.9999998999999999,52,0,112.0,,1,0,0,0,
92992,0,0.7926688559999999,50,0,0.6748466259999999,4400.0,10,0,2,0,0.0
92994,0,0.9452237440000001,36,1,0.30168555399999997,10500.0,17,0,2,0,2.0
92995,0,0.158221705,47,1,3938.0,,7,2,2,0,0.0
92996,0,0.013596144,47,0,687.0,,6,0,1,0,0.0
92997,0,0.265274383,59,0,0.025677102,19900.0,2,0,0,1,1.0
92998,0,0.284251551,54,2,0.220051997,15000.0,20,0,1,0,2.0
92999,0,0.01857552,49,0,0.410764873,6000.0,13,0,1,0,0.0
93000,0,0.580499423,74,1,1.58448793,7000.0,17,1,5,0,0.0
93002,0,0.0,43,0,0.418045471,8400.0,15,0,3,0,1.0
93003,0,0.591760549,46,0,0.127531565,11800.0,4,0,0,0,1.0
93005,0,0.413699239,40,0,0.61186403,4500.0,7,0,2,0,2.0
93006,0,0.041037299,55,0,0.42478191200000004,5616.0,21,0,1,0,1.0
93007,1,0.0,45,0,0.282911803,6167.0,3,0,1,0,0.0
93008,0,0.129223123,33,0,1825.0,,10,0,2,0,0.0
93009,0,0.036294504,66,0,1287.0,,13,0,0,0,0.0
93010,0,0.161742314,78,0,0.08953526199999999,6153.0,20,0,0,0,0.0
93011,1,0.8341054259999999,38,0,0.385472466,14000.0,7,0,1,0,3.0
93012,0,0.161191594,41,0,0.35877262,5083.0,7,0,1,0,2.0
93013,0,0.024807455,78,0,16.0,,3,0,0,0,
93014,0,0.575748485,48,0,0.148101987,28081.0,9,0,3,1,2.0
93015,0,0.087856264,39,0,0.254749635,13000.0,7,0,1,0,0.0
93017,0,0.0,66,0,0.000571265,3500.0,2,0,0,0,0.0
93018,0,0.507615341,48,0,0.305674818,10713.0,11,0,1,0,1.0
93019,0,0.051427102,70,0,2076.0,,7,0,2,0,
93021,0,0.029901461,84,0,21.0,,10,0,0,0,
93022,0,0.0008204919999999999,86,1,0.0,7500.0,7,0,0,0,0.0
93023,0,0.46150349700000004,62,0,0.495378052,8437.0,12,0,1,0,1.0
93024,0,0.290987727,64,0,0.646958012,3500.0,17,0,0,0,1.0
93025,0,0.093745395,44,0,0.407718456,5000.0,3,0,1,0,0.0
93026,0,0.03869082,64,0,0.18673565399999997,2125.0,9,0,0,0,0.0
93029,0,0.051288305,58,0,2004.0,,4,0,1,0,0.0
93030,0,0.01216843,67,0,23.0,,3,0,0,0,0.0
93032,1,0.00478862,63,0,1935.0,,12,0,3,0,0.0
93033,0,0.100290831,55,0,0.709235055,4666.0,23,0,2,0,1.0
93034,0,0.9999998999999999,41,0,0.072846736,7000.0,1,0,0,0,3.0
93037,0,0.014981803,66,0,199.0,,6,0,0,0,0.0
93040,0,0.068024063,71,0,2174.0,,12,0,1,0,1.0
93041,0,0.8042686240000001,59,0,0.293185341,20000.0,10,0,2,0,1.0
93043,0,1.004352429,41,0,0.64556962,1500.0,5,0,0,0,0.0
93045,0,0.564877695,52,0,0.309328091,11191.0,15,0,1,0,2.0
93047,0,0.0,53,0,0.235256065,9274.0,8,0,2,0,2.0
93048,0,0.08242268400000001,46,0,1.243751547,4040.0,6,0,4,0,0.0
93050,0,0.9999998999999999,83,0,0.0,,1,0,0,0,0.0
93051,0,0.015157818,67,0,0.003221864,9000.0,6,0,0,0,1.0
93052,0,0.043131895999999996,72,1,0.375359154,8700.0,4,0,2,0,1.0
93054,0,0.18697487399999999,44,0,1545.0,,17,0,1,0,
93056,1,0.180070478,59,1,11231.0,,14,0,8,0,0.0
93057,0,0.43245499,49,1,0.330625508,3692.0,10,0,0,0,2.0
93058,0,0.521177869,56,0,0.47663425200000004,7403.0,12,0,1,0,2.0
93059,0,0.479594607,38,0,0.285142171,7490.0,6,0,2,0,0.0
93060,0,0.122517639,33,0,2.268135904,1088.0,4,0,1,0,0.0
93061,0,0.185032952,58,0,0.8565161290000001,7749.0,31,0,4,0,0.0
93062,0,1.0158566009999999,41,0,0.47790441899999997,5000.0,6,2,2,0,0.0
93063,0,0.052713971,44,0,0.614610511,2682.0,12,0,1,0,2.0
93064,0,0.00478448,63,0,1223.0,,17,0,2,0,0.0
93065,0,0.9999998999999999,39,0,0.016431621,7728.0,1,0,0,0,2.0
93066,0,0.106453899,68,0,0.043318894000000004,3000.0,9,0,0,0,0.0
93067,0,0.290640691,54,0,0.324401198,13359.0,10,0,1,0,3.0
93068,1,0.022947476,67,0,0.650050743,16750.0,12,0,5,0,0.0
93069,0,0.8137217459999999,27,0,0.25518467300000003,5062.0,5,0,0,0,1.0
93070,0,0.036495141,60,1,0.511057424,5380.0,10,0,2,0,1.0
93071,0,0.044359113,52,0,887.0,,5,0,1,0,2.0
93072,0,0.030712591,63,0,0.6968538670000001,3400.0,19,0,1,0,1.0
93073,0,0.35280401899999997,62,0,0.068143825,32900.0,11,0,2,0,0.0
93074,0,0.0,50,0,0.08730040300000001,6700.0,2,0,0,0,0.0
93075,0,0.008569914,44,0,0.49576988200000005,6500.0,8,0,4,0,3.0
93076,0,0.9999998999999999,33,0,0.0,1994.0,0,6,0,0,2.0
93077,0,0.6198922689999999,60,0,1940.0,,8,0,0,0,
93078,0,0.10426021699999999,36,0,0.14697406300000002,3469.0,4,0,0,0,1.0
93079,0,0.019336468,50,0,0.291258085,4792.0,7,0,1,0,0.0
93080,1,0.300956705,37,0,1.066986603,5000.0,13,0,3,0,0.0
93082,0,0.0,69,0,1632.0,,11,0,1,0,
93084,0,0.8698196359999999,34,0,0.35425319200000005,6500.0,6,0,2,0,1.0
93085,0,0.919385077,32,0,0.233953209,5000.0,4,1,0,0,2.0
93086,0,0.095975545,61,0,0.225824379,5397.0,18,0,2,0,3.0
93090,0,0.0,62,0,1.058526012,13839.0,17,0,9,0,3.0
93092,0,0.26608431899999996,47,2,0.597281596,9122.0,13,0,2,0,1.0
93093,0,0.9999998999999999,53,0,0.276793019,3666.0,3,0,1,0,1.0
93095,0,0.105622235,53,0,0.7438140459999999,4000.0,19,0,1,0,0.0
93096,0,0.927850299,61,2,4177.0,,12,0,2,0,1.0
93097,0,0.002914252,90,0,0.000606943,8237.0,6,0,0,0,0.0
93098,0,0.014486806000000001,59,0,809.0,,7,0,1,0,0.0
93099,0,0.130407101,68,0,3733.0,,7,0,3,0,0.0
93100,0,0.156301681,31,0,0.04489873900000001,5233.0,6,0,0,0,1.0
93101,0,0.12919354,79,0,77.0,,2,0,0,0,0.0
93105,0,0.0033527609999999997,43,0,0.574197518,9750.0,18,0,4,0,3.0
93106,0,0.002499923,35,1,0.49985891600000004,7087.0,7,0,2,0,1.0
93107,0,0.00971254,82,0,0.362488159,3166.0,7,0,1,0,0.0
93109,0,0.151252481,57,0,0.083542189,9575.0,9,0,0,0,3.0
93110,1,1.007872061,51,6,0.338923029,9600.0,12,0,1,0,2.0
93111,1,0.981517952,54,7,0.506766917,3324.0,10,0,1,0,1.0
93112,0,0.49615725299999996,44,0,0.156379149,7500.0,4,0,0,0,0.0
93114,0,0.053022405,60,0,0.5990614160000001,4900.0,9,0,2,0,1.0
93116,0,0.008672985,68,0,1350.0,,8,0,1,0,
93117,0,0.9999998999999999,27,0,0.0,2745.0,1,0,0,0,0.0
93118,0,0.0,78,0,0.295761465,7478.0,8,0,1,0,0.0
93119,0,0.81498829,56,0,0.482559736,3640.0,7,0,1,0,1.0
93120,0,0.72308049,45,0,0.5667001,10966.0,16,0,3,0,2.0
93121,0,0.470582764,68,0,0.274082962,5833.0,8,0,1,0,1.0
93122,0,0.9999998999999999,85,0,5.0,,1,0,0,0,
93123,0,0.049758852,39,0,0.13418345199999998,6900.0,3,0,0,0,4.0
93125,0,0.7320367529999999,69,0,0.171400467,8132.0,8,1,0,1,1.0
93126,0,0.035978012999999996,68,0,18.0,,2,0,0,0,0.0
93127,0,0.004193988,76,0,0.23592136,3000.0,15,0,1,0,0.0
93129,0,0.056835814000000005,67,0,0.542865798,3300.0,10,0,1,1,0.0
93130,0,0.20151423,49,0,0.251631457,9040.0,22,0,1,0,3.0
93131,0,0.063771905,50,0,0.175401995,19651.0,20,0,1,7,2.0
93132,0,0.037749142,47,1,0.618680377,3500.0,11,0,2,0,0.0
93133,0,0.006151226,59,0,5.0,,4,0,0,0,0.0
93134,0,0.9999998999999999,41,0,0.0,,0,1,0,0,0.0
93135,0,0.0,73,0,0.006734006999999999,890.0,6,0,0,0,0.0
93137,0,0.158168366,78,0,0.041597338,600.0,5,0,0,0,0.0
93138,0,0.988800747,66,0,0.616611757,5766.0,4,0,1,0,0.0
93139,0,0.478337681,59,0,0.816246103,17000.0,9,0,3,0,1.0
93141,0,0.0,56,2,0.215819708,11314.0,4,0,2,0,0.0
93142,0,0.9999998999999999,61,0,0.386348487,7500.0,12,0,2,0,0.0
93143,0,1.531561462,40,1,0.160558464,4583.0,4,0,0,1,2.0
93144,0,0.151295289,31,0,97.0,,3,0,0,0,0.0
93147,0,0.294533524,42,1,0.35410764899999997,6000.0,12,0,0,0,4.0
93148,0,0.068288364,45,0,0.23698781800000002,9029.0,7,0,1,0,2.0
93149,0,0.08311461099999999,86,0,910.0,,3,0,1,0,0.0
93150,0,0.12814478199999998,60,0,0.253268522,17897.0,15,0,2,0,5.0
93152,0,0.9999998999999999,65,0,1393.0,,2,0,2,0,0.0
93154,0,0.0,55,0,0.23540303699999998,8100.0,6,0,1,0,1.0
93155,0,0.061963381,45,0,2501.0,,12,0,1,0,2.0
93156,0,0.754146841,61,0,0.5076119060000001,4400.0,4,0,1,0,0.0
93157,0,0.24855577,42,0,504.0,0.0,6,0,0,0,3.0
93158,0,0.894616435,50,0,1.631274989,2250.0,11,0,2,0,0.0
93162,0,0.024229837,61,0,0.108002407,6647.0,12,0,1,0,0.0
93163,1,0.8152961759999999,32,1,0.019464071,7500.0,2,0,0,0,1.0
93165,0,0.0,69,0,32.0,,6,0,0,0,
93166,0,0.006310830999999999,36,0,0.163702593,14000.0,4,0,2,0,0.0
93168,0,0.21075761899999998,46,0,198.0,,3,0,0,0,
93171,0,0.174500839,34,0,0.19071588399999997,5363.0,9,0,0,0,1.0
93172,0,0.9999998999999999,66,1,0.441194773,3213.0,10,0,0,0,0.0
93173,0,0.9999998999999999,27,0,0.096580684,3333.0,2,0,0,0,0.0
93174,0,0.002034602,72,0,0.001070664,7471.0,12,0,0,0,0.0
93175,0,0.404290307,40,0,0.7840479890000001,4500.0,15,0,2,0,2.0
93176,0,0.080612925,25,0,0.005988024000000001,500.0,1,0,0,0,0.0
93177,0,0.159607049,33,0,0.142576634,9166.0,9,0,0,0,3.0
93179,0,0.11882673199999999,40,0,0.41015417299999996,3761.0,12,0,1,0,0.0
93182,0,0.049513651,36,0,0.00803147,6100.0,7,0,0,0,0.0
93183,0,0.42268582600000004,75,0,0.347426471,7071.0,10,0,2,0,0.0
93184,0,0.837978447,59,0,0.244226446,4892.0,13,0,0,0,1.0
93185,0,0.9999998999999999,39,0,5249.0,,9,0,2,0,0.0
93186,0,0.643682046,58,2,0.399901381,6083.0,11,1,2,0,0.0
93187,0,0.08588631599999999,68,0,0.7113988,3166.0,7,0,2,0,0.0
93188,0,0.029855721,74,0,0.050144092,3469.0,3,0,0,0,0.0
93189,0,0.540773077,39,0,0.093609055,11750.0,7,0,0,0,2.0
93190,0,0.0,28,0,0.073308846,6533.0,8,0,1,0,0.0
93191,0,0.9999998999999999,61,0,1943.0,,5,0,1,1,0.0
93194,0,0.9999998999999999,42,0,0.41798777299999995,9650.0,13,0,4,0,0.0
93196,0,0.12387131800000001,64,0,0.039521104,16370.0,26,0,0,0,0.0
93197,0,0.23423393399999998,74,0,0.466435421,4900.0,12,0,1,0,1.0
93198,0,0.46189735600000004,38,0,0.32975,7999.0,4,0,1,0,2.0
93199,0,0.031100771,76,0,0.062787443,5000.0,3,0,1,0,0.0
93200,0,0.9999998999999999,22,0,0.0,,1,0,0,0,0.0
93202,0,0.5580927760000001,40,0,0.377956805,5833.0,10,0,1,0,1.0
93203,0,0.051625505999999995,51,0,1217.0,,4,0,2,0,0.0
93205,0,0.112905707,30,1,0.161946018,3000.0,5,0,0,0,0.0
93206,0,0.164416712,49,1,0.202999348,4600.0,9,0,1,0,1.0
93207,0,0.032063489,54,0,0.269673033,10000.0,19,0,1,0,4.0
93208,0,0.000230942,61,0,642.0,,5,0,0,0,
93209,0,0.06971179599999999,69,0,0.009833841999999999,5897.0,2,0,0,0,0.0
93211,0,0.6441570560000001,37,2,1.237976265,1600.0,6,0,1,0,1.0
93212,0,0.41279852899999997,62,0,0.70096225,1350.0,10,0,1,0,0.0
93213,0,0.444753556,56,0,0.37375083299999995,1500.0,5,0,0,0,0.0
93214,0,0.0,44,0,0.312171957,4000.0,6,0,1,0,1.0
93216,0,0.009817736,74,0,0.167566946,8700.0,6,0,1,0,0.0
93218,0,0.39551648799999994,32,0,0.28465884399999997,2300.0,5,0,0,0,0.0
93220,0,0.00643934,66,0,0.242598483,8173.0,23,0,1,0,1.0
93221,0,0.8438575340000001,56,0,0.785506039,2400.0,4,0,1,0,2.0
93222,0,0.71241566,37,0,0.280777702,13166.0,9,0,2,0,2.0
93223,0,0.35494192,59,0,0.572427248,6150.0,17,0,1,0,3.0
93225,0,0.187320845,35,0,0.670316591,4200.0,5,0,1,0,0.0
93226,0,1.019396121,48,0,1389.0,,4,0,0,0,0.0
93228,0,0.05191068099999999,58,0,0.362189272,4585.0,15,0,1,0,0.0
93229,0,0.344412833,61,0,0.293016559,4166.0,7,0,0,0,1.0
93230,0,0.00242095,90,0,0.000597372,5021.0,9,0,0,0,0.0
93231,0,0.9999998999999999,46,0,1519.0,,1,2,1,0,0.0
93232,0,0.040388561,62,0,1.3969118980000002,2201.0,12,0,4,0,0.0
93235,0,0.056697429,62,0,0.134146341,5001.0,4,0,1,0,0.0
93237,0,0.258978893,73,0,0.298031865,2133.0,9,0,0,0,0.0
93238,0,0.582378478,53,0,3.0711610489999996,800.0,28,0,1,0,1.0
93239,0,0.012791406000000002,37,0,0.097584386,6250.0,9,0,0,0,0.0
93240,0,0.057786316,39,0,0.581385643,4791.0,7,0,2,0,0.0
93242,0,0.036416742,46,0,0.37957755299999996,8000.0,7,0,1,0,0.0
93243,0,0.9999998999999999,51,0,0.264295752,9250.0,6,0,2,0,2.0
93244,0,0.022195724,41,0,1.3708145930000002,2000.0,14,0,1,0,0.0
93246,0,0.018177026000000002,71,0,0.165517241,9569.0,13,0,1,0,0.0
93247,0,0.007420181999999999,50,0,0.310248605,7883.0,10,0,1,0,3.0
93249,0,0.202986038,41,0,0.250071998,10416.0,6,0,1,0,2.0
93251,0,0.684937866,52,2,0.99660068,5000.0,19,0,3,0,0.0
93252,0,0.004228982,55,0,0.000925754,5400.0,4,0,0,0,0.0
93253,0,0.23248497,60,0,0.227728732,4983.0,14,0,1,0,0.0
93254,0,0.0,46,0,0.348774194,7749.0,11,0,2,0,2.0
93255,0,0.0012499780000000001,72,0,0.19430693100000002,4039.0,10,0,1,0,0.0
93257,0,0.06892954400000001,34,0,0.250479846,2083.0,6,0,0,0,1.0
93259,0,0.0,69,0,132.0,,3,0,1,0,0.0
93260,0,0.093095969,47,0,0.22044385800000002,12120.0,7,0,1,0,3.0
93263,0,0.6845170509999999,48,0,876.0,,10,0,0,0,2.0
93264,0,0.047418557,41,1,1.178100863,2200.0,7,0,1,0,2.0
93265,0,0.22725790699999998,29,1,0.31481738600000003,7200.0,5,0,0,0,1.0
93266,0,0.434233886,54,2,2936.0,,15,0,2,0,0.0
93267,0,0.009666022,59,0,0.00036360300000000005,11000.0,6,0,0,0,1.0
93269,1,1.137146795,35,5,0.14755758,3950.0,7,2,0,0,1.0
93270,0,0.002472759,60,0,95.0,,8,0,0,0,
93272,0,0.009307225,73,0,0.007197121,2500.0,6,0,0,0,0.0
93273,1,0.9999998999999999,31,0,0.084741728,4200.0,5,0,0,0,0.0
93274,0,0.067733052,54,0,0.7301079570000001,2500.0,12,0,1,0,2.0
93275,0,0.11155493300000001,65,0,0.10506292099999999,6833.0,18,0,0,0,0.0
93277,1,0.9999998999999999,30,0,0.10569105699999999,983.0,2,0,0,0,1.0
93278,1,1.047998171,41,6,0.97600349,4583.0,14,1,1,2,1.0
93279,0,0.5136024029999999,39,0,0.397221345,3166.0,18,0,1,0,0.0
93280,0,0.36038293200000004,51,0,0.876749682,5500.0,20,0,1,0,1.0
93282,0,0.153406323,39,0,0.692376282,15700.0,12,0,9,0,2.0
93283,0,0.9490224890000001,32,1,0.42809531700000003,6000.0,11,0,2,0,1.0
93284,0,0.028230812,47,0,621.0,,18,0,0,0,0.0
93285,0,0.041554803,43,0,0.225412471,4666.0,4,0,1,0,0.0
93286,1,1.003444362,37,5,2.1739013209999998,3708.0,17,0,5,0,0.0
93288,0,0.021382322000000002,60,0,55.0,,5,0,0,0,0.0
93289,0,0.182701583,52,0,0.29073212,4725.0,11,0,1,0,0.0
93292,0,0.749492803,59,0,0.38513155600000004,5662.0,5,0,1,0,1.0
93293,0,0.9999998999999999,61,0,0.074074074,890.0,0,0,0,0,0.0
93294,0,0.016130062,58,0,0.311209599,9250.0,8,0,2,0,2.0
93295,0,0.002966225,64,0,0.001664817,1801.0,5,0,0,0,0.0
93296,0,0.000862677,62,0,0.148283905,3000.0,7,0,1,0,0.0
93297,0,0.684713885,63,1,3461.0,,9,0,3,0,0.0
93299,0,0.48020791700000004,42,0,0.22915123699999998,6750.0,5,0,1,0,0.0
93300,0,0.479677774,61,0,0.727349545,10650.0,13,0,2,0,0.0
93301,0,0.470826478,34,0,0.12409364,4826.0,6,0,0,0,0.0
93303,0,0.102322064,55,0,3706.0,,13,0,3,0,0.0
93307,0,0.045057966,43,0,0.633550831,4750.0,11,0,1,0,0.0
93309,0,0.081491257,31,0,0.119580925,5535.0,7,0,0,0,0.0
93311,0,0.021640714,37,0,6576.0,,10,0,1,0,0.0
93312,0,0.343656344,24,0,10.0,,2,0,0,0,0.0
93313,0,0.356813348,64,0,0.30627748899999996,2500.0,11,0,0,0,0.0
93316,0,0.36991382100000003,56,0,0.07735824200000001,7600.0,5,0,0,0,2.0
93321,0,0.041756659,52,0,20.0,,8,0,0,0,0.0
93322,0,0.563574904,41,0,0.958344904,3600.0,13,0,2,0,3.0
93323,0,0.428668386,44,0,0.33087217399999996,6500.0,7,0,2,0,0.0
93325,0,0.697674419,49,0,0.017483716,2916.0,1,0,0,0,0.0
93326,0,0.0033131529999999997,74,0,5.0,,9,0,0,0,0.0
93328,0,0.23102631,51,0,0.193812515,21494.0,12,0,2,0,3.0
93329,0,0.7333155370000001,45,2,0.325765466,4800.0,7,1,0,0,0.0
93330,0,0.078453119,57,0,0.45850244100000004,17000.0,7,0,3,0,0.0
93331,0,0.043692361,77,0,0.014496376000000002,4000.0,6,0,0,0,0.0
93333,0,0.038995667000000005,36,0,0.086982603,5000.0,6,0,0,0,0.0
93334,1,1.008854191,50,0,0.256567007,10468.0,10,1,1,0,2.0
93335,0,0.0,75,0,0.00095229,10500.0,8,0,0,0,0.0
93336,0,0.9999998999999999,63,0,0.0,,0,0,0,0,0.0
93337,0,0.199200533,23,0,8.0,,1,0,0,0,0.0
93338,0,0.02348728,63,0,0.17014684100000002,7422.0,6,0,2,0,0.0
93339,0,0.0,27,0,0.529525653,3098.0,3,0,1,0,1.0
93343,0,0.943411318,47,0,13291.0,,14,0,11,0,2.0
93344,0,0.841315868,64,0,0.684607473,2916.0,2,0,1,0,0.0
93346,0,0.260270548,48,0,0.339046966,8750.0,7,0,2,0,0.0
93347,0,0.007019691,68,0,1390.0,,17,0,1,0,0.0
93349,0,0.297763846,38,0,2485.0,,9,0,2,0,
93351,0,0.64793996,72,0,11.43902439,450.0,11,0,2,0,0.0
93352,0,0.023823161000000002,63,0,0.099800019,10500.0,10,0,1,0,0.0
93353,0,0.030752223999999998,79,0,20.0,,3,0,0,0,0.0
93354,0,0.232592247,58,0,0.345239874,6690.0,6,0,2,0,1.0
93355,0,0.0,55,0,0.368059343,9166.0,11,0,2,0,2.0
93356,0,0.422342059,38,2,0.34514153299999994,6040.0,10,0,2,0,0.0
93357,0,0.043349048,60,0,1503.0,,13,0,0,0,0.0
93359,0,0.833940433,55,0,0.551157376,7300.0,10,0,3,0,1.0
93360,0,0.435213732,57,0,0.037178265,4195.0,2,0,0,0,0.0
93361,0,1.011942715,31,0,1.04772475,900.0,3,0,0,0,0.0
93362,0,0.8861509890000001,39,0,0.222607305,3750.0,3,0,0,0,2.0
93363,0,0.067373316,59,0,0.094630461,9795.0,6,0,0,0,0.0
93364,0,0.0,58,0,0.630552892,3128.0,9,0,1,0,0.0
93366,0,0.41842161200000005,29,2,0.415031693,3312.0,8,0,1,0,1.0
93368,0,0.110462985,57,0,0.064993501,10000.0,6,0,0,0,3.0
93370,1,1.1977329970000001,38,2,0.22242217,5556.0,4,1,0,0,0.0
93371,0,0.58513436,59,0,0.61474671,11093.0,10,0,4,0,0.0
93372,1,0.997392438,51,0,0.517897285,5782.0,7,1,1,0,0.0
93373,0,0.195373098,38,0,0.21166306699999998,4166.0,8,0,1,0,1.0
93374,1,0.9438390609999999,43,1,0.33903577,4500.0,8,1,1,1,2.0
93375,0,0.317942051,45,0,1.92159877,1300.0,6,0,1,0,5.0
93376,0,0.007156956,63,0,0.148385161,10000.0,7,0,1,0,0.0
93379,0,0.09909038099999999,50,2,0.48924934,2650.0,7,1,1,0,0.0
93380,0,0.0017141220000000002,43,1,0.43927247700000005,11600.0,7,0,3,0,2.0
93381,0,0.670886076,35,0,0.521137161,5416.0,5,0,2,0,1.0
93382,0,0.566411013,63,0,0.5830035410000001,4800.0,12,0,1,0,0.0
93383,0,0.149623583,55,2,6749.0,,7,0,2,0,0.0
93384,0,0.416949936,36,0,0.664065358,8200.0,9,0,4,1,2.0
93385,0,0.957031058,62,0,0.275845352,8250.0,10,0,0,0,1.0
93386,0,0.01595707,54,0,0.003904725,5121.0,4,0,0,0,0.0
93387,0,0.040132148,65,0,0.657835541,4000.0,16,0,3,0,0.0
93388,0,0.133388093,62,0,0.47292297299999997,2972.0,18,0,0,0,1.0
93390,0,0.29134557899999997,54,0,0.151962009,4000.0,9,0,0,0,1.0
93391,0,0.06308211,39,0,0.8940264929999999,4000.0,6,0,2,0,2.0
93392,0,0.73990867,55,0,0.388122376,5000.0,6,0,2,0,0.0
93393,0,0.512297687,74,0,0.383647799,6200.0,9,0,1,1,0.0
93394,1,0.200884253,63,2,0.273409847,9322.0,7,4,1,3,0.0
93395,0,0.513787012,42,0,0.429142714,4000.0,7,0,1,0,1.0
93396,0,0.9999998999999999,45,0,0.068304873,2400.0,0,0,0,1,0.0
93398,0,0.0,63,0,54.0,,2,0,0,0,0.0
93399,0,0.0,52,0,0.0,3333.0,8,0,0,0,0.0
93403,0,0.34698265100000003,64,0,0.676092545,3500.0,8,0,1,0,0.0
93405,0,0.634640223,55,0,0.24949601600000001,10416.0,14,0,4,0,0.0
93406,0,0.062354045,43,0,0.47013926100000003,7467.0,7,0,2,0,0.0
93408,0,0.119818966,42,0,0.262962694,13750.0,7,0,3,0,0.0
93409,0,0.214918353,62,0,3174.0,,12,0,2,0,2.0
93412,0,0.001350589,46,0,2363.0,,14,0,1,0,0.0
93413,1,0.08801403099999999,67,0,0.382123575,5000.0,9,0,1,0,0.0
93414,0,0.082599282,62,0,0.50389922,3333.0,14,0,2,0,1.0
93415,0,0.420327041,63,0,0.181563687,5000.0,18,0,0,0,0.0
93416,0,0.075298062,78,0,0.068729759,2778.0,19,0,0,0,0.0
93417,0,0.094523828,55,0,1976.0,,9,0,1,0,0.0
93418,0,0.002179088,75,0,708.0,,9,0,2,0,
93419,0,0.9999998999999999,37,0,0.24038954399999998,1950.0,3,1,0,0,1.0
93420,0,0.542111507,79,0,0.20962963,2699.0,4,0,0,0,1.0
93421,0,0.140024089,53,0,0.29049411,12223.0,5,0,1,0,0.0
93422,0,0.482587065,38,0,0.000827358,3625.0,2,0,0,0,1.0
93425,0,0.009114505,55,0,0.309885228,2700.0,21,0,1,0,0.0
93426,0,0.969763954,46,0,0.511126524,17300.0,19,0,5,1,4.0
93427,0,0.626758694,74,0,1.0439780109999999,2000.0,8,0,1,0,0.0
93428,0,0.73780691,48,0,0.219798658,4767.0,5,0,0,0,1.0
93429,0,0.179830409,37,0,0.9353322890000001,4468.0,9,0,2,0,1.0
93430,0,0.23891966,57,1,0.403905325,8449.0,15,0,2,0,2.0
93434,0,0.011710218,62,1,0.977256872,7166.0,18,0,8,0,0.0
93435,0,0.09835990300000001,52,0,0.632450781,7364.0,11,0,2,0,2.0
93436,0,0.044794684,39,0,2190.0,,7,0,1,0,0.0
93438,0,0.322778403,69,0,2754.0,,17,0,1,0,1.0
93444,1,0.41467547899999996,54,1,0.629438347,3097.0,10,0,1,0,0.0
93448,0,0.9999998999999999,53,0,0.0,,0,0,0,0,0.0
93451,0,0.09847082900000001,47,0,0.159833218,5755.0,5,0,1,0,1.0
93453,0,0.022213161000000002,45,0,0.340360791,4600.0,10,0,2,0,5.0
93454,0,0.0,66,0,0.705024311,1850.0,7,0,2,0,0.0
93456,0,0.953388201,68,0,0.231402125,2916.0,6,0,0,0,0.0
93457,0,0.35744008299999996,55,0,0.42242882,1720.0,4,0,1,0,0.0
93458,0,0.050559742000000005,79,0,62.0,,5,0,0,0,0.0
93460,1,1.833887043,43,0,0.026819923,1826.0,1,2,0,0,1.0
93461,0,0.007476693,64,0,0.016327891,3000.0,6,0,0,0,0.0
93462,0,0.030606034,42,0,0.20726652,4100.0,10,0,0,0,0.0
93463,0,0.0,43,1,0.38911591100000004,15416.0,6,0,2,0,0.0
93465,0,0.911328576,36,0,1.736499069,2147.0,6,0,1,0,1.0
93467,0,0.0,63,0,0.14871711099999999,18356.0,7,0,1,0,2.0
93468,0,0.049616333,51,0,3329.0,0.0,5,0,1,0,2.0
93469,0,0.075613976,62,1,0.365438165,6104.0,14,0,2,0,0.0
93470,0,0.160737874,55,0,0.460506706,2683.0,11,0,1,0,0.0
93474,0,0.18215172100000002,72,0,151.0,,3,0,0,0,0.0
93475,0,0.463321516,60,1,0.45597391,6745.0,8,0,2,0,0.0
93476,0,0.011274718000000001,89,0,0.088032221,3475.0,6,0,0,0,0.0
93478,0,0.034648937000000005,66,0,2019.0,,9,0,1,0,0.0
93479,0,0.18021303800000002,72,1,0.441809291,4089.0,10,1,0,2,0.0
93480,0,0.024161704,72,0,0.006355604,6450.0,7,0,0,0,1.0
93484,0,0.026457266,48,0,0.036263527999999996,5266.0,8,0,0,0,0.0
93485,0,0.58181056,65,0,0.141761006,7949.0,12,0,0,0,0.0
93486,0,0.186873125,56,0,5393.0,,6,0,1,0,3.0
93488,0,0.138090295,70,0,801.0,,7,0,1,0,0.0
93489,0,0.011136901000000001,76,0,15.0,,10,0,0,0,0.0
93490,0,0.02968864,54,0,6287.0,,12,0,2,0,0.0
93491,0,0.4995005,23,0,0.009085403,1650.0,2,0,0,1,0.0
93492,0,0.030367883,54,0,3520.0,,7,0,4,0,0.0
93493,0,0.9999998999999999,41,0,0.207302231,2464.0,1,1,0,1,0.0
93494,0,0.49204940799999997,50,0,0.189783676,5500.0,8,0,0,0,0.0
93496,0,0.8821178820000001,55,1,0.7475401970000001,4166.0,14,0,2,0,0.0
93498,0,0.025683877999999997,55,0,1995.0,,13,0,1,0,0.0
93499,0,0.509774511,46,0,0.23898477199999998,4924.0,3,0,0,0,3.0
93501,0,0.9999998999999999,42,1,0.0,,1,1,0,0,3.0
93505,0,0.071677133,48,1,0.442889278,4000.0,6,0,1,0,3.0
93507,0,0.022901297,43,0,0.20898209899999998,9440.0,6,0,1,0,1.0
93509,0,0.31792085800000003,86,0,0.25940386600000004,10500.0,21,0,1,0,1.0
93511,0,0.481070271,35,1,0.809860369,5800.0,8,0,3,0,1.0
93514,0,0.302903952,47,3,0.347587439,7833.0,11,1,1,0,3.0
93515,0,0.00623329,34,0,0.302985443,4052.0,6,0,2,0,0.0
93516,0,0.16386430300000002,46,0,1.276107998,1962.0,9,0,1,0,1.0
93517,0,0.009351849,49,0,891.0,,7,0,1,0,2.0
93518,1,0.9938109970000001,62,0,0.49395055200000004,1900.0,4,0,1,0,0.0
93520,0,0.161179329,46,0,0.16913847699999998,6000.0,8,0,0,0,1.0
93522,0,0.0044443320000000005,34,0,1161.0,1.0,10,0,2,0,0.0
93523,0,0.52766748,43,0,0.440735365,6200.0,10,0,2,0,2.0
93525,0,0.874251497,47,2,0.026752351,55396.0,4,1,1,0,1.0
93526,0,1.0004443459999999,45,0,136.0,,5,0,0,0,0.0
93527,0,0.201028535,75,0,1472.0,,8,0,1,0,0.0
93529,0,0.523601104,36,0,0.424854124,6340.0,7,0,1,0,2.0
93530,0,0.637323312,52,0,0.349650917,12317.0,14,0,2,0,1.0
93531,0,0.068132629,45,0,3270.0,,7,0,2,0,0.0
93532,1,1.0439121759999999,50,0,0.083194676,600.0,2,0,0,0,0.0
93533,0,0.132674188,64,0,2511.0,,11,0,3,0,0.0
93534,0,0.041338362999999996,79,0,0.016100179,3912.0,15,0,0,0,0.0
93536,0,0.889355659,57,0,0.146046029,5778.0,4,0,0,0,0.0
93537,0,0.7125218090000001,51,3,2851.0,,9,2,1,4,0.0
93538,0,0.977736975,55,0,0.213960546,5930.0,13,1,1,0,1.0
93539,0,0.062660699,52,0,0.28959422,15500.0,7,0,3,0,3.0
93540,0,0.029399347000000003,54,0,1436.0,,6,0,1,0,2.0
93541,0,0.555420957,56,2,0.41112937299999996,4258.0,7,1,2,1,0.0
93544,0,0.652390824,68,0,0.912009262,9500.0,18,0,3,0,0.0
93547,0,0.002038383,40,0,1477.0,0.0,7,0,2,0,2.0
93548,0,0.36339328200000004,27,0,0.299539171,6292.0,8,0,1,0,0.0
93549,0,0.095763746,42,0,0.353780904,9666.0,15,0,2,0,0.0
93552,1,0.8824067720000001,45,1,684.0,,3,0,0,0,0.0
93553,0,0.6761079640000001,33,0,0.7855520220000001,2200.0,4,0,1,0,1.0
93554,0,0.245380247,51,0,0.151579426,13200.0,12,0,1,0,2.0
93557,0,0.036689768,39,1,2189.0,,9,0,1,0,0.0
93559,0,0.0,86,0,0.0,,4,0,0,0,0.0
93560,0,0.050331655999999995,56,0,0.211245163,8785.0,5,0,2,0,1.0
93563,0,0.22383209199999998,65,0,0.27143047600000003,7500.0,11,0,3,0,0.0
93564,0,0.071628288,50,0,0.008267604,702500.0,12,0,4,0,2.0
93565,0,0.02825439,59,0,0.214769295,9600.0,12,0,2,0,2.0
93568,0,0.32176998,34,0,0.387317323,11700.0,13,0,1,0,0.0
93569,0,0.021299234,67,0,0.595821615,2488.0,7,0,1,0,1.0
93570,0,0.24157507399999997,40,0,0.442891937,7800.0,14,0,2,0,2.0
93571,0,0.641094524,57,0,0.6429300139999999,4900.0,9,0,1,0,1.0
93573,0,0.035320949,76,0,0.386579734,7361.0,12,0,2,0,1.0
93577,1,0.17592001699999998,40,0,0.17095399100000003,6802.0,8,0,1,0,0.0
93578,0,0.029431896000000003,50,0,0.34680274899999997,4800.0,12,0,0,0,0.0
93579,0,0.31917862399999997,40,0,0.736661067,12500.0,10,0,3,0,1.0
93580,0,0.38922155700000005,32,0,0.10819872,3280.0,2,0,0,0,0.0
93581,0,0.45708299399999996,57,0,2.025487256,2000.0,8,0,1,0,3.0
93582,0,0.631449726,53,0,0.506801126,8527.0,13,0,2,0,1.0
93584,0,0.8090255999999999,38,0,1.198488174,4100.0,10,0,1,0,2.0
93585,0,1.023041475,31,2,2707.0,,8,0,3,0,0.0
93588,0,0.092301989,88,0,0.357622482,4020.0,9,0,1,0,2.0
93590,0,0.064255282,37,0,0.23243734600000002,7700.0,10,0,1,0,1.0
93591,0,0.088831211,36,1,0.561367381,2427.0,7,0,0,1,0.0
93592,0,0.036002887000000004,51,0,1372.0,,8,0,1,0,0.0
93596,0,0.059252274,38,0,0.264195415,9333.0,7,0,1,0,0.0
93599,0,0.514714048,24,0,57.0,,3,1,0,0,0.0
93600,0,0.48087978,61,1,0.418411066,8168.0,7,0,2,0,0.0
93601,0,0.292150436,50,0,0.401047828,5916.0,9,0,1,0,1.0
93602,0,0.093974603,33,0,0.368527406,7917.0,12,0,1,0,0.0
93603,0,0.07786964,34,0,0.043718977,5237.0,3,0,0,0,0.0
93606,0,0.322190718,42,1,0.375338471,4800.0,6,0,1,0,4.0
93607,0,0.45387427,40,1,0.383038211,8583.0,14,0,1,0,0.0
93608,0,0.221694324,71,0,1441.0,,6,0,1,0,0.0
93609,0,0.039986951,63,0,0.620211361,9083.0,8,0,3,0,0.0
93610,0,0.093720922,68,0,0.09560994199999999,10500.0,7,0,0,0,0.0
93611,0,0.9999998999999999,40,1,0.589200184,15240.0,10,0,2,0,1.0
93612,0,0.248258741,32,0,0.274378253,8644.0,6,0,1,0,0.0
93613,0,0.863210493,66,1,0.556988138,1938.0,7,0,2,1,0.0
93615,0,0.010872584,59,0,516.0,,9,0,1,0,
93616,0,0.018872623,68,0,0.059184218,3750.0,12,0,1,0,0.0
93617,0,0.0,47,0,0.296154895,11000.0,7,0,2,0,2.0
93618,0,0.020434099,80,0,17.0,,3,0,0,0,0.0
93619,0,0.013159701999999999,79,0,0.103116944,4266.0,12,0,1,0,0.0
93620,0,0.055187848,64,0,34.0,,1,0,0,0,1.0
93621,0,0.284362823,63,0,0.382230888,20000.0,17,0,5,0,0.0
93622,0,0.0,36,0,0.400304704,5250.0,7,0,2,0,2.0
93623,0,0.0,53,0,0.760804355,9000.0,9,0,4,0,1.0
93626,0,0.450373645,51,1,0.060305659000000005,2420.0,8,0,0,0,0.0
93627,0,0.009930692,53,0,0.230917939,15000.0,13,0,1,0,2.0
93628,0,0.418050604,25,1,0.259389671,2555.0,5,0,0,0,0.0
93629,0,0.523397114,63,0,0.43684352299999996,7425.0,8,0,2,0,0.0
93630,0,0.42789327899999996,51,0,0.274340707,8000.0,11,0,2,0,3.0
93631,0,0.0,23,0,0.0,1000.0,1,0,0,0,0.0
93633,0,0.023022203999999998,51,0,0.38251779999999996,6600.0,9,0,1,0,0.0
93634,0,0.54376003,36,2,0.8296164140000001,1120.0,7,0,1,0,0.0
93635,0,0.007864284000000001,68,0,0.0028814979999999997,8328.0,8,0,0,0,0.0
93636,0,0.0023599529999999997,46,0,0.327302425,7958.0,4,0,1,0,0.0
93637,0,0.19174817100000002,62,0,0.523591264,7417.0,13,0,2,0,1.0
93638,0,0.00738242,77,0,0.076073914,4166.0,9,0,0,0,0.0
93639,0,0.00865967,74,0,0.380137747,4500.0,9,0,2,0,0.0
93643,0,0.9999998999999999,34,0,0.41309781700000003,6000.0,9,0,2,0,1.0
93644,0,0.116211602,45,0,0.45261403899999997,4800.0,16,0,1,0,2.0
93645,0,0.128362388,64,0,0.183818311,7044.0,8,0,1,0,0.0
93646,0,0.409393212,77,0,0.793715568,4900.0,13,0,1,0,0.0
93647,0,0.6909013,43,1,0.282772923,6750.0,6,0,1,0,1.0
93648,0,0.0066953609999999995,61,0,1.2898000509999998,3950.0,8,0,3,0,0.0
93650,0,0.6195525789999999,47,1,0.6192068070000001,6580.0,5,0,3,0,0.0
93651,0,0.034424139,49,0,0.261299012,3340.0,13,0,1,0,0.0
93652,0,0.576742664,31,0,0.326638878,7916.0,13,0,0,0,3.0
93653,0,0.041097945,75,0,0.085420436,10500.0,4,0,0,0,0.0
93655,0,0.001743409,74,0,0.20752377,4837.0,17,0,0,0,0.0
93656,0,0.758978301,37,0,0.8648861990000001,7600.0,13,0,2,0,2.0
93657,0,0.441729744,49,3,0.444809192,7310.0,21,0,1,1,2.0
93658,0,0.093726335,68,0,0.038990252,4000.0,10,0,0,0,0.0
93659,1,0.650679456,34,1,0.007497657,3200.0,2,0,0,0,4.0
93663,0,0.0,49,0,0.200839958,6666.0,12,0,1,0,4.0
93664,0,0.15850347,63,0,2810.0,,10,0,2,0,0.0
93665,0,0.670041169,72,0,0.60555136,5295.0,13,0,1,0,0.0
93666,0,0.018818255,79,0,0.194015033,7050.0,8,0,1,0,1.0
93667,0,0.9999998999999999,85,0,0.00679864,5000.0,5,0,0,0,0.0
93668,0,0.454031788,51,0,0.361793291,9568.0,11,0,2,0,1.0
93670,0,0.676918263,43,0,0.747045512,3976.0,15,0,1,0,0.0
93671,0,0.097404786,31,0,0.154922539,2000.0,4,0,0,0,0.0
93672,0,0.003939889,81,0,0.00239904,2500.0,9,0,0,0,0.0
93673,0,0.589873291,50,0,0.474631471,5833.0,8,0,3,0,1.0
93674,0,1.042719849,56,0,0.32093815800000003,9976.0,13,0,1,0,0.0
93675,0,0.404844945,60,0,0.895636172,3803.0,14,0,1,0,0.0
93676,0,0.187508116,58,0,0.466074826,3153.0,5,0,0,1,0.0
93677,0,0.0,45,0,0.563429571,8000.0,9,0,7,0,1.0
93678,0,0.9999998999999999,45,0,0.33706606899999997,6250.0,11,0,1,0,2.0
93679,0,0.08453089999999999,39,0,0.683263347,5000.0,11,0,2,0,2.0
93680,0,0.10004281,58,0,0.240555952,2805.0,12,0,0,0,0.0
93681,0,0.9999998999999999,71,0,119.0,,0,0,0,0,
93682,0,0.899526066,42,0,0.099250268,2800.0,4,0,0,0,0.0
93683,0,0.588801067,35,1,186.0,,8,0,0,2,0.0
93684,0,0.917569414,36,0,2124.0,,6,0,0,0,0.0
93686,0,0.16464262,51,0,0.149970006,5000.0,9,0,0,0,1.0
93689,0,0.022126717999999997,61,0,0.00335249,4175.0,3,0,0,0,0.0
93690,0,0.168128547,37,0,205.0,,4,0,0,0,0.0
93691,0,0.331017153,42,0,0.527239892,9966.0,8,0,3,0,0.0
93693,0,0.20598006600000002,42,0,0.14839501800000002,5700.0,5,1,0,0,2.0
93694,0,0.015238798999999999,76,0,0.0059985,4000.0,8,0,0,0,0.0
93696,0,0.104225259,55,0,0.23663880399999998,15791.0,11,0,2,0,2.0
93697,0,0.03166175,65,0,24.0,,7,0,0,0,0.0
93698,0,0.084686518,48,0,0.392967942,2900.0,7,0,2,0,1.0
93701,0,0.9999998999999999,21,0,0.0,650.0,0,0,0,0,0.0
93702,0,0.082252554,57,0,0.157667387,8333.0,6,0,1,0,0.0
93703,0,0.04400128,44,0,0.418643362,4805.0,15,0,2,0,0.0
93704,0,0.490031135,57,0,0.39241949299999995,14035.0,18,0,4,0,0.0
93705,0,0.039833677000000005,64,0,0.22286255600000002,12666.0,14,0,1,0,0.0
93706,0,0.11070637800000001,44,0,0.4901214,4200.0,8,0,2,0,2.0
93707,0,0.003348573,79,0,0.00076864,7805.0,7,0,0,0,0.0
93710,0,0.0,78,0,0.161535386,2500.0,6,0,1,0,0.0
93711,0,0.0,65,0,1577.0,,6,0,1,0,0.0
93717,0,0.006988429,74,0,0.007391964,5275.0,4,0,0,0,1.0
93718,0,0.362512075,67,3,0.293529496,7000.0,17,0,1,0,0.0
93719,0,0.087409956,32,0,0.22599388399999998,3269.0,8,0,0,0,0.0
93721,0,0.168872889,62,0,0.8216713309999999,2500.0,17,1,1,0,0.0
93722,0,0.525315686,69,0,0.7433722159999999,6600.0,10,0,2,0,0.0
93723,0,0.131736527,46,0,0.903957131,2425.0,10,0,2,0,1.0
93724,0,0.540790534,44,0,0.23488694,4333.0,5,0,0,0,0.0
93725,0,0.006289176,43,0,0.160106232,10542.0,6,0,1,0,0.0
93726,0,0.606419363,26,0,0.127956989,929.0,4,0,0,0,0.0
93728,0,0.086152773,47,0,0.250097238,2570.0,5,0,1,0,3.0
93729,1,0.194532565,47,0,0.34343755,6300.0,11,0,2,0,1.0
93730,1,0.9999998999999999,47,0,0.0,3000.0,0,2,0,1,1.0
93733,0,0.9999998999999999,42,0,0.148947462,5652.0,2,0,1,0,1.0
93735,0,0.033664781,68,0,0.48083623700000006,2582.0,10,0,1,0,0.0
93736,0,0.11318929400000001,25,0,0.05719045,1800.0,6,0,0,0,0.0
93738,0,0.063467003,79,0,18.0,,3,0,0,0,0.0
93739,0,0.573067195,56,0,0.314171457,4000.0,6,0,0,0,0.0
93740,0,0.938308334,37,0,0.266497742,9076.0,6,0,0,0,2.0
93745,0,0.08534339099999999,51,0,1093.0,,5,0,1,0,3.0
93746,0,0.054509093,47,0,0.349545358,4728.0,8,0,1,0,0.0
93748,0,0.097159451,60,0,0.175956647,9041.0,7,0,1,0,1.0
93749,0,0.651365272,63,0,4333.0,,18,0,2,0,0.0
93751,0,0.717173937,36,0,0.22829417800000001,3915.0,7,0,0,0,0.0
93752,0,0.451746673,41,0,0.330861534,7416.0,5,0,2,0,0.0
93754,0,0.23147685199999998,39,0,1840.0,,2,0,1,0,0.0
93755,0,0.29761756,60,2,0.447715595,7200.0,9,0,1,0,0.0
93756,0,0.43048418899999996,65,0,3042.0,0.0,10,0,1,0,0.0
93757,0,0.049235241,48,1,1.023488256,2000.0,15,0,2,0,3.0
93758,0,0.6758648270000001,73,0,0.47501665600000004,1500.0,5,0,1,0,0.0
93760,0,0.158062366,28,0,0.066597294,960.0,5,0,0,0,0.0
93761,0,0.123798923,71,0,0.035413716,12000.0,6,0,0,0,0.0
93762,0,0.18107908399999997,45,0,0.19862411,12500.0,6,0,2,0,0.0
93763,0,0.023599798999999998,74,0,0.029830847,12000.0,8,0,0,0,1.0
93764,0,0.45393888299999996,59,0,0.26024169999999996,22920.0,12,0,2,0,1.0
93767,0,0.976549718,54,2,0.6001405479999999,5691.0,10,1,2,0,1.0
93768,0,0.9999998999999999,62,1,0.42635938100000004,2776.0,2,1,1,0,0.0
93770,0,0.36087827200000006,56,0,0.428510213,7000.0,23,0,2,0,1.0
93771,0,0.57327667,51,0,0.14300670000000001,4775.0,4,0,0,0,0.0
93773,0,0.227372063,61,0,0.21998225899999999,12400.0,8,0,1,0,4.0
93775,0,0.016037358,62,0,0.514830996,4348.0,9,0,3,0,1.0
93776,0,0.965451563,59,0,0.512636741,7952.0,15,0,2,0,2.0
93779,0,0.16361066900000001,64,1,864.0,,4,0,1,0,0.0
93780,0,0.32686947,31,0,0.085193185,4166.0,3,0,0,0,0.0
93781,1,0.9502487559999999,32,0,5.0,,1,0,0,0,0.0
93784,0,0.002559918,58,0,0.16876934100000002,4200.0,8,0,1,0,0.0
93785,0,0.332876381,61,0,1654.0,,15,0,1,0,2.0
93786,0,0.963663678,30,2,0.29174379899999997,2700.0,9,0,0,0,0.0
93789,0,0.0,74,0,0.0,0.0,2,0,0,0,2.0
93790,0,0.043941463,64,0,0.187941393,9486.0,5,0,1,0,1.0
93793,0,0.20526357899999997,27,0,0.307415407,4166.0,10,0,0,0,0.0
93794,0,0.399414307,46,0,0.45116390700000003,4166.0,5,0,1,0,1.0
93795,1,0.954351795,57,0,0.39525691700000004,4300.0,11,0,0,0,0.0
93796,0,0.025024014,44,0,0.397860714,8600.0,8,0,3,0,0.0
93798,0,0.005249344,32,0,0.187003822,3400.0,5,0,0,0,3.0
93799,0,0.07337316599999999,69,0,0.089818364,6000.0,7,0,0,0,0.0
93800,0,0.640868462,37,0,3083.0,,10,0,2,0,0.0
93802,0,0.0,53,0,0.630466591,6150.0,13,0,2,0,1.0
93804,1,0.015538063000000001,55,0,0.156947684,3000.0,5,0,0,0,0.0
93807,0,0.273898088,42,0,0.488099155,18233.0,5,0,3,0,3.0
93808,0,0.0,46,0,6.0,,3,0,0,0,
93809,0,0.59923227,38,0,0.173105079,8878.0,10,0,0,0,0.0
93810,0,0.0,42,0,0.0,6000.0,4,0,0,0,2.0
93811,0,0.42119757,91,0,0.149278015,4916.0,3,0,0,0,0.0
93812,0,0.024666293,36,1,0.115874571,4081.0,7,0,0,0,0.0
93814,0,0.567779435,30,0,0.230002693,7425.0,9,0,1,0,0.0
93816,0,0.337244676,68,1,2690.0,,5,0,1,0,1.0
93818,0,0.028393746,43,0,954.0,,11,0,1,0,0.0
93819,0,0.064792212,57,0,0.135826906,14650.0,5,0,1,0,1.0
93821,0,0.013568493999999999,54,0,0.228626527,4666.0,14,0,1,0,3.0
93822,0,0.195848771,47,1,0.455308938,5000.0,13,0,2,0,1.0
93823,0,0.019781099,74,0,0.153484269,3400.0,7,0,1,0,1.0
93826,0,0.269268257,51,0,0.208234447,37500.0,11,0,3,0,3.0
93827,0,0.33303176,55,0,260.0,,9,0,0,0,0.0
93828,0,0.05686688,74,0,0.465831095,3350.0,13,0,1,0,0.0
93829,0,0.33482990100000004,62,0,0.460814586,6800.0,13,0,2,0,0.0
93830,0,0.002774987,71,0,56.0,,4,0,0,0,0.0
93831,0,0.078544026,74,0,149.0,,4,0,0,0,0.0
93832,0,0.876926923,35,0,0.23150411,4500.0,9,0,0,0,2.0
93833,0,0.384914088,57,0,0.272398916,9966.0,13,0,1,0,2.0
93834,0,0.83047381,34,0,0.048059008,39180.0,8,0,1,0,2.0
93835,0,0.005720664,55,0,0.597054182,1900.0,7,0,2,0,0.0
93838,0,0.0,96,3,1374.0,,5,0,1,0,0.0
93840,0,0.05423137,70,0,0.419486441,4166.0,6,0,2,0,0.0
93841,0,0.022606399,41,0,0.437510079,6200.0,18,0,1,0,2.0
93842,0,0.033424894,69,0,0.009747563,4000.0,5,0,0,0,0.0
93843,0,0.778688852,33,0,0.55956151,4104.0,5,0,1,0,1.0
93844,0,0.296567181,45,0,0.39308405399999996,9600.0,11,0,2,0,2.0
93845,0,0.018682293,56,0,3706.0,,5,0,1,0,0.0
93846,0,0.060705824000000005,83,0,0.03062302,1893.0,3,0,0,0,0.0
93847,0,0.8284725340000001,48,0,0.7934763020000001,5548.0,7,0,2,0,2.0
93848,0,0.183289334,64,1,0.215878412,10000.0,9,0,1,0,0.0
93851,0,0.243788693,40,0,0.563394535,6916.0,13,0,3,0,0.0
93853,0,0.192030641,39,0,0.6366107839999999,2206.0,9,0,1,0,0.0
93854,0,0.26678197,44,4,0.154810575,3668.0,7,0,0,0,2.0
93855,0,0.5948972889999999,66,0,0.27876349,5466.0,9,0,1,0,0.0
93856,0,0.019883259,42,0,0.52432849,9083.0,3,0,1,0,2.0
93858,0,0.012115056,66,0,986.0,0.0,5,0,0,0,0.0
93859,0,0.054346251,62,0,0.167543145,13500.0,8,0,1,0,1.0
93860,0,0.533154029,31,0,1.468133884,2180.0,9,0,1,0,0.0
93861,0,0.8455197309999999,30,0,0.10776405300000001,7933.0,4,0,0,0,3.0
93863,0,0.9999998999999999,28,0,503.0,,3,1,0,0,0.0
93864,0,0.024989618999999998,43,0,1161.5,1.0,9,0,2,0,3.0
93865,0,0.213199305,48,0,0.214177726,5952.0,6,0,1,0,1.0
93866,0,0.361128165,45,1,0.398549916,8964.0,9,0,1,0,3.0
93867,0,0.402106526,50,0,0.252250944,6885.0,14,0,2,0,0.0
93868,0,0.055464818,65,0,0.004652488,10531.0,3,0,0,0,0.0
93869,0,0.015160801000000002,68,0,14.0,,7,0,0,0,0.0
93870,0,0.98860228,48,0,1227.0,,4,0,1,0,8.0
93874,0,0.022850925,73,0,1328.0,,7,0,1,0,
93875,0,0.261776424,39,0,0.286503684,5971.0,8,0,1,0,0.0
93876,0,0.47099941100000003,39,0,0.39673016299999997,20000.0,15,0,5,0,0.0
93877,0,0.9999998999999999,46,0,0.329025498,2862.0,2,0,1,0,2.0
93878,0,0.034943775,74,0,0.36861051100000003,4166.0,9,0,1,0,0.0
93879,0,0.30666748,64,0,0.578453111,7666.0,5,0,1,0,1.0
93880,0,0.0,48,0,0.803499327,5200.0,9,0,4,0,0.0
93882,0,0.124674151,73,1,804.0,,5,0,1,0,0.0
93883,0,1.103379324,55,0,0.659152881,5500.0,7,1,2,1,0.0
93884,0,0.001409992,39,0,0.28238823,7000.0,11,0,2,0,2.0
93885,0,0.668155456,42,0,0.45557851200000005,4839.0,7,0,2,0,2.0
93888,0,0.016488156,56,0,2912.0,,8,0,2,0,0.0
93889,0,0.887611336,54,0,0.561165769,5386.0,10,0,2,0,1.0
93890,0,0.9999998999999999,57,0,0.23826087,2874.0,3,0,1,0,0.0
93891,0,0.354396964,50,2,0.364196685,7300.0,13,1,2,0,2.0
93892,0,0.003042381,36,1,0.308288721,10833.0,11,0,4,0,2.0
93893,0,0.507390386,55,1,0.502845716,6500.0,5,0,2,1,2.0
93894,0,0.134123697,27,0,1821.0,,5,0,1,0,
93895,0,0.392722505,32,0,0.479663713,4400.0,9,0,2,0,0.0
93896,0,0.9999998999999999,36,0,0.462643156,5500.0,7,0,3,0,2.0
93897,0,0.04789967,46,0,1.034095167,2668.0,12,0,2,0,0.0
93899,0,0.0719982,62,1,0.296681233,8466.0,13,0,1,0,0.0
93900,0,0.00172117,66,0,0.34132231399999996,4839.0,8,0,1,0,0.0
93902,0,0.0,34,0,0.0,,2,0,0,0,0.0
93903,0,0.682736103,49,0,1.3703448280000001,2899.0,11,0,2,0,1.0
93904,0,0.0,66,0,0.09008665800000001,10500.0,10,0,0,0,0.0
93905,0,0.054724145999999994,65,0,0.405382242,5833.0,5,0,1,0,1.0
93908,0,0.08581166400000001,66,0,0.22311107600000002,25000.0,11,0,4,0,1.0
93910,0,0.018509441,70,0,1453.0,,6,0,1,0,0.0
93911,1,0.0,47,0,0.45996726200000004,14050.0,14,0,4,2,0.0
93913,0,0.81864284,44,0,0.427480058,8900.0,15,0,1,0,0.0
93917,0,0.025314555,49,0,372.0,,5,0,1,0,0.0
93918,0,0.741594897,38,0,1865.0,0.0,4,0,1,0,0.0
93919,0,0.9999998999999999,42,0,3388.0,0.0,5,0,2,0,2.0
93920,0,0.016790197,58,0,0.158884112,10000.0,8,0,2,0,1.0
93923,0,0.278537028,53,0,0.060911590999999994,12000.0,12,0,0,0,1.0
93927,1,2.658585354,36,0,0.262861904,4800.0,5,0,0,0,2.0
93930,0,0.07031162099999999,73,0,0.012845166000000002,13000.0,10,0,0,0,0.0
93931,0,0.025725154,76,0,0.167493201,6250.0,9,0,1,0,0.0
93932,0,0.0,91,0,0.0,2175.0,3,0,0,0,0.0
93933,1,0.903494413,50,1,0.552823561,3700.0,12,0,1,0,0.0
93934,0,0.19030540199999998,31,0,0.52424081,1876.0,6,0,0,1,0.0
93935,0,0.026176883999999997,60,0,0.296100557,7000.0,11,0,1,0,0.0
93936,0,0.0,53,0,0.39079697700000005,7540.0,7,0,2,0,0.0
93937,0,0.025230897999999998,62,0,0.290332236,10022.0,7,0,1,0,0.0
93939,0,0.057594125,40,0,0.328860826,3800.0,10,0,0,0,0.0
93940,0,0.0032482440000000004,74,0,0.5292426889999999,8001.0,12,0,2,0,0.0
93941,0,0.9999998999999999,44,0,0.008503065,5056.0,0,1,0,0,0.0
93942,0,0.035827097999999995,53,0,1588.0,,11,0,0,0,0.0
93944,0,0.0032498379999999997,54,0,0.22265535399999997,4360.0,5,0,0,0,3.0
93945,0,0.0034342009999999996,74,1,824.0,,13,0,1,0,0.0
93947,0,0.19053199,66,0,3329.0,,10,0,2,0,0.0
93948,0,0.042036073,55,0,0.178388126,7208.0,12,0,1,0,3.0
93949,0,0.051026845,76,0,0.009998438,6400.0,7,0,0,0,2.0
93950,0,0.165127399,52,0,0.38622247299999996,3541.0,9,0,1,0,0.0
93952,0,0.31008482600000004,39,0,0.237138143,6666.0,5,0,1,0,0.0
93953,1,0.938503416,64,0,1725.0,,4,1,0,0,0.0
93954,0,0.048244203,40,0,0.354417671,3983.0,6,0,1,0,0.0
93956,0,0.473585811,61,0,0.209980002,10500.0,13,0,1,0,0.0
93958,0,1.00839832,24,3,534.0,,3,0,0,1,0.0
93960,0,0.29785281399999997,31,0,3173.0,,16,0,2,0,0.0
93961,0,0.33928356,49,5,0.664835745,9466.0,12,0,2,0,4.0
93963,0,0.094276736,31,0,0.626446861,2850.0,6,0,1,0,0.0
93966,0,0.459804145,28,0,0.35526315799999997,4331.0,10,0,1,0,0.0
93967,0,0.041263916,62,0,0.058696469,10647.0,2,0,1,0,0.0
93968,0,0.547376929,51,0,0.37048886600000003,7813.0,12,0,1,0,0.0
93969,0,0.018138691000000002,39,0,0.579927509,8000.0,7,0,1,0,2.0
93970,0,0.13758899300000002,37,0,0.252934056,19000.0,5,0,2,0,1.0
93971,0,0.541966772,66,0,0.52617801,9167.0,15,0,2,0,0.0
93972,0,0.17888011199999998,51,0,0.39533651299999994,5660.0,9,0,1,0,2.0
93973,0,0.624537546,38,0,0.270431744,8870.0,7,0,1,0,1.0
93974,0,0.553630913,22,0,0.025806452,929.0,2,0,0,0,0.0
93977,0,0.13581468,71,0,0.461363475,14066.0,13,0,3,0,0.0
93978,0,0.000363592,44,0,0.011654527,4804.0,5,0,0,0,2.0
93980,0,0.9999998999999999,25,0,0.097942172,3838.0,1,1,0,2,0.0
93981,0,0.004852379,73,0,0.28988068899999997,2262.0,11,0,1,0,0.0
93982,0,0.0,77,0,0.0,,4,0,0,0,0.0
93983,0,0.0,45,0,0.387626585,11750.0,13,0,2,0,2.0
93986,0,0.20651541,65,0,0.881589198,3850.0,23,0,2,1,2.0
93987,0,0.826826933,59,5,0.25528511,8750.0,9,0,1,1,0.0
93988,0,0.092594521,30,0,0.209804955,5690.0,11,0,0,0,2.0
93990,0,0.07680871,57,2,0.5145941620000001,2500.0,18,0,2,0,0.0
93991,0,0.00504453,51,0,0.528003482,6891.0,10,0,3,1,1.0
93992,0,0.21859881399999997,51,0,3521.0,,11,0,2,0,0.0
93993,1,0.447370175,46,0,3284.0,,8,0,2,0,
93994,0,0.10820479599999999,50,0,0.853154085,2900.0,16,0,1,0,1.0
93996,0,0.535329827,53,0,0.301178823,19001.0,18,0,2,0,2.0
93997,0,0.09716342800000001,72,0,0.101113383,4400.0,5,0,1,0,0.0
93998,0,0.101727285,52,0,0.44881163,13000.0,18,0,1,0,0.0
93999,0,0.589791373,42,0,0.680293268,4500.0,6,0,3,0,1.0
94001,0,0.9999998999999999,55,0,0.493376656,4000.0,5,0,2,0,0.0
94004,0,0.39513902,44,1,0.36108194600000004,20000.0,11,0,2,0,3.0
94006,0,0.015481448,53,0,0.302988293,19475.0,13,0,2,0,4.0
94008,0,0.053015557000000005,48,0,2937.0,,8,0,1,0,0.0
94010,0,0.473730649,44,0,0.270750988,7083.0,13,0,1,0,0.0
94013,0,0.11394430300000001,59,0,0.169491525,6666.0,5,0,1,0,1.0
94014,0,0.9999998999999999,42,0,920.0,,3,0,1,0,0.0
94015,0,0.165544827,65,0,0.074589683,13647.0,10,0,1,0,0.0
94017,0,0.158768321,67,0,0.377149713,7500.0,13,0,1,0,1.0
94018,0,0.002723227,60,0,0.17559574100000003,11833.0,16,0,1,0,0.0
94019,0,0.095622217,29,0,0.019111861,1778.0,3,0,0,0,0.0
94020,0,0.333117531,58,0,0.614795068,3000.0,19,0,2,0,0.0
94024,0,0.32372662,38,0,0.15490472800000002,2833.0,2,0,0,0,0.0
94027,0,0.06775346900000001,56,0,0.08943035199999999,30000.0,9,0,1,0,3.0
94028,0,0.037584197,49,0,0.8570357409999999,4000.0,15,0,2,0,1.0
94029,0,0.218811776,56,0,0.22739245,10250.0,9,0,2,0,3.0
94030,0,0.9999998999999999,43,0,0.291593032,3960.0,4,0,0,0,1.0
94031,0,0.38228113,42,0,0.141171766,5000.0,7,0,0,0,2.0
94032,0,0.0,69,0,0.80327124,2200.0,7,0,1,0,0.0
94035,0,0.010454248000000001,51,0,0.51686528,4950.0,7,0,1,0,2.0
94036,0,0.9999998999999999,84,0,0.025633588,27580.0,1,0,0,0,0.0
94038,0,0.9120049570000001,45,1,0.409164508,6175.0,6,0,2,0,1.0
94042,1,0.0,32,0,0.533275992,9300.0,11,0,3,0,1.0
94043,1,0.552223099,88,0,2.190669371,3450.0,4,3,1,0,0.0
94044,0,0.0,56,0,0.30467812899999996,2500.0,8,0,1,0,0.0
94045,1,0.747833815,33,0,1528.0,,6,0,1,0,1.0
94047,0,0.011915519,59,0,0.392424875,9583.0,12,0,3,0,0.0
94048,0,0.586359331,38,0,0.301635373,1650.0,6,0,0,0,1.0
94051,0,0.03279836,51,0,0.297675581,4000.0,4,0,1,0,1.0
94052,0,0.0014420289999999998,51,1,0.490809416,3100.0,18,0,1,0,1.0
94053,1,0.84144819,50,0,0.056907782000000004,2916.0,5,1,0,0,0.0
94054,0,0.019420597,84,0,18.0,,4,0,0,0,0.0
94055,0,0.0,55,0,58.0,,2,0,0,0,1.0
94056,0,0.031021813,79,0,1180.0,,4,0,1,0,
94057,0,0.033098897,62,0,0.015255129,1900.0,1,0,0,0,1.0
94058,0,0.266867294,46,0,0.584950029,1700.0,5,0,1,0,2.0
94059,0,0.036207054,42,0,0.519662573,8060.0,14,0,2,0,0.0
94061,0,0.9999998999999999,56,0,0.195019291,2850.0,2,2,0,2,1.0
94062,0,0.21287399399999998,35,0,0.432552041,6100.0,11,0,2,0,0.0
94063,0,0.004771292,39,0,0.38515371200000004,4000.0,4,0,2,0,0.0
94064,0,0.002124321,59,0,0.17113529800000002,11300.0,11,0,1,0,1.0
94067,0,0.177416615,52,0,0.266701371,11525.0,17,0,3,0,0.0
94068,0,0.324100791,53,0,0.602276806,19500.0,34,0,19,0,3.0
94069,0,0.161511768,73,3,1.22668985,4600.0,19,2,2,1,0.0
94070,0,0.160877641,54,0,0.404539927,7400.0,11,0,1,0,1.0
94071,0,0.9999998999999999,52,0,1.557868443,1200.0,2,0,1,0,0.0
94072,0,0.040665989,68,0,0.018567008,4200.0,3,0,0,0,0.0
94076,0,0.0,28,0,0.131305352,2596.0,5,0,0,0,0.0
94078,0,0.04501973099999999,69,0,0.006189887,10500.0,7,0,0,0,0.0
94080,0,0.074195959,62,0,0.018281536,7657.0,4,0,0,0,0.0
94081,0,0.680927629,56,1,1.3801721740000001,3600.0,15,0,2,0,2.0
94082,1,1.0704287940000001,32,2,0.717183425,3450.0,14,1,1,4,1.0
94085,0,0.001035488,85,0,856.0,,10,0,1,0,0.0
94086,0,0.138444328,51,0,0.25637682300000003,12270.0,6,0,2,0,1.0
94088,0,0.602349902,57,0,2737.0,,8,0,1,0,0.0
94089,0,0.26594075100000003,66,0,0.98270173,10000.0,12,0,2,0,0.0
94092,1,0.0,47,0,0.327255617,8500.0,11,0,2,0,2.0
94094,0,0.8557575759999999,45,0,466.0,,6,0,0,0,3.0
94096,0,0.568473683,57,0,0.8226520620000001,4290.0,8,0,1,0,1.0
94098,0,0.9375451579999999,49,2,1.186053593,3283.0,15,0,1,0,1.0
94099,0,0.014597888,30,0,0.528494301,3333.0,16,0,1,0,0.0
94100,0,0.9999998999999999,45,1,79.0,,1,0,0,0,0.0
94101,1,0.294225433,46,0,0.234307299,9000.0,10,0,1,0,0.0
94102,0,0.22498875100000001,39,0,0.617279543,2800.0,8,0,1,0,3.0
94103,0,0.352326425,53,0,4979.0,,11,0,2,0,5.0
94105,0,0.002499836,75,0,0.00014999299999999999,6666.0,3,0,0,0,0.0
94106,1,0.9999998999999999,34,96,0.0,3500.0,0,96,0,96,1.0
94107,1,0.002736273,87,0,0.001817356,2200.0,14,0,0,0,0.0
94108,0,0.531415906,29,0,0.13977204599999998,5000.0,13,0,0,1,0.0
94109,0,0.429356644,63,1,0.268877911,4250.0,10,0,0,0,0.0
94110,0,0.998223801,47,1,0.74010327,6971.0,5,0,2,0,3.0
94111,0,0.044678153,63,0,0.290189979,9000.0,6,0,1,0,3.0
94113,0,0.10556314800000001,85,1,0.291121162,4200.0,12,0,1,0,0.0
94114,0,0.60473099,37,0,0.459438677,2600.0,11,0,0,0,2.0
94119,0,0.196153185,46,0,6641.0,,16,0,4,0,0.0
94120,0,0.383679975,57,0,0.22443079100000002,8300.0,7,0,1,1,2.0
94121,0,0.273134186,40,0,2887.0,,12,0,2,0,0.0
94122,0,0.400811477,56,0,1364.0,,4,0,2,0,0.0
94124,0,0.363092066,60,0,0.195515112,15384.0,9,0,3,0,1.0
94125,0,0.004189818,70,0,0.003243068,6166.0,14,0,0,0,1.0
94128,0,1.013496626,31,0,1.55073478,1428.0,6,0,1,0,1.0
94129,0,0.31460209899999997,37,0,0.19654623899999998,4400.0,5,0,0,0,1.0
94132,0,0.11557400599999999,44,0,1.1014386729999999,4100.0,11,0,2,0,2.0
94133,0,0.6762275529999999,62,0,0.294496131,11500.0,9,0,2,0,3.0
94134,0,0.086849705,28,0,59.0,0.0,4,0,0,0,0.0
94135,0,0.059999320999999994,65,0,157.0,,7,0,0,0,0.0
94136,0,0.121887811,67,0,2.251748252,857.0,5,0,4,0,0.0
94137,0,0.0,41,0,3150.0,,7,0,2,0,2.0
94139,0,0.018743314,41,0,0.0032111320000000002,3736.0,2,0,0,0,0.0
94140,0,0.017467721999999998,76,0,903.0,,16,0,1,0,
94142,0,0.678202744,49,0,0.4419018,4500.0,13,0,1,0,3.0
94143,0,0.444273528,52,2,0.123036649,4965.0,14,0,0,0,2.0
94145,0,0.026218408,29,0,4.5,1.0,3,0,0,0,0.0
94147,0,0.00819836,89,1,0.0003861,2589.0,2,0,0,0,0.0
94149,0,0.93421624,66,1,295.0,,7,0,0,0,0.0
94152,0,0.0,24,0,0.207916833,2500.0,4,0,0,0,0.0
94154,0,0.129310985,48,0,0.5000624920000001,8000.0,10,0,2,0,1.0
94156,0,0.22664376,43,0,0.436691664,9200.0,14,0,2,0,3.0
94157,0,0.059390736,76,0,0.239152681,9771.0,10,0,2,0,0.0
94158,0,0.079278414,62,0,118.0,,3,0,0,0,1.0
94159,0,0.09134034,38,0,3821.0,,7,0,1,0,2.0
94160,1,0.042004953,72,0,0.100071994,6944.0,8,0,0,0,0.0
94161,0,0.483765591,63,0,1529.0,,5,0,1,0,0.0
94162,1,0.960254968,36,1,0.96866937,2712.0,6,1,1,0,3.0
94163,0,0.202002975,43,1,0.118776245,5000.0,6,0,0,1,4.0
94164,0,0.045831805999999996,48,0,0.048806747000000004,22291.0,4,0,0,0,0.0
94167,0,0.060252744000000004,40,0,1158.0,,6,0,2,0,0.0
94168,0,0.672141553,67,0,0.43853664299999995,8500.0,19,0,4,0,0.0
94169,1,0.481768996,45,1,0.23270691699999999,2500.0,10,0,0,0,2.0
94170,0,0.000749981,69,0,0.034377677999999995,10500.0,10,0,0,0,0.0
94172,0,0.401077985,42,0,0.369681469,4300.0,15,0,0,0,0.0
94173,0,0.9999998999999999,29,1,781.0,,2,1,0,0,0.0
94174,0,0.07722482900000001,43,0,30.0,,2,0,0,0,0.0
94177,0,0.083720459,51,0,0.136101635,8500.0,8,0,1,0,0.0
94178,0,0.520656644,48,0,0.945330296,3950.0,10,0,1,1,1.0
94179,0,0.324890015,70,0,0.171986241,12500.0,9,0,1,0,0.0
94180,0,0.554712119,52,0,0.35106383,8835.0,13,0,0,0,3.0
94181,0,0.347427883,37,0,0.47048138100000003,3302.0,8,0,0,0,0.0
94182,0,0.315936813,42,0,0.253419726,4166.0,7,0,1,0,0.0
94184,0,0.374889862,52,1,0.522865685,9030.0,16,0,1,0,1.0
94185,0,0.0,48,1,0.0,3400.0,4,0,0,0,0.0
94186,0,0.361977586,39,0,0.618561894,7940.0,14,0,1,0,3.0
94187,0,0.9999998999999999,67,0,59.0,,4,0,1,0,
94188,0,0.568923127,39,0,0.278318954,3592.0,5,0,1,0,0.0
94189,0,0.0,36,0,0.230923026,3000.0,3,0,0,0,4.0
94190,0,0.676387269,42,0,0.538615346,4000.0,6,0,1,0,2.0
94191,0,0.74248142,52,2,5650.0,,14,0,1,0,2.0
94192,0,0.7763617909999999,91,0,0.379810095,2000.0,6,0,0,0,0.0
94193,0,0.11074307900000001,62,0,0.019992311000000002,2600.0,3,0,0,0,0.0
94194,0,0.526946108,34,0,7.0,,1,0,0,0,0.0
94195,0,0.0,29,1,0.07782466,4265.0,6,0,0,0,4.0
94196,0,0.240195534,79,0,0.008092047,7908.0,2,0,0,0,0.0
94197,0,0.371991357,43,0,0.47469459,2864.0,5,0,0,0,1.0
94198,0,0.310991329,32,0,0.27693446899999996,2700.0,4,0,0,0,0.0
94199,0,0.897616381,64,2,0.265722616,2400.0,6,1,0,2,0.0
94200,0,0.028899684,80,0,0.003999333,6000.0,5,0,0,0,0.0
94201,1,0.9999998999999999,54,2,0.34985892799999996,2480.0,3,1,0,0,0.0
94202,0,0.073584152,71,0,0.082233814,3258.0,3,0,0,0,0.0
94203,0,0.0504068,31,0,0.314374693,6100.0,9,0,1,0,2.0
94204,0,0.041591832,63,0,0.078054445,7750.0,11,0,0,0,1.0
94205,0,0.038372944,48,0,0.243724104,8205.0,8,0,1,0,2.0
94207,0,0.020650202,61,0,0.333292049,8073.0,7,0,1,0,1.0
94208,0,0.5451494729999999,67,0,0.438130156,12000.0,17,0,2,0,0.0
94209,0,0.002440976,73,0,0.306309958,7400.0,15,0,2,0,1.0
94210,0,0.016033806,47,0,2656.0,,11,0,2,0,1.0
94211,0,0.054366343,29,0,35.0,,5,0,0,0,0.0
94213,1,0.9999998999999999,31,1,0.25296349,4217.0,2,0,0,1,2.0
94214,0,0.769972001,53,1,0.497105568,9500.0,13,0,2,0,2.0
94215,0,0.46790641899999996,60,1,0.47171743,3906.0,3,1,2,0,1.0
94216,0,0.9999998999999999,30,0,0.0,2950.0,0,0,0,0,0.0
94217,0,0.002857007,74,0,1.0,,3,0,0,0,
94218,0,0.095442747,47,0,0.335278859,3083.0,10,0,1,0,0.0
94220,1,0.7073561740000001,35,2,0.614307932,4500.0,20,0,1,0,2.0
94222,0,0.0029999090000000003,67,0,0.121430286,8333.0,7,0,1,0,0.0
94224,0,0.100880375,60,0,1.152351512,4528.0,12,0,5,0,0.0
94225,0,0.9999998999999999,37,0,0.0,,0,1,0,0,0.0
94226,0,0.20067323,65,0,1.0173638520000001,3800.0,11,0,2,0,1.0
94227,0,1.012941762,29,0,1.326431181,820.0,4,0,0,1,0.0
94228,0,0.089634326,74,1,0.271489971,4187.0,13,0,2,0,0.0
94229,0,0.631710644,50,1,0.625169409,5164.0,10,0,1,0,2.0
94230,0,0.647217974,29,0,0.30075522,2250.0,6,0,0,0,0.0
94232,0,0.040849547,40,0,0.47980807700000006,2500.0,4,0,1,0,0.0
94233,0,0.987734151,55,1,2341.0,,6,0,1,0,0.0
94235,0,0.373931303,30,0,0.254131371,7200.0,4,0,2,0,0.0
94236,0,0.012502376,83,0,0.090526933,10228.0,12,0,1,0,0.0
94237,0,0.365283404,48,0,0.183657173,11270.0,10,0,2,0,1.0
94239,0,0.9999998999999999,21,0,0.0,929.0,1,0,0,0,0.0
94240,0,0.9999998999999999,42,2,0.047476262000000005,2000.0,4,3,0,0,1.0
94242,0,0.04290374,65,0,53.0,,5,0,0,0,0.0
94244,1,0.985014985,47,1,0.037255792999999995,2200.0,2,0,0,0,0.0
94245,0,0.378005162,64,0,0.5283940570000001,4912.0,12,0,0,0,3.0
94247,0,0.16041418,45,0,0.183738917,5300.0,6,0,1,0,2.0
94249,0,0.284447703,48,0,0.650396942,3400.0,5,0,2,0,0.0
94250,0,0.200660586,34,0,2830.0,,8,0,2,0,0.0
94251,0,0.005809413,46,0,0.008639309,925.0,11,0,0,0,0.0
94253,1,0.626471121,71,0,0.416940054,3352.0,18,1,0,0,0.0
94254,0,0.136442142,49,0,0.008352316,5267.0,5,0,0,0,1.0
94255,0,0.560273573,45,1,0.340528239,14500.0,16,0,2,0,2.0
94257,0,0.012664978,45,0,0.33412259899999996,3800.0,8,0,0,0,0.0
94258,0,0.9528411929999999,89,0,1.094240838,2100.0,3,0,1,0,0.0
94259,0,0.149626862,62,0,0.486756709,5700.0,10,0,2,0,0.0
94260,0,0.37757073799999996,66,0,0.368361215,6156.0,11,0,1,0,2.0
94262,0,0.102983726,58,2,0.19141034199999998,10500.0,17,0,2,0,0.0
94263,0,0.08143241,47,0,39.0,0.0,2,0,0,0,0.0
94264,0,0.066766749,59,4,0.156187002,10416.0,20,0,1,2,0.0
94267,0,0.028549286,74,0,0.09799196800000001,2489.0,4,0,0,0,1.0
94269,0,0.121766582,51,0,0.250635486,5900.0,13,0,2,0,2.0
94271,0,0.7348843409999999,41,1,1.1905075809999999,1516.0,7,0,1,0,2.0
94273,0,1.686380901,38,0,0.128452491,7566.0,8,0,0,0,0.0
94274,0,0.262178676,50,0,0.20450109100000002,8708.0,12,0,1,0,1.0
94277,0,0.9999998999999999,31,0,0.5028698389999999,5400.0,12,0,1,0,1.0
94279,0,0.166987155,67,0,0.124175165,5000.0,5,0,1,0,0.0
94282,0,0.115616438,46,1,0.251218598,8000.0,17,0,2,0,2.0
94284,0,0.19936556100000002,77,0,86.0,,7,0,0,0,0.0
94285,0,0.028130225,93,0,2852.0,,11,0,1,0,0.0
94287,0,0.9999998999999999,35,1,0.126307922,2675.0,1,1,0,0,1.0
94291,0,0.583897392,70,0,0.927768058,4000.0,8,0,1,0,0.0
94292,0,0.9999998999999999,70,0,296.0,,2,0,0,0,0.0
94294,0,0.050398167,45,0,0.056992876,8000.0,6,0,0,0,1.0
94295,0,0.12837849099999998,69,0,0.028746407,8000.0,4,0,0,0,0.0
94296,0,0.18560040600000002,58,1,4367.0,,9,0,2,0,0.0
94297,0,0.440473944,41,1,2954.0,,10,0,2,0,0.0
94298,0,0.5424971670000001,55,0,1765.0,,7,0,1,1,0.0
94299,0,0.109835208,67,0,421.0,,8,0,0,0,0.0
94300,0,0.018152678000000002,51,0,1301.0,,5,0,2,0,
94302,0,0.017551094,34,0,0.284428893,4000.0,10,0,1,0,0.0
94303,0,0.9999998999999999,34,0,0.387557531,6300.0,7,0,2,0,1.0
94304,0,0.117022074,63,0,3.065934066,1000.0,3,0,1,0,0.0
94307,0,0.863882913,40,0,0.273531391,10400.0,7,0,1,0,2.0
94308,0,0.022133052,57,0,0.319562101,7672.0,26,0,1,0,2.0
94311,0,0.778611038,61,1,8854.0,,29,0,5,0,0.0
94312,0,0.9999998999999999,40,0,0.340886371,3000.0,6,0,1,0,0.0
94313,0,0.029694265,68,0,0.149459339,6750.0,20,0,1,0,3.0
94314,0,0.393765862,49,0,0.741376492,6116.0,12,0,3,0,2.0
94316,0,0.697415129,47,0,0.132645887,12800.0,5,0,1,0,1.0
94317,0,0.078400085,54,0,0.31521451899999997,11350.0,8,0,3,0,0.0
94318,0,0.102239775,64,0,0.306354843,8166.0,9,0,1,0,0.0
94319,1,0.004374863,48,3,0.0059988,3333.0,15,2,0,0,2.0
94321,0,0.014039438000000001,77,0,63.0,,2,0,0,0,0.0
94323,0,0.9999998999999999,71,0,0.059427849000000005,6326.0,2,0,0,0,1.0
94325,0,0.201317191,76,0,0.091010298,3592.0,10,0,0,0,0.0
94327,0,0.506999916,67,0,0.490175531,7633.0,13,0,1,0,1.0
94328,0,0.9999998999999999,79,0,0.0,2283.0,2,0,0,0,1.0
94329,0,0.003954425,52,1,0.16307053900000001,2409.0,7,0,0,0,3.0
94330,0,0.05211396,48,0,1.033938978,2916.0,18,0,3,0,0.0
94331,0,0.031177886000000002,61,0,56.0,,10,0,0,0,0.0
94332,0,0.01216116,63,0,0.012676566,2760.0,5,0,0,0,0.0
94333,0,0.026429539,73,0,0.28927450600000004,5416.0,14,0,2,0,0.0
94334,0,0.6849350820000001,53,0,1025.0,,8,0,0,0,0.0
94335,0,0.8737087640000001,35,0,0.57322718,5400.0,7,0,2,0,0.0
94336,0,0.001508913,56,0,0.373370459,7900.0,7,0,2,0,3.0
94337,0,0.07873577400000001,59,0,0.102068966,2174.0,10,0,0,0,0.0
94338,0,0.12159557800000001,66,0,0.16860094399999997,7840.0,6,0,0,0,0.0
94339,0,0.019689158999999998,63,0,0.003159558,4430.0,2,0,0,0,0.0
94340,0,0.0064370040000000005,63,0,0.298396772,9168.0,15,0,1,0,0.0
94341,0,0.022907702999999998,52,0,0.167152737,12000.0,7,0,1,0,3.0
94344,0,0.043994501,52,0,0.001643655,6083.0,4,0,0,0,0.0
94345,0,0.761978818,50,0,0.496263551,9500.0,19,0,2,0,2.0
94346,0,0.23752302399999997,35,0,0.291636151,6826.0,5,0,1,0,1.0
94347,0,0.14039633099999999,65,0,0.369636103,7666.0,21,0,2,0,0.0
94348,0,0.262288737,83,0,0.029717682000000002,2018.0,1,0,0,1,0.0
94351,0,0.871770293,56,0,1766.0,,12,0,2,0,1.0
94352,0,0.99377301,37,1,3219.0,,9,0,1,0,0.0
94354,0,0.9999998999999999,56,0,0.041597338,600.0,0,3,0,0,0.0
94355,0,0.17095339999999998,60,0,3724.0,,12,0,1,0,0.0
94356,0,0.09368238400000001,48,0,0.294755177,15500.0,16,0,4,0,0.0
94359,0,0.42055201,44,0,0.425398001,2700.0,9,0,0,0,1.0
94362,0,0.41685783200000004,32,0,0.321083172,6720.0,11,0,2,0,2.0
94363,0,0.256359372,34,0,1.244487996,2040.0,12,0,1,0,2.0
94365,0,0.595913734,39,0,3088.0,,7,0,1,0,0.0
94366,0,0.016489123,30,0,0.122147359,4600.0,8,0,0,0,0.0
94368,0,0.048375838,59,1,0.122598002,2601.0,9,0,1,0,0.0
94370,0,0.41517949600000004,47,1,0.48453310200000005,6917.0,12,0,2,0,0.0
94372,0,0.023086909,63,0,0.280130885,5500.0,9,0,2,0,0.0
94373,0,0.84739202,41,0,0.315319549,4255.0,6,0,0,0,0.0
94374,0,0.22340696899999998,31,1,0.384921764,3514.0,12,0,1,0,2.0
94376,0,0.93854877,37,0,0.817302526,1860.0,8,0,0,0,1.0
94377,0,0.878090294,55,0,0.938017709,3500.0,5,0,3,0,3.0
94378,0,0.129846754,51,0,0.156321055,17591.0,8,0,1,0,4.0
94379,0,0.9999998999999999,64,2,0.00768935,2600.0,6,0,0,0,1.0
94381,0,0.59675226,48,1,0.30363141899999996,6250.0,6,0,1,0,1.0
94382,0,0.256069795,63,0,0.24580048,5833.0,13,0,2,0,0.0
94384,0,0.151685868,54,0,0.237577183,3400.0,10,0,0,0,2.0
94385,0,0.150365099,65,0,3293.0,,6,0,2,0,0.0
94387,0,0.104971654,46,0,0.157819553,17500.0,5,0,1,0,0.0
94389,0,0.137991637,62,0,0.15552675400000002,5400.0,5,0,1,0,0.0
94391,0,0.019917706,77,0,8964.0,,18,0,11,0,0.0
94393,0,0.021142102000000003,93,0,0.41354189,4666.0,8,0,2,0,0.0
94394,0,0.173983497,64,0,0.19704843100000002,4810.0,7,0,0,0,0.0
94395,0,0.016199417,39,0,0.615703487,4100.0,10,0,1,0,0.0
94396,0,0.177907824,45,1,2.4352159469999997,300.0,5,0,0,0,0.0
94397,0,0.0,34,0,0.19852319100000002,13000.0,9,0,2,0,1.0
94398,0,0.022201244,59,0,0.062253743,3806.0,14,0,0,0,0.0
94400,0,0.7020934329999999,48,0,0.38953568,7300.0,10,0,2,0,1.0
94401,0,0.138464588,50,0,0.09139414800000001,17429.0,13,0,1,0,4.0
94402,0,0.656426871,40,0,4.049875312,400.0,7,0,0,0,0.0
94403,0,0.001399824,75,0,9112.0,,10,0,1,0,0.0
94406,0,0.344555446,68,1,0.9032517059999999,2490.0,13,0,2,0,0.0
94409,0,0.082618191,44,0,0.555240793,6000.0,6,0,1,0,1.0
94410,0,0.011191327,51,0,0.845230954,1666.0,8,0,1,0,2.0
94412,0,0.018946894,83,0,0.11205432900000001,2944.0,5,0,0,0,0.0
94414,1,0.9999998999999999,55,0,0.426770969,2300.0,3,0,1,0,0.0
94416,0,0.035873228,49,0,0.443199615,8300.0,10,0,2,0,0.0
94417,0,0.010341262,65,0,414.0,,10,0,1,0,0.0
94418,0,0.039646889,62,1,0.188449848,2960.0,14,0,0,0,0.0
94419,0,0.320840525,57,0,0.062586445,5783.0,9,0,0,0,0.0
94420,0,0.060406185,74,0,937.0,,14,0,1,0,0.0
94422,0,0.245584782,54,0,0.377263918,14962.0,20,0,2,0,1.0
94423,0,0.03626943,33,0,1198.0,,2,0,1,0,0.0
94424,0,0.018342181000000003,42,1,1.213939041,5150.0,13,0,2,0,0.0
94426,1,0.884662277,44,1,2745.0,,13,0,1,0,0.0
94428,0,0.279665088,53,0,0.21803536699999998,10800.0,8,0,1,0,3.0
94429,0,0.001821682,65,0,0.153803688,9056.0,14,0,1,0,1.0
94430,0,0.07402013,61,0,0.326107446,4243.0,9,0,2,0,2.0
94431,0,0.220299103,38,0,0.5248518010000001,4385.0,9,0,1,0,0.0
94432,1,0.707292707,51,0,0.262245918,3000.0,3,0,0,0,0.0
94433,0,0.00259987,54,0,0.483146067,5250.0,11,0,3,0,0.0
94434,0,0.050619261,84,0,47.0,,5,0,0,0,0.0
94436,0,0.9999998999999999,86,0,0.0,10500.0,0,0,0,0,0.0
94437,0,0.053581829000000004,28,0,0.0021047089999999997,3800.0,2,0,0,0,0.0
94438,0,0.020469899,39,0,0.426833809,8056.0,12,0,2,0,0.0
94439,0,0.596763584,42,1,0.044590164,3049.0,2,0,0,0,2.0
94440,0,0.21844543800000002,39,0,0.48968878899999996,8000.0,10,0,1,0,0.0
94441,0,0.75878103,62,0,0.272563718,3334.0,4,0,0,0,0.0
94442,0,0.981334797,59,0,1325.0,,7,0,1,0,2.0
94443,0,0.030182984,86,0,0.0044395120000000005,900.0,2,0,0,0,0.0
94444,0,0.0,55,0,0.349304225,12000.0,7,0,1,0,3.0
94445,0,0.917216257,63,0,0.272877918,35000.0,12,0,3,0,1.0
94447,0,0.512897421,70,0,0.363529757,3410.0,4,0,1,0,0.0
94448,0,0.20737926199999998,43,0,0.136863137,1000.0,4,0,0,0,0.0
94449,0,0.458646868,65,0,0.21562237199999998,9511.0,3,0,2,0,0.0
94450,0,0.131360866,51,1,0.464968153,2825.0,9,0,1,0,0.0
94452,0,0.011092742,71,0,0.0014017379999999998,3566.0,2,0,0,0,0.0
94454,0,0.0,30,0,0.0,2400.0,1,0,0,0,0.0
94456,0,0.05177291,53,0,0.21582250100000003,8923.0,5,0,2,0,1.0
94458,0,0.008279392,77,0,13.0,,10,0,0,0,0.0
94460,0,0.006666516999999999,57,0,15.0,,7,0,0,0,0.0
94461,0,0.9999998999999999,30,1,0.357698289,4500.0,5,0,1,1,0.0
94462,0,0.070470592,43,0,2705.0,,8,0,1,0,0.0
94463,1,0.010352118,60,0,0.17574124,3709.0,6,0,0,0,0.0
94467,0,0.004933169,75,0,0.00099975,4000.0,2,0,0,0,0.0
94468,0,1.257826649,33,0,0.19088132600000002,4583.0,8,0,0,0,0.0
94469,0,0.159059507,49,0,0.430329129,3250.0,14,0,0,0,0.0
94470,0,0.36495181,51,0,2.8534554539999997,1200.0,9,0,1,0,2.0
94471,0,0.717142513,42,0,0.48009188399999997,3917.0,11,0,1,0,1.0
94472,0,0.18075039899999998,53,0,0.5792622129999999,4011.0,15,0,1,0,3.0
94473,1,0.998545545,44,2,0.640235976,10000.0,12,4,2,0,3.0
94475,0,0.084523979,58,0,0.19446883199999998,6833.0,10,0,1,0,0.0
94477,0,1.010682984,61,0,4724.0,,7,1,1,0,0.0
94478,0,0.0,34,0,0.048868313,7775.0,9,0,0,0,0.0
94479,0,0.06865166,67,0,0.21955026600000002,20500.0,9,0,3,0,1.0
94480,0,0.04409951,63,0,0.445634708,5600.0,12,0,3,0,0.0
94481,0,0.301963091,52,0,0.399239544,7100.0,8,0,1,0,1.0
94482,0,0.0,58,0,0.17772390899999999,7837.0,8,0,2,0,1.0
94484,0,0.034018496,31,0,5102.0,,11,0,2,0,0.0
94485,0,0.0,74,0,0.0,6800.0,5,0,0,0,0.0
94486,0,0.433866233,64,1,0.17541986199999998,10300.0,9,0,0,0,1.0
94487,0,0.928701063,42,0,0.554869006,4045.0,12,0,1,0,0.0
94491,0,0.006133938,72,0,0.266410959,9124.0,6,0,1,0,0.0
94492,1,0.9999998999999999,41,0,0.5162176079999999,5826.0,4,0,1,1,3.0
94494,0,0.757976768,55,2,0.31953587,8962.0,10,1,2,3,1.0
94496,0,0.10697957300000001,68,0,0.23520385800000002,4561.0,5,0,1,0,0.0
94497,0,0.293089132,61,1,0.115145814,5314.0,5,0,0,0,0.0
94498,0,0.012822989,42,0,0.010331611,6000.0,5,0,1,0,0.0
94499,0,0.9999998999999999,35,0,0.458308338,5000.0,11,0,1,0,2.0
94502,0,0.551559621,53,0,0.561929493,12707.0,10,0,2,0,0.0
94504,0,0.22475255100000002,61,0,0.637318659,3997.0,7,0,2,0,1.0
94505,0,1.306022113,50,0,1.069332473,3100.0,8,0,2,0,0.0
94506,0,0.041736337000000005,42,0,2376.0,,6,0,2,0,3.0
94509,0,0.034775846,66,0,0.678611422,6250.0,9,0,3,0,0.0
94511,0,0.9999998999999999,41,2,0.24569100600000002,3190.0,7,0,1,0,0.0
94512,0,0.093758392,26,0,0.044032357,13103.0,13,0,0,0,0.0
94514,0,0.085970368,56,0,6031.0,,12,1,2,0,
94515,0,0.110325065,41,0,2345.0,,8,0,1,0,0.0
94516,0,0.44157098,49,0,0.097491596,11600.0,15,0,0,0,1.0
94517,0,0.112764017,42,0,0.09592145,6619.0,8,0,0,0,2.0
94518,0,0.083495825,61,0,0.573071155,6000.0,5,0,2,0,0.0
94519,0,0.021330488999999998,44,0,4.0,,1,0,0,0,0.0
94521,0,0.39548753299999995,42,0,0.719223485,6335.0,12,0,2,0,1.0
94522,0,0.025207458,48,0,0.21326293899999998,12500.0,5,0,2,0,1.0
94523,0,0.42091641700000004,29,0,0.272019664,2440.0,9,0,0,1,0.0
94524,0,0.0049916809999999995,26,0,402.0,,4,0,0,0,0.0
94525,0,0.969804618,30,1,0.10288663099999999,6200.0,7,0,0,0,3.0
94527,0,0.6830921590000001,57,2,0.539300318,2200.0,13,0,0,0,0.0
94529,0,0.180890955,64,0,0.420791133,5232.0,7,0,1,0,0.0
94530,0,0.031499507999999996,62,0,2055.0,,9,0,1,0,
94531,0,0.031921849,77,0,0.004931169,4866.0,3,0,0,0,0.0
94532,0,0.015053998,61,0,1.295481807,2500.0,11,0,2,0,0.0
94533,0,0.249872758,38,0,5380.0,,7,0,2,0,0.0
94536,0,0.81710519,47,0,0.33713784,3416.0,5,0,0,0,0.0
94539,0,0.0,51,0,0.273829667,7091.0,9,0,1,0,0.0
94540,0,0.9999998999999999,41,0,0.0,7500.0,1,0,0,0,1.0
94542,0,0.526641476,34,0,0.310344828,2000.0,4,0,0,0,2.0
94543,0,0.033733692999999995,61,1,0.341891712,7516.0,7,0,2,0,0.0
94544,0,0.017597731999999998,84,0,1347.0,,10,0,2,0,0.0
94546,0,0.037717443999999996,32,1,0.3424598,2300.0,8,0,1,0,0.0
94548,0,0.029148543,58,0,0.22735191600000001,6887.0,7,0,2,0,1.0
94549,0,0.100922361,51,0,2226.0,,13,0,1,0,2.0
94550,0,0.271564858,54,0,2.28047968,1500.0,16,0,2,0,0.0
94551,0,0.016743699,74,0,0.003999333,6000.0,7,0,0,0,0.0
94552,1,0.9999998999999999,39,1,0.132871744,3032.0,1,0,0,0,1.0
94553,0,0.376496729,48,0,0.016372796000000002,5557.0,2,0,0,0,0.0
94556,0,0.13412439199999998,72,0,0.196319018,4400.0,4,1,0,0,0.0
94557,0,0.349647429,56,0,0.9422643209999999,6650.0,10,0,4,0,0.0
94558,0,0.880458168,49,0,0.367527835,9250.0,11,0,1,0,3.0
94560,0,0.730211947,81,1,1733.0,,9,0,1,1,0.0
94562,0,0.9999998999999999,33,0,0.467508181,6416.0,3,0,2,0,0.0
94563,0,0.9024034959999999,49,1,3032.0,,7,0,2,0,0.0
94564,0,0.049508910999999996,86,0,0.085700869,4258.0,6,0,0,0,0.0
94565,0,0.9999998999999999,39,0,0.351811855,4166.0,5,0,1,0,1.0
94566,0,0.20426293199999998,61,0,3979.0,,18,0,2,0,0.0
94567,0,0.020666175,43,0,0.148691768,4700.0,4,0,1,0,2.0
94569,0,0.849212063,61,0,0.40292926100000004,3208.0,7,0,1,0,0.0
94570,0,0.107084629,28,0,0.099528605,9333.0,11,0,0,0,0.0
94571,0,0.43438186100000004,54,0,0.48575584899999996,8248.0,9,0,1,0,2.0
94572,0,0.004036709,76,0,0.041654763,17500.0,42,0,0,0,1.0
94573,0,0.300470374,43,0,0.460397264,12132.0,17,0,2,0,3.0
94574,0,0.0,43,0,1.5665541809999999,2666.0,6,0,2,0,0.0
94575,0,0.951512122,28,0,0.400956938,1044.0,5,0,0,0,0.0
94576,0,0.020011807,46,0,0.013066666999999999,3749.0,9,0,0,0,0.0
94577,0,0.009030221,52,0,2498.0,,5,0,2,0,
94579,0,0.561461794,26,0,5.0,,1,0,0,0,0.0
94580,0,0.9999998999999999,54,2,1185.0,,2,0,1,1,0.0
94581,0,0.152210773,48,0,0.40732034899999997,2977.0,9,0,0,0,0.0
94583,1,0.9999998999999999,38,0,0.011030333,3988.0,0,1,0,0,2.0
94584,0,0.024200782999999997,68,0,1048.0,,6,0,1,0,0.0
94586,0,0.0,74,0,0.051688332000000003,13000.0,5,0,0,0,1.0
94588,0,0.33937986200000003,59,0,0.268418527,8333.0,19,0,0,0,0.0
94589,0,0.001468965,72,0,0.285452425,6000.0,19,0,2,0,0.0
94591,0,0.9999998999999999,51,0,199.0,,3,0,0,0,0.0
94593,0,0.255144223,58,0,0.207094418,3833.0,6,0,0,0,1.0
94594,0,0.021362665,43,0,2898.0,,6,0,2,0,0.0
94595,0,0.009856393,63,0,0.214804566,31800.0,9,0,2,0,1.0
94596,0,0.397689402,54,1,0.32499143,5833.0,8,0,2,0,2.0
94597,0,0.062498922,58,0,0.252791605,7432.0,12,0,2,0,0.0
94598,0,0.236531491,37,0,0.5456482539999999,6100.0,10,1,2,0,0.0
94599,0,0.0,74,0,0.0,,5,0,0,0,0.0
94600,0,0.0,61,0,0.077300613,14669.0,7,0,1,0,0.0
94601,0,0.887817849,70,0,2527.0,,5,0,1,0,
94606,0,0.033085966,64,0,0.46343414899999996,6248.0,16,0,4,0,0.0
94607,0,0.578115996,34,0,0.445163187,3400.0,4,0,1,0,0.0
94608,0,0.013397321,36,0,0.000908678,2200.0,1,0,0,0,0.0
94611,0,0.082171127,75,0,0.569881275,4800.0,8,0,1,0,0.0
94612,0,0.553160403,58,0,0.607695584,7042.0,11,0,2,0,2.0
94613,0,0.37654002200000003,26,0,0.095865516,2200.0,9,0,0,0,1.0
94614,0,0.374381281,44,1,0.34944176,6000.0,9,0,0,0,2.0
94615,0,0.8593475970000001,55,0,0.566358025,1943.0,15,1,1,1,0.0
94616,0,0.004255755999999999,63,0,0.454424263,6000.0,21,0,1,0,0.0
94617,0,0.019029919,82,0,27.0,,4,0,0,0,
94619,0,0.015969491000000002,77,0,0.128254055,7336.0,13,0,1,0,0.0
94620,0,0.220717458,44,0,0.238657962,12100.0,11,0,2,0,4.0
94621,0,0.9999998999999999,64,0,0.221126761,1419.0,3,0,0,0,0.0
94622,0,0.635243574,61,0,0.280387309,4853.0,3,0,1,0,1.0
94625,0,0.9999998999999999,71,0,0.0,,0,0,0,0,0.0
94626,0,0.9999998999999999,35,0,28.0,,1,0,0,0,0.0
94627,0,0.415479615,39,0,0.8401065959999999,1500.0,10,0,1,0,2.0
94629,0,0.15281704699999998,29,0,0.514357054,800.0,6,0,0,0,0.0
94630,0,0.9999998999999999,22,98,0.0,1972.0,0,98,0,98,0.0
94632,0,0.0,65,0,0.276289484,2500.0,11,0,2,0,0.0
94633,0,0.678650636,31,0,0.436990266,3800.0,12,0,1,0,0.0
94634,0,0.087886442,43,0,0.299005356,6534.0,5,0,1,0,0.0
94636,0,0.153375895,46,0,0.242175782,10000.0,11,0,2,0,2.0
94637,0,0.101126038,34,0,510.0,,3,0,0,0,0.0
94638,0,0.32500861,38,0,0.33822729700000004,9194.0,12,0,1,0,3.0
94639,0,0.865930726,41,0,0.33835742799999996,3250.0,6,0,0,0,0.0
94640,0,0.250206851,34,0,0.052147583,8916.0,15,0,0,0,0.0
94641,0,0.0,81,0,0.0,2641.0,5,0,0,0,0.0
94642,0,0.435809126,55,1,0.380973386,6800.0,25,1,1,1,2.0
94643,0,0.111914468,59,0,0.022907122000000002,2400.0,3,0,0,0,0.0
94644,0,0.09614995300000001,38,0,0.14051459800000002,7500.0,4,0,0,0,1.0
94645,0,0.181810967,33,0,0.6209654379999999,3500.0,5,0,1,0,0.0
94646,0,0.0299988,47,0,1503.0,,8,0,1,0,2.0
94647,0,0.273723549,46,0,0.43467307899999996,8732.0,12,0,2,0,0.0
94648,0,0.029292337999999998,44,0,0.552127963,3500.0,10,0,1,0,2.0
94649,0,0.0,41,1,0.20571518800000002,6333.0,13,1,2,0,0.0
94650,0,0.062467460999999995,55,0,0.199696855,7916.0,18,0,2,0,1.0
94651,0,0.052184484,57,0,0.411948506,8000.0,13,0,2,0,2.0
94652,0,0.051000277999999996,40,0,0.621875625,5000.0,8,0,2,0,0.0
94653,0,0.9999998999999999,34,0,0.002039347,8335.0,0,0,0,0,1.0
94654,0,0.435402539,43,0,0.017938353,3957.0,6,0,0,0,1.0
94655,0,0.163937424,46,0,0.48808697700000003,4322.0,11,0,1,0,2.0
94656,0,0.146666445,55,1,2.259137769,2133.0,17,0,4,0,0.0
94657,0,0.736477873,62,0,0.46484731700000004,9856.0,11,0,2,0,1.0
94658,0,0.218828123,36,0,0.045825696,6000.0,3,0,0,0,1.0
94659,0,0.034464369,40,0,779.5,1.0,6,0,1,0,2.0
94661,1,0.945708852,58,0,0.864494632,2700.0,7,0,0,0,1.0
94662,0,0.999000167,64,1,0.189924115,4743.0,13,0,0,0,0.0
94664,1,0.485038057,57,4,1807.0,,8,2,2,0,0.0
94665,0,0.029815457000000004,48,0,0.26991003,3000.0,16,0,1,0,0.0
94668,0,0.058976214000000006,58,0,0.133130329,8209.0,10,0,2,0,0.0
94669,0,0.417525514,51,0,0.121454915,7862.0,4,0,0,0,1.0
94671,0,0.09458108400000001,30,0,0.130566495,3300.0,3,0,0,0,0.0
94674,0,0.796118408,53,1,0.055155875,2501.0,6,0,0,0,2.0
94675,0,0.9999998999999999,42,0,0.43236030000000003,5994.0,2,0,1,0,1.0
94676,0,0.299840846,52,0,0.23944701699999998,14900.0,10,0,1,0,1.0
94677,0,0.420346215,38,0,1.365630713,4375.0,12,0,2,0,2.0
94678,0,0.170032798,39,0,0.36876261899999996,6933.0,10,0,1,0,3.0
94679,0,0.9999998999999999,32,0,0.0,1.0,4,0,0,0,0.0
94680,0,0.0,40,0,0.178208325,5212.0,5,0,0,0,0.0
94681,0,0.098050401,70,0,87.0,,15,0,0,0,0.0
94682,0,0.810437912,41,0,0.46703678,4322.0,4,0,1,0,0.0
94683,0,0.8360165070000001,59,0,0.24016885100000002,4500.0,8,0,0,1,1.0
94684,0,0.797680928,40,1,0.047541517,3070.0,6,0,0,0,2.0
94685,0,0.079370576,41,0,0.33588803700000003,3000.0,14,0,1,0,0.0
94687,0,0.02453391,78,0,0.009634611999999999,5500.0,4,0,0,0,0.0
94688,0,0.6770739259999999,71,0,0.142484683,7670.0,4,0,0,0,1.0
94689,0,0.034596958,61,0,0.733296973,7333.0,10,0,2,0,0.0
94690,0,0.066668739,61,0,0.21417278899999997,10752.0,13,0,2,0,0.0
94693,1,0.999933985,50,2,0.130727917,8750.0,2,3,1,1,3.0
94695,0,0.974205159,60,0,0.18450899,3614.0,3,0,0,0,0.0
94696,0,0.078216273,49,0,0.166180758,2400.0,7,0,0,0,2.0
94697,0,0.646696109,31,0,0.09727181800000001,7000.0,4,0,0,0,0.0
94698,0,0.078021887,55,0,0.20945049100000002,11300.0,18,0,2,0,2.0
94702,0,0.585263047,60,0,8407.0,,9,0,3,0,0.0
94703,1,0.9999998999999999,25,0,508.0,,1,0,0,1,
94704,0,0.0,85,0,0.047330097,823.0,4,0,0,0,0.0
94705,0,0.9999998999999999,28,0,0.0,,1,0,0,0,0.0
94706,0,0.061065037999999995,45,0,0.185057262,5500.0,7,0,1,0,4.0
94709,0,0.06494264,55,0,0.017830362,6000.0,5,0,0,1,0.0
94712,0,0.642357721,31,0,1330.0,1.0,13,0,2,0,3.0
94713,1,0.7891846220000001,50,3,923.0,,10,1,0,0,0.0
94715,0,0.51454156,56,0,0.767051645,4588.0,11,0,2,0,1.0
94716,0,0.003717173,49,0,0.261562998,13166.0,30,0,1,0,3.0
94717,0,0.44500999799999996,28,0,0.197820978,4680.0,5,0,0,0,1.0
94718,0,0.232688366,41,0,2186.0,0.0,5,0,1,0,0.0
94719,0,0.9781342709999999,40,2,0.224937517,3600.0,4,0,0,0,2.0
94721,0,0.026049326,45,0,0.40655283799999997,2166.0,7,0,0,0,0.0
94723,0,0.13813288199999998,63,0,1435.0,,9,0,1,0,0.0
94724,0,0.004713612,59,1,0.07754978900000001,3313.0,6,0,0,0,0.0
94725,0,0.9999998999999999,44,0,0.382174522,2142.0,6,0,1,0,1.0
94727,0,0.28523825399999997,47,1,1251.0,,7,0,1,0,0.0
94728,0,0.04273465,51,0,0.38661297,7200.0,10,0,2,0,2.0
94729,0,0.14452458099999999,65,0,1618.0,,6,0,1,0,0.0
94731,0,0.697717047,43,0,0.47629796799999996,3100.0,5,0,1,0,0.0
94732,0,0.014988333000000001,53,0,0.222898092,12000.0,16,0,3,0,2.0
94733,0,0.055965937,41,0,0.180935149,10500.0,18,0,1,0,2.0
94734,0,0.05982906,43,0,0.324806663,10085.0,12,0,2,0,1.0
94735,0,0.279178192,56,1,0.387806097,2000.0,12,0,0,0,0.0
94736,0,0.008542409,74,0,11.0,,8,0,0,0,0.0
94740,0,0.6823754459999999,64,0,0.452252693,4083.0,11,0,2,1,0.0
94741,0,0.013909426,84,0,0.580569905,6000.0,11,0,3,0,0.0
94742,0,0.9999998999999999,41,0,0.844041589,3750.0,2,0,2,0,2.0
94744,0,0.367952414,52,0,2684.0,,9,0,2,0,1.0
94745,0,0.0064183059999999995,33,0,0.663469355,6150.0,5,0,1,0,1.0
94746,0,0.00659868,55,1,0.145886987,6600.0,5,0,1,0,1.0
94747,0,0.64527956,26,0,0.15516815,8087.0,14,0,0,0,1.0
94749,0,0.590779918,42,1,0.60679915,8000.0,8,0,3,1,1.0
94751,0,0.005057898,63,0,0.16661377300000002,3150.0,7,0,0,0,0.0
94753,0,0.5026818679999999,32,1,1984.0,,16,0,2,0,3.0
94754,0,0.966334936,48,0,0.35154811,11400.0,7,0,2,1,4.0
94755,0,0.01879812,51,0,0.16874351,11555.0,5,0,2,0,1.0
94757,0,0.9999998999999999,25,0,0.091325151,4806.0,2,0,0,0,0.0
94758,0,0.031410366,65,0,0.09635243199999999,12007.0,8,0,1,0,1.0
94761,0,0.9700030000000001,55,0,0.13458229800000002,5230.0,3,0,0,0,2.0
94762,0,0.015934273,63,0,1062.0,,13,0,1,0,0.0
94764,1,0.966229627,33,0,0.419944007,7500.0,16,0,2,0,0.0
94765,0,0.306889701,50,0,0.109978004,5000.0,5,0,0,0,0.0
94766,0,0.23996800399999998,90,0,54.0,,2,0,0,0,
94768,0,0.064987003,26,1,1.824604141,820.0,5,0,0,0,0.0
94770,0,0.547690583,46,0,0.46283746299999995,9000.0,18,0,1,0,3.0
94771,0,0.293235338,64,0,0.267531387,14416.0,8,0,2,0,0.0
94772,0,0.0,73,0,0.237229102,2583.0,9,0,1,0,0.0
94773,0,0.009068136,81,0,0.00937012,1920.0,10,0,0,0,0.0
94775,0,0.1739221,82,1,0.742709313,2125.0,6,0,1,0,4.0
94776,0,0.577437919,52,1,0.09663532300000001,8826.0,11,0,0,0,1.0
94777,0,0.005060524,41,0,0.015958723,8333.0,5,0,0,0,0.0
94780,0,0.047937941,69,0,46.0,,3,0,0,0,1.0
94781,0,0.075828174,36,0,1565.0,,5,0,1,0,0.0
94782,0,0.103866198,46,0,1586.0,,5,0,1,0,0.0
94783,0,0.25595780100000004,64,0,979.0,,10,0,0,0,0.0
94784,0,0.066077827,64,0,209.0,,3,0,0,0,0.0
94786,0,0.015947057,44,0,0.065555556,4499.0,9,0,1,0,0.0
94787,0,0.100264757,57,0,0.31565098399999997,9500.0,8,0,1,0,2.0
94788,0,0.47057730200000003,68,0,0.24643626300000002,9750.0,18,0,1,0,0.0
94790,0,0.112864385,58,0,1995.0,,11,0,2,0,0.0
94791,0,0.43566096200000004,38,0,0.223184623,8427.0,14,0,0,0,5.0
94792,0,0.112772753,63,0,0.230119992,9833.0,6,0,1,0,1.0
94793,0,0.44244915100000004,77,1,0.640786405,3000.0,9,0,1,0,0.0
94794,0,0.01611811,54,0,0.036449148,1700.0,14,0,0,0,0.0
94796,0,0.176528762,39,0,1.263357463,2900.0,6,0,2,0,0.0
94797,0,0.083598714,79,0,0.215683474,7000.0,4,0,1,0,0.0
94798,1,0.691918598,60,0,0.42792995100000003,2226.0,8,0,0,0,0.0
94799,1,0.803532745,51,1,1.0693825590000001,3141.0,5,0,1,0,0.0
94801,0,0.019181871,81,0,0.09820641,3400.0,10,0,0,0,1.0
94802,0,1.006815084,51,0,0.267793837,11000.0,10,0,1,0,0.0
94803,0,0.290379392,58,0,2253.0,,6,0,1,0,1.0
94804,0,0.520929591,50,0,0.223510596,2500.0,6,0,0,0,1.0
94805,0,0.5498873129999999,67,0,0.33569635200000003,6770.0,28,0,0,0,0.0
94806,0,0.579014629,41,0,0.315595467,25500.0,8,0,2,0,2.0
94808,0,0.870283962,45,0,0.463192101,8000.0,8,0,2,0,0.0
94810,0,0.055064008,70,0,0.15315659,5242.0,9,0,0,0,1.0
94811,0,0.705951364,66,0,0.38611823,23800.0,35,0,2,0,0.0
94812,0,0.022890378,32,0,2975.0,,9,0,1,0,0.0
94813,0,0.040847779,48,0,1831.0,,8,0,1,0,0.0
94815,0,0.011090506000000002,86,0,9.0,,3,0,0,0,0.0
94816,0,0.433120529,58,0,0.02480898,10600.0,4,0,0,0,0.0
94818,0,0.11577606300000001,49,0,1342.0,,6,0,1,0,0.0
94819,0,0.29119272,53,0,0.39117802399999996,3785.0,10,0,1,0,2.0
94823,0,0.001530031,74,0,0.598480304,5000.0,18,0,1,0,0.0
94824,0,0.16460450199999999,45,0,0.408550305,3110.0,9,0,1,0,3.0
94826,1,0.790105224,40,0,0.28287076,3566.0,11,0,0,0,1.0
94827,0,0.6554971789999999,66,0,2.379654859,1100.0,12,0,0,0,0.0
94828,1,0.9999998999999999,23,0,0.0,,0,1,0,0,
94831,0,0.69923022,51,0,0.160358492,13500.0,7,0,1,0,1.0
94832,0,0.285573565,46,0,0.18815397899999997,10416.0,6,0,1,0,3.0
94833,0,0.153449387,35,0,0.35152057200000003,3353.0,7,0,0,0,2.0
94834,0,0.273379105,54,0,0.440257021,13850.0,15,0,2,0,1.0
94835,0,0.009679613,48,0,1958.0,,4,0,1,0,0.0
94836,0,0.022789059,77,0,0.078998073,3632.0,10,0,0,0,1.0
94838,0,0.004930864,29,0,2900.0,,8,0,2,0,0.0
94839,0,0.527444317,60,1,0.235255995,4628.0,10,0,0,1,0.0
94840,0,0.10379935400000001,40,0,0.350326421,10415.0,16,0,1,0,1.0
94841,0,0.13303922099999999,79,0,3631.0,,12,0,2,0,0.0
94844,0,0.061644225,57,0,2930.0,,6,0,1,0,0.0
94846,0,0.048518668,53,0,0.018415179,3583.0,5,0,0,0,2.0
94847,0,0.0,37,0,0.9644543179999999,3600.0,4,0,2,0,0.0
94848,0,0.957007165,47,2,0.9116813859999999,6000.0,12,0,3,0,1.0
94849,0,0.6615273429999999,59,0,0.09680565699999999,4100.0,4,0,0,0,0.0
94850,0,0.023999314,60,0,0.342990654,6419.0,7,0,1,0,1.0
94852,0,0.229581308,45,0,0.535189179,5100.0,9,0,2,0,4.0
94853,0,0.0007199810000000001,61,0,300.0,,5,0,0,0,1.0
94855,0,0.053521399000000004,47,0,0.380834977,6083.0,6,0,1,0,0.0
94856,0,0.045216912000000005,62,0,1247.0,0.0,12,0,2,0,2.0
94857,0,0.284744956,52,0,0.115443425,2615.0,4,0,0,0,3.0
94858,0,0.518672707,51,2,0.478354281,9308.0,9,0,3,0,3.0
94859,0,0.26042355100000003,29,0,0.10503282300000001,5483.0,8,0,0,0,0.0
94860,0,0.180592781,29,0,1722.0,,8,0,0,0,1.0
94861,0,0.387495297,57,0,0.7617328520000001,3600.0,9,0,1,0,2.0
94862,1,0.839403848,47,0,0.8517608520000001,2441.0,15,0,1,0,3.0
94864,0,0.024778789,57,0,0.207408818,10500.0,15,1,1,0,0.0
94868,0,0.24457372300000002,54,1,0.27244614,9700.0,16,0,2,0,0.0
94869,0,0.110093938,73,0,1852.0,,16,0,0,0,0.0
94870,0,0.035298618,61,0,0.071976008,6001.0,8,0,2,0,1.0
94871,0,0.041447927999999995,65,0,1377.0,,2,0,1,0,
94873,1,0.774976935,46,1,1.0153282240000001,3000.0,10,0,0,5,1.0
94875,0,0.6942920509999999,47,0,0.074156367,7200.0,5,0,0,0,2.0
94877,0,0.136438102,54,4,0.39395370799999996,6350.0,11,1,2,0,3.0
94878,0,0.269586521,42,0,1.980984885,2050.0,8,0,5,0,0.0
94880,0,0.016695973,73,0,0.018920813,1426.0,4,0,0,0,0.0
94882,0,0.06753823,77,0,0.033595521,7500.0,10,0,0,0,0.0
94884,0,0.018091193999999998,72,0,1221.0,,4,0,1,0,
94885,0,0.7968367190000001,49,1,1433.0,,7,0,0,0,2.0
94887,0,0.637543111,32,0,470.0,,14,0,0,0,0.0
94888,0,0.024619392,38,0,841.0,,6,0,0,0,0.0
94890,0,0.052615125,41,0,0.36678445200000004,5659.0,9,0,1,0,0.0
94891,0,0.09113696800000001,57,0,0.38623415899999997,8600.0,15,0,3,0,0.0
94892,0,0.12837467800000002,45,0,0.411007403,6213.0,5,0,1,0,4.0
94893,0,0.021985606,75,0,2346.0,,12,0,1,0,0.0
94894,0,0.04800239,37,0,0.342597926,6943.0,10,0,1,0,3.0
94895,0,0.399160291,47,0,0.352303975,12000.0,12,0,2,0,3.0
94896,0,0.01859907,57,0,2683.0,,5,0,2,0,0.0
94897,0,0.9999998999999999,41,0,0.082399273,3300.0,0,1,0,0,0.0
94901,0,0.831561733,30,0,0.999121072,4550.0,16,0,1,0,2.0
94902,0,0.0,82,0,0.435102041,2449.0,5,0,1,0,0.0
94903,0,0.5515862189999999,33,0,0.220246238,2923.0,4,0,0,0,0.0
94904,1,0.678054878,43,1,0.146118721,4598.0,8,0,0,1,0.0
94905,0,0.02023631,61,0,0.117941152,12200.0,8,0,1,0,0.0
94906,0,0.17266725100000002,47,2,1108.0,,10,0,1,0,0.0
94907,0,0.0394918,62,0,0.635815837,10620.0,8,0,2,0,0.0
94908,0,0.019999651,60,0,0.164418346,6300.0,7,0,0,0,0.0
94910,0,0.9999998999999999,52,0,0.130147084,29166.0,5,0,1,0,0.0
94912,0,0.373019737,63,0,0.21682712399999998,7166.0,6,0,1,0,0.0
94913,0,0.108494201,50,0,0.373964088,11583.0,9,0,2,0,1.0
94914,1,0.765808548,35,0,0.336024606,2600.0,3,3,0,1,2.0
94915,0,0.016899155,47,0,0.002806624,3562.0,2,0,0,0,1.0
94916,0,0.137698604,77,0,0.208223312,2650.0,6,0,0,0,0.0
94917,0,0.082680397,43,0,0.840868637,5617.0,7,0,1,0,0.0
94919,0,0.9999998999999999,36,0,0.234896401,4584.0,5,0,1,0,1.0
94920,0,0.7530047879999999,47,1,0.645268234,3317.0,12,0,1,0,0.0
94922,0,0.015699477,47,0,0.2856619,5453.0,7,0,1,0,0.0
94923,0,0.0031246090000000004,39,1,0.178154426,2654.0,6,1,0,0,1.0
94924,0,0.029340817999999998,69,0,0.502774573,18200.0,10,0,4,0,1.0
94926,0,0.010601996,76,0,23.0,,8,0,0,0,0.0
94927,0,0.43292835399999996,59,0,0.062394604000000006,4150.0,2,0,0,0,0.0
94930,0,0.389980977,29,1,0.16947115399999998,3327.0,7,0,0,0,1.0
94931,1,0.941058941,39,1,0.119104542,4600.0,7,4,0,2,2.0
94932,0,0.073720566,76,0,0.20226591100000002,3000.0,12,0,1,0,0.0
94933,1,0.741597121,45,0,5257.0,,13,1,4,0,0.0
94934,0,0.022856759,58,0,613.0,0.0,11,0,1,0,0.0
94935,0,0.016715666,66,0,5.0,,3,0,0,0,0.0
94936,0,0.13499665800000002,62,0,0.554613157,4833.0,11,0,2,0,1.0
94937,0,0.347341167,49,0,8656.0,,24,0,4,0,0.0
94939,0,0.202055336,52,0,0.46658667200000004,10833.0,22,0,2,0,0.0
94940,0,0.8236705320000001,38,0,0.14427157,4241.0,4,0,0,0,4.0
94941,0,0.093367953,65,0,3550.0,,22,0,3,0,0.0
94942,0,0.093437521,41,0,0.010892116,3855.0,3,0,0,0,0.0
94943,0,0.32647129399999997,39,0,1.278934625,2064.0,10,0,1,0,4.0
94947,0,0.16946812100000003,36,0,3949.0,1.0,4,0,2,0,0.0
94948,0,0.406427995,52,0,2.286285486,2500.0,12,0,2,0,2.0
94952,0,0.149093925,53,0,3724.0,,4,0,1,0,0.0
94953,0,0.0,76,0,0.089454739,7500.0,9,0,0,0,1.0
94956,0,0.38126193799999997,54,0,0.7084252320000001,6800.0,12,0,2,0,2.0
94957,0,0.410215235,63,0,0.26602057,5055.0,11,0,0,0,0.0
94958,0,0.790867346,71,0,0.5612626070000001,5353.0,6,0,2,0,1.0
94960,0,0.100964485,65,0,0.20954778699999999,10326.0,9,0,2,0,2.0
94961,0,0.006283535,63,0,1994.0,,10,0,1,0,0.0
94962,0,0.051881082,34,0,0.43091515,3900.0,7,0,1,0,3.0
94963,0,0.128697956,64,0,0.421830005,10764.0,10,0,3,0,1.0
94964,0,0.53165436,61,0,0.8261851020000001,2214.0,14,0,1,0,0.0
94967,0,0.9999998999999999,53,2,0.004736344,9500.0,8,3,0,0,1.0
94968,0,0.07929220099999999,76,0,0.12423850800000001,10833.0,15,0,1,0,0.0
94970,0,0.000857129,52,0,0.229233173,14722.0,8,0,2,0,2.0
94971,0,0.003099845,79,0,0.00029985,3334.0,1,0,0,0,0.0
94973,0,0.42873928200000005,44,0,0.6363896029999999,3500.0,8,0,1,0,1.0
94974,0,0.8063872259999999,41,0,0.036385446,2500.0,1,0,0,0,2.0
94975,0,0.09721862199999999,45,0,0.9501466279999999,3750.0,5,0,1,0,2.0
94976,0,0.31576917,33,0,0.28742866699999997,11915.0,13,0,0,0,0.0
94977,0,0.005794575,44,0,0.0008520310000000001,3520.0,5,0,0,0,3.0
94978,0,0.021990177000000003,47,0,2373.0,0.0,10,0,1,0,0.0
94980,0,0.011969198,62,0,1337.0,0.0,9,0,1,0,0.0
94984,0,0.9999998999999999,30,0,0.0,3126.0,0,1,0,0,3.0
94985,0,0.546708791,54,0,0.310278393,10380.0,17,0,2,0,2.0
94986,0,0.013468329,46,0,0.008142116999999999,1350.0,3,0,0,0,1.0
94987,0,0.0,24,0,0.182817183,1000.0,5,0,0,0,0.0
94988,0,0.177437922,61,0,0.214050706,15500.0,13,0,2,0,0.0
94990,0,0.46082422700000003,29,0,304.5,1.0,10,0,0,0,0.0
94991,0,0.159206324,47,2,0.317225578,4800.0,11,0,2,0,1.0
94992,0,0.767519373,38,0,0.130408654,3327.0,6,0,0,0,1.0
94993,0,0.049774898,55,0,1.8981018980000002,1000.0,11,0,1,0,0.0
94996,0,0.35102416299999994,41,0,0.214959887,8475.0,22,0,2,0,0.0
94997,0,0.022655638,72,0,41.0,,5,0,0,0,0.0
94999,0,0.953478519,54,1,0.212205528,5390.0,6,0,1,0,0.0
95000,0,0.04128235,56,0,0.21407874600000001,5866.0,7,0,1,0,3.0
95001,0,0.056047198,50,0,0.060483217,6166.0,2,0,0,0,1.0
95004,0,0.9454090940000001,46,0,0.120526905,18750.0,4,0,1,0,0.0
95006,0,0.242307098,61,0,0.24051539,18160.0,8,0,2,0,0.0
95009,0,0.0,67,0,101.0,,12,0,0,0,0.0
95010,0,0.023056012999999997,58,0,0.00979804,5000.0,5,0,0,0,2.0
95011,0,0.16023874300000002,50,0,1.7226154359999999,8900.0,25,0,6,0,4.0
95012,0,0.07247511,70,0,0.284716919,9166.0,5,0,2,0,1.0
95013,0,0.703286448,29,0,0.166228301,1900.0,2,0,0,0,2.0
95014,0,0.35423169,52,1,0.133143343,20000.0,7,0,1,0,1.0
95016,0,0.058396107,74,0,5216.0,,8,0,1,0,0.0
95017,0,0.37512884399999996,65,1,0.251513809,6770.0,9,0,1,0,3.0
95019,0,0.693516459,51,0,0.491046269,11000.0,11,0,1,0,4.0
95020,0,0.17382617399999997,51,0,5.0,,4,0,0,0,
95021,0,0.13800755,41,0,0.265061245,12000.0,10,0,2,0,0.0
95022,0,0.033827266,71,0,0.128490401,4583.0,5,0,0,0,1.0
95023,0,0.06354844,65,0,0.21496970899999998,5116.0,5,0,2,0,1.0
95024,0,0.094684216,32,0,0.089413448,2795.0,4,0,0,1,0.0
95026,0,0.37691033700000004,72,0,0.932553957,1111.0,11,0,1,0,0.0
95027,0,0.004563352,79,0,0.6931124670000001,1146.0,6,0,1,0,0.0
95029,0,0.658201335,62,0,0.516586538,4159.0,15,0,0,0,0.0
95030,0,0.0,21,0,2.0,1.0,1,0,0,0,0.0
95033,0,0.28822853,55,0,0.457187971,13932.0,17,0,3,0,0.0
95034,0,0.18079477800000002,55,0,0.620613403,10400.0,17,0,2,0,2.0
95035,0,0.026562972999999997,48,0,0.269858887,6306.0,5,0,1,0,3.0
95036,0,0.598768661,34,0,0.661440582,4400.0,9,0,2,0,2.0
95037,0,0.0,34,0,0.556822983,7100.0,11,0,1,0,3.0
95039,0,0.192154395,28,0,0.106566689,4400.0,4,0,0,0,0.0
95040,0,1.041369472,22,0,21.0,,1,0,0,0,0.0
95041,0,0.040094514,59,0,113.0,,5,0,0,0,0.0
95042,1,0.9999998999999999,23,0,0.081836327,500.0,0,1,0,0,0.0
95044,0,0.179264373,56,1,0.12465087400000001,29000.0,9,0,1,0,2.0
95046,1,0.0,48,0,3552.0,0.0,4,11,1,0,0.0
95048,0,0.031790018999999996,45,0,2337.0,,8,0,1,0,0.0
95050,0,0.970461426,44,3,0.413594379,12666.0,8,0,2,1,4.0
95052,0,0.20677712,71,1,1.0907407409999998,2699.0,15,0,3,0,0.0
95053,0,0.9999998999999999,49,0,0.281184486,3815.0,3,1,1,2,4.0
95055,0,0.489552283,68,0,1465.0,1.0,14,0,2,0,0.0
95056,0,0.9999998999999999,44,0,0.424270166,9830.0,4,0,3,0,0.0
95057,0,0.016049198,29,0,0.137562604,2994.0,3,0,0,0,2.0
95058,0,0.431980801,32,0,0.14350954900000001,7225.0,8,0,0,0,4.0
95059,0,0.026946801,45,0,0.29821913699999997,6625.0,5,0,1,0,2.0
95060,0,0.246760363,64,0,2133.0,,9,0,4,0,
95061,0,0.0019978879999999997,69,0,0.008260421,18400.0,42,0,0,0,2.0
95062,0,0.02958591,38,0,0.561322568,2600.0,10,0,2,0,0.0
95063,0,0.43092817899999997,35,0,0.244918361,3000.0,6,0,0,0,3.0
95064,0,0.0,59,2,0.459441489,3007.0,3,0,1,2,0.0
95065,0,0.047834838,41,0,0.602011946,22266.0,21,0,12,0,2.0
95066,1,0.9999998999999999,46,0,0.0,8500.0,0,0,0,0,3.0
95067,1,1.018196361,44,3,0.232810337,4333.0,3,0,2,0,5.0
95068,0,0.004208009,54,0,1008.0,,11,0,0,0,1.0
95071,0,0.05853885,48,0,0.251408835,5500.0,26,0,1,0,0.0
95072,0,0.9999998999999999,25,0,0.0,500.0,1,0,0,0,0.0
95075,0,0.9638207120000001,55,0,0.319315165,32766.0,11,0,2,0,1.0
95076,0,0.183876005,65,0,0.424709677,15499.0,18,0,2,0,0.0
95077,0,0.02906742,57,0,29.0,,6,0,0,0,0.0
95078,0,0.0,58,0,0.34073384700000003,7521.0,12,0,1,0,1.0
95079,1,0.060993900999999996,31,0,0.070692579,7666.0,19,0,0,0,0.0
95081,0,0.9999998999999999,53,0,0.24568857800000002,4000.0,5,0,0,0,0.0
95082,0,0.08491186,29,0,0.139704038,3986.0,10,0,0,0,0.0
95084,0,0.293677247,34,0,0.080690561,5328.0,5,0,0,0,2.0
95086,0,0.0,44,0,0.20528664600000002,5825.0,7,0,1,0,2.0
95087,0,0.205259003,50,0,0.6920490509999999,10111.0,23,0,2,0,0.0
95088,0,0.009184845,63,0,0.13640529999999998,12000.0,7,0,1,0,1.0
95089,0,0.027931471,80,0,0.039156627,331.0,3,0,0,0,0.0
95090,0,0.005669068,86,0,0.00119952,2500.0,3,0,0,0,2.0
95091,0,0.384360837,31,0,0.20900529,7750.0,9,0,2,0,0.0
95092,0,0.37813367200000003,47,0,0.13587370699999998,9184.0,6,0,0,0,3.0
95093,0,0.102847757,46,1,0.585386758,4666.0,13,0,1,0,1.0
95094,0,0.361763824,37,1,0.521865889,2400.0,3,0,1,0,3.0
95095,0,0.949170902,32,0,0.25671073699999997,9983.0,8,0,2,0,0.0
95096,0,0.095308556,66,1,0.664487347,13000.0,10,0,2,0,1.0
95097,0,0.0,54,0,0.233765479,17200.0,10,0,2,0,1.0
95098,0,0.247557793,58,2,0.599847173,3925.0,11,0,1,0,1.0
95099,1,0.9746812220000001,39,1,4340.0,,12,0,3,0,0.0
95100,0,0.0,48,0,33.0,,6,0,0,0,
95102,0,0.12127693699999999,33,0,0.20605878800000002,3333.0,20,0,0,0,0.0
95103,0,0.03421842,56,0,2292.0,,4,0,2,0,0.0
95106,0,0.9999998999999999,50,0,0.0,1250.0,0,0,0,0,0.0
95107,0,0.001616129,47,4,0.000616903,1620.0,7,0,0,0,2.0
95108,0,0.000729433,63,0,1429.0,,18,0,1,0,0.0
95109,0,0.365495065,45,1,0.826391203,3000.0,13,0,1,0,0.0
95110,0,0.468569267,53,0,0.315447425,6000.0,6,0,1,0,0.0
95113,0,0.37726473200000005,43,3,0.707087672,2976.0,19,0,2,1,1.0
95114,0,0.21915420600000002,35,0,0.115245765,3600.0,4,0,0,0,0.0
95116,0,0.0,52,2,0.413208119,3300.0,4,0,1,0,2.0
95117,0,0.9999998999999999,46,1,8416.0,0.0,11,0,2,0,2.0
95118,0,0.189509017,67,0,0.042770388,96000.0,24,0,1,0,0.0
95119,0,0.0035332740000000003,43,0,0.348887037,8400.0,11,0,2,0,0.0
95120,0,0.38497277,40,0,0.409236996,8400.0,8,0,1,0,0.0
95121,1,0.5762974439999999,50,0,0.259204471,6083.0,8,0,0,1,3.0
95122,0,0.011103065,65,0,9.0,,2,0,0,0,0.0
95123,0,0.273116872,46,0,0.382776445,10833.0,8,0,2,0,1.0
95124,0,0.314492118,53,0,0.430680446,7450.0,14,0,2,0,1.0
95125,0,0.142021863,51,0,1322.0,,7,0,2,0,0.0
95126,0,0.019693696,92,0,1232.0,,12,0,1,0,0.0
95127,0,0.173450782,63,0,0.222770711,15800.0,13,0,1,0,0.0
95128,0,0.10114980800000001,43,1,0.41228796,4833.0,9,0,1,0,0.0
95129,0,0.13461263699999998,65,0,0.041612671000000004,20834.0,7,0,1,0,2.0
95130,0,0.211745431,49,0,1.208663057,2400.0,10,0,1,0,0.0
95131,1,0.623845566,29,0,0.24515097,5000.0,7,0,0,1,1.0
95132,0,0.00411755,58,0,0.12743981199999999,13166.0,9,0,1,0,0.0
95134,0,0.069212848,59,0,2145.0,,6,0,2,0,0.0
95135,0,0.083633085,77,0,0.14557425,5467.0,15,0,0,0,1.0
95138,0,0.9999998999999999,74,0,0.016327891,3000.0,4,0,0,0,0.0
95139,0,0.14638461,37,0,0.35508715,7400.0,8,0,1,0,2.0
95141,0,0.9999998999999999,36,0,1236.0,1.0,8,0,1,0,2.0
95142,0,0.024999219,54,1,0.477480034,24666.0,15,0,6,0,0.0
95144,0,0.10879920900000001,46,1,0.429453154,8100.0,21,0,2,0,4.0
95145,0,0.8353183359999999,43,1,0.658447184,3000.0,8,1,0,0,0.0
95146,0,0.009203751,60,0,0.23417867899999997,12972.0,9,0,2,0,0.0
95147,0,0.163808712,46,1,0.56927692,16000.0,6,0,2,0,0.0
95150,0,0.530412721,61,0,0.4695102,9166.0,7,0,2,0,0.0
95151,0,0.9999998999999999,38,0,0.021156559,4253.0,3,0,0,0,1.0
95152,0,0.304479559,38,0,0.249103186,18955.0,12,0,2,0,2.0
95153,0,0.008090174,84,0,2.0,,4,0,0,0,0.0
95154,0,0.9999998999999999,60,0,0.0,,1,0,0,0,0.0
95155,0,0.014075013999999999,71,0,0.008962427,2900.0,4,0,0,0,0.0
95157,0,0.658249812,49,1,0.59880015,8000.0,8,0,2,0,0.0
95158,0,0.321393833,54,0,0.40348015200000004,5516.0,14,0,1,0,2.0
95161,0,0.870394585,46,1,1.004054376,4192.0,9,0,4,0,3.0
95163,0,0.482247411,59,0,0.28090146899999996,13000.0,17,0,3,0,0.0
95164,0,0.052573232000000004,73,0,0.125443405,3100.0,14,0,1,1,0.0
95165,0,0.91541509,57,0,0.359602605,14896.0,9,0,2,0,1.0
95166,0,0.00026315,76,0,6.0,,7,0,0,0,0.0
95167,0,0.024747937999999997,30,0,0.002908033,2750.0,5,0,0,0,0.0
95168,0,0.534073462,27,0,0.50219912,2500.0,14,0,0,0,1.0
95169,0,0.937158242,63,0,0.359646353,9500.0,6,0,1,0,1.0
95170,0,0.028728331,31,0,127.0,,7,0,0,0,0.0
95171,0,0.020783908,55,0,0.6734923490000001,4443.0,22,0,2,0,0.0
95172,0,0.393734985,45,1,0.545622309,4876.0,16,0,2,0,1.0
95173,0,0.128458897,26,0,218.0,0.0,8,1,0,0,1.0
95174,0,0.67179093,51,0,0.21595680899999997,3333.0,4,0,1,0,2.0
95176,0,0.555506019,59,0,0.24876655399999997,3850.0,7,0,0,0,0.0
95178,0,0.085075703,30,0,0.182798719,17800.0,13,0,2,0,0.0
95179,0,0.100786181,46,0,0.04350114,5700.0,16,0,0,0,0.0
95180,0,0.08807268900000001,40,0,1456.0,,5,0,2,0,
95181,0,0.100155551,36,0,0.115584843,15174.0,10,0,2,0,1.0
95182,0,0.957014329,27,0,0.7264,624.0,3,0,0,0,0.0
95184,0,0.014715536999999999,35,0,1556.0,,7,0,1,0,
95185,0,0.823191184,44,0,0.42128246399999997,4350.0,6,0,0,0,1.0
95188,0,0.005699715,95,0,3.0,,1,0,0,0,
95190,0,0.95380774,32,0,0.09252422699999999,4333.0,3,0,0,0,0.0
95191,0,0.016654106000000002,63,0,2093.0,,10,0,1,0,0.0
95194,0,0.19361792,44,0,0.271902953,8160.0,6,0,2,0,1.0
95195,0,0.9739477670000001,31,0,0.548359052,4600.0,11,0,2,0,2.0
95197,0,0.6350272370000001,43,0,0.298623734,3850.0,7,0,1,0,1.0
95198,0,0.0,33,2,0.130595293,6500.0,3,1,0,1,0.0
95199,0,0.088840974,41,0,0.292819114,7700.0,7,0,1,0,3.0
95200,0,0.20477525,54,0,0.347492201,8333.0,15,0,3,0,0.0
95202,0,0.071540681,67,0,0.038147139,1100.0,5,0,0,0,0.0
95204,0,0.099193387,48,0,0.196665404,7916.0,14,0,2,0,1.0
95207,0,1.002532996,54,4,1148.0,,8,0,0,1,0.0
95209,0,0.210569377,43,1,0.536178905,9300.0,9,0,2,0,0.0
95210,0,0.0,76,0,0.0,6667.0,10,0,0,0,0.0
95211,0,0.6929073809999999,34,0,0.12145577699999999,4725.0,11,0,0,0,0.0
95212,0,0.587760816,39,0,0.396714048,5416.0,7,0,2,0,1.0
95215,0,0.0,35,0,0.354312354,5576.0,9,0,2,0,3.0
95216,0,0.37792793399999997,50,1,0.299073666,4533.0,12,0,0,0,3.0
95217,0,0.666655809,75,1,0.498977505,4400.0,16,0,1,0,0.0
95218,0,0.88609406,40,0,0.856031993,4500.0,11,0,2,0,1.0
95219,0,0.630798289,33,1,0.099914603,5854.0,6,0,0,0,3.0
95220,0,0.9175948209999999,67,0,0.5862187179999999,2916.0,8,0,0,0,1.0
95221,0,0.5662867429999999,26,0,0.215776441,2826.0,6,0,0,0,0.0
95222,0,0.280994494,72,1,0.458216713,2500.0,6,0,0,0,0.0
95224,0,0.0,57,0,3296.0,,13,1,1,0,0.0
95226,0,0.10164745900000001,43,0,0.135440701,4333.0,2,0,0,0,2.0
95227,0,0.079022657,64,0,0.508282249,7666.0,15,0,2,0,0.0
95229,0,0.0036273620000000003,58,0,0.585377585,6236.0,17,0,1,0,1.0
95230,1,0.825793552,40,2,0.9555222390000001,2000.0,9,0,0,0,2.0
95231,0,0.06989577400000001,65,0,0.5071991770000001,5833.0,21,0,2,0,0.0
95232,0,0.905549748,79,0,1.340198322,1310.0,8,0,1,0,0.0
95233,0,0.097793984,34,0,2342.0,,6,0,2,0,0.0
95236,0,0.019593271000000002,85,0,0.166138977,6000.0,4,0,1,0,0.0
95237,0,0.017075195,67,0,0.320882852,5300.0,9,0,1,0,0.0
95238,0,0.00115006,51,2,2395.0,,20,0,2,0,0.0
95239,0,0.271061067,68,0,0.580449097,5922.0,6,0,2,0,0.0
95240,0,0.026722996000000002,57,0,0.299981368,5366.0,9,0,2,0,0.0
95241,0,0.8626008209999999,34,0,0.17438607399999997,3216.0,4,0,0,0,1.0
95242,0,0.637729903,66,0,0.813820674,3501.0,14,0,1,0,0.0
95243,0,0.036390056000000004,62,0,0.7455006,7500.0,11,0,2,0,2.0
95244,0,0.7829836240000001,54,0,0.734455011,2733.0,5,0,2,0,3.0
95246,0,0.517291112,41,0,0.158148063,8725.0,5,0,0,0,4.0
95248,0,0.731361165,38,0,0.228304743,3963.0,6,0,0,2,4.0
95249,0,0.05826922,68,0,96.0,0.0,6,0,0,0,1.0
95251,0,0.0,77,0,0.0,3800.0,5,0,0,0,0.0
95252,1,0.9999998999999999,51,0,1076.0,,1,1,0,1,0.0
95253,0,0.068370727,41,0,0.15745121199999998,6763.0,6,0,1,0,4.0
95255,1,0.41853857899999997,47,0,1.087703912,5700.0,25,0,7,0,4.0
95259,0,0.018804419,29,0,0.45050707,7000.0,19,0,2,0,0.0
95263,0,0.001995665,54,0,0.098991001,7333.0,8,0,0,0,0.0
95269,0,8228.0,38,0,0.273372663,10000.0,10,0,2,0,0.0
95271,0,0.9999998999999999,41,0,0.006381621,4700.0,1,2,0,0,0.0
95272,1,0.12024023699999999,43,0,0.477932212,4100.0,16,1,1,0,3.0
95274,0,0.06261339099999999,77,0,0.353329334,5000.0,8,0,1,0,0.0
95275,0,0.01744532,55,0,0.20007999199999998,10000.0,6,0,1,0,0.0
95277,0,0.032088298,58,0,0.20331977899999998,15000.0,17,0,1,0,5.0
95278,0,0.298059965,54,1,0.784431138,500.0,4,0,0,1,0.0
95279,0,0.00061222,91,0,3.0,,6,0,0,0,
95280,0,0.19776017199999998,51,0,4926.0,,12,0,2,0,0.0
95281,0,0.9051031629999999,49,0,0.321893428,18822.0,5,0,2,0,2.0
95283,0,0.098663943,50,0,0.379724055,5000.0,7,0,1,0,2.0
95284,0,0.136859209,58,0,0.801878179,7666.0,16,0,2,0,0.0
95285,0,0.30703801399999997,28,0,0.888555722,2000.0,13,0,1,0,0.0
95287,0,0.081257253,38,1,0.198927401,10068.0,9,0,2,0,3.0
95292,0,0.512061997,37,0,753.0,,3,0,0,0,0.0
95293,0,0.201945633,64,0,0.132680692,4800.0,10,0,0,0,0.0
95294,0,0.154622556,62,0,0.329995075,6090.0,6,0,3,0,0.0
95296,0,0.014089628,35,0,0.164925034,2200.0,4,0,0,0,0.0
95297,0,0.642063747,75,0,0.615415577,4968.0,12,0,0,0,0.0
95298,0,0.055496994,35,1,1653.0,0.0,16,0,2,0,0.0
95299,0,0.145655849,51,0,0.417848207,3596.0,18,0,1,0,2.0
95300,0,0.0828247,43,0,0.669666427,8333.0,11,0,4,0,0.0
95301,0,0.5685893120000001,45,0,0.18075915,10300.0,10,0,0,0,3.0
95302,0,0.015657014,79,0,0.19020368,16250.0,12,0,3,0,1.0
95303,0,0.425119498,60,1,0.741551642,2100.0,22,0,1,0,0.0
95306,0,0.134253114,38,0,0.495154592,6500.0,8,0,2,1,2.0
95307,0,0.642714305,49,0,0.068538791,2100.0,1,0,0,0,0.0
95310,0,0.020340471000000002,35,0,0.430172675,3300.0,13,0,2,0,0.0
95313,0,0.052903900999999996,88,0,27.0,,4,0,0,0,
95317,0,0.09489026800000001,57,0,0.8260806709999999,6916.0,16,0,3,0,0.0
95318,0,0.9999998999999999,44,0,0.0,2176.0,0,0,0,0,0.0
95319,0,0.436867374,51,0,0.06483866099999999,6600.0,3,0,0,0,2.0
95320,0,0.0,69,0,0.00419916,5000.0,7,0,0,0,0.0
95321,0,0.10188215,56,0,786.0,,10,0,1,0,0.0
95324,0,0.200765799,61,0,0.12027927599999999,3150.0,15,0,0,0,0.0
95325,0,0.22984391699999998,62,0,5796.0,,14,0,5,0,0.0
95327,1,0.9999998999999999,25,0,14.0,,0,0,0,1,
95330,0,0.571336948,37,0,0.18504845399999997,6500.0,3,0,1,0,2.0
95331,0,0.09799836699999999,34,0,0.232301416,8333.0,8,0,2,0,0.0
95332,0,0.090996416,60,0,0.23654199899999998,8154.0,9,0,1,0,1.0
95333,0,0.243738697,54,9,0.49694362700000005,4416.0,30,0,1,2,1.0
95335,0,1.035602748,34,3,1.531609195,695.0,8,0,0,2,0.0
95336,0,0.79654389,45,1,0.9701458000000001,4320.0,12,0,1,0,3.0
95337,0,0.419395151,36,0,0.134247358,3500.0,5,0,0,1,0.0
95338,0,0.07094115299999999,47,0,604.0,,3,0,1,0,0.0
95339,0,0.051485075,46,0,0.29100658100000004,4102.0,9,0,1,0,0.0
95340,1,0.9999998999999999,32,0,0.122371596,2900.0,4,0,0,0,2.0
95342,0,0.330852128,30,1,1659.0,,6,0,1,0,0.0
95346,0,0.702957772,44,0,4937.0,,16,0,1,0,3.0
95347,0,0.156000651,61,0,0.330805034,5800.0,20,0,1,0,0.0
95348,0,0.012662446,29,0,0.8692977959999999,1950.0,5,0,2,0,0.0
95349,1,1.115512773,25,2,0.426594927,1300.0,5,3,0,1,0.0
95351,0,0.016030276,44,0,0.09319318,7800.0,10,0,0,0,1.0
95352,0,0.57685992,46,0,0.512050046,9750.0,17,0,2,0,2.0
95353,0,0.025303614,38,0,0.057282972,9583.0,6,0,0,0,3.0
95354,0,0.870823102,45,0,0.293823577,6200.0,16,0,0,0,2.0
95356,0,0.289873145,52,0,0.385497201,3750.0,16,0,1,0,1.0
95357,1,0.9999998999999999,46,0,0.0,,0,1,0,0,0.0
95358,0,1.00313917,29,1,2.568862275,500.0,12,0,0,1,0.0
95359,0,0.086012935,56,0,0.44548725200000006,6392.0,9,0,1,0,0.0
95360,0,0.077629306,36,3,0.318013224,6200.0,5,0,1,1,1.0
95362,0,0.136984779,78,0,0.010854042,3500.0,3,0,0,0,0.0
95363,1,0.117239155,27,0,0.025371829,8000.0,6,0,0,1,0.0
95364,0,0.040495034,50,0,82.0,,11,0,0,0,0.0
95366,0,0.521264119,58,2,0.36671177299999996,4433.0,9,0,0,0,1.0
95367,0,0.029877646,69,0,0.386485089,5800.0,11,0,2,0,0.0
95368,0,0.081757706,40,0,0.622075585,5000.0,12,0,2,0,1.0
95369,0,0.054024256,50,0,0.44988847,13000.0,14,0,6,0,1.0
95370,0,0.071901338,70,0,0.006142506,7325.0,8,0,0,0,0.0
95371,0,0.9999998999999999,49,0,0.128992929,4100.0,3,0,0,0,0.0
95373,0,0.127745985,64,0,0.29129979,9539.0,11,0,3,0,0.0
95375,0,0.608130623,30,0,0.10498687699999999,2666.0,2,0,0,0,0.0
95378,0,0.031128096,71,0,0.151191454,1216.0,8,0,1,0,0.0
95379,0,0.68475932,73,2,0.19700068199999998,8801.0,3,0,1,1,0.0
95380,0,0.931610831,40,1,0.262142533,4405.0,12,2,1,2,2.0
95381,0,0.30869130899999997,56,0,0.002051516,4386.0,2,0,0,0,0.0
95382,0,0.635881614,54,1,0.701767677,3959.0,14,0,1,0,0.0
95384,0,0.09989678,72,0,0.320757232,7500.0,16,0,1,0,0.0
95385,0,0.015465656999999999,52,0,0.231933733,3500.0,19,0,0,0,3.0
95386,0,0.67520117,31,0,0.403830142,1200.0,6,0,0,0,1.0
95389,0,0.575884823,46,0,0.583756345,6500.0,5,0,2,0,1.0
95393,0,0.06852728200000001,63,0,0.27758913399999996,5889.0,6,0,1,0,0.0
95395,1,0.9999998999999999,25,0,1055.0,,1,5,1,1,0.0
95396,0,0.066335588,50,0,0.433951783,9000.0,10,0,2,0,0.0
95397,0,0.017049148,61,0,0.221656291,5300.0,7,0,1,0,2.0
95398,0,0.005203146,41,0,0.366823274,8300.0,7,0,2,0,2.0
95399,0,0.189360395,61,1,0.230908542,9938.0,6,0,1,0,0.0
95401,0,0.366767984,52,0,0.246690734,6647.0,3,0,1,0,1.0
95402,0,0.0,52,0,2351.0,,5,0,3,0,0.0
95407,0,0.416424487,49,0,0.259585167,17500.0,11,0,1,0,0.0
95408,0,0.9667541559999999,39,2,0.077406455,3500.0,2,0,0,0,0.0
95409,0,0.875370821,44,0,0.564673157,10065.0,4,0,2,0,0.0
95411,0,0.08939696300000001,38,0,0.885984972,3060.0,17,0,2,0,1.0
95412,0,0.260265229,47,0,0.202159568,5000.0,10,1,0,0,0.0
95413,0,0.08573726599999999,59,0,0.080068729,8729.0,9,0,0,0,0.0
95414,0,0.083301285,26,0,0.00542281,5900.0,2,0,0,0,0.0
95416,0,0.262808838,46,0,0.030982773999999998,8068.0,6,0,0,0,3.0
95417,0,0.029598027000000002,57,0,0.004104831,3166.0,2,0,0,0,0.0
95418,0,0.227355695,58,0,0.44967784899999996,4500.0,10,0,2,0,2.0
95419,1,1.152450091,32,1,0.24790084,2500.0,2,1,0,0,0.0
95420,0,0.00716912,81,0,0.002030933,6400.0,3,0,0,0,0.0
95421,1,0.98309872,41,2,0.5133068670000001,6800.0,8,0,1,0,2.0
95423,0,0.733883023,57,0,0.42427752399999996,17266.0,13,0,2,0,2.0
95424,0,0.55489022,29,0,0.145927036,2000.0,3,0,0,0,0.0
95425,1,0.025949077,62,0,0.18960099,10500.0,32,0,2,0,0.0
95429,0,0.002054738,40,0,845.0,,4,0,1,0,0.0
95430,0,0.054263566,70,0,0.423995341,6867.0,9,0,3,0,0.0
95431,0,0.92256896,31,0,0.81193885,4120.0,9,0,1,0,0.0
95433,0,0.35854629299999996,44,0,0.768759979,3757.0,16,0,1,0,3.0
95434,1,0.9148478659999999,38,1,0.5637454470000001,9333.0,11,0,2,0,0.0
95435,0,0.04167932,63,0,0.293504902,19583.0,8,0,2,0,1.0
95438,0,0.9999998999999999,31,0,0.0,,0,0,0,0,0.0
95439,1,0.9999998999999999,37,0,112.0,,0,1,0,0,0.0
95440,0,0.005949005,57,0,0.13065368800000002,11916.0,10,0,1,0,0.0
95441,0,0.01239752,74,0,0.166426097,6927.0,3,0,0,0,0.0
95442,0,0.834047415,56,2,0.333597842,6300.0,12,0,1,1,2.0
95443,0,0.085465899,45,0,0.26196182100000004,12100.0,11,0,2,0,1.0
95444,0,0.057223458,60,0,0.398701455,8316.0,11,0,4,0,0.0
95445,0,0.07213504700000001,66,0,0.299957149,7000.0,13,0,2,0,0.0
95450,0,1.000284252,60,1,0.786534865,3742.0,8,0,1,3,1.0
95454,0,0.116663889,52,0,0.130241974,10372.0,6,0,1,0,2.0
95455,0,0.369532776,54,0,2157.0,,4,0,1,0,0.0
95456,0,1.294705295,44,0,0.009192066,4133.0,1,1,0,3,1.0
95457,0,0.266141969,53,0,0.079992454,10600.0,12,0,0,0,1.0
95462,0,0.09903638199999999,76,0,1937.0,,6,0,2,0,0.0
95463,0,0.31996007,41,0,0.8946270209999999,3833.0,11,0,2,0,0.0
95464,0,0.028876749,47,0,0.002332945,6000.0,2,0,0,0,0.0
95465,0,0.6810631229999999,63,0,0.185938021,3000.0,4,0,0,0,0.0
95466,0,0.132913736,40,2,0.476495726,3275.0,7,0,1,1,1.0
95467,1,0.300300967,40,0,0.529486852,7833.0,9,0,2,0,2.0
95468,1,0.676550117,43,0,0.401799743,7000.0,10,4,0,0,4.0
95469,0,0.7827655920000001,62,1,0.632083001,3758.0,5,0,1,0,3.0
95470,0,0.053323983,61,0,0.221923398,10782.0,11,0,3,0,0.0
95472,0,0.396640224,40,0,0.39272329799999994,6403.0,7,0,1,0,1.0
95474,0,0.0,67,0,0.22089978600000001,4200.0,13,0,1,0,4.0
95475,1,0.9999998999999999,41,0,0.433413317,3333.0,2,3,0,1,0.0
95476,0,0.975632615,35,5,0.512689054,3900.0,8,2,1,0,4.0
95478,0,0.0,80,0,0.0,,5,0,0,0,0.0
95479,0,0.306132098,38,0,0.512685914,8000.0,7,0,1,0,4.0
95481,0,0.029326466000000002,58,0,0.174413457,2258.0,9,0,0,0,0.0
95482,0,0.5843046679999999,64,0,0.966037137,6300.0,13,0,1,0,0.0
95484,0,0.021751181,67,0,0.047568031,4666.0,11,0,0,0,1.0
95485,0,0.58702889,28,0,0.691436188,3000.0,9,0,1,0,0.0
95486,0,0.900397417,40,0,0.05134357,2083.0,4,0,0,0,0.0
95487,0,0.08724563800000001,35,0,0.409471784,21600.0,7,0,4,0,2.0
95488,0,0.47182389,53,0,0.48353552899999996,7500.0,10,1,2,0,1.0
95489,0,0.156082379,52,0,0.18587941300000002,3200.0,8,0,0,0,2.0
95490,0,0.03181369,67,0,2018.0,,6,0,1,0,
95493,0,0.022413624,54,0,0.254292545,4600.0,9,0,0,0,0.0
95494,0,0.9477784020000001,54,0,0.464353278,18500.0,16,1,2,0,2.0
95495,0,0.014046783,29,1,0.244,1999.0,4,0,0,0,0.0
95498,0,0.343561455,65,0,0.489725514,6666.0,8,0,1,0,0.0
95499,0,0.124475975,57,0,0.21679802399999998,8500.0,5,0,1,0,0.0
95500,1,0.8316460440000001,49,1,0.310229923,3000.0,3,2,0,0,0.0
95501,0,0.193999122,52,0,8459.0,,25,0,5,0,2.0
95504,0,0.544760802,47,0,1.2722731059999999,1200.0,4,0,1,0,2.0
95507,0,1.715099715,38,0,0.223062382,4231.0,9,5,0,0,4.0
95508,0,0.9297628090000001,62,1,5850.0,,6,0,3,1,0.0
95509,0,0.32398385399999996,71,0,0.274679015,4750.0,8,0,0,0,0.0
95510,0,0.07424479099999999,55,0,0.219810489,9075.0,7,0,1,0,3.0
95511,0,0.6560639970000001,50,0,0.607812742,6450.0,5,0,2,0,2.0
95512,0,0.0,60,0,31.0,,1,0,0,0,0.0
95513,0,0.9999998999999999,31,0,0.59974656,5523.0,4,0,1,0,0.0
95514,0,0.020289099999999997,59,0,0.482551745,10000.0,17,0,5,0,0.0
95515,0,0.058792936,63,0,1186.0,,8,0,2,0,0.0
95517,0,0.163362142,48,0,2292.0,,5,0,1,0,0.0
95518,0,0.03956515,55,0,0.17533048399999998,10060.0,13,0,1,0,2.0
95520,0,0.9345125409999999,37,0,0.45005611700000003,2672.0,8,0,0,0,0.0
95521,1,0.7021985340000001,38,1,0.6903158979999999,1930.0,10,0,1,0,2.0
95523,0,0.129569115,40,0,2467.0,,8,0,1,0,0.0
95524,0,0.6139387279999999,36,0,0.254114752,6500.0,10,0,0,0,2.0
95526,0,0.175354596,67,1,2714.0,,16,0,2,0,0.0
95527,1,1.209580838,53,0,18.0,,2,2,0,0,0.0
95528,0,0.980667472,52,0,1.359276018,1104.0,6,0,0,0,0.0
95530,0,0.026767172000000002,42,0,0.408540925,5619.0,8,0,2,0,0.0
95532,0,0.047828685,46,0,0.005463816999999999,8235.0,10,0,0,0,0.0
95533,0,0.215067531,63,0,0.552571429,3499.0,23,0,0,0,1.0
95534,0,0.42109205299999997,46,1,0.452642328,7833.0,10,0,1,0,2.0
95535,0,0.011234291,67,0,12.0,0.0,8,0,0,0,0.0
95536,0,0.031565986000000004,66,0,1228.0,,9,0,1,0,0.0
95537,0,0.042508447000000005,89,0,1.34429949,1762.0,20,0,1,0,0.0
95538,0,0.977245303,44,1,0.04323919,4000.0,2,0,0,0,0.0
95539,0,0.96583618,46,0,0.324552971,5200.0,4,0,1,0,0.0
95540,0,0.086095695,86,0,840.0,,5,0,1,0,0.0
95541,0,0.04834156,60,0,0.5640968670000001,4500.0,18,0,2,0,1.0
95543,0,0.14038505199999998,47,0,0.299426934,5583.0,9,0,3,0,0.0
95547,0,0.0,63,0,0.121349847,8800.0,4,0,1,0,1.0
95548,0,0.0,36,0,0.0,,4,0,0,0,0.0
95549,1,1.162790698,39,1,10.0,,1,0,0,0,0.0
95553,0,0.07248693,52,0,4249.0,,7,0,1,0,4.0
95554,0,0.34155281600000004,25,0,0.014992503999999999,2000.0,3,0,0,0,0.0
95556,0,0.785975781,64,0,0.204689245,2686.0,4,0,0,1,0.0
95557,0,0.982869379,77,0,0.029673591000000003,1347.0,4,0,0,0,0.0
95558,0,0.0,71,0,0.136444182,8464.0,3,0,1,0,0.0
95559,0,0.16636631400000002,61,1,0.169728784,8000.0,10,0,2,0,0.0
95562,0,0.254149074,39,0,0.19752292800000001,23333.0,27,0,1,1,3.0
95565,0,0.20232629300000002,39,0,0.22576438199999999,6900.0,10,1,1,0,2.0
95566,1,0.11869048800000001,71,1,0.50950794,5100.0,18,0,3,0,0.0
95568,0,0.056448053,62,0,1716.0,,11,0,2,0,0.0
95571,0,0.283431394,45,0,0.250593676,8000.0,11,0,2,0,2.0
95573,0,0.310823837,43,2,0.629767176,7000.0,13,0,2,0,1.0
95574,0,0.9999998999999999,53,0,0.5271576139999999,3000.0,4,0,1,0,0.0
95578,0,0.795589463,66,0,1438.0,,3,0,0,0,0.0
95579,0,0.022173377,43,0,27.0,,6,0,0,0,0.0
95580,0,0.0,57,1,732.0,,2,0,0,0,0.0
95581,0,0.040404626,61,0,936.0,,14,0,1,0,2.0
95582,0,0.485182716,35,0,0.452208106,3305.0,11,0,0,0,2.0
95583,1,0.23962994199999998,28,0,1.0288238029999999,2150.0,8,0,2,0,0.0
95584,0,0.9999998999999999,35,1,31.0,,1,1,0,0,0.0
95585,0,0.048126342999999995,69,0,0.165533786,2500.0,9,0,0,0,0.0
95587,0,0.102567987,32,0,0.010397227,3750.0,2,0,0,0,0.0
95590,0,0.9196321470000001,26,0,0.667915106,800.0,2,0,0,0,0.0
95591,0,0.08098143099999999,54,0,0.186530208,3028.0,6,0,0,0,0.0
95592,0,0.11838743300000001,71,0,0.35804141700000003,5166.0,8,0,1,0,1.0
95593,0,0.7647589659999999,64,0,0.522075245,11641.0,16,0,1,0,0.0
95594,0,0.522910068,62,0,0.450878209,5180.0,12,0,1,0,1.0
95595,0,0.54833804,58,3,1455.0,,9,0,0,0,0.0
95597,0,0.9999998999999999,54,1,0.146577832,1650.0,2,2,0,1,0.0
95598,0,0.18580966699999998,60,0,554.0,,4,0,0,0,3.0
95599,1,0.24079894,56,1,8516.0,,12,0,3,0,0.0
95602,1,0.19689456100000002,40,1,72.0,,2,0,0,0,0.0
95603,0,0.15703092400000002,33,0,0.22196300600000002,6000.0,18,0,0,0,0.0
95604,0,0.9999998999999999,27,1,89.0,,1,0,0,1,0.0
95607,0,0.027125813,49,0,1507.0,,7,0,1,0,0.0
95608,1,1.083431257,44,1,0.7578464509999999,4141.0,3,0,1,1,2.0
95609,0,0.652669466,62,0,0.281995662,1382.0,4,0,0,0,0.0
95610,0,0.8599387470000001,55,1,0.588215142,2918.0,12,0,1,0,0.0
95612,0,0.7319665909999999,48,0,0.412220917,4254.0,7,6,0,0,0.0
95613,0,0.286745917,44,0,0.23403168100000002,5870.0,5,0,1,0,3.0
95614,0,0.507854331,56,2,0.425189042,8066.0,17,0,1,0,0.0
95615,0,0.39530005700000004,51,0,0.658041752,3400.0,17,0,1,0,1.0
95616,0,0.091297876,53,0,0.233882449,9833.0,11,3,1,0,1.0
95617,0,0.012032932,55,0,71.0,,1,0,0,0,0.0
95620,0,0.016110251000000003,75,0,0.33766558399999996,4000.0,13,0,2,1,0.0
95623,0,0.212068168,33,0,0.18924972,6250.0,11,0,0,0,0.0
95624,0,0.5454848379999999,28,0,1.016102165,1800.0,13,0,1,0,0.0
95626,0,0.0,35,1,2562.0,,7,0,1,0,1.0
95628,0,0.678464307,40,1,0.105973507,4000.0,8,1,0,2,0.0
95629,0,0.93482607,33,2,2.4418272659999998,1400.0,8,0,1,2,1.0
95631,0,0.30216865800000003,58,0,0.39596734299999997,8083.0,12,0,2,0,1.0
95632,0,0.9999998999999999,70,0,1179.0,,3,0,1,0,
95633,0,0.0,25,2,0.0,2800.0,5,0,0,1,0.0
95634,0,0.035103416,56,0,0.15230875300000002,1450.0,16,0,0,0,1.0
95635,0,0.313647658,59,0,5637.0,,22,0,2,0,0.0
95636,0,0.14337142,41,0,966.0,,7,0,0,0,2.0
95637,0,0.19647544100000003,57,0,0.169894737,4749.0,4,0,1,0,1.0
95638,0,0.9999998999999999,25,1,0.0,1400.0,1,0,0,1,0.0
95641,0,0.7450935320000001,31,0,0.571154308,4166.0,11,0,1,0,0.0
95642,1,0.9999998999999999,46,2,0.25236934699999997,3692.0,4,2,0,0,2.0
95643,1,0.536070308,51,1,0.269421957,7040.0,5,5,0,0,1.0
95644,0,0.473773266,54,3,1.0784494690000002,6500.0,7,0,3,0,0.0
95645,0,0.8691775690000001,52,0,0.517241379,5480.0,8,0,1,0,4.0
95646,0,0.0,60,0,0.004645504,9040.0,4,0,0,0,0.0
95648,0,0.053423664,58,0,0.014125956,5096.0,7,0,0,0,0.0
95649,1,0.9999998999999999,31,2,0.021191522999999997,2500.0,1,0,0,0,3.0
95650,0,0.9999998999999999,59,0,0.413612565,2291.0,2,0,0,0,1.0
95652,0,0.966016992,35,0,0.144285238,3000.0,2,0,0,0,3.0
95653,0,0.022400381,60,0,791.0,,15,0,1,0,0.0
95654,0,0.169774239,65,0,0.669082729,4000.0,21,0,2,0,2.0
95655,0,0.154309774,37,0,0.951612903,6633.0,12,0,3,0,1.0
95656,0,0.418199621,44,0,0.5970445129999999,5548.0,12,0,1,0,0.0
95659,0,0.920815837,26,0,0.277146465,1583.0,7,0,0,0,0.0
95660,0,0.284655956,53,0,2895.0,,5,0,1,0,
95661,0,0.124682962,53,0,2.123125852,2200.0,12,0,2,0,0.0
95663,0,0.046906475,53,1,0.26746538,6426.0,5,0,1,0,1.0
95668,0,0.466235402,36,0,0.169728784,8000.0,11,0,1,0,2.0
95670,0,0.143455269,61,0,0.126927639,5900.0,9,0,0,0,0.0
95671,1,1.389443652,30,1,0.25189924,2500.0,6,4,0,1,1.0
95673,0,0.133618386,37,0,0.030522300000000002,7600.0,15,0,0,0,1.0
95674,0,0.0049997620000000005,39,0,0.087582484,5000.0,3,0,0,0,4.0
95675,0,0.073197072,32,0,0.05799536,12500.0,6,0,0,0,2.0
95676,1,0.470820554,30,0,1.165095687,3500.0,8,0,2,0,0.0
95677,0,0.047805667999999996,39,0,0.299713352,15000.0,15,0,1,0,4.0
95679,0,0.134521637,67,0,0.024148792999999998,6666.0,4,0,0,0,1.0
95680,0,0.96468465,34,1,0.17055603600000002,3470.0,3,0,0,0,0.0
95681,0,0.9999998999999999,56,0,2165.0,,8,0,2,0,0.0
95682,1,0.471826409,50,0,0.363909427,12983.0,9,0,2,0,1.0
95683,0,0.558400176,25,0,0.18089200800000002,4416.0,11,0,0,0,0.0
95686,0,0.276361819,52,0,769.0,,3,0,2,0,0.0
95687,0,0.520022856,49,0,0.770046929,4900.0,10,0,1,0,2.0
95689,0,0.24559861800000002,68,0,0.432657495,2761.0,6,0,2,0,1.0
95690,0,0.05028161,38,0,0.41909621,5487.0,9,0,1,0,3.0
95693,0,0.08502515,30,0,0.009102024,7360.0,3,0,0,0,0.0
95694,0,0.361708469,56,0,0.278760455,7292.0,9,0,1,0,0.0
95695,0,0.9460539459999999,24,0,0.023993145,1166.0,1,0,0,0,0.0
95700,0,0.011449365,44,0,0.187907884,13330.0,6,0,1,0,0.0
95701,0,0.0,61,0,5030.0,,8,0,1,0,
95703,0,0.0,45,0,0.215373012,14583.0,12,0,1,0,2.0
95704,0,0.9999998999999999,31,0,0.66419295,4850.0,8,0,4,0,0.0
95705,0,0.17912875,58,0,0.204626914,3068.0,4,0,0,0,1.0
95706,0,0.259445111,38,0,673.0,0.0,7,0,0,0,2.0
95708,0,0.016046138,69,0,0.10597079699999999,6916.0,3,0,1,0,0.0
95709,0,0.619744411,76,0,1776.0,,4,0,0,0,0.0
95710,0,0.0027964920000000002,28,0,0.1456905,4083.0,7,0,1,0,0.0
95712,0,0.00337544,45,0,1854.0,,7,0,1,0,0.0
95715,0,0.311052996,40,0,0.16986630100000003,11667.0,8,0,1,0,0.0
95716,0,0.425560324,67,0,0.840121317,6923.0,17,0,2,0,0.0
95717,0,0.019932438,64,0,0.0043744529999999995,8000.0,10,0,0,0,0.0
95719,0,0.29360398600000004,71,0,0.6825269890000001,2500.0,10,0,2,0,1.0
95720,0,0.0,82,0,631.0,,5,0,0,0,0.0
95723,0,0.9999998999999999,28,0,0.097686375,3500.0,1,0,0,0,0.0
95724,0,0.050933035,70,0,0.027846955,4416.0,6,0,0,0,0.0
95725,0,0.561364479,39,0,0.142245073,3500.0,5,0,0,0,3.0
95727,0,0.097773938,61,0,0.47107438,3024.0,17,0,1,0,0.0
95728,0,0.012413508,36,0,0.004570123,3500.0,6,0,0,0,0.0
95729,1,0.184675129,53,0,1.068873584,4500.0,14,0,2,0,2.0
95730,0,0.032352412000000004,50,0,0.272757961,8886.0,9,0,1,0,1.0
95731,0,0.017578485,33,0,0.252731948,9333.0,7,0,1,0,0.0
95732,0,0.9999998999999999,52,0,0.232123451,4600.0,3,0,0,0,2.0
95733,1,0.540933003,30,2,0.630105684,3500.0,12,0,1,0,0.0
95734,1,0.254087732,58,0,1.82720457,2800.0,18,0,4,0,0.0
95735,0,0.329548804,57,2,0.557740377,6000.0,14,0,1,0,1.0
95736,1,0.960719897,45,4,0.457198761,6132.0,12,2,0,2,4.0
95737,0,0.160165494,45,0,0.325958242,3208.0,7,0,1,0,2.0
95738,0,0.161236564,58,0,0.138394704,4833.0,9,0,0,0,0.0
95739,0,0.9999998999999999,28,0,0.292851653,1300.0,2,0,0,0,1.0
95740,0,0.27553642100000003,31,0,0.096980604,5000.0,4,0,0,0,0.0
95741,0,0.21624724899999997,48,0,0.303354747,1400.0,7,0,1,0,0.0
95742,0,0.139502479,42,0,0.344527044,3900.0,13,0,2,0,0.0
95743,0,0.0,88,0,0.0,197.0,3,1,0,0,0.0
95745,0,0.007479701,43,0,0.000712454,7017.0,1,0,0,0,2.0
95746,0,0.058395564000000004,53,0,0.133235725,4780.0,6,0,0,0,2.0
95748,0,0.101040862,63,0,0.19675567300000002,10972.0,7,0,1,0,0.0
95750,0,0.550574904,24,0,0.032521077999999995,10792.0,9,0,0,1,0.0
95751,0,0.42092566299999995,37,0,0.646253602,2775.0,12,0,0,0,2.0
95754,0,0.05454052400000001,53,0,5.81237525,500.0,8,0,1,0,1.0
95755,0,0.8226846,46,0,0.267111535,10489.0,11,0,1,0,2.0
95756,1,0.9999998999999999,39,0,1270.0,,2,0,0,0,1.0
95757,0,0.927256792,54,1,0.230695536,5218.0,11,0,0,0,2.0
95758,0,0.24081426,66,0,0.39208105600000004,7500.0,8,0,2,0,0.0
95759,0,0.0030662140000000003,72,0,680.0,,2,0,1,0,
95760,0,0.32798906699999997,59,0,2498.0,,9,0,2,0,0.0
95761,0,0.20601216,66,0,0.475701194,3600.0,6,0,0,0,0.0
95762,0,0.359813724,37,0,0.084952489,7050.0,3,0,0,0,2.0
95764,0,0.0,64,0,2226.0,,9,0,1,0,0.0
95766,0,0.00645435,43,0,0.340629645,7400.0,4,0,1,0,2.0
95767,0,0.852071855,53,0,0.641964853,4722.0,12,0,2,0,0.0
95769,0,0.843026162,52,0,0.6487859970000001,7083.0,7,0,3,0,0.0
95770,0,0.012963401000000001,38,0,30.0,,7,0,0,0,1.0
95771,0,0.9999998999999999,31,0,0.55562958,1500.0,4,0,0,0,0.0
95772,0,0.076627112,45,0,0.074654862,13327.0,6,0,1,0,2.0
95774,0,0.026090209,44,0,0.274123175,11917.0,23,0,2,0,2.0
95775,0,0.43067399700000003,58,0,0.363254477,4522.0,3,0,1,0,0.0
95778,0,0.15807104800000002,58,0,0.167470112,10371.0,7,0,1,0,0.0
95781,0,0.812182029,47,1,0.155207504,11300.0,8,0,0,1,0.0
95782,0,0.8355773009999999,36,0,0.298424862,2348.0,5,0,0,0,0.0
95784,0,0.100457991,54,0,0.109408807,17100.0,4,0,1,0,1.0
95785,1,0.9999998999999999,87,1,0.219112355,2500.0,3,0,1,0,0.0
95787,0,0.941058941,24,0,28.0,0.0,1,0,0,0,0.0
95789,0,0.000533321,44,0,0.43976004,6000.0,7,0,1,0,2.0
95790,0,0.46961704200000004,59,2,0.8261129009999999,8378.0,15,0,3,0,1.0
95791,0,0.0,51,0,0.0,,2,0,0,0,
95792,0,0.29135679,35,0,2093.0,,8,0,3,0,0.0
95795,0,0.121142759,53,1,0.267473253,10000.0,12,0,1,0,1.0
95796,0,0.442227473,30,0,0.185730283,6250.0,8,0,0,0,0.0
95798,0,0.09907589800000001,52,0,0.225474255,3689.0,9,0,0,0,1.0
95800,0,0.614125474,38,0,0.437187604,3000.0,6,0,0,0,0.0
95803,1,0.6868262629999999,47,0,1258.0,,8,0,0,0,0.0
95804,0,0.0,43,0,0.191502655,3200.0,11,0,0,0,2.0
95806,0,0.105788423,27,3,0.405952104,4300.0,8,2,0,1,2.0
95808,1,0.22057142899999999,53,3,0.247164049,4583.0,14,2,2,0,0.0
95809,0,0.5100945570000001,30,0,0.653621982,1200.0,7,0,1,0,0.0
95813,0,0.103113396,30,0,97.0,,3,0,0,0,
95814,0,0.8547912990000001,35,0,0.018611111,3599.0,6,1,0,0,0.0
95815,0,0.101094945,32,0,160.0,,5,0,0,0,0.0
95817,0,0.562878189,46,0,2.463629097,1250.0,14,0,0,0,0.0
95818,0,0.219274448,59,0,0.249792875,9655.0,15,0,1,0,1.0
95821,0,0.080849884,65,0,0.021181422999999998,7600.0,4,0,0,0,0.0
95823,0,0.0,44,0,0.46382153200000004,5154.0,12,0,2,0,4.0
95824,0,0.14232595,47,0,0.231084133,7083.0,9,0,1,0,0.0
95827,0,0.113468656,61,1,0.37102756200000003,13750.0,8,0,1,1,2.0
95829,0,0.6511124070000001,51,0,0.266199399,6990.0,6,0,1,0,2.0
95831,0,0.9999998999999999,27,98,0.0,,0,98,0,98,0.0
95832,0,0.402991184,62,0,1.015748031,8000.0,19,0,3,0,0.0
95833,0,0.745564404,58,1,0.814382499,12250.0,15,0,4,0,0.0
95834,0,0.08024047599999999,27,0,0.262295082,2500.0,5,0,0,0,0.0
95835,0,0.035216298,56,0,0.522447755,10000.0,11,0,2,0,2.0
95837,0,0.497080234,40,0,0.510354677,4200.0,8,0,2,0,3.0
95839,0,0.020037865,81,0,0.31922211899999997,7558.0,18,0,1,0,0.0
95840,0,0.00409516,40,0,4419.0,,8,0,2,0,0.0
95841,1,1.001248439,53,0,237.0,,4,1,0,1,0.0
95842,0,0.26785797,37,0,0.647423479,2580.0,10,0,0,0,2.0
95845,0,0.384331876,57,0,1010.0,,4,0,1,0,0.0
95846,0,0.006415906999999999,33,0,2187.0,,6,0,2,0,0.0
95847,0,0.290019667,78,0,0.172456886,4000.0,10,0,1,0,0.0
95848,0,0.00256869,47,0,0.427903263,8765.0,17,0,2,0,1.0
95849,0,0.69098069,57,0,0.480682161,6625.0,16,0,2,0,0.0
95850,1,0.805701342,61,1,0.282287085,2500.0,12,0,1,0,0.0
95852,0,0.010948781000000001,64,0,0.19864940899999997,3553.0,9,0,1,0,0.0
95853,0,0.141374756,51,0,1.130773845,3333.0,8,0,2,0,0.0
95854,0,0.281980267,65,0,0.475548794,4600.0,8,1,1,0,1.0
95856,0,0.044767967,70,0,0.0056,11249.0,7,0,0,0,0.0
95858,0,0.063419511,37,0,0.585679983,4580.0,5,0,1,0,1.0
95859,0,0.0,44,0,0.0,3333.0,1,0,0,0,0.0
95860,0,0.059611804000000004,43,0,0.47137869,9450.0,13,0,3,0,0.0
95864,0,0.033529066,61,0,96.0,0.0,9,0,0,0,0.0
95865,0,0.146119239,50,0,0.238359762,9900.0,12,0,2,0,0.0
95866,0,0.048788805,69,0,0.249923266,13031.0,25,0,2,0,0.0
95867,0,0.366938521,46,1,0.399232246,4167.0,4,0,1,0,3.0
95869,0,0.9999998999999999,58,0,0.172369765,11747.0,6,0,1,0,0.0
95870,0,0.615618911,55,2,2746.0,,11,0,1,0,1.0
95872,0,0.029367696000000002,53,0,0.297820454,6560.0,11,0,2,0,1.0
95875,0,0.422390042,43,0,2710.0,,10,0,1,0,0.0
95876,0,0.23184956,43,0,29.0,,1,0,0,0,0.0
95879,0,0.052689201,53,0,0.30378764399999997,12883.0,10,0,2,0,0.0
95880,0,0.9999998999999999,42,1,0.28559428800000003,16666.0,8,0,3,0,0.0
95881,0,0.34061973100000004,39,2,0.577220789,2712.0,8,0,1,0,2.0
95882,0,0.038870063999999996,58,0,0.176724628,8798.0,9,0,1,0,0.0
95883,0,0.525488756,29,0,0.346627566,5114.0,12,0,1,0,1.0
95884,0,0.209928753,61,0,0.252231877,8400.0,14,0,1,0,1.0
95888,0,0.9999998999999999,28,0,0.0,,0,2,0,0,
95889,0,0.020965501,48,0,0.366922456,9903.0,9,0,1,0,2.0
95890,0,0.017235568,63,0,0.202268137,6436.0,4,0,0,0,1.0
95892,0,0.0,71,0,0.018902038,6083.0,8,0,0,0,0.0
95893,0,0.9999998999999999,37,0,0.16655563,1500.0,4,0,0,0,0.0
95894,0,0.342627753,48,0,0.404583423,4668.0,6,0,1,0,4.0
95896,0,0.9999998999999999,66,0,0.0,,0,0,0,0,1.0
95897,0,0.009054098,57,0,0.186650714,11700.0,10,0,1,0,0.0
95898,0,0.9999998999999999,61,0,0.374067594,10858.0,5,0,2,0,1.0
95899,0,0.9999998999999999,37,1,209.0,,3,0,0,0,1.0
95901,0,0.318356055,63,0,0.325601751,6854.0,5,0,2,0,0.0
95903,0,0.322419395,56,0,0.457308538,5000.0,7,0,2,0,0.0
95904,0,1.122261049,38,0,0.289625554,7450.0,10,0,0,0,3.0
95905,0,0.324552551,49,0,0.352995138,10900.0,12,0,2,0,2.0
95906,0,0.0,29,0,444.0,0.0,4,0,0,0,0.0
95907,0,0.388790852,61,0,778.0,1.0,6,0,0,0,1.0
95908,0,0.9999998999999999,24,0,0.213893053,2000.0,2,0,0,0,0.0
95909,0,0.498537679,40,0,0.42767631,7500.0,9,0,2,0,2.0
95910,0,0.942141048,32,1,0.474603386,7500.0,10,1,1,0,3.0
95912,0,0.9747626559999999,66,0,0.5445635529999999,3264.0,9,0,0,0,0.0
95913,0,0.074143223,46,0,0.27588404,9416.0,21,0,1,0,2.0
95914,0,0.034439924,50,0,0.226977302,10000.0,10,0,2,0,3.0
95915,0,0.0,60,0,1754.0,,7,0,2,0,2.0
95916,0,0.017749113,62,0,0.24633299,15543.0,5,0,3,0,4.0
95918,0,0.228771229,56,0,0.426890954,8500.0,6,0,1,0,0.0
95920,0,0.0,34,0,0.0,,1,0,0,0,0.0
95921,1,1.011022815,24,1,0.481327801,1927.0,12,0,0,0,0.0
95926,0,0.0,54,0,0.334888371,3000.0,7,0,1,0,2.0
95928,0,0.485437985,53,0,0.216878865,13744.0,6,0,2,0,1.0
95929,0,0.6764041040000001,40,0,0.6975322620000001,4416.0,10,0,1,0,0.0
95930,0,0.12554978,25,0,9.0,,2,0,0,0,0.0
95931,1,1.025948104,37,0,0.07986688900000001,5408.0,3,6,0,0,3.0
95932,0,0.216783217,67,0,6.0,0.0,2,0,0,0,0.0
95933,0,0.6724255090000001,47,0,0.5258916579999999,6700.0,9,0,2,0,1.0
95934,0,0.091790821,39,0,276.0,,2,0,0,0,0.0
95935,0,0.011979026,57,0,0.325669508,11612.0,9,0,1,0,0.0
95936,0,0.0,46,0,0.0,4000.0,2,0,0,0,0.0
95937,0,0.03484976,63,0,21.0,,2,0,0,0,0.0
95938,1,0.08428024199999999,76,0,397.0,,3,1,0,0,0.0
95939,1,0.880649027,65,1,2.433975732,1400.0,15,0,1,0,0.0
95940,0,0.404126318,42,0,0.6833279590000001,3100.0,11,0,1,0,2.0
95941,0,0.247292691,61,1,0.278965129,5333.0,10,0,1,0,0.0
95942,0,0.100551744,58,0,0.29520998,10500.0,19,0,1,0,1.0
95943,0,0.005807114,79,0,0.061900192,2083.0,12,0,1,0,0.0
95945,0,0.002452738,69,0,49.0,,2,0,0,0,0.0
95946,0,0.048248492000000004,49,0,0.296976242,8333.0,8,0,1,0,1.0
95948,0,0.0,67,0,0.003193033,10334.0,6,0,0,0,3.0
95949,0,0.041867319,69,0,0.31520922100000004,7981.0,11,0,1,0,0.0
95951,0,1.040986338,52,1,0.34873025399999996,5000.0,4,0,1,0,3.0
95953,0,0.240561208,77,0,0.340331934,5000.0,12,0,1,0,0.0
95955,0,0.0,69,0,0.131597303,4300.0,7,0,0,0,0.0
95956,0,0.9999998999999999,49,0,2.141742523,768.0,5,0,1,0,0.0
95957,0,0.6684132629999999,50,0,0.36835159,7576.0,7,0,1,0,2.0
95958,0,0.0,52,1,0.04452437099999999,8062.0,7,0,0,0,1.0
95959,0,0.04559886,55,0,0.273472653,10000.0,13,0,4,0,2.0
95961,0,0.439161856,61,0,0.331118494,2708.0,5,0,0,0,0.0
95963,0,0.16988674199999998,37,0,0.744019993,2800.0,6,0,1,0,0.0
95964,0,0.0,62,0,0.02707152,10933.0,6,0,0,0,0.0
95965,0,0.018320535,27,0,0.006138393000000001,3583.0,2,0,0,0,0.0
95967,0,0.114677365,34,0,0.06847447400000001,6600.0,6,0,0,0,0.0
95968,0,0.035011481000000004,55,0,1060.0,0.0,10,0,1,0,0.0
95970,0,0.261275272,26,0,0.21659446899999998,3000.0,7,0,0,0,0.0
95971,0,0.292820792,61,0,565.0,,14,0,0,0,0.0
95975,0,0.453151562,86,0,0.178614098,5021.0,15,0,0,0,1.0
95977,0,0.160465157,46,0,0.315717762,10274.0,6,0,1,0,7.0
95978,0,0.009896303,38,1,0.859535116,4000.0,9,0,5,0,0.0
95979,0,0.825502939,39,0,0.445110978,5000.0,14,0,0,0,0.0
95980,0,0.364333391,72,1,0.7649854770000001,3786.0,8,0,2,0,0.0
95982,1,0.120559988,47,0,0.318343554,13208.0,14,0,2,0,0.0
95983,0,0.42541845100000003,48,0,0.693454065,5300.0,20,0,2,0,2.0
95984,0,0.140981421,42,0,0.44818736,3116.0,11,0,2,0,1.0
95985,0,0.531792941,46,0,0.730223957,4866.0,17,0,2,0,1.0
95987,0,0.899661721,37,0,0.088820125,17450.0,5,0,0,0,0.0
95990,0,0.9999998999999999,29,0,0.11782477300000001,2647.0,2,0,0,0,0.0
95991,1,0.976747667,71,2,1155.0,,15,1,0,0,0.0
95993,0,0.41568621899999997,41,1,0.648088263,5256.0,16,0,3,0,1.0
95994,0,0.064218691,56,1,0.284743051,5000.0,7,0,1,0,0.0
95996,0,0.0,61,1,0.470588235,6000.0,8,1,1,0,0.0
95997,0,0.054991912999999996,31,0,0.497032177,3200.0,5,0,2,0,0.0
95998,0,0.029295211,93,0,0.006855184,3500.0,7,0,0,0,0.0
96001,0,0.091144553,46,0,0.23140102399999998,8400.0,7,0,1,0,0.0
96002,0,0.455354476,48,0,0.669541307,8000.0,8,0,2,0,3.0
96003,0,0.9999998999999999,60,98,0.043503821,1700.0,0,98,0,98,0.0
96004,0,0.011499178999999998,48,0,335.0,,3,0,0,0,
96010,0,0.035406096,59,0,29.0,,3,0,0,0,
96011,0,0.9999998999999999,44,0,0.481178568,9536.0,2,0,2,0,2.0
96012,0,0.178019383,34,0,2704.0,,14,0,1,0,3.0
96013,0,0.73910519,42,0,0.760236145,5250.0,7,0,2,0,3.0
96014,1,0.319214662,48,0,0.8839960570000001,6085.0,17,0,3,0,1.0
96015,0,0.569543046,30,0,0.562860438,2600.0,4,0,1,0,0.0
96016,0,0.12093406300000001,79,0,61.0,,1,0,0,0,0.0
96017,0,0.27584717,39,0,0.287294385,7051.0,11,0,2,0,1.0
96019,0,0.023970001,61,0,0.23792160399999998,5484.0,7,0,1,0,0.0
96020,0,0.010318025,51,0,0.5151469710000001,6667.0,6,0,2,0,5.0
96021,0,0.011158737,58,0,0.194916275,8300.0,7,0,1,0,0.0
96024,0,0.052205695999999996,50,0,0.069231605,9200.0,11,0,0,0,0.0
96025,0,0.051699755,67,0,1076.0,,9,0,0,0,0.0
96027,0,0.073011203,56,1,0.539185414,6800.0,22,0,2,0,1.0
96029,0,1.008660893,46,1,0.130773845,5000.0,5,0,0,0,0.0
96030,0,0.009732036,38,0,0.43568096,4500.0,4,0,1,0,2.0
96031,0,0.190961808,33,0,0.673521851,3500.0,5,0,1,0,0.0
96033,0,0.024249394,63,0,615.0,,8,0,1,0,0.0
96037,0,0.877380156,65,0,1454.0,,10,0,0,0,0.0
96038,1,0.601902646,73,0,1.6763358780000002,1309.0,3,1,1,1,0.0
96039,0,0.36559656100000004,43,0,4213.0,,10,0,1,0,0.0
96042,0,0.003928478,63,0,0.0004993759999999999,8009.0,2,0,0,0,0.0
96043,0,0.0,43,0,3004.0,,7,0,1,0,0.0
96046,1,0.9999998999999999,35,1,0.523316062,7333.0,4,2,2,1,3.0
96047,1,1.068627941,36,6,0.696375958,6787.0,9,3,1,1,4.0
96048,0,0.01641248,62,0,0.301973853,3900.0,14,0,1,0,1.0
96049,1,0.9999998999999999,47,2,0.600114253,3500.0,4,2,3,1,0.0
96054,0,0.085482898,68,0,2972.0,,13,0,2,0,0.0
96055,0,0.095289447,69,0,0.625093727,4000.0,8,0,1,0,0.0
96057,0,0.573000565,39,0,0.308076822,3800.0,10,0,0,0,2.0
96058,0,0.001853526,56,0,2061.0,,16,0,1,0,0.0
96060,0,0.095880928,55,0,0.47900839700000003,2500.0,11,0,1,0,0.0
96061,1,0.419343566,59,0,0.301484388,5860.0,12,0,1,0,0.0
96062,0,0.468256261,51,0,0.13722701,11950.0,11,0,2,0,4.0
96063,0,0.5848221370000001,56,1,0.195767196,5102.0,9,0,0,0,1.0
96064,0,0.119707959,55,1,5833.0,,16,0,1,0,0.0
96065,0,0.002676632,45,0,0.460986547,5574.0,5,0,1,0,0.0
96066,0,3.275724276,50,1,0.261763235,18000.0,8,0,3,0,3.0
96067,0,0.025540565,75,0,0.129049057,9600.0,9,0,1,0,0.0
96068,0,0.678338753,63,0,5388.0,,13,0,2,0,0.0
96069,0,0.016831194,70,0,2188.0,,12,0,2,0,3.0
96070,0,0.084265067,63,0,1041.0,,3,0,1,0,0.0
96072,0,0.028565714,85,0,0.004544628,5500.0,3,0,0,0,0.0
96073,0,0.068494312,36,0,0.398593835,5546.0,7,0,1,0,2.0
96074,1,0.827968923,33,2,3956.0,,11,1,2,2,0.0
96076,0,0.059999268,71,0,0.229492828,10666.0,14,0,1,0,1.0
96077,0,0.069908361,73,0,0.12451673099999999,7500.0,4,0,0,0,0.0
96078,0,0.011940474,35,0,0.0099998,50000.0,7,0,0,0,1.0
96079,0,0.606277221,35,0,0.350825083,6059.0,9,0,0,0,2.0
96080,1,0.9999998999999999,32,0,0.262607905,2200.0,3,3,0,1,1.0
96081,0,0.312985106,59,0,0.472513089,4583.0,7,0,1,0,0.0
96082,0,0.0007142219999999999,55,0,0.30071311,9114.0,5,0,1,0,0.0
96083,0,0.00663741,40,0,0.281071893,10000.0,15,0,2,0,2.0
96085,0,0.03048877,76,0,0.20518924100000002,4200.0,11,0,2,0,0.0
96086,0,0.188119654,72,0,0.030690537,4300.0,3,0,0,0,0.0
96087,0,0.062671741,58,0,1.315830721,1275.0,16,0,1,0,1.0
96088,0,0.638896316,36,2,0.22426526,6634.0,6,0,1,0,1.0
96089,0,0.08722399900000001,57,0,0.438446158,3500.0,16,0,1,0,6.0
96090,0,0.17304864399999997,71,0,0.023630993,4400.0,4,0,0,0,0.0
96091,0,0.15163012,47,0,0.17253368100000002,2300.0,5,0,0,0,0.0
96092,0,0.13459708,50,1,1.082470546,2800.0,19,0,2,0,0.0
96093,0,0.391447031,50,0,0.093581284,5000.0,5,0,0,0,1.0
96094,0,0.973590293,56,1,0.09217877099999999,1789.0,5,0,0,1,1.0
96095,0,0.284225615,75,0,0.311619452,6600.0,15,0,2,0,0.0
96096,0,0.9999998999999999,54,0,0.480040733,4909.0,5,0,3,0,0.0
96098,0,0.457891641,64,0,2.300981461,1833.0,14,0,3,0,0.0
96099,0,0.018316616,52,0,0.209447145,6583.0,14,0,1,0,0.0
96100,0,0.0,50,0,0.585075703,2773.0,7,0,1,0,1.0
96101,0,0.123699584,30,0,0.050610574000000005,14166.0,10,0,0,0,0.0
96102,0,0.010352195,50,0,0.581167239,6116.0,18,0,2,0,2.0
96103,0,0.080344333,53,0,54.0,,3,0,0,0,0.0
96104,1,0.098770699,67,0,0.61267378,9278.0,11,0,3,0,1.0
96106,0,0.014332378,72,0,0.00123058,6500.0,4,0,0,0,0.0
96107,0,0.321652175,32,0,0.183801252,4950.0,13,0,0,0,0.0
96108,0,0.011542527,37,0,1646.0,,6,0,2,0,0.0
96109,1,0.9999998999999999,61,0,0.113258186,3725.0,1,0,0,0,0.0
96110,0,0.026623574,45,0,896.0,,10,0,1,0,0.0
96112,0,0.145594176,75,0,0.015106555,7413.0,4,0,0,0,0.0
96113,0,0.057652268,52,0,0.518413598,4941.0,12,0,5,0,2.0
96116,0,0.413662717,27,0,0.20896426399999998,3301.0,6,0,0,0,1.0
96118,0,0.542057243,28,0,0.23965565100000003,3600.0,3,0,0,0,1.0
96120,0,0.010453153,81,0,38.0,,15,0,0,0,0.0
96124,0,0.676707327,48,0,0.10780613,6622.0,10,0,0,0,2.0
96125,0,0.557938078,41,0,0.380840894,10250.0,10,0,2,0,0.0
96126,0,0.096695343,53,0,0.28027732699999997,6778.0,5,0,1,0,2.0
96127,0,0.31626032800000003,44,0,0.327119396,6758.0,7,0,2,0,3.0
96128,1,1.091734787,22,0,86.0,,2,0,0,1,
96129,0,0.9368770759999999,22,0,2.746268657,200.0,2,0,0,0,0.0
96130,0,0.011052665,60,0,0.116873412,6690.0,5,0,1,0,0.0
96131,0,0.054678643,44,0,5390.0,,7,0,3,0,1.0
96132,0,0.054648719000000005,63,0,360.0,,7,0,1,0,0.0
96133,0,0.281300186,71,1,0.354691625,4166.0,9,0,0,0,0.0
96134,1,0.838265099,55,4,0.598642435,13700.0,22,0,3,0,2.0
96135,0,0.030614207,41,0,0.553920868,7000.0,14,0,1,0,2.0
96137,0,0.06672804,75,1,0.383090686,5700.0,8,0,2,0,1.0
96138,0,0.063808512,56,0,0.0024997920000000002,12000.0,3,0,0,0,0.0
96139,0,0.146979356,54,0,0.627686266,9166.0,14,0,2,0,0.0
96140,0,0.051998894000000004,69,0,0.16324087,5010.0,9,0,2,0,2.0
96142,0,0.089587079,52,0,1994.0,,6,0,1,0,
96143,1,0.498751041,31,0,24.0,,1,0,0,1,0.0
96144,0,0.056273507,69,0,1361.0,,13,0,1,0,0.0
96145,1,0.9999998999999999,22,0,0.310047847,1044.0,1,0,0,0,1.0
96147,0,0.00042103,39,1,590.0,,4,0,0,0,2.0
96148,0,0.0,49,0,2.166833167,1000.0,7,0,1,0,0.0
96149,0,0.012984774,56,0,0.129182776,7500.0,11,0,2,0,2.0
96152,0,0.18932016399999999,40,0,0.723857955,23400.0,16,0,2,0,3.0
96153,0,0.71996488,69,0,2.556569343,547.0,7,0,1,0,0.0
96155,0,0.09273178800000001,68,0,166.0,0.0,5,0,0,0,1.0
96156,0,0.9626485570000001,55,0,540.0,,7,1,0,0,0.0
96157,0,0.004379837,72,0,0.247738601,5416.0,9,0,1,0,0.0
96158,0,0.194234682,53,0,0.18975669399999998,9000.0,6,0,0,0,2.0
96159,0,0.818635607,37,1,446.0,,3,0,0,0,0.0
96161,0,0.442271674,44,0,0.6256046439999999,3100.0,8,0,1,0,2.0
96164,0,0.070394136,60,0,5.123147092,876.0,12,0,2,0,1.0
96165,0,0.09077177800000001,46,0,0.639405204,4572.0,17,0,1,0,0.0
96166,0,0.3316745,52,0,0.323426101,3700.0,8,0,2,0,0.0
96167,0,0.16910785600000003,56,0,1302.0,,6,0,1,0,0.0
96169,0,0.047723657,61,0,0.21771067100000002,4900.0,3,0,2,0,1.0
96170,0,0.028229872000000003,85,0,1.023313905,1200.0,12,0,1,0,0.0
96172,0,0.9999998999999999,40,0,0.228532485,2200.0,3,0,0,0,1.0
96174,1,0.9999998999999999,50,0,0.45817727799999997,800.0,0,0,0,0,0.0
96175,0,0.121561426,52,0,0.47452896,4298.0,17,0,2,0,0.0
96176,0,0.025953366000000002,59,0,0.21831108,5766.0,5,0,1,0,1.0
96178,0,0.02742178,62,0,2935.0,,9,0,1,0,
96181,1,0.9443158770000001,63,1,0.258367935,11800.0,5,0,1,0,0.0
96183,0,0.9943034820000001,58,0,0.7773369309999999,6300.0,10,0,2,0,2.0
96184,0,0.40481559200000006,63,0,1.049019608,5813.0,14,0,2,0,2.0
96185,0,0.007083065,45,0,0.000595167,8400.0,6,0,0,0,1.0
96186,0,0.032815456,40,0,1.2819979190000002,960.0,10,0,1,0,2.0
96187,0,0.17261330800000002,47,0,0.270892914,6293.0,5,0,1,0,5.0
96189,0,0.028630115,28,0,1295.0,,6,0,1,0,0.0
96190,0,0.7378091729999999,40,0,0.855236468,9366.0,16,0,3,0,2.0
96191,0,0.41890540600000004,55,1,0.44979030799999997,8583.0,10,0,2,0,3.0
96192,0,0.9999998999999999,37,0,0.0,,0,0,0,0,
96194,0,0.06683124,50,0,0.6064157929999999,4862.0,6,0,2,0,0.0
96195,0,0.004444065,30,0,0.00014758,6775.0,2,0,0,0,3.0
96196,1,0.962700386,44,0,0.19944636699999999,7224.0,6,0,0,0,4.0
96197,0,0.512016037,43,1,0.590824551,6451.0,9,0,2,0,2.0
96199,1,0.8132499879999999,43,1,0.558669964,10916.0,17,0,3,0,4.0
96200,0,0.434556544,39,0,5.511653718,900.0,9,0,3,0,0.0
96201,0,0.044986804000000005,79,0,54.0,,6,0,0,0,0.0
96202,0,0.9408016990000001,28,0,0.32016995800000003,4000.0,7,0,0,0,2.0
96204,0,0.113154738,81,0,0.008115419,2217.0,2,0,0,0,0.0
96205,0,0.396056808,66,0,0.577280305,4198.0,10,0,2,0,0.0
96206,0,0.0,31,0,0.592733418,2366.0,11,0,1,0,0.0
96207,0,0.126380112,40,0,2745.0,,5,0,1,1,0.0
96208,0,0.032442458,61,0,63.0,,4,0,0,0,0.0
96211,0,0.343668285,60,0,915.0,,6,0,0,0,0.0
96212,0,0.9999998999999999,68,0,0.294087666,1961.0,9,0,1,0,0.0
96213,0,0.6908370540000001,51,3,0.47780986,9350.0,13,2,3,1,4.0
96214,1,0.569051581,23,0,10.0,,1,0,0,0,0.0
96215,0,0.006449678,80,0,3.0,,2,0,0,0,0.0
96216,0,0.0,67,0,0.006189003,4200.0,1,0,0,0,1.0
96217,0,0.023907652999999997,78,0,55.0,,14,0,0,0,
96220,0,0.9999998999999999,41,0,3343.0,,3,0,2,0,0.0
96221,0,0.21086416600000002,49,0,0.38658076,4500.0,5,0,1,0,0.0
96222,0,0.03131727,40,0,0.532405455,7112.0,10,2,3,0,0.0
96223,0,0.099791757,55,0,3139.0,,5,0,2,0,0.0
96225,1,0.974184165,55,1,0.5652077320000001,4500.0,7,0,2,0,0.0
96228,0,0.0045618329999999995,57,0,0.378124081,3400.0,7,0,1,0,1.0
96230,0,0.217104876,28,0,354.0,,3,0,0,0,0.0
96231,0,0.0,59,0,4103.0,,6,0,1,0,0.0
96233,0,0.0,62,0,4.602649007,301.0,7,0,1,0,0.0
96234,0,0.0036460159999999998,42,0,0.304849885,3030.0,10,0,1,0,0.0
96235,1,1.003805899,57,4,0.328028294,7916.0,7,0,1,1,0.0
96236,0,0.645053933,61,1,0.631651125,14583.0,21,0,2,0,1.0
96237,0,0.497460102,43,0,0.40701723100000003,11200.0,9,0,3,0,3.0
96238,0,0.82506428,32,0,0.33596160399999997,5833.0,5,0,0,0,0.0
96239,0,0.0,35,0,0.382471815,4700.0,10,0,1,0,0.0
96240,0,0.033307885,63,0,76.0,,9,0,0,0,0.0
96242,0,0.0,52,0,0.8525431640000001,15000.0,10,0,4,0,3.0
96243,0,0.448885473,25,0,0.044537357,5500.0,4,0,0,2,2.0
96245,0,0.07826216,58,0,0.011478647,8101.0,4,0,0,0,0.0
96246,1,1.043318894,44,1,0.135720233,1200.0,3,0,0,1,0.0
96248,0,1.103792415,67,0,180.0,,3,0,0,0,0.0
96250,1,0.005149994000000001,65,0,2165.0,,11,0,2,0,
96251,0,0.019881183,31,0,946.0,,4,0,1,0,0.0
96252,0,0.054197832,58,0,0.370525895,5000.0,2,0,1,0,0.0
96253,0,0.816568683,44,0,0.345163709,4000.0,4,0,0,0,6.0
96254,0,0.29882995,72,0,0.7704862290000001,2940.0,8,0,1,0,0.0
96256,0,0.141559763,31,1,0.37450022200000005,2250.0,14,0,0,0,1.0
96257,0,0.979010495,32,0,0.075115611,8000.0,4,0,0,0,1.0
96258,0,0.043289025,43,1,0.35791451399999996,2128.0,7,0,0,0,0.0
96261,0,0.049105389000000006,68,0,0.161399041,13351.0,10,0,1,0,0.0
96263,0,0.301843049,52,0,0.432597505,11460.0,11,0,2,0,2.0
96264,0,0.44404313100000004,47,0,0.505169867,8800.0,12,0,2,0,2.0
96265,0,0.094038119,71,0,144.0,,6,0,0,0,0.0
96266,0,0.011346227,84,0,0.006997201,5001.0,14,0,0,0,0.0
96269,0,0.017800871,66,0,0.005845255,6500.0,7,0,0,0,1.0
96271,0,0.0030064379999999997,77,0,0.000254388,7861.0,3,0,0,0,0.0
96273,0,0.20555372800000002,45,0,0.735926972,4600.0,20,0,2,0,0.0
96274,0,0.02090215,63,0,3655.0,,10,0,2,0,0.0
96275,0,0.838464614,46,0,0.617476505,5000.0,5,0,1,0,0.0
96276,0,0.039871136,48,0,2343.0,,13,0,2,0,0.0
96277,0,0.214051142,46,0,0.279503106,6600.0,8,0,2,1,1.0
96278,0,0.17153205,62,0,0.351123983,7250.0,10,0,2,0,0.0
96279,1,0.0,65,0,0.43438538200000004,1203.0,6,0,0,0,0.0
96281,0,0.346597735,63,0,0.444932874,8416.0,26,0,2,0,1.0
96283,0,0.0,26,0,0.0,450.0,2,0,0,0,0.0
96284,0,0.030552421,67,1,0.428605712,12500.0,13,0,1,0,1.0
96285,0,0.0,27,0,1164.0,,3,0,1,0,
96286,0,0.013365202,66,0,8.0,,5,0,0,0,0.0
96287,0,0.13641387300000002,41,0,0.53901694,3600.0,6,0,1,0,1.0
96288,0,0.601327814,48,0,0.26958023600000003,13316.0,8,0,1,0,3.0
96289,0,0.318250308,28,0,0.5284538910000001,5833.0,9,0,2,0,0.0
96293,0,0.542063333,40,0,0.878161344,5416.0,7,0,3,0,0.0
96294,1,0.246209386,47,0,1.3878985259999999,5833.0,17,0,4,0,2.0
96295,0,0.07306990599999999,46,0,0.336728061,4614.0,13,0,2,0,0.0
96296,0,0.13653642,39,0,0.267040518,12660.0,9,0,2,0,2.0
96297,0,0.149900009,81,0,0.005488002,9292.0,7,0,0,0,0.0
96298,1,0.9999998999999999,32,1,29.0,,2,1,0,0,0.0
96299,0,0.0,49,0,0.41092855799999994,5416.0,8,0,2,0,2.0
96300,0,0.06188717,63,0,0.215525348,11696.0,7,0,1,0,0.0
96301,0,0.913951897,37,0,0.246583742,11415.0,9,0,2,0,0.0
96302,0,0.8533413470000001,39,2,0.387840048,6726.0,9,1,1,0,1.0
96303,0,0.88350408,44,0,0.17872850899999998,2500.0,16,0,0,0,2.0
96306,0,0.0042721320000000005,75,0,0.202824948,6300.0,30,0,2,0,1.0
96307,1,0.16971334300000002,34,0,0.238420849,7750.0,5,0,1,0,2.0
96308,0,0.051631758,63,1,0.378877211,3900.0,17,0,1,0,0.0
96310,0,0.0,71,0,1387.0,,5,0,2,0,0.0
96311,0,0.193702166,61,0,0.290713528,6600.0,16,0,3,0,0.0
96312,0,0.366631992,30,0,0.34913017399999996,3333.0,7,0,0,0,0.0
96313,0,0.352972034,43,0,0.040244969,8000.0,3,0,0,0,1.0
96314,0,0.067734418,66,0,0.143853666,6450.0,7,0,1,0,0.0
96315,0,0.207579099,53,0,0.39708823299999996,12500.0,9,0,3,0,2.0
96316,0,0.082472265,42,0,0.27802652,11613.0,21,0,2,0,2.0
96318,0,0.014810916,45,0,0.06059381900000001,4950.0,5,0,0,0,0.0
96320,0,0.02308484,32,0,0.24899019,3465.0,9,0,1,0,0.0
96321,0,0.8787040429999999,57,0,0.433787844,8653.0,10,0,2,0,0.0
96322,0,0.356537469,38,0,0.432087675,5565.0,8,0,1,0,2.0
96323,0,0.40919912399999997,51,0,0.11590080900000001,11250.0,3,0,1,0,0.0
96324,0,0.279524497,49,1,0.635662898,3891.0,5,0,2,0,2.0
96325,1,0.295409182,35,1,433.0,,3,0,0,0,0.0
96326,0,0.261390857,48,1,0.386722655,5000.0,13,0,1,0,0.0
96327,0,0.34147361,34,1,0.45734524200000004,3246.0,16,0,1,0,4.0
96329,0,0.024665844,61,0,0.20511795300000002,2500.0,6,1,0,0,1.0
96330,1,0.9999998999999999,26,0,0.20278472,2800.0,1,0,0,0,1.0
96331,0,0.9999998999999999,48,0,0.0,,0,0,0,0,0.0
96332,0,0.43486714200000004,29,0,0.727881041,1344.0,10,0,0,0,0.0
96333,0,0.034108289,71,1,0.097258804,10250.0,13,0,2,0,0.0
96335,0,0.405041484,59,0,1256.0,,4,0,1,0,0.0
96338,0,0.0,66,0,0.343256379,6583.0,12,0,1,0,2.0
96339,0,1.182828123,36,2,612.0,,12,1,0,3,0.0
96341,0,0.946008306,39,0,0.311637672,3333.0,6,1,0,1,1.0
96344,0,0.423562545,51,0,0.464922806,12500.0,12,0,2,0,0.0
96345,0,1.49e-05,34,0,0.0,7000.0,2,0,0,0,0.0
96346,0,0.01548969,57,0,0.19900806,6451.0,11,0,1,0,0.0
96347,0,0.01549845,72,0,0.000553174,7230.0,4,0,0,0,0.0
96349,0,0.9999998999999999,53,1,2479.0,,5,0,3,0,0.0
96351,0,0.090863637,75,0,0.23534364800000002,9500.0,21,0,2,0,0.0
96352,0,0.7293334840000001,37,0,0.113322541,10500.0,6,0,0,0,0.0
96354,1,0.9999998999999999,56,0,0.068898066,4600.0,1,2,0,1,0.0
96355,0,0.953603712,37,0,0.476238968,11783.0,7,0,2,0,2.0
96356,0,0.6343327329999999,48,0,0.233400772,16310.0,10,0,1,0,3.0
96358,0,0.5142916000000001,57,1,0.588742624,6608.0,11,0,2,0,0.0
96360,0,0.018986759,52,0,0.14770166699999998,8875.0,11,0,1,0,0.0
96361,0,0.8935395159999999,42,0,0.54904138,13508.0,10,0,3,0,6.0
96364,0,0.979898467,67,0,0.37435035200000005,13083.0,9,0,2,0,1.0
96365,0,0.104969306,56,0,0.139389293,7826.0,13,0,2,0,0.0
96367,0,0.062931236,50,0,0.161490683,7083.0,3,0,1,0,0.0
96370,0,0.7986501690000001,34,0,0.29527427100000003,8950.0,8,0,2,0,0.0
96371,0,0.605170722,63,0,572.0,,4,0,0,0,0.0
96372,0,0.526583082,51,0,0.06519377,5521.0,3,0,0,0,1.0
96374,0,0.008629848,50,0,0.335873318,8398.0,12,0,2,0,2.0
96375,0,0.004740335,68,0,0.0035985609999999997,2500.0,14,0,0,0,0.0
96377,0,0.008890778,61,0,580.0,,13,0,0,0,4.0
96378,0,0.137526711,38,4,0.029778672000000003,2484.0,9,0,0,0,0.0
96379,0,0.201388292,84,0,0.29104643399999997,4500.0,6,0,1,0,0.0
96380,0,0.277144571,85,0,0.059176439000000004,3666.0,4,0,0,0,1.0
96382,0,0.326216157,45,0,0.126593279,3451.0,14,0,0,0,2.0
96383,0,0.025544445,68,0,0.022391044,2500.0,12,0,0,0,0.0
96385,0,0.936003047,44,0,0.155335146,6250.0,3,0,0,0,1.0
96386,0,0.009116131999999999,56,0,0.211346174,9500.0,16,0,2,0,4.0
96388,0,0.737043826,53,0,0.022853877999999998,7000.0,2,0,0,0,1.0
96389,0,0.75582928,31,0,0.226122221,7150.0,6,0,0,0,0.0
96390,0,0.584284984,34,0,1.477015323,1500.0,9,0,0,0,0.0
96391,0,0.008982381,64,0,0.042921887,3750.0,3,0,1,0,1.0
96392,0,0.288011428,78,0,1156.0,,11,0,1,0,0.0
96393,0,0.135053284,67,0,944.0,,3,0,0,0,0.0
96394,0,0.008956516999999999,89,0,12.0,,5,0,0,0,0.0
96395,0,0.024088987000000003,54,0,0.512671756,3274.0,9,0,1,0,0.0
96396,0,0.22251832100000002,23,0,0.012180268000000001,820.0,3,0,0,0,0.0
96399,0,0.298680222,40,0,1895.0,,19,0,2,0,0.0
96400,0,0.04270337,55,0,0.13012426800000002,7000.0,3,0,1,0,0.0
96401,0,0.049254795,81,0,0.1466527,10500.0,12,0,1,0,0.0
96402,0,0.037532009,70,0,0.077074666,13700.0,8,0,1,0,0.0
96403,0,0.013132458,55,0,0.003568879,1400.0,3,0,0,0,0.0
96404,1,0.770287141,32,2,0.0052925609999999994,3400.0,4,0,0,1,0.0
96405,0,0.023693146,73,0,0.0034502590000000002,5216.0,5,0,0,0,0.0
96406,0,0.033259423999999996,55,0,0.303585408,6386.0,4,0,2,0,1.0
96407,0,0.003897745,83,0,0.003249391,2461.0,8,0,0,0,0.0
96409,0,0.89763095,52,0,0.566259992,2376.0,6,0,1,0,0.0
96410,0,0.0,53,1,0.0,7250.0,5,0,0,0,2.0
96411,0,0.168921199,65,0,0.08852153,7500.0,7,0,1,0,2.0
96412,0,0.034898068,64,0,0.200736465,10047.0,6,0,1,0,1.0
96414,0,0.01532156,75,2,0.019224358,44994.0,10,0,0,0,0.0
96416,1,0.39173398200000004,30,1,0.21221025100000002,6125.0,12,0,0,0,0.0
96417,0,0.098835395,30,0,0.034747104,12000.0,9,0,0,0,0.0
96418,0,0.0,53,0,1809.0,,10,0,1,0,0.0
96419,0,0.11167286,46,0,1.329588015,800.0,8,0,1,0,2.0
96420,0,0.666190493,34,0,0.607478504,5000.0,9,0,1,0,1.0
96421,0,0.0,38,0,0.173541323,6666.0,4,0,1,1,2.0
96422,1,1.233532934,28,0,0.105543828,9000.0,3,0,0,0,0.0
96423,0,0.11819606,39,0,929.0,1.0,3,0,1,0,1.0
96424,0,0.161825835,62,0,0.42104704299999995,9416.0,18,0,2,0,1.0
96426,0,0.291596558,58,0,0.680847674,6275.0,15,0,2,0,0.0
96427,0,0.09322981,50,1,0.39423263,5166.0,6,0,1,0,0.0
96429,0,0.9834508270000001,40,0,2.3837001780000002,1680.0,3,0,1,0,2.0
96430,0,0.03294878,71,0,0.21818607899999998,12800.0,17,0,1,0,0.0
96431,0,0.433437771,49,0,0.331364357,6940.0,7,0,2,0,2.0
96432,0,0.031664154,47,0,0.23022984,7700.0,6,0,2,0,2.0
96434,0,0.41513146100000003,48,0,1546.0,,11,0,0,0,0.0
96435,1,0.291812018,42,0,0.425057494,10000.0,11,0,2,0,0.0
96436,0,0.06236425,35,0,0.34491794200000003,7250.0,6,0,1,0,0.0
96437,0,0.00413147,77,0,0.389662416,20468.0,10,0,3,0,0.0
96438,0,0.9999998999999999,36,0,0.0,9963.0,0,0,0,0,3.0
96439,0,0.039797347000000004,58,0,0.21393741100000002,16200.0,9,0,1,1,0.0
96440,0,0.9999998999999999,45,1,0.303080766,3602.0,3,0,0,0,3.0
96442,0,0.256931101,65,0,1580.0,,12,0,1,0,0.0
96443,0,0.478880023,65,0,0.251553888,8526.0,5,0,1,0,1.0
96444,1,0.509118382,45,0,0.40889267100000004,9400.0,15,0,2,0,1.0
96445,0,0.643997267,52,0,0.257790368,6000.0,6,0,1,0,0.0
96447,0,0.11099971,75,0,2514.0,,8,0,1,0,
96448,0,0.9999998999999999,29,0,0.335332334,2000.0,1,0,0,0,3.0
96450,0,0.109641899,102,0,0.273844353,3417.0,7,0,0,0,1.0
96451,0,0.006571258000000001,46,0,8957.0,,7,0,1,0,3.0
96452,0,0.019620579,83,0,4149.0,,10,0,2,0,0.0
96453,1,0.884235085,53,0,0.06702337400000001,3550.0,1,1,0,0,2.0
96457,1,0.913176675,74,0,0.43777511,4997.0,14,0,1,0,1.0
96458,0,0.40069666,61,1,0.5288677829999999,4000.0,7,0,1,0,2.0
96459,0,0.9999998999999999,63,0,1499.0,,5,0,1,0,0.0
96462,0,0.151167201,45,0,0.542062911,4100.0,10,0,1,0,0.0
96463,0,0.6308456379999999,72,0,0.32066847600000004,7000.0,10,0,1,0,1.0
96464,0,1.112590741,71,0,0.430803571,5375.0,13,0,0,0,1.0
96465,0,0.7786346759999999,26,1,0.140671866,3333.0,8,0,0,0,0.0
96466,0,0.272879988,58,0,0.37928007,6833.0,11,0,2,0,0.0
96467,0,0.162541873,44,0,0.234803965,11400.0,7,0,3,0,2.0
96469,0,0.41787529100000004,57,1,0.961286805,1833.0,10,0,0,0,0.0
96470,1,0.755557822,44,0,0.245343423,3435.0,6,0,0,0,2.0
96471,0,0.22366940800000001,53,0,0.242993605,12666.0,5,0,1,0,0.0
96472,0,0.9999998999999999,50,0,0.0,1940.0,0,0,0,0,1.0
96475,0,0.055820598,40,0,0.188724648,5817.0,5,0,1,0,0.0
96476,0,0.12098831199999999,75,0,285.0,,5,0,0,0,0.0
96478,1,0.12996579800000002,25,2,0.18293902,3000.0,4,0,0,2,0.0
96480,0,0.431605247,27,0,0.163731556,2100.0,2,0,0,0,0.0
96483,0,0.608737626,56,0,1.030262091,3700.0,17,0,1,0,1.0
96488,0,0.0,46,0,0.37284659600000003,4875.0,11,0,2,0,0.0
96490,0,0.8179488779999999,75,0,392.0,,2,0,0,0,0.0
96491,0,0.17270195,53,0,0.17083468699999999,9236.0,8,0,1,0,0.0
96492,0,0.032944253,73,0,122.0,,12,0,1,0,0.0
96493,0,0.302477654,31,0,0.24321516699999998,7700.0,21,0,1,0,0.0
96495,0,0.005364444,59,0,6.0,,3,0,0,0,2.0
96496,0,3.996007984,59,0,0.014746313,4000.0,7,0,0,0,0.0
96497,0,0.572816255,62,0,0.942540995,7500.0,28,0,2,0,0.0
96500,0,0.551283242,53,0,1122.0,,9,0,0,0,0.0
96501,1,0.013617333,45,0,2589.0,,6,0,1,0,0.0
96503,1,0.361518667,55,3,0.648226097,3325.0,12,0,1,0,0.0
96505,0,0.005136793,52,0,43.0,,2,0,0,0,0.0
96507,0,0.276510888,62,0,0.22317521399999998,5712.0,15,0,0,0,0.0
96509,0,0.0,49,0,0.328103369,6500.0,10,0,1,0,5.0
96512,0,0.167937521,37,0,0.7939819090000001,5416.0,7,0,1,0,1.0
96513,0,1.134511914,59,2,2097.0,,3,0,1,0,0.0
96514,0,0.278036098,50,0,0.46628493299999996,11700.0,9,0,2,0,0.0
96515,0,0.021638288,75,0,0.23266684,3850.0,5,0,1,0,0.0
96516,0,0.498458302,70,0,1.0056647779999999,3000.0,12,0,1,0,0.0
96518,0,0.27984057100000004,44,0,0.45329527799999997,3853.0,10,0,1,0,0.0
96520,0,0.395860414,46,0,0.506828528,3953.0,9,0,2,0,1.0
96521,0,0.14349287300000002,66,0,0.173016074,7900.0,15,0,1,0,0.0
96523,0,0.34107755799999995,43,0,0.116294185,20000.0,5,0,2,0,2.0
96524,0,0.004184249,57,0,0.107529162,4714.0,4,0,0,0,0.0
96526,0,0.108161794,63,0,0.546478873,3549.0,9,0,2,0,0.0
96527,0,0.014733137,76,0,0.06773306700000001,4000.0,12,0,0,0,0.0
96529,0,0.495521372,68,1,1818.0,,9,0,1,0,0.0
96530,0,0.58118714,41,0,1834.0,,7,0,1,0,0.0
96531,0,0.9769358770000001,55,0,1493.0,,12,0,0,0,0.0
96532,0,0.9360549890000001,42,0,2197.0,,9,0,1,1,0.0
96534,1,0.9999998999999999,43,0,312.0,,2,0,0,0,0.0
96535,0,0.109823837,27,0,2093.0,,9,0,1,0,0.0
96536,0,0.906877663,50,0,1.36721093,3000.0,10,0,2,0,1.0
96537,1,0.299812768,53,2,396.0,,7,0,1,0,
96538,0,0.038827367,32,0,0.256305385,4400.0,12,0,2,0,0.0
96541,0,0.029593962,64,0,2460.0,,14,0,2,0,1.0
96542,0,0.9999998999999999,49,0,0.209192614,7418.0,5,0,1,0,3.0
96543,0,0.248977356,50,0,0.6435358170000001,9366.0,23,0,3,0,0.0
96545,1,0.08463945199999999,55,2,1388.0,,9,0,2,0,0.0
96546,0,0.074003631,89,0,0.012293756000000001,6181.0,7,0,0,0,1.0
96547,0,0.409450909,29,0,0.187056038,3800.0,5,0,0,0,0.0
96548,0,0.9999998999999999,39,0,0.23123934100000001,7035.0,4,0,1,0,2.0
96549,0,0.06415536299999999,52,0,0.0036981920000000003,699530.0,11,0,2,0,1.0
96550,0,0.46286342799999997,28,0,0.21176160300000002,3791.0,3,0,0,0,0.0
96552,0,0.30212326300000003,68,0,0.041765755,6727.0,3,0,0,0,0.0
96553,0,0.162870792,63,0,45.0,,2,0,0,0,0.0
96554,0,0.868867913,51,0,0.156342183,20000.0,16,0,1,0,0.0
96555,0,0.023677452,71,0,0.536947352,6400.0,15,0,4,0,0.0
96556,0,0.7903647309999999,48,0,0.079320113,6000.0,2,0,0,0,0.0
96558,0,0.470226728,61,0,0.334690855,2700.0,4,0,0,0,1.0
96559,0,0.534878678,68,0,8043.0,,11,0,3,0,0.0
96560,0,0.7040518379999999,42,0,0.278773453,7141.0,8,0,1,0,2.0
96561,0,0.9999998999999999,35,1,399.0,,2,0,0,0,3.0
96562,0,0.9999998999999999,52,2,0.49704282,4226.0,9,2,3,2,3.0
96564,1,0.41899091200000005,62,0,1.612903226,2200.0,18,1,0,0,0.0
96565,0,0.954289796,37,0,1.376926281,2400.0,9,0,1,0,1.0
96568,0,0.092115655,58,1,0.260539116,9867.0,15,0,1,0,0.0
96569,0,0.625118294,34,0,0.689292543,6275.0,13,1,2,0,2.0
96571,0,0.6517348270000001,57,1,0.03344251,5800.0,8,0,0,0,2.0
96572,0,0.278216741,39,0,0.355205599,8000.0,11,0,1,0,2.0
96574,0,0.013498313,30,2,1066.0,1.0,12,0,2,0,2.0
96575,0,0.348714697,60,0,688.0,,3,0,0,0,0.0
96576,0,0.493638677,49,0,1.3798273509999999,2200.0,15,0,0,0,0.0
96577,0,0.17268219699999998,69,1,1761.0,,7,0,1,0,0.0
96581,0,0.262274315,62,0,0.563700298,7393.0,10,0,2,0,0.0
96582,0,0.43102611399999996,33,0,0.139960011,3500.0,4,0,0,0,1.0
96583,0,0.06453579799999999,63,0,4832.0,,11,0,2,0,1.0
96584,0,0.089820359,29,1,0.000452284,2210.0,2,1,0,0,1.0
96585,0,0.0,34,0,2.572702944,1120.0,8,0,1,0,0.0
96588,0,0.9999998999999999,27,0,0.1976008,3000.0,2,0,0,0,0.0
96589,0,0.081664398,48,0,1317.0,0.0,5,0,0,0,0.0
96591,0,0.307403365,49,0,0.1672849,11052.0,4,0,2,0,2.0
96592,0,0.049016982,79,0,0.016196761,5000.0,5,0,0,0,0.0
96593,0,0.524347231,67,0,0.325321276,4201.0,7,0,0,0,0.0
96595,0,0.054484158,53,0,0.008779631,6833.0,4,0,0,0,0.0
96596,0,0.26298111,43,0,0.529550132,3400.0,13,0,1,0,2.0
96600,0,0.131065274,30,0,0.394196014,9682.0,7,0,2,0,0.0
96603,0,0.02478178,69,0,389.0,,10,0,0,0,0.0
96605,0,0.030009251,58,0,2298.0,,7,0,1,0,0.0
96606,0,0.669180451,54,0,0.645989383,13750.0,19,0,2,0,0.0
96609,0,0.6885290059999999,48,1,0.726017263,4054.0,8,1,1,0,1.0
96612,1,1.00379962,41,2,3217.0,,3,1,2,0,0.0
96614,0,0.0,42,0,8.0,,9,0,0,0,0.0
96615,0,0.0,44,0,0.252366351,7500.0,4,0,1,0,0.0
96616,0,0.194534287,53,1,0.44685105,3000.0,8,0,2,0,1.0
96617,0,0.121337393,45,0,0.292582635,6322.0,12,0,1,0,2.0
96619,0,0.104967879,58,0,0.17819268100000002,6694.0,9,0,0,0,0.0
96620,0,0.0,23,0,0.089967869,2800.0,2,0,0,0,0.0
96621,0,0.00029999299999999997,76,0,0.0,4500.0,4,0,0,0,0.0
96624,0,0.08762414800000001,53,0,0.061787642000000004,5000.0,11,0,0,0,0.0
96625,0,0.022579187999999997,54,0,0.229649596,3709.0,4,0,1,0,0.0
96626,0,0.8911088909999999,27,0,836.0,,9,0,0,0,0.0
96627,0,0.018575041,85,0,1258.0,,4,0,0,0,0.0
96628,0,0.159270636,48,0,0.200028233,7083.0,3,0,1,0,2.0
96629,0,0.18143779100000001,56,0,0.50998143,8615.0,8,0,2,0,1.0
96630,0,0.0,58,0,0.6913188379999999,6300.0,5,0,2,0,0.0
96631,0,0.923456865,43,0,0.227229147,7300.0,4,0,1,0,0.0
96633,0,0.698280835,50,0,0.057410714,11199.0,4,0,0,0,1.0
96634,0,0.474320453,51,0,2175.0,,5,0,2,0,0.0
96635,0,0.037669883,71,0,0.104289571,10000.0,12,0,1,0,0.0
96636,0,0.338826632,38,0,0.249916694,3000.0,10,0,0,0,1.0
96637,0,0.542395648,37,0,0.75,4667.0,9,0,2,0,0.0
96641,0,0.003638989,63,1,0.44941369,7333.0,9,0,1,0,0.0
96644,0,0.025040858,71,0,0.273876782,3716.0,11,0,1,0,0.0
96645,0,0.071123852,49,0,0.21709041699999998,6646.0,6,0,1,0,0.0
96646,0,0.8639956759999999,33,0,0.14895035,3000.0,5,0,0,0,0.0
96647,0,0.005465856999999999,78,0,0.0019993339999999997,3000.0,7,0,0,0,0.0
96648,0,0.025713551,84,0,0.132173565,5000.0,12,0,1,0,0.0
96649,0,0.099641745,38,0,0.26396227899999997,12300.0,15,0,1,0,2.0
96650,0,0.025745631,59,0,0.31426304,13860.0,26,0,2,0,2.0
96651,0,0.010880578,68,0,0.156662892,2648.0,6,0,0,0,0.0
96653,0,0.824351297,46,0,1262.0,,6,0,0,0,4.0
96654,0,0.253638485,53,1,0.297473513,3680.0,10,0,1,0,0.0
96655,0,0.019060447,81,0,0.013881177,1800.0,5,0,0,0,0.0
96656,0,0.20879120899999998,24,0,0.007989348,750.0,3,0,0,0,0.0
96659,0,0.0,55,0,0.0,750.0,1,0,0,0,1.0
96660,0,0.40039312299999996,57,0,2604.0,,13,0,1,0,0.0
96661,0,0.49454458700000004,62,2,0.09667912199999999,19000.0,14,0,0,0,0.0
96662,0,0.752724728,40,0,238.0,,5,0,0,0,0.0
96663,0,0.005086607,58,0,0.224385041,15000.0,8,0,2,0,1.0
96664,1,1.370848114,34,3,0.634549209,2905.0,9,3,1,2,2.0
96665,0,0.78932735,61,0,0.14673165900000001,8000.0,14,1,0,0,0.0
96667,0,0.012738853999999999,38,1,0.46110704700000005,4100.0,8,0,1,0,2.0
96668,0,0.035332025,28,0,30.0,,3,0,0,0,0.0
96672,0,0.032482418,68,1,0.014187901000000001,14166.0,9,0,0,0,0.0
96673,0,0.015967748,84,0,225.0,,3,0,0,0,0.0
96674,0,0.0,63,0,0.502165945,3000.0,6,0,1,0,0.0
96675,0,1.8560575769999998,37,0,0.478085173,6433.0,8,0,1,0,1.0
96676,1,1.064701125,37,2,0.31103421800000003,2600.0,5,0,0,4,0.0
96679,0,0.360542753,50,0,0.425614877,3333.0,8,0,0,0,2.0
96680,0,0.441186271,39,0,0.20062208399999998,4500.0,5,0,1,0,1.0
96681,0,0.9999998999999999,34,0,50.0,,1,0,0,0,0.0
96682,0,0.313384113,52,0,647.5,1.0,16,0,0,0,0.0
96683,0,0.0041188990000000005,66,0,1307.0,,7,0,1,0,0.0
96685,0,0.00046479199999999995,63,0,0.0,10196.0,5,0,0,0,0.0
96686,0,0.8221303440000001,53,0,820.0,,4,0,0,0,0.0
96687,0,0.014491862,69,0,0.989550204,2200.0,5,0,1,0,0.0
96688,0,0.431528808,56,0,2261.0,,8,0,1,0,0.0
96689,0,0.322908691,55,3,0.397091129,13200.0,19,0,1,0,3.0
96690,0,0.014618922,39,0,0.303229788,4860.0,6,0,2,0,0.0
96691,0,0.48806850700000004,71,0,0.711428891,8950.0,15,0,2,0,1.0
96692,0,0.00770828,79,0,0.281843286,5793.0,18,0,1,0,1.0
96694,0,0.070243992,48,1,1184.0,,6,0,1,0,0.0
96695,0,0.043150325,77,0,328.0,,4,0,0,0,0.0
96696,0,0.157344915,69,0,0.751249306,1800.0,17,0,1,0,0.0
96698,0,0.036765808,60,0,0.141090825,8653.0,5,0,1,0,1.0
96699,0,0.009748121,26,0,0.42096505799999995,600.0,5,0,0,0,0.0
96700,0,0.33257996,43,0,0.538092382,5000.0,7,0,2,0,2.0
96701,0,0.00414624,61,0,0.08988764,16820.0,8,0,1,0,0.0
96702,0,0.0,45,0,0.36964006299999996,9584.0,4,0,1,0,2.0
96703,0,0.34364741,65,0,0.21595982100000002,3583.0,7,0,0,0,0.0
96704,1,0.0,63,3,0.8612072279999999,2600.0,5,1,2,0,0.0
96707,0,0.9999998999999999,56,0,0.002026342,986.0,0,0,0,0,1.0
96708,0,0.9999998999999999,43,1,0.038212816000000004,1700.0,2,0,0,0,2.0
96710,1,0.066796498,77,0,0.34833033399999996,5000.0,12,0,1,0,0.0
96711,0,0.033029302,53,0,0.235431964,6400.0,3,0,1,0,2.0
96712,0,0.089805392,28,0,0.092302566,3000.0,5,0,0,0,0.0
96713,0,0.7293648,37,0,0.214518583,4600.0,5,1,0,1,4.0
96716,0,0.9770127059999999,48,0,0.5766799,6800.0,12,0,2,0,3.0
96717,0,0.064204107,61,0,1.291623578,2900.0,12,0,4,0,1.0
96719,1,0.024832643999999997,56,0,0.391607321,13058.0,12,0,2,0,2.0
96722,0,0.44728509,26,0,2.733878292,1100.0,5,0,1,0,0.0
96723,0,0.593322621,57,0,3292.0,,14,0,2,0,2.0
96724,0,0.0,22,0,0.0,,2,0,0,0,
96725,0,0.953464323,23,2,0.154397394,1534.0,3,0,0,0,0.0
96726,0,0.1066726,65,0,969.0,,6,0,1,0,
96727,0,0.524894461,44,0,2.70790378,3200.0,13,0,2,0,0.0
96728,0,0.007465019,68,0,446.0,,14,0,0,0,0.0
96729,0,0.10017996400000001,63,1,0.386804253,3197.0,3,1,1,0,1.0
96730,0,0.823072702,44,0,2.63968016,2000.0,9,0,2,0,0.0
96731,0,0.425684102,46,0,0.30930401399999996,9640.0,10,0,2,0,3.0
96732,0,0.00247859,61,0,0.001999,2000.0,6,0,0,0,1.0
96733,0,0.99640072,45,1,0.07197943400000001,2333.0,3,0,0,0,2.0
96734,1,0.873786408,50,3,0.38482689700000006,8000.0,6,0,1,1,2.0
96736,0,0.9999998999999999,38,0,0.263547291,5000.0,11,0,1,0,0.0
96738,0,0.009597829,67,0,0.23515746,3873.0,11,0,1,0,0.0
96739,0,0.162884954,71,0,0.752654591,1600.0,11,0,0,0,0.0
96740,0,0.0,58,0,0.269650823,6500.0,10,0,2,0,2.0
96741,0,0.11857784099999999,66,0,2977.0,,17,0,2,0,0.0
96742,0,0.233247705,68,0,0.306648308,5083.0,21,0,2,0,0.0
96743,0,0.048920690999999995,42,1,0.5277489329999999,8666.0,10,0,3,0,2.0
96744,0,0.00461437,58,1,0.420150462,10500.0,20,0,3,0,0.0
96745,0,0.097763694,68,0,0.340909091,7083.0,20,0,2,0,0.0
96746,0,0.461492019,45,0,0.521975972,13400.0,12,0,5,0,3.0
96747,0,0.134099304,40,0,0.032129049,7500.0,7,0,0,0,2.0
96749,0,0.639920002,63,0,0.469499933,7458.0,7,0,2,0,0.0
96751,0,0.973335873,53,0,0.396416977,8316.0,14,0,2,0,2.0
96752,0,0.9999998999999999,62,0,0.110197734,4500.0,3,0,0,0,2.0
96754,0,0.183118883,47,0,3383.0,,10,0,2,0,0.0
96755,0,0.032284078,50,0,43.0,,4,0,0,0,0.0
96757,0,0.021083801,63,0,39.0,,5,0,0,0,1.0
96758,0,0.06314382,53,0,6431.0,,15,0,2,0,0.0
96759,0,1.069275818,57,0,0.135081093,4500.0,4,0,0,0,3.0
96761,0,0.0,34,0,0.39609470799999996,10600.0,12,0,1,0,0.0
96762,0,0.0,47,0,533.0,,9,0,0,0,0.0
96763,0,0.18395074600000003,48,1,0.11678442900000001,7500.0,9,0,0,0,1.0
96764,0,0.09014442199999999,64,0,0.246376812,2000.0,5,0,0,0,0.0
96767,0,0.54131113,55,0,0.207247132,3835.0,17,0,0,0,0.0
96770,0,0.45558034,59,0,0.035792841,5000.0,3,0,0,0,0.0
96771,0,0.366329209,31,1,0.20870535699999998,3583.0,6,0,0,0,0.0
96773,0,0.0056331459999999995,69,1,0.482671585,10300.0,8,0,2,0,1.0
96774,0,0.083580581,48,0,0.127218195,4000.0,4,0,0,0,1.0
96775,0,0.018448897,53,0,0.215361818,12146.0,4,0,1,0,2.0
96776,0,0.6601415279999999,31,0,0.35875860600000004,9150.0,19,0,1,0,0.0
96777,1,0.716570857,53,4,3811.0,,6,1,1,2,0.0
96779,0,0.086500181,46,0,2496.0,,7,0,1,0,0.0
96780,0,0.9999998999999999,43,0,0.19612590800000002,825.0,1,0,0,0,3.0
96781,0,0.062833078,58,0,0.290879041,9680.0,16,0,1,0,2.0
96783,0,0.015480908,46,0,0.21996857600000003,7000.0,10,0,1,0,0.0
96785,0,0.396478183,27,0,0.18104906899999998,6500.0,10,0,0,0,0.0
96786,0,0.000387304,74,0,592.0,,11,1,1,0,0.0
96787,0,0.19323799100000003,40,0,2076.0,0.0,5,0,1,0,0.0
96788,0,0.00142855,88,0,2.0,,7,0,0,0,0.0
96789,0,0.0,65,0,0.0,4500.0,2,0,0,0,0.0
96791,0,0.8356700359999999,34,0,0.275544891,5000.0,4,0,0,0,2.0
96792,0,0.389055886,33,0,0.493835388,3000.0,10,0,1,0,2.0
96794,0,0.11633118,72,0,0.343017807,3200.0,14,0,1,0,0.0
96796,0,0.36568551299999996,63,1,0.461769115,2000.0,6,0,0,0,0.0
96797,0,0.06667124099999999,63,0,0.13762899,8333.0,8,0,1,0,0.0
96800,0,0.04781915,65,0,1013.0,,9,0,1,0,0.0
96802,0,0.051389722,48,0,0.433951333,1725.0,6,0,0,0,1.0
96803,0,0.119976005,54,0,0.082728592,6200.0,2,0,0,0,2.0
96804,0,0.446624507,38,3,0.510604622,3158.0,9,0,2,0,2.0
96806,0,0.018074746000000003,44,0,2994.0,,10,0,1,0,0.0
96807,0,0.0,74,0,0.000374953,2666.0,3,0,0,0,0.0
96808,1,0.891826747,32,0,0.19217951600000002,4500.0,11,0,0,0,2.0
96810,0,0.9999998999999999,25,0,0.384521633,1640.0,2,0,0,0,0.0
96812,0,0.04355194,38,0,0.18696779,2700.0,3,0,0,0,4.0
96813,0,0.008695391,63,0,0.002050756,3900.0,2,0,0,0,0.0
96814,0,0.056878753,62,0,0.20691642699999999,3469.0,8,0,0,0,2.0
96815,0,0.006889931,75,0,35.0,,11,0,1,0,0.0
96816,0,0.039580336,74,0,0.217905022,4400.0,8,0,1,0,0.0
96817,0,0.027065556,64,0,0.00759848,5000.0,4,0,0,0,0.0
96819,0,1.0001351170000001,58,0,0.287234043,1409.0,8,0,0,0,2.0
96820,0,0.326985801,62,0,0.355293514,3900.0,11,0,2,0,0.0
96823,0,0.07224742,51,0,3738.0,,8,0,2,0,2.0
96824,1,0.8146003390000001,53,0,0.6953053779999999,8775.0,9,0,1,0,1.0
96826,0,0.297832794,46,0,0.078487448,6293.0,3,0,1,0,0.0
96828,0,0.251687078,29,0,471.0,,11,0,0,0,0.0
96829,0,0.91769356,83,0,858.0,,2,0,1,0,0.0
96830,0,0.033598108,42,0,0.27768058,4000.0,9,0,2,0,2.0
96831,0,0.496582617,42,1,0.487002363,5500.0,9,0,2,0,1.0
96832,0,1.0243902440000001,24,0,0.100562149,1600.0,6,0,0,0,1.0
96833,0,0.629701365,44,1,0.41348247899999996,10101.0,8,0,2,0,1.0
96834,0,0.452473004,36,0,0.38036896200000003,7100.0,4,0,2,0,0.0
96836,0,0.024417774,53,0,0.013726147,5973.0,9,0,0,0,2.0
96839,0,0.6830538820000001,54,0,3959.0,,8,0,1,0,0.0
96840,0,0.34377796299999996,54,0,0.30983895899999997,9065.0,11,0,3,0,0.0
96842,0,0.06932326700000001,85,0,0.020744814,4000.0,1,0,0,0,0.0
96844,0,0.61048133,32,0,1.167850799,1125.0,8,0,0,0,0.0
96845,0,0.127429086,58,0,0.584227718,15000.0,8,0,3,0,0.0
96846,0,0.5220535860000001,55,0,0.071232192,4000.0,2,0,0,0,0.0
96847,0,1.159108378,47,3,0.12513438,4650.0,5,1,0,2,0.0
96849,1,0.049649238,64,2,0.666242501,5500.0,12,0,3,1,0.0
96853,1,0.9999998999999999,39,0,0.003194888,24100.0,2,0,0,0,1.0
96854,0,0.081934988,40,0,0.339295634,9000.0,9,0,2,0,0.0
96859,0,0.6722885140000001,39,0,0.381061894,10000.0,5,0,1,0,0.0
96860,0,0.35982682299999996,59,0,1539.0,,6,0,1,0,
96861,0,0.117506954,74,0,0.09097611300000001,6781.0,4,0,0,0,1.0
96862,0,0.550710295,43,0,0.585088068,7550.0,15,0,4,0,2.0
96865,0,1.0013328890000002,27,3,0.14595135,3000.0,4,0,0,0,0.0
96872,0,0.152110302,49,4,0.441812351,9666.0,15,0,1,0,3.0
96873,0,0.005157071,58,0,0.29321116199999997,2400.0,7,0,1,0,0.0
96874,0,0.334747046,57,3,1754.0,,5,2,1,1,0.0
96875,0,0.104625596,66,0,0.251215067,6583.0,17,0,0,0,0.0
96878,0,0.027191536000000002,46,0,0.253044901,5500.0,7,0,1,0,0.0
96879,0,0.48944105200000004,65,0,0.25754113300000003,4375.0,9,0,1,0,0.0
96880,0,0.37645182,46,1,0.9700059990000001,5000.0,9,0,1,0,2.0
96883,0,0.032446276,47,0,0.287370809,11900.0,16,0,1,0,2.0
96884,0,0.019690316,70,0,5125.0,,7,0,2,0,0.0
96885,0,0.5313904770000001,63,1,0.125858276,15000.0,9,0,0,0,0.0
96886,0,0.500901984,40,0,0.455351237,7558.0,9,0,3,0,2.0
96887,1,0.519153182,58,0,0.220229344,3400.0,9,0,0,0,0.0
96888,0,0.39403480799999996,47,0,0.554808217,5500.0,12,0,3,0,1.0
96889,1,1.823920266,46,1,0.19343761899999998,2620.0,24,1,0,0,3.0
96890,0,0.917418961,51,0,2598.0,,5,0,2,0,0.0
96891,0,0.479950521,31,1,668.0,,6,0,0,0,0.0
96892,0,0.067064431,65,0,0.020278378,8333.0,1,0,0,0,0.0
96895,0,0.266136693,65,0,1602.0,,4,0,1,0,1.0
96896,0,0.0,25,0,0.0,820.0,2,0,0,0,0.0
96897,0,0.037266475,79,0,22.0,,3,0,0,0,0.0
96898,0,0.004914005,29,0,0.341178921,4800.0,12,0,0,0,0.0
96901,0,0.017799555,56,0,753.0,,5,0,1,0,0.0
96902,0,0.292373991,42,0,0.463969069,15000.0,8,0,4,0,5.0
96905,0,0.025206195,61,0,0.149022709,8850.0,9,0,1,0,0.0
96906,0,0.345982257,58,0,0.5143714070000001,4000.0,6,0,1,0,0.0
96907,0,0.293653179,62,0,0.29129023800000003,11400.0,12,0,2,0,1.0
96908,0,0.645490739,58,0,0.323554207,11861.0,15,0,2,0,1.0
96909,0,0.732267855,54,0,4750.0,,5,0,1,0,0.0
96910,0,0.10663376,56,0,661.5,1.0,6,0,1,0,0.0
96911,0,0.001075795,53,0,0.269277846,2450.0,8,0,0,0,0.0
96913,0,0.124459327,32,0,1.6743314169999999,4000.0,10,0,3,0,1.0
96915,0,0.0,67,0,0.0,600.0,10,0,0,0,1.0
96916,0,0.20559476,43,0,940.0,0.0,8,0,0,0,3.0
96917,0,0.381296952,51,0,0.551814933,5316.0,12,0,2,0,1.0
96918,0,0.04412957,50,0,34.0,,7,0,0,0,0.0
96919,0,0.02200759,53,0,0.722,3499.0,7,0,1,0,0.0
96920,0,0.141493932,74,0,2790.0,,7,0,1,0,0.0
96921,0,0.9999998999999999,31,0,0.288177956,4000.0,4,0,0,0,0.0
96923,0,0.38142808,47,0,1.892417566,6580.0,7,0,1,0,2.0
96924,0,0.080566212,50,1,0.18037476800000002,6990.0,11,0,1,0,0.0
96925,0,0.03740107,69,0,1232.0,,12,0,1,0,0.0
96926,0,0.45818299799999995,45,0,0.484093801,5500.0,15,0,1,0,1.0
96927,0,0.031180008,66,0,0.158317801,8583.0,11,0,1,0,0.0
96928,0,0.530359424,65,0,0.58230384,5989.0,5,0,2,0,1.0
96929,0,0.117288271,54,0,0.20460632,5600.0,4,0,1,0,2.0
96932,0,0.335862705,47,0,0.6526996629999999,3555.0,7,0,3,0,3.0
96934,0,0.693404592,43,0,0.222865777,3970.0,5,0,0,0,3.0
96935,0,0.007808328000000001,65,0,2460.0,,10,0,1,0,0.0
96939,1,0.284788559,53,2,2895.0,,21,0,2,0,0.0
96940,0,0.45274673600000004,64,0,1830.0,,5,0,1,0,0.0
96941,1,0.9999998999999999,27,98,0.018490755,2000.0,0,98,0,98,3.0
96943,0,0.294844791,81,0,0.138885487,8164.0,8,0,1,0,0.0
96945,0,0.9999998999999999,40,3,0.50303463,2800.0,2,0,1,0,1.0
96946,0,0.598180901,53,0,4541.0,,14,0,2,0,2.0
96950,0,0.008376515,75,0,19.0,,8,0,0,0,0.0
96952,0,0.07068687,69,0,0.009478673,3164.0,3,0,0,0,0.0
96953,0,0.021280232000000003,47,0,0.42766463899999996,7561.0,2,0,1,0,0.0
96954,0,0.197624149,38,0,0.145912749,14165.0,9,0,2,0,1.0
96955,0,0.008139836999999999,72,0,0.287525703,2917.0,13,0,1,0,0.0
96956,0,0.042597323,89,0,0.010383668,5681.0,6,0,0,0,0.0
96957,0,0.051054384,32,0,435.0,,3,0,0,0,0.0
96958,0,0.086938217,43,1,1.129623459,3000.0,5,0,2,0,2.0
96959,0,0.000899955,40,0,0.695921986,2255.0,10,0,1,0,1.0
96960,0,0.015958546,72,0,3.234608985,600.0,13,0,1,0,0.0
96963,1,0.9999998999999999,66,98,0.0,,0,98,0,98,0.0
96964,0,0.09496834400000001,49,0,0.004181913,1912.0,1,0,0,0,0.0
96965,0,0.44015995399999996,37,1,0.43867626600000004,7916.0,20,0,3,0,1.0
96966,0,0.020504842,62,0,0.41038998600000004,13820.0,16,0,3,0,0.0
96967,0,0.9999998999999999,64,0,0.262683619,8100.0,6,0,2,0,0.0
96969,0,0.601944698,56,0,0.166298284,9500.0,4,0,0,0,0.0
96970,0,0.007565543,53,0,0.09813116300000001,14500.0,7,0,1,0,0.0
96971,1,0.9999998999999999,45,0,27.0,,1,0,0,0,0.0
96972,0,0.0,60,0,573.0,,5,0,1,0,1.0
96973,0,0.033166052,46,0,0.299639341,10258.0,6,0,2,0,2.0
96975,0,0.38709862700000003,47,2,0.220788795,5425.0,15,0,1,0,2.0
96978,0,0.251709009,61,0,0.293016559,4166.0,6,0,1,0,0.0
96980,0,0.9999998999999999,49,0,0.0,,1,0,0,0,0.0
96981,0,0.025462794,69,0,756.0,,3,0,1,0,0.0
96982,0,0.218744212,60,0,0.344670789,10995.0,21,0,4,0,1.0
96984,0,0.9999998999999999,64,0,362.0,,3,0,1,0,0.0
96986,0,1.0073240909999999,50,2,0.651493996,3580.0,14,0,2,0,0.0
96987,0,0.028836791,44,0,0.070302031,9700.0,10,0,0,0,2.0
96988,1,0.39488582200000005,37,0,0.374174615,2725.0,10,0,1,0,1.0
96990,0,0.192877999,77,0,0.14538846,2200.0,12,0,0,0,0.0
96992,0,0.096580684,38,0,0.476748314,2816.0,3,0,1,0,2.0
96993,0,0.667568521,38,0,0.437561455,3050.0,8,0,2,0,1.0
96994,0,0.40567482299999996,40,0,1335.0,,9,0,0,0,0.0
96995,0,0.302556296,37,2,0.30370725,18800.0,17,0,1,0,2.0
96996,0,0.716211857,57,3,0.34863736799999995,8145.0,8,2,1,0,0.0
96997,0,0.534215613,57,0,0.6923736079999999,4667.0,10,0,1,0,1.0
96998,0,0.058076903,53,0,0.005009696,6187.0,3,0,0,0,8.0
97000,0,0.089930113,38,0,0.16590110800000002,3700.0,8,0,0,0,0.0
97001,0,0.054406399999999994,46,0,2288.0,,8,0,1,0,
97003,1,0.618381618,52,1,0.22351821,4200.0,7,1,0,0,0.0
97005,0,0.0,58,0,0.0,8400.0,5,0,0,0,0.0
97006,0,0.137591735,58,0,0.757498405,4700.0,22,0,2,0,1.0
97008,0,0.012434841,73,0,0.109237427,6700.0,8,0,1,0,0.0
97009,0,0.9999998999999999,32,0,448.0,,1,0,0,1,0.0
97010,0,0.089836674,73,0,0.352718738,7668.0,13,0,2,0,1.0
97012,0,0.540264367,50,0,0.235266439,8500.0,11,0,3,0,2.0
97013,0,0.9999998999999999,36,0,0.0,3200.0,2,0,0,0,2.0
97015,0,0.18001220199999998,30,0,0.248269497,6500.0,7,0,1,0,1.0
97016,0,0.027969605,55,0,603.0,,7,0,0,0,0.0
97017,0,0.020809686,88,0,0.0030881529999999997,3561.0,4,0,0,0,0.0
97019,0,0.040088295,65,0,0.10204081599999999,8917.0,4,0,1,0,2.0
97020,0,0.0,54,0,2263.0,0.0,12,0,2,0,0.0
97021,0,0.0,83,0,0.00019045799999999998,10500.0,8,0,0,0,0.0
97022,0,0.264616328,46,0,0.935840048,3350.0,12,0,2,0,3.0
97025,0,0.035424114,78,0,42.0,,11,0,0,0,0.0
97026,0,0.526159603,38,0,0.323970548,11000.0,16,0,1,0,2.0
97027,0,0.428338888,44,1,0.339225846,3280.0,10,0,0,0,0.0
97029,0,0.095641215,51,0,0.201289936,6666.0,7,0,1,0,3.0
97031,0,0.007040999,78,0,0.19744392300000002,3833.0,7,0,0,0,1.0
97034,0,0.040040495,47,0,3750.0,,12,0,3,0,2.0
97035,0,0.210587109,37,0,1.405297351,2000.0,7,0,2,0,1.0
97036,0,0.11723534599999999,25,0,406.0,,1,0,0,0,
97039,0,0.251495164,43,0,4025.0,,10,0,2,0,3.0
97040,0,0.9940119759999999,27,0,0.057251908,1833.0,3,0,0,0,0.0
97041,0,0.07742362400000001,49,0,0.52889281,6800.0,6,0,2,0,5.0
97042,0,0.915363385,57,0,0.29655334699999997,8500.0,5,0,1,0,2.0
97044,0,0.16774050199999999,39,0,0.364211929,3000.0,3,0,1,0,1.0
97045,0,0.76080603,75,2,0.257507308,3762.0,11,0,0,0,0.0
97047,0,0.094205914,49,2,0.246859542,28100.0,23,0,1,0,2.0
97048,0,0.054343359,51,0,0.548944338,2083.0,12,0,1,0,2.0
97049,0,0.0,55,0,2140.0,,16,0,1,0,0.0
97050,1,0.9999998999999999,29,0,0.0,3200.0,0,0,0,0,0.0
97051,0,0.134924338,57,0,1551.0,,3,0,1,0,0.0
97052,0,0.39881336,40,0,2657.0,,6,0,1,0,0.0
97053,0,0.0,57,1,0.212378762,10000.0,13,1,1,1,1.0
97054,0,0.326728759,52,0,0.5074266479999999,13666.0,10,0,4,0,2.0
97055,0,0.006239279,73,0,0.344834346,5100.0,11,0,2,0,1.0
97056,0,0.06302342400000001,54,0,0.487152596,3813.0,6,0,1,0,0.0
97057,0,0.041173296,37,0,886.0,,9,0,1,0,0.0
97058,0,0.20258649399999998,53,0,1339.0,,4,0,2,0,3.0
97061,0,0.020448892,43,0,0.367024345,8666.0,18,0,2,0,1.0
97062,0,0.026723724,65,0,0.348498635,2197.0,7,0,0,0,0.0
97063,0,0.010744674,45,0,0.256572029,950.0,4,0,0,0,2.0
97064,0,0.767113743,68,2,0.061191841,7500.0,8,0,0,0,1.0
97065,0,0.9999998999999999,48,3,3819.0,,8,0,1,0,0.0
97067,0,0.9999998999999999,63,0,1.105377907,1375.0,1,0,1,0,0.0
97068,0,0.04798173,73,0,0.067990935,7500.0,10,0,1,0,0.0
97069,0,0.004872203,44,0,0.043993232,6500.0,3,0,0,0,0.0
97070,0,0.058078492999999995,30,0,0.394883858,3400.0,7,0,2,0,1.0
97071,0,0.672053527,52,0,1.285188108,3800.0,13,0,1,0,0.0
97072,0,0.09111817800000001,33,0,0.265594628,5658.0,6,0,1,0,0.0
97073,0,0.15467145599999998,35,0,0.30045596399999996,4166.0,17,0,0,0,0.0
97075,0,0.496576853,61,0,0.821059647,3000.0,14,0,1,0,0.0
97077,0,0.121201169,50,2,0.39370595,6100.0,9,0,3,0,2.0
97078,1,0.998644986,45,4,0.051207023,5467.0,8,1,0,2,1.0
97083,0,0.071692431,36,0,0.314980794,8590.0,7,0,1,0,1.0
97085,0,0.9999998999999999,56,0,0.0,,0,1,0,0,0.0
97086,0,0.021271286,50,0,1743.0,,9,0,1,0,0.0
97087,1,0.980403919,50,1,0.394512084,5502.0,9,0,2,0,0.0
97088,0,0.417621875,50,0,0.688556567,4613.0,16,0,2,0,2.0
97090,0,0.6420479410000001,40,0,0.846858639,4583.0,11,0,2,0,2.0
97092,1,0.070955136,44,0,2303.0,,8,0,2,0,0.0
97093,1,0.17237597600000001,43,1,0.27722668899999997,9576.0,8,0,1,0,2.0
97095,0,0.985018727,64,0,0.148961077,3416.0,2,4,0,0,0.0
97098,0,0.046861506,36,0,0.196903857,7363.0,11,0,2,0,1.0
97101,0,0.0,48,0,0.0,3305.0,8,0,0,0,0.0
97102,0,0.000522234,70,0,0.0,4300.0,3,0,0,0,0.0
97104,0,0.759933216,50,0,0.628206798,7678.0,12,0,2,0,3.0
97108,0,0.041029236000000004,57,0,0.28533933300000003,8000.0,11,0,2,0,1.0
97110,0,0.12151513900000001,59,0,0.678600161,2485.0,12,0,1,0,0.0
97112,1,0.9544475990000001,54,1,1.4620213430000002,3185.0,13,1,2,0,0.0
97114,0,0.046426302,59,0,0.145518912,16100.0,13,0,2,0,1.0
97115,0,0.10596355699999999,43,0,1114.0,,7,0,1,0,3.0
97116,0,0.0,35,0,0.229297234,11966.0,11,0,2,0,1.0
97117,0,0.225879081,42,0,0.08759562,6666.0,6,0,0,0,0.0
97118,0,0.164951459,69,0,0.491072137,12600.0,6,0,1,0,0.0
97119,0,0.0,34,0,0.0,4200.0,3,0,0,0,0.0
97121,0,0.319018643,34,0,0.554028732,1600.0,8,0,0,0,0.0
97124,1,1.027638894,54,4,1.055991041,6250.0,17,1,2,0,0.0
97125,0,0.0,57,0,0.034793041000000004,5000.0,8,0,0,0,2.0
97126,0,0.410500655,48,5,3404.0,,17,0,2,1,1.0
97127,0,0.524067318,33,2,0.45423341,3495.0,6,0,1,0,3.0
97130,0,0.176762487,55,0,0.434728295,1600.0,6,0,0,0,1.0
97134,0,0.133038991,49,0,0.370522141,7564.0,9,0,1,0,1.0
97135,0,0.391987297,55,1,0.355989635,5016.0,8,0,0,1,1.0
97137,0,0.9999998999999999,41,0,0.0,5352.0,0,1,0,0,0.0
97138,0,0.6434872939999999,49,0,0.417240913,7400.0,13,0,1,0,1.0
97139,0,0.010967388,72,0,0.470477976,3200.0,7,0,1,0,0.0
97141,0,0.073138983,68,0,0.290010909,6416.0,15,0,1,0,0.0
97142,0,0.029499017000000002,59,0,0.003826688,8100.0,4,0,0,0,0.0
97144,0,0.075414572,39,0,0.097674991,8128.0,4,0,0,0,1.0
97145,0,0.89678511,38,0,0.20782056399999999,10075.0,4,0,2,0,2.0
97146,0,0.597072234,55,0,0.36823158799999994,13333.0,7,0,3,0,1.0
97147,0,0.018199798,73,0,0.007998667,6000.0,8,0,0,0,0.0
97148,0,0.9999998999999999,23,0,0.0,1600.0,1,0,0,0,0.0
97149,0,0.042909552000000004,62,0,0.041813602000000005,1984.0,10,0,0,0,0.0
97150,0,0.0,63,0,0.09778044400000001,5000.0,3,0,0,0,2.0
97151,0,0.205717184,33,0,0.61916637,5613.0,14,0,5,0,1.0
97152,0,0.109503306,59,0,0.258974103,10000.0,4,0,2,0,0.0
97153,0,0.328008345,78,0,0.337586896,10500.0,27,0,1,0,0.0
97155,0,0.035186276,56,0,0.259588623,14730.0,18,0,2,0,1.0
97156,1,1.349255721,47,1,0.29661627100000004,2777.0,2,6,0,1,2.0
97158,0,0.00179228,60,0,0.283111315,6530.0,11,0,1,0,0.0
97159,0,0.195028869,58,1,0.482351765,10000.0,13,0,3,0,1.0
97160,0,0.403079753,51,1,2.166708323,4000.0,27,0,4,0,1.0
97161,0,0.411890854,40,0,0.519795447,6061.0,12,0,1,0,1.0
97163,0,0.60225914,70,0,4.7721782589999995,2400.0,20,0,1,0,0.0
97164,0,0.135086502,51,0,0.114251945,10152.0,6,0,0,0,1.0
97165,0,0.073562019,48,0,0.216685488,7083.0,5,0,1,0,2.0
97168,0,0.350183064,31,0,2372.0,,11,0,2,0,0.0
97169,0,0.21692508300000002,40,0,2708.0,,6,0,1,0,0.0
97170,0,0.000541845,48,0,0.274678112,11416.0,10,0,2,0,0.0
97172,0,0.033017776,49,0,0.162901082,15800.0,13,0,1,0,0.0
97173,0,0.0,53,0,0.400137426,4365.0,8,0,2,0,1.0
97174,0,0.015439893,59,0,0.374928991,5280.0,12,0,1,0,2.0
97175,0,0.01119639,61,0,0.198345181,8580.0,10,0,1,0,0.0
97176,0,0.034470611,44,0,0.494643622,7000.0,6,0,2,0,5.0
97177,0,0.593640636,50,0,0.33966015899999996,5531.0,7,0,1,0,2.0
97179,0,0.016797753999999998,48,0,0.176347605,11000.0,7,0,1,0,1.0
97180,0,0.055095295,57,0,2812.0,,17,0,2,0,0.0
97181,0,0.09104884099999999,64,0,0.130471894,8200.0,15,0,1,0,0.0
97182,0,0.182082633,42,0,0.097908508,12000.0,6,0,1,0,0.0
97183,1,0.597796143,33,2,0.42473579,3500.0,12,0,2,1,0.0
97185,0,0.002967678,60,0,0.319872051,2500.0,8,0,1,0,0.0
97186,0,0.827454226,50,0,0.183139186,8326.0,3,0,0,0,1.0
97188,0,0.072880505,51,0,2015.0,,11,0,2,0,3.0
97189,0,0.001018608,64,0,0.446006171,2916.0,7,0,1,0,0.0
97190,0,0.14200690400000002,38,0,0.441171021,5396.0,10,0,3,0,3.0
97192,1,0.14296905599999998,44,0,0.292756656,8600.0,11,0,1,0,1.0
97193,0,0.31126049899999997,66,0,0.6850124009999999,8466.0,15,0,3,0,0.0
97195,0,0.0,51,0,0.164328272,5202.0,10,0,1,0,0.0
97197,0,0.033741712,55,0,0.180563887,5000.0,9,0,1,0,1.0
97199,0,0.8590281940000001,37,0,0.018283102,7000.0,1,0,0,0,2.0
97200,0,0.050405704,56,0,0.08542538400000001,2867.0,7,0,0,0,0.0
97202,0,0.022783867000000003,62,0,0.42576237299999997,6000.0,10,0,2,0,0.0
97205,0,0.916805324,49,1,0.004359198,3440.0,2,0,0,0,0.0
97208,0,0.0,65,0,0.0,0.0,10,0,0,0,0.0
97210,0,0.215984573,55,0,0.309485205,4933.0,6,0,2,0,2.0
97212,0,0.028131457999999998,50,0,1190.0,,10,0,2,0,0.0
97217,0,0.571350143,27,0,0.314984251,6666.0,9,0,1,0,0.0
97218,0,0.36561291700000004,62,0,0.184421182,9743.0,11,0,0,0,0.0
97220,0,0.011258425,39,0,949.0,,3,0,1,0,0.0
97221,0,0.645621552,62,0,0.514648535,10000.0,11,0,3,0,2.0
97223,0,0.101187372,35,0,0.579504075,5766.0,13,0,1,0,0.0
97224,0,0.397265043,75,0,0.703217744,3200.0,12,0,1,0,1.0
97225,0,0.654786655,33,0,0.24418895300000001,4000.0,5,0,0,0,1.0
97231,0,0.014334747,70,0,34.0,,8,0,0,0,0.0
97232,0,0.31772012,50,0,3010.0,,4,0,2,0,2.0
97235,0,0.311771044,46,0,0.38316668299999995,10300.0,12,0,2,0,2.0
97237,0,0.012579992,56,0,0.22684822899999998,19166.0,13,0,2,0,2.0
97238,0,0.881390593,27,0,0.292773493,3500.0,6,0,0,0,3.0
97240,0,0.5535616760000001,60,2,796.0,,12,0,0,1,0.0
97241,0,0.004529053,58,0,887.0,,6,0,1,0,0.0
97242,0,0.0014502710000000002,65,0,0.19245061600000002,5112.0,5,0,1,0,0.0
97243,0,0.042529211,62,0,2235.0,,6,0,2,0,2.0
97244,0,0.003693444,80,0,1337.0,,9,0,1,0,0.0
97245,0,0.902216488,47,0,0.365090701,7000.0,4,0,1,0,0.0
97246,0,0.9999998999999999,48,0,0.021249469,2352.0,0,0,0,1,1.0
97247,0,0.251074183,36,0,0.306250714,8750.0,12,0,2,0,0.0
97248,0,0.107307767,57,1,0.172656594,6816.0,16,0,1,0,0.0
97249,1,1.01059788,31,1,0.115066751,3145.0,3,0,0,0,0.0
97250,0,0.304080224,64,0,0.42434147299999997,5200.0,8,0,1,0,0.0
97251,0,0.9999998999999999,63,0,0.9250874290000001,5432.0,4,0,2,0,0.0
97252,0,0.465913105,47,0,2905.0,,5,0,1,0,0.0
97255,0,0.416779161,61,1,0.6253338420000001,2620.0,8,0,2,0,0.0
97256,1,1.459459459,46,3,0.021771547999999998,3352.0,3,3,0,1,2.0
97261,0,0.196287885,63,0,0.203743167,21585.0,11,0,2,0,0.0
97263,0,0.012597481,84,0,0.032373244,4200.0,3,0,0,0,0.0
97267,0,0.37220568,43,0,2793.0,,10,0,1,0,0.0
97268,0,0.0,43,0,0.110913931,2253.0,6,0,0,0,0.0
97269,0,0.0014262620000000002,62,1,0.503684211,1899.0,10,0,0,0,0.0
97270,0,0.300541005,49,0,0.560342776,4200.0,16,0,1,0,0.0
97271,0,0.0021829970000000003,62,0,0.355002204,4537.0,18,0,2,0,0.0
97273,0,0.027633414,52,0,0.38920949,10916.0,11,0,2,0,0.0
97274,0,0.024318838,51,0,0.45032565799999996,10900.0,14,0,2,0,4.0
97275,0,0.096614805,57,0,2973.0,,6,0,1,0,
97276,0,0.438347603,43,0,0.325533175,3375.0,8,0,2,0,1.0
97277,0,0.9999998999999999,46,0,0.655902004,3591.0,2,0,1,0,2.0
97278,0,0.010968882,62,0,0.035823382,3600.0,6,0,1,0,0.0
97279,0,0.646621948,67,1,0.484790304,16666.0,9,0,2,0,0.0
97280,0,0.003607702,49,0,358.0,,3,0,0,0,0.0
97282,0,0.36886916399999997,56,0,0.348804856,7906.0,11,0,2,0,3.0
97283,0,0.082952915,44,0,868.0,,8,0,0,0,2.0
97284,0,0.7841079459999999,45,3,0.08926294300000001,3920.0,5,0,0,1,1.0
97285,0,0.059624968,78,1,0.078522864,7500.0,17,0,0,0,0.0
97286,0,0.11198704599999999,42,0,0.063072776,3709.0,10,0,0,0,0.0
97287,0,0.007182255,55,0,0.23190798699999998,35733.0,9,0,1,0,4.0
97290,0,0.123548445,64,0,0.145627549,11034.0,9,0,1,0,0.0
97291,0,0.0,62,0,0.6036281179999999,6614.0,8,0,2,0,0.0
97294,0,0.15194935,80,2,0.31287709,5800.0,11,1,1,1,0.0
97296,0,0.278714752,31,0,0.317121919,1500.0,9,0,0,0,0.0
97298,0,0.670393601,47,0,1153.0,,4,0,1,0,0.0
97299,0,0.01624178,72,0,0.006903118000000001,4200.0,7,0,0,0,0.0
97301,0,0.9999998999999999,23,0,0.0,820.0,1,0,0,0,0.0
97302,0,0.9999998999999999,43,0,0.0,5333.0,0,0,0,0,2.0
97303,0,0.075065841,60,0,1310.0,,10,0,2,0,0.0
97304,0,0.034825871,35,0,0.030159268,2950.0,2,0,0,0,2.0
97305,0,0.43246910899999996,39,0,0.418145957,6590.0,7,0,1,0,2.0
97307,1,0.572218221,51,0,0.658987281,4166.0,6,0,1,0,2.0
97308,0,0.009395276,63,1,0.35892999700000006,7513.0,24,0,2,0,1.0
97309,0,0.05598982,68,1,0.403963859,3430.0,7,1,1,0,0.0
97311,0,0.084549625,63,0,0.303095752,12500.0,13,0,3,0,4.0
97315,0,0.36109244,62,0,0.18985401,15000.0,8,0,1,0,0.0
97318,0,0.007768695999999999,67,0,0.18423450800000002,13167.0,8,0,1,0,1.0
97321,0,0.286037211,32,0,0.108178364,5000.0,4,0,0,0,1.0
97323,0,0.0,49,0,0.385662625,14102.0,20,0,2,0,3.0
97324,0,0.008006245,62,0,0.22988286800000002,10500.0,14,0,2,0,2.0
97326,1,0.823685215,59,0,1.13549066,3800.0,12,0,2,0,0.0
97327,0,0.053416439,42,0,0.611186166,3700.0,21,0,2,0,2.0
97330,0,0.9667541559999999,71,0,0.402515723,2702.0,6,0,0,0,0.0
97331,0,0.043701127,60,0,134.0,,5,0,0,0,0.0
97334,0,0.038059599,71,0,2606.0,,12,0,1,0,0.0
97335,0,0.20935450100000003,53,1,0.226877312,10000.0,14,0,2,0,2.0
97336,0,1.0131209,28,1,0.023708343,4470.0,3,0,0,0,0.0
97338,0,0.8725149659999999,47,0,2817.0,,8,0,1,0,2.0
97339,0,0.200719712,65,0,0.30796819,6412.0,2,0,1,0,0.0
97340,0,0.163729105,58,0,861.0,,5,1,0,0,0.0
97342,0,0.9190809190000001,49,1,0.264210226,3500.0,4,0,0,0,1.0
97346,0,0.127797517,46,0,1.663941871,1100.0,6,0,1,0,0.0
97347,0,0.066333397,25,0,0.001809955,5524.0,2,0,0,0,0.0
97348,1,0.051241722999999996,59,0,0.22369407600000002,4000.0,15,0,2,0,0.0
97349,0,0.059125351,76,0,0.155128205,4679.0,9,0,1,0,0.0
97350,1,0.803986711,48,0,522.0,,3,1,0,0,0.0
97355,0,0.173850215,50,0,0.021518278999999998,12500.0,7,0,0,0,1.0
97356,0,0.477922302,61,0,0.133074677,25000.0,21,0,0,0,1.0
97357,0,0.714981573,62,0,0.364623518,6998.0,5,0,1,0,1.0
97358,0,0.041395454,76,0,0.5362417629999999,4400.0,9,0,1,0,1.0
97359,0,0.00835289,63,0,0.8040655,7083.0,21,0,2,0,0.0
97360,0,0.33272082399999997,44,0,0.208597134,3000.0,11,0,0,0,3.0
97361,0,0.000190795,58,0,0.18100499899999997,3800.0,23,0,1,0,1.0
97364,0,0.0,63,0,84.0,,9,0,0,0,0.0
97365,0,0.053240099000000006,48,0,0.8246828140000001,2600.0,17,0,2,0,2.0
97366,1,0.145238485,85,1,0.17219950899999997,6114.0,20,0,2,0,0.0
97367,0,0.9999998999999999,30,0,0.0,2900.0,0,1,0,0,3.0
97369,1,0.9609685579999999,45,2,4824.0,,9,5,3,1,0.0
97370,0,0.0,61,0,2889.0,,15,0,1,0,0.0
97372,0,0.012094461,58,0,7529.0,,14,0,4,0,0.0
97373,0,0.6385617929999999,49,0,0.5685145189999999,12500.0,25,1,6,0,0.0
97375,0,0.072780816,28,0,0.713821545,4000.0,13,0,3,0,0.0
97376,0,0.005365135,64,0,1607.0,,15,0,2,0,2.0
97377,0,0.012676098,64,0,12.0,,4,0,0,0,0.0
97378,0,0.040301388,54,0,0.016994335,3000.0,4,0,0,0,0.0
97379,0,0.312972442,44,1,0.340319169,5200.0,6,0,1,0,1.0
97380,1,0.231758938,67,3,0.24946170399999998,6501.0,10,0,2,0,0.0
97383,0,0.07799400000000001,40,2,485.0,,7,0,0,1,0.0
97384,0,0.027936254,46,0,39.0,,3,0,0,0,0.0
97385,0,0.002152359,44,0,1.0,,5,0,0,0,4.0
97386,0,0.043282737,49,0,111.0,,5,0,0,0,2.0
97387,0,0.9999998999999999,69,0,0.13975380199999998,29000.0,10,0,2,0,0.0
97388,0,1.043189369,24,0,0.056572379000000006,600.0,1,0,0,0,0.0
97390,0,0.0,29,0,0.140036927,7040.0,10,0,0,0,0.0
97392,0,0.619832625,58,0,0.38451543899999996,13083.0,10,0,2,0,1.0
97393,0,0.8232221479999999,42,0,0.337944664,7083.0,5,0,0,0,2.0
97394,0,0.746804018,62,0,0.382289417,8333.0,11,0,3,0,1.0
97395,0,0.241109469,41,0,0.52715292,4400.0,4,0,1,0,1.0
97396,0,0.9999998999999999,38,0,0.044656743,4500.0,2,0,0,0,3.0
97399,0,0.819966374,49,0,2.466527819,3360.0,10,0,2,0,1.0
97401,0,0.40237512,54,0,0.44842058799999995,4526.0,13,0,1,0,1.0
97403,1,0.14597479800000002,40,0,0.347227485,7916.0,12,0,1,0,1.0
97404,0,0.6283893770000001,38,0,0.597891292,5500.0,9,0,3,0,0.0
97406,0,0.049283954000000005,56,0,0.7441279359999999,2000.0,8,0,1,0,0.0
97408,0,0.227035917,60,0,0.46696347299999996,9882.0,23,0,2,0,0.0
97410,0,0.380573084,65,0,5568.0,,8,0,3,0,0.0
97411,0,0.020326776,25,0,0.10246340599999999,2800.0,6,0,0,0,0.0
97412,0,55.0,47,0,1.0,,3,0,0,0,0.0
97413,0,0.055209525,60,0,1.126873127,1000.0,9,0,1,0,0.0
97415,0,0.20030551800000002,61,0,0.284171076,9071.0,19,0,2,0,1.0
97417,0,0.13660044400000002,66,0,0.06631211599999999,6016.0,6,0,0,0,4.0
97418,0,0.251512228,52,0,1.644326867,1700.0,9,0,2,0,3.0
97419,0,0.771300448,55,0,0.34079413299999994,7907.0,17,0,1,0,1.0
97422,0,0.01337392,54,0,0.129181084,2600.0,12,0,0,0,1.0
97424,0,0.090574755,55,0,0.489884393,3459.0,13,0,1,0,0.0
97425,0,0.25906091,64,0,563.0,,5,0,0,0,
97426,0,0.355813755,48,0,0.89011683,9500.0,9,0,3,0,0.0
97427,0,0.077311832,36,1,2.41011236,1245.0,11,0,3,0,1.0
97428,0,0.029487112000000003,66,0,0.37973043,7715.0,11,0,2,0,1.0
97429,0,0.081013516,71,0,718.0,0.0,5,0,1,0,2.0
97430,0,0.221705237,61,0,3333.0,,8,0,3,0,0.0
97431,0,0.341863255,38,0,0.304628999,2937.0,3,0,1,0,1.0
97432,0,0.277115927,81,0,0.21019454399999998,9200.0,6,0,2,0,1.0
97433,0,0.9999998999999999,43,0,0.0,,0,0,0,0,0.0
97434,0,0.34896912799999996,48,0,0.03721473,7711.0,2,0,0,0,0.0
97435,0,0.395900818,47,1,0.764478764,2330.0,10,0,1,0,0.0
97437,1,0.41998326799999997,71,1,0.375204508,5500.0,12,1,2,0,0.0
97438,0,0.022536115,54,0,0.164866811,4166.0,8,0,0,0,1.0
97439,0,0.10626306699999999,35,0,0.221759259,2159.0,3,0,0,0,0.0
97440,0,0.220059995,53,0,0.307173207,4000.0,5,0,1,0,0.0
97441,0,0.408277646,48,0,0.189405016,8890.0,12,0,0,0,4.0
97442,0,0.774276625,64,0,0.28861101699999997,2958.0,4,0,0,0,0.0
97443,0,0.563022924,68,0,0.030996125,8000.0,3,1,0,0,2.0
97445,0,0.017810329,52,0,0.6261682239999999,3530.0,14,0,2,0,3.0
97446,0,0.9321357290000001,37,1,0.35875899899999997,5833.0,2,1,1,0,0.0
97453,0,0.08618774,38,0,0.6945221909999999,2500.0,9,0,1,0,2.0
97455,0,0.029506003,92,0,0.043982407,5001.0,9,0,1,0,0.0
97456,0,0.048444759000000004,71,0,0.199003138,5416.0,7,0,1,0,0.0
97459,0,1.019357583,41,0,0.713673688,2800.0,9,0,1,1,1.0
97460,0,0.006130831,64,0,0.0008845210000000001,10174.0,6,0,0,0,0.0
97461,0,0.42079441799999995,44,0,0.566347665,7000.0,6,0,1,0,2.0
97462,0,0.319595565,48,0,0.58607714,3188.0,22,0,1,0,0.0
97465,0,1.03654485,32,1,9.0,,2,0,0,0,0.0
97468,0,0.041089041,39,0,0.076991445,9000.0,7,0,0,0,0.0
97470,0,0.271058948,46,0,3376.0,,9,0,2,0,0.0
97471,0,0.092119065,42,1,1405.0,,8,0,2,0,0.0
97472,1,0.736699092,75,2,0.09205911800000001,7983.0,10,0,0,0,1.0
97473,0,0.422858656,51,0,0.424873305,7300.0,23,0,1,0,1.0
97474,0,0.059666997,55,0,0.172901224,5800.0,5,0,1,0,0.0
97478,0,0.087686631,63,0,47.5,1.0,10,0,0,0,0.0
97479,0,0.935815045,41,0,0.7629090909999999,4124.0,7,0,2,0,2.0
97480,0,0.104088543,49,0,0.228342878,11000.0,10,0,2,0,2.0
97481,0,0.02133301,70,0,1836.0,,9,0,1,0,0.0
97482,0,0.657212583,39,0,0.433913217,5000.0,16,1,1,0,0.0
97485,0,0.027524827,72,0,0.002190268,10500.0,11,0,0,0,0.0
97486,0,0.9999998999999999,54,0,4251.0,,6,0,1,0,0.0
97487,0,0.656950854,28,0,0.253537736,2543.0,5,0,0,0,0.0
97488,1,0.911043458,35,3,0.34237015200000004,7450.0,7,0,1,0,2.0
97489,0,0.522603853,54,0,0.47577592700000004,5283.0,17,0,0,0,0.0
97490,0,0.022249493999999998,65,0,0.004309681,6496.0,4,0,0,0,0.0
97491,0,0.012968345,56,0,0.251725245,12461.0,7,0,1,0,0.0
97492,0,0.117165016,62,0,0.26170468199999997,4164.0,9,0,1,0,0.0
97493,0,0.000613622,62,0,0.42213592200000005,2574.0,11,0,1,0,0.0
97495,0,0.417337229,46,0,0.85305865,4756.0,6,0,2,0,2.0
97496,0,0.247308293,54,0,0.814136126,1527.0,11,0,1,0,0.0
97497,0,0.9999998999999999,41,0,0.109343936,5532.0,3,0,0,0,2.0
97498,0,0.489503499,52,0,0.059991178,6800.0,3,0,0,0,0.0
97499,0,0.5232527379999999,60,0,0.486643261,6550.0,16,0,3,0,0.0
97500,0,0.047015894,59,0,0.015746063,4000.0,5,0,0,0,0.0
97501,0,0.532385291,84,0,0.09993108199999999,1450.0,4,0,0,0,0.0
97502,0,0.9082701609999999,53,1,0.659661294,4900.0,8,0,1,0,2.0
97503,0,0.077340952,44,1,0.670938215,4369.0,11,0,2,0,1.0
97504,0,0.013383918,40,0,1.520537986,2750.0,8,0,2,0,0.0
97505,1,0.24315785199999998,53,3,0.7094230770000001,5199.0,10,2,4,0,1.0
97507,0,1.920159681,32,1,0.247766636,5484.0,4,3,0,1,0.0
97510,0,0.36464456700000003,67,0,965.0,,2,0,1,0,0.0
97511,0,0.138247425,60,0,5665.0,,32,0,2,0,0.0
97512,0,0.011729096000000001,53,0,20.0,,3,0,0,0,0.0
97513,1,0.966004533,34,0,0.165463108,6369.0,7,2,0,2,2.0
97514,0,0.056809275,40,0,0.527457314,6500.0,10,0,3,0,0.0
97515,0,0.304472662,54,0,1.7945823930000002,2657.0,17,0,3,0,0.0
97517,0,0.151605306,49,1,0.160359945,4333.0,10,0,1,0,0.0
97519,1,0.9066797940000001,37,0,0.454253914,5300.0,9,0,1,0,1.0
97520,0,0.629847976,73,0,2630.0,,15,0,2,0,0.0
97523,0,0.025247107999999997,62,0,516.0,,6,0,0,0,1.0
97524,0,0.0559386,70,0,0.338665334,4000.0,10,0,2,0,0.0
97525,1,0.9999998999999999,41,0,0.0,2100.0,0,0,0,0,0.0
97526,0,0.0,36,0,0.143387604,3500.0,5,0,0,0,0.0
97528,1,0.153523081,41,1,0.396733696,9000.0,17,0,1,0,2.0
97529,0,0.996710526,26,0,729.0,,6,5,0,1,
97530,0,0.9740539970000001,45,4,0.234289955,8083.0,9,0,0,0,0.0
97534,0,0.020163306000000002,75,0,3.0,,3,0,0,0,0.0
97535,0,0.747761715,65,1,0.342244615,19450.0,8,0,4,0,1.0
97536,0,0.0,34,0,1.6419136019999998,2800.0,7,0,2,0,0.0
97540,0,0.41281489600000004,45,0,0.304839349,10083.0,8,0,1,0,3.0
97542,0,0.305960625,57,0,0.404059661,8916.0,31,0,1,0,1.0
97545,0,0.008110810999999999,80,0,63.0,,5,0,0,0,
97546,0,0.071763299,47,0,0.24462043,12500.0,5,0,1,0,2.0
97547,0,0.0033504290000000003,77,0,0.00046146699999999996,6500.0,3,0,0,0,0.0
97548,0,0.09137062300000001,58,0,0.309366824,9554.0,11,0,2,0,1.0
97550,0,0.024676977000000003,70,0,0.26779945,8356.0,10,0,1,0,1.0
97551,0,0.047158053,47,0,0.234525183,2600.0,11,0,1,0,0.0
97552,0,0.657923866,75,0,0.752333257,4392.0,11,0,1,0,0.0
97553,0,0.0,60,0,1125.0,,7,0,1,0,0.0
97555,0,0.00230512,67,0,0.463634581,5100.0,13,0,1,0,0.0
97556,0,0.292324711,45,1,0.354707895,7890.0,12,0,1,0,3.0
97557,0,0.079085372,53,0,72.0,,2,0,0,0,0.0
97558,0,0.221132231,63,0,0.25719120100000004,6500.0,23,0,0,0,0.0
97562,0,0.041273701,61,0,0.180198384,5443.0,9,0,0,0,2.0
97564,0,0.079697343,58,0,0.17925643100000002,11000.0,10,0,1,0,1.0
97565,1,0.9999998999999999,44,0,1.09310889,1900.0,1,3,1,0,0.0
97567,0,0.0,73,0,0.000285687,10500.0,13,0,0,0,0.0
97568,0,0.8269179720000001,27,0,0.10290334400000001,2720.0,6,0,0,0,0.0
97570,0,0.154487027,66,0,0.386956522,1839.0,5,0,0,0,0.0
97573,0,0.041918323,85,0,0.432364886,3200.0,3,0,1,0,0.0
97574,0,0.312036788,51,3,0.442944632,8000.0,29,0,2,0,2.0
97576,0,0.139785424,69,0,0.258489921,14634.0,7,0,1,0,1.0
97577,0,0.0,39,1,0.397943151,7000.0,6,0,2,0,1.0
97579,1,1.024820542,36,0,0.549725275,3639.0,9,1,0,0,1.0
97581,0,0.234405993,39,0,0.17670582399999998,4000.0,9,0,0,0,2.0
97582,0,0.000529381,81,0,0.19432227100000002,2500.0,6,0,1,0,0.0
97585,0,0.0014285539999999998,57,0,0.00015583600000000002,19250.0,9,0,0,0,3.0
97586,0,0.035761785,77,0,0.484848485,1154.0,8,0,0,0,0.0
97588,0,0.274999373,48,0,0.15211338900000002,3950.0,6,0,0,0,1.0
97592,1,1.002997003,38,0,0.807596202,2000.0,5,0,0,0,0.0
97596,0,0.0,77,0,1067.0,,3,0,1,0,0.0
97597,0,0.9999998999999999,35,0,0.012341447,2916.0,0,0,0,0,0.0
97598,0,0.451278422,47,1,1288.0,1.0,9,0,1,0,0.0
97601,0,0.06852319,70,0,0.510111338,4400.0,16,0,2,0,1.0
97602,0,0.094145293,61,0,0.35641430799999996,6960.0,5,0,1,0,1.0
97603,0,0.361805456,29,0,0.029505778,4066.0,3,0,0,0,0.0
97604,0,0.006908777,40,0,0.28538780199999997,7000.0,4,0,1,0,0.0
97605,0,0.049966394000000004,49,0,0.578977435,3500.0,8,0,1,0,2.0
97606,0,0.10688427199999999,35,0,0.653306102,3916.0,7,0,2,0,2.0
97607,0,0.394438601,81,0,0.33234025100000003,9733.0,22,0,1,0,0.0
97608,0,0.10576314099999999,54,0,0.110842646,13243.0,4,0,1,0,0.0
97609,0,0.07077960400000001,72,0,0.10277233300000001,7141.0,4,0,0,0,0.0
97610,0,0.259499095,28,0,0.384350268,7833.0,7,0,2,0,0.0
97612,0,0.993006993,31,1,0.012687428,2600.0,4,0,0,0,0.0
97614,0,0.950166113,39,2,0.324193088,3500.0,6,1,0,1,3.0
97616,0,0.00439912,27,0,0.109051254,2750.0,4,0,0,0,0.0
97617,0,0.9999998999999999,41,1,1095.0,,2,0,0,0,0.0
97618,0,0.00888546,54,0,0.048303977000000005,13000.0,5,0,0,0,1.0
97619,0,0.46579406799999995,54,0,0.408037773,18213.0,14,0,3,0,3.0
97620,0,0.852621053,28,0,665.0,,1,0,0,0,0.0
97621,0,0.0,55,0,5179.0,,9,0,3,0,0.0
97622,0,0.652694611,29,0,0.07266436,2600.0,2,0,0,0,0.0
97624,0,0.05852674099999999,82,0,0.107683519,3500.0,3,0,0,0,0.0
97628,0,0.012831628000000001,64,0,10047.0,,17,0,4,0,1.0
97631,0,0.9999998999999999,39,0,0.544476624,2416.0,4,0,2,0,1.0
97632,0,0.035622079,58,0,0.013331111000000001,6000.0,8,0,0,0,2.0
97634,0,0.0039282909999999996,62,0,0.104123282,2400.0,2,0,0,0,1.0
97635,0,0.009886819,38,0,1433.0,,9,0,1,0,0.0
97638,0,0.696011989,41,1,0.941609343,6250.0,18,0,2,0,2.0
97639,0,0.195656969,49,0,0.7234717420000001,3467.0,10,0,2,0,2.0
97640,0,0.005401886,71,0,0.0037037040000000004,4859.0,8,0,0,0,0.0
97641,0,0.14812768099999998,52,0,0.304278693,6917.0,13,0,1,0,3.0
97642,0,0.053389322,45,0,0.064565279,10500.0,2,0,1,0,0.0
97644,0,0.9999998999999999,42,0,0.893048128,5609.0,8,4,1,0,2.0
97647,0,0.018660447,36,0,0.00017854,5600.0,2,0,0,0,0.0
97650,1,0.696897375,46,0,0.244471372,3300.0,7,1,0,0,0.0
97652,0,0.140283078,38,0,0.148170366,5000.0,6,0,0,0,2.0
97653,0,0.0,34,0,0.6379865379999999,3416.0,6,0,2,0,0.0
97655,0,0.594752454,45,0,0.487394958,3450.0,8,0,1,0,2.0
97656,0,0.091645418,76,0,0.327479829,2106.0,3,0,1,0,0.0
97657,0,0.066761221,49,0,3190.0,,7,0,1,0,3.0
97659,0,0.847723332,61,0,0.169496905,6300.0,11,0,0,0,0.0
97661,0,0.019092013999999997,63,0,0.024457776,6500.0,7,0,0,0,0.0
97662,0,0.955629622,43,2,0.44221543799999996,2292.0,4,0,1,0,0.0
97663,0,0.017087733,60,0,1411.0,0.0,5,0,1,0,1.0
97664,0,0.651949219,50,0,0.353201307,5200.0,8,1,1,0,3.0
97665,0,0.6771188370000001,39,1,0.07430856400000001,3000.0,8,0,0,1,2.0
97666,0,0.027355506,52,0,0.161275144,8500.0,15,0,1,0,1.0
97667,0,0.029438636,83,0,10.0,,1,0,0,0,0.0
97668,0,0.10830436,75,0,2627.0,,11,0,3,0,0.0
97670,0,0.17845848,64,1,826.0,,6,0,1,0,
97671,0,0.065307029,77,0,580.0,,9,0,1,0,0.0
97672,0,0.0,52,0,0.246175382,10000.0,7,0,1,0,2.0
97676,0,0.728344585,61,0,0.126108692,6200.0,9,0,0,0,0.0
97677,0,0.38543264200000005,60,0,0.423994304,2808.0,8,0,0,0,0.0
97679,0,0.516717609,47,0,0.312239485,15833.0,18,0,3,0,0.0
97680,0,0.558331149,52,0,0.19675484,7333.0,10,0,0,0,0.0
97681,0,0.976835335,52,0,0.21619595100000003,4000.0,7,0,0,0,1.0
97683,0,0.55561429,37,0,3158.0,,11,0,1,0,0.0
97684,0,0.202639868,43,0,0.967008248,4000.0,11,0,3,0,2.0
97685,0,0.016873399,77,0,0.010747313,4000.0,12,0,0,0,0.0
97686,0,0.05720419999999999,56,0,0.21869532600000002,4000.0,12,0,1,0,0.0
97687,0,0.028850277,73,0,0.026240457999999998,2095.0,7,0,0,0,0.0
97688,0,0.263167395,44,0,0.7318596829999999,2080.0,5,0,1,0,1.0
97689,0,0.575684863,64,0,0.8468930170000001,1560.0,5,0,1,0,1.0
97690,0,0.000545145,66,0,0.37471158299999996,6500.0,18,0,1,0,1.0
97691,0,0.016129814,58,0,0.591099645,3100.0,9,0,2,0,0.0
97692,0,0.039538668,50,0,0.017043905,7333.0,7,0,0,0,1.0
97693,0,0.0,66,0,0.7419100240000001,2533.0,6,1,2,0,0.0
97694,0,0.51060737,54,2,0.350575242,10864.0,9,0,1,0,1.0
97695,0,0.055285834000000006,52,0,0.299971157,10400.0,20,0,1,0,1.0
97696,0,0.047731314000000004,56,1,2078.0,,16,0,1,1,2.0
97697,0,0.169821229,44,0,0.103965345,3000.0,4,0,0,0,0.0
97698,0,0.611077298,29,0,0.522990804,2500.0,4,0,0,0,1.0
97707,0,4.35e-05,57,0,0.21779703399999997,6000.0,5,0,1,0,4.0
97708,0,0.9999998999999999,47,0,0.747313172,4000.0,5,0,3,0,0.0
97709,0,0.029007865,37,0,1314.0,,11,0,1,0,0.0
97711,0,0.227252042,48,0,0.088722274,3200.0,3,0,0,0,0.0
97712,0,0.5549981070000001,35,3,0.405370661,7000.0,12,0,2,0,1.0
97713,0,0.047933689,57,1,0.067711867,28000.0,9,0,1,0,0.0
97714,0,0.029292682,39,0,3315.0,,6,0,3,0,0.0
97715,0,0.032660131,53,0,0.07223194200000001,4000.0,11,0,0,0,0.0
97716,0,0.20449567899999999,79,0,2486.0,,7,0,3,0,0.0
97717,0,0.0,59,0,0.42300160200000003,5616.0,8,0,2,0,1.0
97718,0,0.016634903,65,0,0.006400488,3280.0,8,0,0,0,0.0
97720,0,0.630262458,42,0,0.882008155,3923.0,8,0,1,0,3.0
97722,0,0.499516285,26,0,870.0,,5,0,0,0,0.0
97723,0,0.048275095999999997,28,0,0.006709608000000001,3725.0,5,0,0,0,0.0
97724,0,0.06106059900000001,42,0,0.261078879,8100.0,6,0,2,0,3.0
97732,0,0.2008134,46,0,0.537494644,7000.0,7,0,2,0,1.0
97733,0,0.123901014,73,0,0.35117704,3100.0,14,0,1,0,0.0
97734,1,0.9999998999999999,33,0,60.0,,1,2,0,0,0.0
97735,1,0.132437351,89,0,0.083511777,2801.0,4,1,0,0,0.0
97736,0,0.608944641,40,0,0.2529456,3988.0,5,0,1,0,3.0
97738,0,0.246323171,40,0,0.19027841899999998,6500.0,5,0,0,0,2.0
97739,0,0.635529405,56,0,0.9514459120000001,2800.0,8,0,2,0,0.0
97741,0,0.586283931,56,0,2495.0,,4,0,1,0,1.0
97748,0,0.078997531,88,0,2449.0,,8,0,2,0,0.0
97750,0,0.016804918000000002,48,0,0.36384540600000004,11306.0,16,0,2,0,3.0
97752,0,0.524108935,51,0,1.064736347,4247.0,16,0,3,0,1.0
97753,0,0.41922023700000005,66,0,0.504648649,4624.0,13,0,1,0,0.0
97754,0,0.062546567,55,0,0.383123375,5000.0,7,0,1,0,2.0
97756,0,0.038306007,63,0,19.0,,6,0,0,0,0.0
97758,0,0.065792396,52,0,0.38227983,5631.0,22,0,1,0,2.0
97759,0,0.839115365,51,0,0.247520825,7562.0,22,0,0,0,0.0
97760,0,0.171955606,78,0,0.166547636,7000.0,8,0,0,0,1.0
97761,0,0.447727493,57,0,0.36918559700000003,6470.0,7,0,1,0,0.0
97762,0,0.217608787,52,0,1381.0,0.0,9,0,1,0,0.0
97764,0,0.031339473,57,0,0.30756104,7617.0,8,0,2,0,0.0
97765,0,0.9999998999999999,27,0,0.0,2500.0,1,0,0,0,0.0
97766,0,0.36364450200000004,60,0,0.453299057,3500.0,15,0,2,0,0.0
97767,0,0.373610795,31,0,0.305248619,8687.0,7,0,2,0,0.0
97770,0,0.0,68,0,870.0,,3,0,1,0,
97771,0,0.9522874179999999,46,0,1.339902885,3500.0,12,0,2,0,0.0
97775,0,0.254671162,59,0,277.0,,5,0,0,0,3.0
97776,0,0.149750347,42,0,0.162141893,20000.0,11,1,1,0,4.0
97777,0,0.3729784,48,0,0.46522217,12737.0,9,0,2,0,3.0
97778,0,0.01732435,33,0,0.22762179,8333.0,7,0,1,0,0.0
97779,0,0.571131185,36,0,0.323435973,8183.0,5,0,1,0,0.0
97781,0,0.974591225,43,0,0.320886708,11006.0,11,0,2,0,2.0
97782,0,0.581655328,31,0,0.24651678300000002,6315.0,17,0,0,0,1.0
97783,0,0.311485842,44,0,0.266636941,8970.0,5,0,2,0,3.0
97784,0,0.9999998999999999,48,0,0.445092485,6000.0,8,0,1,0,2.0
97785,0,0.09994608099999999,38,0,0.664025357,4416.0,7,0,1,0,0.0
97786,0,0.257823178,44,0,0.33212407,5512.0,7,0,1,0,3.0
97790,0,0.35289106600000003,39,0,6287.0,,12,0,2,0,0.0
97791,0,0.17749703600000002,62,0,0.883972468,2033.0,9,0,1,0,0.0
97792,0,0.9999998999999999,44,0,0.202319072,2500.0,1,0,0,0,3.0
97794,0,0.020335244,82,0,0.17614590800000002,4166.0,7,0,1,0,0.0
97795,0,0.680523414,53,0,0.35982009,2000.0,2,0,0,0,3.0
97796,0,0.0,70,0,0.38492734,5917.0,10,0,2,0,0.0
97797,0,0.011180167,45,0,0.002431775,3700.0,4,0,0,0,3.0
97798,0,0.028886749,86,0,11.0,,3,0,0,0,
97799,0,0.487205127,42,0,2234.0,0.0,4,0,1,0,2.0
97801,0,0.512509752,43,1,0.10016,62499.0,12,0,3,0,4.0
97802,0,0.9999998999999999,36,0,345.0,0.0,4,1,0,0,0.0
97803,0,0.05629282099999999,70,0,0.008997001,3000.0,5,0,0,0,0.0
97805,0,0.748808555,61,3,0.439651216,8715.0,15,0,1,0,1.0
97806,0,0.5385955610000001,61,0,0.284034108,3400.0,11,0,1,0,0.0
97809,0,0.9999998999999999,33,0,0.0,,0,0,0,0,0.0
97811,0,0.013215788999999999,70,0,0.187798193,9850.0,18,0,1,0,0.0
97814,0,0.0,40,0,0.330556481,3000.0,8,0,1,0,0.0
97815,0,0.38286280899999997,55,0,5905.0,,17,0,2,0,1.0
97817,0,0.10090297599999999,28,0,0.129377432,3083.0,7,0,0,0,0.0
97820,0,0.120493011,51,0,0.22511740600000002,6600.0,9,0,1,0,0.0
97821,0,0.141080982,38,0,0.190025312,10666.0,9,0,1,0,2.0
97822,0,0.01696817,66,0,3409.0,,10,0,4,0,0.0
97823,0,0.254377389,36,0,0.214775042,5400.0,11,0,0,0,0.0
97824,0,0.011272386,72,0,0.100151235,5950.0,4,0,0,0,0.0
97825,0,0.8801996670000001,52,0,0.063350497,10875.0,4,0,0,0,1.0
97827,1,0.9999998999999999,60,98,0.0,,0,98,0,98,0.0
97828,0,0.9999998999999999,39,0,3.1390887289999996,1250.0,7,0,2,0,0.0
97829,0,0.00494161,78,0,0.469360568,2251.0,15,0,1,0,0.0
97830,0,0.096474659,62,0,0.30302309,4200.0,10,0,0,0,0.0
97831,0,0.887140857,24,0,918.0,,3,0,0,0,0.0
97832,0,0.029997500000000003,70,0,0.119215106,2700.0,11,0,0,0,0.0
97833,0,0.456859245,34,0,0.374381281,6666.0,11,0,1,0,0.0
97834,0,0.4279893,55,1,0.443258773,4872.0,6,0,1,0,1.0
97835,0,0.263487015,59,0,0.46842193,6000.0,20,0,1,0,1.0
97836,0,0.660222491,62,1,0.146532926,4585.0,5,0,0,0,0.0
97837,0,0.042122417,51,0,0.171221788,10500.0,4,0,1,0,1.0
97840,0,0.19328425600000002,54,0,0.316192702,7700.0,14,0,1,0,2.0
97842,0,0.7986006999999999,29,0,0.127840048,3300.0,4,0,0,0,0.0
97843,0,0.049920332000000005,58,0,0.366954131,8000.0,17,0,2,0,3.0
97844,1,0.466404964,53,0,0.714140668,10833.0,19,0,2,0,0.0
97845,0,0.015675468999999997,80,0,0.060910518,6369.0,13,0,0,0,0.0
97848,0,0.179329873,38,0,3949.0,,9,0,1,0,
97849,0,0.0,72,0,0.070898349,6600.0,12,0,1,0,0.0
97850,0,0.156450159,36,1,0.117318436,3400.0,8,0,0,0,0.0
97851,0,0.033254307999999996,61,0,0.073516808,10500.0,12,0,1,0,0.0
97852,0,0.228447813,65,0,0.213190657,9718.0,12,0,1,0,0.0
97854,0,0.36535316,60,0,0.47458236,5566.0,15,0,1,0,0.0
97855,0,0.536511399,57,1,0.21548552199999998,6250.0,27,0,0,0,3.0
97856,0,0.808175346,65,0,0.39070602299999996,5013.0,9,0,1,0,0.0
97857,0,0.076280266,45,0,0.433718324,5800.0,6,0,2,0,2.0
97859,0,0.0043044929999999995,58,0,4563.0,,6,0,2,0,0.0
97861,0,0.0,27,0,0.074908648,4925.0,7,0,0,0,0.0
97862,0,0.060498109,36,0,0.358051356,8333.0,8,0,2,0,1.0
97863,0,0.020117748,47,0,0.303132938,1180.0,9,0,0,0,2.0
97864,0,0.17896246899999999,35,0,0.151441945,6622.0,13,0,0,0,0.0
97865,0,0.03766583,41,2,2569.0,0.0,13,0,2,0,2.0
97866,0,0.23835208300000002,38,0,0.469540336,10833.0,13,0,2,0,1.0
97868,0,0.289810481,28,0,0.24077099,3060.0,6,0,0,0,0.0
97869,0,0.463472899,48,0,0.324994,16667.0,14,0,2,0,0.0
97870,0,0.388534689,76,0,0.166555566,10500.0,16,0,0,0,0.0
97871,0,0.21119961399999998,70,0,1754.0,,10,0,1,0,0.0
97872,0,0.6314242179999999,62,0,0.377118209,9736.0,17,0,2,0,1.0
97875,0,0.036544122000000005,76,0,107.0,,8,0,1,0,0.0
97876,0,0.9999998999999999,73,0,0.043563649,5600.0,3,0,1,0,0.0
97877,0,0.024510566,78,0,2372.0,,7,0,1,0,0.0
97878,0,0.01319934,65,0,0.05120206,40388.0,6,0,1,0,0.0
97879,0,0.039640004,63,0,0.23398537600000002,16000.0,12,0,2,0,3.0
97881,0,0.066045795,67,0,2038.0,,7,0,1,0,0.0
97883,0,0.027871048,65,0,0.17552279699999998,5833.0,8,0,1,0,0.0
97885,0,0.018856705,66,0,0.44218593799999995,3000.0,23,0,1,0,0.0
97886,0,0.016576764,67,3,0.245188703,4000.0,18,0,1,0,0.0
97890,0,0.11381665699999999,60,1,2474.0,,6,0,1,0,0.0
97892,1,0.872221703,55,2,0.42193087,7550.0,5,0,2,0,0.0
97893,0,0.929672243,35,0,0.768948737,15000.0,12,0,5,0,0.0
97894,0,0.24425366899999998,35,1,0.088789853,5833.0,4,0,0,0,2.0
97895,0,0.24735842100000002,36,0,0.133804595,3960.0,6,0,0,0,1.0
97896,1,0.9997255759999999,53,1,0.036740815,4000.0,3,0,0,0,0.0
97897,1,0.9999998999999999,33,1,0.277672119,2628.0,2,1,0,0,1.0
97898,0,0.19719864,55,0,2436.0,,16,0,2,0,0.0
97901,0,0.952890792,44,0,1.446396124,1650.0,8,0,1,0,0.0
97902,1,0.81759609,32,0,2841.0,,7,0,2,0,1.0
97903,0,0.573800689,57,0,0.40898221799999995,23000.0,14,0,4,0,2.0
97904,0,0.067237028,43,0,4193.0,,10,0,3,0,0.0
97905,0,0.07995063200000001,63,0,0.285529158,6944.0,23,0,1,0,1.0
97906,0,0.016009533,41,0,0.357858076,2296.0,8,0,0,0,1.0
97907,0,0.9999998999999999,56,0,0.330378973,3271.0,5,0,0,0,0.0
97909,0,0.077842886,50,0,0.257893407,3958.0,11,0,1,0,0.0
97910,0,0.252086159,67,0,0.088509731,3750.0,11,0,0,0,0.0
97911,0,0.464217915,30,0,0.18763539399999998,6000.0,7,0,0,0,1.0
97914,0,0.109227768,29,1,0.40069314799999994,3750.0,10,0,1,0,0.0
97915,1,0.948704573,29,0,0.47079037799999995,3200.0,8,0,1,0,0.0
97916,0,0.12301776800000001,51,0,0.486114197,4500.0,19,0,1,0,0.0
97917,0,0.537226596,62,0,1557.0,,6,0,1,0,0.0
97918,0,0.263687913,48,0,0.5773195879999999,6692.0,11,0,2,0,0.0
97919,0,0.018634196999999998,54,0,0.08964495,14166.0,14,0,1,0,3.0
97920,0,0.0,43,0,0.416129749,4500.0,5,0,2,0,2.0
97921,0,0.447863691,48,0,4495.0,,10,0,1,0,3.0
97922,0,0.763121385,49,0,1934.0,,5,0,0,0,0.0
97923,1,0.687680165,50,1,0.314634865,13583.0,15,0,1,0,6.0
97924,0,0.032327627000000005,71,0,960.0,,9,0,1,0,0.0
97925,0,0.130368333,59,0,0.23022737399999998,11214.0,6,0,1,0,0.0
97928,0,0.7528638879999999,51,0,0.7007392659999999,7033.0,11,1,1,0,0.0
97929,0,0.67374512,31,0,0.489326493,6042.0,8,0,2,0,0.0
97934,0,0.823120382,29,0,0.11786195,5200.0,5,1,0,0,2.0
97935,0,0.045318884000000004,46,0,0.160833884,10600.0,10,0,2,0,1.0
97936,0,0.993350332,35,0,0.643571262,4300.0,7,0,1,0,1.0
97940,0,0.013989546,53,0,0.266788869,6000.0,10,0,2,0,1.0
97941,0,0.262276656,59,0,0.33912439200000005,8633.0,9,1,1,0,2.0
97942,0,0.9999998999999999,30,0,0.4028158,2556.0,4,0,0,0,1.0
97943,0,0.308482167,56,0,0.39389784,5833.0,8,0,1,0,2.0
97945,0,0.9483367779999999,49,0,0.137714971,7500.0,5,0,1,0,2.0
97946,0,0.11124721900000001,42,0,662.0,,2,0,0,0,0.0
97947,0,0.032684586,73,0,0.08563325,9166.0,6,0,1,0,0.0
97949,0,0.0045881,61,0,0.439564181,5873.0,12,0,1,0,0.0
97950,0,0.39053985700000005,52,0,0.435865131,16667.0,11,0,2,0,4.0
97951,0,0.016347075,57,1,0.49975210700000006,4033.0,14,0,1,0,3.0
97952,0,0.628558096,45,0,0.321670097,3400.0,4,0,1,0,0.0
97953,0,0.8466176240000001,49,0,0.528291317,7139.0,14,0,2,0,2.0
97954,1,0.25188563399999997,28,1,0.284626368,2100.0,3,0,0,0,0.0
97955,0,0.398344475,54,0,0.38732919299999996,4024.0,9,0,0,0,3.0
97957,0,0.266173818,39,1,1.0691723309999999,2500.0,14,0,2,0,0.0
97959,0,0.05639243,41,0,0.41571685700000005,5000.0,6,0,2,0,2.0
97960,0,0.035583752999999996,44,0,0.512732386,6400.0,11,0,1,0,0.0
97962,0,0.130703508,26,0,185.0,,5,0,0,0,
97963,0,0.17882274,63,0,0.184434703,12090.0,18,0,2,0,0.0
97964,0,1.028388645,37,1,0.317940954,6604.0,7,0,2,1,3.0
97965,0,0.133798202,61,0,0.32243085,4952.0,19,0,2,0,2.0
97967,0,0.653993022,46,1,1.712633452,3371.0,14,0,2,0,0.0
97968,0,0.04711149,34,0,4219.0,,9,0,2,0,
97971,0,0.280863525,44,0,0.428081703,7000.0,14,0,1,0,0.0
97973,1,0.468635074,61,7,0.7724950009999999,4500.0,13,1,1,0,2.0
97974,0,0.134346641,55,0,0.329068604,18992.0,8,0,2,0,0.0
97975,0,0.585478962,30,0,0.668582854,4000.0,7,0,1,0,0.0
97976,0,0.17754315199999998,46,0,0.077792221,10000.0,6,0,0,0,3.0
97977,0,0.036148192999999995,64,0,0.00209979,10000.0,2,0,0,0,0.0
97980,0,0.9999998999999999,23,0,0.0,,1,0,0,0,0.0
97981,0,0.152000408,53,0,0.339776704,6000.0,10,0,1,0,2.0
97982,0,0.490153846,53,0,2209.0,,9,0,1,0,3.0
97983,0,0.043900298,43,0,0.118966617,9405.0,3,0,1,0,3.0
97984,0,0.15574503,45,0,0.179857309,6026.0,6,0,1,0,1.0
97985,0,0.594823153,63,1,0.498614958,6497.0,6,0,1,0,1.0
97986,0,0.117354062,33,0,652.0,,4,0,0,0,0.0
97987,0,0.065441855,67,0,0.02590799,4129.0,6,0,0,0,0.0
97988,0,0.015926693999999998,86,0,13.0,,6,0,0,0,
97989,0,0.0,73,1,0.0,4265.0,3,1,0,0,0.0
97991,0,0.135729151,73,0,0.38229209799999997,7250.0,4,0,2,0,0.0
97993,0,0.08527461900000001,63,0,0.148954405,5833.0,34,0,0,0,0.0
97994,0,0.003535588,85,0,688.0,,6,0,1,0,0.0
97995,0,0.9999998999999999,42,0,0.0027339,3291.0,2,0,0,0,1.0
97996,0,0.015619576999999999,61,0,0.075560188,5756.0,7,0,0,0,0.0
97997,0,0.016342293,57,0,0.005109282,3522.0,3,0,0,0,1.0
97999,0,0.0,51,0,0.22101735,5071.0,7,0,0,0,0.0
98001,0,0.460843157,41,0,2134.0,,10,0,1,0,2.0
98002,0,0.005554674,23,0,0.34487350200000005,1501.0,3,0,0,0,0.0
98004,0,0.741606302,36,0,0.39062128100000004,4200.0,14,0,0,0,0.0
98005,0,0.004639907,69,0,0.331628153,5668.0,11,0,2,0,0.0
98006,0,0.014964212,76,0,0.060853769,1100.0,15,0,0,0,0.0
98007,0,0.0,40,0,3359.0,,9,0,3,0,0.0
98009,0,0.188412985,67,0,0.14662827,12500.0,9,0,1,0,0.0
98010,0,0.069469535,81,0,1807.0,,10,0,1,0,0.0
98011,0,0.018811236999999998,68,0,0.011322463999999999,4415.0,5,0,0,0,0.0
98012,0,0.316448176,64,0,0.42032238299999997,4900.0,13,0,1,0,0.0
98015,0,0.26253976,43,0,0.340028084,23500.0,25,0,7,0,0.0
98016,0,0.365868829,62,0,0.28748280600000004,13812.0,12,0,1,0,1.0
98017,0,0.07607309799999999,70,0,1716.0,,5,0,2,0,0.0
98019,0,0.006633111999999999,71,0,0.15342328800000002,2000.0,4,0,1,0,0.0
98021,0,0.083861148,57,0,2373.0,,10,0,1,0,0.0
98022,0,1.002305919,28,0,0.22951068,6600.0,7,0,1,0,0.0
98023,0,0.0,61,3,0.191822677,18000.0,17,0,1,0,0.0
98025,0,0.9122991840000001,32,0,0.294991161,8484.0,14,0,2,0,0.0
98026,0,0.124797064,81,0,0.31387445,2500.0,13,0,2,0,0.0
98027,0,0.162194076,46,0,0.554582604,15416.0,15,0,4,0,0.0
98029,0,0.017013453,57,0,0.00539946,10000.0,15,0,0,0,2.0
98030,0,0.563955615,34,0,0.091272485,1500.0,4,0,0,0,0.0
98031,1,0.9999998999999999,25,98,54.0,,0,98,0,98,0.0
98032,0,0.200483293,33,0,0.30108736399999997,8000.0,6,0,1,0,2.0
98034,0,0.274657947,50,0,0.506676989,10333.0,14,1,2,0,1.0
98035,0,0.040776645,67,0,0.17464606100000002,9252.0,11,0,2,0,0.0
98038,0,0.131162962,47,0,1.535828025,1255.0,21,0,1,0,2.0
98039,0,0.361758827,30,1,0.003999,4000.0,3,0,0,0,0.0
98041,0,0.9999998999999999,30,1,0.073321113,6000.0,1,0,0,0,1.0
98042,0,0.242587871,58,0,0.959053103,3125.0,7,0,3,0,0.0
98043,0,0.033912429,70,0,0.054954205,1200.0,9,0,0,0,1.0
98044,0,0.133615244,60,0,1515.0,,15,0,2,0,
98045,0,0.021787413,79,0,1.051252847,877.0,13,0,1,0,0.0
98046,0,0.35886750799999995,45,1,0.589763575,3848.0,12,0,2,0,1.0
98047,1,0.554076539,54,0,0.002999,3000.0,2,0,0,0,0.0
98049,0,0.0024285220000000002,73,0,104.0,,6,0,0,0,0.0
98050,0,0.655968399,25,0,0.273162939,3129.0,8,0,0,0,2.0
98052,0,0.017924598,47,0,0.42182227200000005,2666.0,6,0,3,0,2.0
98053,0,0.317603843,52,0,0.530168016,14700.0,18,0,7,0,2.0
98054,0,0.17585506,70,2,0.423637345,7411.0,16,0,1,0,1.0
98055,0,0.004887549000000001,74,1,0.870170386,4166.0,23,0,6,0,0.0
98056,0,0.7423128840000001,55,1,0.342481866,5100.0,4,1,1,0,1.0
98057,0,0.021790925,62,0,0.007116031,5058.0,2,0,0,0,0.0
98059,0,0.12076817599999999,39,0,0.319268073,10000.0,7,0,2,0,0.0
98060,0,0.0,81,3,0.117176565,5000.0,12,1,1,1,0.0
98063,0,0.18033313399999998,40,0,0.226633091,6750.0,8,0,1,0,0.0
98065,0,0.250203545,30,0,365.0,,9,0,0,0,
98066,0,0.49948783,40,0,0.361878849,6982.0,5,0,3,0,0.0
98067,0,0.938939431,47,0,6464.0,,14,0,2,0,0.0
98068,0,0.21655771199999999,56,0,2281.0,,8,0,2,0,0.0
98071,0,0.9999998999999999,23,0,21.0,,0,1,0,0,0.0
98072,0,0.411941767,38,0,0.283651176,5400.0,11,0,0,0,1.0
98073,0,0.014045344,46,0,0.17254208899999998,10750.0,6,0,1,0,0.0
98074,0,0.6663454010000001,39,3,0.772498743,3977.0,11,1,1,0,1.0
98075,0,0.818129872,36,0,0.354551241,3141.0,9,0,0,0,3.0
98078,0,0.197921935,40,0,0.41459756700000006,6000.0,9,0,1,0,1.0
98080,1,0.565717141,52,2,0.465263692,3943.0,7,0,2,0,5.0
98082,1,0.9999998999999999,53,0,0.142771084,4979.0,4,0,0,3,0.0
98083,0,0.9154622309999999,31,0,0.447888028,4000.0,14,0,1,0,0.0
98084,0,0.441651193,28,0,0.043192488,2129.0,1,0,0,0,0.0
98086,0,0.564955863,56,0,0.966013595,2500.0,7,0,1,0,0.0
98087,0,0.985289133,36,0,1.34699607,1780.0,5,0,1,0,2.0
98089,1,0.8900732840000001,44,0,978.0,,7,2,0,1,0.0
98090,0,0.004182503,90,0,0.0019993339999999997,3000.0,3,0,0,0,0.0
98091,0,0.9999998999999999,56,0,0.0,,3,0,0,0,0.0
98093,0,0.9999998999999999,42,0,0.00856898,3500.0,0,0,0,0,0.0
98095,0,0.09782676800000001,55,0,0.11259040099999999,6083.0,12,0,0,0,3.0
98097,0,0.654209112,31,0,0.38037553,1650.0,6,0,0,0,0.0
98098,0,0.978001913,28,0,0.37057683,4125.0,6,0,0,0,0.0
98099,0,0.0066831469999999995,77,0,0.005847953,2564.0,8,0,0,0,0.0
98100,0,0.835174187,39,0,0.851285099,6730.0,25,0,2,0,1.0
98103,0,0.00710024,37,0,0.52681388,5388.0,17,0,1,0,1.0
98105,1,0.619251642,28,0,1.672363391,4446.0,12,0,5,0,0.0
98106,0,0.16434178300000002,43,0,0.241270349,25000.0,5,0,2,0,1.0
98107,0,0.43858253,59,1,0.258364523,8816.0,15,0,2,0,0.0
98108,0,0.526315789,57,0,0.30600883100000004,5208.0,7,0,1,0,2.0
98109,0,0.067450815,54,0,912.0,,4,0,1,0,0.0
98111,0,0.013874963,69,0,0.005399568,2777.0,3,0,0,0,0.0
98114,0,0.036120485,58,0,0.00119994,6666.0,2,0,0,0,1.0
98115,0,0.064897831,61,0,0.34856121,6150.0,23,0,1,0,0.0
98116,0,0.646924374,45,0,0.36635239399999997,8166.0,5,0,2,0,1.0
98117,0,0.0,82,0,106.0,,7,0,0,0,
98118,0,0.014140837,54,0,2949.0,,4,0,1,0,
98120,0,0.209028887,38,0,0.5122743679999999,5539.0,8,0,2,0,1.0
98121,0,0.316683466,58,1,0.365242012,7416.0,16,0,1,0,1.0
98122,0,0.45416272,46,0,0.314644608,3263.0,5,0,1,0,1.0
98124,0,0.008327732,60,0,0.0018552879999999999,8084.0,2,0,0,0,0.0
98126,0,0.26217879899999996,48,0,0.480594367,4508.0,22,0,1,0,0.0
98129,0,0.061413645999999995,40,0,0.9502209979999999,13800.0,13,0,6,0,0.0
98133,0,0.181652449,58,0,0.218958765,17363.0,7,0,1,0,1.0
98134,0,0.8634704459999999,52,0,40.03096903,1000.0,10,0,0,0,0.0
98135,0,0.5657912279999999,56,0,1271.0,,3,0,1,0,0.0
98137,0,0.027095317,78,0,237.0,,3,0,1,0,
98138,0,0.02611354,60,0,0.250261155,6700.0,3,0,1,0,0.0
98139,0,0.7731752609999999,27,0,0.39080459799999995,2000.0,7,0,0,0,0.0
98140,0,0.325184048,49,0,0.204569797,2800.0,6,0,0,0,1.0
98141,0,0.110626141,38,4,0.228383802,5481.0,9,0,0,0,2.0
98142,0,0.49677256,65,0,0.367894834,5400.0,17,0,2,0,0.0
98143,0,0.078670142,46,0,0.219722731,7645.0,4,0,1,0,4.0
98144,1,0.080932517,80,0,1.0,2500.0,11,0,1,2,0.0
98147,0,0.407393611,50,0,0.8148783,5833.0,14,0,2,0,2.0
98148,0,0.061753155,65,0,0.18081180800000002,8400.0,9,0,3,0,0.0
98149,0,0.300661804,39,0,0.404850214,3504.0,6,0,1,0,0.0
98150,0,0.087353786,57,1,0.10395351800000001,7916.0,12,0,0,0,1.0
98152,0,0.198072915,55,1,0.829282172,12300.0,9,0,3,0,3.0
98153,0,0.429877534,51,2,10046.0,,11,0,3,0,1.0
98154,0,0.577796292,36,0,0.399645659,3950.0,7,0,0,0,5.0
98155,0,0.972225308,54,0,0.254728878,5550.0,4,0,1,0,0.0
98156,0,0.028249411000000002,64,0,0.158925224,4800.0,7,0,1,0,0.0
98157,0,0.068954637,39,0,2515.0,,6,0,1,0,0.0
98158,0,0.055878172000000004,36,0,0.291883304,6923.0,5,0,1,0,2.0
98159,0,0.322338719,45,0,0.330556481,3000.0,8,0,1,0,2.0
98161,0,0.9999998999999999,71,0,0.46945898799999997,9167.0,4,0,2,0,0.0
98163,0,0.999850004,63,0,0.48950340200000003,6906.0,5,0,1,0,0.0
98164,1,0.9999998999999999,27,0,0.162779629,2100.0,3,0,0,0,2.0
98165,0,0.141911874,57,0,0.20902200699999998,10950.0,19,0,1,0,1.0
98166,0,0.040950148,82,0,0.69870484,2933.0,10,0,0,0,0.0
98167,0,0.217539123,54,0,0.145608058,6750.0,8,0,1,0,0.0
98169,0,0.028114844,53,0,0.709596783,9200.0,12,0,3,0,3.0
98170,0,0.044043452999999996,31,0,0.747115828,2166.0,6,0,1,0,0.0
98171,0,0.138622679,65,0,1113.0,,11,0,1,0,0.0
98172,0,0.045458230999999995,35,0,1.422324032,2400.0,7,0,2,0,1.0
98173,0,0.091345433,47,0,3544.0,,6,0,2,0,0.0
98175,0,0.286308548,36,0,0.319450229,2400.0,6,0,0,0,0.0
98176,0,0.17373122800000002,45,0,1.070777351,4167.0,12,0,2,0,2.0
98177,0,0.354564544,61,0,0.388245904,6652.0,8,0,2,0,0.0
98179,0,0.040684552,57,0,2243.0,,9,0,1,0,0.0
98180,0,0.31182484,59,0,0.452493837,5272.0,15,0,1,0,0.0
98181,0,0.27033481800000003,37,0,0.325337331,2000.0,12,0,0,0,3.0
98182,0,0.9756502140000001,47,1,1.147386461,3500.0,7,0,2,0,0.0
98183,0,0.976215565,64,0,2648.0,0.0,7,0,0,0,0.0
98184,0,0.318507724,70,0,0.463933724,7000.0,24,0,3,0,0.0
98185,0,0.085884528,72,0,37.0,,4,0,0,0,0.0
98187,0,0.11488285699999999,47,0,0.526565144,8864.0,9,0,2,0,1.0
98188,0,0.250452503,62,0,0.043823352,26583.0,27,0,0,0,4.0
98189,0,0.19123850399999998,52,0,0.197000555,5400.0,23,0,0,0,2.0
98190,0,0.104629897,55,0,1500.0,,8,0,1,0,0.0
98191,0,0.229081395,47,0,0.900945111,5501.0,9,0,2,0,2.0
98192,1,1.026504329,37,4,0.6298518,5667.0,10,0,1,1,1.0
98193,1,0.603239729,48,2,2316.0,,16,1,2,0,2.0
98195,0,0.000310334,46,0,0.215531608,9000.0,8,0,1,0,0.0
98196,0,0.9999998999999999,48,0,0.000256377,7800.0,0,1,0,0,0.0
98197,0,0.0031578,47,0,1128.0,,6,0,1,0,2.0
98198,0,0.0,48,0,0.29513657600000004,1500.0,6,0,0,0,0.0
98199,0,0.484261014,43,1,0.943766627,10900.0,21,0,10,0,3.0
98200,0,0.588892439,44,0,0.591846758,4071.0,10,0,0,0,2.0
98201,0,0.077158801,69,0,0.025088338999999998,2829.0,4,0,0,0,0.0
98202,0,0.18422901600000002,39,1,0.40522875799999997,9026.0,9,0,3,0,2.0
98203,0,0.978705316,44,0,1.119917298,1450.0,6,0,0,0,0.0
98204,0,0.044655352,74,0,0.009046625,5747.0,9,0,0,0,0.0
98206,0,0.049906136,73,0,1721.0,,12,0,2,0,0.0
98207,0,0.389299603,60,0,0.35101134700000003,4053.0,8,0,1,0,2.0
98208,0,0.117647059,52,0,0.0046791440000000005,4487.0,2,0,0,0,2.0
98209,0,0.036152816000000004,90,1,40.0,,4,0,0,0,
98210,0,0.0,70,0,0.0,2500.0,1,0,0,0,0.0
98211,0,0.130331557,68,0,327.0,,8,0,0,0,0.0
98212,0,0.26292700199999997,61,0,0.11323076900000001,16249.0,9,1,1,0,1.0
98214,0,0.423799463,67,0,2003.0,,9,0,1,0,1.0
98215,0,0.04147926,41,0,0.55151729,2833.0,5,0,2,0,0.0
98216,0,0.024148533,87,0,0.076677316,5633.0,12,0,0,0,1.0
98218,0,0.428593073,61,0,424.0,,7,0,0,0,0.0
98219,0,0.107041581,41,0,2.823627288,600.0,6,0,1,0,2.0
98220,0,0.037165118,40,0,0.25015753,3173.0,8,0,1,0,2.0
98221,0,0.10928331699999999,66,0,8860.0,,17,0,5,0,0.0
98222,0,0.0,63,0,0.0,,1,0,0,0,0.0
98223,0,0.086202066,63,0,688.0,,15,0,0,0,0.0
98224,0,0.11854383,24,0,27.0,,1,0,0,0,0.0
98225,0,0.0,87,0,0.18946598399999998,4100.0,6,0,1,0,0.0
98226,0,0.909447993,56,0,0.12349772099999999,9651.0,4,0,0,0,2.0
98227,0,0.00351806,81,0,0.07357720200000001,12000.0,16,0,1,0,0.0
98228,0,0.0007850919999999999,82,0,0.286930766,2700.0,9,0,1,0,0.0
98229,0,0.357568946,43,0,0.38640209200000003,6500.0,8,0,2,0,1.0
98230,0,0.161896826,56,1,2114.0,,12,0,0,0,1.0
98231,0,0.054289200999999995,37,0,0.07171061,7850.0,5,0,0,0,2.0
98234,0,0.0,63,0,0.0,,10,0,0,0,0.0
98235,1,0.947052947,31,0,0.006234691999999999,4490.0,1,2,0,0,3.0
98237,0,0.590730082,42,0,0.28939202399999997,8700.0,7,0,2,0,0.0
98238,0,0.0,50,0,0.0,2709.0,1,0,0,0,2.0
98240,1,0.35358326799999995,55,0,3483.0,,9,0,2,0,0.0
98242,1,0.7051798359999999,24,1,0.063306955,2400.0,5,0,0,0,0.0
98246,0,0.9999998999999999,38,0,251.0,,2,0,0,0,0.0
98247,0,0.000999967,63,0,0.219889248,4333.0,6,0,1,0,1.0
98252,0,0.879778785,59,0,0.6573402420000001,2894.0,6,0,1,0,0.0
98253,0,0.026504177,58,0,0.126774645,5000.0,9,0,0,0,0.0
98254,0,0.106795184,49,0,0.041146624,27000.0,11,0,1,0,3.0
98255,0,0.013880971,44,0,0.820749492,5416.0,16,0,2,0,0.0
98257,0,0.476540349,50,0,0.556895031,3400.0,7,0,1,0,1.0
98258,0,0.00709563,25,0,0.602312139,864.0,6,0,0,0,0.0
98259,0,0.557445072,58,1,0.252971892,9000.0,13,0,2,0,2.0
98261,0,0.006733109,67,0,1526.0,,6,0,1,0,0.0
98263,0,0.016715672,44,0,0.824042762,9166.0,13,0,2,0,1.0
98264,0,0.405348266,49,0,0.372508732,4866.0,4,0,1,0,1.0
98266,0,0.605872647,79,0,0.390357698,4500.0,9,0,1,0,0.0
98269,0,0.9999998999999999,70,0,548.0,,1,1,0,0,0.0
98270,1,0.496942483,42,3,0.21234724600000002,6300.0,18,0,0,0,3.0
98273,0,0.32695125199999997,52,0,0.640832595,4515.0,11,0,2,0,1.0
98275,0,0.009415887,59,0,0.008650519,1733.0,13,0,0,0,0.0
98277,0,0.290255844,61,0,0.37246501,3500.0,7,0,1,0,0.0
98278,0,0.0,61,0,0.321446426,6000.0,7,0,2,0,0.0
98279,0,0.022496407000000003,50,0,0.31263218600000003,5200.0,8,0,1,0,2.0
98282,0,0.0,77,0,0.19700333,1801.0,7,0,0,0,0.0
98283,0,0.227554489,62,1,19.5,1.0,1,0,0,0,0.0
98284,0,0.0,54,0,1032.0,,2,0,0,0,2.0
98285,0,0.013058698,48,0,0.270639354,8054.0,15,0,2,0,4.0
98286,0,0.9999998999999999,50,0,306.0,,1,0,0,0,1.0
98287,0,0.08904584199999999,63,0,2917.0,,20,0,2,0,0.0
98288,0,0.9999998999999999,40,0,0.811556139,3045.0,4,0,1,0,3.0
98289,0,0.9999998999999999,52,0,193.0,,1,1,0,0,0.0
98290,0,0.836145482,44,0,0.423157018,2400.0,5,0,0,0,1.0
98291,0,0.237685705,35,0,0.63765219,5502.0,12,0,1,0,2.0
98292,0,0.020237131999999998,55,0,636.0,,5,0,1,0,0.0
98293,0,0.904093151,78,0,3576.0,0.0,8,0,1,0,0.0
98294,0,0.048490177,57,0,0.248850899,12400.0,17,0,1,0,1.0
98295,0,0.72678736,47,0,0.161735358,11524.0,15,0,0,0,2.0
98296,0,0.9999998999999999,51,2,0.868453481,6491.0,3,0,2,0,1.0
98297,0,0.776693251,41,0,0.38528631,5273.0,7,0,2,0,0.0
98298,0,0.411198933,25,0,0.027731787999999997,4831.0,6,0,0,0,0.0
98299,0,0.028999237,73,0,0.007498296,4400.0,3,0,0,0,1.0
98300,0,0.066533621,61,0,0.401677968,8700.0,9,0,2,0,0.0
98301,0,0.0020193389999999998,46,1,0.000317259,3151.0,2,0,0,0,2.0
98302,0,0.9999998999999999,78,0,0.0,,4,0,0,0,0.0
98303,0,0.43296064,31,0,235.0,,4,0,0,0,
98306,0,0.652796604,58,0,0.7632105109999999,3500.0,12,0,0,0,0.0
98307,0,0.089290193,47,0,2.0515326519999997,2250.0,18,0,2,0,3.0
98308,0,0.9999998999999999,57,0,0.0,5000.0,0,0,0,0,0.0
98309,1,1.039840637,27,0,0.042729152,1450.0,2,0,0,0,1.0
98310,0,0.0,56,0,0.0,,2,0,0,1,0.0
98311,0,0.23205342199999998,54,0,0.913397363,6142.0,14,0,4,0,0.0
98316,0,0.14076149699999999,52,0,0.332672426,7060.0,4,0,1,0,2.0
98317,0,0.598361675,64,1,2489.0,,20,0,2,0,0.0
98318,0,1.169165705,56,0,0.019144863,4700.0,6,0,0,0,1.0
98321,0,0.029267937,40,2,0.630504701,8083.0,9,0,4,0,2.0
98323,0,0.006148233,62,0,4991.0,,8,0,4,0,0.0
98327,0,0.33507232600000003,71,2,0.196551117,5682.0,9,1,0,0,2.0
98329,0,0.47800964,64,0,0.281345566,2942.0,7,0,1,0,0.0
98330,0,0.582834331,45,0,0.29830272,4300.0,5,0,1,0,0.0
98331,0,0.724245866,35,1,1.339025406,2400.0,13,1,1,3,0.0
98333,0,0.132567985,74,0,0.178705324,4000.0,4,0,0,0,0.0
98334,0,0.356094856,47,3,0.17274886600000003,9261.0,13,0,1,1,0.0
98336,0,0.562877219,55,0,0.44093901399999996,8050.0,10,0,2,0,0.0
98337,0,0.0,31,0,3318.0,,8,1,1,0,0.0
98338,0,0.14247106,59,0,0.545685279,4333.0,8,0,1,0,0.0
98341,0,0.981670485,47,0,0.143303478,4800.0,7,1,0,0,0.0
98342,0,0.897242988,53,0,0.311997005,5342.0,8,0,1,0,0.0
98344,0,0.06362364599999999,34,0,1540.0,,6,0,1,0,0.0
98345,0,0.031298268,34,0,0.575737377,6000.0,6,0,2,0,0.0
98347,0,0.148351845,69,0,4026.0,,6,0,2,0,0.0
98348,0,0.033727331,58,0,0.19797916,6333.0,12,0,1,0,0.0
98349,0,0.23579614699999998,30,0,0.712403599,3111.0,7,0,2,0,2.0
98350,0,0.758473913,34,0,0.529411765,6000.0,10,0,1,0,0.0
98351,0,0.327194711,38,1,0.317396837,5500.0,13,0,1,1,2.0
98352,0,0.337193687,61,0,0.203679019,3750.0,8,0,0,0,0.0
98353,0,0.373274647,49,0,0.26529796,7500.0,9,0,0,0,1.0
98355,1,0.257638463,54,0,7955.0,,10,0,1,0,2.0
98357,0,0.0,77,0,0.252111249,8880.0,6,0,1,0,0.0
98358,0,0.9999998999999999,51,0,369.0,,3,0,0,0,0.0
98359,0,0.9999998999999999,41,0,0.059184218,3750.0,2,0,0,0,1.0
98361,1,0.9415495629999999,53,1,0.709418157,8833.0,16,0,3,0,0.0
98362,0,0.0,56,0,400.0,,8,0,0,0,0.0
98363,0,0.175240865,65,0,0.163242009,4379.0,8,0,1,0,0.0
98364,0,0.810918908,70,0,0.20916481899999997,2705.0,4,0,0,0,0.0
98366,0,0.933824497,34,0,0.12347117099999999,1716.0,2,0,0,0,1.0
98367,0,0.09175091099999999,60,0,0.20509708699999998,11535.0,10,0,2,0,0.0
98368,0,0.36075894299999994,61,0,0.319512007,12950.0,11,0,3,0,1.0
98369,0,0.9999998999999999,79,1,0.39698778100000004,3518.0,1,0,1,0,1.0
98370,0,0.001324967,51,0,0.33542194399999997,7500.0,11,0,1,0,4.0
98371,0,0.346556029,50,0,0.77491474,7916.0,16,0,2,0,2.0
98372,0,0.34186848200000003,46,0,0.5742425760000001,10000.0,17,0,2,0,2.0
98373,0,0.09355615099999999,61,0,0.020924826,3870.0,7,0,0,0,0.0
98376,0,0.0,39,0,0.132216946,4000.0,5,0,0,0,0.0
98377,0,0.054987733,37,1,0.23015396899999999,5000.0,14,0,1,0,0.0
98379,1,0.9999998999999999,57,0,0.0,5500.0,0,0,0,0,0.0
98380,0,0.0,41,0,0.23302556600000002,30000.0,11,0,2,0,3.0
98382,0,0.221966777,51,1,2.27954302,2800.0,12,0,2,1,7.0
98383,1,0.93510337,46,0,4014.0,,12,0,1,1,1.0
98384,0,0.5533149,35,0,0.4985005,3000.0,7,0,0,0,0.0
98385,0,0.039517925,50,0,0.867266592,2666.0,11,0,2,0,0.0
98386,1,0.524343717,60,4,0.865100375,18131.0,24,0,20,0,0.0
98389,0,0.019785545,45,0,0.149226516,17000.0,7,0,1,0,2.0
98392,1,0.99730784,43,2,0.663794505,6150.0,10,0,1,0,0.0
98393,0,0.11215670900000001,50,0,3381.0,,21,0,1,0,2.0
98395,0,0.007231779,87,0,0.002761642,10500.0,9,0,0,0,0.0
98396,0,0.097858393,63,1,2415.0,,5,0,1,0,0.0
98398,0,0.599780401,64,0,1586.0,,5,0,1,0,0.0
98400,0,0.021998307999999998,49,0,1.039990478,4200.0,8,0,2,0,2.0
98401,0,0.7127900420000001,54,0,0.799820018,10000.0,26,0,1,0,0.0
98402,0,0.04778136,50,0,0.611679939,2636.0,8,0,1,0,1.0
98403,0,0.57994142,63,0,0.117197009,5750.0,5,0,0,0,0.0
98404,0,0.9055501020000001,38,0,0.540089303,5150.0,10,1,1,0,0.0
98405,0,0.5004285310000001,28,1,0.505014327,2791.0,8,0,1,0,1.0
98406,0,0.103038998,79,0,71.0,,3,0,0,0,0.0
98407,0,0.157274365,54,2,0.08894391,10500.0,12,0,0,0,3.0
98408,0,0.036048225,49,0,0.0048564490000000005,7000.0,8,0,0,1,0.0
98409,0,0.0045282740000000005,73,1,0.245313033,8800.0,6,0,1,0,0.0
98411,0,0.203220348,62,0,0.092508798,5966.0,4,0,1,0,1.0
98412,0,0.022458098,42,0,0.20654192300000002,7000.0,12,0,2,0,2.0
98413,0,0.0038885290000000004,37,0,0.000333222,3000.0,2,0,0,0,0.0
98414,0,0.976204759,37,0,0.136125654,4583.0,3,0,0,0,2.0
98415,0,0.007162381999999999,66,0,0.001141118,5257.0,2,0,0,0,0.0
98416,1,0.9260739259999999,64,3,0.638141809,4089.0,5,1,1,1,0.0
98417,0,0.059324202,41,0,3332.0,,6,0,1,0,0.0
98418,0,0.969671721,38,2,0.403325599,2585.0,6,0,0,0,1.0
98420,0,0.025706541,62,0,0.140285808,18333.0,6,0,1,0,0.0
98421,0,0.266548151,67,0,0.176448806,5400.0,13,0,1,0,0.0
98422,0,0.31159660699999997,76,0,0.42898222399999997,11475.0,9,0,3,0,0.0
98423,0,0.0,24,0,35.0,0.0,3,0,0,0,0.0
98424,0,0.09190958800000001,65,0,0.149697448,3800.0,15,0,1,0,0.0
98425,0,0.0,78,0,0.0,,2,0,0,0,0.0
98427,0,0.9999998999999999,35,0,16.0,,0,1,0,1,0.0
98428,0,0.072816649,55,3,0.38173025299999996,9304.0,17,0,2,1,1.0
98431,0,0.075748106,69,0,0.295489624,5830.0,7,0,2,0,0.0
98432,0,0.15459227,49,0,0.030656448,3000.0,3,0,0,0,0.0
98434,0,0.011980538999999998,69,0,0.007197121,2500.0,8,0,0,0,0.0
98435,0,0.05456986900000001,54,0,0.469886563,8550.0,7,0,2,0,2.0
98437,0,0.21486493199999998,55,1,0.164821877,10750.0,11,0,1,0,2.0
98439,0,0.511898609,32,0,0.219752327,13000.0,6,0,2,0,0.0
98440,0,0.74423736,74,0,0.382083643,4040.0,9,0,0,0,0.0
98444,1,0.933396765,30,5,0.368481282,6116.0,7,0,2,1,1.0
98445,0,0.218244661,67,0,0.009084676,5833.0,3,0,0,0,0.0
98446,0,0.6600147820000001,48,1,0.62851153,2384.0,7,0,1,0,1.0
98447,0,0.211617704,56,0,3085.0,,33,0,1,0,0.0
98448,0,0.11411304,50,1,0.13704496800000002,1400.0,13,0,0,0,2.0
98449,0,1.029784066,39,0,0.207802392,5100.0,11,1,0,1,0.0
98450,0,0.180703118,60,0,0.62991371,7300.0,20,0,2,0,2.0
98452,0,0.310073096,43,0,385.5,1.0,6,0,0,0,3.0
98453,0,0.720127215,23,0,0.049421661,950.0,3,0,0,0,0.0
98455,0,0.475770664,58,0,0.694817658,2083.0,6,0,1,0,0.0
98456,0,0.641183487,73,1,1708.0,,5,0,1,1,
98457,0,0.035716307,74,0,0.567937801,2700.0,10,0,1,0,0.0
98458,0,0.10604233199999999,63,0,0.093951489,9770.0,10,0,1,0,0.0
98461,0,0.9104445170000001,41,2,0.067501918,3910.0,3,0,0,0,0.0
98464,0,0.0,54,0,0.101579684,5000.0,5,0,0,0,1.0
98466,0,0.142885711,72,0,0.600971151,3500.0,6,0,2,0,0.0
98468,0,0.5596112010000001,50,0,0.757357585,7916.0,18,0,2,0,1.0
98469,0,0.290551673,49,3,0.317660652,11250.0,27,0,1,0,0.0
98470,0,0.0,39,0,1636.0,,9,0,1,0,0.0
98471,0,0.403181291,70,2,5755.0,,6,0,1,0,0.0
98472,0,0.234916765,58,0,0.36900484299999997,6400.0,10,0,1,0,0.0
98473,1,1.584097859,37,4,0.18683328300000002,3280.0,7,1,0,0,0.0
98474,0,0.261410477,55,0,3741.0,,6,0,1,0,0.0
98475,0,0.09862741400000001,71,0,48.0,,2,0,0,0,
98477,0,0.048697425,56,0,0.14377474,13388.0,6,0,2,0,2.0
98479,0,0.40881196299999994,51,1,1.150924538,2000.0,13,0,1,0,0.0
98480,0,0.325908311,29,0,0.156198542,4250.0,5,0,0,0,0.0
98481,0,0.00659061,77,0,4.0,,1,0,0,0,0.0
98482,0,0.021458879,53,1,0.656520773,4500.0,15,0,2,0,2.0
98483,0,0.110547236,56,0,0.321940223,13750.0,16,0,1,0,0.0
98485,0,0.008779182,78,0,1512.0,,13,0,1,0,
98486,0,0.13224364800000002,37,0,0.013033079,61458.0,7,0,0,0,2.0
98487,1,0.694250255,47,3,0.455402112,6154.0,23,0,1,1,1.0
98489,0,0.9999998999999999,29,1,0.046306041,4750.0,1,1,0,0,3.0
98491,0,0.44496925600000004,45,0,0.20893035699999998,3000.0,3,0,0,0,1.0
98492,0,0.025331222,50,0,0.326229799,11261.0,4,0,2,0,2.0
98496,1,0.086243745,82,5,0.830458354,4057.0,27,0,1,0,0.0
98497,0,0.067429726,39,0,231.0,,10,0,0,0,0.0
98498,0,0.264286786,70,0,0.27774769899999996,5540.0,5,0,1,0,1.0
98499,0,0.070605464,69,0,0.219791204,9003.0,10,0,1,0,0.0
98501,0,0.06457947,78,0,502.0,,3,0,0,0,0.0
98502,0,0.428475125,52,0,0.533969011,5872.0,10,0,1,0,1.0
98503,0,0.024910274,49,0,0.29147918,14000.0,14,0,2,0,0.0
98504,0,0.070216218,51,0,0.22894385,2991.0,8,0,1,0,0.0
98506,0,0.110736158,67,0,0.004544628,5500.0,3,0,0,0,0.0
98508,0,0.070615685,76,0,44.0,,4,0,0,0,
98509,0,0.061226922,35,0,0.4716,7499.0,24,0,6,0,2.0
98510,0,0.0038448759999999997,58,0,0.151346438,8800.0,7,0,1,0,2.0
98512,0,0.38861827,35,0,1133.0,,10,0,0,0,0.0
98513,0,0.0024373479999999998,76,1,1.0,,3,0,0,0,
98514,0,0.005727431,51,0,0.000491723,6100.0,5,0,0,0,0.0
98515,0,0.026557148,69,0,0.014647293,8533.0,11,0,0,0,0.0
98516,0,0.9999998999999999,94,0,2.243512974,500.0,4,0,1,0,0.0
98517,0,0.149393995,35,0,0.350929814,5000.0,9,0,2,0,3.0
98518,0,0.9209959940000001,60,0,3265.0,,7,0,1,0,0.0
98519,0,0.143842912,81,0,0.116941244,10500.0,24,0,2,0,0.0
98520,0,0.03179894,45,0,28.0,,2,0,0,0,0.0
98521,0,0.0,45,0,0.071952428,5044.0,3,0,0,0,0.0
98524,0,0.006552067,68,0,0.073763621,1192.0,11,0,1,0,0.0
98525,0,0.431406761,33,1,0.249189773,2776.0,8,0,0,0,1.0
98526,0,0.000265772,50,0,318.0,,7,0,0,0,0.0
98527,0,0.0,57,0,0.222222222,3257.0,4,0,0,0,0.0
98529,0,0.7143609000000001,40,1,0.318683608,4800.0,11,0,0,0,1.0
98530,0,0.019159234,47,0,0.427747886,2601.0,7,0,2,0,3.0
98532,0,0.18252138399999998,39,0,0.652948801,6171.0,13,0,3,0,0.0
98533,1,0.7298210629999999,33,0,0.169089518,2613.0,9,0,0,0,2.0
98534,0,0.43917973299999996,41,0,1.913651566,3288.0,8,0,5,0,2.0
98535,0,0.062375012,84,0,0.008257279000000001,2300.0,2,0,0,0,0.0
98536,0,0.023275605,47,1,0.44181163799999995,3333.0,6,0,1,0,1.0
98537,0,0.004555049,64,0,0.23727169899999997,6186.0,7,0,1,0,1.0
98539,0,0.0,29,0,0.13472746,2916.0,14,0,0,0,1.0
98540,1,0.964688364,46,3,0.354445635,7467.0,6,2,1,0,0.0
98541,0,0.418171091,38,0,0.504086246,5750.0,10,0,2,0,3.0
98542,0,0.10476124099999999,65,0,0.8056388720000001,5000.0,9,0,2,0,0.0
98543,0,0.798582199,48,1,1.5388961319999999,2300.0,14,1,1,0,1.0
98544,0,0.11039724,70,0,0.12939814800000002,12959.0,9,0,1,0,0.0
98545,0,0.0,53,2,0.401487881,12500.0,17,0,2,0,0.0
98546,0,0.9999998999999999,37,0,0.131046931,2769.0,1,0,0,1,2.0
98547,0,0.051103715,81,0,0.053473263,2000.0,10,0,0,0,0.0
98548,0,0.052177115999999996,63,0,0.256767374,14000.0,10,0,2,0,1.0
98549,0,0.32303715899999996,48,0,0.310251355,12173.0,9,0,2,0,2.0
98550,0,0.5489656629999999,55,0,0.220547524,3250.0,5,0,0,0,0.0
98551,0,0.226538673,67,0,894.0,,7,0,1,0,0.0
98553,0,0.028987217000000003,58,0,0.007220216999999999,3600.0,7,0,0,0,2.0
98555,0,0.00014665200000000002,57,0,0.00838397,13000.0,7,0,0,0,1.0
98556,1,0.82000786,30,3,0.345737295,3600.0,8,0,0,0,0.0
98557,0,0.9815145129999999,46,3,0.6878150009999999,3372.0,8,0,1,0,2.0
98562,0,0.001523785,86,0,0.115358245,5833.0,14,0,0,0,0.0
98564,0,0.014330784,78,0,8.0,,3,0,0,0,0.0
98566,0,0.142868006,38,0,0.265018798,12500.0,14,0,2,0,2.0
98567,0,0.953442483,56,0,0.7833047459999999,1748.0,6,0,1,0,0.0
98568,1,1.127744511,32,0,0.16195372800000002,2333.0,2,1,0,0,1.0
98569,0,0.336169148,42,1,0.398886358,3950.0,14,0,1,0,2.0
98570,0,0.09144423800000001,31,0,0.236610331,4200.0,6,0,1,0,0.0
98571,1,0.751696065,66,0,0.665256681,5200.0,10,1,1,0,1.0
98572,1,0.667192927,57,6,0.429494411,9750.0,12,0,1,0,2.0
98573,0,0.070353783,71,0,0.283025526,8500.0,7,0,1,0,1.0
98574,0,0.068699614,70,0,0.610918877,2600.0,9,0,2,0,0.0
98575,0,0.007853648000000001,75,0,0.216702664,4166.0,11,0,1,0,1.0
98577,0,0.415131906,50,0,0.125532174,8220.0,7,0,0,0,0.0
98579,0,0.055075635,58,0,137.0,,15,0,0,0,0.0
98580,0,0.38066872399999996,51,0,0.6743024959999999,3404.0,11,0,1,0,0.0
98581,0,0.093004734,57,0,0.25566794600000003,8600.0,9,0,2,0,1.0
98583,0,0.095431536,54,0,0.931068931,1000.0,6,0,1,0,2.0
98588,1,0.7244132679999999,32,0,2857.0,,9,0,1,0,2.0
98589,0,0.010245801,73,0,0.001295001,3860.0,3,0,0,0,0.0
98590,0,0.057929037,32,0,0.36828333799999996,10700.0,8,0,3,0,0.0
98592,0,0.16677642,40,1,0.476406292,3750.0,8,0,2,0,0.0
98593,0,0.42610295600000003,37,0,2784.0,,2,0,1,0,0.0
98594,0,0.29256376,51,0,0.42473579,3500.0,7,0,1,0,2.0
98595,0,0.524547545,34,0,0.266585883,3300.0,7,0,0,0,2.0
98596,0,0.205234782,44,1,0.589442815,3750.0,8,0,1,0,2.0
98598,0,0.120179989,60,0,73.0,,9,0,0,0,0.0
98599,0,0.095599245,48,0,1948.0,,22,0,2,0,2.0
98603,0,0.9999998999999999,52,98,0.0,9016.0,0,98,0,98,2.0
98604,0,0.068847866,41,0,0.566679165,8000.0,11,0,4,1,3.0
98605,0,0.9999998999999999,63,0,0.865151515,1979.0,5,0,1,0,0.0
98607,0,0.950402834,45,0,0.468553145,10000.0,8,0,3,0,2.0
98608,0,0.104529691,57,0,0.175798757,6916.0,15,0,1,0,1.0
98609,0,0.11193695699999999,61,0,111.0,,2,0,0,0,0.0
98610,0,0.9999998999999999,32,0,4640.0,,8,0,1,0,0.0
98611,0,0.248971041,41,0,0.235254915,3000.0,10,0,0,0,0.0
98612,0,0.039847277,46,0,1417.0,,4,0,1,0,3.0
98613,1,0.47395379299999996,51,0,0.455590183,5133.0,7,0,1,0,1.0
98614,1,0.796884068,46,1,0.21514768399999998,8700.0,14,1,2,1,0.0
98615,0,0.0,57,0,0.0,7901.0,3,0,0,0,0.0
98616,0,0.616902238,69,0,0.770666132,9967.0,24,0,2,0,2.0
98617,0,0.0,70,0,0.0,,5,0,0,0,
98619,0,0.9999998999999999,54,0,1757.0,,5,0,2,0,0.0
98620,0,0.41995842,51,0,795.0,,14,0,0,0,0.0
98621,1,0.915405716,40,2,0.33726627299999995,10000.0,11,0,1,1,0.0
98623,0,0.812923974,59,1,0.318296054,7957.0,10,0,1,0,1.0
98624,0,0.16592227199999998,42,1,0.105885026,4400.0,5,0,0,0,2.0
98626,0,0.0,35,0,0.44836662,6458.0,7,0,2,0,0.0
98627,0,0.089487662,65,0,0.286345838,15833.0,16,0,2,0,0.0
98628,0,0.01140275,56,0,0.237913617,9700.0,8,0,2,0,1.0
98629,0,0.096161052,54,0,0.234423275,7767.0,19,0,2,0,6.0
98631,0,0.317985158,40,0,0.185407393,5166.0,7,0,0,0,2.0
98634,0,0.880932556,29,0,44.0,0.0,2,0,0,0,0.0
98635,1,1.295352324,28,5,0.285211268,4259.0,12,0,0,2,2.0
98636,0,0.019587977,68,0,0.233280395,5666.0,8,0,1,0,2.0
98637,0,0.41686858200000004,44,0,1.5593914569999998,1708.0,12,0,2,0,2.0
98640,0,0.137689666,69,0,0.435291418,8715.0,11,0,3,0,0.0
98642,0,0.040091453,66,0,0.115341545,6250.0,4,0,1,0,0.0
98643,0,0.271555435,45,0,0.303782703,6000.0,16,0,2,0,0.0
98644,0,0.001616394,46,1,3149.0,,9,0,2,0,0.0
98646,0,0.13730363,63,0,0.00908972,15291.0,8,0,0,0,0.0
98648,0,0.0,25,0,0.054794521,2700.0,6,0,0,0,0.0
98649,0,0.8294558059999999,50,0,0.348772239,6800.0,29,0,0,1,1.0
98650,0,0.7013740629999999,45,0,0.9380849529999999,4166.0,8,0,2,0,2.0
98653,0,0.7516293190000001,65,0,0.41677763,3754.0,11,0,2,0,0.0
98655,0,0.529676978,41,0,0.5115,7999.0,9,0,2,0,1.0
98656,0,0.9999998999999999,34,0,0.110577884,5000.0,6,0,0,1,0.0
98658,0,0.144898875,53,0,1.4696086590000002,1200.0,15,0,1,0,0.0
98659,0,0.374009463,46,0,0.259416518,7300.0,8,0,1,0,0.0
98660,0,0.116687105,48,0,0.26777983899999996,4850.0,6,0,0,0,0.0
98661,0,0.9999998999999999,61,0,0.109397315,3500.0,2,0,0,0,0.0
98662,0,0.014397121,25,0,0.10550671,2160.0,3,0,0,0,0.0
98664,0,0.082849743,44,0,0.021324992999999997,3516.0,8,0,0,0,3.0
98665,0,0.066387267,55,1,1720.0,,13,0,1,0,2.0
98666,0,0.18376601,45,0,0.5398606810000001,2583.0,14,0,1,0,2.0
98667,0,0.9999998999999999,35,0,353.0,,3,1,0,0,0.0
98668,0,0.741179831,38,0,0.048407245,3201.0,2,0,0,1,2.0
98669,0,0.129621338,67,0,3070.0,,15,0,2,0,0.0
98670,0,0.018679626,79,0,0.005510726,5080.0,5,0,0,0,0.0
98671,0,0.03553432,63,0,0.485225505,4500.0,16,0,2,0,0.0
98672,0,0.045619075999999995,48,0,0.266546691,5000.0,8,0,1,0,1.0
98673,0,0.07187331799999999,91,0,0.00549945,10000.0,6,0,0,0,1.0
98675,0,0.40434354299999997,63,1,3636.0,,14,0,2,0,
98676,0,0.168663777,58,0,0.571544058,3710.0,10,0,1,0,1.0
98677,0,0.24966983199999998,40,0,0.082897928,40000.0,9,0,1,0,0.0
98678,0,0.167849675,64,0,1815.0,,7,0,1,0,0.0
98679,0,0.703317656,59,2,0.117018481,11416.0,7,0,0,0,0.0
98681,0,0.9999998999999999,30,0,0.143879173,2515.0,5,0,0,0,0.0
98682,0,0.008898482,44,0,0.9281627459999999,4718.0,7,0,2,0,2.0
98687,0,0.10095865400000001,87,0,0.674572724,8600.0,12,0,3,0,1.0
98688,0,0.0,36,0,0.043509877999999995,8250.0,3,0,0,0,0.0
98690,0,0.604700506,66,0,0.592992561,4166.0,15,0,1,0,0.0
98691,0,0.664586833,40,2,0.42687680100000003,5900.0,9,0,1,0,2.0
98692,0,0.088742605,38,0,0.049590082,5000.0,10,0,0,0,0.0
98693,0,0.9999998999999999,65,0,0.16780283199999999,3813.0,2,0,1,2,1.0
98694,0,0.17602263899999998,36,0,0.408156349,8851.0,8,0,2,0,1.0
98695,0,0.254627145,71,1,0.084485919,6000.0,14,0,1,0,0.0
98697,0,0.126647706,42,0,0.742085971,3000.0,11,0,1,0,1.0
98698,1,0.102965545,58,2,110.0,,4,0,0,0,0.0
98699,0,0.035682057,45,0,1823.0,,17,0,2,0,
98700,0,0.037710267,61,0,112.0,,4,0,0,0,0.0
98702,0,0.384021324,89,0,0.656335029,8452.0,13,0,4,0,0.0
98704,0,0.047526189,35,0,0.193468795,6889.0,11,0,0,0,4.0
98705,0,0.152506556,54,0,0.549447266,3346.0,9,0,3,0,0.0
98707,0,0.404268071,73,0,0.404009093,4838.0,14,0,2,0,0.0
98708,0,0.08297880099999999,38,0,0.269989616,8666.0,10,0,1,0,0.0
98709,0,0.0,44,0,343.0,,3,2,0,0,0.0
98710,0,0.62014695,29,0,0.464149839,3416.0,13,0,0,0,0.0
98712,0,0.0032441490000000004,43,0,0.651185771,7083.0,8,0,3,0,0.0
98716,0,0.800016128,64,1,0.35429612200000005,9333.0,15,0,2,0,0.0
98717,0,0.059403029,33,0,0.21287842399999998,2080.0,4,0,0,0,0.0
98719,0,0.080654744,67,0,0.52790626,3242.0,22,0,1,0,0.0
98720,0,0.014558828000000001,68,0,0.184004998,3200.0,4,0,1,0,1.0
98721,0,0.0,46,0,2416.0,,5,0,2,0,0.0
98724,1,1.1207227990000002,30,0,1.2203559290000001,5000.0,8,0,2,2,0.0
98727,0,0.492155151,49,0,0.089818306,5833.0,4,0,0,0,3.0
98728,0,0.26741576100000003,62,0,2.3737508330000003,1500.0,7,0,2,0,0.0
98729,0,0.512110573,40,0,2016.0,,5,0,2,0,0.0
98731,0,0.9999998999999999,50,0,346.0,,2,0,0,0,0.0
98732,0,0.363031848,48,0,0.254487253,8746.0,3,0,2,0,2.0
98735,0,0.067403299,63,0,0.30625641,4874.0,10,0,1,0,0.0
98736,0,0.0,70,0,0.103965345,3000.0,8,0,0,0,0.0
98737,0,0.009284388000000001,49,0,1.0,,3,0,0,0,0.0
98738,0,0.126449748,58,0,0.09065155800000001,6000.0,8,0,1,0,0.0
98739,0,0.002364357,71,0,0.506906437,7673.0,12,0,2,0,0.0
98740,0,0.253458426,69,0,0.43898837,5416.0,10,0,1,0,0.0
98742,0,0.05752901,34,0,1750.0,,8,0,1,0,0.0
98744,0,0.9052729820000001,69,1,0.266196104,18275.0,8,0,2,0,0.0
98745,0,0.9999998999999999,34,0,347.0,,1,1,0,1,0.0
98746,0,0.36995889299999996,39,0,0.40921014299999997,3430.0,4,0,0,0,0.0
98747,0,0.0,51,0,1936.0,,2,0,1,0,1.0
98748,0,0.5045118279999999,27,0,0.126070991,2450.0,9,0,0,1,0.0
98751,0,0.086333744,38,1,0.284178463,5580.0,13,0,1,0,3.0
98752,0,0.130233415,59,0,0.34401930399999997,2900.0,4,0,1,0,0.0
98753,0,0.488594463,27,0,0.325162839,5833.0,9,0,2,0,2.0
98754,0,0.420967618,59,0,0.505117045,8500.0,11,0,7,0,0.0
98755,0,0.804077898,33,0,0.195724179,6641.0,5,0,0,0,0.0
98757,0,0.9999998999999999,26,0,8960.0,0.0,1,0,0,0,0.0
98758,0,114.0,82,0,4.0,,4,0,0,0,0.0
98759,0,0.043243483,65,0,57.0,,7,0,0,0,0.0
98760,0,0.0,52,0,0.33873306299999995,20000.0,11,0,6,0,2.0
98761,0,0.057602455,61,0,0.302950663,8370.0,4,0,1,0,1.0
98762,0,0.102289771,61,0,0.159315455,11335.0,10,0,1,0,0.0
98763,0,0.589284245,78,0,0.209150327,5048.0,4,0,0,0,1.0
98764,0,0.233870458,47,0,2039.0,,11,0,0,0,1.0
98766,0,0.7096726990000001,57,0,0.420080591,8933.0,13,0,2,0,1.0
98767,0,0.7753412159999999,56,0,0.42235217700000005,6155.0,11,0,1,0,1.0
98768,0,0.17934665,36,0,0.569065343,3626.0,11,0,1,0,1.0
98770,0,0.197491373,39,0,0.327393431,8585.0,13,0,2,0,2.0
98771,0,0.054887364,45,0,0.504665423,3750.0,9,0,1,0,2.0
98772,0,0.38525737299999996,55,0,0.432956381,6808.0,14,0,2,0,2.0
98775,0,0.100551375,63,0,0.203275652,23750.0,14,0,2,0,1.0
98776,1,0.416342838,47,4,5245.0,,18,0,2,0,2.0
98777,0,0.8814118590000001,41,0,1.6365113759999999,7383.0,7,0,5,0,2.0
98778,0,0.56934082,43,0,0.41732041200000003,6500.0,5,0,2,0,0.0
98779,0,0.923415317,47,0,0.693461058,2400.0,9,1,2,1,3.0
98780,0,0.307876918,32,0,0.25579536399999997,1250.0,7,0,0,0,0.0
98781,0,0.0,90,0,0.0,,7,0,0,0,0.0
98782,0,0.063401978,67,0,1299.0,,8,0,1,0,0.0
98784,0,0.42433643600000004,25,0,0.077163386,3200.0,6,0,0,0,2.0
98785,0,0.17621267399999999,46,0,0.34768585700000004,6200.0,14,0,2,0,1.0
98787,0,0.068783415,57,0,0.326778836,14798.0,11,0,2,0,0.0
98788,0,0.11377524900000001,61,0,0.7785827479999999,4416.0,8,0,2,0,0.0
98789,0,0.0,50,1,1.149395055,1900.0,7,0,1,0,1.0
98790,0,0.037574032,64,0,0.32358823,10500.0,11,0,2,0,0.0
98791,0,0.645229198,46,0,0.412210271,6600.0,6,0,1,0,3.0
98794,0,0.02588362,47,0,0.215488215,9800.0,6,0,2,0,3.0
98796,0,0.655312198,68,0,1.0739852029999999,5000.0,18,0,1,0,1.0
98799,0,0.192336085,63,0,1.82674772,6250.0,9,0,5,0,2.0
98800,0,0.073200488,42,0,0.23651401100000002,8100.0,20,0,1,0,2.0
98801,0,0.666686084,48,0,7.087824351,500.0,11,0,2,0,1.0
98802,0,0.895296545,48,2,0.548441292,5356.0,8,1,2,0,4.0
98803,0,0.562667744,52,2,0.319484559,4500.0,11,1,2,0,3.0
98807,0,0.9999998999999999,48,0,0.22320841600000002,6083.0,4,0,2,0,0.0
98808,0,0.799387073,59,0,0.160450549,17400.0,13,0,1,0,0.0
98809,0,0.04595516400000001,42,0,0.264810235,9300.0,9,0,2,0,4.0
98810,0,0.026423082,71,0,0.212551186,10500.0,16,0,1,0,0.0
98811,0,0.055808877,42,0,0.014459314,6500.0,5,0,0,0,0.0
98813,0,0.8205980070000001,36,0,0.20908311899999998,3500.0,6,0,0,0,5.0
98814,0,0.031547202,48,0,71.0,,8,0,0,0,0.0
98815,0,0.9437115629999999,31,0,733.0,,5,0,0,0,0.0
98816,0,0.059280152,32,0,0.20993002300000002,3000.0,5,0,1,0,2.0
98817,0,0.100407135,55,0,0.166566687,5000.0,13,0,1,0,0.0
98818,0,0.049369107,48,1,0.019551211000000002,4500.0,11,0,0,0,1.0
98819,0,0.053353310999999994,65,0,0.028990337,3000.0,5,0,0,0,1.0
98820,0,0.00049995,47,0,0.6685865129999999,8333.0,5,0,2,0,0.0
98821,0,0.510731857,57,0,0.42276617899999996,12500.0,14,0,4,0,3.0
98822,0,0.069903312,56,0,690.0,,12,0,0,0,0.0
98824,0,0.024680734,61,0,0.0044434570000000005,4500.0,3,0,0,0,1.0
98825,0,0.809551347,38,0,0.332612807,3700.0,14,0,0,0,0.0
98827,0,0.050954523,62,0,65.0,,6,0,0,0,0.0
98829,0,0.254203526,54,1,0.37734939799999995,16599.0,27,0,3,0,4.0
98830,0,0.005186135,59,0,0.001558361,6416.0,8,0,0,0,0.0
98831,0,0.07501239,61,0,0.088961262,5833.0,4,0,1,0,1.0
98832,0,0.03656113,82,0,0.044039735,3019.0,21,0,0,0,0.0
98833,0,0.118960347,26,1,0.004456328,2243.0,2,0,0,0,0.0
98834,0,0.20181084300000002,33,0,0.620915033,2600.0,7,0,1,0,1.0
98835,0,0.043457428,69,0,62.0,,3,0,0,0,0.0
98837,0,0.9999998999999999,70,0,143.0,,0,0,0,0,0.0
98838,0,0.068149658,78,0,119.0,,6,0,0,0,0.0
98839,0,0.053295971,68,0,0.24237074399999997,7929.0,11,0,2,0,0.0
98842,0,0.16982173,63,0,0.041450777,3666.0,6,0,0,0,0.0
98843,0,0.017672406,68,0,0.006216506,4664.0,5,0,0,0,0.0
98844,0,0.048832170999999994,58,0,0.805584401,8666.0,16,0,5,0,0.0
98846,0,0.009699515,75,0,0.248172757,3009.0,3,0,1,0,0.0
98847,0,0.866345575,44,0,2801.0,,10,0,0,0,0.0
98851,0,0.34957523,55,0,0.670257199,9097.0,22,0,3,0,2.0
98852,0,0.301441572,41,1,0.5745206,5266.0,10,0,2,0,2.0
98855,0,0.0,75,0,5.0,,9,0,0,0,
98858,0,0.896047543,33,0,0.644385027,2617.0,10,0,1,0,0.0
98859,0,0.09151253300000001,43,0,2496.0,0.0,11,0,2,0,0.0
98860,0,0.076519797,63,0,0.214479897,6988.0,9,0,1,0,1.0
98862,0,0.014467743,48,0,0.233910717,7100.0,13,0,0,0,1.0
98864,0,0.47182883200000003,62,0,2117.0,,9,0,1,0,0.0
98865,0,0.0028665709999999996,56,0,0.062391681,7500.0,4,0,0,0,0.0
98866,1,0.9999998999999999,28,0,54.0,,0,2,0,0,0.0
98868,0,0.23359580100000002,40,2,0.033661056,6000.0,4,0,0,0,2.0
98870,0,0.00719928,45,0,1.107694615,6666.0,8,0,4,0,2.0
98871,1,1.00419916,45,0,0.682747643,8166.0,6,0,1,0,4.0
98872,0,0.019634284,42,0,0.19055386100000002,14100.0,21,0,1,0,1.0
98873,0,0.9999998999999999,59,3,0.18577434399999998,8800.0,3,0,2,0,0.0
98874,0,0.005380205999999999,33,0,0.060419104,9400.0,6,0,0,0,0.0
98875,0,0.756077745,31,1,0.142737145,16666.0,7,0,2,1,0.0
98876,0,0.987937967,45,0,0.687453416,4024.0,8,3,1,0,4.0
98877,0,0.37344685899999996,56,0,0.45762711899999997,1533.0,13,0,0,0,0.0
98878,0,0.354678184,35,0,0.43101379700000003,3333.0,12,0,1,0,0.0
98879,0,0.014479806999999999,59,0,0.734947789,4500.0,14,0,3,0,1.0
98881,0,0.03999883,63,0,525.0,,6,0,1,0,0.0
98882,0,0.03009752,81,0,0.00339932,5000.0,7,0,0,0,1.0
98883,0,0.6916205590000001,45,0,0.22193659,3500.0,7,0,0,1,2.0
98884,0,0.387710286,63,0,0.493640316,6210.0,11,0,1,0,1.0
98885,1,0.585934896,43,1,0.064884907,6472.0,5,4,0,0,4.0
98886,0,0.107538477,37,0,0.758302978,4666.0,7,0,2,0,2.0
98887,1,0.20812182699999998,36,0,0.442980463,2200.0,5,1,0,1,2.0
98888,0,0.018561485,41,0,0.8123252559999999,8583.0,9,0,2,0,3.0
98890,0,0.232500862,30,0,0.466938984,3916.0,5,0,2,0,0.0
98891,0,0.0,63,1,0.0,5700.0,3,0,0,0,0.0
98892,0,0.962429935,63,0,0.29023124100000003,6356.0,5,0,1,0,0.0
98893,0,0.0,35,0,0.516796641,3333.0,8,0,1,0,2.0
98894,0,0.08485132,60,0,1391.0,,19,0,1,0,0.0
98897,0,0.033805361,52,0,0.003262288,9195.0,4,0,0,0,1.0
98899,0,0.073620399,53,0,1.261263663,3750.0,13,0,2,0,0.0
98901,1,0.728609897,56,0,0.451196647,9066.0,13,0,4,0,1.0
98902,1,0.734939013,51,0,0.214417259,3800.0,6,0,0,0,3.0
98904,0,0.390830275,50,0,0.24611240399999998,8166.0,11,0,1,0,0.0
98905,0,0.045887189,42,0,0.199311235,4645.0,4,0,1,0,0.0
98906,0,0.059416021,79,0,48.0,,2,0,0,0,0.0
98909,1,0.991144122,49,1,0.455295392,12000.0,12,0,1,0,5.0
98912,0,0.778088764,47,0,0.366782007,2600.0,3,0,1,0,0.0
98914,0,0.630885614,36,1,0.34086591299999996,10000.0,10,0,1,0,2.0
98916,0,0.0,55,0,173.0,,5,0,0,0,0.0
98917,1,0.9896004159999999,62,4,1.247322066,4200.0,8,0,1,0,0.0
98919,0,0.299250597,43,0,0.074979504,13416.0,8,0,0,0,1.0
98920,0,0.140929146,65,0,0.46735024299999994,1852.0,10,0,0,0,1.0
98921,0,0.016799328,74,0,0.006662965,1800.0,2,0,0,0,0.0
98923,0,0.00026991900000000003,70,0,0.263382441,15000.0,13,0,2,0,1.0
98924,0,0.09890082900000001,46,0,0.037558685,6389.0,11,0,0,0,0.0
98925,0,0.065455174,70,0,0.29615641,4500.0,15,0,1,0,0.0
98927,0,0.684870635,56,0,0.412725357,17083.0,18,0,2,0,2.0
98929,0,0.724976318,53,0,0.33920759899999997,8000.0,8,0,1,0,1.0
98930,0,0.9114566590000001,54,0,0.8002739729999999,7299.0,8,0,2,0,1.0
98932,0,0.034041998,42,0,0.423644089,4000.0,4,0,1,0,0.0
98934,0,0.090558393,44,0,0.44759206799999995,6000.0,9,0,2,0,3.0
98935,0,0.0,31,3,0.13928690400000002,3000.0,5,0,0,0,1.0
98936,0,0.0,45,0,3191.0,,7,0,1,0,0.0
98937,0,0.0,44,0,0.624326834,5384.0,8,0,1,0,2.0
98938,0,0.6865261229999999,28,0,0.065849107,3750.0,2,0,0,0,0.0
98939,0,0.42843066799999996,36,0,0.5024429970000001,3683.0,13,0,2,0,1.0
98940,0,0.0,67,0,0.0,1500.0,3,0,0,0,0.0
98941,0,0.018374488,49,0,0.440874036,10891.0,16,0,2,0,3.0
98942,0,0.294271085,65,0,0.217396073,9116.0,10,0,2,0,1.0
98943,0,0.026288305,53,0,0.5466766239999999,4016.0,6,0,2,0,0.0
98946,0,0.337371975,38,0,0.197548782,6200.0,8,0,1,1,3.0
98947,0,0.006701347,69,0,15.0,0.0,7,0,0,0,0.0
98948,0,0.000253532,62,0,0.161067786,3333.0,15,0,1,0,0.0
98949,0,0.368285794,47,0,5551.0,,6,0,3,0,0.0
98952,0,1.00302149,41,0,0.7770402190000001,2560.0,7,0,0,0,0.0
98953,0,0.9999998999999999,27,0,0.041340178,3700.0,2,1,0,0,0.0
98954,0,0.14285714300000002,32,0,0.181927229,2500.0,7,0,0,0,2.0
98955,1,0.046511628,37,1,1.075619296,2300.0,12,0,1,0,2.0
98956,0,0.73427118,38,1,0.409854654,9700.0,17,0,2,0,2.0
98957,0,0.0,84,0,3.0,,9,0,0,0,
98959,0,0.939202432,47,2,0.644177215,7899.0,17,0,2,0,2.0
98960,0,0.35849710700000004,58,0,0.290683727,2500.0,15,0,0,0,0.0
98961,0,0.0,43,0,877.0,,6,0,1,0,3.0
98963,0,0.33898921299999996,30,0,0.9661160529999999,2360.0,4,0,2,0,0.0
98964,0,0.19416238800000002,37,0,0.63472552,7158.0,5,0,2,0,1.0
98965,0,0.8918198270000001,38,0,0.34201041200000004,2496.0,3,1,0,0,2.0
98966,0,0.7866377940000001,28,0,0.027931471,15000.0,5,0,0,0,0.0
98967,0,0.029042636,73,0,0.048027138,5600.0,8,0,0,0,1.0
98968,0,0.16563883699999998,56,0,0.387540775,12568.0,19,0,1,0,0.0
98969,0,0.002682796,36,0,1.0,,4,0,0,0,
98972,0,0.025927356000000002,58,0,0.406790252,4800.0,9,0,1,0,0.0
98973,0,0.325858374,33,0,2477.0,,17,0,2,0,0.0
98974,0,0.180494691,70,1,1855.0,,6,0,1,0,0.0
98975,0,0.9999998999999999,55,0,505.0,0.0,2,0,0,0,0.0
98977,0,0.694456596,60,1,0.523375308,6908.0,10,0,3,0,1.0
98978,0,0.020595526,50,0,3846.0,,12,0,1,0,0.0
98979,0,0.541301915,54,1,0.239590854,8309.0,12,0,2,0,0.0
98980,0,0.020165858999999998,66,0,0.321136049,9400.0,8,0,1,0,1.0
98982,0,0.041084269,66,0,911.0,,5,0,1,0,0.0
98983,0,0.9648334890000001,27,0,0.347416315,3076.0,9,0,0,0,0.0
98989,0,0.125551308,61,1,0.200719712,2500.0,3,0,0,0,0.0
98991,0,0.335103129,56,2,0.513571665,12083.0,21,0,3,0,1.0
98992,0,0.545525249,35,1,0.8136686009999999,1550.0,8,0,0,0,1.0
98993,0,1.004903755,45,0,0.518118551,12500.0,15,0,2,0,4.0
98994,0,0.10077143400000001,57,0,0.30625101,6190.0,17,0,2,0,0.0
98995,0,0.952783024,51,4,0.478968069,15000.0,10,0,3,0,4.0
98999,0,0.9999998999999999,60,0,0.0,4100.0,1,0,0,0,0.0
99001,0,0.185910938,62,0,0.264966879,8000.0,8,0,2,0,0.0
99004,0,0.0009995,45,0,0.3717699,7700.0,6,0,2,0,2.0
99005,0,0.81822652,30,0,710.0,,6,0,0,0,1.0
99006,0,0.06016799,65,1,0.326306544,2276.0,7,0,3,0,0.0
99007,0,0.018697385,52,0,0.18247017399999998,14500.0,11,0,1,0,0.0
99009,0,0.0,35,0,0.42488818700000003,3800.0,4,0,1,0,0.0
99012,0,0.021498656,32,0,2893.0,,5,0,1,0,0.0
99013,0,0.062297923,54,0,0.165498913,12416.0,3,0,1,0,2.0
99014,0,0.052668102,69,0,369.0,,5,0,1,0,
99015,0,0.7429005679999999,27,0,0.435810811,5031.0,6,0,2,0,1.0
99016,0,0.353075464,45,0,0.11344952300000001,3040.0,9,0,0,0,0.0
99017,0,0.18259892,49,0,0.040602234,10294.0,7,0,0,0,0.0
99018,0,0.058102956,42,0,0.16720674,10800.0,5,0,1,0,4.0
99019,0,0.0507902,54,0,0.236176382,10000.0,11,0,2,0,0.0
99021,0,0.26962671,47,0,0.440079989,7000.0,12,0,3,0,0.0
99022,0,0.9142492940000001,55,4,0.794874627,9052.0,12,0,3,0,0.0
99024,0,0.677076694,42,0,1125.0,,2,0,1,0,0.0
99028,0,0.043238652,44,0,0.321047619,10499.0,12,0,2,0,3.0
99029,0,0.068427257,58,0,0.530377668,7916.0,12,0,1,0,2.0
99030,0,0.084535372,67,0,55.0,,5,0,0,0,0.0
99032,0,0.142230692,57,0,0.015332198,13500.0,6,0,0,0,0.0
99033,1,0.780439122,62,0,0.090096058,6037.0,4,0,0,0,0.0
99035,0,0.026599782000000002,61,0,0.109657249,8635.0,4,0,0,0,0.0
99037,0,0.005483811999999999,40,0,0.590191539,4750.0,7,0,2,0,2.0
99039,0,0.046063772999999995,66,1,0.40761392,5200.0,6,0,1,0,1.0
99040,0,0.10457164599999999,60,0,1334.0,,4,0,1,0,0.0
99041,0,0.09578428,49,0,0.25314937,5000.0,4,0,1,0,3.0
99043,0,0.047600659000000003,48,0,0.474609375,3583.0,13,0,1,0,1.0
99044,0,0.098193244,47,0,1953.5,1.0,9,0,2,0,3.0
99045,0,0.037995251,52,1,0.39660918700000003,6900.0,7,1,2,0,0.0
99046,0,0.5327761999999999,45,0,0.5643930070000001,4060.0,7,0,1,0,3.0
99047,0,0.022141276,34,0,0.0033320990000000003,2700.0,2,0,0,0,1.0
99048,0,1.022313822,52,1,2309.0,,13,0,0,0,3.0
99052,1,0.272048377,54,1,6635.0,,10,0,6,0,0.0
99053,0,0.0,61,4,1993.0,,9,0,2,0,
99054,0,0.175463003,30,0,0.113299,3300.0,4,0,0,0,1.0
99055,0,0.241805016,30,0,0.8644516320000001,3400.0,13,0,1,0,1.0
99056,0,0.9417058290000001,27,0,1.260956175,501.0,7,0,0,0,0.0
99057,0,0.036181472,71,0,0.568798258,5050.0,16,0,2,0,0.0
99058,0,0.837005575,29,0,0.243378311,2000.0,7,0,0,0,0.0
99059,0,0.155592762,47,0,0.047151621,11409.0,5,0,1,0,2.0
99062,0,0.471940139,77,0,0.348603035,7050.0,4,0,1,0,1.0
99063,0,0.006022481999999999,61,0,0.14540167199999998,2750.0,9,0,1,0,0.0
99064,0,0.421201868,51,1,0.64381068,6591.0,20,1,2,0,0.0
99065,0,0.43160498,28,0,0.190368015,2200.0,8,0,0,0,0.0
99066,0,0.501925316,37,0,0.52161042,3377.0,4,0,1,0,3.0
99068,0,0.252016373,65,0,0.596333226,3108.0,5,0,1,0,0.0
99070,0,0.011749706,54,0,0.171432219,7833.0,7,0,2,0,3.0
99071,0,0.087661653,75,0,2989.0,,12,0,2,0,1.0
99073,0,0.8795046679999999,43,1,0.6286224420000001,7280.0,12,0,2,0,0.0
99074,0,0.839811619,38,0,0.634219958,5300.0,11,0,1,0,1.0
99075,0,0.722680223,39,1,0.503433321,8300.0,9,0,2,0,0.0
99076,0,0.5047605789999999,45,1,0.763477823,11926.0,16,0,2,0,2.0
99077,0,0.316934979,57,0,0.331449893,9379.0,17,0,1,0,3.0
99080,0,0.015656005,60,0,0.150904091,12000.0,7,0,2,0,1.0
99081,0,0.121016585,46,0,2900.0,,5,0,1,0,0.0
99083,0,0.9999998999999999,65,0,160.0,,3,0,0,0,0.0
99084,0,0.001071352,76,0,11.0,,3,0,0,0,0.0
99085,0,0.020945756,42,0,0.926558807,5500.0,12,0,4,0,3.0
99086,0,0.053379877,70,0,0.215928024,3000.0,4,0,1,0,0.0
99087,0,0.129974005,55,0,0.258988624,12042.0,8,0,1,0,1.0
99093,0,0.9999998999999999,27,0,0.19325281100000002,2400.0,3,0,0,0,2.0
99094,0,0.07635257599999999,93,0,0.027941552999999997,3900.0,2,0,0,0,0.0
99095,0,7.69e-05,27,1,519.0,,3,0,0,0,
99097,0,0.019463353,75,0,0.014746313,4000.0,14,0,0,0,0.0
99098,0,0.003289163,51,0,0.160047188,17800.0,11,0,3,0,0.0
99101,0,0.124171276,69,0,0.062420835,45000.0,9,0,3,0,1.0
99102,0,0.49313998,45,0,0.408945357,9680.0,5,0,2,0,4.0
99103,0,0.0,26,0,0.0,2901.0,2,0,0,0,0.0
99104,0,0.007720507,64,0,0.606957217,2500.0,12,0,1,0,0.0
99106,0,0.318476797,62,0,0.18266589600000002,13833.0,8,0,2,0,0.0
99107,0,0.5234454789999999,33,0,538.0,,3,0,0,0,0.0
99109,0,0.002550968,50,0,0.24490068,7500.0,5,0,1,0,0.0
99110,0,0.33982640700000005,38,0,891.0,,8,0,0,0,1.0
99111,0,0.02335805,51,0,0.274742676,3788.0,6,0,1,0,0.0
99112,1,0.87445022,43,0,0.337666048,7000.0,6,0,1,0,0.0
99114,0,0.123700436,58,0,0.393978915,9200.0,13,0,2,0,2.0
99115,0,0.09850039699999999,56,0,0.270419162,8349.0,16,0,2,0,0.0
99116,1,1.00419916,29,0,0.225606854,2100.0,9,0,0,0,2.0
99118,0,0.179534305,48,0,0.476733321,5350.0,15,0,1,0,1.0
99119,0,0.242167418,45,1,0.6354378820000001,5400.0,16,0,2,0,4.0
99120,0,0.529022312,76,0,1.882915718,2194.0,14,0,2,0,0.0
99122,0,0.15530361199999998,42,0,0.5769328260000001,3944.0,11,0,1,0,0.0
99123,0,0.295461898,78,0,3522.0,,8,0,1,0,0.0
99124,0,0.205252983,54,0,1.043765327,5300.0,5,0,3,0,2.0
99125,0,0.018146837,58,0,2122.0,,6,0,2,0,0.0
99126,0,0.0,54,0,0.0,,1,0,0,0,0.0
99128,0,0.8634230490000001,65,0,4697.0,,17,0,0,0,2.0
99129,0,0.25932784,53,2,0.12363359,11800.0,8,0,1,0,3.0
99130,0,0.278096254,54,1,0.690704106,4700.0,9,0,2,0,3.0
99132,0,0.089852864,38,0,0.41998171,4373.0,7,0,1,0,2.0
99133,0,0.634635675,39,0,0.384238465,7346.0,6,0,1,0,2.0
99134,0,0.8502431890000001,57,0,0.946843854,4213.0,18,0,1,0,0.0
99135,0,0.002079713,39,0,3077.0,,11,0,1,0,1.0
99136,0,0.68701574,39,1,0.383915749,6266.0,9,0,1,0,2.0
99137,0,0.031473022,49,0,0.667732907,2500.0,10,0,2,0,0.0
99138,0,0.764027769,33,0,0.513497301,5000.0,12,0,1,0,2.0
99139,0,0.560433382,48,0,0.42255368,6100.0,12,0,1,0,3.0
99141,0,0.037424369,60,0,0.28899759999999997,10833.0,6,0,2,0,3.0
99143,0,0.11623576199999999,62,0,0.316522431,20105.0,12,0,3,0,1.0
99144,0,0.549206628,61,0,2107.0,,8,0,2,0,1.0
99145,0,0.0,55,2,0.319024008,7663.0,9,0,1,0,2.0
99146,0,0.18332111199999998,39,0,775.0,,4,0,0,0,0.0
99147,0,0.0014905379999999998,61,0,213.0,,3,0,0,0,0.0
99150,0,0.201420811,68,0,0.73722451,4128.0,17,0,2,0,0.0
99153,0,0.9999998999999999,31,0,0.131947221,2500.0,1,0,0,0,0.0
99154,0,0.76962879,55,0,1956.0,,7,0,1,0,
99157,0,0.00037557800000000006,39,0,0.35193879299999997,5750.0,9,0,1,0,0.0
99159,0,0.085344882,43,0,0.278465192,8000.0,9,0,1,0,1.0
99160,0,0.276335537,43,0,6591.0,0.0,14,0,2,0,1.0
99161,0,0.006901811,47,0,0.40793201100000004,6000.0,7,1,1,0,1.0
99165,0,0.9999998999999999,30,0,0.00784916,11720.0,0,2,0,0,0.0
99167,0,0.003531468,80,0,5.0,,5,0,0,0,0.0
99168,0,0.0,80,0,0.0,3495.0,5,0,0,0,0.0
99169,1,0.9999998999999999,57,1,0.339051999,5653.0,4,0,2,0,2.0
99170,0,0.0,76,0,1169.0,,3,0,0,0,0.0
99171,0,0.038838446,84,0,0.283658537,4099.0,5,0,1,0,0.0
99172,0,0.109527945,47,0,4670.0,,5,0,1,0,0.0
99174,1,0.094763092,43,1,342.0,,3,3,0,0,0.0
99175,0,0.0,66,0,0.0,3393.0,3,0,0,0,0.0
99176,0,0.040850636,75,0,0.251282051,2339.0,9,0,1,0,0.0
99178,0,0.050342584,79,0,56.0,0.0,4,0,0,0,1.0
99179,0,0.15155917900000002,51,0,2777.0,,10,0,2,0,0.0
99180,0,0.422791243,65,1,0.21392869,3000.0,9,0,0,0,0.0
99181,0,0.029666768,42,0,1.06311963,9077.0,10,0,1,0,2.0
99182,0,0.0,55,0,0.444598658,4322.0,9,0,1,0,0.0
99183,0,0.002386228,27,0,0.21049754,1828.0,5,0,0,0,0.0
99184,0,0.0,44,0,1703.0,,6,0,2,0,0.0
99185,0,0.9999998999999999,39,0,0.378846795,9000.0,8,0,1,0,0.0
99187,0,0.959840005,33,1,0.40815881299999995,4583.0,4,0,1,0,1.0
99188,0,0.025770502999999997,71,0,352.0,0.0,10,0,1,0,0.0
99189,0,0.237741034,58,1,0.369352048,5200.0,23,0,2,0,1.0
99190,0,0.289410777,72,0,0.43612334799999997,5674.0,13,0,2,0,0.0
99194,0,0.222177782,54,0,0.25130890100000003,7066.0,4,0,1,0,0.0
99195,0,0.529523683,54,0,1.155657668,1740.0,7,0,1,0,1.0
99197,1,0.6441452879999999,53,0,2163.0,,7,0,1,0,
99198,0,0.987130994,53,0,0.28761873,6000.0,4,0,2,0,2.0
99199,0,0.056328580999999996,64,0,0.01533163,9000.0,7,0,0,0,0.0
99200,0,0.9999998999999999,61,2,0.604113111,3500.0,6,0,1,1,0.0
99201,0,0.044795587000000005,54,0,7482.0,,15,0,4,1,0.0
99202,0,0.44101694399999997,67,0,0.426659804,3885.0,12,0,2,0,0.0
99203,0,0.118793212,43,0,0.36832708399999997,5600.0,9,0,1,0,0.0
99204,0,0.163548065,62,2,0.31118460600000003,3325.0,8,0,1,0,0.0
99206,0,0.046964869000000006,62,0,2403.0,,7,0,1,0,0.0
99207,0,0.032187856,61,0,0.268910363,3000.0,6,0,1,0,0.0
99208,0,0.48283447799999996,55,1,0.225253535,7000.0,3,0,1,0,1.0
99209,0,0.136817175,55,0,0.512337217,2917.0,9,0,1,0,0.0
99210,0,0.9999998999999999,91,0,0.0,2400.0,1,0,0,0,0.0
99211,0,0.32549042699999997,60,0,2224.0,,11,0,1,0,3.0
99212,0,0.12244089,36,0,0.4145539000000001,5166.0,11,0,1,0,0.0
99213,1,0.37374573299999997,42,1,0.525573524,5317.0,9,0,2,0,2.0
99214,0,0.39815046200000004,25,0,0.053063317,3900.0,3,0,0,0,0.0
99215,0,0.8510068999999999,37,1,0.17119650100000003,3200.0,5,3,0,0,0.0
99216,0,0.029996908,76,0,0.0036355370000000003,4400.0,7,0,0,0,0.0
99219,0,0.0,35,0,0.088303899,3000.0,2,1,0,0,0.0
99222,0,0.02459754,45,0,0.33411857100000003,7640.0,6,0,2,0,0.0
99223,0,0.099190081,41,0,0.4452,4999.0,7,0,2,0,0.0
99224,0,0.024094856,43,2,0.257659387,12500.0,6,0,2,0,0.0
99225,1,0.9999998999999999,35,0,0.115787026,4300.0,1,1,0,0,0.0
99226,0,0.02316847,64,0,0.043195675,17385.0,17,0,0,0,0.0
99228,0,0.9999998999999999,30,0,0.24375347,1800.0,2,0,0,0,0.0
99230,0,0.015136523,68,0,0.010118044,2371.0,4,0,0,0,0.0
99231,0,0.032014869,69,0,0.00719856,5000.0,5,0,0,0,0.0
99232,0,0.019668694,60,0,0.281565791,9400.0,16,0,2,0,1.0
99235,0,0.016177223,49,0,0.24407957100000002,9500.0,7,0,1,0,0.0
99236,0,0.744053283,61,0,0.019981835,1100.0,3,0,0,0,0.0
99238,0,0.9999998999999999,22,0,0.13648528099999999,1120.0,1,0,0,0,3.0
99239,0,0.9999998999999999,58,1,0.615442279,1333.0,2,0,1,0,0.0
99241,0,0.17104227100000002,48,0,0.291916595,3500.0,9,0,1,0,3.0
99242,0,0.6805727770000001,46,2,0.267624199,22000.0,7,0,3,0,3.0
99243,0,0.72249613,57,0,0.869164508,16600.0,16,0,3,0,2.0
99244,0,0.0,55,0,0.792536369,1580.0,7,0,1,0,0.0
99245,0,0.36535386,45,1,0.277836598,11333.0,18,0,3,0,2.0
99246,0,0.044857623,61,0,0.105444728,6666.0,23,0,0,0,1.0
99247,0,0.325678075,66,0,0.370337136,7800.0,14,0,2,0,0.0
99248,0,0.325002927,56,0,0.9435794890000001,7000.0,7,0,2,0,2.0
99249,0,0.922868162,47,0,0.409618321,13099.0,3,0,1,0,1.0
99252,0,0.011691858000000001,62,0,7704.0,,18,0,3,0,0.0
99257,0,0.086077902,53,0,0.519707011,8600.0,29,0,3,0,2.0
99258,0,0.03173327,41,1,0.18666903,5640.0,8,0,1,0,0.0
99261,0,0.9999998999999999,73,0,0.8125519529999999,2405.0,3,0,1,0,0.0
99262,0,0.0,53,1,0.205649529,12000.0,6,0,3,0,4.0
99263,0,0.060215520999999994,47,0,0.349043131,3500.0,5,0,1,0,3.0
99265,0,0.317153152,61,0,0.075654704,3092.0,3,0,0,0,0.0
99266,0,0.018174207,63,0,45.0,,4,0,0,0,0.0
99267,1,0.9444222309999999,24,1,70.0,,1,0,0,0,
99268,0,0.278491957,37,0,0.378357185,5100.0,5,0,1,0,2.0
99269,0,0.00149985,50,2,1.719101124,800.0,14,0,1,1,3.0
99270,0,0.125350795,34,0,0.926029588,2500.0,5,0,2,0,0.0
99271,0,0.355103548,38,0,0.40050543899999996,9100.0,7,0,2,0,0.0
99272,0,0.329071487,46,0,0.420642345,6413.0,10,0,1,0,3.0
99273,1,0.058389030999999994,70,0,0.174603175,14300.0,17,0,2,0,1.0
99274,0,0.024520068,80,2,0.12205754099999999,3440.0,8,0,1,0,0.0
99276,0,0.284465893,66,0,0.087152141,6000.0,6,0,0,0,0.0
99277,0,0.0,35,0,0.080047087,6795.0,6,0,0,0,0.0
99278,0,0.348781778,53,0,0.251004554,7465.0,9,0,1,0,0.0
99280,0,0.712609844,31,0,3487.0,,6,0,1,0,0.0
99281,0,0.006550706,67,0,0.38502555,4500.0,7,0,1,0,0.0
99283,0,0.0,39,0,0.440095994,5416.0,6,0,2,0,2.0
99284,0,0.46107784399999996,23,0,6.0,0.0,1,0,0,0,0.0
99286,0,0.038367389,48,0,1678.0,,3,0,1,0,0.0
99287,0,0.604470019,31,1,0.542161339,3284.0,9,0,1,0,2.0
99288,0,0.9999998999999999,30,0,0.8150924540000001,2000.0,3,0,1,0,1.0
99289,0,0.031545045,61,0,72.0,,4,0,0,1,0.0
99290,0,0.043214578,80,0,0.228461723,4166.0,7,0,2,0,0.0
99291,0,0.09298012800000001,62,0,0.01912261,8000.0,4,0,0,0,3.0
99292,0,0.44793466299999996,53,0,646.0,,8,0,1,0,0.0
99293,0,0.18347761899999998,70,0,1.259474053,10000.0,14,0,9,0,0.0
99294,0,0.360353364,49,0,0.140407922,6765.0,5,0,1,0,1.0
99295,0,0.10161191,61,0,2403.0,,17,0,2,0,0.0
99296,0,0.193353859,58,0,1095.0,,12,0,1,0,0.0
99297,0,0.181475391,48,0,0.42554941799999996,8508.0,7,0,2,0,3.0
99298,0,0.9999998999999999,71,0,1.063660477,1507.0,4,0,0,0,0.0
99299,0,0.0,72,0,69.0,,6,0,0,0,0.0
99301,0,0.00720612,67,0,11279.0,,10,0,4,0,0.0
99302,0,0.56512465,37,0,0.016636102,7633.0,2,0,0,0,0.0
99304,0,0.372592466,30,0,0.334031613,5250.0,15,0,2,0,1.0
99306,0,0.012466153999999998,58,0,0.468867109,6937.0,12,0,2,0,0.0
99307,0,0.039537447999999996,56,0,0.10286801300000001,6833.0,8,0,1,0,1.0
99309,0,0.0,75,0,0.0,1642.0,3,0,0,0,0.0
99310,0,0.046263582000000004,35,1,518.0,,8,0,0,0,0.0
99312,0,0.19469294,50,0,0.261819054,12500.0,12,0,2,0,3.0
99313,0,0.434386208,47,0,0.646810956,5220.0,14,0,2,0,0.0
99314,0,0.02018697,47,0,2.2287390030000003,3068.0,16,0,4,0,0.0
99315,0,0.015784099,52,0,0.169602895,10500.0,40,0,1,0,0.0
99316,0,0.054329586,60,0,0.037594987,7500.0,14,0,0,0,1.0
99317,0,0.09369088,74,0,0.47924166100000004,4166.0,7,0,1,0,0.0
99318,0,0.107611549,33,0,508.0,,7,0,0,0,2.0
99319,0,0.47939488799999996,43,0,0.033325928,4500.0,11,0,0,0,1.0
99320,0,0.19952019199999999,35,3,0.47208121799999997,2560.0,8,0,1,1,2.0
99321,0,0.025114599999999997,50,0,70.0,,7,0,0,0,0.0
99322,0,0.0,32,0,0.0,3360.0,3,0,0,0,1.0
99323,0,0.149435922,53,1,0.369165187,14074.0,20,0,2,0,1.0
99324,0,0.048255995,49,0,1.1067572970000001,2500.0,7,0,1,0,0.0
99326,0,0.07284582,42,0,0.34252766100000004,6416.0,21,0,2,0,2.0
99327,0,0.35632108,35,0,1.18330652,10566.0,23,0,4,0,1.0
99329,0,0.023018955,83,0,0.008370146,4300.0,8,0,0,0,0.0
99330,0,0.464533384,69,0,0.499638989,2769.0,12,0,1,0,0.0
99331,0,0.027437639,49,0,0.05911761,8000.0,10,1,0,0,0.0
99332,0,1.1177644709999999,22,0,331.0,0.0,2,0,0,0,0.0
99334,0,0.9999998999999999,32,0,1193.0,,4,1,0,0,0.0
99339,0,0.263930878,89,0,2166.0,,4,0,1,0,0.0
99340,0,0.096723755,71,0,0.163436033,4900.0,5,0,1,0,0.0
99341,0,0.253719584,43,0,0.3392,9999.0,7,0,2,0,1.0
99342,0,0.48027306799999997,45,0,0.04063267,11000.0,9,0,0,0,0.0
99343,0,0.007258341,61,0,0.107460754,6178.0,8,0,1,0,1.0
99344,0,0.021776987999999997,74,0,0.215539223,6666.0,7,0,1,0,0.0
99345,0,0.059721779,64,0,0.207207207,21200.0,12,0,1,0,0.0
99346,0,0.266715149,34,0,0.368373926,5583.0,12,0,1,0,0.0
99347,0,0.021283521,81,0,35.0,,8,0,0,0,0.0
99348,0,0.038741935,71,0,0.258866238,3580.0,6,0,1,0,0.0
99351,0,0.495601047,45,0,0.291193372,7482.0,6,0,1,0,2.0
99352,0,0.7146773329999999,49,0,0.41103683700000004,7030.0,8,0,0,0,3.0
99353,0,0.021992625,75,0,19.0,,3,0,0,0,0.0
99354,0,0.675681323,62,2,0.415011865,8006.0,18,0,1,0,0.0
99357,1,0.8602419840000001,52,0,1.13398086,7000.0,18,0,4,0,1.0
99359,0,0.428845066,46,0,0.165321261,18333.0,9,0,2,0,4.0
99360,0,0.282016452,41,0,0.162311451,4706.0,3,0,1,0,0.0
99362,0,0.9999998999999999,44,0,0.592105263,3875.0,3,0,1,0,0.0
99364,0,0.07286655,58,0,0.409624713,7833.0,4,0,1,0,2.0
99366,0,0.005231916,38,0,719.0,,9,0,0,0,0.0
99367,0,1.007934987,29,0,0.43952721299999997,3637.0,7,0,0,0,0.0
99368,0,0.031035947999999997,57,0,0.33463878,12000.0,20,0,2,0,0.0
99370,0,0.026069161,49,0,0.6663441379999999,6200.0,10,0,2,0,2.0
99373,0,0.073487327,63,0,0.216436495,8833.0,13,0,1,0,1.0
99374,0,0.010159187,64,2,2804.0,,11,0,1,0,0.0
99376,0,0.137462194,62,0,0.480285235,2383.0,7,0,1,0,0.0
99377,0,0.133801319,55,0,0.037520236,10500.0,10,0,0,0,0.0
99379,0,0.95560222,58,1,0.477831231,7690.0,6,0,1,0,0.0
99380,0,0.029174214,82,0,0.182159038,6400.0,15,0,1,0,0.0
99381,0,0.9999998999999999,66,0,0.0,,1,0,0,0,0.0
99385,0,0.15200333300000002,71,0,0.242718447,2059.0,6,0,0,0,0.0
99386,0,0.194494597,47,0,0.673875131,5733.0,20,0,5,0,2.0
99388,0,0.017158119,66,0,1990.0,,10,0,1,0,0.0
99394,0,0.554722639,47,0,1.106167846,988.0,11,0,1,0,0.0
99395,0,0.011252226,62,0,0.002428225,7000.0,4,0,0,0,0.0
99397,0,0.9999998999999999,41,0,0.773650208,4333.0,5,0,3,0,2.0
99398,1,1.023433078,46,6,0.18219523,6750.0,8,3,0,2,1.0
99399,0,0.009165422,69,0,981.0,,11,0,1,0,0.0
99403,0,0.039504409,87,0,43.0,,2,0,0,0,
99405,0,0.546290742,26,0,0.022825882000000002,5300.0,4,0,0,0,0.0
99406,0,0.025151672000000003,33,0,0.273379418,7666.0,7,0,2,0,0.0
99407,0,0.25908558,72,0,3724.0,,6,0,4,0,
99408,0,0.032831669,54,0,0.104206084,6870.0,15,0,0,0,1.0
99411,0,0.046144754,53,0,521.0,,13,0,0,0,0.0
99414,0,0.041988022,62,0,0.41306240899999996,3444.0,11,0,2,0,1.0
99415,0,0.358743772,43,0,0.479227719,5800.0,9,0,1,0,2.0
99416,0,0.253186946,56,0,0.7205376170000001,6100.0,11,0,2,0,0.0
99417,0,0.614877025,31,0,0.916225325,2076.0,7,0,0,0,2.0
99418,0,0.0,42,0,2.094151213,700.0,5,0,2,0,2.0
99419,0,0.00055669,47,0,387.0,,19,0,0,0,0.0
99420,0,0.9999998999999999,23,0,0.002224694,898.0,1,0,0,0,0.0
99422,0,0.074855206,62,0,0.686760888,10400.0,18,0,3,0,0.0
99423,0,0.027881093,70,0,0.421020093,3234.0,17,0,1,0,1.0
99425,0,0.9999998999999999,34,0,0.012679105,9700.0,0,0,0,0,2.0
99426,0,0.17930717,42,0,1.229752463,4160.0,16,0,2,0,2.0
99428,0,0.056292101,64,0,1301.0,,18,0,1,0,0.0
99432,0,1.029588165,29,0,0.07457233,6020.0,6,0,0,0,0.0
99433,0,0.015011975,31,0,0.081983603,5000.0,5,1,0,0,3.0
99437,0,0.022810683,32,0,0.279675097,5416.0,8,0,1,0,0.0
99438,0,0.771452934,66,0,1.0037281820000001,5900.0,14,0,2,0,0.0
99439,0,0.0054268630000000005,84,0,7.0,,4,0,0,0,0.0
99442,0,0.260772115,35,0,0.360303308,12000.0,12,0,2,0,5.0
99443,0,0.01525155,56,0,1681.0,,17,0,1,0,0.0
99444,0,0.651718253,68,0,1.0492167540000001,9000.0,9,0,2,0,1.0
99447,0,0.512032524,47,0,0.196886273,5266.0,13,0,0,0,0.0
99449,0,0.191063851,34,0,0.30542477,4884.0,3,0,0,0,0.0
99451,0,1.071646418,47,0,0.048222589,13333.0,6,0,0,0,2.0
99452,0,0.081946278,39,0,0.33444425899999997,6000.0,5,0,2,0,0.0
99454,0,0.014014918999999999,69,0,0.008891308,5510.0,9,0,0,0,1.0
99455,0,0.043426027,63,0,36.0,,5,0,0,0,0.0
99457,0,0.040805297000000004,57,0,0.251523901,3116.0,3,0,1,0,0.0
99458,0,0.462756994,43,2,0.14865525699999999,4089.0,8,0,0,0,4.0
99459,0,0.01631382,58,1,0.14397785,2166.0,10,0,0,0,0.0
99461,0,0.039031265,63,1,0.768538517,8333.0,20,0,5,0,0.0
99462,1,0.9970626840000001,47,5,0.227954409,5000.0,5,0,0,1,2.0
99466,0,0.705131478,43,2,543.0,,5,0,0,0,2.0
99469,0,0.8040979509999999,26,1,0.289919467,3600.0,3,0,0,1,0.0
99470,0,0.887056472,24,0,0.043978011,2000.0,3,0,0,0,0.0
99471,0,0.0,31,0,0.205441421,1800.0,6,0,0,0,0.0
99474,0,0.109051624,42,0,1.235082459,3334.0,14,0,2,0,2.0
99475,0,0.939411895,57,0,0.572927174,4956.0,5,0,2,0,1.0
99476,0,0.0,43,0,1186.0,,11,0,1,0,0.0
99477,0,0.139906729,22,0,0.014962594,400.0,2,0,0,0,0.0
99478,0,0.9999998999999999,52,1,0.214447978,2200.0,2,1,0,0,0.0
99480,0,0.9999998999999999,46,0,0.097167585,5083.0,10,0,0,0,1.0
99481,0,0.604085962,55,0,0.920215957,5000.0,21,0,1,0,2.0
99482,0,0.99222395,50,1,0.149300156,4500.0,4,1,0,0,1.0
99483,0,0.12521233699999998,73,0,0.17416291899999997,4001.0,14,0,0,0,1.0
99485,0,0.559583052,59,0,0.106689331,10000.0,5,0,0,0,0.0
99486,0,0.42474808700000005,33,0,1.232188621,1950.0,8,0,1,0,0.0
99487,0,0.268842037,61,0,0.518317069,6250.0,20,0,2,0,0.0
99489,0,0.025499755,62,0,574.0,,15,0,1,0,0.0
99490,0,0.524639337,57,3,0.376524695,5000.0,9,0,2,0,2.0
99491,0,0.41801185,34,0,0.48121292,4550.0,12,0,2,0,1.0
99492,0,0.055745986,38,1,0.41278499,9166.0,9,0,1,0,1.0
99494,0,0.259093264,56,0,0.543560058,3454.0,9,0,1,0,3.0
99495,0,0.031180401,54,0,20.0,,4,0,0,0,0.0
99496,0,0.065446728,72,0,1.7872860640000001,817.0,5,0,1,0,0.0
99498,0,0.012613583999999999,71,0,0.08967950599999999,3400.0,7,0,1,0,0.0
99499,0,0.895553802,39,0,4.710963455,300.0,11,0,0,0,0.0
99500,1,0.790978842,44,2,0.464841829,6100.0,9,0,3,0,2.0
99503,0,0.175154738,46,0,0.631796025,8000.0,17,0,2,0,2.0
99505,0,0.022616726,74,0,0.06718925,3571.0,10,0,0,0,0.0
99506,0,0.725572001,47,1,0.20301149100000002,7570.0,10,0,0,0,0.0
99507,0,0.401644877,32,0,1047.0,,8,0,0,0,2.0
99508,1,0.0,47,0,0.9158132529999999,6639.0,9,1,3,1,3.0
99510,0,0.16569990699999998,70,0,0.212428857,6500.0,5,0,1,0,1.0
99511,0,0.813124886,54,1,0.25872207,2550.0,4,0,0,2,0.0
99512,0,0.785230731,43,0,0.580270793,3618.0,8,0,0,0,2.0
99514,0,0.010704328999999999,73,0,0.002161928,9250.0,10,0,0,0,0.0
99515,0,0.092346643,53,0,0.23225544,9833.0,12,0,1,0,2.0
99516,0,0.077097601,43,0,0.069212914,4738.0,4,0,0,0,0.0
99517,0,0.06599550700000001,65,0,0.325483226,4500.0,7,0,1,0,1.0
99518,0,1.003378076,68,0,0.329165063,10395.0,10,0,0,0,1.0
99519,1,0.7764748659999999,44,0,0.287359023,4255.0,6,0,0,0,0.0
99520,0,0.01719785,62,0,0.416739236,10334.0,13,0,2,0,0.0
99521,0,0.9996710529999999,23,0,113.0,,2,0,0,0,
99522,0,0.837162837,25,0,0.033143705,4042.0,2,0,0,0,0.0
99523,0,0.035680196000000004,61,0,0.08974053800000001,4200.0,3,1,0,0,0.0
99524,0,0.019736323,52,0,0.150284572,6500.0,9,0,1,0,0.0
99526,0,0.085054331,56,3,7708.0,,20,0,10,0,0.0
99527,0,0.027292564,59,0,0.545818139,8500.0,11,0,4,0,0.0
99528,0,0.45073873200000003,63,0,0.55499203,6900.0,11,0,1,0,4.0
99530,0,0.9999998999999999,48,0,0.0,,1,0,0,0,
99531,0,0.0,53,0,0.315534527,8876.0,15,0,1,0,1.0
99533,0,0.344627719,29,0,1822.0,,13,0,1,0,0.0
99535,1,1.010663112,36,5,0.314035818,2400.0,5,2,0,1,2.0
99536,0,0.9562041579999999,70,0,1.095580022,6266.0,18,0,2,0,0.0
99537,0,0.022024945,67,0,0.1225,6399.0,14,0,1,0,0.0
99539,0,0.699300033,37,0,0.71296128,5500.0,7,0,2,0,0.0
99541,0,0.0,73,0,0.0004995,2001.0,5,0,0,0,0.0
99543,0,0.086017921,39,0,2489.0,,9,0,2,0,0.0
99544,0,1.8403514090000002,41,0,0.059708738,4119.0,5,0,0,0,3.0
99547,0,0.0,55,0,0.281367521,2924.0,8,0,0,0,2.0
99550,0,0.003767027,61,0,0.44062423799999995,4100.0,20,0,2,0,0.0
99551,0,0.963822257,62,1,2808.0,,11,0,1,0,0.0
99552,0,0.9999998999999999,21,0,0.0,,2,0,0,0,
99553,0,0.028820138999999998,26,1,0.049827897,6100.0,5,0,0,0,1.0
99557,0,0.017924996999999998,71,2,0.430185052,4160.0,20,0,1,0,0.0
99558,0,0.003626688,49,0,4124.0,,12,0,3,0,1.0
99559,0,0.5777658729999999,33,0,0.630360431,3800.0,9,0,1,0,0.0
99560,0,0.7502205820000001,45,1,0.309785158,10658.0,8,0,1,0,2.0
99561,1,0.49530094,54,0,0.13698043099999999,7000.0,9,0,0,0,0.0
99562,0,0.296681327,46,0,0.7672457840000001,3913.0,6,0,2,0,0.0
99568,0,0.015789301000000002,68,0,0.135811257,19666.0,10,0,2,0,1.0
99569,0,0.039377489,68,0,1837.0,,5,0,1,0,
99570,0,0.0,45,0,6636.0,,7,0,4,0,0.0
99571,0,0.003155415,77,0,2.0,,4,0,0,0,0.0
99573,0,0.085420436,72,0,0.285164835,7279.0,15,0,1,0,0.0
99574,0,1.012576588,49,1,0.411176738,2200.0,5,0,0,0,3.0
99575,1,1.084113633,34,0,0.14683395400000002,5100.0,3,2,0,2,4.0
99576,0,0.49150027399999996,48,0,4359.0,,7,0,2,0,2.0
99577,0,0.333077842,57,0,0.137245274,4072.0,2,0,0,0,1.0
99578,0,0.9999998999999999,64,0,0.216785548,15000.0,7,0,1,0,0.0
99579,0,0.066990139,59,0,1551.0,,17,0,1,0,0.0
99580,0,0.22178521399999998,67,0,701.0,,6,0,1,0,0.0
99581,0,0.18465435600000002,40,0,0.167482517,2859.0,2,0,0,0,5.0
99582,0,0.89309337,51,0,2905.0,,12,0,1,0,0.0
99583,0,0.020653056,65,0,37.0,,14,0,0,0,0.0
99586,0,0.0,34,1,0.409421087,4542.0,11,0,1,0,0.0
99587,0,0.0,48,0,1.6337332390000001,2833.0,5,0,1,0,2.0
99588,0,0.010203515,67,0,0.180922028,13491.0,14,0,2,0,2.0
99589,0,0.651573359,64,0,0.5779153770000001,5813.0,10,0,1,0,0.0
99591,0,0.035901563,37,0,0.602535967,4100.0,6,0,2,0,0.0
99593,0,0.032520325,44,0,0.444302504,3913.0,3,0,2,0,0.0
99594,0,0.017841166000000002,52,0,0.167345931,8096.0,5,0,1,0,2.0
99596,0,0.0,49,0,0.158897321,6456.0,4,0,1,0,3.0
99597,0,0.34353535,49,0,2366.0,,13,0,2,0,1.0
99599,0,0.036035708,55,0,1219.0,,8,0,1,0,2.0
99603,0,0.16866216899999997,68,0,0.203712518,2100.0,7,0,0,0,0.0
99604,0,0.039944866,52,0,1275.0,,3,0,1,0,0.0
99605,1,0.9999998999999999,43,0,0.7125993740000001,4150.0,3,0,2,0,0.0
99606,0,0.458739547,31,0,0.36290105100000003,7417.0,10,0,0,0,0.0
99607,0,0.9999998999999999,40,0,0.233063911,12000.0,5,0,1,0,2.0
99608,0,0.24748829600000002,73,0,0.283886445,2500.0,20,0,1,0,0.0
99609,0,0.039408176,53,0,15.0,,3,0,0,0,0.0
99612,1,0.529132499,46,3,0.278266051,13425.0,15,0,1,1,1.0
99613,0,0.829817018,41,4,0.960696517,2009.0,9,0,1,1,0.0
99616,0,0.003587512,43,0,1.0,,3,0,0,0,0.0
99617,1,1.106312292,32,2,0.763309173,4000.0,6,0,1,0,1.0
99620,0,0.447085654,33,0,0.12252964400000001,6830.0,8,0,0,0,1.0
99621,1,1.892215569,64,1,2398.0,,3,2,1,1,0.0
99622,0,0.035149121,51,0,0.23616018800000002,13583.0,6,0,2,0,4.0
99623,1,0.5621251070000001,22,3,0.426758939,2600.0,7,2,0,0,2.0
99624,1,0.680640954,29,0,0.387799564,1835.0,5,0,0,0,1.0
99627,0,0.500868149,44,0,0.582046439,9000.0,15,0,2,0,2.0
99628,0,0.02568476,56,2,22.0,,4,0,0,0,0.0
99629,0,0.004749703,72,2,0.092461474,2400.0,7,0,0,0,0.0
99630,1,1.093249559,60,2,0.258289703,1718.0,8,0,0,1,1.0
99631,0,0.660130719,30,0,0.06299100099999999,7000.0,5,0,0,0,3.0
99632,0,0.0054632809999999995,77,0,0.00456621,1094.0,3,0,0,0,0.0
99634,0,0.031047279,50,0,0.03886959,10650.0,4,0,0,0,1.0
99636,0,0.012022563,43,0,0.707376385,3700.0,11,0,1,0,2.0
99637,1,0.228121705,39,0,0.572453372,2090.0,6,0,1,0,1.0
99639,0,0.245754069,55,0,0.584966014,2500.0,7,0,2,0,0.0
99640,0,0.040021333,73,0,587.0,,4,0,0,0,0.0
99641,0,0.015174928999999998,79,0,0.09372083699999999,7500.0,14,0,1,0,0.0
99643,0,0.179706513,67,0,3191.0,,12,0,0,0,0.0
99646,0,0.532013371,72,0,0.20590657699999998,16997.0,7,0,1,0,0.0
99647,0,0.041143293,46,0,0.50391513,3958.0,5,0,1,0,2.0
99648,0,0.017257508,62,0,0.192621905,7833.0,7,0,1,0,0.0
99649,0,0.048090658,61,1,0.19597200399999998,7000.0,7,0,1,0,8.0
99650,0,0.064874947,69,0,86.0,,4,0,0,0,0.0
99651,0,8831.0,79,0,0.017999591000000002,14666.0,4,0,0,0,0.0
99653,0,1.01065956,24,0,0.160835049,3400.0,7,0,0,0,0.0
99655,1,0.242724573,57,3,1484.0,,13,0,2,0,
99656,0,0.048720685,46,1,3165.0,,8,0,2,0,2.0
99657,0,0.721163942,41,0,0.7323549970000001,1430.0,2,0,0,0,3.0
99658,0,0.122438965,52,2,988.0,,5,1,1,3,1.0
99659,0,0.60262975,51,0,0.403099,13100.0,16,0,2,0,0.0
99660,0,0.037811251000000004,60,0,0.193435897,9749.0,15,0,1,0,0.0
99661,1,0.497819894,62,1,0.40617901,2200.0,2,1,0,0,0.0
99662,0,0.0,58,0,0.0,,2,0,0,0,1.0
99664,0,0.46745935,42,1,0.274454258,6000.0,5,0,1,0,0.0
99665,0,0.013414971999999999,85,0,0.00239952,5000.0,4,0,0,0,0.0
99666,0,0.39528534299999996,52,0,2791.0,,13,0,1,0,3.0
99667,0,0.22256205199999998,45,0,0.126291236,3000.0,2,0,0,0,3.0
99668,0,0.09989606300000001,69,0,0.27343643100000004,7306.0,15,0,2,0,0.0
99669,0,0.39730496200000004,64,0,0.312403101,9029.0,10,0,2,0,0.0
99670,0,0.9999998999999999,50,0,1893.0,,5,0,2,0,2.0
99674,0,0.9999998999999999,44,0,0.0,,1,0,0,0,
99675,0,0.006153609,56,0,0.38380095299999994,5666.0,10,0,2,0,0.0
99676,0,0.112188781,44,0,0.008459369,3900.0,3,0,0,0,0.0
99677,0,0.509920267,70,0,0.258089976,3800.0,4,0,0,0,0.0
99679,0,0.0,73,0,1.008739076,1601.0,4,0,0,0,0.0
99681,0,0.580164737,66,0,0.35556262899999996,6282.0,15,1,1,1,1.0
99683,0,0.185198688,49,0,0.017914483999999998,5916.0,2,0,0,0,0.0
99686,0,0.000215049,70,0,0.302997275,1834.0,9,0,1,0,0.0
99687,0,0.370525895,39,0,0.16793282699999998,2500.0,3,0,0,0,0.0
99689,0,0.031037673999999998,44,0,0.371578553,8000.0,8,0,1,0,3.0
99690,0,0.711948783,67,0,0.264111669,16333.0,9,0,5,0,1.0
99691,0,0.006159548000000001,58,0,0.373968836,12000.0,14,0,2,0,2.0
99693,0,0.003141992,59,0,0.144137125,7700.0,10,0,0,0,0.0
99694,0,0.033207758,37,0,0.24931462699999998,6200.0,6,0,1,0,0.0
99696,0,0.945591436,69,0,0.329223592,3000.0,6,0,1,0,0.0
99697,0,0.048324332000000005,50,0,0.230688036,36000.0,12,0,2,0,3.0
99700,0,0.309169083,59,0,0.50769846,5000.0,5,0,1,0,0.0
99701,0,0.0,31,0,0.0,1750.0,2,0,0,0,0.0
99702,0,0.025427533999999998,65,1,0.178764247,5000.0,6,0,1,0,0.0
99704,0,0.15643373,48,0,0.374340461,3600.0,15,0,2,0,0.0
99705,0,0.0,49,0,0.0,18750.0,3,0,0,0,3.0
99708,0,0.590271846,27,1,0.6550862279999999,4000.0,7,0,1,0,0.0
99711,0,0.0,44,0,1889.0,0.0,3,0,1,0,3.0
99712,0,0.0,46,1,0.022795441,5000.0,7,1,0,0,2.0
99713,0,0.7290541890000001,62,0,0.039988892000000005,3600.0,4,0,0,0,0.0
99714,0,0.003548737,63,0,0.147049851,49166.0,19,0,2,0,0.0
99715,0,0.035407441,66,0,51.0,,3,0,0,0,1.0
99716,0,0.345564329,65,0,1021.0,,5,0,1,0,0.0
99718,1,0.9999998999999999,27,0,0.0,0.0,0,0,0,0,0.0
99719,0,0.491019073,39,1,0.244705027,11000.0,10,0,1,0,0.0
99720,0,0.855424857,52,0,0.532419309,3500.0,12,0,0,1,0.0
99722,0,0.708891858,54,1,0.309278351,3200.0,5,0,0,1,0.0
99723,0,0.0,47,0,0.22724961899999999,5900.0,7,0,1,0,2.0
99724,0,0.376156345,61,4,0.572583253,3092.0,23,0,0,0,0.0
99725,0,0.0,44,0,0.505399568,4166.0,6,0,2,0,1.0
99727,1,0.563301449,35,0,0.995856602,5550.0,22,0,2,0,2.0
99730,0,0.8590234959999999,62,0,0.085508051,1800.0,4,0,0,0,0.0
99731,0,0.24208550399999998,55,0,0.7757783490000001,3500.0,18,0,2,0,1.0
99732,0,0.337239209,64,2,0.487681971,12501.0,9,0,2,1,1.0
99734,0,0.13855905699999999,61,0,0.342267603,4700.0,9,0,1,0,0.0
99736,0,0.034098295,52,1,0.792003076,2600.0,7,0,1,0,0.0
99737,0,0.072116563,50,0,0.423995753,5650.0,25,0,1,0,2.0
99738,0,0.663433531,40,0,0.6706077579999999,4820.0,13,0,1,0,2.0
99744,0,0.244088931,46,0,0.030984507999999997,2000.0,1,0,0,1,0.0
99747,1,0.9999998999999999,43,1,0.240474703,1600.0,3,4,0,0,0.0
99748,0,0.539518481,62,0,1.242348532,1600.0,10,0,1,0,0.0
99749,0,0.407708739,58,0,0.585458492,5528.0,23,0,2,0,1.0
99750,0,0.078394774,78,0,0.025809479,6392.0,9,0,1,0,0.0
99754,0,0.139091419,51,0,89.0,,3,0,0,0,0.0
99756,0,0.02138596,42,0,0.293254042,5380.0,11,0,1,0,1.0
99758,0,0.168838252,37,0,0.723138431,2000.0,4,0,1,0,2.0
99759,0,0.013857986999999999,75,0,0.163870681,9000.0,9,0,1,0,0.0
99760,0,0.711288521,52,1,2.5887288809999998,8818.0,17,0,1,0,3.0
99761,0,0.028575787000000002,75,0,0.153430995,2593.0,9,0,1,0,0.0
99762,0,0.249960319,61,0,0.257861635,2225.0,4,0,0,0,0.0
99764,0,0.42501423200000005,41,0,0.46139743299999997,4908.0,6,0,2,0,4.0
99766,0,0.040328417000000005,72,0,0.09478104400000001,10001.0,5,0,1,0,0.0
99767,0,0.818259087,74,0,0.5759062189999999,12027.0,15,0,5,0,0.0
99768,0,0.11803674800000001,49,1,0.11476001400000001,2770.0,5,0,0,0,1.0
99769,1,0.7699018540000001,36,0,0.046931408,3600.0,3,1,0,1,1.0
99770,0,0.908993407,46,2,0.422841906,9000.0,9,0,3,0,2.0
99772,0,0.0,45,0,0.188721289,5833.0,6,0,1,0,3.0
99773,0,0.879622114,64,0,0.9695705090000001,5750.0,9,0,2,0,1.0
99774,0,0.0,61,0,0.756358335,6172.0,5,0,1,0,2.0
99775,0,0.0067797759999999995,64,0,0.048366469,8600.0,11,0,0,0,1.0
99776,0,0.475672809,55,0,0.258890263,13750.0,12,0,2,0,0.0
99777,0,0.046248385999999995,63,0,0.411877228,11500.0,16,0,2,0,0.0
99779,0,0.003796588,46,2,0.309448425,6000.0,7,0,1,0,2.0
99780,0,0.022047268999999998,64,0,0.17983613399999998,7200.0,6,0,1,0,1.0
99781,0,0.991813662,55,6,0.65224359,7487.0,18,0,3,1,0.0
99783,0,0.10148102,53,0,0.358586981,4500.0,8,0,1,0,0.0
99786,0,0.199047282,27,0,0.366804742,7000.0,11,0,1,0,0.0
99789,0,0.815744417,39,0,0.7260656879999999,1430.0,11,0,0,0,2.0
99791,0,0.07446346,56,2,0.7109144540000001,3050.0,10,0,2,0,0.0
99792,0,0.037201186000000004,47,0,2406.0,,5,0,1,0,0.0
99793,0,0.0061267809999999995,40,0,0.246438483,5404.0,10,0,2,0,3.0
99794,0,0.0,36,0,0.154246664,3072.0,3,1,0,0,2.0
99795,0,0.273514223,45,0,0.38255653,4333.0,10,0,1,0,0.0
99796,0,0.8360145170000001,41,1,0.148932995,6700.0,11,0,0,0,0.0
99798,0,0.10088283199999999,62,0,0.7968219959999999,5600.0,5,0,2,0,0.0
99799,0,0.765220496,48,0,524.0,,2,0,0,0,
99800,0,0.099554235,46,0,0.18896220800000002,3333.0,4,0,0,0,4.0
99801,0,0.0,86,0,0.0,5000.0,4,0,0,0,0.0
99802,0,0.176451415,53,0,0.39476607799999996,8100.0,10,0,2,0,1.0
99804,0,0.662161271,51,0,0.772756342,4690.0,9,0,2,0,1.0
99807,0,0.056539522,33,2,0.47232947200000003,10100.0,7,0,1,0,2.0
99808,0,0.083700259,34,0,0.34468036,8665.0,4,0,2,0,0.0
99810,0,0.671884698,71,0,0.311337732,5000.0,12,0,2,0,0.0
99811,0,0.368258704,71,1,552.0,,8,0,0,0,0.0
99812,0,0.138789614,53,0,0.37115496200000003,3445.0,12,0,2,0,0.0
99813,0,0.343968792,30,1,1121.0,,10,0,0,0,1.0
99814,0,0.13485393199999998,39,0,0.152930675,3360.0,4,0,0,0,2.0
99816,0,0.019827365,32,0,0.558307152,5410.0,9,0,1,0,1.0
99817,0,0.008077735,78,0,0.0017141220000000002,10500.0,12,0,0,0,0.0
99818,0,0.022334361,32,0,0.410066617,1350.0,9,0,0,0,0.0
99819,0,0.003846006,59,0,0.185109489,6849.0,3,0,1,0,0.0
99821,0,0.11545329300000001,55,0,0.37816937100000003,7887.0,3,0,1,0,0.0
99822,0,0.11419927199999999,55,1,0.6859405940000001,2524.0,11,0,4,0,2.0
99823,0,0.64658621,33,1,0.122440538,4834.0,4,0,0,0,0.0
99824,0,0.032615805,55,0,0.380218645,11616.0,12,0,4,0,0.0
99825,0,0.049067402999999996,67,0,0.732110752,2780.0,13,0,2,0,0.0
99826,0,0.5822464470000001,44,2,0.219895288,4583.0,8,0,0,0,0.0
99827,0,0.9999998999999999,45,0,0.47409875799999995,3300.0,5,0,0,0,0.0
99828,1,1.02334292,59,5,1375.0,,9,6,0,2,0.0
99829,0,1.141571686,35,0,0.149306675,3100.0,3,0,0,0,0.0
99830,0,0.199301598,50,0,0.395319276,13373.0,18,0,2,0,1.0
99831,0,0.078687912,32,0,560.0,,7,0,0,0,0.0
99833,0,0.38323353299999996,51,0,0.000333311,15000.0,2,0,0,0,1.0
99835,0,0.9999998999999999,25,1,244.0,,8,0,0,0,
99836,0,0.950687975,42,0,0.083783243,5000.0,7,0,0,0,1.0
99837,0,0.455142879,51,0,1631.0,,10,0,1,0,2.0
99838,0,0.000283817,71,0,0.00075815,1318.0,8,0,0,0,0.0
99839,0,0.262172285,23,0,0.294840295,1220.0,3,0,0,0,0.0
99840,0,0.0,56,0,0.738840773,1500.0,3,0,1,0,1.0
99842,0,0.013129141,60,0,0.005279578,4166.0,6,0,0,0,0.0
99844,0,0.048188694000000004,73,0,0.010498688,8000.0,5,0,0,0,0.0
99845,0,0.7838754529999999,56,1,1.030062394,3525.0,8,0,1,0,0.0
99846,0,0.9999998999999999,34,0,0.098607242,3589.0,1,0,0,0,0.0
99847,0,0.020136839,42,0,0.225088058,8800.0,7,0,1,0,0.0
99848,0,0.07777276799999999,46,5,1254.0,,9,0,0,0,0.0
99849,0,0.461871362,43,0,0.302678928,2500.0,3,1,0,0,1.0
99851,0,0.37570799200000005,53,0,0.636201516,2242.0,7,0,2,0,0.0
99852,0,0.025988731,71,0,78.0,,11,0,0,0,0.0
99853,0,0.10497657,54,0,0.02791183,7666.0,8,0,0,0,0.0
99854,0,0.065928649,76,1,0.43485617600000004,6500.0,7,0,1,0,1.0
99855,0,0.133373148,36,0,0.634968612,4300.0,14,0,4,0,3.0
99856,0,0.17071936899999998,42,2,0.68890598,5200.0,18,0,2,0,4.0
99857,0,0.12472195400000001,45,0,8893.0,,14,0,7,0,2.0
99858,0,0.056840903,32,0,0.34845815,4539.0,5,0,1,0,2.0
99859,0,0.033525922,43,0,1.835680751,6602.0,18,0,8,0,2.0
99860,0,0.14567708599999998,55,0,0.424715057,5000.0,8,0,1,0,0.0
99861,0,0.400966644,31,0,0.34389248899999997,8333.0,7,0,2,0,1.0
99862,0,0.144675995,60,0,1197.0,,8,0,1,0,0.0
99864,0,0.202503145,40,0,0.448827486,5500.0,6,0,2,0,1.0
99866,0,0.050310753,41,0,0.07439628,6666.0,4,0,1,0,2.0
99867,0,0.12160603,31,0,0.044337138,6833.0,3,0,0,0,1.0
99868,0,0.045380875,61,0,2676.0,,7,0,2,0,0.0
99869,1,1.4500907440000002,45,3,0.065263158,1424.0,3,1,0,0,0.0
99870,0,0.509275291,34,0,0.459770115,2000.0,8,0,0,0,2.0
99872,0,0.001622395,60,1,0.30488981800000003,12433.0,10,0,2,0,2.0
99875,0,0.5294630889999999,55,0,2117.0,,31,0,1,0,0.0
99876,0,0.9999998999999999,50,0,0.170851041,28000.0,4,0,1,0,1.0
99877,0,0.005945625,29,0,0.03508453,5500.0,5,0,0,0,0.0
99878,0,0.063474239,66,0,0.159293248,7300.0,9,0,2,0,1.0
99880,0,0.9999998999999999,28,0,336.0,,2,0,0,0,0.0
99881,0,0.155729227,35,0,1160.0,,4,0,2,0,0.0
99883,0,0.382202225,32,0,0.436791824,4500.0,11,0,1,0,1.0
99884,0,0.266184138,43,0,1.445452009,7167.0,10,0,5,0,1.0
99887,0,0.034860304,45,0,0.5889646620000001,1612.0,9,0,2,0,0.0
99889,0,1.00266489,25,0,0.037468776,1200.0,1,0,0,0,0.0
99892,0,0.5614570010000001,49,0,891.0,,4,0,0,0,0.0
99894,0,135.0,67,1,1761.0,,8,0,1,0,1.0
99895,0,0.003265195,65,0,0.30461589699999997,6000.0,6,0,2,0,0.0
99896,0,0.000679598,74,0,0.38098747200000005,5427.0,13,0,2,0,0.0
99897,0,0.438361414,54,1,0.339449541,7847.0,13,0,2,0,3.0
99898,0,0.273003587,41,0,0.444740701,7500.0,8,0,2,0,0.0
99900,0,0.020955475,72,0,0.286442711,3333.0,10,0,1,0,0.0
99901,0,0.144771046,32,0,0.278487088,10416.0,4,0,1,0,0.0
99902,0,0.0,68,0,0.008886914000000001,4500.0,1,0,0,0,2.0
99903,0,0.18142338800000002,60,0,0.032192131,5870.0,2,0,0,0,0.0
99904,0,0.14700564900000002,57,0,0.292734025,10500.0,10,0,1,0,0.0
99905,0,0.023056536000000002,64,0,0.1659857,3915.0,6,0,1,0,0.0
99906,0,0.12826653300000002,76,0,0.235630132,5601.0,11,0,3,0,0.0
99907,0,0.36310444,55,0,0.211473566,8000.0,13,0,1,0,0.0
99909,0,0.00155159,50,0,779.0,,5,0,2,0,0.0
99910,0,0.070219621,69,0,261.0,,9,0,0,0,0.0
99911,0,0.48293089100000003,29,0,0.003280033,4877.0,4,0,0,0,3.0
99912,0,0.0,75,0,0.0,3900.0,6,0,0,0,0.0
99914,0,0.652762266,40,0,0.12865697199999998,5844.0,5,0,0,0,0.0
99915,0,0.9657830890000001,73,0,0.36314402799999995,6831.0,14,0,0,0,0.0
99916,0,0.9999998999999999,61,1,0.24526696399999998,4700.0,4,1,1,0,1.0
99918,0,0.084384758,49,0,0.206813143,4960.0,12,0,1,0,1.0
99919,0,0.303761767,53,0,0.232332027,6890.0,13,0,1,0,1.0
99920,0,0.010116027,55,0,0.47145488,3800.0,17,0,1,0,1.0
99922,0,0.113411821,76,0,0.48555895299999996,2942.0,13,0,1,0,0.0
99923,0,0.055746276,40,0,0.086533032,7083.0,6,0,1,0,0.0
99924,0,0.782298154,48,0,0.256842895,8000.0,7,0,1,0,4.0
99925,0,0.04214579,60,0,0.306849645,16613.0,12,0,1,0,1.0
99926,0,0.048565857000000004,51,0,0.181122157,8750.0,5,0,1,0,0.0
99927,0,0.19536686,44,0,0.11564739199999999,6000.0,5,0,0,0,1.0
99930,0,0.028918867,42,0,0.38223111,7000.0,5,0,1,0,0.0
99931,0,0.155418326,65,0,0.409491194,4087.0,11,0,1,0,0.0
99932,0,0.023886712,80,0,0.011998908999999999,3666.0,4,0,0,0,0.0
99933,0,0.04251048599999999,62,0,0.258093324,8957.0,13,0,1,0,0.0
99934,0,0.9669120990000001,44,0,0.404201805,6758.0,4,0,1,0,0.0
99935,0,0.137628746,39,0,0.266752815,5416.0,9,0,0,0,1.0
99936,0,0.930594114,53,3,0.369920598,2140.0,10,0,1,0,1.0
99942,0,0.0,58,0,0.24794574100000003,7666.0,7,0,3,0,1.0
99943,0,0.599431339,50,0,0.507309696,5950.0,8,0,3,0,0.0
99945,1,0.194722111,65,1,0.038441825,3901.0,9,0,0,0,0.0
99946,0,0.8387200770000001,49,1,2706.0,,13,0,2,0,0.0
99947,0,0.932192916,44,2,0.5305380510000001,12377.0,16,0,6,0,3.0
99948,0,0.08089481400000001,33,0,0.138413686,4500.0,7,0,0,0,2.0
99950,0,0.9999998999999999,80,0,0.0,,4,0,0,0,
99951,1,0.334778337,44,2,0.553089382,5000.0,10,0,1,0,3.0
99952,0,0.043858003,58,0,0.382281972,2900.0,8,0,1,0,0.0
99954,0,0.9747687690000001,62,0,0.8748572729999999,4378.0,10,0,2,0,0.0
99955,1,0.9999998999999999,29,0,420.0,,1,1,0,0,0.0
99956,0,0.0,41,0,0.203777178,6300.0,3,0,1,0,0.0
99957,0,0.002460828,65,0,0.252077172,7100.0,19,0,1,0,0.0
99958,0,0.010990598999999998,68,0,0.003349833,20000.0,25,0,0,0,0.0
99959,0,0.018184056,37,0,0.439056094,10000.0,6,0,1,0,1.0
99960,0,0.021874512000000002,39,0,0.18699460899999998,11871.0,9,0,2,0,2.0
99961,0,0.0,51,0,0.347563701,4473.0,11,0,1,0,0.0
99962,0,0.9999998999999999,36,0,468.0,,1,0,0,1,0.0
99963,0,0.08394289,46,0,3178.0,,5,0,1,0,0.0
99965,0,0.31912435,77,0,0.201013096,8093.0,8,0,2,0,0.0
99966,0,0.089507288,26,0,22.0,0.0,2,0,0,0,1.0
99967,0,0.8772150129999999,54,5,2020.0,,12,0,1,0,1.0
99968,1,1.02716214,47,3,0.38410265,6000.0,7,4,2,0,1.0
99970,0,0.008456873,81,0,0.30563124399999997,6605.0,15,0,2,0,0.0
99972,0,0.044923877,65,0,1.054518072,3319.0,8,0,2,0,0.0
99973,0,0.9999998999999999,25,0,0.127603181,2640.0,1,1,0,1,0.0
99974,0,0.049737878,54,0,0.346690545,13400.0,10,0,1,0,3.0
99975,0,0.34708449,28,0,0.39017341,1037.0,4,0,0,0,0.0
99976,0,0.004008057,64,0,0.22216666699999998,5999.0,19,0,1,0,0.0
99977,0,0.335270136,68,0,0.614823044,6300.0,11,0,3,0,1.0
99978,0,0.424557951,52,0,0.169929196,2400.0,9,0,0,0,0.0
99981,0,0.09238272300000001,49,0,1302.0,,8,0,0,0,0.0
99982,0,0.229683785,64,0,0.5098300570000001,3000.0,13,0,1,0,0.0
99984,0,1.115554921,44,2,0.42133037100000004,7200.0,5,1,1,1,1.0
99986,0,0.0,64,0,200.0,,3,0,1,0,
99987,0,0.823424205,49,0,0.30645310600000003,10800.0,12,0,1,0,1.0
99989,0,0.121939025,58,4,0.018293042,17000.0,8,0,0,0,0.0
99990,0,0.137112455,40,0,0.528597712,12500.0,8,0,3,0,3.0
99991,0,0.185304078,63,0,0.311879568,9166.0,12,0,1,0,1.0
99993,0,0.050144789,58,0,0.28775918300000003,9500.0,13,0,2,0,1.0
99994,0,0.682877735,55,0,0.090654481,13567.0,6,0,0,0,0.0
99995,0,0.5584443920000001,40,0,3034.0,,8,0,2,0,0.0
99997,0,0.070070972,42,0,0.310569587,13500.0,7,0,2,0,5.0
99999,0,0.0,43,0,0.36120705299999994,5500.0,9,0,1,0,0.0
100000,0,0.9278414709999999,47,0,0.516915491,7300.0,10,0,2,0,2.0
100001,0,0.043495228,79,0,0.269365317,4001.0,7,0,1,0,0.0
100003,0,0.148141976,67,0,0.213649852,7750.0,5,0,1,0,0.0
100005,0,0.0,75,0,0.144868935,7171.0,7,0,1,0,0.0
100007,0,0.12701559,62,0,0.7464676090000001,3750.0,20,0,2,0,0.0
100009,0,0.230381322,47,0,2737.0,,9,0,3,0,0.0
100010,0,0.11617261,59,0,0.364211929,3000.0,8,0,1,0,0.0
100012,0,0.7087397059999999,43,0,0.293959575,8558.0,11,0,2,0,2.0
100015,0,0.030788426,57,0,0.077574645,14166.0,5,0,1,0,1.0
100016,0,0.600277568,56,1,0.590402742,3500.0,6,0,0,0,1.0
100017,0,0.0,39,1,1.736870168,3750.0,10,0,6,0,0.0
100018,0,0.200067795,63,0,0.129348359,2040.0,7,0,0,0,1.0
100019,0,0.0,72,0,0.276490578,3236.0,4,0,0,0,0.0
100020,0,0.154049304,54,2,0.262734001,9187.0,10,0,2,0,2.0
100021,0,0.059976854,59,0,1226.0,,8,0,1,0,0.0
100023,1,0.853132676,52,3,1.035396156,4265.0,11,2,1,4,1.0
100025,0,0.253699789,69,0,0.045594789000000004,2916.0,2,0,0,0,0.0
100026,0,0.008029086999999999,34,0,0.350329934,5000.0,13,0,1,0,1.0
100027,0,0.032873757,56,1,0.239970097,4012.0,12,0,1,0,2.0
100030,0,0.19712902699999998,77,0,0.122731467,3250.0,11,0,0,0,0.0
100032,0,0.063527321,33,0,0.052768006,5400.0,5,0,0,0,2.0
100033,0,0.521392741,39,0,0.35683453200000004,2084.0,5,0,0,0,1.0
100034,0,0.040162721,54,0,3827.0,,12,0,2,0,0.0
100035,0,0.954045954,24,0,28.0,0.0,1,1,0,0,0.0
100036,0,0.270386481,63,0,0.199105935,17000.0,12,0,2,0,0.0
100037,0,0.35565355299999996,63,0,0.41753402700000003,4995.0,10,0,1,0,1.0
100038,0,0.106094095,55,0,0.069411113,5416.0,3,0,0,1,1.0
100039,0,0.077890422,39,2,0.288981289,4328.0,12,0,1,0,2.0
100040,0,0.48746036299999995,61,0,510.0,,4,0,1,0,0.0
100041,0,0.125848154,52,0,0.20294926300000002,4000.0,9,0,1,0,1.0
100042,0,0.0,59,0,0.0,,2,0,0,0,0.0
100043,1,0.9999998999999999,64,0,0.075817538,4800.0,2,0,0,1,0.0
100045,0,0.727777778,38,0,2524.0,,10,0,2,0,0.0
100046,0,0.6985442390000001,65,0,0.6696853070000001,4416.0,12,0,1,0,0.0
100047,0,0.0,56,0,0.184062227,12598.0,8,0,1,0,1.0
100048,0,0.617454825,36,1,0.18522632600000002,3600.0,6,0,0,1,0.0
100049,0,0.7519965609999999,76,0,0.312871134,12966.0,8,0,2,0,0.0
100050,0,0.9999998999999999,39,0,0.160440017,4817.0,4,0,0,0,2.0
100052,0,0.002418898,50,0,0.222372423,5917.0,28,0,1,0,0.0
100053,0,0.012172613,43,0,0.634273145,5000.0,11,0,3,0,0.0
100054,1,0.072377187,53,0,1654.0,,9,0,2,0,
100055,0,0.9999998999999999,41,0,0.361925249,3718.0,4,0,1,0,1.0
100056,0,0.9999998999999999,24,0,0.08691308699999999,1000.0,2,0,0,0,0.0
100058,0,0.23548555399999999,37,0,0.403412878,7500.0,20,0,1,0,1.0
100059,0,0.057049539,39,0,0.254713747,5833.0,8,0,1,0,2.0
100061,0,0.00069897,71,0,0.22327104600000003,5190.0,6,0,1,0,0.0
100062,0,0.039712395,56,0,0.39830085,2000.0,10,0,1,0,1.0
100063,0,0.25462467,78,0,0.18568083,2988.0,5,0,0,0,0.0
100064,0,0.380331604,37,1,0.399766706,6000.0,6,0,1,0,1.0
100065,0,0.9999998999999999,22,0,76.0,,0,0,0,0,0.0
100066,0,0.47690614,45,0,0.460764436,13316.0,16,0,2,0,1.0
100067,0,0.007080286,46,0,0.42926142100000003,4968.0,10,0,1,0,0.0
100070,0,0.196628812,41,0,0.038784486,2500.0,3,0,0,0,0.0
100076,0,0.13486367,40,0,6555.0,,9,0,2,0,0.0
100077,0,0.906642907,63,0,0.167962675,4500.0,3,0,0,0,0.0
100078,0,0.5661786870000001,58,0,0.870578327,3561.0,15,0,4,0,0.0
100079,0,0.087119555,71,0,41.0,,5,0,0,0,0.0
100080,0,0.9999998999999999,79,0,0.08816578800000001,5500.0,2,0,0,0,0.0
100081,0,0.9999998999999999,54,0,0.24348447,2800.0,9,0,0,0,0.0
100082,0,0.022773015,44,0,116.0,,5,0,0,0,0.0
100083,1,0.989263236,49,1,0.154169955,3800.0,9,1,1,0,1.0
100085,0,0.04093794,46,0,0.273280802,5583.0,7,0,2,0,0.0
100087,0,0.9999998999999999,67,0,0.0,,1,0,0,0,0.0
100089,0,0.117112304,47,0,0.846126383,2800.0,13,0,1,0,1.0
100091,0,0.5933821189999999,48,1,0.355154681,12250.0,10,0,2,0,0.0
100092,0,0.08025485,42,0,0.312165405,5416.0,4,0,1,0,1.0
100093,0,0.060205825,27,0,0.213865676,3230.0,7,0,0,0,0.0
100094,0,0.016971433,74,0,20.0,,8,0,0,0,0.0
100095,1,0.715222349,50,2,1.094740839,5266.0,7,0,1,0,4.0
100099,0,0.8365608929999999,47,0,0.480676793,5200.0,13,0,0,0,4.0
100100,0,0.063058773,64,0,2047.0,,10,0,1,0,0.0
100102,0,0.03832235,45,0,0.388259046,6438.0,7,0,2,0,2.0
100103,0,0.0013888120000000001,78,1,2.57486911,954.0,6,0,1,0,0.0
100107,0,0.310718817,43,0,0.46062240200000004,8900.0,14,0,1,0,2.0
100108,0,0.085620796,26,0,14.0,,1,0,0,0,
100115,0,0.384184215,41,0,0.015196961,5000.0,1,1,0,0,0.0
100116,0,0.07446754900000001,50,0,0.535577404,6000.0,5,0,1,0,2.0
100118,0,0.417872773,53,1,0.635373847,9000.0,19,0,4,0,0.0
100119,0,0.236025505,53,1,0.439621152,3800.0,5,1,1,1,0.0
100120,0,0.629024732,38,0,0.23359152100000002,4905.0,7,0,0,1,1.0
100121,0,0.007285816,58,0,14.0,,4,0,0,0,0.0
100122,0,0.012180268000000001,77,0,1267.0,,6,0,1,0,0.0
100125,0,0.821493783,28,0,0.170790585,3313.0,6,0,0,0,0.0
100126,0,0.164778868,81,0,0.36120745,7784.0,12,0,1,0,0.0
100128,0,0.240644775,48,0,0.328473945,3223.0,9,0,1,0,1.0
100130,0,0.507805737,39,0,0.221077458,8055.0,11,0,1,0,0.0
100131,0,0.012132126000000002,49,0,1.8747795409999999,1700.0,14,0,2,0,0.0
100132,0,0.080992446,46,0,0.117757971,5833.0,10,0,0,0,2.0
100133,0,0.685412583,50,0,0.352490421,5480.0,8,0,1,0,1.0
100134,0,0.222238888,71,0,1105.0,,5,0,1,0,0.0
100135,0,0.641121997,45,0,0.490929867,7000.0,9,0,1,0,2.0
100136,0,0.9630061659999999,35,1,0.365878041,3000.0,7,0,0,0,0.0
100137,1,0.015025403,56,0,3359.0,,12,0,2,0,1.0
100138,0,0.023142201,56,0,0.6151631479999999,2083.0,24,0,0,0,0.0
100140,0,0.295405568,63,1,1575.0,,2,0,1,0,
100141,0,0.131096256,60,0,0.279103686,7541.0,15,0,2,0,0.0
100142,1,0.9999998999999999,39,98,0.0,2200.0,0,98,0,98,1.0
100143,0,0.8557257709999999,40,0,0.215643991,5100.0,6,0,0,0,0.0
100144,0,0.001222154,65,0,816.0,,6,0,1,0,0.0
100145,0,0.025136017000000004,59,0,555.0,,11,0,0,0,0.0
100146,0,0.277925732,46,0,0.207083545,5900.0,8,0,0,0,0.0
100147,0,0.665311156,42,0,0.650887574,6083.0,7,0,1,0,2.0
100148,0,0.199895661,57,0,138.0,1.0,5,0,1,0,0.0
100151,0,0.057510792000000005,40,0,2242.0,,6,0,1,0,0.0
100153,0,0.9999998999999999,63,0,2587.0,0.0,3,0,1,0,0.0
100154,0,0.0,71,0,0.004181058,5500.0,5,0,0,0,1.0
100155,0,1.037924152,31,0,0.290962528,2721.0,4,0,1,1,0.0
100157,0,0.9999998999999999,64,1,3536.0,,9,0,4,0,0.0
100158,0,0.264354713,35,0,0.5701368520000001,12275.0,8,0,3,0,1.0
100159,0,0.579013986,33,0,2493.0,0.0,15,0,2,0,2.0
100160,0,0.9999998999999999,59,1,0.8018399390000001,30000.0,11,0,6,0,2.0
100161,0,0.975155757,45,0,0.42604429899999996,6726.0,6,0,2,0,2.0
100164,0,0.291630852,45,1,0.554770789,7503.0,17,0,4,0,0.0
100165,0,0.15749606300000002,75,0,0.5657161589999999,3050.0,10,0,1,0,0.0
100166,0,0.014542126,48,0,5201.0,,9,0,4,0,3.0
100168,0,0.066841763,45,0,4123.0,,7,0,1,0,0.0
100169,0,0.687831217,52,0,206.0,,1,0,0,0,0.0
100170,0,0.342996643,62,0,0.780367232,1415.0,11,0,1,0,0.0
100172,0,0.9999998999999999,43,0,0.042944785,4400.0,2,0,1,1,1.0
100173,1,0.9999998999999999,82,0,0.0,6000.0,1,0,0,0,0.0
100174,0,0.111259249,61,0,0.18762706899999998,24100.0,11,0,2,0,2.0
100175,0,0.9999998999999999,51,0,0.2,10964.0,8,0,2,0,0.0
100176,0,1.00839832,55,2,0.300274149,6200.0,5,0,1,0,4.0
100180,0,0.551979236,49,1,6592.0,,15,0,3,0,0.0
100182,0,0.0,56,0,42.66336634,100.0,16,0,3,0,1.0
100183,0,0.23627599300000002,45,0,0.110915656,10800.0,14,0,1,0,2.0
100186,0,0.03194518,38,0,2915.0,0.0,11,0,1,0,4.0
100187,0,0.324890015,55,2,0.30727680399999996,9811.0,5,0,1,0,2.0
100188,0,0.013917799,72,0,774.0,,4,0,1,0,
100189,0,0.0,71,0,1071.0,,8,0,1,0,1.0
100190,0,0.040648896000000004,53,0,0.17363851600000002,3800.0,6,0,1,0,2.0
100191,0,0.287609929,37,1,0.292355834,6710.0,15,0,2,0,2.0
100192,0,0.017419043000000002,51,0,981.0,,9,0,1,0,0.0
100193,0,0.44455199799999995,49,3,0.57881137,8900.0,20,0,2,0,2.0
100194,0,0.0,56,0,0.13722662800000002,4160.0,3,0,1,0,0.0
100195,0,0.9999998999999999,30,0,0.068130204,1320.0,0,0,0,0,0.0
100198,0,0.0057388809999999995,37,0,4568.0,,6,0,2,0,0.0
100199,0,3.273557967,47,0,1309.0,,5,0,1,2,0.0
100200,0,0.156133419,61,0,0.262622896,6000.0,14,0,1,0,0.0
100201,0,0.370393504,26,0,0.079118833,3222.0,3,1,0,0,1.0
100202,0,0.033284128999999996,65,0,0.0030298440000000003,6600.0,5,0,0,0,0.0
100204,0,0.563218391,45,0,0.364115615,5500.0,3,0,1,0,3.0
100205,0,0.10689055,75,0,0.010321865,9009.0,4,0,0,0,0.0
100207,0,0.031843922000000004,73,0,0.013118565,6021.0,6,0,1,0,1.0
100209,0,0.0,41,0,1865.0,0.0,2,0,1,0,3.0
100210,0,0.110421158,35,0,0.44023632799999995,6600.0,8,0,1,0,0.0
100211,0,2019.0,58,0,0.213216314,7747.0,3,0,2,0,1.0
100212,0,0.157342133,59,0,93.0,,3,0,0,0,0.0
100214,0,0.17270254300000001,51,0,0.321982077,9484.0,8,0,1,0,3.0
100215,0,0.061702167,62,0,0.22987654300000002,8099.0,11,0,1,0,1.0
100216,0,0.012048585,57,0,0.01614143,1300.0,5,0,0,0,2.0
100217,0,0.003886164,47,0,0.402564905,6393.0,11,0,1,0,0.0
100220,0,0.056217847,73,0,0.25376344100000003,8834.0,14,0,2,0,0.0
100221,0,0.012302205,79,0,352.0,,3,0,1,0,0.0
100224,0,0.0,46,0,267.0,,5,0,0,0,0.0
100225,0,0.252776952,53,0,0.16985909300000002,9083.0,10,0,0,0,0.0
100227,0,0.0,64,0,1434.0,,10,0,1,0,0.0
100228,0,0.318056955,70,0,1466.0,,8,0,1,0,
100230,0,0.09457316800000001,32,0,0.48743582799999996,3700.0,8,0,2,0,3.0
100231,0,0.046773857,51,0,1.036991369,2432.0,7,0,2,0,3.0
100232,0,0.010573263000000001,74,0,0.240185321,4100.0,13,0,1,0,0.0
100233,0,0.16676453300000002,46,0,2603.0,,8,0,1,0,2.0
100235,1,1.228506141,30,0,0.31884058,2000.0,6,0,0,0,0.0
100236,0,0.004655862,62,0,0.303353755,15832.0,22,0,3,0,0.0
100237,0,0.0005065569999999999,74,0,1.328903654,300.0,15,0,0,0,0.0
100239,0,0.35920503200000004,61,0,0.45638973200000005,7245.0,11,0,1,0,1.0
100242,0,0.0006315569999999999,83,0,0.0,,5,0,0,0,
100243,0,0.011674047,79,0,0.07764078599999999,3000.0,28,0,0,0,0.0
100245,0,0.122823098,75,0,0.00877193,6269.0,1,0,0,0,0.0
100247,0,0.097419335,53,0,0.333729964,14286.0,10,0,3,0,2.0
100248,0,0.079618238,49,0,0.146106737,8000.0,7,0,0,0,2.0
100250,0,0.986876025,36,0,0.295126829,9500.0,7,0,2,0,0.0
100252,0,0.49300056,51,1,11852.0,,13,0,5,0,2.0
100253,0,0.120978815,79,0,0.56461405,2305.0,15,0,1,0,0.0
100254,0,0.048950317,56,0,0.16734110900000002,4200.0,7,0,1,0,0.0
100255,0,0.595554017,59,0,0.41378128200000003,8750.0,12,0,1,0,1.0
100256,0,0.0,31,0,0.270358306,1534.0,4,0,0,0,0.0
100257,0,3.82e-05,67,0,0.168978878,8000.0,7,0,1,0,1.0
100258,1,0.9999998999999999,67,0,0.12143928,2000.0,1,3,0,1,0.0
100259,0,0.539914449,59,1,1976.0,,6,0,1,0,0.0
100261,0,0.015640046,40,0,0.8171050609999999,6500.0,7,0,2,0,1.0
100263,1,0.0,53,0,0.036316472,3083.0,3,0,0,0,0.0
100264,0,0.9999998999999999,29,0,0.0,2700.0,3,0,0,0,0.0
100265,0,0.0,70,0,0.0,2500.0,4,0,0,0,0.0
100267,0,0.166229174,46,0,2150.0,,8,0,2,0,0.0
100268,0,0.020285187,81,0,0.007919366,4166.0,7,0,0,0,0.0
100269,0,0.180454582,53,1,0.322387602,13033.0,12,0,1,0,1.0
100270,0,0.013689973000000001,71,0,2449.0,,13,0,2,0,0.0
100271,0,0.7938564909999999,49,0,0.33864434200000004,3702.0,6,0,0,0,2.0
100272,0,0.759524868,40,0,0.736636245,4601.0,9,0,1,0,2.0
100274,0,0.198670118,53,0,0.439719739,12416.0,11,0,3,0,0.0
100275,0,0.029243011,64,0,0.27612471899999996,18248.0,11,0,2,0,0.0
100276,1,0.684075221,55,0,3825.0,,17,0,2,0,2.0
100277,0,0.167273158,31,0,0.27317331899999997,7540.0,12,0,1,0,1.0
100278,0,0.0,44,0,0.335403727,3380.0,8,0,1,0,4.0
100280,0,0.9999998999999999,24,0,41.0,,0,3,0,0,0.0
100281,0,0.173272024,33,0,0.40746500799999996,4500.0,7,0,0,0,2.0
100283,0,0.0,62,0,0.0,,2,0,0,0,0.0
100285,0,1.013289037,32,1,0.002307101,3900.0,1,0,0,0,2.0
100286,0,0.023995362000000003,42,0,1170.0,,7,0,2,0,0.0
100289,0,0.005267735999999999,69,0,0.0015236639999999999,10500.0,17,0,0,0,0.0
100290,0,0.016281461,49,0,0.21396109800000002,5500.0,7,0,1,0,0.0
100292,0,0.238321667,65,0,0.13354929,13582.0,6,0,1,0,0.0
100294,0,0.047387184000000006,69,0,1624.0,,5,0,1,0,
100295,0,0.038199045,81,0,2295.0,,8,0,1,0,0.0
100296,1,0.9999998999999999,49,1,0.175075564,4300.0,2,1,0,0,3.0
100298,0,4886.0,63,0,3425.0,,5,0,2,0,0.0
100300,0,0.47526977,64,0,0.37078346,3675.0,13,0,0,0,1.0
100301,0,0.04401997,38,0,0.013918886,8333.0,6,0,0,0,0.0
100302,0,0.28615272,45,0,0.522843535,5668.0,14,0,2,0,4.0
100303,0,0.006479342,67,0,0.001999556,4500.0,10,0,0,0,0.0
100304,0,0.380744515,66,0,0.704019996,4800.0,12,0,2,0,0.0
100305,0,0.449955004,37,0,0.296752721,11116.0,6,0,2,0,0.0
100306,0,0.019939601,55,0,0.241997133,4185.0,4,0,1,0,0.0
100307,1,0.9999998999999999,30,1,0.146083614,2080.0,1,0,0,0,0.0
100309,0,0.113777634,66,0,0.439331863,3172.0,11,0,1,0,0.0
100310,0,0.89543268,50,0,0.675627742,10712.0,23,0,2,0,3.0
100311,0,0.28488899300000003,52,1,0.396060394,10000.0,11,0,2,0,3.0
100312,0,0.15143666,44,0,0.037481258999999996,2000.0,1,0,0,0,2.0
100313,0,0.992867332,40,4,0.11436478900000001,11200.0,5,2,1,0,1.0
100314,0,0.15543527,61,0,0.214108142,12871.0,9,0,1,0,1.0
100315,0,0.214716295,43,0,3.119914347,1400.0,12,0,5,0,1.0
100316,0,0.958505187,42,1,0.46011997299999996,4500.0,6,0,1,0,2.0
100317,0,0.500871146,35,0,0.946272387,2400.0,8,0,2,0,2.0
100318,0,0.0,48,0,0.19078473699999998,4166.0,12,0,0,0,1.0
100319,0,0.009069345999999999,89,0,5.0,,2,0,0,0,0.0
100320,1,1.836327345,35,2,0.042281219,3050.0,3,1,0,0,4.0
100321,0,0.179291035,67,0,107.0,,1,0,0,0,0.0
100322,0,0.04142592,51,0,0.642354683,2700.0,19,0,2,0,2.0
100323,0,0.062133129,58,0,4652.0,,10,0,5,0,0.0
100326,0,0.8657613540000001,46,2,1.326510721,3077.0,12,0,2,0,2.0
100327,0,0.005247717,77,0,7.0,,4,0,0,0,0.0
100329,0,0.002237989,31,0,0.38579734200000004,4815.0,7,0,1,0,1.0
100330,0,0.169487695,66,2,0.257065467,19566.0,12,0,3,1,3.0
100333,0,0.002209251,73,0,1.6023391809999998,170.0,10,0,0,0,0.0
100335,0,0.323597818,55,0,0.226846644,5333.0,16,0,0,0,0.0
100336,0,0.916615946,37,0,0.21351125899999998,3596.0,13,0,0,0,0.0
100337,0,0.007857901,81,0,0.131693415,6666.0,21,0,1,0,1.0
100338,0,0.283880523,42,0,0.339665084,4000.0,7,0,1,0,1.0
100339,0,0.009464522,97,0,12.0,,6,0,0,0,
100345,0,0.248649024,47,0,0.307284244,12629.0,14,0,1,0,2.0
100346,0,0.026438942000000003,39,0,0.09831285099999999,4800.0,2,0,0,0,2.0
100348,1,1.313373253,32,1,0.005065315999999999,3750.0,3,1,0,0,2.0
100349,0,0.47577295799999997,44,0,0.522697795,3083.0,6,0,1,0,2.0
100350,1,0.896123151,35,1,0.444711058,5000.0,10,0,1,0,4.0
100351,0,0.312576701,31,0,0.33365019,7363.0,7,0,0,0,2.0
100352,1,0.9999998999999999,42,1,0.110851506,3851.0,1,1,0,0,2.0
100353,0,0.194951262,51,0,0.943251985,3400.0,5,0,2,0,0.0
100355,0,0.092730609,71,0,0.015416667,4799.0,2,0,0,0,0.0
100356,0,0.894733166,41,0,0.42837904,8167.0,8,0,1,0,1.0
100357,0,0.013713633000000001,90,0,0.18488444699999998,1600.0,4,0,0,0,0.0
100358,0,0.029119305,52,0,0.304283205,7400.0,14,0,2,0,0.0
100359,0,0.46829309700000005,47,1,0.452150957,16666.0,13,0,2,0,3.0
100360,0,0.22990341600000003,80,0,1346.0,,20,0,0,0,0.0
100361,0,0.063283337,27,0,0.122329529,3416.0,8,0,0,0,0.0
100362,0,0.602154448,78,0,0.37248957899999996,2638.0,6,0,1,0,0.0
100363,0,0.611370555,58,0,0.61546894,8209.0,13,0,2,0,0.0
100364,0,0.010024146,71,0,0.000959923,12500.0,3,0,0,0,0.0
100365,0,0.078474849,65,0,1201.0,,7,0,2,0,1.0
100367,0,0.026463001,34,0,1918.0,,9,0,1,0,1.0
100368,0,0.42117894100000003,63,1,0.660802252,2841.0,8,0,1,0,0.0
100369,0,0.342623027,51,1,0.952191235,501.0,17,0,0,0,1.0
100370,0,0.585619863,39,3,0.469180245,15833.0,11,0,2,0,2.0
100371,0,0.17313553899999998,63,0,1.144570286,1500.0,13,0,0,0,0.0
100372,0,0.281735363,32,0,0.10018552900000001,4850.0,7,0,0,0,2.0
100373,0,0.021665635,81,0,0.192701825,4000.0,3,0,1,0,1.0
100375,0,0.000647607,80,0,0.165346535,3029.0,9,0,0,0,0.0
100376,0,0.65515893,64,0,1249.0,,7,0,1,0,0.0
100379,0,0.756109826,79,0,0.99412047,8333.0,11,0,0,0,0.0
100382,0,0.16259557800000002,44,0,0.25574299699999997,50800.0,23,0,2,0,2.0
100383,0,0.0,48,0,0.0,3471.0,4,0,0,0,0.0
100385,0,0.10826726,36,0,0.239875389,9950.0,16,0,2,0,2.0
100386,0,0.137147359,55,0,0.42323928,4500.0,11,0,2,0,1.0
100387,0,0.009203618,70,0,0.14493857699999999,10500.0,11,0,1,0,0.0
100388,1,1.054908486,41,2,0.340797086,9333.0,6,1,1,1,3.0
100389,0,0.009797306,61,2,0.031989337,3000.0,24,0,0,0,0.0
100390,0,0.248232139,29,1,0.603798734,3000.0,3,0,1,0,1.0
100394,0,0.949405059,44,4,0.265024734,9500.0,6,0,2,0,3.0
100396,0,0.005137053,79,0,0.001998668,1500.0,3,0,0,0,0.0
100397,0,0.013082083000000001,56,0,0.12934722,10753.0,8,0,2,0,0.0
100401,0,0.0,60,0,2101.0,,8,0,2,0,0.0
100402,0,0.01035485,39,0,0.31583815,4324.0,8,0,1,0,3.0
100403,0,0.612791659,60,0,0.568810397,3000.0,10,0,1,0,1.0
100404,0,0.00807114,61,0,3498.0,,12,0,3,0,0.0
100405,0,0.336319994,55,0,584.0,,6,0,0,0,0.0
100406,0,0.949662505,42,0,0.374865405,6500.0,8,0,1,0,2.0
100407,0,0.01416347,55,0,0.001107624,10833.0,2,0,0,0,0.0
100408,0,0.020899478,88,0,0.242201248,6250.0,7,0,1,0,0.0
100410,0,0.013720797,63,0,2806.0,,12,0,1,0,0.0
100411,0,0.0,42,0,0.247298055,12490.0,11,0,3,0,4.0
100413,0,0.5168428820000001,44,4,0.306573878,8046.0,9,0,2,0,2.0
100414,0,0.9999998999999999,52,0,0.066231133,4438.0,3,0,0,0,0.0
100415,0,0.22750094899999998,49,0,0.604197901,2000.0,9,0,1,0,1.0
100416,0,0.032614265,49,0,1657.0,,7,0,1,0,0.0
100417,0,0.009612031,31,0,0.42114266200000006,2922.0,8,0,1,0,2.0
100418,0,0.737815546,37,2,168.0,1.0,3,1,0,0,0.0
100419,0,0.17205710000000002,24,0,74.0,,2,0,0,0,0.0
100422,0,0.061941917,62,0,65.0,,5,0,0,0,
100423,0,0.0,71,0,0.0,10500.0,7,0,0,0,0.0
100424,0,0.199875713,34,0,0.012469121000000001,8500.0,3,0,0,0,0.0
100426,0,0.985074627,41,0,9354.0,,11,0,0,0,0.0
100427,0,0.022392383,73,0,0.446069923,4032.0,7,0,1,0,0.0
100428,0,0.14545154,65,0,0.238210399,4134.0,6,0,0,0,0.0
100429,0,0.0,33,0,0.0,1732.0,2,0,0,0,0.0
100431,0,1.012166261,49,0,0.367779673,12308.0,7,0,2,0,3.0
100432,0,0.09386153800000001,53,0,0.33876582299999997,6319.0,13,0,3,0,3.0
100434,0,0.9999998999999999,37,0,0.325094103,7969.0,3,0,1,0,3.0
100436,1,0.38205980100000003,62,1,0.28260193,3212.0,4,0,1,2,0.0
100437,0,0.16550325,66,0,0.466383404,4000.0,11,0,1,0,0.0
100438,0,0.0,49,0,0.174204201,10900.0,9,0,1,0,2.0
100441,0,0.239199109,53,1,0.106385815,7500.0,8,0,0,0,0.0
100443,0,0.41174353,66,0,1.407636739,968.0,11,0,1,0,0.0
100444,1,0.906541044,38,1,2560.0,,15,0,2,0,0.0
100445,0,0.839267972,62,1,2623.0,,8,0,1,0,0.0
100446,0,0.380199985,29,0,0.13686184,6933.0,10,0,1,0,1.0
100447,0,0.379391101,69,2,0.085494043,4280.0,9,0,0,0,0.0
100448,0,0.06882785400000001,37,0,4124.0,,11,0,3,0,6.0
100449,0,0.0,61,0,0.0,,3,0,0,0,
100450,0,0.049914087,68,0,0.116113744,19833.0,13,0,1,0,1.0
100451,0,0.32798574,36,0,0.561318131,7191.0,11,0,1,0,1.0
100452,0,0.045136375,49,0,0.195997948,5846.0,5,0,1,0,0.0
100453,0,0.028274027,61,0,29.0,,4,0,0,0,0.0
100454,0,0.0,45,0,0.0,2000.0,3,0,0,0,0.0
100457,0,0.303828308,59,0,2.92289386,2100.0,14,0,4,0,0.0
100459,0,0.02963697,35,0,0.290506468,4560.0,7,0,1,0,0.0
100461,0,0.23406351,52,0,7213.0,,16,0,3,0,0.0
100462,0,0.7773418059999999,58,0,0.40556324,6506.0,21,0,1,0,0.0
100464,0,0.363963604,42,0,0.20769317,8916.0,4,0,1,0,0.0
100465,0,0.03480715,44,0,0.272069465,7600.0,9,0,2,0,3.0
100466,0,0.424041172,91,1,1855.0,,6,0,0,0,
100467,0,0.006325111,56,0,0.097992916,6775.0,6,0,0,0,0.0
100468,0,0.685129407,57,0,6085.0,,10,0,1,0,0.0
100469,0,0.001341205,56,0,0.30913428800000003,2933.0,12,0,1,0,2.0
100471,0,0.0,24,0,520.0,,5,0,0,0,0.0
100472,0,0.001933269,51,0,0.38190452399999997,4000.0,4,0,1,0,0.0
100473,0,0.9999998999999999,74,0,0.0,,1,0,0,0,
100474,0,0.9999998999999999,24,0,0.009993338000000001,1500.0,1,0,0,0,0.0
100475,0,0.169863431,67,1,0.27109101,10833.0,8,0,1,0,0.0
100476,0,0.100920489,55,0,5503.0,,5,0,2,0,2.0
100479,0,0.105028386,63,0,1593.0,,14,0,2,0,1.0
100480,0,0.9092915229999999,45,0,0.50862069,17631.0,15,0,2,0,0.0
100482,0,0.208395802,44,0,0.405846621,2633.0,5,0,1,0,0.0
100483,0,0.007639898000000001,63,0,0.0037085509999999996,4583.0,3,0,0,0,0.0
100484,0,0.12531705199999998,57,0,0.028796709,5833.0,11,0,0,0,0.0
100485,0,0.105350605,89,0,102.0,,4,0,0,0,0.0
100487,0,0.009754533000000001,39,0,0.093443375,10904.0,6,0,0,0,1.0
100489,0,0.42594320799999996,63,0,0.071214393,1333.0,2,0,0,0,0.0
100490,1,0.044187927,28,0,0.045763212000000004,3386.0,7,0,0,0,0.0
100491,0,0.132896498,74,0,0.092988376,8000.0,20,0,0,0,1.0
100492,0,0.053281801,49,0,2665.0,,9,0,1,0,0.0
100493,0,0.009083178,59,0,2251.0,,23,0,1,0,2.0
100494,0,0.0,56,0,0.196150519,13871.0,13,0,1,0,1.0
100495,0,0.293511106,53,1,4386.0,,9,0,1,0,0.0
100497,1,0.9999998999999999,32,0,0.066438176,3792.0,5,2,0,0,0.0
100498,0,0.000611239,45,0,0.588564574,2500.0,12,0,1,0,0.0
100499,0,0.22142148899999997,62,0,0.48509901899999996,5200.0,10,0,1,0,0.0
100500,0,0.590235033,51,0,0.492312569,6308.0,13,0,2,0,0.0
100501,0,0.016666243,51,0,0.066973496,6300.0,4,0,0,0,0.0
100502,0,0.058937607999999996,67,0,57.0,,3,0,0,0,0.0
100503,0,0.9607491890000001,35,0,0.33703404200000003,13600.0,9,1,3,0,1.0
100504,0,0.066836665,70,1,0.022853877999999998,7000.0,6,0,0,0,0.0
100506,0,0.711826353,56,0,0.732836174,8447.0,26,0,5,0,1.0
100507,0,0.164384418,57,0,0.30343819699999997,13000.0,10,1,2,0,0.0
100508,0,0.000453601,61,1,0.085312131,9306.0,13,0,1,0,0.0
100509,1,1.130310603,28,1,0.23155368899999998,3333.0,6,0,0,0,0.0
100510,0,0.527813658,57,0,0.60235321,8753.0,23,0,2,0,1.0
100514,0,0.20635872800000002,63,0,0.29725229,1200.0,2,0,0,0,0.0
100515,0,0.07006638400000001,62,0,0.215938303,14781.0,9,0,2,0,2.0
100516,0,2.094452774,35,0,0.12126839,7000.0,6,0,0,0,2.0
100517,0,0.981204574,33,1,0.665866827,5000.0,17,0,2,0,0.0
100518,0,0.404643606,56,0,0.38006756799999997,13615.0,12,0,2,0,2.0
100521,0,0.030671865,62,0,0.339933993,8483.0,13,0,1,0,1.0
100525,0,0.740561867,42,0,0.5766306520000001,2498.0,10,0,1,0,2.0
100526,0,0.070885738,76,0,277.0,,5,0,1,0,0.0
100527,0,0.01502621,73,0,0.28533995300000004,7250.0,18,0,2,0,0.0
100528,0,0.9999998999999999,21,0,0.0,,1,0,0,0,
100529,0,0.391429749,65,0,1263.0,,5,0,1,0,0.0
100530,0,0.009045518,55,0,0.27382499,13084.0,10,0,2,0,1.0
100532,0,0.159340898,42,3,0.512186548,8533.0,13,0,1,0,2.0
100533,1,0.8231585929999999,40,0,1629.0,,10,0,0,1,0.0
100534,0,0.033662992999999995,64,0,0.026228143,2401.0,10,0,0,0,0.0
100537,0,1.274656716,43,1,0.142713624,17916.0,5,0,0,0,0.0
100538,0,0.0,79,0,0.0,1900.0,3,0,0,0,0.0
100539,0,0.17898439800000002,67,0,1839.0,,9,0,1,0,0.0
100540,0,0.025783087000000003,48,0,0.010845176000000002,2673.0,9,0,0,0,0.0
100541,0,0.077800728,73,0,2.47027027,924.0,5,0,1,0,0.0
100542,0,0.49826159200000003,41,0,0.366447985,5334.0,11,0,1,0,2.0
100543,0,0.9999998999999999,48,0,0.001678556,4765.0,1,1,0,0,3.0
100544,0,0.001029381,79,0,0.446143155,1438.0,8,0,1,0,0.0
100545,0,0.060439219,57,0,0.364403955,9000.0,19,0,2,0,0.0
100546,0,0.24545014199999998,33,1,998.0,,5,0,0,0,0.0
100547,0,0.734619457,33,0,0.341443093,6000.0,5,0,1,1,0.0
100548,0,0.027745672000000002,61,0,0.014900531000000002,12616.0,15,0,1,0,1.0
100549,0,0.1679952,70,0,0.047886335999999995,5700.0,6,0,1,0,1.0
100550,0,0.082601599,67,1,0.350995866,2660.0,8,0,1,0,0.0
100552,1,3.418079096,56,1,0.292426893,4000.0,6,0,0,0,2.0
100554,0,0.145236509,48,0,0.148053606,4700.0,4,0,1,0,0.0
100557,0,0.7171314740000001,47,0,0.199406235,2020.0,2,1,0,1,2.0
100558,0,0.95929153,56,0,0.24728379,2300.0,5,0,0,0,1.0
100559,0,0.181649802,58,1,0.49186684299999994,10573.0,15,0,3,0,0.0
100560,0,0.009695440999999999,69,0,0.002285497,10500.0,4,0,0,0,0.0
100561,0,0.006714179,65,0,0.001809351,10500.0,14,0,0,0,0.0
100564,0,0.002683725,76,0,0.000515198,3881.0,2,0,0,0,0.0
100566,0,0.984063745,24,0,0.021420921000000002,2800.0,2,0,0,0,0.0
100567,1,0.908836966,52,1,0.868648305,11000.0,13,0,3,0,4.0
100569,0,0.40632074,49,0,2316.0,,12,0,1,0,0.0
100571,0,0.058878127999999995,47,0,0.563138448,4600.0,28,0,2,0,0.0
100573,0,0.029427731000000002,80,0,0.239576213,2925.0,5,0,0,0,0.0
100575,0,0.592216367,51,0,0.294595832,8733.0,18,0,2,0,0.0
100577,1,0.11523863599999999,44,0,0.682399647,6800.0,20,0,1,0,2.0
100578,1,1.118453628,48,0,0.038192362,5000.0,5,1,0,0,3.0
100580,0,0.9999998999999999,21,0,0.133244504,1500.0,1,0,0,0,0.0
100581,0,0.005359786,74,0,0.123392423,2876.0,5,0,0,0,0.0
100582,0,0.928410985,32,1,0.29930192,9167.0,6,0,2,1,0.0
100583,0,0.298795541,47,1,0.50539928,7500.0,10,0,2,0,1.0
100584,0,0.8375974070000001,42,0,0.590499391,4104.0,12,1,1,1,3.0
100585,0,0.469616174,61,0,0.436605236,12642.0,19,0,1,0,0.0
100587,1,0.7085828340000001,27,1,0.290903032,3000.0,7,2,0,0,0.0
100588,0,0.070256901,38,0,0.042793196,5584.0,8,0,0,0,0.0
100590,0,0.574496761,28,0,0.324670132,2500.0,4,0,0,0,0.0
100591,0,0.9510761529999999,59,0,0.369675152,11666.0,12,0,0,0,0.0
100592,0,0.026162171,57,0,0.010712755,7000.0,11,0,0,0,2.0
100594,0,0.0,21,0,0.0,,1,0,0,0,0.0
100595,0,0.117810046,52,1,0.42830204899999996,11666.0,19,0,3,0,3.0
100596,0,0.122574194,39,0,1820.0,,12,0,1,0,0.0
100598,0,0.18259159600000002,54,0,0.345765027,7319.0,7,0,2,0,1.0
100600,0,0.035686458,71,0,0.38588807799999997,2054.0,8,0,1,0,0.0
100601,0,0.15584415599999998,30,0,0.376956794,1596.0,6,0,0,0,1.0
100602,0,0.9999998999999999,55,0,799.0,,8,0,1,0,0.0
100604,0,0.013813073,65,0,0.18929612699999998,4801.0,10,0,2,0,0.0
100605,0,0.6426313020000001,39,1,535.0,,10,0,0,0,0.0
100606,0,0.370352019,46,1,0.394049256,7998.0,7,0,2,0,0.0
100608,0,0.11661917,66,0,1871.0,,7,0,1,0,0.0
100609,0,0.040877968,72,0,0.19351851899999997,10799.0,12,0,1,0,0.0
100610,0,0.0037307729999999997,53,0,0.326790972,8151.0,12,0,3,0,0.0
100612,0,0.016110753000000002,34,0,0.34253819,1701.0,4,0,0,0,0.0
100613,0,0.47491066299999996,50,0,0.501430615,2795.0,6,0,2,0,1.0
100614,1,0.0731158,57,0,0.254553246,14000.0,12,0,3,0,0.0
100615,0,0.024901789,39,0,0.305038446,9883.0,3,0,1,0,0.0
100616,0,0.5342864820000001,43,1,0.34810951799999995,2300.0,9,0,0,0,0.0
100617,0,0.949468345,40,0,0.23396127,7590.0,4,0,0,0,2.0
100618,0,0.883468965,67,0,0.34236067600000003,12775.0,11,0,2,0,1.0
100620,0,0.978553909,63,0,1.208422555,1400.0,4,0,0,0,0.0
100622,0,0.02988486,37,0,0.271649559,6916.0,12,0,2,0,2.0
100623,0,0.18673593600000002,53,0,0.307520477,9400.0,7,0,1,0,1.0
100625,0,0.28139659,43,0,2325.0,,11,0,2,0,0.0
100626,0,0.850589777,30,1,0.2062581,5400.0,3,0,0,0,0.0
100627,0,0.092627943,69,0,0.189952512,4000.0,4,0,0,0,0.0
100629,0,0.07652885799999999,59,0,1991.0,,7,0,1,0,0.0
100630,0,0.0035058359999999996,63,0,0.18071084399999998,11000.0,14,0,1,0,0.0
100636,0,1620.0,40,0,0.206039794,9900.0,6,0,1,0,2.0
100640,0,0.019318358,53,0,0.265153538,7489.0,9,0,3,0,0.0
100641,0,0.046097049,52,0,0.118255396,4447.0,19,0,1,0,1.0
100643,0,0.35338226,52,0,0.424400085,9417.0,19,0,2,0,3.0
100644,0,1.00543716,33,0,1075.0,,6,0,0,0,3.0
100645,0,0.187101612,56,0,0.006852515,6420.0,5,0,0,0,3.0
100646,0,0.031188119,64,0,0.6405300939999999,3621.0,13,0,1,0,0.0
100647,0,0.9381061890000001,46,1,0.215464089,6000.0,11,0,0,0,2.0
100649,0,0.009999435,70,0,0.051658057,6000.0,5,0,0,0,0.0
100651,0,0.405882843,33,0,0.505919495,3800.0,6,0,1,0,0.0
100652,0,0.0,47,0,0.38815296200000005,4000.0,6,0,2,0,2.0
100653,0,0.227311685,65,0,2287.0,,5,0,1,0,0.0
100654,0,0.317945794,40,2,0.35958407200000003,12405.0,12,0,1,0,1.0
100655,0,0.151180814,65,0,0.051609217,5250.0,7,0,0,0,0.0
100657,0,0.51562701,41,3,2025.0,,10,0,2,0,2.0
100659,0,0.02942398,37,0,1.3105303609999999,1300.0,15,0,1,0,1.0
100661,0,0.053051182999999995,44,0,0.005490571,12566.0,5,0,0,0,0.0
100662,0,0.024805813,55,0,0.107875811,5700.0,8,0,1,0,0.0
100663,0,0.26740602199999997,29,0,0.07574157599999999,20833.0,10,0,2,0,0.0
100665,0,0.913547632,60,0,4948.0,,12,0,2,0,3.0
100666,0,0.570453459,42,0,1.00856898,3500.0,6,0,1,0,2.0
100667,0,0.000852916,55,0,2457.0,,8,0,1,0,0.0
100668,0,0.15000673,43,0,0.149821337,3917.0,10,0,0,0,2.0
100671,0,0.45572105399999996,63,0,0.120702827,13089.0,6,0,0,0,1.0
100672,0,0.0035169990000000003,64,0,2362.0,,2,0,1,0,1.0
100674,0,0.30318618199999997,72,0,0.20224897100000003,6313.0,9,0,1,0,0.0
100675,0,0.6614829210000001,29,0,71.0,0.0,3,0,0,0,1.0
100676,0,0.194457742,34,0,0.8388082509999999,1308.0,11,0,2,0,2.0
100677,0,0.372614039,58,1,0.298512238,6250.0,5,0,1,0,1.0
100679,0,0.126321842,32,0,0.303831764,7750.0,7,0,1,0,3.0
100680,0,0.843963844,54,0,0.435816549,8241.0,15,0,0,0,0.0
100682,0,0.18170325199999998,46,0,0.486550821,4200.0,5,0,1,0,0.0
100683,0,0.773203153,27,0,0.12842535800000002,2444.0,5,0,0,0,0.0
100684,0,0.909304535,46,0,0.334773218,8333.0,5,0,2,0,4.0
100685,0,0.105946111,29,0,0.691525979,6100.0,8,0,3,0,0.0
100687,0,0.7597717709999999,37,0,0.36936306399999996,10000.0,10,0,1,0,3.0
100689,0,0.7298407459999999,39,0,0.524322246,5200.0,14,0,0,0,0.0
100690,0,0.13300673400000002,64,0,0.651457541,1577.0,12,0,1,0,0.0
100691,0,0.266433392,59,0,0.320614732,1886.0,5,0,1,0,0.0
100694,0,0.043697815,77,0,0.026789284,2500.0,8,0,0,0,0.0
100695,0,0.321561307,65,0,0.77600284,2816.0,6,0,0,0,0.0
100697,0,0.001425279,33,0,0.001375095,6544.0,15,0,0,0,1.0
100698,0,0.428916244,62,0,0.31762065100000003,2672.0,12,0,0,0,0.0
100702,0,0.100199859,53,0,0.045387167,14166.0,19,0,0,0,1.0
100703,0,0.328140751,71,0,0.456757309,4890.0,10,0,1,0,0.0
100704,0,0.0,42,0,0.301369863,10438.0,5,0,1,0,2.0
100705,0,0.0,46,0,0.42950391600000004,9191.0,4,0,2,0,3.0
100706,1,0.6497133620000001,34,0,0.37170652600000004,7400.0,15,0,1,0,0.0
100708,0,0.12003228699999999,45,0,5228.0,,4,0,1,0,0.0
100709,0,0.029115968,55,0,0.297070293,10000.0,17,0,2,0,1.0
100710,0,0.042067103,37,0,0.35466415700000004,8500.0,6,0,2,0,1.0
100712,1,0.9999998999999999,25,98,0.0,,0,98,0,98,0.0
100714,0,0.36875438200000005,79,0,0.633436259,6800.0,13,0,2,0,0.0
100716,0,0.0,86,0,0.01349775,6000.0,7,0,0,0,0.0
100718,0,0.167179188,73,0,0.46808955799999996,4778.0,14,0,2,0,0.0
100719,0,0.0,40,0,0.09481753,6000.0,8,0,0,0,2.0
100720,0,0.9999998999999999,87,0,754.0,,1,0,1,0,0.0
100721,0,0.140107581,53,1,0.11060100199999999,9583.0,14,0,0,0,0.0
100722,0,0.393887461,35,1,748.0,,3,0,1,0,0.0
100723,0,0.986027944,22,0,0.0041103929999999995,3405.0,2,0,0,0,0.0
100724,0,0.0013390639999999998,45,0,0.000105252,9500.0,7,0,0,0,0.0
100726,0,0.236750779,36,0,0.21349518,2800.0,7,0,0,0,0.0
100728,0,0.9999998999999999,51,0,0.012395042,2500.0,1,0,0,0,0.0
100730,0,0.014762724,74,0,0.007996801,2500.0,6,0,0,0,0.0
100731,0,0.100033043,52,0,0.30293520399999996,5416.0,9,0,1,0,1.0
100732,0,0.480806055,64,0,0.203893237,4982.0,9,0,0,0,0.0
100733,1,0.9586278229999999,53,1,0.501597444,1251.0,4,0,0,0,0.0
100734,0,0.036844737,51,0,0.363669725,2724.0,6,0,1,0,0.0
100735,0,0.9999998999999999,39,0,114.0,,0,0,0,0,0.0
100736,0,0.201760689,62,0,0.383776414,4400.0,14,0,0,0,0.0
100737,0,0.285273094,48,0,0.436819688,6338.0,14,0,1,0,0.0
100739,0,0.270008193,63,1,0.334140308,19000.0,14,0,3,0,0.0
100741,0,0.9999998999999999,75,0,20.0,,3,0,0,0,0.0
100743,0,0.9999998999999999,56,0,0.0,,1,0,0,0,
100744,0,0.22268828899999998,66,0,0.465695588,4736.0,8,0,1,0,0.0
100745,0,0.000938723,46,0,0.589585275,8583.0,23,0,2,0,0.0
100746,0,0.045155657,35,0,0.24839577699999998,4830.0,6,0,2,0,0.0
100747,0,0.07911326,79,0,0.6986739829999999,4373.0,18,0,3,0,0.0
100748,0,0.571362412,78,0,2288.0,,11,0,1,0,0.0
100749,1,0.191577578,29,0,0.5219769089999999,4936.0,9,0,2,0,2.0
100750,0,0.198600467,35,0,1.888654576,4741.0,5,0,1,0,0.0
100751,0,0.66190274,64,0,0.272242586,3000.0,3,0,0,0,0.0
100752,0,0.9999998999999999,48,0,0.440355964,10000.0,4,0,2,0,2.0
100753,0,0.091730276,39,1,0.257816688,5596.0,12,0,1,0,1.0
100754,0,0.0,43,0,0.234861347,5300.0,4,0,1,0,0.0
100755,0,0.14416541800000002,41,0,0.17433264899999998,9739.0,5,0,1,0,0.0
100756,0,0.0,51,0,1433.0,,5,0,1,0,0.0
100759,1,0.543948195,67,1,1048.0,0.0,4,1,1,1,0.0
100760,0,1.1212439379999999,29,1,0.174206448,4000.0,2,1,0,0,0.0
100761,0,0.020266762,69,0,0.308878985,2916.0,8,0,1,0,0.0
100762,0,0.054874879,68,0,65.0,,9,0,0,0,0.0
100763,0,0.108175374,43,0,0.410417675,6200.0,6,0,1,0,0.0
100766,0,0.41954607200000005,46,0,0.9415018079999999,4700.0,13,0,1,0,4.0
100768,0,0.113118499,69,0,0.581913499,1525.0,10,0,0,0,0.0
100769,0,0.300890814,58,1,0.212657774,16716.0,8,0,1,0,0.0
100773,0,0.205397301,25,0,0.11653813199999999,3500.0,6,0,0,0,0.0
100775,0,0.711655393,49,1,0.48149995,10026.0,23,0,2,0,2.0
100776,0,0.166832515,58,0,0.39787798399999996,7916.0,10,0,2,0,1.0
100777,0,0.0,80,0,0.0,,3,0,0,0,0.0
100779,0,0.0,31,0,0.000253678,11825.0,5,0,0,0,1.0
100780,0,0.770191507,24,0,0.141868512,2600.0,3,0,0,0,0.0
100783,0,0.77420685,45,0,0.44270205100000004,5802.0,7,0,2,0,1.0
100784,0,0.018098652,81,0,0.095803395,9602.0,7,0,0,0,0.0
100787,0,0.828428588,84,0,1.452845205,2512.0,8,0,0,0,0.0
100788,0,0.991467804,34,0,0.39729881799999994,7107.0,5,0,1,0,0.0
100790,1,0.817471139,49,4,0.823552658,5060.0,9,1,5,0,2.0
100792,1,0.9999998999999999,32,0,0.026263165,7500.0,3,1,0,0,0.0
100793,0,0.448646174,43,0,0.2173417,1752.0,4,0,0,0,0.0
100795,0,0.004689493,95,0,4.0,,4,0,0,0,0.0
100796,0,0.047223750999999994,72,0,0.440701665,7866.0,8,0,3,0,0.0
100797,0,0.008108943,79,0,14.0,0.0,10,0,0,0,0.0
100798,0,0.121825926,38,0,2239.0,,10,0,1,0,0.0
100800,0,0.0039406929999999995,82,0,2.0,,4,0,0,0,
100801,0,0.282341078,37,0,0.170753323,3384.0,3,0,0,0,0.0
100802,0,0.132910154,66,0,0.256123979,6000.0,7,0,1,0,1.0
100803,0,0.229535409,63,1,0.36155952700000005,13875.0,13,0,1,0,2.0
100807,0,1.006159507,43,2,0.38994800700000004,7500.0,6,0,1,0,0.0
100808,0,0.3364442,70,0,0.341045416,3500.0,10,0,0,0,1.0
100809,0,0.331606019,38,0,0.354546683,7400.0,14,0,1,0,1.0
100811,0,0.32796789,52,0,0.227365769,6350.0,11,0,2,0,0.0
100813,0,0.027288877000000003,63,0,0.00055454,110000.0,7,0,0,0,0.0
100814,0,0.052485245,64,0,0.41152949,3000.0,4,0,1,0,0.0
100815,0,0.106788026,50,0,611.0,,10,0,0,0,0.0
100816,0,0.038148115,69,0,38.0,,5,0,0,0,0.0
100817,0,0.008000901,41,0,1.490339773,1500.0,38,0,1,0,0.0
100818,0,0.45741401,49,0,0.269408266,9750.0,5,0,2,0,1.0
100819,0,0.522435722,35,0,0.48503670200000004,7083.0,8,0,2,0,0.0
100821,0,0.271240165,55,0,0.580578512,6775.0,8,0,3,0,2.0
100822,0,0.790202981,36,0,0.41284924100000003,7050.0,12,0,2,0,3.0
100823,0,0.42528580299999996,60,0,0.260734287,11248.0,8,0,2,0,0.0
100824,0,0.9999998999999999,26,0,0.0,,1,0,0,0,0.0
100825,0,0.543168962,77,0,0.69924338,1585.0,4,0,1,0,0.0
100826,0,0.535351754,47,0,0.41181258,8600.0,8,0,2,0,2.0
100827,0,0.177441128,73,0,1473.0,,6,0,2,0,0.0
100828,0,0.07540316,60,0,0.343496673,8264.0,22,0,2,0,1.0
100829,0,0.291878763,58,0,0.518952447,1450.0,8,0,0,0,0.0
100831,0,0.9201542640000001,32,0,0.17461055600000003,4300.0,3,0,0,0,1.0
100833,0,0.02631359,78,0,0.140204271,14000.0,11,0,2,0,0.0
100834,0,0.111677364,39,0,0.43730362799999994,3500.0,11,0,1,0,0.0
100836,0,0.6322591120000001,77,0,0.47420494700000004,4244.0,11,0,1,0,0.0
100837,0,0.739021742,37,0,1579.0,,12,0,0,0,3.0
100838,0,0.011909595,76,0,0.105527638,3780.0,14,0,1,0,0.0
100839,0,0.5958596629999999,51,1,0.499013208,6586.0,9,0,1,0,1.0
100840,0,0.067136254,52,0,63.0,,4,0,0,0,1.0
100841,0,0.012878398000000001,67,0,4173.0,,6,0,3,0,0.0
100842,0,0.0013568520000000002,52,0,0.529883844,4734.0,7,0,2,0,2.0
100843,0,0.00266654,74,0,0.00041339400000000003,2418.0,1,0,0,0,0.0
100844,0,0.711934156,50,0,0.228782288,2167.0,2,0,0,0,3.0
100847,0,0.266280175,51,0,0.38104976100000004,4400.0,6,0,1,0,0.0
100848,0,0.89912844,44,0,0.597564598,10100.0,11,0,2,0,2.0
100850,0,0.94312427,42,3,0.049196064000000005,12500.0,4,0,0,1,0.0
100851,0,0.7402344240000001,64,0,0.295231548,16000.0,12,0,1,0,0.0
100853,0,0.0,61,0,0.276430892,4000.0,7,0,0,0,0.0
100855,0,0.09824946400000001,57,0,0.32872841399999997,6369.0,5,0,2,0,0.0
100857,0,0.187640618,58,0,112.0,,1,0,0,0,0.0
100859,0,0.38241611,39,0,0.599547255,8834.0,10,0,2,0,2.0
100860,0,0.012037866000000001,72,1,0.266138709,4166.0,8,0,1,0,1.0
100862,0,0.032906053,75,0,0.27435387699999997,4023.0,8,0,1,0,2.0
100863,0,0.259666918,41,1,0.368285029,5416.0,13,0,2,0,2.0
100864,0,0.35677200200000003,30,0,0.155351937,2400.0,5,0,0,0,2.0
100865,0,0.04218572599999999,62,0,0.41365347700000005,14076.0,12,0,4,0,2.0
100866,0,0.011332861000000001,88,0,8.0,,6,0,0,0,0.0
100867,0,0.361031948,38,0,0.248943827,6390.0,4,0,1,0,1.0
100871,1,0.573821582,26,0,0.141716567,5510.0,9,0,0,0,1.0
100872,0,0.00504682,79,0,0.013409962,1565.0,21,0,0,0,0.0
100873,0,0.9871056020000001,76,0,0.509862199,3700.0,9,0,0,0,0.0
100874,0,0.048491663,38,0,0.52308627,3291.0,9,0,1,0,1.0
100875,1,0.9999998999999999,29,0,58.0,0.0,2,0,0,0,0.0
100876,0,0.7911403990000001,40,0,0.305173707,4000.0,16,0,0,0,0.0
100877,0,0.929649155,43,3,0.59075,3999.0,8,2,0,2,2.0
100878,0,0.64352228,39,0,0.315609895,7033.0,7,0,2,0,0.0
100881,0,0.10015525900000001,53,0,113.0,,2,0,0,0,0.0
100882,0,0.841886325,71,0,0.042563367000000005,23000.0,4,0,0,0,0.0
100884,0,0.9999998999999999,52,0,0.306553128,2700.0,3,2,1,0,3.0
100885,0,0.01003946,56,0,2977.0,,13,0,2,0,0.0
100886,0,0.009855735,67,0,0.18061291,4600.0,7,0,0,0,0.0
100888,0,0.045751336,39,0,0.273146813,3466.0,5,0,1,0,4.0
100889,0,0.669950739,50,2,0.5899653979999999,5201.0,12,0,2,2,2.0
100890,0,0.9999998999999999,45,1,0.121491734,2600.0,1,0,0,0,0.0
100892,0,0.161709124,62,2,0.38091796200000005,8300.0,7,0,1,0,0.0
100894,0,0.25341879,63,1,0.31376673,10459.0,14,0,1,0,0.0
100895,0,0.000397656,88,0,0.006951719,10500.0,12,0,0,0,0.0
100896,0,0.39083920200000005,35,0,0.695908733,5083.0,7,0,1,0,0.0
100897,0,0.359162631,24,0,0.108648414,2300.0,3,0,0,0,0.0
100899,0,0.834163366,49,1,0.572533484,5300.0,5,0,2,0,1.0
100900,0,0.015485355,89,1,0.002767017,1806.0,1,0,0,0,0.0
100901,0,0.009278799,59,1,2066.0,0.0,6,0,1,0,0.0
100902,0,0.671719895,59,1,0.680131987,10000.0,18,0,2,0,2.0
100903,0,0.238949639,65,1,0.33496012399999997,8400.0,11,0,1,0,1.0
100905,1,0.691900948,39,0,0.43293266700000005,9400.0,5,0,1,0,0.0
100907,0,0.008961982,44,0,0.201761103,2611.0,8,0,1,0,0.0
100909,1,0.975041597,34,3,0.119180088,3414.0,15,0,0,0,3.0
100911,0,0.171656687,31,1,0.34269099700000005,4986.0,4,0,1,0,3.0
100912,1,0.138749881,61,0,0.214430482,7400.0,16,1,1,0,0.0
100915,0,0.039888531,87,0,21.0,,4,0,0,0,
100917,1,0.730531912,57,0,0.541078487,7083.0,11,0,1,0,3.0
100918,0,0.060043235,71,0,551.0,,8,0,1,0,0.0
100919,0,0.658361705,60,0,0.30224403899999996,7129.0,11,0,1,0,0.0
100920,0,0.034309322999999996,34,0,0.032393521,3333.0,5,0,0,0,2.0
100922,0,0.065366618,66,0,0.248537573,6666.0,6,0,1,0,0.0
100923,0,0.0,78,0,814.0,,6,0,1,0,
100924,0,0.418869825,40,0,349.0,,4,0,0,0,3.0
100925,0,0.9999998999999999,28,0,0.276297335,1425.0,2,0,0,0,0.0
100926,0,0.143949506,40,0,0.206682112,8200.0,11,0,1,0,1.0
100928,0,0.095989335,52,0,1075.0,,11,0,1,0,1.0
100930,0,0.7394797809999999,40,2,0.46243930299999997,3500.0,14,0,0,0,0.0
100931,0,0.234859675,71,1,0.30207427600000003,8050.0,6,0,2,0,0.0
100933,0,0.421534575,47,0,0.381436427,6000.0,4,0,1,0,2.0
100935,0,0.0017092820000000001,72,0,0.64686529,5470.0,12,0,2,0,2.0
100938,0,0.0,87,0,0.0,,4,0,0,0,0.0
100939,0,0.9999998999999999,23,0,0.327227311,1200.0,1,0,0,0,0.0
100940,0,0.033370791000000004,49,0,0.057221314,63000.0,8,0,2,0,0.0
100941,1,0.322190835,31,2,0.049708605,2916.0,6,0,0,0,0.0
100943,0,0.0,82,0,0.000932836,3215.0,10,0,0,0,0.0
100944,0,0.419373196,51,0,0.236705702,10417.0,8,0,2,0,3.0
100946,0,0.609559363,46,0,5.051369863,583.0,8,0,2,0,2.0
100947,0,0.013848234,59,0,0.265303972,9490.0,12,0,2,0,0.0
100952,0,0.014507008,91,0,7.0,,1,0,0,0,
100954,0,0.006933025,85,0,4.0,,4,0,0,0,
100955,0,0.9999998999999999,33,0,199.0,1.0,1,0,0,0,0.0
100957,0,0.0,68,0,0.116941529,2000.0,12,0,0,0,0.0
100958,0,0.9999998999999999,39,0,0.8776284040000001,2900.0,14,0,6,2,1.0
100959,0,0.02599675,70,0,6.0,,5,0,0,0,0.0
100962,0,0.011195858999999999,66,0,928.0,,7,0,2,0,
100964,0,0.37720794700000004,67,0,0.27562564300000003,5833.0,7,0,1,0,0.0
100965,0,0.023850211,65,0,0.008748633,6400.0,9,0,0,0,0.0
100966,0,0.024876032000000003,59,0,72.0,,12,0,0,0,0.0
100968,0,0.021520802999999998,59,0,0.15285589300000002,8000.0,5,0,2,0,0.0
100969,0,0.0,23,0,0.0,2745.0,2,0,0,0,0.0
100970,0,0.002402441,54,0,0.254701262,4200.0,6,0,1,0,1.0
100971,0,0.01284566,64,0,0.207745738,4750.0,3,0,1,0,1.0
100972,0,0.008646925,88,0,0.0007057160000000001,7084.0,5,0,0,0,0.0
100974,0,0.394412849,50,0,0.377245509,500.0,5,0,0,0,0.0
100975,0,0.001255785,42,0,0.185611186,8867.0,7,0,1,0,2.0
100976,0,0.10272353699999999,66,0,0.061365128,9141.0,12,0,0,0,0.0
100977,0,0.007499625,53,0,1587.0,,7,0,2,0,0.0
100978,0,0.0060561669999999995,83,0,0.001333037,4500.0,2,0,0,0,0.0
100979,0,0.152092721,51,0,0.326749573,4100.0,6,0,1,0,2.0
100980,0,0.006602119,72,0,0.37570213399999997,6230.0,15,0,3,0,0.0
100981,0,0.002424939,59,0,0.320350443,10500.0,7,0,1,0,0.0
100982,0,0.89272345,47,0,0.439276486,8900.0,11,0,2,0,2.0
100983,0,0.0,65,0,0.026147015,2026.0,1,0,0,0,0.0
100985,0,0.020363118,54,0,2949.0,,8,0,2,0,0.0
100987,0,0.371810255,51,0,0.878635908,2990.0,7,0,2,0,0.0
100989,0,0.09897620800000001,40,0,0.244177841,4250.0,10,0,1,0,0.0
100990,0,0.143413178,46,0,0.298128426,15868.0,8,0,3,0,3.0
100992,0,0.010745581,61,0,0.00479872,3750.0,6,0,0,0,2.0
100993,1,0.566168052,41,0,0.741769673,8170.0,10,0,2,0,0.0
100994,0,0.46741795799999997,57,0,7.326038256,5802.0,17,0,1,0,0.0
100995,0,0.0,23,0,0.0,1.0,1,0,0,0,0.0
100996,0,0.014829428,27,0,13.0,,2,0,0,0,0.0
100997,0,0.528846421,55,0,0.760604583,2050.0,11,0,0,0,1.0
100998,0,0.86170461,45,0,0.75364927,5000.0,8,0,1,0,2.0
100999,0,0.681110478,55,0,0.9731940029999999,2200.0,15,0,2,0,1.0
101001,0,0.0,69,0,0.46626686700000003,2000.0,12,0,1,0,0.0
101002,0,0.499933588,54,1,0.328222532,16500.0,8,0,2,0,3.0
101005,0,0.0,43,1,0.409765039,6000.0,7,0,1,0,2.0
101006,0,0.375868539,44,0,0.54281744,5756.0,10,0,1,0,2.0
101009,0,0.12185424199999999,64,0,0.517548245,10000.0,7,0,2,0,0.0
101010,0,0.0,29,0,0.263194565,5740.0,7,0,2,0,1.0
101011,0,0.9975002079999999,34,1,0.122175565,5000.0,8,0,0,0,0.0
101014,0,0.36268557700000004,36,0,0.247596667,4680.0,8,0,0,0,0.0
101016,0,0.009462224,57,0,0.072733986,10833.0,10,0,1,0,1.0
101017,0,0.9999998999999999,46,0,0.312488638,5500.0,6,0,2,0,0.0
101018,1,1.00119976,32,0,2569.0,,9,1,1,2,0.0
101019,0,0.022048837999999998,67,1,0.029153828,4218.0,7,0,0,0,0.0
101020,0,0.558277869,45,0,0.163592323,5366.0,8,0,0,0,2.0
101021,0,0.024146346000000003,46,0,0.331600832,8657.0,10,0,1,0,2.0
101022,0,0.056250417999999996,30,0,0.523825392,3000.0,7,0,2,0,0.0
101024,0,0.8318994540000001,45,0,0.40741678299999995,7900.0,12,0,2,0,3.0
101025,0,0.9999998999999999,29,0,0.0,,0,0,0,0,
101026,0,0.809978298,41,0,1.365878041,3000.0,12,0,2,0,3.0
101027,1,0.44246554899999996,62,0,0.285027918,7700.0,11,0,1,0,1.0
101028,0,0.053426027,62,0,0.781954887,6250.0,8,0,3,0,1.0
101030,1,1.115884116,42,0,0.517814288,5416.0,5,0,1,0,2.0
101031,0,0.16051786699999998,55,0,0.23723627,6208.0,5,0,2,0,0.0
101032,0,0.9570699970000001,61,0,0.696871977,3100.0,7,0,2,0,0.0
101033,0,0.9999998999999999,33,0,0.045831672999999996,27600.0,5,0,1,0,0.0
101035,0,0.00019999299999999998,72,0,0.090756865,2985.0,5,0,0,0,0.0
101039,0,0.055428603,58,0,1.465790914,1826.0,14,0,2,0,0.0
101040,0,0.082109065,77,0,0.052379048,2500.0,11,0,0,0,0.0
101041,0,0.481752301,44,0,3878.0,,11,0,2,0,0.0
101042,0,0.845492937,55,1,0.38483912,5500.0,9,0,1,0,0.0
101043,0,0.663885973,53,1,1346.0,,7,0,1,0,0.0
101044,0,0.023298835,47,0,0.239152203,11983.0,5,0,2,0,3.0
101046,1,1.641196013,33,0,0.109659456,4668.0,3,3,0,1,3.0
101048,0,0.47843617899999996,61,0,0.119310531,3712.0,4,0,0,0,0.0
101049,0,0.50532477,36,0,1.044223328,1808.0,13,0,1,0,0.0
101052,0,0.104238452,58,0,0.11035694800000001,16500.0,8,0,1,0,3.0
101053,0,0.034306209,52,2,0.435753701,22833.0,15,0,2,0,2.0
101056,0,0.027344168,54,0,0.005223038,7083.0,5,0,0,0,1.0
101058,1,0.9999998999999999,32,0,0.0,5000.0,1,0,0,0,0.0
101060,0,0.102465487,45,0,0.533719487,4833.0,10,0,1,0,2.0
101061,0,0.031544021,64,0,0.420394901,4000.0,6,0,1,0,0.0
101062,0,0.10416531,43,0,0.284813962,8250.0,7,0,2,0,2.0
101063,0,0.070994084,63,0,25.0,,3,0,0,0,
101064,0,0.057747112999999996,59,0,0.215343012,7025.0,2,0,1,0,0.0
101065,1,0.025153342999999998,89,0,0.0016798660000000001,8333.0,3,0,0,0,0.0
101066,0,0.9999998999999999,55,1,0.12404418,3530.0,3,3,0,0,1.0
101068,0,0.167737773,75,1,1.009223674,1300.0,8,0,1,0,0.0
101069,0,0.710373545,48,0,0.880940715,2040.0,11,0,0,0,0.0
101070,0,0.507060334,52,0,0.057793923,9083.0,5,1,0,0,0.0
101071,0,0.0,61,0,0.225613234,3505.0,5,0,1,0,0.0
101072,0,0.128897671,53,0,0.104489551,10000.0,15,0,0,0,0.0
101074,0,0.9999998999999999,25,0,0.0,4665.0,0,0,0,0,0.0
101075,0,0.22916973,32,0,0.201925255,8829.0,6,0,1,0,1.0
101078,1,0.055916327,43,0,0.47960163200000006,8333.0,7,0,1,0,1.0
101082,0,0.019769294,55,0,0.064335664,2859.0,7,0,0,0,0.0
101083,0,0.017474032,22,0,5.0,0.0,4,0,0,0,0.0
101085,0,0.012553429,63,0,0.018392643,2500.0,10,0,0,0,0.0
101087,0,0.04212073,67,0,710.0,,14,0,1,0,0.0
101089,1,1.068965517,45,0,0.28345030600000004,4416.0,2,2,0,1,2.0
101090,1,0.9999998999999999,45,98,0.0,3600.0,0,98,0,98,0.0
101092,0,0.056242352999999995,33,0,0.177528988,2500.0,5,0,0,0,0.0
101093,0,0.126581025,64,0,0.216851097,5150.0,15,0,1,0,1.0
101095,0,0.028894559,56,0,0.140131278,6550.0,7,0,1,0,1.0
101096,0,0.0,42,2,0.46020761200000004,2600.0,6,1,1,1,2.0
101098,0,1.87e-05,61,0,0.249291785,6000.0,18,0,2,0,0.0
101099,1,1.0062041,54,2,0.7278694790000001,15690.0,15,0,2,0,3.0
101101,0,0.35170695799999996,47,0,0.632332745,5096.0,7,0,1,0,1.0
101102,0,0.159770178,64,2,0.15896676199999998,10800.0,15,0,2,0,0.0
101105,0,0.218476568,48,0,0.14143463,5422.0,6,0,0,0,3.0
101106,0,0.05034591099999999,52,0,1569.0,,10,0,2,0,0.0
101107,1,1.878292461,66,1,0.29475916399999996,3300.0,4,2,1,1,0.0
101109,0,0.087260862,62,0,0.544437665,4916.0,7,0,2,0,2.0
101110,0,0.006340043,75,0,0.197160568,5000.0,10,0,2,0,0.0
101111,0,0.262047549,60,0,0.360073555,8700.0,11,0,2,0,0.0
101113,1,0.898550725,46,2,0.7387939370000001,3100.0,17,0,1,0,2.0
101115,0,0.146346586,60,0,0.107100357,5041.0,6,0,1,0,0.0
101116,0,0.6150931479999999,40,0,0.15789473699999998,7200.0,6,0,0,0,3.0
101118,0,0.357347989,38,0,0.297896168,12500.0,9,0,1,0,3.0
101119,0,1.067572971,27,0,497.0,,5,0,0,1,0.0
101122,0,0.076116955,30,0,0.02539746,10000.0,3,0,0,0,0.0
101123,0,0.01739826,58,0,105.0,,6,0,1,0,0.0
101128,0,0.188074363,45,0,0.31600587399999996,6809.0,16,0,2,0,0.0
101129,0,0.035159179,57,0,0.332739761,3930.0,16,0,1,0,0.0
101130,0,1.040375615,60,0,0.5136170210000001,11749.0,10,0,1,0,1.0
101131,0,0.070670869,57,0,1867.0,,8,0,1,0,
101133,0,0.6740650579999999,28,0,0.411782803,6500.0,11,0,1,0,0.0
101134,0,0.000196558,75,0,0.186320276,4926.0,13,0,1,0,0.0
101138,0,0.19402655800000002,51,0,1.310163485,8746.0,21,1,6,0,0.0
101139,0,0.0,50,0,921.0,,4,0,1,0,0.0
101141,1,0.676928671,41,1,0.449091818,6000.0,11,0,2,0,1.0
101144,0,0.06917590700000001,60,0,0.22925232899999998,11916.0,14,0,1,0,1.0
101145,0,0.294061766,64,0,0.064650422,8166.0,4,0,0,0,0.0
101147,0,0.43971867600000003,53,0,0.534913517,1560.0,5,0,1,0,0.0
101148,0,0.0,29,1,2665.0,,9,0,1,0,0.0
101152,0,0.88556827,38,3,0.553937299,4050.0,12,0,0,1,1.0
101153,0,0.31625758600000003,60,0,0.428733032,4419.0,6,0,1,0,0.0
101154,0,0.836294416,53,0,0.025412088,1455.0,3,0,0,0,0.0
101155,0,0.048983122000000004,34,0,0.08970147099999999,7000.0,7,0,0,0,2.0
101158,0,0.147276648,34,0,2141.0,,7,0,2,0,0.0
101159,0,1.043900581,41,1,0.427596405,8790.0,7,0,2,0,1.0
101160,0,0.0,36,1,0.36257588399999996,8400.0,8,0,2,0,1.0
101161,0,0.136544204,69,0,1253.0,,8,0,1,0,1.0
101162,0,1.019981835,42,4,0.132698118,4302.0,8,0,0,0,1.0
101163,0,0.056883885999999995,52,0,0.27237821,12500.0,15,0,1,0,2.0
101164,0,0.040713986,78,0,0.029595902,7027.0,18,0,0,0,0.0
101165,0,0.730538922,29,0,0.150974838,6000.0,5,0,0,0,0.0
101166,1,0.856478431,47,0,1.3099225190000001,4000.0,16,0,2,0,0.0
101167,0,0.321796977,43,0,0.27864120800000003,4503.0,7,0,1,0,2.0
101169,0,0.227453811,26,0,0.139479341,4186.0,10,0,0,0,0.0
101170,0,0.0,65,0,0.203059388,3333.0,4,0,1,0,0.0
101171,0,0.184176237,47,0,0.843078461,2000.0,9,0,2,0,0.0
101173,0,0.125357938,34,0,3369.0,,6,0,2,0,0.0
101174,0,0.04979668,35,0,0.24115177,5000.0,5,0,2,0,3.0
101175,0,0.263886978,73,0,0.21659446899999998,3000.0,8,0,1,0,0.0
101176,0,0.8422063120000001,33,0,0.508317426,7333.0,9,0,2,0,2.0
101178,0,0.29218443899999996,52,0,5980.0,,20,0,1,0,4.0
101179,0,0.096537644,68,0,0.430909516,4276.0,6,0,2,0,0.0
101181,0,0.0,43,0,0.221530941,9000.0,4,0,1,0,0.0
101183,0,0.0,29,0,0.10401136,8450.0,10,0,1,0,0.0
101184,0,0.694365282,41,0,0.916389812,5417.0,7,0,2,0,2.0
101185,0,0.9999998999999999,49,0,0.18363118399999998,3860.0,0,0,0,0,2.0
101186,0,0.000945567,75,0,4.0,,5,0,0,0,0.0
101187,0,0.9999998999999999,26,0,0.016661113,3000.0,0,2,0,1,0.0
101188,0,0.546829385,43,0,0.681233933,3500.0,14,0,0,0,2.0
101189,0,0.101431411,68,0,0.317276273,9486.0,12,0,2,0,0.0
101196,0,0.932269247,44,0,1469.0,,6,0,0,0,2.0
101199,0,0.0,61,0,0.0,,4,0,0,0,0.0
101202,1,1.4827586209999999,36,1,38.0,,4,0,0,0,0.0
101203,0,0.122711364,49,0,0.361396304,5843.0,5,0,2,0,2.0
101204,0,0.184534198,38,0,0.22270599800000002,9186.0,12,1,1,0,0.0
101205,0,0.495094625,30,0,0.846049355,4416.0,18,0,1,0,0.0
101207,0,0.020173211,45,0,0.23264575699999998,10616.0,6,0,2,0,3.0
101208,0,0.15627374900000002,77,0,0.309138505,4201.0,3,0,0,0,0.0
101209,0,0.53439132,66,1,0.464564565,3329.0,9,0,0,0,0.0
101210,0,0.23870896100000003,43,1,0.488547843,8600.0,16,0,2,0,1.0
101211,0,0.042559894,73,1,0.10237120300000001,10500.0,17,0,1,0,0.0
101212,0,0.8742721259999999,60,0,0.251392658,14001.0,6,0,2,0,0.0
101213,0,0.809916594,56,0,0.47327023100000004,7500.0,12,0,2,0,1.0
101214,0,0.764961784,36,0,0.30211445600000003,8701.0,10,0,1,0,2.0
101217,0,0.010674503,57,0,0.004581152,4583.0,5,0,0,0,1.0
101220,1,0.7206567159999999,68,0,1473.0,,13,0,0,0,0.0
101221,0,0.519018463,46,0,0.20268247399999997,16700.0,14,0,2,0,0.0
101223,0,0.0005742459999999999,41,0,0.08849115099999999,10000.0,9,0,0,0,0.0
101224,0,0.292141572,30,0,0.163278907,3000.0,5,0,0,0,3.0
101225,0,0.472691463,39,2,11.16605086,4600.0,26,0,1,0,2.0
101226,0,0.128065682,63,0,0.265778738,8333.0,5,0,1,0,0.0
101227,0,0.153828105,41,0,0.42137054799999996,4800.0,22,0,1,0,4.0
101228,0,0.002065439,31,0,0.000135117,7400.0,7,0,0,0,1.0
101229,0,0.014142183999999999,63,0,8.0,,3,0,0,0,0.0
101232,0,0.116315469,44,0,0.33493762899999996,10180.0,7,0,2,0,3.0
101234,0,0.093786491,59,0,1181.0,,4,0,1,0,0.0
101235,0,0.61038961,64,1,0.254846213,3868.0,6,0,0,0,0.0
101236,0,0.355284618,70,0,1.112468408,2373.0,8,0,1,0,1.0
101237,0,0.0,88,0,150.0,,4,0,0,0,0.0
101238,0,0.9999998999999999,67,0,0.003151117,7298.0,0,0,0,0,1.0
101240,0,0.081598419,63,0,0.20084686,7084.0,7,0,1,0,0.0
101241,0,0.9999998999999999,28,98,0.019300361999999998,1657.0,0,98,0,98,1.0
101242,0,0.019604151,51,0,0.43977540299999995,5520.0,10,0,1,0,2.0
101243,1,0.177257136,51,0,0.432995976,8200.0,14,0,2,0,4.0
101244,0,0.007599493000000001,29,0,0.38641344,5475.0,8,0,1,0,0.0
101246,0,0.22397642399999998,64,0,0.39127718100000003,8001.0,6,0,2,0,0.0
101247,0,0.030730208,65,0,40.0,,9,0,0,0,0.0
101248,0,0.204173477,63,0,2986.0,,12,0,1,0,0.0
101249,0,0.030631619,64,0,1.044129892,1200.0,3,0,1,0,0.0
101251,0,0.704347265,65,0,0.313239308,17583.0,11,0,1,0,0.0
101252,0,0.668669775,40,1,0.42383846299999994,5100.0,7,0,1,0,2.0
101254,0,0.439579616,59,0,0.756109482,2045.0,10,0,1,0,0.0
101255,0,0.09890325800000001,41,0,0.21704670199999998,8200.0,18,0,3,0,0.0
101256,0,0.108214206,35,0,0.617283951,1700.0,4,0,1,0,1.0
101257,0,0.875905391,28,0,0.144501666,3300.0,4,0,0,0,0.0
101258,0,0.308487617,39,1,0.192076945,10500.0,30,0,2,0,0.0
101259,0,0.030995448999999998,34,1,0.028810141,3470.0,13,0,0,0,0.0
101260,0,0.502021133,47,1,0.543497364,2275.0,9,0,0,0,2.0
101261,0,0.008999719,61,0,0.35803497100000004,1200.0,9,0,1,0,0.0
101263,0,0.029389531,43,0,1866.0,,10,0,1,0,0.0
101264,1,0.682764363,46,0,1462.0,,5,1,1,0,0.0
101265,0,0.011213485,74,0,8.0,,7,0,0,0,0.0
101267,0,0.027053057999999998,47,0,0.184312687,11333.0,6,0,1,0,2.0
101269,0,0.0,66,0,0.10945207300000001,7500.0,10,0,0,0,0.0
101271,0,0.219958645,51,0,0.470816148,8000.0,12,0,3,0,0.0
101272,0,0.191037504,62,0,0.24829367300000002,5420.0,6,0,1,0,0.0
101273,0,0.13406913199999998,63,0,0.211865948,16500.0,14,0,1,0,1.0
101275,0,0.516176898,37,0,2491.0,,11,0,0,0,0.0
101277,0,0.059765534,70,0,2087.0,,16,0,2,0,1.0
101279,1,0.819911869,55,1,0.7363465159999999,2123.0,18,0,1,0,1.0
101280,0,0.49784698299999997,38,0,0.37724982,4166.0,5,0,1,0,2.0
101281,0,0.9999998999999999,36,0,0.51109778,3333.0,4,0,2,0,0.0
101282,0,1.00742751,43,0,0.536492701,5000.0,7,0,1,0,1.0
101284,0,0.016644087,48,0,0.28069847800000003,10708.0,9,0,3,0,1.0
101287,0,0.013491068,56,0,0.008529742,4454.0,4,0,0,0,1.0
101288,0,0.954760652,50,1,0.167095116,3500.0,5,0,0,0,5.0
101290,0,0.28643737199999997,49,0,1.288742252,5000.0,15,0,2,0,0.0
101291,0,0.31815643899999996,54,0,0.21865544,7600.0,20,0,0,0,0.0
101292,0,0.0,74,0,0.0,,3,0,0,0,0.0
101294,0,0.026680405,48,0,0.232529375,4850.0,6,0,1,0,0.0
101295,0,0.512778795,49,1,0.25905718,18327.0,11,0,1,0,3.0
101297,0,0.01775785,72,0,0.0043134440000000005,8345.0,5,0,0,0,0.0
101298,0,0.9999998999999999,62,0,0.136604775,3015.0,4,0,2,0,0.0
101299,0,0.0,59,0,149.0,,1,0,0,0,
101300,0,0.029723571,81,0,0.033919826,5512.0,11,0,1,0,0.0
101303,1,0.531490869,44,0,0.37380374200000005,7000.0,10,0,2,0,5.0
101306,1,0.070117666,32,0,2059.0,,15,0,1,0,0.0
101307,1,0.888211179,53,7,0.478577674,3430.0,13,3,1,4,0.0
101308,0,0.824174066,38,0,0.217650962,6027.0,5,0,0,0,0.0
101309,0,0.041278349,43,0,0.5063528429999999,4800.0,5,0,1,0,1.0
101310,0,0.0,30,0,0.0,2500.0,2,0,0,0,0.0
101311,0,0.037686597999999995,52,1,0.187230175,4400.0,21,0,1,0,0.0
101312,0,0.626745775,44,0,0.48078204799999996,4500.0,4,0,1,0,3.0
101314,0,0.014192575,35,0,0.06427379,2395.0,4,0,0,0,0.0
101315,0,0.0,59,0,1311.0,,9,0,2,0,0.0
101316,0,0.586703683,71,3,0.579684063,5000.0,14,0,1,0,0.0
101318,0,0.8243648990000001,55,2,959.0,0.0,5,1,0,0,0.0
101319,1,0.6621388429999999,65,1,0.24183775,11056.0,8,0,2,0,3.0
101320,0,0.066239594,55,0,0.046655558,4200.0,14,0,0,0,1.0
101321,1,0.023198102999999998,33,0,0.398042075,4800.0,5,0,1,0,1.0
101322,1,0.817204301,36,2,0.27683197600000004,1350.0,9,0,0,0,1.0
101323,0,0.33645824799999996,55,2,0.6689522179999999,4666.0,17,0,3,0,0.0
101324,0,0.611322322,43,0,0.360931126,4166.0,8,0,1,0,1.0
101325,0,0.408080535,45,0,0.223178337,12666.0,3,0,1,0,1.0
101326,0,0.019556245,53,0,0.21384186800000002,4666.0,15,0,1,0,0.0
101327,0,0.10299141699999999,71,0,0.011996001000000001,3000.0,2,0,0,0,0.0
101329,0,0.126072916,41,0,0.49214277,8208.0,8,0,2,0,3.0
101330,0,0.100980827,55,0,3484.0,,11,0,1,0,2.0
101331,0,0.00893882,30,0,0.900392717,2800.0,16,0,2,0,0.0
101334,0,0.31191462600000003,52,0,0.28829637199999997,7800.0,14,0,1,0,3.0
101336,0,0.174756357,41,0,164.0,,2,0,0,0,0.0
101337,0,0.05740843,34,0,2.159680639,500.0,12,0,1,0,2.0
101338,0,0.620064135,57,1,0.10652883099999999,45367.0,12,0,1,0,1.0
101340,0,0.01802767,41,0,0.005891805,5600.0,9,0,0,0,0.0
101344,0,0.062422350999999994,53,0,0.39530502799999995,6900.0,5,0,1,0,1.0
101345,0,0.026950377999999997,67,0,1910.0,,7,0,1,0,
101347,0,0.0,58,0,0.137829219,8466.0,5,0,1,0,0.0
101348,0,0.0,38,0,0.8802985870000001,3750.0,12,0,1,0,3.0
101349,0,0.001118696,86,0,0.000428082,2335.0,4,0,0,0,0.0
101350,0,0.00193061,36,0,0.08589933,8800.0,5,0,0,0,2.0
101351,0,0.9999998999999999,40,0,0.362482146,6300.0,4,0,2,0,3.0
101352,0,0.749379653,48,0,0.252682036,4380.0,10,1,0,0,0.0
101353,0,0.859775917,40,0,0.299381124,3877.0,8,0,0,0,1.0
101354,0,0.9999998999999999,61,0,9.0,0.0,3,0,0,0,0.0
101356,0,0.270416695,59,0,2164.0,,9,0,1,0,1.0
101358,0,0.046134364000000004,64,0,0.077992373,8128.0,7,0,1,0,0.0
101361,0,0.058027304,39,0,0.363527295,5000.0,9,0,1,0,0.0
101365,0,0.9999998999999999,42,0,0.065733567,4000.0,1,0,0,0,1.0
101367,0,0.108005387,59,0,0.126819004,33740.0,15,0,1,0,0.0
101368,0,0.639122681,69,0,0.580963046,4464.0,6,0,1,0,0.0
101369,0,0.023766336000000002,37,0,0.39868869,7930.0,6,0,3,0,0.0
101372,0,0.159765943,50,1,0.9078295340000001,2017.0,10,0,1,0,0.0
101373,0,0.070388792,60,0,824.0,,6,0,1,0,0.0
101374,0,0.080200618,60,0,0.26387026,8200.0,12,0,1,0,2.0
101377,0,0.12319192300000001,65,0,0.18470512,10800.0,7,0,2,0,0.0
101378,0,0.01521679,41,0,0.236357435,5863.0,7,0,2,0,3.0
101380,0,0.538922156,32,0,0.004514673,1771.0,1,0,0,0,0.0
101381,0,0.11119444,55,0,0.016495876,4000.0,2,0,0,0,0.0
101383,0,0.51497006,23,0,0.004663558,1500.0,1,0,0,0,0.0
101384,0,0.0,27,0,0.863560732,600.0,5,0,0,0,0.0
101385,0,0.9999998999999999,43,1,29.0,,0,0,0,0,0.0
101386,0,0.002228529,57,0,0.45840708,5084.0,10,0,1,0,1.0
101388,0,0.9999998999999999,62,1,0.374202806,6271.0,4,0,2,0,0.0
101389,0,0.616027899,52,0,0.454594771,9216.0,6,0,2,0,0.0
101390,0,0.936177002,58,0,0.357091844,7000.0,11,1,0,0,0.0
101392,0,0.041334513999999996,61,0,150.0,,10,0,0,0,0.0
101393,0,0.010873243999999999,71,0,0.00619876,5000.0,13,0,0,0,0.0
101397,0,0.23803331600000002,63,0,0.5204787999999999,6933.0,18,0,3,0,1.0
101399,0,0.020530596,84,0,0.386333184,2238.0,2,0,1,0,0.0
101400,0,0.9999998999999999,53,0,0.0,690.0,0,0,0,0,0.0
101401,0,0.024281504,45,0,0.252504756,7884.0,12,0,2,0,0.0
101402,0,0.47326468899999996,84,0,0.718954248,5966.0,17,0,2,0,0.0
101403,0,0.025934653,49,0,0.229888432,3405.0,13,0,0,0,3.0
101405,0,0.05289988599999999,40,0,0.292478274,3336.0,5,0,0,0,1.0
101406,0,0.9999998999999999,41,0,2963.0,,5,0,1,0,0.0
101410,0,0.009256444,67,0,0.310250257,8750.0,5,0,2,0,0.0
101411,0,0.829308535,29,1,0.33478414300000003,8500.0,11,0,0,0,2.0
101413,0,0.034148292999999996,36,0,0.222702184,4166.0,4,0,0,0,0.0
101414,0,0.005506036999999999,46,0,0.249779833,9083.0,4,0,2,0,0.0
101415,0,0.700880403,47,0,0.484765491,2920.0,4,0,1,0,0.0
101417,0,0.6890155490000001,54,0,0.200851799,16200.0,5,0,1,0,2.0
101418,0,0.0,80,0,0.0,,3,0,0,0,
101419,0,0.022466817000000004,66,0,0.38932213600000004,5000.0,23,0,1,0,0.0
101420,0,0.574030426,30,0,0.322085117,3970.0,9,0,1,0,0.0
101421,1,0.032101627,66,0,0.372868954,13666.0,7,1,1,0,1.0
101422,0,0.42520380700000004,36,0,0.7093049579999999,4416.0,9,0,1,0,0.0
101423,1,0.8282680459999999,42,4,9638.0,,14,0,4,1,1.0
101425,0,0.42358876799999995,82,0,1.4256572980000002,4411.0,16,0,3,0,1.0
101427,0,0.135891287,70,0,0.140747176,1150.0,3,0,0,0,0.0
101429,0,0.9999998999999999,30,0,0.019396121000000002,5000.0,1,1,0,0,1.0
101431,0,0.089850094,50,0,0.489930996,7100.0,10,0,1,0,2.0
101432,0,0.8549211290000001,45,2,0.195070792,3813.0,11,0,0,1,3.0
101433,0,0.041857583,62,0,0.5388675620000001,2083.0,13,0,1,0,0.0
101435,0,0.0062833640000000005,62,0,2796.0,,21,0,1,0,0.0
101436,0,0.073792621,32,0,0.480890661,6017.0,3,0,1,0,2.0
101437,0,0.012034184,89,0,0.001499625,4000.0,4,0,0,0,0.0
101438,0,0.177724254,48,0,485.0,,9,0,0,0,0.0
101439,0,0.007368245,34,0,0.093490651,10000.0,8,0,0,0,1.0
101442,0,0.010120015,57,0,1343.0,,12,0,1,0,0.0
101443,0,0.151562684,44,0,0.375337187,2594.0,9,0,1,0,0.0
101444,0,0.02573432,66,0,2023.0,,7,0,1,0,1.0
101446,0,0.30078620300000003,69,0,0.077297083,10077.0,5,0,0,0,0.0
101448,0,0.376566801,40,0,4212.0,,9,0,1,0,3.0
101449,0,0.21099258199999998,56,2,0.5084983000000001,5000.0,7,0,1,1,2.0
101450,0,0.04766490599999999,63,0,2037.0,,12,0,1,0,0.0
101453,0,0.117882822,49,0,0.311307391,12000.0,13,0,2,0,2.0
101454,0,0.123950974,54,1,0.558198274,4750.0,12,0,2,0,0.0
101456,0,0.340150895,50,0,0.341180604,2845.0,13,0,1,0,0.0
101459,0,0.07399444200000001,62,0,0.330797653,4600.0,9,0,2,0,1.0
101460,0,0.11176310199999999,68,0,0.13771972300000002,6200.0,8,0,0,0,0.0
101461,0,0.953463588,53,0,0.048472244000000005,6250.0,5,0,0,0,0.0
101464,0,0.001478514,51,0,0.000312451,6400.0,6,0,0,0,3.0
101465,0,0.670582354,37,1,0.92575671,1750.0,8,0,1,0,2.0
101466,0,0.9999998999999999,48,0,0.289402174,2207.0,3,0,0,0,1.0
101467,0,0.169839044,66,0,0.19591221600000003,10616.0,19,0,1,0,0.0
101468,0,0.072866427,57,0,0.21771065399999998,12116.0,10,0,3,0,0.0
101470,0,0.067720742,48,0,0.252216563,5300.0,5,0,1,0,1.0
101471,0,0.7669076990000001,34,2,0.021596859,4583.0,3,0,0,1,0.0
101472,0,0.09062102300000001,50,0,0.770787042,8550.0,5,0,3,0,3.0
101473,1,0.217953902,51,0,0.451726746,11900.0,18,1,2,1,0.0
101474,0,0.095066129,38,0,0.459108178,5000.0,19,0,1,0,0.0
101476,0,0.445005441,58,0,0.31666877600000004,7900.0,11,0,1,0,0.0
101477,0,0.029567468,78,0,0.329981846,7160.0,7,0,1,0,0.0
101478,0,0.7896210379999999,46,1,0.604499511,6133.0,8,0,2,0,2.0
101479,0,0.13646672,46,0,0.11798689,9000.0,8,0,0,0,5.0
101480,0,0.08845473400000001,54,0,0.235614715,9540.0,8,0,2,0,0.0
101481,0,0.061534346,30,0,0.243939015,4000.0,8,0,0,0,0.0
101483,0,0.40878257799999995,42,1,0.46289248299999997,2101.0,4,0,1,0,3.0
101484,0,0.9999998999999999,44,1,0.670828604,880.0,5,1,0,2,0.0
101485,0,0.025985476,73,0,0.233529727,5600.0,4,0,1,0,0.0
101486,0,0.56794181,33,0,0.243784748,9532.0,13,0,0,0,1.0
101488,1,0.8939005640000001,37,1,0.096197595,3076.0,4,1,0,0,0.0
101489,0,0.049705424000000005,52,1,1.181917211,6425.0,18,0,2,0,0.0
101490,0,0.059155161,75,0,0.025338832999999998,3393.0,6,0,0,0,0.0
101491,0,0.16515769800000002,52,0,0.32591623,4583.0,9,0,1,0,0.0
101492,0,0.0,34,0,0.1088,3124.0,6,0,0,0,0.0
101493,0,0.253723229,44,0,0.39566855,5309.0,4,0,1,0,4.0
101494,1,0.9999998999999999,53,6,2462.0,,4,2,1,1,0.0
101496,0,0.29555957899999996,44,0,0.161834226,6345.0,14,0,1,0,0.0
101497,1,0.6296170329999999,46,5,0.408518296,5000.0,13,1,2,0,0.0
101499,0,0.0,22,0,0.0,820.0,2,0,0,0,0.0
101500,0,0.835893717,39,0,1.07182525,2700.0,7,0,2,0,2.0
101501,0,0.09882872300000001,39,0,0.251961237,6500.0,9,0,1,0,3.0
101503,0,0.16339183,33,0,0.228554289,5000.0,6,0,0,0,0.0
101504,1,1.108420351,48,0,0.16522041,2880.0,4,2,0,2,2.0
101505,0,0.234244903,46,0,0.24822039399999998,21633.0,16,0,2,0,8.0
101506,0,0.392419045,59,2,0.701660622,5238.0,8,0,2,0,1.0
101507,0,0.014380634,63,0,0.020652898,1500.0,7,0,0,0,0.0
101508,0,0.594677486,53,0,0.422878381,4842.0,9,0,1,0,0.0
101510,0,0.032967033,58,0,0.11670595,14000.0,11,0,1,0,0.0
101511,0,0.026495444,61,0,984.0,0.0,5,0,1,0,0.0
101514,0,0.00524919,78,0,49.0,0.0,9,0,0,0,0.0
101515,0,0.23717010100000002,42,0,0.222081886,9500.0,5,0,1,0,2.0
101516,0,0.9999998999999999,57,0,3114.0,,4,0,1,0,0.0
101517,1,0.816980319,35,3,0.8107983390000001,6500.0,11,0,1,0,2.0
101518,0,0.221170345,41,0,2287.0,,6,0,1,0,0.0
101519,0,0.969515242,32,1,0.166119501,4568.0,3,0,0,0,0.0
101521,0,0.9999998999999999,50,0,0.001499875,12000.0,0,5,0,0,2.0
101522,0,0.150406011,40,1,0.116376725,5000.0,4,0,0,1,2.0
101524,0,0.085067268,33,0,1863.0,,8,0,1,0,0.0
101525,1,0.9999998999999999,53,1,758.0,,3,0,0,0,1.0
101526,0,1.045814244,34,2,0.25922399399999996,4200.0,3,0,0,0,3.0
101527,0,0.038296107,60,0,1983.0,,10,0,1,0,
101528,0,0.0,86,0,0.0,3250.0,5,0,0,0,0.0
101530,0,1.001817961,60,0,392.0,,6,0,0,0,0.0
101532,0,0.02010836,58,0,0.286350537,7633.0,7,0,2,0,3.0
101534,0,0.026950798999999998,42,0,0.076173725,7390.0,4,0,0,0,2.0
101535,0,0.563865769,44,0,0.317780794,5893.0,6,0,2,0,0.0
101536,0,0.8520227659999999,55,0,0.08329367,2100.0,3,0,0,0,0.0
101537,0,0.008353164,40,0,0.065586883,5000.0,5,0,0,0,2.0
101538,1,0.829349586,53,1,906.0,,18,0,0,0,0.0
101539,0,0.233883058,24,0,0.012715931000000001,4167.0,1,0,0,0,0.0
101542,0,0.510078633,57,1,4215.0,,9,0,2,0,2.0
101543,0,0.06476179,50,0,0.409693545,4600.0,22,0,2,0,0.0
101544,0,0.6876912690000001,41,1,0.815312378,7666.0,10,0,2,0,2.0
101545,0,0.778083717,61,0,0.390075299,8100.0,11,0,0,0,0.0
101546,0,0.25258401,47,0,0.32775297600000003,2687.0,7,0,0,0,2.0
101547,0,0.238648109,49,0,0.265718729,4500.0,8,0,0,0,0.0
101548,0,0.626994093,44,1,416.0,,10,0,0,0,
101549,1,1.017137961,49,4,0.723868388,5500.0,6,3,1,2,0.0
101550,0,0.055310637999999995,86,0,0.020998091,3666.0,10,0,0,0,0.0
101552,0,0.265081658,48,1,128.0,,3,0,0,0,0.0
101553,0,0.5285934760000001,69,0,0.289022866,13600.0,16,0,3,0,1.0
101555,0,0.835190853,68,2,0.572937522,14484.0,24,0,4,0,1.0
101556,0,0.015033446,78,0,0.001469148,4083.0,3,0,0,0,0.0
101557,0,0.053789425,73,0,0.483246978,2894.0,4,0,0,0,0.0
101559,0,0.01967167,80,0,1879.0,,8,0,1,0,
101561,0,0.0,81,0,0.0,,2,0,0,0,0.0
101563,1,0.9999998999999999,36,0,0.077479779,2348.0,2,0,0,2,5.0
101564,0,0.199289868,52,0,0.394883858,3400.0,10,0,1,0,1.0
101566,0,1.021795641,35,0,0.052451147999999996,2916.0,1,0,0,0,0.0
101567,0,0.212644497,49,0,0.361556064,6991.0,15,0,2,0,0.0
101568,0,0.94041527,41,0,0.517911691,3600.0,4,0,2,0,0.0
101569,0,0.24918906100000002,63,0,0.493305545,15833.0,18,0,2,0,1.0
101570,0,0.134360583,54,0,2452.0,,10,0,1,0,0.0
101571,0,0.17697052600000002,63,0,0.5691788529999999,5333.0,24,0,2,0,1.0
101572,0,0.5544120229999999,70,1,0.35550287,8013.0,9,0,1,0,0.0
101573,0,0.9842040679999999,39,0,0.269473256,9833.0,12,0,0,0,0.0
101575,0,0.024448189,62,0,0.028766455,2050.0,6,0,0,0,1.0
101576,0,0.239906815,54,0,0.54038282,4283.0,7,0,1,0,0.0
101577,0,0.053381757,67,0,0.016767095,3816.0,5,0,0,0,0.0
101578,0,0.353191937,28,0,1305.0,0.0,7,0,0,0,0.0
101581,0,0.09193141199999999,39,0,0.582649054,2800.0,7,0,1,0,0.0
101582,0,1.024765421,64,3,0.452886248,2355.0,8,0,1,0,0.0
101583,0,0.11490659199999999,74,0,0.177482191,17967.0,8,0,2,0,0.0
101584,0,0.23995932899999997,39,0,0.086294416,6500.0,7,0,0,0,2.0
101585,0,0.08504163,55,0,0.405671296,5183.0,5,0,1,0,0.0
101586,0,0.008244009,50,0,0.098654324,11666.0,6,0,1,0,0.0
101587,0,0.0,61,0,0.43593772299999994,7000.0,10,0,2,0,2.0
101589,0,0.0,27,0,64.0,,1,0,0,0,0.0
101593,0,0.16062406699999998,46,0,0.266563147,3863.0,9,0,0,0,1.0
101595,0,0.017473552,42,0,0.10067229800000001,5800.0,7,0,0,0,2.0
101597,0,0.03736726,67,0,0.206574996,6326.0,11,0,1,0,1.0
101598,0,0.029399347000000003,71,0,0.24812030100000002,6250.0,9,0,1,0,0.0
101599,0,0.0,82,0,0.0,,9,0,0,0,
101600,0,0.015050875,42,0,2297.0,,12,0,2,0,3.0
101601,1,0.735627921,41,1,1.008330556,3000.0,4,0,2,0,0.0
101603,1,0.172321257,48,0,0.668495029,2916.0,7,0,1,0,0.0
101605,0,0.041876763,89,0,14.0,,3,0,0,0,
101606,0,0.00028301,55,0,0.0,1468.0,6,0,0,0,3.0
101607,0,0.17395208399999998,44,0,4647.0,,4,0,1,0,0.0
101608,0,0.026140702999999998,34,0,1681.0,,7,0,1,0,0.0
101609,0,0.046867609000000005,36,0,0.272411548,9213.0,11,0,1,0,1.0
101610,0,0.40191854299999996,40,0,148.0,,2,0,0,0,0.0
101612,0,0.170399422,54,0,2.7624903919999997,1300.0,13,0,2,0,0.0
101613,0,0.8806233459999999,57,3,0.183949146,7550.0,4,0,2,0,0.0
101614,0,0.052804012000000004,56,0,5388.0,,21,0,2,0,0.0
101617,0,0.064882845,66,0,0.336486215,4968.0,8,0,2,0,0.0
101619,0,0.126869936,58,0,0.417824466,2950.0,13,0,1,0,2.0
101620,0,0.9999998999999999,50,1,0.385407066,6509.0,8,0,2,0,0.0
101621,0,0.0,32,0,0.233989267,2794.0,2,2,0,0,2.0
101622,0,0.539585611,49,2,0.46336000000000005,6249.0,11,0,2,0,0.0
101623,0,0.492469925,39,1,0.428855439,3520.0,5,0,0,0,1.0
101624,0,0.060342215,51,0,0.022814663,3900.0,4,0,0,0,0.0
101625,0,0.0,48,0,6.0,,11,0,0,0,0.0
101626,0,0.026155352000000003,68,0,0.006734006999999999,9800.0,6,0,0,0,0.0
101628,0,0.9813669770000001,44,0,0.37562248,12650.0,4,0,2,0,3.0
101629,0,1.017964072,23,0,0.006815084,2200.0,1,0,0,0,0.0
101630,0,0.9999998999999999,49,0,0.155084492,10000.0,3,0,1,0,0.0
101631,0,0.49372014,29,0,0.968880455,2634.0,12,0,1,1,1.0
101632,1,0.511395442,30,0,0.205544287,1478.0,2,0,0,0,0.0
101634,0,0.961321547,43,0,2387.0,,2,0,1,0,2.0
101635,1,0.333931904,40,1,0.6538561860000001,11500.0,13,0,6,0,1.0
101636,0,0.027327201000000002,71,0,648.0,,16,0,1,0,0.0
101637,0,0.097867135,59,0,0.025079799,2192.0,3,0,0,0,0.0
101639,0,0.0,62,0,0.0013633270000000001,4400.0,3,0,0,0,2.0
101641,0,0.587098059,72,1,0.270818455,7000.0,23,0,1,0,0.0
101642,0,1.811459027,64,0,0.318953203,17500.0,11,0,3,0,1.0
101643,0,0.539652975,27,0,0.149260849,2096.0,8,0,0,0,3.0
101644,1,0.9999998999999999,27,0,0.154342845,4800.0,4,1,0,0,0.0
101645,0,0.0,39,0,0.275649267,11666.0,11,0,2,0,1.0
101646,0,1.013986014,54,1,0.36340914799999996,4000.0,3,2,1,0,1.0
101647,1,0.521113305,50,1,0.478695585,6500.0,11,1,2,0,3.0
101648,0,0.509547164,40,0,1932.0,,7,0,1,0,0.0
101649,0,0.9999998999999999,36,0,0.070403147,5084.0,2,0,0,0,0.0
101650,0,0.051630498,33,0,3300.0,,13,0,1,0,1.0
101651,0,0.43359820600000004,50,0,0.29144029899999996,8282.0,15,0,1,0,1.0
101652,0,0.07501927,73,0,0.021948524,6332.0,14,0,0,0,0.0
101653,0,0.004666569000000001,65,0,6.0,,5,0,0,0,
101655,0,0.075824665,39,0,0.040986922,7416.0,26,0,0,0,1.0
101656,0,0.053113935,60,0,0.221529745,3529.0,8,0,0,0,0.0
101657,0,0.001212121,62,0,1116.0,0.0,13,0,1,0,0.0
101658,0,0.09375605599999999,75,0,72.0,,3,0,0,0,0.0
101659,0,0.234995481,71,0,0.191902215,13089.0,8,0,2,0,0.0
101662,0,0.5538449329999999,56,0,0.207792208,1000.0,5,0,0,0,0.0
101663,0,0.046771888,52,1,0.19897684399999999,7427.0,8,0,1,0,3.0
101664,0,0.023375052,76,0,0.45446642,4600.0,14,0,1,0,0.0
101665,0,0.58782763,47,0,0.091613548,8000.0,5,0,0,0,2.0
101666,1,0.563502072,50,3,0.6722979459999999,5208.0,8,1,1,0,0.0
101668,0,0.06514261,38,1,0.277918323,8300.0,11,0,1,0,0.0
101671,0,0.023410032999999997,68,0,0.003514377,9389.0,6,0,0,0,0.0
101672,0,0.687014428,54,1,0.5338714960000001,9166.0,12,0,4,0,2.0
101674,0,0.031065286,54,0,2021.0,,4,0,1,0,0.0
101676,0,0.9999998999999999,39,0,0.180781617,11488.0,6,0,1,0,2.0
101679,0,0.846696661,47,0,0.390951276,2585.0,8,0,0,0,0.0
101680,0,0.014102802,79,0,82.0,,6,0,0,0,0.0
101681,0,0.044766138,50,0,0.21794638,5482.0,11,0,1,0,2.0
101683,0,0.476960179,56,0,496.0,,5,0,0,0,1.0
101685,0,0.055683234000000005,53,1,1907.0,,9,0,1,0,2.0
101686,0,0.0,69,0,0.266748712,13000.0,4,0,1,0,0.0
101689,0,0.006463218000000001,61,0,313.0,1.0,6,0,1,0,0.0
101690,0,0.190976128,96,0,0.029980013,1500.0,1,0,0,0,0.0
101691,0,0.050226703,63,0,0.060367454,8000.0,9,0,0,0,2.0
101692,0,0.406711539,49,2,0.675505325,4600.0,19,0,2,0,1.0
101694,0,0.056567074,69,0,0.601529187,6800.0,25,0,2,0,0.0
101696,0,0.012471777,35,0,0.48971193399999996,1700.0,6,0,0,0,0.0
101697,0,0.160052984,53,0,0.44963239299999996,18225.0,12,0,3,0,3.0
101698,0,0.000883267,53,0,0.137228118,9516.0,8,0,1,0,0.0
101699,0,0.008285376,83,0,21.0,,7,0,0,0,0.0
101700,0,0.406644075,46,0,2420.0,,3,0,2,0,0.0
101701,0,0.964138064,45,0,1989.0,,5,1,1,0,2.0
101702,0,0.002779839,61,0,0.241333333,6749.0,17,0,2,0,0.0
101704,0,0.284412716,38,0,0.711885815,7916.0,9,0,2,0,1.0
101705,0,0.419539715,49,1,0.198097,22700.0,17,0,2,0,3.0
101706,0,0.11052624300000001,47,0,0.313068348,13635.0,16,0,3,0,0.0
101707,0,0.921868207,38,0,0.524674059,8206.0,9,0,2,0,2.0
101708,0,0.021329717999999998,74,0,0.021610251,5228.0,30,0,0,0,0.0
101709,0,0.022559269,36,0,0.005030743,5366.0,6,0,0,0,2.0
101710,0,0.43698679,56,0,0.18560479800000002,3000.0,2,0,0,0,0.0
101711,0,0.069457406,32,0,463.0,,6,0,0,0,0.0
101716,0,0.006891581,69,0,1641.0,,5,0,1,0,0.0
101717,0,0.5354753010000001,44,0,0.312257302,11845.0,8,0,2,0,2.0
101723,0,0.015850635,63,0,0.015005359,1865.0,5,0,0,0,0.0
101724,0,0.044497079,45,0,106.0,,14,0,0,0,1.0
101725,0,0.341013632,52,0,0.278836058,13333.0,13,0,2,0,4.0
101726,0,0.033368373,42,0,0.155487805,3279.0,7,0,0,0,0.0
101728,0,0.34874193200000003,56,0,0.363610759,7100.0,10,0,3,0,1.0
101729,0,0.916702777,36,0,0.24274709100000003,6100.0,6,0,0,0,2.0
101730,0,0.10799460000000001,27,0,0.44153599200000004,8098.0,8,0,1,0,0.0
101731,0,0.48587809200000004,36,0,0.46615322299999995,7400.0,10,0,2,0,0.0
101733,0,0.008068608,73,0,0.14586680900000001,5600.0,14,0,1,0,0.0
101734,0,0.251225816,59,0,0.35371250600000004,6100.0,15,0,2,0,0.0
101736,0,0.00235381,63,1,0.276675955,6100.0,14,0,1,0,0.0
101739,1,0.092788414,53,3,0.152582759,11750.0,27,0,1,0,0.0
101746,0,0.09498812599999999,89,0,22.0,,2,0,0,0,0.0
101747,0,0.442609508,50,0,0.359782609,7359.0,8,0,1,0,0.0
101748,0,0.041815648,70,0,0.711494775,2200.0,6,0,1,0,0.0
101750,0,0.044119436,65,0,0.288446424,7633.0,16,0,2,0,0.0
101751,0,0.014193243000000001,44,0,2262.0,,9,0,2,0,
101753,0,0.024731,75,0,0.692393115,1800.0,7,0,1,0,0.0
101755,0,0.24894759100000002,52,0,0.344576117,14260.0,14,0,1,0,2.0
101756,0,0.07258706599999999,51,0,0.34651258799999995,12114.0,7,0,2,0,1.0
101758,0,0.187112515,46,0,274.0,0.0,2,0,0,0,2.0
101760,0,0.0,59,0,2554.0,,7,0,1,0,0.0
101761,0,0.9237947120000001,64,0,0.051645147999999995,2400.0,2,0,0,0,0.0
101765,0,0.028045739,51,0,2013.0,,7,0,2,0,1.0
101766,0,0.899229343,29,0,0.35795612299999996,3600.0,4,0,0,0,2.0
101767,0,0.201510775,39,0,0.23009057800000002,8500.0,2,0,1,0,0.0
101768,0,0.0,67,1,0.178470255,6000.0,9,0,0,0,1.0
101771,0,0.09181815900000001,51,0,0.31193742,9331.0,8,0,2,0,1.0
101772,0,0.001872261,73,1,0.18435754199999999,3400.0,6,0,0,0,0.0
101773,0,0.361806435,68,0,0.451467269,3100.0,10,0,1,0,0.0
101774,0,0.00119397,29,0,296.0,0.0,5,0,0,0,0.0
101777,0,0.08499819199999999,37,0,0.179861193,8500.0,8,0,2,0,1.0
101778,0,0.102433001,61,0,0.165885661,3200.0,20,0,0,0,0.0
101779,0,0.021272343,54,0,0.20431133199999998,5241.0,10,0,1,0,3.0
101782,0,0.0,44,0,0.016664683,8400.0,1,0,0,0,0.0
101783,0,0.079733342,42,3,0.368059343,9166.0,8,0,1,0,0.0
101784,0,0.012707804,39,2,0.41252915700000004,3000.0,11,0,0,0,2.0
101785,0,0.096036665,63,0,1598.0,,7,0,2,0,1.0
101786,0,0.023650043,55,0,0.201966339,6000.0,12,0,1,0,1.0
101787,0,0.073430831,51,0,3113.0,0.0,9,0,3,0,3.0
101788,0,0.0012260069999999999,40,0,0.0,4500.0,2,0,0,0,2.0
101789,0,0.557006934,52,0,0.288861309,3222.0,9,0,0,0,2.0
101791,0,0.039752623,70,0,0.492661136,4700.0,9,0,1,1,0.0
101792,0,0.08399475,79,0,0.058388322,5000.0,2,0,0,0,0.0
101793,0,0.026645111000000003,30,0,0.124622181,4300.0,7,0,0,0,0.0
101795,0,0.24785116199999999,42,0,0.13442800400000002,11083.0,14,0,0,0,2.0
101797,0,0.16732217900000002,59,0,1758.0,,5,0,1,0,0.0
101800,0,0.15454697,71,0,0.050517346,1642.0,1,0,0,0,1.0
101801,0,0.0,49,0,0.37721021600000004,4580.0,5,0,1,0,0.0
101802,1,0.350230415,41,0,0.43659007200000005,5700.0,10,0,2,0,1.0
101805,0,1.008328706,27,0,1.5729513659999999,1500.0,4,0,1,2,0.0
101806,0,0.031761803,28,1,262.5,1.0,12,0,0,0,2.0
101807,0,0.010150332,34,0,0.703074231,4000.0,11,0,1,0,2.0
101808,0,0.42259209799999997,58,2,0.214348206,8000.0,17,0,2,0,0.0
101809,1,0.002919495,42,4,0.238268695,9333.0,7,0,1,0,5.0
101810,0,0.0023241729999999997,63,0,0.220043331,18000.0,15,0,2,0,1.0
101812,0,0.824203274,53,0,0.689333333,4499.0,11,0,1,0,1.0
101813,0,0.076670696,44,0,1583.0,,6,0,1,0,0.0
101814,0,0.259338619,42,0,0.5383850929999999,8049.0,7,0,2,0,0.0
101815,0,0.924745052,45,0,0.200342885,4082.0,12,0,0,0,2.0
101817,0,0.864584903,58,0,0.251105531,45000.0,25,0,3,0,2.0
101819,1,0.84935242,42,1,0.156409687,4500.0,5,2,0,0,2.0
101820,0,0.772922708,46,0,0.66028811,4650.0,3,0,1,0,5.0
101821,0,0.011656213,66,0,0.237556997,15570.0,18,0,3,0,0.0
101823,0,0.46474181,73,0,0.042024833,1046.0,4,0,0,0,0.0
101825,0,0.009329558,41,0,0.004604944000000001,4125.0,6,0,0,0,4.0
101829,1,0.8803122959999999,37,1,0.132509142,5742.0,9,0,0,0,2.0
101831,1,0.998023332,49,1,0.52956743,9824.0,9,1,4,1,0.0
101833,0,0.27653115899999997,40,0,0.302430985,2426.0,7,0,0,0,1.0
101834,0,0.612957439,63,1,0.357368355,7918.0,11,0,1,0,0.0
101835,0,0.534208411,47,0,0.649671806,6550.0,9,0,3,0,2.0
101836,0,0.721129338,30,0,0.128331439,7916.0,7,0,0,0,0.0
101838,0,0.387759587,63,3,0.392767872,6000.0,13,0,1,0,0.0
101839,0,0.18903900199999998,69,0,0.37605942299999995,10500.0,18,0,1,0,0.0
101840,0,0.9663779929999999,44,1,0.304822706,13000.0,6,0,1,0,0.0
101841,0,0.08824068,60,0,0.152638976,12807.0,6,0,1,0,1.0
101842,0,0.21142628600000002,36,0,0.461884529,4000.0,5,0,1,0,2.0
101843,0,0.070847407,57,0,0.237580994,8333.0,9,0,1,0,1.0
101844,0,0.809291421,40,0,0.14236538,4066.0,6,0,0,0,3.0
101845,0,0.621061435,50,0,0.42466645,6145.0,9,0,2,0,2.0
101847,0,0.001939335,81,0,12.0,,3,0,0,0,
101849,0,0.0,35,0,129.0,,3,0,0,0,0.0
101850,0,0.0,66,1,0.454022118,6600.0,6,0,1,0,1.0
101851,0,0.02506611,46,0,0.008999182,3666.0,4,0,0,0,0.0
101853,0,1.069529652,47,1,0.059498827000000004,8100.0,4,0,0,0,0.0
101856,0,0.059273695,58,0,0.400271985,6617.0,21,0,2,0,1.0
101857,0,0.159371985,57,0,84.0,,3,0,0,0,0.0
101860,0,0.270851984,73,0,0.324512376,8766.0,22,0,2,0,0.0
101861,0,0.017666027,66,0,0.445234708,702.0,18,0,0,0,0.0
101863,0,0.228756025,53,0,0.323507628,6750.0,19,0,1,0,0.0
101864,0,0.969612155,53,3,0.15331204,7200.0,4,0,1,2,1.0
101865,0,0.028880503999999998,58,1,0.36718196,7050.0,14,0,1,0,2.0
101866,0,0.0,29,0,0.31183510600000003,1503.0,4,0,0,0,0.0
101867,0,0.23434375100000002,55,0,402.0,,5,0,0,0,
101868,0,0.009925681,79,0,11.0,,8,0,0,0,0.0
101870,0,0.784656797,63,0,0.290937561,25544.0,17,0,2,1,0.0
101871,0,0.17311226,42,0,0.45756800700000005,4300.0,11,0,1,0,3.0
101872,1,0.741337881,45,3,0.589703588,7050.0,11,1,1,0,1.0
101873,0,0.10143219199999999,49,0,0.300265641,10916.0,15,0,2,0,0.0
101874,0,0.015553395,44,7,0.12704148,6918.0,8,0,0,0,0.0
101875,0,0.071709164,74,0,296.0,,6,0,0,0,0.0
101876,0,0.9999998999999999,36,0,2054.0,,3,0,1,0,0.0
101877,0,0.8752020690000001,50,1,1.278738839,3583.0,17,0,3,0,0.0
101878,0,0.010462456,41,0,0.591270694,4650.0,4,0,1,0,0.0
101881,0,0.14215708800000001,59,0,2929.0,,10,0,1,0,0.0
101882,0,0.52358504,38,1,0.924632353,2175.0,10,0,1,0,2.0
101883,0,0.04149917,79,0,0.083609003,15416.0,7,0,1,0,0.0
101884,0,0.8073207929999999,61,0,0.170490423,4750.0,3,0,0,0,1.0
101886,1,0.9999998999999999,54,0,43.0,,0,3,0,0,0.0
101887,0,0.054576504000000005,62,0,0.190180063,10773.0,13,0,1,0,0.0
101889,0,0.155774038,37,0,0.09921019800000001,7216.0,12,2,0,0,1.0
101891,0,0.47427442200000003,55,0,0.535518429,7840.0,8,0,2,0,2.0
101892,0,0.020954663999999998,37,0,0.11628518800000001,3800.0,11,0,0,0,0.0
101893,0,0.06049175,45,0,3047.0,,8,0,2,0,
101894,1,0.34417927600000003,68,0,1.1134347279999999,4733.0,15,1,2,0,0.0
101895,0,0.037584587,59,0,30.0,,5,0,0,0,0.0
101897,0,0.612017205,34,0,0.91952012,4000.0,7,0,2,0,0.0
101898,0,0.292296173,32,0,0.570085983,5000.0,16,0,2,0,2.0
101902,0,0.540602792,61,0,0.390828678,4295.0,16,0,1,0,0.0
101903,0,0.009340758000000001,58,0,1.389429764,718.0,6,0,1,0,0.0
101904,0,0.221318283,36,0,0.618827873,6500.0,12,0,2,0,1.0
101905,0,0.475276236,29,0,0.541051835,5285.0,4,0,2,0,3.0
101906,0,0.032637142,67,0,0.19655555600000002,8999.0,14,0,1,0,0.0
101908,0,0.008205641,66,0,0.39218709799999996,7781.0,9,0,2,0,0.0
101909,0,0.38980509700000004,30,0,588.5,1.0,4,0,1,0,0.0
101910,0,0.00382739,69,0,0.154611152,15082.0,7,0,1,0,1.0
101914,0,0.320857601,58,0,0.330218439,16800.0,13,0,3,0,1.0
101915,0,0.0,40,0,0.28006544899999997,11000.0,13,0,2,0,2.0
101918,0,0.17792740199999998,66,0,160.0,,1,0,0,0,
101919,0,0.13367100699999998,70,0,0.197512667,10854.0,8,0,1,0,0.0
101920,0,0.300777196,61,0,2794.0,,4,0,2,0,0.0
101921,0,0.008342619,68,0,0.261158077,11000.0,6,0,1,0,0.0
101924,0,0.010549824,60,0,2241.0,,7,0,1,0,0.0
101926,0,0.023361642000000002,59,0,0.575825947,6204.0,9,0,2,0,1.0
101928,0,0.728001718,47,0,0.952510793,4400.0,10,0,1,0,2.0
101929,0,0.312463117,72,0,0.963079195,5416.0,17,0,2,0,1.0
101931,0,0.058250540999999996,48,0,4025.0,,19,0,2,0,0.0
101932,1,0.641354589,54,4,0.587639574,3850.0,8,0,1,2,1.0
101933,0,0.0098044,52,0,6.0,,2,0,0,0,
101936,0,0.9999998999999999,74,0,0.010994503000000001,2000.0,4,0,0,0,0.0
101941,0,0.536734587,62,1,3121.0,,11,0,1,0,0.0
101942,0,0.25954809,34,1,0.133622126,3000.0,4,0,0,0,0.0
101943,0,0.129830992,64,0,0.170110652,7500.0,14,0,2,0,1.0
101944,0,0.0017185289999999999,53,0,0.037195041,7500.0,7,0,1,0,2.0
101946,0,0.9999998999999999,23,0,0.0,1920.0,0,0,0,0,0.0
101948,0,0.625091343,34,0,0.061239919000000004,7935.0,4,0,0,0,2.0
101950,0,0.0,48,0,0.19072615899999998,8000.0,6,0,1,0,1.0
101951,0,0.12241881,66,0,2233.0,,9,0,1,0,0.0
101952,0,0.0072694230000000006,30,0,0.157520551,4500.0,9,0,0,0,0.0
101953,0,0.411772856,68,0,0.876830775,5666.0,11,0,2,1,0.0
101954,0,0.083485235,42,3,2.359550562,800.0,3,0,1,0,3.0
101955,0,0.025801702000000003,69,0,0.010976388,7834.0,13,0,0,0,1.0
101959,1,0.9999998999999999,23,98,0.0,,0,98,0,98,0.0
101960,0,0.8000363629999999,52,0,0.76188533,4900.0,12,0,1,0,0.0
101962,0,0.365326935,69,0,0.079548918,3280.0,6,0,0,0,0.0
101964,0,0.026265966,42,0,0.137221022,6944.0,5,0,1,0,0.0
101965,0,0.085575651,26,0,0.104631789,3000.0,2,0,0,0,0.0
101967,0,0.062448868,47,0,0.298403194,1001.0,5,0,0,0,0.0
101968,0,0.43938887,42,0,0.32832285699999997,10976.0,7,0,4,0,0.0
101969,0,0.01196115,64,0,0.236830257,2220.0,7,0,0,0,0.0
101970,0,0.048292719000000005,74,0,0.005935645,3200.0,2,0,0,0,1.0
101971,0,0.01674515,67,0,0.1137509,4166.0,8,0,1,0,0.0
101973,0,0.047710428,68,0,267.0,,8,0,1,0,0.0
101975,0,0.281385691,54,0,0.268764165,7500.0,23,0,2,0,0.0
101977,0,0.632236508,56,0,0.466862006,21500.0,25,0,2,0,0.0
101978,0,1.024853592,45,0,1820.0,,5,0,1,0,0.0
101979,0,0.16459177,48,0,0.40946474299999996,7416.0,3,0,2,0,2.0
101980,0,0.612200073,32,0,759.0,,9,0,0,0,0.0
101981,0,0.024849137,63,0,0.011644419,3520.0,8,0,0,0,0.0
101982,0,0.068920199,62,1,1994.0,,13,0,1,0,0.0
101983,0,0.99207597,41,0,0.465502464,9333.0,7,0,4,0,2.0
101984,0,0.0,45,0,0.006069260999999999,2800.0,15,0,0,0,0.0
101985,0,0.058113858,81,0,0.109736283,8000.0,11,0,0,0,0.0
101986,1,0.75659847,73,0,0.8477577829999999,3500.0,7,0,3,0,2.0
101987,0,0.40137668,59,0,0.950209958,3333.0,7,0,2,0,1.0
101988,0,0.033431273,71,0,0.304252521,2280.0,7,0,1,0,0.0
101989,0,0.0,51,3,0.24627546399999997,6577.0,6,0,1,0,1.0
101991,0,0.311864618,43,0,0.149616794,3000.0,4,0,0,0,0.0
101992,0,0.015198465,56,0,0.45916918700000003,16200.0,18,0,3,0,3.0
101997,0,0.0,33,0,0.23940011100000003,5400.0,6,0,2,0,0.0
101999,0,0.122975405,38,0,0.323556859,7500.0,6,0,2,0,0.0
102000,0,0.028776977999999998,55,0,3.5,1.0,3,0,0,0,1.0
102002,0,0.08733826199999999,58,0,0.027984009,1750.0,8,0,0,0,0.0
102003,0,0.12008542900000001,35,0,36.0,,3,0,0,0,0.0
102004,0,0.9127164390000001,53,2,0.158919166,8733.0,8,0,0,0,1.0
102005,0,0.025859722999999998,72,0,0.19350538,10500.0,18,0,1,0,0.0
102007,0,0.5202821870000001,39,0,0.003999333,6000.0,4,0,0,0,1.0
102008,0,0.232130627,60,2,0.505425183,3962.0,14,0,1,0,0.0
102009,0,0.0,33,0,0.70472895,2600.0,12,0,1,0,1.0
102011,1,0.912175649,59,0,13.0,,1,0,0,0,4.0
102012,0,0.030806525,55,0,0.007388092,2300.0,5,0,0,0,0.0
102013,0,0.037482304,49,0,48.0,,4,0,0,0,0.0
102014,0,0.022665407000000002,65,0,1239.0,,4,1,1,0,0.0
102016,0,0.160938335,41,0,0.537962713,3700.0,8,0,2,0,1.0
102021,0,0.0,83,0,0.0043165470000000004,2084.0,10,0,0,0,0.0
102022,0,0.442559039,35,0,0.139227104,17000.0,12,0,0,0,0.0
102023,0,0.14052300199999998,59,0,0.543308369,6141.0,15,0,2,0,1.0
102025,0,0.000708987,68,0,0.524750061,4100.0,12,0,1,0,0.0
102026,0,0.8769366890000001,62,1,0.36947352,6400.0,13,0,1,0,1.0
102027,0,0.009129362,70,0,0.128387161,10000.0,14,0,1,0,0.0
102028,0,0.25900666699999997,50,3,0.262033532,11093.0,16,0,1,0,6.0
102032,0,0.6799154540000001,58,0,0.619827826,3600.0,8,0,1,0,0.0
102033,0,0.258323821,51,0,0.082083535,6200.0,3,0,0,0,0.0
102037,0,0.0,77,0,0.0,1601.0,1,0,0,0,0.0
102039,0,0.9999998999999999,47,0,0.155483871,3099.0,4,0,0,0,2.0
102040,0,0.034662815,25,0,9.0,0.0,2,0,0,0,0.0
102041,0,0.9728160459999999,58,0,0.734433765,4785.0,9,0,1,0,2.0
102042,0,0.068718753,75,0,21.0,,1,0,0,0,0.0
102043,0,0.599540163,46,0,3536.0,0.0,11,0,2,0,0.0
102044,0,0.7822965559999999,52,1,0.220136818,5700.0,14,0,0,0,1.0
102045,0,0.292077477,35,0,0.387188388,6337.0,11,0,1,0,0.0
102046,0,0.104374015,58,0,177.0,,10,0,0,0,1.0
102047,0,0.0,78,0,0.179470088,6000.0,5,0,1,0,0.0
102048,0,0.467914899,61,0,0.71973408,2857.0,8,0,1,0,0.0
102049,0,0.009226736,53,0,0.00319936,5000.0,7,0,0,0,0.0
102053,0,0.004902349,69,0,0.00195474,13300.0,19,0,0,0,0.0
102054,0,0.08967641300000001,35,0,0.210866057,5576.0,2,0,1,0,0.0
102055,0,0.12980145199999998,37,0,0.29930728,7650.0,7,0,2,0,1.0
102056,0,0.0,45,0,79.0,,5,0,0,0,0.0
102057,0,0.070509138,44,0,0.407992752,9933.0,8,0,3,0,3.0
102058,0,0.0,71,0,0.365982793,3021.0,10,0,0,0,0.0
102059,0,0.359368666,58,0,2597.0,,13,0,1,0,0.0
102060,0,0.029042442,77,0,0.024325225,3000.0,9,0,0,0,0.0
102061,0,0.323220238,34,0,0.30461684899999997,2100.0,6,0,0,0,0.0
102062,1,0.9973138340000001,50,0,0.51169766,5000.0,8,0,1,1,1.0
102064,0,0.134237354,31,0,0.069527765,6500.0,4,0,0,0,0.0
102065,0,0.003212483,77,0,781.0,,4,0,1,0,
102066,0,0.9741564309999999,57,0,1.003827507,3918.0,11,0,1,0,0.0
102067,0,0.193174961,50,0,0.321688025,12250.0,11,0,2,0,3.0
102068,0,0.474164814,54,0,0.438056554,6400.0,12,0,2,0,3.0
102069,0,1.1306715059999999,42,0,0.007822686,2300.0,1,0,0,1,3.0
102070,0,0.040307447,67,0,0.038301415,1200.0,7,0,0,0,0.0
102071,0,1.219027348,34,0,0.20455464199999998,7420.0,10,0,0,0,0.0
102072,0,0.004416483,74,0,0.012550988,3186.0,5,0,0,0,0.0
102073,0,0.8553141870000001,63,0,0.7663619209999999,6890.0,11,0,4,0,2.0
102074,0,0.038554128,67,0,31.0,,9,0,0,0,1.0
102077,0,0.619690155,66,0,0.073696315,20000.0,8,0,0,0,1.0
102078,0,0.9352704759999999,38,1,0.51384995,8916.0,9,0,2,0,0.0
102079,1,0.235950701,32,0,0.292376682,2229.0,9,0,0,0,0.0
102081,0,0.90454453,47,0,0.07220235900000001,18738.0,6,0,0,0,0.0
102082,0,0.030891477999999997,77,0,0.08568142599999999,5216.0,8,0,0,0,0.0
102083,0,0.0,75,0,0.0,,1,0,0,0,
102084,0,0.0,38,0,0.351580268,12750.0,10,0,2,0,2.0
102086,0,0.225216942,27,0,0.399941185,6800.0,10,0,1,0,3.0
102088,0,0.534685885,51,2,0.366048205,5766.0,18,0,1,0,1.0
102089,0,0.013642613999999999,76,0,0.005998285999999999,3500.0,7,0,0,0,0.0
102090,0,0.000421661,73,0,0.0,,4,0,0,0,0.0
102093,0,0.344646967,57,0,0.476685829,10958.0,16,0,2,0,3.0
102095,0,0.439404099,55,0,1186.0,,13,0,0,0,0.0
102096,0,0.0,49,0,1399.0,,4,0,1,0,0.0
102097,0,0.158855143,26,0,0.106534782,6166.0,7,0,0,0,0.0
102098,0,0.289752959,59,2,0.32862396,5166.0,11,0,0,0,1.0
102100,0,1.0349095529999999,26,1,0.514495168,3000.0,8,0,1,0,1.0
102101,0,0.035202477999999995,55,0,0.203277703,6650.0,7,0,1,0,0.0
102102,0,0.006174393,57,0,0.271840715,2460.0,13,0,1,0,0.0
102104,0,0.031427823,64,0,801.0,,7,0,1,0,0.0
102106,0,0.24046474,48,0,0.088767123,3649.0,4,0,0,0,1.0
102107,1,0.674418605,55,0,664.0,,2,0,0,0,0.0
102108,0,0.098959611,42,0,4893.0,,21,0,2,0,3.0
102109,0,0.204549967,40,0,0.46427249200000004,2700.0,14,0,0,0,0.0
102110,0,0.07442103900000001,75,0,0.13674819300000002,6500.0,4,0,1,0,0.0
102111,0,0.034304232000000004,54,0,2650.0,,10,0,1,0,0.0
102113,0,1.0320579109999999,30,1,0.137275064,3889.0,6,0,0,0,0.0
102115,0,0.11929277699999999,64,0,0.071589205,2667.0,6,0,0,0,1.0
102118,0,0.016214886,87,0,15.0,,4,0,0,0,0.0
102119,0,0.03981642,41,0,57.0,,4,0,0,0,0.0
102123,0,0.42033781200000003,47,0,0.530770146,8400.0,10,0,1,0,2.0
102124,0,0.7492693429999999,56,1,0.34150909700000004,11211.0,10,0,1,1,2.0
102125,0,0.0,62,0,2801.0,0.0,11,0,1,0,0.0
102127,0,0.056147193,76,0,0.39833449,1440.0,3,0,2,0,1.0
102129,0,0.072764805,63,0,117.0,,3,4,0,0,0.0
102131,0,0.149965359,65,0,0.6074454429999999,3894.0,18,0,1,0,0.0
102132,0,0.0034778770000000003,50,0,0.003068897,6516.0,19,0,0,0,0.0
102133,0,0.143981789,50,0,0.42804766299999997,12000.0,12,0,2,0,3.0
102134,0,0.09236923,46,0,0.8585353659999999,4000.0,10,0,2,0,1.0
102137,0,0.0077776009999999994,76,0,0.00203376,4916.0,4,0,0,0,0.0
102138,0,0.938252682,65,0,2221.0,,6,0,1,0,0.0
102139,0,0.7681115940000001,65,0,3671.0,,5,0,2,0,0.0
102142,0,0.36618570100000003,54,0,0.7560975609999999,3771.0,11,0,1,0,1.0
102143,0,0.979755061,23,0,0.142509135,820.0,1,0,0,0,0.0
102144,0,0.478041757,32,1,1.005621487,1600.0,10,0,0,0,0.0
102146,0,0.0,62,0,0.252803675,7400.0,6,0,2,0,1.0
102149,0,0.197257255,35,0,0.268688725,3263.0,6,0,1,0,2.0
102150,1,0.970890914,47,1,0.050854747,9300.0,3,0,0,0,2.0
102151,0,0.0,58,0,0.45119822299999995,6300.0,15,0,2,0,0.0
102152,0,0.229832643,52,0,0.952277657,1382.0,8,0,2,0,0.0
102153,0,0.036125079,43,0,0.414544236,2983.0,4,0,1,0,2.0
102154,0,0.027519942999999998,75,0,0.014693651,3606.0,7,0,0,0,0.0
102155,0,0.025427212999999997,70,0,0.057875544,8500.0,5,0,0,0,0.0
102156,0,0.0,30,0,0.8718802,600.0,2,0,0,0,0.0
102158,0,0.015792071,59,0,1624.0,,9,0,1,0,1.0
102159,0,0.153733155,68,0,4023.0,,26,0,4,0,1.0
102160,0,0.21228623300000002,47,0,0.20314547800000002,9918.0,8,0,2,0,0.0
102162,0,0.055379665,43,0,0.832333619,3500.0,13,0,2,0,2.0
102163,0,6726.0,43,0,2.823035393,1666.0,6,0,2,0,3.0
102164,0,0.075007856,38,0,0.300098578,7100.0,12,0,1,0,1.0
102165,0,0.145732533,34,0,0.070185963,1666.0,6,0,0,0,0.0
102167,0,0.572363422,40,1,1.202771017,5340.0,8,1,5,0,1.0
102168,0,0.16439409800000002,44,2,0.317248734,3750.0,6,0,1,0,0.0
102169,0,0.04943162,68,0,115.0,0.0,10,0,0,0,0.0
102170,0,0.05588822400000001,29,0,0.0,,2,0,0,0,
102171,0,0.011093038000000001,34,0,0.164753795,2700.0,5,0,0,0,2.0
102172,0,0.184188475,50,0,0.19182973899999997,7000.0,21,0,0,0,4.0
102173,0,0.045201575,48,0,0.596940306,10000.0,15,0,3,0,0.0
102174,0,0.9999998999999999,27,0,3084.0,,2,0,2,0,0.0
102175,0,0.050036964,57,0,0.22516167,1700.0,6,0,0,0,0.0
102176,0,0.043536392,55,0,0.315757667,6618.0,10,0,2,0,0.0
102177,0,0.041497925,59,0,0.239945155,4375.0,12,0,1,0,1.0
102179,0,0.00803772,79,0,0.006586685,4250.0,8,0,0,0,0.0
102182,0,0.009960451,57,0,0.275903858,4950.0,10,0,1,0,0.0
102184,0,0.8847179909999999,79,0,0.51442704,6064.0,6,0,1,0,0.0
102185,0,0.370274793,50,0,0.502477621,12511.0,11,0,2,0,2.0
102186,0,0.25442180600000003,65,0,0.465842311,8167.0,12,0,4,0,0.0
102187,0,0.210848974,46,0,3932.0,,10,0,1,0,0.0
102188,0,0.024027068,45,0,0.07556783,21000.0,5,0,1,0,2.0
102192,0,0.12452360300000001,34,0,0.044525216,2200.0,3,0,0,0,0.0
102193,0,0.0032317559999999997,56,0,0.669628971,4500.0,15,0,2,0,0.0
102197,0,0.47519672399999996,65,0,4293.0,,11,0,1,0,0.0
102198,0,0.0,43,0,0.25688573800000003,11000.0,6,0,1,0,2.0
102199,0,0.159347045,48,0,0.035192961,5000.0,4,0,0,0,3.0
102201,0,0.052259848,54,0,374.0,,5,0,0,0,1.0
102202,0,0.9999998999999999,27,0,199.0,0.0,10,0,0,0,0.0
102203,0,0.122848822,76,0,0.096874393,5150.0,8,0,1,0,1.0
102205,0,0.069998272,75,0,0.246176256,1372.0,10,0,1,0,0.0
102206,0,0.001118606,74,0,1332.0,,11,0,1,0,0.0
102208,0,0.044477631,55,0,0.443291042,2600.0,4,0,1,0,0.0
102209,0,0.166001037,33,0,0.305151247,7900.0,22,0,1,0,1.0
102210,0,0.400421853,37,0,0.310968903,10000.0,8,0,1,0,1.0
102211,0,0.023869192999999997,45,1,0.19010055,18000.0,16,0,1,0,2.0
102212,0,0.0,57,0,0.067684644,9233.0,5,0,0,0,0.0
102214,0,0.094321826,38,0,0.016393443,2500.0,2,1,0,0,1.0
102217,1,0.9999998999999999,40,1,0.0074060359999999995,5400.0,3,0,0,0,0.0
102218,0,0.014231887,91,0,38.0,,6,0,0,0,0.0
102219,0,0.08086397099999999,57,0,0.344788087,13967.0,15,0,5,0,3.0
102221,0,0.187486608,58,0,0.046173423,5500.0,5,0,0,0,0.0
102225,0,0.761179829,35,0,0.179566563,1614.0,3,2,0,0,0.0
102227,0,0.035148648,93,0,0.10716633800000001,6083.0,7,0,0,0,0.0
102229,0,0.02994012,27,0,0.0,3000.0,2,0,0,1,0.0
102230,0,0.918016397,32,0,0.071532847,2054.0,5,0,0,0,0.0
102231,0,0.144430948,37,0,0.48810026799999995,7100.0,8,0,3,0,3.0
102232,1,1.409638554,38,1,0.518714012,4167.0,6,7,2,3,4.0
102233,0,0.450374975,35,0,0.341332841,5416.0,10,0,0,0,1.0
102234,0,0.288843308,40,0,0.052774755,7351.0,7,0,0,0,7.0
102235,0,0.011079778,55,1,0.247574498,11543.0,9,0,1,0,3.0
102236,0,0.040275168,90,0,0.195018548,5660.0,12,0,2,1,0.0
102237,0,0.0,72,0,1224.0,,16,0,1,0,0.0
102239,0,0.946624371,34,0,2553.0,0.0,7,0,2,0,2.0
102240,1,0.9999998999999999,36,98,0.007936508,3275.0,0,98,0,98,2.0
102241,0,0.9999998999999999,48,3,0.30983916699999997,4227.0,5,1,1,0,2.0
102242,0,0.385089784,49,0,0.6886646670000001,11000.0,13,0,4,0,3.0
102245,0,0.053386979,46,0,0.020549847,3600.0,13,0,0,0,2.0
102248,0,0.173324643,62,0,1.005577151,5916.0,18,0,6,0,0.0
102249,1,0.9107387709999999,51,3,0.44759206799999995,6000.0,13,0,0,0,0.0
102251,0,0.9999998999999999,59,1,0.40289300100000003,4700.0,6,0,1,3,1.0
102253,1,0.604042114,58,0,0.278831169,7699.0,10,0,2,0,0.0
102254,0,0.030159058,74,0,0.010664297,4500.0,5,0,0,0,0.0
102255,0,0.9795961790000001,35,0,0.829792552,4000.0,6,0,1,0,4.0
102256,0,0.130343483,60,1,0.251045543,26062.0,11,0,2,0,0.0
102258,0,0.09778528199999999,59,0,4573.0,,12,0,2,0,0.0
102261,0,0.666444474,36,0,0.43309666799999996,1830.0,13,0,0,0,1.0
102262,0,0.011755007,74,0,0.006286145,3976.0,14,0,0,0,0.0
102263,0,0.9999998999999999,34,0,0.08339166099999999,10000.0,6,0,1,0,0.0
102264,0,0.011666517,61,0,0.114001189,6727.0,13,0,1,0,0.0
102265,0,0.590216547,53,0,0.561606658,5526.0,9,0,1,0,0.0
102270,1,0.761075677,82,2,155.0,,4,0,0,0,0.0
102272,0,0.9999998999999999,30,0,0.007197121,2500.0,0,0,0,0,0.0
102273,0,0.39968248100000003,41,0,7079.0,,12,0,3,0,1.0
102275,0,0.81007597,50,0,0.346454826,4216.0,7,0,0,1,2.0
102276,0,0.517186674,57,0,2.0729270730000002,1000.0,10,0,1,0,0.0
102277,0,0.018629772,62,0,1460.0,,9,0,1,0,0.0
102278,0,0.981776765,74,0,0.360189573,5696.0,12,0,1,0,0.0
102279,0,0.9999998999999999,48,0,0.376778162,2600.0,13,9,0,0,0.0
102280,0,0.0,60,0,0.313659087,6200.0,9,0,1,0,0.0
102281,0,0.287647404,75,0,2250.0,,12,0,3,0,0.0
102282,0,0.6420968420000001,72,0,4.127189324,2397.0,22,0,9,0,0.0
102283,0,0.670774203,47,0,0.322836538,4159.0,7,0,1,0,0.0
102285,0,0.0,46,1,0.24708171199999998,6681.0,10,0,1,0,4.0
102286,0,0.04826344900000001,56,0,0.966500679,4417.0,11,0,3,1,2.0
102287,0,0.256364895,41,0,1272.0,,5,0,1,0,0.0
102289,0,0.10467639699999999,31,0,0.268003867,8275.0,10,0,2,0,0.0
102291,0,0.072865892,39,0,0.8398320340000001,5000.0,18,0,3,1,2.0
102292,1,0.332667333,24,0,0.009988901,900.0,1,0,0,0,0.0
102293,0,0.985355015,32,0,0.133402995,2870.0,4,1,0,0,2.0
102294,0,0.036131339,73,0,0.22684151800000002,10751.0,7,0,1,0,0.0
102296,1,0.7308538290000001,43,5,0.44606209399999996,5700.0,13,0,1,0,4.0
102298,0,4.28e-05,66,2,1196.0,,9,0,1,0,0.0
102299,0,0.10987811900000001,57,0,0.8017327559999999,3000.0,21,0,1,0,0.0
102300,0,0.23674627899999998,52,0,0.6471176270000001,3000.0,11,0,1,0,4.0
102302,0,0.929485426,57,0,0.16966652699999998,7166.0,5,0,0,0,0.0
102303,0,0.45634374299999997,32,0,0.28661307199999997,2860.0,7,0,1,0,0.0
102304,0,0.0011096110000000001,83,0,5.0,,9,0,0,0,
102305,0,0.085111854,51,0,0.521098119,5900.0,4,0,1,0,1.0
102307,0,0.199655529,46,1,0.279602472,8250.0,10,0,1,0,4.0
102308,0,0.04909509,49,0,0.372816594,1831.0,3,0,1,0,0.0
102309,0,0.538804707,50,0,1595.0,,4,0,1,0,0.0
102310,0,0.013550825,65,0,0.281365624,11891.0,13,0,1,0,0.0
102311,0,0.138897496,60,0,440.0,,9,0,0,0,0.0
102313,0,0.001479047,65,0,2.0,,6,0,0,0,0.0
102317,0,0.526434441,31,0,0.07461139900000001,2894.0,3,0,0,0,0.0
102318,0,0.014931479,80,1,0.004559635,4166.0,11,0,0,0,0.0
102321,0,0.001111062,74,0,0.0,,4,0,0,0,
102322,0,0.018845429,70,0,0.22028475399999997,6250.0,3,0,2,0,0.0
102323,1,0.40386190299999997,41,3,0.42336809,7000.0,11,0,2,2,0.0
102324,0,0.024999242,66,0,0.074534161,6600.0,3,0,0,0,1.0
102325,0,0.884060321,44,1,0.603721571,1450.0,5,0,0,0,3.0
102326,0,0.140492195,31,0,0.107664701,3900.0,7,0,1,0,0.0
102328,0,0.013216366,33,0,0.283716284,1000.0,16,0,0,0,0.0
102329,0,0.382337596,38,0,0.64745721,8120.0,13,0,2,0,2.0
102330,0,0.12359017800000001,49,0,0.47650208200000005,1680.0,9,0,0,0,1.0
102331,0,0.335189723,69,0,1723.0,,5,0,1,0,0.0
102332,0,0.0,62,0,0.749204907,2200.0,14,0,1,0,0.0
102333,0,0.009178926,72,0,0.609985377,4786.0,14,0,2,0,0.0
102336,0,0.498865455,48,0,0.53649813,6150.0,14,0,1,0,2.0
102338,0,0.43960993299999995,40,0,0.665444852,3000.0,8,0,2,0,0.0
102339,0,0.945427073,30,1,0.42521631600000004,2426.0,9,0,0,0,1.0
102340,1,0.9999998999999999,32,0,0.0,3086.0,0,2,0,0,3.0
102343,0,0.909727182,32,0,0.21060639,4600.0,7,0,0,0,1.0
102344,0,0.707191235,58,0,2900.0,,11,0,3,0,2.0
102345,0,0.441167264,65,3,5487.0,,15,1,2,0,0.0
102346,0,0.191004599,50,1,0.224717175,5833.0,9,0,1,0,1.0
102347,0,0.736538017,40,0,150.0,0.0,2,0,0,1,0.0
102348,0,0.05997133,67,0,1712.0,,9,0,1,0,0.0
102349,0,0.8284626279999999,59,0,0.526435389,6600.0,25,0,0,0,0.0
102351,0,0.20713904,36,0,0.37545306799999995,8000.0,11,0,2,0,2.0
102356,0,0.587155129,61,1,0.43273330200000004,4221.0,8,0,1,0,1.0
102357,0,0.514511332,32,0,0.106879314,4200.0,4,0,0,0,0.0
102358,0,0.138943067,30,0,0.057457213,6543.0,6,0,0,0,0.0
102359,0,0.0,59,0,1258.0,,9,0,1,0,
102361,0,0.10739323,58,0,0.39052189600000003,5000.0,11,0,2,0,0.0
102362,0,0.467994849,30,0,0.48991834700000003,6000.0,6,0,2,0,0.0
102364,0,0.656213751,40,0,0.590838024,6395.0,13,0,2,0,2.0
102365,1,0.366257545,51,1,0.701504611,6180.0,14,0,2,0,0.0
102366,1,0.9999998999999999,50,0,0.0,3320.0,0,0,0,0,1.0
102367,0,0.303561611,70,0,0.128337843,8500.0,13,0,1,0,0.0
102368,0,0.0026760020000000002,43,0,0.662269129,4168.0,8,0,1,0,3.0
102370,0,0.29933554100000004,33,0,0.225097198,7458.0,6,0,0,0,1.0
102372,0,0.024389054,35,0,0.354509477,4800.0,6,0,1,0,0.0
102375,0,0.0029088259999999998,31,1,0.530308711,8000.0,10,0,2,0,0.0
102376,0,0.027053844,75,0,0.006239501,8333.0,4,0,0,0,0.0
102377,0,0.9999998999999999,66,0,0.604873535,3241.0,4,0,1,0,0.0
102378,0,0.103867427,56,1,0.283469679,7700.0,13,0,2,0,1.0
102379,0,0.10559472,67,0,0.074442864,2108.0,3,0,0,0,0.0
102380,0,0.632982269,32,0,0.125174965,5000.0,4,0,0,0,0.0
102383,1,0.401532612,53,0,0.439246866,20500.0,22,0,5,0,1.0
102384,0,0.038267199,58,1,0.298776098,4166.0,8,0,1,0,0.0
102385,0,0.100252465,54,0,4345.0,,8,0,2,0,3.0
102386,0,0.9999998999999999,61,1,0.6747065440000001,6218.0,5,0,1,0,0.0
102388,0,0.0,47,0,0.294502618,4583.0,5,0,1,0,0.0
102389,0,0.49964891899999997,54,0,0.353092415,7000.0,12,0,1,0,1.0
102390,0,0.504768077,42,0,0.951172626,2600.0,6,0,2,0,1.0
102391,0,0.0,46,0,1333.0,,4,0,1,0,0.0
102392,0,0.299940012,31,0,0.317721172,3650.0,8,0,1,0,1.0
102393,0,0.125372184,34,0,0.47233948,4500.0,12,0,1,0,0.0
102400,0,0.004896659,50,0,0.37304728200000004,4800.0,7,0,1,0,2.0
102401,0,0.09935908,40,0,0.265363128,7875.0,5,0,2,0,2.0
102402,0,0.9999998999999999,52,0,0.096554783,6762.0,1,0,0,0,1.0
102403,0,0.05371847,39,0,0.531074305,6580.0,14,0,2,0,3.0
102405,0,0.700294428,56,0,0.44426751600000003,3767.0,6,0,1,0,1.0
102406,1,1.005367252,45,2,0.576864324,7200.0,4,0,1,0,1.0
102407,0,0.665416729,26,0,0.255754476,4300.0,10,0,0,0,0.0
102408,0,1.03352744,45,0,0.396086544,11600.0,17,0,2,0,1.0
102410,0,0.031034588999999998,66,0,3705.0,,10,0,3,0,0.0
102411,0,0.0,48,0,0.5748560460000001,4167.0,13,0,1,0,1.0
102412,0,0.0,61,0,0.10196158599999999,4893.0,7,0,0,0,0.0
102413,0,0.0,56,0,0.125119025,5250.0,4,0,1,0,0.0
102414,0,0.058358836,65,0,0.731927049,4550.0,11,0,1,0,0.0
102415,0,0.279083777,31,0,0.538692262,3333.0,18,0,0,0,0.0
102418,0,0.01240203,77,0,11.0,,2,0,0,0,0.0
102419,0,0.00494417,59,0,0.000210504,9500.0,2,0,0,0,0.0
102420,0,0.9999998999999999,45,0,0.022180569,3200.0,0,0,0,0,3.0
102421,0,0.658147843,35,0,0.17607114,6184.0,5,0,0,0,1.0
102422,0,0.10719490300000001,80,0,0.075808006,22833.0,18,0,0,0,1.0
102423,0,0.077191984,41,0,1894.0,,12,1,2,1,0.0
102424,0,0.9999998999999999,35,0,0.060622175,3760.0,1,0,0,0,2.0
102425,0,0.0,71,0,1.273368607,2267.0,9,0,2,0,0.0
102426,0,0.031695493,66,0,113.0,,3,0,0,0,0.0
102427,0,0.050558808,78,0,0.007570347,7000.0,6,0,0,0,0.0
102428,0,0.013536255,79,0,0.06792744099999999,2590.0,6,0,0,0,1.0
102430,0,0.025683535,42,0,0.0039994290000000005,7000.0,4,0,0,0,2.0
102431,0,0.1337493,50,0,0.021358291,4166.0,5,0,0,0,0.0
102432,0,0.134438935,37,0,1232.5,1.0,13,0,1,0,2.0
102433,0,0.724283468,50,0,0.300730308,3833.0,5,0,0,0,0.0
102434,0,0.052834752,67,0,0.073616335,3721.0,6,0,0,0,0.0
102436,0,0.862051372,49,4,0.8070241220000001,8000.0,11,0,2,1,0.0
102437,0,0.026804933,79,0,0.170316484,13333.0,14,0,2,0,0.0
102439,1,0.9200014409999999,32,0,0.18520682,27390.0,12,0,1,0,0.0
102440,0,0.140379651,64,0,1730.0,,14,0,0,0,1.0
102441,0,0.9999998999999999,93,0,0.0,2300.0,1,0,0,0,0.0
102443,0,0.117979534,68,0,0.011349433,20000.0,4,0,0,0,1.0
102444,0,0.09461317300000001,30,0,0.074735987,2461.0,4,0,0,0,0.0
102447,0,0.360690345,48,0,0.152406799,7000.0,9,0,0,0,1.0
102448,0,0.835282691,63,0,0.436689874,17666.0,16,0,2,1,4.0
102450,0,0.974155834,40,2,0.6009240539999999,3462.0,2,0,1,0,0.0
102451,0,0.102766218,62,0,0.28180057199999997,10840.0,13,0,2,0,1.0
102453,0,0.951511126,41,0,0.016187393,5250.0,3,0,0,1,5.0
102454,0,0.091307431,43,0,0.353129374,5000.0,6,0,2,0,4.0
102456,0,0.9999998999999999,30,0,0.0,2400.0,0,1,0,0,0.0
102457,0,0.00271853,65,0,0.705882353,900.0,8,0,1,0,0.0
102458,0,0.353628409,52,1,0.461461545,12000.0,11,0,3,0,0.0
102459,0,0.873887891,62,0,0.49608062700000005,6250.0,13,0,2,0,0.0
102460,0,0.9999998999999999,56,0,0.0,7372.0,5,0,0,0,0.0
102463,0,0.009331688000000001,55,0,0.095798736,8068.0,15,0,1,0,0.0
102464,0,0.111104367,58,1,0.093727726,8417.0,5,0,0,0,0.0
102465,0,0.038128777,87,0,26.0,,7,0,0,0,
102466,0,0.626163652,43,0,0.872971066,2833.0,13,0,0,0,0.0
102468,0,0.144366144,66,0,0.209576481,13741.0,11,0,2,0,1.0
102470,0,0.9999998999999999,40,0,1.169025812,1200.0,5,0,1,0,2.0
102472,0,0.0,77,0,0.021171488999999998,4250.0,8,0,0,0,0.0
102473,0,0.01803571,54,0,2818.0,,10,0,1,0,0.0
102476,0,0.028362777000000002,62,0,50.0,,5,0,0,0,0.0
102477,0,0.079095316,80,0,0.46406179,11004.0,15,0,3,0,0.0
102479,0,0.011219308999999998,72,0,0.254395036,6768.0,10,0,1,0,0.0
102480,0,0.0,44,0,0.418439716,8600.0,5,0,2,0,0.0
102481,0,0.019360281,55,0,2891.0,,14,0,2,0,2.0
102483,0,0.060369405999999994,39,1,0.135334387,3797.0,9,0,0,0,2.0
102487,0,0.524720893,27,0,0.035545682,3600.0,4,0,0,0,1.0
102488,0,0.067491564,53,0,0.06270083900000001,12758.0,6,0,0,0,1.0
102489,0,0.8025606390000001,53,0,1.270956165,3900.0,15,0,2,0,1.0
102490,0,0.725838703,44,1,0.310197087,3500.0,6,0,0,0,2.0
102491,0,0.569821931,53,0,3.562283737,577.0,12,0,1,0,1.0
102492,0,0.017583499,51,0,3733.0,,9,0,1,0,0.0
102493,0,0.0059807459999999995,58,0,0.00689862,3333.0,16,0,0,0,0.0
102494,0,0.608492673,45,0,0.79186005,2800.0,13,0,1,0,0.0
102495,0,0.27749952699999997,54,0,0.195480452,10000.0,11,0,2,0,4.0
102497,0,0.044341745999999994,42,0,1585.0,,7,0,1,0,0.0
102499,0,0.055224525999999996,56,0,0.017596481,5000.0,5,0,0,0,0.0
102500,0,0.9999998999999999,50,0,13.0,,0,0,0,0,2.0
102501,0,0.259947502,57,0,0.128368667,11131.0,6,0,1,0,1.0
102503,0,0.9999998999999999,45,1,0.143898407,13307.0,7,0,1,0,3.0
102504,1,0.9999998999999999,57,0,0.0,,0,0,0,0,0.0
102507,0,0.9999998999999999,27,0,0.28165814899999997,1760.0,5,0,0,0,0.0
102508,0,0.037280133,54,0,2218.0,,7,0,1,0,0.0
102509,0,0.065846708,39,0,0.19441723800000002,8167.0,4,0,1,0,4.0
102511,0,0.800522223,55,0,0.296112654,5041.0,11,0,0,0,0.0
102512,0,0.39578068299999997,33,1,0.099963249,2720.0,7,0,0,0,0.0
102515,0,0.019627986,78,0,0.147608643,4118.0,7,0,0,0,0.0
102516,0,0.84698193,40,0,2.840399002,400.0,6,0,1,0,2.0
102517,0,0.20123312899999998,31,0,0.428244116,4800.0,13,0,1,0,2.0
102518,0,0.007548344,69,0,38.0,,7,0,0,0,0.0
102521,0,0.011329326,36,0,0.0035481959999999996,3381.0,4,0,0,0,0.0
102523,0,0.6549007729999999,31,0,0.09086778699999999,2200.0,2,0,0,0,0.0
102525,0,0.9999998999999999,29,0,0.036490009,1150.0,2,0,0,0,1.0
102527,0,0.423219226,61,0,0.505352767,7752.0,16,0,1,0,2.0
102529,0,0.0017059579999999998,54,0,0.153808146,14166.0,8,0,1,0,1.0
102530,1,0.9999998999999999,52,0,0.504023409,4100.0,1,0,1,1,5.0
102531,0,1565.0,45,0,0.28346231,6977.0,5,0,1,0,0.0
102533,0,0.061698458,48,0,1.327181853,2600.0,6,0,1,0,1.0
102534,0,0.85276407,52,0,4515.0,,5,0,2,0,0.0
102537,0,0.031941231,73,0,0.18015084,5833.0,13,0,2,0,0.0
102538,0,0.059933754000000006,53,0,0.152748037,1400.0,5,0,0,0,1.0
102539,0,0.286304277,64,1,0.22731439,12000.0,10,0,2,0,1.0
102540,0,0.00092303,64,0,0.0,,2,0,0,0,0.0
102541,0,0.028069641,33,0,0.51088022,5100.0,9,0,1,0,1.0
102543,0,0.773109413,40,0,0.37494222899999996,23800.0,9,0,4,0,3.0
102545,0,0.636974929,60,0,0.983002833,6000.0,18,0,1,0,0.0
102547,0,0.022819994,48,0,0.265446656,10600.0,17,0,1,0,3.0
102548,0,0.101124171,40,0,0.39544490299999996,8956.0,12,0,2,0,1.0
102549,0,0.0,24,0,0.0,,2,0,0,0,
102552,0,0.396748205,55,0,0.349777481,55500.0,19,0,7,0,0.0
102554,0,0.273633537,63,0,2400.0,,9,0,0,0,1.0
102555,0,0.9299081,67,0,1.043668122,2289.0,9,0,2,0,0.0
102556,0,0.063301112,41,0,0.561286559,12000.0,19,0,3,0,3.0
102559,0,0.013455469,78,0,41.0,,6,0,0,0,0.0
102561,0,0.002585998,71,0,0.07612442,23500.0,12,0,1,0,0.0
102564,1,0.143523661,37,0,0.19009584699999998,1877.0,2,0,0,1,0.0
102566,0,0.206685764,50,0,0.375104149,6000.0,9,0,2,0,2.0
102568,0,0.08814311,63,0,0.17475301,25000.0,8,0,1,0,0.0
102569,0,0.069835967,37,0,0.22450980399999998,8159.0,9,0,2,0,2.0
102571,0,0.0021018,72,0,1.3025676609999999,1440.0,12,0,1,0,0.0
102573,0,0.021993851000000002,29,0,0.048293089000000004,1200.0,7,0,0,0,0.0
102574,0,0.026544712,59,0,480.0,,15,0,1,0,0.0
102575,0,0.256832512,52,0,0.276074151,11543.0,15,0,1,0,0.0
102576,0,0.155923954,53,0,4566.0,,9,0,2,0,0.0
102579,0,0.038395864,54,1,0.491480682,4166.0,7,0,1,0,0.0
102580,0,0.581243236,55,1,0.653854699,4500.0,6,0,1,0,2.0
102581,0,0.7410629470000001,50,0,0.163953156,3500.0,3,0,0,0,2.0
102582,0,0.0,34,0,0.403087178,5700.0,6,0,2,0,1.0
102584,0,0.75735672,32,0,0.381091212,2400.0,8,0,0,0,0.0
102586,1,0.284935753,58,2,0.035376434,53594.0,8,0,1,0,2.0
102588,0,0.773020761,29,0,0.45325779,6000.0,12,0,2,0,0.0
102589,0,0.026811662000000003,72,0,0.004715202,5301.0,4,0,0,0,0.0
102590,0,0.009153142,50,0,0.296056315,12500.0,10,0,2,0,0.0
102592,0,0.359907716,42,0,0.20793069,3000.0,8,0,0,0,2.0
102593,0,0.06638765599999999,32,0,0.117335686,6800.0,12,0,0,0,0.0
102595,1,0.943352216,37,2,0.029035462,17116.0,4,0,0,0,2.0
102597,0,0.6931792929999999,28,0,0.345685032,2050.0,7,0,0,0,0.0
102598,0,0.007755383,57,0,10.0,,5,0,0,0,0.0
102600,0,0.957980438,45,0,809.0,,6,0,0,0,0.0
102601,0,0.058420017000000005,63,0,0.209538979,11300.0,21,0,1,0,0.0
102602,0,0.000498065,76,0,0.0,,2,0,0,0,
102603,0,0.05080343,62,0,0.399216732,12000.0,10,0,3,0,0.0
102604,0,0.207956278,52,0,0.241442966,13000.0,5,0,1,0,0.0
102605,0,0.6192270129999999,45,0,0.520422736,3500.0,3,0,1,0,2.0
102607,0,0.171655223,53,0,0.242528608,9000.0,4,0,2,0,4.0
102608,1,0.9920015999999999,78,0,0.5095172410000001,3624.0,10,1,1,0,1.0
102609,0,0.011689251999999999,53,0,1452.0,,5,0,1,0,0.0
102610,0,0.002426109,69,0,0.165263624,27083.0,10,0,1,0,1.0
102611,0,0.0,56,0,0.07764779,9658.0,5,0,0,0,2.0
102613,0,0.385178855,49,1,0.28545056,8666.0,10,0,1,0,0.0
102615,0,0.250314302,56,0,0.496782102,6525.0,11,0,1,0,0.0
102617,0,0.100884136,33,0,0.422119205,7549.0,9,0,2,0,0.0
102618,0,1.001928434,56,0,0.08677548300000001,6003.0,2,0,0,0,0.0
102620,0,0.052494615,63,0,0.113633199,7180.0,21,0,0,0,0.0
102621,0,0.067205533,42,1,0.951442445,3500.0,6,0,2,0,1.0
102623,0,0.0,49,0,2678.0,,7,0,1,0,0.0
102624,0,0.335730574,31,0,0.418645339,4000.0,7,0,1,0,3.0
102625,0,1.006107718,42,0,54.0,,2,0,0,0,0.0
102626,0,0.022907425,59,0,0.48901416600000003,6917.0,7,0,1,0,0.0
102627,0,0.404333056,34,3,0.19890329,2005.0,7,0,0,0,1.0
102628,0,0.082409799,32,0,0.368751785,3500.0,6,0,1,0,0.0
102630,0,0.046691709000000005,72,0,0.094484253,6000.0,12,1,1,0,1.0
102634,0,0.0,39,0,0.397334444,2400.0,5,0,0,0,3.0
102635,0,0.930338309,41,0,0.425487399,10514.0,8,0,2,0,0.0
102636,0,0.149573547,54,0,0.36098553299999997,8847.0,9,0,2,0,1.0
102637,0,0.288262566,45,0,0.53808752,4318.0,9,0,3,0,3.0
102638,0,0.015499644,70,0,0.005523167,3258.0,10,0,0,0,0.0
102639,0,0.11729394800000001,61,0,0.07457949900000001,3150.0,6,0,0,0,0.0
102640,0,0.049259124,63,0,1003.0,,6,0,1,0,0.0
102641,0,0.0,80,0,1584.0,,2,0,1,0,
102644,0,0.05475669,59,0,2664.0,,6,0,1,0,0.0
102645,0,0.9999998999999999,68,0,1981.0,,1,0,1,0,0.0
102647,0,0.10868070699999999,55,0,0.155986643,6288.0,7,0,1,0,0.0
102648,0,0.004629848,72,0,0.324069599,4137.0,21,0,1,0,1.0
102649,0,0.043393595,68,0,1392.0,,5,0,1,0,1.0
102650,1,0.8881199540000001,43,0,0.157022548,3680.0,5,0,0,0,2.0
102651,0,0.088097063,61,0,0.77393617,9775.0,11,0,3,0,0.0
102653,0,0.057168830999999996,46,0,0.270072993,10000.0,14,0,2,0,1.0
102655,0,0.066557357,55,0,1943.0,,19,0,2,0,0.0
102656,0,0.034853806,45,0,0.015856601,2900.0,5,0,0,0,0.0
102657,1,0.7771588970000001,49,1,0.530063505,7400.0,12,0,2,1,2.0
102658,0,0.021427296000000002,79,1,10.0,,4,0,0,0,0.0
102659,0,0.021332622000000002,61,0,0.438140465,4000.0,6,0,1,0,0.0
102660,1,0.534189174,46,2,0.293285693,6716.0,11,1,2,0,1.0
102663,0,0.030859747000000003,74,0,0.16863636399999998,4399.0,4,0,1,0,0.0
102664,0,0.023279664,62,0,0.090807175,3567.0,4,0,0,0,1.0
102665,0,0.928074246,51,1,0.231302774,3315.0,4,1,0,0,1.0
102666,0,0.044770149,38,0,0.20860473100000002,5833.0,5,0,2,0,0.0
102667,1,0.069860279,42,1,0.005833102,25200.0,1,1,0,0,2.0
102669,0,0.08477925800000001,58,0,0.20704507,6500.0,5,0,1,0,0.0
102670,0,0.702286105,54,0,3173.0,,8,0,1,0,0.0
102671,0,0.357976905,30,0,0.226499552,3350.0,14,0,0,0,0.0
102672,0,0.0,42,0,0.069574247,8666.0,6,0,0,0,1.0
102673,0,0.184040975,42,0,589.0,,10,0,0,0,0.0
102674,0,0.082886025,58,0,90.0,,7,0,0,0,0.0
102676,0,0.230951241,46,0,0.39487478200000004,5150.0,12,0,1,0,3.0
102679,0,0.290842268,47,0,0.157529723,9083.0,10,0,0,0,4.0
102680,0,0.03474171,49,0,0.12224618,10666.0,5,0,1,0,0.0
102681,0,0.550564936,53,0,1.13304253,2750.0,8,0,1,0,0.0
102684,0,0.9679608740000001,35,7,0.195991091,8081.0,13,0,0,1,1.0
102685,1,0.055887327,86,0,0.406467096,7916.0,17,0,3,0,1.0
102686,0,0.08442346199999999,37,0,3944.0,,6,0,1,0,0.0
102687,1,0.9999998999999999,44,0,0.44079076100000003,5108.0,3,4,1,3,2.0
102688,0,0.185009843,70,0,546.0,,4,0,0,0,0.0
102689,0,0.06879777599999999,65,0,0.32487948,4770.0,11,0,2,0,0.0
102691,0,0.901212393,71,1,0.518827058,3000.0,8,1,1,0,2.0
102694,0,0.592816735,50,0,0.242502777,2700.0,6,0,0,0,0.0
102695,0,0.44582990200000006,57,0,0.025794841000000002,5000.0,4,0,1,0,0.0
102696,0,0.344161685,71,0,194.0,,5,0,0,0,
102697,0,0.041118355,65,0,30.0,,2,0,0,0,
102698,0,0.025691574,56,0,1.155976004,6500.0,17,0,3,0,0.0
102699,0,0.027802438999999998,58,1,476.0,,6,0,0,0,0.0
102702,0,0.9180034890000001,29,0,474.5,1.0,7,0,0,0,0.0
102703,0,0.083513319,39,0,0.017830362,6000.0,1,0,0,0,1.0
102705,0,0.057832994000000006,73,0,0.009359250999999999,4166.0,6,0,0,0,0.0
102708,0,0.7703562829999999,65,0,0.286566683,6200.0,13,0,0,0,1.0
102709,0,0.9999998999999999,29,0,0.0,2860.0,0,0,0,0,0.0
102710,0,0.033242698,59,0,0.536272751,3900.0,8,0,2,0,2.0
102711,0,0.28579364,52,0,0.242063492,10583.0,4,0,2,0,0.0
102714,0,0.069411469,79,0,272.0,,4,0,1,0,0.0
102715,0,0.039563894,54,0,1949.0,,14,0,1,0,3.0
102716,0,0.10194991099999999,61,0,0.29717570600000004,4000.0,6,0,1,0,2.0
102717,0,0.009536743,74,0,9.0,,5,0,0,0,0.0
102719,0,0.5033284339999999,46,0,0.581633996,7600.0,11,0,2,0,1.0
102721,0,0.009390386,87,0,0.0023992320000000003,2083.0,2,0,0,0,0.0
102722,0,0.24999486699999998,57,0,0.47429722399999996,11418.0,13,0,4,0,0.0
102723,0,0.032180843,53,0,0.059564329000000006,2937.0,5,0,0,0,0.0
102724,0,0.095220866,32,0,85.0,,7,0,0,0,0.0
102725,0,0.086711576,52,0,0.566243376,10000.0,29,0,8,0,0.0
102726,0,0.31140061,49,0,1933.0,1.0,12,0,2,0,2.0
102732,0,0.029832339,67,0,0.597014925,1071.0,15,0,0,0,0.0
102733,0,0.0,28,0,226.0,,2,0,0,0,0.0
102735,0,0.49156629999999996,57,0,0.731696527,4520.0,12,0,2,0,0.0
102736,0,0.055961107999999996,51,0,0.333240145,3576.0,13,0,1,0,2.0
102737,0,0.023184985,91,0,52.0,,9,0,0,0,0.0
102738,0,0.009878245,78,0,0.92526017,3170.0,13,0,2,0,0.0
102740,0,0.396862021,41,2,560.0,,7,1,0,0,0.0
102741,0,0.17403117399999998,40,0,0.246820998,9200.0,13,0,2,0,1.0
102744,0,0.614385953,47,0,0.602202146,7083.0,12,0,1,0,1.0
102745,0,0.36933101100000004,56,0,0.181124007,3273.0,6,0,0,0,1.0
102746,0,0.900692629,48,0,0.922692376,5600.0,8,0,2,0,3.0
102747,0,0.036174343,45,0,0.379853596,6283.0,3,0,1,0,1.0
102748,0,0.08431662699999999,60,0,0.25644542,14583.0,7,0,1,0,1.0
102749,0,0.33838847299999997,42,0,3952.0,0.0,16,0,2,0,1.0
102751,0,0.04652521900000001,74,0,0.28037958,11380.0,12,0,3,0,0.0
102752,0,0.682263547,33,0,0.5472972970000001,4883.0,7,0,3,0,0.0
102753,0,0.25515223,38,0,0.375525813,2614.0,10,0,1,0,2.0
102754,0,0.40490671100000003,26,0,0.560252587,5700.0,6,0,1,0,1.0
102756,0,0.06216694,72,0,0.017106373,8300.0,4,0,0,0,0.0
102757,0,0.012917608999999998,51,0,0.324713862,7076.0,9,0,1,0,6.0
102758,0,0.005063578,49,0,0.49360613799999997,4300.0,16,0,1,0,0.0
102759,0,0.101499423,48,0,0.29142781,7500.0,14,0,1,0,4.0
102760,0,0.57101368,51,1,0.510976533,9246.0,14,0,2,0,3.0
102761,0,0.15098155300000002,51,0,0.26201568,8800.0,16,0,1,0,5.0
102763,0,0.0,45,0,0.39175257700000005,3200.0,4,0,1,0,2.0
102764,1,1.4190844619999998,38,1,0.266027759,3025.0,7,0,0,2,2.0
102765,0,0.246707289,62,0,3279.0,,14,0,1,0,1.0
102768,0,0.06402224,55,0,0.67637008,7900.0,16,0,4,0,0.0
102769,0,0.482725864,53,0,0.329906225,8850.0,11,0,2,0,0.0
102770,0,0.014282065,62,0,1796.0,,11,0,1,0,0.0
102771,0,0.208110548,37,0,0.019118471,12500.0,3,0,0,0,0.0
102772,0,0.0,38,0,1845.0,,12,0,1,0,2.0
102776,0,0.053682386,75,0,2577.0,,43,0,1,0,0.0
102777,0,0.507095881,29,0,0.058797194000000004,6700.0,5,0,0,0,0.0
102778,1,0.9999998999999999,27,0,0.029799427000000003,1744.0,1,0,0,0,1.0
102779,0,0.006315568000000001,78,0,10.0,,9,0,0,0,0.0
102781,0,0.226103028,57,3,0.49656930000000005,5100.0,11,0,2,0,3.0
102782,0,0.052306711,81,0,0.21720561300000002,9833.0,12,0,1,0,0.0
102785,0,0.5851241939999999,41,1,0.599942396,6943.0,7,0,1,0,2.0
102787,0,0.9999998999999999,47,0,0.587804065,3000.0,4,0,1,0,0.0
102788,0,0.9999998999999999,44,0,0.099923136,1300.0,0,0,0,0,0.0
102789,0,0.042772162,54,0,0.308637084,5047.0,9,0,1,0,0.0
102790,0,0.107351376,64,0,1204.0,,5,0,1,0,1.0
102791,1,1.025890638,30,1,0.234804631,2763.0,9,0,0,2,3.0
102793,1,0.9667774090000001,56,0,8.0,,1,1,0,0,0.0
102794,0,0.128966314,55,1,0.261616162,1979.0,6,0,0,0,0.0
102795,0,0.188613212,62,1,0.192393915,12489.0,6,0,1,0,1.0
102796,0,0.0,81,0,1959.0,,8,0,1,0,0.0
102797,0,0.018473925,74,0,0.19118569600000002,6375.0,10,0,2,0,0.0
102801,0,0.0,50,0,0.591002045,4400.0,10,0,3,0,0.0
102802,0,0.268881776,51,0,0.074316378,13603.0,9,0,1,0,1.0
102803,0,0.106871071,59,0,0.146988241,8333.0,6,0,1,0,0.0
102805,0,0.041113803,57,0,0.299425144,4000.0,6,0,1,0,0.0
102806,0,0.107544623,62,0,0.295264624,2871.0,7,0,1,0,0.0
102807,0,0.9980466929999999,56,0,2304.0,,11,0,0,1,0.0
102809,0,0.0072953259999999995,36,0,0.136191957,4500.0,3,1,1,1,3.0
102810,1,0.0,46,2,0.296673717,5200.0,4,2,1,1,2.0
102811,0,0.0,45,0,0.020585813,8500.0,6,0,0,0,2.0
102812,0,0.21188648699999998,51,0,0.40554310200000004,4906.0,7,0,2,0,2.0
102813,0,0.126536777,40,0,0.161528107,15600.0,10,0,1,0,2.0
102818,0,0.39360639399999997,23,0,0.003665445,3000.0,1,0,0,0,0.0
102819,0,0.0,55,0,0.340694006,6339.0,7,0,1,0,0.0
102820,0,0.051230961,33,0,0.56338575,5150.0,5,0,2,0,0.0
102822,0,0.002256381,63,0,0.00059997,6666.0,9,0,0,0,0.0
102823,0,0.9961283040000001,50,1,0.583292383,6104.0,6,0,0,0,1.0
102826,0,0.27465446,48,0,0.306297229,11909.0,6,0,1,0,1.0
102827,0,0.009553433,58,0,1.0,,2,0,0,0,
102828,0,0.001908511,59,2,1.158256881,3487.0,16,1,2,0,0.0
102830,0,0.262000668,56,0,0.362211396,4720.0,9,0,2,0,0.0
102831,0,0.009151105,60,0,2577.0,,6,0,3,0,0.0
102833,0,0.003321619,77,0,0.08747813,4000.0,14,0,0,0,0.0
102835,0,0.023017297000000003,63,0,0.00414987,8433.0,10,0,0,0,1.0
102836,0,0.33957164799999995,42,0,0.664015627,7166.0,8,0,1,0,3.0
102837,0,0.007849804,69,0,0.002713295,3316.0,2,0,0,0,1.0
102838,1,0.5020958329999999,68,0,0.387224829,2770.0,10,0,1,0,0.0
102840,0,0.023644492000000003,58,0,0.357785656,11000.0,14,0,2,0,0.0
102841,0,0.147307781,79,0,549.0,,14,0,0,0,0.0
102842,0,0.073607231,36,0,0.531963001,4864.0,11,0,2,0,0.0
102843,0,0.465357095,52,0,2632.0,,3,0,1,0,1.0
102845,0,0.025187152,58,0,0.39806060600000004,4124.0,12,0,2,0,0.0
102846,0,0.226923175,41,1,2360.0,,9,0,1,0,3.0
102847,0,0.06409314099999999,71,0,2158.0,,18,0,2,0,1.0
102848,0,0.9999998999999999,40,1,0.369793143,3528.0,1,1,0,0,3.0
102849,0,0.191254075,52,0,0.32103254,5500.0,8,0,2,0,3.0
102850,0,0.030242229,44,0,0.226584326,6800.0,13,0,2,0,1.0
102851,0,0.714245136,59,0,0.28805857100000004,3960.0,3,0,1,0,0.0
102853,0,0.017236454,30,0,0.36266005799999995,2420.0,8,0,2,0,0.0
102854,0,0.011105735,56,0,0.171414293,2000.0,7,0,0,0,0.0
102856,0,0.022594542000000002,68,0,3499.0,,19,0,1,0,0.0
102859,0,0.586109464,66,0,0.312365502,6040.0,6,0,0,0,0.0
102860,0,0.0,30,0,848.0,0.0,3,0,0,1,0.0
102861,0,0.97921867,39,0,1.154153811,8750.0,12,0,4,0,0.0
102862,0,0.307827549,72,0,0.27383630800000003,20000.0,12,0,3,0,0.0
102863,0,0.410562181,32,0,0.114577085,3333.0,4,0,0,0,0.0
102864,0,0.979780981,66,2,0.194180582,10000.0,6,0,0,0,1.0
102866,0,0.00122399,47,0,0.219976347,9300.0,24,0,1,0,0.0
102868,0,0.29182037,75,0,0.396020539,1557.0,8,0,0,0,0.0
102872,0,0.579221039,42,0,0.39841565700000003,4291.0,7,0,1,0,0.0
102873,0,0.021477742999999997,67,0,0.022988506000000002,2000.0,6,0,0,0,0.0
102875,0,0.05045397099999999,47,0,0.131488456,6106.0,2,0,1,0,3.0
102876,0,0.9999998999999999,54,0,0.258972744,11116.0,5,0,1,0,2.0
102878,0,0.17564870300000002,36,0,0.062553556,3500.0,4,0,0,0,0.0
102879,0,0.058761249,79,0,29.0,,3,0,0,0,0.0
102880,0,0.06875725,38,0,0.323434561,7441.0,9,0,2,0,1.0
102883,0,0.129992074,68,0,0.23684836899999998,4200.0,13,0,1,1,1.0
102884,0,0.734639457,45,0,5533.0,,11,0,2,0,0.0
102885,0,0.040497107000000004,30,0,17.0,,1,0,0,0,
102887,0,0.265309434,62,0,0.44796737299999995,7600.0,14,0,2,0,1.0
102888,0,0.57711687,55,0,0.323486683,8259.0,17,0,1,0,1.0
102891,0,0.022773015,64,0,0.198133644,6000.0,11,0,1,0,0.0
102894,0,0.241564223,71,0,2451.0,,11,0,1,0,0.0
102895,1,0.015127845,59,0,0.072985403,5000.0,15,0,0,0,0.0
102896,0,0.007141837,39,0,0.238913099,3900.0,4,0,0,0,3.0
102898,0,0.223442478,39,0,0.23744127199999998,2766.0,6,0,0,0,4.0
102899,0,0.563487195,67,0,0.23620275899999998,6667.0,9,0,0,0,0.0
102901,0,0.020581881,50,0,0.061441323,62400.0,13,0,4,0,1.0
102903,0,0.168823954,48,0,0.17965625300000002,9250.0,3,0,1,0,0.0
102904,1,0.838782305,65,0,0.506519478,12500.0,17,1,3,0,1.0
102905,0,0.131503494,61,0,0.49450183299999995,3000.0,24,0,2,0,0.0
102906,0,0.0,68,0,0.578884223,3333.0,11,0,2,0,0.0
102907,0,1.864745011,32,1,25.0,,1,0,0,0,0.0
102908,0,0.0,55,0,0.0,5566.0,7,0,0,0,1.0
102909,0,0.027029257,38,1,0.206728138,23750.0,4,0,1,0,2.0
102910,0,0.100228842,62,2,1.263067695,3500.0,11,0,2,0,0.0
102911,0,0.0,85,0,0.0,,3,0,0,0,0.0
102912,1,0.37019681299999996,22,0,318.0,,5,0,0,0,
102913,0,0.030678832000000003,74,0,0.017309501,5314.0,7,0,0,0,0.0
102914,0,0.195492702,64,0,0.506415597,6000.0,16,0,2,0,1.0
102915,0,0.900049975,31,0,0.298814455,7000.0,9,0,1,0,2.0
102917,0,0.04104725,50,0,0.273550153,9500.0,9,0,1,0,1.0
102918,0,0.119988001,42,0,0.22567143399999998,2866.0,5,1,0,0,0.0
102919,0,0.470606617,63,0,0.182806236,11224.0,7,0,1,0,1.0
102921,0,0.0,25,1,0.710632571,742.0,5,0,0,0,0.0
102924,0,0.001859351,52,0,0.509657871,7920.0,19,0,4,0,2.0
102925,0,0.926919473,66,1,0.9573833740000001,5701.0,17,0,0,0,0.0
102927,0,0.9999998999999999,53,0,0.09375694300000001,4500.0,7,0,0,0,0.0
102928,0,0.893084572,81,1,0.19870860199999998,4800.0,13,0,0,0,0.0
102929,0,0.238920611,71,0,0.493267564,7500.0,7,0,4,0,0.0
102932,0,0.813656646,63,1,0.1224,14999.0,8,0,0,0,2.0
102934,0,0.08700408800000001,55,0,0.509640795,10216.0,12,0,3,0,1.0
102935,0,0.850349364,46,0,0.484190715,7969.0,23,0,2,0,1.0
102936,0,0.52255582,43,0,376.0,,4,0,0,0,0.0
102937,0,0.015172892,55,1,0.255928091,18133.0,11,0,1,0,1.0
102938,1,0.466994057,40,0,4329.0,,26,0,2,0,2.0
102939,0,0.29638301100000003,57,2,0.542551228,5416.0,6,0,1,0,0.0
102941,0,0.10468929800000001,54,0,0.036960647,12120.0,24,0,0,1,0.0
102942,0,0.0,80,0,1.0,,3,0,0,0,0.0
102943,0,0.580347462,72,0,0.482451404,3703.0,7,0,1,0,1.0
102944,0,0.061846908,74,0,1601.0,,3,0,1,0,0.0
102945,0,0.157426748,68,0,0.420166539,27500.0,21,0,3,0,2.0
102947,0,0.039493697,48,0,743.0,,12,0,0,0,
102948,0,0.33884170700000005,63,0,0.283535176,10816.0,9,0,1,0,0.0
102950,0,0.021643482999999998,46,0,1.67706334,2083.0,11,0,2,0,0.0
102951,0,0.740924308,47,0,1763.0,,4,0,1,0,3.0
102952,0,0.258158396,61,0,0.146084924,7700.0,12,0,1,0,1.0
102953,0,0.9999998999999999,51,1,0.291170883,10000.0,9,0,2,0,0.0
102954,0,0.007938913,61,0,0.000749813,4000.0,7,0,0,0,0.0
102955,0,0.12434446,83,0,1672.0,,14,0,1,0,0.0
102957,0,0.072246996,66,0,1754.0,,11,0,1,0,0.0
102958,0,0.046015639000000004,63,0,0.424015009,4263.0,5,0,1,0,0.0
102959,1,1.006966434,70,2,0.6570260920000001,9542.0,9,0,2,0,1.0
102960,0,0.19315405100000002,53,0,0.328176665,8467.0,15,0,2,0,2.0
102961,0,0.133234671,43,0,0.29150823800000003,7100.0,5,0,1,0,2.0
102962,0,0.818836233,36,0,0.350306585,3750.0,4,0,1,0,2.0
102964,0,0.11263676800000001,47,0,0.545537175,5500.0,16,0,1,0,2.0
102965,0,0.12259080900000001,62,0,0.374147805,11000.0,13,0,1,0,0.0
102966,0,0.497274702,32,0,1458.0,,7,0,1,0,0.0
102967,0,0.403982406,44,0,1.426423466,4056.0,25,0,2,0,3.0
102968,0,0.0,40,0,1539.0,,4,0,1,0,1.0
102970,0,0.426704886,60,0,1.070288017,6700.0,5,0,3,0,0.0
102971,0,0.0,24,0,0.0,1800.0,2,0,0,0,0.0
102972,0,0.29574227,55,0,0.209224367,8650.0,7,0,1,0,1.0
102974,0,0.9999998999999999,26,0,0.17521652199999999,1500.0,4,3,0,0,0.0
102975,0,0.008729763,52,0,674.0,,8,0,1,0,0.0
102976,0,0.117152044,64,0,0.318490743,12800.0,12,0,2,0,0.0
102978,0,0.5772864870000001,47,1,0.35101883899999997,2600.0,6,0,0,0,0.0
102979,0,0.037977622999999995,55,0,0.592309529,4186.0,12,0,2,0,0.0
102980,0,0.8042572170000001,36,0,0.407528125,9510.0,21,0,2,0,4.0
102981,0,0.8619046029999999,47,0,0.609181141,5641.0,15,0,2,0,0.0
102982,0,0.118576285,44,0,0.002072918,8200.0,2,0,0,0,3.0
102983,0,0.48167650700000003,41,0,0.632943569,5900.0,19,0,1,0,3.0
102984,0,0.032610891,61,1,0.027477102000000003,1200.0,2,0,0,0,0.0
102985,0,0.227377529,56,1,0.35933908,6959.0,14,0,2,0,1.0
102987,0,0.898809185,56,0,0.40269445299999995,9500.0,11,0,1,0,2.0
102989,0,0.250273796,62,0,0.405388339,4750.0,2,0,1,0,1.0
102990,0,0.65017091,35,0,0.5870108239999999,1200.0,4,0,0,0,2.0
102992,0,0.13697416,54,0,0.077792264,2300.0,4,0,0,0,1.0
102993,0,0.0,70,1,0.0,,5,0,0,0,0.0
102994,0,0.49962650299999994,61,3,0.8456181079999999,6891.0,18,1,1,1,0.0
102995,0,0.0,65,0,0.0,400.0,5,0,0,0,0.0
102996,0,0.101512417,54,0,0.546793469,11881.0,8,0,3,0,3.0
102998,0,0.197160568,36,0,0.233827335,4250.0,2,0,1,0,0.0
102999,0,0.529324261,45,0,0.615907966,8083.0,13,0,2,0,1.0
103000,0,0.0,89,0,0.0,,4,0,0,0,0.0
103003,0,0.00576759,86,0,13.0,,13,0,0,0,0.0
103005,0,0.087263853,62,0,0.27574271699999997,6933.0,9,0,2,0,0.0
103007,0,0.224038798,36,0,0.302011646,11333.0,8,0,4,0,3.0
103008,0,0.393450819,33,0,0.19460501,4151.0,8,0,1,0,3.0
103011,0,0.658307537,53,0,0.40130039,7689.0,8,0,1,0,0.0
103013,0,0.119320712,63,0,2690.0,,21,0,2,0,0.0
103014,0,0.16924195600000003,26,0,0.005623828000000001,4800.0,5,0,0,0,0.0
103015,0,0.32669371,32,0,0.302361357,13000.0,13,0,1,0,0.0
103016,1,0.904789851,50,2,1.422040674,5752.0,13,1,2,6,0.0
103017,0,0.9883543990000001,51,0,0.8695326170000001,4000.0,9,0,2,0,2.0
103021,0,0.069498169,62,0,0.099269719,33000.0,21,0,2,0,1.0
103022,0,0.126809359,72,0,0.5402919420000001,5000.0,7,0,2,0,0.0
103024,0,0.073807887,56,0,0.382253169,5600.0,6,0,2,0,0.0
103025,0,0.376663006,56,1,0.41613479700000006,7833.0,20,0,1,1,0.0
103027,0,0.9999998999999999,44,1,0.167753151,2300.0,4,0,0,0,1.0
103028,0,0.719154913,41,1,0.5786177339999999,9100.0,12,0,2,0,1.0
103029,0,0.08207061,60,0,457.0,,3,0,1,0,0.0
103031,0,0.0,37,0,0.5288308939999999,5670.0,22,0,2,0,2.0
103032,0,0.0017741360000000002,67,0,0.0007137760000000001,1400.0,3,0,0,0,0.0
103033,0,0.023886052999999997,57,0,0.052638557,7541.0,4,0,0,0,0.0
103034,0,0.44416918200000005,42,0,0.25393982800000003,5583.0,6,0,0,0,0.0
103036,0,0.082121049,32,0,0.375124975,5000.0,12,0,1,0,0.0
103037,0,0.043973900999999996,63,0,0.130760819,6400.0,6,0,1,0,1.0
103038,0,0.069944884,44,0,0.415265414,6065.0,4,0,1,0,0.0
103039,0,0.018554424,66,0,0.010296971,6700.0,11,0,0,0,0.0
103043,0,0.679333058,64,0,0.947238886,6500.0,11,0,5,0,0.0
103045,0,0.0,47,0,0.288542292,5000.0,5,0,1,0,1.0
103047,1,0.7784431140000001,21,0,0.010989011000000002,1000.0,1,0,0,0,0.0
103048,0,0.275920196,44,0,0.188043142,42000.0,19,0,4,0,0.0
103051,0,0.004712387,31,0,0.390025876,4250.0,18,0,1,1,1.0
103052,0,0.069258752,69,0,0.340276621,6000.0,8,0,1,0,0.0
103053,0,0.9999998999999999,45,0,0.0,1500.0,0,0,0,0,0.0
103054,0,0.9999998999999999,42,1,0.40703125,10239.0,3,0,1,0,2.0
103056,0,0.6441570560000001,37,1,0.35164076,5789.0,10,0,1,1,2.0
103057,0,0.177164567,37,0,0.33588803700000003,3000.0,3,0,1,0,0.0
103058,0,0.050984456,71,0,0.217397515,7000.0,10,0,2,0,0.0
103059,0,0.12471215599999999,40,0,0.272690924,2500.0,4,0,0,0,0.0
103061,0,0.21558771100000002,35,0,0.14741759699999998,7705.0,7,0,0,0,0.0
103062,0,0.020628866000000003,76,0,16.0,,1,0,0,0,0.0
103063,0,0.39031148600000004,67,0,1763.0,,7,0,2,0,0.0
103064,0,0.064717855,81,0,0.104965012,3000.0,5,0,0,0,0.0
103065,0,0.154130398,62,2,1983.0,,8,0,1,0,0.0
103067,0,0.36666376799999995,59,0,0.146097655,2600.0,4,0,1,0,0.0
103068,0,0.6964342,65,1,0.140063425,11351.0,9,0,1,0,1.0
103069,0,0.22815233199999999,35,0,0.275586257,5500.0,7,0,1,0,5.0
103070,0,0.080355074,50,0,135.0,,5,0,0,0,2.0
103073,0,0.12614576,50,0,0.03446227,1682.0,4,0,0,0,0.0
103074,0,0.465725189,52,0,0.25226807100000004,6833.0,10,0,1,0,0.0
103075,0,0.125874126,23,0,0.000760264,3945.0,1,0,0,0,0.0
103076,0,0.589741026,29,1,0.438280166,720.0,9,0,0,0,0.0
103077,0,0.031034606,80,0,0.012476008,2083.0,3,0,0,0,0.0
103078,0,0.0,37,0,0.0,5400.0,1,0,0,0,2.0
103079,0,0.24995544600000003,67,0,1226.0,,13,0,2,0,1.0
103080,0,0.9999998999999999,75,0,0.35193669299999997,2400.0,8,0,1,0,0.0
103081,0,0.203322038,51,0,0.40829424799999997,4050.0,10,0,2,0,0.0
103082,0,0.01890373,52,0,0.157622034,11000.0,6,0,2,0,2.0
103085,0,0.287254144,65,0,1092.0,,13,0,1,0,0.0
103086,0,0.0,37,0,1885.0,,3,0,1,0,0.0
103088,0,0.9999998999999999,34,0,0.0,1421.0,0,1,0,0,1.0
103089,0,0.049146845,84,0,41.0,,3,0,0,0,
103090,0,0.0,44,0,0.295773093,9060.0,3,0,1,0,2.0
103091,0,0.052157974,24,0,0.31107557,2500.0,4,0,0,0,1.0
103093,0,0.0,69,0,0.0,1667.0,11,0,0,0,0.0
103094,0,0.005084407,60,0,0.125511856,10500.0,15,0,2,0,0.0
103095,0,0.256151639,43,0,0.359285429,7500.0,4,0,1,0,1.0
103096,0,0.015299235,69,0,37.0,,5,0,0,0,0.0
103097,0,0.610542743,30,1,0.264924265,3366.0,9,0,0,0,0.0
103098,0,0.0,38,0,0.0,5200.0,1,0,0,0,0.0
103101,0,0.071823497,43,0,0.312356741,4798.0,16,0,1,0,1.0
103102,0,0.040315327000000005,31,0,0.006283919000000001,3500.0,5,0,0,0,0.0
103103,0,0.9999998999999999,31,0,0.12403100800000001,4256.0,3,0,0,2,1.0
103104,0,0.288210109,65,0,0.074981255,4000.0,3,0,0,0,0.0
103105,0,0.262712392,49,2,0.519513905,8557.0,19,1,3,0,3.0
103106,0,0.098434221,64,0,1371.0,1.0,22,0,1,0,0.0
103107,0,0.050911364,65,0,0.189101362,8000.0,10,0,1,0,0.0
103108,0,0.08969730599999999,30,0,0.32291455199999997,4926.0,7,0,1,0,1.0
103110,0,0.040887072,36,0,1.0539827259999999,4167.0,9,0,1,1,0.0
103111,0,0.9999998999999999,30,0,0.0,,0,0,0,0,0.0
103113,0,0.04477910400000001,51,0,1547.0,,7,0,1,0,
103114,0,0.7022977020000001,31,2,0.076105588,2916.0,7,0,0,0,1.0
103115,0,0.7018265220000001,45,1,0.645195243,9500.0,10,0,2,1,3.0
103118,0,0.0,35,0,0.194337305,35000.0,13,0,4,0,1.0
103119,0,0.043948132,50,0,2133.0,,23,0,2,0,0.0
103120,0,0.194944437,37,0,0.14751102,9300.0,14,0,0,0,3.0
103122,0,0.052317907000000004,49,0,2362.0,,4,0,2,0,0.0
103124,0,0.00014353399999999998,47,0,1.194961008,5000.0,9,0,3,0,0.0
103125,0,0.731063447,62,0,0.318007663,10700.0,6,0,2,0,1.0
103129,0,0.175929628,25,0,0.015776698999999998,823.0,1,0,0,0,0.0
103130,0,0.485985802,45,0,0.294882283,11000.0,8,0,2,0,2.0
103131,0,0.020830779,72,0,45.0,,6,0,0,0,0.0
103133,0,0.874501071,79,0,0.493620899,3291.0,7,0,1,0,0.0
103135,0,0.069203325,68,0,0.420616905,7488.0,13,0,1,0,3.0
103136,0,0.18949306,50,0,395.0,,6,0,0,0,0.0
103138,0,0.596042618,51,0,0.509932904,7600.0,8,0,2,0,2.0
103140,0,0.311299196,48,0,0.17062764600000002,30000.0,6,0,2,0,1.0
103141,0,0.501396424,29,0,0.9741774259999999,2400.0,7,0,1,0,2.0
103142,0,0.7435299259999999,39,1,0.325297189,9000.0,11,2,1,0,1.0
103143,1,0.191400717,36,0,0.392772835,5506.0,10,0,1,0,0.0
103145,0,0.8155153740000001,61,2,0.282134042,5266.0,13,2,0,0,0.0
103146,0,0.0031493579999999997,57,0,1.0,,1,0,0,0,
103148,0,0.053455418,56,2,0.45500718700000004,10434.0,28,0,3,0,4.0
103150,0,0.017076853,43,0,0.21237168399999998,7500.0,13,0,1,0,4.0
103151,0,0.101523236,54,0,0.090391965,11250.0,6,0,0,0,2.0
103153,0,0.21435613399999998,59,0,4278.0,,16,0,3,0,0.0
103156,0,0.38733207700000005,73,1,0.37266459700000004,19000.0,8,0,3,0,0.0
103157,0,0.009956089,52,0,0.227696217,7083.0,8,0,2,0,2.0
103159,0,0.0055349990000000005,40,0,0.816245487,2769.0,3,0,1,0,0.0
103160,0,0.45986429700000003,61,1,0.40580840100000004,10260.0,12,0,2,1,0.0
103161,0,0.954209158,30,0,143.0,,1,0,0,0,0.0
103162,0,0.030298496,58,0,1982.0,,9,0,1,0,0.0
103165,0,0.0,69,2,0.30048557600000003,3500.0,12,0,1,0,0.0
103167,0,0.001619165,54,0,0.571618921,1500.0,11,0,0,0,0.0
103168,0,0.9999998999999999,34,0,0.00371402,4307.0,1,0,0,0,1.0
103169,0,0.024932025,41,0,0.30119047600000004,7559.0,11,0,2,0,1.0
103171,1,0.765201481,43,0,0.5537897310000001,3271.0,8,0,1,0,3.0
103172,1,1.0648955979999999,50,2,0.5015965170000001,3444.0,7,0,1,2,3.0
103173,0,0.455318428,61,0,0.480670021,15700.0,13,0,4,0,1.0
103174,0,0.27886057,36,1,0.129379735,8447.0,10,3,0,1,0.0
103176,0,0.035022682,48,1,0.26574825,9000.0,6,0,1,0,3.0
103177,0,0.512831908,44,0,0.332688588,4135.0,9,0,1,0,2.0
103178,0,0.43515876,71,0,0.8995391709999999,1084.0,9,0,2,0,0.0
103179,0,0.9774572779999999,33,0,0.397964796,3635.0,7,0,0,0,5.0
103180,0,0.597278264,59,0,1.057222787,3931.0,14,0,1,0,0.0
103182,0,0.0,84,0,0.0,0.0,4,0,0,0,0.0
103184,0,0.009201143,35,0,0.291441298,22000.0,19,0,4,0,2.0
103185,1,0.9545107620000001,45,1,184.0,,9,0,0,0,0.0
103186,1,0.9999998999999999,55,2,0.012121212,2639.0,0,1,0,0,1.0
103188,0,0.008166213,48,0,0.33626637299999995,10000.0,6,0,1,0,0.0
103189,0,0.04304152,33,0,0.118673647,4583.0,9,0,0,0,0.0
103190,0,0.246900413,26,0,0.32934131699999997,500.0,7,0,0,0,0.0
103191,0,0.681263747,33,0,0.137018524,3400.0,3,0,0,0,0.0
103193,0,0.203704346,63,0,0.391036321,6001.0,6,0,1,0,0.0
103197,0,0.733053389,42,0,0.36297036299999996,3002.0,6,0,0,0,1.0
103198,0,0.6996514770000001,53,0,0.7629586490000001,5150.0,8,0,2,0,2.0
103199,0,0.008158998,63,0,0.45067362,2300.0,16,0,1,0,0.0
103202,0,0.0,48,0,0.224472502,11800.0,5,0,1,0,0.0
103203,0,0.9999998999999999,37,0,0.300873908,800.0,2,0,0,0,2.0
103204,1,0.9999998999999999,42,1,0.250863295,4922.0,4,0,1,0,4.0
103206,1,0.877900241,50,0,0.23045060899999997,15933.0,9,0,1,0,5.0
103208,0,0.884679862,60,0,0.877853691,6000.0,12,0,2,0,0.0
103209,0,0.314895035,80,0,1565.0,,3,0,1,0,0.0
103211,0,0.0,71,0,753.0,,6,0,0,0,0.0
103212,0,0.0,43,0,3800.0,,8,0,2,0,2.0
103213,0,0.01789811,57,0,0.19128730800000002,6633.0,5,0,1,0,0.0
103214,0,0.039595619,39,0,0.073507102,7250.0,9,0,0,0,0.0
103216,0,0.753346515,52,0,0.265455757,6000.0,6,0,0,0,1.0
103217,0,0.683709969,39,0,0.518183012,7616.0,11,0,2,0,3.0
103220,0,1.0038885290000001,62,1,0.378383191,5615.0,11,0,1,1,0.0
103222,0,0.059944866,51,0,0.320585726,7033.0,13,0,1,0,0.0
103223,0,0.005272248,50,0,0.355327049,3500.0,7,0,1,0,3.0
103224,0,0.005935414,74,0,0.127776175,10400.0,16,0,1,0,1.0
103225,0,0.149670441,36,0,0.351663506,5800.0,36,0,2,0,2.0
103226,0,0.289810161,56,0,0.297808977,4700.0,5,0,1,0,0.0
103227,0,0.559705469,49,0,0.31979695399999997,6500.0,9,0,0,0,3.0
103228,0,0.481367909,74,0,247.0,,2,0,1,0,0.0
103229,0,0.269530705,67,0,0.284826375,7400.0,9,0,2,0,1.0
103230,0,0.09573804400000001,36,0,0.208252783,15000.0,6,0,1,0,2.0
103231,0,0.052703720999999995,83,0,0.22458001800000002,1130.0,5,0,1,0,0.0
103232,0,0.057954824,41,0,0.080191981,10000.0,7,0,0,0,4.0
103233,0,0.9999998999999999,68,0,0.07088101299999999,9000.0,4,0,0,0,0.0
103234,0,0.624767479,51,0,0.413491871,8241.0,9,0,1,0,2.0
103235,0,0.161780899,56,0,0.40091629700000003,13750.0,9,0,2,0,1.0
103237,0,0.127140353,31,0,0.317022743,1450.0,9,0,0,0,0.0
103238,1,0.9999998999999999,37,0,0.0,4151.0,0,0,0,0,2.0
103239,0,0.17204301100000002,40,0,0.132737715,4700.0,10,0,0,0,1.0
103240,0,0.059692892000000004,37,0,0.480602586,7500.0,3,0,1,0,4.0
103241,0,0.329579743,48,0,0.371790155,13590.0,13,0,1,0,0.0
103242,0,0.699499265,49,0,906.0,,6,0,0,0,
103243,0,0.070827248,56,0,0.34042553200000003,6250.0,9,0,1,0,0.0
103244,0,0.9999998999999999,48,0,0.279384615,8124.0,3,2,1,0,1.0
103247,0,0.067958925,48,0,0.23538440100000002,7166.0,4,0,1,0,1.0
103248,0,0.232849132,62,0,0.797277937,11167.0,19,0,4,0,2.0
103249,0,0.9999998999999999,56,0,0.334502492,5416.0,1,0,1,0,1.0
103250,0,0.0,62,0,0.15147433,6680.0,10,0,2,0,1.0
103252,0,0.03562678,40,0,0.669084821,3583.0,9,0,2,0,2.0
103254,0,0.208213626,43,0,0.25109956,2500.0,7,0,0,0,2.0
103256,0,3214.0,47,0,3953.0,,5,0,2,0,0.0
103258,0,0.153140554,51,0,0.391861077,5700.0,12,0,1,0,2.0
103259,0,0.512450521,52,0,6103.0,,9,0,2,0,3.0
103260,0,0.623818809,52,1,0.55963467,5583.0,8,0,1,0,3.0
103263,0,0.9999998999999999,30,0,0.07418341099999999,10500.0,4,1,0,0,2.0
103264,0,0.592630312,36,0,0.344890274,7700.0,10,0,2,0,1.0
103266,0,0.0,41,0,0.171966402,13333.0,5,0,1,0,1.0
103267,0,0.667111084,51,0,0.10599165699999999,5273.0,5,0,0,0,0.0
103268,0,0.289468862,32,0,0.369926015,5000.0,6,0,2,0,0.0
103269,0,0.096001807,57,0,0.272246822,7000.0,7,0,1,0,0.0
103270,0,0.038690142000000004,76,0,0.319450229,2400.0,10,0,0,0,0.0
103271,0,0.969689868,35,0,0.732417138,4947.0,17,0,1,0,2.0
103272,0,0.030922283999999998,86,0,0.003977349,14833.0,5,0,0,0,0.0
103274,0,0.052732550999999996,41,1,0.292815312,7000.0,7,0,1,0,2.0
103277,0,0.272825167,45,0,1344.0,,3,0,1,0,0.0
103278,0,0.851663215,44,0,1.325812461,4830.0,16,0,2,0,3.0
103280,0,0.118193359,63,0,0.28126214899999996,15433.0,9,0,2,0,1.0
103281,0,0.10766816,55,0,0.218042509,23100.0,8,0,4,0,3.0
103282,0,0.8412268829999999,43,1,0.139132982,3413.0,5,0,0,0,0.0
103283,0,0.320561439,43,0,0.092633101,112000.0,19,0,4,0,2.0
103284,0,0.9999998999999999,27,1,0.00376506,3983.0,0,0,0,0,1.0
103285,0,0.373931303,49,0,0.230198447,11589.0,8,0,1,0,2.0
103286,1,0.12270729699999999,32,0,0.390742872,7820.0,16,0,2,0,1.0
103288,0,0.14285714300000002,50,0,0.013594562,2500.0,4,0,0,0,0.0
103290,0,0.43094426,33,0,0.7055462990000001,4200.0,9,0,1,0,0.0
103291,0,0.113196672,75,0,0.287101843,7000.0,13,0,1,0,0.0
103294,0,0.020048528,56,0,0.28251977100000003,7333.0,7,0,1,0,1.0
103295,0,0.033451646,79,0,1103.0,,8,0,0,0,0.0
103296,0,0.004078518,58,1,0.203218117,5033.0,12,0,1,0,1.0
103299,0,0.0,31,2,0.490438695,2666.0,4,2,0,1,2.0
103300,0,0.248262178,73,0,0.8522295540000001,5000.0,19,0,2,0,1.0
103302,0,0.662266209,50,0,0.515053546,4948.0,10,0,1,0,0.0
103303,0,0.20969711100000002,31,1,3162.0,,5,0,1,0,0.0
103304,0,0.1360915,66,0,0.149884976,5650.0,11,0,0,0,0.0
103306,0,0.014567266,42,0,0.25749643,2100.0,7,0,0,0,0.0
103307,1,0.7113369979999999,61,0,203.0,,9,0,0,0,0.0
103308,0,0.043822241,56,0,0.43518060399999997,8083.0,6,0,2,0,2.0
103309,0,0.037050603,67,0,0.38321511,11700.0,8,0,3,0,0.0
103311,0,0.587566054,61,0,0.286686282,10875.0,13,0,2,0,1.0
103312,0,0.031287386,47,0,0.24063458199999999,7500.0,7,0,1,0,0.0
103313,0,0.788608531,30,0,0.27278786899999996,6000.0,6,0,0,0,0.0
103316,0,0.043998142000000004,76,0,0.016284163,10500.0,13,0,0,0,0.0
103317,0,0.06371263099999999,72,0,0.239768683,6743.0,12,0,1,0,0.0
103318,0,0.0,74,0,0.09782608699999999,1655.0,5,0,0,0,0.0
103319,0,0.19269113100000002,54,0,0.530898486,7200.0,7,0,2,0,0.0
103320,0,0.66846409,45,0,0.491941261,5583.0,8,0,2,0,3.0
103321,0,0.998271109,26,0,1493.0,,5,0,0,0,0.0
103322,0,0.056641828,51,0,0.716446125,4760.0,11,0,2,0,0.0
103324,0,0.412391739,36,0,0.24695061,5000.0,5,0,1,0,2.0
103325,0,0.0,61,0,0.524995455,5500.0,5,0,2,0,0.0
103326,0,0.31410158,73,0,0.414404162,6150.0,13,0,1,0,1.0
103327,0,0.0,31,0,0.16948913399999999,7085.0,7,0,0,0,1.0
103328,0,0.078145772,64,1,0.032983507999999995,2000.0,6,0,0,0,0.0
103332,1,0.7524158609999999,39,3,0.76519337,2533.0,3,0,2,0,2.0
103333,1,0.610310179,62,0,0.237689745,2700.0,7,17,0,0,0.0
103334,0,0.0,81,0,0.0,,1,0,0,0,0.0
103335,0,0.18025923100000002,39,0,0.463312369,6200.0,6,0,1,0,1.0
103336,0,0.129378776,61,0,751.0,,4,0,0,0,0.0
103337,0,0.018289352,71,0,0.10325131800000001,4551.0,5,0,0,0,0.0
103338,0,0.760518622,66,0,0.63196252,3841.0,8,0,0,0,0.0
103339,0,0.243517099,43,0,0.259806227,10630.0,6,0,3,0,2.0
103342,0,0.0,48,0,0.220550424,10500.0,6,0,2,0,0.0
103343,0,0.016280309,34,0,0.12986695,12250.0,13,0,1,0,2.0
103345,0,0.01066602,43,0,0.0019223379999999998,2600.0,3,0,0,0,0.0
103346,0,0.031014412999999998,72,0,0.002571184,10500.0,9,0,0,0,0.0
103348,0,0.005989771,64,0,0.083588415,4246.0,10,0,1,0,1.0
103349,1,1.009135948,67,0,0.9795646379999999,2250.0,6,0,0,0,0.0
103350,0,0.011347607,52,0,0.39537812,13500.0,7,0,2,0,2.0
103351,1,0.63545461,47,0,0.455454455,10000.0,10,0,2,1,1.0
103352,0,0.023637371,85,0,0.12998762,10500.0,16,0,1,0,0.0
103353,1,0.9999998999999999,33,0,2330.0,,8,0,2,0,4.0
103354,0,0.463589669,33,0,0.114277145,3333.0,4,0,0,0,0.0
103355,1,0.882154469,66,1,0.302232589,3000.0,6,0,0,3,0.0
103356,0,0.0,72,1,1703.0,,3,0,1,0,0.0
103357,0,0.9999998999999999,25,0,2.0,,0,0,0,0,
103358,0,0.232691586,66,2,0.30889703399999996,3000.0,14,0,1,0,0.0
103359,0,0.9074863059999999,31,0,0.156421789,2000.0,2,0,0,0,0.0
103360,0,0.48753785200000005,39,0,0.346515445,6700.0,10,0,2,0,0.0
103361,0,0.013337571999999999,68,0,719.0,,11,0,1,0,0.0
103362,0,0.033901258,55,0,0.347107438,9316.0,7,0,1,0,0.0
103363,0,0.148275629,51,0,0.108313275,5400.0,7,0,0,0,0.0
103364,0,0.058607422,66,0,504.0,0.0,6,0,1,0,0.0
103365,0,0.0,51,1,0.714928507,10000.0,10,0,4,0,2.0
103367,0,1.036995376,64,0,0.10329029599999999,2400.0,1,0,0,0,1.0
103368,0,0.001628638,56,0,1054.0,,12,0,1,0,0.0
103369,0,0.036171133,69,0,0.46283783799999995,3551.0,12,0,1,0,0.0
103371,0,0.038909043,67,0,0.18683579,2916.0,9,0,1,0,0.0
103372,0,0.059483483,30,0,2049.0,,11,0,1,0,0.0
103373,0,0.9999998999999999,88,0,0.0,3574.0,0,0,0,0,0.0
103374,1,0.053130070999999994,78,0,0.066343042,617.0,3,0,0,0,0.0
103375,0,0.459454755,58,0,0.31779192,7227.0,9,0,1,0,0.0
103376,0,0.470334497,64,0,0.49223196399999997,6500.0,5,0,2,0,0.0
103377,0,0.06972914200000001,50,0,0.660807093,6541.0,9,0,2,0,2.0
103378,0,0.0,49,0,0.21599628,4300.0,5,0,2,0,0.0
103379,0,0.34944416799999994,62,0,0.373074949,7791.0,10,0,1,0,1.0
103381,0,0.463578515,48,0,0.9351927809999999,4875.0,17,0,3,0,3.0
103382,0,0.8763624729999999,53,0,3564.0,,7,0,1,0,0.0
103383,1,1.119512427,58,3,0.420255561,8451.0,10,1,1,3,0.0
103384,0,0.18559072,32,0,0.053494729000000005,2560.0,5,0,0,0,1.0
103385,0,0.018261272,73,0,0.133408853,11475.0,8,0,1,0,1.0
103386,0,0.0,43,0,0.282291875,5008.0,4,0,1,0,4.0
103387,0,0.37002608,68,0,0.53307782,6000.0,9,0,1,0,1.0
103388,0,0.9999998999999999,55,1,3727.0,,4,1,1,1,0.0
103389,0,0.548383876,46,0,0.205784761,66000.0,19,0,2,0,1.0
103391,0,0.038635797,67,0,0.143693108,4613.0,6,0,0,0,1.0
103393,0,0.8250469979999999,48,0,0.27549607800000003,6500.0,3,0,1,0,2.0
103394,0,0.10538661,58,0,219.0,,4,0,1,0,3.0
103395,0,0.278123952,61,0,0.37626563399999996,6715.0,10,0,2,0,2.0
103397,0,0.024323667,58,0,0.078099787,15492.0,3,0,1,0,0.0
103398,1,0.9610129959999999,52,3,0.786340563,4333.0,6,4,2,0,2.0
103399,0,0.03338862,58,0,0.28945520199999997,9966.0,15,0,3,0,0.0
103403,0,0.10233132699999999,52,0,0.037197024,4166.0,8,0,0,0,0.0
103408,0,0.930783864,48,1,2485.0,,15,0,2,0,0.0
103409,0,0.362358131,64,0,3112.0,,24,0,1,0,0.0
103410,0,0.5982349379999999,26,0,0.62273579,1600.0,5,0,0,0,0.0
103411,0,0.166026062,49,0,0.522897044,9236.0,10,0,3,0,0.0
103412,1,0.494183265,50,0,1970.0,,31,0,0,0,0.0
103413,0,0.08102188,62,0,0.24589258600000002,14485.0,3,0,1,0,1.0
103417,0,0.517907131,53,1,0.51063443,5500.0,8,0,2,0,1.0
103418,0,0.0,46,1,0.7633376409999999,5416.0,12,0,2,0,2.0
103419,0,0.00332416,80,0,0.229700073,4100.0,7,0,1,0,0.0
103421,0,0.048093736,55,0,0.603791697,4166.0,14,0,1,0,0.0
103423,0,0.707876107,67,1,0.976,6999.0,18,0,2,0,1.0
103424,0,0.397736265,65,0,1.31984008,2000.0,13,0,0,0,0.0
103425,0,0.019419855,65,0,6672.0,,15,0,3,0,2.0
103426,0,0.090112231,39,0,0.845045575,3400.0,6,0,1,0,0.0
103427,0,0.0,26,0,0.0,,1,0,0,0,0.0
103428,0,0.031537806,56,0,0.252974703,10000.0,5,0,1,0,2.0
103429,0,0.001972447,55,0,948.0,,9,0,1,0,0.0
103431,0,0.9999998999999999,45,0,0.405353434,13000.0,5,0,2,0,1.0
103432,0,0.0,42,1,0.028526461,5082.0,5,1,0,0,2.0
103433,0,0.025248422000000003,79,0,12.0,,3,0,0,0,0.0
103435,0,0.275223045,90,0,0.11964533699999999,9360.0,8,0,0,0,0.0
103438,0,0.090169775,64,0,0.24457493,7833.0,6,0,0,0,2.0
103439,0,0.00363947,57,0,0.277927105,9300.0,9,0,1,0,2.0
103440,0,0.015998222,63,0,0.558312655,805.0,9,0,1,0,0.0
103441,0,0.0008999780000000001,45,0,0.00011185700000000001,8939.0,3,0,0,0,0.0
103442,0,0.677140678,47,0,0.22445695899999998,8700.0,7,0,0,0,1.0
103445,0,0.293066686,30,0,0.690338861,2773.0,5,0,1,0,0.0
103447,1,0.378720266,66,0,0.884552021,7890.0,19,0,3,0,0.0
103448,0,0.180088227,55,3,0.383854331,9500.0,30,0,2,1,1.0
103450,0,0.049131548,35,1,20.0,,3,0,0,0,0.0
103451,0,0.819159042,62,0,0.388619015,4322.0,7,0,1,0,1.0
103454,0,0.9999998999999999,29,0,0.0,2000.0,0,1,0,0,0.0
103455,1,0.664670659,35,3,0.23707512100000003,3500.0,7,1,0,1,0.0
103456,0,0.003590495,77,0,0.001249688,4000.0,7,0,0,0,0.0
103457,0,0.626079131,69,0,1.3052184470000001,1647.0,8,0,2,0,0.0
103459,0,0.004124897,62,0,0.001110803,3600.0,2,0,0,0,0.0
103460,0,0.48909743899999997,55,0,0.322324967,9083.0,13,0,1,0,0.0
103461,0,0.9999998999999999,40,0,0.229426168,9392.0,6,0,1,0,2.0
103466,1,0.0,73,0,0.702978546,4800.0,11,0,1,0,0.0
103468,1,1.261337433,34,3,0.179850125,1200.0,4,1,0,0,0.0
103470,0,0.067847267,66,1,0.060208842,4500.0,10,0,0,0,2.0
103471,0,0.929221854,32,0,0.11975116599999999,4500.0,3,2,0,0,4.0
103472,0,0.235860259,59,0,0.105759429,3923.0,5,0,0,0,0.0
103476,0,0.19559348,75,0,0.397867378,3000.0,6,0,1,0,0.0
103477,0,0.963461435,38,0,0.351329734,5000.0,7,0,1,0,3.0
103478,0,0.06970795099999999,57,0,3444.0,,14,0,3,0,0.0
103479,0,0.155989601,48,2,0.575309715,4600.0,7,0,3,0,1.0
103480,0,0.247758408,39,0,0.175218659,13719.0,6,0,1,0,1.0
103482,0,0.014940736999999999,83,0,0.006041222,2813.0,3,0,0,0,1.0
103483,0,0.008926611999999999,37,0,0.414448194,8000.0,22,0,1,0,1.0
103484,1,1.114628457,56,2,1.334486736,2600.0,6,1,1,1,0.0
103485,0,0.045383902999999996,68,0,598.0,,8,0,0,0,
103486,0,1.956810631,33,1,0.12248132199999999,4416.0,2,13,0,0,0.0
103487,0,0.052463587,50,0,0.030787685,2500.0,6,0,0,0,2.0
103489,0,0.0,31,0,0.039735098999999996,1660.0,2,0,0,0,0.0
103491,0,0.639147779,44,0,0.5532352939999999,3399.0,15,0,0,0,0.0
103492,0,0.87233322,31,0,0.187169959,5112.0,10,0,0,0,0.0
103494,0,0.271319228,40,0,0.5018528320000001,5666.0,10,0,2,0,1.0
103496,0,0.462394598,43,1,0.6246372139999999,3100.0,13,0,1,1,0.0
103497,0,0.615945795,52,0,0.546525559,5007.0,13,1,2,0,1.0
103498,0,0.9999998999999999,75,0,21.0,,11,0,0,0,0.0
103499,0,0.9999998999999999,48,0,0.11410382,4083.0,1,0,0,0,0.0
103500,0,0.10998167,47,0,0.005427021,3500.0,1,0,0,0,0.0
103501,0,0.8536292740000001,30,0,129.0,,2,0,0,0,0.0
103502,0,0.926796752,53,0,399.0,,3,0,0,1,
103504,0,0.06015583099999999,38,0,0.07072716799999999,15580.0,6,0,0,0,1.0
103505,0,0.440603288,22,0,0.08172043,929.0,4,0,0,0,0.0
103507,0,0.12267509300000001,65,0,0.63362069,4175.0,5,0,2,0,0.0
103510,0,0.26727327300000003,42,0,0.403759624,10000.0,5,0,2,0,0.0
103511,0,0.237971563,42,0,0.27283164600000004,9580.0,10,0,2,0,2.0
103512,0,0.066633783,68,0,0.235820896,1674.0,4,0,0,0,0.0
103513,0,0.463211501,45,0,0.421440456,4206.0,12,0,1,0,1.0
103514,0,0.10767662300000001,72,0,1726.0,,6,0,1,0,1.0
103515,0,0.141753501,74,0,0.30325844,8500.0,8,0,2,0,0.0
103516,0,0.0,36,0,1.950029394,1700.0,9,0,3,0,2.0
103517,1,0.482473731,52,2,0.34347275,7100.0,8,2,1,2,1.0
103518,0,0.48603959,42,0,0.607936955,7105.0,7,0,2,0,3.0
103519,0,0.005777617,88,0,0.00047996199999999996,12500.0,2,0,0,0,1.0
103520,0,0.439675459,79,0,0.20087322300000002,31377.0,15,0,2,0,0.0
103523,0,0.097990201,43,1,0.307173207,4000.0,7,0,1,0,2.0
103525,0,0.199687232,45,0,0.311558459,7500.0,12,0,2,0,2.0
103526,0,0.042512213,79,0,98.0,,6,0,0,0,0.0
103527,0,0.178041098,48,0,0.09404706199999999,12833.0,9,0,1,0,2.0
103529,0,0.064370178,42,0,0.419665368,4362.0,7,0,1,0,2.0
103530,0,0.022455127999999998,34,0,0.49470106,5000.0,6,0,1,0,0.0
103533,0,0.02521223,85,0,0.008093805,9636.0,9,0,0,0,0.0
103535,0,0.03159842,57,0,0.329445092,6000.0,6,0,2,0,0.0
103536,0,0.005458106,43,0,3116.0,,6,0,1,0,0.0
103537,0,0.18417705399999998,47,0,0.170965807,5000.0,12,0,1,0,4.0
103538,0,0.7867295190000001,58,0,0.257735389,9016.0,3,0,2,0,0.0
103540,0,0.9999998999999999,51,0,0.24243486399999997,8558.0,3,0,1,0,3.0
103541,0,0.0,43,2,0.391465933,7264.0,12,0,2,2,2.0
103542,0,0.44664405,59,0,1.005555556,2339.0,22,0,1,0,0.0
103544,0,0.35402214600000004,55,1,0.23770164,7500.0,6,0,1,0,0.0
103545,1,0.9930255729999999,25,0,0.221044663,1320.0,5,0,0,0,0.0
103547,0,0.688118406,49,0,0.367098865,7403.0,10,0,0,0,0.0
103548,0,0.028827747999999997,47,0,0.007199424,4166.0,8,0,0,0,0.0
103549,0,0.084744407,67,1,0.628145387,2145.0,10,0,1,0,0.0
103550,0,0.9999998999999999,36,0,0.024890942000000003,3896.0,1,3,0,1,1.0
103553,0,0.7061338359999999,47,1,2943.0,,10,0,1,0,0.0
103554,0,0.5288274310000001,53,0,1.073524669,3100.0,14,0,3,0,0.0
103555,0,0.309410193,37,0,0.511516315,4167.0,11,0,1,0,0.0
103556,0,0.04610522400000001,48,0,0.243079949,7116.0,12,0,2,0,0.0
103557,0,0.724411024,36,0,591.0,,5,0,0,0,
103559,0,0.343760416,60,0,3132.0,,9,0,2,0,0.0
103561,0,0.004200919,68,0,0.00059994,10000.0,9,0,0,0,0.0
103562,0,0.9999998999999999,35,0,0.141543383,2500.0,2,0,0,0,4.0
103563,0,0.654690619,28,0,0.035989717000000004,3500.0,3,0,0,0,0.0
103565,0,0.0,60,0,0.50769846,5000.0,18,0,1,0,0.0
103566,0,0.465567199,63,0,0.448084398,1800.0,6,0,1,0,0.0
103567,0,0.12088344699999999,79,0,0.159954299,3500.0,12,0,1,0,0.0
103568,0,0.10319484,61,0,0.124745269,6869.0,11,0,0,0,0.0
103570,0,0.817445958,32,1,0.154959221,3800.0,5,0,0,0,0.0
103571,0,0.99488041,47,0,0.51346557,6200.0,13,0,1,1,0.0
103573,0,0.106826775,69,0,0.059748428,4133.0,11,0,0,0,0.0
103574,0,0.22921313699999998,49,0,0.35898068200000005,12164.0,8,0,2,0,0.0
103576,0,0.467680608,26,0,0.045088373,8316.0,4,0,0,0,1.0
103579,0,0.345379967,46,0,2525.0,0.0,7,0,1,0,4.0
103580,0,0.68507686,44,2,0.322989885,5832.0,6,0,1,0,2.0
103584,0,0.020403335,39,1,0.41014044299999997,4200.0,19,0,1,0,0.0
103586,0,0.267543433,59,0,0.239276072,10000.0,9,0,2,0,1.0
103588,0,0.41629254299999996,64,0,1.316672617,2800.0,11,0,2,0,0.0
103589,0,0.196340183,63,0,0.18361754,9851.0,4,0,1,0,1.0
103591,0,0.018966034,51,0,0.114217795,8833.0,4,0,1,0,0.0
103592,0,0.30046617,66,0,5666.0,,15,0,3,0,0.0
103593,0,0.9999998999999999,79,0,0.0,3500.0,1,0,0,0,0.0
103595,0,0.00160901,53,0,0.028271774,2192.0,4,0,0,0,0.0
103596,0,0.10341454300000001,71,0,0.446597353,6347.0,13,0,3,0,0.0
103598,0,0.28247328,33,0,0.241722488,5224.0,9,0,0,0,2.0
103600,0,0.0,31,1,0.19404680800000002,4400.0,10,0,0,0,1.0
103601,0,0.006203153,38,0,0.320334958,8000.0,19,0,1,0,1.0
103605,0,0.018699065,63,0,0.23340832399999997,5333.0,7,0,1,0,0.0
103606,0,0.0067985680000000005,79,0,0.282725735,6500.0,9,0,1,0,0.0
103611,0,0.120533314,76,0,488.0,,11,0,1,0,0.0
103612,0,0.093312252,71,0,100.0,,5,0,0,0,0.0
103613,0,0.016241854,47,0,0.195134103,12042.0,11,0,1,0,3.0
103614,0,0.8960553790000001,39,0,0.097161136,2500.0,3,0,0,0,0.0
103615,0,0.0,35,0,0.407518496,5000.0,6,0,1,0,0.0
103617,0,0.318386572,50,0,0.428809499,9600.0,14,0,2,0,2.0
103618,0,0.004194465,55,0,156.0,,8,0,0,0,0.0
103621,0,0.02271057,63,0,0.709548409,6000.0,9,0,3,0,0.0
103623,0,0.081727997,45,0,0.342741254,11833.0,11,0,2,0,1.0
103624,0,0.191404298,24,0,0.006870706,1600.0,1,0,0,0,0.0
103625,0,0.549653147,45,0,0.237964237,5088.0,8,0,0,1,4.0
103626,0,0.043241821,54,4,2210.0,,9,0,2,1,
103628,1,0.005293806,58,2,0.077099821,3916.0,11,0,0,0,0.0
103629,0,0.068455034,48,0,0.029184038,10073.0,3,0,0,0,1.0
103630,0,0.00646884,66,0,0.048756905999999996,7239.0,23,0,0,0,0.0
103631,0,0.024746975,73,0,54.0,,5,0,0,0,0.0
103632,0,0.013046998,37,0,0.298723351,15900.0,10,0,3,0,0.0
103633,0,0.0,48,0,0.268610502,7750.0,9,0,1,0,0.0
103635,0,0.069469753,65,0,0.166164101,6300.0,9,0,2,0,0.0
103636,0,0.101947526,43,0,0.08738151699999999,3375.0,3,0,0,0,1.0
103637,0,0.05992537,60,1,0.32643619100000004,7780.0,18,0,2,0,1.0
103638,0,0.540586164,52,0,0.61246142,5183.0,13,0,2,0,3.0
103640,0,0.046910970999999996,67,0,0.31135291,7627.0,15,0,2,0,1.0
103642,0,0.746138775,36,0,2782.0,,6,0,1,0,0.0
103643,0,0.784039266,60,0,0.16880367,8500.0,6,0,0,0,1.0
103644,0,0.013128431999999999,87,0,14.0,,10,0,0,0,0.0
103647,0,0.254532675,47,1,0.11104980699999999,19936.0,6,0,1,0,2.0
103648,0,0.137854118,36,0,2.138345865,1994.0,10,0,2,0,0.0
103649,0,0.246226324,47,1,0.183004721,3600.0,8,0,0,0,4.0
103650,1,0.992827646,36,2,0.22725758100000001,3000.0,3,3,0,0,0.0
103651,0,0.333796737,41,0,0.272086396,6666.0,8,0,0,0,0.0
103653,0,0.07636873200000001,54,0,2530.0,,9,0,1,0,1.0
103654,0,0.90211385,29,1,0.15342328800000002,2000.0,3,0,0,0,0.0
103655,0,0.518609028,39,0,0.46048292700000004,9400.0,8,0,2,0,4.0
103656,0,0.273658213,39,0,0.064804739,8270.0,5,0,0,0,3.0
103657,0,1.126873127,22,0,0.144342263,2500.0,4,0,0,0,2.0
103658,0,0.175552555,49,0,0.8029411759999999,3059.0,9,0,2,0,0.0
103659,0,0.25114718199999997,34,0,0.693450743,5450.0,17,0,2,0,1.0
103660,0,0.0,57,0,1.5484398869999998,9165.0,17,0,4,0,0.0
103661,0,0.451496512,35,0,0.6515386320000001,4516.0,5,0,1,0,0.0
103663,1,0.17135443399999997,40,0,0.227179737,10264.0,15,0,2,0,2.0
103664,0,0.0,90,0,0.0,1500.0,1,0,0,0,0.0
103665,0,0.032396397,51,0,0.191437142,7333.0,8,0,1,0,1.0
103667,1,0.256510533,29,1,8901.0,0.0,17,0,9,0,1.0
103668,0,0.032074198,57,0,0.548886738,3098.0,8,0,1,0,0.0
103670,0,0.9999998999999999,28,0,0.0,1750.0,4,0,0,0,0.0
103671,0,0.744633955,74,0,0.5706624610000001,3169.0,5,0,0,0,0.0
103673,0,0.175189607,43,0,0.314414643,15733.0,18,0,2,0,2.0
103675,0,0.625469962,38,0,0.45,3199.0,10,0,1,0,1.0
103676,0,1.0408754,56,0,0.44183078,5483.0,13,0,1,0,0.0
103678,0,0.072307297,52,0,0.21048365300000002,3700.0,12,0,1,0,1.0
103679,0,0.16360909199999998,58,0,0.021163138999999997,6000.0,3,0,0,0,0.0
103680,1,1.046869141,71,0,751.0,,3,0,0,0,0.0
103681,0,0.22788860600000002,41,0,0.322327325,5602.0,5,0,1,0,0.0
103682,0,0.212929764,62,0,4645.0,,15,0,1,0,0.0
103684,0,0.027827776000000002,42,0,0.42802072,8300.0,4,0,2,0,0.0
103685,0,0.7824085409999999,80,2,0.542061986,1580.0,9,0,0,0,0.0
103687,0,0.012519192,59,0,0.402656763,7000.0,6,0,3,0,2.0
103688,0,0.0,60,0,0.19889230800000002,16249.0,13,0,3,0,0.0
103690,0,0.06741894,47,0,1.246753247,1616.0,10,0,1,0,1.0
103691,0,0.481655199,37,1,0.515853177,7600.0,8,0,2,0,2.0
103693,1,1.034709327,35,0,0.439397398,4380.0,10,0,1,0,2.0
103694,0,0.087697077,67,1,1781.0,,10,0,1,0,1.0
103695,1,1.240644412,38,1,0.63727798,4672.0,15,0,2,0,2.0
103696,0,0.6013274470000001,51,0,0.054812207,34079.0,14,0,2,0,0.0
103697,0,0.8654841090000001,34,0,0.738629084,3121.0,6,0,1,0,0.0
103698,0,0.27199676899999997,40,0,0.84376157,2700.0,17,0,1,0,0.0
103699,0,0.545135422,48,0,0.253398345,6767.0,9,0,1,0,0.0
103700,0,0.00611085,28,0,0.5188633020000001,2040.0,4,0,1,0,0.0
103702,0,0.8377708220000001,42,0,0.427247162,9600.0,9,0,4,0,3.0
103704,0,0.382659375,53,0,0.564194864,4166.0,13,0,1,0,1.0
103707,0,1.105512745,31,0,567.0,,7,0,0,0,0.0
103708,0,0.158280573,57,0,0.8587608259999999,1500.0,6,0,1,0,1.0
103710,0,0.6721495479999999,55,0,0.189387694,26685.0,13,0,2,0,4.0
103711,0,0.9999998999999999,46,1,0.147970406,5000.0,3,0,0,0,0.0
103712,0,0.18320315,71,0,0.217518832,15000.0,14,0,2,0,1.0
103714,0,0.008229696,60,0,472.0,,7,0,0,0,0.0
103715,0,0.014222963,67,0,0.148693044,7000.0,8,0,1,0,0.0
103717,0,0.02969703,29,0,0.041639973999999996,1560.0,5,0,0,0,0.0
103719,0,0.141916664,75,0,1009.0,0.0,11,0,1,0,0.0
103721,0,0.089714153,54,0,0.572341016,3600.0,12,0,2,0,2.0
103722,0,0.375177895,35,0,0.344194801,8500.0,8,0,2,0,2.0
103723,0,0.06029264,33,0,0.628895184,6000.0,11,0,2,0,2.0
103725,1,0.6745848990000001,48,2,0.500514227,8750.0,9,0,2,0,2.0
103728,0,0.06555079400000001,62,0,0.097731239,4583.0,5,0,1,0,3.0
103731,0,0.089298188,52,0,0.449741118,5600.0,11,0,1,1,1.0
103732,0,0.08179591,65,0,0.20062819,10187.0,4,0,2,0,0.0
103734,0,0.226678182,47,0,0.665659149,4300.0,20,0,1,0,1.0
103735,0,0.334309666,52,1,0.777712438,3400.0,8,0,2,0,0.0
103736,0,0.099606906,55,0,129.0,,4,0,0,0,
103737,0,0.368979501,31,0,624.0,,2,0,0,0,
103740,0,0.9999998999999999,25,0,0.0,2916.0,0,2,0,0,1.0
103743,0,0.0,44,0,0.39414306299999996,6248.0,16,0,2,0,2.0
103744,0,0.017702655,34,1,0.538259131,9500.0,9,0,2,0,2.0
103745,0,0.190908925,62,0,0.591102224,4000.0,13,0,1,0,0.0
103748,0,3.3600000000000004e-05,52,0,0.0,3700.0,9,0,0,0,0.0
103750,0,0.548221964,53,0,0.5470018329999999,3818.0,9,0,1,0,0.0
103751,0,0.9999998999999999,64,0,760.0,,1,2,0,0,0.0
103753,0,0.9999998999999999,29,0,0.0,2916.0,0,1,0,0,1.0
103754,1,0.9999998999999999,36,0,0.0,3000.0,0,0,0,0,0.0
103755,0,0.034271169,82,0,0.023590563999999998,2500.0,3,0,0,0,0.0
103757,0,0.396814671,53,1,0.86072303,6942.0,21,0,2,0,0.0
103758,0,0.021314668,83,0,12.0,,5,0,0,0,0.0
103760,0,0.9999998999999999,42,0,0.40343523200000003,9780.0,8,0,3,0,3.0
103762,0,0.986001647,39,3,0.688736028,2325.0,4,0,1,1,0.0
103763,0,0.089149787,45,0,0.46246828799999995,6700.0,6,0,1,0,2.0
103765,0,0.034119004,69,0,18.0,,3,0,0,0,0.0
103767,0,0.011342695,59,0,0.09727652699999999,14833.0,7,0,1,0,1.0
103768,0,0.437173826,50,0,0.142539497,8544.0,10,0,0,0,0.0
103771,0,0.003146915,70,0,0.24391938800000001,4316.0,13,0,0,0,1.0
103772,0,0.0,46,0,0.727541955,7090.0,7,0,2,0,3.0
103773,0,0.236051278,54,2,0.22635929300000002,13186.0,13,0,3,0,0.0
103775,0,0.032845492000000004,68,0,0.002790373,2866.0,7,0,0,0,0.0
103776,0,0.9772756779999999,63,0,0.26171498600000004,11416.0,12,0,1,0,1.0
103777,0,0.11568215,43,0,1.35029532,2200.0,13,0,4,0,2.0
103778,0,0.069688842,60,0,0.27573794100000004,8333.0,6,0,1,0,0.0
103780,0,0.134881783,36,0,0.203252033,3566.0,4,0,1,0,0.0
103781,0,0.350764924,50,0,0.269688645,2183.0,12,0,1,0,2.0
103782,0,0.9438108620000001,45,0,0.702574356,4000.0,9,0,2,0,0.0
103783,0,0.207027442,62,0,0.380723855,5000.0,8,0,3,0,0.0
103784,0,0.24703090800000002,54,0,3397.0,,13,0,1,0,0.0
103785,0,0.156456236,38,0,0.156668319,4033.0,5,0,0,0,1.0
103786,0,0.359547017,43,0,0.17828668399999997,5894.0,10,0,0,0,2.0
103787,0,0.150923967,58,0,0.487116363,6092.0,28,0,2,0,0.0
103788,0,0.157070244,33,0,769.0,,4,0,0,0,0.0
103789,0,0.00045254800000000005,51,0,76.0,,8,0,0,0,0.0
103790,0,0.00170037,70,0,0.000719252,4170.0,9,0,0,0,1.0
103793,0,0.0,50,0,0.059980526,5134.0,6,0,0,0,3.0
103794,0,0.672721213,38,0,0.217856546,5980.0,5,0,0,0,3.0
103795,0,0.257481525,33,0,0.598100475,4000.0,13,0,1,0,0.0
103796,0,0.03448157,32,0,0.520953048,7134.0,5,0,2,0,2.0
103797,0,0.006716183000000001,84,0,0.001142748,10500.0,13,0,0,0,0.0
103798,0,0.03972066,47,0,0.48890222,5000.0,15,0,2,0,1.0
103801,0,0.001028388,73,1,0.29249433399999997,7500.0,19,0,2,0,0.0
103802,0,0.8614284390000001,53,0,0.836925128,4500.0,12,0,2,0,0.0
103803,0,0.013209845,45,0,0.10804055,7200.0,5,0,0,0,3.0
103805,0,0.022559548999999998,76,0,0.39069969600000004,2300.0,7,0,1,0,0.0
103807,1,0.9303897179999999,61,4,0.186172745,10500.0,13,0,0,0,2.0
103808,0,0.7225433529999999,30,0,0.86087198,3600.0,12,0,2,0,0.0
103809,0,0.35975816200000005,62,0,0.078097042,9500.0,15,0,0,0,1.0
103810,0,0.872023268,38,0,0.611540209,2200.0,5,0,1,0,0.0
103811,0,0.038734164,42,0,0.647338165,4000.0,11,0,1,0,2.0
103816,0,0.0,78,0,840.0,,10,0,1,0,0.0
103819,0,0.460574866,50,0,0.504999474,9500.0,17,0,3,0,2.0
103821,0,0.023132251,66,0,2326.0,,12,0,2,0,0.0
103822,0,0.38338722,36,0,0.364845211,4812.0,5,0,1,0,3.0
103823,0,0.012292936,43,0,0.0055741359999999995,4484.0,3,0,0,0,2.0
103824,0,0.25216969699999997,61,0,0.6089063920000001,3300.0,14,0,1,0,0.0
103827,0,0.024034944,71,0,0.22903166100000003,5400.0,13,0,1,0,0.0
103828,0,0.022101631,45,0,0.072154472,7871.0,8,0,0,0,3.0
103829,0,0.007607175,45,0,0.00659868,5000.0,5,0,0,0,1.0
103830,0,0.094445985,32,0,0.6787639240000001,2782.0,7,0,1,0,0.0
103831,0,0.257809019,36,0,0.080768803,9000.0,4,0,0,0,2.0
103833,0,0.42235776399999997,57,0,0.007512913,19166.0,2,0,0,0,2.0
103834,0,0.9999998999999999,68,0,0.367046895,3944.0,9,0,1,0,1.0
103835,0,0.082426733,39,0,0.8458831809999999,2841.0,13,0,1,0,1.0
103838,0,0.081437337,49,0,0.324011427,6650.0,3,0,1,0,0.0
103840,0,0.36202126799999995,63,0,427.0,,2,0,0,0,0.0
103841,0,0.014138096000000001,52,0,1314.0,,12,0,2,0,0.0
103843,0,0.055955066,80,0,1242.0,,16,0,1,0,0.0
103844,0,0.82576452,38,0,0.128644602,5075.0,6,0,0,0,2.0
103847,0,0.023812351000000002,69,1,0.353939825,22500.0,18,0,4,0,0.0
103849,0,0.95952024,39,0,0.721033868,1121.0,4,0,0,0,0.0
103850,1,0.713540007,49,0,1.633517495,3800.0,20,0,2,0,3.0
103852,0,0.029371875,38,1,0.21214302899999998,8333.0,10,0,1,0,0.0
103855,0,0.089836407,68,0,0.041848843999999996,1600.0,7,0,0,0,0.0
103857,0,0.082002413,49,0,0.082468559,14550.0,10,0,0,0,1.0
103858,0,0.005167875,87,0,0.278215223,8000.0,16,0,2,0,1.0
103859,0,0.250903777,69,0,1697.0,,3,0,1,0,0.0
103860,0,0.8861976159999999,28,1,0.11906926,5500.0,4,1,0,0,1.0
103861,0,0.288160823,48,0,0.6507866489999999,6800.0,13,0,2,0,0.0
103863,0,0.22514876600000003,29,0,0.253556188,2811.0,4,0,0,0,0.0
103864,0,0.032539953999999996,42,0,0.230814099,12000.0,7,0,1,0,0.0
103865,0,0.026639272000000002,43,0,0.10933720400000001,6200.0,5,0,0,0,2.0
103866,0,0.024136817999999997,88,0,0.23830467800000002,2500.0,10,0,1,0,0.0
103868,0,0.08527086,61,0,0.344277437,11908.0,14,0,3,0,0.0
103871,0,0.00574175,67,0,0.002332556,3000.0,5,0,0,0,0.0
103872,0,0.93037237,67,1,0.27319243600000004,13484.0,10,0,2,1,0.0
103875,0,0.0035087359999999997,65,0,0.091548567,9666.0,16,0,1,0,0.0
103877,0,0.362885768,49,0,0.418019111,6592.0,13,0,1,0,2.0
103879,0,1.021861337,42,2,0.31651954600000004,5550.0,6,0,1,0,1.0
103880,0,0.0,44,0,0.172306216,4166.0,5,0,0,0,0.0
103881,0,0.015413882,82,0,0.002249438,4000.0,2,0,0,0,1.0
103883,0,0.016790967,75,0,0.146113146,4913.0,4,0,1,0,0.0
103884,0,0.509142132,39,0,3200.0,,20,0,2,0,4.0
103885,0,0.0,64,0,0.511106498,9633.0,9,0,1,0,1.0
103886,0,0.329177213,54,0,0.632499143,2916.0,12,0,1,0,0.0
103887,0,0.025852608,45,0,1374.0,,3,0,1,0,0.0
103888,0,0.029488234,61,0,0.00537931,7249.0,6,0,0,0,1.0
103889,0,0.0007384389999999999,44,0,0.590568239,6000.0,7,0,3,0,0.0
103890,0,0.002140276,59,0,2810.0,,11,0,2,0,0.0
103891,0,0.26387633,43,0,0.212405063,11849.0,13,0,0,0,1.0
103894,0,0.092260516,66,0,0.064205669,7584.0,3,0,0,0,0.0
103895,0,0.6639623689999999,68,1,0.538387966,11500.0,9,0,2,0,0.0
103896,0,0.127714891,54,0,0.33073521699999997,13342.0,8,0,2,0,1.0
103897,0,0.15460137599999998,43,1,0.318026667,18749.0,8,0,3,0,4.0
103898,0,0.7764827320000001,37,0,541.0,,2,0,0,0,4.0
103899,1,0.697537808,33,2,0.068010076,3969.0,4,1,0,0,2.0
103900,0,0.055700945,75,0,0.029985007,2000.0,6,0,0,0,0.0
103901,0,0.465041507,41,0,0.254192596,9480.0,11,0,2,2,4.0
103902,1,0.47451313700000003,39,0,0.288894814,7500.0,7,0,1,0,3.0
103903,0,0.00089997,57,0,2302.0,,3,0,1,0,0.0
103904,0,0.007200577,63,0,38.0,,5,0,0,0,0.0
103906,0,0.0,66,0,0.264904284,5484.0,5,0,2,0,0.0
103910,0,0.41354898100000004,37,0,1.08687305,4166.0,17,0,2,0,2.0
103914,0,0.036690987,60,0,0.271373057,1543.0,6,1,0,0,0.0
103915,0,0.18491771399999998,65,0,0.235193798,6449.0,4,0,2,0,0.0
103916,0,0.9999998999999999,26,0,0.049987502999999996,4000.0,2,0,0,0,1.0
103917,0,0.321577567,47,0,1236.0,,4,0,1,0,
103918,0,0.351660605,55,0,0.590786986,10050.0,10,0,2,0,3.0
103919,0,0.016863137,66,0,0.629650194,1800.0,5,0,1,0,1.0
103920,0,0.0,38,0,3732.0,,4,0,1,0,0.0
103921,0,0.9999998999999999,45,2,0.499247503,7308.0,3,0,1,1,2.0
103923,0,0.083636495,46,1,0.139848238,14100.0,6,0,1,0,0.0
103925,0,0.045129273,51,0,1.343328336,1333.0,7,0,1,0,3.0
103926,0,0.07640111200000001,42,0,0.546600158,3808.0,5,0,1,0,1.0
103927,1,0.9999998999999999,26,0,0.12411495199999999,2400.0,1,0,0,0,0.0
103929,0,0.0,50,0,3601.0,,6,0,1,0,0.0
103931,0,0.079230732,61,1,0.19310086199999998,8000.0,6,0,1,0,0.0
103932,0,0.568756617,41,1,0.191230929,6750.0,10,0,1,1,1.0
103933,0,0.9999998999999999,80,0,0.463896104,1924.0,5,1,1,0,0.0
103934,0,0.030786023,40,0,0.22068658,8971.0,8,0,1,0,3.0
103936,0,0.159969817,49,0,0.864930345,1650.0,6,0,1,0,2.0
103937,0,0.05907841,75,0,3168.0,,5,0,1,0,0.0
103939,1,0.9999998999999999,37,0,0.0,1200.0,0,0,0,0,1.0
103940,0,0.083248613,63,1,0.27781511,10416.0,4,0,1,0,3.0
103941,0,0.285331946,30,0,0.076923077,4666.0,10,0,0,0,0.0
103942,0,0.443804496,45,0,0.121433797,4100.0,4,0,0,1,1.0
103943,0,0.169291535,41,0,0.056816539000000006,6916.0,5,1,0,0,1.0
103944,0,0.804260985,25,0,18.0,0.0,1,0,0,0,0.0
103945,0,0.028482726,68,0,0.326524782,7000.0,8,0,2,0,1.0
103946,0,0.9044173870000001,51,0,0.133275513,3458.0,2,0,0,0,0.0
103949,0,0.295256328,23,0,0.013363755,3067.0,2,0,0,0,0.0
103952,0,0.021884486,58,0,0.37268623,8859.0,11,0,3,0,1.0
103953,0,0.372725455,25,0,0.8252427179999999,720.0,4,0,0,0,0.0
103955,0,0.9999998999999999,51,1,1734.0,,2,1,1,1,3.0
103958,0,0.01206807,58,0,0.254008016,1995.0,5,0,1,0,0.0
103959,0,0.45317126399999996,28,0,0.541819394,3000.0,8,0,2,0,3.0
103960,0,0.030607681,74,0,1888.0,,7,0,1,0,0.0
103961,0,0.285619063,34,0,323.0,,6,0,0,0,0.0
103962,0,0.414368057,43,0,0.370169275,3130.0,16,0,0,0,0.0
103963,0,0.016491603,64,0,0.005758157,4167.0,4,0,0,0,0.0
103965,0,0.06424919700000001,64,0,932.0,,8,0,1,0,0.0
103968,0,0.014121315,47,0,0.316556954,12000.0,9,0,1,0,2.0
103969,0,0.19151574100000002,56,0,0.35292729,12707.0,8,0,1,0,2.0
103971,1,1.18762475,25,0,0.131596091,1534.0,2,0,0,0,1.0
103976,0,0.18989899,45,0,0.18977103,8035.0,13,0,1,0,1.0
103977,1,0.9999998999999999,36,0,0.0,8400.0,0,2,0,0,0.0
103978,0,0.9999998999999999,52,0,0.0,,5,0,0,0,0.0
103979,1,0.567883426,54,0,1.078273592,4100.0,13,4,2,0,0.0
103980,0,0.079114828,48,1,0.760341017,6333.0,14,0,4,0,1.0
103981,0,0.015214631000000001,87,1,0.055324113,6000.0,21,1,0,0,1.0
103982,0,0.001537355,71,0,10.0,,7,0,0,0,0.0
103984,0,0.905637745,38,2,0.319437939,2134.0,7,2,0,0,2.0
103986,1,0.614414825,46,0,0.783243351,5000.0,8,0,1,0,3.0
103987,0,0.017999581,71,0,0.005498625,4000.0,10,0,0,0,0.0
103988,0,0.9999998999999999,36,0,0.0,3603.0,1,0,0,0,0.0
103990,0,0.5191401760000001,47,2,0.656165495,29583.0,26,0,13,0,2.0
103991,0,0.154623077,35,0,0.37863864,18172.0,24,0,4,0,3.0
103993,0,0.21933829,38,1,0.208511366,5850.0,13,0,0,0,2.0
103995,0,0.9999998999999999,63,0,0.204013925,42800.0,9,0,3,0,1.0
103996,0,0.324054247,41,0,1403.0,,4,0,1,0,0.0
103997,0,0.499250375,29,0,0.136433219,5225.0,2,0,0,0,0.0
103998,0,0.9999998999999999,25,0,495.0,,3,0,0,0,0.0
103999,0,0.24307057399999998,26,0,0.244798703,3700.0,11,0,0,0,0.0
104001,0,0.6087722289999999,42,0,0.490434143,5435.0,12,0,1,0,1.0
104003,1,0.617409205,69,1,0.218882942,7286.0,9,0,0,0,1.0
104008,0,0.940108893,33,0,0.064393561,10000.0,3,1,0,0,1.0
104009,0,0.0,70,0,1229.0,,8,0,1,0,0.0
104013,0,0.0,45,0,0.841406654,5800.0,12,0,2,0,0.0
104014,0,0.389259189,29,0,0.079900125,800.0,3,0,0,0,2.0
104015,0,0.11197524,32,0,0.11069692099999999,6169.0,8,0,0,0,0.0
104016,0,0.047738855999999996,27,0,0.14383227699999998,2050.0,4,0,0,0,0.0
104017,0,0.126864049,42,0,0.223577642,10000.0,7,0,1,0,2.0
104018,0,0.220614998,38,0,0.074938342,10541.0,7,0,0,0,0.0
104019,1,0.908955355,49,0,0.44296312200000004,9300.0,8,0,2,0,0.0
104021,0,0.9999998999999999,49,0,1292.0,,3,0,1,0,0.0
104023,0,0.099605615,56,0,2396.0,,7,0,2,0,
104024,0,0.06960514200000001,54,1,0.5542065420000001,7000.0,18,0,1,0,0.0
104025,0,0.0,29,0,0.011512778999999999,4342.0,5,0,0,0,0.0
104026,0,0.00644424,66,0,0.160493827,1700.0,9,0,0,0,0.0
104027,0,0.21732322699999998,42,0,3800.0,,5,0,1,0,0.0
104028,0,0.315134243,43,0,0.29546306699999997,8000.0,6,0,1,0,0.0
104029,0,0.779034538,44,1,905.0,,8,0,0,0,0.0
104030,0,0.99995291,49,1,0.49591764299999996,8450.0,9,0,2,0,3.0
104031,0,0.570547648,81,0,0.35888548200000003,7500.0,5,0,2,0,0.0
104033,0,0.0,61,0,1045.0,,6,0,1,0,0.0
104035,0,0.32398685899999996,49,0,0.36788507,5498.0,19,0,1,0,1.0
104037,0,0.0,57,0,0.29270368,4700.0,13,0,1,0,0.0
104038,0,0.0053776580000000004,74,0,0.071625616,10149.0,6,0,1,0,0.0
104041,0,0.0286471,71,0,15.0,,4,0,0,0,0.0
104042,0,0.006301649,68,0,1419.0,,7,0,1,0,0.0
104046,0,0.592296335,62,1,0.03277285,29200.0,8,0,0,0,1.0
104048,0,0.067786443,53,0,0.398640544,2500.0,6,0,1,0,0.0
104049,0,0.068807886,62,0,0.338889541,8518.0,13,0,2,0,0.0
104050,0,0.0,63,0,0.202621054,11750.0,13,0,3,0,0.0
104051,0,0.007426871999999999,36,1,0.163849348,6743.0,6,0,0,0,0.0
104054,0,0.9999998999999999,73,0,1805.0,,4,0,1,0,
104055,0,0.138451659,41,0,926.0,0.0,7,0,0,0,3.0
104056,0,0.004895020999999999,58,0,0.166734225,7400.0,9,0,1,0,3.0
104057,0,0.009019018,46,0,2452.0,,7,0,1,0,1.0
104059,0,0.0,57,0,0.24054484899999998,6900.0,14,0,2,0,0.0
104060,0,4.96e-05,64,0,0.23969150399999997,16466.0,11,0,1,0,0.0
104061,0,0.02685343,38,0,0.277287762,9069.0,8,0,2,0,2.0
104062,0,0.040489076,43,0,0.256699464,12500.0,9,0,2,0,0.0
104063,0,0.918329738,39,3,0.89601733,6000.0,9,0,1,0,0.0
104064,0,0.033657221,77,0,0.030476936,23000.0,14,0,1,0,1.0
104065,0,0.07151713900000001,63,0,0.529992943,4250.0,8,0,1,0,0.0
104066,0,0.326249191,55,0,0.150318156,12100.0,14,0,1,0,0.0
104067,0,0.073060869,60,0,0.01056338,8519.0,4,0,0,0,1.0
104068,1,0.7354737579999999,58,2,0.824497768,3583.0,13,0,3,0,1.0
104069,0,0.031142301,61,0,0.314689375,15500.0,7,0,2,0,1.0
104070,0,0.7897367540000001,54,0,0.08938212400000001,5000.0,5,0,0,0,3.0
104072,0,0.012849867,41,0,0.030487805,3935.0,3,0,0,0,0.0
104073,0,0.708515043,46,0,0.246611864,4500.0,6,0,1,0,1.0
104074,0,0.116724801,51,0,0.306734578,5300.0,22,0,2,0,0.0
104077,0,0.001963743,67,0,0.07294832799999999,6250.0,12,0,1,0,0.0
104078,0,0.9999998999999999,39,0,0.0,,0,4,0,0,0.0
104079,0,0.12635671099999998,70,0,834.0,,5,0,1,0,
104080,0,0.004817963,45,0,1.2925943290000002,8533.0,6,0,4,0,2.0
104081,0,0.5473820660000001,32,0,0.4093839,6670.0,12,0,2,0,0.0
104084,0,0.9999998999999999,33,0,0.0,2714.0,0,0,0,0,1.0
104087,0,1.042675894,46,2,149.0,,2,1,0,0,
104088,0,0.217556489,70,0,654.0,,9,0,0,0,0.0
104089,1,0.44818976299999996,22,0,10.0,,1,0,0,0,
104090,0,0.435873399,35,1,0.378339466,6250.0,7,0,1,0,1.0
104091,0,0.101163635,36,0,0.443399,3400.0,10,0,1,0,2.0
104093,0,0.22486386600000002,70,0,0.411786104,5497.0,13,0,1,0,1.0
104094,1,1.014780038,58,2,0.267247536,7000.0,9,0,0,0,2.0
104095,0,0.03179682,25,0,0.108880572,2938.0,3,0,0,0,1.0
104096,0,0.129629012,64,0,0.180972628,7525.0,8,0,1,0,0.0
104097,0,0.532402417,61,0,21386.0,,23,0,5,0,0.0
104098,1,0.975304278,44,0,2597.0,,10,1,0,0,0.0
104099,0,0.26348589,49,1,8.305674587999999,7700.0,14,0,0,0,5.0
104100,0,0.258623563,54,1,0.32591852,4000.0,7,0,1,0,4.0
104101,1,0.96580171,46,0,0.179041048,20000.0,11,0,1,2,2.0
104103,0,0.950638031,54,0,3905.0,,15,0,1,0,0.0
104104,0,0.7207646120000001,52,0,0.9186073859999999,4250.0,10,0,2,0,2.0
104105,0,0.08908205599999999,45,0,0.621226641,4173.0,8,0,1,0,2.0
104106,0,0.068165755,80,0,0.36355273899999996,9783.0,15,0,3,0,0.0
104107,0,0.015177251000000001,45,1,8.0,,4,0,0,0,0.0
104108,0,0.038866734,40,0,0.49368043799999994,5300.0,5,0,2,0,2.0
104110,0,0.65989724,52,0,0.20403629,5400.0,10,0,0,0,0.0
104112,0,0.124934702,69,0,0.620475698,2900.0,14,0,2,0,0.0
104113,0,0.0,62,0,1944.0,,4,0,2,0,
104115,0,0.15045244900000002,36,0,0.510595762,2500.0,13,0,1,0,1.0
104117,0,0.016117909,47,0,0.44313382799999995,6866.0,9,0,3,0,0.0
104118,0,1.1265822779999999,30,0,0.027072053,2400.0,6,0,0,0,2.0
104119,0,0.029521935,48,0,0.9074540870000001,2776.0,11,0,1,0,2.0
104120,0,0.7182844,54,0,1753.0,,17,0,1,1,1.0
104125,0,0.0,50,0,0.391591875,6350.0,6,0,1,0,2.0
104127,0,0.0,39,0,0.45487741299999995,7667.0,6,0,2,0,2.0
104128,0,0.175855602,66,0,0.721046492,6000.0,9,0,3,0,0.0
104129,0,0.01165646,46,2,0.583495903,5125.0,14,0,1,0,2.0
104133,0,0.053238651,80,0,0.018958483,4166.0,7,0,0,0,1.0
104134,0,1.5008319469999998,61,0,0.131107633,5750.0,3,0,1,2,0.0
104135,0,0.052654673,65,0,0.016995751,4000.0,7,0,0,0,1.0
104136,0,0.422871381,60,0,0.578899292,4378.0,6,0,1,0,0.0
104138,0,0.024812242,58,0,0.25232820300000003,10200.0,13,0,1,0,1.0
104140,1,0.74093065,64,0,0.34990694,3760.0,9,0,1,0,3.0
104141,0,0.056857153,77,0,45.0,,4,0,0,0,
104142,0,0.040549529,60,2,0.327534493,5000.0,15,0,1,0,0.0
104143,0,0.9999998999999999,53,0,0.195508383,6500.0,2,0,0,0,3.0
104146,0,0.6813359729999999,30,1,0.128719644,8770.0,17,0,0,0,0.0
104148,0,0.040458558,69,0,1259.0,,8,0,1,0,0.0
104150,1,0.9999998999999999,52,1,0.581565158,11640.0,3,4,2,1,0.0
104151,0,0.03433257,38,0,0.288350634,2600.0,15,0,1,0,1.0
104152,0,1.062587483,41,0,0.31156281199999997,3000.0,3,0,0,0,0.0
104153,0,0.170080258,50,0,0.220526379,8320.0,17,0,1,0,1.0
104158,0,0.005216938,74,0,1.0,0.0,4,0,0,0,0.0
104161,0,0.005053673,52,0,0.257771314,5500.0,10,0,2,0,2.0
104163,0,0.626728352,56,0,0.263109686,13100.0,14,0,1,0,1.0
104165,0,0.020679173000000002,58,0,789.0,0.0,9,0,1,0,0.0
104166,0,0.42662222299999997,68,0,0.282673345,19166.0,11,0,2,1,0.0
104168,0,0.9999998999999999,29,0,0.01187129,3200.0,0,0,0,0,1.0
104169,0,0.191823302,33,0,0.246696665,14000.0,8,0,1,0,0.0
104170,0,0.08518688699999999,44,0,0.090791808,6200.0,7,0,0,0,2.0
104171,0,0.826481062,36,2,0.369828771,8000.0,8,0,2,0,2.0
104172,0,0.00439912,72,0,0.0,,1,0,0,0,
104173,0,0.480023529,59,0,0.5389101820000001,6000.0,19,0,1,0,0.0
104174,0,0.538373934,43,1,0.312315916,9166.0,6,0,2,0,3.0
104175,0,0.7802303620000001,32,1,0.255459563,8333.0,8,0,1,0,0.0
104176,1,0.777508091,45,2,1700.0,,5,4,1,1,0.0
104177,0,0.015933941,43,0,121.0,,6,0,0,0,0.0
104178,0,0.9999998999999999,38,0,0.379174299,7096.0,2,0,1,0,1.0
104180,0,0.0012458810000000001,80,0,0.011998,6000.0,11,0,0,0,0.0
104182,0,0.048370548,70,0,0.071069736,42000.0,11,0,2,0,0.0
104183,0,0.30025206600000004,45,0,0.28940953399999997,7383.0,8,0,3,0,0.0
104184,0,0.701064947,32,0,0.308476737,1568.0,3,0,0,1,0.0
104185,0,0.5919643929999999,68,0,5328.0,,11,0,1,0,0.0
104186,0,0.28772969,61,0,0.344225285,8415.0,8,0,2,0,1.0
104187,0,0.966288122,42,3,0.456970175,7610.0,7,0,0,0,4.0
104188,0,1.01885935,39,0,862.0,,7,0,1,0,
104189,0,0.233127812,69,1,0.574918212,4584.0,5,0,1,0,0.0
104191,0,0.997001,28,0,0.273890444,2500.0,4,0,0,0,0.0
104192,0,0.068270176,54,0,0.43729552899999996,4584.0,5,0,1,0,0.0
104194,0,0.069958183,64,0,103.0,,10,0,0,0,0.0
104197,0,0.013569586000000002,45,0,0.433921105,5500.0,7,0,1,0,1.0
104198,0,0.010846186,60,0,1.041756546,70000.0,38,0,32,0,0.0
104199,0,0.016655078,86,0,0.001914731,7833.0,3,0,0,0,0.0
104200,0,0.63914671,61,2,0.182550502,8068.0,5,0,0,0,1.0
104201,0,0.157688079,44,0,90.0,,2,0,0,0,0.0
104203,0,0.24898563899999998,52,2,0.053747313,20000.0,14,1,0,0,2.0
104205,0,0.118710339,73,0,0.17352,12499.0,6,0,1,0,1.0
104206,0,0.030742754,42,0,0.23021191800000002,11041.0,7,0,3,0,2.0
104207,0,0.037209866,57,0,676.0,,5,0,0,0,0.0
104208,1,0.9999998999999999,47,0,0.303049422,4754.0,2,1,1,0,3.0
104210,0,0.298701299,28,0,0.015708675,2800.0,3,0,0,0,1.0
104211,0,0.038768825,49,0,0.018041236999999998,3879.0,11,0,0,0,0.0
104213,0,0.047065098,82,1,0.004581652,9166.0,2,0,0,0,0.0
104214,0,0.01869799,73,0,15.0,,5,0,0,0,
104215,0,0.042002852,75,0,0.065806045,6351.0,4,0,0,0,0.0
104216,0,0.253722754,36,1,0.175434698,18000.0,10,0,1,2,2.0
104217,0,0.26564837399999996,58,0,0.26467187,6917.0,5,0,1,0,2.0
104218,0,0.685655267,52,0,0.22806084,22550.0,14,0,2,0,0.0
104219,1,0.44167386700000005,65,0,0.238800156,5133.0,9,2,0,0,0.0
104220,0,0.018396572,74,0,40.0,,4,0,0,0,
104221,0,0.9999998999999999,33,0,0.509074613,4462.0,5,0,2,0,0.0
104223,0,0.0,63,0,0.0,4682.0,1,0,0,0,0.0
104225,0,0.21941742600000003,58,0,0.46209976,9181.0,14,0,1,0,0.0
104226,0,0.0,34,1,1.1445497629999999,3375.0,19,0,3,0,2.0
104227,0,0.018988381999999998,71,0,0.321336286,5417.0,6,0,1,0,0.0
104228,0,0.058368205,43,0,0.470185058,5835.0,4,0,2,0,1.0
104231,0,0.9999998999999999,55,0,0.252071888,10738.0,4,0,2,0,0.0
104232,0,0.0,81,0,0.0,,4,0,0,0,0.0
104233,0,0.005999875,50,0,0.344850572,9000.0,12,0,2,0,0.0
104234,0,0.112635434,49,0,0.22305035399999998,5500.0,7,0,0,0,1.0
104235,0,0.19611583100000002,35,0,0.163870337,6138.0,5,0,1,0,0.0
104237,0,0.024475587000000004,78,0,0.282139184,5833.0,10,0,1,0,0.0
104238,0,0.329214833,32,3,0.179363403,6628.0,9,0,0,0,1.0
104240,0,0.980944595,44,1,0.704719833,4300.0,10,0,1,0,0.0
104241,0,0.148763596,36,1,0.6904575159999999,3824.0,20,0,2,0,0.0
104242,0,0.009203336,79,0,0.001201442,9987.0,6,0,0,0,0.0
104243,0,0.103461969,31,1,0.514293923,6960.0,9,0,2,0,0.0
104244,0,0.071913822,52,0,0.312592776,8083.0,7,0,1,0,3.0
104245,0,0.023393959,64,0,0.23574368,1700.0,6,0,0,0,0.0
104247,0,0.760154642,40,0,0.389930482,4746.0,8,0,0,0,2.0
104248,0,0.42841699899999997,53,0,0.190057853,4666.0,6,0,1,0,0.0
104251,0,0.06873443,33,0,3166.0,,5,0,3,0,0.0
104253,0,0.082238502,66,0,0.37753112299999997,6666.0,16,0,2,0,0.0
104255,0,0.21141783600000003,37,0,1.386355845,2916.0,12,0,2,0,1.0
104256,0,0.400866619,38,0,0.112114566,7750.0,6,0,0,0,5.0
104257,0,0.063187164,34,0,0.380945579,7000.0,10,0,2,0,0.0
104258,0,0.046045425999999993,81,0,379.0,,7,0,0,0,0.0
104259,0,0.0,50,1,0.34360334600000003,4900.0,6,1,1,0,2.0
104260,0,0.395604396,26,0,0.00450635,2440.0,1,0,0,0,0.0
104261,0,0.01297608,64,0,0.019556714,2300.0,10,0,0,0,0.0
104262,0,0.0,95,0,0.0,2369.0,1,0,0,0,0.0
104263,0,0.013244783000000001,55,0,293.0,,5,0,0,0,0.0
104264,0,0.001105252,83,0,679.0,,7,0,0,0,0.0
104265,1,0.53002611,36,0,0.331524068,7000.0,7,0,1,0,1.0
104267,0,0.01292433,60,0,0.004714395,9120.0,11,0,0,0,1.0
104268,0,0.012432918999999999,68,0,0.005235602,2100.0,1,0,0,0,2.0
104269,0,0.528087792,38,0,0.206599175,8000.0,12,0,0,0,0.0
104270,0,0.939248945,52,0,4594.0,,17,0,2,0,3.0
104271,0,0.5064746760000001,44,0,0.330316092,6959.0,6,0,1,0,1.0
104274,0,0.00020895200000000001,61,0,0.492502499,3000.0,13,0,1,0,0.0
104275,0,0.004185276,55,0,0.00119976,3333.0,9,0,0,0,0.0
104277,0,0.09928212,66,0,0.295473422,4815.0,8,0,1,0,0.0
104279,0,0.341136359,46,1,0.536763174,4800.0,11,0,1,0,2.0
104280,0,0.389870116,41,0,0.016318438,13113.0,3,0,0,0,4.0
104281,0,0.06693080400000001,61,0,0.481503699,5000.0,21,0,2,0,0.0
104283,0,0.108125372,46,0,1850.0,,8,0,2,0,0.0
104284,0,0.000583931,43,0,1792.0,,14,0,1,0,0.0
104285,0,0.017999400000000002,56,0,0.388064223,3300.0,4,0,2,0,1.0
104286,0,0.309334434,72,0,0.220661747,4200.0,9,0,0,0,1.0
104287,0,0.05002794,61,0,0.318025617,3200.0,7,0,1,0,0.0
104289,0,0.24243939,41,0,0.493002799,2500.0,12,0,0,0,2.0
104290,1,1.6766541819999998,43,4,0.76184763,3333.0,7,2,1,3,4.0
104295,0,0.590126292,63,0,49.74509804,50.0,4,0,1,0,0.0
104296,0,0.9999998999999999,35,0,0.0,,0,0,0,0,0.0
104297,0,0.510883859,62,0,0.629430423,7250.0,14,0,1,0,0.0
104298,0,0.19356402600000003,54,0,1221.0,,9,0,2,0,0.0
104299,0,0.053177370999999994,60,0,0.049603175,1007.0,7,0,0,0,0.0
104301,0,0.001426534,44,1,1013.0,,5,0,1,0,0.0
104302,1,0.9999998999999999,52,3,1773.0,,1,0,1,0,0.0
104303,0,0.36657245299999996,57,0,3155.0,,8,0,2,0,0.0
104304,0,0.310173639,61,0,0.5165640570000001,3410.0,6,0,1,0,0.0
104305,0,0.036359229,37,0,0.261781076,5389.0,6,0,0,0,1.0
104309,1,0.772933697,34,0,0.21690904600000002,4056.0,4,2,0,3,3.0
104310,0,0.007549623,72,0,4.0,,1,0,0,0,
104311,0,0.24795621899999998,38,0,0.100703443,2700.0,8,0,0,0,2.0
104313,0,0.294391656,52,1,0.363021074,6500.0,17,1,1,0,0.0
104314,0,0.14596989,57,1,1.0294491909999999,5500.0,19,0,2,0,0.0
104315,0,0.110877108,60,0,2.482897384,1490.0,15,0,2,0,0.0
104316,0,0.013797241000000002,42,0,0.27738894399999997,7000.0,8,0,1,0,0.0
104318,0,0.636766176,42,0,0.379853902,2600.0,6,0,0,0,3.0
104319,0,0.12052208699999999,60,0,0.266088465,5764.0,5,0,1,0,0.0
104320,0,0.9999998999999999,70,0,0.185541278,10816.0,1,0,1,0,0.0
104321,0,0.024493712,57,0,0.316481041,7990.0,12,0,2,0,1.0
104322,0,0.01907378,47,0,0.26368497,11782.0,14,0,3,0,4.0
104323,0,0.059884003,83,0,0.008453776999999999,7333.0,4,0,0,0,0.0
104326,0,0.011392245,74,0,36.0,0.0,4,0,0,0,0.0
104328,0,0.311101046,47,0,0.269654088,7631.0,9,0,1,0,3.0
104329,0,0.026997787999999998,36,0,0.210643262,9000.0,19,0,1,0,2.0
104330,0,0.123566637,61,0,0.673820955,3540.0,13,0,2,0,0.0
104331,0,0.595706857,42,0,0.35429396700000004,9000.0,9,0,2,0,3.0
104333,0,0.062110465999999996,57,0,987.0,,9,0,1,0,0.0
104335,0,0.9999998999999999,49,0,0.0,3012.0,0,2,0,0,1.0
104336,0,0.015360233999999999,46,0,103.0,,44,0,0,0,0.0
104338,0,0.397037235,46,0,0.31249209,7900.0,22,0,1,0,3.0
104341,0,0.0,51,0,0.217885138,6250.0,21,0,1,0,0.0
104342,0,0.078443998,52,0,0.322053451,5200.0,6,0,1,0,1.0
104343,0,0.5707576560000001,66,0,0.28860925,6118.0,11,0,1,0,0.0
104344,0,0.30064128100000004,55,0,248.0,,5,0,0,0,0.0
104345,0,0.9999998999999999,43,0,0.393690291,4500.0,2,0,1,0,2.0
104346,0,0.199965715,33,0,0.616289327,3400.0,6,0,2,0,2.0
104347,0,0.434117176,57,0,0.35857104799999995,3750.0,16,0,0,0,0.0
104348,0,0.242531837,50,0,0.48572066,4481.0,20,0,2,0,1.0
104349,0,0.470040574,62,0,0.350974734,14208.0,17,0,3,0,0.0
104350,0,0.084324285,43,0,0.41588429299999996,11822.0,18,0,2,0,1.0
104354,0,0.464881886,47,0,4015.0,,16,0,1,0,0.0
104355,0,0.018121029,70,0,0.005776246,9867.0,10,0,0,0,0.0
104356,0,0.111988801,37,0,0.729567608,4000.0,4,0,1,0,1.0
104358,0,0.150516424,50,0,0.17379455800000002,22750.0,7,0,1,0,3.0
104359,0,0.052512421,50,0,0.019427671,3808.0,3,0,0,0,3.0
104362,0,0.9999998999999999,56,0,0.0,,4,0,0,0,0.0
104363,1,0.793517101,52,3,0.7533950620000001,3239.0,8,3,2,0,3.0
104364,0,0.718218914,48,0,0.117654723,7674.0,6,0,0,0,0.0
104367,0,0.68539078,60,1,0.27628008,11053.0,13,0,1,2,1.0
104368,1,0.913362213,47,0,0.01975128,4100.0,2,1,0,0,0.0
104369,0,0.356782511,53,0,0.418175147,8175.0,11,0,2,0,0.0
104373,0,0.023799683,64,0,1823.0,,17,0,1,0,0.0
104375,0,0.56058715,46,1,0.35712816299999994,4860.0,10,0,0,0,1.0
104376,0,0.045673858,89,0,0.085731729,11465.0,7,0,1,0,0.0
104378,0,0.063895825,47,0,0.009573847,8564.0,4,0,0,0,3.0
104379,0,0.6306027820000001,26,1,0.401434471,4600.0,6,0,1,0,0.0
104380,0,0.602820212,47,2,0.386191619,5416.0,10,0,1,0,1.0
104381,0,0.035360381,39,0,0.5644871029999999,5000.0,9,0,1,0,0.0
104382,0,0.0,63,0,446.0,,8,0,0,0,0.0
104383,0,0.256357318,45,0,0.324941975,5600.0,7,0,1,0,0.0
104386,0,0.10076148,65,0,0.307169283,10000.0,8,0,1,0,1.0
104388,0,0.018263291,77,0,0.0071421769999999996,10500.0,17,0,0,0,0.0
104389,0,0.009901956,46,0,1228.0,,6,0,1,0,0.0
104391,0,0.7130961259999999,43,0,0.666084748,6300.0,10,0,1,0,2.0
104392,0,0.000244467,51,0,0.252217006,3833.0,10,0,1,0,1.0
104394,0,0.074822551,52,0,0.384146341,5083.0,17,0,1,0,0.0
104395,0,0.0,28,1,0.234229945,4200.0,3,1,0,0,1.0
104397,0,0.008919821999999999,73,0,0.324817518,5479.0,6,0,1,0,0.0
104398,0,0.235685399,45,0,0.499924254,6600.0,10,0,2,0,0.0
104399,0,0.012367,65,0,2.372712146,600.0,9,0,2,0,1.0
104400,0,0.050381549000000005,32,0,0.085714286,3394.0,7,0,0,0,1.0
104401,0,0.588243085,70,0,0.39950436899999997,15333.0,8,0,1,0,0.0
104402,0,0.650779499,45,2,1.254302594,3892.0,11,0,2,0,1.0
104404,0,0.133232191,63,0,0.277386817,8525.0,13,0,2,0,0.0
104405,0,0.010107255,47,0,0.27374590600000004,5800.0,7,0,2,0,1.0
104406,0,0.008557717,39,0,0.08522997800000001,10500.0,9,0,1,0,0.0
104407,0,1.020697853,54,2,0.296272698,9416.0,12,0,2,0,0.0
104408,1,0.0,51,2,0.9851668729999999,2426.0,9,2,1,1,0.0
104410,0,0.08806352699999999,59,0,0.7369285520000001,3652.0,12,0,1,0,2.0
104411,0,0.013400905,32,0,0.21058145600000003,5726.0,12,0,2,0,1.0
104412,0,0.016935211000000002,62,0,2575.0,,16,0,2,0,
104413,1,1.14915428,29,0,0.19540229899999997,2000.0,10,1,0,0,0.0
104414,1,0.939217405,43,4,0.819740037,7000.0,18,0,3,0,3.0
104416,0,0.011816338000000001,65,0,0.10691907699999999,7500.0,26,0,1,0,0.0
104417,0,0.024911552000000003,61,0,0.00299976,8333.0,11,0,0,0,0.0
104420,0,0.040166244,68,1,0.47689115299999996,5300.0,10,0,2,0,0.0
104421,0,0.0044410429999999996,62,0,1269.0,,14,0,1,0,0.0
104422,0,0.039119804,84,0,0.009541709,6916.0,12,0,0,0,0.0
104425,0,0.7104909709999999,52,2,0.114173228,6095.0,3,0,0,0,0.0
104426,0,6.425716189,56,0,6842.0,,6,0,2,0,
104428,1,0.9853339259999999,56,1,0.083991601,10000.0,11,0,0,1,0.0
104429,0,0.024857834,42,0,0.531135531,7916.0,13,0,1,0,0.0
104430,0,0.004795379000000001,69,0,2.0,,4,0,0,0,0.0
104431,0,0.031814027,49,0,2690.0,,10,0,3,0,0.0
104434,0,0.090969694,43,0,0.131527778,7199.0,5,0,0,0,3.0
104436,0,0.024359026000000002,61,0,1501.0,,7,0,1,0,0.0
104437,0,0.27694182100000003,39,0,0.41117653600000004,9000.0,10,0,2,0,0.0
104438,0,0.295794013,42,0,0.050051423,2916.0,4,0,0,0,1.0
104439,0,0.006925669000000001,27,0,0.001904308,4200.0,5,0,0,0,0.0
104440,0,1.0459540459999999,27,0,0.257425743,2120.0,6,0,0,0,0.0
104443,0,0.104852639,64,0,0.11759723300000001,28333.0,6,0,1,0,2.0
104444,0,0.003569575,88,0,692.0,,13,0,1,0,
104445,0,0.292055314,62,0,0.531831691,6392.0,11,0,2,0,2.0
104447,0,0.9480173279999999,34,0,1.779350541,1200.0,7,0,1,0,2.0
104449,0,0.480195545,32,0,0.652286614,5400.0,15,0,2,0,0.0
104450,0,0.267874574,56,0,0.323394073,5432.0,4,1,1,0,2.0
104451,0,0.061437618,43,0,0.1808487,4500.0,3,0,0,0,3.0
104452,0,0.0319984,33,0,19.0,,1,0,0,0,0.0
104453,0,0.034113122999999995,66,0,0.724670604,2200.0,13,0,1,0,0.0
104454,0,0.004616851,69,0,0.0024284479999999997,5764.0,6,0,0,0,0.0
104455,0,0.055568277,28,0,0.005859375,3583.0,3,0,0,0,0.0
104456,0,0.042974319000000004,35,0,0.943369061,6250.0,9,0,2,0,0.0
104457,0,0.226538045,40,0,0.48234558,11186.0,12,0,3,0,0.0
104458,0,0.337510245,52,0,0.311868813,10000.0,22,0,0,0,3.0
104461,0,0.083411987,75,0,62.0,,4,0,0,0,0.0
104462,0,0.398898385,78,0,0.373448921,5882.0,10,0,1,0,0.0
104463,1,0.9435056490000001,38,2,0.299500076,6600.0,6,0,1,2,1.0
104465,0,0.022493581000000002,47,0,2412.0,,10,0,2,0,
104467,0,0.034669727000000004,69,0,0.200952343,24990.0,15,0,3,0,0.0
104469,0,0.431111335,76,0,0.229185318,3350.0,4,0,0,0,0.0
104472,0,0.16432639599999999,55,1,0.431209401,13700.0,13,0,1,0,2.0
104473,0,0.024696221,69,0,24.0,,7,0,0,0,3.0
104474,0,0.086398766,89,0,0.320081918,8300.0,10,0,1,0,1.0
104475,0,0.04874761,63,0,0.067506027,3732.0,7,0,0,0,0.0
104477,0,1.023838141,46,2,0.140214946,4000.0,5,1,0,0,0.0
104479,1,0.861677733,51,2,1.227120536,3583.0,15,0,1,0,1.0
104481,0,0.109737678,61,0,0.5726441179999999,4700.0,14,0,2,0,0.0
104484,0,0.214917871,69,0,0.675396723,7750.0,18,0,4,0,0.0
104485,0,0.02108756,77,0,35.0,,18,0,0,0,
104486,0,0.0,59,0,0.375249944,4500.0,8,0,1,0,0.0
104487,0,0.24292777100000001,32,0,0.55009373,4800.0,11,0,1,0,1.0
104488,0,0.003527925,49,0,0.431861589,8900.0,14,0,3,0,2.0
104489,0,0.9999998999999999,21,0,0.085565774,2500.0,1,0,0,0,0.0
104490,0,0.21559384,32,0,225.0,,5,0,0,0,
104491,0,0.9999998999999999,70,0,1.3201911590000002,1673.0,10,0,1,0,0.0
104493,0,0.376787748,30,0,0.738782763,2250.0,5,0,1,0,0.0
104496,0,0.15263575,55,0,0.18028197199999998,10000.0,6,0,1,0,0.0
104497,0,0.9999998999999999,54,0,0.24509440899999999,2700.0,3,0,0,0,0.0
104499,0,0.682810493,57,2,0.14396161,3750.0,7,1,0,1,0.0
104500,0,0.6645253170000001,78,2,2783.0,,10,0,1,0,0.0
104501,0,0.494237145,53,1,0.081802081,9033.0,8,0,0,0,0.0
104502,0,0.006956378,51,0,1673.0,,5,0,1,0,2.0
104503,0,0.006823737,43,0,0.230512868,5400.0,10,0,1,0,2.0
104504,0,0.010650145,44,0,1599.0,,18,0,1,0,0.0
104505,0,0.297030299,51,0,1300.0,,9,0,1,0,0.0
104507,0,0.0,28,0,0.44363909,4000.0,6,0,1,0,0.0
104508,0,0.004396053,52,0,0.262285275,11700.0,13,0,4,0,2.0
104509,0,0.030266904,51,0,0.389739251,13000.0,12,0,1,0,1.0
104510,0,0.877177949,43,0,0.52173913,2920.0,4,0,0,0,3.0
104512,0,0.33808540600000003,58,0,0.9342147690000001,3100.0,12,0,1,0,1.0
104513,0,0.228143554,63,1,1.060612372,4800.0,15,0,3,0,0.0
104514,0,0.045869039,76,0,78.0,,8,0,0,0,
104517,0,0.9802266159999999,38,0,2008.0,,4,0,2,0,
104518,0,0.089265797,62,0,0.253103181,5155.0,4,0,1,0,1.0
104519,0,0.9999998999999999,29,0,0.0,1650.0,0,0,0,0,1.0
104520,0,0.19050793600000002,80,0,0.07545746099999999,5300.0,8,0,0,0,1.0
104522,0,0.7309544840000001,47,0,0.6717938859999999,5200.0,11,0,0,0,2.0
104523,0,0.7785843920000001,57,0,0.00979804,5000.0,2,1,0,0,1.0
104524,0,0.035795188,72,0,0.324818039,7006.0,5,0,0,0,0.0
104525,0,0.245256065,55,1,0.268240759,5166.0,7,0,1,0,0.0
104526,0,0.029645315,39,0,0.004686036,3200.0,1,0,0,0,2.0
104527,0,0.076642216,49,0,0.09181794300000001,3800.0,5,0,0,0,2.0
104529,0,0.9999998999999999,48,0,0.063387323,5000.0,1,3,0,0,0.0
104530,0,0.11180875300000001,53,0,0.24908935100000001,9333.0,4,0,2,0,0.0
104531,0,0.260425154,37,0,0.045632334000000004,2300.0,2,0,0,0,1.0
104533,0,0.0033332509999999997,77,0,4.0,,6,0,0,0,0.0
104534,0,0.00659978,82,0,0.333333333,4775.0,6,0,2,0,0.0
104535,0,0.844264177,41,1,0.20754481100000002,40000.0,22,1,2,0,2.0
104536,0,0.07944315,44,1,0.20415879,10050.0,9,0,1,0,3.0
104537,0,0.0,56,0,0.0,,4,0,0,0,0.0
104539,0,0.022358923,42,0,0.082319613,6000.0,7,0,1,0,0.0
104540,0,0.00769923,65,0,0.779036827,6000.0,5,0,2,0,0.0
104541,1,0.343354489,43,0,0.454961464,4151.0,22,0,1,0,1.0
104542,0,0.346573504,44,0,0.7149832159999999,3276.0,4,0,1,0,2.0
104544,0,0.45268187,47,1,0.727113703,3429.0,12,0,1,0,3.0
104545,0,0.02079936,38,0,0.521863506,7340.0,8,0,2,0,0.0
104546,0,0.162915064,73,1,0.381340244,2700.0,12,0,0,0,1.0
104547,1,0.804398534,65,0,0.292165772,7262.0,7,1,1,0,0.0
104548,0,0.676058898,55,0,0.110889111,1000.0,3,0,0,0,0.0
104549,1,1.082735263,51,4,0.7467088820000001,6000.0,10,0,1,1,0.0
104551,0,0.294826588,63,0,210.0,,2,0,0,0,
104553,0,0.21976791899999998,42,0,0.371457748,7833.0,12,0,1,0,1.0
104554,0,0.15279241300000002,63,0,0.7344898559999999,3400.0,5,0,1,0,0.0
104556,0,0.008992855,75,0,0.004893964000000001,1838.0,5,0,0,0,0.0
104557,0,0.17747738600000001,34,0,0.08018765,9165.0,9,0,0,0,2.0
104559,0,0.020892688,51,0,0.571558383,2200.0,8,0,1,0,2.0
104560,1,0.8850690929999999,35,0,0.432118671,3100.0,7,1,0,1,3.0
104561,0,0.055820006,70,0,0.009172559,5232.0,4,0,0,0,0.0
104562,0,0.021609212000000003,64,0,0.31362467899999996,5834.0,7,0,1,0,1.0
104564,0,0.143654695,46,0,0.22071349199999998,8100.0,8,0,1,0,6.0
104565,0,0.032127918,80,0,38.0,,6,0,0,0,0.0
104566,0,0.11924134199999999,59,0,0.032706321000000003,5900.0,16,0,0,0,0.0
104567,0,0.145331663,39,0,0.34078572100000004,10868.0,15,0,2,0,4.0
104569,0,0.152578119,68,0,0.022115045,8500.0,4,0,0,0,0.0
104570,0,0.271972803,55,0,0.30667083300000003,6400.0,11,0,2,0,0.0
104572,0,0.326967303,71,0,0.264248705,2701.0,7,0,0,0,0.0
104575,0,0.017730224,79,0,0.009831695,6000.0,13,0,0,0,0.0
104579,0,0.010498279,44,0,0.011726696000000002,8356.0,9,0,0,0,2.0
104580,0,0.897722887,32,0,0.42145785399999997,10000.0,14,0,1,0,1.0
104581,0,0.598482904,60,0,0.54494273,5150.0,12,0,0,0,0.0
104583,0,0.193615335,67,0,0.334895345,3200.0,4,0,1,0,0.0
104584,1,0.417072745,58,0,0.758589347,5500.0,17,4,1,2,1.0
104585,0,0.410794525,58,0,4617.0,,6,0,3,0,0.0
104586,0,0.008399627,73,0,5.0,,3,0,0,0,0.0
104587,0,0.03439828,67,0,0.032655781,3000.0,4,0,0,0,0.0
104588,1,0.7152447009999999,61,0,0.358997395,11130.0,17,0,1,0,0.0
104589,0,0.369655694,28,0,0.19685039399999998,2666.0,4,0,0,0,0.0
104590,0,0.047869074000000005,62,0,0.09573803300000001,8000.0,8,0,1,0,1.0
104591,0,0.605251717,67,0,0.541389153,1050.0,8,0,0,0,0.0
104592,0,0.058432242,50,0,2183.0,,3,0,1,0,3.0
104593,0,0.0066664440000000005,86,0,0.001499625,4000.0,4,0,0,0,0.0
104595,0,0.6973585529999999,36,0,0.637300843,3200.0,13,0,1,0,1.0
104596,0,0.023982765,94,0,154.0,,10,0,1,0,0.0
104597,0,0.49023171299999996,37,1,0.20229175800000002,2268.0,4,0,0,0,0.0
104598,0,0.067153215,36,0,366.0,,3,0,1,0,0.0
104599,0,0.16286789999999998,42,0,1147.0,,8,0,1,0,2.0
104600,0,0.045267049000000004,62,0,0.176210705,5884.0,6,0,1,0,0.0
104602,0,0.06232264,54,0,1.0103191740000002,4166.0,10,0,4,0,1.0
104603,0,0.350032337,51,0,1560.0,,13,6,1,0,0.0
104605,0,0.24693388600000002,44,0,1.149508039,8333.0,14,0,7,0,2.0
104607,0,0.625187406,23,0,37.0,,1,0,0,0,0.0
104608,0,0.013682105,47,0,12.0,,3,0,0,0,
104609,0,0.010396802,61,0,0.0029521,10500.0,20,0,0,0,0.0
104612,0,0.021182397999999998,53,0,0.420825017,9017.0,14,0,3,0,1.0
104614,0,0.9234076590000001,45,0,0.371303025,11833.0,7,0,1,0,3.0
104616,0,0.021300568,61,0,0.850198242,5800.0,11,0,3,0,1.0
104618,0,0.337359319,51,0,0.153852347,12420.0,14,0,1,0,2.0
104620,0,0.9453697529999999,25,0,0.060642093,840.0,4,0,0,0,0.0
104621,0,0.464210799,53,0,1.547726137,2000.0,15,0,2,0,0.0
104622,0,0.017749113,42,0,0.572545918,11378.0,6,0,3,0,2.0
104624,0,0.044059303,80,0,0.01599543,3500.0,8,0,0,0,0.0
104626,0,0.8998200359999999,43,1,0.46713571600000003,5400.0,5,0,2,0,0.0
104627,0,0.017796441,32,0,0.014666317,42000.0,4,0,2,0,0.0
104628,0,0.011784253,88,0,0.0018330279999999998,6000.0,5,0,0,0,1.0
104629,0,0.119363875,54,0,0.318181818,3651.0,5,0,1,0,2.0
104631,0,0.0,44,0,712.0,,5,0,1,0,0.0
104633,0,0.099821849,54,0,1173.0,,4,0,2,0,0.0
104634,0,0.347369706,49,0,0.46441232600000004,7333.0,15,0,2,0,1.0
104637,0,0.165276995,67,0,0.03210921,5200.0,4,0,0,0,0.0
104638,0,0.07842297,67,0,0.734061393,3387.0,6,0,1,0,1.0
104639,0,0.046610309,73,0,0.421447319,5333.0,5,0,0,1,1.0
104640,0,0.283158612,56,0,0.72206651,13200.0,11,0,4,0,2.0
104641,0,0.857978551,55,0,0.473505299,5000.0,9,0,1,0,1.0
104642,1,0.9999998999999999,41,4,0.86963815,4172.0,7,3,2,3,1.0
104643,0,0.202107993,50,0,0.289828023,7500.0,18,0,1,0,3.0
104645,0,0.7426492490000001,32,0,0.455472734,5097.0,6,0,2,0,0.0
104646,0,0.041652244,41,0,0.27887512600000003,5973.0,7,0,2,0,2.0
104649,0,0.031476047,59,0,0.285961872,7500.0,6,0,1,0,0.0
104650,0,0.04672936900000001,68,0,0.041416738,3500.0,5,0,0,0,0.0
104651,0,0.0,54,0,0.39772818200000004,12500.0,7,0,3,0,0.0
104652,0,0.069438631,49,0,0.299699984,6332.0,2,0,1,0,1.0
104653,0,0.10528670300000001,67,0,2335.0,,8,0,1,0,0.0
104654,0,0.04877347,29,0,0.831195138,1480.0,9,0,0,0,1.0
104655,0,0.00787308,73,0,0.18223760100000003,2600.0,9,0,0,0,0.0
104657,0,0.26398240100000003,43,0,0.244918361,3000.0,6,0,0,0,0.0
104658,0,0.120893236,72,0,1267.0,,9,0,1,0,
104659,0,0.038607377000000005,39,0,1861.0,,5,0,1,0,0.0
104661,0,0.18197859100000002,76,0,0.594501718,3200.0,5,0,1,0,0.0
104662,0,0.408196829,50,0,0.28682515,4500.0,5,0,1,0,0.0
104663,0,0.141923973,58,0,0.40075295299999997,7702.0,7,0,2,0,1.0
104665,0,0.10391908,66,0,0.44664853600000004,6250.0,9,0,2,0,0.0
104666,0,0.061551105999999994,41,0,0.45763230299999996,13075.0,17,0,4,0,3.0
104667,0,0.036761211,57,0,0.20242573600000002,15417.0,22,0,2,0,0.0
104668,0,0.9999998999999999,47,0,0.0,,0,2,0,0,2.0
104669,0,0.0,68,0,0.0,,4,0,0,0,
104671,0,0.0,55,0,0.259897765,9976.0,7,0,1,0,3.0
104673,0,0.24870052,27,1,403.0,,2,0,0,1,0.0
104674,0,0.014528434,64,0,0.005089059,2750.0,3,0,0,0,0.0
104675,0,0.03917336,58,0,0.249506124,5061.0,13,0,1,0,0.0
104676,0,0.051504055,64,0,0.7516059959999999,1400.0,5,0,1,0,0.0
104677,0,0.682923858,51,0,0.43036709,7000.0,14,0,1,0,0.0
104678,0,0.048833891,66,0,3211.0,,10,0,1,0,0.0
104679,0,0.19290059199999998,33,0,0.43811303100000004,2140.0,4,0,1,0,0.0
104680,1,0.072561063,59,1,0.25834833,5000.0,8,0,0,0,2.0
104681,0,0.0,61,0,2580.0,,9,0,3,0,0.0
104682,0,0.014803977,37,0,3308.0,,13,0,2,0,0.0
104684,0,0.146390241,61,0,65.0,,3,0,0,0,0.0
104685,0,0.032824179,54,0,0.005712612,6826.0,2,0,0,0,0.0
104688,0,0.022750591,83,0,0.352881826,7928.0,10,0,2,0,0.0
104690,0,0.253658089,61,0,0.392354659,3766.0,5,0,2,0,0.0
104691,0,0.121187881,35,0,1486.0,,4,0,2,0,0.0
104692,0,0.0,27,0,445.0,,2,0,0,0,0.0
104694,0,0.0,57,0,0.372662734,10000.0,11,0,2,0,2.0
104699,0,0.322664581,53,0,0.354142432,7736.0,9,0,1,0,0.0
104701,0,0.09413959699999999,66,0,0.145537003,4850.0,15,0,1,0,0.0
104702,0,1.010994503,24,1,0.249843848,1600.0,3,0,0,0,0.0
104706,0,0.005895711,29,0,0.002360578,3388.0,5,0,0,0,0.0
104707,1,0.540485573,46,0,0.23362115100000003,42966.0,9,0,5,0,0.0
104708,0,0.0,30,0,0.020092089,7166.0,4,0,0,0,0.0
104709,0,0.448795296,57,0,0.333315119,18300.0,19,0,2,0,1.0
104710,0,0.6052193229999999,34,0,0.070964518,2000.0,3,0,0,0,0.0
104712,1,0.929253537,36,3,2500.0,0.0,5,0,0,0,0.0
104713,0,0.9999998999999999,64,0,0.0,931.0,1,1,0,0,0.0
104714,1,0.997001499,34,1,0.616011505,2085.0,8,3,1,4,0.0
104715,0,0.273516159,63,0,0.21783762199999998,7500.0,15,0,1,0,0.0
104716,0,0.280696909,46,0,1102.0,,13,0,2,0,0.0
104717,0,0.204060071,36,0,0.138190598,7040.0,4,0,0,0,0.0
104718,0,0.282930313,36,1,0.334826428,6250.0,17,0,1,0,2.0
104719,0,0.384395814,23,2,0.117941029,2000.0,4,0,0,0,0.0
104720,0,0.177310122,41,0,2435.0,,9,0,1,0,2.0
104722,0,0.128067872,39,0,1541.0,,10,0,1,0,0.0
104724,0,0.344812264,36,0,0.141096734,6491.0,7,0,0,0,0.0
104727,0,0.00195284,51,0,0.185090745,6666.0,15,0,1,0,3.0
104728,0,0.0022767770000000002,64,0,0.185887058,10500.0,7,0,2,0,0.0
104729,0,3448.0,39,0,0.381209332,6300.0,6,0,2,0,0.0
104730,0,0.0,75,0,3.0,,8,0,0,0,
104732,0,0.040273312,44,0,0.270497267,7500.0,14,0,2,0,3.0
104733,0,0.036602897,57,0,1427.0,,4,0,2,0,
104734,0,0.047674344,34,0,0.200652174,4599.0,5,0,1,0,0.0
104735,0,0.460109914,54,0,0.14445072,7081.0,6,0,0,0,2.0
104737,0,0.040491933,67,0,0.649034213,7920.0,9,0,2,0,0.0
104738,0,0.0,63,0,1021.0,,8,0,1,0,
104740,0,0.039499013,52,0,0.642686994,2098.0,7,0,1,0,0.0
104741,0,0.46250256799999995,28,0,0.36131934,2000.0,5,0,0,0,0.0
104743,0,0.585120744,64,0,0.31142623399999997,11000.0,9,0,1,0,1.0
104744,0,0.265958493,38,0,2970.0,,8,0,1,0,0.0
104746,0,0.9999998999999999,77,0,26.0,,1,0,0,0,
104747,0,0.0,57,3,0.350896683,6300.0,5,1,1,0,2.0
104748,0,0.028277449,36,0,2510.0,,8,0,1,0,0.0
104749,0,0.014453696,63,0,0.20236778,9037.0,13,0,1,0,1.0
104752,0,0.9999998999999999,44,0,10.0,,0,0,0,0,0.0
104753,0,0.036411724,50,0,0.20690709,9815.0,13,0,1,0,0.0
104754,0,0.007905511,75,0,903.0,,5,0,1,0,0.0
104757,0,0.051727348,56,0,69.0,,4,0,0,0,0.0
104758,0,0.00470005,77,0,0.09107946,2667.0,12,0,0,0,0.0
104762,0,0.120880745,58,0,0.012512856000000001,5833.0,3,0,0,0,0.0
104763,0,0.574890027,55,0,0.384903205,6146.0,9,0,1,0,1.0
104764,0,0.8814241909999999,68,0,0.42391066299999997,4566.0,8,0,1,0,0.0
104766,1,0.49931246,69,0,0.19932668899999997,30000.0,21,0,3,1,1.0
104767,0,0.123459001,55,0,0.386532031,15250.0,15,0,3,0,3.0
104768,0,0.011818486000000001,52,0,0.013222516,2646.0,17,0,0,0,0.0
104769,0,0.39263758200000004,49,0,0.325794956,7295.0,14,0,1,0,3.0
104770,0,0.487158975,79,1,3560.0,,20,0,3,0,0.0
104771,0,0.366528841,30,0,0.12667123800000002,5833.0,6,0,0,0,0.0
104772,0,0.9552238809999999,64,0,0.047825362,6000.0,4,0,0,0,0.0
104773,0,0.9999998999999999,39,0,0.8788867890000001,5820.0,6,0,4,0,0.0
104775,0,0.010094963,33,0,0.0026783540000000004,4106.0,4,0,0,0,3.0
104777,0,0.568177803,52,0,0.36343942700000004,6000.0,15,0,0,0,2.0
104778,0,0.38004274299999996,40,0,0.559406766,6000.0,8,0,2,0,2.0
104779,0,0.955975488,51,0,0.317268273,10000.0,6,0,2,0,0.0
104780,0,0.247244233,36,0,0.519761372,2681.0,4,0,1,0,0.0
104781,0,0.069412621,62,0,0.049992425,6600.0,8,0,1,0,2.0
104782,0,0.0,54,0,0.44898414799999997,8957.0,17,0,3,0,1.0
104785,0,0.071607571,62,0,0.286300901,8766.0,13,0,1,0,1.0
104786,0,0.33877562,63,0,0.593340666,10000.0,8,0,2,0,0.0
104787,0,0.050658987,47,0,1.9080459769999998,2000.0,12,0,3,0,2.0
104788,0,0.093936547,51,0,0.009214783,10200.0,4,0,0,0,3.0
104789,0,0.242358588,63,0,0.19454178600000002,9416.0,3,0,1,0,0.0
104790,0,0.020928584,44,0,0.418129305,4500.0,12,0,1,0,0.0
104791,0,0.028605482999999998,49,0,0.2277308,8632.0,8,0,1,0,3.0
104792,0,0.168734938,47,0,0.08614280199999999,7800.0,4,0,1,0,2.0
104794,0,0.227508462,41,0,0.279953015,7661.0,12,0,2,0,0.0
104795,0,0.326248805,47,0,0.389861014,10000.0,15,0,2,0,0.0
104796,0,0.32337227,69,0,0.134988985,4992.0,13,0,0,0,0.0
104797,0,0.031169047999999998,67,0,659.0,,5,0,1,0,0.0
104798,0,0.047246669000000005,37,0,316.0,0.0,5,0,0,0,0.0
104799,0,0.015330778,56,0,0.000259707,7700.0,2,0,0,0,0.0
104803,0,1980.0,69,0,59.0,,3,0,0,0,0.0
104804,0,0.098566735,46,0,0.627674465,5000.0,13,0,2,0,1.0
104807,0,0.117848911,65,0,0.15855573,1273.0,8,0,0,0,0.0
104809,0,0.9999998999999999,77,0,0.0,1834.0,2,0,0,0,0.0
104810,0,0.45622054,58,0,0.333252799,12416.0,9,0,1,0,0.0
104811,0,0.009040034,54,0,0.005660376999999999,1589.0,8,0,0,0,0.0
104812,1,0.31523875100000004,91,1,0.519949601,16666.0,28,0,0,0,0.0
104813,0,0.320413658,63,0,3388.0,,12,0,2,0,0.0
104816,0,0.025678266,62,0,0.215899065,11333.0,12,0,1,0,0.0
104817,1,0.0,59,1,4019.0,,10,0,3,0,2.0
104819,0,0.9999998999999999,65,0,0.0,,1,0,0,0,0.0
104821,0,0.037384882,85,0,1114.0,,5,0,1,0,0.0
104822,0,0.383070476,69,0,0.37628148299999997,7900.0,8,0,1,0,4.0
104823,0,0.0,51,1,0.440301141,8500.0,8,0,3,0,2.0
104825,0,0.829288427,50,4,4375.0,,17,0,1,0,0.0
104826,0,0.949001889,42,0,0.507123219,4000.0,11,0,0,0,3.0
104827,0,0.9999998999999999,52,0,1323.0,,2,0,1,0,0.0
104828,0,0.362454585,47,0,0.135716071,4000.0,11,0,0,0,2.0
104829,0,0.410715105,31,0,0.179377321,3500.0,7,0,0,0,0.0
104830,0,0.019494341999999998,69,0,0.160175221,10500.0,14,0,1,0,0.0
104831,0,0.0,55,0,0.21433267600000003,6083.0,3,0,1,0,0.0
104835,0,0.041533266,63,0,2081.0,,7,0,1,0,0.0
104837,0,0.636393047,42,0,0.21630574,32000.0,6,0,3,0,5.0
104838,0,0.931866876,38,1,0.31160175,4800.0,8,0,1,0,2.0
104839,0,0.142911704,42,0,0.029132908,5800.0,4,0,0,0,3.0
104842,0,0.0,66,0,0.105178964,5000.0,3,0,1,0,1.0
104845,0,0.6368814070000001,32,0,0.103948026,2000.0,4,0,0,0,0.0
104846,0,0.91947651,66,0,0.9001521490000001,5257.0,18,0,1,0,0.0
104848,0,0.497150071,33,0,0.38538435,2900.0,12,0,1,0,0.0
104849,0,0.512911005,38,1,0.194280908,3566.0,3,0,0,0,0.0
104850,0,0.08571746,48,1,0.012102078,3800.0,2,0,0,0,0.0
104851,0,0.0,54,0,0.170765847,5000.0,8,0,1,0,0.0
104852,0,0.9861495840000001,45,0,0.5491969720000001,5416.0,6,0,1,0,0.0
104853,0,0.251199653,54,0,0.7713801859999999,1180.0,9,0,0,0,0.0
104854,0,0.026618806000000002,53,0,0.001828362,8750.0,4,0,0,0,0.0
104855,0,0.127197876,48,0,0.27926549300000003,2613.0,10,0,0,0,2.0
104856,0,0.773150364,54,8,0.293505927,13750.0,14,1,1,4,4.0
104857,1,1.105788423,30,1,973.0,,7,3,0,5,
104858,0,0.033927993999999996,71,0,0.006746711999999999,8744.0,6,0,0,0,0.0
104859,0,0.322755214,56,0,0.381492491,12783.0,17,0,2,0,2.0
104860,0,0.9049095090000001,54,0,1519.0,,5,0,1,0,0.0
104861,0,0.011376973,66,0,0.183977003,8000.0,8,0,1,0,1.0
104863,0,0.032780687999999995,48,0,0.247479377,12000.0,13,0,3,0,3.0
104864,0,0.088041715,55,0,0.181559836,6333.0,10,0,2,0,1.0
104866,0,0.05601849,65,0,27.0,,6,0,0,0,0.0
104868,0,0.9999998999999999,33,0,4.0,,0,0,0,0,0.0
104869,0,0.186490675,55,0,2348.0,,8,0,1,0,1.0
104871,0,0.9999998999999999,35,0,0.0,2898.0,1,0,0,0,1.0
104873,1,0.10513158199999999,60,1,1.315835906,6800.0,11,0,4,0,0.0
104877,0,0.0,62,0,0.0,2300.0,1,0,0,0,0.0
104878,0,0.9999998999999999,37,0,0.0,3935.0,2,0,0,0,2.0
104879,1,1.0,45,0,0.11825547300000001,5800.0,3,1,0,1,6.0
104880,0,0.028948553,61,0,1224.0,,6,0,1,0,0.0
104881,0,0.248613762,41,0,0.016157988999999998,5012.0,2,0,0,0,0.0
104882,0,0.30291523600000003,50,1,0.5357831789999999,10367.0,15,0,2,0,3.0
104883,0,0.063821871,64,0,0.525684654,6170.0,13,0,1,0,1.0
104886,0,0.0,38,0,0.47552208100000004,2920.0,5,0,1,0,0.0
104887,0,0.012639466,84,0,0.00339966,10000.0,9,0,0,0,0.0
104890,0,0.048319034000000004,67,0,1050.0,,2,0,1,0,0.0
104891,0,0.919971251,48,1,0.384273772,11483.0,11,0,1,0,0.0
104893,0,0.23844711600000001,35,0,0.235434156,7980.0,8,0,1,0,3.0
104895,0,0.9999998999999999,47,2,0.603099225,4000.0,2,0,1,1,1.0
104897,0,0.110514683,35,0,0.240258883,7570.0,8,0,1,0,0.0
104898,0,0.008897595999999999,82,0,823.0,,9,0,1,0,0.0
104899,1,0.906529602,26,0,426.0,,3,0,0,0,0.0
104900,0,0.376786556,36,0,0.33629309700000004,12500.0,7,0,2,0,3.0
104903,0,0.35319195600000003,65,0,0.32358403,8615.0,13,0,1,0,1.0
104905,0,0.0,55,0,0.22938470800000002,15000.0,7,0,1,0,3.0
104906,0,0.064435486,72,0,617.0,,4,0,1,0,0.0
104907,0,0.22244608600000002,34,0,0.16285269900000002,4500.0,6,0,0,0,1.0
104908,0,0.9692061590000001,34,1,0.508383423,3160.0,3,0,1,0,1.0
104909,0,0.167083325,61,0,0.432985853,5371.0,13,0,1,0,0.0
104910,0,0.141799029,75,0,0.401530612,1959.0,6,0,1,0,0.0
104913,0,0.022476549,65,0,0.00579884,5000.0,3,0,0,0,0.0
104919,0,0.0,61,0,0.16661299,18629.0,6,0,2,0,1.0
104920,0,0.029367552,51,0,0.345165483,10000.0,6,0,2,0,0.0
104922,0,0.423063906,36,0,0.151325479,2715.0,4,0,0,0,1.0
104923,0,0.371739754,58,0,0.080833865,4700.0,8,0,0,0,0.0
104924,0,0.0,42,0,0.0,1855.0,2,0,0,0,0.0
104925,0,0.379361275,40,0,0.48990945799999996,9166.0,15,0,2,0,1.0
104926,0,0.045321719,43,0,3074.0,,11,0,2,0,
104927,0,0.074165122,43,0,0.48756763700000005,15523.0,10,0,3,0,2.0
104928,0,0.013873266,33,1,0.104074171,7657.0,4,0,0,1,0.0
104929,0,0.118647041,50,0,0.017044975,11850.0,5,0,0,0,0.0
104934,0,0.872983423,43,0,1.111269615,700.0,3,0,0,0,3.0
104935,1,0.44372956700000005,52,0,0.211804608,25650.0,10,0,1,0,4.0
104936,0,0.7339115940000001,37,0,0.219825739,7000.0,10,0,0,1,0.0
104937,0,0.03246683,50,0,0.17428004,6041.0,12,0,1,0,0.0
104938,0,0.00622084,47,0,2640.0,,8,0,1,0,
104939,0,0.10228683300000001,52,1,0.35225216600000003,10500.0,13,0,1,0,0.0
104941,0,0.202225205,57,1,0.34225011,9083.0,11,0,1,0,2.0
104942,0,0.027185794,72,0,0.013824885,5424.0,11,0,0,0,1.0
104943,0,0.991872017,74,0,0.057485629,4000.0,1,0,0,0,1.0
104944,0,0.106370614,58,0,0.295805944,10800.0,15,0,2,0,0.0
104945,0,0.00021999599999999997,34,0,0.07937240400000001,4333.0,4,0,0,0,0.0
104947,0,0.000666593,31,1,0.525061339,2852.0,7,0,1,0,2.0
104949,0,0.10071566300000001,54,1,1906.0,,8,0,1,0,
104950,0,0.060741142000000005,34,0,3335.0,,13,0,2,0,4.0
104951,0,0.231717885,66,0,1461.0,,7,0,2,0,0.0
104952,0,0.0,64,0,0.0,7000.0,4,0,0,0,0.0
104953,0,0.025594881,62,1,0.302407516,3405.0,8,0,1,0,1.0
104954,0,0.0,43,0,0.0,8500.0,10,0,0,0,3.0
104955,1,0.158116285,53,1,0.608894391,10500.0,18,1,4,0,2.0
104956,0,0.0,51,0,0.0,7292.0,1,0,0,0,4.0
104958,0,0.071672355,75,0,719.0,,4,0,1,0,0.0
104961,0,0.0,61,1,0.24815205899999998,2840.0,10,0,0,0,0.0
104962,0,0.500105138,76,0,0.715809118,3750.0,16,0,2,0,1.0
104963,0,0.016949521999999998,61,0,0.2563757,9645.0,19,0,1,0,0.0
104966,0,0.0071235380000000004,67,0,0.44243018100000003,2040.0,11,0,1,0,0.0
104967,0,0.047135943,73,0,1.080816497,4800.0,10,0,2,0,0.0
104968,0,0.96210379,30,0,0.134108098,5420.0,3,0,0,0,0.0
104970,0,0.967086076,35,0,0.469314079,3600.0,3,0,1,0,0.0
104971,0,0.112692764,25,0,0.009813739,4992.0,7,0,0,0,0.0
104972,0,0.936695202,67,0,1337.0,,14,0,1,0,0.0
104973,0,0.01775929,56,0,13.0,,2,0,0,0,0.0
104974,0,0.023879373,59,1,0.42549203399999996,3200.0,8,0,1,0,1.0
104975,0,0.027388902000000003,61,0,1032.0,0.0,5,0,1,0,0.0
104976,0,0.78146326,34,0,1002.0,,8,0,1,0,0.0
104978,1,0.96969112,50,1,0.469316335,8000.0,8,0,2,0,3.0
104980,0,0.394536602,34,0,0.488870152,5929.0,9,0,2,0,0.0
104981,0,0.026930249,36,0,0.113325464,14400.0,10,0,1,0,0.0
104982,0,0.9999998999999999,39,0,809.0,,1,1,0,0,
104983,0,0.548939703,39,0,0.197160568,5000.0,4,0,0,0,1.0
104984,0,0.129123818,52,0,0.446548459,5808.0,4,0,1,0,0.0
104986,0,0.9463480059999999,38,0,0.171948052,5774.0,6,0,0,0,2.0
104987,0,0.0,54,0,0.35406557899999996,6800.0,8,0,2,0,0.0
104988,0,0.40941315,43,0,0.216262073,7661.0,9,0,1,0,2.0
104989,1,0.788873039,40,0,0.214865709,1600.0,4,0,0,0,2.0
104991,0,0.493302223,37,0,0.25970366300000003,11000.0,16,0,1,0,0.0
104992,0,0.198266158,45,0,1615.0,,12,0,2,0,0.0
104995,0,0.0051367340000000004,63,0,0.001612903,3719.0,8,0,0,0,0.0
104996,0,0.064270905,67,0,0.10392004699999999,10305.0,7,0,1,0,0.0
104997,0,0.9771735159999999,78,0,0.602178353,7344.0,11,0,2,0,0.0
104998,0,0.139407834,58,0,2849.0,,5,0,2,0,0.0
104999,0,0.408204235,59,0,0.408770161,3967.0,11,0,1,0,0.0
105000,0,0.961523815,40,0,0.48467068799999996,12100.0,11,0,1,0,0.0
105001,0,0.729196148,71,0,0.5423293020000001,10500.0,13,0,1,0,0.0
105002,0,0.025194827000000003,49,0,27.0,,2,0,0,0,
105005,0,0.042650089,63,0,0.251742658,8750.0,12,0,1,0,0.0
105006,0,1.025382663,51,0,1599.0,,2,0,1,0,0.0
105007,0,0.7449627520000001,40,0,0.322178218,5049.0,5,0,1,0,3.0
105010,0,0.108945924,33,0,3839.0,,12,0,1,0,0.0
105011,0,0.396946271,64,0,0.134590656,2332.0,7,0,0,0,0.0
105012,0,0.28849384899999997,50,0,0.272398916,9966.0,14,0,1,0,0.0
105013,0,0.040278178,43,1,0.45815974299999995,8400.0,10,0,2,0,0.0
105015,0,0.6275400210000001,41,0,0.650562266,2400.0,13,0,2,0,0.0
105016,0,0.02514298,80,0,0.007794232,2565.0,3,0,0,0,0.0
105017,0,0.26404959899999997,45,0,0.116031205,9100.0,3,0,0,0,2.0
105018,0,0.15897229999999998,31,0,1371.5,1.0,9,0,1,0,0.0
105019,0,0.05117933,49,0,0.575305485,7037.0,14,0,2,0,0.0
105020,0,0.019637371,41,0,66.0,0.0,2,0,0,0,3.0
105021,0,0.132460844,78,0,316.0,,6,0,0,0,0.0
105024,0,0.057823695999999994,25,0,0.5895439379999999,898.0,4,0,0,0,0.0
105025,0,0.118914461,44,0,0.254494705,12180.0,7,0,2,0,0.0
105026,0,0.042858655999999995,59,1,0.437979485,11600.0,14,0,2,0,3.0
105028,1,0.9999998999999999,35,0,0.075274961,7000.0,1,2,0,1,3.0
105029,0,0.027810762000000003,61,0,2616.0,,7,0,1,0,
105030,0,0.238933602,41,0,0.234933158,9125.0,8,0,1,0,3.0
105031,0,0.008568576999999999,43,0,0.378405399,4000.0,6,0,1,0,2.0
105032,0,0.030432109,30,0,0.21558690600000002,7300.0,16,0,2,0,0.0
105033,0,0.0,37,0,165.0,0.0,4,0,0,0,1.0
105037,0,1.008445375,31,0,0.806336708,5333.0,10,0,1,0,1.0
105038,0,0.082632705,67,0,0.16223977,2785.0,10,0,0,0,2.0
105039,0,0.479594409,49,0,0.194161168,5000.0,7,0,0,0,1.0
105040,0,0.137075571,62,0,0.22088677899999998,9900.0,10,0,0,0,1.0
105041,0,0.003490128,63,0,0.044636429000000005,8333.0,12,0,0,0,1.0
105042,1,1.636655949,45,1,0.690761848,3333.0,3,4,1,0,1.0
105043,0,0.442107439,45,0,0.454679712,5416.0,11,0,1,0,0.0
105044,0,0.031532633,74,0,47.0,,4,0,0,0,
105045,0,0.408437292,61,0,0.39613419200000005,4500.0,6,0,1,0,0.0
105046,0,0.888111888,26,0,0.192898273,2083.0,2,1,0,1,0.0
105048,0,0.021301485,82,0,0.008997751,4000.0,12,0,0,0,0.0
105050,0,0.251027357,54,1,0.09843192099999999,6440.0,20,0,1,0,1.0
105051,0,0.0,59,0,0.29064187199999997,6667.0,5,0,1,0,0.0
105052,0,0.056032513,37,0,0.13725490199999998,2600.0,20,0,0,0,0.0
105053,0,1924.0,47,0,0.519247723,10208.0,11,0,3,0,0.0
105055,0,0.8264325090000001,47,0,0.09778044400000001,3333.0,4,0,0,0,1.0
105056,0,0.022032966,66,0,1425.0,,5,0,1,0,
105057,0,1.021932654,62,0,0.282202267,6792.0,6,0,2,1,1.0
105058,0,0.06456494,69,0,0.08150252200000001,17250.0,13,0,2,0,1.0
105059,0,0.31374534,51,0,0.141880591,13750.0,6,0,1,0,4.0
105060,0,0.860376664,49,0,0.288785202,6000.0,9,0,2,1,2.0
105061,1,0.914228576,42,1,0.27122678899999997,6300.0,9,0,2,0,0.0
105062,0,0.147837491,58,2,0.328953007,7000.0,10,0,1,0,1.0
105065,0,0.165125382,53,0,0.32888288,5916.0,9,0,1,0,0.0
105067,0,0.073312191,49,0,76.0,0.0,2,0,0,0,1.0
105069,0,1.1649388,31,0,976.0,,6,0,0,0,0.0
105070,0,0.678632137,48,0,203.0,,5,0,0,0,0.0
105071,0,0.9999998999999999,86,0,0.0,,4,0,0,0,
105072,0,0.9999998999999999,51,0,0.0,,0,0,0,0,0.0
105074,0,0.241461488,41,0,1.026594681,5000.0,19,0,1,0,3.0
105075,0,0.140571886,27,0,21.0,0.0,1,0,0,0,0.0
105076,0,0.083854529,47,0,1591.0,,8,0,2,0,0.0
105077,0,0.051360301,40,0,936.0,,4,0,1,0,2.0
105078,0,0.622103895,65,0,0.05818522,10689.0,11,0,0,0,0.0
105080,0,0.171891405,61,0,103.0,,1,0,0,0,0.0
105081,0,0.029433503,69,1,4037.0,,7,0,2,0,0.0
105086,0,0.0,64,1,0.168319307,12000.0,6,0,2,0,0.0
105087,0,0.018100053,74,0,1.014227642,1475.0,15,0,1,0,0.0
105089,0,0.95211071,31,0,0.870784056,4565.0,12,0,1,0,0.0
105090,0,0.333000472,71,0,0.45678000799999996,2440.0,15,1,0,0,0.0
105091,0,0.043865673,46,0,0.143952141,5348.0,10,0,1,0,0.0
105092,0,0.377129671,70,0,0.549207256,7000.0,10,0,2,0,0.0
105093,0,0.13615655699999998,69,0,0.153053376,6500.0,7,0,1,0,0.0
105094,0,0.038048557000000004,70,0,68.0,,4,0,0,0,
105095,0,0.18859134100000002,38,0,0.368981946,7975.0,7,0,2,0,4.0
105097,0,0.9999998999999999,32,0,0.0005552469999999999,1800.0,9,0,0,0,1.0
105098,0,0.055879825999999994,63,0,0.284842049,3766.0,11,0,1,0,0.0
105099,0,0.087311407,79,0,1450.0,,9,0,1,0,0.0
105101,0,0.014716099,43,0,0.692966361,6539.0,13,0,1,0,0.0
105102,0,0.035651399,31,0,0.155226899,7910.0,4,0,1,0,0.0
105105,0,0.0,41,0,0.07865807400000001,5275.0,4,0,0,0,2.0
105106,0,0.550668684,44,0,1.4047976009999998,2000.0,9,0,1,0,1.0
105107,0,0.0,54,0,2098.0,,5,0,1,0,0.0
105111,0,0.47530164700000005,48,2,0.411071353,4750.0,8,0,3,0,1.0
105112,0,0.0,66,0,0.13386894800000002,9583.0,10,0,2,0,0.0
105113,0,0.725245495,72,0,1087.0,,4,0,0,0,0.0
105114,0,0.008105938,66,0,0.202874401,4800.0,15,0,1,0,0.0
105115,0,0.160330745,48,2,0.226103186,7500.0,7,0,1,0,0.0
105116,0,0.368081538,52,1,0.140286571,3000.0,4,0,0,0,0.0
105117,0,0.48970132,47,0,0.250585089,5981.0,9,1,1,0,1.0
105118,0,0.016777666,42,0,0.130634775,25000.0,11,0,2,0,1.0
105119,0,0.86633227,46,1,9741.0,,16,0,6,0,0.0
105120,0,0.666198863,43,1,0.469648357,15583.0,12,0,3,0,4.0
105121,0,0.506443788,43,0,0.55822089,2000.0,8,0,0,1,0.0
105122,0,0.380705255,38,0,0.501861331,4297.0,13,0,1,0,5.0
105123,0,0.047779227,27,0,0.027885862999999997,4625.0,8,0,0,0,0.0
105124,0,0.33798628299999994,53,0,0.358930408,8750.0,12,0,1,0,1.0
105125,0,0.053794232000000004,46,0,0.35955206,7500.0,9,0,2,0,1.0
105127,0,0.911024775,53,0,0.854551796,8600.0,12,0,4,0,1.0
105128,0,0.015365548,38,0,0.460711607,12000.0,19,0,3,0,1.0
105129,1,0.039551451,60,0,1292.0,,15,0,3,0,
105131,0,0.027751657000000002,72,0,0.010964205,3100.0,8,0,0,0,1.0
105132,0,0.020681872,72,0,0.011594203,2759.0,4,0,0,0,0.0
105133,0,0.028465717999999997,56,0,0.25012497899999997,6000.0,8,0,1,0,0.0
105134,0,0.028524418,61,0,0.01029122,13700.0,7,0,0,0,2.0
105135,1,0.098472395,42,0,0.511503478,5606.0,8,0,3,0,3.0
105136,0,0.032146777,51,0,0.202917304,8500.0,11,0,1,0,2.0
105138,0,0.586299279,57,0,3550.0,,21,0,2,0,0.0
105140,0,0.804654367,50,0,0.266686666,6666.0,11,0,0,0,2.0
105141,0,0.0,35,0,0.9633184779999999,2916.0,4,0,1,0,1.0
105143,0,0.885695948,51,0,0.881664265,5551.0,14,0,1,1,2.0
105144,0,0.789757412,43,0,0.606760295,4200.0,6,0,1,0,2.0
105146,0,0.315453127,58,0,0.311887225,20500.0,23,0,8,0,0.0
105148,0,0.9999998999999999,41,1,1565.0,,1,2,0,1,0.0
105150,0,0.054059120999999995,85,0,0.083135881,9706.0,6,0,1,0,0.0
105152,0,0.07088634099999999,47,0,0.017348608999999997,3054.0,7,0,0,0,0.0
105155,0,0.995668111,66,0,0.40212891799999995,1690.0,3,0,0,0,0.0
105156,0,0.150472482,40,1,0.9438278090000001,13333.0,26,0,4,0,5.0
105160,0,0.042350918,60,0,1.0605609329999999,4028.0,13,0,3,0,0.0
105161,0,0.920594116,67,1,0.11439200199999999,4300.0,3,0,0,1,2.0
105163,0,0.15668917,51,0,2087.0,,11,0,2,0,0.0
105165,1,0.9282774840000001,54,2,0.418060875,4960.0,6,0,1,0,2.0
105166,0,1.060967988,57,2,0.314037193,3333.0,2,0,0,0,0.0
105167,0,0.19354907300000002,54,0,0.5284817479999999,4300.0,11,0,2,0,2.0
105169,0,0.07859214099999999,43,0,25.0,,2,0,0,0,0.0
105170,1,0.884743504,46,2,0.551809998,5220.0,5,1,1,1,2.0
105171,0,0.0,58,0,0.499242807,3961.0,12,0,1,0,0.0
105172,0,0.041741007000000004,50,0,0.06111736,8000.0,4,0,1,0,2.0
105173,0,0.428098176,37,3,0.410479476,20000.0,14,0,2,0,3.0
105175,0,0.037874053,70,0,45.0,,6,0,0,0,0.0
105177,0,0.017669553,62,0,2733.0,,7,0,1,0,0.0
105178,0,0.003607772,60,0,0.000887682,19150.0,2,0,0,0,0.0
105180,1,0.9999998999999999,58,0,0.0,,0,0,0,0,0.0
105181,0,0.068741446,49,0,0.202574452,9166.0,12,0,2,0,4.0
105182,0,0.442254275,31,0,0.18250539999999998,8333.0,6,0,1,0,0.0
105183,0,0.010275008,69,0,0.29470431199999997,7118.0,12,0,1,0,1.0
105184,0,0.451622485,56,0,0.33884420600000004,6713.0,5,0,1,0,0.0
105186,0,0.0,52,1,0.452927215,7583.0,11,0,3,0,0.0
105187,0,0.040518331,69,0,0.238209085,4600.0,9,0,1,0,0.0
105188,0,0.080095995,72,0,1269.0,,4,0,1,0,0.0
105189,1,1.738768719,39,0,0.06682452,3800.0,4,2,0,1,1.0
105192,0,1.3809095,48,0,0.16614310599999998,2864.0,2,3,0,1,0.0
105193,0,0.174533881,51,0,0.266357383,6250.0,7,0,1,0,3.0
105195,0,0.461363986,40,0,0.230451656,12110.0,15,0,0,0,3.0
105197,0,0.378981051,63,0,3892.0,,6,0,1,0,0.0
105198,0,0.024465851,69,0,0.005364545,4100.0,8,0,0,0,0.0
105199,0,0.862978145,68,0,0.523930143,7500.0,11,0,1,0,1.0
105201,0,0.047345767999999996,79,0,0.11859464,7200.0,11,0,1,0,0.0
105202,0,0.0,49,0,0.230310472,5700.0,9,0,1,0,0.0
105203,0,0.6653336670000001,43,1,0.333333333,8000.0,11,0,2,0,5.0
105204,0,0.163937384,54,1,3229.0,,17,0,2,0,3.0
105205,0,0.0,65,0,0.0,9538.0,4,0,0,0,0.0
105206,0,1.059194081,54,2,0.22111129300000001,6100.0,5,0,0,1,0.0
105207,0,0.02123915,44,0,0.265286378,5167.0,6,0,2,0,1.0
105208,0,0.01461577,50,0,2012.0,,19,0,1,0,1.0
105210,0,0.045784265,42,0,0.199163712,11000.0,6,0,1,0,2.0
105211,0,0.0,24,0,0.0,400.0,2,0,0,0,0.0
105212,0,0.0,60,1,0.5471124620000001,6250.0,9,0,1,0,0.0
105214,0,0.9999998999999999,48,1,0.0,6000.0,0,3,0,0,3.0
105215,0,0.9999998999999999,29,0,0.0,1700.0,1,0,0,0,0.0
105216,0,0.07016082,58,0,0.141983034,7190.0,6,0,1,0,0.0
105217,0,0.40287991100000003,54,0,2363.0,,4,0,1,0,0.0
105218,1,0.520710329,56,0,0.857976315,11483.0,26,0,2,0,2.0
105219,0,0.9999998999999999,24,0,0.292565947,833.0,1,0,0,0,0.0
105222,0,0.36410436799999996,54,0,0.654968728,5755.0,9,0,2,0,0.0
105223,0,0.217547696,50,0,0.30923052300000003,6250.0,7,0,2,0,1.0
105224,0,0.045549932,31,0,0.102989701,10000.0,6,0,0,0,0.0
105226,0,0.560585885,55,0,0.19016196800000001,5000.0,3,3,0,0,0.0
105227,0,0.093257109,52,0,0.188173302,8539.0,8,0,1,0,0.0
105228,0,0.9999998999999999,58,0,0.037904125,7175.0,7,0,0,0,0.0
105230,0,0.022443186,77,0,0.011563216000000001,9166.0,13,0,0,0,1.0
105232,0,0.088697783,56,0,0.054490918,6000.0,3,0,0,0,1.0
105233,0,0.14015159900000002,47,0,0.5660867829999999,5000.0,10,0,2,0,2.0
105234,1,0.9493468409999999,25,0,0.062316285,1700.0,1,0,0,0,0.0
105235,0,0.9999998999999999,24,0,0.0,1530.0,2,0,0,0,0.0
105237,0,0.18028323899999998,34,0,0.305923519,4000.0,10,0,1,0,0.0
105239,0,0.017135263,66,0,0.071348584,6250.0,12,0,1,0,0.0
105241,0,0.022497952999999998,72,0,0.19154827800000002,8305.0,9,0,1,0,1.0
105242,0,0.8131570840000001,47,0,0.38041913299999996,6250.0,8,0,2,0,2.0
105243,1,0.498985396,43,1,0.55786005,5158.0,14,0,1,0,3.0
105244,0,0.564757476,56,1,6280.0,,12,0,2,0,2.0
105245,0,0.042284506,65,0,44.0,0.0,2,0,0,0,0.0
105246,0,0.020705251,91,0,8.0,,3,0,0,0,0.0
105247,0,0.066759555,72,0,5149.0,,6,0,3,0,0.0
105248,0,0.004965919,63,0,1245.0,0.0,15,0,2,0,1.0
105250,0,0.03664216,57,0,2239.0,,10,0,2,0,0.0
105251,1,0.890624559,54,3,3302.0,,7,0,1,1,
105252,0,0.0046294579999999995,60,0,0.201622818,4066.0,5,0,1,0,2.0
105253,0,0.001596838,77,0,0.001171417,2560.0,6,0,0,0,0.0
105255,0,0.009292616,39,0,0.373756042,7033.0,12,0,1,0,1.0
105258,0,0.023962862999999997,69,0,0.25356058800000003,4282.0,8,0,1,0,0.0
105259,0,0.009752791,47,0,24496.0,,20,0,10,0,
105262,0,0.112565032,47,0,0.23479626,14650.0,7,0,2,0,3.0
105264,0,0.9999998999999999,58,0,194.0,,4,0,0,0,0.0
105265,0,0.268129055,80,0,0.388057585,14100.0,18,0,2,0,1.0
105266,0,0.313907444,36,0,0.087375046,2700.0,4,0,0,0,0.0
105270,0,0.029365687999999997,62,0,0.20602305699999998,12750.0,7,0,2,0,0.0
105271,0,0.029343292000000003,75,0,2530.0,,13,0,2,0,0.0
105272,0,0.37404293200000005,67,0,0.133701552,10500.0,14,0,0,0,0.0
105273,0,0.957608582,58,2,0.702085119,3500.0,10,0,2,0,0.0
105274,0,0.026512771,54,0,0.009851585999999999,7815.0,4,0,0,0,0.0
105281,1,0.010942277,60,0,0.582382874,5698.0,17,0,2,0,0.0
105282,0,0.14158695,32,0,0.024621922,8000.0,9,1,0,0,0.0
105285,0,1.00359982,33,1,0.131544503,4583.0,3,0,0,0,2.0
105287,0,0.226729903,63,0,0.262632285,6708.0,23,0,2,0,1.0
105288,0,0.074955088,57,0,776.0,,9,0,0,0,0.0
105289,0,0.113528677,68,0,9396.0,,21,0,6,0,0.0
105290,0,0.6988789040000001,48,0,0.39550034100000003,13200.0,15,0,2,0,1.0
105292,0,0.325208968,30,0,0.260295882,2500.0,7,0,0,0,0.0
105293,0,0.915471175,61,0,0.533772082,2886.0,8,0,1,0,1.0
105295,0,0.007799225999999999,48,0,0.18326536,7600.0,13,0,1,0,1.0
105296,0,0.045562197,67,0,3995.0,,4,0,1,0,1.0
105298,0,0.34146227,54,0,0.09874182,73200.0,22,0,3,0,1.0
105299,0,0.00045527699999999997,70,0,0.0,3000.0,6,0,0,0,0.0
105300,0,0.732105392,51,0,1.103365385,2495.0,8,0,4,0,3.0
105301,0,0.9999998999999999,90,0,0.0,,2,0,0,0,
105302,0,0.09033086300000001,56,0,2549.0,,8,0,2,0,0.0
105304,0,0.503012122,56,0,0.43627118600000003,5899.0,9,0,1,0,0.0
105307,0,0.049132514,66,0,0.14736048300000001,6629.0,5,0,0,0,0.0
105309,0,0.25311348899999997,53,0,0.057393725,56033.0,17,0,2,0,1.0
105310,0,0.136451042,48,1,0.335666487,13000.0,10,0,2,0,2.0
105313,0,0.013614042,65,0,3800.0,,14,0,2,0,0.0
105314,0,0.00057876,75,0,0.556772197,4200.0,12,0,1,0,1.0
105315,0,0.23712375300000002,54,0,0.192274143,8024.0,8,0,2,0,1.0
105316,0,0.463359762,46,1,0.46782608700000006,8624.0,10,0,2,0,7.0
105317,0,0.228554289,25,1,0.020349875,2800.0,5,0,0,0,0.0
105318,0,0.143696805,40,1,0.5141388170000001,3500.0,5,0,1,0,0.0
105319,0,0.136163229,57,0,4579.0,,13,0,2,0,0.0
105322,1,0.19264588300000002,38,2,0.159473421,6000.0,7,1,0,0,3.0
105323,0,0.9101796409999999,29,1,0.004331889,3000.0,1,0,0,0,0.0
105324,0,0.005094019,26,0,0.242973708,3308.0,9,0,2,0,1.0
105325,0,0.012705201999999999,60,0,0.549139367,3601.0,7,0,2,0,0.0
105327,0,0.014999658,43,0,0.10195446300000001,19851.0,9,0,2,0,2.0
105328,0,0.0,30,0,268.0,,5,0,0,0,0.0
105329,0,0.99440112,48,1,0.7876593279999999,3451.0,5,0,2,0,2.0
105334,0,0.0035451320000000003,53,0,812.0,,2,0,1,0,0.0
105335,0,0.9999998999999999,44,0,1.286475683,1500.0,3,0,1,1,2.0
105338,0,0.047632133,85,0,0.007665389,6000.0,4,0,0,0,0.0
105339,0,0.0,26,0,0.164417791,2000.0,2,0,0,0,0.0
105340,0,0.921078921,30,0,27.0,,1,0,0,0,
105341,0,0.019933115,49,0,0.24044586,7535.0,14,1,2,0,1.0
105344,0,0.34635365799999995,65,2,0.461381838,22100.0,26,0,6,0,1.0
105345,0,0.309172707,46,0,0.019832189,2621.0,5,0,0,0,0.0
105346,0,0.515798736,66,0,0.6814428509999999,2300.0,4,0,1,0,0.0
105347,0,0.057486290999999995,62,0,2112.0,,8,0,1,0,0.0
105349,0,0.9999998999999999,73,0,1604.0,,2,0,2,0,0.0
105350,1,0.8262934270000001,42,1,0.10996858,3500.0,4,0,0,0,0.0
105351,0,0.015857785,45,0,9.0,,1,0,0,0,0.0
105352,0,0.035261096,40,1,0.507873032,4000.0,12,0,1,0,2.0
105353,0,0.091325906,53,2,0.331666833,10000.0,13,0,3,0,2.0
105354,0,0.350259896,62,0,0.006498375,4000.0,1,0,0,0,2.0
105357,0,0.0,48,0,0.22549691600000002,8753.0,7,0,1,0,2.0
105358,0,0.00311844,55,0,0.364132178,9350.0,22,0,5,0,2.0
105359,0,0.033118418,67,0,0.5154766820000001,7268.0,10,0,3,0,0.0
105361,0,0.038278469,69,0,0.259774023,10000.0,9,0,2,0,0.0
105362,0,0.013437794,35,0,1.126978837,6000.0,9,0,2,0,3.0
105364,0,0.035362157000000005,80,0,0.15805665900000002,7800.0,17,0,1,0,1.0
105367,0,0.625863532,28,0,0.136429608,6200.0,2,0,0,0,0.0
105373,0,0.404428083,60,0,0.433420366,6510.0,12,0,1,0,0.0
105375,0,0.056995675,55,0,1278.0,,8,0,1,0,0.0
105376,0,0.0,76,0,0.0,1342.0,8,0,0,0,2.0
105377,0,0.66370612,39,0,0.05714782,5756.0,3,0,0,0,1.0
105379,0,0.153073336,69,0,0.40611844,10688.0,13,0,2,0,0.0
105380,0,0.030322638,45,0,0.208087616,3560.0,7,0,0,0,1.0
105381,0,0.953328965,45,0,0.468609272,3774.0,11,0,2,0,4.0
105382,0,0.784485027,56,1,0.453918815,7833.0,9,0,1,0,0.0
105384,0,0.414632389,41,0,0.380391285,13493.0,22,0,3,0,0.0
105386,0,0.40738977200000004,37,0,0.26551557600000003,8281.0,6,0,2,0,2.0
105388,0,0.007311236,67,0,0.43916320600000003,6500.0,7,0,1,0,0.0
105390,0,0.185131889,50,0,0.196276368,21000.0,11,0,2,0,2.0
105391,0,0.668834185,58,0,0.246862785,14582.0,11,0,2,0,2.0
105393,0,0.004585186,72,0,2464.0,,11,0,1,0,0.0
105395,0,0.042308516,44,0,0.20598051899999997,29361.0,11,0,3,0,2.0
105397,0,0.040668142000000004,49,0,0.01046463,7166.0,8,0,0,0,0.0
105398,0,0.7061522170000001,48,0,0.079229915,2700.0,2,0,0,0,3.0
105399,0,0.065514016,56,0,866.0,,5,0,1,0,0.0
105400,0,0.21715893100000003,42,0,0.5788988,3250.0,12,0,2,0,2.0
105401,0,0.9999998999999999,30,0,0.0,2542.0,0,0,0,0,2.0
105402,0,0.445045664,63,0,0.570204257,7000.0,21,0,2,0,0.0
105404,0,0.290803412,37,0,6101.0,,10,0,2,0,2.0
105405,0,0.0,27,0,0.016662699,4200.0,5,0,0,1,0.0
105406,0,0.502587435,65,0,0.144708423,4166.0,2,0,0,0,0.0
105407,0,0.024700702999999997,40,0,0.30364201,7083.0,11,0,1,0,2.0
105408,0,0.341359611,47,0,0.39235607200000006,6200.0,15,0,1,0,1.0
105409,1,0.9999998999999999,34,2,0.006283919000000001,3500.0,4,0,0,0,0.0
105411,0,0.505174741,62,2,0.334458193,5333.0,5,0,1,0,1.0
105412,0,0.861624409,39,0,0.440437158,5489.0,13,0,0,0,1.0
105414,1,0.8086847070000001,49,3,1.333493282,2083.0,12,0,1,1,0.0
105415,0,0.07741732,54,0,0.32649978399999996,4633.0,12,0,1,0,0.0
105416,0,0.8249035309999999,41,2,0.5592034,12000.0,8,0,3,0,3.0
105417,0,0.317715568,70,0,0.328489535,7500.0,17,0,2,0,1.0
105419,1,0.643065389,29,0,0.012218828000000001,3600.0,4,0,0,0,1.0
105422,0,0.39085534299999997,57,0,0.629898403,6200.0,22,0,1,1,1.0
105425,0,0.213833053,63,0,1360.0,,11,0,2,0,0.0
105426,0,1.006578601,50,2,1.3080757729999999,3008.0,9,0,2,0,2.0
105428,0,0.001009408,77,1,4.0,,11,0,0,0,0.0
105429,0,0.342944216,76,0,0.127374525,5000.0,5,0,0,0,0.0
105430,0,0.438006952,37,0,0.33329617699999997,8970.0,5,0,2,0,2.0
105431,0,0.014457031,58,0,0.299579398,12600.0,10,0,3,0,3.0
105432,0,0.691671851,34,1,0.05061082,4583.0,6,0,0,0,0.0
105433,0,0.198490075,32,0,2391.0,,5,0,2,0,0.0
105435,0,0.290148394,47,0,0.169083092,10000.0,9,0,1,0,2.0
105436,0,0.029532149,81,0,0.021985342999999997,1500.0,3,0,0,0,0.0
105438,0,0.541698576,74,0,2775.0,,15,0,3,0,0.0
105440,0,0.0,50,0,0.921882581,2060.0,8,0,2,0,1.0
105441,0,0.140828296,50,0,0.102223268,8500.0,17,0,0,0,3.0
105442,0,0.056942217999999996,60,0,441.0,,5,0,0,0,0.0
105445,0,0.36991937399999997,49,0,0.146975504,6000.0,4,0,0,0,0.0
105446,0,0.371525695,44,0,0.94745274,3120.0,4,0,1,0,0.0
105447,0,0.9999998999999999,26,0,0.077614923,3001.0,1,0,0,0,0.0
105448,0,0.013010943999999998,81,0,21.0,,6,0,0,0,1.0
105451,0,0.02418244,39,0,0.028415091,10416.0,2,0,0,0,0.0
105452,0,0.000337654,47,0,0.547128927,7383.0,7,0,2,0,1.0
105456,0,0.002918332,70,0,0.11882017800000001,11933.0,15,0,1,0,0.0
105459,0,0.299263387,61,0,1376.0,,8,0,0,0,
105460,0,0.446904185,33,0,0.7299403940000001,2180.0,7,0,1,0,0.0
105463,0,1.6846307390000002,24,0,109.0,,0,1,0,0,
105464,0,0.216820128,32,0,0.520493169,3000.0,7,0,1,0,0.0
105465,0,0.36206069,30,1,0.168795114,1800.0,6,0,0,0,1.0
105466,0,0.811033798,62,0,2674.0,,18,0,1,0,0.0
105467,1,0.9999998999999999,36,2,0.094893155,2760.0,1,6,0,0,4.0
105468,0,0.098472122,49,1,0.44030472600000004,8400.0,12,0,1,0,2.0
105469,0,0.11988613599999999,42,0,0.10917816400000001,5000.0,4,0,0,0,3.0
105470,0,0.6335585220000001,55,0,0.328323272,8116.0,9,0,0,0,2.0
105472,0,0.07788600400000001,56,0,0.179017485,1200.0,3,0,0,0,2.0
105473,0,0.0,22,0,0.0,929.0,3,0,0,0,0.0
105474,0,0.346506201,59,0,0.427999333,5992.0,13,0,1,0,2.0
105475,0,0.068114173,42,0,1910.0,,9,0,2,0,1.0
105478,0,0.0,87,0,0.015492253999999999,2000.0,10,0,0,0,0.0
105479,0,0.11246803300000001,63,0,116.0,,8,0,0,0,0.0
105482,0,0.065794373,71,0,98.0,,7,0,0,0,0.0
105483,0,0.019091634,79,0,0.17564575600000001,4064.0,8,0,1,0,0.0
105484,0,0.16239984400000002,65,0,0.209240338,2250.0,5,0,0,0,0.0
105485,0,0.9999998999999999,41,0,1.4435564440000002,1000.0,10,0,2,0,3.0
105486,0,0.268632486,62,0,0.147700784,4718.0,10,0,0,0,1.0
105488,0,0.830381547,77,0,0.650712614,4700.0,10,0,0,0,0.0
105489,0,0.0,72,0,0.0,,2,0,0,0,0.0
105490,0,0.9999998999999999,50,1,0.166589755,6500.0,4,0,1,0,1.0
105491,0,0.9999998999999999,32,0,0.397867378,3000.0,4,0,1,0,0.0
105492,0,0.07370896,44,0,0.283704188,9167.0,11,0,2,0,2.0
105493,0,0.019115877,69,0,0.415116279,6019.0,14,0,1,0,0.0
105494,0,0.928786634,42,1,599.0,,3,0,0,0,0.0
105496,0,0.102314389,50,0,1225.0,,10,0,1,0,0.0
105497,0,0.18389387,55,0,0.367592755,11373.0,11,0,4,0,0.0
105498,0,0.9999998999999999,26,0,0.11265545,4100.0,1,0,0,0,0.0
105499,0,0.0,63,0,2240.0,,10,0,1,0,0.0
105501,0,0.34846049799999995,52,0,0.498583569,6000.0,12,0,2,0,0.0
105502,0,0.13833189199999998,72,0,0.073485992,15240.0,12,0,1,0,1.0
105504,0,0.002587541,76,0,0.0020168070000000002,2974.0,7,0,0,0,0.0
105505,0,0.22078528100000003,43,2,7.490018149,550.0,7,0,2,0,3.0
105506,0,0.356110569,33,0,0.220340623,10333.0,9,0,1,0,3.0
105507,0,0.0,44,0,3249.0,,6,0,1,0,0.0
105509,0,0.0,48,0,0.49152880200000004,5016.0,5,0,1,0,1.0
105510,0,0.330245468,61,0,1.26212298,6000.0,22,0,3,0,0.0
105511,0,0.16786995899999999,80,0,10.68761996,2083.0,17,0,2,0,0.0
105512,0,0.220841975,64,1,0.065774595,5305.0,13,0,0,0,0.0
105517,0,0.9999998999999999,44,1,0.366197183,3762.0,5,0,1,0,1.0
105518,0,0.042891325,73,0,0.013594562,2500.0,4,0,0,0,1.0
105520,0,0.080838545,48,2,0.328334069,6800.0,14,0,2,1,2.0
105521,0,0.144058919,58,0,0.2335968,10500.0,12,0,1,0,0.0
105522,0,0.461370205,29,0,0.15389276,3300.0,3,0,0,0,0.0
105523,0,0.22397079600000003,53,0,0.480986426,9650.0,17,0,2,0,5.0
105524,0,0.125556729,51,0,0.276314375,9300.0,11,0,2,0,2.0
105525,0,0.009186926,73,0,0.00099975,4000.0,2,0,0,0,0.0
105526,0,0.0,49,0,0.39547623299999995,5658.0,9,0,2,0,0.0
105527,0,0.0,67,1,0.413357401,3323.0,7,0,2,0,0.0
105528,0,0.105674991,64,0,0.38334608200000003,9150.0,14,0,4,1,2.0
105529,0,0.0,50,0,4732.0,,11,0,4,0,0.0
105530,0,0.073725001,74,0,0.271933193,10417.0,8,0,1,0,0.0
105531,0,0.07981368900000001,69,0,0.15557295699999998,3830.0,7,0,1,0,0.0
105533,0,0.9999998999999999,53,0,759.0,,2,0,1,0,0.0
105535,0,0.091896937,66,0,0.259158444,8816.0,5,0,1,0,0.0
105536,0,0.247029064,55,0,1539.0,,7,0,1,0,0.0
105537,0,0.518155203,39,0,0.21827012399999998,14000.0,10,0,1,0,3.0
105538,0,0.042263849000000006,39,0,0.336074827,6200.0,8,0,2,0,2.0
105539,0,0.096916923,51,0,0.280512988,9200.0,6,0,1,0,3.0
105542,0,0.7389306859999999,32,0,3934.0,,15,0,4,0,1.0
105543,0,0.026984885,87,0,0.007997334,3000.0,15,0,0,0,0.0
105544,0,0.546721639,44,1,2830.0,,9,0,1,0,0.0
105546,0,0.026503578,63,0,0.255077173,7385.0,22,0,1,0,0.0
105547,0,0.81838976,56,3,0.7633028629999999,16518.0,19,0,6,1,1.0
105548,0,0.102463725,77,0,0.019215156,3694.0,2,0,0,0,0.0
105550,0,0.272524249,58,0,5078.0,,5,0,2,0,0.0
105554,0,0.13124965800000002,42,0,0.311537692,5000.0,9,0,0,0,0.0
105555,0,0.7889174520000001,61,0,0.088806971,2983.0,3,0,0,0,2.0
105556,0,0.270610893,44,0,0.409218388,8200.0,14,0,2,0,5.0
105559,0,0.138158518,52,0,0.342610632,3592.0,13,0,1,0,0.0
105560,0,0.205501679,80,0,846.0,,6,0,1,0,0.0
105562,0,0.007440406,53,0,1325.0,,5,0,1,0,
105563,0,0.06964165,73,0,0.006080876,9866.0,5,0,0,0,0.0
105564,1,0.096071141,47,0,0.22044914399999999,20616.0,7,0,1,0,1.0
105565,0,0.048220690999999996,64,0,0.30239970000000005,5333.0,10,0,1,0,3.0
105566,0,0.212092958,35,0,0.543728733,16750.0,10,0,6,0,0.0
105567,0,0.000254624,65,0,1682.0,,13,0,2,0,0.0
105568,0,0.0,33,0,644.0,,6,0,2,0,0.0
105569,0,0.015724803,54,2,0.312089024,5930.0,12,0,2,0,3.0
105570,0,0.488562245,64,0,0.537231805,4753.0,12,0,2,0,0.0
105571,0,0.0,31,0,0.0,3500.0,3,0,0,0,1.0
105572,0,0.0,74,0,0.095743069,6600.0,8,0,1,0,0.0
105573,0,0.083147809,47,0,0.12831684599999998,28000.0,6,0,1,0,2.0
105577,0,0.026715713,58,0,0.23254472,5198.0,18,0,1,0,2.0
105578,1,0.11280758699999999,63,0,0.049797697,3212.0,10,0,0,0,0.0
105580,0,0.010511868,83,0,0.007248188000000001,4000.0,7,0,0,0,0.0
105581,0,0.001066619,79,0,0.19690154899999998,4001.0,5,0,1,0,1.0
105582,0,0.6712246820000001,50,0,0.779031567,7000.0,12,0,2,0,0.0
105583,0,0.137422389,49,0,0.385247944,4012.0,15,0,2,0,1.0
105584,0,0.601538115,48,0,2592.0,,16,0,0,0,0.0
105585,0,0.00036255099999999996,58,6,2592.0,,10,0,2,2,0.0
105586,0,0.485606046,32,0,0.463261342,8750.0,10,0,2,0,0.0
105588,0,0.591752293,33,0,0.329468213,2500.0,5,0,1,0,0.0
105589,0,0.316117896,34,0,0.454727221,3500.0,10,0,0,0,0.0
105591,0,0.571714143,34,0,0.239890959,2200.0,6,0,0,0,2.0
105593,0,0.16792478100000002,58,0,412.0,,3,0,0,0,0.0
105595,0,0.0,75,0,0.0,,3,0,0,0,0.0
105597,0,0.087060455,76,0,825.0,,9,0,2,0,
105598,0,0.023256301,76,0,0.383058005,8050.0,12,0,1,0,0.0
105599,0,0.575937965,61,0,0.6196010679999999,6366.0,8,0,2,0,0.0
105600,0,0.9999998999999999,23,0,0.10099889,900.0,2,1,0,0,0.0
105601,0,0.04466163,64,0,0.7150474920000001,6000.0,20,0,1,0,0.0
105602,1,0.98913201,37,2,0.549578059,947.0,5,0,0,1,0.0
105603,0,0.1337797,38,0,0.363370628,9920.0,9,0,2,0,4.0
105604,0,0.022439458,24,0,523.0,,4,0,0,0,0.0
105605,0,0.000434769,77,0,0.0,,4,0,0,0,0.0
105606,0,0.037952385,42,0,0.184210526,4673.0,9,0,1,0,0.0
105608,0,0.003106899,55,0,0.000535695,28000.0,6,0,1,0,0.0
105610,1,0.9999998999999999,38,0,0.587804065,3000.0,4,3,1,1,0.0
105611,0,0.329596005,38,0,0.16276744699999998,5000.0,7,0,0,0,0.0
105612,0,0.847560395,53,0,2114.0,,4,0,1,0,2.0
105614,0,0.301545717,50,1,6.736318408,200.0,7,0,2,0,1.0
105615,0,0.032137799,72,0,0.310137972,5000.0,8,0,1,0,1.0
105616,0,0.0,71,0,0.689935065,2463.0,9,0,2,0,1.0
105619,0,0.9999998999999999,46,1,0.276530163,9083.0,4,0,2,0,2.0
105621,0,0.002133262,43,0,0.86302283,6000.0,9,0,1,0,3.0
105622,0,1.110592938,53,1,0.01170589,8200.0,2,0,0,0,1.0
105625,0,0.11924081,82,0,1308.0,,16,0,0,0,0.0
105626,0,0.261058791,40,0,0.217632209,30500.0,11,0,2,0,3.0
105628,1,0.523171019,31,5,0.346515487,3615.0,12,0,1,2,2.0
105629,0,0.215571257,25,0,1.184313725,764.0,6,0,0,0,0.0
105631,0,0.165378004,75,0,0.183410362,4110.0,14,0,0,0,0.0
105632,0,0.095962125,70,0,0.635910224,400.0,12,0,0,0,0.0
105635,0,0.025720435,32,0,0.19271445399999998,2552.0,5,0,0,0,0.0
105636,0,0.9999998999999999,57,0,0.0,1019.0,0,0,0,0,0.0
105638,0,0.11901527099999999,85,0,82.0,,6,0,0,0,0.0
105639,0,0.232192719,75,0,0.553144686,10000.0,25,0,3,0,1.0
105642,0,0.010731271,56,0,0.12518833,7300.0,4,1,0,0,0.0
105643,0,0.12094415300000001,49,0,0.22750899600000002,2500.0,4,0,0,0,4.0
105644,0,0.265082435,41,2,0.101676665,6500.0,14,0,0,0,3.0
105645,0,0.384236915,75,0,246.0,,3,0,0,0,1.0
105646,0,0.850574713,37,0,0.008791588000000001,5800.0,1,0,0,0,1.0
105648,1,0.9999998999999999,53,0,0.147940824,2500.0,1,0,0,1,0.0
105649,0,0.0,36,0,0.7686724420000001,4270.0,3,0,1,0,1.0
105650,0,0.207980033,53,0,0.214881732,14500.0,9,0,1,0,3.0
105651,1,0.9999998999999999,31,0,101.0,,2,0,0,0,0.0
105653,0,0.11465821400000001,62,0,0.12864904,13804.0,8,0,2,0,0.0
105654,1,0.757789536,46,0,0.12882033699999998,3500.0,6,2,0,4,1.0
105655,0,0.009401118,76,0,0.009973149,2606.0,7,0,0,0,0.0
105656,0,0.332856104,48,0,0.39009244200000004,14170.0,17,0,2,0,1.0
105660,0,0.06945041099999999,57,5,0.488660125,12433.0,23,0,3,0,0.0
105661,0,0.968412635,28,0,0.07572897,4766.0,3,0,0,0,1.0
105663,0,0.000124997,63,0,0.163047225,2900.0,3,0,0,0,0.0
105664,0,0.029484552,44,0,0.20085470100000002,3041.0,20,0,1,0,0.0
105666,1,0.8820638820000001,51,1,0.49811764700000005,4249.0,10,0,1,0,1.0
105668,0,0.016898559,61,0,0.250107128,7000.0,8,0,1,0,0.0
105669,0,0.309372477,33,0,0.412526998,4166.0,16,0,0,0,1.0
105670,0,0.0,77,0,0.335657834,2150.0,8,0,0,0,0.0
105672,0,0.002850943,70,0,0.211264437,13333.0,10,0,3,0,0.0
105673,0,0.159704461,38,0,0.328486746,8940.0,9,0,1,0,2.0
105674,0,0.437892578,52,0,102.0,,2,0,0,0,0.0
105675,1,0.101112361,27,0,0.436239705,3520.0,7,0,1,0,0.0
105678,0,0.261177655,38,2,0.26391863,7471.0,7,0,1,0,0.0
105679,0,0.31238817,72,1,0.723922548,1600.0,13,0,2,0,0.0
105681,0,0.11926704699999999,27,0,842.0,,5,0,0,0,
105683,0,0.376831422,30,0,0.49077564,5040.0,15,0,2,0,0.0
105686,0,0.9999998999999999,53,0,1041.0,,1,2,1,0,0.0
105689,0,0.630049815,58,1,0.519080153,6000.0,16,0,1,1,0.0
105690,0,0.114833111,40,0,3023.0,,11,0,2,0,2.0
105691,0,0.699860028,68,0,0.22501967,5083.0,6,0,3,0,0.0
105692,0,0.606039995,38,2,0.34493392100000003,2269.0,9,0,0,1,1.0
105693,0,0.9999998999999999,83,0,0.0,2083.0,1,0,0,0,0.0
105695,0,0.00420445,36,0,0.068986203,5000.0,3,0,0,0,0.0
105696,0,0.046539563,74,0,0.008212041,17656.0,12,0,0,0,0.0
105697,0,0.664533387,64,0,0.604169621,7050.0,9,0,1,0,0.0
105698,0,0.859200539,47,0,0.307111227,3838.0,6,0,0,0,4.0
105700,1,0.061987342,65,1,0.63668272,12250.0,24,0,13,0,1.0
105701,0,0.150800693,34,0,0.444434606,11292.0,17,0,2,0,3.0
105702,0,0.095663198,51,0,0.273768406,5500.0,8,0,2,0,0.0
105703,0,0.043850769000000005,35,0,0.01079784,5000.0,13,0,0,0,0.0
105705,0,0.001123412,59,1,0.011675711,12161.0,20,0,1,0,0.0
105706,0,0.057388522000000004,67,0,696.0,,12,0,1,0,1.0
105708,0,0.037662482000000004,52,0,0.34448086200000005,18000.0,8,0,3,0,3.0
105709,0,0.10299485,45,0,61.0,,3,0,0,0,0.0
105710,0,0.077842793,84,0,0.030468936000000002,4200.0,9,0,0,0,0.0
105711,0,0.013166506000000001,72,0,0.273377785,6148.0,10,0,0,0,1.0
105712,0,0.029138484,73,1,0.013525305,4583.0,11,0,0,0,0.0
105713,0,0.049580399000000004,56,0,2485.0,,12,0,2,0,0.0
105714,0,0.024140761,68,1,1536.0,,10,0,1,0,1.0
105715,0,0.938123752,32,0,0.630517024,792.0,3,0,0,0,1.0
105716,0,0.921527546,62,3,0.7371610359999999,6600.0,16,0,3,0,0.0
105717,0,0.628891407,33,0,0.343174847,2607.0,4,0,0,0,2.0
105718,0,0.211330398,62,0,0.039558418,25000.0,6,0,0,0,1.0
105720,0,1.008815903,38,2,0.6989108359999999,5416.0,11,1,2,1,3.0
105722,0,0.9999998999999999,31,1,0.098350825,3334.0,2,1,0,0,0.0
105723,0,0.05495413,69,0,0.011998857,10500.0,11,0,0,0,0.0
105726,0,0.028825435,65,2,0.21947155399999999,8401.0,15,0,1,0,0.0
105727,0,0.197333397,54,0,5169.0,,5,0,2,0,0.0
105728,0,0.032833338,82,0,0.029365823,3200.0,18,0,0,0,0.0
105729,0,0.481633336,52,0,0.31383577100000004,5333.0,3,0,1,0,0.0
105732,0,0.028047667000000002,65,1,0.177497092,6016.0,11,0,1,0,0.0
105733,0,0.538461538,21,0,8.0,1.0,1,0,0,0,0.0
105734,0,0.37552697,49,2,0.473860309,4781.0,7,0,1,0,3.0
105736,0,0.303639792,49,0,1903.0,,8,0,2,0,0.0
105738,0,0.037230329,59,0,0.398977835,18000.0,17,0,4,0,2.0
105740,0,0.0,66,0,20.0,,5,0,1,0,0.0
105741,0,0.007199778,35,0,0.219296304,4518.0,8,0,1,0,2.0
105745,0,0.161089714,49,0,0.5376627660000001,6066.0,13,0,1,0,1.0
105746,1,0.0018821320000000001,35,1,0.33076263899999997,5834.0,5,0,1,0,4.0
105747,1,0.493201795,48,1,0.578567268,8584.0,10,0,2,0,0.0
105748,0,0.821035793,26,0,0.234382809,2000.0,8,1,0,0,0.0
105749,0,0.085254096,70,4,0.514801999,2600.0,5,0,1,0,1.0
105751,0,0.172373186,36,0,0.276937845,12500.0,18,0,2,0,1.0
105752,0,0.628124912,77,0,2217.0,,16,0,1,0,0.0
105753,0,0.077131087,62,0,0.29602260399999997,4600.0,17,0,2,0,0.0
105755,0,0.077185088,51,0,0.121572212,6563.0,6,0,1,0,1.0
105757,0,0.179772873,62,0,0.76359559,5350.0,8,0,2,0,0.0
105758,0,0.0,60,0,0.0,2800.0,2,0,0,0,0.0
105759,1,1.46506986,37,0,0.21990438899999998,2300.0,5,3,0,2,2.0
105760,0,0.008662135999999999,67,0,0.200185112,7562.0,23,0,1,0,0.0
105762,0,0.020141898000000002,61,0,9.6e-05,166700.0,6,0,0,0,1.0
105764,0,0.0,44,0,11232.0,,8,0,1,0,3.0
105765,0,0.03408119999999999,29,0,0.012090212,4300.0,5,0,0,0,0.0
105766,0,0.49676868700000004,33,1,1627.0,,7,0,2,0,4.0
105767,0,0.0,28,0,433.0,,4,0,0,0,0.0
105768,0,0.647807826,53,1,2.077406455,3500.0,9,0,2,0,1.0
105769,0,0.06597988,46,0,0.121692477,8200.0,10,0,1,0,2.0
105770,1,1.151204511,41,0,0.200844257,4500.0,6,2,0,1,0.0
105774,0,0.478369008,38,0,0.42550815299999994,4476.0,6,0,3,0,5.0
105775,1,1.311352682,62,1,0.214431309,4905.0,3,3,0,0,0.0
105776,0,0.133244447,50,0,0.376486813,5800.0,15,0,2,0,0.0
105777,0,0.113879794,37,0,0.44589582299999997,6200.0,9,0,1,0,3.0
105778,0,0.068870696,38,0,0.16124526,5010.0,4,0,1,0,1.0
105779,0,0.9999998999999999,56,0,343.0,,1,0,0,0,0.0
105781,0,0.0,35,0,0.212454212,7916.0,4,0,1,0,0.0
105782,0,0.521074881,65,2,0.338610232,6000.0,12,0,1,0,0.0
105783,0,0.06583101400000001,44,0,0.38735755299999997,10266.0,18,0,2,0,1.0
105786,0,0.22791139,65,0,0.04783314599999999,8006.0,6,0,0,0,0.0
105787,0,0.114721003,55,0,0.367269267,10509.0,9,0,1,0,0.0
105788,0,0.38027923700000005,38,0,0.66955267,3464.0,12,0,1,0,0.0
105789,0,0.062211442,57,0,491.0,,11,0,0,0,0.0
105792,0,0.096439717,75,0,1207.0,,9,0,1,0,0.0
105794,0,0.094080497,59,0,0.13866494699999998,3100.0,10,0,0,0,1.0
105795,0,0.097090291,65,0,0.102779444,5000.0,2,0,0,0,0.0
105796,0,0.6828923109999999,61,0,0.23999509,16291.0,10,0,1,0,1.0
105797,0,0.612984935,32,0,138.0,,4,0,0,0,0.0
105799,0,0.033817157,66,0,0.12993854300000002,3416.0,7,0,0,0,0.0
105800,0,0.07026068,76,1,3975.0,,13,0,2,0,0.0
105801,0,0.051329056,53,0,3713.0,,8,0,1,0,0.0
105803,0,0.15198784099999998,52,0,0.304881374,11000.0,6,0,1,0,2.0
105804,0,0.607122795,57,3,0.376770538,6000.0,18,0,1,1,0.0
105805,0,0.053031565999999995,37,1,0.832688975,7500.0,14,0,6,0,0.0
105806,0,0.44988212200000005,70,0,2117.0,,12,0,1,0,1.0
105807,0,0.163240549,54,0,0.429763465,14500.0,10,0,2,0,0.0
105808,0,0.09770894,57,0,0.168701913,14166.0,4,0,1,0,2.0
105809,0,0.049897828,65,0,0.084612793,20776.0,4,0,1,0,1.0
105810,0,0.062729151,27,0,0.19625195199999998,1920.0,4,0,0,0,0.0
105811,0,0.277013389,43,0,0.409561898,5500.0,11,0,1,0,3.0
105812,0,0.42231075700000004,29,0,3.0,,1,0,0,0,0.0
105813,0,0.481577866,58,0,0.19702361699999998,3090.0,4,0,0,0,1.0
105814,0,0.03868472,64,0,653.0,,7,0,1,0,0.0
105815,0,0.032023307,54,0,0.393132291,9085.0,7,0,2,0,0.0
105816,0,0.0,22,0,0.053763440999999995,929.0,3,0,0,0,0.0
105818,0,0.053163349000000006,52,1,0.300565663,6540.0,8,0,2,0,0.0
105819,0,0.10164108,44,0,0.533812089,3341.0,5,0,1,0,2.0
105820,0,0.207115498,54,0,0.502406516,2700.0,9,0,1,0,0.0
105821,0,0.19516632,42,0,0.134973005,5000.0,8,0,0,0,0.0
105822,0,0.22811027,30,0,876.0,,5,0,0,0,1.0
105823,0,0.10272353,57,0,0.13747974599999999,8022.0,5,0,1,0,1.0
105824,0,0.083276669,67,0,1818.0,,3,0,1,0,
105825,0,0.8828394209999999,56,0,0.050312790999999996,7512.0,6,0,0,0,0.0
105828,0,0.877126245,34,0,1.169216061,4183.0,17,0,2,0,2.0
105829,0,0.007950602,65,0,0.49194042,4900.0,5,0,1,0,0.0
105830,0,0.020730737,44,0,0.11246418300000001,5583.0,11,0,0,0,0.0
105831,0,0.003499284,52,0,0.490397264,3800.0,16,0,1,0,1.0
105832,0,0.0,34,0,0.950727598,3916.0,4,0,1,0,0.0
105833,0,0.9999998999999999,38,0,1710.0,,3,0,1,0,0.0
105834,0,0.08858692900000001,60,1,0.357791109,6500.0,12,0,1,0,0.0
105835,0,0.034936194,72,0,0.017775643,8325.0,7,0,0,0,0.0
105837,0,0.723313834,53,0,0.577413086,4630.0,10,0,0,0,0.0
105838,0,0.18441734,57,0,0.620459847,3000.0,7,0,2,0,0.0
105839,0,0.393481395,57,0,0.459086294,4924.0,12,0,2,0,0.0
105840,0,0.0012421589999999998,55,0,0.668244949,3167.0,7,0,1,0,0.0
105841,0,0.469085827,59,0,2090.0,,8,1,1,0,0.0
105844,0,0.840859985,52,1,2676.0,,7,0,1,0,0.0
105845,0,0.032466067,60,0,0.13813009,9700.0,16,0,0,0,3.0
105846,0,0.052701753,65,0,4095.0,,10,0,2,0,0.0
105847,0,1.0189810190000002,22,0,0.112952223,3620.0,2,0,0,0,0.0
105848,0,0.9999998999999999,61,1,10063.0,,7,0,4,0,0.0
105849,0,0.22284973600000002,57,0,0.202505459,8700.0,3,0,1,0,1.0
105850,0,0.58931369,59,0,0.43381295,8339.0,9,0,2,0,0.0
105852,0,0.19664145600000002,28,0,0.133244504,1500.0,4,0,0,0,0.0
105853,0,0.090690931,24,0,29.0,0.0,1,0,0,0,0.0
105855,1,0.999384805,40,1,0.155477855,4289.0,8,1,0,1,1.0
105856,0,0.009064530999999999,54,0,0.003272557,10694.0,6,0,0,0,1.0
105859,0,0.560635365,37,0,0.49068186799999997,4560.0,11,0,1,0,0.0
105860,0,0.015591498999999998,52,0,0.25094274899999996,5833.0,12,0,1,0,2.0
105861,1,0.9999998999999999,36,0,0.20383693,1250.0,1,0,0,0,0.0
105863,0,0.464963709,43,1,0.369890409,12500.0,22,0,1,1,3.0
105865,0,0.054939561,56,0,0.42430923,6803.0,10,0,2,0,2.0
105866,0,0.9999998999999999,27,0,0.1567596,1900.0,2,0,0,0,0.0
105867,0,0.497146145,55,0,0.649565744,4950.0,10,0,1,0,2.0
105868,1,1.072618254,40,1,0.259891712,2400.0,8,1,1,4,2.0
105869,0,0.67669443,62,1,0.664526485,6852.0,18,0,3,0,0.0
105870,0,0.9999998999999999,70,0,0.0,,3,0,0,0,
105871,0,0.07123131099999999,47,0,0.463928668,3700.0,3,0,1,0,0.0
105872,0,0.49610259,39,0,1.41362916,4416.0,21,0,4,0,2.0
105875,0,0.9758225779999999,39,0,0.044788057,3750.0,2,0,0,0,0.0
105876,0,0.10014862199999999,57,0,0.315980003,5800.0,11,0,1,0,0.0
105877,0,0.28931128100000003,54,0,0.137577556,3706.0,7,0,0,0,2.0
105878,0,0.199822232,49,1,0.211473566,8000.0,9,0,1,0,2.0
105879,0,0.40927258200000005,44,0,0.196636809,11833.0,5,0,1,0,3.0
105881,1,0.9999998999999999,24,98,0.0,,0,98,0,98,
105883,0,0.9999998999999999,68,0,577.0,,1,0,0,0,0.0
105885,0,0.019249313,65,0,0.006397440999999999,2500.0,5,0,0,0,0.0
105886,0,0.0,70,0,0.8642440859999999,2916.0,8,0,2,0,1.0
105887,0,0.222611925,65,0,0.252378649,6200.0,6,0,2,0,0.0
105892,0,0.0,48,0,0.152691014,8323.0,8,0,0,0,1.0
105893,0,0.18223958699999998,51,0,0.465585969,3762.0,9,0,2,0,0.0
105894,0,0.046919062000000004,57,0,2476.0,,5,0,1,0,0.0
105895,0,0.044654319000000005,64,0,0.292044247,16000.0,17,0,2,0,2.0
105896,1,0.527448733,37,0,0.151238159,6016.0,6,0,0,0,2.0
105897,0,0.9999998999999999,35,1,1.493877551,489.0,2,0,0,0,3.0
105898,0,0.0,52,0,41.0,,3,0,0,0,2.0
105899,0,0.116206335,68,0,2155.0,,12,0,3,0,0.0
105900,1,0.9999998999999999,31,0,0.240567559,3100.0,1,0,0,2,0.0
105901,0,0.9999998999999999,36,1,0.25990736,1942.0,7,0,0,0,1.0
105902,0,0.0,53,0,0.207016742,17500.0,8,0,2,0,3.0
105903,0,0.025534532999999998,23,0,0.007968127,501.0,2,0,0,0,0.0
105904,0,0.02780653,72,0,0.252587371,13333.0,11,0,3,0,1.0
105905,0,0.606908948,59,0,2819.0,,11,0,1,0,0.0
105906,0,1.027841053,47,1,0.253960929,6500.0,8,1,1,0,1.0
105907,0,0.126937141,53,0,0.168305282,6000.0,10,0,0,0,2.0
105908,0,0.178153206,43,0,3565.0,,8,0,2,0,0.0
105909,0,0.024903427000000002,66,0,26.0,,6,0,0,0,0.0
105910,0,0.194570136,85,0,233.0,,7,0,0,0,0.0
105911,0,0.745169684,49,0,1.309005165,4452.0,3,0,1,0,0.0
105912,1,0.092877968,43,1,0.244604317,2640.0,8,1,0,0,0.0
105913,0,0.658039032,60,0,0.307669233,10000.0,8,0,1,0,0.0
105914,0,0.9999998999999999,51,1,0.022111082,3798.0,1,0,0,0,0.0
105915,0,0.125906706,59,1,2538.0,0.0,6,0,1,0,0.0
105918,0,0.009264433,34,0,0.196170271,7258.0,4,0,1,0,2.0
105919,0,0.062767958,54,0,0.177861832,23000.0,12,0,2,0,2.0
105921,0,0.017240573000000002,57,0,0.6043489129999999,4000.0,8,0,1,0,0.0
105922,0,0.91069856,57,0,0.323608987,8500.0,10,0,0,0,2.0
105923,0,0.049654924,41,0,0.130486951,10000.0,9,0,1,0,2.0
105924,0,0.07294961,41,0,0.301751094,6395.0,3,0,1,0,2.0
105925,0,0.0,62,0,2619.0,,6,0,3,0,0.0
105926,0,0.035377422,59,0,0.220129978,6000.0,9,0,0,0,1.0
105927,0,0.02065048,67,0,0.005165805999999999,6000.0,6,0,0,0,1.0
105929,0,0.81414291,25,1,0.155046826,960.0,7,0,0,0,0.0
105930,0,0.09703824,41,1,3464.0,,8,0,1,1,0.0
105931,0,0.036503082,45,0,0.284289482,12131.0,7,0,2,0,1.0
105932,0,0.9999998999999999,52,0,0.29213483100000004,800.0,2,0,0,0,1.0
105935,1,0.24789813100000002,54,0,185.0,,6,2,0,1,0.0
105939,0,0.11083762800000001,39,0,0.318437603,9062.0,5,0,1,0,3.0
105940,0,0.0,49,0,0.273893842,12000.0,7,0,2,0,4.0
105941,0,0.0,45,0,0.35652591200000006,2083.0,4,0,0,0,1.0
105945,0,0.0,54,0,2102.0,,12,0,1,0,0.0
105947,0,1.426533524,33,1,0.015417331000000001,1880.0,2,0,0,1,0.0
105948,0,0.023195361,28,0,0.42317173399999997,4867.0,6,0,1,0,0.0
105949,0,0.013006083,37,0,0.059376837,1700.0,8,0,0,0,0.0
105950,0,0.6888686890000001,62,0,0.60135462,4133.0,8,0,1,0,0.0
105951,0,0.0,65,0,0.0,,2,0,0,0,
105953,0,0.028470994,47,1,1729.0,0.0,7,0,1,0,0.0
105955,0,0.311684416,48,0,0.7536786940000001,4960.0,5,0,2,0,1.0
105956,0,0.8902614940000001,52,0,0.5064474529999999,15509.0,9,0,2,0,0.0
105957,0,0.004323727,47,0,0.277198212,4025.0,12,0,0,0,0.0
105958,0,0.017652161,34,0,0.659408152,7163.0,14,0,2,0,0.0
105959,0,0.00421421,46,0,13.0,,9,0,0,0,0.0
105960,0,0.2878312,54,0,0.650564151,14800.0,9,0,3,0,3.0
105961,0,0.808606258,51,0,0.144308194,19000.0,13,0,1,0,2.0
105962,0,0.097456936,73,0,0.522035438,2200.0,13,0,2,0,1.0
105963,0,0.047612362000000005,54,0,2899.0,,12,0,2,0,0.0
105964,0,0.043378245,76,0,0.00539892,5000.0,4,0,0,0,1.0
105967,0,0.0,32,0,0.546968688,1500.0,6,0,1,0,0.0
105968,0,0.22365337,64,0,0.161704312,1947.0,3,0,0,0,0.0
105971,0,0.9999998999999999,21,0,0.0,820.0,1,0,0,0,0.0
105972,0,0.089886069,54,0,0.17147761,6408.0,9,0,1,0,0.0
105973,0,0.9999998999999999,48,0,0.596158906,3800.0,2,0,1,0,0.0
105974,0,0.8836164240000001,53,0,1.816832733,4716.0,17,0,2,0,0.0
105975,0,0.068526053,38,0,0.173816269,9883.0,11,0,2,0,3.0
105976,1,1.698433855,43,1,0.479265092,1904.0,6,0,1,0,0.0
105977,0,0.177793645,29,2,0.090646523,4500.0,3,0,0,0,3.0
105978,0,0.002307337,65,0,0.36998635700000004,7329.0,8,0,1,0,0.0
105979,0,0.641839918,47,0,0.36132784799999995,7048.0,17,0,0,0,2.0
105980,0,0.898013598,75,1,0.6642968229999999,4500.0,4,0,1,0,1.0
105981,0,0.0,49,0,0.38104216700000004,5833.0,8,0,1,0,1.0
105983,1,1.044510386,58,2,576.0,,12,0,0,0,0.0
105985,0,0.252654915,72,0,0.29637858300000003,4500.0,13,0,0,0,0.0
105987,0,0.14702992199999998,58,0,1719.0,,6,0,1,0,0.0
105988,0,0.066525051,55,0,0.227361819,2550.0,6,0,0,0,0.0
105989,0,0.048561952,42,3,0.551615671,3496.0,10,0,1,1,2.0
105990,0,0.047534513,50,0,0.00749925,10000.0,8,0,0,0,0.0
105991,0,0.03219908,73,0,33.0,0.0,4,0,0,0,0.0
105992,0,0.892290719,55,0,282.0,,18,0,0,0,
105994,0,0.0,38,1,0.050448739000000006,40000.0,8,0,1,0,3.0
105995,0,0.07835085,59,0,0.17416469399999998,3800.0,6,0,0,0,0.0
105996,0,0.515738076,42,0,0.639336549,8500.0,16,0,2,0,1.0
105997,0,0.9999998999999999,35,4,0.24463393100000003,3400.0,5,0,0,0,0.0
105998,0,0.293708724,37,0,0.614731341,6122.0,8,0,2,0,2.0
106000,0,0.0,82,0,0.001999,2000.0,6,0,0,0,0.0
106002,0,0.060884379,47,1,0.245017113,4966.0,9,0,1,0,0.0
106003,0,0.21101050899999999,53,0,0.270392749,6619.0,4,0,2,0,1.0
106004,0,0.253278878,53,5,0.283407897,10281.0,20,0,2,0,2.0
106005,0,0.076579066,69,0,0.061590146,7143.0,4,0,0,0,2.0
106006,0,0.0022435420000000003,45,0,0.419012215,5648.0,8,0,2,0,3.0
106008,0,0.902891824,23,1,76.0,,6,0,0,0,0.0
106009,0,0.42860118700000005,30,0,487.0,,8,0,0,0,0.0
106011,0,0.002711375,78,0,41.0,,4,0,0,0,
106012,0,0.026381856000000002,46,1,0.00239968,7500.0,4,0,0,0,0.0
106013,0,0.338179301,37,0,0.509141494,2515.0,9,0,0,0,0.0
106014,0,0.000499236,56,0,0.03080766,1200.0,3,0,0,0,1.0
106015,0,0.094782411,32,0,0.069658927,9000.0,5,0,0,0,0.0
106017,0,0.052529831,51,0,0.364127175,5000.0,6,0,2,0,0.0
106018,0,0.0,36,0,2240.0,,6,0,1,0,0.0
106019,0,0.28720089,62,1,0.152080754,10500.0,13,0,0,0,0.0
106020,0,0.0,50,0,3245.0,,8,1,1,0,0.0
106023,0,0.028911105,63,0,811.0,,10,0,0,0,0.0
106024,0,0.310984308,54,0,0.480525575,2130.0,7,0,1,0,0.0
106027,0,0.057124734,29,0,0.23888056,2000.0,7,0,0,0,0.0
106031,1,0.7933467740000001,46,2,0.509987934,7458.0,11,2,1,0,2.0
106033,0,0.494100097,51,0,1575.0,0.0,4,0,0,0,0.0
106034,0,0.0,67,0,0.0,,7,0,0,0,0.0
106035,0,0.74958529,29,0,0.63946834,5416.0,16,0,1,0,1.0
106036,0,0.09613012900000001,45,0,0.362678909,3702.0,4,0,1,0,2.0
106037,0,0.2971247,67,0,0.488619495,4041.0,7,0,2,0,1.0
106038,0,0.0031247209999999996,47,1,0.274306012,7600.0,7,0,1,2,0.0
106039,0,0.9766694440000001,43,1,0.28161973,6000.0,10,0,2,0,1.0
106040,0,0.009013452,31,0,1514.0,,5,0,1,0,0.0
106041,0,0.30711285899999996,43,1,1.334665335,1000.0,8,0,1,0,0.0
106042,0,0.156777014,25,0,0.073094868,4500.0,2,0,0,0,0.0
106043,0,0.003162092,67,0,2.0,,3,0,0,0,0.0
106044,0,0.6841030570000001,35,0,0.378537106,5618.0,12,0,0,0,0.0
106045,0,0.942327072,63,0,0.667026444,7411.0,17,0,1,0,1.0
106046,0,0.021448928,26,0,0.405797101,2000.0,9,0,0,0,0.0
106048,0,0.082266737,54,0,0.447029571,11260.0,21,1,3,0,1.0
106049,0,0.13194931599999998,58,0,959.0,,7,0,0,0,0.0
106051,0,0.206351746,51,0,2590.0,,7,0,1,0,2.0
106052,0,1155.0,57,0,0.6204446779999999,7600.0,7,0,1,0,0.0
106053,0,0.0,80,1,0.029886046,4650.0,2,0,0,0,1.0
106054,0,0.455987281,40,0,2233.0,,13,0,2,0,0.0
106055,0,0.9999998999999999,44,0,0.021191522999999997,2500.0,0,0,0,0,0.0
106056,0,0.078320054,37,0,0.40918494,7250.0,11,0,2,0,0.0
106059,0,0.036685415,59,0,2192.0,,10,0,1,0,1.0
106062,0,0.9999998999999999,58,0,0.469183787,1800.0,3,0,1,0,0.0
106063,0,0.34388855700000004,58,1,1699.0,,14,0,1,0,2.0
106064,0,0.26321620100000004,48,0,5426.0,,11,0,2,0,0.0
106065,0,0.158052622,55,0,0.27785841,6200.0,3,0,1,0,0.0
106066,1,0.910699535,69,5,95.30092237,2601.0,14,1,2,5,1.0
106069,0,0.04589541,35,1,0.18689253,3600.0,5,0,0,0,2.0
106071,0,0.312396742,63,0,1751.0,,14,0,1,0,0.0
106072,0,0.045235940999999995,90,0,0.007959068,3517.0,1,0,0,0,0.0
106074,1,1.044711014,33,1,0.773572965,7900.0,7,0,1,0,3.0
106075,0,0.9155222390000001,38,1,0.459167334,2497.0,11,0,0,0,0.0
106076,0,0.41659023700000003,45,0,0.233752462,6600.0,9,0,0,0,2.0
106077,0,0.9999998999999999,26,0,0.188913525,2254.0,1,0,0,0,0.0
106078,0,0.004799955,72,0,14.0,,6,0,0,0,0.0
106079,0,0.045308732000000004,35,0,3607.0,,5,0,2,0,0.0
106081,0,0.021336902999999997,30,0,0.298233922,3000.0,8,0,0,0,0.0
106082,0,0.010237608,37,0,0.203559288,5000.0,6,0,0,0,2.0
106084,0,0.196818775,57,0,0.297906208,8166.0,12,0,1,0,0.0
106085,0,0.531367158,27,0,0.078651685,800.0,2,0,0,0,0.0
106087,0,1.2333978079999999,51,1,0.179546328,2600.0,3,1,0,0,0.0
106089,0,0.0019599220000000002,42,0,0.089659686,4583.0,4,0,0,0,0.0
106091,0,0.868310169,51,0,0.11699766,16666.0,5,0,1,0,0.0
106092,0,0.942375539,53,5,2.696651674,2000.0,7,0,2,0,0.0
106093,0,0.279759237,49,0,0.645974782,3092.0,12,0,1,0,0.0
106094,0,0.021433367999999998,51,0,618.0,,9,0,1,0,0.0
106095,0,0.0,62,0,1756.0,,7,0,1,0,0.0
106096,0,0.0,67,0,48.0,,6,0,0,0,0.0
106098,0,0.9290101409999999,69,0,0.469765117,2000.0,7,0,0,0,0.0
106099,0,0.055785923,70,0,0.01548292,8137.0,3,0,0,0,0.0
106100,0,0.9999998999999999,64,0,788.0,,4,0,1,0,0.0
106103,0,0.13487887,71,0,0.227971504,2666.0,29,0,0,0,0.0
106104,0,0.094552518,56,0,0.330933525,8333.0,18,0,2,0,0.0
106105,0,0.93040348,38,0,0.204423192,3345.0,7,0,0,0,2.0
106106,0,0.0,45,0,0.649035096,10000.0,10,0,3,0,2.0
106107,0,0.162893858,50,0,0.583902529,5416.0,20,0,2,0,0.0
106109,0,0.195114402,64,0,1282.0,,15,0,0,0,0.0
106116,0,0.9999998999999999,65,0,0.5081897470000001,4700.0,2,0,1,1,1.0
106117,0,0.044774787,44,0,0.297792742,2672.0,7,0,1,0,2.0
106119,0,0.011612529,60,0,933.0,,11,0,0,0,0.0
106120,0,0.963395855,53,0,0.51788324,13000.0,5,0,2,0,2.0
106121,0,0.004899755,56,0,1152.0,,5,0,1,0,0.0
106122,0,0.14428563,37,0,0.10156113,5700.0,5,0,0,0,3.0
106123,0,0.41392708799999994,61,0,0.06274453,6900.0,5,1,0,0,1.0
106124,0,0.044219105,48,0,2092.0,,10,0,1,0,0.0
106125,0,0.648588162,40,0,0.340443259,6000.0,5,0,1,0,0.0
106126,0,0.11536807800000001,32,0,0.187546363,22916.0,25,0,1,0,0.0
106127,0,2.196960608,56,0,0.240334175,5146.0,8,2,0,1,0.0
106129,0,0.38604722700000005,47,0,9809.0,0.0,7,0,1,0,1.0
106131,1,0.781243751,47,0,0.36275588799999997,4542.0,7,0,1,0,1.0
106132,0,0.580427447,47,0,0.39817629200000004,9540.0,6,0,1,0,3.0
106134,0,0.30406326699999997,50,0,0.22670897,10400.0,6,0,2,0,0.0
106136,0,0.035853863,59,0,1.6343656340000001,1000.0,10,0,1,0,0.0
106138,0,0.054473596,47,0,0.00815739,4167.0,7,0,0,0,0.0
106144,0,0.699150425,34,0,0.5792630679999999,3500.0,4,0,1,0,0.0
106145,0,0.026457832,75,0,40.0,,5,0,0,0,0.0
106146,0,0.713406819,50,0,0.637382075,1695.0,10,1,0,0,0.0
106147,0,0.0,44,0,0.014496376000000002,4000.0,3,0,0,0,3.0
106148,0,0.695053308,28,0,0.21966794399999998,3914.0,11,0,0,0,0.0
106149,0,0.48539202600000003,29,0,0.192903407,3550.0,7,0,0,0,0.0
106150,0,0.090796178,50,0,0.537332688,6200.0,13,0,2,0,1.0
106151,0,0.6081859789999999,45,0,0.6406553739999999,3600.0,5,0,1,0,2.0
106153,0,0.0,66,1,4113.0,,14,0,8,0,0.0
106155,0,0.9999998999999999,29,0,0.208422555,1400.0,1,0,0,0,0.0
106156,0,0.209101258,71,0,0.121893839,6800.0,9,0,1,0,0.0
106157,0,0.9999998999999999,38,3,565.0,,2,1,0,0,0.0
106158,0,0.304656995,64,0,0.18388352600000002,18750.0,10,0,2,0,0.0
106159,0,0.9999998999999999,40,0,0.261656228,1436.0,1,1,0,0,0.0
106160,0,0.031087157999999997,58,0,639.5,1.0,11,0,1,0,1.0
106161,0,0.20406918899999998,59,0,0.695372751,2333.0,16,0,2,0,0.0
106162,0,0.76442617,65,0,0.180158381,18183.0,13,0,1,0,0.0
106163,0,0.033534517,83,0,34.0,,6,0,0,0,0.0
106164,0,0.438963415,65,2,0.404113733,9917.0,18,1,2,0,0.0
106165,0,0.732564359,42,0,0.47137096799999995,7439.0,9,0,1,0,0.0
106166,0,0.083876128,42,0,0.356009563,4600.0,4,0,1,0,1.0
106168,0,0.0,54,0,0.499181967,5500.0,8,0,1,0,0.0
106170,0,0.28234186899999997,39,0,0.584690089,3500.0,11,0,1,0,1.0
106172,1,0.0,62,0,0.010888252,3489.0,8,0,0,0,0.0
106174,0,0.087202302,57,0,0.314210902,4200.0,14,0,2,0,0.0
106175,0,0.014240267,33,1,0.065624432,5500.0,5,0,0,0,1.0
106177,0,0.220081523,41,0,0.8717201170000001,2400.0,12,0,2,0,0.0
106178,0,0.020880455,59,0,0.004739335999999999,5485.0,6,0,0,0,0.0
106179,0,0.0056975640000000004,40,0,0.17381535899999997,19583.0,11,0,3,0,1.0
106180,0,0.3998001,62,0,0.31893347,7800.0,14,0,2,0,1.0
106181,0,0.005639391999999999,52,0,0.140843729,10500.0,12,0,1,0,0.0
106183,0,0.051185209,61,0,0.349554235,2691.0,8,0,1,0,0.0
106185,0,0.9999998999999999,32,1,0.6821963390000001,600.0,7,5,0,1,0.0
106186,1,0.9999998999999999,58,2,0.725818545,4000.0,8,2,1,0,2.0
106188,0,0.198212105,40,0,0.19175846600000002,2450.0,8,0,0,0,0.0
106189,0,0.113683563,30,0,0.134703897,3258.0,4,0,0,0,1.0
106190,0,0.288879204,66,0,0.28860964699999997,7400.0,8,0,1,0,0.0
106191,0,0.274734121,72,0,0.311883068,5267.0,8,0,2,1,1.0
106192,0,0.18329526,60,0,0.34154151899999996,9055.0,13,0,1,0,1.0
106194,0,0.041135429,33,0,0.45784846100000004,7733.0,12,0,1,0,1.0
106195,0,0.244638086,45,1,0.262105414,7000.0,11,0,2,0,2.0
106196,0,0.02287005,84,1,0.631278267,4200.0,8,0,1,0,0.0
106197,0,0.158022865,53,0,1230.0,,11,0,1,0,0.0
106198,0,0.263336114,48,0,0.371611497,7340.0,16,0,2,0,3.0
106199,0,0.432205455,56,0,0.409975239,2826.0,9,0,0,0,0.0
106200,0,1.092953523,28,0,0.44753747299999996,1400.0,4,0,0,0,1.0
106204,0,0.09958591300000001,64,0,0.34866586,19000.0,11,0,1,0,0.0
106205,0,0.064671852,34,0,0.43862482700000005,4333.0,6,0,1,0,1.0
106206,0,0.18698405399999998,47,0,0.500534655,10286.0,18,0,2,0,0.0
106208,0,0.304567855,44,0,0.6498486379999999,3963.0,10,0,1,0,2.0
106209,0,0.0,28,0,0.0,,1,0,0,0,0.0
106210,0,0.007706675,65,0,0.504065041,1475.0,9,0,1,0,1.0
106215,0,0.44293880700000005,80,0,0.333185202,9000.0,8,0,2,0,0.0
106216,0,0.33564607,39,0,0.281235002,6250.0,7,0,2,0,2.0
106217,0,0.141342933,72,0,546.0,,3,0,0,0,
106219,0,0.0,62,0,0.8832634629999999,3100.0,12,0,2,0,0.0
106220,0,0.19931772600000003,75,0,0.46357780000000004,4035.0,5,0,1,0,0.0
106221,0,0.180865033,63,0,5794.0,1.0,7,0,0,1,0.0
106222,0,0.27990000800000003,47,0,0.140242988,20000.0,7,0,2,0,2.0
106224,0,0.15543942800000002,40,0,4212.0,,17,0,2,0,0.0
106225,0,0.021499172999999996,61,0,0.406865861,12583.0,10,0,3,0,0.0
106226,0,0.051071764000000006,68,0,0.02878096,7226.0,10,0,0,0,0.0
106227,0,0.06980831400000001,44,0,0.711308266,7100.0,13,0,3,0,2.0
106228,0,0.24243622199999998,68,0,0.337919175,6977.0,8,0,1,0,0.0
106230,0,0.925339555,53,0,0.068613723,4998.0,4,0,0,0,0.0
106231,0,0.9999998999999999,88,0,353.0,,3,0,1,0,0.0
106232,0,0.104031969,30,0,0.138311522,3896.0,12,0,0,0,1.0
106234,0,0.819111915,63,0,1.419666374,1138.0,11,0,0,0,0.0
106235,0,0.042096434,75,0,0.365500104,4828.0,9,0,1,0,0.0
106236,0,0.13798998199999998,70,0,1.016577279,2050.0,25,0,0,0,0.0
106237,0,0.0,73,0,0.552992519,9623.0,13,0,6,0,0.0
106239,0,0.0020850179999999997,59,0,0.19053741300000002,35000.0,10,0,4,0,0.0
106240,0,0.0,49,0,909.0,,5,0,1,0,3.0
106241,0,0.278379748,43,0,0.334664537,10015.0,14,0,2,0,2.0
106247,0,0.0,22,0,0.0,820.0,3,0,0,0,0.0
106248,0,0.10209568,37,2,0.20569959300000001,14000.0,14,0,2,0,2.0
106249,0,0.039660565,53,0,0.141098769,3330.0,18,0,0,0,0.0
106250,0,0.010317713000000001,79,0,0.000844951,7100.0,2,0,0,0,1.0
106251,0,0.016325732,57,0,0.10332841300000001,21000.0,15,0,2,0,0.0
106252,0,0.017647588,68,0,2918.0,,9,0,4,0,0.0
106256,0,0.0,33,1,0.0,,4,0,0,0,0.0
106258,0,0.940882353,34,0,0.39862988299999996,5400.0,4,0,1,0,1.0
106259,0,0.037037714,51,0,0.101414084,7000.0,7,0,1,0,0.0
106260,0,0.347821537,31,1,0.400762281,7083.0,21,0,2,0,0.0
106264,0,0.000826412,36,1,0.07571116,6854.0,10,0,0,0,4.0
106267,0,0.193619281,24,0,0.315369261,500.0,7,0,0,0,0.0
106268,0,0.658628397,26,2,0.16918271699999998,1920.0,6,0,0,0,0.0
106270,0,0.017074682,53,0,0.00779844,5000.0,9,0,0,0,0.0
106272,0,0.9364127170000001,29,0,0.034991252,4000.0,1,0,0,0,0.0
106273,0,0.004092833,64,0,0.30748714,5248.0,8,0,2,0,0.0
106275,0,0.016486355,80,0,0.20184078100000002,23250.0,15,0,1,0,0.0
106276,1,0.9465535079999999,49,2,1.508692903,12653.0,16,0,4,1,1.0
106277,0,0.055803855,51,0,0.29485641100000004,12500.0,14,0,2,0,0.0
106279,0,0.085826119,69,0,90.0,,6,0,0,0,
106280,0,0.062844713,56,0,0.032621691,5854.0,7,0,0,0,0.0
106281,0,0.043919712,60,0,0.256908763,7200.0,6,0,1,0,1.0
106282,0,0.202420955,40,0,0.23472739199999998,13700.0,8,0,2,0,0.0
106284,0,0.606207454,71,0,2149.0,,7,0,2,0,0.0
106285,1,0.9999998999999999,63,0,0.294705786,6100.0,1,2,1,0,0.0
106286,0,0.045945608,34,0,478.0,,4,0,0,0,0.0
106287,0,0.457729341,58,0,0.18221161,6700.0,8,0,1,0,0.0
106288,0,0.099184002,71,0,426.0,,3,0,1,0,0.0
106289,0,0.0,45,0,0.066466047,53500.0,12,0,3,0,2.0
106291,0,0.260927439,71,0,0.486140725,5158.0,23,0,1,0,0.0
106293,0,0.205307513,57,0,1742.0,,9,0,1,0,1.0
106294,0,0.14075105699999998,51,0,0.568729904,2487.0,10,0,0,0,1.0
106295,0,0.094707521,31,0,0.24870052,2500.0,12,0,0,0,0.0
106296,0,0.214600992,57,1,1136.0,,12,0,1,0,0.0
106297,0,0.9999998999999999,45,0,0.123587733,4336.0,15,1,0,0,2.0
106298,0,0.9999998999999999,50,1,0.222901612,1798.0,2,0,0,0,1.0
106299,0,0.18439739,73,0,0.570477076,6455.0,16,0,2,0,0.0
106302,0,0.040719855,66,0,0.6949166390000001,12235.0,17,0,6,0,0.0
106303,0,0.022152271,85,0,0.394477698,5178.0,13,0,1,0,0.0
106304,0,0.096283644,71,0,0.56499381,10500.0,9,0,3,0,1.0
106305,0,0.014732842,36,0,0.023690773,4811.0,6,0,0,0,0.0
106306,0,0.782630842,42,0,0.20011806399999998,5081.0,9,0,2,0,1.0
106307,0,0.5139265820000001,53,0,0.582961641,6725.0,4,0,2,0,2.0
106308,0,0.0,69,0,0.131816051,19200.0,4,0,2,0,0.0
106309,0,0.00018691099999999997,42,0,0.314801268,4100.0,10,0,0,0,1.0
106310,0,0.9999998999999999,29,0,0.09002148,5120.0,4,5,0,0,0.0
106314,0,0.581047828,39,0,0.675203322,5778.0,7,0,2,0,0.0
106315,0,0.039797347000000004,40,0,0.6532996529999999,3166.0,6,0,1,0,2.0
106316,0,0.045523862000000005,64,0,0.22738871600000002,7053.0,5,0,2,0,0.0
106318,0,0.029959815,54,0,1100.0,,12,0,0,0,0.0
106319,0,0.445000984,67,0,0.669665167,2000.0,6,0,0,0,0.0
106320,0,0.031674207999999995,47,0,0.336666384,11800.0,7,0,1,0,2.0
106321,0,0.943449767,44,0,0.281801582,3285.0,6,0,0,0,2.0
106322,0,0.597526479,73,1,0.576091751,4533.0,10,0,1,0,0.0
106323,0,0.09625091300000001,39,0,0.531522998,9500.0,6,0,2,0,1.0
106325,0,0.18744847899999997,38,0,0.32144479800000003,4401.0,9,0,1,0,0.0
106326,0,0.05318866,33,0,0.139355502,5833.0,5,0,0,0,0.0
106327,0,0.16057074699999999,52,0,0.29413020300000003,14054.0,8,0,2,0,0.0
106329,0,0.75200496,50,0,0.22260383399999997,12519.0,9,0,1,0,2.0
106330,0,0.279228725,53,0,0.498482414,5600.0,10,0,2,0,2.0
106332,0,0.00019522599999999998,65,0,0.22780355100000002,6250.0,11,0,1,0,0.0
106333,0,0.830725797,50,0,0.263945327,5413.0,4,0,1,0,1.0
106334,0,0.029194513,32,0,0.070373789,4333.0,4,0,0,0,0.0
106336,0,0.5330323770000001,41,0,0.495104627,5208.0,12,0,2,0,0.0
106337,0,0.0067880990000000006,65,1,0.008450078,4496.0,13,0,0,0,0.0
106338,0,0.029676085,46,0,0.20827917199999998,10000.0,7,0,2,0,5.0
106340,0,0.006473484,45,0,0.130473255,304000.0,18,0,1,0,0.0
106341,0,0.0008590210000000001,81,0,0.001764291,2833.0,12,0,0,0,0.0
106342,0,0.00471549,65,0,0.001745755,6300.0,9,0,0,0,0.0
106344,1,0.090640057,28,0,1.098966277,5900.0,16,0,2,0,0.0
106345,1,0.883068265,47,0,0.292557332,16700.0,8,0,2,1,2.0
106346,1,0.8275929679999999,51,0,0.322573703,9293.0,12,0,1,0,5.0
106348,0,0.018808963999999997,61,0,0.00359928,5000.0,3,0,0,0,1.0
106349,0,0.164539561,61,0,0.39232217399999997,12216.0,18,0,2,0,1.0
106350,0,0.158213906,66,0,0.7175706070000001,4000.0,12,0,1,0,0.0
106353,0,0.039644415,57,0,0.26146420000000004,8700.0,9,0,2,0,1.0
106354,0,0.9999998999999999,36,0,562.0,,1,6,0,1,0.0
106355,0,0.994960403,39,0,650.0,,2,0,0,0,0.0
106356,0,0.003888709,52,0,0.46028309700000003,12009.0,11,0,4,0,2.0
106357,0,0.0,63,0,0.247414784,2610.0,12,0,0,0,0.0
106359,0,0.0,69,0,10.0,,3,0,0,0,0.0
106360,0,0.9999998999999999,35,0,0.696737044,4167.0,6,0,1,0,2.0
106361,0,0.0,64,0,1652.0,,11,0,1,0,0.0
106362,0,0.417403941,51,0,0.624895222,7157.0,10,0,2,0,0.0
106365,0,0.0,33,0,0.123300194,8750.0,5,0,0,0,0.0
106367,0,0.045373582,68,0,44.0,,8,1,0,0,0.0
106368,0,0.002080807,67,0,2.5291809709999997,4077.0,18,0,10,0,0.0
106369,0,0.024005466,51,0,0.0040513170000000005,5923.0,5,0,0,0,0.0
106370,0,0.016239039,70,0,0.00949712,6422.0,7,0,0,0,0.0
106371,0,0.023627632000000003,58,1,0.24838800100000002,10700.0,19,0,1,0,1.0
106372,0,0.21188594600000002,71,0,0.22121702699999998,10500.0,12,0,1,0,0.0
106373,0,0.09794771699999999,65,0,0.187591885,3400.0,7,0,2,0,0.0
106374,0,0.887594847,54,0,0.334718471,9625.0,6,0,1,0,0.0
106375,0,0.47997092399999997,74,0,0.288829635,10500.0,11,0,1,0,0.0
106376,0,0.13761411199999998,66,0,0.855200382,4191.0,17,0,3,0,1.0
106378,0,0.009049548000000001,31,0,0.0019992,2500.0,2,0,0,0,0.0
106379,0,0.01243121,47,0,0.33213966,3350.0,12,0,2,0,1.0
106380,1,0.87359108,36,2,0.424726661,4755.0,8,4,0,0,1.0
106382,0,0.436099089,33,0,0.498687664,8000.0,10,0,1,0,0.0
106384,0,0.610318999,29,0,0.556830803,2700.0,7,0,0,0,0.0
106385,0,0.018380723999999998,42,1,0.46379518700000005,9100.0,12,0,2,0,1.0
106387,0,0.08111993,60,0,0.177669608,9860.0,4,0,1,0,0.0
106390,0,0.015708675,81,0,1.0,,3,0,0,0,
106391,0,0.469920545,54,0,0.253087712,4776.0,10,2,1,0,0.0
106392,0,0.780382585,54,1,0.343547341,12335.0,10,0,2,0,3.0
106393,0,0.0,70,0,0.010757137,2416.0,11,0,0,0,0.0
106394,0,0.064789417,63,0,0.40063974399999996,2500.0,4,0,1,0,0.0
106395,0,0.36062617799999996,41,0,0.29177350399999996,9359.0,4,0,1,0,0.0
106396,0,0.028208112999999996,62,0,0.009029345,3100.0,6,0,0,0,0.0
106397,1,1.014328808,59,2,3073.0,,7,2,2,0,0.0
106398,0,0.083383323,46,0,0.204426031,9895.0,5,0,1,0,2.0
106400,0,0.19821565300000002,39,1,0.38956104399999997,10000.0,15,0,2,0,2.0
106401,0,0.06705119,54,0,0.250899967,9166.0,3,0,1,0,2.0
106403,0,0.318458798,29,0,1.31984008,2000.0,12,0,1,0,2.0
106405,0,0.332943836,38,0,0.37361039,9624.0,15,0,1,0,1.0
106406,0,0.43133913,56,0,0.38024714600000004,10600.0,17,0,2,0,0.0
106408,0,0.8670629409999999,60,0,0.903179707,2798.0,11,0,1,0,0.0
106409,0,0.407036257,40,0,0.324194324,6236.0,7,0,1,0,3.0
106410,0,0.002420968,66,0,0.066394688,12500.0,4,0,1,0,0.0
106411,0,0.014703158999999999,68,0,393.0,,5,0,0,0,
106412,0,0.536263389,43,1,1.589337776,2400.0,8,0,2,0,3.0
106413,0,1.008907471,49,0,0.154613774,16233.0,7,0,1,0,3.0
106417,0,0.041473847,39,0,0.192684002,11344.0,6,0,1,0,3.0
106418,0,0.006122241,86,0,5.0,,8,0,0,0,0.0
106419,0,0.345073048,72,0,0.092810621,7983.0,6,0,0,0,0.0
106423,0,0.582808196,57,0,0.50392801,7000.0,11,0,2,0,0.0
106424,0,0.28144405899999997,27,0,394.0,,7,0,0,0,0.0
106425,0,0.046636313,61,0,0.082288828,1834.0,4,0,0,0,0.0
106426,0,0.207328581,55,0,0.227116985,6128.0,9,0,1,0,0.0
106428,0,0.108047089,24,0,0.00479904,5000.0,3,0,0,0,0.0
106429,0,0.11083152199999999,57,0,0.08483134699999999,4950.0,6,0,0,0,0.0
106434,0,0.805913153,44,0,0.075205496,8150.0,3,0,0,0,3.0
106436,0,0.515596239,55,2,4366.0,,11,0,2,0,0.0
106438,0,0.979205185,51,0,4043.0,,8,0,2,0,0.0
106439,0,0.029051161000000002,49,0,0.306182947,7083.0,13,0,2,0,0.0
106440,1,1.055973636,69,2,0.173860034,4100.0,12,1,0,0,0.0
106443,0,0.9999998999999999,60,0,0.372321854,6300.0,4,0,2,1,1.0
106444,1,0.9999998999999999,32,1,206.0,,5,1,0,0,0.0
106445,1,0.11884529099999999,47,1,0.263787257,11205.0,11,2,3,0,0.0
106446,1,0.244880762,63,2,0.40686506100000003,6350.0,14,0,3,0,0.0
106448,0,0.008324959,67,0,1135.0,,15,0,1,0,
106450,0,0.368798371,60,0,0.47860143,8808.0,25,0,2,0,3.0
106455,0,0.017352212,45,0,0.33122292600000003,3000.0,7,0,0,0,0.0
106456,0,0.9999998999999999,22,0,0.0,,1,0,0,0,0.0
106457,0,0.9999998999999999,55,1,0.001220543,10650.0,2,0,0,0,1.0
106458,0,0.0,45,0,3456.0,,13,0,2,0,0.0
106460,0,0.0016332789999999999,75,0,0.000370645,2697.0,4,0,0,0,1.0
106461,0,0.11240869,51,0,0.11253927400000001,3500.0,3,0,0,0,0.0
106462,0,0.023580407,47,0,0.374625075,3333.0,14,0,1,0,0.0
106463,0,0.10522958199999999,61,0,2383.0,,10,0,1,0,0.0
106464,0,0.042348940999999994,62,0,0.988007995,1500.0,7,0,2,0,0.0
106467,0,0.00054374,64,0,0.33583012100000004,13750.0,19,0,2,0,1.0
106468,0,0.67373293,39,0,0.17707106399999997,7640.0,10,0,1,0,3.0
106469,0,0.04786708,68,0,64.0,,6,0,0,0,0.0
106470,0,1.0026664440000002,34,1,0.6093562570000001,2500.0,6,0,0,1,1.0
106471,0,0.047564634,47,0,1.328671329,1000.0,4,0,1,0,0.0
106473,0,0.19198498100000003,49,0,0.510662177,2672.0,10,0,1,0,2.0
106474,0,0.059323872,45,0,837.0,,4,0,1,0,
106476,1,0.643856921,28,1,0.896377422,2373.0,11,4,1,0,0.0
106477,0,0.047847608,65,0,0.007360673000000001,3803.0,2,0,0,0,0.0
106478,0,0.005305689000000001,87,0,1.0,,4,0,0,0,0.0
106479,0,0.00813342,66,0,0.227846519,8000.0,17,0,1,0,0.0
106483,0,0.08702933199999999,72,0,0.10960860900000001,10500.0,32,0,1,0,0.0
106484,0,0.9999998999999999,23,0,0.0,0.0,1,0,0,0,0.0
106485,0,0.702259548,38,0,0.611694153,2000.0,7,0,1,0,0.0
106486,0,0.018539928,81,0,0.151369726,5000.0,29,0,1,0,1.0
106488,0,0.476349101,23,0,0.025578563,820.0,1,0,0,0,0.0
106490,0,0.05742357,42,0,0.479164954,12166.0,9,0,1,0,1.0
106492,1,1.00259536,35,3,0.834675101,3477.0,9,2,2,0,2.0
106494,0,0.004124484,51,0,0.089701258,12719.0,5,0,1,0,2.0
106495,0,0.39956945899999996,54,0,0.31525015100000003,9953.0,5,0,3,0,2.0
106498,0,0.763215786,44,0,0.004573272,75000.0,1,0,0,0,4.0
106502,0,0.724693365,37,0,0.325134973,5000.0,10,0,0,0,0.0
106503,0,0.40705964899999997,38,0,0.247861725,5611.0,15,0,0,0,0.0
106504,0,0.20058153,54,0,0.599904777,6300.0,28,0,2,0,2.0
106505,0,0.014665688999999999,56,0,0.293675527,5454.0,5,0,2,0,2.0
106507,0,0.179802203,51,0,0.238855386,8456.0,7,0,3,0,1.0
106508,0,0.589574626,39,0,0.50053135,6586.0,10,0,1,0,2.0
106509,0,0.0,30,0,0.0,2400.0,5,0,0,0,0.0
106512,0,0.068023855,61,0,45.0,,2,0,0,0,0.0
106513,0,0.479095576,44,1,0.41241393299999995,9875.0,10,0,1,0,0.0
106514,0,0.131391241,56,1,0.003428376,17500.0,3,0,0,0,3.0
106515,0,0.0,74,0,0.131308901,4774.0,5,0,1,0,0.0
106516,0,0.0,79,0,0.09159379599999999,15666.0,8,0,1,0,0.0
106517,0,0.047033273,74,0,0.048278817,7000.0,11,0,1,0,1.0
106519,0,0.24868231899999999,54,0,0.37157661,8105.0,9,0,2,0,2.0
106521,0,0.14839152,61,0,77.0,,4,0,0,0,0.0
106522,0,0.333309525,47,0,2812.0,,8,0,3,0,0.0
106524,0,0.261771314,79,0,0.34093129299999997,3070.0,8,0,1,0,0.0
106526,0,0.9999998999999999,44,0,1019.0,,5,0,0,0,0.0
106528,0,0.07511252,68,0,0.554709075,10500.0,20,0,3,0,0.0
106530,1,0.043093186,64,1,0.303289378,6900.0,8,1,1,0,3.0
106531,0,0.157977432,52,0,0.407372512,8490.0,15,0,2,0,1.0
106533,0,0.010085805,67,0,0.851742275,3041.0,8,0,4,0,1.0
106535,0,0.0,89,0,0.0,,8,0,0,0,0.0
106536,0,0.50514609,36,0,310.0,,1,0,0,0,0.0
106537,1,0.20991160399999997,54,0,1.57057257,1501.0,8,0,3,0,0.0
106538,0,0.142620944,55,1,0.795693412,3900.0,22,0,3,0,1.0
106539,0,0.039684388,64,0,0.637727045,6000.0,10,0,3,0,0.0
106540,0,0.28534956,49,0,0.757695343,3800.0,8,0,2,0,3.0
106543,0,0.036065464,65,0,0.813329312,3315.0,8,0,1,0,0.0
106544,1,0.08690773800000001,45,1,0.057460612,9710.0,10,0,0,0,1.0
106546,0,0.9999998999999999,41,0,0.327766921,5628.0,4,0,1,0,1.0
106548,0,0.094310412,47,2,0.619645917,1750.0,3,0,1,0,2.0
106549,0,0.07931088,49,0,0.53534855,8104.0,11,0,3,0,2.0
106550,0,0.604885365,54,0,0.38563453,12000.0,11,0,3,0,0.0
106551,0,0.02299635,36,0,2860.0,,11,0,1,0,
106552,0,0.210598413,49,0,2508.0,,12,0,2,0,1.0
106554,0,0.043027752,66,0,1206.0,,11,0,1,0,0.0
106555,0,0.432969411,44,0,0.355872821,11416.0,9,0,1,0,3.0
106556,0,0.13472679099999998,51,0,0.334030975,7166.0,10,0,1,0,2.0
106558,0,0.013874133,51,0,2026.0,,6,0,2,1,0.0
106559,0,0.028429894,74,0,0.013486513,2001.0,5,0,0,0,0.0
106560,0,0.877060422,48,0,0.262165275,6945.0,7,0,0,1,2.0
106561,0,0.44753569200000004,80,0,0.166943246,6025.0,6,0,1,0,0.0
106563,1,0.688101697,40,1,0.340296053,12159.0,16,0,2,1,2.0
106564,0,0.12614414300000001,34,0,0.395285203,4750.0,7,0,1,0,0.0
106565,1,0.041801496,55,5,1.316818485,4500.0,17,1,3,0,2.0
106566,0,0.040309844,50,0,0.585235794,6000.0,15,0,3,0,1.0
106567,0,0.107735594,46,0,0.038627585,4400.0,4,0,0,0,2.0
106569,0,0.637591456,48,0,0.914978712,7750.0,10,0,3,0,0.0
106570,0,0.857436718,32,0,0.268106457,4583.0,8,0,0,0,0.0
106571,0,0.6010198,57,0,1.4675324680000001,1000.0,7,0,1,0,1.0
106572,0,0.9996000159999999,65,0,0.5647593470000001,4840.0,11,0,0,0,0.0
106573,0,0.088445619,59,0,0.7301124529999999,2400.0,38,0,0,0,1.0
106577,0,0.046846335,52,1,0.395169961,12090.0,12,0,3,0,2.0
106581,0,0.0,59,0,0.5023240729999999,9250.0,20,0,2,0,0.0
106582,0,0.335668346,76,0,0.37285891600000004,12084.0,19,0,2,1,0.0
106584,0,0.17887138,66,0,0.367421365,6580.0,12,0,2,0,0.0
106585,0,0.363928408,33,0,0.483103379,5000.0,12,0,1,0,2.0
106587,0,0.0,58,0,0.243441267,4230.0,12,0,2,0,1.0
106589,0,0.38213446799999995,50,3,0.28309741899999996,1200.0,15,0,0,0,0.0
106590,0,0.274852274,39,0,0.581236461,6000.0,19,0,1,0,3.0
106591,1,0.62037962,25,1,0.16191904,2000.0,2,0,0,1,4.0
106592,0,0.548373656,38,0,1.5663682369999998,2568.0,10,0,2,0,2.0
106595,0,0.9999998999999999,45,0,8180.0,,6,0,5,0,0.0
106596,0,0.07304361599999999,63,0,0.101024412,9175.0,11,0,0,0,0.0
106597,1,0.604132154,64,0,0.386058471,10500.0,24,0,0,0,0.0
106599,0,0.030646157,54,0,0.011425306999999999,3500.0,4,0,0,0,0.0
106600,0,0.344834266,54,0,0.957887223,1400.0,6,0,1,0,1.0
106602,0,0.0,86,0,0.0,,1,0,0,0,4.0
106603,0,0.7920138659999999,37,1,1521.0,,3,0,1,0,0.0
106605,0,0.109528109,39,0,0.626745201,4583.0,9,0,3,0,2.0
106606,0,0.9999998999999999,35,0,0.03098967,3000.0,1,0,0,0,0.0
106607,0,0.9999998999999999,46,0,0.025177689,8300.0,3,0,1,0,2.0
106609,0,0.9999998999999999,29,0,0.15661446199999998,3000.0,2,0,1,0,1.0
106610,1,0.847892221,26,3,0.191120259,3400.0,8,0,0,0,0.0
106611,0,0.013362421999999999,70,0,0.001428061,2800.0,2,0,0,0,0.0
106612,0,0.045954046,32,0,0.002493766,400.0,1,0,0,0,0.0
106613,0,0.331651842,47,0,0.706430398,5473.0,14,0,1,0,2.0
106614,0,0.128388455,49,0,0.548468582,9500.0,10,0,2,0,4.0
106618,0,0.056101303,64,0,0.34797858600000003,5416.0,13,0,1,0,0.0
106619,0,0.008277855,65,0,0.004329004,7160.0,6,0,0,0,0.0
106621,0,0.16144202400000002,67,0,0.7175170959999999,1900.0,23,0,0,0,0.0
106624,0,0.0,41,0,1.2760181000000002,1325.0,8,0,2,0,1.0
106629,0,0.18447562899999997,47,0,2.163418291,2000.0,16,0,2,0,3.0
106631,0,0.046025212999999995,78,0,105.0,,4,0,0,0,0.0
106633,0,0.28961867199999997,46,1,0.46872322200000005,3500.0,8,0,1,0,2.0
106634,0,0.025676607,54,0,0.404750245,4083.0,14,0,1,0,0.0
106636,0,0.589238131,41,0,0.421777898,3700.0,10,0,0,0,2.0
106638,0,0.418576269,54,0,0.195480452,10000.0,19,0,0,0,0.0
106639,0,0.020196419,34,0,0.342025276,6250.0,10,0,3,0,0.0
106640,0,0.7471019409999999,49,0,0.310512367,13583.0,10,0,2,0,3.0
106642,1,0.508659792,38,0,0.954120346,5666.0,16,0,2,0,1.0
106643,0,0.004159834,78,0,675.0,0.0,9,0,1,0,0.0
106644,0,0.053470665,63,1,0.055472264,2000.0,4,0,0,1,0.0
106645,0,0.021740031,46,0,0.10149154199999999,12000.0,13,0,1,0,1.0
106646,0,0.008606103,65,0,0.004129537,4600.0,10,0,0,0,0.0
106647,0,0.020288179,61,0,0.20931283899999997,4423.0,6,0,1,0,0.0
106648,1,0.251963255,33,0,0.216556689,5000.0,12,0,0,0,0.0
106649,0,0.22443776,60,0,0.554497858,2100.0,11,0,1,0,1.0
106650,0,0.310437411,50,0,0.32174456100000004,9606.0,7,0,2,0,1.0
106651,0,0.24555089,25,0,0.004499438,8000.0,1,0,0,0,0.0
106652,0,0.35594104600000004,53,0,0.287841994,6176.0,7,0,2,0,0.0
106653,0,0.020116858,55,0,2.557823129,1910.0,15,0,2,0,0.0
106654,0,0.274935786,41,0,4933.0,,10,0,2,0,2.0
106656,0,0.419697538,56,2,0.48187953,4000.0,7,1,1,1,0.0
106658,0,0.901232074,68,0,133.0,,1,0,0,0,0.0
106659,0,0.071902343,55,0,0.444294497,6668.0,11,0,2,0,3.0
106660,0,1.010332644,55,0,0.280302189,9000.0,15,0,1,0,1.0
106661,0,0.014666178,70,0,0.002280302,5700.0,3,0,0,0,0.0
106662,0,0.0,44,0,0.133580705,9701.0,11,0,1,0,2.0
106663,0,0.031149347999999997,31,0,2057.0,,9,0,1,0,0.0
106664,0,0.044653889,53,0,0.618235137,3750.0,13,0,1,1,2.0
106665,0,0.0,56,0,0.366829146,8000.0,16,0,2,0,3.0
106666,0,0.830715532,46,0,0.45709123799999996,8855.0,12,0,2,0,1.0
106668,0,0.005763531999999999,63,0,0.557600545,2933.0,11,0,2,0,0.0
106670,1,0.070404172,64,1,0.40870501,8362.0,8,0,2,0,5.0
106673,0,0.22789835600000002,39,1,0.226050534,7400.0,14,0,1,1,1.0
106674,0,0.022172928999999997,74,0,0.212938938,5780.0,12,0,1,0,0.0
106675,0,0.16360081199999998,47,0,0.24965793100000003,9500.0,16,0,1,0,1.0
106676,0,0.169949133,40,0,0.95944016,3500.0,11,0,2,0,0.0
106677,0,0.058709118,50,0,5108.0,,9,0,1,0,0.0
106678,0,0.01184064,53,0,0.9462846909999999,3350.0,9,0,2,0,2.0
106680,0,0.0,79,0,0.0023795360000000002,1680.0,8,0,0,0,0.0
106682,0,0.02672461,46,0,0.510548945,10000.0,16,0,2,0,1.0
106685,0,0.08688969099999999,32,0,0.636055991,6500.0,14,0,2,0,1.0
106687,0,322.0,60,0,187.0,,7,0,0,0,0.0
106688,0,0.9039422540000001,28,2,0.043018254000000006,8600.0,4,0,0,0,0.0
106689,0,0.602910514,44,0,0.121070314,8333.0,5,0,0,0,3.0
106690,0,0.279525731,43,0,0.423810405,5400.0,7,0,1,0,0.0
106692,0,0.0,31,0,0.337443759,6000.0,3,0,1,0,0.0
106693,0,0.0,61,0,0.47647616,9500.0,9,0,2,0,0.0
106694,1,0.23701496,64,0,0.8664534190000001,2500.0,11,0,2,0,0.0
106695,0,0.0,73,0,0.0,,2,0,0,0,0.0
106697,0,0.667771474,27,0,0.274493002,3500.0,8,0,0,0,2.0
106700,0,0.297004101,45,0,0.259568018,7916.0,7,0,2,0,1.0
106703,0,0.027414841000000002,55,0,0.240677538,7910.0,8,0,1,0,0.0
106704,0,0.050073345,79,1,1.1998183470000001,1100.0,10,0,1,0,0.0
106706,0,0.0,63,0,0.433008526,3283.0,10,0,1,0,0.0
106707,0,0.18959626899999998,68,0,0.42533507299999995,8430.0,16,0,2,0,0.0
106708,0,0.008431626999999999,60,0,761.0,,4,0,1,0,0.0
106709,0,0.20413004,59,0,0.44475920700000005,6000.0,10,0,2,0,0.0
106711,0,0.203839639,71,0,0.327201051,2282.0,6,0,0,0,0.0
106713,0,0.8058848740000001,31,0,0.45071068299999995,2180.0,8,0,0,0,0.0
106714,0,0.12293853099999999,72,1,0.241630056,6600.0,6,0,0,1,0.0
106716,0,0.242886167,51,0,3462.0,,18,0,2,0,0.0
106719,0,0.279554504,57,0,0.658669226,3125.0,12,0,1,0,0.0
106720,0,0.406649616,62,1,0.6308122420000001,6795.0,21,0,2,0,1.0
106721,0,0.062831847,45,0,0.44981877299999995,8000.0,8,0,2,0,2.0
106722,0,0.9999998999999999,26,0,0.0,1083.0,0,0,0,0,0.0
106723,0,0.011804453000000001,78,0,1.144144144,554.0,13,0,1,0,0.0
106724,0,0.083355158,56,0,1722.0,,6,0,1,0,0.0
106725,1,0.290431232,53,1,0.246942341,5150.0,10,0,1,0,0.0
106726,0,0.493135263,60,0,1.3968579230000002,2927.0,16,0,2,0,1.0
106728,0,0.027164402999999997,47,0,0.061419797000000005,7000.0,4,0,0,0,2.0
106729,0,0.042636637000000005,65,0,0.56686306,5600.0,9,0,5,0,0.0
106730,0,0.07903666599999999,34,0,1.4181163769999998,3333.0,12,0,3,0,1.0
106731,0,0.337171371,47,0,0.452260512,6325.0,12,0,2,0,2.0
106734,0,0.484084124,62,0,0.249646393,8483.0,5,0,1,0,0.0
106737,0,0.297421247,26,0,0.207107163,1800.0,4,0,0,0,0.0
106738,0,0.0,46,0,0.9302989909999999,5250.0,12,0,4,0,3.0
106739,0,0.006567024,51,1,0.41469143700000005,4682.0,8,0,1,0,3.0
106740,0,0.20638348899999998,30,0,0.124375125,5000.0,7,0,0,0,1.0
106741,0,0.005949851,59,0,9.0,,2,0,0,0,0.0
106744,0,0.118482329,74,0,1160.0,,4,0,1,0,2.0
106746,0,0.052673194000000007,79,0,0.012727273,5499.0,9,0,0,0,1.0
106747,1,0.9999998999999999,23,98,0.006997667,3000.0,0,98,0,98,0.0
106748,0,0.03684774,54,1,0.41571685700000005,5000.0,8,0,1,0,0.0
106750,0,0.004266199,56,0,0.322138187,7800.0,10,0,1,0,0.0
106751,1,1.817553388,39,2,0.05061656900000001,22462.0,13,0,0,0,0.0
106753,0,0.000742556,37,0,0.44452286799999996,7083.0,9,0,1,0,2.0
106755,0,0.9999998999999999,72,0,276.0,,12,0,0,0,
106756,0,0.10940485,50,0,0.450877653,3816.0,13,0,1,0,2.0
106757,0,0.056163085999999994,65,0,0.144630236,5800.0,12,0,2,0,1.0
106758,0,0.9999998999999999,37,0,0.835777126,3750.0,4,0,2,0,0.0
106759,0,0.63848596,37,1,0.35108868299999996,10700.0,13,0,2,0,2.0
106760,0,0.041787485,74,1,0.019728073,3750.0,11,0,0,0,0.0
106761,1,0.9474426359999999,28,2,0.271970012,2400.0,7,0,0,0,1.0
106762,0,0.078119126,46,0,0.292176626,8333.0,8,0,1,0,1.0
106763,0,0.443835175,31,0,0.380123975,5000.0,10,0,2,0,1.0
106764,0,0.8606278740000001,52,0,129.0,,1,0,0,0,0.0
106765,0,0.18084810399999998,60,0,3838.0,,20,0,3,0,
106766,0,0.007306529,47,0,1795.0,,7,0,1,0,
106770,0,0.024315278,56,0,0.00679864,5000.0,5,0,0,0,0.0
106771,0,0.383854331,47,1,0.18897829800000002,4100.0,5,1,0,0,0.0
106772,0,0.21599084699999999,48,0,0.15854558900000001,5417.0,11,0,0,0,0.0
106773,0,0.057018865,47,0,0.22127313399999998,4916.0,18,0,2,0,2.0
106776,1,0.970893142,39,1,0.5591858129999999,11446.0,9,0,3,2,2.0
106777,0,0.492174506,46,0,2.0470249519999997,2083.0,8,0,1,0,2.0
106778,0,0.199465913,62,0,273.0,,6,0,0,0,0.0
106779,0,0.15326257199999999,51,0,0.6938775509999999,6810.0,8,0,1,0,1.0
106780,0,0.913567564,33,0,5156.0,,6,0,2,0,2.0
106781,0,0.143249659,44,0,0.46029348299999995,4633.0,24,0,1,0,1.0
106783,0,0.529908855,46,0,0.229471316,8000.0,7,0,0,0,2.0
106784,0,0.97960136,39,0,0.40199947399999997,3800.0,8,0,0,0,2.0
106786,0,0.0,30,0,0.137604137,3480.0,3,0,0,0,3.0
106787,0,0.035910117000000005,49,0,0.135396296,8692.0,5,0,1,0,2.0
106789,1,1.926910299,30,0,131.0,,4,1,0,0,
106792,0,0.9999998999999999,29,0,0.145236509,1500.0,5,0,0,0,1.0
106793,0,0.023874574,79,0,0.005161128,7943.0,7,0,0,0,0.0
106794,0,0.227626598,55,0,0.38292910399999996,8575.0,10,0,3,0,1.0
106795,0,0.157087758,48,0,0.042515369000000004,13500.0,3,0,0,0,4.0
106799,0,0.044171993,70,0,1225.0,,4,0,1,0,
106802,0,0.002414524,66,0,0.00044111199999999996,6800.0,4,0,0,0,1.0
106804,0,0.206031338,41,0,4569.0,,13,0,2,0,0.0
106805,0,0.11794331,67,0,1371.0,,7,0,1,0,0.0
106806,0,0.050501175,53,0,1716.0,,5,0,1,0,0.0
106808,0,0.989902685,49,1,0.35799622700000006,19083.0,11,0,2,0,2.0
106809,0,0.055947203,58,0,0.079057559,16000.0,11,0,0,0,0.0
106810,0,0.853702438,52,0,0.28787633100000004,18500.0,8,0,1,0,2.0
106811,0,0.0,46,0,0.0,,9,0,0,0,0.0
106813,0,0.0,72,0,1381.0,,11,0,1,0,0.0
106815,0,0.105649058,26,0,0.126963351,4583.0,4,0,0,0,0.0
106816,0,0.956907327,51,1,0.418645339,4000.0,13,0,1,0,0.0
106818,0,0.9999998999999999,32,2,0.020583716999999998,9764.0,2,0,0,0,4.0
106819,0,0.0,59,0,44.0,,6,0,0,0,0.0
106821,0,0.008816852,50,0,0.927322592,5833.0,15,0,4,0,0.0
106824,0,0.38984094799999996,57,0,0.35476898100000004,3700.0,11,0,1,0,0.0
106825,0,0.08542010900000001,66,0,0.37938701,6296.0,3,0,1,0,0.0
106826,0,0.0,49,0,0.088232941,12500.0,3,0,0,0,2.0
106828,0,0.972481101,39,0,0.60770769,5500.0,12,0,1,0,2.0
106830,0,0.028736572000000002,54,0,0.183726585,29200.0,11,0,3,0,2.0
106831,0,0.435278509,51,0,0.10039330699999999,15000.0,8,0,0,0,0.0
106832,0,0.709192246,28,0,0.274181455,4000.0,8,0,0,0,1.0
106833,0,0.0,49,0,0.326671791,1300.0,3,0,1,0,1.0
106834,0,0.0,65,0,0.36465413799999996,2500.0,13,0,0,0,1.0
106835,0,0.729940439,47,0,0.09275981,12181.0,6,0,0,0,0.0
106837,0,0.954954526,50,1,0.47857324,11830.0,10,0,1,0,1.0
106838,0,0.087708878,36,0,3533.0,,13,0,1,0,2.0
106839,0,0.0,74,0,0.546846665,4962.0,10,0,2,0,1.0
106841,0,0.0,36,0,0.7875867390000001,5187.0,7,0,2,0,0.0
106842,0,0.421029074,50,0,2711.0,,9,0,1,0,0.0
106843,0,0.086884061,59,0,0.277536066,4366.0,16,0,2,0,0.0
106844,0,0.0,53,0,0.031885346,9000.0,5,0,0,0,0.0
106845,0,0.914618073,57,0,0.10963302800000001,4359.0,2,0,0,0,0.0
106846,0,0.0,54,0,531.0,,3,0,1,0,
106847,0,0.105289942,61,0,1.184063511,3400.0,9,0,2,0,0.0
106848,0,0.9999998999999999,23,0,0.0,0.0,1,0,0,0,0.0
106850,0,0.103283659,35,0,0.211192538,1500.0,7,0,0,0,0.0
106852,1,0.728365892,44,1,0.389105799,10500.0,5,0,2,0,4.0
106853,0,0.004636697,47,2,1653.0,,17,0,2,0,4.0
106855,0,0.062398902,35,0,0.135205526,8830.0,3,0,1,0,0.0
106856,0,0.07846405099999999,32,0,0.160767846,3333.0,4,0,0,0,2.0
106859,0,0.048975512,28,0,0.617438692,1834.0,2,0,1,0,0.0
106860,0,0.714527085,48,0,0.330515408,11000.0,7,0,1,0,2.0
106861,1,0.857142857,41,0,57.0,,1,2,0,0,0.0
106862,0,0.290817177,29,0,0.257562036,5520.0,4,0,0,0,0.0
106863,0,0.167646556,67,0,0.9547891609999999,6900.0,11,0,2,0,1.0
106865,0,0.9999998999999999,38,0,0.164964138,4600.0,3,2,0,0,0.0
106866,0,0.684157921,23,0,0.42509135200000003,820.0,3,0,0,0,0.0
106867,0,0.620670332,45,0,0.615676865,5000.0,12,0,2,0,1.0
106868,1,0.9999998999999999,33,0,0.174510621,2400.0,2,0,0,0,2.0
106869,0,0.000634688,73,0,1874.0,,12,0,1,0,
106871,1,0.0,35,2,0.399049175,6730.0,4,1,1,1,1.0
106872,0,0.7425329629999999,39,0,0.38420926299999997,12500.0,10,0,1,0,0.0
106875,0,0.069780898,56,1,0.479061725,13300.0,11,0,2,0,1.0
106876,0,0.181487142,46,0,0.18698898,5625.0,6,0,1,0,4.0
106877,0,0.30785664,56,0,2.104934416,1600.0,4,0,2,0,2.0
106878,0,0.038101986000000004,67,0,2108.0,,7,0,2,0,0.0
106879,0,0.352653724,53,0,2459.0,,7,0,1,0,0.0
106880,0,0.011092251000000001,79,0,0.196203595,5952.0,6,0,1,0,0.0
106881,0,0.8493433770000001,68,0,0.119747255,16300.0,9,0,0,0,2.0
106883,0,0.532354412,53,0,0.18983802,18952.0,13,0,2,0,1.0
106884,0,0.020207127,68,0,0.258616288,3916.0,12,0,2,0,0.0
106886,0,0.9105913659999999,43,4,1.022866128,22259.0,16,3,9,1,0.0
106889,0,0.063020822,55,0,686.0,,10,0,0,0,0.0
106891,0,0.011134357,56,0,1474.0,,8,0,1,0,1.0
106892,0,0.055610966,47,0,0.655334467,10000.0,20,0,2,0,0.0
106893,0,0.00420502,76,0,0.262491672,1500.0,7,0,0,0,0.0
106895,0,0.359748678,47,3,0.334789573,6866.0,10,0,1,0,0.0
106896,0,0.486623486,60,0,0.205583553,12500.0,11,0,1,0,1.0
106899,0,0.024441151,79,0,0.072532267,5500.0,9,0,1,0,0.0
106900,0,0.164380522,77,0,0.07467656,21023.0,11,0,0,0,0.0
106901,0,0.0,74,0,0.08722819300000001,4000.0,8,0,0,0,0.0
106903,0,0.056557039,51,0,2702.0,,9,0,2,0,0.0
106905,1,0.31168831199999997,58,0,0.366181535,9000.0,5,0,2,0,2.0
106906,0,0.012681471000000001,91,0,0.0031634840000000003,8850.0,11,0,0,0,0.0
106907,0,0.925671606,50,0,0.609055021,8105.0,10,0,3,0,0.0
106908,0,0.476254599,51,0,0.43091381700000003,5000.0,8,0,1,0,0.0
106909,0,0.21097533300000001,41,0,0.255652394,7916.0,7,0,2,0,2.0
106914,0,0.95852074,44,0,0.43738546100000003,4910.0,4,0,1,1,1.0
106915,0,0.293244297,68,0,0.517942584,5015.0,6,0,2,0,0.0
106916,0,0.028261104,41,0,0.351587215,9166.0,8,0,3,0,0.0
106917,0,0.18750299,61,0,0.019496751,6000.0,3,0,0,0,0.0
106919,0,0.166300116,63,0,0.790241952,5000.0,18,0,2,0,3.0
106920,0,0.329527589,31,1,0.18289142600000002,15500.0,12,0,2,0,3.0
106921,1,0.0,51,0,0.579399474,12921.0,8,0,5,0,2.0
106922,1,0.6105599,45,1,0.289816815,12500.0,10,0,1,0,4.0
106923,0,0.02888406,57,0,0.004121634,10917.0,3,0,0,0,0.0
106924,0,0.459534622,78,0,0.5677749360000001,4300.0,9,0,2,0,1.0
106927,0,0.35850832299999996,72,0,0.030328279,6000.0,4,0,0,0,1.0
106930,0,0.447057916,66,0,0.6502159160000001,1620.0,5,0,0,0,0.0
106932,0,0.045695985999999994,46,0,0.108315281,6000.0,4,0,0,0,1.0
106933,0,0.120606097,57,0,0.332904701,6998.0,28,0,2,0,1.0
106934,0,0.92103948,43,0,0.404690483,3666.0,7,0,1,0,0.0
106935,0,0.040219242999999995,49,0,0.27410004,7416.0,4,0,2,0,0.0
106936,0,0.08773113199999999,63,0,0.738612587,6212.0,16,0,3,0,0.0
106937,0,0.045038198,37,0,0.424310552,6671.0,11,0,1,0,0.0
106938,0,0.016983517,47,0,0.11139257400000001,15000.0,11,0,1,0,1.0
106939,0,0.0,29,0,0.06758426,5666.0,11,0,0,1,0.0
106940,0,0.0,33,0,580.0,,2,0,0,0,0.0
106941,0,0.14846336699999998,60,0,0.40270862399999996,5020.0,13,0,1,0,0.0
106942,0,0.915084751,44,0,0.584987315,6700.0,12,0,2,0,2.0
106943,0,0.162514673,39,1,0.382714306,7080.0,6,0,2,0,2.0
106945,0,0.066747133,63,0,0.017888307,4583.0,4,0,0,0,0.0
106946,0,0.066647539,75,0,0.340726961,6987.0,26,0,0,0,1.0
106947,0,0.0,52,1,0.347127144,13000.0,7,0,1,0,1.0
106948,0,0.319420145,32,1,0.280571992,6083.0,3,0,1,0,0.0
106951,0,0.21285956399999997,41,0,3141.0,,17,0,1,0,2.0
106952,0,0.018839246,33,0,0.410392365,6600.0,12,0,2,0,3.0
106953,0,0.019845391,75,0,0.12763819099999998,4974.0,3,0,1,0,0.0
106954,0,0.9197556709999999,54,0,2974.0,,7,0,1,0,0.0
106956,0,0.913807842,41,0,0.38137408899999997,7000.0,7,0,0,0,4.0
106957,0,0.031663156,55,0,0.375040275,9310.0,10,0,2,0,3.0
106958,0,0.454115114,55,2,3311.0,,26,0,2,1,0.0
106959,0,0.015054719,48,0,0.063672261,4051.0,3,0,0,0,2.0
106961,0,0.342764815,52,1,0.302979801,15000.0,15,0,2,0,1.0
106962,0,0.044709389,53,0,0.293345829,3200.0,6,0,1,0,0.0
106963,0,0.125579377,38,0,0.819836033,5000.0,9,0,3,0,0.0
106964,0,0.041215599,47,0,0.404051822,11500.0,6,0,2,0,2.0
106965,0,0.065871415,31,0,0.330551208,5750.0,5,0,1,0,0.0
106966,0,0.898550725,47,0,1127.0,,2,0,1,0,0.0
106968,0,0.06399083400000001,37,0,0.008249588,6666.0,4,0,0,0,0.0
106975,0,0.465224798,39,0,219.0,,6,0,0,0,0.0
106976,0,0.01137914,45,0,0.18766004100000003,8200.0,11,0,1,0,0.0
106978,0,0.535728021,71,0,2571.0,,6,0,1,0,0.0
106979,0,0.147800979,59,0,1428.0,,12,0,1,0,
106980,0,0.9660678640000001,47,1,206.0,,7,0,0,0,2.0
106981,0,0.14645623,67,0,0.321488062,1800.0,3,0,0,0,0.0
106982,0,0.0,47,0,0.239347793,6500.0,3,0,1,0,3.0
106983,0,0.9999998999999999,24,0,0.076769292,2500.0,1,0,0,0,2.0
106984,0,0.782658581,36,1,0.290495737,3166.0,12,0,0,0,1.0
106986,0,0.9704011840000001,39,0,0.603159498,5253.0,5,0,1,0,3.0
106987,0,0.26820732199999997,37,0,0.208558288,5000.0,7,0,1,0,0.0
106988,0,0.086431075,68,0,207.0,,8,0,0,0,0.0
106989,0,0.19474519,45,0,1364.0,,4,0,1,0,0.0
106990,0,0.11329374099999999,43,0,187.5,1.0,11,0,0,0,2.0
106991,0,0.026398492000000003,37,0,0.282673904,7000.0,12,0,1,0,2.0
106992,1,0.9999998999999999,42,4,0.667333167,4000.0,9,1,4,0,3.0
106993,0,0.9999998999999999,60,0,1019.0,,2,0,1,0,3.0
106994,0,0.109410195,40,0,0.335014347,11500.0,7,0,1,0,2.0
106997,0,0.0,27,0,0.0,3116.0,4,0,0,0,0.0
106998,0,0.016736161,57,0,0.7333620040000001,9300.0,18,0,4,0,2.0
106999,0,0.979572477,65,1,1.047485161,3200.0,5,0,1,0,0.0
107002,0,0.167888075,41,0,0.000901133,7767.0,3,0,0,0,0.0
107003,1,0.9999998999999999,49,0,0.671610169,3775.0,3,0,1,1,1.0
107004,0,0.013021933000000001,59,0,1169.0,,7,0,2,0,0.0
107005,0,0.05319734,64,0,31.0,,2,0,0,0,0.0
107006,0,0.416761005,54,0,1.47900221,3166.0,14,0,2,0,1.0
107009,0,0.0,37,0,0.11589743599999999,9749.0,7,0,1,0,0.0
107010,0,0.0,46,0,980.0,,6,0,1,0,0.0
107011,0,0.0,30,0,0.467745775,4200.0,5,0,2,0,0.0
107012,0,0.71394574,40,1,2083.0,,6,1,1,0,0.0
107013,0,742.0,53,0,0.381490513,16812.0,4,0,3,0,0.0
107014,0,0.36870875299999994,55,1,0.617109827,4324.0,20,0,2,0,1.0
107015,0,0.059012782,54,0,1816.0,,7,0,1,0,0.0
107016,0,0.003237941,80,0,59.0,,9,0,0,0,0.0
107017,0,0.039137784,67,0,173.0,,14,0,0,0,0.0
107019,0,0.037820533999999996,49,0,1.399857194,2800.0,9,0,2,0,1.0
107020,0,2082.0,38,0,0.15821668,8500.0,5,0,2,0,0.0
107022,0,0.005991822,77,0,0.408054343,6182.0,19,0,2,0,1.0
107023,0,0.066207509,41,0,0.077813309,6566.0,10,0,0,0,3.0
107024,0,0.711056369,46,0,0.345411765,4249.0,2,0,1,0,0.0
107026,0,0.013719451,48,0,0.11848025300000001,6000.0,3,0,0,0,2.0
107028,0,0.074979825,59,0,130.0,,6,0,0,0,0.0
107031,0,0.07079773,49,0,0.526605821,5806.0,13,0,0,0,2.0
107032,0,0.926130428,48,0,0.8463624040000001,2212.0,10,0,3,0,1.0
107034,0,0.003370408,85,0,0.113943028,2000.0,8,0,0,0,0.0
107036,0,0.0073868580000000005,82,0,0.202134757,1498.0,5,0,0,0,1.0
107037,0,0.9999998999999999,55,0,0.22298943899999998,2461.0,1,0,0,0,0.0
107038,0,0.0,45,0,0.0,4962.0,1,0,0,0,0.0
107042,0,0.006999417,24,0,2.0,0.0,4,0,0,0,0.0
107043,0,0.9999998999999999,48,0,0.0051715220000000004,5800.0,0,0,0,0,4.0
107044,0,0.158121419,53,0,0.09137899199999999,16250.0,9,0,1,0,1.0
107045,0,0.016873945,35,0,0.11325724300000001,3416.0,10,0,0,0,0.0
107046,0,0.720742642,43,2,0.377796103,9700.0,4,0,2,0,3.0
107047,0,0.0,84,0,0.0,,1,0,0,0,
107049,0,0.037399065,88,0,0.290271132,1880.0,2,0,0,0,0.0
107050,0,0.118772661,46,0,0.18825882,7000.0,10,0,2,0,2.0
107052,0,0.26067987600000003,29,0,0.29468599,2276.0,4,0,1,0,0.0
107053,0,0.826537601,49,0,0.45482866,8666.0,9,0,2,0,3.0
107055,0,0.13091048,32,0,0.363472189,8305.0,13,0,2,0,3.0
107057,0,0.40056096399999996,31,0,0.200690783,5500.0,5,0,0,0,0.0
107058,0,1.114856429,27,1,0.081167533,2500.0,4,2,0,2,1.0
107059,0,0.806772252,39,0,0.9095150809999999,6000.0,10,0,1,0,2.0
107060,0,1.012532498,52,0,0.5614719260000001,20000.0,8,0,4,0,0.0
107061,0,0.0,27,0,0.0,2500.0,1,0,0,0,0.0
107063,0,0.017367908999999997,47,0,0.095337873,3817.0,14,0,0,0,0.0
107065,0,0.011257685,42,1,0.351699534,10090.0,12,0,2,0,2.0
107066,0,0.034920835,76,0,0.033655448,3000.0,4,0,0,0,1.0
107067,0,0.16715602400000001,69,0,0.370827819,6800.0,15,0,1,0,1.0
107068,0,0.49142085700000004,41,0,4832.0,,9,0,2,0,1.0
107069,0,0.039577347,57,0,0.123147992,17750.0,20,0,2,0,1.0
107070,0,0.041263492,61,0,0.010497376000000001,4000.0,2,0,0,0,1.0
107071,1,0.9999998999999999,53,2,0.027643807000000003,8500.0,3,0,0,0,2.0
107073,0,0.710554149,35,0,0.219080263,3500.0,7,0,0,0,1.0
107074,0,0.241666935,40,0,0.340723107,6720.0,14,0,2,0,2.0
107075,0,0.236418176,30,0,0.43160255299999994,5796.0,9,0,1,0,1.0
107077,0,0.643010554,31,0,0.261217348,8000.0,12,0,2,0,2.0
107079,0,0.041253284,74,0,30.0,,5,0,0,0,0.0
107082,0,0.335396493,42,2,0.406289765,5500.0,9,0,1,0,4.0
107083,0,0.9010329890000001,33,0,0.138499588,1212.0,3,0,0,0,0.0
107084,0,0.10769878,32,0,0.315020963,6916.0,11,0,1,0,1.0
107085,0,0.936224834,44,0,2839.0,,5,0,1,0,0.0
107087,0,0.971378161,27,1,0.12841439,6003.0,9,0,0,1,0.0
107089,0,0.021999624,53,0,4111.0,,9,0,1,0,3.0
107090,0,0.009122458,76,0,0.449280214,2986.0,16,0,1,0,0.0
107091,1,0.073615289,34,0,0.336665334,2500.0,5,0,0,0,2.0
107093,0,0.9999998999999999,50,0,0.482506728,2600.0,4,0,1,0,0.0
107094,0,0.9698060390000001,29,0,0.200613839,3583.0,7,0,0,2,1.0
107095,1,0.9999998999999999,49,2,0.31230690000000005,3883.0,4,1,0,4,2.0
107097,0,0.04198699,56,0,0.08390511699999999,5100.0,4,0,0,0,0.0
107098,0,0.9999998999999999,46,0,0.30340437800000003,10368.0,6,0,1,0,2.0
107100,0,0.102943164,55,0,1097.0,,6,0,1,0,0.0
107103,0,0.395601475,56,1,3713.0,,10,0,2,0,0.0
107104,0,0.024065062,42,0,0.074435531,12090.0,8,0,1,0,0.0
107106,0,0.020518143,58,0,0.23672704600000002,1600.0,4,0,0,0,0.0
107107,0,0.379219894,58,0,0.494703942,5758.0,17,0,2,0,0.0
107108,0,0.050030742999999996,69,0,0.15763719,8582.0,6,0,1,0,0.0
107109,0,0.322485207,41,1,0.36010404799999995,6150.0,11,0,2,1,0.0
107110,0,0.077973238,40,0,0.021156354,6900.0,2,0,0,0,2.0
107111,0,0.37898667399999997,62,0,13618.0,,26,0,2,0,
107112,0,0.18617358899999997,38,0,0.381539177,4300.0,10,0,1,0,2.0
107114,0,0.9999998999999999,62,0,0.0,10500.0,6,0,0,0,0.0
107118,0,0.41487219799999997,45,2,0.7998641609999999,4416.0,13,0,2,0,3.0
107119,0,0.104059729,29,0,1.25883613,2800.0,6,0,2,0,1.0
107121,0,0.951609678,75,3,7958.0,,4,0,1,1,1.0
107122,0,0.622972116,67,0,0.280327124,2200.0,2,0,0,0,0.0
107123,0,0.844973395,62,0,0.710298678,6126.0,15,0,1,0,1.0
107124,0,0.97160284,40,0,0.059375638,4900.0,2,0,0,0,2.0
107125,0,0.72233674,48,0,0.140214946,4000.0,5,0,0,0,1.0
107128,0,0.144441414,31,0,0.531604813,5900.0,3,0,2,0,0.0
107129,0,0.8521558920000001,50,0,0.35877129799999996,12500.0,8,0,1,0,2.0
107130,0,0.136372725,72,0,0.0037030179999999998,5400.0,3,0,0,0,0.0
107132,0,0.062627402,59,0,0.288882829,11000.0,8,0,2,0,3.0
107134,1,0.56448874,48,0,0.8188833409999999,6608.0,24,0,2,0,0.0
107135,0,0.863955695,34,0,1.127936032,2000.0,9,0,1,0,3.0
107136,0,0.25411433699999997,36,0,0.6720946179999999,5833.0,5,0,2,0,0.0
107138,0,0.529074399,54,0,0.42566924100000003,9450.0,10,0,2,0,1.0
107140,0,0.6733653559999999,36,0,0.644745612,4500.0,12,2,1,0,2.0
107141,0,0.636256104,68,0,0.515539701,18500.0,14,0,4,1,0.0
107146,0,0.138326746,57,0,0.863827235,3333.0,9,0,1,1,0.0
107148,0,0.157905,58,0,0.36837053,4166.0,15,0,1,0,0.0
107149,0,0.043410328,70,0,0.213793103,1884.0,5,0,0,0,0.0
107150,0,0.368396761,68,0,0.296272596,6250.0,16,0,2,0,0.0
107151,0,0.002612566,67,0,0.001188707,3364.0,4,0,0,0,0.0
107152,0,0.024421215,61,0,0.0051191809999999996,6250.0,5,0,0,0,0.0
107153,0,0.5813467170000001,42,0,0.46922906,4500.0,8,0,1,0,3.0
107154,0,0.036600096,38,0,1959.0,,4,0,1,0,
107155,0,0.001230706,70,0,0.003198721,2500.0,10,0,0,0,0.0
107157,0,0.03360393,47,0,0.24592690399999997,9083.0,7,0,2,0,0.0
107159,0,0.11371847199999999,66,1,0.192324658,6800.0,6,0,1,0,0.0
107160,0,0.69255383,41,0,3219.0,,6,0,1,0,0.0
107162,0,0.040315027999999996,54,0,0.771340682,3900.0,12,0,1,0,0.0
107163,0,0.21892838899999997,57,0,0.253955037,1200.0,3,0,0,0,1.0
107165,0,0.379177802,70,0,847.0,,4,0,0,0,0.0
107166,0,0.219731608,44,0,0.215969147,7000.0,9,0,1,0,2.0
107167,0,0.050952229,55,0,6347.0,,11,0,1,0,0.0
107171,0,0.8784494509999999,63,0,0.301435407,5433.0,6,0,2,0,0.0
107172,0,0.563530705,38,0,0.331544048,6333.0,2,0,1,0,2.0
107174,0,0.134183474,62,0,4695.0,,11,0,4,0,0.0
107176,0,0.010990793,44,0,0.240981463,13000.0,10,0,2,0,0.0
107177,0,0.273886306,45,0,0.10440299900000001,5200.0,3,0,0,0,3.0
107178,0,0.041297935,64,0,0.114706213,8900.0,6,0,1,0,0.0
107180,0,0.022333537,72,0,0.19864864899999998,9619.0,6,0,1,0,0.0
107181,1,0.8176477940000001,34,0,0.648018093,8400.0,11,0,1,0,3.0
107182,0,0.041622399,30,0,0.41866365899999997,3546.0,7,0,1,0,0.0
107183,0,0.401936775,41,0,0.958622605,3600.0,16,0,2,0,0.0
107185,1,0.9999998999999999,26,98,0.0,1000.0,0,98,0,98,0.0
107186,0,0.702545306,37,0,0.398671857,13100.0,15,0,3,0,1.0
107188,0,0.002479802,37,0,0.5141388170000001,3500.0,5,0,1,0,1.0
107190,0,0.3456034,52,1,0.564393235,5380.0,12,0,2,0,0.0
107191,0,0.412569773,60,0,5828.0,,17,0,1,0,0.0
107192,0,0.288381654,63,0,0.080711789,6293.0,9,0,0,0,1.0
107193,0,0.9999998999999999,74,0,1281.0,,1,0,1,0,
107194,0,0.11094445300000001,37,0,677.0,,4,0,0,0,0.0
107196,0,0.15381974199999998,69,4,0.16175936,2750.0,6,1,0,1,0.0
107199,0,0.11026866,56,1,0.088007214,5544.0,7,0,0,0,2.0
107201,0,0.006822727,38,0,2696.0,,8,0,1,0,0.0
107203,0,0.9999998999999999,62,0,0.15494045,9067.0,2,0,1,0,0.0
107204,0,0.568957578,57,0,0.407901819,9288.0,11,0,2,0,3.0
107205,0,0.0,25,0,0.0,5000.0,1,0,0,0,0.0
107206,0,0.016371924,79,0,20.0,,2,0,0,0,0.0
107207,1,0.9999998999999999,24,1,0.148243359,3500.0,2,1,0,0,0.0
107209,0,0.0,64,0,1584.0,,6,0,1,0,
107210,0,0.0,63,0,0.0,,7,0,0,0,0.0
107214,0,0.021253945,35,0,0.005748563000000001,4000.0,4,0,0,0,2.0
107215,1,0.504225114,65,5,0.28084322100000003,8680.0,13,1,1,0,1.0
107216,0,0.010645886,78,0,0.00733089,3000.0,6,0,0,0,0.0
107219,0,0.059252753,32,0,0.327946393,2536.0,5,0,0,0,0.0
107221,0,0.46955099100000003,33,0,2624.0,0.0,9,0,2,0,1.0
107222,0,0.000771581,79,0,0.0,,5,0,0,0,
107224,0,0.033673797000000005,55,0,7151.0,,11,0,2,0,0.0
107225,0,0.286247606,58,0,0.41350961,9000.0,12,0,4,0,0.0
107226,0,0.397214991,39,0,0.461080695,4200.0,8,0,2,0,0.0
107227,0,0.9999998999999999,50,1,0.52641765,10333.0,3,0,1,0,2.0
107228,0,0.0,39,0,1393.0,,4,0,1,0,0.0
107229,0,0.38033025600000003,72,0,297.0,,4,0,0,0,0.0
107230,0,0.0,56,0,5.0,,1,0,0,0,0.0
107231,0,0.19228205199999998,36,0,0.099211199,9000.0,6,0,1,0,0.0
107232,0,0.859268845,50,0,1.292855655,4800.0,16,0,2,0,1.0
107234,0,0.019064605,73,0,0.48260779,4800.0,11,0,2,0,0.0
107235,0,0.15425833,35,0,0.065874603,8500.0,7,0,0,0,0.0
107237,0,0.04378761900000001,79,0,0.22571170399999999,4425.0,8,0,1,0,2.0
107239,0,0.12446766,46,0,0.46948071700000005,3292.0,12,0,2,0,1.0
107241,0,0.469194677,47,1,0.42142857100000003,5879.0,7,1,1,0,2.0
107243,0,0.024999478999999998,51,0,0.3999243,13209.0,15,0,2,0,0.0
107244,0,0.0,62,0,0.22119470100000002,4000.0,12,0,0,0,0.0
107249,0,0.032998821,34,0,0.127892031,4667.0,7,0,0,0,0.0
107253,0,0.9999998999999999,42,0,0.21331039699999998,9300.0,4,0,2,0,0.0
107254,0,0.30432106,47,0,0.389008879,8333.0,9,0,3,0,0.0
107255,0,0.237930487,49,0,13.56723879,6000.0,12,0,2,0,0.0
107256,0,0.34589190000000003,45,1,0.118769883,3771.0,4,0,0,0,3.0
107257,0,0.142122554,50,0,1140.0,,8,0,1,0,0.0
107258,0,0.0,64,0,1409.0,,11,0,1,0,0.0
107260,1,0.8096126920000001,49,0,0.35775225200000005,20980.0,9,0,3,0,3.0
107261,1,0.729129805,47,4,0.5720321079999999,7100.0,12,0,2,0,2.0
107264,0,0.390992274,50,0,0.104133642,8200.0,6,0,0,0,2.0
107265,0,0.023729857000000004,56,2,0.09050166300000001,6916.0,4,0,1,0,0.0
107266,0,0.977288959,46,0,0.103728313,5417.0,7,1,0,0,0.0
107269,0,0.000783553,52,0,0.32637416399999997,6130.0,11,0,1,0,2.0
107270,0,0.030506931,52,0,0.127838287,10833.0,13,0,0,0,2.0
107271,0,0.8013216240000001,48,1,0.182368979,3300.0,6,0,0,0,2.0
107273,0,0.553717314,63,0,0.45985586,7908.0,9,0,1,0,1.0
107274,0,0.097833467,80,0,1022.0,,8,0,2,0,0.0
107275,0,0.896790495,53,0,0.737937449,8600.0,15,0,2,0,1.0
107277,0,0.5602851879999999,41,0,1.157678245,2187.0,12,0,1,0,1.0
107279,0,0.9999998999999999,28,0,0.0,1100.0,1,0,0,0,0.0
107280,0,0.409062439,66,0,0.417048579,12000.0,13,0,1,0,1.0
107281,0,0.194436689,63,0,0.503156566,1583.0,8,0,1,0,1.0
107282,0,1.066386723,47,0,0.15502602,3650.0,3,0,0,0,2.0
107283,0,0.352160605,60,0,2146.0,,6,0,1,0,0.0
107284,0,0.030458636,75,0,0.00659868,5000.0,5,0,0,0,0.0
107285,0,0.184543638,22,0,0.0029133279999999998,2745.0,2,0,0,0,0.0
107288,0,0.0,64,0,0.304316233,6880.0,6,0,2,0,0.0
107289,0,0.966668889,50,0,0.229038855,4400.0,3,0,0,0,0.0
107290,0,0.13338266199999999,55,0,0.477287877,10500.0,19,0,3,0,0.0
107291,0,0.757695343,27,1,0.429295489,1972.0,5,0,0,0,0.0
107292,0,0.370530175,43,0,0.522035438,2200.0,7,0,0,0,0.0
107293,0,0.079437203,35,0,0.21946881699999998,8433.0,11,0,2,0,0.0
107294,0,0.10319885699999999,47,1,0.24486248800000002,9780.0,11,0,2,0,1.0
107295,0,0.354329134,50,0,0.352866444,6296.0,7,0,1,0,2.0
107296,0,0.9040191959999999,35,0,0.43052492299999995,2266.0,5,0,0,0,0.0
107298,0,0.005427021,47,0,0.45175804,6000.0,8,0,2,0,0.0
107300,0,0.041275341,37,0,4030.0,,8,0,3,0,0.0
107301,0,0.0,88,0,0.0,,2,0,0,0,
107302,0,0.38586629200000006,64,0,0.17268961600000002,7000.0,10,0,0,0,0.0
107304,0,0.871550904,33,1,0.11029656800000001,3000.0,3,0,0,1,0.0
107307,0,0.9999998999999999,28,0,0.09298691199999999,5118.0,4,0,0,0,1.0
107309,1,0.5283361560000001,45,0,0.431625904,6500.0,12,0,2,0,3.0
107310,0,0.9999998999999999,45,0,0.32416993899999996,2800.0,1,2,0,0,1.0
107311,0,0.0,67,0,731.0,,3,0,1,0,0.0
107313,0,0.097338027,51,0,0.47416,12499.0,18,0,3,0,0.0
107314,0,0.113797155,57,0,0.16933858100000002,31250.0,5,0,2,0,0.0
107315,0,0.104415577,47,0,0.027153322,7917.0,6,0,0,0,0.0
107316,0,0.0,66,0,0.0,,1,0,0,0,0.0
107318,1,0.9999998999999999,52,2,0.8937592870000001,1345.0,2,1,1,3,1.0
107319,0,0.7182213940000001,56,0,3005.0,,15,0,1,0,0.0
107320,0,0.136195505,38,0,0.29140156300000003,5500.0,5,0,2,0,2.0
107321,0,0.779784769,42,4,4343.0,,8,0,2,0,2.0
107322,0,0.583876111,56,0,0.563768116,4139.0,27,0,1,0,0.0
107323,0,0.636590428,29,1,0.391769356,4300.0,8,0,0,0,0.0
107324,0,0.013832128,78,0,1.8718801999999999,600.0,13,0,1,0,0.0
107325,0,0.033783301,53,0,570.0,,5,0,0,0,0.0
107326,0,0.649155304,56,0,1.79989596,17300.0,12,0,0,0,2.0
107327,1,0.044865664000000006,31,2,0.209647495,4850.0,5,0,0,1,2.0
107328,0,0.068238334,65,0,0.074850014,10500.0,15,0,0,0,0.0
107329,0,0.906483102,78,0,0.136822773,4355.0,7,0,0,0,1.0
107331,0,0.10694733,56,0,1.244889988,7680.0,22,0,3,0,1.0
107332,0,0.357294016,69,0,3869.0,,14,0,2,0,0.0
107333,0,0.140669533,51,0,2919.0,,7,0,1,0,3.0
107334,0,0.62183085,38,0,0.04834199,12514.0,4,0,0,1,2.0
107336,0,0.19368057,37,0,3006.0,,13,0,1,0,0.0
107337,0,0.9436598890000001,53,0,0.714576962,980.0,7,0,0,0,2.0
107338,0,0.000569772,55,0,716.0,,16,0,1,0,0.0
107339,0,0.626174771,38,0,0.455399061,5750.0,6,0,1,0,1.0
107340,0,0.26771123399999996,46,0,1278.0,,7,0,0,0,2.0
107341,1,0.7964071859999999,61,1,1483.0,,5,1,0,0,0.0
107343,0,0.06209872599999999,52,0,0.261245675,1733.0,4,0,0,0,0.0
107344,0,0.024848952999999997,58,0,0.20397960199999998,10000.0,9,0,1,0,1.0
107345,0,0.28873556300000003,38,0,2216.0,,4,0,1,0,0.0
107347,0,0.009988118,60,0,0.565405766,6000.0,7,0,4,0,0.0
107348,0,0.640371686,70,0,0.245011135,22900.0,16,0,2,0,1.0
107349,0,0.051827335999999995,67,0,22.0,,3,0,0,0,0.0
107350,0,0.9999998999999999,40,0,0.28610035100000003,11100.0,6,0,2,0,2.0
107355,0,0.04656995,33,0,0.35362237,7080.0,8,0,1,0,1.0
107357,0,0.840519712,41,0,0.42757494799999995,6737.0,17,0,0,0,1.0
107358,0,0.39380028200000006,38,0,0.613969608,3750.0,7,0,1,0,1.0
107359,0,0.311981115,60,0,0.759762574,3200.0,6,0,1,0,0.0
107360,0,0.8884656590000001,40,0,0.442800789,7097.0,11,0,4,0,1.0
107361,0,0.700648203,58,0,0.166569997,18964.0,17,0,2,0,1.0
107363,0,0.02859714,33,1,0.369931379,4808.0,6,0,1,0,3.0
107364,0,0.015486782,63,0,0.362409398,4000.0,5,0,1,0,0.0
107365,0,0.068308231,67,0,0.012502521,4958.0,4,0,0,0,0.0
107366,0,0.151770574,58,0,0.18856604100000002,11666.0,19,0,2,0,0.0
107368,0,0.031176386,67,0,0.065386923,5000.0,15,0,0,0,0.0
107369,0,0.108275669,36,0,0.392001666,4800.0,5,0,1,0,3.0
107370,0,0.0,76,0,0.498456109,6800.0,9,0,1,0,0.0
107371,0,0.012613758000000001,51,0,0.078373488,10500.0,9,0,1,0,0.0
107372,0,0.326289973,42,0,0.141203298,5700.0,7,0,0,0,3.0
107373,0,0.8041084390000001,59,0,0.46178629,5586.0,5,0,1,0,1.0
107374,0,0.160318163,67,0,0.47900247,8500.0,9,0,2,0,0.0
107375,0,0.11824603199999999,33,0,1.118413905,1840.0,11,0,2,0,1.0
107376,0,0.006024343000000001,50,0,1.072154805,3048.0,13,0,1,0,2.0
107377,0,0.185349546,77,0,1468.0,,7,0,1,0,0.0
107379,0,0.039781541000000004,68,0,0.25938353,17583.0,12,0,2,0,0.0
107380,0,0.006083283,57,0,2398.0,,16,0,1,0,1.0
107381,0,0.991547808,62,0,0.219971432,7700.0,10,0,0,0,3.0
107383,0,0.233156334,31,0,0.051289742,3333.0,3,0,0,0,0.0
107384,0,0.21634201,25,0,0.026409707,1400.0,4,0,0,0,0.0
107385,1,0.484940521,35,3,663.0,,9,4,0,0,0.0
107387,0,0.020518012,72,0,0.063990155,6500.0,6,0,1,0,0.0
107388,0,0.107927472,76,0,255.0,,11,0,0,0,0.0
107390,0,0.025967542000000003,78,0,0.012498438,8000.0,8,0,0,0,1.0
107391,1,1.068490002,56,1,0.275668537,3028.0,6,0,0,1,0.0
107392,0,0.9999998999999999,26,0,0.08472881800000001,4000.0,2,0,0,0,0.0
107393,0,0.615528531,37,1,0.957991803,10735.0,16,0,9,0,2.0
107394,0,0.8648861990000001,30,0,0.567064704,3600.0,6,0,1,0,2.0
107396,1,0.0,60,2,1.0432972520000001,1200.0,7,3,0,1,0.0
107397,0,0.052871642,53,0,0.084727685,15000.0,21,0,0,0,0.0
107398,0,0.657567708,53,0,0.624136797,3040.0,5,0,2,0,0.0
107399,0,0.01559922,59,0,0.268326865,9275.0,5,0,1,0,1.0
107400,0,0.436060966,43,0,0.091058785,6072.0,7,0,1,0,3.0
107402,0,0.007723157,58,0,0.593259069,3500.0,8,0,2,0,5.0
107406,0,0.053747313,54,0,0.169426911,16000.0,6,0,2,0,3.0
107408,0,0.014949253000000001,69,0,13.0,,4,0,0,0,0.0
107409,0,0.007964001,60,0,0.001107624,5416.0,1,0,0,0,0.0
107410,0,0.5539421729999999,27,0,0.437403876,3250.0,11,0,0,0,0.0
107411,0,0.37801799999999997,56,0,1.177277179,6125.0,20,0,3,0,1.0
107412,1,0.667922341,33,0,0.015381135,4420.0,3,0,0,0,2.0
107414,0,0.001519711,43,0,0.38068029600000003,11200.0,8,0,2,0,2.0
107415,0,0.24241055399999997,59,0,3149.0,,11,0,1,0,2.0
107416,0,0.017586017,79,0,0.25464055,9750.0,14,0,1,0,1.0
107417,0,0.22455101800000002,49,0,0.248824038,10416.0,7,0,1,0,2.0
107418,0,0.114672576,50,0,0.0750313,11181.0,5,0,1,0,1.0
107421,0,0.01293723,75,0,0.005240175,3434.0,3,0,0,0,0.0
107422,0,0.098980361,39,0,0.45856980700000005,6166.0,8,0,2,0,1.0
107423,0,0.054794521,58,0,2577.0,,5,0,2,0,0.0
107424,0,0.9999998999999999,25,0,0.045956952,1718.0,2,0,0,0,0.0
107425,0,0.40010026299999996,52,0,0.802943489,8900.0,12,0,3,0,1.0
107426,0,1.035171863,40,3,0.651304831,1800.0,6,3,0,1,3.0
107427,0,0.013015931000000001,48,0,0.025088147999999998,7373.0,56,0,0,0,0.0
107428,0,0.027674631,43,0,0.455691964,8959.0,19,0,2,0,2.0
107429,0,0.28626372,32,0,0.205397301,2000.0,10,0,0,0,0.0
107430,0,0.0,39,0,0.443280977,4583.0,6,0,1,0,1.0
107431,0,0.9969236690000001,53,0,0.427520805,5166.0,6,0,1,0,1.0
107432,0,0.264441706,44,0,0.590205061,9167.0,9,0,2,0,2.0
107433,0,0.002687165,70,0,0.041805178,9926.0,11,0,0,0,0.0
107436,0,0.070528631,74,0,0.010923185,2837.0,2,0,0,0,0.0
107437,0,0.013463016000000001,63,2,0.610453649,6083.0,20,0,2,0,0.0
107438,1,0.126045419,74,0,0.044017359000000006,8064.0,5,0,0,0,0.0
107439,0,0.469348074,48,3,0.43242708799999996,10114.0,6,0,1,0,1.0
107441,1,0.207983361,27,1,0.084158416,1615.0,3,1,0,0,0.0
107443,0,0.018880568,67,0,0.8326620290000001,2730.0,12,0,2,0,0.0
107444,0,0.004019898,63,0,0.006929047,3607.0,2,0,0,0,0.0
107446,0,0.469473918,74,0,0.758096876,3488.0,6,0,2,0,2.0
107447,0,0.005574531999999999,72,0,0.189115841,7000.0,15,0,2,0,1.0
107450,0,0.16673944599999999,73,0,1129.0,,13,0,2,0,0.0
107451,0,0.015753361,72,0,0.564596717,1400.0,6,0,1,0,0.0
107453,0,1.0272184420000001,33,0,2.691837868,1800.0,5,0,3,0,0.0
107455,0,0.009673563,47,0,0.072273538,6170.0,3,0,0,0,2.0
107460,0,0.264292857,53,0,232.0,,3,0,0,0,0.0
107462,0,0.030031416000000002,65,0,0.182821802,17300.0,24,0,3,0,0.0
107463,0,0.9999998999999999,40,0,0.37138702100000004,5500.0,7,0,1,0,2.0
107465,0,0.012130614,67,0,0.145699615,3115.0,10,0,1,0,0.0
107468,1,0.920017823,45,3,0.595523724,5584.0,12,0,1,1,1.0
107470,0,0.665287771,47,0,0.468869537,12286.0,13,0,1,0,5.0
107471,0,0.878983156,39,0,0.20634462899999997,6934.0,10,0,0,0,2.0
107472,0,0.030248487999999997,44,0,1523.0,,4,0,1,0,0.0
107473,0,0.204537405,46,0,0.161562361,4505.0,5,0,0,0,3.0
107474,0,0.127490696,52,0,0.49780029299999995,7500.0,21,0,2,0,1.0
107475,1,0.935447015,31,0,1002.0,,7,0,1,0,1.0
107476,0,0.607163919,54,1,1.162931907,6916.0,13,0,4,0,0.0
107478,0,0.9999998999999999,22,0,142.0,,1,0,0,0,0.0
107479,0,0.003022088,79,0,0.316894369,3000.0,4,0,1,0,0.0
107480,0,0.0,36,0,0.162313433,2679.0,2,0,0,0,0.0
107481,0,0.9999998999999999,52,0,0.0,4590.0,0,0,0,0,2.0
107482,0,0.40778607899999997,32,0,0.28140257399999996,2252.0,8,0,0,0,2.0
107483,0,0.33701013399999996,24,0,668.0,,4,0,0,0,0.0
107485,0,0.077178618,70,0,0.078348581,8525.0,6,0,2,0,0.0
107486,0,1.573705179,45,1,0.24986849,1900.0,3,1,0,1,0.0
107487,0,0.11873300199999999,86,0,1363.0,,7,0,2,0,0.0
107488,0,0.080705553,75,0,254.0,,8,0,0,0,0.0
107489,0,0.020855985,85,0,0.005847953,3077.0,4,0,0,0,0.0
107494,0,0.139903684,56,0,10255.0,,12,0,5,0,0.0
107495,0,0.07065396,68,0,0.09898585900000001,7000.0,9,0,0,0,0.0
107498,0,0.348070295,34,1,0.476508121,3447.0,5,0,1,0,3.0
107499,0,0.24463755399999998,63,0,0.42268109200000004,15157.0,11,0,2,0,0.0
107500,0,0.017311959,66,0,0.003466205,7500.0,5,0,0,0,0.0
107502,0,0.0029065740000000003,51,0,0.660655738,3049.0,9,0,1,0,2.0
107503,0,0.021554204,65,0,0.012908125,3950.0,7,0,0,0,0.0
107504,0,0.204857791,63,0,0.231314185,18208.0,5,0,1,0,0.0
107505,0,0.9999998999999999,47,4,705.0,0.0,4,0,0,0,0.0
107506,0,0.623536133,55,0,0.84448121,4230.0,9,0,1,0,1.0
107507,0,0.310477554,33,1,0.7413308340000001,3200.0,10,0,2,0,0.0
107508,0,0.004785543,46,0,0.6819199429999999,11166.0,15,0,9,0,2.0
107509,0,1.0291618059999998,51,0,0.765141135,3648.0,12,0,2,0,1.0
107511,1,1.086373944,62,2,0.4174872,2538.0,6,1,0,0,0.0
107512,0,0.06942706900000001,51,0,0.260067267,11000.0,10,0,3,0,2.0
107513,0,0.327076605,52,0,0.40742243,14792.0,10,0,3,0,0.0
107516,0,0.028051384,52,0,1540.0,,9,0,1,0,0.0
107517,0,0.1295897,43,0,0.01279872,10000.0,6,0,0,0,2.0
107518,0,0.018019701000000003,65,1,5338.0,,11,0,3,0,
107519,0,0.6664004020000001,42,0,0.330186507,4342.0,8,0,0,0,1.0
107520,0,0.015943095,67,0,0.0023582679999999997,10600.0,2,0,0,0,0.0
107522,0,0.08924725800000001,44,0,0.511845039,7175.0,14,0,2,0,4.0
107523,0,0.10996584699999999,38,0,0.390112942,5400.0,7,0,1,0,0.0
107525,0,0.002363565,47,0,0.189901577,14833.0,8,0,2,0,2.0
107526,1,0.94057822,54,0,0.7918190890000001,3006.0,9,2,2,2,1.0
107527,0,0.086922363,45,0,0.012148258,16133.0,3,0,0,0,3.0
107529,0,0.00142849,39,0,0.11664732800000001,14650.0,3,0,2,0,1.0
107531,0,0.006873294,43,0,0.44083574700000006,4833.0,6,0,2,0,0.0
107532,1,1.002285388,35,3,0.322116162,6180.0,11,0,0,0,1.0
107533,0,0.082196712,59,1,0.335613761,5115.0,12,0,2,0,0.0
107534,0,0.9236889159999999,35,0,1.890140845,2129.0,9,0,2,0,0.0
107535,0,0.033505931,42,0,0.00777605,4500.0,4,0,0,0,0.0
107538,0,0.07310705,39,0,0.092329324,6400.0,3,0,0,0,0.0
107539,0,0.009377360999999999,68,0,6.0,,8,0,0,0,0.0
107540,0,0.872530749,58,0,0.657039711,3600.0,19,0,1,0,0.0
107543,0,0.20251607800000002,41,0,0.346560847,6803.0,12,0,2,0,1.0
107544,0,0.46264179200000005,46,0,0.23466391600000003,12600.0,6,0,2,0,0.0
107545,0,0.043312973,49,1,0.450814208,10500.0,19,0,3,0,3.0
107546,0,0.090791199,75,0,0.072228926,5800.0,12,0,1,0,1.0
107547,0,0.259640103,52,2,0.050184362999999996,16000.0,9,0,0,0,4.0
107550,0,0.072096985,27,0,0.071761831,4500.0,6,0,0,0,0.0
107551,0,0.6760107940000001,47,0,0.727236368,7500.0,6,0,2,0,2.0
107553,0,0.198288952,42,0,0.152461885,4000.0,5,0,0,0,2.0
107556,0,0.0,87,0,0.0,7143.0,5,0,0,0,0.0
107558,0,0.393830078,37,0,0.637470847,3858.0,8,0,1,0,1.0
107559,0,0.303671302,50,0,3243.0,,11,0,1,0,2.0
107560,0,0.807474797,26,0,1040.0,,12,0,0,0,
107561,0,0.145543364,77,0,316.0,,14,0,0,0,0.0
107562,0,0.17291622,45,0,576.0,,3,0,0,0,0.0
107563,0,0.055499159000000006,80,0,0.138651147,2920.0,7,0,0,0,1.0
107564,0,0.300470444,52,1,0.9223167090000001,4350.0,7,0,1,0,2.0
107565,0,0.166525652,63,0,0.016995074,4059.0,6,0,0,0,1.0
107567,0,0.18484063,50,0,0.222377753,10715.0,19,0,0,0,1.0
107570,0,0.13954261199999998,56,0,0.074629613,10866.0,5,0,0,0,0.0
107571,0,0.14715113800000001,61,0,0.693653173,2000.0,9,0,1,0,0.0
107572,1,0.9999998999999999,54,0,0.0,,0,0,0,0,0.0
107574,0,0.15701399900000002,58,0,0.26037917,12500.0,5,0,1,0,1.0
107575,0,0.35238209600000003,62,0,0.29409724,57650.0,9,0,2,0,0.0
107576,0,0.22380800899999997,39,0,0.290448529,10500.0,5,0,3,0,4.0
107577,0,0.149501661,68,0,1754.0,,16,0,2,0,1.0
107582,0,0.035643077999999995,27,0,0.36885049200000003,4166.0,9,0,1,0,0.0
107583,0,0.0027852640000000004,33,0,0.60268714,2083.0,15,0,1,0,0.0
107586,1,1.029436268,46,0,0.074973224,2800.0,10,0,0,0,1.0
107588,0,0.613172375,72,0,0.698365082,6666.0,10,0,2,0,0.0
107589,0,0.38617258299999996,71,0,0.9843664790000001,5500.0,11,0,2,0,0.0
107590,0,0.237854018,48,1,0.11809882599999999,6900.0,12,0,0,0,0.0
107591,0,0.9999998999999999,54,0,0.108532667,2800.0,3,0,0,0,3.0
107594,0,0.065144929,70,0,0.023992002999999998,3000.0,4,0,0,0,2.0
107595,0,0.0,67,0,0.461833035,3916.0,17,0,1,0,0.0
107596,0,0.375077316,51,2,2332.0,,13,0,1,1,0.0
107597,0,0.100888102,57,0,0.661067115,12500.0,20,0,2,0,0.0
107598,0,0.522791277,65,0,0.320289698,9250.0,11,0,2,0,0.0
107599,0,0.0,56,1,0.002856327,3500.0,6,1,0,0,0.0
107603,0,0.095720699,65,1,2225.0,,15,0,2,0,1.0
107604,0,0.312817061,37,0,0.32354035,24200.0,16,0,6,0,0.0
107605,0,0.001320459,55,0,0.38985005799999994,2600.0,12,0,1,0,0.0
107607,0,0.744353643,54,1,0.310362542,13625.0,12,0,2,0,1.0
107608,0,0.722996761,29,1,0.819732034,820.0,4,0,0,0,0.0
107609,0,0.145369205,29,0,0.11115260099999999,8033.0,5,0,0,0,2.0
107610,0,0.00710935,61,0,23.0,,15,0,0,0,
107611,0,0.063248243,51,0,0.19298524,6300.0,6,0,1,0,2.0
107612,0,0.034927279,39,0,0.772963605,4038.0,8,0,2,0,2.0
107614,0,0.35668348299999997,66,0,1899.0,,7,0,1,0,0.0
107615,0,0.10256260800000001,42,0,0.227216456,10500.0,11,0,1,0,0.0
107618,0,0.59972259,43,0,4146.0,,20,0,2,0,2.0
107619,0,0.18558176,46,0,0.278148973,12122.0,12,0,2,0,1.0
107621,0,0.13615265599999998,49,0,0.011664723,6000.0,4,0,0,0,3.0
107623,0,0.039973197,41,0,0.383009359,4166.0,5,0,1,0,3.0
107624,1,0.9999998999999999,58,2,0.103474131,4000.0,2,2,0,0,2.0
107625,0,0.588467485,42,1,0.46275620700000003,6000.0,13,0,1,0,0.0
107627,0,0.015374833999999999,83,0,619.0,,2,0,1,0,0.0
107629,0,0.01249875,59,0,0.000426015,7041.0,2,0,0,0,2.0
107630,0,0.078245809,47,1,0.36945221899999997,2500.0,10,0,0,0,0.0
107631,0,0.043695643,58,0,0.059818649,22166.0,8,0,0,0,2.0
107632,0,0.107480349,74,0,1357.0,,11,0,1,0,3.0
107633,0,0.004675075,73,0,0.004318618,2083.0,9,0,0,0,0.0
107634,0,0.562935045,31,2,0.43775896200000003,5550.0,7,0,1,0,0.0
107636,0,0.035745387999999996,71,0,2769.0,,13,0,2,0,1.0
107638,0,0.556425697,37,3,0.14956256099999998,7200.0,8,1,0,1,4.0
107639,0,0.9999998999999999,54,0,0.0,1666.0,1,0,0,0,0.0
107643,0,0.087158584,47,2,0.502229846,2914.0,9,0,1,0,3.0
107644,0,0.9414589179999999,60,0,0.429747454,7166.0,20,0,3,0,1.0
107645,0,0.224445825,39,0,0.469076785,6693.0,10,0,1,0,2.0
107647,1,1.065800162,70,2,624.0,,4,1,0,0,0.0
107648,0,0.9999998999999999,41,0,0.007816761,5500.0,0,0,0,0,0.0
107649,0,0.096515894,61,0,0.010031509000000001,15550.0,9,0,0,0,0.0
107650,0,0.9369859909999999,45,3,0.221567106,6444.0,18,0,0,0,0.0
107651,0,0.04834722599999999,62,0,0.297325255,6766.0,12,0,2,0,0.0
107652,0,0.660052515,55,0,0.487482875,8028.0,19,0,1,0,1.0
107654,0,0.768061597,44,0,0.6006855179999999,3500.0,5,0,1,0,2.0
107655,0,0.0066845640000000005,50,0,3191.0,,11,0,2,0,3.0
107656,0,0.012797441000000001,25,0,0.162837163,1000.0,4,0,0,0,0.0
107657,0,0.40027998600000003,44,0,0.26831599100000003,9417.0,10,0,2,0,0.0
107658,0,0.41292544,44,0,0.44180343299999997,5300.0,10,0,2,0,3.0
107659,0,0.09751600099999999,78,1,0.257580806,3000.0,15,0,0,0,0.0
107660,0,0.9539768259999999,49,0,0.879570941,2050.0,5,0,0,0,0.0
107662,0,0.069881178,72,0,0.18117108699999998,11800.0,12,0,2,0,1.0
107663,0,0.00769923,74,0,1.022651566,1500.0,6,0,1,0,0.0
107664,0,0.077134674,60,0,0.18008314399999997,15875.0,8,0,2,0,2.0
107665,0,0.049135806,74,0,0.325606664,8282.0,12,0,2,0,0.0
107666,0,0.019329767,77,0,0.02124115,2400.0,11,0,0,0,0.0
107667,0,0.38366718,58,0,0.882693394,7083.0,8,0,4,0,1.0
107668,1,0.35909393700000003,24,2,0.01065956,1500.0,4,1,0,0,0.0
107670,0,0.107668283,48,0,4041.0,,7,0,2,0,0.0
107671,0,0.054087687,66,0,72.0,,3,0,0,0,0.0
107672,0,0.005150607,81,0,0.117781234,9644.0,16,0,2,0,0.0
107673,0,0.9999998999999999,51,2,0.300708038,2400.0,3,0,0,1,0.0
107674,0,0.073159408,55,0,122.0,,6,0,0,0,0.0
107675,0,0.0,66,0,1990.0,,6,0,1,0,0.0
107677,0,0.9999998999999999,47,1,957.0,,2,1,0,1,0.0
107678,0,0.067834831,56,0,1470.0,,4,0,1,0,
107679,0,0.058950907000000004,40,0,120.0,0.0,4,0,0,0,2.0
107681,0,0.655192751,83,0,0.260528194,1400.0,3,0,0,0,0.0
107682,0,0.029236217999999998,64,0,629.0,,6,0,1,0,
107683,0,0.005907389,34,0,0.47325378700000004,7458.0,5,0,2,0,0.0
107684,0,0.047014484,55,0,0.20455146899999999,11336.0,7,0,2,0,2.0
107685,0,0.9999998999999999,25,0,0.0,3250.0,0,2,0,0,0.0
107686,0,0.730626937,42,0,1.115619546,4583.0,6,0,1,0,1.0
107688,0,0.125015459,62,0,0.300958988,4900.0,7,0,1,0,0.0
107691,0,0.9337978290000001,61,0,0.921936759,7083.0,10,0,2,0,0.0
107693,0,0.052574622,63,0,0.387910993,6021.0,10,0,2,0,1.0
107694,0,0.9999998999999999,50,0,0.0,,3,0,0,0,
107695,0,0.015490743000000001,63,0,0.256193756,9000.0,11,0,1,0,0.0
107696,0,1.009532698,44,2,1916.0,,4,0,1,0,3.0
107697,0,0.37656246299999996,52,0,0.37813819200000004,4500.0,3,0,1,0,1.0
107698,1,0.20492746899999997,69,0,0.196000879,4550.0,10,0,0,0,0.0
107699,1,0.137867179,76,2,0.073369332,11666.0,10,0,1,0,1.0
107701,0,0.0641729,89,0,659.0,,10,0,0,0,
107703,0,0.0018419439999999999,86,0,1.0,,6,0,0,0,
107707,0,0.856193671,63,2,1.2319771590000002,1400.0,9,0,2,1,0.0
107708,0,0.0070339980000000005,41,0,0.257009346,6633.0,6,0,1,0,0.0
107709,1,0.191473518,53,0,0.7263728490000001,4242.0,12,0,2,0,0.0
107710,0,0.435875787,50,0,0.445692884,10679.0,27,0,2,0,2.0
107712,0,0.730508422,62,2,0.418455991,6100.0,7,0,1,0,1.0
107713,0,0.134344637,44,0,0.269873013,10000.0,9,0,2,0,2.0
107714,0,0.021561152000000004,38,0,0.24175165,5000.0,5,0,1,0,1.0
107716,0,1.0104750820000001,45,0,0.5803226539999999,4400.0,16,0,3,0,3.0
107717,0,0.011904195,55,0,0.828143022,2600.0,32,0,1,0,1.0
107718,0,0.9999998999999999,30,1,0.0,4500.0,0,2,0,0,2.0
107719,0,1.01035591,48,0,0.36210631600000004,6000.0,9,0,2,0,2.0
107720,0,0.9999998999999999,50,0,61.0,,0,2,0,0,0.0
107721,0,0.619680527,26,1,0.140752434,3800.0,5,0,0,0,0.0
107722,0,0.30889354399999996,26,0,0.18973666399999997,1480.0,4,0,0,0,0.0
107723,1,0.10391006300000001,74,4,0.673402948,16279.0,28,0,16,0,0.0
107724,0,0.9999998999999999,25,0,0.140865385,2079.0,1,0,0,0,0.0
107727,0,0.9999998999999999,54,0,0.0,2856.0,0,0,0,0,0.0
107728,0,0.134987728,67,0,0.36167295200000005,5833.0,7,0,2,0,0.0
107730,0,0.637009075,29,0,0.302821595,4500.0,8,0,0,0,1.0
107731,0,0.020494586000000002,50,0,0.35195149,11708.0,21,0,3,0,1.0
107732,1,0.9999998999999999,32,1,0.45182481799999996,2739.0,2,1,1,0,2.0
107733,0,0.00139657,73,0,0.26134773,5000.0,4,0,0,0,0.0
107736,0,1.132334582,32,0,0.117451062,2400.0,4,0,0,0,0.0
107737,0,0.041291993,34,0,0.48191238,5500.0,6,0,2,0,1.0
107738,0,0.082647766,63,1,667.5,1.0,6,0,1,0,0.0
107739,0,1.003177734,58,1,0.64058911,7400.0,14,0,2,0,1.0
107741,0,0.12492695300000001,45,0,0.87564974,2500.0,10,0,2,0,2.0
107744,0,0.8483492970000001,45,0,0.368921861,12400.0,14,0,2,0,2.0
107747,1,0.67887658,65,0,0.27996889199999997,9000.0,6,0,2,0,1.0
107748,0,0.494738677,48,0,0.752743963,5010.0,14,0,2,0,4.0
107752,0,0.947853362,36,1,0.254640647,2100.0,4,1,0,0,1.0
107753,0,0.021110642000000002,65,0,1.59051186,800.0,8,0,1,0,0.0
107754,1,0.785764956,63,1,370.0,,3,0,0,0,0.0
107756,0,0.0,39,0,0.8013833990000001,7083.0,10,0,3,0,0.0
107757,0,0.717052618,60,0,0.3608,6249.0,10,0,0,0,3.0
107758,0,0.9999998999999999,37,0,379.0,0.0,1,0,0,0,0.0
107759,0,0.13273278800000002,47,0,0.11735061199999999,4166.0,17,0,1,0,0.0
107760,0,0.04403891099999999,68,0,65.0,,3,0,0,0,0.0
107762,0,0.79641013,32,2,5478.0,0.0,11,0,2,2,2.0
107763,0,0.07909209099999999,73,0,0.0032647270000000003,7044.0,1,0,0,0,2.0
107764,0,0.547909003,51,0,0.39354207399999996,5109.0,6,0,2,0,1.0
107766,0,0.452362734,36,0,0.236319416,7400.0,5,0,0,0,2.0
107769,0,0.9569014370000001,51,0,0.6634967079999999,4100.0,11,0,2,0,0.0
107770,0,0.47730453899999997,56,0,0.22019960100000002,12524.0,9,0,1,0,0.0
107771,0,0.032261975,85,0,0.004475764,10500.0,10,0,0,0,0.0
107773,0,0.725164767,55,0,0.5387178979999999,5100.0,13,0,1,0,0.0
107775,0,0.054215034,45,0,3107.0,,6,0,1,0,0.0
107776,0,0.050884276,85,0,0.256709452,1713.0,17,0,1,0,0.0
107777,0,0.138681778,58,0,0.20648284600000003,4750.0,12,0,1,0,0.0
107778,0,0.153419517,48,0,0.380336713,10750.0,15,0,1,0,0.0
107779,0,0.0,54,0,0.311344508,13900.0,10,1,4,0,2.0
107780,0,0.9999998999999999,36,0,0.15646748300000002,4166.0,1,0,0,1,1.0
107782,0,0.250961515,81,0,0.372930166,4166.0,12,0,1,0,0.0
107784,0,0.01851217,72,0,0.00099975,4000.0,2,0,0,0,1.0
107785,0,0.187301758,49,0,0.216586449,2700.0,3,0,0,0,1.0
107787,0,0.28411285,58,0,0.308458766,9433.0,9,0,2,0,0.0
107788,0,0.006069911,65,0,0.311125916,1500.0,14,0,0,0,0.0
107789,0,0.36687302899999996,52,1,0.465202141,5416.0,12,0,2,0,0.0
107790,0,0.41547403299999996,32,0,0.37164925,2200.0,8,0,1,0,0.0
107791,1,0.66505881,35,1,0.945120875,5666.0,12,0,2,1,3.0
107792,0,0.001553949,78,0,0.00079968,2500.0,4,0,0,0,0.0
107793,0,0.415939099,46,0,0.120223783,8400.0,5,0,0,0,1.0
107794,0,0.002311442,51,1,1625.0,,4,0,1,0,0.0
107796,0,0.363990243,68,0,0.330950397,22800.0,21,0,3,0,1.0
107797,0,0.642823812,35,0,0.46242293,6000.0,8,0,2,0,1.0
107798,0,0.3911756,41,0,0.284517698,3700.0,8,0,0,0,0.0
107799,0,0.738762687,50,0,0.473436935,5533.0,8,0,2,1,0.0
107800,0,0.066663492,39,1,0.35190615799999997,3750.0,5,0,1,0,0.0
107801,1,0.849798479,39,0,0.6761369770000001,9256.0,12,0,2,0,0.0
107802,0,0.136101635,36,0,0.792992162,2168.0,8,0,1,0,0.0
107804,0,0.0200393,59,0,0.060525851,17000.0,21,0,0,0,3.0
107806,0,0.035898898,29,0,0.061802834,6633.0,6,0,0,0,2.0
107809,1,0.583846866,41,1,1.079788457,4348.0,23,0,1,0,3.0
107810,0,0.0,66,0,0.106578464,2720.0,4,0,0,0,0.0
107812,0,0.55856825,66,0,0.5396222070000001,8681.0,14,0,2,0,0.0
107813,0,0.139121463,44,0,0.572987271,6048.0,12,0,2,0,0.0
107816,0,0.0,53,0,0.087333003,8083.0,6,0,1,0,2.0
107817,0,0.042952105,38,0,0.321082035,3400.0,12,0,0,0,0.0
107819,0,0.0,69,0,0.0,,1,0,0,0,
107820,0,1.0013037809999998,61,0,0.644407065,5944.0,11,0,1,0,2.0
107821,0,0.9999998999999999,43,0,0.381433533,3166.0,8,0,1,0,0.0
107825,0,0.575812943,73,0,0.505206164,2400.0,16,0,1,0,0.0
107826,0,0.0,39,0,9428.0,,10,0,2,0,2.0
107827,0,0.214027291,66,0,0.188378496,6900.0,9,0,0,0,0.0
107828,0,0.12183919,61,0,0.028205604,5388.0,4,0,0,0,0.0
107829,0,0.14651218900000001,37,1,0.132283465,5079.0,6,0,0,0,1.0
107830,0,0.033770464,53,0,0.021969501000000002,3868.0,3,0,0,0,0.0
107833,0,0.9062646959999999,48,0,0.433108046,10800.0,13,0,3,0,2.0
107834,0,0.012079513,81,0,0.00499875,4000.0,4,0,0,0,0.0
107835,0,0.007843952,46,0,0.004186047,2149.0,9,0,0,0,3.0
107836,0,0.266877514,46,0,1.261671877,9916.0,17,0,5,0,1.0
107838,0,0.9999998999999999,54,1,0.18419951,16720.0,5,0,1,1,3.0
107839,0,0.481058936,39,0,0.415539838,9613.0,13,0,2,0,1.0
107840,0,0.16852540300000002,58,0,0.10745967699999999,4959.0,7,0,0,0,1.0
107848,0,0.609027387,43,0,0.280429893,4000.0,9,0,1,0,2.0
107849,0,0.010322998,78,0,0.28134373100000004,3333.0,8,0,1,0,0.0
107850,0,0.062589105,55,0,0.534428521,2860.0,9,0,1,0,0.0
107851,0,0.406382919,42,0,0.299713806,10132.0,9,0,2,0,1.0
107853,0,0.002132979,91,0,0.001428435,10500.0,7,0,0,0,0.0
107854,0,0.004418101,41,1,0.144144144,5660.0,4,0,1,0,1.0
107856,0,0.42311155799999994,54,0,0.496296296,10124.0,16,0,1,0,3.0
107857,0,0.137912738,45,0,0.256857181,7400.0,5,0,2,0,2.0
107858,0,0.24404342899999998,60,2,0.547994269,4187.0,17,0,2,0,0.0
107859,1,0.8227367520000001,61,1,1.965395894,1704.0,9,0,1,0,1.0
107861,0,0.20765282300000001,81,0,0.009237216,10500.0,4,0,0,0,0.0
107862,0,0.221477852,69,1,0.329583802,8000.0,3,0,1,0,0.0
107863,0,0.0,43,0,0.559592379,2256.0,5,1,0,0,2.0
107864,0,0.01099956,35,0,0.580641936,10000.0,9,0,2,0,2.0
107865,0,0.419302183,31,0,0.44419004,3493.0,7,0,1,0,0.0
107867,0,0.19503515,57,0,0.225493952,18270.0,9,0,1,0,1.0
107868,0,0.995846473,30,0,0.26398476600000004,4200.0,8,0,0,0,2.0
107870,0,0.06637269400000001,44,0,0.36119106700000003,10074.0,7,0,2,0,3.0
107873,0,0.8735632179999999,39,0,0.641274986,1850.0,8,0,0,0,2.0
107874,0,978.0,70,0,0.346325665,8953.0,5,0,1,0,0.0
107876,0,0.95020332,41,0,1.0154102459999998,2400.0,4,0,2,0,3.0
107877,0,0.8219464129999999,62,0,0.501706485,15235.0,16,0,2,0,1.0
107879,0,0.035846781,62,0,0.8243581,4400.0,9,0,1,0,0.0
107880,0,0.001511078,53,0,0.22983201,5416.0,7,0,1,0,0.0
107881,0,0.9999998999999999,49,1,0.020979021,1000.0,1,0,0,0,0.0
107882,0,0.0,45,0,2515.0,,6,0,1,0,0.0
107883,1,0.004701008,66,0,0.000499917,6000.0,3,0,0,1,0.0
107884,0,0.085412906,59,0,3717.0,,7,0,1,0,
107886,0,0.838567708,53,0,0.630709961,5450.0,17,0,1,0,3.0
107887,0,0.127543749,45,0,3971.0,,6,0,2,0,0.0
107888,0,0.9557514429999999,41,0,0.583658699,10500.0,36,0,0,0,2.0
107889,0,0.10077012800000001,66,0,0.15900976,4200.0,7,0,1,0,0.0
107890,0,0.046143962000000004,65,0,0.165102851,11083.0,7,0,1,0,0.0
107891,0,0.0,63,0,99.0,,5,0,0,0,3.0
107892,0,0.07559748,59,0,0.230366492,4583.0,5,0,2,0,3.0
107895,0,0.066819182,55,0,0.247500163,15300.0,8,0,1,0,2.0
107896,0,0.027286894,64,0,1173.0,,14,0,2,0,1.0
107897,0,0.005036289,61,0,1405.0,,16,0,3,0,1.0
107899,0,0.10062804800000001,69,0,0.23291113300000002,19500.0,12,0,3,0,0.0
107900,0,0.9999998999999999,32,0,439.0,,1,0,0,0,0.0
107902,0,0.022821352000000003,59,0,0.065993401,10000.0,5,0,1,0,1.0
107905,0,0.009932023,31,0,0.383504371,7892.0,17,0,2,0,1.0
107910,0,0.9999998999999999,62,0,0.061371289,6533.0,2,0,0,0,0.0
107913,0,0.785702908,42,0,0.41665151799999994,5500.0,5,0,0,0,0.0
107915,0,0.512777102,38,0,1.190382728,3056.0,8,0,2,0,3.0
107917,0,0.056736716,67,0,0.117000824,3640.0,7,0,0,0,2.0
107918,0,0.262434057,59,0,1.8059950040000001,1200.0,12,0,1,0,0.0
107919,0,0.9999998999999999,42,0,0.0,7000.0,0,0,0,0,1.0
107920,0,0.059388122,82,0,0.0015235189999999999,5250.0,1,0,0,0,0.0
107921,0,0.5183585310000001,31,0,0.140613847,1400.0,4,0,0,0,2.0
107922,0,0.13579769,28,0,0.127264173,4250.0,3,0,0,0,0.0
107923,0,0.062951305,45,0,1426.0,,5,0,1,0,0.0
107924,0,0.8962488759999999,26,0,1312.0,,6,0,0,0,0.0
107925,0,0.022448878,82,0,0.128712871,100.0,5,0,0,0,0.0
107926,0,0.43139730600000004,54,0,0.02716214,6000.0,3,0,0,0,0.0
107927,0,0.40321925,28,0,0.041294643,3583.0,2,0,0,0,0.0
107928,0,0.06563269099999999,53,0,0.026462173999999998,12583.0,14,0,0,0,0.0
107929,0,0.0,35,0,0.009137636,1750.0,6,0,0,0,0.0
107930,0,0.212320058,51,0,0.915357766,4583.0,7,0,4,0,0.0
107931,0,0.08,62,0,1.488139825,800.0,4,1,1,1,0.0
107933,0,0.274463553,63,1,0.5153225810000001,4959.0,10,0,1,0,0.0
107935,0,0.264106207,61,2,0.47790245,13100.0,15,1,2,0,2.0
107936,0,0.0,31,0,1208.0,0.0,5,0,2,0,0.0
107937,0,0.715300618,33,0,0.213364904,3800.0,6,0,0,0,1.0
107938,0,0.217204625,36,0,1919.0,,9,0,1,0,3.0
107940,0,0.267408902,63,0,0.64083979,4000.0,8,0,1,0,0.0
107944,0,0.00091548,75,0,0.128684586,7700.0,17,0,2,0,0.0
107945,0,0.0,47,0,0.34047415,3500.0,5,0,1,0,2.0
107947,0,0.066720945,46,0,0.66572946,3200.0,7,0,1,0,1.0
107948,0,0.0,76,0,1117.0,,6,0,1,0,0.0
107949,0,0.041615667,30,0,0.6176657489999999,4720.0,10,0,2,0,4.0
107950,0,0.9999998999999999,33,1,0.11744777,7083.0,4,1,0,0,0.0
107951,0,0.13439552,46,0,0.861180542,5200.0,4,0,3,0,0.0
107952,0,0.318694504,30,1,0.566690699,4160.0,7,0,1,0,0.0
107953,0,0.06101363,63,0,2.249710536,2590.0,30,0,5,0,0.0
107955,0,0.24647677199999998,47,0,0.4705513,7962.0,10,0,1,0,1.0
107956,0,0.029715257999999998,36,0,0.062553556,3500.0,6,0,0,1,0.0
107957,0,0.267619925,57,0,0.29965156800000003,12914.0,20,0,3,0,3.0
107959,0,1064.0,81,0,0.002980483,10400.0,4,0,0,0,0.0
107961,0,0.048368017,63,0,0.288368492,5166.0,13,0,1,0,0.0
107962,0,0.42976720399999996,47,0,0.344272904,10816.0,13,0,2,0,0.0
107963,0,0.00979804,35,0,2034.0,,5,0,1,0,0.0
107964,0,0.6384040879999999,47,0,0.36278982600000004,16000.0,17,0,2,0,3.0
107965,0,0.038685082,80,0,18.0,,13,0,0,0,0.0
107966,0,0.179545581,78,0,96.0,,5,0,0,0,0.0
107967,0,0.60370923,58,0,4896.0,,13,0,3,0,1.0
107968,0,0.191590713,64,0,0.300539892,5000.0,13,0,2,0,1.0
107970,0,0.12404307,56,0,0.07366255099999999,2429.0,8,0,0,0,0.0
107971,0,0.9999998999999999,61,0,0.0,860.0,0,0,0,0,0.0
107973,0,0.041578313,49,0,0.48371614700000004,2916.0,8,0,1,0,1.0
107974,0,0.5347009739999999,63,0,7002.0,,15,0,3,0,3.0
107975,0,0.025443036000000002,84,0,0.057347133,20000.0,5,0,1,0,0.0
107976,0,0.01804768,32,1,0.056100982,4990.0,8,0,0,0,3.0
107978,0,0.01442623,78,0,0.20715630899999998,2654.0,14,0,1,0,0.0
107979,0,0.23229492899999998,51,0,1125.0,,5,0,1,0,0.0
107981,0,0.6333239589999999,39,0,0.330533893,5000.0,6,0,0,0,0.0
107982,0,0.220257748,45,0,0.42646345,10300.0,8,0,2,0,2.0
107983,0,0.028177391,43,0,0.00956106,2300.0,3,0,0,0,3.0
107984,0,0.36979745299999994,53,1,2020.0,,4,0,1,0,0.0
107985,0,0.777643138,22,1,0.222136818,1300.0,3,0,0,0,0.0
107986,0,0.35626627,49,1,0.304537106,14700.0,11,0,3,0,0.0
107987,0,0.094429104,56,0,0.014002785,12925.0,7,0,0,0,0.0
107988,0,0.25911520600000004,68,0,0.370125975,5000.0,18,0,1,0,1.0
107989,0,0.0,55,0,0.07435953099999999,9211.0,8,0,1,0,0.0
107990,0,0.007013187,64,0,0.16575298300000002,3100.0,8,0,1,0,0.0
107993,0,0.9999998999999999,43,0,0.649199148,10800.0,8,0,2,0,0.0
107994,0,0.398839878,57,1,0.40657311700000004,5415.0,11,0,2,0,0.0
107995,0,0.058949805,66,0,0.286560533,2700.0,16,0,1,0,0.0
107997,0,0.53046953,22,0,0.016129031999999998,929.0,2,0,0,0,0.0
108001,0,0.037153873,77,0,0.021591363,2500.0,7,0,0,0,2.0
108003,0,0.9999998999999999,57,0,0.02709729,10000.0,1,0,0,0,0.0
108004,0,0.053207225,52,0,1275.0,1.0,7,0,1,0,2.0
108005,0,0.543725924,31,1,0.165766847,5000.0,7,0,0,0,0.0
108006,0,0.004559201,34,1,1076.0,0.0,25,0,1,0,0.0
108007,0,0.0,38,0,0.36270915299999995,15000.0,12,0,2,0,1.0
108008,0,0.40740740700000005,58,0,0.9961538459999999,12999.0,14,0,6,0,0.0
108009,0,0.141330342,61,1,1828.0,,11,0,1,0,1.0
108010,0,0.0,72,0,0.252610531,4500.0,7,0,1,0,0.0
108011,0,0.045563902,67,0,0.39071744,12000.0,19,0,2,0,0.0
108013,0,0.9999998999999999,27,0,0.0,3816.0,1,0,0,0,0.0
108014,0,0.9999998999999999,40,1,0.20780911100000002,2304.0,2,0,0,0,1.0
108015,0,0.02928353,72,0,0.0020201,19800.0,7,0,0,0,0.0
108016,0,0.024008016,68,0,0.298103608,4323.0,24,0,1,0,1.0
108017,0,0.16219615699999998,41,0,0.49641726399999997,6000.0,8,0,1,0,1.0
108019,0,0.640233033,49,1,0.330320751,11285.0,12,0,2,0,1.0
108020,0,0.129147169,59,0,0.33664173,13500.0,17,0,2,0,0.0
108021,0,0.36997613100000004,58,0,0.024425082,7000.0,2,0,0,0,0.0
108022,0,0.01179941,83,0,0.004372267,1600.0,2,0,0,0,0.0
108023,0,0.292408603,45,0,0.350913995,6673.0,7,0,2,0,3.0
108024,0,0.181204699,67,0,0.11059044,3200.0,3,0,1,0,0.0
108026,0,0.113900703,68,0,0.081531268,13687.0,5,0,1,0,0.0
108027,0,0.026314866,54,0,0.005498625,4000.0,5,0,0,0,0.0
108028,0,0.221120452,46,0,0.31653522300000003,7480.0,5,0,1,0,2.0
108029,0,0.019784965,48,0,0.403066396,15783.0,21,0,6,0,1.0
108031,0,0.142104666,46,0,4066.0,0.0,15,0,2,0,1.0
108032,0,0.798395362,44,0,0.440984579,3371.0,5,0,0,0,1.0
108034,0,0.069216588,67,0,0.024338172999999998,4683.0,6,0,0,0,0.0
108035,0,0.979598685,59,0,3869.0,,13,0,2,0,0.0
108037,1,0.30597719,55,0,0.728305148,8100.0,15,0,4,0,0.0
108039,1,0.464535465,26,0,0.117952819,2500.0,2,1,0,1,0.0
108041,0,0.09911261099999999,32,0,0.8570330509999999,1300.0,6,0,1,0,0.0
108042,1,1.441860465,29,1,0.174920491,2200.0,5,2,0,0,0.0
108044,0,1.002499609,50,1,0.34009427200000003,7000.0,12,0,1,1,1.0
108045,0,0.554954768,43,0,0.159738084,6566.0,7,0,0,0,5.0
108047,0,0.0,74,0,509.0,,11,0,1,0,0.0
108048,0,0.82380777,48,0,0.853731343,8709.0,16,0,2,0,3.0
108049,0,1.101796407,33,0,0.04736211,1667.0,3,0,0,0,0.0
108050,0,0.06031953,43,2,0.324407375,4555.0,8,0,0,0,3.0
108051,0,0.0,74,0,0.611481292,1950.0,3,0,1,2,0.0
108053,0,0.21454695699999998,82,0,2.105990783,650.0,19,0,1,0,0.0
108057,0,0.058538799,26,0,0.128827267,1730.0,3,0,0,0,0.0
108059,0,0.035451342999999996,68,0,0.555285541,6583.0,8,0,2,0,0.0
108061,0,0.855700463,54,0,2972.0,,14,0,2,0,0.0
108063,0,0.055278188,58,0,0.324130727,6700.0,13,0,1,0,2.0
108065,0,0.014039438000000001,34,0,0.572083995,5666.0,9,0,2,0,0.0
108066,0,0.07110896,75,0,0.060946577,10500.0,10,0,1,0,0.0
108067,0,0.9999998999999999,56,0,2304.0,,10,0,1,0,1.0
108068,0,0.165799805,30,0,0.212229876,10596.0,10,0,2,0,0.0
108071,0,0.988023952,26,0,0.287471176,1300.0,2,0,0,0,1.0
108072,0,0.004221988,45,1,0.028508772,5471.0,4,0,0,2,0.0
108074,0,0.029459402000000003,57,0,3664.0,,14,0,1,0,2.0
108075,0,0.38458676299999994,55,0,0.246641075,2083.0,3,0,0,0,3.0
108076,0,0.29451451100000003,51,0,0.14748525099999998,10000.0,11,0,1,0,0.0
108077,0,0.236288186,64,0,0.035391566,3983.0,2,0,0,0,0.0
108078,0,0.219751775,34,0,0.244682257,7568.0,9,0,1,0,4.0
108081,0,0.775806048,31,1,0.071005917,6252.0,2,0,0,0,0.0
108083,0,0.442956264,61,0,0.65851965,7200.0,12,0,2,0,1.0
108084,0,0.01311895,80,0,0.002805486,3207.0,4,0,0,0,0.0
108086,0,0.18247271899999998,66,0,0.059772945,7310.0,9,0,0,0,0.0
108088,0,0.20898955100000002,70,0,0.344262295,2500.0,10,0,1,0,0.0
108090,0,0.100928282,37,0,0.28402635800000003,4400.0,9,0,0,0,2.0
108091,0,0.0,65,0,0.0,10583.0,12,0,0,0,0.0
108092,0,0.019529497,66,0,0.191518943,8630.0,14,0,1,0,1.0
108093,0,0.128993211,49,0,0.24726388300000002,7400.0,7,0,1,0,2.0
108094,0,0.000613193,44,0,0.07591034099999999,12000.0,4,0,0,0,1.0
108096,0,0.319928905,72,0,0.397048322,4200.0,7,0,1,0,0.0
108097,0,0.19206121899999998,54,0,0.370902512,9395.0,9,0,2,0,1.0
108098,0,0.246909925,29,0,137.0,,5,0,0,0,1.0
108100,0,0.005141899,63,0,0.277863777,3875.0,7,0,2,0,0.0
108101,1,0.908812775,62,0,0.164235371,6100.0,10,0,0,0,1.0
108102,0,0.0,55,1,459.0,,5,0,0,0,0.0
108104,0,0.0,59,0,1699.0,,8,0,3,0,0.0
108106,0,0.028259334,76,0,15.0,,2,0,0,0,0.0
108107,0,0.057148378,65,0,0.606885064,1800.0,4,0,1,0,0.0
108108,0,0.744348688,61,0,4088.0,,7,0,1,0,0.0
108110,0,0.07891181,61,0,1303.0,,4,0,1,1,
108111,1,0.9999998999999999,43,1,625.0,,4,1,0,0,
108114,0,0.056628581,67,0,0.37664934,2500.0,9,0,1,0,2.0
108115,0,0.8842007709999999,57,0,0.303706337,11250.0,7,0,1,0,0.0
108117,0,0.094353459,52,0,2656.0,,5,0,2,0,0.0
108118,0,0.437550799,46,0,0.467253715,10901.0,11,0,3,0,3.0
108121,0,0.039088176,81,0,16.0,,2,0,0,0,0.0
108122,0,0.09811369800000001,64,0,0.41141929,8003.0,11,0,1,0,1.0
108123,0,0.990910744,48,0,0.543614096,4000.0,12,0,1,0,0.0
108124,0,0.116727414,70,0,0.38025822600000003,2400.0,14,0,1,0,0.0
108127,0,0.345780729,73,0,0.61790915,4600.0,22,0,1,0,0.0
108130,0,0.009972801,43,0,0.272542122,5400.0,8,0,1,0,0.0
108132,0,0.531466886,48,0,0.457655637,3565.0,6,0,1,0,1.0
108133,1,0.9999998999999999,45,0,0.04041721,2300.0,1,0,0,1,0.0
108134,0,0.040254725,29,0,0.168369519,4697.0,11,0,0,0,0.0
108136,0,0.9385412809999999,34,0,0.621149042,1200.0,5,0,0,0,0.0
108138,0,0.008945444,51,0,41.0,,12,0,0,0,0.0
108141,0,0.0,50,0,0.185201287,11500.0,10,0,2,0,1.0
108143,0,0.9553052879999999,42,1,3097.5,1.0,5,0,1,1,3.0
108144,0,0.349301397,33,0,94.0,,4,0,0,0,0.0
108145,0,0.36571389600000004,50,1,0.548803303,15500.0,27,0,2,0,1.0
108146,0,0.042821270999999994,60,0,0.012265978,4646.0,2,0,0,0,1.0
108147,0,0.03939606,64,0,0.199659119,4106.0,6,0,1,0,0.0
108148,0,0.425585194,64,0,0.545798637,7925.0,14,0,2,0,0.0
108149,0,0.5805294670000001,60,0,0.352193995,5195.0,4,0,1,0,0.0
108150,0,0.087196829,61,1,0.619672541,8000.0,13,0,4,0,0.0
108151,0,0.161596151,50,0,0.402162824,4900.0,4,0,2,0,0.0
108152,0,0.20929320699999998,31,0,636.0,,10,0,0,0,0.0
108154,0,0.023052918,68,0,0.27505999600000003,5416.0,7,0,1,0,0.0
108155,0,0.285604252,58,0,1281.0,,15,0,1,0,0.0
108157,0,0.952210325,44,0,0.203567141,5830.0,6,0,0,0,2.0
108159,0,0.070368366,41,0,0.60724698,2400.0,9,0,2,0,0.0
108160,0,0.639360639,25,0,0.228885557,2000.0,3,2,0,1,0.0
108162,0,0.265089225,63,0,0.24189114899999997,5456.0,6,0,1,0,0.0
108163,0,0.027359635,52,0,0.071112845,7691.0,6,0,0,0,0.0
108165,0,0.9999998999999999,44,0,0.679752817,2750.0,4,0,1,0,2.0
108166,0,0.09499556099999999,58,0,0.357771959,4200.0,3,0,1,0,0.0
108169,0,0.007124821999999999,28,0,0.037676986,4166.0,5,0,0,0,0.0
108170,0,0.906427309,32,2,0.37456091700000005,5408.0,11,0,2,1,0.0
108171,1,0.9999998999999999,44,0,0.0,2200.0,0,1,0,0,3.0
108172,0,0.320110981,57,0,0.865081559,3616.0,21,0,1,0,0.0
108173,0,0.550809589,45,0,0.560803733,10500.0,11,0,2,0,1.0
108177,0,0.807089533,57,0,0.366011905,16799.0,25,0,2,0,2.0
108178,0,0.0,39,0,1923.5,1.0,5,0,2,0,1.0
108180,0,0.0,25,0,1.112097669,900.0,2,0,1,0,0.0
108181,0,1.138943249,66,1,0.010458221,9274.0,2,1,0,1,1.0
108184,1,0.23191626199999998,37,0,0.44027986,2000.0,9,0,0,0,0.0
108185,0,0.945816502,59,0,1.27876721,7916.0,26,0,3,0,1.0
108186,0,0.287513494,53,0,454.0,,8,0,0,0,1.0
108187,1,0.510906498,44,0,0.160486626,12000.0,12,0,2,0,1.0
108188,0,0.0,38,0,0.507400294,8850.0,13,0,2,0,1.0
108189,0,0.6166383089999999,72,0,0.601292109,6500.0,10,0,1,0,0.0
108191,0,2204.0,33,0,0.216178382,10000.0,7,0,2,0,0.0
108192,0,0.012958316000000001,65,0,0.080469405,8350.0,5,0,1,0,0.0
108193,0,0.0,31,1,964.0,,4,0,1,0,0.0
108195,0,0.9999998999999999,48,0,0.582095544,2490.0,8,0,1,0,2.0
108196,1,1.043350408,62,5,0.583542039,2794.0,16,5,0,5,0.0
108200,0,0.0,54,0,0.342510652,3050.0,12,1,1,0,0.0
108201,0,0.690012601,36,0,1267.0,,4,0,0,0,0.0
108202,0,0.0,48,0,1328.0,,3,0,2,0,0.0
108204,0,0.001358478,46,0,0.360246433,6167.0,13,0,1,0,0.0
108205,0,0.014885289,57,0,2131.0,,6,0,1,0,0.0
108207,0,0.0,41,0,0.092981404,5000.0,4,0,0,0,0.0
108208,0,0.24659009199999998,59,0,0.093886771,28331.0,14,0,1,0,3.0
108209,0,0.032171235,36,0,395.0,1.0,9,0,0,0,2.0
108210,1,0.982003599,62,0,2376.0,,7,0,0,1,0.0
108211,0,0.0,41,0,0.252135244,14166.0,7,0,2,0,2.0
108213,0,0.07107458400000001,40,0,2732.0,,11,0,1,0,0.0
108214,0,0.086006546,64,0,0.285274894,2600.0,11,0,0,0,0.0
108219,0,0.023671611000000002,57,0,0.17637484,8600.0,11,0,2,0,2.0
108220,0,0.963923015,41,0,0.792949907,5389.0,13,0,1,0,0.0
108221,0,0.279849429,50,0,0.192765834,6883.0,6,0,2,0,0.0
108222,0,0.21749790800000002,73,0,0.319674284,3806.0,10,0,1,0,1.0
108223,0,0.71761177,38,0,0.148313936,3350.0,5,0,0,0,2.0
108224,0,0.054852498,90,0,0.0067466919999999994,11412.0,6,0,0,0,0.0
108225,0,0.000857125,34,0,0.192005242,1525.0,6,0,0,0,0.0
108226,0,0.38001404899999996,51,2,0.589624857,14900.0,16,0,4,0,1.0
108229,0,1.018496917,53,4,0.458874459,3926.0,6,1,2,1,1.0
108230,0,0.080986184,62,2,0.41410084799999997,2240.0,9,0,1,0,0.0
108232,0,1.4278930269999999,61,0,1689.0,,8,0,0,0,0.0
108234,0,0.039305704,45,0,2443.0,,7,0,1,0,0.0
108235,0,0.0,67,0,15.0,,6,0,0,0,0.0
108236,0,0.5459740120000001,61,0,0.49312671799999996,4000.0,7,0,2,0,1.0
108237,0,0.0,27,0,0.633373934,820.0,2,0,0,0,0.0
108238,0,0.074913303,55,0,0.289338361,2916.0,11,0,1,0,0.0
108241,0,3.0248756219999997,58,1,352.0,,2,0,0,2,0.0
108242,0,0.34642253799999995,54,1,0.221219275,7200.0,5,1,1,0,2.0
108243,0,0.08505718400000001,40,0,0.432565395,8333.0,9,0,2,0,0.0
108245,0,0.138165115,35,1,0.39832520899999996,8000.0,7,0,2,0,0.0
108246,0,0.002455925,86,0,0.0,,2,0,0,0,0.0
108248,0,0.0012444910000000001,50,0,3797.0,,8,0,1,0,0.0
108249,0,0.028312615,59,0,21.0,,4,0,0,0,0.0
108250,0,0.108529716,49,0,0.23785081,15000.0,7,0,1,0,0.0
108251,0,0.091818162,46,0,1624.0,,11,0,0,0,0.0
108252,0,0.005424479,56,0,0.575695859,2945.0,14,0,1,0,0.0
108253,0,0.42009409600000003,40,0,0.533961614,8700.0,17,0,2,0,0.0
108254,0,0.009531101,86,0,0.0034985420000000003,5144.0,6,0,0,0,0.0
108256,0,0.11217228900000001,40,0,549.0,,7,0,0,0,
108258,0,0.581311306,25,1,354.0,,8,0,0,0,0.0
108259,0,0.9999998999999999,41,0,0.08820512800000001,5849.0,2,2,0,0,1.0
108260,0,0.001499925,63,0,0.112481253,6000.0,11,0,1,0,0.0
108261,0,0.009264811,49,0,0.40788346200000003,3500.0,13,0,0,0,0.0
108262,0,0.10142295800000001,56,0,0.439550082,15913.0,17,0,1,0,3.0
108263,0,0.9999998999999999,47,0,0.0,3500.0,0,0,0,0,1.0
108265,1,0.5040919460000001,41,1,0.640109058,3300.0,10,0,1,0,2.0
108266,0,0.442827019,44,0,0.393415179,3583.0,5,1,0,0,2.0
108267,0,0.078076881,63,0,0.34369794600000003,1800.0,7,0,2,0,0.0
108268,0,0.9999998999999999,28,0,0.221467391,2943.0,1,0,0,0,0.0
108269,0,0.032918911,60,0,0.659250585,3415.0,5,0,2,0,0.0
108270,0,0.9999998999999999,44,0,0.0,0.0,1,0,0,0,0.0
108271,0,0.0,34,0,0.33136300399999996,2875.0,4,0,1,0,2.0
108273,0,0.593852485,27,0,0.20399875,3200.0,5,0,0,0,0.0
108274,0,0.9981482620000001,50,3,0.669520784,7240.0,8,0,3,0,3.0
108275,0,0.884577763,39,0,0.8506385340000001,1800.0,4,1,0,0,0.0
108276,0,0.094742248,58,0,0.08121827400000001,6500.0,11,0,0,1,0.0
108277,0,0.112452195,63,0,4176.0,,7,0,1,0,0.0
108278,0,0.092916283,44,0,4695.0,,3,0,2,0,0.0
108281,0,0.345733085,49,0,0.14136247400000002,4300.0,2,0,0,0,1.0
108282,0,0.347912228,50,0,0.31099340600000003,9250.0,20,0,2,0,0.0
108284,0,0.661901573,36,0,0.7547484170000001,3000.0,8,0,1,0,0.0
108286,0,0.088645654,45,0,77.0,,3,0,0,0,0.0
108288,0,0.115022742,50,0,0.5950532820000001,7600.0,12,0,1,0,2.0
108289,0,0.0,46,0,189.0,,3,0,0,0,0.0
108290,0,0.18354542100000001,48,0,0.30742758800000003,6973.0,9,0,1,0,0.0
108291,0,0.07791037599999999,65,0,966.0,,4,0,1,0,0.0
108292,0,0.13046591400000002,69,0,0.257388073,11301.0,7,0,1,0,1.0
108293,0,0.30338986100000004,47,1,3.5700743939999997,8333.0,33,0,13,0,0.0
108296,0,0.0028569570000000002,49,0,0.15798442099999999,4107.0,7,0,1,0,0.0
108297,0,0.0,88,0,0.0,3811.0,1,0,0,0,0.0
108299,0,0.97490251,42,0,0.20399891899999997,3700.0,6,0,0,0,3.0
108301,0,0.013611459,73,0,0.002258611,7083.0,5,0,0,0,0.0
108303,0,0.032703374,38,1,65.0,,5,0,0,0,
108304,1,0.236020979,52,0,0.5331199999999999,6249.0,12,0,1,0,1.0
108305,0,0.144152537,62,0,0.008279338,8333.0,2,0,0,0,0.0
108307,0,0.129807239,43,0,0.309627479,4133.0,3,0,1,0,2.0
108308,0,0.053695667999999995,60,0,0.172952114,5700.0,9,0,1,0,0.0
108310,0,0.6508906,38,1,0.48964433700000004,7000.0,16,0,2,0,2.0
108311,0,0.000672258,49,0,0.671832042,4000.0,10,0,2,0,1.0
108312,0,0.771030608,68,0,0.175410995,75000.0,15,0,2,0,2.0
108313,0,0.530615261,49,2,0.7097768459999999,8110.0,16,0,3,0,2.0
108316,1,0.329156584,38,3,1.8114918009999998,7500.0,27,0,10,0,2.0
108318,0,0.37520307299999994,60,1,0.15132416199999998,16500.0,11,0,1,0,0.0
108319,1,0.7840531559999999,56,1,0.165626219,5125.0,3,0,0,0,0.0
108320,0,0.016532136,51,0,0.307080772,9433.0,8,1,2,0,1.0
108322,0,0.051704175,70,0,0.18353450899999998,3230.0,11,0,2,0,0.0
108323,0,0.0031665609999999996,77,0,2.0,,2,0,0,0,0.0
108324,0,0.9999998999999999,39,0,0.0,2916.0,0,0,0,0,0.0
108325,0,0.004246924,65,0,0.006149116,1300.0,8,0,0,0,0.0
108326,0,0.0023136289999999998,63,0,0.464646465,9800.0,12,0,4,0,0.0
108327,0,0.074797478,40,0,0.069474442,8333.0,10,0,0,0,0.0
108328,0,0.439416921,60,0,4181.0,,12,0,2,0,0.0
108329,0,1.111788821,39,1,1213.0,,4,0,1,0,0.0
108330,0,0.021498925,43,0,939.0,0.0,7,0,1,0,0.0
108331,0,0.0051928,62,0,0.000683644,5850.0,5,0,0,0,2.0
108332,0,0.9267155229999999,34,0,0.46416166700000006,3166.0,5,0,1,0,1.0
108333,0,0.022812085,45,0,4919.0,,10,0,3,0,3.0
108336,0,0.9999998999999999,39,0,0.48492699,4245.0,4,0,2,0,0.0
108337,1,0.246424187,53,1,0.588601267,9000.0,17,0,3,1,1.0
108339,0,0.158929407,49,0,0.34000203100000004,9846.0,14,0,3,0,3.0
108340,0,0.03675621,45,0,0.0238737,7790.0,18,0,0,0,2.0
108341,0,0.033077235,54,0,0.43851229799999997,5000.0,14,0,2,0,0.0
108342,0,0.9999998999999999,26,0,0.0,0.0,1,0,0,0,0.0
108345,0,0.001733304,54,0,1816.0,,11,0,2,0,1.0
108347,0,0.136730613,33,0,0.17360879699999998,3000.0,3,0,0,0,0.0
108349,0,0.008506153,66,0,778.0,,9,0,1,0,
108350,0,0.134987728,32,0,0.126572909,2701.0,8,0,0,0,0.0
108351,0,0.15698953400000001,57,0,0.015264466,5633.0,6,0,0,0,0.0
108352,0,0.132737715,31,0,1.2436751,750.0,4,0,1,0,1.0
108354,0,0.37887441299999997,69,0,0.42374439700000005,8700.0,16,0,2,0,0.0
108355,0,0.04851582,55,0,0.324355433,4343.0,7,0,1,0,0.0
108357,0,0.014298972,61,0,22.0,,5,0,0,0,0.0
108358,0,0.015363673999999999,88,0,0.375931649,5500.0,15,0,1,0,0.0
108360,0,0.0,63,0,0.0,,1,0,0,0,0.0
108361,0,0.0028838709999999997,56,0,0.09673625400000001,3400.0,23,0,0,0,0.0
108363,0,0.08903126800000001,50,0,0.270483373,5833.0,13,0,2,0,0.0
108364,0,0.0,98,0,0.096361455,2500.0,6,0,0,0,0.0
108366,0,0.9881849890000001,46,2,0.636918543,4750.0,7,0,1,1,1.0
108367,1,0.7763176690000001,39,0,4368.0,,12,0,4,0,0.0
108370,0,0.664127037,47,0,0.632398249,6166.0,5,0,2,0,0.0
108371,0,0.435914796,36,0,1.248500428,3500.0,13,0,2,0,2.0
108372,0,0.30754365100000003,50,0,0.386075949,7583.0,16,0,1,0,0.0
108373,0,0.9999998999999999,54,0,1779.0,,8,0,1,0,0.0
108374,0,0.00192304,47,0,0.334490187,8355.0,11,0,2,0,0.0
108375,0,0.601171345,50,0,0.269117487,9166.0,10,0,2,0,3.0
108377,0,0.808309952,50,0,0.416024906,6102.0,9,0,3,0,4.0
108378,0,0.282750573,53,0,0.36973512799999997,4605.0,17,0,0,0,3.0
108379,0,0.663022465,43,0,0.163736264,1819.0,3,0,0,0,0.0
108380,0,0.38205980100000003,49,0,0.744093178,3004.0,8,2,1,1,0.0
108381,0,0.19008999,37,0,2449.0,,8,0,1,0,4.0
108382,0,0.177175108,56,1,0.45339143600000004,5277.0,10,0,2,1,1.0
108383,0,0.090222649,64,0,225.0,,7,0,0,0,0.0
108384,0,0.9999998999999999,27,0,0.157730349,1920.0,1,0,0,0,0.0
108386,0,0.642954382,57,1,0.650848069,11083.0,19,0,2,0,1.0
108390,0,0.701128875,54,0,1063.0,,7,0,0,0,0.0
108391,0,0.680828063,40,0,0.172413793,6031.0,7,0,0,0,3.0
108392,0,0.0040283409999999995,50,0,0.226639686,8400.0,12,0,2,0,0.0
108393,0,0.885768682,24,0,0.35382308799999995,2000.0,3,0,0,0,0.0
108394,0,0.9999998999999999,73,0,0.0,11500.0,1,0,0,0,0.0
108395,0,0.229852384,50,0,0.264294282,2500.0,5,0,0,0,2.0
108396,0,0.170983799,53,0,3027.0,,19,0,2,0,3.0
108397,0,0.926764314,28,0,0.056301723,7370.0,4,0,0,0,1.0
108398,0,0.087460836,59,0,0.42777148200000004,15000.0,12,0,4,0,2.0
108399,0,0.082747045,58,0,1203.0,,4,0,2,0,0.0
108400,0,0.885332948,46,0,0.308819995,4160.0,6,0,0,0,0.0
108402,0,0.398098587,49,1,0.295806539,11040.0,12,0,2,0,2.0
108403,0,0.490876087,46,0,0.09686089999999999,31250.0,5,0,2,0,0.0
108406,0,0.009258460999999999,74,0,0.005997601,2500.0,3,0,0,0,0.0
108407,1,0.0,32,1,0.161391783,5086.0,3,2,0,1,2.0
108408,0,0.356375127,49,0,0.468886013,8500.0,21,0,2,0,0.0
108409,0,0.34305142,26,0,331.0,0.0,7,0,0,0,0.0
108410,0,0.010595594,77,0,0.004924953,4263.0,7,0,0,0,0.0
108411,0,0.12264870000000001,29,0,0.15499717699999999,3541.0,5,0,0,0,0.0
108412,0,0.182573588,38,0,2009.0,,2,0,1,0,0.0
108413,0,0.240965768,47,0,0.36947345,4500.0,14,0,1,0,0.0
108414,0,0.033444432,57,0,0.523895221,5000.0,9,0,2,0,0.0
108415,0,1.281512105,44,0,0.30557798399999997,29723.0,14,0,1,0,3.0
108417,0,0.9999998999999999,71,0,0.059056033,4300.0,1,0,0,0,0.0
108420,0,0.65843528,54,0,0.40378687799999996,9083.0,16,0,3,0,1.0
108421,1,0.9999998999999999,41,1,0.055322129000000005,8567.0,2,1,0,1,3.0
108422,0,0.031862188,50,0,0.24514547399999997,15500.0,8,0,3,0,2.0
108424,0,0.841932645,38,0,0.286166508,3158.0,6,0,0,0,4.0
108425,0,0.039732274,61,0,0.462142958,21250.0,13,0,5,0,1.0
108426,0,0.011031902,53,0,0.215906105,11416.0,11,0,1,0,0.0
108427,0,0.9999998999999999,26,0,0.172373081,4234.0,2,0,0,0,1.0
108429,0,0.31540757199999997,44,0,0.537646235,10000.0,11,0,2,0,3.0
108432,1,0.779247363,53,2,0.6049801920000001,5300.0,4,3,1,1,0.0
108433,0,0.588021779,26,0,0.25321275600000004,2100.0,4,0,0,1,0.0
108434,0,0.37912066299999997,45,0,0.615264285,12145.0,18,0,11,0,0.0
108436,0,0.0,51,0,0.38495332200000004,3641.0,11,0,1,0,2.0
108438,0,0.0,49,0,1608.0,,4,0,1,0,0.0
108439,0,0.36029356100000004,33,0,0.582893641,3600.0,11,0,1,0,1.0
108440,0,0.10596543900000001,70,0,0.284143171,5000.0,7,0,2,0,1.0
108441,1,0.508251362,54,4,0.82712916,3545.0,13,0,0,1,3.0
108442,0,0.11167553300000001,59,0,0.611038679,2300.0,3,0,2,0,0.0
108443,0,0.03639818,38,0,0.24059492600000001,8000.0,11,1,0,0,3.0
108444,0,0.0,28,0,0.18545994100000002,2021.0,2,0,0,0,0.0
108445,0,0.217365477,69,0,0.600507829,4725.0,17,0,2,0,1.0
108446,0,0.100875965,58,0,3377.0,,5,0,2,0,0.0
108448,0,0.983501031,63,0,2412.0,,10,0,2,0,
108449,0,0.662234474,35,0,0.52065246,3800.0,10,0,2,0,1.0
108450,0,0.7900039329999999,61,1,3446.0,,11,0,2,0,0.0
108452,0,0.00019996,33,0,0.104944118,5278.0,2,0,0,0,1.0
108453,0,0.0,31,0,2540.0,,6,0,1,0,0.0
108454,0,0.046134749,39,1,0.929257978,2600.0,11,0,1,0,1.0
108455,0,0.00546312,86,0,0.250875657,6851.0,14,0,1,0,0.0
108456,0,0.277517114,45,0,0.177758319,2283.0,3,0,0,0,0.0
108459,0,0.212478439,44,0,0.49212696799999994,4000.0,10,0,1,0,2.0
108460,0,0.019618113,54,0,0.04427177400000001,5533.0,7,0,0,0,0.0
108462,0,0.983560801,62,0,0.481358419,23173.0,12,0,2,0,1.0
108464,0,0.012999581000000001,55,0,11.0,,5,0,0,0,
108465,0,0.48589341700000005,28,2,0.20311875199999999,2500.0,5,0,0,1,2.0
108466,0,0.0,36,0,0.401021995,4500.0,12,0,2,0,2.0
108467,0,0.229508197,52,0,0.35716974,5313.0,4,0,1,0,0.0
108468,0,0.182389578,30,0,0.329882185,2800.0,4,0,0,0,0.0
108469,0,0.073660935,53,0,0.36151194,7830.0,7,0,2,0,0.0
108470,0,0.978627672,33,0,0.58413862,3000.0,7,0,1,0,1.0
108471,0,0.84390619,39,0,0.08496732,2600.0,4,1,0,0,3.0
108472,0,0.190785612,46,0,0.42776808200000005,10313.0,11,0,3,0,0.0
108473,0,0.148201439,46,1,0.063693631,10000.0,6,0,0,0,0.0
108476,0,0.052357905999999996,69,0,0.262105414,7000.0,10,0,1,0,0.0
108477,0,0.724570719,46,0,0.224247306,9930.0,5,0,2,0,1.0
108478,0,0.0,75,0,0.109716411,2150.0,4,0,0,0,0.0
108479,0,0.043521265999999996,61,0,1767.0,,7,0,1,0,0.0
108481,0,0.021832757999999997,40,0,0.12095968,3000.0,4,0,0,0,1.0
108483,0,0.06747545099999999,39,0,0.530146985,10000.0,9,0,2,0,2.0
108484,0,0.021737121,68,0,0.419091082,5258.0,16,0,2,0,0.0
108486,0,0.029339024,70,0,0.022044087999999996,4490.0,5,0,0,0,0.0
108487,0,0.002261712,80,0,0.090824666,5383.0,9,0,0,0,0.0
108488,0,0.373746339,44,0,1358.0,,7,0,1,0,1.0
108489,0,0.0028512909999999997,63,0,0.19047619,4850.0,5,0,1,0,0.0
108490,0,0.188226472,25,0,0.738562092,764.0,4,0,0,0,0.0
108491,0,0.871147515,64,2,0.522505774,17750.0,17,0,2,0,0.0
108492,0,0.026343011,56,0,70.0,,1,0,0,0,0.0
108494,0,0.9900497509999999,28,1,0.018838305,1910.0,3,0,0,1,1.0
108495,0,0.782843431,33,0,0.070937004,5666.0,3,0,0,0,0.0
108496,0,0.697520538,42,0,0.266228921,6700.0,11,0,1,0,0.0
108498,0,0.8856571529999999,42,0,1.547977422,2125.0,5,0,2,0,2.0
108500,1,0.6021997060000001,46,0,0.252699784,4166.0,12,0,0,0,0.0
108501,0,0.270450642,60,1,0.484023999,14333.0,14,0,3,0,0.0
108502,0,0.029187525,64,0,0.35978004700000005,3818.0,12,0,1,0,1.0
108503,0,0.9999998999999999,52,0,0.245196003,1300.0,3,0,0,0,0.0
108504,0,0.162355633,75,0,0.19260246600000003,3000.0,10,0,0,0,0.0
108507,0,0.9999998999999999,67,0,578.0,,6,0,0,0,0.0
108508,0,0.992161284,51,0,0.51659551,7260.0,16,0,1,0,2.0
108513,0,0.18609989100000002,39,1,0.22880117,9575.0,14,2,1,0,0.0
108514,0,0.10655104900000001,74,0,0.905039567,2400.0,13,0,0,0,0.0
108516,0,0.0,60,0,558.0,,6,0,1,0,0.0
108518,0,0.22495500899999998,50,1,0.6701832320000001,1800.0,6,0,0,0,2.0
108519,0,0.0,49,0,285.0,,2,0,0,0,0.0
108520,0,0.8681391940000001,51,1,1936.0,0.0,9,0,2,0,4.0
108521,0,0.015268146000000002,61,0,40.0,,5,0,0,0,0.0
108523,0,0.241322295,56,0,2618.0,0.0,13,0,2,0,0.0
108524,0,0.239238058,44,0,1317.0,,3,0,1,0,0.0
108525,0,0.000546615,63,0,40.0,,4,0,0,0,0.0
108529,0,0.181806023,47,0,2973.0,,15,0,2,0,0.0
108530,0,0.0,39,0,0.006856359,5833.0,4,0,0,0,2.0
108532,0,0.035287722,59,0,0.36832239899999997,3200.0,8,0,0,0,0.0
108533,1,0.9999998999999999,29,2,1273.0,,7,0,0,0,1.0
108534,1,0.618413352,52,0,3795.0,,21,0,1,1,1.0
108537,0,0.999917403,39,0,1.300131637,2278.0,6,0,1,0,3.0
108538,0,0.0039522870000000005,56,1,0.26416566199999997,14100.0,5,0,2,0,2.0
108540,0,0.235399247,30,0,0.5014997,5000.0,9,0,1,0,1.0
108542,0,0.015453465,45,0,0.18945263699999998,4000.0,13,0,0,0,0.0
108543,0,0.820966214,33,1,0.21515696899999998,5000.0,4,0,0,0,1.0
108544,0,0.035122806,72,0,424.0,,6,0,0,0,0.0
108545,0,0.297683767,59,0,2.7995152,9900.0,13,0,2,0,2.0
108546,0,0.200154145,68,0,2716.0,,16,0,1,0,0.0
108548,0,0.280100737,56,0,0.516762241,4533.0,12,0,1,0,2.0
108549,0,0.056872682,58,0,0.253213178,6768.0,9,0,1,0,2.0
108551,0,0.8773870990000001,53,0,0.48080279200000003,3437.0,10,0,1,0,1.0
108553,0,1.01998002,27,1,0.31710362,800.0,2,1,0,0,0.0
108554,1,1.081330513,48,0,0.636619718,8164.0,6,0,2,0,0.0
108556,0,0.119182215,40,0,0.19693234699999998,3650.0,10,0,0,0,0.0
108557,0,0.41659179399999996,55,0,0.24775017300000002,13000.0,13,0,2,0,2.0
108559,0,0.04753978,53,0,0.39481323799999996,5166.0,8,0,2,0,0.0
108561,0,0.964504437,74,0,0.399906455,2137.0,7,0,0,0,0.0
108562,0,0.239083853,59,0,150.0,,2,0,0,0,
108564,0,0.41044555299999996,34,0,0.210090763,7491.0,6,0,0,0,0.0
108565,0,0.005083122,79,0,3.0,,2,0,0,0,0.0
108566,0,0.013828729,62,0,539.0,,9,0,1,0,0.0
108567,0,0.228809071,47,0,3117.0,0.0,8,0,1,0,1.0
108568,0,0.39782481700000005,55,0,0.11644657900000001,9995.0,6,0,1,0,1.0
108569,0,0.013290803,49,0,0.23627637199999998,10000.0,11,0,2,0,2.0
108570,0,0.105852004,60,0,2682.0,,3,0,1,0,
108571,1,0.18838279600000002,44,0,0.012495537,2800.0,1,0,0,0,0.0
108574,0,0.00197145,60,0,1.0,,5,0,0,0,
108575,1,0.386038373,28,1,0.186232505,3500.0,7,0,0,0,0.0
108576,0,0.026338815,81,0,0.292663263,3720.0,10,0,1,0,0.0
108577,0,0.020885783999999998,71,0,0.441182773,4666.0,8,0,2,0,0.0
108578,0,0.366789576,33,0,2334.0,,4,0,2,0,0.0
108579,0,0.174595495,54,0,0.360188558,4666.0,14,0,1,0,0.0
108581,0,0.088393767,59,0,2353.0,,9,0,2,0,0.0
108582,0,1.1444277859999998,44,0,0.426044604,3900.0,8,2,1,2,1.0
108583,0,0.0,45,0,0.034640383,14000.0,3,0,0,0,1.0
108585,0,0.21443079899999998,72,0,0.489883361,4200.0,7,0,3,0,0.0
108587,0,0.077223908,66,0,0.04075878,3900.0,8,0,0,0,0.0
108588,0,0.04864909,42,0,0.253099174,4839.0,4,0,1,0,3.0
108589,0,0.04425343599999999,33,0,31.0,,2,0,0,0,0.0
108591,1,0.9999998999999999,40,1,0.02349979,2382.0,0,1,0,0,2.0
108592,0,0.5970024979999999,65,0,551.0,,6,0,0,0,
108593,0,0.246065564,35,0,0.21489255399999999,2000.0,6,0,0,0,0.0
108594,0,0.213893053,27,0,0.009991674,1200.0,1,0,0,0,0.0
108596,0,0.058959628,58,0,0.758291686,2200.0,6,0,1,0,0.0
108597,1,0.905937509,60,0,1.30145612,2540.0,15,3,2,2,0.0
108598,0,0.29053045899999996,40,0,0.5162965620000001,5583.0,7,0,2,0,0.0
108599,0,0.06489133799999999,38,0,0.252175523,5400.0,8,0,1,0,0.0
108601,0,0.17916416699999999,41,1,0.830141549,1200.0,4,0,2,0,0.0
108602,0,0.092624101,41,2,0.392001666,4800.0,8,0,2,0,0.0
108603,0,0.9999998999999999,58,2,662.0,,4,0,0,1,0.0
108604,0,0.11978430400000001,35,0,0.36000961299999995,4160.0,4,0,2,0,0.0
108605,0,0.250280607,49,0,411.0,,6,0,0,0,0.0
108606,0,0.013485328999999999,64,0,0.260692103,5634.0,7,0,1,0,0.0
108609,0,0.10544774400000001,55,0,612.0,,6,0,0,0,0.0
108610,0,0.35992548399999996,66,1,0.778493668,4500.0,11,0,3,0,1.0
108613,0,0.07950808,71,0,116.0,,7,0,0,0,0.0
108615,0,0.6962607479999999,62,0,0.018283102,7000.0,4,0,0,0,0.0
108617,0,0.9999998999999999,48,0,2372.0,,4,0,2,0,0.0
108618,1,0.41697049999999997,43,0,0.269478617,3413.0,5,0,1,0,4.0
108619,0,0.06022636,37,0,3549.0,,12,0,2,0,0.0
108620,0,0.5190733129999999,64,1,0.255914695,3000.0,16,0,0,1,0.0
108621,0,0.014394242,24,0,1.0,,3,0,0,0,
108622,0,0.030438282,84,0,37.0,,2,0,0,0,0.0
108624,0,0.37712489899999996,44,0,0.18274259199999998,6883.0,4,0,1,0,2.0
108625,0,0.008823240999999999,61,0,0.555123217,3083.0,8,0,2,0,0.0
108626,0,0.025809323,78,0,0.065985337,4500.0,14,0,1,0,2.0
108627,0,0.0,46,0,1.012309207,2030.0,7,0,1,0,1.0
108629,1,0.960214714,46,1,0.320412244,6500.0,7,0,1,0,4.0
108630,0,2.093097158,50,4,0.304043603,13576.0,14,0,2,1,3.0
108631,0,0.9999998999999999,35,0,560.0,,1,3,0,0,0.0
108633,0,0.11134814400000001,76,0,820.0,,6,0,1,0,0.0
108634,1,0.156800059,39,0,0.544874521,4701.0,13,0,2,0,2.0
108635,0,0.019672646999999998,50,1,5252.0,,19,0,2,0,0.0
108636,0,0.229838508,53,0,0.381069076,6528.0,6,0,2,0,2.0
108637,0,0.870417278,69,0,543.0,,3,0,0,0,0.0
108638,0,0.9999998999999999,62,0,0.04505773,3550.0,0,0,0,0,0.0
108640,0,0.011892892,30,0,0.00239976,10000.0,7,0,0,0,0.0
108642,0,0.071653103,47,0,0.597567072,6000.0,10,0,2,0,0.0
108643,0,0.317672823,51,0,0.251874777,8400.0,6,0,1,0,1.0
108645,0,0.02728166,42,0,377.0,,4,0,0,0,0.0
108646,0,0.951335041,63,0,0.656993805,9200.0,15,0,4,0,2.0
108647,0,0.773129297,70,1,2038.0,,10,0,0,0,1.0
108648,0,0.01816405,65,0,0.069984448,4500.0,10,0,0,0,0.0
108650,0,0.078994734,73,0,1487.0,,6,0,1,0,0.0
108652,0,0.0,78,0,0.0,10000.0,2,0,0,0,0.0
108654,0,0.083330688,79,0,0.01028481,7583.0,3,0,0,0,0.0
108655,0,0.21900661899999999,42,0,0.48104324600000004,12000.0,11,0,5,0,2.0
108656,0,0.15088226400000002,48,0,1466.0,,10,0,1,0,0.0
108658,0,0.014435838999999999,62,0,0.34570411799999995,5900.0,6,0,1,0,0.0
108659,1,0.9999998999999999,58,0,0.004061738,3692.0,0,0,0,0,3.0
108660,0,0.05234587,65,1,1.280929768,4000.0,11,0,4,0,0.0
108661,0,0.002146099,72,0,0.0017866260000000001,3917.0,12,0,0,0,0.0
108663,0,0.6677639129999999,61,0,3111.0,,19,0,0,0,0.0
108664,0,0.457216323,47,0,0.441386238,9954.0,17,0,3,0,0.0
108665,0,0.7774345570000001,70,0,0.7030157340000001,4575.0,7,0,1,0,1.0
108666,0,0.302660158,32,0,0.344224246,5600.0,8,0,1,0,0.0
108668,0,0.615939021,30,1,0.44292080899999997,8750.0,11,0,2,0,0.0
108669,0,0.002474037,69,0,0.440872627,17326.0,18,0,3,0,0.0
108671,0,0.115446472,37,0,401.0,,2,0,0,0,0.0
108672,0,0.501211175,56,0,0.6028716829999999,5501.0,32,0,2,0,0.0
108673,0,0.499905069,40,0,0.326114525,10250.0,10,0,2,0,3.0
108674,0,0.9999998999999999,36,0,47.0,,0,1,0,0,0.0
108676,1,1.215568862,58,0,0.15932563800000002,6583.0,2,1,1,1,1.0
108677,1,0.8926741029999999,41,1,0.372704022,4300.0,8,0,0,4,4.0
108679,0,0.008054333,93,0,7.0,,6,0,0,0,0.0
108681,0,0.016610176,54,0,0.005207248,4800.0,4,0,0,2,0.0
108682,0,0.771231775,62,1,0.647740904,2500.0,6,0,0,0,1.0
108683,0,0.0,58,0,0.0022209879999999997,1800.0,8,0,0,0,1.0
108685,0,0.0008713330000000001,64,0,0.32442534100000003,5350.0,7,0,2,0,0.0
108686,1,0.7489152990000001,53,2,1251.0,,6,2,1,0,0.0
108687,0,0.072678515,47,0,0.00801008,11110.0,3,0,0,0,3.0
108688,0,0.001607254,62,0,2623.0,,10,0,2,0,3.0
108691,0,0.0023199379999999997,36,0,0.6865522409999999,6000.0,13,0,2,0,0.0
108692,0,0.19820995100000002,53,0,0.181678123,8437.0,24,1,0,0,1.0
108693,0,0.585298929,59,3,0.40332397,4271.0,8,0,0,0,3.0
108694,0,0.215102792,33,1,0.16210343300000002,2300.0,8,0,0,0,1.0
108695,0,0.33666659200000004,61,1,0.28435072100000003,13514.0,20,0,2,0,0.0
108696,0,0.230521203,29,0,0.30702333800000003,9083.0,15,0,3,0,0.0
108697,0,0.008251423,44,0,0.001055966,10416.0,4,0,0,0,1.0
108698,0,0.961100972,37,0,0.35333025700000004,6500.0,4,0,0,0,2.0
108700,0,0.027314352000000004,84,0,15.0,,3,0,0,0,
108702,0,0.157990028,44,0,0.031582882,5350.0,2,0,0,0,0.0
108703,0,0.834650332,81,1,0.79540962,9105.0,16,0,1,0,0.0
108704,0,0.922349816,41,0,0.595168067,4759.0,7,0,2,1,2.0
108705,0,0.7297793859999999,64,1,0.23395886800000001,30000.0,15,0,2,0,1.0
108707,0,0.034677359,73,0,0.005465938,7500.0,7,0,0,0,0.0
108709,0,0.12534089699999998,31,0,0.117005662,4768.0,5,0,0,0,2.0
108711,0,0.325938409,59,0,0.9316894370000001,3000.0,11,0,2,0,0.0
108712,0,0.02283599,63,0,0.008612735,3250.0,8,0,0,0,0.0
108713,0,0.7047715,42,1,0.376058881,7200.0,4,0,1,0,3.0
108715,0,0.9999998999999999,51,0,0.294885287,4750.0,3,0,1,0,0.0
108716,0,0.12522434699999999,63,0,0.046246145999999995,12000.0,5,0,0,0,1.0
108717,0,0.176717266,69,0,0.044398705999999996,3400.0,8,0,0,0,1.0
108718,0,0.0207013,53,1,0.592812082,5230.0,12,0,1,0,1.0
108719,0,0.158768634,38,0,0.01748095,2230.0,2,0,0,0,0.0
108720,0,0.9999998999999999,54,0,0.09407264800000001,40000.0,7,0,1,0,0.0
108721,0,0.43573571299999997,40,0,535.0,,4,0,0,0,1.0
108722,0,0.906539883,59,0,0.32522702800000003,6496.0,7,0,0,0,1.0
108725,0,0.586915612,43,0,2.226219025,1250.0,10,0,1,0,1.0
108726,0,0.073644303,54,0,1.5582561730000002,2591.0,15,0,3,0,0.0
108727,0,0.9999998999999999,29,0,0.0,1918.0,1,0,0,0,1.0
108728,0,0.227150365,41,0,0.105498836,5582.0,2,0,0,0,4.0
108730,0,0.119119596,37,0,0.575522304,7083.0,9,0,2,0,0.0
108731,0,0.00466563,67,0,0.306593668,4200.0,4,0,1,0,0.0
108732,1,0.9999998999999999,31,0,0.078854025,3664.0,4,2,0,1,2.0
108737,0,0.37676252,67,0,0.19130936399999998,5200.0,7,0,0,0,1.0
108739,0,0.190889522,35,0,0.336142007,8900.0,6,0,1,0,0.0
108740,0,0.9999998999999999,64,0,0.574637086,3650.0,3,0,1,0,2.0
108741,0,0.06253264,44,0,0.46486738,6446.0,11,0,2,0,0.0
108742,0,0.290494688,43,0,0.362161019,18916.0,8,0,2,0,3.0
108743,0,0.070450794,41,0,0.082862698,10800.0,5,0,0,0,0.0
108745,0,0.130748668,54,0,0.07504363,4583.0,6,0,0,0,1.0
108746,0,0.0,37,0,0.16310451,11041.0,10,0,1,0,2.0
108747,0,0.12892473599999998,67,0,0.39702942,3500.0,9,0,1,0,0.0
108748,0,0.345032172,51,0,0.173141892,4735.0,6,0,0,0,0.0
108749,0,0.9776741090000001,37,1,1.6064030130000002,1061.0,6,0,1,0,0.0
108750,0,0.084713223,40,1,2029.0,,5,0,1,0,0.0
108752,0,0.0,45,0,0.19139123800000002,1300.0,7,0,0,0,2.0
108753,0,0.133781735,38,0,0.43919510100000003,8000.0,14,0,2,0,2.0
108755,0,0.029731495,65,1,0.26021884,7950.0,8,0,2,0,2.0
108756,0,0.018028913,56,0,0.616691654,2000.0,9,0,1,0,0.0
108757,0,0.046683047000000005,83,0,0.21950677600000001,4500.0,4,0,1,0,0.0
108758,0,0.944377267,53,1,0.740390132,3485.0,12,0,1,0,0.0
108759,0,0.0,32,0,0.41517784,6100.0,11,0,2,0,1.0
108760,0,0.137076613,62,0,0.073308897,3000.0,11,0,0,0,0.0
108765,0,0.282404581,53,0,1.57042957,1000.0,6,0,1,0,2.0
108766,0,0.060039998,53,0,0.009738001,4312.0,4,0,0,0,0.0
108767,0,0.000240732,51,0,0.33798694,8881.0,14,0,2,0,0.0
108768,0,0.042652449,30,0,0.001304915,2298.0,3,0,0,0,0.0
108770,0,0.16999081100000002,40,0,0.500648028,5400.0,8,0,1,0,2.0
108772,0,0.096846943,44,0,2578.0,,6,0,1,0,0.0
108773,0,0.047598489,77,0,0.16961013,3000.0,7,0,1,0,0.0
108776,0,0.054997885,61,0,0.162767925,9190.0,7,0,1,0,1.0
108778,0,0.45275453,34,0,1.210315874,2500.0,9,0,1,0,0.0
108779,0,0.040244916,51,0,0.080414871,7423.0,5,0,0,0,3.0
108781,0,0.031374609,64,0,37.0,,5,0,0,0,0.0
108782,0,0.179692987,32,0,0.209172739,2332.0,5,0,0,0,1.0
108783,0,0.040682431,67,0,99.0,,4,0,0,0,0.0
108784,1,0.513466551,32,0,0.028048597999999998,6666.0,7,1,0,0,1.0
108785,0,0.06247204,50,0,0.25747828899999997,6217.0,8,0,2,0,2.0
108786,0,0.9999998999999999,41,0,0.035874439,1560.0,2,0,0,0,0.0
108788,1,0.7795123209999999,74,0,0.788605697,2000.0,11,0,1,0,0.0
108789,0,0.0,59,0,0.0,,4,0,0,0,0.0
108790,0,0.22701269699999999,54,0,1664.0,,4,0,2,0,
108792,0,0.5340364329999999,26,0,0.055080722,2105.0,2,0,0,0,0.0
108793,0,0.001162723,56,0,0.17286162100000002,2232.0,4,0,0,0,2.0
108798,0,0.03986969,49,0,0.197335554,6004.0,9,0,1,0,0.0
108799,0,0.0,26,0,0.09626512400000001,1900.0,3,0,0,0,0.0
108800,0,0.09986222800000001,58,1,0.342831434,6667.0,7,0,1,0,0.0
108801,0,0.9999998999999999,64,0,0.15696649,1700.0,3,0,0,0,0.0
108802,0,0.17292401699999999,66,0,0.5893432470000001,4034.0,14,0,2,0,0.0
108803,0,0.021548537000000003,47,0,3667.0,,4,0,2,0,1.0
108804,0,0.0,64,0,0.126830697,3413.0,8,0,0,0,1.0
108805,1,0.753640808,46,1,1.1735301120000001,4200.0,15,1,2,0,1.0
108806,0,0.009483558000000001,41,2,1.0968534909999998,2033.0,11,1,2,1,0.0
108808,0,0.386185787,64,0,0.353695579,5925.0,9,0,2,0,0.0
108810,1,0.540918164,30,1,0.214649034,1965.0,4,1,0,0,0.0
108813,0,0.912254647,59,0,0.750214298,5832.0,12,0,2,0,0.0
108814,0,0.08078422099999999,36,0,3069.0,,11,0,2,0,0.0
108816,0,0.028146063,57,1,2016.0,,9,0,1,0,0.0
108819,0,0.040629318,64,0,0.22670186399999998,12500.0,10,0,2,0,1.0
108820,0,0.0,41,1,0.07625204,15933.0,10,0,0,0,2.0
108821,0,0.087260849,55,0,0.203863691,8333.0,2,0,1,0,1.0
108822,0,0.044910705,67,0,0.271428571,5039.0,5,0,1,0,0.0
108823,0,0.029475287000000003,74,1,0.007554193000000001,9133.0,12,0,0,0,3.0
108824,0,0.134840493,67,0,0.44291739700000005,21100.0,13,0,3,0,1.0
108826,0,0.074635645,43,0,0.306488504,8306.0,8,0,1,0,1.0
108827,0,0.026435847999999998,60,0,12.0,,2,0,0,0,
108829,0,0.0,77,0,55.0,,5,0,0,0,0.0
108831,0,0.014468866,68,0,0.321397962,10500.0,13,0,2,0,0.0
108834,0,0.9443784759999999,52,0,0.330809884,7000.0,6,0,1,0,1.0
108835,0,0.001999966,60,0,2349.0,,13,0,1,0,0.0
108836,0,0.186236491,80,0,0.24571163699999998,6470.0,6,0,2,0,0.0
108837,0,0.173294642,43,0,1247.5,1.0,11,0,1,0,3.0
108838,0,0.311740379,54,0,0.40474585399999996,7416.0,23,0,2,0,0.0
108839,0,0.43217648,35,1,0.286483369,5200.0,16,0,0,0,3.0
108840,0,0.310721863,44,0,0.337154285,20500.0,15,0,2,0,0.0
108842,0,0.023499217000000003,48,0,371.0,,4,0,0,0,0.0
108843,0,0.25956170300000003,65,0,0.376507196,2570.0,15,0,0,0,0.0
108845,0,0.119623422,64,0,0.45107398600000004,8379.0,8,0,2,0,0.0
108846,0,0.158971961,51,0,0.730024543,7333.0,16,0,2,0,0.0
108847,0,0.034310356,33,0,0.408095424,5113.0,11,0,2,0,1.0
108849,0,0.049441357000000005,65,0,0.222987872,3627.0,22,0,1,0,0.0
108852,0,0.5404919020000001,54,0,0.30388460899999997,6100.0,5,0,1,0,0.0
108853,0,0.051928543,46,0,0.09659724,11666.0,8,0,1,0,0.0
108854,0,0.373507311,32,0,0.155136268,6200.0,10,0,0,0,0.0
108855,0,0.000423005,56,0,1233.0,,8,0,1,0,0.0
108856,0,0.104849086,42,0,3.511627907,300.0,10,0,1,0,3.0
108857,0,0.954018393,31,2,0.532688285,3823.0,5,0,1,2,3.0
108858,0,0.977501125,54,0,0.41506602600000003,3331.0,4,0,0,0,1.0
108859,0,0.18732538399999998,46,0,0.33967639,8775.0,21,0,1,0,2.0
108860,0,0.104979004,52,0,1808.0,,2,0,1,0,0.0
108861,0,0.0005552469999999999,54,0,0.5955401770000001,2600.0,5,0,1,0,1.0
108864,0,0.020486334,69,0,0.432007924,7066.0,14,0,2,0,1.0
108865,0,0.441330202,69,0,0.299080368,2500.0,11,0,0,0,0.0
108867,0,0.980960762,66,0,0.151984239,10658.0,5,0,1,0,1.0
108869,0,0.036172281,48,0,0.22567070000000003,1900.0,14,0,1,0,0.0
108870,0,0.0,51,0,0.224535734,3553.0,2,0,1,0,1.0
108871,0,0.652317384,75,0,0.38885084200000003,7300.0,7,0,2,0,1.0
108872,0,0.923948443,33,0,0.234468037,8900.0,7,0,1,0,3.0
108873,0,0.5720695029999999,36,0,0.748812797,4000.0,9,0,2,0,0.0
108874,0,0.056586570999999995,59,0,57.0,,2,0,0,0,0.0
108875,0,0.028798353999999998,37,0,1945.0,0.0,6,0,2,0,2.0
108876,0,0.037194199,68,0,30.0,,2,0,0,0,0.0
108878,0,0.25312715199999997,56,0,0.12287017,12500.0,16,0,1,0,1.0
108879,0,0.01345641,50,0,20.47524752,100.0,17,0,1,0,2.0
108881,0,0.138538899,54,0,0.249488934,11250.0,8,0,1,0,4.0
108883,0,0.734439191,44,0,0.33718761700000005,2680.0,6,0,1,0,2.0
108884,0,0.158681181,64,0,0.413655192,7000.0,7,0,2,0,0.0
108885,0,0.800295262,28,0,254.0,0.0,4,0,0,0,2.0
108887,0,0.017774523,54,0,0.237401497,15100.0,14,0,2,0,0.0
108888,0,0.318348262,47,0,0.606683805,2333.0,5,0,1,0,3.0
108889,0,0.0,58,0,0.37748058700000003,2317.0,4,0,1,0,1.0
108891,0,0.025746941000000002,59,0,0.24657206199999998,16700.0,15,0,1,0,1.0
108892,0,0.057898553,64,0,3480.0,,7,0,3,0,0.0
108893,0,0.758843433,70,0,171.0,,3,0,0,0,0.0
108896,0,0.24135763699999999,70,0,2507.0,,5,0,2,0,0.0
108899,0,0.0068356169999999996,75,1,0.6241879060000001,2000.0,9,0,1,0,0.0
108900,0,0.608847144,65,1,0.186083626,3132.0,6,0,0,2,0.0
108901,0,0.8168394390000001,43,0,5098.0,,4,0,1,0,0.0
108902,0,0.19947858100000002,71,0,0.11066931699999999,3017.0,8,0,0,0,0.0
108903,0,0.386929344,45,0,0.40736384,8500.0,9,0,1,0,1.0
108904,0,0.003151324,45,0,0.411409142,5293.0,9,0,1,0,2.0
108905,0,0.044952705999999995,64,0,0.50284258,5100.0,16,0,1,0,0.0
108908,0,0.448615308,33,0,1818.0,,8,0,0,1,0.0
108909,0,0.011424751,76,0,0.197257535,7000.0,17,0,2,0,1.0
108910,0,0.749986302,48,0,0.307118534,6166.0,9,0,1,0,1.0
108911,1,0.981607357,48,0,0.42289039799999995,3092.0,8,0,1,0,0.0
108912,0,0.092914516,69,0,0.646316852,9909.0,11,0,2,0,0.0
108913,0,0.234742206,34,0,0.348207754,4100.0,16,0,1,0,0.0
108914,0,0.7945649459999999,26,0,0.5920031060000001,2575.0,10,0,0,2,1.0
108915,0,0.05278947,56,2,0.006380345,10500.0,4,0,0,0,0.0
108917,0,0.0,54,0,0.34650278,6833.0,8,0,1,0,0.0
108918,0,0.27132786600000003,65,1,909.0,,5,1,1,1,0.0
108919,0,0.187744982,64,0,0.15496126,4000.0,12,0,1,0,1.0
108920,1,0.264662369,74,0,0.47717842299999996,2650.0,11,0,0,0,0.0
108921,1,0.647847823,41,3,0.578016086,5594.0,5,1,1,0,3.0
108923,0,0.013344598999999999,64,0,15.0,,9,0,0,0,
108924,0,0.141224645,32,0,0.095380924,1666.0,4,1,0,0,2.0
108925,0,0.272857395,46,0,0.45463721,8916.0,9,0,2,0,3.0
108926,0,0.0,69,0,0.0,3720.0,4,0,0,0,0.0
108928,0,0.885089912,36,2,0.444444444,2096.0,8,0,0,0,4.0
108929,0,0.0015590979999999999,42,0,0.184618482,4966.0,7,0,0,0,4.0
108930,0,0.53022526,37,0,0.48886815100000003,7500.0,8,0,2,0,0.0
108931,0,0.024227879,76,0,0.006577217,3800.0,4,0,0,0,0.0
108932,1,0.455981941,36,0,0.5188248360000001,8100.0,12,1,1,0,2.0
108933,0,0.021399536,61,0,0.120490129,2937.0,6,0,1,0,0.0
108934,0,0.016066399,55,0,0.178289102,7083.0,8,0,1,0,1.0
108936,0,0.032211395,50,0,933.0,,4,0,1,0,0.0
108937,0,0.019228726,77,0,0.265427277,6400.0,7,0,0,0,0.0
108938,0,0.292167732,66,0,0.34762661,5666.0,9,0,1,0,0.0
108940,1,0.009295039,82,1,2531.0,,29,0,2,0,0.0
108941,0,0.105192983,36,0,2521.0,,15,0,2,0,0.0
108942,0,1.017885324,25,0,176.0,,4,0,0,0,0.0
108945,0,0.013705153000000001,55,0,0.617232659,5535.0,10,0,3,0,0.0
108947,0,0.060197592,57,0,630.0,,10,0,1,0,0.0
108949,0,0.062359379000000006,49,0,0.139992135,7628.0,5,0,1,0,4.0
108952,0,0.035142686,78,1,0.03996004,1000.0,9,0,0,0,0.0
108953,0,0.025134132000000003,76,0,0.279744051,5000.0,9,0,2,0,0.0
108954,0,0.9999998999999999,66,1,0.202671312,3443.0,1,3,1,0,0.0
108956,0,0.00989901,35,0,0.0011104939999999998,1800.0,2,0,0,0,0.0
108957,0,0.053379653,64,0,0.40321701200000004,3667.0,6,0,1,0,0.0
108959,0,0.644907339,51,0,0.04109589,10000.0,7,1,0,0,0.0
108960,0,0.126391054,29,0,0.616517622,1900.0,11,0,0,0,0.0
108961,0,0.0,56,0,0.0,,3,0,0,0,0.0
108962,0,0.145903584,59,0,0.479955662,5412.0,4,0,1,0,0.0
108963,1,1.118323473,39,2,1.8429951690000002,2483.0,11,0,1,1,2.0
108964,0,0.647641206,33,0,0.165208499,8800.0,6,0,1,0,0.0
108965,0,0.164152987,50,1,0.24191109800000002,6613.0,10,0,1,0,1.0
108967,0,0.10573606599999999,50,1,0.740458015,2750.0,9,0,1,0,4.0
108968,0,0.048137295999999996,47,0,31.0,,3,0,0,0,
108969,0,0.02823391,39,0,0.575273986,5200.0,8,0,2,0,1.0
108971,0,0.545917739,41,0,0.522886855,11250.0,18,0,2,0,3.0
108972,0,0.257639023,46,0,0.620673743,6500.0,14,0,2,0,3.0
108975,0,0.051582882000000004,56,0,0.481599778,7200.0,8,0,2,0,3.0
108976,0,0.9999998999999999,64,0,0.18804379999999998,16894.0,4,0,2,0,0.0
108977,0,0.059102072,71,0,0.082065567,14000.0,9,0,0,0,0.0
108978,0,0.21271284699999998,46,1,0.390554981,2900.0,7,0,2,0,0.0
108979,0,0.078901258,44,0,0.138456345,23696.0,6,0,1,0,3.0
108981,0,0.039183281,72,0,1292.0,,11,0,1,0,0.0
108982,0,0.517405221,68,0,0.239422868,9217.0,11,0,1,0,1.0
108983,0,0.9999998999999999,42,0,0.29781394,10200.0,6,0,2,0,0.0
108984,0,0.042457623,76,0,0.006334343,3630.0,5,0,0,0,0.0
108985,0,0.131265624,32,0,0.149212697,4000.0,5,0,0,0,0.0
108986,0,0.204179052,61,0,0.356464354,10000.0,22,0,1,0,5.0
108987,0,0.0,40,3,0.47038587200000004,17440.0,8,0,5,0,2.0
108988,0,0.369127517,49,0,0.36662593,9000.0,21,0,2,0,3.0
108989,1,0.187638695,52,1,0.296300362,9108.0,10,0,1,0,0.0
108990,0,0.32667839,30,1,2465.0,,15,0,2,1,0.0
108992,0,0.370992429,72,2,0.532556908,5666.0,10,0,2,1,0.0
108993,0,0.30158549100000004,53,1,0.801351859,2662.0,15,0,2,1,1.0
108994,0,0.0017060139999999998,74,0,15.0,0.0,10,0,0,0,0.0
108996,0,0.03292006,51,0,0.005478569,9308.0,4,0,0,0,1.0
108997,0,0.021898537000000003,60,0,0.42562794299999995,5095.0,8,0,2,0,1.0
108999,0,0.226386323,44,0,1.6671790930000001,1300.0,6,0,1,0,0.0
109000,0,0.0,62,0,0.207416833,5500.0,7,1,1,0,1.0
109001,0,0.0,82,0,0.397534155,3000.0,12,0,2,0,0.0
109002,0,0.094908596,67,1,0.023996904,7750.0,5,0,0,0,1.0
109003,0,0.9162173290000001,60,0,0.700441871,6562.0,20,0,2,0,1.0
109006,0,0.156327186,42,0,0.26333929,7833.0,12,0,1,0,0.0
109008,0,0.07796921,41,0,0.45511482299999995,5747.0,12,0,2,0,3.0
109009,0,0.260255845,69,0,0.23362273100000003,3800.0,5,0,1,0,0.0
109011,0,0.080455112,42,0,0.202059982,3300.0,14,0,0,0,1.0
109012,0,0.020990939,58,0,0.095580884,5000.0,5,0,0,0,2.0
109014,0,0.016518782,42,0,0.294398093,5033.0,11,0,1,0,0.0
109017,0,0.127482763,39,0,0.081538042,7333.0,8,0,0,0,0.0
109018,0,0.650234977,41,0,0.5823768970000001,2700.0,9,0,1,0,3.0
109020,0,0.9999998999999999,37,1,0.17050610800000002,5729.0,3,0,0,0,1.0
109021,0,0.9999998999999999,46,0,0.0,,0,0,0,0,0.0
109023,0,0.155230596,70,0,0.080994215,4666.0,4,0,0,0,0.0
109025,0,0.105586811,55,0,0.302094328,18000.0,5,0,2,0,0.0
109027,0,0.108891109,47,0,803.0,,4,0,0,0,3.0
109030,0,0.38548394799999997,39,0,0.36322202600000003,10750.0,7,0,1,0,2.0
109032,0,0.288741833,54,0,0.120763409,9116.0,13,0,1,0,0.0
109033,0,0.333747522,57,0,1807.0,,12,0,2,0,0.0
109035,0,0.756135518,64,2,0.281285936,20000.0,11,0,1,0,1.0
109037,0,0.263867251,43,0,0.376932915,8600.0,9,0,2,0,1.0
109038,0,0.8301146629999999,64,0,0.415431691,16666.0,27,0,2,0,0.0
109039,0,0.6610760179999999,52,0,3290.0,,11,0,2,0,2.0
109040,0,0.9999998999999999,55,0,0.0,669.0,0,0,0,0,0.0
109041,0,0.18593382600000002,39,0,0.24352894100000003,17500.0,9,0,3,0,2.0
109042,0,0.080910705,62,0,0.015783644,10833.0,3,0,0,0,2.0
109043,0,0.0,56,0,0.0,,2,0,0,0,0.0
109044,0,0.425065009,64,1,0.519107429,7483.0,17,0,4,0,1.0
109048,0,0.011929955,37,0,0.787202133,6000.0,8,0,1,0,0.0
109049,0,0.04529255,71,0,671.0,,4,0,1,0,
109050,0,0.0,52,0,0.401679776,7500.0,9,0,2,0,0.0
109051,0,0.9999998999999999,30,0,0.043283582,1339.0,0,1,0,0,0.0
109053,0,0.02438731,75,0,0.073612037,10500.0,28,0,0,0,0.0
109055,0,0.5635187420000001,48,0,0.300379975,15000.0,8,0,1,0,0.0
109056,0,0.0,60,0,1751.0,,9,0,1,0,0.0
109059,0,0.002715547,54,0,0.24509001600000002,9775.0,10,0,2,0,2.0
109060,0,0.025026639,45,0,0.234502066,7500.0,6,0,1,0,0.0
109062,0,0.039187071000000004,76,0,0.20023381899999998,9408.0,3,0,1,0,0.0
109064,0,0.49954254299999995,81,0,1401.0,,14,0,0,0,0.0
109066,0,0.0,60,0,181.0,,3,0,0,0,0.0
109067,1,0.9999998999999999,25,98,22.0,,0,98,0,98,0.0
109068,0,0.139893563,56,0,0.383597884,10583.0,7,0,2,0,0.0
109070,0,0.142659461,54,0,0.900549725,2000.0,10,0,1,0,0.0
109071,0,0.036974595,31,0,0.243535246,5645.0,7,0,1,0,1.0
109075,0,0.398172963,55,0,0.43773092799999996,4600.0,6,0,1,0,0.0
109076,0,0.16039331099999998,62,0,0.051989602,5000.0,7,0,0,0,1.0
109077,0,0.238855994,55,1,0.09258576199999999,5421.0,10,0,0,0,0.0
109079,0,0.50616445,25,0,1279.0,,8,0,1,0,0.0
109080,0,0.097511871,46,0,1589.0,,6,0,1,0,0.0
109083,0,0.15266275199999998,35,0,0.195920272,15000.0,7,0,1,0,1.0
109085,0,0.9999998999999999,33,0,0.201540957,2465.0,3,1,0,1,0.0
109086,0,0.0,51,0,1581.0,,4,0,1,0,1.0
109087,0,0.008499646,80,0,0.09139955599999999,3150.0,5,0,0,0,0.0
109088,0,0.056753646,51,0,0.10195921599999999,2500.0,10,0,0,0,0.0
109089,0,0.36428835299999995,45,0,7665.0,,9,0,4,0,0.0
109091,0,0.044823879000000004,44,0,0.010463089,5160.0,4,0,0,0,2.0
109092,0,0.003100984,66,0,3.0,,4,0,0,0,2.0
109093,0,0.559515267,43,2,0.465209296,14500.0,11,0,1,0,1.0
109094,0,0.383061694,53,0,0.568144499,7916.0,6,0,1,0,2.0
109095,0,0.13639318,64,0,87.0,,4,0,0,0,0.0
109096,0,0.137056537,44,0,0.215113954,2500.0,9,0,1,0,2.0
109097,0,0.20231365,57,0,0.121492313,9300.0,6,0,1,0,0.0
109102,0,0.059023679,52,0,571.0,,10,0,0,0,1.0
109103,0,0.7154503170000001,56,0,0.864970138,3850.0,7,0,1,0,0.0
109104,0,0.0,57,0,0.220157493,24000.0,11,0,2,0,2.0
109105,0,0.030155078999999998,69,0,0.679320679,1000.0,16,0,1,0,0.0
109107,0,0.655988386,39,0,1.694159178,3115.0,14,0,1,0,2.0
109108,0,0.696209436,50,0,0.530931192,4606.0,11,0,1,0,0.0
109109,0,0.124321189,66,1,0.195939804,9900.0,12,0,1,0,0.0
109110,1,0.024560965,27,0,1.432783608,2000.0,5,1,1,0,0.0
109112,0,0.001335324,73,0,0.0037773579999999998,9000.0,12,0,1,0,0.0
109113,0,0.8761889279999999,69,2,0.412974684,5687.0,9,0,1,0,0.0
109115,0,0.7533659509999999,48,1,0.038559229,50000.0,8,0,0,0,2.0
109116,0,0.023861797,50,1,707.0,,17,0,0,0,0.0
109117,0,0.093619109,45,0,571.0,,9,0,0,0,2.0
109118,1,0.560982576,56,0,2.8540972680000003,1500.0,8,0,3,0,0.0
109119,0,0.059802932999999996,30,0,0.232041914,7252.0,6,0,2,0,0.0
109120,1,0.980464544,50,2,0.843156357,2052.0,7,0,1,0,2.0
109121,0,0.046698443,71,0,0.034270217,8111.0,5,0,0,0,0.0
109122,0,0.12345591,50,0,0.390240531,7233.0,13,0,2,0,0.0
109123,0,0.594025668,78,0,0.291221956,4590.0,10,0,2,0,0.0
109127,0,0.171199183,64,0,0.596070196,6666.0,18,0,2,0,1.0
109128,1,0.42080848200000004,42,0,0.275494335,4500.0,23,1,0,0,1.0
109129,0,0.017188555,56,0,0.015471586,3360.0,16,0,0,0,1.0
109130,0,0.5677321160000001,44,0,0.18213058399999998,8438.0,7,0,2,0,2.0
109132,0,0.046235523,46,1,0.39569423600000003,7338.0,10,0,2,0,0.0
109134,0,0.004029222,72,0,0.008589112,7916.0,51,0,0,0,1.0
109135,0,0.9412235109999999,62,3,0.6152884820000001,4800.0,7,0,1,1,1.0
109136,0,0.162721088,45,0,2862.0,,7,0,2,0,0.0
109137,0,0.012940923,59,0,0.495058089,5766.0,12,0,1,0,0.0
109138,0,0.528270444,35,0,2368.0,,9,0,1,0,3.0
109140,0,0.40929891,45,0,0.321954007,7000.0,11,0,2,0,3.0
109141,0,0.034061436,60,0,0.005332445,6000.0,7,0,0,0,0.0
109142,0,0.401926357,32,0,0.064871702,5533.0,6,0,0,0,0.0
109143,0,0.831808063,55,2,0.6215693170000001,5683.0,13,0,2,0,1.0
109144,0,0.231209377,71,0,0.02274812,5450.0,3,0,0,0,1.0
109145,0,0.0,53,0,3870.0,,8,0,2,0,1.0
109146,0,0.0009332710000000001,70,0,929.0,,2,0,1,0,
109147,0,0.145680803,39,0,0.290794325,16000.0,16,0,1,0,4.0
109148,0,0.282752387,64,0,0.44588086200000004,3944.0,4,0,2,0,0.0
109149,0,0.03126035,47,0,0.433008932,7500.0,18,0,2,0,2.0
109150,0,0.493695722,49,0,0.354890735,12400.0,19,0,2,0,0.0
109152,0,0.9999998999999999,58,0,0.337730871,1894.0,4,0,0,0,0.0
109153,0,0.021396673999999997,38,0,1377.0,,4,0,1,0,
109158,0,0.043506714,58,0,0.268875396,7575.0,5,0,1,0,4.0
109159,0,1.012987013,48,0,0.025270757999999997,3600.0,2,0,0,1,0.0
109160,0,0.056206332000000005,36,0,1760.0,,5,0,1,0,0.0
109161,0,0.0,83,0,0.0671875,2559.0,6,0,1,0,0.0
109162,0,0.04944526900000001,35,0,0.268974621,16666.0,18,0,1,0,0.0
109164,0,0.005067917,64,0,0.385218585,5100.0,21,0,2,0,1.0
109165,0,0.019333141,61,0,0.124706532,7240.0,14,0,1,0,0.0
109167,0,0.36440906100000003,47,0,1452.0,,8,0,1,0,2.0
109168,0,0.26528854399999996,65,0,0.6924954240000001,6555.0,19,0,3,0,1.0
109169,0,0.040252912,60,0,1798.0,,7,0,2,0,0.0
109173,0,0.024962444,54,0,0.014211136999999999,6895.0,9,0,0,0,0.0
109174,0,0.401446974,42,0,1.294085433,1825.0,4,0,2,0,0.0
109175,0,0.656341549,56,0,0.635411709,2100.0,12,0,0,0,0.0
109176,1,0.781426897,41,1,0.337794186,6500.0,10,2,1,0,3.0
109177,0,0.041971836,60,0,71.0,,4,0,0,0,0.0
109179,0,0.9999998999999999,71,0,954.0,,5,0,1,0,0.0
109180,1,0.7471785470000001,47,0,0.7594179790000001,5016.0,7,0,1,0,0.0
109182,0,0.001199952,75,0,0.050146131,6500.0,3,0,1,0,0.0
109184,0,0.683784979,61,0,0.56171914,2000.0,5,0,1,0,0.0
109186,0,0.018622672,46,0,0.43921828399999996,9056.0,4,0,2,0,3.0
109189,0,0.84147496,44,4,0.42969187700000006,5354.0,18,0,2,0,1.0
109190,0,0.267121156,62,0,2022.0,,8,0,2,0,1.0
109191,0,0.023386193,55,0,363.0,,9,0,0,0,0.0
109192,0,0.068947479,59,0,0.226009613,18100.0,10,0,1,0,2.0
109195,0,0.047581545999999995,47,0,0.297051409,9122.0,18,0,3,0,1.0
109196,0,0.37345215299999995,51,0,0.25607830800000003,3166.0,9,0,0,0,0.0
109197,0,0.001398205,55,0,0.17491542399999999,7980.0,5,0,1,0,1.0
109198,0,0.08428805199999999,71,0,0.26299600100000003,3250.0,6,0,1,0,1.0
109202,0,0.101012691,76,0,23.0,,2,0,0,0,0.0
109204,0,0.034838646,70,0,0.482991431,3850.0,10,0,1,0,1.0
109205,0,0.83719789,46,3,0.249216535,6700.0,6,1,1,1,3.0
109206,0,0.01764835,38,0,0.7771135779999999,4683.0,7,0,1,0,1.0
109207,0,0.676427155,46,0,2527.0,0.0,13,0,1,0,0.0
109208,0,0.018410221,58,0,0.379274457,6725.0,14,0,1,0,0.0
109209,0,0.9999998999999999,45,0,0.0,3666.0,0,1,0,0,1.0
109210,0,0.813424203,57,0,3100.0,,9,0,1,0,0.0
109211,0,0.584967418,47,0,0.152905855,4662.0,4,0,0,0,3.0
109212,0,0.098609832,56,0,0.485002307,6500.0,17,0,2,0,0.0
109214,0,0.34812321,47,0,0.463382157,6007.0,11,0,5,0,1.0
109215,0,0.013669585,82,0,39.0,,8,0,0,0,0.0
109216,0,0.057441063,33,0,0.428892777,4000.0,6,0,1,0,4.0
109217,0,0.0,83,1,0.0,2500.0,9,0,0,0,0.0
109218,0,0.020248988,46,0,2911.0,,2,0,1,0,0.0
109220,0,0.5778297379999999,59,0,0.365795918,12249.0,13,0,2,0,0.0
109222,0,0.707223907,56,0,0.560411311,3500.0,8,0,1,0,1.0
109223,0,0.0,58,0,675.0,,5,0,0,0,1.0
109224,0,0.41418843200000005,31,0,0.48862784299999995,4000.0,9,0,1,0,0.0
109227,0,0.003999111,23,0,0.22518321100000002,1500.0,4,0,0,0,0.0
109228,0,0.068393955,49,0,0.330114135,6833.0,13,0,1,0,1.0
109229,0,0.323156912,60,0,0.45749417,4716.0,6,0,1,2,1.0
109231,0,0.013326035,58,0,0.141645205,6600.0,11,0,1,0,0.0
109232,0,0.9999998999999999,30,0,0.594153052,2325.0,7,0,1,0,0.0
109233,0,0.580494634,43,0,2641.0,,4,0,2,0,0.0
109234,0,0.008295501,80,0,18.0,,7,0,0,0,
109236,0,0.0,64,0,0.0,2765.0,4,0,0,0,0.0
109237,0,0.138454075,42,0,0.687640062,5800.0,8,0,1,0,2.0
109238,0,0.012259853999999999,43,0,2235.0,,9,0,1,0,0.0
109241,0,0.19964521899999998,63,0,0.014788168999999999,2501.0,2,1,0,0,1.0
109243,0,0.020704258,39,0,1403.0,0.0,3,0,1,0,0.0
109244,0,0.545739442,49,0,0.474930791,3250.0,3,0,1,0,3.0
109245,0,0.0,36,0,0.10805908300000001,3858.0,3,0,1,0,2.0
109247,0,0.000176988,72,0,0.86716089,4990.0,10,0,2,0,0.0
109249,1,0.9999998999999999,55,98,0.008073818,2600.0,0,98,0,98,0.0
109250,0,0.00863211,60,0,0.002307337,6500.0,6,0,0,0,0.0
109252,0,0.049280595999999996,76,0,0.048475762,2000.0,9,0,0,0,0.0
109253,0,0.001301067,84,0,1230.0,,7,0,1,0,1.0
109254,1,0.941352882,25,1,0.511162946,3000.0,5,2,0,3,0.0
109255,0,0.21538923100000001,61,0,0.429487784,10600.0,8,0,3,0,2.0
109256,0,0.649223385,35,1,0.559751222,2250.0,3,0,2,0,0.0
109257,0,0.806709665,48,0,0.28751894899999997,9894.0,4,0,2,0,2.0
109259,0,0.19615032100000002,40,0,0.312737453,5000.0,10,0,1,0,2.0
109261,0,0.069130129,53,0,0.244548138,10500.0,24,0,2,0,3.0
109262,0,0.126545966,54,0,0.09673250900000001,5416.0,14,0,0,0,1.0
109266,0,0.633591561,41,0,0.6351303110000001,2800.0,8,0,0,0,0.0
109268,0,0.158021799,42,0,0.225502882,8500.0,14,0,2,0,3.0
109271,0,0.059474575,60,0,2013.0,,9,0,2,0,0.0
109272,0,0.387806097,27,0,0.125937031,2000.0,4,0,0,0,0.0
109274,1,0.439446367,33,2,0.142954083,4420.0,6,6,0,3,0.0
109275,1,0.812640019,35,0,1.815992731,2200.0,11,0,1,0,0.0
109276,0,0.491765721,58,0,0.434855234,8979.0,10,0,2,0,0.0
109277,0,0.9999998999999999,27,0,1275.0,,4,0,2,0,0.0
109278,0,0.057458933,46,0,0.42303419299999995,8100.0,19,0,3,0,4.0
109280,0,0.0,61,0,0.005691432,6500.0,17,0,0,0,1.0
109282,0,0.128953411,34,0,0.291339794,6500.0,7,0,2,0,0.0
109283,0,0.014856435,50,0,9.0,,1,0,0,0,0.0
109284,0,0.97270273,47,0,1.142548596,4166.0,19,0,5,0,0.0
109286,0,0.0,28,0,0.125974805,5000.0,6,0,0,0,0.0
109287,0,0.0,27,0,0.0,1000.0,2,0,0,0,0.0
109289,0,0.076155233,64,1,0.411545127,7500.0,20,0,1,0,0.0
109290,0,0.14876541599999998,28,0,0.162152897,2916.0,9,0,0,0,0.0
109291,0,0.580626804,57,0,0.330997635,11416.0,7,0,2,0,0.0
109292,0,0.07963041900000001,56,0,0.175329845,17583.0,10,0,2,0,1.0
109295,1,0.634920635,31,1,0.5865921789999999,4116.0,14,0,3,0,0.0
109297,0,0.050846545,31,0,0.427451608,6250.0,10,0,2,0,1.0
109298,0,0.006316538000000001,44,0,0.07810961599999999,6093.0,8,0,0,0,0.0
109300,0,0.071694731,61,0,8196.0,,10,0,4,0,0.0
109301,0,0.09576189800000001,60,0,0.182629517,9187.0,9,0,2,0,0.0
109302,0,0.052870805,28,0,0.180282661,2900.0,4,0,0,0,0.0
109303,0,0.498233451,31,0,0.471023884,5400.0,9,0,1,0,0.0
109304,0,0.9999998999999999,33,0,0.281593724,13000.0,11,0,1,1,2.0
109307,0,0.0,47,2,0.317535545,4430.0,8,0,1,0,0.0
109309,0,0.059847008,38,0,2.584922797,1100.0,4,0,1,0,0.0
109310,0,0.17447569899999998,58,0,0.271937202,10700.0,19,0,1,0,1.0
109313,1,2.023255814,43,0,237.0,,2,6,0,0,0.0
109314,0,0.06742675599999999,42,0,0.124100103,2916.0,5,0,0,0,0.0
109317,0,0.508175509,29,0,0.107410491,1200.0,3,0,0,1,0.0
109319,0,0.413517297,33,0,0.175274908,3000.0,3,0,0,0,0.0
109320,0,0.007362967,28,0,0.520427512,5800.0,3,0,2,0,0.0
109323,0,0.415996863,29,0,0.47982863299999995,2800.0,5,0,1,0,0.0
109324,0,0.9999998999999999,59,0,500.0,,1,0,0,0,0.0
109325,0,0.009345794000000001,75,0,0.001216545,821.0,2,0,0,0,0.0
109326,0,0.353646354,22,0,0.012180268000000001,820.0,2,0,0,0,0.0
109328,0,0.006282899999999999,76,1,0.312849162,3400.0,9,0,0,0,0.0
109330,0,0.011885375,42,0,0.6994335220000001,3000.0,6,0,1,0,3.0
109331,0,1.01754386,26,0,0.067310896,3000.0,6,0,0,0,0.0
109332,0,0.382111938,53,0,3869.0,,26,0,1,0,0.0
109333,0,0.584931606,38,0,2900.0,,10,0,2,0,3.0
109334,0,0.04659767,52,0,1752.0,,4,0,1,0,0.0
109335,0,0.015178893999999998,51,0,0.12452716,6608.0,3,0,0,0,1.0
109336,0,0.598961392,47,0,1.127360237,2700.0,12,0,1,0,0.0
109337,0,0.038518496,47,0,0.37292329399999996,2828.0,7,0,0,0,3.0
109339,0,0.126561598,80,0,0.456744726,5166.0,11,0,2,0,0.0
109340,0,0.044151214,59,0,0.41250794700000004,12583.0,15,0,2,0,1.0
109341,0,0.210228413,54,0,0.149595687,8161.0,6,0,0,0,0.0
109342,0,0.182000695,59,0,0.353331609,11600.0,13,0,1,0,1.0
109343,0,0.190317001,58,0,3352.0,,9,0,1,0,3.0
109344,0,0.153910249,37,1,0.519620095,4000.0,10,0,2,0,1.0
109345,0,0.070522312,44,0,0.29212870399999996,5500.0,7,0,1,0,0.0
109346,0,0.155966018,43,0,0.655652584,4236.0,13,0,1,0,2.0
109349,0,0.37716132700000005,49,0,0.37226043799999997,6250.0,15,0,1,0,1.0
109351,0,0.10674604300000001,62,0,0.306923269,4000.0,14,0,1,0,0.0
109352,0,0.015219696000000001,70,0,69.0,,9,0,0,0,0.0
109353,1,0.841473865,41,0,0.626871712,9883.0,8,0,2,0,2.0
109354,0,1.116590408,61,4,1.042840143,2520.0,10,0,1,0,1.0
109358,0,0.037831757,74,0,0.007775618000000001,3600.0,5,0,0,0,0.0
109360,0,0.424606449,31,2,0.208546707,5662.0,10,0,0,0,3.0
109361,0,0.45177231100000004,41,0,6004.0,,10,0,4,0,0.0
109363,0,0.10004368699999999,41,0,0.555286277,3300.0,7,0,0,0,2.0
109365,0,0.5495141179999999,49,0,0.614882644,9500.0,12,0,2,0,2.0
109366,0,0.115735533,27,0,0.009639414,2800.0,4,0,0,0,0.0
109367,0,0.067627122,43,0,0.018777796,6070.0,7,0,0,0,2.0
109368,0,0.08202131900000001,39,0,0.145076332,11200.0,13,0,1,0,3.0
109370,0,0.031430705,70,0,0.21493097,11733.0,19,0,0,0,0.0
109371,0,0.165976289,68,0,1735.0,,5,0,1,0,0.0
109372,0,0.031407662999999995,59,2,0.347061176,2500.0,9,0,1,0,0.0
109373,0,0.186815791,39,0,6811.0,,15,0,2,0,0.0
109374,0,0.187282323,62,0,0.466958675,5250.0,9,0,2,0,2.0
109375,0,0.9999998999999999,49,0,0.051470588,4215.0,1,0,0,0,1.0
109376,0,0.140185568,42,0,0.36082989600000004,8000.0,9,0,1,2,1.0
109378,0,0.0,41,0,0.33722766,9500.0,10,0,2,0,0.0
109380,0,0.7762964940000001,51,1,0.293169353,6016.0,13,0,2,0,0.0
109385,0,0.9999998999999999,34,0,0.0,2781.0,0,0,0,0,2.0
109386,1,0.141001916,55,0,0.299903257,3100.0,4,0,0,0,0.0
109388,0,0.9999998999999999,79,0,0.19520120000000002,4000.0,1,0,0,0,1.0
109389,0,0.050718648,34,1,0.441679627,4500.0,7,0,2,0,1.0
109390,0,0.084861382,37,0,1607.0,,6,0,1,0,0.0
109391,1,0.051439754000000004,54,0,0.39841539299999995,5300.0,7,0,1,0,0.0
109392,0,0.0,47,0,1.059697103,6800.0,11,0,2,0,2.0
109393,0,0.488818646,43,0,0.61285162,7500.0,18,0,6,0,0.0
109396,0,0.48200176899999997,56,0,0.483105324,18200.0,20,0,5,0,0.0
109397,0,0.040959041,22,0,1.0,,1,0,0,0,
109399,0,0.634365634,47,0,0.056054222,5458.0,2,1,0,0,0.0
109401,0,0.0015691820000000001,79,0,0.199380165,5807.0,5,0,1,0,0.0
109402,0,0.335369239,28,1,0.110820244,4583.0,4,0,0,0,1.0
109404,0,0.373087564,41,0,0.047518947,18076.0,5,0,0,0,3.0
109405,0,0.052905256,61,0,0.5637181410000001,2000.0,3,0,1,0,1.0
109408,0,0.008190216,49,0,1137.0,,3,0,1,0,0.0
109409,0,0.03546916,62,0,0.191970466,6500.0,6,0,2,0,0.0
109411,0,0.011551806999999999,50,0,0.16575936,9000.0,16,0,1,0,2.0
109412,0,0.00439978,73,0,0.000289651,24166.0,3,0,0,0,0.0
109413,0,0.008292177,73,0,0.003996004,1000.0,5,0,0,0,0.0
109414,0,0.248544027,65,0,0.083190493,8750.0,8,0,0,0,1.0
109415,0,0.008564714000000001,64,0,0.193606723,18800.0,17,0,2,0,1.0
109416,0,0.388778106,59,0,0.31178137,6000.0,17,0,0,0,0.0
109417,0,0.430501139,40,0,0.762816422,4700.0,10,0,1,0,0.0
109418,0,0.02165907,59,0,0.26780914,8927.0,18,0,2,0,0.0
109420,0,0.28836884,51,0,0.49891320100000003,6900.0,13,0,1,0,0.0
109421,0,0.019431377,56,0,0.180409519,3613.0,7,0,1,0,1.0
109422,0,0.650180755,45,1,0.265145277,8500.0,11,0,1,0,1.0
109423,0,0.8692463140000001,57,0,0.22861901699999998,13808.0,9,0,2,0,1.0
109424,1,0.9999998999999999,48,0,0.166358025,3239.0,2,5,0,1,0.0
109426,0,0.144255565,48,0,0.38324934,4166.0,7,1,2,0,3.0
109427,0,0.001112961,72,0,3010.0,,19,0,2,0,3.0
109430,0,0.034060867,47,0,0.076007005,5709.0,5,0,0,0,2.0
109431,0,0.921018365,43,0,0.622660344,8013.0,13,0,2,0,2.0
109432,0,0.025891023,67,0,0.403768506,5200.0,10,0,2,0,0.0
109433,1,0.0,53,0,0.803005592,8583.0,12,0,2,0,1.0
109435,0,0.01895061,73,0,0.005703083,5610.0,6,0,0,0,0.0
109436,0,1.64e-05,70,0,2182.0,,23,0,3,0,0.0
109437,0,0.9999998999999999,40,1,0.101023018,3127.0,4,0,0,0,0.0
109439,0,0.058544857,34,0,740.0,,7,0,1,0,0.0
109440,0,0.0,53,0,0.29601457,9333.0,10,0,2,0,2.0
109441,0,0.064170151,84,0,10.0,,1,0,0,0,0.0
109442,0,0.939608496,31,0,0.262990877,2520.0,3,0,0,0,2.0
109444,0,0.114457473,61,1,1353.0,,12,0,1,0,0.0
109447,0,0.066143755,35,0,0.41551207,7000.0,8,0,2,0,4.0
109451,0,0.11028665800000001,54,0,2257.0,,5,0,1,0,0.0
109452,0,0.665858831,61,0,0.321362458,2700.0,3,0,1,0,1.0
109453,0,0.974358974,49,0,0.05787781400000001,1243.0,2,0,0,0,0.0
109455,0,0.03427472,49,0,0.203466089,6000.0,12,1,1,0,1.0
109457,0,0.9999998999999999,63,0,1.35428051,2195.0,2,0,0,1,0.0
109459,0,0.9999998999999999,44,0,200.0,,0,0,0,0,0.0
109460,0,0.9999998999999999,62,0,0.0,25833.0,0,0,0,0,1.0
109461,0,0.058802438,51,0,0.594975647,3900.0,13,0,2,0,2.0
109462,0,0.053798053,80,0,0.052303262999999996,2083.0,6,0,1,0,0.0
109463,0,0.012212832,80,0,0.014388488999999999,2084.0,13,0,0,0,0.0
109466,0,0.833364083,38,0,0.428793601,4500.0,12,0,1,0,1.0
109467,0,0.0,54,0,0.000749906,8000.0,3,0,0,0,1.0
109469,0,0.9999998999999999,54,0,0.005503145,3815.0,1,2,0,1,1.0
109470,0,0.17656986,47,1,1.672666187,4166.0,13,0,3,0,1.0
109471,1,0.918216357,32,0,330.0,,2,1,0,1,0.0
109474,0,0.086021186,36,0,0.247671465,7085.0,3,0,2,0,0.0
109475,0,0.309242703,60,0,0.716862865,6540.0,10,0,2,0,0.0
109478,0,0.033718115,29,0,0.551181102,2666.0,12,0,3,0,0.0
109479,0,0.0,75,0,0.447672854,3716.0,8,0,1,0,1.0
109480,0,0.6341728520000001,34,1,0.20606317600000001,4716.0,7,0,0,0,2.0
109482,0,0.100247494,42,0,0.18313809600000003,6060.0,4,0,1,0,0.0
109485,0,0.9999998999999999,69,0,0.0,,2,0,0,0,0.0
109486,0,0.9999998999999999,23,0,0.079068241,3047.0,2,0,0,0,2.0
109487,0,0.0,61,2,0.915542229,2000.0,8,0,1,2,1.0
109488,0,0.593658725,53,0,0.41748366,9791.0,12,0,1,0,3.0
109489,0,0.897102897,43,0,0.006498375,4000.0,1,0,0,0,0.0
109490,0,0.30113750300000003,61,1,0.279019558,7873.0,7,0,1,0,0.0
109492,0,0.618446786,57,0,3224.0,,11,0,1,0,0.0
109495,0,0.9999998999999999,28,0,0.264779351,1200.0,5,0,0,0,0.0
109496,0,0.18336736,30,0,0.16815844600000002,5250.0,9,0,0,0,0.0
109499,0,0.988494201,25,0,0.199434229,4948.0,9,0,0,0,0.0
109501,0,0.18094680600000002,65,0,0.231358208,17500.0,12,0,2,0,0.0
109503,0,0.335127004,61,0,1381.0,,20,0,1,0,0.0
109504,0,0.107795864,70,0,0.454083987,6500.0,14,0,2,0,0.0
109505,0,0.8074792759999999,61,0,1.21471173,1005.0,6,0,1,0,0.0
109506,0,0.09772505199999999,50,0,2357.0,,14,0,1,0,0.0
109507,0,0.046037558,64,0,0.35835222,7500.0,13,0,2,0,0.0
109509,0,0.9250829970000001,58,1,2200.0,,3,0,1,0,0.0
109510,0,0.24063458199999999,55,0,54.0,0.0,3,0,0,0,0.0
109511,0,0.033906539,57,0,0.18953564399999998,7644.0,8,0,0,0,4.0
109512,0,0.45993612,63,0,0.46318208899999996,11746.0,9,0,2,0,1.0
109513,0,0.520784453,57,0,0.578867158,3936.0,8,0,1,0,0.0
109514,0,0.0,28,0,0.090080972,1975.0,5,0,0,0,0.0
109517,0,0.18596511899999998,41,0,0.0843483,5500.0,5,0,0,0,1.0
109518,0,0.270137897,53,0,0.312852948,4426.0,6,0,1,0,1.0
109519,0,0.918309055,53,0,0.450181525,2478.0,6,0,0,0,2.0
109520,0,0.17966220600000002,69,0,0.137880313,12916.0,9,0,0,0,0.0
109521,0,0.170755753,36,0,0.070385476,7600.0,4,0,0,0,0.0
109524,0,0.051083845,61,0,0.270149729,18833.0,12,0,3,0,1.0
109526,0,0.953046953,28,0,0.170471588,6000.0,10,0,0,1,0.0
109528,0,0.0,53,0,568.0,,7,0,0,0,0.0
109529,0,0.008153533000000001,73,0,0.0015625,3839.0,2,0,0,0,0.0
109531,0,0.767420885,57,4,0.9937619959999999,4167.0,16,0,1,1,0.0
109533,0,0.978804239,49,0,0.8011276270000001,1950.0,4,0,1,0,0.0
109534,0,0.5713316620000001,45,0,0.652986538,7650.0,20,0,2,0,5.0
109535,0,0.514924815,64,0,0.10536841400000001,16000.0,6,0,0,0,1.0
109536,0,0.8975512240000001,33,0,0.12673567300000002,3960.0,5,0,0,0,0.0
109537,0,0.034160926,40,0,0.077520781,5533.0,4,0,0,0,1.0
109538,0,0.080658387,66,0,119.0,,5,0,0,0,
109539,0,0.793219847,42,0,0.31096113,8000.0,6,0,1,0,3.0
109540,0,0.259768506,33,0,0.182349503,1710.0,4,0,0,0,2.0
109541,0,0.082764397,56,0,0.282786202,6000.0,17,0,1,0,0.0
109542,0,0.048093695,35,0,0.235248144,5117.0,4,0,1,0,3.0
109543,0,0.9999998999999999,55,0,2189.0,,8,0,1,0,0.0
109544,0,0.335988,46,0,0.5230522089999999,6224.0,7,0,2,0,0.0
109545,0,0.053108125,85,0,0.016996601,5000.0,8,0,0,0,0.0
109547,0,0.9999998999999999,34,0,0.091903363,6125.0,3,0,0,0,0.0
109550,0,0.037141531,69,0,31.0,,5,0,0,0,0.0
109551,0,0.11747315300000001,78,0,1.011182796,2324.0,7,0,2,0,0.0
109552,0,0.001159387,64,0,793.0,,8,0,1,0,0.0
109554,0,0.559676452,53,0,4198.0,,8,0,2,0,0.0
109555,0,0.17953855800000001,49,0,0.302517055,4250.0,5,0,1,0,0.0
109558,0,0.176368553,51,0,103.0,,3,0,0,0,0.0
109559,0,0.132049364,71,0,0.486930628,9066.0,10,0,2,0,1.0
109560,0,0.22378508100000002,59,0,0.384750527,2845.0,10,0,1,0,4.0
109561,0,0.004959901,84,0,0.004663558,1500.0,6,0,0,0,0.0
109562,0,0.505096457,47,2,0.5864256870000001,5200.0,9,0,2,1,2.0
109568,0,0.119860595,51,0,0.644208583,6500.0,12,0,2,0,2.0
109571,0,0.0028497109999999996,78,0,0.12945573,10435.0,11,0,1,0,0.0
109572,0,0.0,69,0,0.169961372,4400.0,7,0,1,0,0.0
109576,0,0.853302475,56,0,0.341384863,7451.0,18,0,0,0,0.0
109577,0,0.050089998,60,0,0.556485356,6213.0,10,0,2,0,0.0
109578,0,0.733766116,53,0,0.378684545,8650.0,10,0,3,0,0.0
109579,0,0.286185129,56,0,0.315936813,5000.0,5,0,2,0,0.0
109581,0,0.6047554589999999,87,1,0.366868198,4134.0,9,0,1,0,0.0
109582,0,0.128862543,60,0,3140.0,,13,0,2,0,0.0
109583,0,0.06653872400000001,45,0,0.27470002600000004,7833.0,6,0,2,0,4.0
109584,1,1.1418602979999999,49,1,0.778060503,3536.0,8,0,1,1,1.0
109585,0,0.11828949400000001,35,0,548.0,,6,0,1,0,0.0
109587,0,0.820462782,40,1,2944.0,,13,0,1,0,0.0
109590,0,0.024116071,67,0,0.24133922300000002,4300.0,8,0,1,0,0.0
109592,0,0.9999998999999999,40,0,2476.0,,6,0,4,0,0.0
109593,0,0.207998873,81,0,0.031312458,1500.0,6,0,0,0,1.0
109594,0,0.0,67,0,1318.0,,5,0,1,0,0.0
109595,1,0.7090356170000001,45,0,0.527155816,8708.0,12,0,3,0,3.0
109596,0,0.0,79,0,735.0,,11,0,1,0,0.0
109597,0,0.76602831,75,1,38.0,,5,0,0,1,0.0
109598,0,0.037981008999999996,63,0,742.0,,7,0,0,0,0.0
109599,0,0.369981732,57,0,0.5920429429999999,6333.0,12,0,2,0,2.0
109601,0,0.010979191999999999,43,0,349.0,,17,0,0,0,0.0
109604,0,0.0,50,0,350.0,,11,0,0,0,
109605,0,0.070112185,73,0,0.230861531,8333.0,7,0,2,0,0.0
109606,0,0.22059024600000002,79,0,0.33656297799999996,1960.0,11,0,1,0,0.0
109607,0,0.5440911820000001,55,0,590.0,0.0,3,0,1,0,0.0
109608,0,0.0,78,0,1082.0,,5,0,1,0,0.0
109609,0,0.155812987,49,0,0.241765481,6071.0,12,0,2,0,2.0
109612,0,0.9829528340000001,46,1,0.44194597700000005,7070.0,8,0,1,1,0.0
109613,0,0.034409335,45,2,0.246047572,14041.0,8,0,2,0,1.0
109614,0,0.26628720899999997,45,0,0.025956547000000003,5200.0,7,0,0,0,0.0
109615,0,0.81764937,49,0,0.685314685,1000.0,2,0,0,0,0.0
109616,1,0.9999998999999999,48,0,1761.0,,7,0,0,0,0.0
109617,1,0.426859585,55,0,0.476976151,6666.0,14,0,2,0,1.0
109619,0,0.258565812,83,0,0.206269877,2200.0,12,0,0,0,0.0
109620,0,0.03516906,60,0,0.22867079699999998,9200.0,13,0,0,0,0.0
109621,0,0.005836002,55,0,1398.0,,10,0,1,0,0.0
109622,0,0.339137226,56,0,1.521478282,4166.0,20,0,4,0,0.0
109623,0,0.014906381000000002,53,0,0.20991603399999997,2500.0,3,0,2,0,0.0
109626,0,0.9604519770000001,24,1,0.109556178,2500.0,2,3,0,0,0.0
109627,0,0.372620994,43,0,1998.0,,14,0,1,0,2.0
109628,0,0.187665092,67,0,0.24313127899999998,21000.0,10,0,2,0,0.0
109630,0,0.006404901,87,0,0.733861291,8333.0,9,0,1,0,0.0
109632,0,0.49783104200000006,35,0,0.306010929,1829.0,7,0,0,0,0.0
109633,0,0.950936604,47,0,0.46847316299999997,7675.0,6,0,2,0,0.0
109635,0,0.017506908,68,0,0.139700079,3800.0,15,0,0,0,0.0
109636,0,0.299580028,53,3,0.527953586,1895.0,5,0,0,0,0.0
109638,0,0.19822522199999998,33,2,0.252276999,6916.0,8,2,1,0,0.0
109639,0,0.102659221,65,0,965.0,,4,0,1,1,0.0
109640,0,0.048843695,46,0,0.095698086,16666.0,12,0,2,0,2.0
109641,0,1.057462836,33,1,0.8914985959999999,3916.0,7,0,1,0,3.0
109642,0,0.849887671,65,0,2372.0,,12,0,1,0,
109645,0,0.357354755,57,0,1.446717255,3030.0,9,0,1,0,0.0
109646,0,0.095243486,35,1,0.304964539,8600.0,8,0,1,0,0.0
109647,0,0.021970801,43,0,1696.5,1.0,9,0,2,0,3.0
109648,0,0.51717738,63,0,0.984029484,2441.0,4,0,1,0,2.0
109649,0,0.048235797999999996,88,0,330.0,,6,0,0,0,0.0
109650,0,0.142898193,59,1,0.071790628,9666.0,10,0,0,0,0.0
109659,0,0.704490983,53,3,0.190878285,18000.0,12,0,2,0,3.0
109661,0,0.012927161999999999,62,0,0.09027978099999999,10400.0,7,0,2,0,0.0
109662,0,0.02589741,40,0,0.14570017400000002,6883.0,7,0,1,0,0.0
109664,0,0.407012891,35,0,0.685385169,4166.0,6,0,1,0,1.0
109665,0,0.102908764,53,0,0.02465096,4583.0,4,0,0,0,0.0
109666,0,0.0,25,0,0.633373934,820.0,3,0,0,0,0.0
109668,0,0.201679832,33,0,0.053646668,16850.0,4,0,0,0,1.0
109669,0,0.212038637,50,0,0.11770726699999999,12700.0,8,0,1,0,1.0
109670,0,0.8960189059999999,35,0,0.173204122,6500.0,4,0,0,1,2.0
109671,0,0.005133162,66,0,0.189319326,4568.0,9,0,2,0,1.0
109672,0,0.011963201000000001,86,0,0.145610278,2334.0,3,0,1,0,0.0
109673,0,0.454274286,51,3,1505.0,,11,0,1,0,1.0
109674,0,0.451438181,60,0,0.748898678,5220.0,16,0,2,0,0.0
109675,0,0.012567896,34,0,0.515640623,7000.0,13,0,2,0,0.0
109676,0,0.148024446,56,0,0.69168607,7300.0,10,0,1,0,0.0
109680,0,0.679320679,74,1,0.37962038,1000.0,6,0,0,0,0.0
109681,0,0.067804477,68,0,0.324975174,8055.0,9,0,2,0,0.0
109682,0,0.92040398,39,0,0.6760370240000001,2916.0,6,0,2,0,2.0
109684,0,0.972487137,39,0,1.923171734,2433.0,11,0,1,0,0.0
109685,0,0.23516069,45,0,0.40221303799999997,7500.0,14,0,1,0,0.0
109686,0,0.03790024,42,0,0.268098295,4516.0,6,0,0,0,0.0
109688,0,0.158455393,50,0,737.0,,3,0,0,0,0.0
109689,0,0.001808414,51,0,1736.0,,7,0,1,0,0.0
109691,0,0.107774451,55,0,1329.0,,4,0,1,0,0.0
109693,1,0.9999998999999999,59,0,0.10747796400000001,7033.0,2,2,0,0,0.0
109694,1,1.073202332,43,3,0.39907563799999995,11250.0,10,1,1,1,3.0
109697,0,0.017808676000000002,58,0,1.298672969,5500.0,8,0,3,0,0.0
109698,0,0.33640706600000003,64,0,0.35994001,6000.0,7,0,1,0,1.0
109699,0,0.027551483999999998,52,0,0.27714341,5166.0,8,0,1,0,1.0
109702,0,0.034032199,79,0,0.364127175,5000.0,7,0,1,0,0.0
109703,0,0.12399701199999999,60,1,0.6611949,12000.0,22,0,14,0,1.0
109704,0,0.0,45,1,2858.0,,5,0,1,0,0.0
109705,0,0.723930794,32,0,0.101622685,6100.0,7,0,0,0,0.0
109707,0,1.0511897620000001,58,0,0.246367151,7500.0,3,0,1,0,1.0
109709,0,0.640035996,33,1,0.171994597,2220.0,6,0,0,0,1.0
109711,1,1.031076582,26,0,0.01874099,2080.0,5,0,0,0,0.0
109712,0,0.290981046,60,1,0.330452466,5900.0,12,0,1,0,0.0
109713,0,0.012107441000000002,70,0,0.007768876,4118.0,6,0,0,0,0.0
109714,1,0.9001194220000001,43,1,1493.0,,14,0,0,1,
109715,0,0.9999998999999999,28,0,48.0,,0,0,0,0,
109718,0,0.8477069509999999,68,0,0.577025824,1122.0,3,0,0,0,0.0
109719,0,0.004557746,34,0,0.077323024,7500.0,18,0,0,1,0.0
109720,0,0.9999998999999999,61,0,347.0,,2,0,1,0,0.0
109724,0,0.0021897170000000003,75,0,1865.0,,6,0,1,0,0.0
109727,0,0.7886950309999999,65,0,0.341829768,4393.0,12,1,0,0,0.0
109728,0,0.0,56,1,0.500549945,10000.0,8,0,2,0,2.0
109729,0,0.014498681000000001,75,0,21.0,,3,0,0,0,0.0
109730,0,0.029013969,49,0,0.273293097,5301.0,7,0,1,0,1.0
109731,0,0.037359712999999996,73,0,51.0,,3,0,0,0,
109732,0,0.009162365,40,0,0.19688786,7775.0,5,0,1,0,0.0
109733,0,0.667297597,57,0,4983.0,,9,0,2,0,0.0
109734,0,0.67489817,59,0,6239.0,,12,0,2,0,1.0
109735,0,0.021967679,64,0,0.136479231,7077.0,16,0,2,0,0.0
109736,0,0.833731428,55,0,0.45968267799999996,4600.0,6,0,1,0,0.0
109737,0,0.0,37,0,0.0,,1,0,0,0,1.0
109740,0,0.200309171,50,0,0.507131304,6800.0,11,0,2,0,0.0
109741,0,0.5713428660000001,53,0,0.236413597,9825.0,7,0,1,0,0.0
109742,0,0.147756259,49,0,0.216440718,12760.0,6,0,1,0,3.0
109743,0,0.7718563209999999,45,0,0.430701457,2950.0,8,0,1,0,1.0
109744,0,0.04939506,71,0,0.003998857,3500.0,1,0,0,0,0.0
109745,0,0.275775522,51,0,0.294277748,15063.0,14,0,3,0,1.0
109746,0,0.057384174,47,0,0.886022795,5000.0,12,0,2,0,0.0
109749,0,0.493789941,38,0,0.5412351360000001,5213.0,8,0,1,0,2.0
109752,0,0.10173697300000001,68,0,1929.0,,12,0,2,0,1.0
109753,0,0.079526293,32,0,0.03948026,2000.0,2,0,0,0,0.0
109754,0,0.0015949170000000002,90,0,0.000285687,10500.0,11,0,0,0,0.0
109755,0,0.369298019,57,1,2773.0,,13,0,1,0,0.0
109756,0,0.9999998999999999,24,0,0.000555093,3602.0,0,1,0,1,0.0
109757,0,0.305783586,40,0,0.36045212600000004,15216.0,9,0,3,0,2.0
109760,1,0.9999998999999999,59,0,0.199088723,7900.0,2,2,1,0,3.0
109761,0,0.0053673259999999995,87,0,0.336410848,5198.0,11,0,2,0,2.0
109762,0,0.882869538,54,0,0.48438839200000006,8166.0,13,0,3,0,2.0
109763,0,0.136288559,51,2,0.783524393,3750.0,9,0,1,0,0.0
109764,0,0.21327409100000003,74,0,192.0,,8,0,0,0,0.0
109765,0,0.04329567,51,0,0.17620594899999997,4000.0,2,0,1,0,0.0
109767,0,0.130720909,27,0,0.11825786,3466.0,6,0,0,0,0.0
109768,0,0.9999998999999999,30,0,0.04938271599999999,1700.0,1,0,0,0,0.0
109770,0,0.0,88,0,0.0,,6,0,0,0,0.0
109774,1,0.9999998999999999,62,0,53.0,,0,0,0,0,0.0
109775,0,0.001221327,40,0,0.342884281,6316.0,8,0,2,0,2.0
109777,0,0.96394874,33,2,0.20596482300000002,7845.0,9,0,0,0,4.0
109778,0,0.013099345,58,0,0.26255476899999997,8900.0,9,0,1,0,1.0
109779,0,0.0066255640000000005,65,0,0.00046508,12900.0,5,0,0,0,0.0
109780,0,0.103219407,50,0,0.251874063,2000.0,17,0,0,0,0.0
109781,0,0.00629937,30,0,0.24758413899999998,3000.0,5,0,0,0,0.0
109782,0,0.04589541,51,0,0.236199884,3441.0,2,0,1,0,2.0
109784,0,0.163443067,51,0,0.31782650100000004,15734.0,8,0,3,0,0.0
109785,0,0.036188753,30,0,2878.0,,6,0,1,0,1.0
109786,0,0.020717418,74,0,24.0,,6,0,0,0,0.0
109788,0,0.0,26,0,0.0,,2,0,0,0,
109790,0,0.9999998999999999,61,1,0.000792635,16400.0,1,0,0,0,0.0
109791,0,0.002638732,66,0,1549.0,,11,0,1,0,1.0
109793,0,0.156569815,65,0,0.260744986,5234.0,6,0,1,0,0.0
109794,0,0.155197225,43,1,0.706658668,5000.0,10,0,1,0,1.0
109795,0,0.062648434,61,0,0.341549296,2555.0,6,0,0,0,0.0
109796,0,0.15292351099999998,57,0,0.427769041,4450.0,19,0,1,0,0.0
109797,0,0.44573864,49,0,0.5652653129999999,6350.0,10,0,2,0,3.0
109798,0,0.03476445,64,0,0.21971158300000002,10886.0,22,0,1,0,0.0
109799,0,0.042808657,72,0,0.21054226,3300.0,13,0,0,0,1.0
109801,0,0.23263040000000001,45,0,0.6128467879999999,4000.0,11,0,2,0,0.0
109804,0,0.0049722379999999995,68,0,13.34318483,6800.0,4,0,1,0,0.0
109805,1,0.980420898,42,0,0.5272590079999999,5300.0,6,0,1,0,1.0
109807,0,0.9999998999999999,34,0,0.28030718600000004,7291.0,4,0,1,0,2.0
109810,0,0.08272280900000001,67,0,0.015830695,6000.0,3,0,0,0,0.0
109811,0,0.004117344,42,0,1586.0,,8,0,2,0,0.0
109813,0,0.07791202900000001,32,0,0.149962509,4000.0,4,0,0,0,0.0
109814,0,0.08541811699999999,69,0,0.169429098,3800.0,6,0,1,0,1.0
109816,0,0.135145442,36,0,0.373318793,2750.0,13,0,1,0,0.0
109817,0,0.9999998999999999,47,0,0.148740012,3253.0,1,0,0,0,1.0
109818,0,0.0,27,0,1037.0,,3,0,0,0,
109819,0,0.080291435,65,0,0.059994285999999994,10500.0,15,0,0,0,0.0
109820,0,0.872972372,55,4,0.558659218,2505.0,9,0,1,0,1.0
109822,0,0.35689979200000005,63,0,0.325417766,15917.0,20,0,2,0,1.0
109823,0,0.618538324,35,1,0.614483243,12800.0,14,0,6,0,0.0
109824,0,0.36882767899999996,70,0,0.142952349,3000.0,9,0,0,0,0.0
109826,0,0.524882504,70,0,1.022885789,4587.0,10,0,2,0,0.0
109827,0,0.076483788,68,0,0.174243258,9084.0,11,0,1,0,4.0
109828,0,0.054554269,40,0,0.440770615,15000.0,12,0,4,0,1.0
109830,0,0.065187654,76,0,0.275590551,5333.0,7,0,1,0,0.0
109832,0,0.144173824,61,0,0.34738617200000005,11266.0,17,0,2,0,3.0
109835,0,0.99187741,44,0,0.750617839,4450.0,11,0,1,0,2.0
109836,0,0.147041981,74,0,100.0,,2,0,0,0,0.0
109837,0,0.643851149,39,1,0.456254375,10000.0,14,0,2,0,3.0
109841,0,0.41940813299999996,57,0,0.143952016,3000.0,5,0,0,0,0.0
109842,0,0.8690561659999999,45,0,0.227239855,12444.0,7,0,1,0,2.0
109843,0,0.822035073,45,0,1.1900407929999999,7108.0,11,0,4,0,3.0
109845,0,0.0,40,0,0.38115471100000003,4000.0,11,0,2,0,1.0
109847,0,0.133086691,38,1,0.53768279,8000.0,5,0,2,0,2.0
109848,1,0.9999998999999999,62,1,0.39819819799999995,3329.0,1,0,1,0,0.0
109849,0,0.295768899,41,0,0.785242951,5000.0,11,0,2,0,1.0
109851,0,0.364268637,23,0,50.0,,1,0,0,0,0.0
109852,0,0.12138358099999999,69,0,0.01211903,8333.0,4,0,0,0,0.0
109853,0,0.18268957,45,0,0.139774761,9500.0,11,0,0,0,0.0
109854,0,0.347836063,60,0,0.493264004,4230.0,9,0,1,0,1.0
109855,0,0.0,51,0,0.0,3362.0,13,0,0,0,0.0
109856,0,0.011742313,81,0,0.001856878,7000.0,4,0,0,0,0.0
109857,0,0.09796081599999999,24,0,0.131103422,2600.0,7,0,0,1,0.0
109859,0,0.075615973,67,0,0.577896138,750.0,3,0,0,0,0.0
109860,0,0.002156816,42,0,0.151596603,9300.0,12,0,1,0,1.0
109861,0,0.023953457,67,0,0.332567402,6527.0,4,0,1,0,1.0
109862,1,0.10329084300000001,53,1,0.10119987400000001,6333.0,10,0,1,0,0.0
109864,0,0.209662522,48,0,0.23310135199999998,12500.0,13,0,1,0,0.0
109865,0,0.535448968,62,0,0.613343588,5200.0,11,0,1,2,1.0
109866,0,0.9999998999999999,55,0,0.7788089020000001,11098.0,5,0,3,0,0.0
109867,0,0.8364451079999999,30,0,0.31856048,3000.0,7,0,0,0,1.0
109868,0,0.002265063,48,0,0.001624797,8000.0,9,0,0,0,2.0
109869,0,0.0,47,0,0.503221506,4500.0,7,0,2,0,2.0
109870,0,0.033972774,61,1,0.545454545,3200.0,18,0,1,0,1.0
109871,0,0.7565696709999999,47,0,0.37346660600000003,2200.0,7,0,0,0,1.0
109873,0,0.009234757,60,0,0.15295562199999999,5700.0,12,0,1,0,0.0
109874,0,0.039553753,33,0,0.23582489899999998,8200.0,12,0,1,0,4.0
109876,0,0.052851737999999995,63,0,0.22691905699999998,8610.0,16,0,2,0,1.0
109877,0,0.027783408,85,0,0.141203704,431.0,5,0,0,0,0.0
109879,0,0.099161178,57,1,0.368764101,15955.0,12,0,2,0,1.0
109880,0,0.9999998999999999,59,0,0.02576138,9160.0,3,1,0,0,1.0
109883,0,4.55e-05,56,0,1131.0,,29,0,2,0,0.0
109885,0,0.443371832,27,0,0.058633425999999995,2165.0,3,0,0,0,0.0
109886,0,0.152209448,79,0,0.315595909,8700.0,10,0,2,0,0.0
109887,0,0.04721155,62,0,4134.0,,10,0,4,0,0.0
109888,0,0.05189827,54,0,0.19561152,8020.0,6,0,2,0,0.0
109889,0,0.088112099,58,0,0.36130517,12166.0,7,0,2,0,0.0
109891,0,0.069183414,30,0,0.21651964699999998,2493.0,6,0,0,0,0.0
109892,0,0.45100915,39,0,0.7602986270000001,7500.0,9,0,3,0,0.0
109894,0,0.23432334300000002,53,0,3.6673326669999997,1000.0,14,0,2,0,0.0
109895,0,0.470610021,66,3,0.189843583,14000.0,10,0,2,1,1.0
109896,0,0.519029283,56,0,0.442139465,4000.0,6,0,2,1,1.0
109897,0,0.125029166,90,0,0.011808398999999999,10500.0,2,0,0,0,0.0
109899,0,0.9999998999999999,54,1,0.21066479600000002,5700.0,8,0,0,0,0.0
109900,0,0.36953650200000004,40,1,1.405807535,4166.0,13,0,3,0,0.0
109901,0,0.7690974540000001,59,0,0.80034647,2308.0,5,0,1,0,0.0
109904,0,0.420357669,40,0,0.988191423,1608.0,8,0,1,0,1.0
109905,0,0.14822199,56,0,0.895815782,3560.0,7,0,2,0,0.0
109910,0,0.9160839159999999,31,1,1308.0,,3,0,1,0,0.0
109912,0,0.137694496,62,0,0.600399886,3500.0,16,0,1,0,0.0
109913,0,0.7324492159999999,49,0,0.164036869,6400.0,8,0,0,0,0.0
109914,1,0.9999998999999999,46,1,1650.0,,1,0,1,0,0.0
109915,0,0.945440425,33,0,0.504815598,4256.0,10,0,1,0,1.0
109916,0,0.264878839,60,0,0.305337195,9667.0,7,0,2,0,1.0
109917,0,0.003442567,62,0,0.276473657,7667.0,6,0,1,0,0.0
109918,0,0.026240967999999996,65,0,0.009494217,5792.0,11,0,0,0,0.0
109919,0,0.051006835,74,0,2392.0,,4,0,1,0,0.0
109920,0,0.11404321699999999,72,0,1988.0,,4,0,1,0,0.0
109921,0,0.09092819999999999,55,0,867.0,,3,0,1,0,0.0
109922,0,0.909340888,72,2,0.42726976899999997,3072.0,5,1,1,0,0.0
109926,0,0.0,38,0,0.0,2500.0,1,0,0,0,2.0
109927,0,0.0,23,0,0.0,2557.0,3,0,0,0,0.0
109928,0,0.015416616999999999,35,0,0.141309782,6000.0,14,0,0,0,0.0
109930,0,0.8801373290000001,36,0,2460.0,,6,0,1,0,0.0
109932,0,0.000261361,89,0,0.0,6495.0,5,0,0,0,0.0
109935,0,0.026348682999999998,89,0,0.002038043,7359.0,5,0,0,0,0.0
109936,0,0.131357127,49,0,15058.0,,19,0,4,0,0.0
109938,0,0.030627952000000003,56,0,0.91137418,6250.0,17,0,1,0,1.0
109939,1,0.01285073,65,0,0.680412371,3200.0,17,0,1,0,0.0
109940,0,0.144308159,50,1,0.365760209,10700.0,14,0,2,0,2.0
109941,0,0.031693564,33,0,0.823044239,4000.0,11,0,5,0,1.0
109943,0,0.004774675,53,0,0.474361772,9165.0,20,0,1,0,1.0
109946,0,0.09076364099999999,78,0,0.476249889,11220.0,7,0,5,0,1.0
109947,0,0.427810982,76,0,6357.0,,24,0,4,0,0.0
109948,0,0.054137184000000005,50,0,0.484160191,6691.0,16,0,3,0,2.0
109949,0,0.34486551299999996,40,0,0.5078534029999999,4583.0,8,0,1,0,1.0
109950,0,0.052234589000000005,63,0,0.320230346,7987.0,12,0,1,0,1.0
109954,0,0.038531859,63,0,0.305183818,6500.0,9,0,1,0,0.0
109956,0,0.0,49,0,0.44938765299999994,4000.0,15,0,1,0,0.0
109957,0,0.011576333999999999,45,0,0.17139987199999998,10950.0,13,0,1,0,4.0
109958,0,0.06596174099999999,78,0,0.019625995,5400.0,12,0,0,0,1.0
109959,0,0.104269985,36,0,0.7307692309999999,6135.0,9,0,2,0,0.0
109961,0,0.9853716490000001,46,0,0.35909014899999997,11957.0,8,1,2,0,2.0
109962,0,0.082306999,42,0,0.376539904,5600.0,10,0,1,0,2.0
109964,0,0.033286789,76,0,153.0,,6,0,0,0,0.0
109966,0,0.332466753,39,0,0.410027684,3250.0,5,0,1,0,2.0
109967,0,0.060551477,51,0,0.200739675,14600.0,18,0,2,0,0.0
109968,0,0.022439024,75,0,1427.0,,10,0,1,0,1.0
109970,0,0.122671481,53,0,0.711601406,8248.0,14,0,3,0,2.0
109972,0,0.024227524,51,0,0.023804916000000002,5166.0,19,0,0,0,0.0
109973,0,0.011103613,63,0,0.18394113899999998,3125.0,4,0,0,0,0.0
109974,0,0.6452301779999999,55,1,0.6811465390000001,9000.0,12,0,2,0,0.0
109975,0,0.002905366,67,0,0.005665722,6000.0,7,0,0,0,1.0
109977,0,0.065399955,82,0,0.08507624400000001,12000.0,11,0,0,0,0.0
109979,0,0.194061669,67,0,0.37979841299999995,4662.0,8,0,1,0,0.0
109980,0,0.9999998999999999,80,0,35.0,,0,0,0,0,0.0
109981,0,0.06056803400000001,53,0,0.46560937799999996,5800.0,9,0,2,0,0.0
109982,0,0.195624888,38,0,0.307889282,8200.0,10,0,2,0,0.0
109983,0,0.23077772300000002,36,0,0.507186602,8000.0,12,0,1,0,0.0
109984,0,0.33260133,78,0,0.516928819,3750.0,32,0,0,0,0.0
109985,0,0.9999998999999999,67,0,0.729708117,2500.0,6,0,1,0,0.0
109986,0,0.938906109,84,0,5734.0,,5,0,1,0,0.0
109987,0,0.004465452,48,3,0.171983621,10500.0,13,1,1,0,0.0
109989,0,0.020804013,68,1,0.325945676,6000.0,14,0,4,0,1.0
109991,0,0.106389361,44,0,0.537057868,8000.0,6,0,1,0,1.0
109992,0,0.006491354,61,0,0.004570123,3500.0,8,0,0,0,0.0
109994,0,0.148856393,29,0,35.0,,2,0,0,0,0.0
109995,0,0.137395601,59,1,0.44891157200000004,9600.0,10,0,2,0,0.0
109996,0,0.27696435,46,0,0.491288344,12224.0,19,0,4,0,4.0
109997,0,0.18125731,43,0,0.38263478,12000.0,13,0,2,0,2.0
109998,0,0.037699456,86,0,0.248107413,7000.0,14,0,2,0,1.0
109999,0,0.9999998999999999,57,0,0.002352326,3825.0,1,0,0,0,0.0
110000,0,0.9999998999999999,38,0,0.175686399,6300.0,2,0,0,0,1.0
110002,0,1.0081815859999999,50,3,3814.0,,10,0,1,0,0.0
110003,0,0.102360478,68,0,0.14557956800000002,5089.0,4,0,0,0,0.0
110005,0,0.24215157,31,0,0.0067911709999999995,5300.0,1,0,0,0,1.0
110006,0,0.050389654000000006,77,0,0.20468297800000002,3800.0,5,0,0,0,1.0
110009,0,0.568170624,53,0,0.631117348,5700.0,13,0,2,0,3.0
110010,0,0.009246012,64,0,0.22396619399999998,6625.0,4,0,1,0,1.0
110011,0,0.9999998999999999,56,0,0.47882136299999994,3800.0,2,0,1,0,1.0
110012,0,0.149879895,71,2,0.023048113,3470.0,3,0,0,0,1.0
110015,1,0.216117413,66,0,0.5171221029999999,2890.0,12,0,1,0,2.0
110016,0,0.040987578,71,0,0.799333492,4200.0,15,0,2,0,0.0
110017,0,0.09880443,70,0,0.104379124,5000.0,7,0,0,0,0.0
110018,0,0.004937029,65,0,0.306057866,6635.0,9,0,2,0,0.0
110019,0,0.03985056,54,0,2247.0,,10,0,1,0,0.0
110020,0,0.0,71,0,0.0,,3,0,0,0,0.0
110021,0,0.004007340999999999,66,0,0.38877031700000003,6090.0,8,0,1,0,0.0
110022,0,0.320998663,42,0,3484.0,,10,0,2,0,0.0
110025,0,0.205557989,56,1,0.443518827,3000.0,10,0,0,0,2.0
110027,0,0.9999998999999999,42,0,0.510721248,7694.0,5,0,2,0,4.0
110028,0,0.120293236,39,0,212.0,,4,0,0,0,0.0
110029,0,0.26783902600000004,84,0,0.272265805,6500.0,14,0,0,0,0.0
110030,0,0.460030855,34,1,975.0,,9,1,0,0,0.0
110032,0,0.098387001,50,0,1398.0,,11,0,1,0,0.0
110035,0,0.31412868,43,0,0.365912941,13576.0,15,0,3,0,0.0
110036,0,0.030923642999999997,78,0,0.150514919,7573.0,12,0,2,0,0.0
110037,0,0.14039990800000002,54,1,0.43492501299999997,5800.0,24,0,2,0,0.0
110038,0,0.060066817,84,0,2480.0,,4,0,1,0,0.0
110039,0,0.880013332,62,0,0.13846903900000002,2050.0,8,0,0,0,0.0
110040,0,0.040871038,46,0,0.292311985,7166.0,11,0,1,0,0.0
110041,0,0.767421347,66,0,948.0,,6,0,0,0,0.0
110042,0,0.160071835,61,0,0.68003314,6034.0,12,0,3,0,0.0
110043,0,0.388305506,60,0,2399.0,,12,0,1,0,0.0
110045,0,0.434967764,64,0,5849.0,,15,0,1,0,0.0
110046,1,0.680830901,72,0,0.6031322889999999,3000.0,13,0,1,1,0.0
110048,0,0.02536242,56,0,0.011632133999999999,2750.0,3,0,0,0,1.0
110051,0,0.235528942,45,1,0.075083893,2383.0,3,1,0,1,0.0
110052,0,0.019044408999999998,65,0,0.787996128,3098.0,12,0,2,0,1.0
110053,0,0.0,40,1,0.233347782,6920.0,5,0,1,0,0.0
110054,0,0.011522071000000002,67,0,0.001809351,10500.0,13,0,0,0,0.0
110056,0,0.212923125,59,1,3299.0,,9,0,2,0,1.0
110057,0,0.0,60,0,1427.0,,7,0,1,0,1.0
110058,0,0.01425596,79,0,0.003047329,10500.0,11,0,0,0,0.0
110061,0,0.24887511199999998,38,0,0.028994201,5000.0,3,0,0,0,0.0
110063,0,0.0,83,0,0.0,5200.0,1,0,0,0,0.0
110064,0,0.0,34,0,3465.0,,13,0,2,0,0.0
110065,0,0.831748354,40,0,0.34246153799999995,6499.0,9,0,0,0,1.0
110066,0,0.202550847,52,0,0.656260961,8552.0,10,0,2,0,0.0
110069,0,0.88522452,61,0,0.251041574,11280.0,7,0,1,0,1.0
110071,0,0.276363596,63,0,0.159699076,10500.0,11,0,1,0,0.0
110072,0,0.059575812,68,3,0.07357473,7787.0,8,0,1,0,0.0
110073,0,0.9148259409999999,62,1,0.5964,7499.0,15,0,2,0,1.0
110074,0,0.29916821899999996,56,0,0.287350405,7770.0,15,0,1,0,0.0
110075,0,0.041328976,67,0,0.405199505,10500.0,12,0,3,0,0.0
110076,0,0.901617028,43,0,0.6052143560000001,9166.0,16,0,1,0,3.0
110077,0,0.06697285,54,0,0.331852263,3600.0,3,0,1,0,0.0
110078,0,0.000101208,46,0,0.416451112,5798.0,8,0,2,0,0.0
110079,0,0.007132858000000001,61,0,5.0,,2,0,0,0,
110080,0,0.53041546,31,0,0.77486911,4583.0,12,0,1,0,2.0
110083,0,0.7222342970000001,62,2,0.539230385,2000.0,10,0,0,0,0.0
110084,0,0.038100403,53,0,0.217172036,15862.0,4,0,2,0,0.0
110085,0,0.051732470999999995,65,0,0.579427876,11500.0,11,0,4,0,0.0
110086,0,0.798460435,46,0,0.366132284,10416.0,7,0,2,0,2.0
110087,0,0.07612737900000001,48,0,0.208490923,10575.0,17,0,1,0,2.0
110088,0,0.903495468,53,0,0.36645292399999996,15750.0,14,0,2,0,3.0
110089,0,0.026313534,51,2,0.662127545,7416.0,14,0,2,0,0.0
110090,0,0.661588035,67,0,0.254677903,7000.0,12,0,2,0,0.0
110091,0,0.049350432,45,0,0.388307258,8500.0,9,0,1,0,5.0
110093,0,0.0,41,0,0.277429325,11000.0,5,0,2,0,3.0
110096,0,0.414913753,58,0,0.664445185,3000.0,11,0,0,0,0.0
110100,0,0.012499683999999999,62,0,0.131144809,6000.0,11,0,0,0,0.0
110101,0,0.35423578299999997,50,0,0.40595399200000004,6650.0,8,0,2,0,1.0
110104,0,0.9999998999999999,26,0,0.0,764.0,1,0,0,0,0.0
110105,0,0.32095322600000004,52,0,0.494366584,10916.0,19,0,5,0,1.0
110106,1,0.795640872,23,1,0.230809399,1914.0,10,4,0,1,1.0
110107,0,0.038640939,65,0,0.295093162,10250.0,11,0,2,0,0.0
110108,0,0.071112505,79,0,0.101497504,600.0,4,0,0,0,0.0
110109,0,0.016411895,42,0,0.37427428700000004,7750.0,6,0,4,0,2.0
110111,0,0.027424313999999998,45,0,1232.0,,5,0,1,0,0.0
110112,0,0.138981791,48,0,0.364148714,11000.0,7,0,3,0,2.0
110113,0,0.010344114,34,0,1113.0,,8,0,1,0,0.0
110114,0,0.144873451,38,0,0.5537011279999999,6470.0,9,0,2,0,1.0
110116,1,0.9999998999999999,37,1,0.136345462,2500.0,2,4,0,0,1.0
110118,0,0.46638354600000004,32,0,0.40051989600000004,5000.0,8,0,2,0,0.0
110120,0,0.020870097,90,0,0.010860821000000001,2485.0,7,0,0,0,0.0
110121,0,0.076989002,27,0,0.12331757,2748.0,3,0,0,0,0.0
110122,0,0.142292885,79,0,2123.0,,6,0,1,0,0.0
110125,0,0.000870428,57,0,0.081163859,3917.0,11,0,0,0,1.0
110128,0,0.08071677099999999,64,0,0.290235081,9953.0,11,0,3,0,1.0
110130,0,0.014333546,45,0,622.0,0.0,15,0,0,0,0.0
110132,0,0.093159644,67,0,1473.0,,4,0,1,0,0.0
110135,1,0.9999998999999999,48,0,0.019305019,1812.0,0,1,0,0,0.0
110136,0,0.0,47,0,0.705976864,3111.0,5,0,1,0,1.0
110137,0,0.8553503920000001,36,1,0.310937637,11400.0,8,0,1,0,3.0
110138,0,0.014925214,67,0,0.300339932,5000.0,10,0,1,0,0.0
110139,0,0.108761507,63,0,2118.0,,6,0,1,0,0.0
110140,1,0.6828780809999999,36,1,0.437164879,5967.0,5,1,1,3,2.0
110142,0,0.30637849100000003,52,0,0.325173669,6045.0,13,0,0,0,0.0
110143,0,0.645855913,36,0,0.5220601810000001,5416.0,12,0,0,0,0.0
110144,0,0.049288270999999995,64,0,0.14537375,6300.0,5,0,1,0,0.0
110146,0,0.036180722,91,0,0.008887792,8100.0,6,0,1,0,0.0
110147,0,0.06259329599999999,62,0,0.917772798,5800.0,16,0,5,0,1.0
110148,0,0.277496917,50,0,0.28263795399999997,5200.0,19,0,0,0,0.0
110149,1,0.032567313,78,0,0.16913215,2027.0,5,0,0,0,0.0
110150,0,0.0,35,0,387.0,,3,0,0,0,0.0
110151,0,0.322847708,58,0,2.696460708,1666.0,10,0,4,0,2.0
110152,0,0.026158584,59,0,0.309890816,3113.0,20,0,1,0,0.0
110156,0,0.034965447999999996,29,0,1130.0,,8,0,1,0,0.0
110157,0,0.9130124270000001,54,1,191.0,,2,0,0,0,0.0
110159,0,0.8375983109999999,45,0,0.50193378,10600.0,10,0,2,0,1.0
110160,0,0.656658255,44,0,0.419395151,4000.0,19,0,0,0,3.0
110162,0,0.017191646,54,0,0.303799415,6500.0,5,0,2,0,1.0
110163,0,0.0013457279999999998,63,1,1958.0,,7,0,2,0,0.0
110165,0,0.084765243,51,0,0.173956511,4000.0,7,0,1,0,0.0
110167,0,0.010254579,70,0,0.5,4889.0,6,0,1,0,0.0
110168,0,0.105638829,68,0,0.06888454,5109.0,6,0,0,0,0.0
110172,0,0.396477983,62,0,0.076102655,9000.0,7,0,0,0,1.0
110173,0,0.025772051,26,0,898.0,0.0,4,0,0,0,0.0
110174,0,0.578876446,57,0,1871.0,,13,0,1,0,0.0
110175,0,0.013179767,40,0,0.717396134,4500.0,32,0,2,0,2.0
110177,0,0.910908954,29,1,0.9177764909999999,1726.0,8,0,0,0,0.0
110179,0,0.0,26,0,0.180519851,3500.0,6,0,0,0,0.0
110180,0,0.7147308290000001,52,1,0.634560907,6000.0,8,0,1,0,0.0
110181,0,0.214493065,83,0,2.316165951,698.0,10,0,2,0,0.0
110183,0,0.901614143,33,0,944.0,,4,0,0,0,0.0
110185,0,0.25017422699999997,66,0,0.189372325,5607.0,10,0,1,0,0.0
110187,0,0.0,60,0,0.20421126899999997,8500.0,5,0,1,0,0.0
110188,0,0.016109796000000003,74,0,0.229587113,5400.0,7,0,1,0,0.0
110189,0,0.014598303,53,0,0.006498375,4000.0,7,0,0,0,0.0
110190,0,0.36679437600000003,66,1,0.537846245,6750.0,17,0,2,1,0.0
110192,0,0.060730449000000006,39,0,0.206508797,7558.0,4,0,1,0,3.0
110193,0,0.047278500999999994,66,0,0.240912834,8500.0,15,0,2,0,1.0
110195,0,0.368324947,73,1,0.7952008,6000.0,23,0,1,0,0.0
110196,0,0.21888909199999998,42,1,0.393551286,8900.0,8,0,1,0,3.0
110197,0,0.34666666700000004,64,0,2375.0,,9,0,2,0,0.0
110198,1,0.029744372999999998,61,0,1.0165410590000001,10216.0,18,0,6,0,0.0
110201,0,0.013878366999999999,74,0,1831.0,,9,0,2,0,1.0
110202,0,0.14421267,67,1,0.424036005,8220.0,10,0,2,1,1.0
110204,0,0.15627748,51,0,0.184413193,11945.0,4,0,1,0,0.0
110206,1,0.0,56,3,0.312913066,3933.0,7,0,2,1,2.0
110208,0,0.202721879,57,0,0.39829405799999995,6916.0,11,0,3,0,0.0
110209,0,0.085742772,63,0,702.0,,7,0,1,0,0.0
110210,0,0.080224999,41,0,0.078674065,7028.0,20,0,0,0,1.0
110211,0,0.6750819240000001,53,0,0.411113843,12200.0,7,0,2,0,2.0
110212,0,0.780354592,40,1,3513.0,,5,0,1,0,
110216,0,0.0,42,0,0.45848988,8250.0,8,0,4,0,3.0
110218,0,1.017216892,47,3,0.623937606,10000.0,7,0,1,0,1.0
110219,0,0.044038304,65,0,0.40654982700000003,7816.0,5,0,2,0,0.0
110220,0,0.537055098,67,0,0.437026015,20833.0,13,0,2,0,1.0
110221,0,0.33791791200000004,47,0,0.590881824,5000.0,11,0,2,0,1.0
110223,0,0.011379801,35,0,0.28923046,9953.0,8,0,2,0,1.0
110224,0,0.0060061,45,0,0.34650148,12833.0,6,0,1,0,2.0
110226,0,0.33022611399999996,62,0,2710.0,,19,0,1,0,0.0
110227,0,0.0,34,0,0.18952419,2500.0,13,0,0,0,0.0
110228,0,0.980957587,45,2,0.7225703240000001,7500.0,13,0,2,0,0.0
110229,0,0.060370835,60,0,0.27441932,6500.0,8,0,1,0,0.0
110230,0,0.922738279,62,0,0.27870698,12435.0,15,0,2,0,0.0
110231,0,0.10617876400000001,31,0,0.554289142,3333.0,7,0,1,0,0.0
110233,0,0.240829273,58,0,0.274573143,6500.0,13,0,1,1,0.0
110235,0,0.362289308,54,0,0.357192616,11483.0,26,0,2,0,0.0
110236,0,0.8622981959999999,75,2,0.485935209,7500.0,18,0,1,0,0.0
110237,0,0.043491239,61,0,1709.0,,5,0,1,0,0.0
110238,1,0.9788660379999999,59,1,0.54375344,5450.0,4,2,1,1,0.0
110240,0,0.8315592540000001,37,1,0.385972108,4875.0,7,0,1,0,1.0
110242,0,0.0012773489999999999,51,0,0.263621011,11250.0,7,0,2,0,0.0
110243,0,0.035552517,64,0,0.18426771,2300.0,4,0,0,0,1.0
110244,0,0.15373317,52,1,0.465418691,6997.0,7,0,2,0,4.0
110245,0,0.9999998999999999,70,0,397.0,,2,0,1,0,0.0
110246,0,0.101011915,41,0,1171.0,,5,0,1,0,2.0
110247,0,1.06197521,24,0,0.129502394,4802.0,4,0,0,0,0.0
110248,0,0.008599785,64,0,0.15196623,4500.0,5,0,0,0,0.0
110249,0,0.012548185,51,0,0.50224043,7810.0,18,0,2,0,4.0
110250,1,0.8756567909999999,35,0,0.569448147,3750.0,13,0,0,0,0.0
110251,0,0.138942191,58,0,0.9384164220000001,3750.0,17,0,2,0,0.0
110252,0,0.409753008,65,0,0.093244972,8600.0,7,0,0,0,1.0
110253,0,0.503449655,44,0,0.177663525,3500.0,4,0,0,0,1.0
110255,0,0.004274934,47,0,3219.0,,14,0,2,0,3.0
110256,0,0.9999998999999999,29,0,284.0,,2,0,0,0,2.0
110258,0,0.9999998999999999,68,0,8.0,,0,0,0,0,0.0
110259,0,0.516730844,39,0,0.059305410999999995,26000.0,10,0,1,0,0.0
110260,1,0.9999998999999999,28,0,87.0,,1,1,0,0,0.0
110262,0,0.666563579,61,0,0.197509209,5700.0,14,0,0,0,1.0
110263,0,0.216138787,45,0,0.289416847,12500.0,11,0,2,0,1.0
110264,0,0.126727433,30,0,0.006713327,7000.0,4,0,0,0,0.0
110267,0,0.141573625,38,0,0.632962011,3500.0,13,0,1,0,2.0
110268,0,0.044623884,63,0,0.014197696000000001,3732.0,1,0,0,0,0.0
110269,0,0.39076491399999996,56,0,2489.0,,14,0,1,0,0.0
110270,0,0.850357728,54,0,0.35711768899999996,5675.0,6,0,1,0,0.0
110271,0,0.0,46,0,0.53709856,5417.0,4,0,1,0,0.0
110272,0,0.077396997,41,0,0.285397002,1800.0,13,0,0,0,0.0
110273,0,0.03078371,83,0,0.059418458,790.0,3,0,0,0,0.0
110274,0,0.030109262,64,1,0.6872483220000001,5214.0,12,0,2,0,2.0
110275,0,0.01625756,49,0,0.5316105210000001,6500.0,25,0,2,0,2.0
110276,0,0.117122072,58,0,172.0,,3,0,0,0,0.0
110277,0,0.12077210699999999,29,0,0.705128205,701.0,3,0,0,0,0.0
110278,0,0.440928372,42,0,1.0146388290000001,8333.0,8,0,3,0,2.0
110279,1,0.9800018690000001,28,0,0.161900757,2377.0,4,0,0,1,2.0
110281,1,0.594159456,64,1,1.6483625069999999,7083.0,19,0,5,0,0.0
110285,0,0.992728595,32,0,802.0,,3,0,0,0,0.0
110286,1,0.942443534,44,0,0.8959441490000001,3007.0,11,0,2,0,3.0
110288,0,0.22685176399999998,56,0,0.567169606,5500.0,9,0,2,0,2.0
110290,0,0.069344201,51,1,0.29337725,8500.0,8,0,1,0,2.0
110293,0,0.023864847999999998,59,0,0.437179141,3700.0,10,0,1,0,0.0
110295,1,0.611473382,66,0,3994.0,,12,0,2,0,0.0
110299,0,0.017350825,43,0,3667.0,,10,0,1,0,0.0
110300,0,0.577158508,64,0,1.177300794,3400.0,15,0,2,0,0.0
110303,0,0.5902077410000001,32,1,0.23476298,3100.0,8,0,0,0,0.0
110304,0,0.309496208,44,0,1.018874644,5615.0,12,0,2,0,2.0
110306,0,0.037505825,65,0,2113.0,,15,0,2,0,0.0
110307,0,0.00734537,71,0,2747.0,,5,0,2,0,0.0
110308,0,0.167304475,54,0,0.595895817,3800.0,5,0,1,0,1.0
110309,0,0.098303911,40,0,0.556088782,5000.0,10,0,1,0,0.0
110310,0,0.014922503,58,0,0.26874716,6600.0,4,0,1,0,3.0
110311,0,0.6901306759999999,42,0,0.460825611,5934.0,8,0,1,0,3.0
110312,0,0.690473545,65,0,1.554178329,2500.0,7,0,2,0,0.0
110313,0,0.080274247,52,0,2499.0,0.0,6,0,1,0,2.0
110315,0,0.090825765,65,0,3788.0,,7,0,2,0,0.0
110317,1,0.624831211,26,0,1.5348217259999999,3000.0,10,0,3,0,0.0
110318,0,0.589009486,56,0,0.21796317199999998,2660.0,6,0,0,0,0.0
110321,0,0.119223465,49,1,0.288392439,6400.0,8,0,1,0,3.0
110323,1,0.9807766240000001,31,2,0.133773245,5000.0,3,1,0,0,2.0
110324,0,0.004848191,33,0,0.315174398,5561.0,9,0,1,1,1.0
110325,0,0.000122221,56,0,2747.0,,3,0,1,0,0.0
110326,0,0.638722555,48,0,280.0,,3,0,0,0,
110328,0,0.018499538,58,0,0.074561404,14591.0,3,0,1,0,0.0
110329,0,0.0,68,0,0.218192511,5100.0,15,0,1,0,0.0
110330,1,1.468438538,50,3,0.41384432600000004,3365.0,12,0,1,1,1.0
110333,0,0.099687296,52,0,0.208958208,5000.0,5,0,0,0,0.0
110334,0,0.7654726620000001,48,0,0.8418112320000001,3400.0,14,0,2,0,1.0
110335,0,0.080454266,33,0,0.48701008799999995,11200.0,13,0,4,0,2.0
110336,0,0.441966838,40,0,0.493886129,5233.0,6,0,1,0,1.0
110337,0,0.040732589,41,0,0.109799122,41666.0,14,0,1,0,0.0
110339,0,0.013017347,62,0,0.217254077,1900.0,9,0,0,0,0.0
110340,0,0.064647233,34,0,0.033316248,1950.0,5,0,0,0,0.0
110342,0,0.874802735,33,0,0.013448607,5204.0,4,0,0,0,0.0
110343,0,0.08828067,41,0,1919.0,,7,0,1,0,0.0
110344,0,0.9999998999999999,88,0,0.0,7409.0,3,0,0,0,0.0
110345,0,0.031924202,52,0,0.23909249600000002,6875.0,4,0,1,0,2.0
110347,0,0.9999998999999999,53,1,1239.0,,6,0,0,1,0.0
110348,0,0.15323723,43,0,0.5356278289999999,9500.0,7,0,4,0,3.0
110351,0,0.028288275,77,0,0.136430462,3400.0,12,0,0,0,0.0
110352,0,0.087152141,30,0,0.11572536,3611.0,16,0,0,0,1.0
110353,0,0.431853979,55,0,0.23934028,15642.0,10,0,1,0,5.0
110355,0,0.05511853,32,0,0.250542888,3683.0,8,0,1,0,0.0
110356,0,0.930139721,26,0,0.006496752,2000.0,4,0,0,0,0.0
110357,0,0.9139081509999999,57,0,1.208617848,4246.0,9,0,1,0,0.0
110358,0,0.47315792799999995,49,0,0.21768452600000002,2668.0,6,0,1,0,0.0
110359,0,0.037641746000000004,73,0,0.039131982,2810.0,7,0,0,0,0.0
110363,0,0.0,53,0,0.28416257899999997,17123.0,12,0,2,0,0.0
110364,0,0.01324595,55,0,0.005759539,4166.0,6,0,0,0,1.0
110365,0,0.040346072000000004,33,0,0.17005279199999998,6250.0,8,0,1,0,2.0
110366,0,0.013820003,83,0,0.036758404,10500.0,11,0,2,0,0.0
110367,0,0.065206975,56,0,93.0,,6,0,0,0,0.0
110368,0,0.206639668,66,0,123.0,,9,0,0,0,0.0
110369,0,0.11960691300000001,62,0,0.210503434,11500.0,11,0,2,0,0.0
110371,0,0.0123053,75,0,4167.0,,12,0,2,0,0.0
110372,0,0.0,69,0,0.033322226,3000.0,12,0,0,0,0.0
110375,0,0.061111673,70,0,0.252899613,7500.0,11,0,1,0,0.0
110377,0,0.108074928,51,0,81.0,,2,0,0,0,
110379,1,0.8559727690000001,47,0,240.0,,3,0,0,0,0.0
110380,0,0.9999998999999999,65,1,5161.0,,3,0,2,1,0.0
110381,1,0.877499867,62,0,0.554985139,3700.0,7,0,1,0,1.0
110382,0,0.009959800999999999,82,0,28.0,,8,0,0,0,0.0
110384,0,0.479560868,69,0,0.391004199,14050.0,21,0,2,0,2.0
110385,0,0.018039246999999998,74,0,0.135200974,4104.0,7,0,1,0,0.0
110386,0,0.046036031,63,0,2413.0,,21,0,2,0,0.0
110387,0,0.040809829,64,0,1681.0,,8,0,1,0,0.0
110388,0,0.440889122,56,0,0.256895193,5075.0,6,0,1,0,0.0
110389,0,0.10782884,61,0,0.010588558999999999,7271.0,7,0,0,0,0.0
110390,0,0.710266443,30,2,2609.0,,10,0,1,0,2.0
110398,0,0.660436027,59,0,1.8301886790000002,1218.0,6,0,1,0,0.0
110399,0,0.020962124,55,0,0.29392736399999997,6800.0,16,0,2,0,0.0
110401,0,0.060437729,55,0,2222.0,,5,0,1,0,2.0
110402,0,0.35155052700000006,52,1,0.892123097,9000.0,20,0,3,1,3.0
110403,0,0.002496418,68,0,0.17687194899999997,17000.0,16,0,2,0,1.0
110404,0,0.688403421,45,0,0.6904353790000001,5833.0,14,0,2,0,1.0
110406,0,0.012861252,81,1,1679.0,,5,0,1,0,0.0
110407,0,0.293129972,60,0,0.35891027200000003,4000.0,7,0,1,0,1.0
110408,0,0.917401343,40,0,1049.0,,9,0,0,0,0.0
110409,0,0.804824641,45,0,0.12689867300000002,5200.0,4,0,0,0,0.0
110410,0,0.075703624,41,0,0.41844616100000004,2200.0,7,0,1,0,2.0
110413,0,0.254713377,78,0,0.434376008,3100.0,11,0,1,0,0.0
110416,0,0.297412128,38,0,0.49013780100000004,3700.0,5,0,1,0,1.0
110417,0,0.930871275,59,0,0.393867575,6750.0,5,0,1,0,0.0
110418,0,0.448874266,36,0,1.223182145,4166.0,9,0,3,0,0.0
110420,0,0.08312607400000001,57,0,0.083386845,10900.0,3,0,1,0,1.0
110421,0,0.76886865,53,0,0.40794104700000006,9091.0,11,0,1,0,0.0
110422,0,0.109897385,33,0,0.597600267,9000.0,14,0,3,0,0.0
110423,0,0.070204812,71,0,91.0,,2,0,0,0,0.0
110424,0,0.035311497000000004,51,0,0.231751421,13548.0,11,0,4,0,2.0
110425,0,0.025232492000000002,82,0,0.013741412,1600.0,3,0,0,0,0.0
110428,0,0.013290208999999999,61,0,0.36723910200000004,9083.0,23,0,2,0,1.0
110429,0,0.00349965,32,0,0.95430945,1925.0,9,0,1,0,3.0
110430,0,0.831136542,36,0,0.439282429,8695.0,19,0,0,0,4.0
110432,0,0.025927158,53,0,82.0,,6,0,0,0,0.0
110435,0,0.99165585,40,0,0.47060364,7636.0,9,0,2,0,2.0
110436,0,0.311228159,62,0,0.469717362,5200.0,19,0,1,0,0.0
110437,0,0.196007968,24,0,0.010583465,14550.0,5,0,0,0,0.0
110438,0,0.9999998999999999,32,1,0.115554701,5200.0,3,0,0,0,1.0
110440,1,1.103980194,47,3,1404.0,,17,1,0,1,1.0
110442,0,0.041210252999999995,63,0,0.013243723999999998,5058.0,3,0,0,0,0.0
110443,0,0.982127234,38,0,0.31333690399999997,5600.0,7,0,1,0,2.0
110447,0,0.169504655,50,3,0.247656916,7041.0,8,0,1,0,0.0
110450,0,0.049194392,53,1,0.597400433,6000.0,15,0,2,0,0.0
110451,0,0.35326546600000003,59,0,0.406318736,5000.0,9,0,1,0,0.0
110452,0,0.052863142,46,0,0.332693385,12500.0,6,0,3,0,3.0
110455,0,0.171661165,57,0,0.302850356,10945.0,7,0,1,0,1.0
110457,0,0.01296243,73,0,0.08408708699999999,22000.0,3,0,1,0,0.0
110458,0,0.128530185,56,0,0.210530612,12249.0,6,0,2,0,2.0
110459,0,0.78610142,51,0,0.601709906,6783.0,15,0,1,0,0.0
110460,0,0.276649515,80,0,0.9564684240000001,11416.0,8,0,4,0,0.0
110461,1,0.538424912,53,2,0.349854227,5830.0,5,1,2,1,2.0
110462,0,0.9999998999999999,52,0,61.0,,1,0,0,0,0.0
110463,0,0.08130148599999999,48,0,4315.0,,12,0,2,0,2.0
110464,0,0.034696205,59,0,0.231621721,5413.0,10,0,1,0,1.0
110465,0,0.010116136,59,0,0.223418573,5200.0,10,0,1,0,0.0
110468,0,0.017492379,41,0,0.250879007,4834.0,7,0,1,0,0.0
110469,0,0.012558159,87,0,23.0,,8,0,0,0,0.0
110471,0,0.00289971,74,0,0.0,,8,0,0,0,
110472,0,0.092837755,52,0,0.25593069399999996,12350.0,13,0,1,0,2.0
110474,0,0.021517446000000003,42,0,0.004799616,8333.0,6,0,0,0,2.0
110476,0,0.0,50,0,0.0,,2,0,0,0,0.0
110477,0,0.0,36,0,0.06846473,3855.0,5,0,0,0,1.0
110478,0,0.465144468,44,0,0.634208937,6623.0,14,0,3,0,3.0
110480,0,0.881917878,34,0,0.213392497,2478.0,3,0,0,0,4.0
110481,0,0.009996553,70,0,0.37405084200000005,3028.0,9,0,1,0,0.0
110483,0,0.099281994,44,0,0.320308985,13333.0,21,0,1,0,3.0
110484,0,0.025646053,49,0,0.12294316300000001,13916.0,7,0,2,0,2.0
110486,0,0.040134539,58,0,1933.0,,5,0,1,0,0.0
110487,0,0.21127036100000002,49,0,2419.0,,14,0,1,0,0.0
110488,0,0.125593606,79,0,97.0,,9,0,0,0,0.0
110489,0,0.104388701,49,0,0.44926199299999997,1083.0,13,0,0,0,3.0
110490,0,0.164739366,50,0,0.20383137699999998,19000.0,12,0,3,0,3.0
110491,0,0.569553881,39,3,0.322425659,7700.0,8,0,1,0,5.0
110493,0,0.021867572000000002,69,0,0.190507932,7500.0,8,0,1,0,0.0
110494,0,0.271527036,26,0,0.229808493,1200.0,4,0,0,0,0.0
110496,0,0.251762666,55,0,0.264973503,10000.0,18,0,2,0,1.0
110497,0,0.033859455,49,0,1.592938041,1500.0,7,0,2,0,2.0
110498,0,0.050405541,57,0,0.47306054399999997,5400.0,11,0,1,0,1.0
110500,0,0.04131956,25,0,0.026621672000000002,2666.0,4,0,0,0,1.0
110502,0,0.014497872,64,0,1919.0,,6,0,1,0,0.0
110504,1,0.522799317,46,4,0.182233648,3500.0,5,0,0,1,2.0
110505,0,0.182879839,53,0,1778.0,,12,0,1,0,0.0
110506,0,0.021798547,59,0,0.42679467600000004,4582.0,6,0,2,0,0.0
110507,0,0.010928962,31,0,0.083638787,3000.0,2,0,0,0,0.0
110508,0,0.612312812,42,0,416.0,,1,0,0,1,0.0
110509,0,0.056826947999999995,71,0,0.25840954899999996,6450.0,6,0,1,0,0.0
110510,0,0.002335548,71,0,0.532487505,2600.0,10,0,2,0,0.0
110512,0,0.0,44,0,0.28379601,21000.0,6,0,1,0,3.0
110513,0,0.023271534,60,1,0.248024668,15566.0,19,0,1,0,1.0
110514,0,0.9969015720000001,72,0,0.679835512,6808.0,16,0,1,0,0.0
110516,0,0.06595627400000001,63,0,0.288135593,5250.0,7,0,1,0,1.0
110517,0,0.10542066,44,0,0.016383355,13000.0,5,0,0,0,2.0
110518,0,0.112183771,79,0,215.0,,13,0,0,0,0.0
110519,0,0.500098036,29,0,0.142648135,4100.0,8,0,0,0,0.0
110523,0,0.36442078899999997,54,0,0.360699865,5200.0,9,0,1,0,3.0
110525,0,0.238352802,40,0,0.32700698100000003,4583.0,3,0,2,0,4.0
110526,0,0.30886911300000003,53,0,0.761412862,3000.0,4,0,1,0,1.0
110527,0,0.46945123299999997,28,0,0.02907245,2166.0,1,0,0,0,0.0
110530,0,0.191823832,39,0,0.47536025600000004,5620.0,6,0,1,0,1.0
110531,0,0.303717749,54,0,0.66953624,3600.0,11,0,1,0,0.0
110532,0,0.01641955,51,1,0.35173186100000003,12500.0,11,0,1,0,2.0
110533,0,0.017449564,65,0,0.086753643,10500.0,9,0,1,0,0.0
110537,0,0.016746912,41,0,0.42688519700000005,13300.0,9,0,1,0,2.0
110538,0,0.1614654,62,1,0.328741032,15750.0,14,0,2,1,1.0
110539,0,0.616467926,64,0,0.999909437,11041.0,19,0,4,0,0.0
110540,0,0.9999998999999999,48,0,0.999112689,2253.0,7,0,0,0,0.0
110542,0,0.943730715,73,0,0.610438956,10000.0,11,0,2,0,0.0
110544,0,0.0,35,1,0.556379673,9976.0,9,0,6,0,1.0
110546,0,0.082412017,57,1,0.291763073,4321.0,9,0,1,0,0.0
110550,0,0.098298034,43,0,6695.0,,13,0,3,0,0.0
110551,0,0.11692553800000001,52,0,1303.0,,3,0,1,0,0.0
110554,0,0.162346359,58,0,169.0,,8,0,0,0,0.0
110555,0,0.259042392,71,0,3.640994647,5790.0,20,0,1,0,1.0
110556,0,0.330409128,28,0,0.373750543,2300.0,8,0,0,0,0.0
110559,0,0.039153815,78,0,49.0,,10,0,0,0,0.0
110560,0,0.9999998999999999,73,0,0.202593782,16500.0,4,0,1,0,2.0
110561,0,0.0,45,0,0.201679897,10833.0,6,0,2,0,3.0
110564,0,0.264038735,35,0,0.287884846,2500.0,4,0,0,1,0.0
110565,0,0.16609386199999998,55,1,0.299531753,6833.0,20,0,1,0,0.0
110566,0,0.585188052,36,0,0.24518810100000002,4571.0,4,0,1,0,0.0
110567,1,0.17382617399999997,38,1,0.090888434,4400.0,5,0,0,0,0.0
110568,1,0.577422577,42,1,0.277874396,5174.0,4,0,1,1,3.0
110571,0,0.049984210999999994,46,0,0.086857005,8300.0,9,0,0,0,0.0
110572,0,0.02533532,53,0,0.468560905,3800.0,7,0,1,0,2.0
110574,0,0.17415034399999998,62,1,0.560308635,8812.0,21,0,1,0,0.0
110575,0,0.022093922999999998,89,0,0.005829413,9777.0,9,0,0,0,0.0
110576,0,0.082323326,50,1,0.039269157,3666.0,5,0,0,0,2.0
110578,0,0.196349734,43,0,2.188962208,5000.0,22,0,5,0,0.0
110579,0,0.16102705,51,0,0.253718285,8000.0,10,0,2,0,7.0
110580,0,0.281033988,33,0,0.41565881600000004,4712.0,9,0,1,0,2.0
110581,0,0.063387707,51,0,1.768796176,2300.0,15,0,2,0,0.0
110583,1,0.9999998999999999,50,0,1059.0,,1,0,1,1,0.0
110584,0,0.090186685,45,1,2389.0,,14,0,1,0,0.0
110585,0,0.775814487,48,1,0.417757417,13751.0,10,0,2,0,2.0
110586,0,0.459088228,54,0,0.262749706,8509.0,3,0,1,0,3.0
110591,0,0.07588152599999999,41,0,0.38417294700000004,10083.0,16,0,2,0,2.0
110592,0,0.486513487,31,1,0.164552095,2600.0,2,0,0,0,1.0
110596,0,0.0,65,0,4624.0,,10,0,3,0,0.0
110597,0,0.484914585,41,0,0.260299948,5800.0,8,0,0,0,0.0
110598,0,0.9999998999999999,58,0,1451.0,,3,0,1,0,0.0
110599,0,0.9999998999999999,63,0,0.47720930200000006,4299.0,5,0,2,0,1.0
110600,0,0.341127606,41,0,3363.0,,5,0,2,0,0.0
110601,0,0.07247511,50,0,0.140705727,9096.0,6,0,1,0,1.0
110602,0,0.195814847,28,0,0.112571746,5400.0,5,0,0,0,1.0
110603,0,0.002264661,63,0,0.00159936,2500.0,12,0,0,0,1.0
110604,0,0.0015826310000000001,97,0,0.001998668,1500.0,15,0,0,1,0.0
110605,0,1.012222366,56,1,0.834120865,16083.0,19,0,5,0,4.0
110606,0,0.165813381,56,1,0.356200324,12958.0,19,0,1,0,0.0
110607,0,0.6678109210000001,76,0,0.443095901,5025.0,13,0,1,0,0.0
110608,0,0.100603451,71,0,0.069405886,1800.0,8,0,0,0,0.0
110609,0,0.060479499000000006,93,0,0.006470588,6799.0,7,0,0,0,0.0
110610,0,0.988011988,29,1,0.102203296,5400.0,6,0,0,0,1.0
110611,0,0.9999998999999999,50,0,0.075786283,7916.0,2,0,1,0,0.0
110613,0,0.495124059,25,0,0.24415117,3333.0,5,0,0,0,0.0
110615,0,0.053347333,68,0,2400.0,,6,0,3,0,
110619,0,0.008359666,43,0,6.0,,1,0,0,0,0.0
110621,0,0.050701432000000005,62,0,72.0,,14,0,0,0,0.0
110622,0,0.287971622,40,0,0.17159482199999998,8420.0,11,0,1,0,0.0
110624,0,0.028112997,80,0,0.11606690300000001,5918.0,3,0,1,0,1.0
110625,0,0.352150358,50,0,0.47026486799999995,2000.0,8,0,1,0,0.0
110626,0,0.529476034,33,0,0.13666082,6270.0,9,0,0,0,2.0
110627,0,0.9999998999999999,42,0,0.078149503,3825.0,1,0,0,0,0.0
110628,0,0.14531314,26,1,0.068309071,6250.0,5,0,0,0,1.0
110629,0,0.795905412,38,1,0.228932871,4900.0,5,0,1,0,3.0
110630,0,0.007290087,81,0,6.0,,4,0,0,0,0.0
110631,0,0.24694761699999998,36,1,0.40537037,5399.0,8,0,1,0,0.0
110632,1,0.927563604,42,0,0.30991822199999997,9537.0,7,0,2,0,2.0
110633,0,0.0,47,0,0.432795315,7000.0,14,0,1,0,0.0
110634,0,0.859272437,57,1,0.26212298,6000.0,7,0,1,1,0.0
110635,0,0.60369641,43,1,0.408397901,4000.0,5,0,1,0,3.0
110636,1,0.206511046,36,1,0.294713161,2666.0,8,0,0,0,1.0
110637,0,0.09011499699999999,31,0,0.6572685460000001,5000.0,7,0,2,0,2.0
110638,0,0.041207811000000004,67,0,0.143265248,7000.0,13,0,1,0,0.0
110640,0,0.765646871,30,0,0.164279183,3280.0,2,0,0,0,0.0
110641,0,0.9862614670000001,42,0,3371.0,,7,0,1,0,0.0
110642,0,0.270477986,39,0,2382.0,,5,0,1,0,1.0
110643,0,0.029056831,56,0,0.419320105,6500.0,12,0,2,0,0.0
110644,0,0.052785155,65,0,0.7380487170000001,7676.0,7,0,3,0,0.0
110647,0,0.41582343299999996,54,0,1780.0,,5,0,1,0,0.0
110648,0,0.370519225,51,0,0.171738709,15476.0,16,0,0,0,6.0
110649,0,0.0399362,77,0,0.089985002,6000.0,5,0,0,0,0.0
110650,0,0.063962724,59,0,0.27806401199999997,6404.0,11,0,1,0,0.0
110651,0,0.5443303620000001,64,0,0.580123463,19600.0,18,0,3,0,1.0
110652,0,0.031958081,47,0,0.462046764,5901.0,17,0,1,0,1.0
110653,0,0.34576742299999996,74,0,0.474885845,4379.0,11,0,1,0,0.0
110655,0,0.1424578,65,0,0.013258438,59282.0,4,0,0,0,0.0
110656,0,0.038331454,50,0,969.0,,3,0,1,0,0.0
110658,0,0.561675441,49,0,0.038347139,93800.0,17,0,2,0,2.0
110659,0,0.098901099,40,1,0.137302822,4500.0,6,0,0,0,0.0
110660,0,0.028834382999999998,68,0,0.19765349,15000.0,6,0,2,0,1.0
110661,1,0.9999998999999999,65,1,2.518481518,1000.0,3,2,1,1,0.0
110662,0,0.9321067890000001,38,0,0.463880055,2200.0,4,0,0,0,0.0
110664,0,0.030041275,73,0,0.0044434570000000005,4500.0,6,0,0,0,0.0
110665,0,0.915149962,28,0,0.11029859800000001,1640.0,6,0,0,0,0.0
110666,0,0.9999998999999999,59,0,0.0,,0,0,0,0,0.0
110667,0,0.9999998999999999,66,0,941.0,,7,0,1,0,0.0
110668,0,0.577460425,47,0,0.47405957200000004,7150.0,6,0,2,0,3.0
110669,0,0.256071575,41,0,0.288945524,9416.0,11,0,1,0,4.0
110670,0,0.451824021,51,1,0.629158335,5500.0,9,1,1,0,3.0
110671,0,0.00020796900000000001,72,0,0.33679025100000004,3856.0,11,0,1,0,0.0
110673,0,0.9999998999999999,30,0,0.14379085,3671.0,2,0,0,0,1.0
110674,0,0.089804066,56,0,0.488455715,5283.0,33,0,1,0,0.0
110675,0,0.9999998999999999,34,0,0.04684572099999999,1600.0,1,0,0,0,0.0
110677,0,0.385707945,57,1,0.761325395,3862.0,12,0,2,0,0.0
110679,0,0.42345985,45,0,0.377213081,4800.0,8,0,1,0,3.0
110680,1,0.006803610999999999,79,2,0.0039984009999999995,2500.0,12,0,0,1,0.0
110681,0,0.091171133,75,0,0.149624231,4390.0,4,0,1,0,0.0
110683,0,0.6573641379999999,45,1,0.476084348,5832.0,10,0,1,0,2.0
110684,0,0.032718691,68,0,0.493547419,6663.0,7,0,2,0,0.0
110685,0,0.072347218,55,0,0.295854155,10805.0,11,0,2,0,3.0
110686,0,0.417609599,67,0,0.596043165,2779.0,12,0,1,0,0.0
110691,0,0.0,44,0,0.149664115,6400.0,5,0,1,0,2.0
110692,0,0.00145803,60,0,1226.0,,4,0,1,0,0.0
110693,1,0.774788624,43,0,0.18751179,5300.0,5,3,0,2,1.0
110695,0,0.043927917999999996,66,0,88.0,,5,0,0,0,0.0
110696,0,0.149155048,67,0,0.09998333599999999,6000.0,6,0,0,1,1.0
110698,0,0.149619953,58,0,0.101877569,9000.0,7,0,0,0,0.0
110699,0,0.066620496,67,0,0.213913341,11700.0,10,0,2,0,0.0
110700,0,0.29376334,42,0,0.419008525,9500.0,11,0,2,0,0.0
110701,1,0.885852358,37,5,0.522934004,5166.0,11,1,1,0,0.0
110702,0,0.032364981,50,0,1292.5,1.0,12,0,2,0,1.0
110703,0,0.7974246070000001,56,1,0.164255716,15000.0,8,0,1,0,0.0
110706,0,0.05831018599999999,50,0,0.366063394,10000.0,8,0,2,0,0.0
110708,0,0.41035882799999995,73,0,0.390854779,8703.0,10,0,1,0,1.0
110712,0,0.003562797,85,0,0.141464104,7075.0,17,0,1,0,0.0
110716,0,0.307049647,41,0,0.671776075,3000.0,11,0,0,0,3.0
110718,0,0.060393412,41,0,0.024840957,3300.0,8,0,0,0,2.0
110719,0,0.124460725,61,0,0.257115043,17462.0,15,0,1,0,1.0
110720,0,0.17286968100000003,42,0,0.16079196,6666.0,7,0,1,0,1.0
110724,0,0.46696108700000005,30,0,0.06119510400000001,4166.0,3,0,0,0,0.0
110725,0,0.051011044000000005,40,0,0.424135593,7374.0,5,0,2,0,0.0
110726,0,0.031540582000000005,33,0,0.030387845,2500.0,3,0,0,0,0.0
110727,0,0.035220193999999996,61,0,0.365609349,9583.0,9,0,2,0,0.0
110729,0,0.558291442,41,0,0.373175497,8700.0,9,0,1,0,1.0
110730,0,0.055154943,72,0,0.461595685,5376.0,15,0,1,0,0.0
110731,0,0.137171571,52,1,0.48704955,1775.0,15,0,1,0,0.0
110732,0,0.352906458,64,0,0.803605219,10040.0,20,0,4,0,0.0
110733,0,0.012967741000000001,64,0,0.107718971,7500.0,10,0,1,0,1.0
110734,0,0.569475617,46,1,0.37947621600000003,7483.0,5,0,3,2,2.0
110735,1,0.898255516,42,0,0.682315496,10053.0,26,0,2,0,0.0
110738,0,0.08899191,78,0,0.190936355,3000.0,4,0,0,0,2.0
110739,0,0.043413692000000004,44,0,0.185678499,16366.0,10,0,2,0,1.0
110740,0,0.081366135,37,0,0.590491773,11000.0,13,0,3,0,0.0
110742,1,0.981826443,40,0,0.780177586,4166.0,6,0,2,0,2.0
110743,0,0.042890129000000006,48,0,0.455632716,7775.0,8,0,1,0,0.0
110745,0,0.882326798,54,0,0.870453693,5333.0,15,0,2,0,3.0
110746,0,0.06556480099999999,57,0,2878.0,,9,0,2,0,3.0
110747,0,0.040347983,72,0,911.0,,2,0,1,0,0.0
110748,0,0.9999998999999999,53,0,0.0,1333.0,0,0,0,0,0.0
110750,0,0.792733134,49,0,0.650074664,6026.0,12,0,1,0,0.0
110752,0,0.082368845,73,0,132.0,,6,0,0,0,0.0
110753,0,0.9726284209999999,30,0,0.366255144,1700.0,3,0,0,0,0.0
110754,0,0.287737116,74,1,0.7673079009999999,9200.0,22,0,2,0,0.0
110755,0,0.087029996,45,0,175.0,,3,0,0,0,0.0
110756,0,0.090177719,48,0,0.43736437200000006,10137.0,6,0,2,0,2.0
110757,0,0.578460389,61,0,1892.0,,4,0,1,0,0.0
110758,0,0.480662983,46,0,0.188534607,9000.0,7,0,0,0,2.0
110759,0,0.64182315,50,1,1.087366819,3284.0,8,0,1,0,2.0
110760,0,0.031703879,56,0,0.945005612,1781.0,9,0,1,0,0.0
110761,0,0.014597081000000001,48,0,1915.0,,4,0,2,0,0.0
110764,1,0.9999998999999999,40,1,0.010309278,3006.0,0,1,0,0,3.0
110765,0,0.33938372899999997,38,0,0.198870165,10443.0,8,0,2,0,0.0
110766,0,0.05171673,45,0,0.30778203600000004,6000.0,5,0,1,0,3.0
110770,0,0.487776056,47,0,0.46549580399999996,6433.0,15,0,2,0,0.0
110772,0,0.00019999599999999997,54,0,0.17968861600000002,7000.0,6,0,1,0,2.0
110773,0,0.9999998999999999,78,0,0.0,2972.0,0,0,0,0,0.0
110774,0,0.057287378,78,0,0.14370509199999998,3200.0,2,0,1,0,0.0
110776,0,0.292155767,42,0,0.102598268,1500.0,5,0,0,0,0.0
110777,0,1.313807183,41,0,8571.0,,11,0,4,0,0.0
110778,0,0.21406045699999998,58,0,0.055296469,1500.0,2,0,0,0,0.0
110779,0,0.716152383,44,1,0.545768566,11000.0,11,0,2,0,1.0
110780,0,0.082383708,61,0,0.298969072,2230.0,17,0,0,0,0.0
110782,0,0.040807642000000005,65,0,2715.0,,4,0,2,0,0.0
110783,0,0.035895923999999996,27,0,3.0925700369999998,820.0,10,0,2,1,0.0
110785,0,0.649760519,50,0,0.469453105,11866.0,16,0,1,0,2.0
110786,0,0.070486905,65,0,0.017466536,6125.0,5,0,0,0,0.0
110788,0,0.379941838,73,0,1.903225806,929.0,17,0,0,0,0.0
110789,0,0.135267664,68,0,0.164740147,10986.0,11,0,0,0,0.0
110790,0,0.0,35,0,0.207047255,3660.0,5,0,0,0,2.0
110791,0,0.358400082,35,0,0.529720039,7250.0,10,0,2,0,3.0
110792,0,0.10354504699999999,85,0,0.020942408,4583.0,2,0,0,0,1.0
110793,0,0.0,44,0,0.612873221,10750.0,11,0,3,0,0.0
110796,0,0.0,38,1,0.137086291,10000.0,9,0,1,0,2.0
110797,0,0.002879885,30,0,0.234848485,18083.0,12,0,5,0,0.0
110798,0,1.046976512,22,0,62.0,,1,0,0,0,0.0
110799,0,0.38945700200000005,50,0,0.18621653600000002,9300.0,6,0,1,0,4.0
110800,0,0.5258032260000001,58,1,0.630099417,5833.0,12,0,2,0,0.0
110801,1,0.9999998999999999,34,0,0.0,2494.0,0,0,0,0,2.0
110803,0,0.079775199,45,0,1363.0,,11,0,1,0,0.0
110804,0,0.056342885,73,0,1758.0,,10,0,1,0,0.0
110805,0,0.193697868,30,0,0.544274455,2156.0,6,0,1,0,0.0
110806,1,0.9999998999999999,49,0,26.0,,2,1,0,1,0.0
110807,0,0.0,64,0,2698.0,,6,0,1,0,0.0
110808,0,0.510570221,37,0,0.6100302639999999,4625.0,12,0,1,0,2.0
110811,0,0.133747441,65,0,0.227377262,10000.0,13,0,0,0,1.0
110812,0,0.0036537920000000003,83,0,0.233922026,3000.0,14,0,2,0,0.0
110813,0,0.053065252,66,0,59.0,,6,0,0,0,0.0
110815,0,0.0,90,0,25.0,,7,0,0,0,
110816,0,0.900928477,66,0,500.0,,6,0,0,0,
110818,0,0.041135982,49,0,0.166394246,3058.0,6,0,1,0,1.0
110819,0,0.025966233999999998,48,0,0.242319578,5500.0,7,0,1,0,3.0
110820,0,0.610229013,63,0,3093.0,0.0,8,0,0,0,0.0
110822,0,0.007403729,62,0,2443.0,,4,0,1,0,0.0
110827,0,0.035084437,57,0,89.0,,7,0,0,0,0.0
110829,0,0.020533965,68,0,0.011804202,9233.0,9,0,1,0,0.0
110830,0,0.06652071799999999,61,0,0.5047838410000001,5643.0,9,0,1,0,0.0
110832,0,0.218657755,53,0,0.315635452,9567.0,22,0,1,0,1.0
110834,0,0.799483632,57,0,4648.0,,18,0,2,0,2.0
110836,0,0.049839826,68,0,0.603109922,40000.0,17,0,9,0,0.0
110837,0,0.008617745999999999,75,0,0.006576475,5321.0,7,0,0,0,0.0
110838,0,0.526643092,38,1,647.0,,9,0,0,0,0.0
110840,0,0.234358633,34,1,73.0,,2,0,0,0,1.0
110845,0,0.024035427999999998,77,0,0.571728849,5708.0,16,0,1,0,0.0
110846,0,0.083656967,54,0,1.798201798,1000.0,5,0,2,0,2.0
110848,0,0.021689773,48,0,0.079204796,3168.0,6,0,0,0,0.0
110849,0,0.46389175299999996,50,0,0.066491689,8000.0,4,0,0,0,2.0
110852,0,0.9999998999999999,57,0,0.0,,0,0,0,0,
110854,1,0.25570920199999997,46,0,1603.0,,10,0,1,0,0.0
110855,0,0.324193516,41,0,0.132512367,9500.0,9,0,0,0,0.0
110856,0,0.667907711,59,1,0.414101909,45000.0,17,0,4,0,3.0
110858,0,0.0,35,0,0.080330977,5800.0,3,0,0,0,0.0
110859,1,0.9999998999999999,37,2,0.186684551,8200.0,4,0,1,0,2.0
110860,0,0.007272066,69,0,0.229149115,4747.0,6,0,1,0,0.0
110861,0,0.24775121600000002,49,1,1848.0,,11,0,1,0,0.0
110862,0,0.900241705,48,0,0.851921275,3200.0,9,0,0,0,1.0
110864,0,0.26378555600000003,38,0,0.9282792470000001,7333.0,9,0,2,0,0.0
110866,0,0.0035823390000000004,37,1,1.444936709,3159.0,12,0,2,0,2.0
110867,0,0.191583489,30,0,0.44016626600000003,4570.0,5,0,1,0,1.0
110868,0,0.081517667,37,0,0.292614148,16666.0,8,0,2,0,1.0
110869,0,0.062920641,46,2,0.267494546,5958.0,14,0,1,0,3.0
110870,0,0.054495459,29,0,19.0,,1,0,0,0,
110872,1,0.36677290100000004,54,1,0.45367284399999996,7500.0,21,0,1,0,0.0
110873,0,0.200946608,54,1,0.508915181,6000.0,17,0,1,2,1.0
110874,0,0.012476053,32,0,0.002570694,3500.0,2,0,0,0,0.0
110876,0,0.504351136,63,0,0.427623786,4220.0,8,0,1,0,0.0
110877,0,0.22466996399999997,67,0,0.42582541799999996,4421.0,10,0,1,0,0.0
110878,0,0.01382566,63,0,0.609815208,3300.0,14,0,1,0,0.0
110879,0,0.271059619,61,0,0.25216505300000003,17666.0,12,0,3,0,1.0
110880,0,0.020216254,37,0,0.287942412,5000.0,6,0,1,0,3.0
110881,0,1.004266098,49,2,0.241970021,1400.0,5,1,0,0,0.0
110882,0,0.009902278,47,1,0.318984072,6968.0,11,0,1,0,0.0
110883,1,0.018542327,53,0,0.47189729,10514.0,9,0,3,0,0.0
110884,0,0.567264526,40,0,0.36973623299999997,2160.0,5,0,0,0,0.0
110885,0,0.025161759,39,0,0.608362197,8083.0,17,0,5,0,2.0
110886,0,0.7484197220000001,49,1,0.374040475,2865.0,7,0,0,0,0.0
110887,0,0.024019717000000003,75,0,0.013768686,2541.0,5,0,0,0,0.0
110888,0,0.352288748,50,0,0.183236202,5833.0,7,0,0,0,0.0
110890,0,0.136016632,69,0,2995.0,,14,0,1,0,0.0
110891,0,0.042827418,55,0,0.177646849,5600.0,8,0,1,0,1.0
110892,0,0.183118814,46,0,1.053988003,4500.0,8,0,2,0,0.0
110894,0,0.875511112,43,0,0.8978119179999999,4295.0,10,0,1,0,0.0
110895,0,0.086307106,32,0,0.682865097,3950.0,8,0,2,0,3.0
110897,0,0.037927668,40,1,0.00469953,10000.0,3,0,0,0,3.0
110898,0,0.053535211,36,0,1.1723310679999999,2500.0,10,0,2,0,0.0
110900,0,0.22988702100000002,62,0,0.449318835,8000.0,13,0,2,0,0.0
110901,0,0.54026546,31,0,0.15874480800000002,6500.0,6,0,0,0,0.0
110905,0,0.9999998999999999,26,0,0.197046608,4333.0,7,0,0,0,0.0
110906,0,0.014631937,78,0,0.464167916,3334.0,18,0,2,0,0.0
110907,0,0.312074564,55,1,0.520847915,10000.0,13,0,1,1,2.0
110908,0,0.002324942,59,0,1703.0,,7,0,1,0,0.0
110909,0,0.032970946,60,0,0.210107978,6667.0,20,0,1,0,2.0
110911,0,0.376381181,43,0,5.3525179860000005,5559.0,10,0,2,0,2.0
110912,0,0.9999998999999999,33,0,0.020744814,4000.0,1,0,0,0,3.0
110913,0,0.17009253800000002,44,0,0.21288921100000002,5523.0,17,0,0,0,1.0
110914,0,0.025424869,55,2,0.521949078,6833.0,11,0,4,0,0.0
110915,0,0.027854558999999997,61,0,0.245290917,7166.0,10,0,1,0,2.0
110916,1,0.9999998999999999,37,0,0.0,2040.0,1,1,0,0,0.0
110917,0,0.6906577340000001,45,0,0.327505828,6863.0,10,0,1,0,1.0
110918,0,0.009459624,64,0,0.268178546,8333.0,8,0,1,0,1.0
110919,0,0.820786143,35,0,0.19944979399999999,2907.0,5,0,0,0,0.0
110920,0,0.41219514799999996,63,0,0.140076674,10172.0,18,0,0,0,0.0
110921,0,0.098369538,32,1,0.272183293,12700.0,12,0,1,1,1.0
110922,0,0.820063608,48,0,1.150410509,3044.0,11,0,1,0,2.0
110925,0,0.044075395,53,0,0.396587265,8731.0,16,0,2,0,0.0
110926,0,0.155097287,49,0,0.43847487,7500.0,13,0,1,0,0.0
110928,0,0.114232827,63,0,0.32684067,7700.0,15,0,2,0,0.0
110929,0,0.0076661559999999995,59,0,3.0,,1,0,0,0,0.0
110930,0,0.022935214,64,0,0.298783536,6000.0,13,0,1,0,0.0
110931,0,0.016975014,47,0,0.34010152299999996,6500.0,14,0,1,1,1.0
110932,0,0.0,65,0,2.5502248880000002,666.0,8,0,1,0,0.0
110933,0,0.0,53,0,0.0,,4,0,0,0,0.0
110934,0,0.007742376,46,0,0.19978668100000002,15000.0,17,0,1,0,4.0
110936,0,0.081219394,55,0,0.22228779399999998,10166.0,12,0,1,0,0.0
110937,0,0.448933679,63,1,0.308798849,4170.0,18,0,0,0,1.0
110939,0,0.9999998999999999,65,1,0.005109976,4500.0,2,0,0,0,0.0
110940,0,0.9999998999999999,49,0,0.36463194,10500.0,3,0,2,0,1.0
110941,0,0.974446337,56,1,0.204581263,8250.0,6,0,1,0,0.0
110942,0,0.880786139,66,0,1009.0,,3,0,1,0,0.0
110945,0,0.012989106,50,1,0.000538092,22300.0,23,0,0,0,2.0
110946,0,0.099796673,45,0,0.165593978,9166.0,7,0,2,0,0.0
110947,0,0.24189237800000002,39,0,0.266799232,14583.0,13,0,2,0,0.0
110949,0,0.174291208,66,0,0.26402175,9930.0,8,0,1,0,0.0
110950,0,0.0,47,0,738.0,,6,0,1,0,2.0
110951,1,0.055394692999999995,65,3,0.87958863,7000.0,14,0,5,0,0.0
110952,0,0.061843694000000005,74,0,0.166053431,6250.0,6,0,1,0,1.0
110957,0,0.037160473,25,0,0.053872054,9800.0,6,0,0,0,0.0
110960,0,0.161317939,70,0,2809.0,,16,0,2,0,0.0
110961,0,0.015289336,45,0,0.00212057,3300.0,6,0,0,0,2.0
110962,0,0.154170481,69,0,0.060164882999999995,5700.0,15,0,0,0,0.0
110963,0,0.47480034200000004,41,0,0.56125671,6333.0,8,0,1,0,0.0
110964,1,0.0,42,0,5774.5,1.0,7,0,3,0,3.0
110967,0,0.9999998999999999,61,0,0.512557991,6250.0,10,0,1,0,0.0
110968,0,0.9999998999999999,52,1,0.276736494,4534.0,3,3,1,0,0.0
110969,0,0.007938180999999999,65,0,0.16741071400000002,3583.0,20,0,1,0,0.0
110971,0,0.0,47,0,0.17534769600000003,11000.0,6,0,1,0,4.0
110972,0,0.976204759,53,1,0.24870466300000002,3666.0,7,1,1,0,0.0
110976,0,0.130494812,52,0,0.349640846,5150.0,8,0,1,0,3.0
110977,0,0.11934888800000001,38,0,0.8383975229999999,5166.0,10,0,1,0,1.0
110978,0,0.10501042199999999,68,0,0.986933128,1300.0,9,0,1,0,0.0
110979,0,0.49535718700000003,56,0,0.463858384,6100.0,10,0,1,0,1.0
110981,0,0.100899957,33,0,0.475625158,3958.0,4,0,2,0,0.0
110982,0,0.010567189,72,0,2423.0,,9,0,2,0,0.0
110984,0,0.423687266,69,0,0.20502557300000002,4496.0,4,0,0,0,1.0
110986,0,0.0,89,0,0.0,1666.0,6,0,0,0,0.0
110987,0,0.949851958,48,0,0.49773602,8833.0,11,0,1,0,2.0
110988,0,0.9999998999999999,44,0,1766.0,,2,0,1,0,0.0
110989,0,0.047179674000000005,46,0,0.252431174,7300.0,5,0,2,0,4.0
110990,0,0.23347533,36,0,0.223477652,10000.0,7,0,1,0,0.0
110992,0,0.016385798,69,0,0.011997333999999998,4500.0,10,0,0,0,0.0
110994,0,0.050630477,35,0,0.089557785,5381.0,8,0,0,0,0.0
110995,0,0.10011799800000001,63,0,0.21672543600000002,19000.0,13,0,3,0,2.0
110997,0,0.49575212399999996,24,0,29.0,0.0,2,0,0,0,0.0
110998,1,0.21301007,37,0,0.741112944,6666.0,9,0,2,0,3.0
110999,0,0.658286728,54,0,0.172602108,13000.0,9,0,0,0,1.0
111000,0,0.040203261000000004,70,0,0.192913814,9200.0,17,0,1,0,1.0
111004,0,0.206428725,41,0,0.5997369570000001,2280.0,9,0,1,0,0.0
111005,0,0.050658075999999996,63,0,0.14585605199999999,7335.0,5,0,1,0,1.0
111006,0,0.9999998999999999,35,0,0.083631409,5870.0,5,0,0,0,2.0
111009,0,0.009799608000000001,30,0,0.0009374580000000001,7466.0,1,0,0,0,0.0
111010,0,0.9999998999999999,43,2,1569.0,,2,0,1,0,0.0
111011,0,0.015427898999999998,73,0,0.011149558,2600.0,10,0,0,0,0.0
111012,0,0.857295907,26,0,0.8891916440000001,1100.0,8,0,0,0,0.0
111015,0,0.09223910699999999,68,0,472.0,,8,0,0,0,0.0
111016,0,0.030999087999999998,61,0,34.0,,9,0,0,0,0.0
111017,0,0.017402945,31,0,1770.0,,14,0,2,0,0.0
111018,0,0.019264139,48,0,1167.0,,4,0,1,0,0.0
111019,0,0.39365943700000006,54,0,0.539619651,8833.0,29,0,2,0,0.0
111020,0,0.062161742,57,0,0.316670067,4900.0,14,0,1,0,1.0
111024,1,0.2578356,50,0,0.224282817,3450.0,7,0,0,0,1.0
111026,0,0.8645704040000001,51,2,0.9164191770000001,2356.0,11,0,1,0,0.0
111027,0,0.163741391,26,0,542.0,,4,0,0,0,0.0
111028,0,0.03277439,56,1,0.291806787,6541.0,13,0,1,0,0.0
111029,0,0.176079734,36,0,228.0,,3,0,0,2,0.0
111032,0,0.36867335799999995,57,0,0.254089545,17666.0,20,0,2,0,2.0
111033,0,0.0,72,1,0.0,790.0,4,0,0,0,0.0
111034,0,0.0037640029999999997,77,0,0.00359928,5000.0,9,0,0,0,0.0
111035,0,0.8215788470000001,58,0,0.31753658,9157.0,6,0,1,0,2.0
111036,0,0.11285356,61,0,0.29742298,5160.0,15,0,1,0,1.0
111037,0,0.30480738,46,1,0.6661816070000001,3435.0,7,0,1,0,2.0
111038,0,0.510595924,54,1,0.615242616,3791.0,15,0,0,0,0.0
111042,0,0.019577578,54,0,0.065386923,5000.0,9,0,0,0,2.0
111043,0,0.001300946,62,0,0.38568899100000004,9600.0,8,0,1,0,2.0
111044,1,1.00551534,47,1,0.602601437,5150.0,6,0,1,0,2.0
111045,0,0.478610339,35,0,0.631812055,5192.0,8,0,4,0,1.0
111046,0,0.7427459759999999,38,0,0.28161973,6000.0,9,0,0,0,0.0
111047,0,0.09619519,60,0,2087.0,,10,0,2,0,1.0
111048,0,0.002743991,39,0,4.0,,4,0,0,0,0.0
111049,0,0.012140214,41,0,0.592437739,5500.0,17,0,3,0,2.0
111051,0,0.26123283399999997,67,0,0.5814777329999999,1975.0,13,0,0,0,0.0
111052,1,0.9999998999999999,30,0,0.623994484,4350.0,9,2,1,4,0.0
111053,0,0.628874225,29,0,0.767232767,1000.0,5,0,0,0,0.0
111054,0,0.0019391270000000001,44,0,0.405518896,5000.0,4,0,1,0,0.0
111055,0,0.05304839099999999,54,0,67.0,,5,0,0,0,
111056,0,0.755499522,33,0,1640.0,,12,0,1,0,0.0
111057,0,0.9854327340000001,50,1,0.068620919,1500.0,1,0,0,0,0.0
111058,0,0.02298295,87,0,40.0,,4,0,0,0,0.0
111059,0,0.557771001,54,0,0.676461028,15382.0,21,0,4,0,1.0
111061,0,0.713627021,60,0,0.305483907,8916.0,6,0,1,0,0.0
111064,0,0.0076651309999999995,67,0,1845.5,1.0,8,0,2,0,0.0
111065,0,0.0,75,0,0.0,,2,0,0,0,0.0
111066,0,0.127613703,85,0,0.12794882,2500.0,13,0,0,0,2.0
111067,0,0.172207713,51,0,2379.0,,10,0,3,0,0.0
111068,0,0.214056794,43,0,0.22622478399999998,4857.0,9,0,0,0,3.0
111069,0,0.36549524200000005,46,0,0.295603128,7800.0,10,0,1,0,2.0
111070,0,0.952190511,45,1,0.31553492,5168.0,3,0,1,1,1.0
111071,0,0.090324925,73,0,2006.0,,22,0,1,0,0.0
111073,0,0.063208322,37,1,0.46407656,7000.0,13,0,3,0,3.0
111074,0,0.570298335,40,0,0.257914029,3000.0,5,0,0,0,1.0
111075,0,0.9382303359999999,53,0,0.568171591,6666.0,6,0,1,0,0.0
111077,0,0.0,62,0,0.120554207,7000.0,7,0,2,0,2.0
111078,0,0.46031079399999997,40,0,0.30210157600000004,2283.0,3,0,0,0,0.0
111079,0,0.146947375,39,0,0.603119844,6666.0,8,0,2,0,1.0
111080,0,0.5175549110000001,55,0,0.297276771,9216.0,11,0,1,0,1.0
111081,1,0.48299672,50,4,1.346057714,4400.0,26,1,3,2,0.0
111082,0,0.18171461100000003,38,0,965.0,0.0,14,0,0,1,2.0
111084,0,0.771485676,68,0,0.40907049799999995,6680.0,12,1,1,0,0.0
111086,0,0.09956668699999999,45,0,0.410887161,6300.0,8,0,1,0,2.0
111087,0,0.042615165,55,0,1861.0,,5,0,1,0,
111088,0,0.350700625,45,0,0.193159395,4560.0,6,1,0,0,0.0
111089,0,0.9999998999999999,46,0,1.160459885,4000.0,2,0,2,0,0.0
111090,0,0.016678593000000002,71,0,0.6831435709999999,3600.0,9,0,2,0,0.0
111092,0,0.0,39,0,0.24396634899999997,7250.0,9,0,1,0,2.0
111093,0,0.11166715199999999,68,0,0.342042122,3750.0,14,0,2,0,0.0
111094,0,0.9435882520000001,59,1,537.0,,9,0,0,0,0.0
111095,0,0.49586120100000003,68,0,0.277321282,9735.0,5,0,1,0,0.0
111096,0,0.0,27,0,0.167365366,3100.0,5,0,0,0,0.0
111097,0,0.003622935,55,0,0.15922293099999998,10500.0,14,0,1,0,1.0
111098,0,0.047489409,67,0,4875.0,,9,0,2,0,0.0
111100,0,0.0022962539999999997,77,0,0.203199508,6500.0,4,0,1,0,0.0
111101,0,0.06747865,64,1,2598.0,,8,0,1,0,0.0
111104,0,0.048676399,53,0,3240.0,,19,0,3,0,0.0
111105,0,0.16986135100000002,50,0,3723.0,,10,0,1,0,0.0
111106,0,0.041150268,61,0,0.284755957,8645.0,8,0,2,0,0.0
111109,0,0.0,43,0,0.0,2300.0,8,0,0,0,1.0
111112,0,0.016206586000000002,69,0,0.003004447,8320.0,3,0,0,0,0.0
111113,0,0.089184894,68,0,0.019617179,10500.0,7,0,0,0,0.0
111114,0,0.012654085,40,0,0.0029994,3333.0,3,0,0,0,0.0
111115,0,0.9999998999999999,29,0,0.06456571900000001,1300.0,1,0,0,1,0.0
111119,0,0.9993077459999999,26,0,0.171575969,6008.0,6,0,0,0,1.0
111120,0,0.495335756,61,0,0.854612968,3500.0,9,0,2,0,0.0
111121,0,0.223525134,62,1,79.0,,8,0,0,0,2.0
111122,0,0.178059722,61,0,0.10065425300000001,3973.0,7,0,0,0,2.0
111123,0,0.7696323959999999,72,1,1.317845395,2431.0,16,0,1,0,0.0
111125,0,0.058512614000000004,63,0,0.124047417,7085.0,4,0,1,0,0.0
111126,0,0.060307839,60,0,0.447476386,10480.0,18,0,2,0,2.0
111128,1,0.023460787,53,0,0.471168831,9624.0,7,1,3,0,0.0
111129,0,0.034542314,49,0,0.0025380710000000003,4333.0,4,0,0,0,3.0
111130,0,0.05539768900000001,73,0,805.0,,8,0,1,0,0.0
111132,0,0.010235053000000001,45,0,810.0,,7,0,1,0,0.0
111133,0,0.034935953,79,0,0.019268667,4566.0,15,0,0,0,1.0
111135,0,0.018673574,47,0,0.6431305829999999,2350.0,12,0,1,0,0.0
111136,0,0.2457688,30,0,219.0,1.0,8,0,0,0,0.0
111137,0,0.612831551,28,0,0.43853820600000004,300.0,1,0,0,0,0.0
111138,0,0.9999998999999999,60,0,0.0,4500.0,0,0,0,0,1.0
111139,0,0.9999998999999999,29,0,0.1828,4999.0,6,1,0,0,0.0
111142,0,0.996437723,52,0,0.301746956,5666.0,4,0,1,0,0.0
111145,0,0.30028328600000004,42,0,0.06919388,4378.0,5,0,0,0,1.0
111146,0,0.7350281879999999,36,0,0.686910995,2864.0,12,0,1,0,2.0
111148,0,0.58629232,49,3,0.292596249,5064.0,3,0,1,0,1.0
111151,0,0.346326939,73,2,2021.0,,15,0,1,0,0.0
111155,0,0.540172991,40,0,0.34946505299999997,10000.0,6,0,2,0,5.0
111156,0,0.013820658999999999,28,0,0.002540937,7083.0,7,0,0,0,0.0
111157,0,0.030894522,40,0,0.010011919000000001,4194.0,5,0,0,0,1.0
111158,0,0.5264947010000001,50,0,0.059618442,5031.0,3,0,0,0,3.0
111160,0,0.008761627,36,0,0.349151235,5183.0,9,0,2,0,0.0
111161,0,1.631022327,51,3,0.126632898,3750.0,5,0,0,0,2.0
111162,0,0.057263325999999996,58,0,2627.0,,7,0,1,0,0.0
111164,0,0.034651976,81,0,0.005865885,7500.0,7,0,0,0,0.0
111165,0,0.0,46,0,0.002775208,2161.0,2,0,0,0,0.0
111166,0,0.039652276,63,0,62.0,,10,0,0,0,0.0
111167,0,0.051334914,38,0,2663.0,,4,0,2,0,0.0
111168,0,0.24226345800000001,47,0,1526.0,1.0,14,0,1,0,1.0
111169,0,0.146561037,56,0,0.556746679,4290.0,6,0,3,0,0.0
111170,0,0.422890547,38,0,0.17687638,3623.0,7,0,0,0,0.0
111171,0,0.696953638,59,0,0.6520411,3600.0,12,0,0,0,0.0
111172,0,0.979381443,32,0,0.8657667790000001,2666.0,5,0,1,0,0.0
111173,0,0.086190145,65,0,0.164763772,26012.0,13,0,2,0,0.0
111174,0,0.26264940600000003,41,0,0.59142456,9258.0,13,0,2,0,3.0
111175,0,0.156881997,63,0,0.342025276,6250.0,19,0,2,0,0.0
111177,0,0.0029967979999999997,67,0,0.21434836,5700.0,13,0,1,0,1.0
111178,0,0.955840693,48,0,0.223944014,4000.0,4,0,0,0,1.0
111179,0,0.041997900000000005,53,1,0.099192065,12500.0,9,0,0,0,1.0
111181,0,0.01246351,49,0,0.015450644,1164.0,10,0,0,0,0.0
111182,0,0.053138553,43,0,0.23016783100000002,9592.0,10,0,2,0,2.0
111183,0,0.650401589,40,0,0.443738604,17000.0,12,0,5,0,4.0
111184,0,0.8185248070000001,41,2,0.159680977,5892.0,8,0,1,0,2.0
111185,0,0.0,63,0,3369.0,,5,0,2,0,0.0
111187,0,0.030969031,28,1,0.05037594,2659.0,3,0,0,0,0.0
111188,0,0.066878905,70,0,2338.0,,6,0,1,0,
111189,0,0.0,69,0,0.34428795,1916.0,4,0,1,0,0.0
111191,0,0.015299357,52,0,0.192324175,21000.0,19,0,1,0,3.0
111193,0,0.6967586090000001,34,0,0.21879194600000001,4469.0,9,0,0,0,1.0
111194,0,0.07564941900000001,49,0,0.341197618,8900.0,12,0,2,0,1.0
111195,0,0.064260451,56,0,1.342094342,7228.0,17,0,7,0,3.0
111196,0,0.024563033999999997,77,0,0.27687602899999997,4250.0,10,0,3,0,0.0
111198,0,0.10557799999999999,47,1,0.218982481,8333.0,7,0,0,0,0.0
111199,0,0.033216113,66,0,0.004068685,14500.0,6,0,0,0,0.0
111201,0,0.043427547000000004,62,0,0.48901969700000003,4416.0,18,0,1,0,2.0
111202,0,0.451888995,39,0,0.565572405,6000.0,16,0,1,0,0.0
111205,1,0.20842108,46,2,0.39548984200000004,9400.0,12,0,3,0,1.0
111206,0,0.00627401,53,0,0.001621329,5550.0,8,0,0,0,0.0
111207,1,0.047660629,41,0,0.24371192,6400.0,11,0,1,0,2.0
111208,0,0.008361182,77,0,343.0,0.0,14,0,0,0,0.0
111210,0,0.0,54,0,4744.0,,14,0,2,0,0.0
111211,0,0.449468596,54,0,0.299100129,7000.0,13,0,2,0,1.0
111212,0,0.003800058,63,0,10.0,,12,0,0,0,0.0
111213,0,0.0,25,0,0.231008441,2250.0,5,0,0,0,0.0
111214,0,0.033995751,67,0,13.0,,9,0,0,0,0.0
111215,0,0.08156909799999999,72,0,0.168250951,3155.0,7,0,1,0,0.0
111217,0,0.9570347659999999,44,0,0.426218709,6071.0,4,0,2,0,4.0
111219,0,0.097809721,50,0,0.22458018100000002,10837.0,11,0,2,0,0.0
111221,0,0.289421158,21,0,0.001211754,3300.0,1,0,0,0,0.0
111223,0,0.0,64,0,1117.0,,4,0,1,0,0.0
111224,0,0.069946503,66,0,0.305955236,5003.0,4,0,1,0,0.0
111226,0,0.034664356,35,0,15.0,,7,0,0,0,0.0
111227,0,0.0,53,1,3139.0,,10,0,1,0,
111228,0,0.057832405999999996,59,0,0.243802779,3670.0,13,0,1,0,0.0
111229,0,0.031228367000000003,73,0,0.4646098,550.0,8,0,0,0,0.0
111230,0,0.672656788,51,0,0.281826448,15395.0,16,0,1,0,0.0
111231,0,0.020103463000000002,66,0,932.0,,16,0,1,0,0.0
111232,0,0.08486066800000001,77,0,0.494455159,8295.0,12,0,3,0,0.0
111233,0,0.9999998999999999,48,0,0.0,3250.0,2,2,0,0,1.0
111234,0,0.42150872100000003,27,0,0.403915123,6691.0,4,0,1,0,0.0
111235,0,0.08308403,58,0,0.249536063,8082.0,14,0,1,0,0.0
111236,0,0.088373601,57,0,49.0,,3,0,0,0,0.0
111237,0,0.07087744,58,0,0.275158248,7740.0,18,0,1,0,0.0
111238,0,0.346812502,46,2,0.43672031200000005,10500.0,11,0,5,0,0.0
111240,0,0.136347404,33,1,0.9746963559999999,1975.0,14,0,1,0,0.0
111241,0,0.0016202679999999998,46,0,0.309885091,13575.0,8,0,2,0,0.0
111242,0,0.0,57,1,0.252606255,2493.0,4,0,0,0,0.0
111243,0,0.0,61,0,2041.0,0.0,13,0,2,0,0.0
111244,0,0.002839603,61,0,628.5,1.0,20,0,1,0,0.0
111245,0,0.007459258000000001,65,0,0.010291091,3400.0,5,0,0,0,0.0
111246,0,0.270679127,44,0,0.949283219,8300.0,9,0,4,0,0.0
111247,0,0.005512644000000001,62,0,0.9526982009999999,1500.0,10,0,2,0,2.0
111248,0,0.0230381,63,0,0.214840153,7600.0,11,0,1,0,1.0
111252,0,0.611048639,66,0,0.23622251,11594.0,12,0,1,0,1.0
111253,0,0.015914372,57,0,0.321973828,3667.0,6,0,1,0,0.0
111254,0,0.0,57,0,114.0,,10,0,0,0,0.0
111257,0,0.0,51,0,4201.0,,9,0,2,0,0.0
111258,0,0.081572015,45,1,0.423284141,8537.0,16,0,4,0,0.0
111259,0,0.390093211,42,0,1.072595705,4283.0,14,0,2,0,0.0
111261,0,0.5278297789999999,48,0,0.108091221,3200.0,4,0,0,0,1.0
111263,1,0.794557906,32,1,1954.0,,7,0,1,0,0.0
111264,0,0.070769332,37,1,883.0,,17,0,0,0,0.0
111266,0,0.088161769,50,0,0.612201592,5654.0,7,0,1,0,0.0
111267,0,0.000449978,80,0,0.0,6500.0,5,0,0,0,0.0
111268,0,0.0,27,0,541.0,,9,0,0,0,1.0
111270,0,0.08991009,22,0,0.006644518,300.0,1,0,0,0,0.0
111271,1,1.186290323,29,4,0.689327668,4000.0,10,4,2,1,0.0
111272,0,0.35232383799999994,40,0,0.224903346,7500.0,4,0,2,0,0.0
111273,0,0.081783643,28,0,0.162936437,3350.0,3,0,0,0,0.0
111274,0,0.064811055,53,1,1.219945014,4000.0,17,0,2,0,0.0
111276,0,0.9618903,52,0,1753.0,0.0,13,0,0,0,0.0
111277,0,0.25664473600000004,58,0,0.556070704,3450.0,12,0,1,0,0.0
111278,0,0.117086513,57,0,0.37598107700000005,9300.0,9,0,2,0,2.0
111279,0,0.9999998999999999,50,0,0.0,,0,0,0,1,0.0
111280,0,0.9999998999999999,38,0,0.020337815,2900.0,2,3,0,1,2.0
111281,0,0.0014856720000000002,60,0,0.000222173,4500.0,2,0,0,0,0.0
111283,0,0.259670474,28,0,0.074784385,8811.0,8,0,0,0,0.0
111288,0,0.04366435900000001,79,0,137.0,,12,0,0,0,0.0
111289,0,0.398915174,75,1,0.306769323,10000.0,18,0,1,1,0.0
111290,0,0.067077774,65,0,2515.0,,10,0,2,0,0.0
111292,0,0.028098595,83,0,0.277696335,4774.0,7,0,2,0,0.0
111293,0,0.337052601,23,0,0.043643264,1580.0,4,0,0,0,0.0
111294,0,0.001988012,38,0,0.502596054,8666.0,8,0,1,0,0.0
111295,0,0.455004205,56,0,0.581446715,10865.0,19,0,2,0,0.0
111298,0,0.955279112,35,0,363.0,,2,0,0,0,1.0
111299,0,0.09342918800000001,34,0,2.527472527,1000.0,8,0,2,0,0.0
111301,0,0.004180591,39,0,0.620989505,3334.0,14,0,2,0,0.0
111302,0,0.0,37,0,0.490923441,3800.0,11,0,1,0,1.0
111307,0,0.0037498659999999997,62,0,528.0,,2,0,0,0,0.0
111308,0,0.043165639000000006,69,0,0.18042760300000002,5752.0,6,0,1,0,1.0
111309,0,0.021744563999999997,78,0,0.001763668,1700.0,3,0,0,0,0.0
111311,0,0.036773535,62,0,0.138820205,2830.0,10,0,1,0,0.0
111312,0,0.0,28,1,0.0,1400.0,3,0,0,2,1.0
111313,0,0.899539895,36,0,0.369143305,5100.0,11,0,0,0,3.0
111314,0,0.9527973270000001,29,2,0.490200784,12500.0,12,0,2,0,0.0
111315,0,0.297601613,30,1,0.357264274,10000.0,20,0,2,0,0.0
111316,1,0.14010628,47,0,0.12992569199999998,4440.0,5,1,0,2,3.0
111318,0,0.008607003,87,0,0.00239952,3333.0,6,0,0,0,0.0
111319,0,0.831378581,33,1,0.31409222800000003,3100.0,4,0,0,0,2.0
111320,0,0.498375406,28,1,0.404397069,1500.0,6,0,0,0,0.0
111322,0,0.548598204,63,3,0.221471141,25000.0,8,0,0,0,1.0
111324,0,0.010353625,48,0,0.518577707,7508.0,7,0,3,0,3.0
111325,0,0.11924403800000001,61,0,3475.0,,5,0,1,0,0.0
111326,0,0.619724178,45,3,0.557715383,4166.0,13,0,2,0,1.0
111329,0,0.027626552999999998,60,0,768.0,,10,0,1,0,0.0
111330,0,0.115299148,65,1,0.29467219,7000.0,11,1,1,0,2.0
111336,0,0.7362533590000001,45,1,0.21679098600000002,6300.0,15,0,0,0,0.0
111337,0,0.07649890599999999,63,0,0.325129783,5200.0,9,0,1,1,0.0
111338,0,0.0,44,0,0.500999714,3500.0,7,0,0,0,0.0
111339,0,0.11795953099999999,43,0,0.117441676,6300.0,5,0,1,0,2.0
111341,0,0.054411835,75,0,2287.0,,12,0,1,0,0.0
111342,0,0.995400092,56,0,4009.0,,15,0,1,0,3.0
111343,0,0.119990401,61,0,0.306894448,1638.0,5,0,0,0,0.0
111344,0,0.85359872,85,0,0.583854036,4000.0,12,0,2,0,0.0
111345,0,0.045950983,63,0,2623.0,,10,0,1,0,0.0
111346,1,0.9999998999999999,54,1,0.07209046599999999,6366.0,2,1,0,1,0.0
111347,0,0.014740956000000001,61,0,1066.0,,10,0,1,0,0.0
111348,0,0.03347925,73,0,0.53205348,8750.0,11,0,2,0,0.0
111350,1,0.882242657,38,5,0.363772705,6000.0,9,0,1,0,0.0
111351,0,0.074166846,64,1,493.0,,5,2,0,0,0.0
111352,1,0.418837675,29,0,0.148318683,7166.0,8,1,0,0,0.0
111353,0,0.9999998999999999,22,0,0.0,4833.0,1,0,0,0,0.0
111355,0,0.002701297,51,0,0.371792878,6430.0,7,0,1,0,4.0
111357,0,0.365814053,47,0,0.469332885,5950.0,19,0,2,0,0.0
111359,0,0.707720007,41,0,0.20845795399999997,14376.0,9,0,2,0,2.0
111361,0,0.013332593,38,0,544.0,,9,0,0,0,0.0
111362,0,0.0,53,0,1454.0,,11,0,1,0,0.0
111363,0,0.016486189,76,0,0.170522708,3500.0,10,0,0,0,1.0
111364,0,0.033198672,61,0,29.0,,2,0,0,0,0.0
111365,0,0.163856205,44,0,0.0040125609999999996,1560100.0,12,0,4,0,2.0
111367,0,0.9999998999999999,28,0,0.028017241000000002,2319.0,0,0,0,1,2.0
111368,0,0.022848023,71,0,0.0063005069999999995,7300.0,6,0,0,0,0.0
111369,0,0.04631939,37,1,503.0,,8,0,0,0,0.0
111370,0,0.10919454,64,0,0.198384201,3341.0,3,0,1,0,0.0
111371,0,0.01734423,35,0,0.370584315,4500.0,5,0,2,0,2.0
111373,0,0.053988003,32,0,0.001990333,3516.0,6,0,0,0,0.0
111374,0,0.5001594979999999,61,0,0.5159765470000001,22000.0,29,0,5,7,1.0
111376,1,0.6123510120000001,46,1,1.839616996,1670.0,8,0,3,0,2.0
111377,0,0.079113535,51,0,0.581449008,2166.0,22,0,1,0,0.0
111379,0,0.0,51,0,0.492302809,6300.0,6,0,2,0,0.0
111380,0,0.022003602999999997,50,0,7927.0,,7,0,4,0,0.0
111381,0,0.060840439,60,0,111.0,,7,0,0,0,0.0
111383,1,0.23200199300000002,55,0,0.40065316799999995,7654.0,10,0,2,0,0.0
111385,0,0.0,72,0,1966.0,,10,0,2,0,0.0
111386,0,0.12328280300000001,53,0,0.401291921,11300.0,16,0,3,0,1.0
111387,0,0.775755449,41,2,0.503012434,7800.0,11,0,2,0,0.0
111388,0,0.045381495,39,0,0.284672391,8500.0,10,0,2,0,0.0
111389,0,0.08327777900000001,54,0,0.067912712,10218.0,5,0,0,0,4.0
111390,0,0.364062606,56,0,0.46027994899999997,5500.0,13,0,1,0,1.0
111391,1,0.749166695,41,0,0.948410318,5000.0,12,0,1,0,4.0
111392,0,0.6992914379999999,28,0,0.382885696,1600.0,8,0,0,0,2.0
111393,1,0.9999998999999999,31,0,0.075392461,10000.0,3,0,0,0,2.0
111394,0,0.8825646970000001,43,0,0.186905338,6200.0,5,0,0,0,1.0
111395,0,0.638587191,40,0,0.465377885,12000.0,6,0,3,0,0.0
111396,1,0.372615167,46,1,0.40920691,10187.0,16,0,2,0,1.0
111397,0,0.014771965,78,0,0.07816564,7304.0,10,0,0,0,1.0
111398,0,0.274343306,30,1,0.12906157699999998,4400.0,9,0,0,0,0.0
111400,0,0.014213778,42,0,0.146903638,3600.0,7,0,0,0,0.0
111401,0,0.526957585,41,0,0.35326568799999997,10150.0,5,0,2,0,2.0
111403,0,0.033368912,59,0,0.088735731,4642.0,4,0,0,0,0.0
111405,0,0.256940878,66,0,0.271096023,4123.0,8,0,0,0,2.0
111406,0,0.029644502000000003,60,2,25.0,,5,0,0,1,0.0
111407,0,0.222227289,49,0,0.551689662,5000.0,17,0,1,0,2.0
111408,0,0.016515596,97,0,0.008581235999999999,1747.0,2,0,0,0,0.0
111409,0,0.40037204,47,0,4752.0,,15,0,3,0,0.0
111410,0,0.07687809400000001,54,0,372.0,,9,0,0,0,1.0
111411,0,0.002722245,49,0,0.338310493,4888.0,17,0,1,0,1.0
111412,0,0.621221011,66,0,0.654644919,9870.0,19,0,1,0,0.0
111413,0,0.024066437000000003,40,0,0.23359580100000002,8000.0,9,0,2,0,1.0
111414,0,0.008127314,52,1,2239.0,,6,0,2,0,0.0
111415,0,0.710072468,35,0,0.50009998,5000.0,12,0,2,0,0.0
111416,0,0.018994622,65,0,0.09105932900000001,6050.0,12,0,0,0,0.0
111417,0,0.733943543,28,1,0.182900037,5461.0,8,0,0,1,1.0
111418,1,0.129144301,52,0,0.35316171,4000.0,7,0,1,0,0.0
111422,0,0.058220928,59,0,1521.0,,8,0,2,0,0.0
111423,0,0.80219555,45,1,0.44788336100000004,15637.0,12,0,2,0,0.0
111424,0,0.010449478,55,0,0.002208318,2716.0,1,0,0,0,0.0
111427,0,0.184451597,68,1,0.481733746,6459.0,9,0,1,0,0.0
111428,0,0.197365271,59,0,0.278229569,7500.0,15,0,3,0,0.0
111429,0,0.014345746999999999,57,1,0.545314062,11000.0,13,0,3,0,1.0
111430,1,0.5342195820000001,48,0,0.514632849,11275.0,11,0,6,0,0.0
111432,0,0.082909758,42,0,0.417934433,9333.0,4,0,2,0,2.0
111434,0,0.886002886,33,0,0.6643593289999999,6500.0,7,0,2,0,1.0
111437,0,0.63180982,41,0,0.8564901,5908.0,12,0,2,0,2.0
111438,0,0.033481966,27,0,0.09815078199999999,2108.0,9,0,0,0,0.0
111439,0,0.000176209,54,0,0.395657763,7000.0,7,0,1,1,0.0
111440,0,0.863712096,31,0,0.254440314,2420.0,8,0,0,0,0.0
111441,0,0.171482782,44,0,0.32885235,9000.0,12,0,1,0,0.0
111444,1,0.9999998999999999,82,0,0.037814294,5050.0,1,0,0,0,0.0
111445,0,0.884171666,59,0,0.45963172799999996,1411.0,7,0,0,0,1.0
111447,0,0.22075861,26,0,0.12954818099999998,2500.0,4,0,0,0,0.0
111450,0,0.0,57,0,1855.0,,6,0,1,0,0.0
111451,0,0.011881305,57,0,1.081229693,4000.0,8,0,2,0,1.0
111452,0,0.09633048300000001,66,0,0.18462188399999999,7100.0,13,0,1,0,0.0
111453,0,0.829524411,72,0,0.5957083639999999,4100.0,8,1,2,0,0.0
111454,0,0.037309601,78,0,45.0,,3,0,0,0,0.0
111455,0,0.04898462,57,0,0.321297634,9000.0,11,0,2,0,0.0
111456,1,0.5485726129999999,55,0,0.8483660129999999,3824.0,10,0,2,0,0.0
111457,0,0.116290188,80,0,0.12361623599999999,9755.0,7,0,1,0,0.0
111458,0,0.919926406,67,0,2338.0,,12,0,2,0,0.0
111459,0,0.02133441,60,0,5750.0,,14,0,4,0,2.0
111460,0,0.818063254,32,0,1.750780762,1600.0,10,0,2,0,1.0
111461,0,0.605087182,41,0,0.605583071,2220.0,7,0,1,0,2.0
111462,0,0.517288717,41,1,0.06461140900000001,10833.0,7,0,0,0,0.0
111463,0,0.052602832,67,0,37.0,,4,0,0,0,0.0
111464,1,0.973647598,49,0,0.544502618,4583.0,12,0,1,0,2.0
111465,0,0.21859695199999998,64,0,0.414579717,4032.0,7,0,2,0,0.0
111469,0,0.007683603000000001,43,0,0.139188865,12500.0,20,0,2,0,0.0
111472,0,0.016056258,33,0,0.7371079770000001,4750.0,12,0,4,0,1.0
111473,0,0.04022998,86,0,0.259246918,3000.0,11,0,0,0,0.0
111474,0,0.008067243,76,0,0.29029571,2400.0,8,0,1,0,0.0
111475,0,0.0,75,0,0.0,745.0,4,0,0,0,0.0
111477,0,0.417210491,47,0,0.114769345,5375.0,6,0,0,0,2.0
111478,0,0.298077095,49,0,2224.0,,7,0,2,0,2.0
111479,0,0.10272896,52,0,2.174129353,200.0,14,0,0,0,3.0
111480,0,0.07137742700000001,57,0,0.28171871600000004,13800.0,15,0,2,0,3.0
111481,0,0.024262571,35,0,0.568848758,3100.0,10,0,2,0,1.0
111483,0,0.7747140379999999,53,0,0.371553885,14363.0,12,0,2,0,1.0
111486,0,0.038775666,53,0,0.36962314399999996,2626.0,11,0,1,1,0.0
111487,0,0.04300373,78,0,0.013747852,6400.0,5,0,0,0,0.0
111488,0,0.00713499,75,0,0.11837862699999999,2170.0,10,0,1,0,0.0
111489,0,0.328933493,57,0,0.250197827,13900.0,7,0,1,0,2.0
111491,0,0.011863097,74,0,0.000885515,7904.0,3,0,0,0,0.0
111493,0,0.022190067,34,0,0.45737883700000004,6416.0,17,0,1,0,1.0
111496,0,0.074878029,60,0,795.0,,21,0,0,0,0.0
111497,0,0.153402118,65,0,1296.0,,4,0,1,0,0.0
111499,0,0.026517022999999997,62,0,137.0,,5,0,1,0,0.0
111500,0,0.018108432,69,0,1.4156316269999998,3300.0,13,1,2,0,0.0
111501,0,0.238211127,67,0,0.15237968300000002,7500.0,11,0,0,0,1.0
111502,1,0.5824112779999999,35,0,0.5573005089999999,2355.0,6,0,1,0,1.0
111503,1,0.942814444,49,0,0.588039234,10500.0,8,0,1,0,2.0
111504,0,0.9999998999999999,48,1,0.342346579,4252.0,2,1,1,0,2.0
111506,0,0.077323175,67,0,0.47361605700000003,3088.0,8,0,1,0,0.0
111507,0,0.069053637,59,0,0.066207269,7400.0,5,0,1,0,0.0
111508,0,0.30139452,65,0,3588.0,,7,0,1,0,0.0
111510,0,0.39076365399999996,60,0,6160.0,,13,0,2,0,2.0
111512,0,0.225495315,75,0,0.38457846700000003,6250.0,16,0,1,0,0.0
111514,0,0.0,41,0,0.17393180800000002,6950.0,7,0,1,0,2.0
111515,0,0.9999998999999999,29,0,0.0,3750.0,0,0,0,0,0.0
111516,0,0.103936001,51,0,0.329204596,6700.0,10,0,2,0,2.0
111517,0,0.050115532000000004,55,0,75.0,,17,0,0,0,0.0
111520,0,0.5216722429999999,38,2,1.224955009,1666.0,19,0,1,0,0.0
111521,0,0.014140844,59,0,0.352561144,4333.0,6,0,1,0,2.0
111522,0,0.289410395,52,0,0.254516366,15000.0,9,0,2,0,2.0
111523,0,0.019786452,63,0,0.517510813,7166.0,12,0,2,1,1.0
111524,0,0.032971644,62,0,3086.0,,14,0,1,0,0.0
111526,0,0.049557671,68,0,35.0,,5,0,0,0,
111527,0,0.021938064,40,0,0.455705344,4153.0,5,0,1,0,1.0
111528,0,0.0,88,0,47.0,,4,0,0,0,
111529,0,0.018959621,70,0,0.109270104,7000.0,13,0,0,0,0.0
111530,0,0.9999998999999999,32,1,2889.0,,10,0,1,0,1.0
111531,0,0.9999998999999999,29,0,0.0,1912.0,0,0,0,0,0.0
111533,0,0.005367856,46,0,1132.0,,8,0,1,0,0.0
111534,0,0.0,44,0,2.1014626919999997,5400.0,10,0,4,0,1.0
111535,0,0.013313035,61,0,0.184090575,6800.0,12,1,1,0,0.0
111536,0,0.19143611800000002,63,0,3196.0,,8,0,1,0,0.0
111537,1,0.9999998999999999,34,0,0.0,3916.0,0,1,0,0,1.0
111538,0,0.58840916,52,0,0.361833597,6958.0,8,0,2,0,0.0
111539,0,0.14675413,60,0,0.050593239000000005,13400.0,5,0,0,0,0.0
111540,0,0.098817717,38,0,0.42130819799999997,3500.0,4,0,1,0,0.0
111541,0,0.118907544,77,1,0.16281062599999999,3500.0,6,0,0,0,1.0
111542,0,0.159875825,49,0,631.0,0.0,8,0,0,0,2.0
111543,0,0.33632409799999996,62,0,2294.0,,8,0,1,0,0.0
111544,0,0.9999998999999999,36,0,0.17709225899999997,3500.0,1,0,0,0,2.0
111545,0,0.120046944,75,0,727.0,,11,0,1,0,0.0
111546,0,0.63513381,59,0,0.144963759,4000.0,4,0,1,0,0.0
111548,0,0.028001817999999998,65,0,0.22924297899999999,3275.0,19,0,1,0,0.0
111549,0,0.24096468899999998,65,1,0.230276972,10000.0,9,0,1,0,1.0
111550,0,0.027801336,69,0,0.217190507,7794.0,20,0,1,0,0.0
111552,0,0.016032418,60,0,0.176428699,11233.0,13,0,1,0,1.0
111555,0,0.113448947,49,0,0.336836709,3900.0,10,1,2,0,2.0
111556,0,0.363323028,43,0,3497.0,,12,0,1,0,3.0
111557,0,0.255753516,39,0,0.268602192,5200.0,7,0,1,0,3.0
111558,0,0.046001442000000003,60,0,3.7370103919999997,1250.0,19,0,2,0,1.0
111559,0,0.24401687100000002,45,0,0.47768989700000003,6700.0,13,0,2,0,0.0
111560,0,0.008639515,63,0,989.0,,9,0,1,0,0.0
111562,0,0.380033065,39,0,0.39465627600000003,3592.0,6,0,1,0,1.0
111564,0,0.228118751,27,0,575.0,,3,0,0,0,0.0
111566,0,0.019772477,47,0,0.263645096,11450.0,24,0,2,0,1.0
111570,0,0.0,60,0,0.0,3656.0,3,0,0,0,0.0
111571,0,0.015624426,63,0,4732.0,,8,0,3,0,0.0
111572,0,0.0,71,0,0.368584759,4500.0,6,0,1,0,0.0
111573,0,0.05459727,33,0,1182.0,,8,0,0,0,0.0
111576,0,0.9999998999999999,39,0,0.39025406100000004,2400.0,5,0,2,0,0.0
111577,0,0.00018517799999999998,62,0,9567.0,,13,0,8,0,0.0
111578,0,0.22233473899999998,45,0,0.7177974429999999,3050.0,24,0,1,0,1.0
111581,0,0.200211305,41,0,0.186454113,11353.0,8,0,1,0,0.0
111582,0,0.0,45,0,1365.0,,5,0,1,0,0.0
111583,0,0.103282039,54,0,0.186817672,9800.0,10,0,1,0,1.0
111584,0,0.9984054490000001,47,0,0.36752644700000003,8412.0,7,0,1,0,0.0
111587,0,0.24899828899999998,60,0,4652.0,,15,0,3,0,1.0
111589,0,0.043912176,23,0,85.0,,3,0,0,0,
111590,0,0.022919207,65,0,1580.0,,9,0,1,0,
111593,0,0.333511109,49,0,0.25420241,40333.0,12,0,2,0,3.0
111594,0,0.0,50,0,0.358836086,8900.0,8,0,1,0,0.0
111595,0,0.9999998999999999,26,0,0.008132285,3688.0,4,0,0,0,0.0
111596,0,0.191476065,33,0,0.141362867,6500.0,11,0,0,0,0.0
111597,0,0.977084288,42,0,3337.0,,4,0,2,0,0.0
111599,0,0.9999998999999999,42,0,0.0,3750.0,1,0,0,0,2.0
111600,0,0.036609752,84,0,0.15567282300000002,1136.0,3,0,0,0,0.0
111601,0,0.828343313,36,1,0.611580765,11000.0,4,0,1,0,0.0
111602,1,0.351511422,31,1,0.259513984,2180.0,4,0,0,0,0.0
111603,0,0.6847826090000001,45,0,0.038121596,11200.0,4,0,0,0,0.0
111604,0,0.648785583,44,0,0.240317776,12083.0,6,0,1,0,3.0
111605,0,1.0269973,34,0,0.065517975,4700.0,1,0,0,0,0.0
111606,0,0.149781789,61,0,0.130344306,5285.0,2,0,0,0,0.0
111609,0,0.658835417,44,0,1164.0,,10,0,0,0,0.0
111610,0,0.878640511,38,1,0.23968322399999997,18561.0,11,0,1,0,3.0
111613,0,0.241847471,59,0,5617.0,,11,0,2,0,
111614,0,0.005122783,42,0,1608.0,,14,0,1,0,1.0
111615,0,0.23525901,62,0,0.677957533,3955.0,9,0,1,0,0.0
111616,0,2.8499999999999998e-05,37,0,0.0,4122.0,12,0,0,0,3.0
111618,0,0.479927284,67,0,683.0,,10,0,1,0,0.0
111619,0,0.11907837199999999,47,0,0.472905419,5000.0,10,0,1,0,0.0
111620,0,0.044924637999999996,32,1,0.339932014,5000.0,7,0,1,0,0.0
111625,0,0.94483793,26,0,533.0,,6,0,0,0,
111626,0,0.11039264,40,0,1032.0,,6,0,1,0,0.0
111627,0,0.279576275,61,0,0.331777778,4499.0,7,0,1,0,0.0
111628,0,0.9999998999999999,31,0,4.425249169,300.0,3,1,1,1,0.0
111630,0,0.10589304699999999,51,2,0.7512274959999999,610.0,13,0,0,0,0.0
111631,1,1.035928144,22,0,0.00394633,3800.0,1,0,0,0,0.0
111632,1,0.208120329,58,0,0.189450095,5800.0,11,0,0,0,1.0
111634,0,0.49361757,65,0,0.651330627,6650.0,10,0,1,0,0.0
111635,0,0.029850746,53,1,0.276513525,4657.0,3,0,1,0,2.0
111636,0,1.045349731,60,2,1497.0,,9,0,1,0,0.0
111637,0,0.078131695,24,0,0.022790883999999997,2500.0,5,0,0,0,0.0
111638,0,0.066116091,56,0,994.0,,5,0,1,0,0.0
111640,0,0.20047997,40,1,0.769565217,2989.0,16,0,1,0,1.0
111642,0,0.33008743,29,0,0.24921135600000002,950.0,6,0,0,0,0.0
111643,0,0.479809851,40,0,0.792080288,9166.0,15,0,4,0,2.0
111644,0,0.253032962,74,0,0.732042167,4078.0,9,0,1,0,0.0
111645,0,0.43611883799999995,63,1,1.2130859059999999,6250.0,20,0,1,0,1.0
111646,0,0.087426525,52,0,0.164069391,3400.0,5,0,1,0,2.0
111647,0,0.198572268,38,0,0.297770223,10000.0,16,0,2,0,2.0
111649,0,0.015011916,41,0,0.106904825,3750.0,7,0,0,0,1.0
111651,1,0.036273323999999996,50,0,0.206745581,6166.0,5,0,1,0,3.0
111652,0,0.024316688,27,0,1.002855103,1400.0,5,0,1,0,0.0
111653,0,0.9999998999999999,53,0,0.811053985,2333.0,9,0,1,0,0.0
111654,0,0.168125432,56,0,0.269216348,8000.0,14,0,1,0,3.0
111656,0,0.326067547,47,0,0.41010427899999996,5561.0,14,0,1,0,3.0
111658,0,0.046928073,40,0,1387.0,,10,0,1,0,0.0
111662,0,4591.0,54,0,137.0,,6,0,0,0,0.0
111665,0,0.032057202,62,0,500.0,,5,0,1,0,0.0
111667,0,0.9999998999999999,32,0,0.321753986,5267.0,9,0,1,0,1.0
111668,1,0.865172087,49,7,0.291270873,10000.0,16,4,2,3,0.0
111669,0,0.124300261,42,0,0.32965362800000003,12500.0,9,0,2,0,2.0
111670,0,0.023712465,65,0,0.345942343,6000.0,10,0,2,0,1.0
111672,0,0.292823557,62,0,0.31906333800000003,9693.0,17,0,1,0,0.0
111673,0,1.118752499,38,3,0.411931345,6000.0,9,1,1,4,2.0
111674,0,0.001474767,57,0,657.0,,5,0,1,0,2.0
111675,0,0.296544036,37,0,0.561074664,3200.0,5,0,1,0,0.0
111678,0,0.079867247,79,0,0.017094017,3509.0,3,0,0,0,0.0
111679,0,0.14431744,41,0,0.294911397,6150.0,10,0,2,0,2.0
111681,0,0.147588793,36,1,0.7965304320000001,3400.0,10,0,2,0,0.0
111682,0,0.297835108,60,0,1.100656455,2741.0,5,0,2,0,0.0
111683,0,0.556494864,28,2,0.171746493,6200.0,7,1,0,0,0.0
111685,0,0.287709586,56,0,1.0508936690000001,3300.0,14,0,3,0,0.0
111686,0,0.24483775800000002,57,1,1121.0,,7,0,1,0,0.0
111687,0,0.031660564,67,0,0.34707646200000003,1333.0,8,0,0,0,0.0
111690,0,0.0231954,76,0,0.04799616,8333.0,6,0,0,0,0.0
111692,0,0.12221679,51,0,1479.0,0.0,7,0,1,0,0.0
111693,0,0.278738754,49,0,0.45197068700000004,5048.0,12,0,1,0,2.0
111694,0,0.0,53,0,0.597616865,12000.0,6,0,2,0,2.0
111696,0,0.370305461,28,0,0.595032397,8333.0,12,0,2,0,0.0
111698,0,0.377379777,56,0,0.412807676,4793.0,14,0,1,0,0.0
111699,0,0.058667843,28,0,0.166461916,3255.0,3,0,0,0,0.0
111700,0,0.0,28,0,0.309027137,5416.0,7,0,1,0,1.0
111701,0,0.00519896,43,0,0.0,3000.0,1,0,0,0,0.0
111702,0,0.0,87,0,0.0,2545.0,6,0,0,0,0.0
111703,0,0.465578384,62,0,0.68560905,3800.0,14,0,0,0,0.0
111704,0,0.014743043999999999,52,0,0.037499063,40000.0,7,0,1,0,2.0
111705,1,0.08987161199999999,22,0,0.002217295,450.0,1,0,0,0,0.0
111706,0,0.0,63,0,5.0,,11,0,0,0,0.0
111708,0,0.809748646,46,0,0.5157651879999999,3900.0,12,0,1,0,2.0
111709,0,0.141029673,48,0,0.7423915390000001,9265.0,13,0,3,0,1.0
111711,0,0.026665185,49,0,726.0,,6,0,1,0,
111712,0,0.121710422,47,1,0.021706017,5251.0,3,0,0,0,2.0
111714,0,0.03863961,53,0,0.304339385,10300.0,10,0,1,0,0.0
111715,0,0.007192476,82,0,10.0,,4,0,0,0,
111716,0,0.071309805,48,0,0.18088264399999998,15158.0,11,0,2,0,3.0
111717,0,0.21940422399999998,53,0,0.37304728200000004,4800.0,15,0,1,0,0.0
111719,0,0.6829158540000001,43,0,0.32631578899999997,9499.0,4,0,2,0,3.0
111720,0,0.9073539209999999,53,0,0.295234922,3000.0,14,0,0,0,1.0
111722,0,0.695823918,67,1,0.333862914,17623.0,17,0,2,0,0.0
111723,0,0.077098073,69,0,1567.0,,2,0,1,0,0.0
111724,0,0.7770740979999999,52,0,0.26701003,3688.0,3,0,0,0,2.0
111726,0,0.490879081,32,0,0.728804043,3561.0,15,0,1,0,0.0
111728,0,0.036491669,55,0,0.453634669,8583.0,12,0,4,0,0.0
111729,0,0.7977687240000001,59,1,1650.0,,16,0,0,1,0.0
111730,0,0.055850548,53,0,0.008845916,4860.0,2,0,0,0,1.0
111732,0,0.09259139,60,0,0.34714762299999996,17686.0,6,0,1,0,0.0
111733,0,0.771279752,43,0,0.204975598,8400.0,4,0,1,0,0.0
111734,1,1.1395348840000001,25,1,0.36067297600000003,950.0,2,0,0,0,0.0
111735,0,0.270838721,46,0,0.340667875,7725.0,6,0,2,0,3.0
111738,1,0.372048304,55,0,0.121141863,6900.0,6,2,0,2,2.0
111739,0,0.0,35,0,0.281830628,5112.0,11,0,1,0,0.0
111740,0,0.341131774,52,0,0.50209958,3333.0,9,0,2,0,1.0
111741,0,0.23068354,71,0,0.607886905,1343.0,10,0,0,0,0.0
111742,0,0.36743784399999996,48,1,3177.0,,11,0,1,0,0.0
111743,0,0.737262737,33,0,0.002618736,8400.0,2,0,0,0,0.0
111745,0,0.9999998999999999,58,0,1.0,,2,0,0,0,2.0
111746,0,0.600813843,57,0,0.2570967,12998.0,23,0,3,0,4.0
111748,0,0.0,59,0,0.34289469200000006,17500.0,8,0,1,0,2.0
111750,0,0.150816838,70,0,1348.0,,15,0,2,0,0.0
111753,0,0.264203756,46,0,370.0,0.0,2,0,0,0,2.0
111754,0,0.5653520870000001,57,0,0.327097559,10690.0,17,0,2,0,3.0
111755,0,0.9999998999999999,42,0,0.860342345,6250.0,9,0,4,0,1.0
111756,0,0.671570455,53,0,4090.0,,13,0,5,0,0.0
111758,0,0.700964325,58,2,0.192180425,11483.0,14,0,0,0,0.0
111759,0,0.9999998999999999,23,0,0.151658768,3586.0,1,0,0,0,1.0
111761,0,0.003645023,48,0,0.21188941100000003,9150.0,4,0,1,0,3.0
111762,0,0.041766708,78,0,69.0,,4,0,0,0,
111763,0,0.186792528,63,0,5554.0,,16,0,3,0,0.0
111764,0,0.052251075,51,0,0.199118148,9978.0,11,0,1,0,0.0
111765,0,0.006224922,53,0,0.226361449,13716.0,14,0,2,0,1.0
111766,0,0.027361148999999998,36,0,9.0,,2,0,0,0,2.0
111767,0,0.045506722,61,0,0.602102295,7800.0,15,0,2,0,1.0
111770,0,0.026264916,81,0,0.22183211,9398.0,9,0,1,0,0.0
111771,0,0.042443500999999995,65,0,0.064690027,2225.0,6,0,0,0,0.0
111772,0,0.698273988,47,0,0.41494411299999995,6530.0,9,0,3,0,1.0
111773,0,0.004049874,40,0,0.43815953700000004,17625.0,14,0,2,0,2.0
111774,0,0.208917632,61,0,0.663451834,8916.0,15,0,2,0,0.0
111775,0,0.174243777,59,0,0.30873446,6273.0,6,0,2,0,2.0
111776,0,0.02955882,62,0,1029.0,0.0,8,0,2,0,0.0
111777,0,0.035115932,49,0,888.0,,8,0,1,0,0.0
111779,0,0.0,65,0,449.0,,2,0,0,0,0.0
111780,0,0.0,38,0,5120.0,,8,0,3,0,1.0
111784,1,0.696521391,26,2,0.475873544,600.0,5,0,0,0,0.0
111785,0,0.9999998999999999,34,0,0.178401068,5240.0,3,1,0,0,0.0
111786,0,0.9999998999999999,56,0,19.0,,1,1,0,0,0.0
111789,0,0.054455835,80,0,2053.0,,10,0,1,0,0.0
111791,0,0.87350009,52,0,0.247346562,6500.0,10,0,0,0,1.0
111792,0,0.546460794,39,0,0.651813767,3500.0,10,0,1,0,0.0
111793,0,1.065947147,44,1,0.7499220940000001,6417.0,10,0,3,0,0.0
111794,0,0.0,51,2,0.262521589,11000.0,5,1,1,0,1.0
111796,0,0.08407632699999999,36,1,2730.0,,5,0,2,0,1.0
111797,0,0.9999998999999999,37,2,0.40068174799999995,3226.0,4,0,1,0,2.0
111798,0,0.046846449000000005,43,0,0.252815493,9500.0,8,0,2,0,4.0
111799,0,0.052316162,55,0,1443.0,,10,0,1,0,0.0
111800,0,0.420878956,43,0,0.7245879120000001,1455.0,7,0,1,0,0.0
111802,0,0.00309617,62,0,0.01169883,10000.0,7,0,0,0,1.0
111803,0,0.269910831,46,0,0.36244167200000005,10500.0,6,0,1,0,2.0
111804,0,0.94023357,46,2,0.358165103,10550.0,9,0,2,0,1.0
111806,0,0.9999998999999999,39,0,0.048475762,2000.0,1,0,0,0,1.0
111807,1,0.9999998999999999,63,2,0.600337268,3557.0,10,0,2,0,0.0
111808,0,0.17404184399999997,30,0,0.44171165799999995,5000.0,6,0,1,0,0.0
111809,0,0.167502172,35,0,0.049397236,3400.0,3,0,0,0,1.0
111810,0,0.5468226589999999,54,0,0.24548272,17100.0,11,0,4,0,2.0
111811,0,0.0,33,0,0.179117269,7000.0,7,0,1,0,0.0
111812,0,0.097724496,48,0,0.683697265,4716.0,11,0,2,0,4.0
111814,0,0.0,39,0,0.286580895,15000.0,6,0,1,0,5.0
111815,0,0.660261337,28,0,0.157127622,5625.0,6,0,0,0,0.0
111817,0,0.45621044899999996,31,1,1130.0,,8,0,0,0,1.0
111818,1,0.9999998999999999,28,0,157.0,,1,5,0,0,0.0
111822,0,0.150877447,74,0,3894.0,,19,0,3,0,0.0
111823,0,0.349040694,61,0,0.29940010899999997,5500.0,15,1,0,1,2.0
111824,0,0.043406952,68,0,0.010944467,7400.0,3,0,0,0,1.0
111827,0,0.23517017199999998,33,0,0.863467581,3500.0,9,0,1,0,1.0
111828,0,0.24275145,46,0,0.29233263800000003,8633.0,4,0,1,0,0.0
111830,0,0.0,54,0,4443.0,,11,0,2,0,
111835,0,0.033138279,78,0,0.020326558,3000.0,7,0,0,0,0.0
111837,0,0.012761601000000001,45,0,0.058706336,7528.0,9,0,0,0,2.0
111838,0,0.9999998999999999,49,3,0.383223684,4255.0,5,0,2,0,3.0
111839,0,0.05069975,51,0,1.8494337109999999,1500.0,9,0,1,0,0.0
111840,0,0.9999998999999999,67,0,0.08123354599999999,2658.0,1,1,0,0,0.0
111841,0,0.53919172,58,0,0.503372164,11416.0,14,0,3,0,0.0
111844,1,0.42735042700000003,48,0,0.060338200999999994,2601.0,1,0,0,0,0.0
111845,0,0.06538222,38,0,0.338085827,7083.0,10,0,2,0,2.0
111846,0,0.060600836,84,0,41.0,,6,0,0,0,0.0
111847,0,0.30481664,57,0,0.34441162,4061.0,6,0,1,0,3.0
111848,0,0.048412912,57,0,3012.0,0.0,9,0,1,0,1.0
111849,0,0.045943594000000004,52,0,0.012757358,7916.0,12,0,0,0,1.0
111854,0,0.078576502,41,0,0.379895857,4416.0,7,0,1,0,2.0
111855,0,0.0,75,0,0.27548652,5600.0,7,0,1,0,2.0
111857,0,0.003482639,54,0,0.09365534199999999,12214.0,11,0,0,0,1.0
111858,0,0.137619344,53,0,0.492512479,6610.0,4,0,2,0,2.0
111859,0,0.24897925199999998,74,2,0.230699305,15400.0,8,0,2,0,1.0
111860,1,0.720797721,49,0,0.128540824,4200.0,3,2,0,0,1.0
111861,0,0.0,54,0,0.4540625,6399.0,15,0,1,0,2.0
111862,0,0.843473293,28,1,0.20341328399999997,4335.0,4,1,0,0,0.0
111863,0,0.9999998999999999,55,0,1357.0,,4,0,2,0,0.0
111864,0,0.16840972,47,0,2210.0,,3,0,1,0,3.0
111866,0,0.29630264,35,0,0.346430714,6667.0,17,0,2,0,2.0
111867,0,0.812767041,55,0,0.394644936,12025.0,12,0,2,0,2.0
111870,0,0.028985507,23,0,0.027027027000000002,2700.0,5,0,0,1,0.0
111873,0,0.043460518,29,1,0.191452137,4000.0,5,1,0,0,0.0
111874,0,0.274562091,52,0,0.22642547600000001,14538.0,17,0,2,0,1.0
111875,0,0.418290355,55,1,0.106198623,4500.0,12,0,0,1,0.0
111876,0,0.36412864799999994,41,0,2107.0,,5,0,1,0,1.0
111878,0,0.47424210299999997,52,2,0.557583659,2300.0,12,0,0,0,0.0
111879,0,0.9999998999999999,43,0,2084.0,,1,0,1,0,0.0
111880,0,0.010210528,56,0,0.27967433199999997,7000.0,26,0,3,0,0.0
111881,0,0.176912232,44,1,0.46092317899999996,6000.0,15,0,2,0,3.0
111882,0,0.9999998999999999,27,0,89.0,,1,1,0,0,0.0
111884,0,0.05067498,78,0,0.017483716,2916.0,5,0,0,0,0.0
111885,0,0.45447159600000003,39,0,0.315263275,4500.0,13,0,1,0,3.0
111886,0,0.557515279,70,0,0.320534796,2916.0,7,0,1,0,0.0
111887,0,0.9999998999999999,63,0,0.011078087,3700.0,1,1,0,0,0.0
111888,0,0.940291586,42,0,0.161908204,8300.0,3,0,0,0,4.0
111889,0,0.13451628699999998,51,0,0.32205215,13000.0,12,0,1,0,4.0
111891,0,0.9130045790000001,73,0,0.372542486,3000.0,6,0,0,0,0.0
111893,0,0.003421988,63,0,0.025432017999999997,9200.0,9,0,0,0,2.0
111894,0,0.039761537,44,0,0.776805799,4000.0,23,0,4,0,2.0
111898,0,0.0,40,0,0.50668495,8750.0,4,0,1,0,0.0
111901,0,0.006080043,57,0,0.10755171699999999,9957.0,8,0,1,0,0.0
111902,0,0.002430404,57,0,0.064903191,11000.0,15,0,0,0,0.0
111905,0,0.18174470399999998,60,0,0.6871779090000001,13000.0,23,0,5,0,0.0
111908,0,0.002232454,36,1,0.000453926,2202.0,3,0,0,0,4.0
111909,0,0.022051471,59,0,12.0,,6,0,0,0,
111911,0,0.0,34,0,1471.0,,6,0,2,0,0.0
111912,0,0.12655433300000002,47,1,0.37584672,5166.0,11,0,2,0,0.0
111913,0,0.005491475,44,0,0.0026619340000000003,2253.0,5,0,0,0,1.0
111914,0,0.0,31,0,0.023421879,3500.0,6,0,0,0,0.0
111917,0,0.041505599,51,0,0.40939180799999997,4833.0,11,0,1,0,2.0
111918,0,0.5370872839999999,48,0,0.32118702600000004,7244.0,8,0,2,0,0.0
111920,0,0.021547851,76,0,0.341664584,4000.0,20,0,2,0,0.0
111922,0,0.874612539,40,0,0.277284359,6642.0,4,0,0,0,3.0
111924,0,0.003326998,80,0,0.061723149000000005,9412.0,20,0,1,0,0.0
111925,0,0.187200334,67,0,1512.0,,5,0,0,0,0.0
111927,0,1.466550825,42,4,0.366161616,2375.0,6,5,0,0,3.0
111928,0,0.091339644,51,0,0.113528855,12683.0,15,0,1,0,0.0
111929,0,0.935706429,49,0,0.596337133,5350.0,10,0,1,0,3.0
111930,0,0.991152514,60,0,0.7893396979999999,6284.0,7,0,2,0,3.0
111931,0,0.061231292,50,0,1171.0,,4,0,1,0,0.0
111934,0,0.9216927690000001,27,0,0.078830994,5200.0,4,0,0,0,0.0
111935,0,0.057378699000000005,63,0,0.03309669,10000.0,6,0,0,0,1.0
111936,0,0.07855759,35,0,0.343302121,10465.0,10,0,2,0,3.0
111937,0,0.863713275,30,0,1.33735303,3316.0,14,0,2,0,0.0
111938,0,0.21890747600000002,58,0,0.497605109,5636.0,19,0,2,0,1.0
111939,0,0.664941672,43,0,0.13499554800000002,5614.0,5,0,0,0,3.0
111940,0,0.0,35,0,0.20124389199999998,2250.0,4,0,0,0,1.0
111942,0,0.01146532,73,0,1349.0,,7,0,1,0,0.0
111944,0,0.024772087999999998,89,2,0.052836485,1797.0,11,0,0,1,0.0
111946,0,0.106765915,48,0,2115.0,,4,0,1,0,1.0
111947,0,0.13295074099999998,47,1,0.16992753600000002,5519.0,9,0,0,0,0.0
111948,0,0.180301231,76,0,206.0,,5,0,0,0,0.0
111949,0,0.43012166399999996,65,0,1.792630341,2550.0,9,0,4,0,0.0
111950,0,0.561215826,71,0,2.519637462,661.0,7,0,1,1,0.0
111951,0,0.296967277,66,0,0.385128129,6750.0,12,0,2,0,0.0
111953,0,0.043298557,67,0,1055.0,0.0,6,0,1,0,0.0
111954,0,0.12099654300000001,67,0,1331.0,,4,0,1,0,0.0
111955,0,0.0,59,0,0.13841868400000001,9333.0,8,0,1,0,1.0
111956,0,0.00938066,41,0,0.101554566,12800.0,10,0,2,0,2.0
111957,0,0.014748156,37,0,0.14439699,4916.0,9,0,0,0,3.0
111958,0,0.045095529,73,0,2368.0,,11,1,1,0,0.0
111960,0,0.43604265299999995,69,0,0.414636989,8580.0,7,0,2,0,0.0
111961,0,0.000349195,32,0,0.145168157,11744.0,9,0,2,0,2.0
111962,0,0.123859518,46,1,0.07993261,5341.0,3,0,1,0,0.0
111964,0,0.02569132,68,0,21.0,,4,0,0,0,0.0
111965,1,0.9999998999999999,45,0,0.332472007,1160.0,8,0,0,0,1.0
111966,0,0.063013044,57,0,3841.0,,16,0,2,0,0.0
111967,0,0.014034814,65,0,2382.0,,6,0,2,1,1.0
111968,0,0.01028872,59,0,10.0,,4,0,0,0,0.0
111969,0,0.079705758,81,0,0.11623547099999999,8000.0,34,0,1,0,0.0
111970,0,0.34434276700000005,45,0,0.407918416,3333.0,5,0,2,0,0.0
111971,0,0.730719068,38,0,0.429669485,5203.0,5,0,1,0,1.0
111972,0,0.27202999,59,0,0.219493594,6555.0,11,0,0,0,0.0
111974,0,0.639249038,42,1,0.259114252,19666.0,10,0,1,0,3.0
111975,0,0.18679533,64,0,223.0,0.0,5,0,0,0,0.0
111976,0,0.20357013699999998,39,0,0.132285714,13999.0,9,0,1,0,3.0
111977,0,0.000285673,36,0,0.40108179,6100.0,5,0,1,0,0.0
111978,0,0.997200373,64,0,0.039922657,17583.0,3,0,0,0,0.0
111979,0,0.292849035,56,0,167.0,,3,0,0,0,1.0
111981,0,0.842564302,53,3,0.27507249300000003,10000.0,7,0,1,0,1.0
111982,0,0.059300121,42,0,124.0,,6,0,0,0,0.0
111983,0,0.076601088,48,0,0.014873141000000001,8000.0,5,0,0,0,3.0
111985,0,0.046849141,60,0,0.26910441399999996,7000.0,10,0,2,0,0.0
111987,0,0.005729158000000001,56,0,0.368898978,6166.0,20,0,2,0,3.0
111989,0,0.09214629699999999,43,0,0.686847104,4211.0,14,0,1,0,1.0
111990,0,0.030851326000000002,52,0,0.18964899699999999,5583.0,10,0,1,0,0.0
111991,0,0.002307612,40,0,0.575935437,4088.0,6,0,1,0,3.0
111992,0,0.032184891,48,0,1891.0,,17,0,1,0,0.0
111993,0,0.256445655,53,0,0.251895675,12000.0,8,0,1,0,0.0
111995,0,0.9999998999999999,29,0,0.0,5750.0,0,0,0,0,1.0
111996,1,0.8628428929999999,47,1,0.046613443,7765.0,4,4,0,1,1.0
111997,0,0.352905081,46,0,0.185251506,12285.0,12,0,1,0,0.0
111998,0,0.701364973,63,0,0.161979753,20446.0,11,0,1,0,0.0
111999,0,0.359381565,33,0,0.183799026,3900.0,2,0,0,0,0.0
112000,0,1.04532729,43,0,0.264159924,2100.0,4,0,0,0,2.0
112001,0,0.058511932,64,0,0.021985342999999997,3001.0,9,0,0,0,0.0
112003,0,0.9999998999999999,62,2,433.0,,9,0,0,0,0.0
112004,0,0.053670370999999994,70,0,49.0,,4,0,0,0,0.0
112005,0,0.0,60,0,0.51747712,9068.0,9,0,2,0,0.0
112007,0,0.9999998999999999,23,0,0.099450275,2000.0,2,0,0,0,0.0
112008,0,0.027870155,58,1,2136.0,,19,0,1,0,2.0
112009,0,0.167309979,42,0,0.524721134,6633.0,8,0,2,0,1.0
112011,0,0.153905325,67,0,0.27311674399999997,2800.0,8,0,1,0,0.0
112013,0,0.012489367,35,1,0.075066276,7166.0,9,0,0,0,0.0
112015,0,0.7777740740000001,64,0,0.703074141,2764.0,7,0,2,1,1.0
112017,0,0.646340757,53,0,3307.0,,12,0,0,0,0.0
112018,0,0.025397572,46,0,0.59460135,4000.0,13,0,2,0,0.0
112019,0,0.164986569,38,0,517.0,1.0,9,0,1,0,0.0
112020,0,0.404515355,37,0,0.164996145,2593.0,5,0,0,0,1.0
112021,0,0.035156661,63,0,2964.0,,4,0,1,0,1.0
112023,0,0.8536292740000001,56,0,0.40244498799999995,2044.0,7,0,0,0,0.0
112024,0,0.21701292,60,1,0.332914748,7166.0,23,0,2,0,1.0
112025,0,0.0010229430000000001,65,0,0.073321113,6000.0,10,0,0,0,0.0
112026,0,0.0,62,1,1997.0,,11,0,1,0,5.0
112027,0,0.881452782,49,6,0.766088137,14000.0,11,1,3,2,0.0
112028,0,0.0,33,0,0.152096903,8750.0,5,0,1,0,2.0
112030,0,0.006259578000000001,69,0,0.147704591,2003.0,6,0,0,0,0.0
112031,0,0.0061472390000000005,44,0,2549.0,,9,0,1,0,0.0
112032,1,0.509157111,55,1,0.423597679,2584.0,11,1,0,0,0.0
112033,0,0.833804891,45,0,0.45549909899999996,6100.0,11,0,1,0,1.0
112034,0,0.132344902,59,0,0.944350548,15974.0,16,0,7,0,1.0
112036,0,0.067276625,66,0,0.21881810000000002,7800.0,17,0,1,0,1.0
112040,0,0.007945379,79,0,264.0,,5,0,1,0,0.0
112041,0,0.0072055290000000004,39,0,0.548619448,3331.0,9,0,2,0,3.0
112042,0,0.013588035,85,0,0.151314173,4070.0,7,0,1,0,0.0
112043,0,0.131643929,60,0,0.176091195,20000.0,11,0,2,0,2.0
112044,1,0.92823081,57,0,0.719571231,5783.0,15,0,2,0,1.0
112046,0,0.0,68,0,0.0,2000.0,2,0,0,0,0.0
112047,0,0.429736694,39,3,3359.0,,14,0,2,0,0.0
112048,0,0.0,76,0,0.0,,9,0,0,0,
112049,0,0.279294152,60,0,0.371253107,6838.0,13,0,1,0,0.0
112051,0,0.026862711,65,0,3608.0,,12,0,2,0,0.0
112053,0,0.319734013,65,0,0.132347061,5001.0,2,0,0,0,0.0
112054,0,0.00039923199999999996,41,1,953.0,,7,0,1,0,0.0
112055,0,0.16924534300000002,64,0,1401.0,,4,0,1,0,0.0
112057,0,0.502449328,57,0,0.320398718,2808.0,5,0,0,0,1.0
112058,0,0.7693200570000001,86,0,0.544926004,3783.0,13,0,0,0,0.0
112063,0,0.9999998999999999,47,1,650.0,,2,0,0,0,0.0
112064,0,0.135507147,73,0,0.050463189000000006,4101.0,3,0,0,0,0.0
112065,0,0.133154674,71,0,0.071661889,15000.0,5,0,1,0,0.0
112067,0,0.018436834,62,0,0.17313511399999998,7600.0,9,0,1,0,0.0
112068,0,0.836431227,49,0,0.275216757,11648.0,11,0,2,1,2.0
112070,0,0.021314777000000003,49,0,0.44860973200000004,12083.0,15,0,2,0,2.0
112071,0,0.23279224,53,0,0.236119737,8050.0,9,0,2,0,0.0
112073,0,0.17739855300000001,81,0,0.303180347,5250.0,6,0,2,0,3.0
112074,0,0.069439465,44,2,0.98869729,6900.0,10,0,3,1,0.0
112077,0,0.014099295,48,0,0.523266679,5350.0,4,0,1,0,3.0
112078,0,0.036470159,57,0,0.018396321,5000.0,5,0,0,0,0.0
112079,0,0.030526899,64,0,0.296198055,7916.0,12,0,2,0,0.0
112081,0,0.379658988,35,0,0.165085875,3900.0,6,0,0,0,0.0
112082,0,0.047597018,49,0,0.257896841,2500.0,7,0,1,0,0.0
112083,0,0.161428311,37,0,0.42539649399999996,9583.0,11,0,2,0,1.0
112086,0,0.549049445,33,0,2.585350023,10784.0,9,0,0,0,0.0
112087,1,1.00208316,60,0,0.319447751,4200.0,10,2,1,0,0.0
112088,0,0.05593498,51,0,837.0,,7,0,1,0,0.0
112089,0,0.024121077999999997,37,0,0.476080603,6500.0,9,0,1,0,2.0
112091,0,0.570693717,39,0,2581.0,1.0,6,0,2,0,2.0
112092,0,0.012482048,50,3,1282.0,,7,0,1,0,0.0
112093,0,0.474179775,55,0,0.5640878429999999,6966.0,14,0,1,0,1.0
112094,0,0.422467288,51,0,0.43076049899999996,1761.0,10,0,0,0,2.0
112095,0,0.043743039000000004,45,0,1638.0,,8,0,1,0,0.0
112098,0,0.037081832,53,0,88.0,,11,0,0,0,0.0
112099,0,0.234890023,58,0,0.617788966,4766.0,10,0,2,1,0.0
112100,0,0.658371401,49,0,0.37090281799999997,10433.0,18,4,1,0,1.0
112101,0,0.028568641000000002,42,0,5843.0,,9,0,3,0,0.0
112102,0,0.278990257,42,0,0.269028508,3612.0,13,0,0,0,0.0
112103,0,0.01953334,79,0,0.372073101,3501.0,14,0,1,0,0.0
112104,0,0.032520325,46,0,0.260836958,6666.0,5,0,2,0,0.0
112105,0,0.005803993,92,0,24.0,,7,0,0,0,
112106,0,0.053445763,60,1,0.838472033,3664.0,25,0,2,0,1.0
112107,0,0.258741259,25,0,0.0030605999999999997,4900.0,3,0,0,0,0.0
112109,0,0.322570566,31,1,0.16435313699999998,1800.0,7,0,0,0,1.0
112110,0,0.9999998999999999,22,98,0.0,0.0,0,98,0,98,0.0
112111,0,0.0,51,0,1656.0,,5,0,1,0,0.0
112112,0,0.30594322,33,0,0.255186203,4000.0,8,0,0,1,1.0
112113,0,0.061466973,63,0,0.131672598,5900.0,3,0,1,0,1.0
112114,0,0.014282575,68,0,818.0,,13,0,1,0,0.0
112116,0,0.16358003,49,0,0.43126939200000003,7412.0,6,0,2,0,2.0
112118,0,0.544197426,33,0,0.19026991,3000.0,5,0,1,0,1.0
112121,0,1.023133544,42,0,0.136649685,6673.0,4,2,0,2,2.0
112123,0,0.502021191,63,0,0.78216484,6660.0,14,0,2,0,4.0
112124,0,0.046097135,57,0,0.046635576,1500.0,7,0,0,0,0.0
112126,0,0.6464902339999999,83,0,290.0,,4,0,0,0,
112127,0,0.0,41,0,6.0,,10,0,0,0,0.0
112131,0,0.954124393,47,4,2366.0,,7,2,1,1,0.0
112132,0,0.84207847,44,0,0.565326062,4400.0,9,0,1,0,0.0
112133,0,0.033829465,50,0,0.591429267,4106.0,15,0,1,0,0.0
112134,0,0.0499002,22,0,0.0,0.0,1,0,0,0,0.0
112135,0,0.9621852059999999,35,0,0.609311255,4166.0,9,0,0,0,2.0
112137,0,0.46522188200000003,62,0,2365.0,,11,0,1,1,0.0
112138,0,0.034701800000000005,45,0,0.28992566,3900.0,3,0,1,0,1.0
112139,0,0.004020325999999999,63,0,2173.0,,7,0,1,0,0.0
112140,0,0.227245405,46,0,0.407434139,5541.0,12,0,1,0,2.0
112141,0,0.0,68,0,684.0,,5,0,1,0,
112142,0,0.7109938840000001,36,1,0.390777516,11883.0,8,0,1,0,3.0
112144,0,0.0,32,0,0.286844708,3032.0,5,0,0,0,0.0
112145,0,0.29814085,40,0,0.23215773399999998,3600.0,7,0,0,0,2.0
112146,1,0.9999998999999999,41,1,0.133297787,3750.0,2,3,0,1,0.0
112147,0,0.7387366190000001,65,0,0.481353326,2600.0,5,0,1,0,0.0
112149,0,0.558888076,50,1,2555.0,,4,0,2,0,0.0
112151,0,0.427607523,44,0,0.35320243100000004,12833.0,8,0,3,0,2.0
112152,0,0.016419348,58,0,0.022397014,7500.0,10,0,1,0,0.0
112153,0,0.037121017,63,1,81.0,,24,0,0,1,0.0
112154,0,0.008132591,61,0,0.14941044,30191.0,9,0,1,0,0.0
112156,0,0.203062935,52,0,0.42545682700000004,12750.0,20,0,3,0,4.0
112158,0,0.308196992,60,0,0.250480708,7800.0,6,1,1,0,1.0
112160,1,0.07698869700000001,65,0,0.510332349,10500.0,19,0,3,1,0.0
112162,0,0.003476025,29,0,958.0,,9,0,0,0,0.0
112163,0,0.0,78,0,633.0,,4,0,1,0,
112164,0,0.9999998999999999,78,0,0.0,5000.0,0,0,0,0,0.0
112165,0,0.371144652,39,0,0.44475920700000005,6000.0,14,0,2,0,1.0
112167,0,0.19196747399999997,31,0,0.273612614,6468.0,7,0,1,0,0.0
112169,1,0.9999998999999999,28,2,0.644142343,2500.0,7,1,1,0,1.0
112170,1,0.062742921,63,0,0.950269701,7600.0,7,0,3,0,2.0
112172,0,0.092264616,42,0,0.207904915,10600.0,5,0,1,0,2.0
112173,0,0.085222325,58,0,0.255937655,8083.0,9,0,2,0,0.0
112175,0,0.6987546590000001,32,0,0.159275684,2705.0,6,0,0,0,0.0
112177,0,0.41751649700000004,35,0,0.100612423,3428.0,3,0,0,0,0.0
112178,0,0.420047513,54,0,0.7791736459999999,3581.0,12,0,3,0,1.0
112179,0,0.00059996,71,0,18.0,,2,0,0,0,0.0
112180,0,0.026508079,88,0,0.026164486,12000.0,7,0,0,0,1.0
112182,0,0.8331668329999999,29,0,0.456206089,2134.0,7,0,0,0,0.0
112187,0,0.513087465,35,1,261.0,,3,0,0,0,
112188,0,0.7848101270000001,26,1,0.019433648,1800.0,2,1,0,0,0.0
112189,0,0.005636107,81,1,0.585624699,2072.0,3,0,1,0,0.0
112190,0,0.241777142,58,0,3416.0,,11,0,1,0,0.0
112191,0,0.9999998999999999,23,1,0.028017241000000002,1855.0,2,0,0,0,0.0
112193,0,0.0,52,0,1.048374613,2583.0,14,0,1,0,0.0
112196,0,0.20376270300000002,81,0,1107.0,,3,0,1,0,0.0
112197,0,0.000961501,69,0,0.0,6000.0,3,0,0,0,0.0
112200,0,0.230161063,48,0,4959.0,,26,0,2,0,3.0
112201,0,0.17531027899999999,46,0,0.546113472,4000.0,10,0,1,0,3.0
112203,0,0.10891025800000001,64,0,1832.0,,10,0,1,0,0.0
112204,0,0.492812641,44,0,0.428480068,4690.0,8,0,2,0,5.0
112206,0,0.09595235,49,0,0.04147926,2000.0,6,0,0,0,0.0
112207,0,0.011296396,55,0,0.230196645,9000.0,10,0,1,0,1.0
112209,0,0.060016027,40,0,2.163612129,3000.0,20,0,1,0,0.0
112210,0,0.55190097,54,0,1.740753082,3000.0,14,0,2,0,2.0
112211,0,0.11246516699999999,37,0,0.45436365100000004,12500.0,11,0,3,0,0.0
112212,0,0.129004329,53,0,0.040063996,15000.0,6,0,0,0,5.0
112213,0,0.05187958,84,0,0.098816864,6000.0,10,0,1,0,0.0
112214,0,0.112967908,65,0,0.18665555600000003,16800.0,13,0,2,0,2.0
112215,0,0.313481409,53,0,0.476540188,2450.0,13,0,1,0,1.0
112216,0,0.8061822390000001,34,0,0.9104477609999999,3416.0,12,0,2,0,2.0
112217,0,0.9999998999999999,24,98,0.0,,0,98,0,98,0.0
112218,0,0.9120439779999999,24,0,0.021110242,2557.0,2,0,0,0,0.0
112219,0,0.028694266,44,0,2727.0,,4,0,1,0,0.0
112220,0,0.54554897,58,0,1.507864569,3750.0,7,0,1,0,0.0
112221,0,0.061497205,62,0,94.0,,2,0,0,0,
112222,0,0.09390528699999999,64,0,0.99680064,5000.0,14,0,2,0,0.0
112224,0,0.034707053,55,0,0.190254174,6648.0,6,0,1,0,1.0
112226,0,0.053147343,62,0,0.004132782,7500.0,6,0,0,0,0.0
112227,0,0.405356347,58,0,995.0,,14,0,0,0,0.0
112228,0,0.9999998999999999,50,0,0.016463297,5162.0,1,0,0,0,2.0
112229,0,1.032983508,33,2,0.205267938,1100.0,6,0,0,0,1.0
112232,0,0.004674301,55,0,2317.0,,11,0,2,0,0.0
112233,0,0.048543248,58,0,1367.0,,5,0,1,0,0.0
112234,0,0.043006867000000004,54,0,0.264886756,20000.0,9,0,4,0,3.0
112235,0,0.054562409000000006,55,0,0.513702996,6275.0,11,0,1,0,4.0
112237,1,0.074792521,65,0,0.327674201,9600.0,9,0,2,0,0.0
112238,0,0.002142796,68,0,0.050550747,5083.0,3,0,0,0,0.0
112239,0,0.13693029,57,0,89.17402165,1200.0,11,0,0,0,0.0
112240,0,0.619957244,34,1,0.081480024,5080.0,5,0,0,0,2.0
112241,0,0.15841402599999999,49,0,0.193115344,13333.0,8,0,1,0,4.0
112242,0,0.025998700000000003,56,0,0.408318364,7236.0,6,0,2,0,2.0
112246,0,0.24399944399999998,70,0,3024.0,,11,0,2,0,0.0
112247,0,0.31067138699999997,78,1,0.236431554,4550.0,15,0,1,1,1.0
112248,0,0.245914753,48,0,0.219981238,6395.0,10,0,0,0,0.0
112251,0,0.011952392,55,0,0.42460099100000004,3633.0,10,0,2,0,0.0
112252,0,0.09942302199999999,53,0,0.401974066,5166.0,16,0,2,0,1.0
112253,0,0.006140628,62,0,0.251104394,4300.0,6,0,1,0,0.0
112254,0,0.010538033,71,0,1411.0,,9,0,1,0,0.0
112255,0,0.0,58,1,0.41291810799999995,2600.0,4,2,2,0,0.0
112256,0,0.95802099,23,1,61.0,,2,0,0,0,
112257,0,0.541166736,29,0,0.055687768,2100.0,2,0,0,0,0.0
112258,0,0.087495625,52,0,2870.0,,7,0,1,0,2.0
112259,0,0.079435845,37,0,0.18097113899999998,13200.0,7,0,2,0,3.0
112261,0,0.227594447,68,0,0.38813499100000004,14074.0,14,0,2,0,0.0
112262,0,0.020633811000000002,49,0,0.278921641,6750.0,12,1,0,0,4.0
112263,0,0.199539692,41,1,0.534108585,13500.0,18,0,2,0,2.0
112265,0,0.08784552,62,0,0.356074037,14100.0,11,0,1,1,1.0
112266,0,0.019332045,33,0,0.48270561100000003,1300.0,4,0,0,0,0.0
112267,0,0.697170347,45,0,0.355449699,8816.0,8,0,2,0,0.0
112268,0,0.294044148,59,1,0.753477051,2875.0,8,0,2,0,0.0
112270,0,1.042660725,47,1,0.9377720270000001,8500.0,12,0,2,1,2.0
112271,0,0.027427265,34,0,0.211433757,3305.0,8,0,1,0,0.0
112272,0,0.0,59,0,0.293320731,6347.0,8,0,1,0,0.0
112273,1,0.013062435,43,0,0.73765247,5000.0,12,2,2,0,1.0
112274,0,0.0,52,1,3.0794475689999996,14046.0,12,0,3,0,0.0
112275,0,0.10472984199999999,58,0,0.535966837,4100.0,6,0,1,0,0.0
112276,0,0.020042449,41,0,830.0,,6,0,1,0,0.0
112277,0,0.079857414,42,0,0.264773523,10000.0,6,0,1,0,1.0
112281,0,0.012197533,77,0,859.0,,17,0,1,0,0.0
112282,0,0.564870259,27,0,0.0036347109999999997,2200.0,1,0,0,0,1.0
112283,0,0.98840232,30,1,0.193761248,5000.0,9,0,0,0,0.0
112284,0,0.029216222000000003,59,0,0.27254944600000003,4600.0,10,0,1,0,2.0
112285,0,0.13842449699999998,44,0,3607.0,,15,0,2,0,0.0
112286,0,0.9999998999999999,35,0,0.006817406999999999,8800.0,1,0,0,0,1.0
112287,0,0.12297181900000001,38,0,0.430071241,8000.0,14,0,2,0,1.0
112288,0,0.9999998999999999,28,1,0.259606373,3200.0,2,1,0,0,1.0
112290,0,0.187570037,62,0,22.28808446,662.0,9,0,0,0,0.0
112291,0,0.01679916,60,0,10.0,,1,0,0,0,0.0
112293,0,0.025390725,70,0,0.468834026,4090.0,16,0,1,0,0.0
112296,0,0.574907776,66,1,0.13669452699999998,3708.0,10,0,0,0,0.0
112297,0,0.806839772,46,0,0.342754299,7500.0,8,0,1,0,2.0
112304,0,0.167680484,33,0,4364.0,,16,0,3,0,0.0
112305,0,0.006832881999999999,71,0,0.12562479199999999,3000.0,9,0,0,0,0.0
112306,0,0.17744623399999998,39,0,0.124487551,10000.0,11,0,2,0,2.0
112309,0,0.050307982,78,0,381.0,,7,0,1,0,0.0
112310,0,0.978667903,63,2,2417.0,,10,0,0,0,0.0
112311,0,0.348609706,61,1,2709.0,,12,0,1,0,2.0
112312,0,0.0,64,0,0.0,11750.0,5,0,0,0,0.0
112314,0,1.0501010240000002,37,0,0.518578092,6216.0,9,2,1,1,2.0
112315,0,0.034743453,60,0,4535.0,,11,0,3,0,0.0
112316,0,0.604914085,43,0,0.606911447,4166.0,9,0,1,0,0.0
112317,0,0.000638275,42,0,1856.0,,8,0,1,0,0.0
112318,0,0.013749656,57,0,0.15166786699999998,4166.0,6,0,1,0,3.0
112320,0,0.279608574,53,0,0.37336910100000004,8200.0,9,1,2,0,0.0
112321,0,0.135220368,26,0,0.03640257,1400.0,2,0,0,0,0.0
112322,0,0.061394950999999996,71,0,0.38480337700000006,4500.0,11,0,1,0,0.0
112324,0,0.123397616,57,0,0.033600775,18570.0,16,0,0,0,0.0
112325,1,0.852603511,62,2,0.220524369,6216.0,9,0,0,1,2.0
112326,0,0.240919546,56,0,2924.0,,10,0,1,0,0.0
112327,0,0.9999998999999999,43,1,0.291835277,4200.0,3,1,0,0,0.0
112331,1,0.9999998999999999,36,0,0.0,4000.0,0,1,0,0,0.0
112332,0,0.692055898,44,0,0.358365019,3155.0,3,0,0,0,0.0
112333,0,0.24480453,31,0,0.13929492699999999,2325.0,5,0,0,0,0.0
112336,0,0.112654065,49,0,101.0,,2,0,0,0,
112337,0,0.0,76,0,1.0,,2,0,0,0,0.0
112338,0,0.270210063,34,0,0.317075654,9820.0,14,0,2,0,1.0
112340,0,0.148574256,78,0,6.370288248,450.0,10,0,1,0,0.0
112346,0,0.319803014,42,0,0.33493541600000004,3328.0,9,0,0,0,2.0
112347,0,0.015922587,74,0,0.201749688,5600.0,12,0,1,0,1.0
112348,0,0.108067081,79,0,0.366481427,3418.0,21,0,1,0,0.0
112349,0,0.024233868999999998,48,0,12.0,,5,0,0,0,0.0
112350,0,0.041031966,67,1,1.7535934290000001,486.0,4,0,1,0,1.0
112351,0,1.889214771,63,0,0.262876131,5416.0,10,0,1,0,0.0
112352,0,0.42562202200000004,40,1,0.36939265299999996,5416.0,11,0,1,0,3.0
112353,0,0.17233193100000002,33,0,1931.0,,13,0,1,0,0.0
112354,1,0.475386184,47,0,1.074387947,2123.0,16,0,1,0,0.0
112355,0,0.013772675,74,0,0.36596836299999996,4677.0,8,0,2,0,0.0
112357,0,0.06688061,26,0,0.054934714,8500.0,14,0,0,0,3.0
112358,0,0.500893912,63,0,0.20902031699999998,9400.0,6,0,3,0,2.0
112359,0,0.0040887070000000005,48,0,0.312196515,3500.0,5,0,1,0,0.0
112360,0,0.497526515,43,0,0.600870827,6200.0,17,0,2,0,0.0
112362,0,0.9999998999999999,61,0,0.0,3400.0,0,0,0,0,0.0
112363,0,0.0,64,0,0.020006156,3248.0,8,0,0,0,0.0
112366,0,0.9999998999999999,56,0,1.304903495,3833.0,7,0,2,0,0.0
112368,0,0.8591140890000001,52,0,0.160946351,3000.0,2,0,0,0,0.0
112369,0,0.8367530540000001,33,0,1.385807096,2000.0,10,0,1,0,1.0
112374,0,0.9999998999999999,55,1,0.296968527,5178.0,9,0,1,0,0.0
112376,0,0.08946059,50,0,0.472332689,8800.0,11,0,2,0,2.0
112377,0,0.080425869,42,3,0.179781247,9416.0,7,1,2,1,2.0
112378,0,0.799608086,73,0,0.37934426200000004,6099.0,8,0,2,0,1.0
112379,0,0.0019311579999999999,62,0,1502.0,,21,0,2,0,
112380,0,0.059753954000000005,38,0,0.219079455,11666.0,7,0,0,0,1.0
112381,0,0.0,50,0,272.0,,8,0,0,0,0.0
112383,0,0.0,32,0,0.067934281,5416.0,3,0,0,0,0.0
112384,0,0.014866336,57,0,0.696121551,2500.0,7,0,1,0,0.0
112385,0,0.038169102999999996,44,0,0.060704454000000005,14166.0,16,0,0,0,2.0
112386,0,0.19999525,58,1,0.6256115720000001,4700.0,11,0,1,0,0.0
112388,0,0.234263666,63,0,0.212473441,8000.0,20,0,0,0,0.0
112389,0,0.49367177100000004,41,0,0.074886564,26666.0,6,0,1,0,0.0
112390,0,0.041038867,55,0,0.002042515,13218.0,2,0,0,0,0.0
112391,0,0.014450296999999999,46,1,15.0,,6,0,0,0,4.0
112392,0,0.000917625,60,0,0.071090893,11210.0,5,0,1,0,0.0
112393,0,0.003344153,66,0,0.234832263,1400.0,7,0,0,0,0.0
112394,0,0.0,33,0,0.44754885200000005,5833.0,6,0,2,0,0.0
112395,0,0.9999998999999999,46,0,0.022743947,4088.0,1,0,0,0,2.0
112396,0,1.015111695,65,0,1637.0,,8,0,1,0,
112397,0,0.0,39,0,2495.0,,6,0,1,0,0.0
112398,0,0.14239422300000001,41,0,0.575486715,8166.0,12,0,2,0,0.0
112399,0,0.007232865,41,0,0.0061349690000000005,4400.0,27,0,0,0,0.0
112400,0,0.0,24,0,520.0,,2,0,0,0,
112403,0,0.233776788,48,1,0.43342776200000005,6000.0,9,0,2,0,2.0
112405,0,0.036704522,59,1,0.267811016,12000.0,27,0,2,0,1.0
112407,0,0.033311777,49,0,0.169566087,5000.0,8,0,0,0,4.0
112409,0,0.34236888600000004,51,0,0.443000371,8078.0,10,0,1,0,0.0
112410,0,0.0,58,0,1819.0,,5,0,1,0,0.0
112411,0,0.342114309,44,0,0.40103053899999996,7956.0,14,0,1,0,2.0
112412,0,0.038530515,27,0,734.0,1.0,9,0,1,0,0.0
112413,0,0.273564768,38,0,0.592092092,1997.0,7,0,0,0,2.0
112415,1,0.665880328,63,0,6164.0,,16,0,3,0,0.0
112418,0,0.765886952,52,0,0.26459277,11700.0,8,0,2,0,2.0
112419,0,0.006355976,77,0,0.00179964,5000.0,3,0,0,0,1.0
112420,0,0.266560117,55,1,0.401072249,7833.0,9,0,2,0,0.0
112421,0,0.70019415,58,0,1769.0,,10,0,0,0,1.0
112422,0,0.022767479,63,0,0.0119976,1666.0,5,0,0,0,0.0
112423,0,0.801651659,26,0,0.289345901,3500.0,6,0,0,0,0.0
112424,0,0.236208812,63,0,190.0,0.0,4,0,0,0,0.0
112425,0,0.280411162,42,0,1957.0,,7,0,1,0,0.0
112426,1,0.012259994,52,2,20948.0,,10,0,6,0,
112427,0,0.439961906,40,0,0.8080153590000001,4166.0,10,0,2,0,0.0
112429,0,0.068889331,73,0,0.162867844,9344.0,10,0,1,0,0.0
112430,0,0.9999998999999999,23,0,0.08575883599999999,1923.0,1,0,0,0,0.0
112431,0,0.01958154,39,0,0.369012911,2400.0,11,0,1,0,3.0
112432,0,0.016025299,83,0,0.181818182,120.0,9,0,0,0,0.0
112433,0,0.25254949,75,0,495.0,,9,0,1,0,0.0
112434,0,0.021969582999999997,56,0,0.339800118,1700.0,13,0,1,0,0.0
112435,0,0.064111642,35,0,84.0,,7,0,0,0,2.0
112437,0,0.358510199,45,0,3135.0,,11,0,1,0,0.0
112438,0,0.41155209299999995,82,0,0.11947800900000001,10344.0,8,0,0,0,0.0
112439,0,0.30609959999999997,56,0,2873.0,,10,0,2,0,0.0
112440,0,0.075587653,74,0,951.0,,5,0,1,0,0.0
112441,0,0.066093391,44,0,0.330944843,6000.0,2,0,1,0,2.0
112442,0,0.160675245,58,0,0.086554246,6700.0,3,0,0,0,0.0
112444,0,0.690787701,61,0,1.8393005830000002,1200.0,35,0,2,0,0.0
112446,0,0.11688346,40,0,1086.0,,6,0,0,0,
112449,0,0.00021083700000000001,51,0,1.4919406830000002,1550.0,8,0,2,0,0.0
112450,0,0.29031371899999997,34,0,0.547057596,9583.0,6,0,4,0,4.0
112453,0,0.514823713,34,0,0.512945399,3900.0,9,0,0,0,3.0
112454,0,0.217561776,47,1,0.387889175,3500.0,14,0,1,0,2.0
112456,0,0.159073637,49,0,0.09518730800000001,7500.0,11,0,0,0,0.0
112457,0,0.9487741409999999,47,0,1.245647969,1550.0,11,0,1,0,0.0
112458,0,0.027094592999999997,64,0,0.002956265,11500.0,3,0,0,0,0.0
112460,0,0.014571971999999999,56,0,0.408858302,17000.0,10,0,3,0,0.0
112461,0,0.613528549,44,1,0.278359511,4583.0,18,0,1,0,1.0
112462,0,0.581614858,67,0,0.60901721,7030.0,14,0,2,0,2.0
112463,0,0.080367315,45,0,0.240452957,8300.0,7,0,0,0,1.0
112465,0,0.0052347240000000005,37,0,0.0017141629999999999,4666.0,6,0,0,0,0.0
112466,0,0.9235299990000001,42,0,0.49354593799999996,6584.0,9,0,1,0,1.0
112467,0,0.075909315,70,1,1.390410959,583.0,16,0,1,0,0.0
112468,0,0.0068172269999999995,53,0,0.17396520699999998,5000.0,6,0,1,0,0.0
112469,0,0.819747108,54,1,990.0,,8,0,0,0,0.0
112470,0,0.255078593,74,1,0.32988481199999997,9375.0,14,0,2,0,0.0
112471,0,0.095939464,59,0,0.092646079,4500.0,6,0,0,0,0.0
112472,0,0.060321282999999996,35,0,0.12330989699999999,5546.0,8,0,0,0,0.0
112474,0,0.362678806,44,0,2209.0,,11,0,1,0,0.0
112476,0,0.5237644539999999,69,1,0.568842105,4749.0,11,0,2,0,0.0
112477,0,0.898203593,21,0,0.005369682,2420.0,1,0,0,0,0.0
112478,0,0.043672578,64,0,2313.0,,8,0,1,0,0.0
112479,1,0.9999998999999999,29,0,0.058670143,2300.0,1,0,0,0,0.0
112483,0,0.311587028,50,0,1.3539823009999998,3050.0,18,0,2,0,1.0
112485,1,0.9999998999999999,56,0,0.42149191399999997,3833.0,2,7,0,1,0.0
112487,0,0.036306304,36,0,1.64383904,4000.0,14,0,5,0,0.0
112488,0,0.784205649,38,1,0.203131703,4661.0,6,0,0,0,2.0
112489,0,0.051063262000000005,48,0,0.23428264399999998,5582.0,8,0,2,0,2.0
112490,0,0.0,84,0,0.24204355100000002,1193.0,3,0,0,0,0.0
112491,0,0.7067069559999999,56,0,0.37381596799999994,5911.0,6,0,2,0,0.0
112492,0,0.059181863,69,0,0.543561411,7058.0,15,0,1,0,1.0
112493,0,0.031455838,67,0,0.226351351,8583.0,4,0,1,0,0.0
112494,0,0.031125034,67,0,0.472800857,8400.0,27,0,3,0,0.0
112495,0,0.0,52,0,0.0,12275.0,6,0,0,0,1.0
112496,0,0.023142256,73,0,0.289426523,2231.0,9,0,1,0,1.0
112498,0,0.314980314,53,2,0.385652239,6676.0,9,0,1,0,0.0
112500,0,0.655083965,51,0,0.33952445,11144.0,16,0,1,0,2.0
112501,0,0.37987337600000004,44,0,0.067009426,5834.0,3,0,0,0,0.0
112503,0,0.9999998999999999,33,0,1.0879824040000001,5000.0,5,0,4,0,0.0
112504,0,0.875891002,43,0,0.256532067,13050.0,13,0,1,0,0.0
112505,0,0.1062625,49,0,0.30035479600000003,17192.0,5,0,2,0,2.0
112506,0,0.13023109300000002,36,0,0.578526381,6500.0,8,0,2,0,0.0
112510,0,0.123180601,68,0,0.428419936,6600.0,16,0,2,0,1.0
112513,0,0.14585019800000001,30,0,0.40889457700000004,6250.0,9,0,2,0,0.0
112514,0,0.078357201,40,0,0.342655145,6364.0,9,0,1,0,0.0
112515,0,0.025911384,49,0,0.43352159999999995,6550.0,12,0,1,0,0.0
112517,0,0.851771858,44,3,0.236884335,8100.0,9,0,1,0,2.0
112518,1,0.95978698,73,3,0.724372955,3667.0,9,0,1,1,0.0
112519,0,0.152227472,66,0,2868.0,,5,0,0,0,0.0
112520,0,0.024405186000000002,63,0,635.0,,13,0,1,0,2.0
112521,0,0.40541879700000005,53,0,0.345368699,7200.0,6,0,1,0,0.0
112522,0,0.0018460829999999999,48,0,0.289421943,2542.0,7,0,1,0,0.0
112523,0,0.017816145,62,0,0.45934440200000004,4697.0,10,0,2,0,0.0
112524,0,0.166941329,56,0,0.263096495,18000.0,10,0,3,0,2.0
112525,0,0.003921976,63,1,0.17652289899999998,6746.0,7,0,2,0,1.0
112526,0,0.44587700799999996,76,1,2.205789711,6666.0,16,0,1,0,1.0
112527,0,0.17432740300000002,69,0,0.786360473,4310.0,9,0,4,0,0.0
112528,0,0.034788606,85,0,0.231672319,3832.0,6,0,1,0,0.0
112529,0,0.0020283560000000003,63,0,1.167916042,2000.0,12,0,1,0,0.0
112530,0,0.312818528,58,0,1.079596977,3969.0,10,0,1,0,0.0
112531,0,0.041075929,54,0,0.22205984199999998,13000.0,19,0,3,0,0.0
112532,1,0.382032525,74,2,1.268650947,2586.0,16,2,2,0,1.0
112534,0,0.058493115,80,0,563.0,,12,0,0,0,0.0
112535,0,0.19514024300000002,59,0,0.240815958,11078.0,8,0,2,0,3.0
112536,0,0.017875504,56,0,0.009442984,8365.0,8,0,0,0,0.0
112537,0,0.007388478,62,0,0.048064761,11858.0,9,0,1,0,0.0
112538,0,0.099132919,53,0,721.0,,4,0,0,0,1.0
112539,0,0.188643972,59,0,0.027700236,4656.0,3,0,0,0,0.0
112540,0,0.37314122200000005,55,1,0.158709751,35000.0,28,0,3,0,0.0
112542,0,0.067986403,80,0,0.006381621,1566.0,2,0,0,0,0.0
112543,1,0.9999998999999999,58,1,444.0,,1,2,1,0,0.0
112544,0,0.023230259,82,0,35.0,,6,0,0,0,0.0
112545,0,0.035623226,36,0,0.203579642,10000.0,8,0,1,0,1.0
112546,0,0.060899693,70,0,0.023068051000000003,4334.0,5,0,0,0,0.0
112547,1,0.9999998999999999,30,3,0.173258004,2123.0,1,1,0,0,0.0
112548,1,0.985563388,50,0,0.431558935,4207.0,6,1,0,0,2.0
112550,0,0.046300100999999996,67,0,0.135041769,15920.0,6,0,1,0,0.0
112551,0,0.445519458,52,0,1356.0,,10,0,0,0,2.0
112552,0,0.0,57,0,0.0,3750.0,19,0,0,0,0.0
112553,0,0.270086496,61,0,0.39625756700000003,5450.0,7,1,1,0,0.0
112555,0,0.015044773999999999,75,0,0.0053309640000000005,4501.0,7,0,0,0,1.0
112557,0,0.057878842,54,0,940.0,0.0,8,0,1,0,0.0
112558,0,0.640937491,50,0,1.642143506,1100.0,7,0,0,0,0.0
112559,0,0.016249706000000003,46,0,0.160196482,6310.0,9,0,1,0,0.0
112561,1,0.9999998999999999,32,0,0.029307039,3650.0,0,1,0,0,1.0
112562,0,0.963115209,35,0,1.115409413,1550.0,5,0,1,0,0.0
112563,0,0.060418911,57,0,0.251215145,11726.0,16,0,2,0,1.0
112564,0,0.049214886,74,0,0.07532078,6000.0,9,0,0,0,0.0
112566,0,0.026770435,63,0,0.37350506,25000.0,15,0,2,0,3.0
112567,0,0.24198285,41,0,0.266269076,5700.0,6,0,2,0,2.0
112569,0,0.9999998999999999,35,0,1.069588866,6250.0,7,0,4,0,2.0
112571,0,0.444981709,68,0,0.425850988,4200.0,10,0,0,0,0.0
112572,0,0.19064083699999998,34,0,945.0,,8,0,0,0,2.0
112573,0,0.9174055059999999,63,0,0.422255905,7916.0,9,0,2,0,2.0
112574,0,0.368208032,70,0,0.541865024,3570.0,11,0,1,0,0.0
112577,0,0.0012876539999999998,46,0,0.379484305,5351.0,12,0,1,0,2.0
112578,0,0.187602607,62,0,113.0,,3,0,0,0,0.0
112580,0,0.35545472100000003,47,0,2714.0,,7,0,2,0,0.0
112583,0,0.0,55,0,133.0,,10,0,0,0,0.0
112586,0,0.035400534,61,1,0.055773098,9448.0,15,0,0,0,0.0
112587,0,0.026784977999999997,35,0,0.18105419899999997,18800.0,6,0,1,0,1.0
112588,0,0.0,23,0,0.163215591,820.0,2,0,0,0,0.0
112589,0,0.21137824300000002,24,0,0.131028939,3731.0,7,0,0,0,0.0
112590,0,0.382539154,48,1,0.06826621,3500.0,4,0,0,0,0.0
112591,1,0.578269597,61,0,0.203479178,5690.0,13,0,2,0,0.0
112592,1,0.415524099,43,1,1.825489379,2400.0,11,0,2,0,3.0
112594,0,0.090558393,48,0,0.541384799,5025.0,8,0,1,0,0.0
112595,0,0.405110804,66,1,0.10566596699999999,8100.0,13,0,0,0,0.0
112597,0,0.081349923,39,0,0.456504175,3712.0,5,0,1,0,2.0
112599,0,0.09212363900000001,58,0,0.523344652,2355.0,12,0,2,0,1.0
112603,0,0.7652280379999999,60,3,0.571650552,5791.0,17,0,2,1,0.0
112604,0,0.405837665,28,0,30.0,,1,0,0,0,
112605,0,0.9999998999999999,61,0,0.273174038,5900.0,9,0,2,0,3.0
112606,0,0.0,60,0,2.214955218,4800.0,10,0,3,0,1.0
112607,0,0.537436125,27,0,1.266370699,900.0,8,1,0,1,0.0
112609,0,0.019332045,75,0,0.000727207,11000.0,2,0,0,0,0.0
112610,0,0.059179389000000006,56,0,0.014182344,3454.0,4,0,0,0,0.0
112611,0,0.394747189,63,0,0.493920562,3700.0,4,0,1,0,0.0
112612,0,0.561495002,55,1,0.180474634,7036.0,17,0,0,0,0.0
112613,0,0.123207095,38,0,0.199823555,6800.0,3,0,1,0,0.0
112615,0,0.124862505,61,0,0.298978232,2250.0,8,0,0,0,0.0
112617,0,0.02416639,41,0,0.148485739,3400.0,8,0,0,0,1.0
112619,0,0.41139048799999994,27,0,0.052541892,3520.0,5,0,0,0,0.0
112620,0,0.31324980399999997,60,0,0.777552151,5416.0,19,0,2,0,0.0
112621,0,3.77e-05,68,0,0.11672520900000001,3700.0,3,0,1,0,0.0
112626,0,0.6645038000000001,44,0,0.661949686,2543.0,6,0,1,0,0.0
112628,0,0.0,29,0,0.044653349,850.0,2,0,0,0,0.0
112629,1,0.022835395,65,0,155.0,,8,0,0,0,0.0
112630,1,0.9999998999999999,44,98,0.0,,0,98,0,98,0.0
112631,0,0.547657156,44,2,0.654894046,10900.0,16,1,3,0,2.0
112632,0,0.05124549900000001,48,1,0.522550544,4500.0,15,0,1,0,3.0
112635,0,0.012922746,51,0,0.296468762,5153.0,7,0,1,0,0.0
112636,0,0.88109977,30,0,0.615912013,7000.0,16,0,2,0,0.0
112637,0,0.273736582,66,0,0.418976389,6818.0,14,0,3,0,0.0
112638,0,0.122171265,58,0,0.142043984,11594.0,10,0,0,0,0.0
112639,1,0.9025487259999999,40,0,0.366422385,1500.0,5,0,0,1,1.0
112642,0,0.9999998999999999,40,0,123.0,,0,0,0,0,0.0
112643,0,0.091206594,63,0,2151.0,,4,0,1,0,0.0
112644,0,0.00042599900000000004,62,0,669.0,,9,0,1,0,0.0
112646,0,0.000415993,50,0,0.08624734699999999,8950.0,7,0,0,0,0.0
112648,0,0.016811449,58,0,0.0008420169999999999,9500.0,1,0,0,0,1.0
112649,0,0.16495876,74,0,0.007304883000000001,2600.0,3,0,0,0,0.0
112650,0,0.8466519140000001,48,0,0.437220465,9166.0,6,0,2,0,0.0
112651,0,0.0,85,0,0.004108885,5840.0,11,0,0,0,0.0
112654,1,0.282686925,28,0,0.020979021,1000.0,1,0,0,0,2.0
112658,0,0.049481332,63,0,0.34652009,12916.0,8,0,2,0,0.0
112659,0,0.810021588,55,1,0.13541309599999998,5833.0,4,0,0,1,0.0
112660,0,0.00042201099999999997,89,0,0.0,,3,0,0,0,0.0
112662,0,0.182010335,56,0,0.520326455,6493.0,15,0,2,0,0.0
112663,0,0.33452155,53,0,0.308138372,5000.0,7,0,2,0,0.0
112664,0,0.001879925,61,0,1217.0,,4,0,1,0,0.0
112666,0,0.028324292,77,0,0.254090909,4399.0,3,0,1,0,1.0
112667,0,0.071118482,57,3,0.15843117,7750.0,9,0,1,0,1.0
112670,0,0.025253087,60,0,0.19387227,9660.0,13,0,2,0,0.0
112671,0,0.0,69,2,0.356726849,6867.0,15,0,1,0,0.0
112672,0,0.694743205,67,0,0.367180915,27288.0,11,0,2,0,1.0
112673,0,0.35020433799999995,47,0,787.0,0.0,13,0,0,0,0.0
112675,0,0.015020213999999999,76,0,767.0,,11,0,1,0,0.0
112676,1,0.508252018,51,2,0.588766356,17500.0,12,0,4,0,0.0
112677,0,0.422059422,50,0,0.263516805,2052.0,5,0,1,0,1.0
112678,0,0.542013878,42,1,1046.0,0.0,8,0,0,0,4.0
112680,0,0.34380330600000003,27,0,0.178486435,2100.0,3,0,0,0,0.0
112683,0,1.013546639,65,0,0.759977515,1778.0,5,1,1,0,1.0
112686,1,0.9990009990000001,57,0,0.120375925,5000.0,6,0,0,0,0.0
112688,1,0.054184471,87,0,0.0109978,5000.0,7,0,0,0,1.0
112690,0,0.930534733,40,0,0.720466453,11833.0,8,0,2,1,2.0
112692,0,0.520903866,35,0,0.586926043,5705.0,13,0,2,0,2.0
112693,0,0.042443097,67,0,0.404238305,2500.0,5,0,1,0,0.0
112694,0,0.173282672,57,0,0.144594736,9536.0,6,0,1,0,0.0
112695,0,0.098465124,40,0,0.25814837,5000.0,9,0,1,0,3.0
112697,0,0.63912194,58,0,0.32495897,7920.0,8,0,1,0,0.0
112699,0,0.101159536,23,0,0.008526188,820.0,2,0,0,0,0.0
112701,0,0.448197322,35,0,0.176588217,6500.0,4,0,1,0,0.0
112709,0,0.792811458,30,0,0.194892978,2662.0,9,0,0,0,4.0
112710,0,0.004070724,75,0,0.0020391520000000002,2451.0,5,0,0,0,0.0
112711,0,0.40684347200000004,62,0,0.35204890200000005,4416.0,11,0,0,0,0.0
112712,0,0.029867966,65,0,0.830113258,1500.0,5,0,1,0,0.0
112713,0,0.091637883,46,0,2167.0,,7,0,1,0,1.0
112714,0,0.45580993200000003,32,0,1.368157286,2593.0,6,0,1,0,0.0
112715,0,0.697175843,33,0,0.32337413,8333.0,11,0,0,0,3.0
112716,0,0.28115524399999997,51,0,0.180664513,4333.0,10,0,1,0,0.0
112718,0,0.9999998999999999,40,0,0.135005533,2710.0,5,0,0,1,2.0
112720,0,0.02481924,88,0,0.002332945,6000.0,2,0,0,0,0.0
112721,0,0.21187612100000003,76,0,289.0,,6,0,0,0,0.0
112724,0,0.000651133,78,0,0.0,,4,0,0,0,0.0
112725,0,0.0,46,0,66.0,,3,0,0,0,3.0
112726,0,0.43596318,44,1,0.391085835,7560.0,15,0,1,0,3.0
112727,0,0.056072536,46,0,0.35254237299999996,7079.0,11,0,2,0,1.0
112728,0,0.18166275699999998,52,0,0.856483618,4333.0,11,0,3,0,0.0
112729,0,0.298556363,55,0,0.29820051399999997,3500.0,8,0,2,0,0.0
112730,0,0.29464408,56,0,4132.0,,3,0,1,0,
112732,0,0.084363904,83,0,0.018296341,3333.0,3,0,0,0,0.0
112735,0,0.603556607,50,0,0.290203182,12697.0,4,0,1,0,2.0
112736,0,1.059117402,27,0,0.11411926,2917.0,4,0,0,0,0.0
112737,0,0.065640485,47,0,0.379231538,7000.0,15,0,1,0,0.0
112738,0,0.14043404199999998,41,0,0.064967796,3570.0,3,0,0,0,1.0
112739,0,0.117328445,48,1,4103.0,,7,0,2,0,0.0
112740,0,0.0,25,0,452.0,,3,0,0,0,0.0
112741,0,0.9999998999999999,52,0,0.539206498,3200.0,7,0,1,0,2.0
112742,0,0.003736459,76,0,3.0,,6,0,0,0,
112743,0,0.0,56,0,0.079968013,2500.0,4,0,0,0,0.0
112745,0,0.7956696,38,0,1863.0,,5,0,1,0,0.0
112746,0,0.017654748999999997,71,0,37.0,,3,0,0,0,0.0
112747,0,0.10979451,66,0,1027.0,,3,0,0,0,0.0
112748,0,0.13667453300000001,61,0,102.0,,4,0,0,0,0.0
112751,0,0.944208701,54,0,0.89175902,12000.0,10,0,2,0,1.0
112757,0,0.032314216,39,0,0.21246151100000002,11041.0,15,0,1,0,2.0
112758,0,0.0,25,0,0.0,800.0,3,0,0,0,1.0
112759,0,0.067451428,44,0,0.07499062599999999,10667.0,7,0,0,0,3.0
112760,0,0.031185031000000002,63,0,0.067639101,8500.0,9,0,1,0,0.0
112761,0,0.5297045770000001,50,0,0.427279219,4200.0,8,0,1,0,0.0
112762,0,0.832714924,26,0,0.147500874,5721.0,7,0,0,0,0.0
112763,0,0.0,68,0,0.0,5410.0,7,0,0,0,0.0
112765,0,0.917925945,26,0,0.372995446,5050.0,8,0,0,0,0.0
112766,1,0.820388662,49,0,0.444985819,13750.0,14,0,2,0,2.0
112768,0,0.0,44,0,0.384545619,5512.0,13,0,2,0,1.0
112769,1,0.774228577,35,0,0.45388816200000004,13000.0,11,0,4,0,1.0
112770,0,0.9789506840000001,46,0,0.540967423,7090.0,8,0,1,0,1.0
112771,0,0.013750452,65,0,0.05976149,14925.0,11,0,2,0,1.0
112772,0,0.145985401,72,0,0.09484193,600.0,2,0,0,0,0.0
112773,1,1.189054726,28,0,0.075305728,4660.0,2,2,0,0,2.0
112774,0,0.559563654,36,0,593.0,,3,0,0,0,0.0
112776,0,0.9999998999999999,56,0,0.0,1744.0,1,0,0,0,0.0
112780,0,0.009999697,70,0,0.165044661,7500.0,9,0,2,0,0.0
112781,0,0.044065198,62,0,0.123991935,5951.0,2,0,1,0,0.0
112782,0,0.011958948,63,0,0.11922674,10500.0,14,0,1,0,0.0
112783,0,0.340194576,48,0,0.274233479,5250.0,8,0,0,0,0.0
112784,0,0.25539109,54,0,0.226481127,12000.0,6,0,1,0,2.0
112787,0,0.693006358,33,0,0.12766714099999998,2811.0,6,0,0,0,2.0
112788,0,0.982678215,29,0,0.315311222,2200.0,3,0,0,0,0.0
112789,0,0.069528956,36,0,0.381011868,1600.0,5,0,0,0,2.0
112790,0,0.174312522,37,0,0.268626796,2992.0,8,0,1,0,3.0
112792,1,1.279627164,47,1,84.0,,1,0,0,0,0.0
112793,0,0.013475399999999998,78,0,53.0,,13,0,0,0,0.0
112794,0,0.011429983999999999,82,0,18.0,,4,0,0,0,0.0
112795,0,0.24762402600000002,48,0,0.115407049,12000.0,11,0,0,0,0.0
112797,0,0.9999998999999999,40,0,0.0,15000.0,1,0,0,0,2.0
112798,0,0.38600776600000003,41,0,0.55688024,13000.0,12,0,2,0,4.0
112799,0,0.267340128,40,0,0.33435011,5900.0,15,0,0,0,0.0
112800,0,0.78925707,63,1,0.18751179,5300.0,17,0,0,0,0.0
112803,0,0.98503498,43,0,0.49088761399999997,5925.0,15,0,0,0,0.0
112804,0,0.0,78,0,870.0,,7,0,1,0,0.0
112805,0,0.20414997399999998,77,0,0.259399445,3962.0,9,0,0,0,1.0
112806,0,0.013472975,33,0,0.362909273,4000.0,9,0,1,0,0.0
112807,0,0.0,71,0,0.061652522,10250.0,13,0,1,0,0.0
112808,1,0.43221398200000005,33,0,0.328206114,5200.0,6,0,1,0,1.0
112811,0,0.99827278,58,0,2752.0,0.0,6,0,2,0,2.0
112813,0,0.406596687,41,0,0.27186654600000004,4435.0,7,0,1,0,0.0
112814,0,0.991916835,54,0,0.604577743,3800.0,4,0,0,0,0.0
112815,0,0.000156205,47,0,1464.0,,15,0,1,0,
112817,0,0.9999998999999999,51,0,0.058686933,4736.0,1,0,0,0,3.0
112819,0,0.76238094,62,0,0.23244650600000002,12290.0,6,0,1,0,1.0
112821,0,0.546554078,67,3,0.9102724320000001,4000.0,16,0,2,0,0.0
112824,0,0.31463213100000004,65,0,1.170331867,2500.0,22,0,2,0,0.0
112825,0,0.270912017,55,0,0.502584456,10833.0,20,0,3,0,3.0
112826,0,0.763529598,34,0,0.167898627,10416.0,6,0,2,0,3.0
112827,0,0.019916426,85,0,0.0049522459999999996,5653.0,5,0,0,0,0.0
112828,0,0.9999998999999999,31,0,379.0,0.0,3,0,0,0,0.0
112829,0,0.0,37,0,0.315164221,4292.0,4,0,1,0,0.0
112830,0,0.89365387,59,0,0.41676314,8637.0,13,0,2,0,3.0
112831,0,0.27296149399999997,51,0,0.440136233,3816.0,12,0,1,0,2.0
112832,0,0.005052252,46,0,0.346870962,10833.0,14,0,2,1,0.0
112833,0,0.265736776,41,0,0.203818828,6755.0,6,0,1,0,3.0
112834,0,0.033834689,55,1,0.394564199,3200.0,11,0,2,0,0.0
112835,0,0.0,64,0,0.3916014,6000.0,8,0,1,0,1.0
112836,0,0.9999998999999999,63,0,0.325005678,13208.0,4,0,2,0,0.0
112837,0,0.6674131560000001,68,0,0.268035592,7304.0,12,0,2,0,0.0
112839,0,0.003638696,77,0,0.0036794109999999996,6250.0,5,0,0,0,0.0
112840,0,0.519748819,44,0,0.237298034,10273.0,15,0,1,0,2.0
112841,1,0.8685369629999999,47,1,1.125312448,6000.0,11,0,2,0,1.0
112842,0,0.365083383,37,0,2270.0,,12,0,2,0,0.0
112843,0,0.009717116999999999,45,0,250.0,,10,0,1,0,0.0
112844,0,0.191137775,45,2,1.228532485,2200.0,11,0,1,0,2.0
112845,0,0.136363275,55,0,0.37048147600000003,6666.0,18,0,2,0,0.0
112851,0,0.26180760399999997,46,1,0.018676214,10333.0,3,0,0,0,2.0
112852,0,0.08258025,56,0,494.0,,10,0,0,0,0.0
112853,0,0.054143486,80,0,0.015949555,2695.0,3,0,0,0,0.0
112854,0,0.751279446,56,0,0.39421965299999995,9514.0,11,0,1,0,0.0
112856,0,0.143960604,59,0,0.23246771300000002,7200.0,9,0,1,0,2.0
112857,0,0.09583932199999999,77,0,0.49338429899999997,3400.0,20,0,0,0,1.0
112858,0,0.9999998999999999,42,0,0.0,5871.0,0,0,0,0,3.0
112860,0,0.119947396,71,0,0.02416264,6000.0,3,0,0,0,0.0
112861,0,0.18501305899999998,56,1,0.64405085,7000.0,19,0,3,0,1.0
112862,0,0.37406803,48,0,0.23729454,5292.0,6,0,0,0,0.0
112863,0,0.9999998999999999,33,0,3366.0,,5,0,4,0,0.0
112865,0,0.0,73,0,0.0,4050.0,10,0,0,0,0.0
112866,0,0.0022523829999999997,46,0,0.43566210899999996,10677.0,9,0,2,0,0.0
112867,0,0.886845262,44,0,66.0,,1,0,0,0,1.0
112870,0,0.356039964,27,0,0.012345678999999998,1700.0,2,0,0,0,1.0
112871,0,0.7690806309999999,63,0,0.60519264,16792.0,25,0,1,0,0.0
112872,0,0.543226165,44,3,0.429557044,10000.0,5,1,1,0,3.0
112873,0,0.037713208,77,0,0.009497626,4000.0,3,0,0,0,0.0
112874,0,0.03298478,42,0,0.13028241599999998,4850.0,8,0,1,0,3.0
112877,0,0.09831694699999999,53,0,1650.0,,3,0,2,0,0.0
112878,0,0.19361044100000002,44,0,0.42073240700000003,8710.0,13,0,2,0,2.0
112880,0,0.818444541,48,0,0.34581289299999995,11618.0,8,0,2,0,3.0
112881,0,0.004925791,73,0,0.0039265820000000005,10950.0,27,0,0,0,0.0
112883,0,0.014607346,58,0,0.121344035,7350.0,11,0,1,0,3.0
112885,0,0.176949073,66,0,0.390174236,3500.0,11,0,1,1,0.0
112889,1,0.9999998999999999,45,0,2803.0,,2,0,1,0,0.0
112890,0,0.9999998999999999,43,1,0.487539647,2206.0,2,0,0,0,1.0
112891,0,0.150835595,60,0,0.397923875,2600.0,7,0,1,0,0.0
112892,0,0.004299785,56,0,133.0,,5,0,0,0,
112893,0,0.005232787,74,0,0.000833194,6000.0,8,0,0,0,0.0
112894,0,0.71195812,37,0,0.648560209,4583.0,6,0,1,0,2.0
112896,0,0.37043295200000004,41,0,0.44238768700000003,4807.0,8,0,1,0,2.0
112897,0,0.10694877400000001,62,2,933.0,,18,0,1,0,0.0
112898,0,0.061411549,31,0,0.008796481,2500.0,4,0,0,0,0.0
112899,0,0.00695216,53,0,427.0,,3,0,1,0,1.0
112900,0,0.9082183559999999,40,0,0.28936490000000004,2660.0,4,0,0,0,0.0
112902,0,0.27889975100000003,41,0,0.392525589,4200.0,6,0,1,0,3.0
112904,0,0.034907504,41,0,2091.0,,8,0,2,0,0.0
112906,1,0.019192323,34,3,0.177789787,3700.0,6,3,0,0,0.0
112908,0,0.14105726300000002,72,0,0.038793102999999995,1623.0,1,0,0,0,0.0
112909,0,0.023236231,69,0,0.031210986,800.0,3,0,0,0,0.0
112911,0,0.011923671,51,0,0.41067665700000006,8541.0,9,0,3,0,0.0
112912,0,0.32123351,34,1,0.276672333,10000.0,5,0,1,0,2.0
112913,0,0.043611027000000004,61,0,0.142097426,4700.0,6,0,1,0,1.0
112914,0,0.043590564000000005,78,1,0.146463384,4000.0,9,0,1,0,0.0
112915,0,0.021445494,54,0,1924.0,,5,0,2,0,0.0
112916,0,0.969335378,81,0,2647.0,,10,0,1,0,0.0
112918,0,0.9999998999999999,22,0,0.033305579,1200.0,0,0,0,0,0.0
112919,0,0.422590322,56,0,1350.0,,5,0,1,0,0.0
112921,0,0.239576042,29,2,0.37733914399999996,3900.0,10,0,2,0,0.0
112922,0,0.846034215,29,0,0.116402116,1889.0,2,0,0,0,0.0
112923,0,0.059169541,39,0,0.13579808,5625.0,5,0,0,0,3.0
112924,0,0.40240278,62,0,4.753690037,1083.0,13,0,2,0,0.0
112925,0,0.9999998999999999,25,0,875.0,,0,0,0,1,
112927,0,0.137993429,39,0,0.310157195,6615.0,7,0,1,0,2.0
112930,0,0.145492376,33,0,0.791302174,4000.0,8,0,2,0,0.0
112931,0,0.25769587899999996,39,1,0.07830723099999999,3000.0,3,0,0,0,0.0
112932,0,0.107609367,51,0,0.129929379,16000.0,10,0,1,0,5.0
112933,0,0.036097222000000005,58,0,0.32567486100000004,14928.0,27,0,3,0,2.0
112934,0,0.911757998,67,0,0.865500458,20750.0,53,0,5,0,3.0
112936,0,0.490386094,60,2,0.5693238620000001,3800.0,7,0,1,0,1.0
112937,0,0.334154331,46,1,0.463953605,10000.0,15,0,3,0,2.0
112940,0,0.066789383,43,0,0.324379369,18166.0,10,0,2,0,3.0
112941,0,0.045673858,64,0,0.015388999999999998,3508.0,1,0,0,0,0.0
112945,0,0.998453768,35,1,0.143677244,6270.0,4,0,0,0,0.0
112947,0,0.816697575,34,0,0.246161171,8400.0,8,0,0,0,3.0
112948,0,0.198299483,52,0,0.56299496,4166.0,12,0,1,0,0.0
112949,0,0.057136792,48,0,0.28290425199999997,3456.0,20,0,2,0,0.0
112950,0,0.689403801,53,1,3667.0,,16,0,1,0,0.0
112951,0,0.733804476,31,0,0.387434555,2100.0,9,0,0,0,0.0
112952,0,0.687921496,62,0,0.465639631,6620.0,7,0,2,0,0.0
112953,0,0.46112006,39,0,0.618521442,3800.0,7,0,1,0,0.0
112954,0,0.124054279,54,0,0.08599656,25000.0,8,0,0,0,1.0
112955,1,1.006605963,40,4,0.226930838,5450.0,13,0,0,1,2.0
112956,0,0.11065135699999999,64,0,104.0,,6,0,0,0,0.0
112957,0,0.21201862,54,0,0.19587411899999999,9500.0,11,0,1,0,4.0
112958,0,0.11107555699999999,75,2,83.0,0.0,13,1,0,0,0.0
112959,0,0.303624234,31,0,0.41352916799999995,4833.0,9,0,1,0,0.0
112962,0,0.640805263,49,4,0.389717524,12000.0,22,0,2,0,1.0
112963,1,0.0,38,1,0.915060671,1400.0,3,1,1,0,2.0
112964,0,0.05390680900000001,56,0,1366.0,,11,0,1,0,1.0
112965,0,0.519881668,63,0,4413.0,,15,0,2,0,2.0
112966,0,0.010721339,65,0,95.0,,7,0,0,0,
112968,0,0.218315427,35,0,0.48346930000000005,6986.0,8,0,1,0,0.0
112969,0,0.025185627000000002,57,0,20.0,,4,0,0,0,0.0
112970,0,0.7667180859999999,45,0,0.631570713,6391.0,12,0,1,0,3.0
112972,0,0.022288912,65,0,0.368926215,5000.0,13,0,1,0,0.0
112973,0,0.202477032,48,0,0.23562656199999998,9200.0,10,0,1,0,0.0
112974,0,0.070791432,52,0,0.033021971000000004,7600.0,6,0,0,0,0.0
112975,0,0.274204505,82,0,0.40613967799999995,6514.0,13,0,3,0,0.0
112977,0,0.19548401399999998,41,0,0.35158833899999997,13000.0,15,0,5,0,3.0
112979,0,0.724654641,48,2,0.329910953,20550.0,10,0,3,0,3.0
112980,0,0.9999998999999999,31,0,0.08514305400000001,2900.0,2,0,0,0,1.0
112981,0,0.337183141,80,0,366.0,1.0,4,0,0,0,0.0
112984,0,0.014174646,51,0,0.09015025,9583.0,10,0,1,0,0.0
112985,0,0.43545753200000004,47,0,0.250416604,6600.0,9,0,1,0,1.0
112986,0,0.052546178,46,0,0.10794460300000001,20000.0,8,0,2,0,2.0
112987,0,0.454674087,37,0,0.133624216,3666.0,11,0,0,0,1.0
112988,0,0.262355545,42,0,0.027420737,3500.0,6,0,0,0,0.0
112989,0,0.0,67,0,0.574638278,8500.0,13,0,3,0,0.0
112990,0,0.350400262,67,0,0.48175912,2000.0,7,0,1,0,1.0
112991,1,0.972809113,47,0,0.99140172,5000.0,10,0,2,0,0.0
112992,0,0.049973215,40,0,0.0053535169999999995,10833.0,4,0,0,0,0.0
112993,0,0.422823392,44,0,0.312979135,15000.0,10,0,2,0,2.0
112994,0,0.593139127,67,0,0.30809555,16786.0,13,0,2,0,1.0
112995,0,0.40213624200000003,31,0,0.063920024,3300.0,3,0,0,0,0.0
112996,0,0.46738315399999997,28,0,0.6307897370000001,3000.0,6,0,1,0,1.0
112997,0,0.160291985,49,0,0.464456924,7300.0,8,0,1,0,3.0
112998,0,0.27151563,62,1,6960.0,,17,0,2,1,0.0
112999,0,0.024834619,72,0,0.003333016,10500.0,10,0,0,0,0.0
113000,0,0.9999998999999999,80,0,0.322580645,2169.0,3,1,0,3,0.0
113001,0,0.485902819,37,0,0.18091592199999998,7052.0,3,0,0,0,0.0
113002,0,0.073641409,64,0,0.319932203,14749.0,18,0,1,0,0.0
113004,0,0.478093066,42,0,0.21052631600000002,2583.0,6,0,0,0,0.0
113007,0,0.0,91,0,0.0,,3,0,0,0,
113008,0,0.675750251,40,1,0.6280972420000001,8555.0,13,0,3,0,2.0
113010,0,0.679874772,52,0,0.272844748,5416.0,10,0,1,0,0.0
113012,1,0.629887055,39,0,380.0,,4,1,0,0,3.0
113014,0,0.093154915,88,0,0.00959808,5000.0,5,0,0,0,0.0
113017,0,0.357654345,61,0,0.251570609,3660.0,7,0,0,0,0.0
113018,0,0.014212836999999999,82,0,16.0,,2,0,0,0,0.0
113020,0,0.251934961,44,0,1.027813994,2300.0,11,0,2,0,0.0
113021,0,0.178411663,33,0,0.59377893,5400.0,10,0,3,0,1.0
113022,0,0.9999998999999999,59,1,0.004646713,7316.0,0,0,0,0,0.0
113023,0,0.029820421,58,0,2118.0,,25,0,0,0,0.0
113024,0,0.02526783,45,0,0.39247921399999997,10583.0,14,0,3,0,1.0
113025,0,0.10896367900000001,25,0,0.081395349,515.0,2,0,0,0,0.0
113028,0,0.041110249,29,0,0.43219597600000004,8000.0,7,0,2,0,1.0
113029,0,0.15026424800000002,37,0,67.0,,3,0,0,0,0.0
113030,0,0.6945513440000001,64,0,0.623930161,11683.0,17,0,1,0,0.0
113031,0,0.8049445559999999,41,0,1475.0,,9,0,2,0,0.0
113034,0,0.171566007,47,0,0.31449884899999997,12600.0,14,0,3,0,2.0
113038,0,0.8344739609999999,60,0,0.515625,9983.0,10,0,2,0,0.0
113041,0,0.968210783,56,0,2234.0,,8,0,1,0,0.0
113042,1,1.260923845,47,2,3512.0,,5,3,2,1,
113043,0,0.444158812,24,0,0.056029233,820.0,2,0,0,0,0.0
113046,0,0.009551395,40,0,0.280412946,3583.0,7,0,1,0,3.0
113047,0,0.212616003,48,0,0.327808306,11100.0,8,0,1,0,0.0
113050,0,0.102422518,51,0,0.108832124,90000.0,12,0,2,0,5.0
113051,0,0.35662704100000003,48,0,1.569593148,1400.0,3,0,1,0,0.0
113052,0,0.22125048100000003,73,3,0.389370933,3687.0,8,0,0,0,0.0
113053,0,0.048831024,71,0,0.262487757,4083.0,16,0,1,0,0.0
113058,0,0.0042328190000000005,60,2,0.184817932,12000.0,12,0,5,0,0.0
113059,0,0.040849129,70,0,0.021048939,5700.0,9,0,0,0,0.0
113060,0,0.01069448,62,0,28.0,,6,0,0,0,
113062,0,0.046224553,45,0,1.203118752,2500.0,6,0,1,0,0.0
113065,0,0.813834099,48,0,0.057070156,2750.0,9,0,0,0,0.0
113066,0,0.000412127,50,0,0.327472711,12000.0,13,0,2,0,0.0
113067,0,0.9999998999999999,36,2,1.558723885,7083.0,8,0,5,0,0.0
113068,0,0.047005621,70,0,0.216590963,4182.0,7,0,1,0,0.0
113069,0,0.012079436,66,0,0.008776803,9000.0,12,0,0,0,1.0
113070,0,0.22464357399999998,50,0,0.38715247799999997,11581.0,8,0,2,0,3.0
113073,0,0.906334085,36,1,0.18218848399999998,5400.0,8,0,0,0,3.0
113074,0,0.156131705,52,0,0.126012756,5800.0,5,0,0,0,1.0
113077,0,0.9999998999999999,37,0,0.338189921,11667.0,5,0,2,0,2.0
113080,0,0.276241253,39,0,0.006855184,3500.0,2,0,0,0,3.0
113082,0,0.796165298,53,0,0.614919254,20000.0,27,0,4,0,4.0
113083,0,0.0,50,0,0.135143024,3425.0,10,0,0,0,2.0
113084,0,0.041531031,64,0,959.0,,7,0,1,0,0.0
113086,0,0.051430885999999995,79,0,0.073570572,5001.0,15,0,0,0,0.0
113087,0,0.9999998999999999,51,0,0.0,2500.0,0,0,0,0,0.0
113088,0,0.9007294640000001,56,0,0.757114576,8081.0,16,0,2,0,0.0
113090,0,0.059509837,74,0,0.293367347,783.0,11,0,0,0,0.0
113091,0,0.05627410099999999,39,0,0.374115475,9750.0,17,0,3,0,2.0
113092,0,0.21691887199999998,50,0,0.058392214000000005,7500.0,3,0,0,0,2.0
113093,0,0.9999998999999999,28,0,0.002285061,3500.0,0,1,0,0,0.0
113094,0,0.0028460990000000004,55,0,3133.0,,19,0,1,0,0.0
113095,0,0.0,58,0,0.822290361,7500.0,7,0,4,0,0.0
113096,0,0.911739503,60,1,0.333333333,3500.0,9,1,0,0,3.0
113097,0,0.378990948,54,0,0.372881356,6194.0,10,0,1,0,0.0
113098,0,0.069347121,68,0,0.009639035,15042.0,7,0,0,0,1.0
113099,0,0.022599096000000003,52,0,0.511035654,5300.0,12,0,2,0,1.0
113100,0,0.29868805,54,0,0.992611908,2300.0,11,0,2,0,1.0
113102,0,0.477876106,39,0,0.563768555,3300.0,4,0,0,0,0.0
113103,0,0.9999998999999999,23,0,0.0,770.0,0,1,0,0,0.0
113104,0,0.02521303,64,0,0.014616322,3283.0,18,0,0,0,0.0
113109,0,0.006112454,62,0,0.223342133,12500.0,12,0,2,0,2.0
113112,0,0.559096846,49,0,1.0169957509999998,4000.0,8,0,2,0,2.0
113113,0,0.013796113999999998,69,0,747.0,,7,0,1,0,0.0
113117,0,0.01356542,50,0,796.0,,8,0,1,0,0.0
113118,0,0.9999998999999999,51,0,0.08537438800000001,1428.0,4,0,0,0,1.0
113119,0,0.042188986,61,0,1466.0,,8,0,1,0,
113121,0,0.0,50,1,0.416822969,6930.0,11,0,2,0,0.0
113127,0,0.104010773,60,0,0.30135682,4200.0,6,0,2,0,0.0
113131,0,0.040991747,28,1,0.009716941,7100.0,7,1,0,0,0.0
113132,0,0.0,28,0,0.18840579699999999,2000.0,10,0,0,0,0.0
113133,0,0.323205907,31,0,0.10380803300000001,3833.0,5,0,0,0,0.0
113134,0,0.322019738,32,1,0.335806606,4177.0,7,0,0,2,0.0
113135,0,0.016109058,32,0,0.248056062,10416.0,32,0,2,0,2.0
113137,0,0.324918635,36,0,0.095303394,8750.0,6,0,0,0,0.0
113138,0,0.9999998999999999,74,0,0.299675081,4000.0,10,0,1,0,0.0
113139,0,0.073371982,47,0,2198.0,,8,0,1,0,0.0
113140,0,0.874359682,52,0,0.3664024,9333.0,12,0,1,0,1.0
113141,0,0.223583587,73,1,80.0,,3,0,0,0,0.0
113142,0,0.376178235,59,2,761.0,,7,0,0,0,2.0
113145,0,1.1556886229999999,61,2,0.08130623099999999,3000.0,2,3,0,0,0.0
113146,0,0.32507580199999997,46,0,0.40597659399999997,8800.0,10,0,1,0,1.0
113148,0,0.0039764959999999995,81,0,144.0,,6,0,0,0,0.0
113150,0,0.052293669,70,1,10224.0,,16,0,6,0,0.0
113152,0,0.99620038,34,0,0.42118572600000004,3558.0,5,0,0,0,2.0
113153,0,0.830754707,83,0,2802.0,,19,0,0,0,0.0
113155,0,0.022439551000000002,78,0,0.005499083,6000.0,3,0,0,0,0.0
113156,0,0.151407558,52,0,1345.0,,4,0,1,0,
113157,0,0.47035134,33,0,0.333841173,5250.0,6,0,2,0,0.0
113159,0,0.00388478,55,0,0.422724724,5350.0,11,0,2,0,0.0
113160,0,0.23550301399999998,63,0,0.05164945,3000.0,5,0,0,0,0.0
113161,0,0.011982701,64,0,0.0033758990000000003,6812.0,8,0,0,0,2.0
113163,0,0.044459110999999996,67,1,0.154615304,9500.0,7,0,1,0,0.0
113164,0,0.080404429,43,0,851.0,,10,0,0,0,0.0
113165,0,0.7471419159999999,53,0,0.398528405,11687.0,10,0,3,0,3.0
113166,0,0.022789059,69,0,36.0,,6,0,0,0,0.0
113168,0,0.136426023,44,0,0.768201439,6949.0,15,0,3,0,3.0
113170,0,0.49480754200000004,41,0,2129.0,,9,1,0,0,1.0
113171,0,0.00726506,60,0,0.08702248,7250.0,8,0,1,0,0.0
113173,0,738.0,34,0,0.262313295,8100.0,5,0,1,0,0.0
113174,0,0.001804153,33,0,0.00034459,2901.0,5,0,0,0,0.0
113175,0,0.869377163,63,0,0.120319731,2376.0,3,0,0,0,0.0
113180,0,0.9999998999999999,30,1,0.45390070899999996,2255.0,2,1,0,0,1.0
113181,0,0.9999998999999999,30,0,58.0,,0,5,0,1,0.0
113182,0,0.058011916,35,0,0.34809500200000004,4041.0,8,0,2,0,3.0
113183,0,0.859237817,42,0,0.651317782,3300.0,9,0,1,0,1.0
113184,0,0.07112859099999999,38,0,2386.0,,2,0,1,0,0.0
113188,0,0.010111223,53,0,0.278205557,2986.0,4,0,0,0,1.0
113189,0,0.00219279,69,2,0.428106255,5834.0,4,0,1,0,0.0
113191,1,1.048625312,39,4,0.226548673,5084.0,5,2,0,1,4.0
113193,0,0.057991372,57,0,0.492582897,4583.0,6,0,1,0,0.0
113195,0,0.100259518,66,1,0.131039531,8195.0,4,0,1,0,0.0
113196,0,0.329245535,67,0,0.25586655399999997,3536.0,7,0,3,0,0.0
113197,0,0.127468133,62,0,15.0,,3,0,0,0,0.0
113198,0,0.011760181000000001,60,0,0.137889688,3335.0,9,0,2,0,0.0
113199,1,0.613545817,32,0,0.10176754199999999,5600.0,3,0,0,1,0.0
113201,0,0.0,57,0,0.362694301,7333.0,9,0,1,0,1.0
113203,0,0.916229738,47,1,0.551532942,3065.0,13,0,0,0,2.0
113204,0,0.188963517,57,0,0.264331596,8250.0,6,0,1,0,4.0
113205,0,0.141127286,53,0,2392.0,,5,0,1,0,0.0
113206,0,0.099764127,38,0,0.227337942,7666.0,9,0,1,0,0.0
113207,0,0.033196177,82,0,66.0,,7,0,0,0,0.0
113208,0,0.745389913,25,0,0.12180268,820.0,4,0,0,0,0.0
113210,0,0.014030812,50,0,0.246864207,5500.0,5,0,1,0,0.0
113211,0,0.12323231300000001,64,0,0.8901772040000001,18283.0,32,0,8,0,2.0
113212,0,0.9999998999999999,54,0,0.148242872,10556.0,4,0,1,0,0.0
113213,0,0.742518392,45,1,0.553357314,8339.0,7,0,1,0,1.0
113214,0,0.195899109,47,0,0.5628874229999999,5000.0,9,0,1,0,0.0
113215,0,0.280297668,51,0,0.527578737,6000.0,9,0,3,0,0.0
113217,1,0.118794604,59,0,1.3830040469999998,4200.0,24,0,5,0,0.0
113218,0,0.383923115,39,0,0.35969097899999997,4400.0,10,0,1,0,3.0
113219,0,0.05656114,59,0,0.303958178,4016.0,8,0,1,0,0.0
113221,0,0.43889507,51,0,0.132484155,16250.0,19,0,0,0,2.0
113222,0,0.135869032,60,0,41.0,,3,0,0,0,0.0
113224,0,0.016721293,50,0,0.546272686,6666.0,4,0,2,0,2.0
113226,1,0.9999998999999999,38,0,0.237288136,1415.0,3,0,0,0,2.0
113229,0,0.239367904,57,0,0.426441067,10460.0,9,0,1,0,1.0
113230,0,0.00985945,56,0,0.262764965,7500.0,3,0,2,0,4.0
113232,0,0.929364572,33,1,0.281286452,6000.0,6,0,1,0,0.0
113233,0,0.020067345,47,0,0.05854905,9000.0,5,0,1,0,1.0
113235,0,0.10610033199999999,61,0,0.16599911,8987.0,5,1,1,0,0.0
113236,0,0.008283971999999999,38,0,0.15334193,9305.0,12,0,1,0,1.0
113237,0,0.467816523,33,0,0.455311599,4508.0,7,0,1,0,2.0
113238,0,0.00391481,58,0,1363.0,,13,0,1,0,0.0
113239,0,0.5339029270000001,74,2,0.255841584,2524.0,10,0,0,0,1.0
113240,0,0.8968275609999999,51,0,0.524647535,10000.0,16,0,2,1,1.0
113243,0,0.416431483,48,4,0.391035821,11333.0,11,2,2,3,0.0
113244,0,0.031593681,68,0,0.00038091599999999997,10500.0,7,0,0,0,0.0
113249,0,0.090584934,72,0,1187.0,,17,0,1,0,0.0
113250,0,0.004814678,33,0,0.38504997799999996,6902.0,6,0,2,0,0.0
113251,0,0.005432985,45,0,0.164950744,13500.0,12,0,1,0,3.0
113252,0,0.004124943,50,0,0.0014768320000000002,5416.0,8,0,0,0,0.0
113253,0,0.10842901,50,0,0.538848519,12522.0,12,0,2,0,3.0
113254,0,0.455949339,54,0,0.142887519,4702.0,6,0,1,0,1.0
113255,0,0.024876835,74,0,0.003749063,4000.0,2,0,0,0,0.0
113257,0,0.9999998999999999,57,2,0.34836703,4500.0,4,0,0,0,2.0
113258,0,0.005199351,62,0,0.233882487,10500.0,9,0,2,0,1.0
113259,0,0.646829097,56,0,1.143644506,2902.0,11,0,1,0,0.0
113261,0,0.9999998999999999,48,0,0.447103275,3175.0,5,0,1,0,2.0
113263,1,0.8155511120000001,49,1,4081.0,,5,3,2,1,
113264,0,0.051830107,31,1,0.347778785,5514.0,8,0,1,0,1.0
113265,0,0.5973031670000001,39,0,0.554311074,9463.0,10,0,3,0,3.0
113266,0,0.35711237100000004,54,2,0.510907504,4583.0,12,0,2,1,1.0
113269,0,0.135292661,58,0,7808.0,,10,0,5,0,2.0
113270,0,0.001354751,37,0,0.0,2478.0,2,0,0,0,1.0
113271,0,0.18339113,42,2,0.5337331329999999,2000.0,9,0,0,1,0.0
113273,0,0.040239992,47,0,0.156351792,7367.0,4,0,1,0,1.0
113275,0,0.0,39,0,0.212469023,7666.0,7,0,3,0,2.0
113281,0,0.17505296399999998,35,0,0.23768033100000002,7000.0,15,0,1,0,0.0
113282,0,0.362157595,63,0,0.8617410390000001,4100.0,14,0,2,0,2.0
113283,0,0.400380146,61,1,0.595943506,9416.0,19,0,3,0,0.0
113285,0,0.004955445,74,0,0.18592563,2500.0,13,0,1,0,0.0
113286,0,0.068292747,49,0,0.394894079,1840.0,12,0,1,0,0.0
113288,0,0.08680079800000001,63,0,0.618025751,931.0,9,0,1,0,0.0
113289,0,0.0,39,1,0.7724007559999999,2644.0,7,0,1,0,4.0
113291,0,0.230647446,51,0,0.101816364,6000.0,4,0,1,0,0.0
113292,0,0.09787969699999999,44,0,0.230876912,10000.0,11,0,1,0,1.0
113293,0,0.214260108,49,2,0.381649468,12500.0,12,0,2,0,4.0
113295,0,0.00257781,92,0,0.0013328889999999999,3000.0,6,0,0,0,0.0
113296,0,0.001764602,46,0,1.459653317,1672.0,8,0,2,0,0.0
113298,0,0.049082515,71,0,0.020403377,4263.0,6,0,0,0,0.0
113300,0,0.043294762,62,0,0.7140646759999999,12925.0,12,0,4,0,0.0
113301,0,0.034136586000000003,73,0,52.0,,7,0,0,0,0.0
113302,0,0.542825109,48,0,1.521457966,1700.0,9,0,1,0,0.0
113303,0,0.0,46,0,0.27571751,3100.0,2,0,1,0,0.0
113306,0,0.37700113799999996,52,0,3764.0,,12,0,2,0,0.0
113307,0,0.153475217,48,0,0.300796991,11166.0,12,0,3,0,0.0
113308,0,0.028809647999999997,50,0,0.398908967,5865.0,9,0,2,0,0.0
113309,0,0.000488542,47,1,1473.0,0.0,14,0,1,0,2.0
113311,0,0.7658564379999999,26,0,0.306538692,1666.0,5,0,0,0,0.0
113312,0,0.068943772,55,0,3115.0,,20,0,1,0,0.0
113313,0,0.551684427,58,0,9059.0,,33,0,1,0,2.0
113316,0,0.17172668600000002,56,0,0.017038637,4166.0,2,0,0,0,0.0
113317,0,0.578671423,44,0,0.375690608,3800.0,5,1,1,0,1.0
113318,1,0.945113242,68,0,0.140797437,5617.0,2,0,0,0,0.0
113319,0,0.112603547,49,0,0.457029845,8342.0,10,0,2,0,0.0
113320,0,0.605780677,36,0,0.377402511,9000.0,6,0,2,0,0.0
113321,0,0.9495515370000001,65,0,3430.0,,15,0,2,0,1.0
113323,0,0.00362387,62,0,13.0,,6,0,0,0,
113324,0,0.11684805300000001,63,0,0.236519951,10700.0,14,0,1,0,0.0
113325,0,0.17882502399999997,64,1,1503.0,,10,0,1,0,0.0
113327,1,0.9999998999999999,55,0,0.260611653,7585.0,3,2,2,1,1.0
113329,0,0.46283616899999996,47,0,0.408733281,5083.0,5,0,2,0,0.0
113330,0,0.054083955999999996,40,0,0.6120186120000001,10100.0,14,0,5,0,3.0
113332,0,0.00664556,54,1,1089.0,,5,0,1,0,
113334,0,0.480414069,42,1,0.116012351,6800.0,6,0,0,0,3.0
113335,0,0.003155485,62,0,0.19094960600000002,2916.0,4,0,0,0,1.0
113337,0,0.0011198080000000001,56,0,0.190629183,3734.0,12,0,1,0,0.0
113339,0,0.36968340299999997,58,1,0.573989071,4574.0,12,0,1,0,0.0
113340,0,0.09063004300000001,47,1,2617.0,,7,0,1,0,0.0
113342,0,0.464238394,41,0,0.401782653,5833.0,6,0,2,0,0.0
113343,0,0.162627595,45,4,0.047804372000000005,15416.0,5,0,0,0,0.0
113344,0,0.922953852,43,1,0.28837109899999996,4677.0,9,0,0,0,0.0
113345,0,0.829074263,39,0,0.397341966,5868.0,10,0,1,0,2.0
113346,0,0.258501374,63,0,0.260674157,5339.0,7,0,1,0,0.0
113347,0,0.5080326039999999,53,0,0.279972003,10000.0,14,0,2,0,0.0
113348,0,0.02087318,61,0,40.0,,4,0,0,0,3.0
113349,0,0.064274945,48,0,0.331954498,2900.0,5,0,1,0,0.0
113350,1,0.9999998999999999,46,1,14.0,,0,2,0,2,0.0
113353,0,0.018908123,57,1,0.5979080139999999,6500.0,19,0,2,0,0.0
113355,0,0.028447577999999998,42,0,0.230588235,5949.0,9,0,1,0,2.0
113356,0,0.01994385,54,0,0.354712042,4583.0,34,0,3,0,3.0
113358,0,0.08752603199999999,67,1,0.8881389829999999,8000.0,24,0,3,0,0.0
113359,0,0.002044616,60,0,0.580549538,8770.0,26,0,2,0,1.0
113360,0,0.9999998999999999,52,0,0.578775806,2760.0,5,0,1,0,0.0
113362,0,0.859067114,42,0,0.117983145,7000.0,8,0,0,0,0.0
113363,1,0.9221556890000001,46,0,0.004331889,3000.0,1,0,0,0,2.0
113364,0,0.033724207,85,0,12.0,,5,0,0,0,0.0
113365,0,0.020971571,65,0,37.0,,8,0,0,0,0.0
113366,0,0.08479106900000001,52,1,0.153040331,21000.0,9,1,2,2,2.0
113367,0,0.8788052390000001,73,0,1.541677191,7917.0,17,0,4,0,1.0
113368,0,0.496398853,49,0,0.378424174,3540.0,4,0,1,0,2.0
113369,0,0.9024597120000001,43,3,0.381680267,8700.0,5,6,1,0,0.0
113371,0,0.123095607,45,0,0.8189209159999999,4058.0,24,0,4,0,1.0
113372,1,0.9370915679999999,44,2,0.45098358,6150.0,11,0,1,1,3.0
113373,0,0.20524450000000002,63,0,0.7002180840000001,5960.0,24,0,4,0,2.0
113374,0,0.14200417199999998,38,0,0.323558814,3000.0,4,0,2,0,3.0
113375,0,0.006573004,40,0,0.383271572,5666.0,7,0,2,0,0.0
113378,0,0.14560518,67,0,1429.0,,5,0,0,0,0.0
113379,0,0.392411367,49,1,0.15026424800000002,7000.0,12,0,1,0,2.0
113382,0,0.0,86,0,0.06760595400000001,8800.0,8,0,0,0,0.0
113383,0,0.056096466,47,0,0.649793776,8000.0,12,0,2,0,2.0
113384,0,0.6445343889999999,37,0,0.20193206600000002,6417.0,6,0,0,0,0.0
113385,0,1.0007691570000001,47,0,0.20530109300000002,4300.0,4,0,1,0,3.0
113387,0,0.098216766,68,0,0.0089985,6000.0,4,0,0,0,1.0
113390,0,0.9999998999999999,60,0,0.161901358,2797.0,4,0,0,0,0.0
113391,0,0.5004995,54,1,0.203263739,4166.0,7,0,0,0,2.0
113392,0,0.21189313699999998,46,0,10773.0,0.0,8,0,4,0,0.0
113393,0,0.9999998999999999,48,0,0.413934426,19275.0,5,0,1,0,2.0
113394,0,1.0453581859999999,48,1,0.569383732,11666.0,4,0,2,0,3.0
113395,0,0.453199165,67,0,0.561863173,3434.0,9,0,1,0,1.0
113397,0,0.366877589,50,0,1.1021843759999999,2700.0,14,0,2,0,0.0
113398,0,0.002380923,50,1,0.26855555600000003,17999.0,14,0,2,0,4.0
113399,0,0.750125595,47,0,0.359425125,7792.0,10,0,1,0,1.0
113400,1,0.043635825999999996,55,6,0.041263622,8166.0,16,0,0,0,2.0
113402,0,0.0,55,0,0.029569892,5579.0,13,0,0,0,0.0
113404,0,0.43684752200000004,31,6,0.074442675,7535.0,14,0,0,1,2.0
113405,0,0.9999998999999999,53,0,0.428897773,1750.0,5,0,0,0,0.0
113406,0,0.203879612,49,1,0.01926113,3166.0,1,0,0,0,0.0
113407,0,0.133460139,61,0,0.378575903,4788.0,11,0,1,0,0.0
113408,0,0.236309608,54,0,0.158290031,22900.0,5,0,2,1,0.0
113409,0,1.03187251,29,0,0.0023931620000000003,2924.0,1,2,0,0,2.0
113413,0,1.014976048,39,0,1059.0,,3,2,0,0,0.0
113414,0,0.543435049,36,1,0.588102974,4000.0,7,0,1,0,0.0
113415,0,0.00037957599999999996,68,0,1140.0,,6,0,0,0,
113416,0,0.585616768,28,0,0.164552623,2916.0,6,0,0,0,0.0
113418,0,0.044457233,30,0,0.154092242,3750.0,7,0,0,0,0.0
113419,0,0.00839832,45,0,0.08172394200000001,14083.0,6,0,0,0,1.0
113420,0,0.18257801899999998,36,0,1733.0,,8,0,1,0,1.0
113421,0,0.0,45,1,0.279902512,10667.0,12,0,2,0,1.0
113422,0,0.02308986,73,0,2.296569143,4750.0,17,0,3,0,0.0
113423,0,0.522206368,67,0,0.66843318,4339.0,12,0,2,0,1.0
113424,0,0.023728447000000003,67,0,0.25574885,5000.0,5,0,2,0,0.0
113425,1,0.9999998999999999,32,0,1494.0,,4,4,0,3,0.0
113426,0,0.001166628,64,0,0.607798165,5667.0,10,0,2,0,1.0
113427,0,0.89394605,55,0,4015.0,,9,0,2,0,2.0
113428,0,0.010577308,35,0,0.326472899,6364.0,9,0,1,0,0.0
113431,0,0.0,58,0,0.132684772,7400.0,6,0,0,0,1.0
113432,0,0.278240558,61,0,0.45136593,5746.0,16,0,1,0,1.0
113433,0,0.0,43,0,0.244764398,6875.0,6,0,1,0,2.0
113434,0,0.9483052909999999,51,1,0.171420171,3400.0,8,1,0,1,0.0
113435,0,0.8522524359999999,50,0,0.529139234,4100.0,13,0,1,0,2.0
113440,0,0.095224536,61,0,0.17812145899999998,15000.0,13,0,2,0,2.0
113443,1,0.115942029,41,0,0.49562442100000004,9712.0,49,0,2,0,4.0
113445,0,1.103930713,26,1,0.285347044,3500.0,10,0,0,0,0.0
113446,0,0.35267526899999996,48,1,0.19847757100000002,35600.0,22,0,2,2,2.0
113447,0,0.7118285440000001,35,0,0.17253839199999998,3320.0,3,0,1,0,2.0
113448,0,0.139291671,56,0,3370.0,,9,0,1,0,
113449,0,0.049966545,49,0,0.117757971,11667.0,9,0,2,0,1.0
113450,0,0.612673416,52,0,0.10197450599999999,4000.0,7,0,0,0,1.0
113451,1,0.942902569,52,0,0.5191189970000001,13075.0,14,3,2,2,1.0
113452,0,0.0076986369999999995,55,0,0.226749812,9300.0,10,0,2,0,4.0
113453,0,0.303236797,41,2,0.036830357,3583.0,3,0,0,0,2.0
113454,0,0.008976535,53,0,899.0,,6,0,1,0,0.0
113455,0,0.065163046,34,0,0.170460855,1800.0,5,0,0,0,0.0
113456,0,0.117209281,61,0,0.18037100399999997,7600.0,6,0,1,0,0.0
113457,0,0.110680742,62,0,0.40879079399999996,5300.0,13,0,2,0,0.0
113459,0,0.075719967,48,0,0.214964173,6000.0,18,0,1,0,0.0
113460,0,0.260091636,41,0,0.112327463,4201.0,6,0,0,0,3.0
113462,0,0.162277076,64,0,2406.0,,5,0,1,0,0.0
113463,0,0.043613707,66,0,288.0,,7,0,0,0,0.0
113465,0,0.9999998999999999,46,0,0.179078845,6404.0,2,0,2,0,0.0
113469,0,0.189891974,50,0,1780.0,,5,0,1,0,0.0
113470,0,0.243547917,61,1,0.38958233299999995,4165.0,9,0,1,0,2.0
113472,0,0.022130382999999997,24,0,0.640682095,820.0,6,0,0,0,0.0
113474,0,0.063448777,35,0,286.0,1.0,2,0,1,0,2.0
113476,0,0.0,34,0,0.514665445,2181.0,10,1,2,0,1.0
113478,0,0.9999998999999999,42,0,0.317954578,7000.0,4,0,1,0,1.0
113481,0,0.013535783000000001,49,0,732.0,1.0,11,0,1,0,3.0
113482,0,0.138874445,74,0,0.337904435,14000.0,8,0,2,0,1.0
113483,0,0.797285406,47,0,0.11249215300000001,7964.0,3,0,0,0,0.0
113487,0,0.48328183,64,0,0.318446926,6000.0,8,0,1,0,1.0
113488,0,0.9999998999999999,21,0,0.0,0.0,0,0,0,0,0.0
113490,0,0.045669915,59,0,0.071330858,10233.0,5,0,0,0,1.0
113491,0,0.058220355,41,0,0.28936275699999997,8065.0,9,0,1,0,2.0
113493,0,0.14159849,70,0,0.016662038,3600.0,4,0,0,0,0.0
113495,0,0.09664569699999999,43,0,0.422929512,6000.0,19,0,4,0,1.0
113496,0,0.099726185,46,0,0.077051229,2400.0,4,0,0,0,1.0
113497,0,0.150969601,61,0,0.791492594,5265.0,13,0,4,0,0.0
113498,0,0.9678222959999999,55,0,3786.0,,10,0,1,0,0.0
113499,0,0.029599407999999997,67,0,0.20221253100000003,9400.0,7,0,2,0,1.0
113501,0,0.01207863,62,0,40.0,,4,0,0,0,0.0
113502,0,0.108356215,31,0,0.093538022,2800.0,8,0,0,0,0.0
113503,0,0.0,33,0,0.058117835,3750.0,8,2,0,0,0.0
113505,0,0.28334650699999997,67,1,0.08585614800000001,14500.0,10,0,0,0,0.0
113506,0,0.101549855,67,0,0.235826087,11499.0,6,0,1,0,0.0
113508,0,1.025374856,45,1,0.12617789,4350.0,6,0,0,0,1.0
113509,0,0.064803297,47,1,0.389178175,4416.0,12,0,1,0,1.0
113510,0,0.095645218,53,0,0.003930763,14500.0,1,0,0,0,1.0
113511,0,0.004840733,38,0,100.0,,15,0,0,0,
113512,1,1.513981358,54,2,145.0,,4,0,0,0,0.0
113513,0,0.158880208,55,0,0.31504329,9239.0,11,0,2,0,0.0
113514,0,0.101986517,62,0,0.306509374,4746.0,9,0,1,0,0.0
113517,0,0.078230692,53,0,239.0,,4,0,0,0,0.0
113518,0,0.066770604,76,0,898.0,,2,0,1,0,0.0
113519,0,0.07810459,69,0,1.143283582,2009.0,8,0,2,0,0.0
113520,0,1.139813582,39,2,0.480141964,5916.0,8,2,2,2,3.0
113523,0,0.748726463,28,1,0.285063291,3949.0,8,0,0,0,0.0
113524,0,0.032874315,78,0,0.006713327,7000.0,6,0,0,0,0.0
113527,0,0.019201276,53,0,0.743001866,3750.0,7,0,1,0,0.0
113529,0,0.105059556,45,0,0.320139697,7730.0,18,0,1,0,2.0
113530,0,0.132531221,52,0,0.120169651,8487.0,8,0,1,0,0.0
113531,0,0.9999998999999999,46,1,0.0,2000.0,1,0,0,0,0.0
113534,0,0.339150986,45,0,0.45627867,6975.0,5,0,2,0,2.0
113536,0,0.12147329800000001,74,0,0.372406898,4000.0,12,0,2,0,0.0
113537,0,0.0,61,0,0.23522675199999998,8731.0,8,0,2,0,0.0
113538,0,0.9999998999999999,52,0,0.05890023900000001,4600.0,2,0,0,0,2.0
113539,0,0.021622979,41,0,1378.0,,7,0,1,0,0.0
113542,1,0.49599623200000004,61,7,0.087974864,3500.0,13,3,0,3,0.0
113543,0,0.882823495,56,0,0.308588847,5576.0,8,0,0,0,0.0
113544,0,0.007310949000000001,90,0,0.0014116320000000001,7083.0,5,0,0,0,0.0
113545,0,0.99996219,66,0,0.224027947,13167.0,9,0,1,0,0.0
113546,0,0.573336078,53,0,1.504678363,1709.0,12,0,1,0,0.0
113547,0,0.318173401,48,0,0.081935291,6675.0,3,0,0,0,0.0
113549,0,0.743870631,58,0,6148.0,,10,0,2,0,0.0
113550,0,0.650074058,44,1,5790.0,,13,0,3,0,0.0
113551,0,0.936553172,65,3,0.441912232,9433.0,6,0,2,0,0.0
113552,0,0.081902905,52,0,0.024457776,4333.0,8,0,0,0,0.0
113554,0,0.138172366,29,0,0.011104942,1800.0,2,0,0,0,0.0
113555,0,0.040375521,79,0,552.0,,3,0,0,0,0.0
113556,0,0.41590377700000003,35,0,0.314900154,3254.0,7,0,1,0,0.0
113557,0,0.404299898,53,0,0.33940673299999996,9000.0,8,0,2,0,0.0
113558,1,1.03998334,27,2,0.434969854,1160.0,4,0,0,0,0.0
113559,0,0.06608909,65,0,0.309167166,6675.0,10,0,1,0,0.0
113560,0,0.238850743,40,0,0.365176538,7023.0,5,0,1,0,1.0
113561,0,0.049576068,62,0,0.228525494,4353.0,7,0,1,0,0.0
113562,0,0.059347033,37,0,0.12448910099999999,5871.0,2,0,1,0,2.0
113563,0,0.024509595,94,1,225.0,,3,2,0,0,
113564,0,0.512948705,39,0,0.22433155100000002,3739.0,5,0,0,0,1.0
113565,0,0.0032518190000000004,46,0,0.118800339,9435.0,8,0,0,0,3.0
113566,0,0.71314741,63,1,0.145588874,2300.0,3,0,0,0,0.0
113567,0,0.0,61,0,0.228954322,10595.0,12,0,2,0,2.0
113568,0,1.038922954,25,1,159.0,,4,1,0,2,0.0
113569,0,0.081136105,58,0,2090.0,,17,0,1,0,0.0
113571,0,0.15396020800000002,45,0,4541.0,,8,0,2,0,3.0
113572,0,0.224478299,55,0,0.8032845409999999,2800.0,7,0,1,0,1.0
113574,1,0.876123876,41,1,220.0,,4,3,0,0,0.0
113575,0,0.0,47,1,0.440549331,8300.0,5,0,1,0,3.0
113577,0,0.5737387939999999,68,0,0.269268103,5150.0,5,0,1,0,1.0
113579,0,0.267392866,34,0,0.68725004,6250.0,15,0,1,0,0.0
113581,0,0.028905896,43,1,4904.0,,8,0,2,0,3.0
113582,0,0.0,24,0,0.017052375,820.0,2,0,0,0,0.0
113583,0,0.0,46,0,0.0,,2,0,0,0,0.0
113584,0,0.224268783,46,0,2379.0,,11,0,1,0,4.0
113585,0,0.9999998999999999,72,0,0.009926912,9166.0,0,0,0,0,0.0
113586,0,0.021174471,58,0,0.16089613,7855.0,9,0,1,0,0.0
113587,0,0.12418758099999999,62,0,1285.0,,3,0,1,0,2.0
113589,0,0.9999998999999999,62,0,66.0,,1,0,0,0,0.0
113590,0,0.036959627,57,0,0.322111859,15000.0,14,0,1,0,0.0
113591,0,0.6722899090000001,27,0,0.250111062,2250.0,4,0,0,0,0.0
113592,0,0.143242838,38,0,1.4502748630000002,2000.0,8,0,2,0,2.0
113593,0,0.171892746,53,0,0.288995543,5833.0,7,0,2,0,1.0
113594,1,0.311459945,25,0,0.15403961,3180.0,7,0,0,0,1.0
113595,0,0.057152123,73,0,0.01224094,8250.0,9,0,0,0,0.0
113597,0,0.0,43,0,0.0,1333.0,1,0,0,0,2.0
113598,0,0.067853912,56,0,0.8458705940000001,1900.0,5,0,1,0,2.0
113599,0,0.565303952,47,0,0.651380135,4600.0,11,0,2,0,2.0
113600,0,0.028815302,38,0,0.263164911,7500.0,4,0,2,0,0.0
113601,0,0.003999867,55,0,0.001953125,1535.0,3,0,0,0,0.0
113603,0,0.9506118440000001,44,0,0.32950759,2700.0,7,0,0,0,2.0
113606,0,0.9999998999999999,76,0,1474.0,,6,0,1,0,0.0
113607,0,0.005308898,80,0,3.0,,6,0,0,0,0.0
113610,0,0.051981472,71,0,0.003230272,6500.0,1,0,0,0,0.0
113611,0,0.9999998999999999,59,0,0.41023622,2539.0,4,0,0,0,0.0
113612,0,0.709184494,57,0,0.5271705179999999,1600.0,8,0,0,0,0.0
113613,0,0.00952089,62,0,0.070377479,4688.0,9,0,0,0,0.0
113614,0,0.5734112020000001,52,0,0.35870186299999995,8750.0,10,0,1,0,3.0
113615,0,0.189434811,68,0,0.21169286399999998,8842.0,14,0,1,0,0.0
113616,0,0.042096375,60,0,0.30703194,7920.0,15,0,2,0,0.0
113617,0,0.029195729,49,0,0.652070064,2511.0,10,0,1,0,0.0
113618,0,0.079220022,49,0,0.35251638700000004,9000.0,9,0,2,0,4.0
113619,0,0.55796152,56,0,0.510744628,2000.0,7,0,0,0,0.0
113620,0,0.383478401,67,0,4368.0,,5,0,1,0,0.0
113621,0,0.759450172,58,0,0.49263019999999996,3052.0,7,0,0,0,3.0
113622,0,0.047653768,58,0,3153.0,,9,0,3,0,0.0
113623,0,0.9999998999999999,51,0,0.15283165199999998,3866.0,1,0,0,0,3.0
113624,0,0.00966139,67,0,2612.0,,18,0,3,0,0.0
113625,0,0.977301135,67,0,0.160467436,14033.0,10,0,1,0,1.0
113626,0,0.160122882,68,0,0.312127237,3017.0,11,0,1,0,0.0
113629,0,0.6608993129999999,59,0,5907.0,,17,0,2,0,0.0
113630,0,0.9425880529999999,60,0,338.0,,14,0,0,0,
113633,0,0.006859863000000001,87,0,0.0063124669999999996,1900.0,7,0,0,0,0.0
113634,0,0.050751747,56,0,713.0,,7,0,1,0,0.0
113635,0,0.637307173,75,0,3356.0,,15,0,0,0,0.0
113637,0,0.026697609,63,1,1579.0,,7,0,1,0,3.0
113639,0,0.10109541699999999,67,0,0.407830617,5950.0,14,0,2,0,0.0
113640,0,0.045153475,52,0,0.024821002,2094.0,6,0,0,0,1.0
113641,0,0.15082286,63,0,0.23099683699999998,9800.0,7,0,2,0,1.0
113642,0,0.0019138389999999999,84,0,0.038314176,260.0,17,0,0,0,0.0
113646,0,0.229177082,29,0,0.232383808,2000.0,7,0,0,0,0.0
113648,0,0.040379192,64,0,0.24142997100000002,6125.0,6,0,2,0,1.0
113649,0,0.6535247479999999,41,0,1.351824088,2000.0,8,0,2,0,1.0
113651,1,0.187198439,39,3,0.12005866300000001,15000.0,13,0,0,0,1.0
113652,0,0.9999998999999999,53,1,0.19008999,9000.0,1,0,1,0,0.0
113653,0,0.124218945,64,0,0.006481481,2159.0,2,0,0,0,0.0
113655,0,0.281711588,38,0,0.42060667700000004,5900.0,11,0,1,0,3.0
113659,0,0.342063616,52,0,0.697292293,4320.0,18,0,1,0,0.0
113661,0,0.324481556,54,0,0.33678390799999997,8500.0,14,0,1,0,1.0
113663,0,0.476197279,41,0,0.567520053,9100.0,10,0,3,0,3.0
113664,0,0.006397440999999999,24,0,0.0,416.0,2,0,0,0,0.0
113665,0,0.049801924000000004,48,0,256.0,,3,0,0,0,0.0
113666,0,0.907022331,46,0,0.348667478,9042.0,6,0,2,0,3.0
113667,0,0.091199432,59,0,0.569105691,4796.0,16,0,2,0,1.0
113669,0,0.17569874600000002,55,0,0.013272705,8136.0,2,0,0,0,0.0
113670,0,0.061226998,58,0,0.380499284,9773.0,8,0,1,0,1.0
113671,0,0.9913347779999999,30,0,0.092530876,5100.0,6,0,0,0,0.0
113672,1,0.485303882,48,0,0.747914318,4434.0,16,0,2,0,0.0
113673,0,0.648905202,52,0,0.123552762,6045.0,4,0,0,0,2.0
113676,0,0.033628786,47,1,0.19000979399999998,8167.0,19,0,1,0,3.0
113679,0,0.028219436,69,0,0.024263432,1730.0,5,0,0,0,0.0
113681,0,0.10763079,44,1,0.5765705720000001,6000.0,6,0,2,0,0.0
113682,1,0.9500782409999999,41,1,2466.0,,8,0,1,1,0.0
113683,0,0.17531938,54,0,0.32454052,10500.0,9,0,2,0,2.0
113684,0,0.040363379,78,0,0.012024571999999999,7650.0,13,0,0,0,0.0
113685,0,0.129336241,58,0,0.6160260320000001,4916.0,9,0,2,0,1.0
113686,0,0.779088729,52,0,0.258882342,5600.0,9,0,1,0,0.0
113687,0,0.28975955600000003,38,0,0.748961698,2166.0,9,0,1,0,1.0
113689,0,0.021502106,76,0,0.247729356,12000.0,9,0,1,0,1.0
113690,0,0.495864307,65,0,0.21808269,2200.0,13,0,0,0,0.0
113691,0,0.457121089,80,0,0.521363967,19237.0,7,0,3,0,0.0
113692,0,0.505875526,67,0,0.39009328600000004,7610.0,11,0,2,0,1.0
113693,0,0.039474311,53,0,2168.0,,4,0,1,0,0.0
113695,0,0.265255857,57,1,1216.0,,12,0,1,0,1.0
113696,0,0.022652238999999998,43,0,0.5275944810000001,3333.0,13,0,2,0,0.0
113697,0,0.485309055,50,3,0.28776470600000004,8499.0,9,0,2,0,1.0
113698,0,0.49330902,38,0,0.259274073,10000.0,15,0,1,0,2.0
113699,0,0.025278896000000002,49,0,0.501193951,3768.0,8,0,2,0,2.0
113700,0,0.718871099,53,0,0.558684831,7633.0,16,0,2,0,2.0
113701,0,0.0257425,57,0,0.144462432,10500.0,17,0,1,0,0.0
113703,0,0.236636182,51,0,0.152472929,3416.0,18,0,0,0,0.0
113704,0,0.9999998999999999,59,0,0.375223135,2800.0,2,0,1,0,1.0
113707,0,0.018054715,62,0,28.0,,4,0,0,0,0.0
113708,0,0.955459855,57,0,2517.0,,7,0,1,0,0.0
113709,0,0.030755094,50,0,0.41663334700000004,2500.0,9,0,0,0,0.0
113710,0,0.45223811700000005,42,0,1.237442922,656.0,5,1,0,0,0.0
113711,0,0.009327716,41,0,0.673525037,4033.0,8,0,1,0,0.0
113712,0,0.7046476759999999,23,0,0.020989505,2000.0,2,0,0,0,0.0
113713,1,0.9999998999999999,35,1,0.144234202,2800.0,1,0,0,0,1.0
113714,0,0.333989604,64,0,0.41611154100000003,6454.0,9,0,1,0,0.0
113717,0,0.098842352,52,0,0.081317844,5250.0,5,0,0,0,0.0
113719,0,0.348351741,47,0,0.110830439,9500.0,9,0,0,0,0.0
113724,0,0.36399374100000004,54,0,0.419684515,4500.0,7,0,1,0,3.0
113725,1,0.002036527,67,0,0.081590675,5833.0,7,0,0,0,0.0
113727,0,0.926952813,61,0,1467.0,,5,0,1,0,0.0
113729,0,0.388906111,85,0,0.089347685,17000.0,8,0,0,0,0.0
113731,0,0.033705076,69,0,0.312329093,8410.0,6,0,2,0,1.0
113732,0,0.9999998999999999,42,0,0.36886632799999997,6500.0,8,0,1,0,0.0
113733,0,0.47881514799999997,29,0,0.43730996200000005,5590.0,6,0,1,0,2.0
113734,0,0.005376614,50,0,1232.0,,3,0,1,0,
113736,0,0.429405882,59,0,0.370394522,9200.0,15,0,2,0,0.0
113738,0,1.0342075259999999,50,0,0.10892659,6306.0,3,0,0,0,5.0
113741,0,0.001679601,79,0,0.007569386,3566.0,7,0,0,0,1.0
113742,1,1.0382880140000001,35,0,0.13022302,3900.0,2,0,0,0,4.0
113745,0,0.9999998999999999,45,0,0.076889183,4538.0,1,0,0,0,2.0
113746,0,0.512274386,58,0,2427.0,,4,0,1,0,
113747,0,0.0030684090000000002,63,0,0.022061483,13824.0,3,0,0,0,1.0
113751,0,0.380117308,62,0,5629.0,,23,0,5,0,
113752,0,0.033486826000000004,59,0,0.233598539,7666.0,17,0,0,0,0.0
113753,0,0.403263869,54,1,0.29302469600000003,12916.0,8,0,1,0,0.0
113754,0,0.006084976999999999,47,0,0.00119994,6666.0,6,0,0,0,3.0
113755,0,0.140583067,42,0,0.663072776,4080.0,7,0,2,0,0.0
113756,0,0.970124175,38,2,0.502399409,5417.0,12,0,0,1,0.0
113757,0,0.012557779,56,0,36.0,,13,0,0,0,0.0
113758,0,0.32918625,50,0,0.479125249,3520.0,9,0,2,0,0.0
113760,0,0.0,45,0,0.26295986600000004,7175.0,6,0,1,0,2.0
113761,0,1.0179820179999999,22,0,0.07730756400000001,3000.0,2,0,0,0,0.0
113762,0,0.014319087,51,0,1269.0,,8,0,1,0,0.0
113763,1,0.6713074290000001,69,6,0.212590952,3160.0,11,2,0,0,1.0
113765,0,0.0,91,0,0.0,,6,0,0,0,0.0
113767,0,0.087491587,55,0,0.127860027,5200.0,5,1,1,0,4.0
113770,0,0.08899555,65,0,2049.0,,6,0,1,0,0.0
113772,0,0.047558696,62,0,0.342176086,2600.0,9,0,1,0,1.0
113773,0,0.002455429,50,0,0.289703316,4583.0,7,0,1,0,1.0
113774,0,0.0,57,0,0.6098558629999999,5133.0,13,0,2,0,0.0
113775,0,0.351426266,29,0,0.362659335,4000.0,8,0,1,0,3.0
113776,0,0.0059499209999999995,73,0,0.137875101,2465.0,4,0,0,0,0.0
113777,0,0.071054298,74,0,0.28489534699999997,7500.0,7,0,1,0,1.0
113778,0,0.15776842300000002,36,0,0.735397383,3132.0,9,0,2,0,0.0
113779,0,0.139087563,55,0,0.206518562,6841.0,6,0,1,0,2.0
113780,0,0.040048482,40,0,1053.0,,4,0,1,0,0.0
113782,0,0.39223291600000004,54,0,5111.0,,14,0,2,0,1.0
113783,0,0.143035037,48,1,2443.0,,11,0,2,0,0.0
113786,0,0.2099958,57,0,0.12698186,7000.0,4,0,0,0,0.0
113787,0,0.028158874,48,0,0.304705472,14344.0,6,0,4,0,0.0
113788,0,0.017428686000000002,78,0,1462.0,,8,0,1,0,0.0
113789,0,0.021532616,56,0,0.400742645,3500.0,9,0,1,0,0.0
113790,0,0.895389743,50,1,866.0,,5,0,0,0,3.0
113791,0,0.855499907,53,0,0.422251245,12250.0,9,0,1,0,2.0
113793,0,0.062888236,81,0,0.353176366,2250.0,8,0,1,0,0.0
113794,0,0.126321841,63,0,0.496209182,16750.0,9,0,4,0,0.0
113795,0,0.012994792,41,1,1.4207895190000002,5800.0,14,0,4,0,3.0
113796,0,0.004999,78,0,0.0,6220.0,3,0,0,0,0.0
113797,0,0.548873642,67,0,0.399834983,6059.0,8,0,1,0,0.0
113798,0,0.661676919,41,0,0.374456994,3452.0,10,0,0,0,3.0
113799,0,0.173595915,62,0,0.176303949,6000.0,10,0,0,0,1.0
113801,0,0.614487656,85,3,5.053191489,375.0,17,0,2,0,0.0
113802,0,0.8414022109999999,81,0,0.766681798,4405.0,20,0,0,0,0.0
113804,0,0.291077005,33,0,1850.0,,11,0,2,0,0.0
113806,0,0.0,31,0,0.312076436,9000.0,4,0,1,0,2.0
113807,0,0.26760644100000003,38,0,0.16256748699999998,5000.0,7,0,0,0,3.0
113808,0,0.080836033,72,0,0.8752499,2500.0,10,0,3,0,0.0
113810,0,0.03745876,51,0,0.44271926100000003,2382.0,9,0,1,0,0.0
113812,0,0.9603359779999999,57,0,0.6824683290000001,2446.0,4,0,2,0,0.0
113813,0,0.724685021,42,0,0.30948696600000003,8400.0,6,1,1,0,2.0
113815,0,0.0,82,0,0.0,5507.0,5,0,0,0,1.0
113816,0,0.133949071,77,0,0.24780803,6500.0,17,0,1,0,0.0
113817,0,1.00559944,35,0,0.27504659800000003,17167.0,9,0,2,0,3.0
113818,0,0.114588349,33,0,0.6781133640000001,4833.0,8,0,2,0,0.0
113819,0,0.033904439,53,0,0.561676211,11000.0,8,0,1,0,4.0
113820,0,0.275897095,55,0,0.44377785399999997,5833.0,20,0,1,0,0.0
113821,0,0.185978815,46,0,0.45903829,11229.0,11,0,2,0,0.0
113823,0,0.154736922,56,0,191.0,,8,0,0,0,0.0
113824,0,0.043656407,59,1,0.201277337,10333.0,4,0,1,0,3.0
113826,0,0.252334755,41,0,0.152282495,8608.0,8,0,0,0,0.0
113829,0,0.34927189700000005,33,0,0.341331734,3333.0,4,0,1,0,1.0
113830,0,0.040139756,71,1,4269.0,,14,0,2,0,1.0
113831,0,0.284339458,56,0,0.27570611,10833.0,9,0,2,0,1.0
113833,0,0.418269755,61,0,1268.0,,5,0,1,0,1.0
113834,0,0.093332195,33,0,162.0,1.0,7,0,0,0,0.0
113835,1,0.9999998999999999,38,0,0.110065535,5950.0,2,1,0,0,3.0
113837,0,0.204043571,54,0,0.269105312,8583.0,12,0,2,0,4.0
113838,0,0.015874100000000002,70,0,0.416329445,4200.0,13,0,0,0,0.0
113840,0,0.9999998999999999,34,1,0.034051859,3200.0,2,6,0,1,2.0
113841,0,0.852959157,63,1,0.5729654470000001,7900.0,24,0,1,0,0.0
113846,0,0.011734892,33,0,0.02298399,10180.0,5,0,0,0,2.0
113848,0,0.0,74,0,0.21984296899999997,1400.0,6,0,1,0,0.0
113849,0,0.240464345,58,2,0.242206235,1250.0,8,0,0,1,0.0
113851,0,0.016888514,59,0,0.049300061,4928.0,9,0,0,0,1.0
113854,0,0.00048217,39,0,1679.0,,8,0,1,0,0.0
113855,0,0.024078624,27,0,0.242504997,1500.0,14,0,0,0,0.0
113856,0,0.573178713,32,0,0.385108086,3746.0,9,0,0,0,3.0
113857,0,0.6815664709999999,58,0,0.17775184800000002,15425.0,9,0,1,0,1.0
113858,0,0.862062278,66,0,0.121644324,29166.0,13,0,1,0,0.0
113859,0,0.245187952,60,0,5161.0,,18,0,1,0,0.0
113860,0,0.0,59,0,0.22349782399999998,10800.0,16,0,1,0,1.0
113861,1,0.061226905,39,0,0.43229396700000006,11320.0,14,0,5,0,5.0
113862,0,0.001217338,57,0,1460.0,,2,0,1,0,0.0
113863,0,0.113557311,63,0,0.347686975,7500.0,20,0,2,0,0.0
113864,0,0.026966367,37,0,0.08889292900000001,5500.0,9,0,0,0,1.0
113866,0,0.023541209,66,0,0.161043312,4178.0,8,0,0,0,0.0
113867,0,0.225877412,46,0,0.314521112,4854.0,2,0,1,0,2.0
113868,1,0.346181743,55,0,0.041132349,4132.0,10,1,0,0,0.0
113869,0,0.0,41,0,997.0,,4,0,1,0,1.0
113871,0,0.031659367,60,0,0.170069855,7443.0,11,0,1,0,3.0
113872,0,0.8748812029999999,60,0,0.5520574429999999,3620.0,10,0,1,0,0.0
113873,0,0.373863266,48,0,0.259606373,3200.0,6,0,0,0,0.0
113874,0,0.001357046,29,0,0.578333905,2916.0,7,0,2,0,0.0
113875,0,0.0,48,0,0.0,,1,0,0,0,0.0
113876,0,0.007556106999999999,73,0,0.003747658,1600.0,3,0,0,0,0.0
113877,0,0.054079315999999995,64,0,0.875138735,3603.0,9,0,2,0,0.0
113878,0,0.395321982,60,0,4671.0,,11,0,2,0,1.0
113879,0,0.016332789,48,2,1.71685543,1500.0,6,1,2,0,2.0
113882,0,0.03478908,40,0,0.00659868,3333.0,1,0,0,0,2.0
113883,0,0.160843302,60,0,0.37730609,5040.0,11,0,1,0,0.0
113885,1,0.9786950729999999,27,2,0.3885,1999.0,5,3,0,1,0.0
113886,0,0.149566087,54,0,0.42582897,4583.0,6,0,1,0,0.0
113888,0,0.9999998999999999,38,0,0.636671078,6800.0,11,0,1,0,0.0
113890,0,0.375864343,56,0,0.278036598,20820.0,5,0,2,0,3.0
113891,0,0.010989881000000002,46,0,15.0,,8,0,0,0,0.0
113892,0,0.0,54,0,2085.0,,9,0,1,0,0.0
113893,0,0.9999998999999999,41,0,0.196097097,2100.0,2,0,0,0,2.0
113894,1,0.978315875,44,3,0.46954076899999997,6401.0,24,0,1,0,3.0
113895,0,0.9999998999999999,28,0,0.091113611,8000.0,2,0,0,0,0.0
113896,1,0.8001998,32,0,0.659817352,2189.0,4,2,0,2,1.0
113897,0,0.08575566400000001,47,0,1940.0,,5,0,1,0,0.0
113898,0,0.409324787,46,0,0.3255,5999.0,13,1,1,0,2.0
113899,0,0.167686405,63,0,0.338326406,12750.0,18,0,2,0,1.0
113900,0,0.006104474,85,0,0.000939261,6387.0,5,0,0,0,0.0
113901,0,0.08658338800000001,72,0,0.101042331,4700.0,17,0,0,0,0.0
113903,0,0.782770335,42,0,0.16993930699999998,2800.0,8,0,0,0,1.0
113904,0,0.01279936,50,0,106.0,,3,0,0,0,0.0
113905,0,0.01478545,69,0,34.0,,6,0,0,0,0.0
113906,0,0.0,38,0,0.063431652,6305.0,3,0,0,0,0.0
113908,1,0.8290569809999999,32,0,0.221564161,6584.0,5,1,1,0,3.0
113909,0,0.504366376,52,0,0.652115961,3000.0,6,0,1,0,0.0
113910,1,0.5470377470000001,53,1,0.272218491,4466.0,6,1,0,0,2.0
113911,0,0.232280645,67,0,0.581693221,3200.0,13,0,1,0,0.0
113913,0,0.078148112,53,0,0.37348116600000003,6583.0,10,0,1,0,3.0
113914,0,0.006096578,32,0,0.162332647,7767.0,5,0,1,0,0.0
113915,0,0.312468753,59,0,0.253402838,3452.0,8,0,1,1,0.0
113916,0,0.017205577,58,0,0.00575922,9028.0,18,0,0,0,0.0
113917,0,0.13681817599999999,49,0,4815.5,1.0,14,0,1,0,5.0
113918,0,0.409845269,52,1,0.393490834,10200.0,9,0,2,0,3.0
113919,0,0.032855265,38,0,0.211159915,6146.0,6,0,2,0,1.0
113920,1,0.9999998999999999,44,1,0.604059376,3300.0,3,0,1,2,5.0
113921,0,0.050559935,80,0,0.083958021,2000.0,10,0,1,0,0.0
113922,0,0.174236663,31,0,0.664493698,2300.0,9,0,2,0,0.0
113924,0,0.07574684400000001,31,0,0.028874484,6787.0,6,0,0,0,0.0
113925,0,0.022171827999999998,71,0,47.0,,10,0,0,0,0.0
113927,0,0.621236021,53,0,0.352136392,4750.0,19,0,0,0,3.0
113928,0,0.051364600999999996,66,0,3522.0,,7,0,1,0,0.0
113930,0,0.9999998999999999,38,0,0.443704197,1500.0,3,0,0,0,0.0
113931,0,0.0,53,0,0.633596267,9000.0,7,0,2,0,2.0
113932,0,0.020199192,77,0,0.210114574,16233.0,3,0,1,0,1.0
113933,0,0.216063471,46,0,0.125209147,3585.0,4,0,0,0,2.0
113934,1,0.206332194,86,1,0.200275767,2900.0,15,0,0,0,0.0
113935,1,0.7770571540000001,56,0,0.29050639699999997,9300.0,8,0,1,0,0.0
113936,0,0.475217461,32,2,0.297168877,5050.0,10,0,0,0,0.0
113937,0,0.03186818,91,0,0.004564225,4600.0,3,0,0,0,0.0
113938,0,0.12744437,30,0,0.391101346,3640.0,6,0,1,0,0.0
113939,0,0.000591825,88,0,782.0,,5,0,1,0,1.0
113941,0,0.282826252,43,0,0.428248952,3100.0,16,0,0,0,0.0
113942,0,0.095353437,76,0,1.591408591,1000.0,6,1,1,0,0.0
113945,0,0.813457695,26,0,0.109722569,4000.0,4,0,0,0,0.0
113946,0,0.0054887569999999995,42,0,3377.0,,9,0,2,0,0.0
113947,0,0.001266646,64,0,0.09692411699999999,11833.0,6,0,1,0,2.0
113948,0,0.089991744,57,1,1350.0,,9,0,1,0,0.0
113949,0,0.151036159,66,0,4126.0,,7,0,2,0,0.0
113950,0,0.016725069,74,0,968.0,,11,0,1,0,0.0
113951,0,0.098656362,46,0,0.467976089,9367.0,11,0,2,0,3.0
113952,0,0.549163935,47,2,2.1312458359999997,1500.0,13,0,1,0,0.0
113954,0,0.5982009,23,0,0.008972058,3900.0,2,0,0,0,0.0
113955,0,0.020992754,87,0,26.0,,3,0,0,0,0.0
113956,0,0.662789511,43,1,969.0,,5,0,0,1,1.0
113957,0,0.09261342300000001,36,1,0.24726570899999997,4662.0,4,1,1,0,1.0
113958,0,0.054572293,62,0,112.0,,5,0,0,0,0.0
113962,0,0.407467953,34,0,0.148295386,8300.0,12,0,0,0,0.0
113963,0,0.096540099,63,0,100.0,,3,0,0,0,0.0
113964,0,0.9999998999999999,52,4,0.581808396,5573.0,7,1,1,0,3.0
113965,0,0.9999998999999999,45,0,1.033251663,2856.0,2,0,1,0,0.0
113971,0,0.229356686,39,0,0.266564989,5900.0,10,0,1,0,2.0
113972,0,0.594026407,28,0,193.0,,8,0,0,0,
113973,0,0.9999998999999999,25,0,0.078640453,3000.0,1,0,0,0,0.0
113975,0,0.039719505,70,0,0.21368375899999997,7000.0,10,0,1,0,1.0
113976,0,0.0,42,0,0.894706625,8708.0,9,0,4,0,2.0
113977,0,0.08430743800000001,34,0,0.364263574,10000.0,8,0,2,0,2.0
113978,0,0.009621491999999999,47,0,1668.0,,6,0,1,0,0.0
113979,0,0.182856625,58,1,0.325489282,8583.0,9,0,1,0,0.0
113980,0,0.0,29,0,0.802003817,4191.0,5,0,0,1,2.0
113982,0,0.9999998999999999,32,2,645.0,,2,0,0,0,1.0
113983,0,0.126709946,62,0,0.23821320699999998,12916.0,20,0,1,0,0.0
113987,0,1827.0,41,0,0.482371613,8820.0,4,0,2,0,3.0
113989,0,0.024449389,29,0,0.0044039479999999995,6584.0,2,0,0,0,0.0
113990,0,0.053472085,66,0,1855.0,,9,0,1,0,1.0
113993,0,0.49868669600000004,35,0,1.164583734,5200.0,7,0,2,0,1.0
113996,0,0.603141045,53,0,0.366558991,6500.0,5,0,1,0,0.0
113998,0,0.318692045,41,0,0.46031604299999995,11200.0,15,0,4,0,3.0
113999,0,0.16784923300000001,63,0,5337.0,,17,0,2,0,0.0
114000,0,0.29424966199999997,69,0,0.652449184,3000.0,13,0,1,0,0.0
114004,0,0.16802650100000002,29,0,0.479638009,1546.0,13,0,0,0,0.0
114006,0,0.010301229,60,0,0.264713622,11400.0,9,0,2,0,0.0
114007,0,0.385703206,42,0,0.652069586,5000.0,14,0,2,0,0.0
114009,0,0.02811245,56,0,0.024779503999999997,16666.0,4,0,0,0,3.0
114010,1,0.0,46,0,0.29998154,10833.0,9,0,2,0,1.0
114011,0,0.632195401,25,0,0.329177057,400.0,2,0,0,0,0.0
114012,1,0.915394707,58,2,0.603046775,14900.0,14,0,6,0,0.0
114013,0,0.07915003400000001,51,0,1862.0,,7,0,1,0,0.0
114014,0,0.9999998999999999,23,0,152.0,0.0,2,0,0,0,0.0
114015,0,0.913672422,31,0,0.23852295399999998,5009.0,4,1,0,0,1.0
114016,0,0.990267316,66,0,0.352124183,6119.0,4,0,2,0,0.0
114017,0,0.49580409,41,0,0.357202378,18000.0,5,0,2,0,3.0
114019,0,0.0,80,0,0.0,7591.0,4,0,0,0,0.0
114020,0,0.25451333800000003,46,0,2123.0,,8,0,2,1,0.0
114021,0,0.023548822999999997,42,0,0.261788986,8842.0,4,0,1,0,2.0
114024,1,0.701195219,34,1,0.059443394000000004,3700.0,3,3,0,0,3.0
114025,0,0.219310681,61,0,2932.0,,16,0,2,0,1.0
114027,0,0.0,50,0,0.20571582600000002,3708.0,10,0,2,0,1.0
114028,1,0.9999998999999999,50,0,0.7791361040000001,2453.0,5,0,1,0,0.0
114029,0,0.072589505,61,0,0.00669507,11500.0,4,0,0,0,2.0
114030,0,0.153676872,43,0,0.063358733,50000.0,7,0,1,0,2.0
114031,0,0.0,47,0,0.716457621,2630.0,4,0,2,0,2.0
114032,0,0.0,65,0,1102.0,,7,0,1,0,0.0
114034,0,0.1591817,67,1,0.24915017,5000.0,8,0,1,0,0.0
114035,0,0.119052775,60,0,1769.0,,11,0,1,0,0.0
114038,0,0.027377691000000003,68,0,0.636630232,3750.0,9,0,1,0,0.0
114041,0,0.25998737899999996,32,3,0.669724771,6866.0,15,0,3,0,0.0
114043,0,0.0,46,0,0.386131644,2840.0,5,0,1,0,0.0
114044,0,0.165441728,63,0,0.17557193899999998,13156.0,7,0,1,0,1.0
114045,0,0.0,71,0,0.18529215699999999,4500.0,9,0,1,0,0.0
114046,0,0.298970875,47,0,0.125360508,5200.0,7,0,0,0,0.0
114050,0,0.018432243,65,0,0.252797969,8666.0,11,0,3,0,0.0
114051,0,0.003377045,78,0,404.0,,4,0,0,0,0.0
114054,0,0.666212163,44,0,0.223764431,7708.0,7,0,2,0,1.0
114055,0,0.127328617,50,0,0.20740254100000002,9131.0,4,0,1,0,2.0
114056,0,0.09807285,68,0,0.074398249,4112.0,9,0,0,0,1.0
114057,0,0.617484124,80,0,0.24908424899999998,545.0,3,0,0,0,0.0
114058,0,0.037844697999999996,53,0,0.500666489,3750.0,4,0,1,0,0.0
114059,0,0.33085670699999997,53,0,0.262773723,10000.0,18,0,1,0,1.0
114061,0,0.038641273999999996,56,0,0.504483656,3456.0,3,0,1,0,0.0
114062,0,0.9999998999999999,41,0,410.0,,2,0,0,0,2.0
114063,0,0.008084761999999999,59,0,0.001589825,3144.0,4,0,0,0,1.0
114064,0,0.17702227399999998,37,0,1342.0,,7,0,2,0,0.0
114065,0,0.04027756,62,0,0.367351651,4330.0,15,0,1,0,1.0
114068,0,0.006100638,72,0,3.0,,8,0,0,0,0.0
114070,0,0.09937090800000001,39,0,0.22238823100000002,8700.0,19,0,2,0,1.0
114071,0,0.41633705200000004,31,0,0.340116827,5306.0,9,0,1,0,1.0
114072,0,0.009332678,29,0,1001.0,,7,0,1,0,0.0
114073,0,0.0,51,0,592.0,,3,0,1,0,0.0
114074,0,1.00005882,47,0,0.37510229100000003,9775.0,5,1,2,0,3.0
114075,0,0.158730159,33,0,0.007883817,4819.0,3,0,0,0,1.0
114076,0,0.041775457,46,0,0.2964495,2900.0,6,0,0,0,0.0
114077,0,0.10616984,62,0,0.171438755,8416.0,11,0,2,0,0.0
114079,0,0.001529322,76,0,3.0,,8,0,0,0,0.0
114080,0,0.482140587,85,0,0.13105303599999998,2601.0,7,0,0,0,0.0
114081,0,1.00465437,38,2,4.258823529,1189.0,5,0,2,0,1.0
114082,0,0.047595857000000005,32,1,0.3808617,4200.0,5,0,2,0,0.0
114083,0,0.18031976600000002,59,0,0.5747973470000001,5427.0,12,0,1,0,0.0
114084,0,0.000706664,37,0,0.087680045,7150.0,8,0,0,0,0.0
114085,0,0.01965309,39,0,15.0,,4,0,0,0,0.0
114087,0,0.0,60,0,0.279803647,25667.0,10,0,2,1,1.0
114088,0,0.737052589,38,2,0.262703919,5332.0,8,0,1,0,0.0
114090,0,0.114315427,52,0,0.070734191,10800.0,4,0,0,0,2.0
114091,0,0.040350692,42,0,0.75856036,4000.0,9,0,1,0,1.0
114092,0,0.9999998999999999,46,0,0.168957761,4000.0,1,0,0,0,1.0
114095,0,1.005330686,52,2,0.357134455,8500.0,14,0,2,0,0.0
114096,1,0.959338755,57,1,646.0,,2,0,0,0,
114098,0,0.013555713,91,0,0.00435674,3901.0,11,0,0,0,0.0
114101,0,0.873126873,22,0,0.025974026,1000.0,2,0,0,0,0.0
114102,0,0.12548578300000002,55,1,0.312306853,5500.0,22,0,1,0,0.0
114103,0,0.020308224,49,1,0.485381003,6600.0,13,0,3,0,1.0
114106,0,0.615492341,43,0,0.455636091,4000.0,8,0,2,0,1.0
114109,0,0.102376942,61,1,3144.0,,11,1,2,0,0.0
114110,0,0.557067481,25,1,0.149179158,1400.0,5,0,0,0,0.0
114111,0,0.001703672,67,0,0.422915417,5000.0,7,0,2,0,2.0
114113,0,0.9999998999999999,46,1,1001.0,,3,0,0,0,1.0
114114,0,0.018292846,49,0,0.28651351,8400.0,6,0,2,0,2.0
114115,0,0.407836865,44,0,2223.0,,4,0,2,0,1.0
114116,0,0.198872205,50,0,0.7274932609999999,3709.0,14,0,2,0,0.0
114117,0,0.289171611,47,0,0.637074018,4606.0,15,0,1,0,0.0
114118,0,0.36524665100000003,29,0,0.172406132,4500.0,8,0,0,0,3.0
114120,0,0.254713696,28,0,0.5640792579999999,5500.0,7,0,1,0,1.0
114121,1,0.89871612,37,2,632.0,,4,1,0,0,0.0
114122,0,0.9999998999999999,39,1,0.6722212959999999,6000.0,5,0,2,0,2.0
114124,0,0.170123322,54,2,0.992964897,13787.0,27,1,10,0,1.0
114125,0,0.009019936999999999,67,0,883.0,,7,0,1,0,0.0
114126,0,0.815259237,45,0,0.21042608899999998,4200.0,4,0,0,0,1.0
114127,0,0.923173073,66,0,0.644154954,5833.0,9,0,1,0,0.0
114128,0,0.777968881,49,0,1808.0,,12,0,0,0,0.0
114130,0,0.631343574,39,0,0.49696831,8740.0,12,0,4,0,0.0
114131,0,0.0,37,0,0.5333625989999999,6833.0,10,0,2,0,0.0
114132,0,0.073386169,37,0,0.994594595,1664.0,10,0,1,0,3.0
114133,0,0.003529352,78,1,1391.0,,6,1,1,1,0.0
114134,0,0.163902649,45,0,0.38149951299999996,5134.0,5,0,2,0,3.0
114135,0,0.9999998999999999,35,1,0.13016639800000002,3725.0,1,0,0,0,1.0
114136,0,0.142652146,40,0,0.147403182,3330.0,5,0,0,0,0.0
114138,0,0.0,26,0,0.025616877000000003,5308.0,3,0,0,0,1.0
114139,0,0.00704002,59,0,0.260861662,5500.0,10,0,1,0,1.0
114141,0,0.005576709,48,0,4953.0,,10,0,4,0,
114142,0,0.000299985,79,0,0.0,,2,0,0,0,0.0
114144,0,0.50302793,52,0,0.556410256,8579.0,13,0,2,0,1.0
114147,0,0.526662894,66,0,1.039971449,1400.0,6,0,1,0,0.0
114149,0,0.000714265,91,1,0.0,4200.0,3,0,0,0,0.0
114150,0,0.32055063899999997,47,3,917.0,,5,0,1,0,0.0
114152,1,0.011827873000000001,43,1,0.492385787,6500.0,10,0,2,0,4.0
114153,0,0.947871026,41,0,1488.0,,4,0,0,0,1.0
114154,0,0.012218138,71,0,0.19406150600000002,6600.0,8,0,1,0,0.0
114155,0,0.9999998999999999,46,1,0.006584855,3340.0,2,0,0,0,2.0
114156,0,0.8801996670000001,42,1,0.21026324600000001,3000.0,4,0,0,1,2.0
114157,0,0.0,46,0,0.61735474,2615.0,8,0,1,0,0.0
114158,0,0.08870515400000001,47,3,2899.0,,6,0,2,0,0.0
114162,0,0.058863344000000005,53,0,0.004799616,16667.0,3,0,0,0,3.0
114164,0,0.020805188,44,0,0.897102897,1000.0,5,0,1,0,0.0
114165,0,0.0007042089999999999,49,0,2212.0,,13,0,2,0,0.0
114166,0,0.418325293,63,0,0.183465323,8333.0,8,0,1,0,0.0
114171,0,0.32951393100000004,55,2,0.394520771,12300.0,22,0,3,0,0.0
114172,0,0.55126498,34,1,0.316980415,5258.0,4,0,1,0,2.0
114173,0,0.0,67,0,3032.0,,11,0,2,0,0.0
114174,0,0.0,32,0,2279.0,0.0,14,0,2,0,0.0
114175,0,0.000101,47,0,0.104779044,5000.0,5,0,0,0,1.0
114176,0,0.13166855800000002,56,0,1682.0,,4,0,1,0,0.0
114177,1,0.0,23,0,0.134054954,1200.0,4,0,0,0,0.0
114179,0,0.036020334,60,0,0.282342201,7667.0,9,0,1,0,0.0
114180,0,0.039401808999999996,59,0,1625.0,,8,0,1,0,0.0
114181,0,0.09870491,48,0,0.29114177199999997,5000.0,4,0,1,0,0.0
114182,0,0.414563991,49,0,0.143824027,6500.0,5,0,0,0,2.0
114183,0,0.004582435,76,0,7.0,,4,0,0,0,0.0
114184,0,0.414405494,61,0,1.161170385,6185.0,20,0,2,0,0.0
114185,0,0.029986624,51,0,2546.0,,20,0,2,0,2.0
114186,0,0.9143158259999999,40,0,0.643676855,8800.0,8,0,3,0,2.0
114187,0,0.00036362300000000004,44,0,1313.0,,10,0,1,0,0.0
114189,0,0.018431397,65,0,0.254604994,2442.0,5,0,1,0,0.0
114191,0,0.9999998999999999,62,0,1180.0,,1,2,0,0,
114192,1,0.362751065,28,0,0.763575204,2080.0,5,0,1,0,0.0
114193,0,0.140549612,30,0,1116.0,,7,0,1,0,0.0
114194,0,0.162870792,65,0,45.0,,2,0,0,0,0.0
114197,0,0.065008317,43,0,0.21290994300000002,9604.0,11,0,2,0,3.0
114198,0,0.429739965,56,0,0.5280871070000001,8081.0,17,0,3,0,0.0
114199,0,0.127656728,57,0,3091.0,,13,0,2,0,0.0
114200,1,0.9999998999999999,48,0,0.0,6250.0,0,0,0,0,2.0
114201,0,0.206215779,42,0,2130.0,,11,0,1,0,0.0
114202,0,0.036015424,67,0,68.0,,5,0,0,0,0.0
114204,0,0.074540242,25,0,0.085056113,1692.0,7,0,0,0,0.0
114205,0,0.066859481,59,0,0.012335987,8916.0,8,0,0,0,1.0
114206,0,0.014576081000000001,53,0,0.21095533100000002,9200.0,9,0,1,0,2.0
114208,0,0.783440008,60,1,0.45910956700000005,9500.0,20,0,2,0,1.0
114209,0,0.0030058629999999997,45,0,0.41050927299999995,6793.0,10,0,1,0,0.0
114211,0,0.35745244600000003,42,1,0.35110601,9583.0,11,0,2,0,2.0
114212,0,0.09006767800000001,49,0,0.261570106,8750.0,15,0,1,0,3.0
114213,0,0.84390033,34,0,0.154004999,9200.0,7,0,0,0,1.0
114215,0,0.11949445199999999,60,0,2621.0,,17,0,2,0,0.0
114216,0,0.7157613279999999,61,0,0.426391009,7206.0,32,0,0,0,0.0
114217,0,0.336959561,54,0,1327.0,,11,0,1,0,0.0
114218,0,0.065781547,41,0,0.7702459509999999,5000.0,12,0,7,0,3.0
114219,0,0.025265824,61,0,0.11509832199999999,9000.0,16,0,2,0,0.0
114220,0,0.044647768,88,0,26.0,,2,0,0,0,
114223,0,0.0,35,0,6162.0,,7,0,3,0,3.0
114224,0,0.074923691,49,0,0.09536459,7528.0,4,0,0,0,0.0
114225,0,0.701316843,57,0,0.310875442,4808.0,8,0,0,0,0.0
114226,0,0.120729766,77,0,0.09940876400000001,17251.0,3,0,1,0,0.0
114227,0,0.221725492,47,1,0.233670546,17100.0,6,0,2,0,2.0
114228,1,0.756737263,39,1,1.2898840459999998,2500.0,15,1,1,0,0.0
114229,0,0.613685766,50,0,0.064272597,4900.0,4,0,0,0,0.0
114230,0,0.848006333,30,0,0.12163272800000001,10950.0,5,0,0,0,0.0
114231,0,0.050636213,76,0,0.031193761,1666.0,7,0,0,0,0.0
114232,1,0.9959501009999999,53,0,0.421786702,8316.0,3,0,1,0,0.0
114233,0,0.019950493,78,0,0.007518797,6250.0,12,0,0,0,0.0
114235,0,0.078261449,77,0,60.0,,8,0,0,0,0.0
114236,0,0.0,74,0,0.360098446,6500.0,4,0,2,0,0.0
114238,0,0.217821782,50,0,0.198760248,5000.0,2,0,0,0,0.0
114239,0,0.43220632600000003,63,1,0.464933993,2423.0,9,0,2,0,0.0
114240,0,0.025803113,47,0,0.456142537,8025.0,14,0,2,0,0.0
114241,0,0.156436863,63,0,0.43828115700000003,8400.0,24,0,2,0,0.0
114242,0,0.0,60,0,0.0,,3,0,0,0,0.0
114243,0,0.626599614,43,0,0.226776277,8514.0,9,0,0,0,2.0
114244,0,0.044997857,48,0,0.43037974700000003,4186.0,4,0,1,0,1.0
114248,0,0.401080392,43,0,0.431642089,4000.0,12,0,0,0,0.0
114249,0,0.42700913,42,0,0.140478882,9730.0,6,0,0,0,3.0
114250,0,0.074976267,37,0,0.039993443999999996,6100.0,8,0,0,0,3.0
114251,0,0.670658683,25,0,0.0026659559999999997,3750.0,1,0,0,0,0.0
114253,0,0.050529965,40,0,0.003863038,5694.0,1,0,0,0,0.0
114254,0,0.102494548,46,0,3313.0,,5,0,2,0,3.0
114255,0,0.9117875790000001,44,0,0.344640083,3861.0,7,0,1,0,1.0
114256,0,0.038901971,63,0,0.19454280399999999,4800.0,15,0,1,0,1.0
114257,0,0.08540417,67,0,0.0026338890000000004,3416.0,3,0,0,0,0.0
114258,0,0.042864877,53,0,3.3660565719999997,1201.0,11,0,1,0,2.0
114263,0,0.39094252,41,2,0.5314222710000001,5441.0,14,0,1,0,3.0
114264,0,0.0,34,0,1.67061436,1350.0,6,0,1,0,0.0
114266,0,0.023415024,66,0,0.01190696,10833.0,7,0,0,0,1.0
114268,0,0.39628619,48,0,0.133286689,11433.0,10,0,1,0,2.0
114269,0,0.261976526,55,0,5157.0,,10,0,1,1,
114272,0,0.17892709699999998,63,0,0.12008542900000001,10300.0,23,0,0,0,0.0
114273,0,0.418826156,30,0,0.338341092,4725.0,12,0,0,0,1.0
114274,0,0.42485554799999997,48,0,0.89513174,5730.0,11,0,2,0,0.0
114276,0,0.0024702979999999997,43,0,0.38459276700000006,3400.0,9,0,2,0,4.0
114277,0,0.04465281,88,0,0.27130762,5314.0,6,0,1,0,0.0
114278,0,0.69698869,45,0,0.791963084,5200.0,12,0,2,0,3.0
114280,0,0.201999907,30,0,0.443476032,3900.0,8,0,2,0,0.0
114282,0,0.054761802000000005,57,0,2580.0,,11,0,1,0,1.0
114285,0,0.0,63,0,1197.0,,3,0,1,0,0.0
114286,0,0.041026227,32,0,0.030170847,2750.0,5,0,0,0,0.0
114289,0,0.059894011,29,0,0.117243744,2916.0,6,0,0,0,0.0
114290,0,0.010680737,31,0,0.022391212999999997,7100.0,19,0,0,0,0.0
114291,0,0.001495871,67,0,0.000206889,9666.0,4,0,0,0,0.0
114293,0,0.011121408999999999,74,0,0.347236926,9445.0,7,0,1,0,0.0
114297,0,0.534599387,47,0,0.213891081,3800.0,5,0,0,0,1.0
114298,0,0.0,65,0,1336.0,,5,0,1,0,0.0
114301,0,0.67019415,36,0,0.441725862,3800.0,17,0,1,0,0.0
114302,0,0.023173553,62,0,1951.0,,12,0,1,0,2.0
114304,0,0.149192779,54,0,0.40222589299999995,11500.0,20,0,2,0,0.0
114305,0,0.33242009999999994,52,0,0.5956006770000001,6500.0,18,0,1,0,0.0
114307,0,0.279051955,52,0,2771.0,,6,0,1,0,0.0
114308,1,0.9999998999999999,28,1,0.9940762679999999,2700.0,5,0,2,1,0.0
114309,0,0.319211164,50,1,842.0,0.0,16,0,0,0,1.0
114310,0,0.807498866,51,0,0.171441428,20000.0,8,0,0,0,1.0
114312,0,0.075592425,41,0,0.501363388,5500.0,7,0,1,0,2.0
114314,0,0.134107972,45,0,0.11945272800000001,5700.0,4,0,0,0,2.0
114317,1,0.9083665340000001,35,2,0.23431427,1800.0,3,1,0,1,0.0
114318,0,0.9999998999999999,32,1,0.22600243,3291.0,5,1,0,0,0.0
114319,0,0.357020812,57,0,0.302048057,6200.0,14,0,1,0,0.0
114320,0,0.735316161,51,1,0.147770446,5000.0,9,0,0,0,1.0
114323,0,0.9999998999999999,22,0,0.991452991,350.0,1,0,0,0,0.0
114324,0,0.12340708800000001,39,1,0.8711796629999999,3500.0,12,0,2,0,2.0
114325,0,0.012906674,72,0,0.475077195,6800.0,11,0,2,0,0.0
114327,0,0.012843348999999999,33,0,445.0,,5,0,0,0,0.0
114329,0,0.491575421,42,0,0.579030069,14000.0,9,0,4,0,2.0
114330,0,0.014787725,29,0,35.0,,4,0,0,0,0.0
114331,0,0.076684532,69,0,0.6144058170000001,4400.0,14,0,1,0,0.0
114332,0,0.604181008,36,0,0.526868283,4000.0,14,0,1,0,1.0
114334,0,0.074321973,77,0,83.0,,4,0,0,0,0.0
114335,0,0.024871254,39,0,0.007665815,9000.0,10,0,0,0,0.0
114336,0,0.0,29,0,0.14311528699999998,2766.0,11,0,0,0,0.0
114337,0,0.377201267,46,0,728.0,,4,0,0,0,0.0
114339,0,0.679004508,43,0,0.323104693,1107.0,6,0,0,0,0.0
114340,0,0.5277724020000001,34,0,0.414587576,7855.0,7,0,1,1,2.0
114342,0,0.30415265,74,0,2603.0,,9,0,1,0,0.0
114343,0,0.827485912,53,0,0.334293948,3122.0,3,0,1,0,2.0
114346,0,0.050736924,66,0,0.253236862,2625.0,6,0,1,0,0.0
114348,0,0.19026299100000002,70,0,0.615476905,5000.0,18,0,2,0,1.0
114349,0,0.011943428999999998,52,0,2.451097804,500.0,7,0,1,0,2.0
114350,0,0.692401708,43,0,0.639748226,7466.0,11,0,2,0,2.0
114352,0,0.66748758,57,3,0.42180946700000005,6675.0,13,0,2,0,0.0
114353,0,0.157406765,50,0,0.294474945,8560.0,9,0,2,0,2.0
114355,0,0.213545338,61,0,0.499711594,5200.0,7,0,1,0,1.0
114358,0,0.084480352,64,0,0.162718105,12493.0,9,0,1,0,0.0
114359,0,0.722811269,24,0,0.488341106,1500.0,5,0,0,1,0.0
114361,0,0.348318859,60,0,1.131094756,2173.0,10,0,2,0,0.0
114362,0,0.0,45,1,0.37466615799999997,10483.0,17,0,3,0,0.0
114364,0,0.9999998999999999,34,0,0.09675269,10500.0,10,0,0,0,0.0
114365,0,0.37372940200000004,35,0,0.230873209,7397.0,9,0,0,0,2.0
114368,0,0.115126285,85,0,0.026662223,6000.0,6,0,0,0,1.0
114369,0,0.039954668,59,0,0.013246688000000001,4000.0,4,0,0,0,1.0
114370,0,0.008197025,56,0,2844.0,,5,0,1,0,0.0
114372,0,0.718489728,26,0,0.43214161700000003,2880.0,5,0,0,0,0.0
114373,1,0.042990557,60,0,1707.0,,8,1,1,0,0.0
114374,0,0.060541285,48,0,0.367868727,5240.0,6,0,1,0,2.0
114375,0,0.077118458,30,0,0.41356698700000005,8844.0,16,0,1,0,2.0
114376,0,0.767459476,44,1,0.216091245,12975.0,8,0,2,0,0.0
114377,0,0.9999998999999999,42,0,0.033029117999999996,2300.0,0,1,0,0,1.0
114378,0,0.047886229,63,0,0.06959345,7083.0,8,0,0,0,1.0
114379,0,0.9999998999999999,25,0,122.0,,1,0,0,0,0.0
114380,0,0.024976971,58,0,0.354169005,8910.0,9,0,1,0,1.0
114381,0,0.003831418,79,0,4.0,,4,0,0,0,
114382,0,0.0,59,0,736.0,,4,0,0,0,3.0
114383,0,0.061568497,50,0,40.0,,7,0,0,0,0.0
114384,1,1.00109989,36,3,0.508634794,5500.0,12,0,1,0,0.0
114385,0,0.06455867700000001,65,0,0.033620797,8000.0,10,0,0,0,0.0
114386,0,0.155164818,54,0,0.516129032,5300.0,13,0,1,0,2.0
114387,0,0.9999998999999999,36,1,0.206367162,6187.0,2,2,0,0,2.0
114388,0,0.039815769,74,0,19.0,,3,0,0,0,0.0
114390,1,0.9999998999999999,70,0,2758.0,,2,1,1,1,0.0
114392,0,0.369418721,41,0,0.24705354100000002,8908.0,11,0,2,0,1.0
114394,0,0.737271254,57,0,0.53921181,7586.0,19,0,3,0,1.0
114396,0,0.19554640199999998,50,1,0.7177137140000001,6000.0,13,0,2,0,2.0
114397,0,0.961064933,59,0,0.484703059,5000.0,10,0,1,0,3.0
114399,0,0.32991739600000003,45,0,3622.0,,5,0,1,0,0.0
114401,0,0.39172165600000003,41,0,0.199046301,6500.0,3,0,1,0,1.0
114402,0,0.05986454,44,0,3.468288445,1150.0,9,0,2,0,0.0
114403,0,0.0,63,0,0.193727985,8800.0,9,0,2,0,1.0
114405,0,0.0,73,0,0.176218127,3960.0,5,0,0,0,0.0
114406,0,0.395700729,40,0,0.21062927899999997,9200.0,11,0,0,0,3.0
114407,0,0.576745748,75,0,1594.0,,13,0,0,0,0.0
114408,0,0.772025431,22,0,0.019215988,1300.0,1,0,0,0,0.0
114409,0,0.277771356,27,0,0.13675602,2200.0,6,0,0,0,1.0
114410,0,0.38529925200000004,71,0,0.341684864,8700.0,7,0,1,0,0.0
114412,0,0.02216717,70,0,25.0,,3,0,0,0,
114413,0,0.37401568799999996,30,0,0.242463745,6136.0,15,0,0,0,0.0
114414,0,0.001496395,43,4,0.492458005,5833.0,8,1,1,3,0.0
114415,0,0.04147201,69,0,72.0,,9,0,0,0,0.0
114416,0,0.325485887,64,0,2565.0,,16,0,1,0,0.0
114417,0,0.05616982400000001,80,0,58.0,,2,0,0,0,0.0
114419,0,0.27062639899999996,42,1,0.6736045409999999,2113.0,15,0,0,0,1.0
114420,0,0.550518076,52,1,1.762067284,2050.0,13,0,3,0,0.0
114421,0,0.240812014,40,0,0.05399568,7870.0,7,0,0,0,2.0
114422,0,0.744983776,68,1,0.32044267600000004,16083.0,8,0,2,0,3.0
114423,0,0.135766482,72,0,1.181451613,1735.0,15,0,1,0,0.0
114424,0,0.123031813,40,0,0.292302388,11600.0,7,0,2,0,3.0
114425,0,0.9999998999999999,61,0,0.28298652399999996,21000.0,9,0,2,0,0.0
114428,0,0.13732238800000002,42,0,0.48976608200000005,6155.0,15,0,2,0,3.0
114430,0,0.030629032,59,0,0.16322105,6916.0,10,0,1,0,0.0
114431,0,0.9999998999999999,62,0,1507.0,,2,0,2,0,0.0
114432,0,0.076828281,63,0,0.286880466,5144.0,11,0,1,0,0.0
114433,0,0.00026742599999999997,50,0,0.397770219,5291.0,8,0,1,0,0.0
114435,0,0.350696784,46,0,2926.0,,7,0,2,0,1.0
114436,0,0.9999998999999999,30,0,68.0,,0,1,0,0,
114438,0,0.151085345,47,0,663.0,,9,0,0,0,3.0
114441,0,0.010209076,65,0,0.319974282,4665.0,8,0,1,0,0.0
114442,0,0.035549877,76,0,0.01599543,3500.0,4,0,0,0,0.0
114443,0,0.161101692,31,0,0.11763357,4360.0,4,0,0,0,0.0
114444,0,0.130409941,67,0,0.18989450300000002,1800.0,4,0,1,0,0.0
114445,0,0.08756249699999999,63,0,0.46816364200000005,6501.0,8,0,3,0,0.0
114446,0,0.032796215,45,0,0.09711511,3500.0,6,0,0,0,1.0
114447,0,0.144183655,69,0,0.474091647,8008.0,14,0,3,0,0.0
114448,0,0.0,63,0,0.0,1920.0,2,0,0,0,0.0
114449,0,0.24399389,61,1,1.950819672,2500.0,9,0,2,0,0.0
114451,0,0.965251737,52,0,0.12811003699999998,21301.0,5,0,2,0,1.0
114453,0,0.066694444,49,0,0.15903589099999998,9500.0,8,0,2,0,3.0
114454,0,0.076959548,42,0,0.46719592600000004,6675.0,12,0,2,0,2.0
114455,0,0.015832806,60,0,1567.0,,3,0,1,0,
114457,0,0.269092363,23,0,0.079250247,3040.0,3,0,0,0,0.0
114458,1,0.9999998999999999,33,0,0.096219931,3200.0,2,1,0,1,4.0
114459,0,0.0017006220000000002,61,0,0.317549192,6250.0,7,0,1,0,2.0
114460,1,0.021213528,72,1,1887.0,,8,1,1,2,0.0
114461,0,0.001101569,62,0,0.246393893,17816.0,15,0,3,0,0.0
114462,0,0.07666502900000001,63,0,0.19925638,5916.0,7,0,1,0,0.0
114463,0,0.0,50,0,0.251506217,7800.0,6,0,1,0,2.0
114464,0,0.077409367,52,0,0.502921476,7016.0,12,0,4,0,1.0
114467,0,0.7298378870000001,53,0,2819.0,,14,0,1,0,0.0
114469,1,0.875555794,56,0,0.6751483620000001,12300.0,19,0,6,0,0.0
114470,1,0.004354711,46,0,0.165148398,6805.0,4,0,1,0,2.0
114471,0,0.459582198,25,0,0.018447348,1300.0,2,0,0,0,0.0
114472,0,0.197340133,51,0,0.361238702,6748.0,3,0,1,0,0.0
114473,0,0.376156944,56,0,0.437053663,4900.0,12,0,2,0,0.0
114474,0,0.086995774,78,0,1319.0,,13,0,2,0,0.0
114475,0,0.0,46,0,0.709423206,5963.0,4,0,2,0,2.0
114476,0,0.15731727,58,0,0.664223851,1500.0,17,0,0,0,0.0
114478,0,0.21422861699999998,47,2,0.281665103,20250.0,6,1,2,0,0.0
114480,0,0.20901617,36,0,0.381667449,6392.0,12,0,2,0,2.0
114481,0,0.0,94,0,0.0,,1,0,0,0,
114482,0,0.35788684299999995,66,0,252.0,,9,0,0,0,0.0
114485,1,0.00263144,39,0,1.4392210859999999,5083.0,5,0,2,0,0.0
114486,0,0.40625545,71,2,0.307491517,3830.0,9,0,0,0,0.0
114487,0,0.008021535,87,0,0.0029899429999999997,7357.0,8,0,0,0,0.0
114490,0,0.047698723,58,0,0.114353241,11000.0,10,0,2,0,0.0
114493,0,0.590580205,64,0,0.408076695,11786.0,16,0,1,0,0.0
114494,0,0.0,69,0,0.0,,6,0,0,0,
114496,0,0.19022752699999998,63,0,0.523702032,3100.0,8,0,1,0,0.0
114497,0,0.0,75,0,0.5305867670000001,800.0,1,0,0,0,0.0
114498,0,0.453059825,47,0,0.173019173,4328.0,7,0,0,0,1.0
114499,0,0.051351492,34,0,0.473741497,3674.0,5,0,2,0,2.0
114500,0,0.0112565,62,0,5.0,,4,0,0,0,
114501,0,0.26751744,59,0,2343.0,1.0,14,0,2,0,0.0
114502,0,0.055998599999999996,73,0,0.087591241,6027.0,5,0,0,0,1.0
114504,0,0.7850481509999999,62,0,4516.0,,8,0,2,0,
114507,0,1.006066329,50,3,0.440475173,11700.0,9,0,2,0,6.0
114509,0,0.9423019229999999,53,0,0.30569948199999997,11000.0,7,0,2,0,3.0
114510,0,0.162429571,54,0,0.34788758399999997,16260.0,11,0,2,0,0.0
114511,0,0.028134074,41,0,0.441079846,7000.0,10,0,2,0,2.0
114512,0,0.046458260999999994,58,0,0.027628982000000003,3546.0,11,0,0,0,1.0
114513,0,0.35475427200000004,67,0,1815.0,,9,0,1,0,0.0
114517,0,0.318784493,35,0,0.583124724,6790.0,16,0,2,0,1.0
114518,0,0.9999998999999999,51,0,0.16354780800000002,3900.0,6,0,1,0,1.0
114519,0,0.169902465,32,0,0.27144286100000004,7997.0,12,0,0,0,1.0
114520,0,0.110699232,50,0,0.06753442700000001,5300.0,7,0,0,0,2.0
114521,0,0.711594127,45,1,0.296058269,2333.0,11,0,0,0,0.0
114522,0,0.06316574,36,0,0.288570989,6500.0,15,0,2,0,2.0
114524,0,0.007174216,59,0,0.5196752029999999,1600.0,12,0,1,0,0.0
114527,0,0.013844137,52,0,0.41971605700000003,5000.0,11,0,1,0,1.0
114530,0,0.047742243,63,0,1232.0,,4,0,1,0,0.0
114531,0,0.65104985,58,1,0.45640548700000005,4300.0,10,0,0,0,2.0
114534,0,0.9999998999999999,69,0,0.152734129,1590.0,1,0,0,0,0.0
114535,0,0.9999998999999999,70,0,0.374625375,1000.0,3,0,0,0,0.0
114536,0,0.00040287,84,0,22.0,,11,0,0,0,0.0
114537,0,0.017521358,57,0,382.0,,10,0,1,0,0.0
114538,0,0.026288305,48,0,0.276075318,10833.0,4,0,1,0,2.0
114539,1,0.46696279799999996,26,1,24.0,,2,2,0,0,0.0
114540,0,0.9999998999999999,56,0,2181.0,,4,0,1,0,
114541,0,0.784009191,53,0,0.289615456,5382.0,8,0,1,0,0.0
114543,0,0.01651086,60,0,0.6743256740000001,1000.0,7,0,1,0,0.0
114545,0,0.391278623,42,0,0.53397519,5400.0,10,0,1,0,1.0
114546,0,0.086980885,40,0,2.9687973339999996,3300.0,12,0,3,0,2.0
114550,0,0.9999998999999999,34,0,405.0,,2,0,0,0,0.0
114551,1,0.326570236,61,0,0.161356329,3420.0,7,0,0,0,0.0
114552,0,0.374853114,41,0,0.434442836,3454.0,5,1,0,0,1.0
114553,0,0.40732288899999997,59,0,0.263308232,3850.0,5,0,0,0,2.0
114554,0,0.043186305,45,0,0.17134286199999998,5666.0,8,0,1,0,3.0
114555,0,0.18007453899999998,61,0,1925.0,,4,0,1,0,0.0
114556,0,0.45088053899999997,50,0,0.502287748,5900.0,10,0,2,0,0.0
114557,0,0.24535093,43,0,0.441978961,6083.0,4,0,1,0,0.0
114558,0,0.00047782900000000004,72,0,2912.0,,15,0,2,0,0.0
114560,0,0.037487400000000004,46,0,0.323167683,10000.0,9,0,3,0,2.0
114561,0,0.599790639,46,0,3523.0,,10,0,2,0,0.0
114562,0,0.569043836,43,1,0.376362364,10000.0,11,0,2,0,1.0
114564,0,0.197709532,40,0,0.33969740600000004,2775.0,9,0,0,0,1.0
114565,0,0.061324533,44,0,0.508025815,6042.0,11,0,1,0,0.0
114568,0,0.158586211,33,0,0.037134016,4200.0,4,0,0,0,1.0
114569,0,0.001525924,61,0,0.222970805,3116.0,5,0,0,0,0.0
114570,0,0.09459527,54,0,0.0062801390000000006,8916.0,4,0,0,0,0.0
114572,0,0.9054761659999999,71,0,1348.0,,6,0,0,0,0.0
114573,0,0.896475991,46,0,0.574907273,6200.0,13,0,2,0,0.0
114574,1,0.8714190540000001,48,0,0.285357321,2000.0,8,0,1,0,2.0
114575,0,0.166008019,54,0,0.509595613,2917.0,13,0,1,0,0.0
114576,0,0.314844699,54,0,0.7657819229999999,2787.0,11,0,1,0,2.0
114579,0,0.072315559,63,0,0.303058316,12980.0,17,0,1,0,2.0
114580,0,0.160883125,37,0,850.0,,5,0,1,0,0.0
114581,0,0.02322768,48,0,0.184714328,6685.0,13,0,0,0,0.0
114582,0,0.005068986,61,0,0.43152291600000003,11083.0,16,0,3,0,0.0
114583,0,0.8814885729999999,56,0,4146.0,,27,0,0,0,0.0
114584,0,0.519427629,49,0,0.67397761,8753.0,11,0,2,0,0.0
114588,0,0.979455858,41,0,0.305044274,10050.0,7,0,1,0,1.0
114589,0,0.07416165599999999,51,0,2112.0,,11,0,2,0,1.0
114590,0,0.0,86,0,0.0,1113.0,1,0,0,0,1.0
114591,0,0.558620595,53,0,0.935884178,2900.0,8,0,1,0,0.0
114592,0,0.9896616009999999,50,0,0.521895621,5000.0,10,0,2,0,0.0
114593,0,0.497518576,46,0,0.6799384070000001,9091.0,15,0,1,0,0.0
114594,0,0.0,71,0,0.253394061,22833.0,12,0,2,0,0.0
114595,0,0.014720588,82,0,68.0,0.0,6,0,0,0,0.0
114596,0,0.21088304800000002,47,0,0.381475445,14110.0,18,0,5,0,0.0
114597,0,0.9999998999999999,39,0,2240.0,,2,0,1,0,3.0
114598,0,0.066499696,50,0,0.028398529,73700.0,11,0,1,0,2.0
114599,0,0.11819409,52,0,0.18144758100000002,13000.0,4,0,1,0,4.0
114603,0,0.845288522,52,0,0.166332665,10977.0,5,0,1,0,1.0
114604,0,0.58592448,49,0,0.318409066,9000.0,13,0,1,0,1.0
114605,1,0.9999998999999999,65,1,702.0,,3,1,0,0,0.0
114607,0,0.68962118,37,0,0.268131868,2274.0,3,0,0,1,1.0
114608,0,0.9999998999999999,87,0,0.0,,7,0,0,0,
114609,0,0.01536908,36,0,0.120351859,2500.0,17,0,0,0,3.0
114610,0,0.025949912999999998,42,0,4166.0,,11,0,1,0,0.0
114611,0,0.081523138,55,0,4.0943113769999995,667.0,8,0,2,0,0.0
114614,0,0.810203388,71,0,0.095891764,10125.0,4,0,0,0,0.0
114615,0,0.776301218,67,0,409.0,,4,0,0,0,0.0
114616,0,0.057844374000000004,59,0,0.543086172,4989.0,3,0,1,0,0.0
114617,0,0.194490275,62,0,1822.0,,3,0,1,0,0.0
114618,0,0.9999998999999999,21,1,0.38246041399999997,820.0,1,0,0,0,0.0
114619,0,0.45743902200000003,50,0,0.456851885,5596.0,7,0,1,0,0.0
114620,0,0.26169924699999997,46,0,0.41405580399999997,10500.0,10,0,2,0,4.0
114622,0,0.1728318,43,2,0.274060495,12000.0,9,0,1,0,3.0
114625,1,0.0,32,0,0.086052956,6495.0,3,0,0,0,4.0
114626,0,0.048529733,78,0,0.0030664620000000003,15000.0,8,0,0,0,0.0
114627,0,0.012249388,78,0,7.0,,4,0,0,0,0.0
114628,0,0.035357152999999995,61,0,1888.0,,8,0,1,0,0.0
114629,0,0.23304036600000003,73,0,140.0,,5,0,0,0,0.0
114630,0,0.0,59,0,0.37269938700000005,10431.0,6,0,2,0,0.0
114631,0,0.015365406000000002,40,0,0.267988669,5294.0,10,0,1,0,2.0
114632,0,0.114038489,45,0,5587.0,,9,0,2,0,0.0
114633,0,0.677068859,59,3,0.24636635399999998,9700.0,23,0,1,0,0.0
114634,1,0.033396319,72,0,0.407027818,3414.0,20,0,1,2,0.0
114636,1,0.865913409,32,3,0.190106993,6448.0,11,0,0,1,4.0
114639,0,0.503501204,62,1,269.0,,3,0,0,1,0.0
114640,0,0.9999998999999999,31,0,0.0,1000.0,0,1,0,0,1.0
114641,0,0.028782854,64,0,2.691466855,2835.0,10,0,2,0,3.0
114642,0,0.223969715,53,0,3870.0,,12,0,1,0,0.0
114643,0,0.33866825799999994,47,0,0.591929612,6591.0,11,0,2,0,0.0
114646,0,0.524391574,42,0,7526.0,,12,0,2,0,2.0
114647,0,0.0074583240000000006,55,0,0.009090909,3299.0,12,0,0,0,0.0
114650,0,0.003157819,53,0,0.110353939,14380.0,12,0,2,0,1.0
114651,0,0.693011012,61,0,2353.0,,8,0,1,0,0.0
114652,0,0.070448058,71,0,0.160015804,7592.0,14,0,1,0,0.0
114653,0,0.214277076,56,0,0.465041693,6235.0,5,0,1,0,0.0
114654,0,0.036215374,65,1,0.072579697,8500.0,11,0,0,0,0.0
114655,0,0.579671811,59,0,0.820890791,6308.0,13,0,3,0,0.0
114657,0,0.23774390399999998,44,0,0.894919404,4900.0,13,0,2,0,1.0
114658,0,0.07344816400000001,65,0,0.009776691,9000.0,4,0,0,0,1.0
114659,0,0.015968064,22,0,0.0,929.0,1,0,0,0,0.0
114661,0,0.019714895,78,0,0.018330278000000002,6000.0,21,0,0,0,1.0
114662,0,0.266176376,66,0,293.0,,5,0,1,0,0.0
114663,0,0.47061879100000004,61,1,0.37749857200000003,1750.0,8,0,0,0,0.0
114664,0,0.008934588,61,0,965.0,,5,0,1,0,0.0
114665,0,0.9999998999999999,46,0,0.556147951,3000.0,3,0,2,0,3.0
114666,0,0.410012184,59,0,0.8143882290000001,16582.0,26,0,5,0,2.0
114667,0,0.467191635,62,0,0.524622049,11310.0,11,0,3,0,0.0
114668,0,0.0,42,2,0.008061561,2728.0,4,3,0,1,1.0
114669,0,0.013592089,80,0,11.0,,3,0,0,0,1.0
114670,0,0.163162033,45,0,0.5582442320000001,7107.0,6,0,1,0,2.0
114671,0,0.00782552,51,0,0.11673653699999999,3100.0,3,0,0,0,0.0
114673,0,0.78905745,40,0,0.8131056759999999,2166.0,8,0,2,0,1.0
114674,0,0.9999998999999999,72,0,0.051227321,2810.0,0,0,0,0,1.0
114675,0,0.0071894490000000005,40,0,0.299041336,9700.0,11,0,2,0,2.0
114676,0,0.445391021,56,0,0.36274851799999996,8600.0,13,0,2,0,0.0
114677,0,0.09741525699999999,27,0,0.026506696,3583.0,5,0,0,0,0.0
114681,0,0.154845073,45,0,0.19147889399999998,10162.0,8,0,1,0,6.0
114682,0,0.017455741,56,0,0.673261885,10916.0,16,0,5,0,3.0
114683,0,0.09177997,52,0,0.189902125,8377.0,9,0,1,0,4.0
114686,0,0.9022796959999999,25,0,0.149233844,1500.0,4,0,0,0,1.0
114687,0,0.0,54,0,0.26141248699999997,4884.0,12,1,1,1,1.0
114689,0,0.07395528700000001,35,0,0.042374225999999994,6300.0,6,0,0,0,3.0
114691,0,0.15442863199999998,51,0,0.19138029199999998,15800.0,11,0,2,0,3.0
114692,0,0.022180829,57,0,0.398286064,4900.0,13,0,1,0,1.0
114693,0,0.9866026790000001,38,2,0.39737582,3200.0,5,1,0,1,4.0
114694,0,0.125675804,65,0,0.12455673800000001,2255.0,10,0,0,0,0.0
114695,0,0.016443713999999998,80,0,0.004153207,6500.0,7,0,0,0,0.0
114696,0,0.052265003,77,0,648.0,,11,0,1,0,0.0
114697,0,0.018912632,57,0,2135.0,,10,0,2,0,
114698,0,0.005212718,34,0,1.0926566709999999,2600.0,16,0,1,0,0.0
114699,0,0.19402673,51,4,3371.0,,11,0,2,0,
114702,0,0.0,35,0,0.366605566,6000.0,5,0,1,0,0.0
114706,0,0.658588662,52,4,0.419647115,6290.0,11,1,0,2,1.0
114707,0,0.323969793,52,0,0.6887098190000001,11416.0,28,0,3,0,2.0
114708,0,0.001002683,49,0,0.363946634,25783.0,9,0,3,0,2.0
114711,0,0.654946615,40,0,1249.5,1.0,5,0,2,0,3.0
114712,0,0.106465979,65,0,0.062473969000000004,4801.0,8,0,0,0,0.0
114713,0,0.10978256199999999,39,0,1.5124875119999999,1000.0,4,0,1,0,4.0
114715,0,0.279175258,51,0,0.257536737,6600.0,6,0,2,0,2.0
114717,0,0.027834638999999998,78,0,1.4400911980000002,16666.0,22,0,12,0,1.0
114718,0,0.184624289,44,1,0.24322522600000002,30000.0,6,0,2,0,0.0
114719,0,0.0,28,0,0.543562538,4900.0,8,0,2,0,1.0
114720,0,0.009605363,48,0,0.21866407899999998,6182.0,7,0,1,0,3.0
114721,0,0.023206102000000003,47,0,0.189486465,14000.0,10,0,1,0,2.0
114722,0,0.0,71,2,0.427558626,5500.0,11,0,2,0,0.0
114723,0,0.55685752,80,0,0.25034307,5100.0,5,1,0,0,1.0
114726,0,0.565134852,48,3,1.105498214,10075.0,11,0,4,0,0.0
114727,0,0.009275990999999999,51,0,2.0,,1,0,0,0,
114729,0,0.046623057,47,0,2514.0,,8,0,1,0,0.0
114730,0,0.18328867699999998,65,1,1803.0,,18,0,0,0,0.0
114731,0,0.9999998999999999,25,0,0.699845679,1295.0,5,0,0,0,1.0
114732,0,0.001040556,61,0,0.13460118199999999,5415.0,5,0,0,0,6.0
114733,0,0.044607218,58,0,2529.0,,6,0,1,0,0.0
114734,0,0.010702391,77,0,0.008707608,4363.0,13,0,0,0,0.0
114735,0,0.128434863,42,0,0.023994001,4000.0,3,0,0,0,2.0
114736,0,0.0753197,67,0,0.007780586999999999,5140.0,7,0,0,0,0.0
114737,0,0.0,54,0,0.7590567779999999,7590.0,5,0,2,0,0.0
114738,0,0.08805011199999999,50,0,0.304105993,16000.0,6,0,1,0,1.0
114743,0,0.0,53,0,0.279678068,3975.0,8,0,1,0,0.0
114744,0,0.076282082,36,0,0.213146582,7210.0,4,0,1,0,0.0
114745,0,0.0999001,22,0,0.00487013,615.0,3,0,0,0,0.0
114746,0,0.045572996,72,0,0.326836582,2000.0,3,0,1,0,0.0
114747,0,0.9564725190000001,56,0,0.368773946,11483.0,9,0,1,0,2.0
114749,0,0.001698664,71,1,1.0,,8,0,0,0,0.0
114750,0,0.856678342,54,1,0.382323232,17819.0,23,0,2,0,2.0
114752,0,0.028697285,50,2,1.310215558,3200.0,17,0,2,0,1.0
114753,0,0.9113859790000001,49,0,0.8872227429999999,3200.0,8,0,1,0,0.0
114755,0,0.236311551,46,0,0.42389402600000003,4000.0,4,0,1,0,2.0
114756,0,0.069094032,61,0,0.20975419399999998,12814.0,7,0,1,0,1.0
114757,0,0.042477494000000005,62,0,0.319951522,6600.0,20,0,1,0,0.0
114758,0,0.020755591,56,0,0.22397365,8500.0,7,0,2,0,1.0
114759,0,0.033795887999999996,49,0,0.003363331,11000.0,6,0,0,0,0.0
114760,0,0.333722209,56,0,0.6319808029999999,4583.0,7,0,1,0,0.0
114764,0,0.041960066,75,0,283.0,,5,0,0,0,0.0
114765,0,0.000837506,37,0,1917.0,,7,0,1,0,0.0
114766,0,0.09964338199999999,44,0,0.41253597700000005,3126.0,5,0,2,0,0.0
114767,0,0.055559027999999996,82,0,25.0,,4,0,0,0,0.0
114768,0,0.50226292,30,0,0.080692203,36000.0,12,0,2,0,0.0
114769,1,0.9999998999999999,39,0,0.908883827,438.0,1,1,0,1,0.0
114770,0,0.419128489,63,0,0.372881356,19941.0,13,0,4,0,1.0
114771,0,0.003998001,38,0,0.186621636,9178.0,6,0,1,0,2.0
114773,0,0.0,59,0,0.0,0.0,1,0,0,0,0.0
114774,0,0.35922726299999996,58,2,1041.0,,7,2,1,0,0.0
114775,0,0.387109524,50,0,0.7205191940000001,3620.0,12,0,1,0,2.0
114776,0,0.098231827,44,0,7256.0,,7,0,1,0,0.0
114777,0,0.682289714,33,0,0.329223592,3000.0,10,0,0,0,0.0
114779,0,0.745759258,80,2,0.32448855600000004,19747.0,21,0,3,0,0.0
114781,0,0.9999998999999999,66,0,579.0,0.0,8,0,0,0,0.0
114783,0,0.04929064,67,0,0.19729097199999998,14100.0,5,0,2,0,0.0
114785,0,0.057198173,42,0,0.410766896,11200.0,11,0,2,0,3.0
114786,0,0.0,80,0,0.001332445,1500.0,6,0,0,0,0.0
114787,0,0.0,34,1,0.328550465,6132.0,6,0,2,0,0.0
114789,0,0.086276092,40,0,0.210357928,5000.0,8,0,0,0,2.0
114790,0,0.100631161,37,0,0.239434742,7500.0,4,0,1,0,1.0
114791,0,0.000841643,63,0,0.00099975,4000.0,11,0,0,0,0.0
114793,0,0.024866084,68,0,0.21791488,6061.0,11,0,1,0,0.0
114794,0,0.408825978,25,0,0.039555863999999996,1440.0,2,0,0,0,0.0
114795,0,0.0,85,0,0.332661742,4466.0,5,0,1,0,0.0
114796,0,0.010312097,44,0,0.33188937,3000.0,4,0,1,0,2.0
114797,0,0.27872258,70,0,237.0,,4,0,0,0,0.0
114799,0,0.0,79,0,198.0,,6,0,0,0,0.0
114800,0,0.210965882,52,0,0.28080506899999996,13414.0,13,0,2,0,0.0
114802,1,0.7327120559999999,52,0,1.2604501609999998,7463.0,30,0,2,0,1.0
114803,0,9.09e-05,39,0,0.555260361,5645.0,7,0,1,0,2.0
114806,0,0.015441945,48,0,417.0,,3,0,0,0,0.0
114807,0,0.500042731,49,0,0.189554318,7179.0,5,0,2,0,1.0
114808,0,0.5165221289999999,56,0,0.461135019,7435.0,9,0,3,0,1.0
114810,0,0.0,38,0,1.5272945409999998,5000.0,8,0,2,0,2.0
114811,0,0.244454947,65,0,0.21643594800000002,4550.0,7,0,0,0,0.0
114812,0,0.9999998999999999,30,0,0.019433648,1800.0,2,0,0,0,0.0
114813,0,0.260108062,54,0,0.489127718,4000.0,9,0,1,0,0.0
114814,0,0.169115729,28,0,0.215885947,5400.0,6,0,1,0,0.0
114815,0,0.0,30,0,0.014043109,9185.0,2,0,0,1,1.0
114816,0,0.015734952,59,0,1507.0,,14,0,1,0,0.0
114818,1,0.644875176,44,1,0.333610995,2400.0,12,0,0,0,0.0
114819,0,0.061496925,62,0,0.179251,8250.0,3,0,1,0,1.0
114820,0,0.9999998999999999,67,0,2418.0,,3,0,2,0,
114821,0,0.024314263,65,0,0.307762225,5500.0,9,0,2,0,1.0
114822,0,0.224756425,53,0,393.0,,4,0,0,0,
114824,0,0.034915947999999995,71,0,1839.0,,7,0,1,0,0.0
114825,0,0.0,36,0,0.106276151,3584.0,2,0,0,1,2.0
114826,0,0.21283147,59,0,3972.0,,10,0,2,0,0.0
114827,0,0.610567515,49,0,0.781292985,2180.0,5,0,1,0,0.0
114830,0,0.070839896,47,0,0.274055595,8417.0,3,0,1,0,0.0
114831,0,0.9692974329999999,48,0,0.287277219,17000.0,7,0,2,0,3.0
114832,0,0.034262493,66,0,0.213546202,10334.0,6,0,1,0,4.0
114833,0,0.120796443,58,1,0.62410024,3750.0,27,0,1,0,0.0
114834,0,0.014786983,39,0,0.202838063,9583.0,3,0,1,0,0.0
114835,0,0.0,45,0,0.37287632200000004,16833.0,12,0,3,0,4.0
114836,0,1.00745319,52,1,0.032218642,9000.0,3,0,0,0,0.0
114838,0,0.402539541,64,0,0.292485376,6666.0,6,0,1,0,1.0
114839,1,0.350222775,62,4,0.558555181,8000.0,21,3,2,0,0.0
114840,0,0.9999998999999999,23,0,0.0,898.0,1,0,0,0,0.0
114841,0,0.0,45,0,0.090391283,8075.0,10,0,0,0,0.0
114842,0,0.799852177,43,0,0.37909119799999996,6293.0,8,0,2,0,1.0
114843,0,0.010688918,84,0,5.0,,2,0,0,0,
114844,0,0.12422539099999999,54,0,0.213982168,12000.0,16,0,2,0,0.0
114846,0,0.0,81,0,0.215887598,3700.0,8,0,0,0,1.0
114847,0,0.018100074,66,0,702.0,,7,0,1,0,0.0
114848,0,0.016178586000000002,39,0,0.45369268100000004,21000.0,17,0,2,0,2.0
114850,0,0.039790009,38,0,64.0,,4,0,0,0,0.0
114851,0,0.0,50,0,2504.0,,4,0,1,0,1.0
114852,0,0.084309833,72,0,0.167996132,4136.0,8,0,1,0,0.0
114853,0,0.0,68,0,0.548577761,2706.0,8,0,1,0,0.0
114855,0,0.043243717,81,0,29.0,,4,0,0,0,0.0
114856,0,0.655196588,48,0,0.588702234,10833.0,16,0,2,0,3.0
114857,0,0.723579467,37,0,0.22452030899999997,8025.0,8,0,0,0,1.0
114858,0,0.710728927,33,2,0.358390555,8300.0,10,0,1,1,2.0
114860,0,0.0006981,53,0,0.128989251,12000.0,6,0,1,0,0.0
114861,0,0.9999998999999999,51,0,0.447745544,8582.0,8,0,2,0,2.0
114863,1,0.060209184000000006,62,0,0.109438776,7839.0,13,0,1,0,3.0
114864,0,0.467582737,59,0,1248.5,1.0,9,0,1,0,0.0
114865,0,0.504922471,25,0,0.06437454299999999,4100.0,8,0,0,0,0.0
114866,1,0.9999998999999999,33,1,0.10924016,4750.0,1,2,0,0,2.0
114870,0,0.7601450120000001,52,1,0.312390454,7416.0,9,1,1,0,1.0
114871,0,0.202674833,40,0,0.45272766799999997,4600.0,8,0,2,0,3.0
114872,0,0.023990702000000003,67,0,32.0,,3,0,0,0,
114874,0,0.0,88,0,0.41279360299999995,2000.0,17,0,1,0,0.0
114877,0,0.52980523,42,0,1791.0,,8,0,0,0,2.0
114878,0,0.070876046,50,0,0.097227969,2416.0,6,0,0,1,1.0
114879,0,0.099090447,36,0,0.354180647,7450.0,7,0,1,0,2.0
114880,0,0.0,66,0,0.000476145,10500.0,8,0,0,0,0.0
114881,0,0.121546059,38,0,981.0,,7,0,1,0,0.0
114883,0,0.832919181,50,5,0.285265332,11136.0,12,0,2,0,0.0
114885,0,0.039942047,47,0,0.42819047600000004,2624.0,10,0,1,0,2.0
114887,0,0.177622029,63,0,0.367224503,9500.0,9,0,3,0,0.0
114888,0,0.047073551,60,0,1728.0,,10,0,2,0,0.0
114889,0,0.9117634440000001,40,1,0.412371134,4170.0,7,0,2,0,0.0
114890,0,1.015826739,34,0,0.155168966,5000.0,3,0,1,0,0.0
114891,0,0.009141986,42,0,0.0014275520000000001,1400.0,2,0,0,0,0.0
114893,1,0.0,70,1,678.0,,12,0,0,0,
114896,0,0.33547041899999996,38,0,0.844274485,4706.0,13,0,1,0,0.0
114897,0,0.0,49,0,0.311344328,2000.0,6,0,1,0,0.0
114899,0,0.19323595600000001,40,0,0.607511399,8333.0,6,0,1,0,3.0
114900,0,0.050585857000000005,38,1,0.126499684,4750.0,4,1,0,0,0.0
114901,0,0.861706915,46,0,0.384106912,6958.0,6,0,2,0,4.0
114903,0,0.349005761,57,0,0.11870054099999999,2400.0,4,0,0,0,1.0
114904,0,0.911817735,39,1,0.354692557,3089.0,4,0,0,0,2.0
114905,0,0.0,70,0,0.27076049,4575.0,5,0,1,0,1.0
114906,0,0.062591387,48,0,0.476534296,3600.0,6,0,1,0,0.0
114907,0,0.014776126,66,0,0.10536001800000001,4346.0,9,0,2,0,0.0
114908,0,0.105421041,29,0,0.140039448,2534.0,3,0,0,0,0.0
114909,0,0.09618057199999999,63,0,0.317726436,4890.0,4,0,1,0,0.0
114911,1,0.782963858,53,0,1.812527765,2250.0,15,0,1,0,3.0
114912,0,0.04085816,63,0,802.0,,8,0,0,0,0.0
114913,0,0.024433016000000002,50,0,0.270877341,14201.0,9,0,1,0,2.0
114916,0,0.105071877,40,0,0.318626546,5416.0,11,0,0,0,0.0
114918,0,0.177622279,52,0,0.887139108,8000.0,15,0,5,0,3.0
114920,0,0.294878611,51,0,0.274451993,7800.0,5,0,2,1,0.0
114921,0,0.07271746700000001,84,0,0.20963172800000002,6000.0,4,0,1,0,0.0
114923,0,0.532699066,48,1,0.514689207,9700.0,15,0,2,0,2.0
114924,0,0.055131837,70,0,0.361475228,4500.0,8,0,1,0,0.0
114925,0,0.0,48,2,0.38441363799999995,10675.0,11,0,3,0,0.0
114927,0,0.9927518120000001,55,0,0.12230215800000001,972.0,1,0,0,0,0.0
114928,0,0.074677757,41,1,0.33297225199999997,12000.0,13,0,2,0,2.0
114930,0,0.092418526,62,0,0.6136931529999999,2000.0,34,0,1,0,0.0
114931,0,0.029311652,56,0,0.09863210900000001,4166.0,9,0,1,0,0.0
114933,0,0.079116125,46,0,0.622679235,3500.0,16,0,1,0,2.0
114934,0,0.025796354,69,0,0.00311975,8333.0,5,0,0,0,0.0
114935,0,0.056097195,55,0,0.237784148,15000.0,3,0,2,0,2.0
114936,0,0.012026621000000001,71,0,1424.0,,6,0,2,0,0.0
114937,0,0.0,42,1,0.287624272,5833.0,8,0,2,0,3.0
114938,0,0.000216447,63,0,0.421716395,3250.0,12,0,1,0,0.0
114939,0,0.19671519199999998,60,0,2504.0,,12,0,1,0,
114940,0,0.704941197,50,0,0.91683629,3438.0,12,0,1,0,3.0
114941,0,0.108578284,67,0,1655.0,,10,0,1,0,0.0
114942,0,0.950238582,47,0,0.237487537,5014.0,7,1,0,0,2.0
114943,0,0.030039429,29,0,0.003400259,6175.0,6,0,0,0,0.0
114944,1,1.0816213209999999,33,2,0.39315171200000004,4000.0,6,0,2,1,2.0
114945,0,0.840053316,35,1,0.183475448,3400.0,11,0,0,1,0.0
114946,0,0.29150555100000003,47,1,0.24535441300000002,26691.0,9,0,2,0,2.0
114948,0,0.0,75,0,0.39544182299999997,2500.0,11,0,2,0,0.0
114949,1,0.24793033,25,0,0.09153389599999999,3200.0,6,0,0,0,0.0
114950,0,0.099211199,25,0,0.005999076999999999,4333.0,2,0,0,0,0.0
114953,0,0.09978966199999999,32,0,1992.0,,6,0,1,0,0.0
114954,0,0.914355273,38,0,622.0,,7,0,0,0,0.0
114955,0,0.731683017,37,0,0.22517321,5195.0,12,0,1,0,1.0
114957,0,1.014794082,48,2,0.5179984679999999,3916.0,5,0,2,0,3.0
114958,0,0.06448970400000001,40,0,0.007770541,8750.0,2,0,0,0,0.0
114959,0,0.663880275,51,0,0.25550978399999996,9709.0,7,0,1,0,1.0
114960,0,0.102526175,55,0,0.135868562,16250.0,15,0,2,0,2.0
114961,0,0.012047503999999999,50,0,2216.0,,12,0,3,0,0.0
114962,0,0.263177006,38,0,0.6856985240000001,7250.0,13,0,2,0,2.0
114964,0,0.049353138,35,0,0.520072716,6600.0,7,0,1,0,0.0
114965,0,0.370063679,46,0,0.348739029,9000.0,8,0,2,0,2.0
114966,0,0.342444266,66,0,0.46946830700000003,8613.0,13,0,2,0,0.0
114967,1,1.002035815,41,6,0.634897216,10166.0,15,0,2,1,2.0
114968,0,0.134514201,34,0,3254.0,,4,0,1,0,0.0
114969,0,0.9588694090000001,38,0,0.353682316,6666.0,7,0,1,0,2.0
114970,0,0.006718215,76,0,58.0,,5,0,0,0,0.0
114971,0,0.9999998999999999,44,1,0.16316736699999998,5000.0,9,0,0,0,2.0
114972,0,0.012469855,84,0,0.001170047,5127.0,2,0,0,0,0.0
114973,0,0.0,46,0,0.157691434,4400.0,4,0,0,0,3.0
114974,0,0.0,53,0,2390.0,,5,0,1,0,0.0
114975,0,0.102450234,51,0,0.276611151,9666.0,7,0,1,0,0.0
114976,0,0.400469032,54,1,0.443867865,7900.0,20,0,1,0,3.0
114977,0,0.058244862,59,0,0.146170766,5000.0,9,0,0,0,0.0
114979,0,0.26101017,61,0,0.352448169,4533.0,8,0,1,0,1.0
114980,0,0.08319744,40,0,550.0,,3,0,0,0,3.0
114983,0,0.140746396,79,1,0.465465465,1331.0,13,0,2,0,0.0
114984,0,0.030274923999999998,64,0,0.020195961000000002,5000.0,4,0,0,0,0.0
114985,0,0.0,44,0,0.040225829,1416.0,2,0,0,0,2.0
114986,0,0.148393203,78,0,908.0,,14,0,0,0,
114987,0,0.0,30,0,0.048790242000000004,5000.0,3,0,0,0,0.0
114988,0,0.36646335399999996,63,0,0.15680270000000002,16000.0,7,0,3,0,1.0
114989,0,0.5477161070000001,41,0,1685.0,,15,0,1,0,0.0
114990,0,0.306072718,39,0,0.179039301,4350.0,11,0,0,0,0.0
114991,0,0.0,41,0,2479.0,,13,0,1,0,0.0
114992,1,0.000699977,62,0,966.0,,4,0,1,0,0.0
114993,0,0.643514198,34,2,4166.0,,8,0,2,0,0.0
114995,0,0.172600571,56,1,0.392661508,11500.0,11,0,2,0,3.0
114997,0,0.0,64,0,0.0,4750.0,2,0,0,0,0.0
114998,0,0.45108802200000003,32,0,0.027119458,16666.0,8,0,0,0,0.0
114999,0,0.049853372,53,0,81.0,,8,0,0,0,
115000,0,0.0062349269999999995,64,1,333.0,,8,0,1,0,0.0
115001,0,0.0035999490000000003,46,0,0.00308642,2267.0,5,0,0,0,0.0
115002,0,0.78972768,32,1,0.36532419299999996,3500.0,6,1,0,0,1.0
115003,1,0.9999998999999999,72,2,0.854390935,1764.0,6,2,3,1,1.0
115004,0,0.18367195100000003,49,0,0.262210797,3500.0,4,0,1,0,0.0
115005,0,0.072518561,55,0,0.29863429399999997,6589.0,4,0,2,0,0.0
115007,0,0.882135505,46,3,1.1999710190000001,6900.0,20,0,2,0,0.0
115009,0,0.097697558,54,0,0.595680864,5000.0,3,0,1,0,0.0
115011,0,0.527902119,57,0,2624.0,,10,0,1,0,0.0
115012,0,0.165748012,37,0,0.202336816,8900.0,3,0,1,0,1.0
115013,1,0.9999998999999999,29,0,0.251962884,1400.0,1,0,0,0,0.0
115016,0,0.000744025,62,0,0.320824362,3250.0,9,0,1,0,0.0
115017,0,0.017841636,58,0,0.261012492,6083.0,8,0,1,0,1.0
115018,0,0.051582065,69,0,1374.0,0.0,13,0,0,0,0.0
115019,0,0.835418953,52,0,0.31530705800000003,12000.0,6,0,1,0,2.0
115020,0,0.015317472,80,0,0.114344315,7800.0,7,0,1,0,0.0
115021,0,0.080328871,51,0,0.008665222,6000.0,2,0,0,0,1.0
115023,0,0.411955876,48,0,0.265565919,7933.0,9,0,2,0,2.0
115024,0,0.0,56,0,2551.0,,10,0,1,0,0.0
115026,0,0.633133364,41,1,0.274514747,3966.0,9,0,0,0,2.0
115027,1,0.9757674740000001,48,3,0.590315712,10800.0,11,0,3,0,1.0
115028,0,0.058806934000000005,55,0,1243.0,,12,0,1,0,0.0
115030,0,0.0,76,0,0.042186002,2085.0,9,0,0,0,0.0
115032,0,0.042921612000000005,65,0,0.267033432,2362.0,7,0,0,0,0.0
115033,0,0.680786232,39,0,0.31485708100000004,9200.0,6,0,2,0,2.0
115035,0,0.23681357100000003,41,0,0.676357963,7050.0,9,0,4,0,2.0
115036,0,0.06778423900000001,64,0,2148.0,,6,0,1,0,0.0
115037,0,0.0,22,0,0.700996678,300.0,4,0,0,0,0.0
115038,0,0.33476111,54,1,0.247987536,3850.0,7,0,2,0,0.0
115040,0,0.379262074,53,0,0.030532289,3700.0,5,0,0,0,0.0
115041,0,0.055462874,48,3,6274.0,,11,0,2,0,0.0
115042,0,0.745233582,52,1,1.3350659740000002,2500.0,8,0,1,0,0.0
115044,0,0.08527648199999999,30,1,0.03956044,8189.0,4,0,0,0,0.0
115045,0,0.49887741399999996,73,0,0.47960407899999996,3333.0,17,0,3,0,0.0
115046,0,0.946679774,40,0,0.499266764,7500.0,9,0,1,0,1.0
115047,1,0.9999998999999999,27,1,0.180546302,1500.0,1,0,0,0,0.0
115048,0,0.226338683,49,0,498.0,,2,0,0,0,0.0
115050,0,0.0,96,0,0.189837685,1416.0,2,0,0,0,0.0
115052,0,0.005644194,39,0,1197.0,,4,0,1,0,0.0
115053,0,0.023089276000000002,90,0,0.004837149000000001,3100.0,6,0,0,0,0.0
115056,0,0.024558612,64,0,0.33627728700000004,6000.0,8,0,0,0,0.0
115058,1,0.996916515,34,0,0.207035067,18421.0,15,0,1,0,4.0
115060,0,0.01946723,69,0,0.295103661,6800.0,13,0,1,0,0.0
115061,0,0.000212721,57,0,0.165278241,3000.0,4,0,0,0,2.0
115062,0,0.8761574959999999,69,0,5325.0,,10,0,1,0,1.0
115063,0,0.005133162,73,0,0.200262025,10685.0,8,0,2,0,1.0
115064,0,0.35681659200000004,69,0,0.322862129,9167.0,5,0,2,0,0.0
115067,0,0.49605984299999994,45,0,1.314310799,1138.0,9,0,0,0,0.0
115070,0,0.84708955,57,1,0.343813617,8841.0,15,2,2,0,1.0
115071,0,0.10961129900000001,72,0,0.012993503,2000.0,3,0,0,0,0.0
115072,1,1.2024578209999999,65,4,0.258339511,2697.0,15,0,0,0,0.0
115073,0,0.067449437,73,0,62.0,,1,0,0,0,0.0
115074,0,0.774344558,60,0,3951.0,,11,0,1,0,3.0
115075,0,0.024684904,43,0,0.555375122,6157.0,8,0,2,0,0.0
115076,0,0.000194506,56,1,0.181316065,10500.0,12,0,1,0,0.0
115078,0,0.043940209,40,0,4622.0,,9,0,2,0,0.0
115079,0,0.9999998999999999,38,0,0.5331644560000001,15000.0,5,0,2,0,0.0
115080,0,0.092868218,62,0,0.133966508,4000.0,16,0,0,0,0.0
115081,0,0.421287759,31,0,0.311287613,6546.0,9,0,1,0,3.0
115082,1,0.9999998999999999,37,0,0.778888195,1600.0,1,0,1,1,0.0
115083,0,0.064134161,57,0,0.20117317699999998,7500.0,9,0,1,0,1.0
115085,0,0.030312516,63,1,0.354935622,9319.0,8,0,2,0,0.0
115086,1,0.617785733,47,0,1.491377156,4000.0,16,0,2,0,0.0
115087,0,0.41007969,51,0,1613.0,,8,0,1,0,0.0
115088,0,0.32035657300000003,80,0,0.8225653959999999,3172.0,9,0,1,0,0.0
115089,0,0.30373601100000003,54,0,0.507347372,6600.0,15,0,1,0,0.0
115090,0,0.001549961,82,0,0.000249938,4000.0,7,0,0,0,0.0
115091,0,0.9999998999999999,52,1,1918.0,,1,0,1,0,0.0
115093,0,0.48749827100000004,50,1,0.18680220000000003,6000.0,7,0,1,0,0.0
115094,1,0.9999998999999999,40,0,0.0,4300.0,0,1,0,0,1.0
115095,0,0.045406809000000006,53,0,1.522938624,3225.0,13,0,3,0,2.0
115096,0,0.530004126,49,0,0.269079389,20833.0,8,0,2,0,4.0
115099,0,0.6486675670000001,47,0,0.069686947,13000.0,4,0,0,1,3.0
115100,1,0.342503939,46,2,2495.0,,4,2,1,0,0.0
115101,0,0.0,84,0,0.048983672,3000.0,7,0,0,0,0.0
115102,0,0.000153372,79,0,0.517666393,2433.0,11,0,1,0,0.0
115103,0,0.010632978999999999,71,0,0.109590809,7746.0,6,0,1,0,1.0
115104,0,0.187130262,42,0,0.43181281,4230.0,16,0,1,0,2.0
115106,0,0.0036733190000000004,84,0,2.0,,2,0,0,0,
115107,1,0.35832084,63,0,0.416804865,3617.0,6,0,1,0,0.0
115110,0,0.265283475,48,0,0.385107099,17833.0,12,0,2,0,4.0
115111,0,0.02431634,66,1,13.0,,5,0,0,0,
115112,0,0.17939103,52,0,0.028336966,7798.0,2,0,1,0,2.0
115113,0,0.762607723,68,0,0.649545594,9792.0,16,0,2,0,1.0
115114,1,0.110377512,51,0,0.619532199,6583.0,12,0,3,0,0.0
115115,1,0.955726935,35,0,0.079168333,2500.0,5,0,0,0,2.0
115116,1,0.358296799,31,0,0.155503329,2552.0,9,0,0,1,0.0
115118,0,0.109309042,45,2,0.566594026,7800.0,13,0,4,0,1.0
115119,0,0.028747107999999997,72,0,24.0,,4,0,0,0,0.0
115120,0,0.003974908,69,0,0.325345748,7302.0,7,0,1,0,0.0
115125,0,0.179478812,67,0,0.285288764,6042.0,8,0,1,0,0.0
115126,0,0.009093954,61,0,0.268928278,8518.0,20,0,1,0,0.0
115128,0,0.006270363,52,0,0.055715537999999995,7986.0,5,0,0,0,0.0
115129,0,0.07938447900000001,23,0,0.054339328,2557.0,7,0,0,0,0.0
115130,0,0.030687845,66,0,0.14497868,6800.0,10,0,1,0,0.0
115131,0,0.019796041,25,1,0.382504754,3680.0,2,0,1,0,0.0
115132,0,0.97386806,45,0,1.156143924,1472.0,8,0,0,0,0.0
115136,0,0.170759933,47,0,1.2324535090000002,3333.0,17,0,1,0,1.0
115137,0,0.9999998999999999,72,0,0.055982437,3643.0,2,0,0,0,1.0
115138,0,0.293676581,25,0,0.049937577999999996,800.0,3,0,0,0,0.0
115139,0,0.154942253,48,1,5484.0,,10,0,4,0,0.0
115140,0,0.45623430200000004,52,0,0.114080574,2506.0,9,0,0,0,0.0
115142,0,0.155428297,43,0,0.148346976,18813.0,8,0,2,0,3.0
115143,1,4.638722555,40,2,1011.0,,6,0,0,1,0.0
115144,0,0.27311047899999996,53,0,2.238200999,1800.0,19,0,1,0,0.0
115145,0,0.0,83,0,0.0,5100.0,2,0,0,0,0.0
115147,0,0.275165953,53,3,0.355114015,7498.0,15,2,4,0,3.0
115148,0,0.9999998999999999,39,0,0.0,,2,0,0,0,0.0
115149,0,0.160852982,87,0,0.26692925300000003,6600.0,14,0,1,0,0.0
115151,0,0.0,47,0,0.467653235,10000.0,7,0,3,0,1.0
115152,0,0.030118331,36,0,0.49671772399999997,3198.0,9,0,1,0,0.0
115153,0,0.6830835120000001,28,0,0.004241782,6600.0,2,0,0,0,0.0
115154,0,0.0,42,0,0.218661773,7083.0,5,0,2,0,0.0
115155,0,0.19220903399999997,67,0,132.0,,4,0,0,0,0.0
115156,0,0.039022348,41,0,0.136158625,11750.0,6,0,2,0,2.0
115158,0,0.069129524,53,0,984.0,,10,0,1,0,0.0
115159,1,1.16429776,40,4,0.166001925,7270.0,14,0,0,2,0.0
115160,0,0.224411398,43,0,0.187951512,8166.0,14,0,0,0,2.0
115164,0,0.16332477,54,0,0.224292524,30000.0,11,0,3,0,2.0
115166,0,0.039836319,50,0,603.0,,7,0,1,0,0.0
115167,0,0.11495670699999999,65,0,0.04150998,6913.0,8,0,0,0,0.0
115168,0,0.060414987999999996,61,0,0.228099413,13800.0,8,0,2,0,0.0
115171,1,1.7296937419999998,40,2,0.38328792,1100.0,4,0,0,2,1.0
115172,0,0.29260496,50,0,0.29863572899999996,9308.0,16,0,1,0,3.0
115173,0,0.9999998999999999,54,0,0.014242673,3650.0,2,0,0,0,0.0
115175,0,0.0043907040000000005,58,0,2133.0,,9,0,2,0,0.0
115177,0,0.9999998999999999,37,0,0.0,,1,1,0,0,0.0
115178,0,0.027197175,55,0,0.260740639,14500.0,10,0,1,0,5.0
115179,0,0.0019999,58,0,0.416791604,2000.0,4,0,2,0,0.0
115180,0,0.041476786,49,0,0.021413047999999997,75000.0,11,0,1,0,1.0
115181,0,0.034575406,35,0,0.174037253,8750.0,13,0,0,0,1.0
115182,0,0.421914691,66,1,0.113031677,28000.0,15,0,2,0,0.0
115183,0,0.9999998999999999,47,4,0.34444370399999996,15000.0,5,0,1,1,4.0
115184,1,0.785049709,40,2,0.19542966,4200.0,5,0,0,0,1.0
115185,0,0.009224113,70,0,0.013317892,3453.0,6,0,0,0,0.0
115186,0,0.069790697,63,0,0.289109722,9760.0,6,0,1,0,1.0
115187,0,0.53216469,44,0,0.314152411,4500.0,4,0,1,0,1.0
115188,0,0.170608593,74,0,0.408687305,4166.0,13,0,1,0,0.0
115189,0,0.29322136600000004,33,1,0.29958189399999996,5500.0,7,0,0,1,0.0
115190,0,0.44589482700000005,58,1,4160.0,,13,0,1,0,0.0
115191,0,0.17744445399999997,56,0,0.076274818,7000.0,10,0,0,0,1.0
115193,0,0.176523924,33,1,0.109090909,5884.0,13,0,0,0,0.0
115194,0,0.201002925,47,0,0.470451289,5583.0,13,0,1,0,2.0
115197,0,0.032095941,71,0,0.16247438,5366.0,7,0,1,0,0.0
115199,0,0.140485951,48,0,0.038889975,5116.0,2,0,0,0,1.0
115200,0,0.021255927999999997,74,0,11.0,,2,0,0,0,0.0
115201,1,0.386323752,73,0,0.660925102,5166.0,17,2,2,0,0.0
115202,0,0.073099481,63,0,0.162938202,11666.0,4,0,1,0,1.0
115203,0,1.9241706159999998,61,0,945.0,,2,1,0,0,0.0
115204,0,0.37750688200000004,79,0,0.08636545400000001,2500.0,10,0,0,0,0.0
115205,0,0.9999998999999999,58,0,1276.0,,3,0,1,0,0.0
115206,0,0.742392965,46,0,0.509249075,10000.0,8,1,2,0,2.0
115207,0,0.022716287999999998,73,1,0.012588944,3653.0,8,0,0,0,0.0
115208,0,0.136207308,38,0,0.399541885,9167.0,10,0,2,0,2.0
115209,0,0.273004349,61,0,0.628997868,7972.0,14,0,2,0,0.0
115210,0,0.787979795,76,0,0.711648113,14731.0,20,0,11,0,1.0
115212,1,0.907573813,25,3,619.0,0.0,5,2,0,1,1.0
115213,0,0.029906195,77,0,0.00719856,5000.0,9,0,0,0,0.0
115214,1,0.9999998999999999,58,0,0.44919105600000003,5500.0,6,0,2,0,1.0
115215,0,0.9999998999999999,30,0,0.25049115899999996,2035.0,2,0,0,0,0.0
115217,0,0.86725761,49,0,0.531368821,7363.0,12,0,2,0,2.0
115218,0,0.0,34,0,0.240168085,9280.0,8,0,2,0,1.0
115219,0,0.0,57,0,0.0,,6,0,0,0,0.0
115220,0,0.001555446,56,0,0.190309399,15416.0,32,0,2,0,2.0
115221,0,0.330378608,58,0,0.46918742,5500.0,19,0,2,0,1.0
115222,0,0.06888565599999999,50,0,0.21099082600000002,23000.0,27,0,2,0,1.0
115223,0,0.028295097,52,1,0.41098027,12822.0,18,0,4,0,0.0
115225,0,0.096044006,51,0,0.733326667,10000.0,15,0,4,0,4.0
115226,0,0.335519758,62,1,0.49430216899999996,8160.0,16,3,2,0,0.0
115227,0,0.025593285,45,0,0.335381522,8950.0,10,0,1,0,2.0
115228,0,0.169455808,62,0,129.0,,4,0,0,0,0.0
115229,0,0.014028525,68,0,0.054118902,3750.0,7,0,0,0,1.0
115230,0,0.018065186,77,0,0.38206954299999996,2386.0,5,0,0,0,0.0
115231,0,0.0,42,0,0.10741322699999999,7000.0,3,0,0,0,2.0
115232,0,0.117044148,61,0,0.008234325,8500.0,4,0,0,0,1.0
115234,0,0.5518119020000001,40,0,0.023173207,5911.0,4,3,0,0,0.0
115236,0,0.004189405,50,0,0.270208512,3500.0,11,0,1,0,0.0
115237,0,0.00916604,56,0,0.19512195100000002,3156.0,25,0,2,0,0.0
115238,0,0.030712822999999997,54,0,18.0,,6,0,0,0,0.0
115240,0,0.158067355,52,0,0.253191817,6500.0,5,0,1,0,1.0
115241,0,0.319214841,69,0,0.409530157,3000.0,9,0,2,0,0.0
115242,0,0.824279535,37,0,0.334223579,2620.0,6,0,1,0,0.0
115245,0,0.852383626,49,0,4106.0,,25,0,3,0,3.0
115246,0,0.0,29,0,0.236935867,1683.0,8,0,0,0,0.0
115247,0,0.0,47,0,0.256625783,11658.0,15,0,1,0,2.0
115248,0,0.779839147,45,0,0.18837847100000002,11667.0,9,0,0,0,3.0
115249,0,0.008791484,83,0,452.0,,7,0,1,0,
115250,0,0.211140335,50,0,0.27640501100000003,8700.0,9,0,2,0,5.0
115252,0,0.195447727,56,1,0.271123309,5100.0,6,0,1,0,1.0
115255,0,0.008195181,79,0,7.0,,6,0,0,0,0.0
115256,0,0.023091346000000002,59,0,1224.0,,4,0,1,0,0.0
115259,0,0.10204829900000001,66,0,0.32383452100000004,8000.0,8,0,1,0,1.0
115262,0,0.0,39,0,0.215432785,9900.0,8,0,2,0,3.0
115265,0,0.003694212,63,0,0.29671666,7400.0,23,0,2,0,0.0
115267,0,0.0065637659999999995,88,0,0.223898139,5104.0,8,0,1,0,0.0
115269,0,0.032724182000000004,40,0,0.005458362,7144.0,5,0,0,0,0.0
115270,0,0.21206161899999998,48,0,0.416108931,4332.0,6,0,1,0,0.0
115272,0,0.064330682,56,0,0.264325087,7800.0,9,0,2,0,1.0
115273,0,0.005564734,34,0,0.686375321,3500.0,6,0,1,0,0.0
115274,0,0.08417261,46,0,0.21020092699999998,6469.0,14,0,2,0,0.0
115275,0,0.914517705,39,1,0.284490146,2333.0,13,0,0,0,1.0
115277,0,0.9999998999999999,58,1,0.233649628,9800.0,4,0,3,0,1.0
115279,0,0.017222838,67,0,3509.0,,8,0,1,0,0.0
115281,0,0.12558539400000002,48,0,0.24855654100000002,7100.0,13,0,2,0,1.0
115283,0,0.162938793,48,0,0.513925256,4200.0,11,0,2,0,3.0
115284,0,0.40824312,49,2,0.49585480600000004,4462.0,10,1,2,0,0.0
115286,0,0.537298508,54,0,0.491810253,4700.0,8,0,2,0,0.0
115287,0,0.081597364,67,0,1822.0,,12,0,2,0,0.0
115288,0,0.127728024,36,0,0.159460135,4000.0,4,0,0,0,0.0
115289,0,0.632247596,68,0,0.143485651,10000.0,9,0,0,0,1.0
115290,0,0.386451694,43,0,0.200528202,5300.0,6,0,1,0,4.0
115293,0,0.609164159,40,0,0.041021165,4582.0,2,0,0,0,0.0
115294,0,0.0,56,0,0.272944499,9206.0,16,0,1,0,0.0
115297,0,0.090090928,76,0,0.333858681,3806.0,5,0,1,0,0.0
115298,1,0.9999998999999999,33,1,0.266589729,1732.0,2,0,0,0,0.0
115299,0,0.0,59,0,0.198665751,10192.0,9,0,1,0,1.0
115300,0,0.072445599,66,1,0.47757061100000003,10833.0,19,0,2,0,2.0
115302,0,0.6300628629999999,59,0,0.7246972559999999,9000.0,10,0,2,0,0.0
115303,0,0.10649619699999999,53,0,0.9753940790000001,2600.0,10,0,1,0,0.0
115304,0,1.62455018,46,0,0.823927765,3100.0,6,0,2,0,0.0
115306,0,0.5691578,46,0,0.061746987999999996,3983.0,3,1,0,0,0.0
115308,0,0.036358807,67,0,68.0,,5,0,0,0,0.0
115309,1,2.139534884,61,5,0.176562257,6416.0,6,5,1,1,0.0
115311,0,0.21052631600000002,54,1,331.0,,4,1,0,0,0.0
115312,0,0.273465892,60,0,0.45661483,4436.0,13,0,2,0,0.0
115313,0,0.070531009,27,0,0.152692948,1800.0,5,0,0,0,1.0
115315,0,0.952996475,51,0,0.052202887999999996,2700.0,3,1,0,0,0.0
115316,0,0.081192849,44,0,700.0,,13,0,0,0,0.0
115317,0,0.410911818,81,0,0.274338403,8350.0,6,0,3,0,1.0
115318,0,0.001904611,88,0,0.0,,1,0,0,0,
115319,0,0.000321533,37,0,0.639069377,4770.0,7,0,1,0,1.0
115320,0,0.161588539,66,0,0.23639480100000002,7000.0,9,0,1,0,0.0
115322,0,0.16202167,59,0,0.1002999,3000.0,12,0,0,0,0.0
115324,0,0.032370504,41,0,0.424118049,10232.0,8,0,2,0,1.0
115325,0,0.7572289659999999,40,0,1.740101221,3358.0,15,0,9,0,0.0
115326,0,0.02103119,58,0,0.007664112,3000.0,3,0,0,0,1.0
115328,0,0.9999998999999999,34,1,0.082547843,3500.0,1,0,0,0,0.0
115329,0,0.172785933,53,0,0.177047867,14978.0,7,0,1,0,1.0
115331,0,0.0,53,0,0.470652935,10000.0,6,0,2,0,3.0
115332,0,1.12749004,38,1,1319.0,,4,3,1,0,0.0
115333,0,0.46063595799999996,32,0,294.0,,5,0,0,0,0.0
115334,0,0.014119718,47,0,0.296814741,7000.0,11,0,2,0,3.0
115335,0,0.313242373,50,0,1.119507091,4300.0,13,0,2,0,2.0
115337,0,0.002131837,64,0,0.000848896,5889.0,8,0,0,0,0.0
115338,0,0.083049053,42,1,0.00888494,2250.0,7,0,0,0,0.0
115341,0,0.878580101,52,2,0.597938144,4170.0,7,0,1,0,2.0
115342,0,0.096520107,67,0,0.20233139100000003,4803.0,6,0,2,0,0.0
115343,0,0.244965568,40,0,0.464927355,6400.0,21,0,1,0,1.0
115344,0,0.33511094199999997,35,0,687.0,0.0,9,0,0,0,0.0
115345,0,0.9999998999999999,54,0,1942.0,,1,0,1,0,0.0
115348,0,4.6700000000000003e-05,51,0,1968.0,,12,0,2,0,1.0
115350,0,0.185454363,39,0,0.432974065,5937.0,13,0,2,0,1.0
115351,0,0.035594573,68,0,0.27858231699999997,2623.0,16,0,0,0,0.0
115352,0,0.122072228,41,0,0.638133333,3749.0,9,0,1,0,1.0
115353,0,0.9999998999999999,57,1,0.445652174,2299.0,4,0,2,0,1.0
115354,0,0.05648398,59,0,0.011877167,52200.0,8,0,0,0,1.0
115355,0,0.177254752,52,0,0.385821697,4654.0,20,0,1,0,1.0
115356,1,0.186686315,50,0,2704.0,,11,0,2,0,0.0
115357,0,0.03617234,50,0,3636.0,,7,0,2,0,2.0
115359,0,0.188026622,41,1,0.261375478,5757.0,9,0,1,0,1.0
115361,0,0.036912621,62,0,0.17317691,7500.0,8,0,1,0,1.0
115363,0,0.226751788,49,0,0.333777704,6000.0,5,0,1,0,0.0
115366,0,0.8743417109999999,62,0,0.407705438,4100.0,4,0,0,0,0.0
115367,0,0.9999998999999999,54,0,0.741525847,10000.0,5,0,4,0,2.0
115368,0,0.071292171,66,0,0.478058704,3440.0,14,0,1,0,1.0
115370,0,0.0,68,0,0.0,1500.0,2,0,0,0,0.0
115371,0,0.10567154599999999,54,0,0.387602066,6000.0,5,0,1,0,0.0
115372,0,0.048991425,75,0,0.17427306,5192.0,9,0,1,0,0.0
115373,0,0.21237197600000002,56,2,0.649781486,5033.0,19,0,3,0,0.0
115374,0,0.58102387,42,0,0.42357041,12625.0,16,0,4,0,0.0
115375,0,0.261315912,40,0,0.219045938,17000.0,9,0,2,0,3.0
115377,0,0.338607173,45,0,0.41669506,2934.0,5,0,0,0,0.0
115379,0,0.045730285,53,0,0.555509182,9583.0,10,0,4,0,2.0
115381,1,1.233397217,56,2,0.6768347929999999,9932.0,10,0,4,0,2.0
115383,0,0.442160283,59,0,0.31188872,4600.0,8,0,0,0,1.0
115384,0,0.028690773,34,0,0.140214946,4000.0,8,0,0,0,0.0
115385,0,0.014174214,62,0,335.0,,8,0,0,0,0.0
115386,0,0.35576442399999997,72,0,0.160183982,10000.0,11,0,1,0,3.0
115388,0,0.03653341,32,0,0.17907917,7666.0,9,0,1,0,1.0
115389,1,0.7158773359999999,48,2,0.5844404879999999,7300.0,16,0,1,0,1.0
115390,0,0.203562818,51,0,0.49880024,3333.0,17,0,2,0,0.0
115391,0,0.46717731700000004,41,0,0.35096490399999997,10000.0,11,0,2,0,3.0
115392,0,0.497812773,27,1,0.571942446,833.0,11,0,0,0,0.0
115393,0,0.061689935,86,0,0.134560206,10106.0,9,0,1,0,0.0
115395,0,0.27548405600000003,57,1,0.366420275,10416.0,10,0,3,0,2.0
115396,0,0.061944857,58,0,0.335162144,10206.0,9,0,1,0,3.0
115397,0,0.405133431,28,0,0.550979608,2500.0,7,0,1,0,0.0
115399,0,0.033366666,70,1,3830.0,,9,0,2,0,
115400,0,0.00718055,61,0,0.261626575,4364.0,6,0,1,0,1.0
115402,0,0.001473607,81,0,57.0,,11,0,0,0,0.0
115403,0,0.06409823099999999,80,0,0.006797281,2500.0,5,0,0,0,0.0
115406,0,0.24458229199999998,43,1,0.382128741,7083.0,15,0,2,0,2.0
115407,0,0.0,76,0,0.11247650699999999,6916.0,7,0,1,0,0.0
115408,0,0.046588257,43,0,0.082644628,3750.0,4,0,0,0,4.0
115409,0,0.249221978,34,0,0.054054054000000004,2700.0,3,0,0,0,0.0
115410,0,0.07995680200000001,57,0,0.007035535,8385.0,2,0,0,0,1.0
115411,0,0.6615080210000001,45,2,0.730763078,6250.0,9,0,2,0,3.0
115412,0,0.47680153,69,0,5.863701578,696.0,16,0,2,0,0.0
115413,0,0.0,89,0,0.0,3333.0,4,0,0,0,0.0
115415,0,0.17796051699999998,52,2,0.261073893,10000.0,15,0,2,0,2.0
115416,0,0.019927958,45,0,1331.0,,6,0,1,0,2.0
115418,0,0.576293414,72,0,0.28561039899999996,11000.0,12,0,1,0,0.0
115419,0,0.012444168,75,0,103.0,,6,0,0,0,1.0
115420,0,0.598187449,32,0,0.297284999,6592.0,8,0,0,0,0.0
115422,0,0.0,36,0,0.031786395,6291.0,4,0,0,0,0.0
115423,0,0.8434203220000001,32,1,89.0,,1,0,0,0,0.0
115426,0,0.0016114279999999998,58,0,742.0,,5,0,1,0,0.0
115427,0,0.10604970400000001,67,0,0.182302212,13334.0,17,0,2,0,0.0
115429,0,0.26354385199999997,47,0,0.250848736,2650.0,14,0,1,0,1.0
115431,0,0.907618645,50,1,0.379419654,4100.0,8,0,2,1,0.0
115433,0,0.56748246,38,0,0.682589928,3474.0,9,0,1,0,2.0
115434,0,0.021359138,64,0,0.034386246,2500.0,12,0,0,0,0.0
115435,0,0.042803241,68,0,0.417203011,18333.0,14,0,3,0,1.0
115437,0,0.326158098,47,0,0.280172414,5335.0,10,0,1,0,0.0
115439,0,0.075763778,59,1,0.411662011,2863.0,17,0,1,0,0.0
115440,0,0.007467926,75,0,9.0,,2,0,0,0,
115443,0,0.057614242,69,0,0.345846645,3755.0,6,0,1,0,1.0
115444,0,0.941889764,30,1,0.41745166100000003,4033.0,6,0,0,0,0.0
115445,0,0.189227105,48,1,0.651793339,9367.0,20,0,4,0,0.0
115446,0,0.270918273,61,0,0.24230517399999998,6107.0,16,0,2,0,0.0
115447,0,0.182457421,56,0,1.599232061,4166.0,8,0,3,0,0.0
115449,0,0.006202774,59,0,2453.0,,8,0,1,0,0.0
115451,0,0.019782911,62,0,0.066296784,10633.0,8,0,1,0,2.0
115454,1,0.969784798,50,1,0.124511446,5372.0,9,1,0,0,2.0
115456,0,0.262315846,69,0,0.041682491,10531.0,5,0,1,0,0.0
115457,0,0.025014297999999997,61,0,1870.0,,13,0,2,0,
115460,0,1.0071669909999998,40,0,0.459732694,5835.0,5,0,1,0,0.0
115461,0,0.476074846,27,0,0.061836352000000004,1600.0,2,0,0,0,0.0
115462,0,0.9999998999999999,41,0,332.0,,2,0,0,0,0.0
115463,0,0.0,29,0,0.0,2253.0,4,1,0,0,0.0
115464,0,0.386176897,50,0,0.907727382,8333.0,13,0,2,0,3.0
115465,0,0.013793236,83,3,0.111377724,5000.0,14,0,1,0,1.0
115467,0,0.075019765,53,0,0.44486361,3445.0,8,0,1,0,1.0
115468,0,0.017019965,58,0,0.392360764,10000.0,6,0,2,0,0.0
115469,0,0.0,72,0,7392.0,,17,0,4,0,1.0
115470,0,0.9352200190000001,45,1,0.890243902,4345.0,6,1,2,0,1.0
115471,0,0.080856124,28,0,0.442778611,2000.0,5,0,0,1,0.0
115473,0,0.17125915600000002,36,0,0.24172765699999998,9700.0,5,0,2,0,0.0
115474,0,0.784729474,57,0,0.129941001,70000.0,11,0,2,0,2.0
115475,0,0.059315924000000006,63,0,0.272811918,4295.0,18,0,1,0,2.0
115476,0,0.014933793999999999,77,1,1717.0,,13,0,1,0,0.0
115477,0,0.778473909,56,0,0.334077315,11200.0,7,0,2,0,0.0
115478,0,0.013618788,76,0,0.08915286800000001,8333.0,10,0,0,0,0.0
115479,0,0.467337292,54,4,0.355569442,6400.0,5,0,1,3,1.0
115481,0,0.189487486,64,0,0.294967226,9000.0,16,0,2,0,1.0
115484,0,0.0,29,0,0.0,2700.0,1,0,0,0,0.0
115485,0,0.6851838090000001,53,1,0.529852899,6933.0,18,0,1,0,2.0
115486,0,0.9999998999999999,70,0,1748.0,,2,0,1,0,0.0
115489,0,0.100455772,49,1,0.299968089,9400.0,8,0,2,0,3.0
115491,0,0.007541193000000001,43,0,2294.0,,7,0,1,0,0.0
115493,0,0.647713905,63,0,0.19027157100000003,5817.0,3,0,1,0,0.0
115495,0,0.509383021,48,0,0.595253966,7500.0,9,0,2,0,2.0
115496,0,0.047598419,49,0,987.0,,4,0,1,0,0.0
115497,0,0.016589898999999998,59,0,0.389587074,7240.0,11,0,1,0,0.0
115498,0,0.027834251,60,0,1423.0,,8,0,1,0,0.0
115499,0,0.438731063,66,1,0.288336547,14000.0,15,0,1,0,1.0
115500,0,0.8323224020000001,48,1,1.030208796,2250.0,11,1,0,1,3.0
115501,0,0.042636484,67,0,30.0,,9,0,0,0,
115503,0,0.055013599,44,0,0.866169022,3750.0,17,0,1,0,1.0
115504,0,0.553580394,57,1,4013.0,,13,0,1,0,0.0
115507,0,0.00038680800000000004,39,0,0.410344042,4388.0,19,0,0,0,1.0
115508,0,0.031893666,47,0,0.019559218,25000.0,19,0,0,0,0.0
115511,0,0.08388455,52,0,0.18660053100000001,14313.0,17,0,2,0,2.0
115513,0,0.037246567,34,0,0.16091954,7916.0,7,0,1,0,2.0
115514,1,0.427145709,29,3,0.367894887,3500.0,5,0,0,0,0.0
115515,0,0.005666037,60,0,0.524906267,3733.0,5,0,2,0,0.0
115517,0,0.128537071,70,0,0.20896536100000002,8833.0,13,0,1,0,0.0
115518,0,0.003895752,51,0,0.222753027,9000.0,13,0,2,0,2.0
115520,0,0.10673887900000001,55,0,2495.0,,12,0,2,0,3.0
115521,0,0.34991212299999996,45,0,0.479038765,5700.0,13,0,1,0,2.0
115522,1,0.803299175,31,1,0.35103752299999996,9300.0,7,0,2,0,0.0
115523,0,0.058736075,60,0,800.0,,13,0,0,0,0.0
115524,0,0.275279002,54,0,0.41866306,5175.0,13,0,1,0,2.0
115525,0,0.9999998999999999,62,0,0.10401580000000002,1518.0,3,0,0,0,0.0
115528,0,0.146763574,52,0,1.195040661,7500.0,16,0,3,0,1.0
115530,0,0.75824799,51,0,0.45213696600000003,4000.0,7,0,0,0,2.0
115531,0,0.0,31,0,0.0,3681.0,1,0,0,0,0.0
115532,0,0.04299785,68,0,0.009815469,2546.0,4,0,0,0,0.0
115533,0,0.0,67,0,0.0736919,10950.0,11,0,0,0,0.0
115535,0,0.700069067,34,0,0.645081317,10083.0,9,0,2,0,0.0
115536,1,0.528473804,33,0,0.265052427,9250.0,6,0,1,0,0.0
115538,0,0.06424197,53,0,0.007185255,3200.0,6,0,0,0,1.0
115539,0,0.028033821,55,0,0.5200525970000001,6083.0,14,0,2,0,4.0
115542,0,0.9999998999999999,33,1,0.157971316,4810.0,4,0,0,0,3.0
115543,0,0.03282361,72,0,0.013843648,2455.0,4,0,0,0,0.0
115544,1,0.065780622,63,0,1.441899209,2400.0,13,0,2,0,0.0
115545,0,0.126638318,67,0,2912.0,,8,0,2,0,0.0
115546,0,0.0,63,0,0.426729695,4653.0,8,0,1,0,0.0
115547,0,0.0,24,0,0.0,820.0,2,0,0,0,0.0
115548,0,0.621475705,27,0,0.137483787,3083.0,2,0,0,0,0.0
115549,0,0.539897585,48,2,0.309967025,9400.0,7,0,1,0,1.0
115550,0,0.11271975199999999,24,0,0.548725637,2000.0,6,0,1,0,1.0
115552,0,0.586451129,37,0,0.332998325,2984.0,10,0,0,0,1.0
115553,0,0.0,64,0,0.255497801,2500.0,4,0,1,0,0.0
115554,0,0.35462151299999994,49,0,734.0,,3,0,0,0,0.0
115555,0,0.972555548,62,0,3227.0,,10,0,2,0,1.0
115556,1,0.000303007,55,0,0.251582806,3000.0,6,0,0,1,2.0
115557,0,0.9999998999999999,60,0,0.128467883,4000.0,1,0,0,0,0.0
115559,0,0.123312781,26,0,0.19288444600000001,3400.0,7,0,0,0,0.0
115560,0,0.12782623199999998,37,0,0.676853424,5300.0,15,0,2,0,0.0
115561,0,0.915231641,28,0,651.0,,3,0,0,0,0.0
115563,0,0.0,62,0,0.036657469,10147.0,13,0,0,0,2.0
115564,0,0.81386377,59,0,1.629757785,2600.0,6,0,2,0,0.0
115566,0,0.48376366200000004,52,0,3292.0,,9,0,1,0,0.0
115567,0,0.9999998999999999,32,0,0.33088970300000003,3000.0,3,0,1,0,0.0
115570,0,0.41660612799999996,54,0,1.242117787,1680.0,4,0,1,0,0.0
115571,0,0.337033611,54,0,0.103589278,2200.0,3,0,0,0,1.0
115573,0,0.905858251,54,0,1024.0,,8,0,0,0,0.0
115577,1,0.499464477,40,1,0.44031193799999996,5000.0,5,0,2,0,2.0
115578,0,0.072663139,38,0,0.253056582,10550.0,16,0,2,0,2.0
115581,0,0.134753137,55,0,0.27052905899999996,16500.0,8,0,1,0,4.0
115583,0,0.9999998999999999,40,2,0.566440349,6185.0,9,0,3,1,1.0
115585,0,0.007682793,70,0,0.263531016,7334.0,8,0,1,0,0.0
115588,0,0.119931835,74,0,0.028030994,4387.0,14,0,0,0,0.0
115589,0,0.965451197,36,1,0.298671618,7000.0,5,0,0,0,4.0
115590,0,0.005421578000000001,71,0,0.060375202,10500.0,26,0,1,0,0.0
115592,0,0.033645395,45,0,4712.0,,16,0,2,0,0.0
115593,0,0.018851224,38,0,0.14220808699999998,2200.0,15,0,0,0,0.0
115594,0,0.394303516,45,1,0.599394816,7600.0,9,0,3,0,3.0
115595,0,0.407374729,57,0,0.44613957299999996,9700.0,12,0,1,0,0.0
115596,0,0.08449852,54,0,229.0,,7,0,0,0,1.0
115597,0,0.036624252999999996,87,0,0.854267311,2483.0,11,0,1,0,0.0
115600,0,0.130587435,51,1,1.2068965520000001,550.0,18,0,0,0,0.0
115602,0,0.053760652,68,0,0.11325622,12016.0,8,0,1,0,0.0
115603,0,0.0,63,0,0.405622111,10600.0,18,0,2,0,0.0
115604,0,0.016839462,60,0,0.0034185490000000003,6727.0,6,0,0,0,0.0
115605,0,0.034298571,79,0,0.143697126,16666.0,10,0,1,0,0.0
115606,0,0.454223107,31,0,0.32651834,4988.0,9,0,0,0,2.0
115607,0,0.9999998999999999,40,0,0.401117483,6800.0,4,0,1,0,0.0
115608,0,0.0,58,0,2321.0,,6,0,5,0,
115609,0,0.034949126000000004,65,0,0.056515479,8333.0,6,0,0,0,0.0
115610,0,0.01976948,43,0,0.007610764,7357.0,16,0,0,0,0.0
115611,0,0.559305087,52,0,0.24769016600000002,7900.0,6,0,1,0,3.0
115613,0,0.250383915,58,0,0.029653519,35037.0,6,0,1,0,0.0
115614,0,0.017092526,70,0,0.009998667,7500.0,5,0,0,0,0.0
115615,0,0.0,56,0,0.105836105,9920.0,9,0,1,0,0.0
115616,0,0.022460337,75,0,23.0,,5,0,1,0,0.0
115617,0,0.193410873,43,0,0.209643606,6200.0,8,0,1,0,4.0
115618,0,0.07476947,34,0,0.628955984,2748.0,8,0,1,0,0.0
115619,0,0.20217496100000001,53,0,1788.0,,7,0,1,0,2.0
115620,0,0.164353676,72,0,0.022347872999999997,3713.0,3,0,0,0,0.0
115621,1,0.9566444059999999,45,3,5245.0,,13,0,2,0,1.0
115622,0,0.186022032,36,0,0.12451673099999999,7500.0,7,0,0,0,0.0
115624,0,0.11026598,69,0,210.0,,8,0,0,0,0.0
115625,1,1.029362572,32,0,0.18605218199999998,4100.0,5,6,0,0,3.0
115626,0,0.0,63,0,0.014278915,2100.0,3,0,0,0,0.0
115627,0,0.005634325999999999,36,1,0.287505532,6778.0,12,0,1,0,2.0
115628,0,0.166916542,54,0,0.295695131,4250.0,4,0,2,0,3.0
115629,0,0.290095372,55,0,0.20797689100000002,9000.0,16,0,0,0,0.0
115630,0,0.021913537,25,0,380.0,,13,0,0,0,0.0
115631,0,0.13697688,72,0,77.0,,4,0,0,0,0.0
115632,0,0.0,73,0,0.22183708800000002,7500.0,3,0,1,0,0.0
115633,0,0.072522035,45,1,0.45569100100000004,7300.0,12,0,1,0,2.0
115634,1,0.94723462,37,3,0.36065573799999995,2500.0,5,2,0,3,0.0
115635,0,0.11618669300000001,46,0,0.393240765,3816.0,6,0,1,0,2.0
115636,0,0.555217881,27,0,0.188022897,4541.0,5,0,0,0,0.0
115637,0,0.0,62,0,1753.0,,11,0,1,0,0.0
115638,0,0.159992,49,0,367.0,,6,0,0,0,1.0
115640,0,0.17458673,35,0,0.460564319,4500.0,11,0,2,0,1.0
115641,0,0.19107479600000002,31,0,0.097161136,2500.0,4,0,0,0,0.0
115642,0,0.0,61,0,0.052662255,29166.0,7,0,0,0,2.0
115643,0,0.1041556,56,0,0.283952675,6000.0,11,0,1,0,0.0
115644,0,0.9999998999999999,41,0,0.30066603199999997,1050.0,2,0,0,0,1.0
115647,0,0.050261688,39,1,0.787056367,2394.0,14,0,1,0,1.0
115648,0,0.175139459,26,0,0.078465562,2293.0,3,0,0,0,0.0
115649,0,0.024242777000000004,53,0,0.042192922,7204.0,2,0,0,0,0.0
115650,0,0.006706083000000001,41,0,1.061787642,1666.0,7,0,2,0,2.0
115651,0,0.632332617,35,0,0.640541774,6570.0,18,0,1,0,0.0
115652,0,0.0,30,0,0.144285238,3000.0,6,1,0,0,0.0
115655,0,0.301059629,61,0,0.24775045,5000.0,13,0,0,0,0.0
115656,0,0.0,46,0,0.0014768320000000002,5416.0,3,0,0,0,0.0
115657,0,0.0,58,1,0.73081464,846.0,13,0,1,0,0.0
115658,0,0.69290582,54,0,2776.0,,8,0,1,0,0.0
115660,0,0.33442615800000003,55,0,0.499378573,4022.0,12,0,1,0,2.0
115661,0,0.419677405,67,1,0.24134964600000003,10461.0,11,0,1,0,1.0
115663,0,0.024314365,70,0,0.32939115199999996,4565.0,5,0,1,0,1.0
115664,0,0.0,68,0,0.296925769,4000.0,6,0,1,0,1.0
115665,0,0.0,25,0,627.0,,4,0,1,0,1.0
115666,0,0.273448411,43,0,0.243751838,3400.0,7,0,0,0,2.0
115668,0,0.057967461,55,0,0.168692354,11600.0,4,0,1,0,0.0
115669,0,0.017701826,49,0,562.0,,10,0,0,0,0.0
115671,0,0.117468775,52,0,0.44916491,6166.0,22,0,2,0,1.0
115672,1,0.234859354,47,1,0.32642487,1350.0,11,0,0,0,3.0
115675,0,0.9999998999999999,50,0,0.005183265,2700.0,0,1,0,0,0.0
115676,0,0.001719042,53,0,0.312032957,10437.0,8,0,2,0,4.0
115679,0,0.028975982,63,0,835.0,,9,0,1,0,0.0
115682,0,0.45720598100000004,36,0,427.0,,4,0,0,0,0.0
115684,0,0.01029897,76,0,3.0,,2,0,0,0,0.0
115686,1,0.50499002,28,2,0.141176471,3484.0,3,0,0,0,2.0
115687,0,0.293566967,52,0,0.567643693,11360.0,11,0,3,0,0.0
115688,0,0.9123204840000001,55,2,0.256150759,5730.0,10,0,1,1,0.0
115689,0,0.9999998999999999,33,0,0.362349021,2400.0,2,0,0,0,1.0
115690,0,0.445078459,21,0,9.0,,1,0,0,0,0.0
115691,0,0.5240553,55,0,5.089871612,700.0,7,0,1,0,0.0
115692,0,0.47697933,35,0,0.264347131,5000.0,6,0,2,0,0.0
115694,0,0.29811926699999997,55,1,0.47193263799999996,9975.0,20,0,5,0,1.0
115696,0,0.647610122,32,1,0.080261069,5668.0,3,0,0,0,1.0
115697,0,0.140640824,73,0,1151.0,,11,0,2,0,1.0
115698,0,0.235095613,48,1,0.405613885,4666.0,15,0,1,0,2.0
115699,0,0.066052985,56,0,1625.0,,6,0,1,0,0.0
115701,0,0.11817166400000001,53,1,0.525975299,5100.0,12,0,1,0,2.0
115704,0,0.047610676,59,0,0.274676783,12916.0,18,0,1,0,1.0
115705,0,0.055897243,44,0,0.020997375,2285.0,5,0,0,0,0.0
115706,1,0.7562437559999999,66,1,0.41438356200000004,2627.0,7,0,1,1,2.0
115707,0,0.141024757,43,0,0.461616675,5900.0,8,0,2,0,2.0
115709,0,0.037954059,49,0,0.210232285,3400.0,8,0,0,0,0.0
115712,0,0.058664652000000005,44,0,0.295182139,4254.0,12,0,2,0,1.0
115713,0,0.9999998999999999,36,0,0.011799213000000001,15000.0,4,0,0,0,1.0
115714,0,0.896382708,39,0,0.248175182,4931.0,4,0,0,0,2.0
115715,0,0.137465634,88,0,0.0022853879999999997,7000.0,4,0,0,0,0.0
115717,0,0.14524061800000002,56,3,0.275791784,12755.0,13,0,3,0,0.0
115718,0,0.9999998999999999,48,0,0.556686047,1375.0,4,0,0,0,1.0
115719,0,0.9999998999999999,45,0,201.0,,0,0,0,0,2.0
115721,0,0.11115889999999999,53,0,0.285883436,7600.0,11,0,0,0,1.0
115723,0,0.316934153,51,0,0.19086089399999998,3960.0,6,0,0,0,1.0
115724,0,0.182426098,45,0,0.26513815399999996,1700.0,4,0,0,0,1.0
115726,1,0.77909288,46,0,0.98987276,3850.0,19,0,2,0,1.0
115727,0,0.020383814,86,0,0.014395393000000001,2083.0,6,0,0,0,0.0
115729,0,0.09904504800000001,60,0,0.159357531,12700.0,3,0,1,0,0.0
115730,0,0.130469584,33,0,0.409176758,9000.0,14,0,1,0,1.0
115731,0,0.08567717,71,0,0.430727023,2186.0,9,0,0,0,0.0
115733,0,0.9651980259999999,47,0,0.823150411,4500.0,9,0,1,0,0.0
115734,0,0.106394881,33,0,1778.0,,12,0,2,0,1.0
115736,0,0.07071430000000001,67,0,103.0,,4,0,0,0,0.0
115737,0,0.0,55,0,0.17621679899999998,7416.0,7,0,2,0,0.0
115738,0,0.000648118,44,0,0.310544985,3100.0,5,0,1,0,2.0
115741,0,0.831051724,68,0,0.758413862,3000.0,10,0,2,0,0.0
115742,0,0.060680607000000004,42,0,0.33911014799999994,6000.0,5,0,1,0,3.0
115743,0,0.952552372,38,0,0.578725455,8300.0,6,0,2,0,2.0
115744,0,0.6310448710000001,67,1,0.32545737399999997,13500.0,15,0,2,0,1.0
115745,0,0.457021719,57,1,0.831812773,2520.0,12,0,2,0,2.0
115746,0,0.413411545,47,1,0.10775138,12500.0,7,0,1,0,3.0
115748,0,0.9999998999999999,49,0,0.43286993,5250.0,5,0,1,0,1.0
115751,0,0.020462199,65,0,0.011536687,6500.0,6,0,0,0,0.0
115753,1,0.402835696,38,1,0.232795444,4213.0,9,1,0,2,2.0
115754,0,0.044790249000000004,70,0,396.0,,4,0,1,0,0.0
115756,0,0.38485606,38,0,0.32238962600000004,13340.0,6,0,1,0,2.0
115758,0,0.008658554,34,0,0.014928749,4420.0,11,0,0,0,1.0
115759,0,0.904840148,34,0,0.138254113,4375.0,6,0,0,0,0.0
115760,0,0.632444665,51,0,0.65858328,4700.0,16,0,2,0,0.0
115761,0,0.0,25,0,0.0,3732.0,6,0,0,0,0.0
115763,0,0.68333278,35,0,0.432816296,5350.0,12,0,1,0,0.0
115771,0,0.001502847,82,0,0.35078534,2100.0,4,0,0,0,0.0
115772,0,0.928298335,36,1,0.581434196,8380.0,13,0,2,0,3.0
115773,0,0.9171675229999999,32,1,0.31187525,2500.0,3,0,0,1,0.0
115774,0,0.374973558,56,0,0.314080696,8500.0,12,0,1,0,0.0
115775,0,0.9109375,40,1,1.013424736,3500.0,11,1,1,0,5.0
115776,0,0.74130675,45,0,0.464239371,13100.0,15,0,3,0,4.0
115777,0,0.408449092,54,0,0.206659698,6696.0,20,0,0,0,2.0
115779,0,0.052299128,48,0,0.501319894,4166.0,3,0,1,0,1.0
115780,1,0.8613872770000001,32,3,0.5600733210000001,6000.0,13,0,1,0,2.0
115782,0,0.005164492,46,0,0.323181049,6500.0,10,0,1,0,2.0
115784,0,0.007794291,39,0,0.003263974,2450.0,2,0,0,0,0.0
115787,0,0.037582256,68,0,1280.0,,11,0,1,0,0.0
115791,0,0.06391119099999999,54,0,0.015513126,4189.0,4,0,0,0,0.0
115792,0,0.090458755,66,0,88.0,,2,0,0,0,0.0
115794,0,0.810437327,54,0,0.127200086,9260.0,5,0,1,0,2.0
115795,0,0.051511965,44,0,0.20607661800000002,9083.0,9,0,2,0,3.0
115796,0,0.451297668,47,0,0.383075206,14333.0,9,0,3,0,2.0
115797,0,0.022887646,73,0,0.39544571,3600.0,4,0,1,0,0.0
115798,0,0.0,45,0,0.0,5200.0,1,0,0,0,2.0
115800,1,1.3732534930000002,52,1,0.23398328699999998,4666.0,3,2,1,0,0.0
115801,0,0.020195961000000002,47,0,4844.0,,7,0,2,0,2.0
115802,0,0.9999998999999999,45,1,1.04611837,1300.0,5,0,1,0,2.0
115806,0,0.0005236780000000001,63,2,0.067135167,6687.0,9,0,0,0,2.0
115807,0,0.0,67,0,997.0,,3,0,1,0,0.0
115808,0,0.9999998999999999,50,0,0.28141199699999997,4050.0,4,0,1,0,0.0
115813,1,0.49587283600000004,58,0,1.015996001,4000.0,13,1,3,0,1.0
115814,0,0.808799235,41,1,0.551588718,2800.0,4,0,1,0,0.0
115815,1,0.023746702,46,3,7.372483669,7500.0,7,1,2,1,0.0
115817,0,0.203653284,50,1,3247.0,,6,0,2,0,0.0
115818,0,0.603673317,66,0,0.153732446,1352.0,9,0,0,0,0.0
115819,0,0.201181215,44,1,0.96875,4031.0,14,0,1,0,1.0
115820,0,0.198192382,61,0,0.348287254,5750.0,19,0,2,0,0.0
115822,0,0.120865523,50,0,1719.0,,4,0,1,0,
115823,0,0.194160195,61,0,0.008557096,20333.0,5,0,0,0,0.0
115824,0,0.001644399,59,0,0.137685324,8700.0,8,0,1,0,0.0
115825,0,0.073553359,49,0,0.460117878,2544.0,7,0,0,0,1.0
115826,0,0.9999998999999999,65,0,0.105754277,4500.0,1,0,0,0,0.0
115828,0,0.034735241,41,0,0.15681913,7192.0,10,0,0,0,0.0
115829,0,0.12254761,63,0,0.117030381,9347.0,13,0,1,0,1.0
115831,0,1.016983017,27,0,48.0,0.0,3,1,0,0,0.0
115834,0,0.035992801,72,1,0.35464312299999995,9400.0,4,0,1,0,0.0
115835,0,0.8018127270000001,51,0,1.3626373630000002,1000.0,4,0,0,0,0.0
115837,1,0.951016328,51,0,0.782,6499.0,4,6,1,0,0.0
115838,0,0.0,44,0,0.13495575199999998,4971.0,4,0,1,0,3.0
115839,0,0.14400000000000002,37,1,0.121410274,14833.0,10,0,1,0,3.0
115840,0,0.268912668,31,0,0.294368475,6800.0,7,0,1,0,0.0
115841,0,0.047801322,72,0,0.012831195,6000.0,4,0,0,0,1.0
115842,0,0.0,42,0,276.0,,4,0,0,0,2.0
115843,0,0.08128378,53,0,0.237705663,11000.0,5,0,1,0,0.0
115844,0,0.01835474,68,0,0.32232637399999997,4693.0,8,0,2,0,0.0
115845,0,0.37760451100000003,47,0,1925.0,,7,0,1,0,0.0
115847,0,0.002181719,47,0,0.8513828720000001,3000.0,8,0,3,0,0.0
115848,0,0.05269995400000001,58,0,0.48486197700000006,8983.0,7,0,2,0,0.0
115849,0,0.937641114,61,2,0.20351033100000002,4500.0,9,0,0,0,0.0
115851,0,0.058072362,62,0,0.052140842,8150.0,3,0,1,0,3.0
115852,0,0.07739484,51,0,0.19987369800000002,9500.0,4,0,2,0,3.0
115853,0,0.05196243,76,0,2362.0,,8,0,2,0,0.0
115855,0,0.062765976,40,0,0.415594542,7694.0,15,0,2,0,0.0
115856,0,0.042708759000000006,70,0,3147.0,,12,0,2,0,3.0
115857,0,0.9999998999999999,55,0,1808.0,,8,0,3,0,0.0
115859,0,0.898092456,47,2,0.169576581,9564.0,11,0,0,0,1.0
115860,0,0.018217143999999998,46,0,9.052980132,150.0,7,0,1,0,0.0
115861,0,0.604348155,43,0,0.159668666,3500.0,7,0,0,0,0.0
115864,0,0.342536526,53,0,2214.0,,9,0,2,0,0.0
115865,0,0.013288298,54,0,0.226239067,3429.0,21,0,2,0,0.0
115866,0,0.296055509,68,0,0.323904028,6751.0,14,0,1,0,0.0
115867,0,0.297512465,50,0,0.522089649,3100.0,8,0,1,0,2.0
115868,0,0.365184044,62,0,0.515598752,8333.0,21,0,3,0,0.0
115870,0,0.988895058,59,1,0.416194602,3000.0,4,1,2,0,0.0
115871,1,0.9999998999999999,55,98,0.0,,0,98,0,98,0.0
115872,0,0.249320581,37,0,0.524676651,5875.0,7,0,2,0,0.0
115873,0,0.024829259,49,0,0.275671785,4167.0,4,0,1,0,1.0
115877,0,0.070317653,67,0,0.021395721,5000.0,5,0,0,0,0.0
115878,0,0.093346969,44,0,0.26821854300000003,12500.0,4,0,2,0,2.0
115879,0,0.39443027799999997,46,0,0.492892745,5416.0,15,0,2,0,1.0
115880,1,0.12392009300000001,48,0,0.682233199,6680.0,11,0,4,0,3.0
115882,0,0.341462328,48,1,0.23393144800000001,18000.0,12,0,1,0,0.0
115884,0,0.24447297399999998,48,0,0.275942415,12016.0,12,0,1,0,1.0
115885,0,0.025848707999999998,62,0,0.081774844,8180.0,3,0,2,0,0.0
115886,0,0.028360722999999997,70,0,92.0,,9,0,0,0,
115888,0,0.844031194,32,0,0.47037422,3847.0,7,1,1,0,2.0
115889,0,1.195608782,36,0,0.712022367,2145.0,4,0,1,0,4.0
115890,0,0.083348038,57,0,0.019255051000000002,3167.0,8,0,0,0,3.0
115894,0,0.139419725,70,0,927.0,,17,0,0,0,0.0
115895,0,0.097464806,54,0,0.557711388,18141.0,18,0,7,0,0.0
115897,1,0.912781737,51,3,0.924715565,4130.0,10,0,1,2,3.0
115898,0,0.9999998999999999,54,0,0.21707348899999998,7660.0,5,0,1,0,0.0
115899,0,0.908724399,34,0,0.64231122,3270.0,12,0,1,0,0.0
115900,0,0.806296177,49,2,1.123750338,3700.0,12,0,2,0,3.0
115902,0,0.013447348000000001,40,0,0.23294429100000003,8310.0,6,0,2,0,3.0
115903,0,0.005519779,60,0,0.000666519,4500.0,3,0,0,0,0.0
115905,0,0.017331023,31,0,0.09463512199999999,3000.0,4,0,0,0,0.0
115907,0,0.064821218,70,0,0.09358752199999999,7500.0,15,0,0,0,0.0
115908,0,0.035697965,68,0,0.17415947399999998,7762.0,9,0,1,0,0.0
115909,0,0.313378163,57,0,2540.0,,11,0,1,0,0.0
115910,0,0.727272727,53,3,0.049497636,6767.0,9,0,0,0,0.0
115913,0,0.022456955,53,0,0.22596702300000002,9642.0,11,0,2,0,0.0
115914,0,0.122043055,33,0,0.87906047,2000.0,8,0,1,0,3.0
115915,0,0.030242157999999998,70,0,0.015275708,2683.0,8,0,0,0,0.0
115918,0,0.46387560200000005,43,0,0.380791279,10640.0,13,0,2,0,1.0
115919,0,0.048357775,43,0,0.36618730299999996,2850.0,6,0,1,0,2.0
115920,0,0.0172227,61,1,0.40867403799999996,11666.0,16,0,2,0,1.0
115923,0,0.022965901,64,0,0.19808588300000002,7940.0,4,0,1,0,0.0
115924,0,0.011374821,56,0,0.310290475,4440.0,15,0,1,0,2.0
115925,0,0.040225124,43,1,0.059327525,41666.0,8,0,2,0,0.0
115926,0,0.409628228,46,0,0.20879853399999998,6000.0,11,0,0,0,0.0
115927,0,0.015549223000000001,51,0,463.0,,2,0,1,0,0.0
115930,0,0.072898531,40,2,0.46087474,3360.0,8,0,1,0,0.0
115931,0,0.077002278,54,0,0.396191361,4305.0,12,0,2,0,6.0
115932,1,0.493988561,42,2,0.698158527,1248.0,14,0,0,1,3.0
115933,0,0.081574085,60,0,0.34056820200000004,11333.0,17,0,1,0,1.0
115934,1,0.7897252090000001,50,0,0.183585881,11416.0,8,0,2,0,1.0
115935,0,0.9999998999999999,38,0,0.0,,0,0,0,0,0.0
115936,1,0.6916237890000001,45,0,0.56922715,8500.0,17,0,4,0,1.0
115938,0,0.139088099,53,0,1854.0,,6,0,1,0,0.0
115939,0,0.015538291000000001,29,0,0.132955681,3000.0,4,0,0,0,0.0
115940,0,0.01677143,63,0,0.100326645,15000.0,15,0,1,0,0.0
115941,0,0.142659351,60,0,415.0,,6,0,0,0,0.0
115944,0,0.9999998999999999,25,0,0.219837158,1350.0,2,0,0,0,0.0
115945,0,0.004053089,70,0,0.649108848,6283.0,17,0,1,1,1.0
115946,0,0.054594540999999996,54,0,16.0,,1,0,0,0,1.0
115951,0,0.085914086,34,2,0.358880373,3000.0,3,0,0,0,0.0
115954,0,0.763603831,51,0,0.510064516,7749.0,19,0,1,0,0.0
115955,0,0.89654253,38,1,0.451677405,4500.0,9,0,0,0,1.0
115956,0,0.47114245299999996,75,4,1.115860517,8000.0,7,0,3,2,3.0
115959,0,0.270486342,23,0,0.014616322,820.0,1,0,0,0,0.0
115960,0,0.003649939,47,0,0.17927710800000002,6224.0,7,0,1,0,1.0
115961,0,0.9999998999999999,80,0,0.51497006,500.0,0,1,0,1,0.0
115962,1,0.660654608,55,0,0.628605914,8284.0,16,0,2,0,1.0
115965,0,0.5287783620000001,54,0,0.381539487,3000.0,10,0,1,0,0.0
115966,0,0.059625523,55,0,2776.0,,4,0,1,0,0.0
115967,0,0.118833883,62,0,0.328374588,8200.0,5,0,1,0,1.0
115968,0,0.00713877,49,0,0.461833105,3654.0,8,0,1,0,1.0
115969,0,0.0,60,0,0.0,,2,0,0,0,0.0
115970,0,0.001645108,44,0,510.0,,6,0,0,0,2.0
115971,0,0.302263012,28,0,0.24724015800000002,4800.0,9,0,0,0,0.0
115972,0,0.369939915,29,0,0.26440678,4424.0,12,0,0,0,1.0
115974,0,0.073169542,55,0,0.36256998100000004,3750.0,9,0,1,0,0.0
115977,0,0.368988799,51,0,1.152569486,5000.0,10,0,3,0,0.0
115978,0,0.176382362,70,0,0.015752802,3300.0,2,0,0,0,1.0
115981,0,0.211542151,48,1,0.7129203540000001,2824.0,12,0,2,0,2.0
115982,0,0.8254001190000001,61,0,0.564017135,2100.0,7,0,0,0,0.0
115985,0,0.567175233,57,4,0.7540223620000001,3666.0,10,1,2,0,0.0
115986,0,0.0,35,0,0.33406406,8210.0,7,0,1,0,1.0
115987,0,0.056491854,53,0,0.27055897,6833.0,6,0,1,0,0.0
115990,0,0.0,37,0,0.41834706,3520.0,7,0,1,0,2.0
115991,0,0.0076149569999999995,87,0,0.005216824,3066.0,6,0,0,0,0.0
115993,0,0.6933688240000001,53,1,0.51266881,7774.0,16,0,2,0,0.0
115994,0,0.066846776,61,0,0.228269515,8800.0,11,0,3,0,0.0
115995,0,0.100690461,55,0,0.476681721,21034.0,21,0,5,0,2.0
115996,0,0.171437173,53,0,0.9191919190000001,5840.0,9,0,3,0,0.0
115998,0,0.003998001,22,0,0.0,929.0,5,0,0,0,0.0
115999,0,0.288471153,58,0,0.042978511,2000.0,3,0,0,0,0.0
116001,0,0.936539681,46,1,0.111131606,10842.0,6,0,0,0,1.0
116002,0,0.022651302999999998,55,0,0.571485703,5000.0,6,0,2,0,0.0
116004,0,0.037349943999999996,77,0,1128.0,,5,0,1,0,0.0
116006,0,0.00579884,45,0,0.119688281,6800.0,3,0,1,0,1.0
116007,0,0.0,69,0,1575.0,,4,0,1,0,
116008,0,0.004134808,73,0,34.0,,24,0,0,0,
116010,0,0.103781132,61,0,0.8676557859999999,5054.0,13,0,2,0,0.0
116012,1,1.1598546779999999,65,3,723.0,0.0,5,2,0,4,0.0
116013,0,0.242525249,36,0,0.40296803700000006,875.0,4,0,0,0,0.0
116015,0,0.185308626,35,0,1004.0,,7,0,1,0,0.0
116016,0,0.837606,44,1,0.518547321,12858.0,14,0,6,2,0.0
116018,0,0.015790461000000002,73,1,0.8850383209999999,3000.0,7,0,2,0,1.0
116019,1,0.436403208,73,1,0.9249823070000001,1412.0,10,0,0,0,0.0
116020,0,0.524231718,45,0,0.5940948970000001,10600.0,7,0,4,0,1.0
116021,0,0.301804463,60,2,0.16515956199999998,20900.0,8,0,1,0,0.0
116022,0,0.034593081,33,0,0.504766333,4300.0,7,0,1,0,0.0
116026,0,0.584293849,43,0,630.5,1.0,5,0,0,0,2.0
116027,0,0.052541649,48,1,0.096511628,6879.0,9,0,0,0,4.0
116028,0,0.068429613,45,0,0.310477823,4666.0,7,0,1,0,0.0
116029,0,0.878324187,72,0,0.36408566700000006,4855.0,13,0,1,0,0.0
116032,0,0.164553784,27,0,0.40899833399999996,5400.0,5,0,2,0,0.0
116033,0,0.0,39,0,0.7740903640000001,2500.0,6,0,1,0,3.0
116035,0,0.105643772,69,0,0.266530508,3916.0,10,0,1,0,0.0
116036,0,0.353725953,63,0,0.365989357,8267.0,13,0,2,0,0.0
116037,0,0.17377118600000002,51,1,0.038214186000000004,10728.0,11,0,0,0,2.0
116039,0,0.500813916,45,0,323.0,,3,0,0,0,0.0
116040,0,0.12019399,46,0,0.39783131,15400.0,4,0,2,0,3.0
116041,0,0.01165712,40,0,0.17911301899999998,3494.0,5,0,1,0,1.0
116042,1,1.274725275,36,0,0.328557148,3000.0,2,4,0,0,2.0
116043,0,0.323985404,42,0,0.35215053799999996,10415.0,8,0,2,0,2.0
116045,0,0.082763908,48,0,0.27587848800000003,10500.0,8,0,2,0,0.0
116046,0,0.006553645,75,0,2048.0,,6,0,1,0,0.0
116047,0,0.9999998999999999,57,0,0.063240223,4474.0,1,0,0,0,0.0
116049,0,0.387388809,61,0,0.49395017799999996,4214.0,7,0,1,0,0.0
116051,0,0.9999998999999999,35,1,0.127323746,2850.0,2,0,0,0,1.0
116053,0,0.641374044,58,0,0.8802826290000001,7500.0,16,0,2,0,0.0
116054,0,0.017122206,64,0,14.0,,4,0,0,0,0.0
116055,0,0.155890774,68,0,0.22656102600000003,5300.0,6,0,0,0,1.0
116057,0,0.112767601,61,2,0.48980204,3333.0,11,0,2,0,0.0
116058,0,0.706183201,37,2,1.51832012,4666.0,7,0,2,0,1.0
116059,0,0.048136825999999994,77,2,0.046558126,3500.0,12,0,0,0,2.0
116060,0,0.0,60,0,1700.0,0.0,5,0,1,0,2.0
116061,0,0.003476313,65,0,0.24215157,5000.0,16,0,1,0,0.0
116063,0,0.08891610400000001,47,0,0.49607199,7000.0,12,0,2,0,1.0
116065,0,0.283254651,52,2,0.43160204799999996,4100.0,8,0,1,0,2.0
116066,0,0.9999998999999999,50,0,0.39391821,2860.0,4,0,1,0,1.0
116068,0,0.131004819,42,0,0.618233618,4211.0,22,1,1,0,2.0
116069,0,0.579050273,42,0,0.385247723,4500.0,11,0,0,0,1.0
116071,0,0.101717888,67,0,2369.0,,8,0,1,0,0.0
116077,0,0.082172946,64,0,0.101937882,11300.0,4,0,1,0,0.0
116078,0,946.0,41,0,0.398691655,5655.0,3,0,2,0,2.0
116079,0,0.767548427,31,0,0.41345006,2512.0,8,0,0,0,0.0
116080,0,0.199065324,47,0,3572.0,,7,0,1,0,0.0
116081,0,0.9012197559999999,64,0,0.304656669,3800.0,5,2,1,2,0.0
116082,0,0.256448406,69,0,3153.0,,17,0,1,0,0.0
116085,0,0.019477427,62,0,0.257818891,15890.0,13,0,2,0,2.0
116086,0,0.253941572,66,0,1.374464439,3500.0,22,0,2,0,0.0
116088,0,0.22631554,55,0,0.427343159,10583.0,19,0,4,0,1.0
116090,0,0.031528491,68,0,68.0,,9,0,0,0,1.0
116092,0,0.044739684,80,0,1856.0,,5,0,2,0,1.0
116093,0,0.835453641,40,0,0.259141104,4074.0,9,0,0,1,0.0
116094,1,0.9999998999999999,25,2,0.426710098,920.0,2,1,0,0,0.0
116097,0,0.075188926,52,0,0.533352378,7000.0,11,0,1,0,1.0
116098,0,0.0,45,0,0.223477874,15750.0,14,0,2,0,2.0
116100,0,0.00179991,53,0,0.000217344,4600.0,1,0,0,0,2.0
116101,0,0.160347866,52,0,2538.0,,29,0,1,0,3.0
116105,1,0.06890869599999999,46,1,2830.0,,5,0,2,0,0.0
116106,0,0.313358244,49,1,0.364815997,4700.0,13,0,0,0,0.0
116107,0,0.306830263,45,1,0.520773162,4500.0,11,0,1,0,2.0
116108,0,0.301782814,61,0,0.311537692,5000.0,5,0,1,0,0.0
116109,0,0.053936300000000006,66,0,0.43912175600000003,500.0,10,0,1,0,0.0
116110,0,0.093103724,61,0,0.15980840400000001,4592.0,9,0,1,0,0.0
116111,0,0.0,46,0,0.138976837,6000.0,6,0,1,0,2.0
116114,0,0.076893502,33,0,0.23252355,6050.0,4,0,1,0,0.0
116115,0,0.098266169,56,0,0.382058852,10500.0,11,0,2,0,1.0
116117,0,0.45522179100000004,72,0,0.434593655,2300.0,3,0,1,0,0.0
116118,0,0.048662122,64,0,0.017330445,6000.0,9,0,0,0,0.0
116119,0,0.404074386,28,1,0.971285893,800.0,8,0,0,0,0.0
116121,0,0.523915316,25,0,0.315944159,1360.0,6,0,0,0,0.0
116122,0,0.648078205,28,1,0.028657113999999997,3000.0,5,0,0,0,4.0
116123,0,0.05776011599999999,74,0,0.018663112,5250.0,5,0,0,0,0.0
116124,0,0.139479141,36,0,0.354914656,5096.0,15,0,2,0,2.0
116125,0,0.008355878,75,0,6.0,,6,0,0,0,
116126,0,0.694578701,35,0,1.3662534990000001,2500.0,14,0,1,0,1.0
116129,1,0.0029642329999999997,101,2,0.001386963,2883.0,6,0,0,0,0.0
116131,0,0.535955143,34,0,0.19295576899999997,8545.0,5,0,0,0,0.0
116134,0,0.004552182,64,0,0.331546153,6900.0,11,0,1,0,1.0
116135,0,0.0,59,0,0.310747905,9666.0,9,0,1,0,0.0
116136,1,0.42049669,49,2,2.0521739130000003,2299.0,10,0,1,1,0.0
116137,0,0.220770064,61,0,0.506346749,6459.0,10,0,1,0,0.0
116139,1,0.03851144,43,1,0.07093319599999999,31000.0,9,0,1,1,1.0
116141,0,0.0,60,0,2160.0,,5,0,2,0,0.0
116143,0,0.075666473,46,0,0.317297297,9249.0,8,0,2,0,3.0
116144,0,0.327866634,58,0,0.260263774,9401.0,11,0,1,0,0.0
116145,0,0.519385846,31,0,0.810911168,3500.0,10,0,2,0,0.0
116146,0,0.10568409,27,1,0.116127116,3366.0,2,0,0,0,0.0
116147,0,0.01482988,86,0,0.389834206,4583.0,5,0,1,0,0.0
116149,0,0.18443570199999998,59,0,0.062144267999999996,8608.0,11,0,0,0,1.0
116150,0,0.408641659,46,0,20243.0,,10,0,2,0,2.0
116151,0,0.144043015,34,0,0.011998345,4833.0,2,0,0,0,0.0
116153,0,0.0,48,0,0.0,11450.0,6,0,0,0,0.0
116154,0,0.00719856,56,0,0.230525118,16700.0,4,0,1,0,3.0
116155,0,0.256974303,53,0,3760.0,,4,0,1,0,0.0
116157,0,0.003528323,53,0,2707.0,,16,0,1,0,1.0
116158,0,0.943305669,45,0,0.42604712,4583.0,8,0,2,0,0.0
116159,0,0.02392504,86,0,0.013473054,1335.0,3,0,0,0,0.0
116161,0,0.23571946300000002,57,2,0.5632873429999999,5000.0,43,0,0,0,0.0
116162,0,0.121185288,31,0,0.368581027,6250.0,13,0,2,0,2.0
116164,0,0.006110432,95,0,0.000267451,3738.0,2,0,0,0,0.0
116165,0,0.9654576859999999,32,0,0.116931022,2710.0,3,0,0,0,0.0
116166,0,0.21353530399999998,32,0,0.12560165,4362.0,12,0,0,0,0.0
116167,0,0.410789169,48,0,0.41025641,4094.0,15,0,0,0,0.0
116168,0,0.168770781,45,0,4702.0,,10,0,3,0,1.0
116170,0,0.9999998999999999,29,0,0.7717617659999999,2400.0,4,0,1,0,2.0
116171,0,0.395823807,48,0,0.15795487,3500.0,7,1,0,0,2.0
116173,0,0.067292701,61,0,3400.0,,7,0,2,0,0.0
116175,0,0.15886578099999998,44,0,0.29154267100000003,20833.0,6,0,2,0,0.0
116177,0,0.096455335,59,0,1481.0,0.0,6,0,2,0,0.0
116179,1,0.066923791,50,0,0.46076946399999996,3300.0,5,0,2,0,1.0
116180,0,0.007738794,60,0,0.011237025,10500.0,3,0,0,0,0.0
116181,0,0.06941499200000001,63,0,104.0,,6,0,0,0,0.0
116184,0,0.984448557,46,0,0.810253138,4700.0,10,0,2,0,4.0
116187,0,0.113008401,53,0,0.239971088,8300.0,16,0,1,0,1.0
116188,0,0.256049597,47,0,0.30945439399999997,2400.0,6,0,0,0,1.0
116190,0,0.153535087,55,0,0.47761872299999997,4400.0,11,0,2,0,2.0
116191,1,0.9902302590000001,50,5,0.265716785,8000.0,12,0,0,0,0.0
116192,0,0.36031055700000003,55,0,0.935688104,3000.0,17,0,1,0,0.0
116194,1,0.944276737,65,5,0.436572635,17050.0,17,1,2,1,1.0
116198,0,0.750826902,35,0,4687.0,,9,0,2,0,2.0
116200,0,0.03475202,79,0,0.379610999,4472.0,17,0,1,0,0.0
116201,0,0.0,35,0,0.55069678,2080.0,3,0,2,0,0.0
116202,0,0.9693547440000001,40,0,0.467654499,8300.0,3,0,1,0,0.0
116203,0,0.5867413260000001,61,0,0.321691176,5983.0,4,0,1,0,0.0
116204,0,1.021535148,43,1,0.20781210100000003,3916.0,7,0,0,0,0.0
116208,0,0.9999998999999999,46,0,2735.0,,2,0,1,0,0.0
116209,0,1.01332889,33,0,0.084652558,6000.0,5,0,0,0,1.0
116210,0,0.9232957070000001,66,0,0.523213354,1916.0,9,0,2,1,0.0
116211,0,0.5942673039999999,67,2,0.21952798199999998,20083.0,12,0,6,0,1.0
116214,0,0.451141575,51,1,1.14547619,4199.0,14,0,4,0,1.0
116215,0,0.661129568,62,1,0.071463727,10158.0,2,0,0,1,0.0
116216,0,0.073379082,50,0,0.463487009,13816.0,17,0,3,0,1.0
116217,0,0.003611832,77,0,46.0,,6,0,0,0,
116219,0,0.0,51,0,0.31029278600000004,9938.0,10,0,1,0,2.0
116220,0,0.005709304,69,0,0.35113387,4100.0,6,0,1,0,0.0
116221,0,0.003555845,79,0,938.0,,11,0,1,0,0.0
116226,0,0.479791395,25,0,0.190578158,1400.0,6,0,0,1,0.0
116227,0,0.03397932,63,0,0.004799846,10416.0,3,0,0,0,1.0
116229,0,0.9999998999999999,68,0,0.0,5236.0,2,0,0,0,1.0
116230,0,0.0,40,0,0.34994776899999996,6700.0,8,0,2,0,2.0
116231,0,0.760616979,46,0,0.306415397,12469.0,9,0,2,0,5.0
116232,0,0.06415586200000001,36,0,0.108807528,6800.0,11,0,0,0,0.0
116233,0,0.137027643,49,1,0.404417752,9823.0,13,0,2,0,3.0
116234,0,0.9999998999999999,40,0,0.350702777,5833.0,5,0,2,0,0.0
116235,0,0.11498083699999999,32,0,0.006248047,3200.0,1,0,0,0,0.0
116236,0,0.022191016,47,0,0.006878899,6250.0,6,0,0,0,0.0
116237,0,0.012176457,48,0,0.0042337,2361.0,5,0,0,0,0.0
116238,1,1.015126958,41,2,0.523743405,3600.0,4,1,1,1,1.0
116239,0,0.034289358,84,0,2.179960009,4500.0,16,0,2,0,0.0
116240,0,0.048079038,78,0,71.0,,8,0,0,0,0.0
116241,0,0.022775487999999997,63,0,0.157810889,10670.0,9,0,2,0,1.0
116242,0,1.312292359,41,2,291.0,,3,1,0,0,0.0
116243,0,0.149807009,48,0,0.45901279100000003,22750.0,17,0,4,0,2.0
116244,0,0.11355135,56,0,0.016611901999999998,5477.0,4,0,0,0,2.0
116245,0,0.012037866000000001,57,1,0.711027999,19250.0,21,0,12,0,0.0
116246,0,0.036496959,68,0,0.00259948,5000.0,1,0,0,0,0.0
116247,0,0.0,59,0,3430.0,,7,0,2,0,0.0
116248,0,0.222803595,67,0,0.5691526610000001,5711.0,16,0,1,0,0.0
116249,0,0.44431852299999997,52,0,0.17904029899999999,70000.0,17,0,3,0,4.0
116251,0,0.0,62,0,1766.0,,10,0,2,0,0.0
116252,0,0.870156261,64,1,0.625116651,7500.0,23,0,2,1,1.0
116254,0,6.96e-05,32,0,0.324148435,7221.0,17,0,1,0,0.0
116255,0,0.5971445670000001,56,0,0.311964323,14350.0,15,0,2,0,1.0
116256,0,0.0064213180000000005,72,0,218.0,,13,0,0,0,0.0
116258,0,0.259779001,34,0,1970.0,,8,0,1,0,0.0
116262,0,0.033865914,71,0,0.093206297,7241.0,9,0,1,0,0.0
116263,0,0.805889965,59,0,3501.0,,15,1,1,0,0.0
116264,0,0.026193418,78,0,0.19640787899999998,5177.0,9,0,1,0,0.0
116266,0,0.9999998999999999,64,0,0.230988367,12636.0,4,0,2,0,0.0
116268,0,0.156584342,60,0,2416.0,,9,0,1,0,0.0
116269,1,0.026134003,77,0,0.148528992,3500.0,9,0,1,0,0.0
116270,0,0.000878702,52,0,0.0,2916.0,4,0,0,0,0.0
116271,0,0.765327167,58,0,886.0,,5,0,0,0,0.0
116272,0,0.70446399,49,0,0.782014532,15000.0,19,0,2,0,1.0
116273,0,0.655247633,53,1,0.45480514200000005,4900.0,25,0,2,0,0.0
116274,0,0.022031547000000002,49,0,1977.0,,4,0,1,0,
116277,0,0.035071875,77,0,0.34563520200000003,2817.0,7,0,1,0,0.0
116278,1,0.9999998999999999,35,0,0.033644288,6538.0,0,4,0,0,1.0
116280,0,0.066219739,72,0,0.142311713,22000.0,16,0,1,0,0.0
116282,0,1.205980066,48,0,0.08515579599999999,5166.0,7,2,0,0,0.0
116284,0,0.022943392000000003,60,0,0.154781327,19000.0,16,0,1,0,0.0
116285,0,0.031225135,80,0,42.0,0.0,3,0,0,0,0.0
116286,0,0.0,31,0,0.087915319,3400.0,13,0,0,0,1.0
116287,0,0.426395939,48,0,0.663855045,3200.0,8,0,2,0,0.0
116288,0,0.10037022599999999,47,0,0.013763336000000001,12278.0,11,0,0,0,3.0
116289,0,0.43020441299999995,74,0,0.331667424,2200.0,4,0,0,0,1.0
116291,0,0.054977889,69,0,0.214955499,12583.0,12,0,2,0,1.0
116292,0,0.007509435,80,0,0.000749963,6666.0,3,0,0,0,0.0
116293,0,0.04266517,25,0,0.010585121999999999,3400.0,3,0,0,0,0.0
116295,1,0.8786707109999999,73,0,0.22399999999999998,4999.0,7,0,0,0,0.0
116297,0,0.000993345,71,0,0.6967213109999999,975.0,10,0,1,0,0.0
116298,0,0.002968692,63,0,0.106871983,4350.0,13,0,1,0,0.0
116299,0,0.47622823700000005,40,1,0.54584131,4700.0,11,0,1,0,1.0
116300,0,0.49706905700000004,43,0,0.41048964600000004,5166.0,12,0,1,0,3.0
116301,0,0.17345230600000003,49,0,0.23482151899999998,9832.0,14,0,1,0,2.0
116302,0,0.060710212,72,0,0.18682423899999998,11930.0,10,0,4,0,1.0
116303,0,0.016933011,77,0,0.249583472,3000.0,9,0,1,0,1.0
116305,0,0.022131866,64,0,0.309572301,5400.0,17,0,1,0,0.0
116306,0,0.532350654,51,0,0.430664986,6345.0,7,0,1,0,1.0
116307,0,0.06489667,39,0,0.252955708,11333.0,5,0,2,0,4.0
116308,0,0.435013827,44,0,0.21136818100000002,3500.0,5,0,0,0,1.0
116311,0,0.22750479699999998,31,0,0.412103272,6080.0,11,0,1,0,2.0
116314,0,0.504704823,49,1,0.522155689,5844.0,12,0,2,0,2.0
116315,0,0.549202988,48,0,2651.0,,6,0,1,0,0.0
116317,0,0.014419228999999999,53,0,2311.0,,14,0,1,0,
116318,0,0.7208036840000001,49,0,3858.0,,5,0,3,0,0.0
116319,0,0.082959167,64,0,0.18023421899999997,3500.0,9,0,1,0,0.0
116320,0,0.007566038000000001,66,2,2818.0,,28,0,2,0,0.0
116322,0,0.025534802000000002,50,0,0.228242003,8065.0,7,0,2,0,0.0
116326,0,0.465791503,51,0,0.183170693,6250.0,7,0,0,0,1.0
116328,0,0.29375511,43,0,0.303517229,5600.0,7,0,0,0,0.0
116330,0,0.492299461,41,0,0.555856833,20283.0,13,0,5,0,2.0
116331,0,0.08025916599999999,68,0,0.203198495,4251.0,7,0,1,0,0.0
116332,0,0.03827647,37,0,0.162889948,56000.0,12,0,4,0,3.0
116333,0,0.04647976,63,0,0.007054019,5386.0,5,0,0,0,0.0
116334,0,0.411974199,65,0,0.355604036,11000.0,14,0,2,0,0.0
116337,0,0.7430551329999999,30,0,0.174768089,2694.0,5,0,0,0,0.0
116338,0,0.176566757,53,0,0.299880932,5878.0,8,0,1,0,0.0
116339,0,0.016961278,58,1,0.385329979,5166.0,23,0,1,0,0.0
116340,0,0.258842485,57,0,0.38836022600000003,7250.0,7,0,2,0,2.0
116342,0,0.038789065,51,0,1735.0,,15,0,1,0,2.0
116343,0,0.01790529,60,0,3527.0,,12,0,2,0,0.0
116344,0,0.012015038,66,0,0.309086364,8000.0,17,0,2,0,0.0
116345,0,0.001462728,70,0,0.486923699,3708.0,16,0,1,0,0.0
116347,0,0.0,46,0,0.029017127,18333.0,8,0,0,0,0.0
116349,0,0.011054256,74,0,0.0038387720000000003,2083.0,7,0,0,0,0.0
116350,0,0.001636314,76,0,1.0,,4,0,0,0,0.0
116351,0,0.062364565,49,0,4293.0,,11,0,2,0,0.0
116353,0,0.5665775670000001,37,1,0.302608294,12996.0,9,0,1,0,4.0
116354,0,0.337315054,62,0,0.293141983,8500.0,8,0,2,0,0.0
116356,0,0.702262675,52,1,0.370714985,4083.0,9,0,1,0,0.0
116357,0,0.55822144,33,2,0.454279444,4100.0,7,0,1,1,1.0
116358,0,0.0,64,0,0.074524275,13820.0,7,0,1,0,1.0
116359,0,0.9999998999999999,45,0,0.0,,1,0,0,0,0.0
116360,0,0.136586341,79,0,0.079453755,3221.0,9,0,0,0,0.0
116362,0,0.9999998999999999,28,0,0.0,2000.0,0,1,0,0,1.0
116365,0,0.122113811,71,0,0.8489022820000001,2322.0,6,0,2,0,0.0
116366,0,0.986282491,71,0,1875.0,,4,0,1,0,0.0
116367,0,0.49603511,45,0,0.10272332099999999,11272.0,16,0,0,0,4.0
116368,0,0.940224781,36,3,0.405349666,16000.0,20,0,8,0,1.0
116369,0,0.041331956,81,0,37.0,,2,0,0,0,
116370,0,0.065892333,36,1,0.076128652,10166.0,8,0,0,0,2.0
116371,0,0.557846744,47,0,0.317812232,19800.0,13,0,1,0,5.0
116374,0,0.105810296,71,0,151.0,,5,0,0,0,
116375,0,0.673927655,49,1,0.321116928,4583.0,9,0,0,0,0.0
116378,0,1.008631893,31,0,0.190687045,7000.0,5,0,1,0,0.0
116379,0,0.041955661,49,0,2400.0,,8,0,1,0,0.0
116380,0,0.99960016,26,0,75.0,,1,0,0,0,0.0
116381,0,0.0,75,0,1410.0,,4,0,2,0,
116382,0,0.0,69,0,0.0,6208.0,4,0,0,0,0.0
116383,0,0.00469953,28,0,0.19980925100000002,2096.0,6,0,0,0,0.0
116384,0,0.003399943,67,0,886.0,,16,0,1,0,0.0
116385,0,0.7682282890000001,72,0,463.0,,5,0,0,0,0.0
116386,0,0.158058065,38,0,0.20368981600000002,6666.0,12,0,2,0,0.0
116387,0,0.18655321,39,0,3209.0,,16,0,3,0,3.0
116388,0,0.25899723199999997,35,0,0.028079101000000002,20833.0,4,0,0,0,0.0
116390,0,0.079803877,59,0,0.246225506,12451.0,14,0,2,0,0.0
116392,0,0.084946908,23,0,4.0,,2,0,0,0,0.0
116394,0,0.02040579,45,1,0.363798643,2800.0,8,0,1,0,0.0
116396,0,0.024379404,44,0,0.003789184,2902.0,2,0,0,0,1.0
116397,0,0.0,26,0,0.0,1480.0,3,0,0,0,0.0
116398,0,0.89400265,62,0,0.6742962379999999,3800.0,6,0,1,0,1.0
116399,0,0.011719799999999999,95,0,6.0,,4,0,0,0,0.0
116400,0,1.107410491,53,4,0.5524734170000001,2162.0,6,0,1,0,2.0
116401,0,0.42518895100000004,56,1,0.07754734,4435.0,8,0,0,0,1.0
116402,1,0.99240076,50,2,0.424242424,3200.0,6,2,0,2,3.0
116403,0,0.0,49,2,3090.0,,10,0,3,1,0.0
116406,0,0.9999998999999999,34,0,2971.0,,4,0,2,0,0.0
116407,0,0.007867045,34,0,0.004799302,2291.0,4,0,0,0,0.0
116408,0,0.00239984,85,0,0.000136221,7340.0,6,0,0,0,0.0
116410,0,0.081791821,76,0,24.0,,1,0,0,0,
116411,0,0.400194283,35,0,0.614918132,3297.0,5,0,1,0,1.0
116414,0,0.8515271879999999,54,0,0.29772665,3650.0,17,0,0,1,0.0
116415,0,0.327229063,64,0,0.30643263800000003,21250.0,20,0,2,0,0.0
116417,0,0.065806437,59,0,2762.0,,9,0,1,0,0.0
116418,0,0.634058392,41,0,0.05401800599999999,2998.0,2,0,0,0,0.0
116421,0,0.209953463,52,0,0.304677623,8700.0,12,0,2,0,0.0
116422,0,0.533608578,43,0,0.5476056970000001,8916.0,9,0,2,0,3.0
116423,0,0.217302293,54,0,0.516276937,4361.0,12,0,2,0,0.0
116425,1,0.8793884279999999,31,0,1.16073645,4833.0,15,0,2,0,2.0
116426,0,0.170665445,38,1,0.155162469,5200.0,10,0,0,0,0.0
116427,0,0.42745108299999995,54,0,1.180372558,2200.0,16,0,4,0,0.0
116428,1,0.973903387,29,3,0.16947001,3150.0,4,0,0,0,0.0
116429,0,0.007151082,73,0,0.000234357,12800.0,2,1,0,1,1.0
116430,0,0.02924413,71,0,0.34586999700000004,7045.0,18,0,2,0,1.0
116431,1,1.731397459,35,0,59.0,,2,0,0,3,3.0
116432,0,0.09602896400000001,46,0,0.23482809,13000.0,9,0,1,0,2.0
116433,0,0.0,55,0,0.12255076599999999,2806.0,2,0,0,0,3.0
116434,0,0.0,82,0,0.044147054000000005,6500.0,10,0,0,0,0.0
116435,0,0.029469465,64,0,1.580698835,600.0,12,0,0,0,0.0
116436,0,0.104142334,50,0,0.09304042800000001,16250.0,12,0,0,0,3.0
116437,0,0.25205005,51,0,0.418215127,7641.0,13,0,1,0,2.0
116439,1,0.01300294,56,0,10571.0,,15,0,3,0,0.0
116440,0,0.9999998999999999,60,0,0.0,1100.0,0,0,0,0,0.0
116441,0,0.9868007540000001,33,0,0.289002075,5300.0,9,0,0,0,0.0
116443,0,0.726102985,32,0,0.207925482,6333.0,10,1,0,0,1.0
116445,0,0.989650259,40,1,0.485585736,6000.0,9,0,0,0,0.0
116447,0,0.192056115,70,0,1316.0,,13,0,1,0,0.0
116453,0,0.425127674,46,1,0.8146016359999999,3300.0,9,0,1,0,1.0
116454,1,0.456203962,53,0,0.56323946,6000.0,7,0,1,0,3.0
116457,0,0.785186935,64,2,0.259290118,6000.0,12,0,2,0,2.0
116461,0,0.010882033000000001,69,0,0.002096876,4768.0,4,0,0,0,0.0
116464,0,0.62359128,50,0,0.42867901799999997,19916.0,8,0,1,0,3.0
116465,0,0.065901133,61,0,0.092483485,5600.0,14,0,0,0,0.0
116466,0,0.314446615,36,0,0.61181499,6550.0,6,0,1,0,2.0
116469,0,0.014095505,40,0,2962.0,,19,0,1,0,0.0
116470,0,0.9999998999999999,43,0,0.019137388999999998,3500.0,2,3,0,0,3.0
116471,0,0.043331728,82,0,83.0,,3,0,0,0,0.0
116473,0,0.0035858709999999996,72,0,0.010643524,6106.0,10,0,0,0,0.0
116474,0,0.48140741200000003,43,0,0.45014182799999997,4582.0,4,0,2,0,0.0
116475,0,0.540116299,66,0,0.49641726399999997,6000.0,8,0,3,0,0.0
116476,0,0.031311502000000005,76,0,0.017096882,2982.0,11,0,0,0,0.0
116480,0,0.162251967,65,0,0.239595051,8000.0,9,0,1,0,0.0
116482,0,0.124904105,39,0,0.172877659,5500.0,17,0,0,0,0.0
116484,0,0.06199690000000001,71,0,0.006259516,5910.0,2,0,0,0,0.0
116485,0,0.32526561,28,0,0.142267541,4118.0,4,0,0,0,2.0
116487,0,0.0,50,0,0.37784875700000004,11583.0,5,0,2,0,2.0
116489,0,0.0035498759999999996,70,0,3872.0,,9,0,2,0,0.0
116490,0,0.22901107699999998,43,1,0.622441778,1416.0,7,0,1,1,2.0
116492,0,0.078370412,54,1,0.222826845,14333.0,11,0,2,0,2.0
116493,0,0.170330025,37,0,0.172934024,4440.0,8,0,0,0,2.0
116494,0,0.190373767,77,0,871.0,,6,0,1,0,0.0
116495,0,0.081027414,47,0,0.148648649,5105.0,18,0,0,0,1.0
116496,0,0.9999998999999999,57,0,0.09593604300000001,1500.0,3,1,0,0,2.0
116498,0,0.059905584000000005,62,0,0.362216395,8770.0,14,0,3,0,2.0
116499,0,0.570790073,51,0,0.44824606899999997,11573.0,17,0,2,0,2.0
116500,1,0.7981502309999999,50,4,0.48939769899999996,8865.0,12,0,2,0,3.0
116502,0,0.348910073,67,0,0.247722728,4500.0,5,0,1,0,0.0
116503,0,0.00096773,81,0,70.0,,2,0,0,0,
116504,0,0.106906747,62,0,1518.0,0.0,5,0,2,0,0.0
116505,0,0.10822354699999999,72,0,0.090726481,2986.0,11,0,0,0,1.0
116507,0,0.003116843,46,2,0.41868191299999996,12942.0,14,0,3,0,2.0
116508,0,0.064878702,45,0,1.1518481520000001,1000.0,6,0,1,0,4.0
116510,0,0.071442351,56,3,3032.0,,12,1,2,3,0.0
116511,0,0.9999998999999999,45,0,2112.0,,2,0,1,0,0.0
116512,0,0.014371875,89,0,0.004808909,3950.0,6,0,0,0,0.0
116513,1,0.825182383,37,0,0.14020965900000001,5341.0,6,0,0,0,1.0
116515,0,0.077134986,23,0,0.086765294,2500.0,4,0,0,0,0.0
116516,0,0.070352569,61,0,0.21975604899999998,5000.0,11,0,1,0,0.0
116518,0,0.000771118,60,0,1828.0,,14,0,2,0,0.0
116519,0,0.0086869,54,0,0.34342364200000003,6606.0,9,0,1,0,0.0
116520,0,0.013999481999999999,52,0,0.259175607,3541.0,8,0,1,0,1.0
116521,0,0.062874996,52,0,0.122434481,12667.0,8,0,1,0,2.0
116522,0,0.49635442,49,0,0.35751295299999997,3666.0,6,0,1,0,1.0
116524,0,0.9999998999999999,44,0,0.340709353,6371.0,12,1,1,0,2.0
116525,0,0.054165162,43,0,0.309338132,5000.0,10,0,2,0,0.0
116526,0,0.301059217,63,0,0.296527159,8983.0,10,0,2,0,1.0
116527,1,0.550824809,46,2,0.352962895,5416.0,10,0,2,0,5.0
116530,0,1.059988002,66,2,0.458204334,1614.0,9,0,0,0,0.0
116531,0,0.562841258,49,0,2734.0,,13,0,1,0,0.0
116532,0,0.0060932519999999995,70,0,0.00311975,4166.0,9,0,0,0,0.0
116533,0,0.052600346,62,0,3653.0,,12,0,3,0,0.0
116535,0,0.309048009,59,1,0.278292062,8641.0,10,0,3,0,0.0
116536,0,0.099019298,68,0,0.036472717,10500.0,21,0,0,0,0.0
116538,0,1.06902612,40,1,0.636060657,6000.0,8,0,3,0,4.0
116540,0,0.283669771,34,0,1.54469739,1800.0,5,0,2,0,0.0
116541,0,0.08911195699999999,47,0,1330.0,,5,0,2,0,2.0
116542,0,0.476161063,67,0,0.8483094520000001,14166.0,20,0,7,0,0.0
116543,0,0.048632523,58,0,2793.0,,11,0,1,0,0.0
116544,0,0.395917887,33,0,4209.0,,8,0,1,0,0.0
116545,0,0.675327047,58,0,0.376808555,9537.0,7,0,2,0,0.0
116546,0,0.080748869,37,0,0.20075833199999998,5010.0,7,0,1,1,2.0
116549,0,0.04687888,69,0,0.019902866,10500.0,12,0,0,0,0.0
116550,0,0.000826656,66,0,0.23565129399999998,6916.0,21,0,1,0,0.0
116551,0,0.060703634000000006,61,0,0.046006804000000005,6172.0,18,0,0,0,1.0
116552,0,0.035627442,51,0,0.282819117,9917.0,7,0,1,0,2.0
116553,1,0.750188816,40,0,0.9153605020000001,1913.0,7,0,1,0,3.0
116554,0,0.35766423399999997,54,0,126.0,,1,0,0,0,0.0
116556,0,0.34840793700000006,46,0,0.138953682,3000.0,5,0,0,0,0.0
116557,0,0.170108239,69,0,1295.0,,8,0,1,0,1.0
116561,0,0.023698815,73,0,0.028248587999999998,2300.0,4,0,1,0,0.0
116562,0,0.035415191,39,0,0.16312592,26500.0,9,0,3,0,0.0
116563,0,0.026009402999999997,71,0,0.020769601999999998,6210.0,11,0,0,0,0.0
116564,0,0.0,52,0,0.45205015200000004,2950.0,4,0,1,0,0.0
116565,0,0.267046374,36,0,433.0,,6,0,0,0,0.0
116566,0,0.07006516,57,0,0.392880949,7500.0,10,0,2,0,3.0
116567,0,0.41207228700000004,28,0,0.099128696,7000.0,7,0,0,0,0.0
116569,0,0.03079824,64,0,0.453559559,5716.0,9,0,2,0,1.0
116570,0,0.544439056,51,1,0.471451402,6882.0,10,0,1,0,3.0
116571,0,0.028001857,49,0,0.47031706799999995,8893.0,20,0,5,0,2.0
116572,0,0.9999998999999999,29,1,0.09679317400000001,3398.0,1,0,0,1,1.0
116573,1,0.0026495159999999998,35,0,0.697808535,2600.0,8,0,1,0,0.0
116574,0,0.084585244,59,0,0.44503891100000004,6167.0,12,0,2,0,2.0
116575,0,0.159587574,74,0,0.239378626,5342.0,17,0,0,0,0.0
116576,0,0.00999981,78,0,0.135064935,3464.0,10,0,1,0,0.0
116577,0,0.07293595,30,0,0.017074296,6500.0,3,0,0,0,0.0
116578,0,0.050558062,61,0,0.7158440140000001,11000.0,10,0,2,0,0.0
116579,0,0.9999998999999999,56,0,0.034321893,3000.0,1,0,0,0,0.0
116580,0,0.9987122190000001,42,1,1810.0,,8,0,1,0,0.0
116581,1,0.8679494440000001,62,1,0.456806283,4583.0,15,0,1,0,3.0
116582,0,0.262421099,42,0,2131.0,,8,0,1,0,4.0
116584,0,0.18030642300000002,38,0,3386.0,,6,0,1,0,0.0
116585,1,0.9929477409999999,30,1,1827.0,,6,1,0,0,0.0
116586,0,0.007760808,74,0,4.0,,1,0,0,0,0.0
116587,0,0.053585442999999996,50,0,0.078713703,12500.0,9,0,1,0,0.0
116589,0,0.007599493000000001,28,0,0.574485103,5000.0,5,0,2,0,2.0
116590,0,0.43838994299999995,40,0,6667.0,,15,0,2,0,0.0
116591,0,0.0,56,0,0.258535379,8083.0,11,0,1,0,0.0
116593,1,0.043929906,78,0,32.0,,5,0,0,0,0.0
116594,0,0.122639625,38,0,0.283603296,3518.0,8,0,1,0,2.0
116595,0,0.22580889699999998,52,0,3897.0,,14,0,1,0,0.0
116596,0,0.010023571,72,0,0.594911937,2554.0,9,0,2,0,0.0
116597,0,0.121096055,54,0,0.419228205,13500.0,15,0,2,0,1.0
116599,0,0.277960291,51,1,0.363982464,8667.0,5,0,2,0,1.0
116600,0,0.05119872,53,0,0.224361996,14850.0,7,0,2,0,3.0
116602,0,0.206381305,29,0,0.296157451,3200.0,6,0,0,1,0.0
116604,0,0.984595256,47,2,0.313702503,14500.0,10,0,2,1,0.0
116605,0,0.018419226,75,1,0.004491018,8683.0,10,0,0,0,1.0
116606,0,0.5747757920000001,41,0,1436.0,0.0,11,0,0,0,0.0
116607,0,0.0,72,0,0.0,1525.0,4,0,0,0,0.0
116608,0,0.154315063,33,0,0.520127541,2508.0,12,0,1,0,0.0
116611,0,0.229174873,54,0,0.24926736800000002,5800.0,3,0,1,0,2.0
116612,1,0.44764052600000004,36,0,0.146638735,5250.0,8,0,0,0,0.0
116613,0,0.009805508000000001,66,0,2049.0,,8,0,2,0,0.0
116614,1,0.6809358120000001,47,0,0.982668977,7500.0,16,0,1,0,1.0
116615,0,0.015429628999999999,58,0,2324.0,,5,0,1,0,0.0
116616,0,0.015261304,51,0,0.165205353,2166.0,6,0,0,0,0.0
116618,0,0.0,88,1,0.0,,5,0,0,0,
116619,0,0.950644189,61,2,4784.0,,7,1,2,1,2.0
116621,0,0.9999998999999999,72,0,0.129304599,4500.0,1,0,0,0,1.0
116623,0,0.027820932000000003,65,0,46.0,,6,0,0,0,0.0
116624,0,0.0,73,0,313.0,,12,0,1,0,
116626,0,0.09356354800000001,41,0,0.016522423,5083.0,3,0,0,0,2.0
116627,0,0.9999998999999999,34,0,1.810841984,2600.0,7,0,2,0,0.0
116628,0,0.032591676,57,0,0.080573215,28470.0,12,0,1,0,2.0
116629,0,0.9999998999999999,47,0,0.428734647,3500.0,3,0,1,0,0.0
116630,0,0.377958965,54,0,0.50329704,6520.0,21,0,1,0,1.0
116633,0,0.554229498,41,0,0.554776375,6416.0,7,0,3,0,1.0
116635,0,0.6955435240000001,37,0,0.18968598399999997,3916.0,5,0,0,0,3.0
116638,0,0.14935511199999998,54,1,4061.0,,23,0,2,0,0.0
116639,0,0.006461065,68,0,0.24413379899999998,4005.0,9,0,1,0,0.0
116640,1,0.84180791,43,3,0.44231570200000003,2400.0,5,0,0,0,0.0
116642,0,0.0064966040000000004,70,0,1619.0,,9,0,1,0,0.0
116645,1,0.968763418,53,0,0.735305878,2500.0,14,0,2,0,1.0
116647,0,0.61430378,47,0,1880.0,,7,0,0,1,0.0
116648,0,0.889551883,47,0,0.232773397,2916.0,15,1,0,0,1.0
116649,0,0.583962923,71,0,2747.0,,14,0,1,0,0.0
116650,0,0.367794503,66,3,0.661874392,9250.0,18,0,5,0,0.0
116651,0,0.037966296000000004,70,0,0.8122969259999999,4000.0,9,0,2,0,0.0
116652,0,0.44414683299999996,51,0,0.390490075,8916.0,12,0,2,0,0.0
116653,0,0.0,48,0,0.27347242899999996,8051.0,6,0,2,0,1.0
116655,0,0.20976319300000001,33,0,0.068965517,2000.0,3,0,0,0,0.0
116656,0,0.009696382,57,0,0.44091181799999996,5000.0,6,0,1,0,0.0
116657,0,0.233354317,58,0,0.29914308,3850.0,9,0,1,0,1.0
116660,0,0.32089982699999997,81,0,50.0,,3,0,0,0,0.0
116661,0,0.064853437,56,0,3513.0,,6,0,3,0,3.0
116662,0,0.26126002,66,0,284.0,,4,0,0,0,0.0
116663,0,0.511105244,45,1,0.387582135,10500.0,12,0,2,0,0.0
116664,1,1.464387464,31,1,251.0,,3,0,0,0,0.0
116665,0,0.177650903,45,0,0.46278401700000005,7657.0,11,0,2,0,1.0
116666,0,0.107420987,43,0,0.441309987,3083.0,11,0,2,0,0.0
116667,0,0.023475073,42,0,0.248857857,11600.0,3,0,1,0,0.0
116671,0,0.10173559300000001,62,0,0.047828712999999995,62911.0,21,0,1,0,2.0
116672,0,0.992435703,51,4,0.37243323,7450.0,12,2,2,2,2.0
116673,1,0.9999998999999999,24,0,0.21446384,400.0,0,1,0,0,0.0
116674,0,0.094306606,58,0,0.261859793,9000.0,4,0,1,0,2.0
116675,0,0.37196491200000004,48,0,0.588068655,6000.0,11,0,1,0,2.0
116676,0,0.512039037,34,0,0.49756656200000005,3492.0,6,0,1,1,4.0
116677,0,0.012106977,43,0,24591.0,,14,0,5,0,0.0
116678,0,0.018375545,52,0,0.228692827,4000.0,9,0,1,0,3.0
116679,0,0.39928120100000003,79,0,0.02946392,7330.0,7,0,0,0,0.0
116680,0,0.374571315,66,0,0.317267197,4273.0,7,0,0,0,1.0
116682,0,0.927642115,43,4,4178.0,,10,1,3,1,0.0
116684,0,0.019913631,55,0,0.12089322400000001,15583.0,7,0,1,0,2.0
116685,0,0.24010132,46,0,0.234040075,8583.0,6,0,2,0,3.0
116686,0,0.614385614,38,2,0.125749833,4500.0,3,0,0,0,1.0
116689,0,0.09390609400000001,47,0,0.28716381399999996,8179.0,3,2,0,0,2.0
116691,0,0.0,61,0,0.283516653,13000.0,11,0,2,0,1.0
116692,0,0.503008186,71,0,2829.0,,19,0,1,0,0.0
116693,0,0.282927046,51,0,1457.0,,8,0,1,0,3.0
116694,0,0.0,80,1,0.12844389,20833.0,8,0,0,0,1.0
116695,0,0.273901135,48,0,0.688388407,5416.0,14,0,2,1,2.0
116697,0,0.9885430140000001,57,0,0.37768834100000004,7950.0,10,0,0,0,1.0
116698,0,0.495023956,69,0,0.581691098,10300.0,20,0,1,0,1.0
116699,0,0.10603311,60,0,0.139124058,15000.0,7,0,1,0,0.0
116700,0,0.092178156,67,0,1901.0,,7,0,1,0,0.0
116701,0,0.004415317,49,0,0.238714925,4917.0,7,0,2,0,2.0
116702,0,0.03167475,49,0,0.368861116,11361.0,7,0,2,0,2.0
116703,0,0.068314535,51,0,0.18394077399999997,1755.0,4,0,0,0,0.0
116704,0,0.083224917,71,0,693.0,,14,0,0,0,0.0
116706,0,0.642194397,57,0,0.281407035,9750.0,17,0,3,0,0.0
116707,1,0.155414833,47,0,0.320244328,4583.0,7,0,2,0,0.0
116708,0,0.116044198,58,0,0.266702298,7483.0,6,0,1,0,3.0
116709,0,0.99520016,64,0,0.411755142,12300.0,6,0,2,0,1.0
116710,0,0.430546826,43,0,0.251741896,3300.0,9,0,0,0,0.0
116711,0,0.9999998999999999,61,3,1421.0,,3,1,1,0,0.0
116712,0,0.150281881,32,0,0.36243959299999995,6000.0,10,0,2,0,0.0
116713,0,0.013239913999999998,89,0,0.004521167,4865.0,6,0,0,0,0.0
116714,0,0.032517314,81,0,1006.0,,5,0,1,0,0.0
116715,0,0.777938555,45,0,0.31556459800000003,4914.0,12,0,0,0,0.0
116720,0,0.038537472999999996,72,0,44.0,,4,0,0,0,0.0
116722,0,0.6327762929999999,49,0,0.47619047600000003,8000.0,9,0,2,0,0.0
116723,0,0.9999998999999999,80,0,0.368181818,879.0,3,0,0,0,0.0
116724,0,0.95407855,36,0,0.079991838,9800.0,16,1,0,0,0.0
116725,0,0.248309577,40,0,0.199515973,10329.0,5,0,1,0,2.0
116726,0,0.037465194,68,0,0.285178705,4000.0,21,0,0,0,0.0
116727,0,0.025561987999999997,56,0,10.0,,4,0,0,0,0.0
116728,0,0.492132584,65,1,0.380957671,9000.0,8,0,1,0,0.0
116730,0,0.107635695,50,0,0.607805193,6200.0,10,0,2,0,0.0
116731,0,0.0,39,0,0.371155885,6600.0,6,0,1,0,3.0
116732,0,0.056031465999999995,58,0,0.44531654299999995,11593.0,7,0,2,0,1.0
116734,0,0.415391244,66,0,0.436126825,7600.0,11,0,1,0,0.0
116736,0,0.040241196,45,0,0.213309025,3290.0,7,0,0,0,2.0
116738,0,0.954655337,54,0,0.6616947,3150.0,4,0,1,0,0.0
116739,0,0.0,48,2,11693.0,,14,0,8,0,2.0
116740,0,0.050506174,81,0,0.136700569,5800.0,14,0,0,0,0.0
116741,0,0.006978109000000001,52,0,0.082305222,11833.0,14,0,2,0,0.0
116742,0,0.031778166000000004,54,0,0.149606299,8000.0,8,0,1,0,0.0
116743,0,0.027090417000000002,56,0,0.572761609,4500.0,6,0,1,0,1.0
116744,0,0.0,70,1,1451.0,,11,0,2,0,0.0
116745,0,0.9110025429999999,50,1,0.42559791,12250.0,11,0,1,0,2.0
116746,0,0.0033108879999999997,48,0,0.00115429,2598.0,5,0,0,0,1.0
116748,0,0.16321644800000001,53,3,4.465735487,2290.0,5,1,0,0,1.0
116749,0,0.303207475,47,0,0.749487855,3416.0,8,0,1,0,1.0
116750,0,0.0,88,0,0.07464730900000001,7300.0,11,0,1,0,1.0
116751,0,0.407051951,62,1,1851.0,,11,0,1,0,0.0
116752,0,0.9176726009999999,34,0,2566.0,,9,0,1,0,0.0
116753,0,0.0,43,0,0.47719225200000004,4800.0,7,0,2,0,2.0
116754,1,0.038247447000000004,46,0,0.273454424,6000.0,11,0,1,1,2.0
116755,0,0.048417712,66,0,0.551823204,4524.0,22,0,2,0,0.0
116757,0,0.01811298,83,0,0.004090537,11000.0,9,0,0,0,0.0
116759,1,0.563429571,39,3,0.19260246600000003,3000.0,6,0,0,2,1.0
116760,0,0.121927151,61,1,0.380123975,5000.0,8,0,1,0,0.0
116761,0,0.7215189870000001,44,1,0.673163418,2000.0,8,0,1,0,1.0
116762,0,0.8660601109999999,37,0,0.45427619399999997,2700.0,4,0,0,0,0.0
116763,0,0.231291638,60,0,2573.0,,13,0,1,0,2.0
116764,0,0.0,62,0,0.677093845,1981.0,10,0,1,0,0.0
116766,0,0.014044886000000001,73,0,1.9140859140000002,1000.0,12,0,2,0,0.0
116769,0,0.0,26,0,0.0,4160.0,1,0,0,0,0.0
116770,0,0.9999998999999999,48,0,0.191954834,2833.0,2,1,0,2,0.0
116771,1,1.0033222590000002,43,5,5965.0,,13,3,2,1,0.0
116772,0,0.029074272999999998,87,0,0.019102896,97000.0,5,0,1,0,0.0
116773,0,0.0,47,0,518.0,,2,0,0,0,0.0
116774,0,0.7019121220000001,60,0,0.303205377,18000.0,12,0,1,0,0.0
116776,0,0.907868714,49,0,0.33988449299999995,11600.0,8,0,2,0,1.0
116779,1,0.9999998999999999,51,2,0.18929126899999998,4500.0,4,4,0,1,0.0
116781,0,0.9999998999999999,52,3,0.259595416,13000.0,3,1,2,0,2.0
116782,0,0.189421985,67,0,0.293820792,8916.0,11,0,2,0,0.0
116783,0,0.005865517,64,0,0.19446444300000001,12500.0,11,0,1,0,1.0
116784,0,0.061115648,83,0,0.056766345999999995,1972.0,9,0,0,0,0.0
116787,0,0.037338618999999997,42,0,0.111237715,28083.0,8,0,2,0,5.0
116788,0,0.029098113,80,1,0.207511737,4259.0,12,0,1,0,0.0
116789,0,0.175909299,73,0,0.021541131,6916.0,3,0,0,0,0.0
116791,1,0.994637875,46,0,1.126213592,8960.0,9,0,4,0,0.0
116794,0,0.48122231,42,0,0.322304213,4200.0,11,0,1,0,1.0
116796,0,0.9999998999999999,45,0,0.021420921000000002,2800.0,1,1,0,0,0.0
116799,0,0.644920917,41,0,0.633273345,5000.0,7,0,2,0,0.0
116800,0,0.085468912,48,0,0.369283724,6100.0,8,0,2,0,2.0
116801,0,0.42563776200000003,45,0,0.206043471,11317.0,19,0,1,0,0.0
116802,0,0.026461354,47,0,47.0,,4,0,0,0,0.0
116803,0,0.052686402,56,0,0.294543377,10500.0,9,0,2,0,0.0
116805,0,0.19610874399999997,62,6,1.3777325880000002,1966.0,14,0,2,1,0.0
116806,0,0.9999998999999999,45,0,1578.0,,2,0,2,0,0.0
116807,0,0.295564908,43,0,0.12465951,6240.0,4,0,0,0,0.0
116809,0,0.8059383309999999,55,0,0.6922408170000001,4600.0,5,0,1,0,2.0
116813,1,0.6877313620000001,41,0,0.77983288,10650.0,22,0,3,1,4.0
116814,0,0.06452473,57,0,0.658667159,5416.0,6,0,3,0,0.0
116815,0,0.02515242,65,0,0.14849768900000002,10383.0,7,0,2,0,0.0
116817,0,0.013044685,78,0,0.0035985609999999997,2500.0,9,0,0,0,0.0
116820,0,0.0,53,0,0.0,7704.0,4,0,0,0,1.0
116821,0,0.125721558,64,0,3923.0,,12,0,1,0,1.0
116822,0,0.029752025,48,0,0.18205453,15000.0,16,0,2,0,1.0
116823,0,0.536157674,37,0,707.0,,7,0,0,0,0.0
116824,0,0.22420419600000002,42,0,0.25988334399999996,10800.0,7,0,2,0,0.0
116826,0,0.0,45,0,1246.0,,7,0,1,0,2.0
116827,0,0.029025907000000004,76,0,0.074172505,12416.0,8,0,1,0,0.0
116828,0,0.069124611,66,1,0.5673450179999999,8500.0,14,1,2,0,0.0
116829,0,0.226750993,53,1,0.309735221,12500.0,18,0,2,0,2.0
116831,1,0.997015168,56,1,0.44765033600000004,7000.0,14,1,2,0,0.0
116832,0,0.038778935,70,2,0.25122121399999997,8597.0,13,0,1,0,1.0
116833,0,0.050983006,29,0,0.16889841100000003,5600.0,2,0,1,0,0.0
116835,1,0.17504509699999998,39,0,0.587597197,10416.0,37,0,2,0,2.0
116837,0,0.122464324,43,0,0.364335664,2859.0,11,0,0,0,1.0
116838,0,0.101405761,56,0,941.0,,20,0,0,0,0.0
116840,1,0.7966732470000001,43,1,0.642470282,14216.0,11,0,4,0,2.0
116841,0,0.9999998999999999,22,98,0.0,,0,98,0,98,0.0
116842,0,0.0033327779999999998,36,0,0.30218509,7779.0,5,0,1,0,3.0
116845,0,0.055421816,41,0,0.345623708,5803.0,28,0,2,0,1.0
116846,0,0.217849601,56,0,0.38418684399999997,9333.0,12,0,3,0,1.0
116848,1,0.17688995600000001,61,2,1.220889203,4250.0,15,0,3,1,0.0
116849,0,0.990672885,48,0,0.067544029,5166.0,2,0,0,0,0.0
116850,0,0.47371572799999995,55,0,0.314238013,38333.0,25,0,12,0,0.0
116851,0,0.034163175,64,0,0.243641017,6250.0,24,0,2,0,0.0
116852,0,1.222591362,32,0,11.0,,1,1,0,0,0.0
116853,0,0.003503944,48,0,0.00046150300000000004,13000.0,11,0,0,0,0.0
116856,0,0.03839616,58,0,0.001466471,7500.0,2,0,0,0,0.0
116857,0,0.195373098,79,0,215.0,,8,0,0,0,0.0
116858,0,0.022531436000000002,58,0,0.209746006,8700.0,13,0,2,0,2.0
116859,0,0.9999998999999999,49,0,0.276381175,6841.0,5,0,2,0,4.0
116860,0,0.004372792,54,0,740.0,,14,0,0,0,0.0
116861,0,0.274646862,37,0,0.922651934,2533.0,10,0,1,0,3.0
116864,0,0.006007038,94,0,718.0,,11,0,1,0,0.0
116865,0,0.238032033,61,0,0.172566372,13333.0,8,0,2,0,0.0
116867,0,0.979630476,58,0,4440.0,,15,0,1,0,0.0
116868,1,0.9999998999999999,46,0,0.000869187,2300.0,0,0,0,0,0.0
116869,0,0.012098161999999999,86,0,0.003149843,6666.0,6,0,0,0,0.0
116870,0,0.0,37,0,0.0,3360.0,1,0,0,0,0.0
116872,0,0.141168921,79,0,0.5853797829999999,1750.0,10,0,2,0,0.0
116873,0,0.0,42,0,467.0,,2,0,0,0,0.0
116875,0,0.119104494,52,0,0.39059226799999996,5250.0,4,0,1,0,1.0
116877,0,0.903238705,61,0,0.676076217,4250.0,7,0,1,0,0.0
116878,1,0.9999998999999999,40,3,0.19743623600000001,7566.0,4,2,0,1,2.0
116880,0,0.276236844,69,0,0.40967871,7500.0,14,0,2,0,1.0
116883,0,0.367031905,70,0,0.90165278,7320.0,17,0,3,0,0.0
116884,0,0.251080575,36,0,0.16983983100000002,3308.0,6,0,0,0,1.0
116885,0,0.001127002,43,0,0.077272727,5939.0,7,0,0,0,3.0
116886,0,0.36751162200000004,32,0,0.04419558,10000.0,4,0,0,0,0.0
116887,0,0.069375453,46,0,0.115135834,6183.0,14,0,0,0,0.0
116889,0,0.22351041600000002,40,1,0.443280977,9167.0,16,0,1,0,2.0
116891,0,0.0,48,0,5.617304493,600.0,8,0,1,0,2.0
116894,0,0.028988886000000002,75,0,0.248786061,3500.0,7,0,0,0,0.0
116897,0,0.024924132999999998,29,0,0.036493918,6000.0,3,0,0,0,0.0
116898,0,0.310190051,35,0,2253.0,0.0,9,0,2,0,2.0
116899,0,0.019836408,68,0,0.22191938,6970.0,14,0,1,0,0.0
116900,0,0.005977069000000001,90,0,19.0,,11,0,0,0,0.0
116901,1,1.033630249,48,1,0.539093091,7916.0,4,5,1,2,4.0
116902,0,0.015711063,50,0,2784.0,,16,0,2,0,0.0
116903,0,0.00047894800000000004,54,0,0.788035327,6000.0,13,0,2,0,0.0
116904,0,0.02889711,57,0,0.683947533,1600.0,4,0,2,0,0.0
116905,0,0.0,36,0,0.180487805,3689.0,4,0,0,0,2.0
116908,0,0.01413117,54,0,0.240679903,7000.0,16,0,1,0,0.0
116909,0,0.040455287,61,0,0.10337061199999999,12875.0,6,0,1,0,0.0
116912,0,0.512479201,21,0,0.101460415,1300.0,1,0,0,0,0.0
116914,0,0.105826487,65,0,0.302819779,2446.0,12,0,1,0,0.0
116915,0,0.042664081,36,0,0.22070015199999998,7883.0,5,0,2,0,1.0
116916,0,0.6746187640000001,65,0,0.17143413100000002,15416.0,4,0,1,0,2.0
116918,0,0.039352244,74,0,0.031424082,7000.0,13,0,1,0,0.0
116920,0,0.914640735,53,0,0.046558126,3500.0,5,0,0,0,0.0
116923,0,0.024544735,65,0,0.156465517,4639.0,9,0,1,0,0.0
116925,0,0.931391408,51,0,0.292856571,12500.0,9,0,3,0,2.0
116926,0,0.382215705,43,0,1781.0,,4,0,0,0,
116929,0,0.11879604,60,0,0.186376022,7339.0,4,0,1,0,0.0
116930,0,0.024618896,67,0,983.0,,7,0,1,0,0.0
116931,0,0.26804623,36,0,0.3626,4999.0,14,0,1,0,0.0
116932,0,1.6758104740000002,33,1,0.23730224800000002,1200.0,2,0,0,1,2.0
116933,0,0.855007657,79,0,1546.0,,12,0,0,0,3.0
116934,1,0.962728967,39,0,0.496984098,5470.0,8,0,2,0,1.0
116935,0,0.072296334,47,1,0.887654492,7200.0,12,0,4,0,2.0
116936,0,0.152000411,72,0,0.5951302039999999,16550.0,26,0,12,0,0.0
116937,1,0.9999998999999999,48,0,0.01187757,2188.0,0,0,0,0,0.0
116939,0,0.007247422,41,0,0.0026510390000000004,7166.0,6,0,0,0,2.0
116940,0,0.0016773920000000002,82,0,0.015789473999999998,189.0,8,0,0,0,0.0
116941,0,0.564235894,58,0,0.486176669,2965.0,5,0,1,1,2.0
116942,0,0.049864487,33,0,0.391576053,8000.0,17,0,2,0,3.0
116943,0,0.033161045,37,0,0.08618276300000001,5000.0,5,0,0,0,1.0
116944,0,0.202461875,57,0,2671.0,,10,0,1,0,1.0
116946,0,0.9999998999999999,66,0,0.02561624,2068.0,0,0,0,0,0.0
116947,0,0.9999998999999999,59,0,0.09234596800000001,6832.0,0,2,0,0,0.0
116948,0,0.105170284,36,0,0.339470796,8200.0,9,0,3,0,0.0
116949,0,0.516840474,46,0,4.049476689,1050.0,9,0,3,0,3.0
116950,0,0.608094276,48,0,693.0,,5,0,0,0,
116951,0,0.0,56,0,0.274239096,6373.0,12,0,1,0,0.0
116952,0,0.071417895,54,0,0.204599425,8000.0,8,0,2,0,0.0
116953,0,0.201018278,71,0,0.21117888199999998,10000.0,10,0,1,0,1.0
116954,0,0.02946331,54,0,43.0,,8,0,0,0,0.0
116957,0,0.48514179,50,0,0.449306046,4250.0,8,0,0,0,0.0
116958,0,0.017659776000000002,82,0,1183.0,,8,0,1,0,
116959,0,0.127630808,58,0,0.44261310600000003,14985.0,19,0,2,0,0.0
116963,0,0.061404331,59,0,58.0,,3,0,0,0,0.0
116964,0,0.020321122,45,0,0.10380601199999999,16000.0,8,0,1,0,0.0
116966,0,0.008796914,75,0,0.203439541,7500.0,12,0,1,0,1.0
116968,0,0.166627499,44,0,0.36908192700000003,9715.0,16,0,1,0,1.0
116969,0,0.14358327699999998,61,1,2205.0,,19,0,1,0,0.0
116971,0,0.01689448,59,0,0.154977209,6800.0,5,0,1,0,2.0
116972,0,0.065853835,48,0,0.01186488,7163.0,12,0,0,0,2.0
116975,0,0.025083333,49,0,0.533068305,8300.0,13,0,3,0,1.0
116976,0,0.311657635,32,0,0.22870125,2640.0,11,0,0,0,0.0
116978,1,0.46702264299999996,48,1,0.921599683,5050.0,17,0,3,0,3.0
116979,0,0.221375216,38,0,0.260473777,9666.0,8,0,2,0,0.0
116980,0,0.040961242,41,0,0.592216582,3545.0,8,0,1,0,2.0
116981,0,0.0,55,0,11.0,,6,0,0,0,
116982,0,0.018211569,67,0,0.007910349,4550.0,4,0,0,0,0.0
116983,1,0.176401627,36,0,0.081654806,8290.0,8,0,0,0,2.0
116985,0,0.278211405,64,1,0.145437091,33333.0,17,0,2,0,2.0
116986,0,0.7364887390000001,34,0,0.46958142700000005,5900.0,9,0,2,0,0.0
116988,0,0.042851020999999996,65,0,9.0,,4,0,0,0,0.0
116989,0,0.157552248,56,0,0.262131188,4100.0,12,0,1,0,0.0
116990,0,0.02469753,65,0,445.0,,5,1,0,1,
116991,0,0.074260967,69,0,2.47788873,700.0,8,0,1,0,0.0
116992,0,0.9999998999999999,43,0,0.010964205,3100.0,0,1,0,1,2.0
116993,0,0.131428791,65,0,0.544356518,2400.0,16,0,0,0,1.0
116995,0,0.949670861,55,1,0.41718641700000003,10100.0,12,0,1,0,0.0
116996,1,0.40515552,52,0,0.34827528700000004,6000.0,7,0,2,1,0.0
116997,0,0.9999998999999999,49,1,2977.0,,2,4,2,1,0.0
116998,0,0.10772563199999999,30,0,22.0,,4,0,0,0,0.0
117000,0,0.0070419359999999995,66,0,0.206385037,3100.0,14,0,0,0,1.0
117001,1,0.9999998999999999,27,98,15.0,,0,98,0,98,
117002,1,0.055523612,50,0,0.182337539,4200.0,6,0,0,0,4.0
117003,0,0.542016491,65,0,0.357255025,6367.0,12,0,2,0,0.0
117004,0,0.275899673,65,0,0.267736613,20000.0,9,0,2,0,3.0
117005,0,0.275892331,46,0,0.627537246,10000.0,13,0,4,0,0.0
117007,0,0.17108965399999998,51,0,0.6612397489999999,8291.0,14,0,2,0,1.0
117008,0,0.45859811,52,0,1.282126168,3423.0,9,0,2,0,0.0
117009,0,0.36807191899999997,50,0,0.258423957,18666.0,9,0,2,0,3.0
117010,0,0.16585898699999999,50,0,0.103452339,8486.0,9,0,0,0,0.0
117011,0,0.082310553,63,1,1967.0,,11,0,1,0,0.0
117013,0,0.046576689000000004,68,0,0.077790421,9666.0,11,0,1,0,0.0
117015,0,0.138502804,28,0,0.890306122,1175.0,5,0,1,0,0.0
117017,0,0.032372711,59,0,2126.0,,15,0,1,0,0.0
117018,0,0.029070502999999998,28,0,0.183405462,6700.0,8,0,0,0,1.0
117022,0,0.000571417,56,0,0.8535379540000001,9708.0,12,0,1,0,0.0
117024,0,0.461399913,31,0,0.144484959,2193.0,7,0,0,0,0.0
117025,0,0.027691775,61,0,939.0,,5,0,1,0,0.0
117026,0,0.02564201,81,0,0.095903771,3075.0,15,1,0,0,0.0
117027,0,0.18835512100000001,42,1,0.513655582,8750.0,10,0,2,0,3.0
117029,0,0.182646805,64,0,0.409684858,2601.0,19,0,0,0,0.0
117030,0,0.794781909,46,0,0.7837611609999999,3583.0,14,0,3,0,0.0
117032,0,0.209522999,70,0,5590.0,,12,0,3,0,0.0
117034,0,0.034487962999999996,29,0,0.08918216400000001,5000.0,3,0,0,0,0.0
117035,1,0.999946817,41,3,0.504279658,12500.0,6,3,1,1,0.0
117039,0,0.167076167,63,0,0.247477174,2080.0,6,0,0,0,0.0
117041,0,0.47324915100000003,42,0,1.274377115,3250.0,12,0,2,0,0.0
117042,0,0.242948676,61,0,0.44097155,10333.0,18,0,2,0,1.0
117043,0,0.8734039020000001,52,0,0.558340229,8458.0,7,0,2,0,4.0
117044,0,0.012911613,70,0,0.207798498,8257.0,10,0,1,0,0.0
117046,0,0.0,81,0,3.0,,4,0,0,0,0.0
117047,0,0.058901326,75,0,54.0,,1,0,0,0,
117048,0,0.0,64,0,0.185953512,4000.0,7,0,1,0,1.0
117049,0,0.598512728,47,0,0.307454678,12300.0,7,0,2,0,4.0
117051,0,0.027283765,74,0,0.002401222,4580.0,4,0,0,0,0.0
117052,0,0.449131045,57,1,0.16613488,13789.0,10,0,1,0,2.0
117053,0,0.001223695,71,0,0.000222173,4500.0,8,0,0,0,0.0
117054,1,0.21284215899999998,41,0,0.34807243600000004,9000.0,8,0,1,0,0.0
117055,0,0.613643356,64,0,1.335776149,1500.0,4,0,1,0,0.0
117059,0,0.622901547,57,1,0.257290452,6000.0,9,0,1,0,2.0
117060,0,0.9999998999999999,50,0,0.425952926,4800.0,3,0,1,0,3.0
117061,0,0.019343784,63,0,0.305192572,11631.0,12,0,2,0,1.0
117063,0,0.099753745,57,2,0.700609225,2297.0,21,0,1,0,3.0
117064,0,0.0,62,0,0.400084734,7080.0,7,0,2,0,0.0
117065,0,0.08595337199999999,48,0,0.437456324,5723.0,13,0,2,1,0.0
117067,0,0.352806505,48,0,0.642574464,4800.0,12,0,3,0,3.0
117072,0,0.078797047,51,1,0.15430775800000002,2332.0,9,0,0,0,3.0
117073,0,0.0,54,0,0.535253828,4963.0,5,0,2,0,2.0
117075,0,0.040906121000000004,63,0,0.17215661899999998,8044.0,11,0,2,0,0.0
117077,0,0.25627285,52,0,0.586691659,3200.0,10,0,1,0,1.0
117079,0,0.463411695,66,0,0.33799999999999997,13499.0,13,0,1,0,1.0
117080,0,0.11861017,49,0,0.41825408700000005,13333.0,11,0,1,0,2.0
117081,0,0.6937499079999999,50,0,0.5647430999999999,9166.0,16,0,2,0,1.0
117082,0,0.095956925,43,0,0.052987123,4736.0,4,0,0,0,3.0
117083,0,0.06711884900000001,67,0,0.24298805899999998,3600.0,10,0,0,0,0.0
117085,0,0.767038986,64,1,0.7067183459999999,5417.0,22,0,1,0,0.0
117088,0,0.8726899379999999,40,0,0.107948244,2704.0,3,0,0,1,0.0
117089,0,0.441621363,49,0,2393.0,,5,0,2,0,0.0
117090,0,0.31104233,48,3,0.42132327700000005,5833.0,16,0,2,1,2.0
117091,0,0.0,85,0,0.0,,1,0,0,0,
117093,0,0.9999998999999999,56,0,3221.0,,3,0,1,0,0.0
117096,0,0.077673786,32,0,0.19043085,4200.0,12,0,0,0,0.0
117097,0,0.221506189,59,0,0.767497667,7500.0,13,0,2,0,0.0
117098,0,0.481714656,28,0,0.55274121,6000.0,11,0,2,0,0.0
117099,0,0.9999998999999999,23,0,0.0,1000.0,1,0,0,0,0.0
117100,0,0.050894579,28,0,0.30779075300000003,6250.0,9,0,2,0,0.0
117101,0,0.9839344040000001,33,0,0.015406008999999998,64000.0,2,0,0,0,0.0
117103,0,0.009465405,59,1,0.275890099,6150.0,4,0,1,0,1.0
117104,0,0.002780523,45,0,0.890274314,400.0,8,0,0,0,2.0
117105,0,0.08699456300000001,52,0,0.627236581,6035.0,8,0,2,0,1.0
117106,0,0.9999998999999999,50,0,27.0,,0,4,0,0,0.0
117108,0,0.321770697,53,0,0.140196078,2039.0,3,0,0,0,0.0
117109,0,0.051527896,76,0,0.022848438999999998,2625.0,4,0,0,0,0.0
117110,0,0.09235524,35,0,594.0,,6,0,1,0,2.0
117114,0,0.9999998999999999,30,0,0.517078488,2751.0,2,2,1,0,2.0
117115,0,0.00514242,80,1,2231.0,,10,0,3,0,0.0
117116,0,0.9999998999999999,28,0,360.0,,4,0,0,0,0.0
117118,0,0.157719455,57,0,0.211451101,11666.0,12,0,2,0,1.0
117120,0,0.768472906,48,0,2020.0,,12,0,0,0,1.0
117121,0,0.570800533,54,0,0.714639048,6468.0,13,0,2,0,1.0
117122,0,0.07627655,56,0,0.313113037,10500.0,12,0,3,0,1.0
117123,0,0.15617915,65,0,0.25073520000000005,7820.0,19,0,2,0,1.0
117124,0,0.5965402089999999,48,0,0.6018558479999999,4633.0,16,0,1,0,1.0
117125,0,0.050524397,57,2,5115.0,,18,0,3,0,0.0
117126,0,0.9999998999999999,43,0,0.027048528,3770.0,0,1,0,0,3.0
117128,0,0.46881899200000005,50,0,0.6743418040000001,10900.0,12,0,3,0,1.0
117129,0,0.0710836,55,0,0.140143309,6000.0,5,0,2,0,2.0
117131,0,1.011632946,49,0,1.387331791,11666.0,10,0,3,0,1.0
117133,0,0.0,43,1,356.0,,12,0,0,0,2.0
117134,0,0.068981038,54,0,905.0,,6,0,1,0,1.0
117135,0,0.020873731,82,0,0.004615011,4116.0,6,0,0,0,0.0
117136,0,0.014122168999999999,83,0,0.0015523129999999998,9662.0,7,0,0,0,0.0
117139,0,0.283038193,64,0,5527.0,,10,0,2,0,0.0
117141,0,0.024249134,74,0,20.0,,2,0,0,0,
117142,0,0.317664234,47,0,0.004155305,7700.0,4,0,0,0,0.0
117144,0,0.0,48,0,0.20302242,16145.0,8,0,2,0,1.0
117146,0,0.058693415,45,0,0.889096241,3750.0,9,0,2,0,0.0
117148,0,0.732174106,56,0,0.394787031,12583.0,15,0,3,0,0.0
117149,0,0.022292806000000002,53,0,0.672072873,4500.0,5,0,3,0,0.0
117150,1,0.9126901690000001,61,1,2004.0,,12,1,1,0,
117151,0,0.882610111,30,0,0.191618977,5416.0,6,0,0,0,0.0
117153,0,0.9999998999999999,44,0,0.142961877,2727.0,1,0,0,0,1.0
117154,0,0.0,68,0,7.0,,3,0,0,0,0.0
117156,0,0.0,55,0,0.288583032,4431.0,7,0,1,0,0.0
117159,0,0.5984015979999999,24,0,0.316436252,650.0,2,0,0,0,0.0
117160,0,0.235754455,60,0,2201.0,,22,0,0,0,0.0
117162,0,0.47802372600000004,43,0,0.162941961,5995.0,3,1,1,0,2.0
117164,0,0.194402358,57,0,5631.0,,9,0,3,0,0.0
117165,0,0.14283516699999999,62,0,0.219251337,7666.0,8,0,2,0,0.0
117166,0,0.429458615,57,0,0.76004897,4900.0,6,0,1,0,0.0
117167,0,0.035628607,54,0,43.0,,7,0,0,0,
117168,0,0.6683858739999999,72,0,1.321966693,1260.0,4,0,1,0,1.0
117169,0,0.04525007,68,0,3727.0,,11,0,2,0,0.0
117170,0,0.0,46,0,0.0,,5,0,0,0,0.0
117171,0,0.39818956899999997,32,0,0.503894345,2952.0,8,0,0,0,3.0
117173,0,0.054527571,59,0,0.033325399,4200.0,4,0,0,0,0.0
117176,1,0.632631203,36,0,53.0,,1,0,0,1,0.0
117177,0,0.074159215,33,0,0.195225597,8000.0,8,0,0,0,0.0
117178,0,0.45028517799999995,45,0,0.12122557699999999,4503.0,4,0,0,0,2.0
117179,0,0.013456053999999999,60,0,0.037984806,2500.0,15,0,0,0,0.0
117180,0,0.289652755,59,0,0.23597752600000002,10500.0,14,0,2,0,0.0
117181,0,0.9999998999999999,36,0,0.429394259,10416.0,4,0,1,0,0.0
117183,0,0.539597315,38,0,0.632760556,11580.0,18,0,4,0,3.0
117185,0,0.142581923,79,0,0.082849252,10500.0,22,0,0,0,0.0
117186,0,0.9999998999999999,25,0,0.668331668,1000.0,3,0,0,0,0.0
117187,0,0.0,51,0,0.342207224,8000.0,9,0,1,0,3.0
117189,0,0.154897568,35,0,0.14882749,4306.0,6,0,0,1,0.0
117190,0,0.08793570699999999,26,0,0.007103394,3800.0,6,0,0,0,0.0
117191,0,0.9999998999999999,48,2,1172.0,0.0,4,0,0,0,0.0
117192,0,0.7446632759999999,51,0,0.203188327,3700.0,6,0,0,0,0.0
117194,0,0.244489889,25,0,17.5,1.0,5,0,0,0,0.0
117197,0,0.55752737,55,2,1.0074274140000001,4442.0,5,0,1,0,0.0
117198,0,0.059322745999999996,65,0,0.200106652,7500.0,7,0,0,0,0.0
117200,0,0.0,85,0,0.116842759,3217.0,6,0,1,0,0.0
117202,0,0.7127768809999999,42,0,0.379436761,6000.0,9,0,1,0,0.0
117203,0,0.043755826,61,0,0.30142464399999996,4000.0,5,0,1,0,0.0
117205,0,0.06684295900000001,40,0,2929.0,,6,0,1,0,
117206,0,0.34994737200000003,31,0,0.7174011809999999,2200.0,9,0,1,0,0.0
117208,0,0.36532309700000004,53,0,2715.0,,9,0,1,0,0.0
117209,0,0.053552244000000006,55,0,600.0,1.0,4,0,1,0,0.0
117210,0,0.245808337,39,1,0.011418205,9370.0,7,0,0,1,4.0
117211,0,0.020251925,84,0,0.003999619,10500.0,11,0,0,0,0.0
117212,0,0.010649468,45,0,0.264459765,19000.0,5,0,2,0,2.0
117214,0,0.075172792,72,0,0.239107273,17832.0,15,0,2,0,0.0
117215,0,0.37398573,49,1,0.47923063,11073.0,17,0,1,0,3.0
117220,0,0.004850154000000001,62,0,0.17198089100000002,9000.0,6,0,1,0,2.0
117221,0,0.131943975,65,0,1684.0,,12,0,1,0,0.0
117222,0,0.01050183,54,0,0.640516844,4333.0,23,0,2,0,1.0
117224,0,0.345930814,33,0,0.122250785,3500.0,2,0,0,0,1.0
117226,0,0.40932307,48,0,0.263312987,4750.0,12,0,1,1,1.0
117228,0,0.17709734100000002,51,0,0.5745328120000001,2300.0,9,0,1,0,0.0
117229,0,0.269583364,49,0,0.9564541209999999,4500.0,11,0,2,0,2.0
117232,0,0.007258296,50,0,0.500333111,1500.0,10,0,1,0,0.0
117233,0,0.003433972,43,0,0.56872417,7500.0,12,0,2,0,2.0
117236,0,0.020940878,63,0,0.345755694,4346.0,15,0,2,0,0.0
117237,0,0.6121862770000001,51,0,0.11577424,7600.0,9,0,0,0,3.0
117238,0,0.540241026,55,0,0.242739029,4716.0,5,0,1,0,0.0
117239,0,0.0,39,0,0.064866892,8000.0,2,0,0,0,3.0
117240,0,0.561072182,55,1,0.638860557,13725.0,35,0,2,1,0.0
117241,0,0.27048647600000003,64,0,0.12145749,2469.0,2,0,0,0,0.0
117242,0,0.017255171,35,0,2.089344262,1219.0,12,1,1,0,3.0
117243,0,0.280975724,48,0,1.488167105,27000.0,19,0,4,0,3.0
117244,1,0.9999998999999999,50,4,2432.0,,7,0,2,1,3.0
117245,0,0.026874328,76,0,0.320466537,3600.0,15,0,1,0,0.0
117246,0,0.016638574,56,0,0.381885905,10201.0,26,0,2,0,0.0
117248,0,0.9999998999999999,63,0,0.594646888,3100.0,4,0,1,0,1.0
117249,0,0.25867413300000003,55,0,0.032990574,2333.0,1,0,0,0,0.0
117252,0,0.023005432000000003,65,0,0.6891694490000001,9583.0,11,0,2,0,0.0
117253,0,0.358604541,38,0,0.296379807,7982.0,8,0,0,0,2.0
117254,0,0.014408978999999999,57,0,0.459764554,6200.0,26,0,2,1,0.0
117255,0,0.038881421,52,0,0.5726935160000001,3500.0,17,0,2,0,0.0
117256,0,0.009037897,61,0,0.27919745100000004,14752.0,9,0,2,0,1.0
117261,0,0.056564397999999995,58,0,0.202318605,19666.0,7,0,1,0,0.0
117263,0,0.9999998999999999,79,0,0.0,,0,0,0,0,0.0
117266,0,0.0,57,0,4321.0,,12,0,2,0,0.0
117270,0,0.971236986,36,2,0.177065478,5833.0,8,0,0,0,1.0
117271,0,0.0,35,0,875.0,,12,0,0,0,0.0
117273,0,0.910202993,53,0,0.41589602600000003,4000.0,11,0,1,0,0.0
117274,0,0.070356716,55,0,0.30541939,7343.0,13,0,2,0,0.0
117275,0,0.047330178,67,0,21.0,,3,0,0,0,0.0
117276,0,0.058047493,36,0,0.49685937700000005,7800.0,5,0,2,0,1.0
117280,0,0.670669235,69,0,0.370772537,8840.0,14,0,1,0,0.0
117281,0,0.035768721,60,0,0.271621396,6000.0,7,0,1,0,2.0
117282,0,0.06791842099999999,52,0,0.155873283,10700.0,13,0,1,0,1.0
117283,0,0.322014099,41,0,0.370674413,7917.0,7,0,1,0,2.0
117284,1,0.854127319,45,0,248.0,,4,0,0,0,
117285,0,0.678155051,30,0,0.365853659,2500.0,6,0,0,0,0.0
117286,0,0.07276816400000001,54,0,0.061869132,28333.0,6,0,1,0,0.0
117287,0,0.008375966,55,0,0.00229977,10000.0,7,0,0,0,0.0
117288,1,0.9999998999999999,29,0,0.0,,0,0,0,1,0.0
117290,0,0.22248003100000002,61,0,3143.0,,11,0,2,0,1.0
117291,0,0.0033960979999999997,61,0,2.0,,5,0,0,0,
117294,0,0.352960856,57,0,0.231824025,7000.0,9,0,1,0,0.0
117295,0,0.234705923,66,0,0.425948104,5009.0,7,0,2,0,0.0
117296,0,0.129014345,54,0,0.39773484299999995,1500.0,14,0,1,0,0.0
117297,0,0.052785016,40,0,0.524595687,5935.0,11,0,3,0,2.0
117298,0,0.0,62,0,0.0,2783.0,2,0,0,0,0.0
117300,0,0.425232844,44,0,0.567154542,4645.0,6,0,2,0,2.0
117301,0,0.046237426,38,1,1.019899285,12311.0,20,0,6,0,1.0
117302,0,0.0,24,0,520.0,,3,0,0,0,
117304,0,0.94338897,63,1,5396.0,,9,0,1,0,2.0
117305,0,8.329999999999999e-05,64,0,0.39583333299999995,3167.0,5,0,1,0,1.0
117306,0,0.430145994,51,0,0.407851842,14416.0,19,0,5,0,0.0
117307,0,0.630473905,38,0,0.33145804,4265.0,4,0,1,0,3.0
117309,1,0.6294820720000001,30,0,4094.0,,7,0,3,0,0.0
117310,0,0.016339945,60,1,0.006174655,3400.0,3,0,0,0,0.0
117311,0,0.07195839799999999,63,0,0.17917611,7500.0,15,1,1,0,0.0
117312,1,0.9999998999999999,33,2,0.103498971,3400.0,1,2,0,0,1.0
117313,0,0.08524056099999999,58,0,1474.0,,9,0,1,0,
117315,0,18300.0,45,0,0.221582273,12500.0,5,0,1,0,2.0
117316,0,1.011653259,53,0,0.12471882,4000.0,4,0,0,0,1.0
117317,0,0.9999998999999999,32,3,0.310980865,5800.0,8,0,1,3,2.0
117318,0,0.054411917000000004,68,0,0.5072308520000001,5600.0,10,0,2,0,0.0
117319,0,0.399366154,58,1,0.634545682,8000.0,11,0,1,0,1.0
117320,0,0.319051566,52,0,0.244520632,8166.0,5,0,1,0,3.0
117321,0,0.116196389,53,0,0.396784267,15050.0,23,0,3,0,0.0
117322,0,0.172598158,40,0,0.717208183,830.0,15,0,0,0,0.0
117323,0,0.0779961,65,0,0.226310948,25000.0,7,0,2,0,0.0
117324,1,0.9999998999999999,40,3,0.6109507,9350.0,9,0,4,0,1.0
117326,0,0.364979,48,0,0.474873935,5750.0,12,0,1,0,2.0
117327,0,0.036581279,56,1,2447.0,,11,0,1,0,1.0
117328,0,0.602231561,59,0,278.0,,5,0,0,0,0.0
117329,0,0.004422883,94,0,9.0,,6,0,0,0,0.0
117330,0,0.067656114,62,0,0.012426796,7000.0,11,0,0,0,0.0
117332,0,0.013899305,53,0,0.20209668,5150.0,3,0,1,0,2.0
117333,0,0.099382057,55,0,0.303790564,14667.0,18,0,2,0,0.0
117337,0,0.023131791000000002,74,0,0.039984006,2500.0,6,0,1,0,0.0
117338,1,0.960691923,42,0,1.241580483,3770.0,29,1,2,1,3.0
117341,0,0.418204544,39,0,0.423544935,6820.0,9,0,1,0,2.0
117342,0,0.43273029700000004,30,1,0.100759696,2500.0,3,0,0,0,0.0
117343,0,0.764170091,32,0,1338.0,,6,0,0,0,0.0
117344,0,0.9999998999999999,56,0,0.409918016,5000.0,4,0,1,0,1.0
117346,0,0.133949279,82,0,0.04566997,2320.0,4,0,0,0,0.0
117347,0,0.019407904,49,0,0.362769026,4506.0,6,0,1,0,2.0
117348,0,0.125795839,52,0,0.677580605,4000.0,9,0,1,0,1.0
117350,0,0.17075729,61,0,2974.0,,9,0,1,0,0.0
117351,0,0.0,49,0,0.210377201,18000.0,7,0,2,0,2.0
117352,0,0.0038385859999999997,81,0,0.074975008,3000.0,9,0,1,0,0.0
117353,0,0.689462108,45,1,1555.0,,2,0,1,1,0.0
117354,0,0.044639825,62,0,3068.0,,8,0,1,0,0.0
117355,0,0.314991487,47,0,0.311770944,6600.0,6,0,1,0,1.0
117356,0,1.231536926,26,1,0.15391084900000002,2377.0,2,0,0,1,0.0
117357,0,0.001943134,63,0,0.309317443,3691.0,13,0,1,0,0.0
117358,0,0.130024508,52,0,0.058681496,41000.0,9,0,2,0,0.0
117360,0,0.136702223,55,0,548.0,,4,0,0,0,0.0
117361,0,0.9999998999999999,43,0,0.0,,0,0,0,0,0.0
117362,0,0.250565119,73,0,2699.0,,6,0,3,0,
117365,0,0.051413654,37,0,0.302892428,3076.0,6,0,1,0,0.0
117366,0,0.015704125,38,0,0.141304348,7083.0,8,0,0,0,2.0
117368,0,0.055021152999999996,66,0,0.183871537,17000.0,11,0,1,0,0.0
117369,0,0.026330582,54,0,1074.0,,6,0,1,0,0.0
117371,0,0.036725647,62,0,0.884984573,5833.0,12,0,1,0,0.0
117372,0,0.0,45,0,0.21994824699999999,4250.0,8,0,1,0,0.0
117374,0,0.015388253999999999,66,0,0.002783218,9700.0,7,0,0,0,0.0
117375,0,0.073760149,46,0,0.038625997999999995,7015.0,4,0,0,0,1.0
117377,0,0.626373626,27,0,0.155620061,6200.0,6,1,0,0,0.0
117379,0,0.170109464,49,0,0.491671325,8944.0,6,0,1,0,0.0
117380,0,0.014554361000000002,84,0,21.0,,3,0,0,0,0.0
117381,0,0.49767050700000004,56,0,1.9972552609999998,1092.0,14,0,0,0,0.0
117382,1,0.9734219270000001,32,0,0.058577406,1672.0,2,1,0,0,0.0
117383,0,0.013075805,59,0,0.104216661,2916.0,9,0,0,0,0.0
117384,0,0.039998671,60,0,0.12202326,10833.0,8,0,1,0,0.0
117387,0,0.140730316,58,0,0.12433229,5428.0,3,0,1,0,0.0
117390,0,0.99485751,41,0,0.593281344,5000.0,8,0,1,0,3.0
117391,0,0.215792204,44,2,0.396640384,5833.0,13,0,2,0,0.0
117392,0,0.017849108,68,0,35.0,0.0,1,0,0,0,0.0
117393,0,0.43966702,50,0,0.840616967,2333.0,10,0,1,0,0.0
117395,0,0.076671092,60,0,0.095836855,9463.0,4,0,1,0,2.0
117396,0,0.702419839,46,0,0.601133728,3880.0,13,0,1,0,0.0
117397,0,0.9999998999999999,44,0,23.0,,5,0,0,0,0.0
117398,0,0.24979453199999999,41,5,0.514529459,3750.0,7,0,1,0,3.0
117399,0,0.07310655,37,0,1909.0,,5,0,1,0,0.0
117400,0,0.19279036,42,0,0.340255345,6500.0,11,0,1,0,2.0
117403,0,0.988241829,35,0,2154.0,,6,0,2,0,1.0
117404,0,0.0,66,0,0.232403165,2400.0,6,0,0,0,2.0
117406,0,0.829925859,33,1,0.42995518299999996,6916.0,7,0,2,0,1.0
117410,0,0.32227154199999997,63,0,0.718511318,7200.0,20,0,2,0,1.0
117413,0,0.004259899,38,0,0.28791754399999997,13291.0,10,0,2,0,2.0
117414,0,0.0,64,0,0.0,,3,0,0,0,
117415,0,0.00356495,56,0,0.264207378,6017.0,17,0,2,0,2.0
117416,0,0.031142222,45,0,628.0,,8,0,0,0,2.0
117417,0,0.08080745,37,0,0.319229555,6333.0,7,0,1,0,2.0
117421,0,0.17727247899999998,56,1,0.35318457200000003,6766.0,18,0,1,0,1.0
117422,0,0.9999998999999999,69,0,0.16561146300000001,3000.0,1,0,0,0,0.0
117424,0,0.021929522000000003,68,0,9.0,,3,0,0,0,0.0
117425,0,0.032762779,37,0,0.44259290100000004,6000.0,8,0,2,0,0.0
117426,0,0.026926647999999997,79,0,0.0018330279999999998,6000.0,2,0,0,0,0.0
117427,0,0.030190269,53,0,0.208223342,12500.0,16,0,1,0,0.0
117428,0,0.44618125399999997,49,0,7927.0,,9,0,1,0,0.0
117429,1,0.9999998999999999,31,1,2076.0,,2,1,1,0,0.0
117431,0,0.26973113600000004,65,0,0.479842799,7887.0,16,0,2,0,1.0
117432,0,0.247671473,41,0,11784.0,,11,0,6,0,1.0
117434,0,0.022114321,53,0,0.05371577599999999,3834.0,4,0,0,0,0.0
117436,0,0.204959533,73,0,0.38168742299999997,5700.0,10,0,2,0,0.0
117437,0,0.025731679,63,0,1440.0,,6,0,1,0,0.0
117439,0,0.612728579,57,1,3.742052679,1100.0,8,0,2,0,1.0
117440,0,0.78807947,45,2,0.047338569000000004,4583.0,2,2,0,1,3.0
117443,0,0.140380495,39,0,0.38480055,2907.0,8,0,1,0,3.0
117444,0,0.192617565,36,1,0.498928826,4200.0,8,1,2,0,4.0
117445,0,0.5672133629999999,75,0,0.09336333,8000.0,5,0,0,0,0.0
117447,0,0.9999998999999999,51,1,768.0,,4,0,1,0,
117448,0,0.49810646399999997,44,1,0.134220864,4581.0,6,0,0,0,1.0
117449,0,0.0,31,0,0.050374928,5200.0,2,0,0,0,0.0
117450,0,0.067215674,31,0,0.651813767,3500.0,12,0,1,0,0.0
117452,0,0.009377360999999999,59,1,1458.0,,9,0,2,0,0.0
117453,0,0.024719011000000003,51,0,0.007197121,2500.0,3,0,0,0,0.0
117454,0,0.035062338,42,0,0.818636273,5000.0,17,0,3,0,1.0
117455,0,0.124537175,49,0,2962.0,,7,0,2,0,0.0
117456,0,0.085664553,53,0,0.030227872000000003,6450.0,9,0,0,0,4.0
117457,0,0.049190162,31,0,0.164074897,3150.0,3,0,0,0,0.0
117460,0,0.111102881,33,0,45.0,,4,0,0,0,0.0
117461,0,0.02166405,76,0,39.0,,11,0,0,0,
117462,0,0.007245664000000001,58,0,295.0,,5,0,1,0,0.0
117464,0,0.011864072,40,0,0.212157173,7583.0,3,0,1,0,0.0
117465,0,0.7167435440000001,60,0,0.526258503,3674.0,7,0,1,0,0.0
117466,0,0.9999998999999999,40,0,424.0,,3,0,0,0,
117469,0,0.09124346300000001,52,0,3347.0,,8,0,2,0,0.0
117470,0,0.006049258,84,0,0.28485757100000003,2000.0,8,0,0,0,0.0
117472,0,0.020173328,58,0,20.0,,2,0,0,0,0.0
117474,0,0.24708548,52,0,0.44397011700000005,13117.0,19,0,2,0,1.0
117478,0,0.293338152,57,4,999.0,,10,1,1,1,
117479,0,0.007108763000000001,59,0,1085.0,,8,0,2,0,1.0
117480,0,0.025532136,72,1,0.059995715,4666.0,11,0,1,0,1.0
117482,0,0.9999998999999999,47,0,0.0,7900.0,0,0,0,0,1.0
117483,0,0.051072609000000005,70,0,0.021652942999999997,3278.0,5,0,0,0,0.0
117484,1,0.5943127220000001,44,0,0.991716652,3500.0,9,0,1,0,1.0
117485,0,0.294627785,34,0,0.386153462,4000.0,11,0,2,0,0.0
117486,0,0.032569878,53,0,0.504425914,7794.0,8,0,2,0,2.0
117487,1,0.830633873,32,0,0.029757619,4166.0,1,3,0,0,0.0
117489,0,0.356911539,55,0,0.504998388,3100.0,10,1,1,0,0.0
117490,0,0.9862988340000001,33,3,0.34955448899999997,2917.0,5,0,1,0,0.0
117491,0,0.14531243800000002,43,0,0.31621047399999996,8000.0,12,0,2,0,1.0
117492,0,0.002180766,69,0,0.26148969899999996,4416.0,10,0,1,0,0.0
117493,0,0.18304536,49,2,8246.0,,18,0,3,0,0.0
117497,0,0.517535113,32,0,0.181664792,5333.0,11,0,0,0,0.0
117498,0,0.255446539,67,0,549.0,,11,0,0,0,1.0
117499,0,0.9999998999999999,70,0,0.004951909,10500.0,6,0,0,0,0.0
117500,1,0.9999998999999999,33,1,0.24267101,1841.0,1,0,0,0,3.0
117502,0,0.035034473,51,0,0.443276503,7800.0,11,0,2,0,3.0
117503,0,0.021582372000000002,83,0,0.002380726,10500.0,7,0,0,0,0.0
117504,1,0.320545274,51,4,0.5301827579999999,5416.0,18,0,2,0,2.0
117507,1,0.9999998999999999,42,3,0.364363404,3125.0,5,2,0,0,1.0
117508,0,0.144943718,69,0,0.342187946,3500.0,19,0,1,0,0.0
117510,0,0.5618978370000001,48,1,0.446415898,4226.0,4,0,1,0,0.0
117511,0,0.48645700799999997,46,0,192.0,,4,0,0,0,1.0
117512,0,0.03428148,64,0,0.477052295,10000.0,17,0,4,0,2.0
117513,0,0.8939553020000001,41,2,0.705058988,5000.0,12,0,2,0,2.0
117514,0,0.206684993,42,0,0.591147073,2100.0,9,0,2,0,3.0
117516,1,0.618229638,45,0,0.43232096,5333.0,8,0,2,0,0.0
117517,0,0.003332223,26,0,0.11002829300000001,3180.0,6,0,0,0,0.0
117518,0,0.008402594000000001,55,0,0.36148382,3800.0,25,0,2,0,0.0
117519,0,0.000876688,64,0,0.552406065,4550.0,12,0,1,0,0.0
117520,0,0.238640258,71,0,1.0318820709999998,5833.0,17,0,3,0,0.0
117521,0,0.07066655,43,0,0.420803783,2537.0,8,0,1,0,3.0
117522,0,0.086982603,28,0,0.429662635,3141.0,6,0,1,0,0.0
117524,0,0.050452744,36,0,1.363657039,4396.0,23,0,4,0,0.0
117527,0,0.261424189,48,0,2201.0,,13,0,1,0,2.0
117528,0,0.071784271,57,0,0.418947743,11251.0,9,0,2,0,2.0
117531,0,0.043221076,56,0,0.277790355,8833.0,20,0,2,0,0.0
117533,0,0.25376299199999997,61,0,0.330191374,3500.0,14,0,0,0,0.0
117535,0,0.395296876,57,0,0.40254494,4950.0,6,0,1,0,0.0
117536,0,0.049528855999999996,73,0,0.060497308,3900.0,9,0,0,0,0.0
117537,0,0.0024916120000000003,56,0,0.661320558,4800.0,7,0,1,0,0.0
117538,1,0.515846562,42,0,2.270260747,2837.0,4,0,2,0,2.0
117539,0,0.007467709,49,0,0.160309029,2070.0,4,0,0,0,2.0
117540,0,0.008218771,83,0,13.0,,11,0,0,0,
117541,0,0.255548519,60,0,0.932533733,2000.0,9,0,1,0,0.0
117542,0,0.21670243399999997,35,0,2597.0,,5,0,1,0,1.0
117544,0,0.481570815,50,0,0.32425780600000004,6500.0,11,0,2,0,3.0
117546,0,0.12625538,78,0,0.00869913,10000.0,3,0,0,0,0.0
117547,0,0.032953048,28,0,0.050173632,8350.0,3,0,0,0,2.0
117550,0,0.778175902,47,0,0.608934586,5640.0,10,0,0,0,2.0
117551,1,0.790578825,51,0,0.183704074,4000.0,4,0,0,1,1.0
117553,0,0.137020809,40,0,0.200370511,23750.0,12,0,1,0,3.0
117554,0,0.080162187,44,0,0.158691615,7000.0,7,0,1,0,0.0
117555,0,0.5065489879999999,49,0,0.241856314,2240.0,8,0,0,0,0.0
117556,0,0.505865601,45,0,0.046090385,88000.0,15,0,1,0,0.0
117557,0,0.009695730999999999,65,0,6525.0,,9,0,2,0,0.0
117559,0,0.025167165,60,1,0.120443009,6500.0,16,0,0,0,1.0
117560,0,0.342292855,60,0,2249.0,,9,0,1,0,1.0
117562,0,0.00839832,72,0,1.0,,7,0,0,0,
117563,0,0.547230456,48,0,0.520895821,5000.0,7,0,2,0,2.0
117565,0,0.025292747999999997,72,0,0.6041266789999999,2083.0,7,0,1,0,0.0
117566,0,0.7128784340000001,28,0,0.27368076,3050.0,6,0,0,0,0.0
117567,0,0.9999998999999999,25,1,0.001142531,3500.0,1,0,0,0,0.0
117568,0,0.0,40,0,0.253596542,15500.0,7,0,2,0,2.0
117569,0,0.401518651,80,0,0.557210159,18466.0,27,0,4,0,0.0
117570,0,0.0,72,0,0.0,1177.0,5,0,0,0,0.0
117571,0,0.406418264,48,0,0.338408831,7880.0,10,0,2,0,0.0
117572,0,0.076442018,65,0,0.228133263,9454.0,11,0,1,0,0.0
117573,0,0.021079975,54,0,0.08731985,8256.0,8,0,1,0,2.0
117574,0,0.071994667,55,0,0.25074985,5000.0,5,0,2,0,0.0
117575,0,1.002832861,54,0,0.653104925,1400.0,5,0,0,0,0.0
117576,0,0.069622584,44,0,0.209064456,11340.0,9,0,2,0,3.0
117577,0,0.016423041,62,0,0.038387186000000004,7241.0,5,0,0,0,1.0
117578,0,0.19645299800000002,44,0,0.346107544,4983.0,8,0,2,0,0.0
117579,0,0.40101401799999997,36,0,0.078264927,45000.0,19,0,0,0,1.0
117580,0,0.32812299300000003,55,0,0.8178977629999999,8000.0,19,0,6,0,0.0
117581,0,0.700006493,57,0,0.327124164,17500.0,13,0,2,0,1.0
117582,0,0.117473917,68,0,0.397982658,5650.0,8,0,1,0,1.0
117583,1,1.544845515,47,1,0.961153956,3500.0,8,0,1,0,2.0
117584,0,0.623488774,56,0,1335.0,,3,0,1,0,0.0
117585,0,1.010302905,40,2,0.911865299,3800.0,7,0,2,0,3.0
117586,0,0.998001,33,0,0.341370185,3400.0,7,0,1,0,0.0
117587,0,0.044014505999999995,55,1,0.276160853,4500.0,23,0,2,0,0.0
117589,0,0.24009740699999998,33,0,0.45707756,7000.0,11,0,2,0,0.0
117590,0,0.01517067,72,0,0.001217532,2463.0,4,0,0,0,0.0
117591,0,0.028574286,43,0,0.413010234,8500.0,7,0,1,0,2.0
117593,0,0.036966053,46,0,0.369609856,5843.0,14,0,2,0,1.0
117594,0,0.016539104,56,0,0.004540295,3523.0,2,0,0,0,0.0
117595,0,0.816367265,21,0,12.0,,1,0,0,0,
117596,1,0.943158132,44,0,0.617722015,5100.0,6,0,1,0,1.0
117597,0,0.708171454,49,0,0.09465404599999999,7500.0,10,0,0,0,4.0
117598,0,0.24529321699999998,25,0,0.25047619,1049.0,9,0,0,0,0.0
117600,0,0.0,57,0,0.240663281,6693.0,8,0,1,0,0.0
117602,0,0.172429213,58,0,3.742628686,2000.0,35,0,3,0,0.0
117603,0,0.053135265999999994,38,0,0.38061006399999997,5146.0,9,0,1,1,3.0
117604,0,0.023015685,59,0,0.401679916,6666.0,8,0,1,0,1.0
117606,0,0.44661954,53,1,0.1808487,4500.0,15,0,0,0,0.0
117607,0,0.033718554,57,0,0.261289211,2900.0,7,0,1,0,1.0
117609,0,0.37841439,32,0,0.014154871000000001,1200.0,2,0,0,1,0.0
117611,0,0.053194179,46,0,0.106099322,9000.0,6,0,1,0,2.0
117612,1,0.816433967,35,2,0.781602628,7000.0,13,0,3,0,0.0
117614,1,0.9999998999999999,28,98,8.0,,0,98,0,98,0.0
117615,0,0.976688825,51,0,0.9528411929999999,6000.0,14,0,1,0,3.0
117621,0,0.122464226,72,0,0.015582488,4042.0,4,0,0,0,0.0
117624,0,0.30067483100000003,27,0,0.100807331,4582.0,7,0,0,0,0.0
117627,0,0.02039898,87,0,12.0,,2,0,0,0,
117630,0,0.056998035,74,0,1936.0,,7,0,2,0,
117631,0,0.464720773,64,0,0.382190701,3806.0,10,0,1,0,1.0
117632,0,0.032557422,58,0,0.22921951899999998,6700.0,17,0,1,0,0.0
117634,0,0.9999998999999999,53,1,615.0,,2,0,1,0,1.0
117635,0,0.15565869300000001,49,4,3520.0,,7,0,1,2,3.0
117636,0,0.063240915,62,0,0.23625731,2564.0,8,0,0,0,0.0
117637,0,0.008931241999999999,68,0,22.0,,7,0,0,0,0.0
117639,0,0.569486103,29,0,0.035387177,2401.0,1,0,0,0,2.0
117640,0,0.091119277,60,0,2008.0,,13,0,2,0,0.0
117642,0,0.310796334,38,0,0.159860654,15500.0,3,0,1,0,1.0
117646,0,0.040865293,58,0,0.174213354,2605.0,12,0,0,0,1.0
117647,0,0.038778543,34,1,0.24687445,5678.0,8,0,2,0,0.0
117648,0,0.0,55,0,0.190695886,2600.0,7,0,0,0,1.0
117650,0,0.069848041,38,3,7.0,,4,0,0,0,0.0
117651,0,0.158461099,54,1,0.084971676,3000.0,6,0,0,0,0.0
117653,1,1.04494382,61,0,25.0,,1,0,0,0,0.0
117654,0,0.977022855,36,0,1.327948796,6561.0,33,0,1,0,1.0
117655,0,0.01786947,47,0,1453.0,,8,0,2,0,0.0
117657,0,0.401874005,56,1,2543.0,,10,0,2,0,0.0
117658,0,0.045545449,55,1,0.15554522199999998,4300.0,6,0,0,0,0.0
117659,0,0.17982957600000002,44,1,0.289656827,8333.0,7,0,2,0,1.0
117661,0,0.609950463,48,1,0.6551646870000001,8925.0,7,0,2,1,2.0
117662,1,0.88205439,58,0,8.668560606,527.0,13,0,3,0,0.0
117663,0,0.165753047,40,0,0.34222343200000005,7348.0,10,0,1,0,1.0
117664,0,0.160794839,58,0,2252.0,,14,0,1,0,2.0
117666,0,0.267576575,30,1,0.24456328,2804.0,12,1,0,0,1.0
117667,0,0.9999998999999999,62,0,0.540645474,4120.0,3,0,2,0,1.0
117668,0,0.343245725,44,0,0.585512216,4665.0,13,0,1,0,1.0
117669,0,0.08485239900000001,63,0,122.0,0.0,2,0,0,0,1.0
117670,0,0.0,23,0,0.0,820.0,2,0,0,0,0.0
117671,0,0.9999998999999999,25,0,0.263360246,2600.0,2,0,0,0,0.0
117672,0,0.009107411999999999,68,0,0.02372035,800.0,10,0,0,0,0.0
117673,0,0.0,56,0,0.19592046600000002,5833.0,7,0,1,0,0.0
117674,1,1.743493131,54,0,0.984471558,6310.0,15,0,3,0,1.0
117675,0,0.270157258,37,0,2752.0,,5,0,1,0,0.0
117676,0,0.00915968,64,0,276.0,,19,0,1,0,0.0
117677,0,0.204902692,64,0,3986.0,0.0,16,0,1,0,0.0
117678,0,0.303035746,57,2,0.424429658,6311.0,7,0,2,0,0.0
117679,0,0.0,56,0,0.245630175,25000.0,8,0,2,0,0.0
117680,1,0.501188696,31,0,0.152967147,7700.0,17,0,0,0,0.0
117681,0,0.156542881,36,0,0.241939454,8125.0,7,0,1,0,2.0
117682,0,0.055685288,54,0,0.643365463,11100.0,11,0,2,0,0.0
117684,0,0.009484405999999999,45,0,0.207099113,8000.0,13,0,1,0,4.0
117685,0,0.047112485999999995,54,0,1008.0,,10,0,0,0,0.0
117687,0,0.884360886,58,0,0.464922513,6000.0,14,0,2,0,1.0
117689,0,0.31308033,40,0,0.509691711,5416.0,9,0,1,0,2.0
117690,0,0.26056076699999997,57,0,0.160854893,8000.0,7,0,1,0,0.0
117691,0,0.0,39,0,223.0,,5,0,0,0,0.0
117692,0,0.232102515,63,0,0.20933201,7050.0,5,0,2,0,1.0
117693,0,0.829328307,76,0,0.324168429,5200.0,5,0,0,0,1.0
117694,0,0.10073586300000001,37,0,0.418930594,10416.0,20,0,2,0,0.0
117695,0,0.9999998999999999,45,0,0.27391155300000003,5833.0,4,0,2,0,2.0
117697,1,0.6408408839999999,51,0,0.734522942,5491.0,11,0,1,0,1.0
117698,0,0.9999998999999999,37,0,0.068587723,6662.0,3,0,1,0,1.0
117699,0,0.6876249720000001,53,0,0.523224908,7900.0,7,0,2,0,0.0
117700,0,0.11713615599999999,58,0,0.526078987,6000.0,9,0,2,0,0.0
117701,1,0.57753097,53,1,0.887293765,4666.0,30,5,1,0,1.0
117702,0,0.001384509,50,2,0.7650371709999999,13316.0,18,0,5,0,0.0
117703,0,0.014866994,44,0,0.055972247999999995,10665.0,7,0,0,0,2.0
117709,0,0.01076151,55,0,0.27794056100000003,7166.0,9,0,1,0,0.0
117712,0,0.36951263,83,0,0.426839643,4701.0,20,0,1,0,1.0
117715,0,0.0,66,0,0.0,,7,0,0,0,0.0
117716,1,0.0,54,0,0.36044384799999996,8200.0,14,0,2,0,0.0
117717,0,0.102708361,69,0,0.01296049,12730.0,5,0,0,0,0.0
117718,0,0.9999998999999999,28,3,0.256851155,1860.0,3,0,0,0,1.0
117719,0,0.06690157599999999,48,0,0.43397351799999995,8382.0,9,0,2,0,2.0
117720,0,0.03015025,63,0,0.69294037,1458.0,16,0,1,0,0.0
117726,0,0.432288412,83,0,1431.0,,10,0,1,0,
117728,0,0.593733776,52,0,0.740372923,4933.0,14,0,2,0,0.0
117729,0,0.49137148,27,2,1.8811881190000002,100.0,2,0,0,0,0.0
117730,1,0.9999998999999999,66,0,0.17384289600000002,9916.0,3,0,2,0,1.0
117731,0,0.9999998999999999,63,0,0.011660189,1800.0,3,0,0,0,0.0
117733,0,0.015073276000000002,59,0,0.268546291,15002.0,11,0,2,0,3.0
117734,0,0.104789422,50,0,0.311091314,11224.0,18,0,2,0,1.0
117736,0,0.661429261,32,0,0.066158307,9310.0,10,0,0,0,2.0
117737,1,0.8493342309999999,49,4,0.615397434,6000.0,9,2,2,0,0.0
117738,0,0.165134656,36,0,0.17796092800000002,6551.0,5,0,0,0,2.0
117739,0,0.9215539220000001,60,0,1131.0,,3,0,0,0,0.0
117740,0,1.017196561,59,0,0.028096118,5409.0,3,0,0,0,3.0
117742,0,0.065113797,90,1,0.198600467,3000.0,10,0,1,0,1.0
117745,0,0.9999998999999999,67,1,0.086398793,5300.0,5,0,0,0,0.0
117749,0,0.598946393,44,0,0.661531625,6750.0,11,0,2,0,2.0
117750,0,0.5892205389999999,74,0,2616.0,,6,0,2,0,0.0
117751,0,0.023294751000000002,72,0,0.21015189399999998,5200.0,7,0,1,0,0.0
117752,0,0.044422601,58,0,0.054553357999999996,4600.0,5,0,0,0,0.0
117753,0,0.087151474,46,0,0.320757232,7500.0,11,0,1,0,0.0
117754,0,0.340886371,31,0,942.0,,6,0,0,0,0.0
117755,0,0.27691823600000004,48,0,5350.0,,11,0,1,0,0.0
117757,0,0.399563716,38,1,0.139235987,2800.0,6,0,0,0,0.0
117758,0,0.58823247,54,0,0.520767778,9533.0,18,0,1,0,0.0
117759,0,0.0,57,0,0.002217295,450.0,2,0,0,0,0.0
117760,0,0.036357776,57,0,0.11864689199999999,6000.0,5,0,1,0,0.0
117762,1,0.534054169,68,0,5298.0,,7,0,1,1,0.0
117763,0,0.607692435,40,0,0.6911528929999999,6860.0,9,0,2,0,0.0
117764,0,0.0,74,0,0.0,,3,0,0,0,0.0
117765,0,0.9999998999999999,85,0,0.232103157,2248.0,1,0,0,0,0.0
117766,0,0.930697659,50,0,0.557332115,6566.0,14,0,0,0,0.0
117767,0,0.077123105,56,0,0.326278954,6000.0,11,0,2,0,2.0
117769,0,0.9353392220000001,52,0,2.203197868,1500.0,4,0,1,0,2.0
117770,0,0.012515968,64,0,46.0,,5,0,0,0,0.0
117771,0,0.054605029000000006,51,0,0.164995602,11369.0,7,0,2,0,1.0
117772,1,0.732798037,64,0,0.370819505,7833.0,7,0,2,0,0.0
117773,0,0.952488964,47,0,0.34040640200000005,5560.0,10,0,0,0,3.0
117774,0,0.142853141,52,0,0.203944665,7300.0,11,0,1,0,0.0
117776,0,0.005611578000000001,73,0,1.045504994,900.0,8,0,1,0,0.0
117777,0,0.303998735,40,0,0.377164661,6813.0,18,0,1,0,1.0
117778,0,0.10680943300000001,58,0,0.144933687,9424.0,6,0,1,0,0.0
117780,0,0.016569135,85,0,0.012215436000000001,1800.0,2,0,0,0,0.0
117781,1,0.915867003,35,0,1457.0,,15,0,0,0,0.0
117782,0,0.082461169,39,0,0.338590236,7291.0,13,0,2,0,1.0
117783,0,0.029382277999999998,40,0,0.459035718,8482.0,9,0,2,0,0.0
117784,0,0.629370629,23,0,0.006920415,2600.0,1,0,0,0,0.0
117785,0,1.0009521540000001,38,2,0.196813496,3200.0,6,0,0,0,3.0
117787,0,0.458361742,46,0,0.37671997,5377.0,7,0,1,0,0.0
117788,0,0.007984032,30,0,0.099960016,2500.0,3,4,0,1,0.0
117792,0,0.016587585,65,0,0.700119952,2500.0,8,0,1,0,1.0
117793,0,0.0,38,0,0.086043574,6333.0,3,0,1,0,0.0
117794,0,0.254882073,59,0,0.072947914,7333.0,2,0,0,0,2.0
117795,0,0.7726617370000001,61,0,2702.0,,3,0,1,0,0.0
117796,0,0.0,80,0,0.151956584,3500.0,4,0,1,0,0.0
117797,0,0.005538036,52,0,0.49741447899999996,5027.0,5,0,1,0,0.0
117798,0,0.201210571,39,1,0.207975532,8500.0,14,0,0,0,1.0
117799,0,0.01491386,85,0,15.0,,4,0,0,0,
117802,0,0.037835718,49,0,0.35213043899999996,11100.0,7,0,3,0,0.0
117803,0,0.9999998999999999,38,0,0.171822941,2100.0,2,0,0,0,0.0
117804,0,0.526588492,50,1,0.186512283,6390.0,7,0,1,0,2.0
117805,0,0.9999998999999999,62,1,0.391888649,8333.0,4,0,1,0,1.0
117806,0,0.0,30,0,0.40964758799999995,4000.0,4,0,1,0,1.0
117807,0,0.03078594,63,0,1769.0,,4,0,1,0,0.0
117809,0,0.08198630700000001,81,0,0.017196561000000003,5000.0,7,0,0,0,0.0
117810,0,0.233794825,35,0,1.149603585,2900.0,16,0,1,0,1.0
117811,0,0.10614867300000001,56,0,0.29021447699999997,8951.0,5,0,1,0,1.0
117812,0,0.0,51,0,0.399811122,18000.0,10,0,2,0,2.0
117813,0,0.9999998999999999,33,0,0.113636364,3211.0,6,0,0,0,0.0
117814,0,0.0,34,0,982.0,,6,0,1,0,0.0
117818,0,0.139867246,42,0,0.570088762,5970.0,9,0,1,0,3.0
117820,0,0.9306678009999999,40,0,0.012950787,5018.0,3,0,0,0,2.0
117821,0,1.28742515,40,1,0.075517334,3720.0,2,3,0,0,1.0
117822,0,0.0,68,0,4575.0,,4,0,1,0,0.0
117823,0,0.015113854,48,0,229.0,1.0,7,0,1,1,3.0
117825,0,0.9999998999999999,50,0,1.0791841629999999,3333.0,6,0,1,0,0.0
117826,0,0.584504821,51,1,0.54902166,9556.0,12,0,2,0,1.0
117827,0,0.0,59,0,3609.0,,13,0,3,0,0.0
117828,0,0.036640086,51,0,0.017651888,2435.0,6,0,0,0,0.0
117829,0,0.08918341800000001,46,0,78.0,,4,0,0,0,2.0
117831,0,0.9925683829999999,61,4,2735.0,,7,0,1,0,0.0
117833,0,0.079985717,53,0,0.40188296100000004,5416.0,7,0,1,0,0.0
117834,0,0.242354918,37,0,0.20633237399999999,6600.0,12,0,0,0,2.0
117835,0,0.9664666759999999,46,0,0.263206502,5413.0,4,0,1,0,0.0
117836,0,0.11045178,63,0,0.311815713,11416.0,20,0,1,1,1.0
117837,0,0.01818511,74,0,0.003697111,7302.0,4,0,0,0,0.0
117838,0,0.30455046199999997,50,0,0.353826851,3984.0,6,0,0,0,0.0
117839,0,0.36516228,50,0,0.352941176,6102.0,10,0,1,0,0.0
117840,0,0.006194272,94,0,0.0015302220000000001,3920.0,4,0,0,0,0.0
117843,0,0.0026907090000000003,57,0,4.0,,8,0,0,0,0.0
117844,0,0.030810038999999997,55,0,0.000747524,5350.0,1,1,0,0,1.0
117845,0,0.491954789,32,0,0.177573167,3040.0,10,0,0,0,1.0
117846,1,0.511912485,36,0,0.690903215,6188.0,11,0,2,1,2.0
117847,0,0.536025776,56,0,0.705882353,6000.0,6,0,2,0,3.0
117848,0,0.044843448,42,0,0.162472921,6000.0,6,0,1,0,0.0
117849,0,0.135470264,68,0,2463.0,,10,0,2,0,0.0
117850,0,0.02065989,57,0,0.377278671,13000.0,11,0,3,0,2.0
117854,0,0.9623795540000001,58,0,0.271226415,8903.0,7,0,2,0,0.0
117855,0,0.9999998999999999,23,1,0.013677011999999999,1900.0,8,0,0,0,1.0
117857,0,0.26746507,24,0,4.0,,1,0,0,0,0.0
117858,0,0.0,47,0,0.2549393,4200.0,5,0,0,0,0.0
117859,0,0.664785665,72,0,0.587133042,1600.0,6,1,0,0,0.0
117860,0,0.012475596,33,0,0.546141392,11117.0,6,0,4,0,0.0
117862,0,0.269217511,48,1,0.463791891,4266.0,3,0,1,0,0.0
117864,0,0.057716485,76,0,88.0,0.0,3,0,0,0,0.0
117865,0,0.014524958999999999,60,0,1304.0,,6,0,1,0,0.0
117866,0,0.968161451,72,0,0.251133086,4853.0,9,0,0,0,0.0
117867,0,0.12205136400000001,67,1,344.0,,19,0,0,0,0.0
117869,0,0.35912807399999996,46,1,0.14461602699999998,9583.0,7,0,0,0,1.0
117870,0,0.501329541,71,0,0.442234246,6283.0,4,0,2,0,0.0
117872,0,0.022498594,38,0,1.1535931590000001,6080.0,10,0,4,0,1.0
117876,0,0.9999998999999999,32,1,0.16777286100000002,2711.0,1,1,0,0,2.0
117877,0,0.19901889899999997,31,0,0.58322237,750.0,5,0,0,0,0.0
117878,0,0.404603469,45,0,0.819477874,5400.0,9,0,2,0,1.0
117879,0,0.079929875,28,0,207.0,,4,0,0,0,0.0
117882,0,1.094211124,34,0,0.379469435,2600.0,7,0,0,0,0.0
117883,0,0.047923802,62,1,0.187366389,14500.0,5,0,1,0,0.0
117884,0,0.0,47,0,0.0,2666.0,4,0,0,0,0.0
117885,0,0.042590645999999996,49,0,0.12323973,12000.0,5,0,1,0,2.0
117887,0,0.9999998999999999,31,98,0.0,,0,98,0,98,0.0
117888,0,0.764250495,32,0,1890.0,,11,0,1,0,1.0
117889,0,0.009999688,66,0,0.16166607800000002,2832.0,3,0,1,0,0.0
117890,0,0.271470344,73,1,0.38762325700000005,2940.0,6,0,0,0,0.0
117891,0,0.08423334,56,0,0.24339946899999998,6400.0,14,0,1,0,1.0
117892,0,0.0,38,0,1109.0,,7,0,1,0,0.0
117893,0,0.183368135,51,0,0.509749612,9025.0,15,0,3,0,4.0
117894,0,0.9999998999999999,31,1,1.083480306,1700.0,3,0,1,0,0.0
117895,0,0.9999998999999999,30,0,0.20935496,2650.0,1,0,0,0,1.0
117896,0,0.09735366599999999,65,0,0.201260912,2061.0,8,0,1,0,0.0
117897,0,0.200904547,65,0,0.13276039,7795.0,10,1,1,0,1.0
117898,0,0.155965494,45,0,0.342007944,7300.0,12,0,1,0,1.0
117899,0,0.9999998999999999,44,3,14.28358209,200.0,6,0,1,0,2.0
117901,0,0.36534086600000004,50,0,0.5018443020000001,5150.0,8,0,1,0,0.0
117902,0,0.9999998999999999,53,2,0.7447827570000001,2922.0,3,1,1,1,5.0
117903,0,0.9999998999999999,60,0,0.20876112300000002,2921.0,4,0,0,0,0.0
117904,0,0.36018938,55,1,3755.0,,13,0,1,0,3.0
117906,0,0.012364201000000002,79,0,0.07183257900000001,1767.0,9,0,0,0,0.0
117907,0,0.972011196,29,2,0.38676996399999997,1677.0,8,0,0,3,1.0
117909,0,0.069298661,62,0,0.072151899,9479.0,5,0,1,0,0.0
117913,0,0.181940648,54,0,1.44063984,4000.0,16,0,3,0,1.0
117916,0,0.9999998999999999,37,0,0.0,3800.0,2,0,0,1,0.0
117917,0,0.9999998999999999,48,0,0.10233160599999999,3087.0,1,0,0,0,0.0
117918,1,0.453412771,80,0,0.7446945340000001,4664.0,13,0,3,0,0.0
117921,1,0.9999998999999999,45,2,0.380927566,1918.0,6,0,2,0,2.0
117922,0,0.19466925899999998,44,0,0.442101436,5500.0,7,0,1,0,1.0
117924,0,0.9584108370000001,42,0,0.33270841100000004,8000.0,39,0,0,0,1.0
117926,1,1.230842456,27,1,141.0,,8,0,0,1,0.0
117927,0,0.235063745,33,0,0.169200906,3090.0,9,0,0,0,0.0
117929,0,0.19597710399999999,54,0,0.420998101,5790.0,13,0,1,0,1.0
117931,0,0.07397297900000001,66,0,0.244476697,6200.0,11,0,1,0,1.0
117932,0,0.506132217,38,0,0.163109414,4450.0,10,0,0,0,2.0
117934,0,0.560867904,52,4,0.5654379939999999,6700.0,17,0,1,1,1.0
117935,0,0.8926124790000001,25,0,0.28462913300000003,2237.0,3,0,0,0,0.0
117937,0,0.62168016,71,0,1.5284943009999998,5000.0,27,0,2,0,0.0
117938,0,0.9999998999999999,30,0,0.0,4916.0,0,0,0,1,0.0
117941,0,0.614625149,45,1,0.6565514,4250.0,13,0,1,0,0.0
117943,0,0.23411290199999998,60,0,0.661016949,8200.0,16,0,1,0,0.0
117944,0,0.08628438199999999,72,2,0.252499576,5900.0,20,0,1,0,0.0
117945,0,0.06470397900000001,58,0,184.0,,3,0,1,0,0.0
117946,0,0.205034718,51,0,0.407417507,11000.0,8,0,3,0,1.0
117949,0,0.638311599,55,0,0.194146519,5500.0,6,0,0,0,0.0
117950,0,0.12825877900000002,48,1,0.070444341,6458.0,8,0,0,0,3.0
117955,0,4.66e-05,42,0,0.32459513,8582.0,14,0,1,0,2.0
117956,0,0.108286238,41,0,4142.0,0.0,17,0,2,0,3.0
117957,0,0.144571086,30,0,0.474406991,800.0,6,0,0,0,1.0
117959,0,0.00614878,49,0,0.09891899900000001,6752.0,9,0,0,0,0.0
117962,1,0.036604951000000004,64,1,0.30363293,9000.0,9,0,2,0,1.0
117963,0,0.011342533,56,0,0.639031705,4667.0,3,0,1,0,0.0
117964,0,0.06039698,63,0,0.0026664690000000003,13500.0,1,0,0,0,1.0
117965,0,0.804309512,64,0,0.388985875,6300.0,8,0,0,0,0.0
117966,0,0.27326059399999997,56,1,1373.0,,9,0,1,0,
117968,0,0.024542552000000002,75,0,0.129037126,6625.0,10,0,1,0,0.0
117970,0,0.053425519000000005,49,1,0.020623588999999998,49166.0,8,0,1,0,0.0
117971,0,0.0,41,0,0.32360256600000004,22916.0,14,0,4,0,0.0
117972,0,0.642487501,29,1,0.39983779399999997,1232.0,6,0,0,0,1.0
117973,1,0.9999998999999999,52,0,0.5374312370000001,4180.0,5,2,2,0,2.0
117974,0,0.0,41,0,0.068488093,10833.0,11,0,0,0,0.0
117975,0,0.10550709800000001,31,0,0.209516194,2500.0,8,0,0,0,0.0
117977,1,0.802810558,41,3,0.561797753,9166.0,11,0,1,1,1.0
117978,1,0.46511627899999997,47,5,0.245709502,7166.0,4,1,1,0,1.0
117979,1,0.9999998999999999,49,1,0.16893733,4036.0,1,2,0,0,3.0
117981,1,0.003453113,59,3,0.304647635,7250.0,7,0,1,1,0.0
117982,0,0.034763498999999996,56,0,0.35019455299999996,6938.0,11,0,2,0,0.0
117983,0,0.457670698,71,0,0.07617896,4134.0,5,0,0,0,0.0
117984,0,0.0,72,0,0.062705328,7000.0,4,0,1,0,0.0
117985,0,0.160288078,31,0,0.008560728,9344.0,10,0,0,0,0.0
117986,0,0.548545145,28,0,0.235982448,2050.0,11,0,0,0,0.0
117988,0,0.34088138700000004,50,0,0.186261803,5400.0,7,0,1,0,2.0
117989,0,0.315312369,27,0,0.429497069,3240.0,9,0,0,0,1.0
117991,0,0.8733763729999999,45,0,6564.0,,9,0,2,0,0.0
117994,0,0.702059588,58,0,0.034988337,3000.0,2,0,0,0,1.0
117995,0,0.0,37,0,0.04232863,9000.0,4,0,0,0,1.0
117997,0,0.005722219000000001,53,0,0.0007999289999999999,11250.0,7,0,0,0,3.0
117999,0,0.297015895,40,0,0.37537494600000004,7000.0,13,0,1,0,3.0
118000,0,0.10838075900000001,58,0,0.267676046,7000.0,14,1,1,0,0.0
118001,0,0.665666705,55,0,0.886119467,2326.0,5,0,1,0,0.0
118002,0,0.42974261399999997,40,0,0.957660893,25342.0,18,0,8,0,0.0
118003,0,0.606956873,64,0,3.462809917,1330.0,23,0,1,0,3.0
118005,0,0.34551495,42,0,0.19272660100000003,5416.0,8,0,2,0,1.0
118006,0,0.0,52,0,0.48652384200000004,15916.0,6,0,3,0,2.0
118007,0,0.501056132,56,1,0.554584506,6750.0,14,0,2,0,0.0
118008,0,0.06341338,51,0,0.233378767,6602.0,11,0,1,0,1.0
118009,0,0.031064596,36,0,0.002363207,5500.0,4,0,0,0,0.0
118012,0,0.28034581399999997,62,0,0.572461774,25440.0,26,0,12,0,5.0
118013,0,0.206209505,76,0,167.0,,4,0,0,0,0.0
118014,0,0.089636085,63,0,0.127570357,12400.0,6,0,1,0,1.0
118015,0,0.01079928,66,0,0.000727141,5500.0,3,0,0,0,0.0
118017,0,0.002654497,80,0,0.183567261,6340.0,10,0,0,0,1.0
118018,0,0.0,46,0,0.704476315,2300.0,9,0,1,0,1.0
118020,0,0.055061407,46,0,3.759240759,1000.0,11,0,3,0,2.0
118021,0,0.9999998999999999,21,0,112.0,,1,0,0,0,
118023,0,0.24252178,39,0,0.781867757,4400.0,7,0,2,0,1.0
118024,0,0.495030332,50,1,0.904773807,4000.0,17,0,1,0,2.0
118025,0,0.152001959,38,0,0.376144205,7100.0,18,0,1,0,1.0
118026,0,0.110360584,71,0,0.198560288,5000.0,9,0,1,0,0.0
118027,0,0.5957174479999999,46,0,0.279252991,6853.0,6,0,1,0,2.0
118029,0,0.38654265,70,0,0.6267107129999999,4237.0,6,0,1,0,0.0
118030,0,0.0,62,0,0.265240952,10333.0,3,0,2,0,2.0
118031,0,0.075096179,50,0,0.593629482,7000.0,15,0,2,0,0.0
118033,0,0.705394345,55,0,0.37972337100000003,7012.0,5,0,2,0,4.0
118035,0,0.023992239,47,0,0.673863265,3056.0,24,0,2,0,3.0
118036,0,0.44818078200000006,47,0,0.705045716,8858.0,18,0,3,0,4.0
118038,0,0.603585798,65,0,0.284407028,2731.0,3,0,0,0,0.0
118039,0,0.9906481779999999,36,0,0.650401482,1618.0,4,0,0,0,2.0
118040,0,0.313124584,40,0,0.0051979209999999994,2500.0,3,0,0,0,0.0
118044,0,0.22969194899999998,47,0,0.174983937,9337.0,17,0,0,0,3.0
118045,0,0.398977962,66,0,0.38872998700000005,30416.0,21,0,7,0,0.0
118047,0,0.09397328099999999,35,0,0.5023330220000001,7500.0,8,0,3,0,0.0
118048,0,0.307138572,49,0,0.10442124,4500.0,4,0,0,0,1.0
118049,0,0.0,59,0,1298.0,,7,0,1,0,0.0
118050,0,0.305039298,42,0,0.419166386,8900.0,7,0,1,0,0.0
118052,0,0.066721287,64,0,0.025243689,4000.0,6,0,0,0,0.0
118053,0,0.9999998999999999,43,0,95.0,,3,0,0,0,0.0
118054,0,0.093095345,45,0,0.531981279,7050.0,4,0,2,0,3.0
118055,1,0.708645202,62,0,0.547300415,6500.0,18,0,2,0,1.0
118057,0,0.320648246,64,0,3061.0,,12,0,2,0,0.0
118058,0,0.17116096100000003,43,0,0.37118329899999997,10250.0,7,0,4,0,2.0
118059,0,0.022108655,67,0,3254.0,,7,0,3,0,0.0
118060,0,0.422366211,40,0,0.4555536,5680.0,8,0,2,0,4.0
118061,0,0.0,34,0,0.499531396,3200.0,8,0,1,0,0.0
118062,0,0.004658096,86,0,2.0,,3,0,0,0,0.0
118063,0,0.13474528800000002,62,0,0.040719305,14513.0,4,0,0,0,1.0
118064,0,0.0,80,0,0.0,2500.0,7,0,0,0,0.0
118065,0,0.578619016,45,0,0.233630442,5833.0,9,0,0,0,0.0
118067,0,0.345271465,54,0,0.350164984,10000.0,14,0,2,0,0.0
118069,0,0.91334074,29,0,0.495643515,4016.0,13,0,2,0,0.0
118070,0,0.8191808190000001,51,1,0.441925358,8600.0,9,1,3,0,2.0
118072,0,0.046056114,57,0,0.17871690399999998,1963.0,8,0,0,0,0.0
118076,0,0.020951906,50,0,0.48595950299999996,12000.0,9,0,2,0,2.0
118077,0,0.159982798,39,0,0.035741065,4000.0,5,0,0,0,0.0
118078,0,0.070502037,35,0,0.2465993,5145.0,5,0,2,0,0.0
118079,0,0.022664222,68,0,0.016793283,2500.0,7,0,0,0,0.0
118080,0,0.219904204,43,0,0.236111111,11015.0,12,0,1,0,2.0
118082,0,0.754642541,48,0,0.5758998439999999,2555.0,8,0,2,0,0.0
118083,0,0.5507780760000001,40,0,0.287658593,4334.0,9,0,0,0,1.0
118084,0,0.9999998999999999,65,0,0.172137078,15202.0,4,0,2,0,0.0
118085,0,0.0,26,0,153.0,,2,0,0,0,0.0
118086,0,0.9999998999999999,43,0,0.16282339699999998,10667.0,3,0,0,0,1.0
118087,0,0.283847647,64,0,0.371710043,6800.0,12,0,1,0,2.0
118088,0,0.9999998999999999,57,2,0.055990668,6000.0,1,0,0,0,0.0
118089,0,0.20557436399999998,83,0,122.0,,5,0,0,0,0.0
118090,0,0.018731609,35,0,2554.0,,19,0,1,0,3.0
118091,0,0.645409607,31,0,0.14836279300000002,3450.0,4,0,0,0,0.0
118093,0,0.156745685,82,0,0.23202447699999998,1960.0,11,0,0,0,0.0
118095,0,0.042641362,39,0,0.25853077,6710.0,6,0,1,0,0.0
118096,0,0.336896741,60,1,0.38107308799999995,7100.0,9,0,1,0,1.0
118099,0,0.036474087999999995,67,1,0.387241815,7116.0,8,0,1,0,0.0
118100,0,0.089701194,64,1,0.138300405,4200.0,10,0,0,0,1.0
118102,0,0.75114229,66,1,0.558390874,9992.0,11,0,3,0,1.0
118103,0,0.30486442,31,0,0.194268577,3000.0,10,0,0,0,1.0
118105,0,0.0,78,0,0.39924461200000005,4500.0,9,0,2,0,1.0
118106,0,0.007774765,79,0,0.310114981,6000.0,21,0,2,0,1.0
118107,0,0.09466071,63,0,0.08583539400000001,11323.0,3,0,1,0,2.0
118109,0,0.589426322,65,0,0.6747494340000001,3092.0,12,0,1,0,0.0
118110,0,0.657724564,73,3,0.657566566,8900.0,12,0,3,0,1.0
118112,0,0.10767510400000001,45,0,0.313103128,8600.0,10,0,1,0,0.0
118113,0,0.151849912,84,0,0.200106652,7500.0,8,0,2,0,0.0
118114,0,0.652722073,61,0,2.488255872,2000.0,11,0,2,0,1.0
118115,1,1.03307888,52,0,0.197564276,1477.0,7,0,0,0,0.0
118118,1,0.7792403259999999,38,4,0.45861334200000003,6100.0,12,0,0,0,2.0
118119,0,0.09602896400000001,32,0,0.06119510400000001,8333.0,6,0,0,0,2.0
118120,0,0.00124526,62,0,0.036534526,13192.0,9,0,1,0,1.0
118121,0,0.10859427,25,0,0.149203999,2700.0,3,0,0,0,0.0
118122,1,1.67179093,73,1,0.406831436,3600.0,6,5,2,1,0.0
118123,0,0.5588783279999999,63,0,0.330874216,8132.0,8,0,1,0,2.0
118124,0,0.6884371359999999,32,0,0.353788138,8750.0,7,0,2,0,0.0
118125,0,0.317147219,47,0,0.365202245,5166.0,16,0,2,0,0.0
118126,0,0.9999998999999999,28,0,0.159014558,1785.0,1,0,0,0,0.0
118127,0,0.041004538,50,0,0.644660194,7209.0,16,0,2,0,0.0
118128,0,0.012001514,66,0,1541.0,,12,0,1,0,0.0
118131,0,0.277536066,30,0,0.140595709,4800.0,6,0,0,0,0.0
118132,0,0.0,63,0,551.0,,4,0,0,0,0.0
118133,0,0.7104768109999999,39,1,0.388300975,12000.0,11,0,2,0,1.0
118135,0,0.9999998999999999,26,0,3.0,,0,0,0,0,
118136,0,0.9999998999999999,34,0,0.100917431,2833.0,1,0,0,0,0.0
118139,0,0.9999998999999999,37,4,0.642435257,2200.0,5,0,1,0,0.0
118140,0,0.9349266270000001,44,0,0.487391887,8208.0,10,1,2,0,0.0
118142,0,0.391390466,56,0,0.432445404,4166.0,7,0,1,0,2.0
118143,0,0.777521893,33,0,0.437656604,8380.0,10,0,1,0,3.0
118146,0,0.08770127800000001,33,0,0.911596464,1922.0,6,0,1,0,1.0
118147,0,0.561013664,54,0,0.22019495100000003,4000.0,7,0,0,0,2.0
118148,0,0.105144332,42,0,0.41311754700000003,4695.0,7,1,1,0,3.0
118150,0,0.423540356,62,0,0.829973602,8333.0,14,0,5,0,1.0
118151,0,0.054079855,74,0,1038.0,,3,0,1,0,0.0
118152,0,0.566035086,52,0,0.13039956800000002,11111.0,9,0,0,0,0.0
118153,0,0.18153956300000001,58,1,0.395477619,6500.0,20,0,2,0,0.0
118154,0,0.141558599,49,1,0.37437055,5758.0,7,1,2,1,3.0
118156,0,0.09576853800000001,45,0,0.012831195,6000.0,2,0,0,0,2.0
118157,0,0.027065636,67,0,0.147974414,2344.0,6,0,0,0,0.0
118158,0,0.005843659,68,0,0.002399651,4583.0,6,0,0,0,0.0
118159,0,0.014273176,29,0,0.012078301000000001,2400.0,7,0,0,0,0.0
118160,0,0.00961876,39,0,0.301522053,9000.0,16,0,2,0,0.0
118161,0,0.153048767,62,0,0.319921277,4572.0,12,0,1,0,0.0
118162,0,0.32010514,53,0,0.049824995,9713.0,9,0,0,0,1.0
118163,0,0.0,97,0,0.0,,2,0,0,0,0.0
118166,0,0.793900339,45,1,0.389747034,8933.0,9,0,1,0,3.0
118167,0,0.0,28,1,0.678431373,764.0,4,0,0,0,0.0
118168,0,0.193349915,44,0,0.10505294400000001,10765.0,13,0,0,0,0.0
118170,0,0.050134730999999995,49,0,0.225346832,8000.0,13,0,1,0,0.0
118171,0,0.9999998999999999,25,0,0.153580673,2317.0,2,0,0,0,0.0
118173,0,0.00989307,54,0,0.10851702099999999,7666.0,5,0,1,0,0.0
118174,0,0.296372282,36,0,0.44300195600000003,5622.0,9,0,1,0,1.0
118176,0,0.8413253940000001,84,0,0.26009486,7800.0,7,0,2,0,0.0
118177,0,0.23867097,60,0,0.147054299,6500.0,8,0,2,0,0.0
118179,0,0.747946007,74,0,0.9321784,5425.0,20,0,1,0,0.0
118180,0,0.9267480579999999,47,0,0.010190518,2256.0,3,0,0,0,3.0
118181,1,0.632801363,63,1,1.272959777,4300.0,21,0,2,1,0.0
118182,0,0.37832723,62,0,1012.0,,4,0,0,0,0.0
118183,0,0.5408077920000001,51,0,0.239154175,20145.0,14,0,2,0,4.0
118186,0,0.618470203,50,0,2005.0,,9,0,2,0,0.0
118187,0,0.075357117,63,0,0.067986403,5000.0,18,0,0,0,0.0
118189,0,0.9999998999999999,28,0,0.0,2600.0,0,3,0,0,0.0
118192,0,0.08789639099999999,54,0,0.142894303,11532.0,6,0,2,0,3.0
118194,0,0.019002988999999998,65,0,0.45711477,4068.0,10,0,1,0,1.0
118197,0,0.11195844199999999,52,0,0.659680831,5200.0,12,0,2,0,0.0
118199,0,0.0,30,0,0.6263434139999999,4000.0,7,0,1,0,2.0
118200,0,0.11280545,39,0,797.5,1.0,6,0,1,0,3.0
118201,0,0.99749096,30,0,0.13638494,6400.0,8,0,0,0,0.0
118202,0,0.102860992,37,0,4432.0,,8,0,3,0,0.0
118204,0,0.989023766,44,2,1317.0,,5,1,0,0,0.0
118205,0,1.011451874,28,0,0.7980916029999999,2619.0,11,0,1,0,2.0
118207,0,0.9999998999999999,46,0,0.026194761,5000.0,1,1,0,0,1.0
118208,0,0.0067404909999999995,66,0,0.002499306,3600.0,5,0,0,0,0.0
118211,0,0.706464442,58,0,0.254202432,11183.0,10,0,0,0,1.0
118212,0,0.16451559699999999,55,1,0.064498704,9255.0,8,0,0,1,0.0
118214,0,0.684376305,68,0,0.20184870800000002,5300.0,5,0,1,0,0.0
118215,0,0.056274650999999995,51,0,30.0,,1,0,0,0,0.0
118220,0,0.04744439,67,0,0.100211218,8521.0,7,0,1,0,1.0
118222,0,0.9999998999999999,33,0,0.0,770.0,0,0,0,0,0.0
118223,0,0.20261252300000002,41,0,0.12455516,13487.0,4,0,1,0,1.0
118225,0,0.332958337,58,0,0.313568985,11400.0,24,0,1,0,0.0
118227,0,0.568655517,53,2,0.560654248,2200.0,7,0,0,0,0.0
118229,0,1.125249833,38,0,0.129322556,12000.0,10,0,1,0,1.0
118230,0,0.0,67,0,3007.0,,9,0,2,0,0.0
118231,0,0.06159692,57,0,1.536117111,4166.0,7,0,3,0,2.0
118232,0,0.9999998999999999,39,0,0.070981917,5916.0,4,0,0,0,2.0
118233,0,0.018658936,80,0,0.173016046,9160.0,8,0,1,0,0.0
118235,0,0.118338988,46,0,0.460634841,4000.0,20,0,2,0,1.0
118237,0,0.59223301,27,2,0.200275767,2900.0,10,0,0,0,0.0
118238,0,0.9999998999999999,36,0,0.0,4975.0,0,0,0,0,0.0
118239,0,0.086703659,53,0,4604.0,,8,0,2,0,
118240,0,0.808926461,27,0,0.306346827,2000.0,5,0,0,0,0.0
118242,0,0.533010152,50,0,0.388755571,8750.0,4,0,1,0,4.0
118243,0,0.044554015999999995,62,0,75.0,,10,0,0,0,0.0
118245,0,0.9999998999999999,43,0,2224.0,0.0,3,0,1,0,1.0
118246,0,0.9999998999999999,37,0,1828.0,,7,0,1,0,1.0
118248,0,0.068232709,68,0,1532.0,,9,0,2,0,0.0
118249,0,0.9999998999999999,54,1,0.23892036,3000.0,6,0,0,0,1.0
118250,0,0.383165421,40,0,0.319516767,4800.0,6,0,1,0,1.0
118251,0,0.0,93,0,8.0,,2,0,0,0,
118253,0,0.019939601,47,0,0.328033598,6666.0,5,0,1,0,3.0
118255,0,0.025829632999999998,58,0,0.21946979600000002,2300.0,3,0,1,0,2.0
118256,0,0.010376013,77,0,19.0,,18,0,0,0,
118257,0,0.0,66,1,0.474867391,3958.0,9,0,1,0,0.0
118258,0,0.661997549,43,0,0.333372544,8500.0,8,0,1,0,0.0
118259,0,0.06813799,75,0,1035.0,,3,0,1,0,0.0
118261,0,0.11367215800000001,57,0,0.428892777,4000.0,5,0,1,0,1.0
118262,0,0.9999998999999999,25,0,0.100529101,1700.0,4,0,0,0,0.0
118264,0,0.238995729,48,0,0.38513811700000006,11330.0,18,0,1,0,2.0
118265,0,0.040355702,46,0,0.245660347,12500.0,9,0,2,0,0.0
118266,0,0.321328233,41,0,0.722627737,10000.0,14,0,5,0,2.0
118267,1,0.661146696,29,0,0.114904246,1200.0,3,1,0,0,2.0
118268,0,0.013838893,27,0,0.32820907,1300.0,4,0,0,0,0.0
118269,0,0.146687138,54,0,0.280573248,3139.0,6,0,1,0,1.0
118270,0,0.002499821,79,0,1.0,,1,0,0,0,0.0
118271,0,0.028210996000000002,37,0,44.0,,3,0,0,0,0.0
118274,0,0.032870075,75,0,0.11153920199999999,10381.0,13,0,2,0,0.0
118275,0,0.186615187,68,0,0.44632005399999997,2961.0,10,0,1,0,0.0
118277,0,0.9999998999999999,25,0,0.0011104939999999998,1800.0,0,0,0,0,0.0
118279,0,0.9999998999999999,28,0,0.095024796,6250.0,5,0,0,0,1.0
118280,0,0.367514721,32,0,0.28114402,8845.0,10,0,2,0,1.0
118281,0,0.016910263999999998,56,0,0.223774004,6300.0,10,0,1,0,1.0
118284,0,0.9999998999999999,79,0,0.0,,0,0,0,0,0.0
118286,0,0.010888284,60,0,0.00044243900000000004,11300.0,1,0,0,0,0.0
118287,0,1.0,24,0,0.021485797999999997,2745.0,2,0,0,0,0.0
118288,0,0.009146254,88,0,0.009471192,3800.0,14,0,0,0,0.0
118290,0,0.9999998999999999,53,0,0.189401514,7000.0,4,0,1,0,1.0
118292,0,0.066048349,65,0,0.508790072,2900.0,13,0,1,0,0.0
118293,0,0.0,62,0,0.7439535629999999,3100.0,7,0,2,0,1.0
118295,0,0.134921299,35,0,0.38537833899999996,6250.0,18,0,1,0,0.0
118297,0,0.026645677000000003,49,0,0.574600972,1440.0,7,0,0,0,3.0
118298,0,0.121704503,63,1,0.066733317,4000.0,13,1,0,0,0.0
118299,0,0.004262225,47,0,0.28616936600000004,11300.0,11,0,2,0,2.0
118300,0,0.035227025,55,0,0.17039766399999998,14383.0,8,0,1,0,3.0
118301,1,0.9999998999999999,55,2,1898.0,,7,2,1,0,0.0
118302,0,0.8380323940000001,48,0,0.42192899799999994,6365.0,5,0,1,0,1.0
118303,0,0.152279545,70,0,0.169986196,5070.0,13,0,0,0,0.0
118304,0,0.5182537229999999,57,0,0.404673853,12708.0,9,0,1,0,1.0
118306,1,0.7331688540000001,49,2,0.585520362,5524.0,11,0,1,0,1.0
118307,0,0.8563812059999999,35,0,0.224908201,3267.0,5,0,0,0,0.0
118308,0,1.047583781,52,1,0.41899441299999995,3400.0,11,0,1,1,0.0
118309,0,0.0,42,1,0.3726645,4923.0,9,0,2,0,1.0
118310,0,0.17488836,69,0,837.0,,9,0,0,0,
118311,0,0.020347236,66,0,0.193415638,1700.0,4,0,0,0,0.0
118312,0,0.23240760100000002,33,1,0.27530364399999996,2716.0,7,0,0,0,0.0
118313,0,0.9999998999999999,60,0,0.0,,0,0,0,0,0.0
118314,0,0.070692931,28,0,21.0,,1,0,0,0,0.0
118316,0,0.9999998999999999,75,0,790.0,,3,0,1,0,0.0
118318,1,0.957735342,52,2,0.346141765,9550.0,19,0,1,2,2.0
118319,0,0.43503372799999995,53,0,0.43407887,3397.0,4,0,1,0,0.0
118320,0,0.218892704,58,0,748.0,,3,0,0,0,0.0
118322,0,0.6513846560000001,61,0,0.177164567,5000.0,7,0,1,0,3.0
118323,0,0.24740318100000003,78,0,0.036491325,7261.0,9,0,0,0,0.0
118324,0,0.183881612,37,0,2541.0,,5,0,1,0,
118325,0,0.013405845,48,0,0.21361692300000001,8650.0,10,0,2,0,0.0
118326,0,1.00619876,60,1,721.5,1.0,4,0,1,0,0.0
118327,0,0.105957291,71,0,3476.0,,18,0,2,1,0.0
118328,0,0.0191785,38,0,0.03916014,6000.0,12,0,0,0,1.0
118330,1,0.9999998999999999,47,1,0.606901,3100.0,3,0,1,0,0.0
118331,0,0.0,47,0,3152.0,,6,1,1,0,0.0
118332,0,0.9975447209999999,31,0,0.31537962399999997,1540.0,3,0,0,0,3.0
118333,0,0.045623859,49,0,3207.0,,12,0,2,0,1.0
118334,0,0.816286134,61,1,2040.0,,8,0,1,0,2.0
118335,0,0.717856429,44,1,0.46918738200000004,4786.0,5,0,2,0,0.0
118336,0,0.011582034,68,0,16.0,,9,0,0,0,0.0
118337,1,1.03986711,38,4,0.101004464,14335.0,5,2,0,1,3.0
118338,0,0.29403922,26,0,0.08558288300000001,5000.0,9,0,0,0,0.0
118339,0,0.048990202000000004,47,0,0.570674813,3600.0,5,0,1,0,0.0
118340,0,0.875432526,67,1,0.089986569,6700.0,9,0,0,2,1.0
118341,1,0.9999998999999999,36,0,0.0,776.0,0,1,0,0,3.0
118342,1,0.9999998999999999,52,4,0.24794433899999999,7904.0,13,2,1,1,0.0
118344,0,0.105138105,71,0,4786.0,,7,0,3,0,0.0
118346,0,0.17605858,64,1,0.34278306,5784.0,18,0,2,0,1.0
118347,0,0.003446435,55,0,0.13624678699999998,3500.0,8,0,0,0,0.0
118351,0,0.0,60,0,0.0,,1,0,0,0,0.0
118352,0,0.8100018790000001,62,0,3076.0,,11,0,0,0,0.0
118353,0,0.0,61,0,1456.0,,7,0,1,0,
118355,0,0.631595399,51,0,3799.0,,11,0,2,0,1.0
118356,0,0.036522682,70,0,1477.0,,4,0,1,0,1.0
118358,1,0.9144407940000001,46,2,0.315091678,3544.0,2,2,1,1,4.0
118362,0,0.125388379,48,0,0.487085486,6000.0,3,0,1,0,3.0
118363,0,0.720255949,63,0,0.239063411,12000.0,6,0,2,0,2.0
118364,0,0.045715868,44,0,0.264257482,7083.0,8,0,1,0,3.0
118365,0,0.0414876,48,0,0.184191666,9766.0,6,0,2,0,2.0
118367,0,0.075827281,79,0,0.037048147999999996,6666.0,9,0,1,0,0.0
118369,0,0.5605414679999999,44,0,0.19064989899999998,10416.0,12,0,0,0,2.0
118370,0,0.5434836510000001,36,0,0.742580444,3200.0,8,0,1,0,2.0
118371,0,0.816224492,65,0,6.00998004,500.0,9,0,2,0,0.0
118373,0,0.2790491,62,0,0.36812263799999995,4761.0,5,0,1,0,1.0
118376,0,0.17937109699999998,88,0,3.077448747,1316.0,13,0,0,0,0.0
118378,0,0.005722213,52,0,6154.0,,5,0,3,0,0.0
118380,1,0.6266725479999999,39,1,0.516138246,3500.0,8,0,2,0,4.0
118382,0,0.36300583,48,0,0.5317974560000001,4166.0,8,0,2,0,0.0
118383,0,0.068758957,61,0,0.28091698800000003,11166.0,8,0,2,0,1.0
118387,0,0.111596368,64,0,0.005271769,5500.0,2,0,0,0,0.0
118389,0,0.26917067699999997,41,1,0.549661646,4580.0,14,0,1,0,0.0
118390,0,0.954022989,31,1,0.544570953,3600.0,7,0,2,0,0.0
118391,0,0.22863275800000002,62,0,0.595234128,6000.0,4,0,2,0,0.0
118392,0,0.708774545,42,0,0.6230628229999999,6000.0,11,0,1,0,3.0
118393,0,0.0,45,0,568.0,,5,0,1,0,0.0
118394,0,0.043284478,61,0,0.089801854,5500.0,3,0,0,0,1.0
118395,0,0.0,23,0,0.0,0.0,1,0,0,0,0.0
118397,0,0.637472505,27,0,0.032989004,3000.0,2,0,0,0,0.0
118398,0,0.0,37,0,0.5173706570000001,4000.0,10,0,1,0,0.0
118399,0,0.011196136,51,0,0.102454227,7700.0,7,0,1,0,1.0
118400,1,0.7130194740000001,47,0,1.182396088,6134.0,16,0,5,1,2.0
118401,0,1.0040279029999999,52,0,0.922346276,6000.0,18,0,2,0,2.0
118402,0,0.0,40,1,0.234481797,7168.0,7,0,2,0,2.0
118403,0,0.15424653800000002,43,1,3077.0,,18,0,1,0,2.0
118404,0,0.167035049,41,0,152.0,,7,0,0,0,0.0
118405,0,0.017202231000000002,64,0,0.0071590709999999995,5726.0,11,0,0,0,0.0
118406,0,0.41891621700000004,27,0,0.22659213399999997,5008.0,6,0,0,0,0.0
118408,1,0.87543344,63,4,5732.0,,14,7,1,0,0.0
118409,0,0.041772797,30,0,613.0,,7,0,0,0,0.0
118410,0,0.206356743,63,0,0.301020945,9500.0,12,0,2,0,0.0
118412,0,1.074221254,47,2,3.354767184,450.0,8,2,1,1,2.0
118414,0,0.9999998999999999,26,0,0.08511853800000001,3500.0,2,0,0,0,0.0
118416,0,0.27127725199999997,68,0,0.128347446,24682.0,5,0,1,0,0.0
118421,0,0.013506635,63,0,0.130716958,13096.0,13,0,2,0,0.0
118422,0,0.262306259,52,0,0.15994426,12916.0,5,0,1,0,2.0
118423,0,0.332446754,44,1,0.29276927199999997,11298.0,20,0,10,0,0.0
118424,0,0.489351325,41,0,1400.0,,13,0,0,0,3.0
118425,0,0.097826636,57,0,1611.0,,8,0,2,0,0.0
118426,0,0.881960816,30,0,0.23403771899999998,4400.0,13,0,0,0,0.0
118427,0,0.08777290199999999,56,0,0.295690343,2505.0,5,0,1,0,2.0
118429,0,0.05795191400000001,47,0,0.299034982,8289.0,14,0,1,0,0.0
118430,0,0.127697633,62,0,0.318205063,7821.0,21,0,1,0,3.0
118431,0,0.26755594,59,0,0.419240169,4500.0,14,0,0,0,2.0
118432,0,0.13129200000000002,85,0,1430.0,,10,0,1,0,0.0
118433,0,0.9999998999999999,34,0,147.0,,1,0,0,0,2.0
118434,0,0.11713301400000001,49,0,0.120948234,6200.0,8,0,1,0,2.0
118435,0,2619.0,66,0,0.347826087,2000.0,6,0,1,0,0.0
118436,1,0.060934008,27,0,0.18137675,3500.0,6,0,0,1,0.0
118438,0,0.896987712,43,0,0.473191087,12700.0,10,0,2,0,2.0
118440,0,0.133424729,49,0,0.263115792,15000.0,16,0,2,0,1.0
118442,0,0.012666243999999998,85,0,164.0,0.0,8,0,0,0,0.0
118443,0,0.035020129,41,0,0.006569551999999999,3500.0,3,0,0,0,3.0
118444,0,0.002048131,60,1,0.00076864,1300.0,4,0,0,0,0.0
118445,0,0.163354683,58,0,0.046426708,5750.0,6,0,0,0,0.0
118448,0,0.21339417100000002,60,0,3126.0,,20,0,1,0,
118450,0,1.6611295680000002,38,1,0.10694205400000001,8714.0,4,0,0,0,2.0
118451,0,0.02805554,67,0,2938.0,,5,0,1,0,0.0
118452,0,0.42050203799999997,51,0,0.064102564,8735.0,5,0,0,0,2.0
118453,0,0.828319609,62,1,2826.0,,16,0,0,0,0.0
118457,0,0.219919902,51,0,0.353223484,6250.0,9,0,2,0,1.0
118458,1,0.21891981800000002,40,1,2.286653517,1520.0,10,0,1,0,1.0
118459,0,0.741358524,67,0,0.45695643,9501.0,20,0,1,0,0.0
118460,0,0.12941136,35,0,0.615129699,8750.0,10,0,2,0,0.0
118461,0,0.288020269,74,0,3690.0,0.0,13,0,1,0,0.0
118462,0,0.045823787000000005,23,0,0.001713796,3500.0,1,0,0,0,0.0
118464,0,0.5786736020000001,83,0,2678.0,,7,0,2,0,0.0
118467,0,0.308125795,30,0,0.38209266,1920.0,3,0,0,0,0.0
118468,1,0.567795124,38,2,0.140647262,4912.0,5,0,0,0,3.0
118469,1,0.0,35,8,0.7110805570000001,16000.0,14,0,7,0,4.0
118470,1,0.8718802,34,1,0.018240343,2795.0,3,0,0,2,1.0
118472,0,0.914643414,58,0,0.347834205,5355.0,12,0,1,0,0.0
118473,0,0.022257198,69,0,41.0,,4,0,0,0,0.0
118474,0,0.739399529,69,0,2.978453739,788.0,9,0,1,0,0.0
118476,0,0.819859007,32,0,0.08554197699999999,6300.0,3,0,0,0,0.0
118477,0,1.045954524,39,2,360.5,1.0,2,0,0,0,0.0
118478,0,0.295887322,41,0,0.054645525,7630.0,4,0,0,0,2.0
118479,0,0.137209112,51,1,0.305021928,16188.0,8,0,2,0,5.0
118480,0,0.140022164,47,0,0.200464893,12475.0,8,0,1,0,1.0
118481,0,0.45179290299999997,83,1,0.81543185,19867.0,35,0,9,0,0.0
118483,0,0.028282927000000003,78,0,18.0,,8,0,0,0,
118486,0,0.0,66,0,0.499573846,8212.0,8,0,2,0,0.0
118487,0,0.193812983,51,0,3859.0,0.0,7,0,1,0,0.0
118489,0,0.019867258999999998,77,0,0.141882009,2050.0,7,0,0,0,0.0
118490,0,0.5094981,28,0,0.24095984,6000.0,3,0,1,0,0.0
118491,0,0.6924875009999999,40,0,0.45448728200000005,6250.0,9,0,2,0,1.0
118492,0,0.206215912,33,0,0.154842451,5172.0,7,1,0,0,2.0
118493,0,0.44771495,48,0,0.774647887,2200.0,7,0,1,0,2.0
118495,0,0.657306045,39,0,0.511122219,4000.0,7,0,1,0,3.0
118496,0,0.00517235,56,0,0.25974805,5000.0,8,0,1,0,2.0
118497,0,0.338732254,74,0,0.06933275400000001,4600.0,5,0,0,0,0.0
118498,0,0.07264293,63,0,0.062387522,3333.0,7,0,0,0,0.0
118499,0,0.045951287,67,0,1.875062469,2000.0,10,0,2,0,0.0
118500,0,0.224500347,64,0,0.625175668,4980.0,9,0,1,0,0.0
118503,0,0.0,71,0,0.552567237,3680.0,6,0,1,0,0.0
118506,0,0.23526066399999998,46,1,0.085879347,9000.0,4,0,0,0,4.0
118507,0,0.46384972399999996,53,0,0.154144549,9795.0,27,0,0,0,0.0
118509,0,0.9999998999999999,42,1,0.056896817,6502.0,2,0,0,0,2.0
118510,0,0.261226668,62,1,0.8385899809999999,2694.0,13,0,0,0,1.0
118511,0,0.43704676600000003,75,0,0.7400371379999999,7000.0,20,0,1,0,0.0
118514,0,0.99284039,81,0,0.640102828,3500.0,15,0,3,0,0.0
118515,0,1.551495017,51,0,0.50821857,2250.0,5,4,1,1,3.0
118516,0,0.16405224699999998,70,0,1388.0,,6,0,1,0,0.0
118518,0,0.5642949979999999,51,1,0.38581407799999995,3721.0,12,0,0,0,0.0
118519,0,0.040065776000000004,37,0,0.31518228,6500.0,8,0,2,1,0.0
118520,0,0.020186303,76,0,429.0,,7,0,1,0,0.0
118521,0,0.00037939699999999996,88,0,0.280287885,2500.0,7,0,2,0,0.0
118522,0,0.062896134,50,1,0.359834969,8967.0,11,0,3,0,3.0
118524,0,0.003844761,43,0,0.279171503,11200.0,8,0,3,0,5.0
118525,0,0.008724266999999999,56,0,1.535464535,1000.0,13,0,1,0,0.0
118526,0,1.51e-05,52,1,3895.0,,21,0,3,0,3.0
118528,0,0.27247571600000003,52,0,0.227129705,8580.0,8,0,1,0,4.0
118531,0,0.104579084,36,0,0.140585472,8300.0,6,0,0,0,2.0
118532,0,0.205611181,43,0,0.197373092,11267.0,7,0,2,0,0.0
118533,0,0.07958729099999999,37,0,1737.0,,5,0,1,0,0.0
118534,0,0.027848271,59,0,0.922368163,5100.0,22,0,3,0,0.0
118536,0,0.0038111770000000002,65,0,1.998765432,809.0,5,0,2,0,0.0
118537,0,0.925493303,65,0,0.393909967,14416.0,19,0,3,0,0.0
118538,1,0.018650638,56,0,1.115730025,10800.0,8,0,5,0,0.0
118539,0,0.9999998999999999,75,0,0.0,,6,0,0,0,0.0
118541,0,0.522838173,35,0,0.28699295399999997,5250.0,6,0,2,0,0.0
118542,0,0.111728815,46,0,2736.0,0.0,15,0,1,0,3.0
118545,0,0.048887078,56,0,0.18966312899999999,6500.0,5,0,1,0,0.0
118546,0,0.0033960979999999997,41,0,0.35777692,5181.0,6,0,2,0,1.0
118547,0,0.0,26,0,0.0,4708.0,6,0,0,0,0.0
118548,0,0.0,60,0,1.410317936,5000.0,13,0,2,0,0.0
118549,0,0.986723805,39,0,0.04644562,7750.0,5,0,0,0,0.0
118550,0,0.9999998999999999,52,0,0.09937402199999999,7667.0,4,0,0,0,2.0
118551,0,361.0,35,0,0.29816174,14850.0,12,0,2,0,3.0
118552,0,0.030720516,41,0,0.803549113,4000.0,6,0,1,0,0.0
118553,0,0.222074165,72,0,1431.0,,14,1,2,0,1.0
118556,0,0.034426351,62,0,0.312005457,7329.0,14,0,1,0,2.0
118557,0,0.012667405,84,1,28.0,,6,0,0,0,0.0
118558,0,0.057454545,26,0,881.0,,4,0,0,0,0.0
118559,0,0.0,67,1,0.0,4200.0,4,0,0,0,0.0
118560,0,0.86288903,54,0,3706.0,,10,0,2,1,0.0
118561,0,0.363996198,62,0,0.122809081,8500.0,16,0,0,0,0.0
118562,0,0.0,66,0,438.0,,3,0,1,0,
118564,0,0.054234224000000004,65,0,0.09268128699999999,23801.0,8,0,2,0,0.0
118566,0,0.203265578,36,0,0.145610278,1400.0,4,0,0,0,0.0
118570,0,0.0,25,0,0.578420467,898.0,4,0,0,0,0.0
118572,0,0.10195921599999999,42,0,0.801965231,3968.0,7,0,2,0,0.0
118573,0,0.8227635729999999,42,0,0.254824875,5595.0,9,0,0,5,2.0
118578,0,1.150584942,43,1,0.316113319,7800.0,4,1,0,1,3.0
118579,0,0.180892595,65,0,0.41245012,6264.0,12,0,2,0,0.0
118580,0,0.011467261999999999,70,0,0.07651245599999999,5619.0,7,0,1,0,0.0
118581,0,0.013749313,74,0,0.109375,2367.0,6,0,0,0,0.0
118583,0,0.207642513,62,0,0.191280872,10000.0,6,0,1,0,1.0
118585,0,0.056573585999999995,60,0,1245.0,,3,0,1,0,2.0
118586,0,0.23330079999999997,34,0,1958.0,,8,0,1,0,0.0
118587,0,0.473627741,42,1,0.564869419,4747.0,17,0,1,0,0.0
118590,0,0.012466768,52,0,0.09609652199999999,14089.0,7,0,1,0,3.0
118591,0,0.518376816,47,1,0.189224862,8333.0,11,0,0,0,0.0
118592,0,0.062210235999999995,38,0,0.308714919,8800.0,8,0,2,0,0.0
118593,0,0.0,52,0,0.276574475,3000.0,13,0,0,0,2.0
118595,0,0.029056431,62,0,0.206183835,5950.0,11,0,2,0,0.0
118596,1,0.9999998999999999,38,0,0.019993336,3000.0,1,0,0,0,1.0
118597,0,0.662067586,41,1,0.28033645100000004,17000.0,7,0,2,0,0.0
118598,0,0.31374625,48,0,0.25398012600000003,9358.0,7,0,2,0,1.0
118599,0,0.8977740740000001,63,1,0.25213160100000004,22400.0,18,0,4,0,1.0
118600,0,0.094265843,63,0,0.276124732,4200.0,6,0,1,0,0.0
118601,1,0.46036445,48,0,0.24918284899999998,5200.0,10,0,0,0,0.0
118602,0,0.05841747,62,0,0.23658536600000002,11479.0,5,0,1,0,0.0
118603,0,4314.0,63,0,4343.0,,7,0,1,0,0.0
118604,0,0.28547365,65,1,3105.0,,16,1,1,0,
118606,0,0.654933627,50,0,0.326623117,7500.0,4,0,2,0,1.0
118607,0,0.336031618,55,0,0.9386768870000001,6000.0,11,0,3,0,1.0
118608,0,0.021542351,52,0,1218.0,,15,0,1,0,0.0
118609,1,0.9999998999999999,55,4,3294.0,,5,3,1,0,0.0
118610,0,0.08303276,63,0,0.319334933,5833.0,10,0,2,0,3.0
118611,0,0.291199055,53,0,0.572071321,6000.0,11,0,2,0,2.0
118614,1,0.855749645,46,0,0.33634853200000003,5416.0,5,0,1,0,0.0
118615,0,0.985271882,57,0,0.240403174,9325.0,21,0,0,0,0.0
118618,0,0.549513331,48,0,0.08748541900000001,6000.0,12,0,0,0,3.0
118619,0,0.170517675,47,1,0.034456238,6500.0,6,0,0,0,1.0
118620,0,0.001944507,62,0,0.000191791,5213.0,6,0,0,0,0.0
118622,0,0.0,36,1,0.925074925,1000.0,3,0,1,0,0.0
118623,0,0.11361788800000001,63,0,0.119415686,7050.0,8,0,1,0,0.0
118624,0,0.0,52,0,0.473905219,5000.0,5,0,1,0,0.0
118625,0,0.295673258,60,0,0.809638072,5000.0,12,0,3,0,2.0
118627,0,0.014697,43,0,0.5185859110000001,3846.0,4,0,1,0,2.0
118628,0,0.075068308,45,0,0.36266247700000004,7000.0,8,0,1,0,3.0
118629,0,0.9999998999999999,28,0,43.0,,0,1,0,0,0.0
118631,0,0.0,40,1,0.6971203290000001,5833.0,10,0,2,0,2.0
118632,0,0.219744857,90,0,0.008160344,6984.0,1,0,0,0,0.0
118633,0,0.140508034,36,0,0.087576035,12000.0,21,0,0,0,0.0
118634,0,0.07822259,76,1,0.226268285,6425.0,13,0,1,0,0.0
118635,0,0.853381097,45,0,0.49983027799999996,17675.0,16,0,3,0,0.0
118636,0,0.11035779300000001,59,0,6171.0,,10,0,2,0,0.0
118637,0,0.014691458999999999,72,0,75.0,0.0,13,0,0,0,0.0
118638,0,0.041201435,38,0,0.7921092559999999,3294.0,12,0,2,0,0.0
118640,0,0.396377838,22,0,0.281599059,1700.0,3,0,0,0,0.0
118641,0,0.6286034429999999,45,0,0.125763804,9000.0,10,0,0,0,1.0
118642,0,0.0,32,0,0.5798157270000001,4666.0,7,0,1,0,1.0
118643,0,0.0017855870000000002,68,0,91.0,,3,0,0,0,0.0
118645,0,0.9159693170000001,55,1,2221.0,,13,0,1,0,0.0
118646,0,0.06452461799999999,38,0,1148.0,0.0,4,0,1,0,0.0
118648,1,0.954914167,38,1,0.48337595899999997,2736.0,4,2,1,2,0.0
118649,0,0.007679209,74,0,0.00456073,4165.0,5,0,0,0,0.0
118651,0,0.368766472,46,1,1.4597910040000002,2200.0,10,0,1,0,0.0
118653,0,0.6901404720000001,44,0,0.73930405,1752.0,9,1,1,1,3.0
118654,0,0.9999998999999999,24,0,0.032845412000000004,2800.0,1,0,0,0,0.0
118655,0,0.063693797,64,0,0.291639494,15333.0,7,0,2,0,3.0
118657,0,0.17478983,77,0,0.31597303,4300.0,18,0,1,0,0.0
118658,0,0.0,37,0,0.37194049,6250.0,6,0,1,0,2.0
118659,0,0.22580973199999999,55,0,0.717938858,5200.0,24,0,1,0,0.0
118660,1,0.021141945,50,0,4161.0,,9,0,1,0,0.0
118662,1,0.9999998999999999,35,3,0.588258628,2520.0,6,3,2,3,0.0
118664,0,0.003327537,69,0,0.003330558,1200.0,10,0,0,0,0.0
118665,0,0.9999998999999999,29,0,0.0,1685.0,0,0,0,0,0.0
118666,0,0.043859414000000006,33,0,0.7606997809999999,3200.0,4,0,1,0,0.0
118668,0,0.250514876,29,0,0.149988001,8333.0,9,0,0,0,0.0
118669,0,0.03191751,50,0,0.00461503,13000.0,4,0,0,0,2.0
118670,0,0.9999998999999999,46,0,3094.0,,7,0,1,0,0.0
118671,0,0.035030732,58,0,11374.0,,9,0,4,0,0.0
118674,0,0.0,88,0,0.0,3627.0,1,0,0,0,0.0
118675,0,0.922897456,29,0,0.287651677,1400.0,5,0,0,0,0.0
118676,0,0.216767116,55,0,1759.0,,12,0,1,0,2.0
118677,0,0.039769474,43,1,0.270077998,11666.0,8,0,2,0,2.0
118678,0,0.438543675,70,0,1492.0,,5,0,0,0,0.0
118680,0,0.467649152,78,0,0.532928065,2960.0,12,0,1,0,0.0
118681,0,0.17133654899999998,66,0,0.331617913,11075.0,20,0,2,0,1.0
118683,0,0.263963887,40,0,0.155531315,11000.0,7,0,1,0,3.0
118684,0,0.043231692,71,0,45.0,,3,0,0,0,
118687,0,0.9999998999999999,53,1,0.0024289529999999998,4116.0,0,1,0,0,0.0
118688,0,0.013867978999999999,58,0,0.004799616,8333.0,16,0,0,0,0.0
118690,0,0.109936091,47,0,2231.0,,8,0,2,0,2.0
118692,0,0.036203272,49,0,0.212733395,9800.0,5,0,1,0,2.0
118693,0,0.010916485,75,0,113.0,,5,0,0,0,0.0
118694,0,0.66217483,61,1,0.49694501,5400.0,8,0,2,0,0.0
118695,0,0.031718185,58,0,0.32859294,5976.0,10,0,1,0,0.0
118696,0,0.92824127,58,0,0.365510345,13000.0,17,0,1,0,0.0
118697,0,0.009058646,42,0,0.47782503,3291.0,5,0,1,0,0.0
118701,0,0.015582035,87,0,5.0,,6,0,0,0,
118703,0,0.44665533399999996,46,0,0.266933267,4000.0,9,0,0,0,1.0
118704,0,0.009200015,74,0,0.1885608,4300.0,6,0,1,0,0.0
118706,0,0.238536065,67,0,0.31328539699999997,14880.0,18,0,4,0,0.0
118707,0,0.9999998999999999,26,0,0.037277147000000004,1850.0,3,1,0,0,0.0
118708,0,0.012547601,51,0,0.223306749,8400.0,7,0,1,0,3.0
118709,0,0.329363519,31,0,500.0,,5,0,0,0,3.0
118710,0,0.005114146,75,0,0.00088879,9000.0,10,0,0,0,1.0
118712,0,0.0,77,0,0.0,2879.0,4,0,0,0,0.0
118713,0,0.115483365,37,0,0.280658938,4916.0,5,0,1,0,2.0
118714,0,0.00179991,80,0,6.620000000000001e-05,15100.0,1,0,0,0,0.0
118715,0,0.31361792,40,0,0.39649426,8100.0,23,0,3,0,1.0
118716,0,0.309134543,67,0,0.287493422,5700.0,9,0,1,0,1.0
118717,0,0.033508959,54,1,0.637323944,283.0,7,0,0,0,2.0
118718,0,0.552498581,57,0,0.839333532,3360.0,8,0,2,0,0.0
118719,0,0.00602259,63,0,0.222444418,8500.0,8,0,1,0,0.0
118720,0,0.614816103,54,0,0.546581367,2500.0,12,0,1,0,2.0
118722,0,0.006061436,71,0,0.001002406,4987.0,8,0,0,0,0.0
118723,0,0.9999998999999999,35,0,0.028937772,8500.0,0,3,0,0,1.0
118724,0,0.873383425,39,2,0.785327069,5533.0,12,0,1,0,1.0
118726,0,0.027652136,80,0,0.007027768,5833.0,8,0,0,0,0.0
118727,0,0.011044886,35,0,627.0,,7,0,1,0,0.0
118728,0,0.7727490109999999,63,3,0.817460317,5417.0,18,0,2,0,0.0
118730,0,0.609144079,39,0,3656.0,,7,0,2,0,3.0
118731,0,0.212724243,37,0,1353.0,,3,0,1,0,0.0
118733,0,0.038772514,59,0,0.269513121,11850.0,10,0,2,0,0.0
118734,0,0.026274286,62,1,0.31813637300000003,5000.0,15,0,2,0,0.0
118735,0,0.029369131,47,0,1.442622951,2500.0,8,0,2,0,0.0
118736,0,0.9209077940000001,70,0,0.645670573,6143.0,14,0,2,0,0.0
118738,0,0.249881009,33,0,15.0,,1,0,0,0,0.0
118740,1,0.8829352840000001,42,0,0.780654162,6450.0,12,0,2,0,0.0
118741,1,1.172757475,50,1,0.283358321,2000.0,4,0,0,0,0.0
118743,0,0.07620097099999999,46,0,0.41531693700000005,5000.0,10,0,2,0,0.0
118745,0,0.451192902,58,0,0.7260547890000001,5000.0,8,0,3,0,0.0
118746,1,0.9855699859999999,36,6,1.5142180090000001,4641.0,12,1,6,3,1.0
118748,0,0.011610896,62,0,0.004614201,3900.0,5,0,0,0,0.0
118749,0,0.35256669,37,0,0.11502993,6180.0,5,0,0,0,0.0
118750,0,0.165942437,63,0,0.7309348090000001,3251.0,15,0,2,0,0.0
118752,0,0.025319066,63,0,0.22293849,3722.0,6,0,1,0,1.0
118754,0,0.06536557700000001,45,0,0.249212042,9200.0,10,0,2,0,2.0
118755,0,0.014337043,84,0,0.118789521,6641.0,12,0,1,0,0.0
118757,0,0.029519213,64,0,0.073818698,4930.0,6,0,0,0,0.0
118758,0,0.926257753,31,2,0.203248646,2400.0,9,0,0,0,0.0
118759,0,0.33887633799999994,40,0,0.38189552,7522.0,7,0,1,0,3.0
118762,0,1.017964072,38,0,319.0,,2,0,0,1,0.0
118763,0,0.9999998999999999,52,0,0.184066607,12250.0,4,0,1,0,3.0
118764,0,0.0,75,0,0.144488864,1750.0,16,0,1,0,0.0
118765,0,0.133389541,49,0,0.577944958,10500.0,6,0,2,0,2.0
118766,0,0.045810660999999996,31,0,0.234191452,4000.0,7,0,1,0,0.0
118768,1,0.9364973870000001,63,0,0.886157448,3416.0,13,0,1,0,0.0
118771,0,0.001136312,77,0,0.26368407899999996,4000.0,7,0,1,0,0.0
118773,0,0.0,71,0,0.0,,4,0,0,0,0.0
118774,0,0.006296159,63,0,0.20678685,6600.0,9,0,1,0,1.0
118775,0,0.11892170199999999,55,0,0.30144894699999997,8833.0,8,0,2,0,0.0
118776,0,0.005305668,82,0,0.002428225,7000.0,11,0,0,0,1.0
118777,0,0.005051171,62,0,0.10963627,5800.0,7,0,0,0,0.0
118778,1,0.585888314,49,2,0.441556081,5500.0,15,1,1,1,3.0
118779,0,0.48187803799999995,43,0,0.634376178,5305.0,6,0,1,0,2.0
118780,0,0.11851453099999999,67,0,623.0,,18,0,1,0,0.0
118782,1,0.0,27,0,0.0,2300.0,2,0,0,0,0.0
118783,0,0.004079837,39,0,4942.0,0.0,6,0,2,0,2.0
118784,0,0.15679372800000002,24,0,0.05193075900000001,2252.0,1,0,0,0,1.0
118785,0,0.49343887799999997,46,0,0.483251675,10000.0,14,0,2,0,3.0
118786,0,0.000131949,87,0,0.0,22745.0,4,0,0,0,0.0
118787,0,0.086163405,70,0,747.0,,8,0,0,0,0.0
118788,0,0.009733009,82,0,0.001063406,7522.0,9,0,0,0,0.0
118789,0,0.0,60,0,1956.0,,3,0,1,0,0.0
118790,0,0.28911861,73,0,0.620928185,7950.0,21,0,4,0,0.0
118791,0,8.329999999999999e-05,86,0,0.187339681,23000.0,4,0,1,0,0.0
118793,0,0.9999998999999999,56,0,0.527893422,1200.0,2,0,0,0,0.0
118794,0,0.0010025910000000002,57,0,2156.0,,10,0,1,0,0.0
118797,0,0.11000957,78,0,0.27906976699999997,2407.0,7,0,1,0,0.0
118798,0,0.183061869,52,1,0.035592881,5000.0,9,0,0,0,0.0
118799,0,0.040073277000000004,85,0,15.0,,3,0,0,0,0.0
118801,0,0.291618064,36,0,0.252282467,16100.0,8,0,2,0,2.0
118802,0,0.369434356,43,0,0.11628544,7300.0,5,0,0,0,0.0
118803,0,0.884527528,52,0,0.418036332,4623.0,8,0,1,0,0.0
118808,0,0.502129949,58,0,0.275391956,4400.0,14,0,1,0,0.0
118809,0,1.039584166,36,1,0.144655704,3891.0,2,0,0,0,1.0
118814,0,0.009428235,51,0,0.8600636070000001,2200.0,9,0,1,0,2.0
118815,0,0.333455097,46,0,0.5121700379999999,2916.0,4,0,1,0,0.0
118816,1,0.9976674440000001,50,0,0.266369994,6291.0,9,5,0,2,2.0
118817,0,0.051027271,45,0,0.016139879,7434.0,5,0,0,0,0.0
118818,0,0.16341229,43,0,0.537355671,8833.0,11,0,3,0,2.0
118819,0,0.001584374,62,1,0.613863586,4500.0,8,0,2,0,1.0
118820,0,0.004803649,71,0,0.001203783,5814.0,5,0,0,0,0.0
118821,0,0.8709563579999999,28,1,0.10363329800000001,6522.0,9,0,0,2,0.0
118822,0,0.040531982,47,0,0.49651620700000004,3300.0,10,0,1,0,2.0
118823,0,0.5003009070000001,54,1,1874.0,,8,0,2,0,0.0
118824,0,0.01062625,45,0,1649.0,,5,0,1,0,0.0
118825,0,0.39405608,48,1,0.6704248039999999,4966.0,11,0,1,0,0.0
118826,0,0.019478599,41,1,0.407998462,5200.0,7,0,1,0,1.0
118827,0,0.9999998999999999,38,0,1.38107928,1500.0,4,0,1,0,0.0
118828,0,0.059929338,56,0,26.0,,1,0,0,0,0.0
118829,0,0.80182391,59,0,0.537386805,3864.0,6,0,1,0,0.0
118830,0,0.388697167,36,0,0.564991334,7500.0,12,0,2,0,2.0
118831,1,0.35632278799999995,60,3,1422.0,,10,0,2,0,0.0
118833,0,0.140554903,55,0,3109.0,,21,0,2,0,0.0
118834,0,0.012692911000000001,31,0,0.256985388,7801.0,14,0,2,0,0.0
118836,0,0.0,64,0,0.20007775,15433.0,7,0,2,0,1.0
118838,0,0.0,34,0,0.228580719,6150.0,8,0,1,0,1.0
118839,0,0.0,49,0,0.0,11990.0,9,0,0,0,4.0
118841,0,0.034570331,62,0,0.274610165,8400.0,13,0,1,0,3.0
118843,0,0.0,54,0,0.252223748,16750.0,9,0,2,0,0.0
118844,0,0.0,70,0,1064.0,,8,0,1,0,0.0
118847,0,0.012412936999999999,55,0,5.0,,4,0,0,0,0.0
118848,0,0.436807151,60,0,0.285761902,18000.0,11,0,1,0,0.0
118849,0,0.133988281,50,0,2178.0,,17,0,1,0,0.0
118851,0,0.9999998999999999,72,0,0.0,1.0,4,0,0,0,0.0
118852,0,0.39803542299999994,55,0,0.421275009,8046.0,9,0,2,0,3.0
118853,0,0.670081093,68,0,1203.0,,5,0,1,0,
118855,0,0.039098045,64,1,0.047147572,2120.0,6,0,0,0,0.0
118856,0,0.002693558,29,0,0.399007337,4633.0,16,0,1,0,2.0
118858,0,0.623135075,36,0,0.440555907,7914.0,10,0,2,0,2.0
118860,0,0.006947939,68,0,0.226509138,10833.0,13,0,2,0,0.0
118861,0,0.534764349,52,0,0.429829891,6583.0,9,0,2,0,3.0
118864,0,0.253422866,56,0,0.51184251,3250.0,10,0,1,0,1.0
118866,0,0.825230901,40,0,0.338748385,5416.0,7,1,0,0,0.0
118867,0,0.002620709,69,0,0.032473098,10500.0,12,0,0,0,0.0
118869,0,0.10714452599999999,69,0,866.0,,3,0,1,0,
118871,0,0.005256505,64,0,0.109927729,2628.0,7,0,1,0,0.0
118873,0,0.078997743,75,0,82.0,,5,0,0,0,0.0
118874,0,0.073185213,53,0,0.224088796,13333.0,7,0,2,0,2.0
118875,0,0.4975005,45,0,0.7667064440000001,1675.0,2,0,1,0,2.0
118876,0,0.988839473,39,0,0.164106066,8786.0,4,0,0,0,4.0
118879,0,0.041224971,49,0,0.36489863899999997,3600.0,10,0,1,0,1.0
118880,0,0.9999998999999999,47,0,0.101226994,11083.0,4,0,0,0,2.0
118883,0,0.58126298,51,1,0.326366079,6697.0,7,0,1,0,1.0
118884,0,0.857232766,36,2,5195.0,,16,0,2,1,0.0
118885,0,0.052580173,55,0,0.181370664,13000.0,10,0,2,0,1.0
118886,0,0.0066665940000000005,69,0,0.002399774,7083.0,8,0,0,0,0.0
118887,0,0.9668044259999999,29,1,0.227621483,4300.0,8,1,0,0,0.0
118888,1,0.945379176,34,2,2352.0,,8,1,1,3,2.0
118890,0,0.385130518,48,1,0.858276977,3400.0,12,0,2,0,0.0
118892,0,0.9999998999999999,38,0,0.148894668,1537.0,1,2,0,1,0.0
118893,0,0.194382523,64,2,0.26576986,5500.0,7,0,1,1,0.0
118895,0,0.038337914,49,0,0.34258217700000004,8000.0,12,0,1,0,0.0
118897,0,0.015589937,74,0,13.0,,7,0,0,0,
118898,0,0.044540252999999995,45,0,3673.0,,7,0,1,0,0.0
118899,0,0.007330761999999999,81,1,0.08997120900000001,4167.0,8,0,0,0,0.0
118900,0,0.193823078,63,0,0.597175353,8000.0,16,0,1,0,2.0
118901,0,0.06887447,49,0,0.29540753,7250.0,5,0,1,0,0.0
118902,1,1.047439173,48,5,0.466515752,5300.0,11,0,1,2,3.0
118905,0,0.151721529,52,0,0.5158710320000001,4000.0,8,0,1,0,0.0
118909,0,0.179422875,41,0,0.34166011,5083.0,4,0,1,0,2.0
118910,0,0.11695713,43,0,0.412680396,12333.0,18,0,2,0,0.0
118911,0,0.055099648,54,0,0.11618302400000001,9200.0,14,0,1,0,1.0
118912,0,0.062762914,45,0,0.12250653800000001,19500.0,5,0,2,0,1.0
118913,0,0.146637244,57,0,0.296212482,8395.0,7,0,2,0,0.0
118914,0,0.0,50,0,177.0,,5,0,0,0,1.0
118915,0,0.0,49,0,0.264573991,6912.0,6,0,1,0,0.0
118918,0,0.865154683,37,0,0.306671514,5500.0,6,0,1,0,1.0
118919,0,0.7029335809999999,70,0,0.28388056899999997,10750.0,9,0,1,0,1.0
118921,0,0.59520771,45,0,0.756957069,7150.0,9,0,2,0,3.0
118925,0,0.043699272000000004,50,0,0.061978297,9583.0,3,0,0,0,0.0
118926,0,0.21964262399999998,43,0,0.35421261600000004,6800.0,7,0,2,0,2.0
118929,0,0.047409964000000006,45,0,0.361050328,9139.0,10,0,1,0,0.0
118930,0,0.9999998999999999,35,0,1.590241035,1700.0,11,0,2,0,1.0
118931,0,0.9999998999999999,67,0,0.359741584,2940.0,3,0,1,0,0.0
118932,0,0.00299975,54,0,0.312922356,7250.0,7,0,2,0,0.0
118933,0,0.324849832,62,0,1.0364817590000002,2000.0,5,0,2,0,0.0
118934,1,0.719416072,53,0,0.530313125,1500.0,15,0,0,0,0.0
118936,0,0.21531282699999998,61,0,0.227538623,20000.0,8,0,1,0,0.0
118937,0,0.0,27,0,0.120987901,10000.0,5,0,1,0,0.0
118938,1,0.42041449,65,0,1.343062775,2500.0,10,0,3,0,1.0
118939,0,0.273031869,78,0,1659.0,,7,0,1,0,0.0
118940,0,0.788442312,29,0,0.07173114900000001,7081.0,3,0,0,0,0.0
118941,0,0.028847611000000002,50,0,0.003110765,9000.0,4,0,0,0,2.0
118943,0,0.91743498,57,0,1.228682171,2579.0,15,0,2,0,0.0
118944,0,0.017104207,32,0,0.5695025570000001,2150.0,16,0,2,0,0.0
118945,0,0.396809715,58,0,0.43783303700000004,1125.0,2,0,0,0,0.0
118947,0,0.064261186,48,0,0.394972386,5250.0,14,0,3,0,4.0
118948,0,0.704307107,50,0,1.270125224,1676.0,12,0,1,0,0.0
118949,0,0.250793153,62,0,0.308997274,3300.0,26,0,1,0,0.0
118950,0,1.043722673,59,0,0.206856252,2566.0,6,0,0,0,0.0
118951,0,0.132293385,55,0,0.164472911,17017.0,4,0,1,0,0.0
118953,0,0.657448205,61,0,0.373354665,13750.0,6,0,2,0,0.0
118955,0,0.0,68,0,0.0,,3,0,0,1,
118959,1,0.875124875,48,1,0.08998875099999999,8000.0,4,0,0,2,1.0
118960,1,0.22051965399999998,34,0,0.311785714,2799.0,4,1,0,1,1.0
118961,0,0.38839814100000003,60,1,0.519502009,12690.0,20,0,2,0,0.0
118962,0,0.506493506,48,0,0.273963472,7500.0,7,0,2,0,2.0
118963,0,0.06595895,78,0,0.055168097,11183.0,8,0,1,0,1.0
118965,0,0.32789710699999997,51,0,1.229641151,9000.0,13,0,7,0,0.0
118966,0,0.997500625,41,3,0.359554245,3050.0,9,0,1,0,1.0
118967,0,0.621058759,36,0,4184.0,,15,0,2,0,6.0
118968,0,0.043006283,85,0,0.017327557,3000.0,6,0,0,0,0.0
118969,0,0.18686550300000002,69,0,0.309033281,8202.0,9,0,1,0,0.0
118971,0,0.06739363799999999,81,0,0.516513143,4450.0,14,0,2,0,0.0
118972,0,0.129846999,47,0,1.216629852,6337.0,11,0,3,0,0.0
118974,0,0.12409277,67,0,1449.0,,10,0,1,0,0.0
118976,0,0.039544763,71,0,2371.0,,6,0,1,0,2.0
118978,0,0.9999998999999999,53,2,802.0,,3,2,0,0,0.0
118979,0,0.839990467,40,0,0.160845118,5868.0,9,0,0,0,1.0
118980,0,0.008251626,54,0,0.139090119,3450.0,3,0,1,0,0.0
118982,1,1.1351766509999999,51,0,909.0,,7,0,1,1,0.0
118983,1,0.093456383,42,0,0.396356365,4500.0,6,0,1,0,1.0
118984,0,0.0061110109999999995,55,0,0.2227388,4731.0,7,0,1,0,1.0
118986,0,0.226502001,80,0,0.246876562,6002.0,16,0,0,0,0.0
118987,0,0.07001768,49,0,0.038557658,2800.0,17,0,0,0,0.0
118988,0,0.0,48,0,3145.0,,2,0,1,0,
118989,0,0.0,48,0,2390.0,0.0,12,0,1,0,3.0
118990,0,0.830033993,27,0,0.650613358,2200.0,6,0,1,0,1.0
118991,0,0.01126669,63,0,0.371393866,3292.0,12,0,1,0,1.0
118992,0,0.00223976,61,0,690.0,,10,0,1,0,0.0
118993,0,0.03876721,52,3,0.285255266,2800.0,10,0,1,1,1.0
118994,0,0.376186784,63,0,0.18434111399999997,5440.0,6,0,0,0,1.0
118995,0,0.285379626,37,0,4411.0,,16,0,1,0,0.0
118997,0,0.017505823,63,0,0.0058323609999999994,6000.0,5,0,0,0,0.0
118999,0,0.108199435,62,0,0.126249537,2700.0,4,0,0,0,0.0
119002,0,0.02286988,43,0,0.170846028,8533.0,6,0,1,0,1.0
119003,0,0.685314685,55,0,0.001142857,17499.0,5,0,0,0,2.0
119004,0,0.519206498,48,0,5585.0,,19,0,3,0,0.0
119005,0,0.112535546,39,0,0.702131673,5300.0,5,0,2,0,2.0
119006,0,0.005809894,55,0,0.06852138099999999,3881.0,5,0,0,0,0.0
119007,0,0.000199987,67,0,686.0,,4,0,1,0,0.0
119008,0,0.82683266,42,1,0.17581588399999998,5300.0,4,0,0,0,1.0
119009,0,0.328689344,46,0,0.065061011,18766.0,9,0,0,0,3.0
119010,0,0.078329534,58,0,1840.0,,7,0,1,0,0.0
119011,0,0.43051731600000004,53,0,0.432989691,3200.0,6,1,1,1,0.0
119013,0,0.0,23,0,0.037924152,500.0,1,0,0,0,0.0
119015,0,0.0014927529999999999,78,0,729.5,1.0,10,0,1,0,0.0
119017,0,0.13298791,53,0,43.0,,2,0,0,0,0.0
119018,0,0.0,84,0,0.0,,3,0,0,0,0.0
119019,0,0.05039798400000001,82,0,0.009781478,4804.0,5,0,0,0,0.0
119020,0,0.0029300959999999997,39,0,0.313523433,7083.0,6,0,1,0,0.0
119021,0,0.096384334,53,0,0.352680549,2256.0,11,0,0,0,1.0
119022,0,0.008652658,62,0,0.633486047,2400.0,9,0,1,0,0.0
119027,0,0.027609279,58,0,0.176320995,3538.0,9,0,0,0,0.0
119029,0,0.9999998999999999,28,0,0.072981755,4000.0,2,0,0,0,0.0
119030,0,0.0,92,0,0.0,4851.0,1,0,0,0,1.0
119031,0,0.0,39,0,0.020372453000000002,8000.0,3,0,0,0,1.0
119034,1,0.948525737,46,1,0.483556638,820.0,5,0,0,0,1.0
119035,0,0.7507348620000001,76,0,0.06314948,2501.0,4,0,0,0,0.0
119036,1,0.40483058299999997,38,0,0.330815374,4500.0,16,0,0,0,2.0
119042,0,0.005371703,68,0,0.17944274100000002,7500.0,6,0,2,0,0.0
119043,0,0.6747878079999999,55,0,1756.0,,4,0,1,0,0.0
119044,0,0.01642946,49,0,0.37184069399999997,7833.0,14,0,1,0,1.0
119045,0,0.755124488,41,2,0.259271203,3100.0,5,0,0,0,1.0
119046,0,0.034556233,74,0,685.0,,5,0,1,0,0.0
119048,0,0.0012006130000000001,64,0,2.0,,10,0,0,0,0.0
119049,0,0.24814355300000002,40,0,0.118284107,7109.0,9,0,0,0,3.0
119051,0,0.088286462,82,0,0.05118635,3750.0,11,0,0,0,0.0
119053,0,0.9406585279999999,29,0,0.29161234199999997,2300.0,6,0,0,0,0.0
119054,0,0.14519320900000002,56,0,0.10505319099999999,4511.0,6,0,0,0,0.0
119055,0,0.026306722,60,0,5.183228743,14500.0,14,0,3,0,1.0
119056,0,0.0,57,0,0.5684045,8266.0,11,0,2,1,0.0
119057,0,0.57154803,48,1,0.14863453199999999,6700.0,13,0,0,0,2.0
119058,0,0.109169167,27,0,0.032671082000000004,2264.0,3,0,0,0,0.0
119059,0,0.9999998999999999,55,0,0.0,,0,0,0,0,0.0
119060,0,0.167445814,31,0,0.35637149,12500.0,15,0,2,0,0.0
119061,0,0.0,64,1,0.44961007799999997,3333.0,4,0,1,0,0.0
119062,0,0.245563652,69,0,3041.0,,13,0,1,0,0.0
119064,0,1.010074748,70,0,1293.0,,3,0,0,0,0.0
119065,0,0.051660388,54,0,5729.0,,21,0,2,0,3.0
119066,0,0.596680664,51,2,0.315108856,6108.0,5,0,1,0,0.0
119067,0,0.525684234,56,0,5595.0,,6,0,3,0,2.0
119069,0,0.031773552999999996,57,0,0.721073631,2756.0,11,0,1,0,1.0
119070,0,0.00278771,59,0,723.0,,4,0,1,0,0.0
119073,0,0.715218985,37,0,0.7929324240000001,3225.0,8,0,1,0,2.0
119074,0,0.13242183400000002,52,0,0.39748264899999997,8500.0,10,0,1,0,3.0
119076,0,0.04014222,46,0,0.020402612,3675.0,5,0,0,0,2.0
119077,0,0.314831109,37,0,6467.0,,22,0,1,0,0.0
119079,0,0.657524463,38,1,1041.0,,10,0,0,0,0.0
119082,0,0.017935368,61,0,84.0,,11,0,0,0,0.0
119083,1,1.01181862,41,2,0.357371019,10330.0,4,0,1,2,2.0
119085,0,0.080747834,51,0,0.396767205,6000.0,24,0,1,0,2.0
119086,0,0.005169184,64,0,370.0,,8,0,0,0,
119087,0,2664.0,43,0,0.207792208,13166.0,4,0,3,0,3.0
119088,0,0.006317191,72,0,0.151348651,2001.0,8,0,1,0,1.0
119090,0,0.054743767,65,1,0.174183515,4500.0,8,0,1,0,2.0
119093,0,1.007984032,22,0,0.007890584,1900.0,1,0,0,0,0.0
119094,0,0.35805401600000003,50,3,0.5109895289999999,10600.0,15,0,3,0,0.0
119096,0,0.20776404699999998,48,0,0.178388747,12511.0,8,0,1,0,3.0
119097,0,0.199067542,49,0,0.239677024,9783.0,6,0,1,0,2.0
119098,0,0.12229426199999999,60,0,0.697321072,2500.0,19,0,1,0,0.0
119100,0,0.050803945,44,0,0.487008661,1500.0,8,0,0,0,3.0
119101,0,0.046906866,36,0,0.336666333,10000.0,14,0,2,0,1.0
119102,0,0.071385723,25,0,0.025322078999999997,4501.0,2,0,0,0,0.0
119103,0,0.538109417,49,0,0.08595732,6700.0,5,0,0,0,1.0
119106,0,0.052051262,44,0,0.156179885,10250.0,6,0,1,0,3.0
119107,1,0.990643525,45,1,0.24838013,4166.0,3,2,0,1,0.0
119109,0,0.597054716,64,0,0.34672163899999997,7518.0,16,0,0,0,1.0
119110,0,0.008461278000000001,62,0,7.0,,4,0,0,0,0.0
119112,0,0.15349147300000002,80,0,82.0,,1,0,0,0,0.0
119113,0,0.42452515799999996,68,0,0.310567605,4333.0,3,0,1,0,0.0
119114,0,0.003413663,56,0,0.46760863799999997,3750.0,17,0,2,0,0.0
119115,0,0.08892136699999999,63,0,0.170217676,13000.0,14,0,2,0,0.0
119116,0,0.278160745,35,1,0.057406458,1950.0,2,0,0,0,0.0
119117,0,0.057515370999999996,81,0,0.033049933999999996,8350.0,18,0,0,0,1.0
119118,0,0.9999998999999999,30,0,0.0,,2,0,0,0,
119120,0,0.013604632,59,0,0.323016856,10500.0,34,0,2,0,0.0
119121,0,0.01023371,74,0,0.22950315300000002,6500.0,29,0,1,0,0.0
119122,0,0.651667549,34,1,3115.0,,9,0,3,0,0.0
119123,0,0.130124658,63,0,0.007482905,7750.0,3,0,0,0,0.0
119124,0,0.042513757,60,0,94.0,,6,0,0,0,0.0
119125,0,0.9999998999999999,27,0,10.0,,0,0,0,0,0.0
119126,0,0.036053552999999995,51,0,0.14519274,6666.0,4,0,2,0,0.0
119127,0,0.015697028000000002,75,0,0.16363393099999998,7473.0,11,0,1,0,0.0
119129,0,0.13702261,60,0,1774.0,,4,0,2,0,
119130,1,0.302100888,46,0,0.042679633,1850.0,6,0,0,0,0.0
119131,1,0.227610774,33,0,0.893076608,2440.0,5,0,1,0,2.0
119132,0,0.09265513199999999,42,0,0.289285232,7400.0,6,0,1,0,2.0
119133,0,0.068925538,56,0,0.436884625,7921.0,9,0,1,0,2.0
119134,0,0.399293286,34,0,0.372061605,3700.0,5,0,0,0,0.0
119135,0,0.154246627,53,0,0.476277041,5500.0,15,0,3,0,2.0
119136,0,0.15132913,49,0,0.00131314,649587.0,8,0,0,1,3.0
119137,0,0.8407053809999999,47,0,0.37665724799999994,4600.0,8,0,1,0,1.0
119138,1,0.5467756579999999,26,0,0.058609722999999996,2200.0,2,0,0,0,1.0
119139,0,0.059306255,24,0,0.20362273600000003,1600.0,5,0,0,0,1.0
119140,0,0.0,40,0,617.0,,3,0,1,0,0.0
119141,0,0.019276294,54,0,2258.0,,11,0,2,0,0.0
119142,0,0.9032193559999999,53,1,0.40445587,3500.0,6,0,0,1,0.0
119144,0,0.0,58,0,1328.0,,3,0,1,0,0.0
119145,0,0.991910451,45,0,0.36524769,6600.0,8,0,1,0,4.0
119146,0,0.027974927000000004,67,0,0.314314469,25833.0,8,0,3,0,0.0
119147,1,1.0765051079999999,53,0,0.5105663570000001,1182.0,8,1,0,0,2.0
119148,0,0.9999998999999999,48,0,0.135644059,6000.0,2,0,0,0,0.0
119149,0,0.932853357,34,0,1.214808044,4375.0,7,0,2,0,0.0
119150,1,0.08568125800000001,64,0,2122.0,,7,1,1,0,
119151,0,0.008496939,58,0,1295.0,,8,0,2,0,0.0
119152,0,0.9999998999999999,66,0,0.0,,0,0,0,0,0.0
119153,0,0.156975038,59,0,0.8077288570000001,3156.0,16,0,1,0,3.0
119154,0,0.03684263,64,0,1.6929292930000002,1484.0,9,0,2,0,0.0
119156,0,0.03216423,68,0,1438.0,,12,0,1,0,0.0
119159,0,0.785744894,41,0,0.33960089299999996,13880.0,4,0,1,0,1.0
119160,0,0.120088675,38,0,1905.0,,4,0,2,0,2.0
119161,0,0.0,50,0,2293.0,,8,0,1,0,0.0
119162,0,0.363956441,50,0,0.9553630909999999,1500.0,11,0,1,0,2.0
119166,0,0.001280757,48,0,0.535110688,4200.0,8,0,1,0,0.0
119167,0,0.044488877999999996,53,1,320.0,,5,0,0,0,0.0
119169,0,0.045507717,42,0,0.349078341,11283.0,4,0,2,0,3.0
119170,0,0.7898020309999999,57,0,0.387295082,11711.0,17,0,2,0,1.0
119172,0,0.13840903699999998,50,0,2167.0,,4,0,1,0,
119173,0,0.051923702,45,0,0.000821181,75500.0,3,0,0,0,0.0
119176,0,0.09311156699999999,57,0,0.077461503,15000.0,15,0,1,0,0.0
119177,0,0.9578654409999999,33,0,0.714609287,7946.0,10,0,2,0,0.0
119178,0,0.0,37,0,2362.0,,11,0,2,0,0.0
119179,0,0.13682915,59,0,0.201054354,5500.0,8,0,0,0,1.0
119180,0,0.745640153,27,0,61.0,,6,0,0,0,1.0
119182,0,0.013098087,33,0,0.138830699,5250.0,7,0,0,0,0.0
119183,0,0.301873892,61,0,3234.0,,9,0,2,0,2.0
119184,0,0.45836143799999995,71,3,0.289200561,3564.0,10,0,1,0,0.0
119185,0,0.032750617,77,0,0.202617944,11000.0,7,0,1,0,1.0
119186,0,0.88211448,34,0,0.402374258,3200.0,9,0,0,0,1.0
119189,0,0.242737738,45,0,0.30482987100000003,7846.0,8,0,2,0,4.0
119190,0,0.31601267,34,0,0.547246625,4666.0,12,0,2,0,0.0
119191,0,0.44159840000000006,60,0,1.200799867,6000.0,9,0,5,0,1.0
119192,1,0.9999998999999999,42,0,0.0,,0,0,0,1,0.0
119198,0,0.156750538,87,0,158.0,,2,0,0,0,
119199,0,0.0,61,0,2.7016229710000004,800.0,4,0,1,0,0.0
119200,0,0.0,72,0,19.0,,6,0,0,0,
119201,0,0.737642153,44,0,0.32096048,19989.0,15,0,1,0,0.0
119202,0,0.7473751190000001,44,1,1.638867034,5083.0,5,0,3,0,1.0
119203,1,0.138145573,39,0,0.35972805399999996,5000.0,11,0,0,0,2.0
119204,0,0.846644955,50,0,0.561336092,6765.0,10,0,1,0,0.0
119205,0,1.9159472969999998,41,1,782.0,,5,1,0,0,2.0
119206,0,0.04749525,44,0,1524.0,,5,0,1,0,0.0
119207,0,0.054374171,59,0,0.28704034300000003,2800.0,15,0,1,0,0.0
119209,0,1.603993344,46,2,0.007949603000000001,6666.0,2,3,0,0,3.0
119210,0,0.0,48,0,0.487387179,4320.0,6,0,2,0,1.0
119211,1,1.8039867109999999,27,1,0.382340691,2400.0,2,4,0,0,3.0
119212,0,0.16797673800000001,62,0,0.22578802,10500.0,14,0,1,0,0.0
119213,0,0.077393401,65,0,1393.0,,12,0,2,0,
119214,0,0.364382428,60,0,0.27174565100000003,5000.0,7,0,0,0,0.0
119217,1,0.8467943379999999,52,1,0.458304135,1426.0,8,1,0,0,4.0
119218,0,0.0,88,0,0.0,3600.0,2,0,0,0,0.0
119219,0,0.9999998999999999,33,0,0.0,4600.0,2,3,0,2,1.0
119221,0,0.074541352,64,0,0.042152466,4459.0,7,0,0,0,0.0
119222,1,0.0,72,0,0.169970785,9583.0,3,0,1,0,0.0
119223,0,0.0,35,0,0.257106128,7000.0,8,0,1,0,1.0
119225,0,0.271455153,40,0,0.629034798,6350.0,10,0,2,0,2.0
119226,0,0.25259037,56,0,3546.0,,8,0,1,0,0.0
119227,0,0.5812088129999999,54,0,0.24643839,4000.0,5,0,0,0,2.0
119228,0,0.06311711,71,0,463.0,,3,0,0,0,0.0
119229,0,0.0076343059999999996,56,0,0.180234913,4937.0,11,0,1,0,0.0
119231,0,0.0063955340000000005,72,0,0.33700111899999996,5361.0,11,0,1,0,0.0
119232,0,0.956171801,58,1,0.49735518,7750.0,11,0,2,0,2.0
119234,0,0.072106469,47,0,0.7020933979999999,1862.0,5,0,1,0,4.0
119236,0,0.0,47,0,0.219192091,5866.0,19,0,3,0,3.0
119237,0,0.025843011000000003,64,0,0.25319409,9000.0,11,0,2,0,0.0
119238,0,0.667144294,27,0,0.561685824,3914.0,14,0,1,0,0.0
119239,0,0.37331159,48,0,0.625808907,5253.0,13,0,1,0,2.0
119240,0,0.018186762,53,0,1406.0,,3,0,1,0,0.0
119241,0,0.083487217,71,0,516.0,,19,0,0,0,0.0
119243,0,0.08813360199999999,46,0,0.358186011,1300.0,10,0,0,0,4.0
119244,0,0.021082764,47,0,0.073154474,6000.0,8,0,1,0,0.0
119245,0,0.13878241,65,0,0.23445252100000002,17333.0,6,0,2,0,0.0
119246,0,0.12310746300000001,77,0,0.26238738699999997,3551.0,12,0,0,0,0.0
119247,0,0.360131993,47,1,0.34576948700000004,1500.0,6,0,0,0,1.0
119248,1,0.13094009,39,0,0.077288942,9250.0,3,0,0,0,0.0
119249,0,0.9999998999999999,23,0,0.002436054,820.0,1,0,0,0,0.0
119250,0,0.716283716,44,2,688.0,,4,0,0,0,0.0
119251,0,0.462423331,54,0,0.16835671600000002,7198.0,9,0,0,0,2.0
119252,1,0.9999998999999999,48,0,0.164522059,2175.0,1,0,0,0,0.0
119253,0,0.9999998999999999,24,0,49.0,,0,0,0,0,0.0
119254,0,0.9999998999999999,51,0,0.273670832,4720.0,6,0,1,0,2.0
119256,1,0.950325345,49,1,0.5146955089999999,8505.0,16,0,1,0,0.0
119257,0,0.09369512599999999,76,0,0.300815892,2818.0,7,0,1,0,1.0
119258,0,0.026842519,52,0,0.259413416,10330.0,10,0,3,0,3.0
119260,0,0.002343677,57,0,0.11579323300000001,11200.0,6,0,2,0,4.0
119261,0,0.294897969,62,0,965.0,,19,0,0,0,0.0
119262,0,0.805239825,43,0,0.233294451,6000.0,7,0,0,0,2.0
119265,0,0.467634011,64,0,0.8639883829999999,4131.0,12,0,2,0,0.0
119266,0,0.33679960600000003,43,0,0.407918416,3333.0,7,0,1,0,0.0
119268,0,0.081191558,56,1,0.6037018670000001,6050.0,16,0,2,0,0.0
119269,0,0.058924117000000005,56,0,0.639307566,6700.0,31,0,2,0,1.0
119271,0,0.9999998999999999,35,0,0.089955022,2000.0,4,0,0,0,0.0
119272,0,0.180585296,25,0,7.0,0.0,1,0,0,0,0.0
119273,0,0.0012499380000000001,95,0,0.0,1666.0,2,0,0,0,0.0
119276,0,0.26379363699999997,56,0,1.268498283,3202.0,6,0,2,0,3.0
119278,0,0.362098294,56,0,235.0,,2,0,0,0,3.0
119280,0,0.005015388,76,0,0.137899206,5416.0,17,0,1,0,0.0
119281,0,0.53815304,77,0,0.26760996600000003,3250.0,7,0,2,0,1.0
119283,0,0.112144379,50,0,0.5859344639999999,7720.0,13,0,2,0,0.0
119284,0,0.584401155,39,1,0.186856568,12918.0,9,0,1,0,2.0
119285,0,0.209220617,30,0,0.29628979899999996,11400.0,15,0,2,0,0.0
119286,0,0.10705955,55,1,0.22310012899999998,6960.0,18,0,1,0,2.0
119287,0,0.985364302,44,0,0.40734824299999994,8137.0,12,0,1,0,1.0
119289,0,0.76346912,38,0,0.64093884,4430.0,8,0,2,0,0.0
119290,0,0.727946115,57,0,0.272429309,18000.0,8,0,2,0,4.0
119291,0,0.190559055,51,0,0.27882899,2800.0,5,0,1,0,2.0
119293,0,0.333746027,60,0,4610.0,,17,0,3,0,0.0
119294,0,0.045529977,62,0,0.214733245,5266.0,9,0,1,0,1.0
119296,0,0.02969703,78,0,0.003198721,2500.0,3,0,0,0,0.0
119297,0,0.14573951300000001,63,0,0.18519357,4416.0,10,0,1,0,0.0
119299,0,0.264136793,48,0,0.470965966,10900.0,8,0,3,0,1.0
119300,0,0.870162297,32,2,0.6729634,2540.0,10,1,1,0,1.0
119301,0,0.001363589,57,0,0.425461009,4500.0,10,0,2,1,0.0
119302,0,0.48166072,57,0,0.397631134,6500.0,8,0,1,0,0.0
119303,0,0.887938129,61,0,0.618487173,7561.0,20,0,3,0,2.0
119304,0,0.887488045,44,0,0.34501741399999997,8900.0,20,0,1,0,2.0
119305,0,0.9999998999999999,26,0,10.0,,0,1,0,0,0.0
119307,0,0.06343256900000001,68,0,0.21464487699999998,3181.0,10,0,0,0,0.0
119308,0,0.007413458,75,0,0.394094431,6840.0,17,0,1,0,1.0
119310,0,0.037996027,56,0,0.555470102,5200.0,9,0,2,0,2.0
119311,0,0.134044408,40,1,0.01284162,6073.0,2,0,0,0,0.0
119312,0,0.09505902599999999,56,0,0.22175564899999997,5000.0,9,0,1,0,0.0
119313,0,0.9857342840000001,52,1,0.471827031,10683.0,7,0,4,0,0.0
119318,0,0.012987013,60,0,0.26446791,14583.0,5,0,2,0,0.0
119321,0,0.184344528,70,0,6316.0,,27,0,4,0,0.0
119322,0,0.019715824,74,0,0.081225771,5416.0,17,0,0,0,0.0
119323,0,0.222814765,41,0,0.17231897300000001,2181.0,4,0,0,0,0.0
119325,0,0.327295097,59,0,0.320075547,9000.0,11,0,2,0,2.0
119327,0,0.453439345,62,0,0.486933798,1147.0,5,0,0,0,0.0
119328,0,0.020385002,60,0,0.0039994290000000005,7000.0,5,0,0,0,0.0
119330,0,0.9999998999999999,52,0,554.0,,1,0,1,0,0.0
119331,0,0.323398106,36,1,0.18052769600000002,6480.0,12,0,0,0,3.0
119332,0,0.046441004,41,0,0.447881961,2100.0,3,0,1,0,0.0
119333,0,0.0,28,0,0.470252261,2100.0,7,0,1,0,1.0
119334,0,0.54689568,55,0,0.488100793,15000.0,8,0,2,0,2.0
119335,1,1.1149425290000001,51,4,0.174885207,10017.0,9,2,1,0,1.0
119336,0,0.091892802,64,0,1525.0,,11,0,1,0,
119337,0,0.343197672,52,0,0.503642337,7000.0,10,0,2,0,3.0
119338,0,0.178915219,37,0,0.032338188,62000.0,7,0,1,0,0.0
119340,0,0.131973345,60,0,1635.0,,24,0,1,0,0.0
119342,0,0.8531468529999999,25,2,0.011727912,2557.0,2,0,0,0,0.0
119346,1,0.26318282,50,1,0.512986221,8200.0,13,0,2,0,4.0
119347,0,0.225414504,67,0,0.586520947,2195.0,8,0,0,0,0.0
119350,0,0.0,57,0,0.384087987,7000.0,11,0,1,0,0.0
119351,0,0.021512351000000002,49,0,0.149974581,5900.0,7,0,1,0,2.0
119353,0,0.043957127,45,0,0.24411303,10191.0,12,0,2,0,2.0
119354,0,0.364688237,83,0,0.909032258,1549.0,12,0,1,0,0.0
119356,1,1.0322828590000002,30,1,0.183799026,3900.0,6,0,0,0,0.0
119357,1,1.8911693509999998,63,0,0.28077192300000003,10000.0,8,0,1,0,0.0
119358,0,0.24653283,72,1,0.663326026,3192.0,11,0,1,0,0.0
119359,0,0.968488915,32,0,0.210583153,8333.0,5,0,0,0,0.0
119361,0,0.963433795,35,0,0.301465035,6620.0,10,0,2,0,2.0
119363,0,0.324750859,41,0,0.470105979,5000.0,9,0,2,0,1.0
119364,0,0.54635461,59,0,0.37357830299999994,8000.0,13,0,2,0,0.0
119365,1,0.980868025,42,5,0.415362898,8500.0,20,0,1,0,1.0
119366,0,0.05657597,48,0,0.27513460100000003,9100.0,5,0,2,0,3.0
119368,0,0.0,58,0,0.078842849,35500.0,8,0,1,0,1.0
119369,0,0.010451321999999999,72,0,0.008706869,3100.0,8,0,0,0,0.0
119371,0,0.0028180540000000004,58,0,0.207185211,8600.0,6,0,1,0,2.0
119372,0,0.85682283,39,0,0.29089715899999996,10666.0,13,0,0,0,2.0
119374,0,0.962018991,35,2,0.6415565870000001,2800.0,11,0,1,0,0.0
119375,0,0.034939121000000004,72,0,467.0,,6,0,1,0,
119376,0,0.05699715,47,0,3494.0,,7,0,1,0,0.0
119379,0,0.42807311299999995,30,1,0.156069992,9200.0,10,0,0,0,0.0
119380,0,0.065899224,51,0,0.475077559,9669.0,5,0,2,0,1.0
119381,0,0.9999998999999999,64,0,0.213626135,12886.0,11,0,2,0,1.0
119382,0,0.053712367000000004,76,0,0.19882409399999998,8333.0,6,0,2,0,0.0
119383,0,0.0,50,0,7534.0,,9,0,2,0,4.0
119384,0,0.046602158,66,0,0.296672395,6400.0,8,0,1,0,0.0
119385,0,0.038760982,63,0,933.0,,4,0,1,0,0.0
119386,0,0.302072845,45,0,0.472505499,5000.0,5,0,1,0,0.0
119387,0,0.019668566000000002,79,0,0.002111375,11366.0,4,0,0,0,0.0
119389,0,0.019649074,56,0,0.40244003,12130.0,7,0,2,0,1.0
119390,0,0.9999998999999999,59,0,0.13044399,14166.0,6,0,1,0,0.0
119391,0,0.18249022199999998,50,0,1201.0,,16,0,1,0,0.0
119392,0,0.478823361,50,0,0.08628754300000001,8123.0,6,0,0,0,0.0
119393,0,0.230342628,52,0,0.11159107300000001,4166.0,7,0,0,0,0.0
119395,0,0.7778803259999999,39,0,0.050316560999999996,3000.0,3,0,0,0,0.0
119396,0,0.063646498,42,0,0.35426429200000004,3200.0,5,0,1,0,2.0
119397,0,0.272780419,54,0,0.9545791159999999,4050.0,15,0,2,0,0.0
119398,0,0.104959376,55,1,2.196257198,2083.0,12,0,2,0,0.0
119403,0,0.972186564,66,0,0.6664103060000001,5200.0,9,0,0,0,0.0
119404,1,1.136863137,33,1,0.107204412,2900.0,2,3,0,1,0.0
119405,0,0.9999998999999999,48,0,5616.0,,5,0,3,0,0.0
119406,0,0.010335432,49,0,0.006283919000000001,3500.0,7,0,0,0,2.0
119407,0,0.497075846,51,0,0.408776371,5924.0,19,0,2,0,0.0
119408,0,0.45136486,27,0,570.0,,6,0,0,0,2.0
119409,0,0.296034153,67,0,0.340829585,2000.0,4,0,1,0,0.0
119410,1,0.7605920409999999,62,0,1.077967587,6848.0,16,0,2,0,0.0
119411,0,0.300567158,44,0,0.551053834,23200.0,21,0,6,0,2.0
119413,1,1.0375849659999998,42,2,0.599111829,2476.0,3,0,0,3,2.0
119414,0,1.00239952,42,1,0.299350325,2000.0,5,0,1,2,0.0
119416,0,0.051298718,72,0,0.092901879,1915.0,5,0,0,0,1.0
119418,0,0.590341719,46,0,1.04431856,3000.0,5,0,1,0,1.0
119419,0,0.47989482,46,0,0.169799499,9575.0,7,0,1,0,2.0
119421,0,0.288234542,57,0,3584.0,,8,0,2,0,0.0
119422,0,0.43425545299999996,57,0,0.403372244,3083.0,5,0,0,2,0.0
119424,1,0.44643950200000004,51,0,3107.0,,7,0,2,0,0.0
119425,0,0.405405405,58,0,0.233553289,5000.0,11,0,1,0,0.0
119429,0,0.304898367,22,0,0.196535643,1500.0,3,0,0,0,0.0
119431,0,0.819711181,31,1,0.681937173,4583.0,6,0,2,0,0.0
119432,0,0.176024509,47,0,0.429387677,10500.0,11,0,2,0,0.0
119435,0,0.258812863,66,0,0.09313977400000001,7783.0,8,0,1,0,0.0
119436,0,0.154629335,29,0,223.0,,3,0,0,0,0.0
119438,0,0.078764011,37,0,0.49958460299999996,3610.0,5,0,1,0,2.0
119439,0,0.037428845,61,0,0.369997384,7645.0,9,0,2,0,0.0
119440,0,0.013544705,65,0,18.0,,6,0,0,0,0.0
119441,0,0.013483001000000001,80,0,1147.0,,6,0,2,0,0.0
119442,0,0.77869088,26,0,0.400249896,2400.0,7,0,0,0,0.0
119444,0,0.37951721200000005,43,0,0.02871683,2750.0,3,0,0,0,0.0
119445,0,0.844840487,28,1,0.300708038,2400.0,10,0,0,0,0.0
119446,0,0.214281332,57,0,0.686904438,3672.0,13,0,2,0,0.0
119447,0,0.11938366,53,0,0.26821036800000003,10666.0,18,0,1,0,4.0
119448,0,0.06062155599999999,40,0,0.26816893,6700.0,6,0,2,0,3.0
119449,0,0.006111622,80,0,0.149296208,13000.0,25,0,1,0,0.0
119450,0,0.010493881000000002,65,0,0.007458405,3485.0,5,0,0,0,0.0
119451,1,0.0,24,1,0.68221942,792.0,4,1,0,0,0.0
119452,1,0.005562932,70,0,0.29527047300000003,10000.0,16,0,1,0,0.0
119455,0,0.033505488,72,0,0.125553492,7000.0,8,0,1,0,1.0
119457,0,0.061946903,39,0,0.354111265,9400.0,7,0,1,0,2.0
119459,1,0.0,53,0,0.12519881800000002,4400.0,2,0,0,0,0.0
119460,0,0.34453853,28,0,0.452476573,2240.0,8,0,0,0,0.0
119461,0,0.04462572,40,0,0.015246188,4000.0,8,0,0,0,0.0
119462,0,0.081546076,60,0,72.0,,3,0,0,0,
119463,0,0.017627416,72,0,0.00559888,5000.0,3,0,0,0,0.0
119464,0,0.024905518999999997,60,0,1137.0,,4,0,1,0,0.0
119465,0,0.0,45,0,0.846984925,3979.0,5,0,2,0,1.0
119467,0,1.081329461,42,0,0.527288579,5734.0,13,0,1,0,1.0
119468,0,0.847737053,64,0,0.8707921340000001,9000.0,10,0,2,0,0.0
119469,0,0.36607116799999995,53,0,1.007130125,560.0,9,0,0,0,1.0
119470,1,0.702074946,42,0,0.238639314,3850.0,6,0,1,0,2.0
119471,0,0.9999998999999999,24,0,0.0,,1,0,0,0,0.0
119473,0,0.094938835,56,1,2255.0,,6,0,2,0,0.0
119474,0,0.0031723040000000004,65,0,0.220222472,8000.0,10,0,2,0,0.0
119476,0,0.089317804,31,0,0.35897924200000003,5250.0,6,0,2,0,1.0
119477,0,0.091660473,66,0,3389.0,,21,0,6,1,1.0
119478,1,0.83908777,45,0,0.868666212,4400.0,20,0,2,0,1.0
119479,0,0.0042174,87,0,0.12743628199999998,2000.0,4,0,0,0,0.0
119480,0,0.109244538,77,0,0.016241879,4001.0,6,0,0,0,1.0
119482,0,1.0468642320000001,30,1,476.0,,4,1,0,0,0.0
119484,0,0.0,51,0,0.109352218,4800.0,6,0,1,0,1.0
119487,0,0.8746681740000001,57,1,0.74285143,5000.0,14,0,1,0,2.0
119489,1,0.8217041079999999,50,0,0.504587648,18636.0,14,0,2,0,4.0
119490,0,0.14486718,70,0,2422.0,,7,0,2,0,0.0
119491,0,0.319412649,49,2,0.385015331,7500.0,34,0,2,0,0.0
119493,0,0.048594264000000005,43,0,0.544163064,8094.0,11,0,2,0,2.0
119494,0,0.313797824,61,0,0.082783443,5000.0,8,0,0,1,0.0
119500,0,0.722615577,37,0,0.31964018,3334.0,9,2,0,0,1.0
119501,0,0.040748302,61,0,0.255437228,6666.0,6,0,1,0,0.0
119502,0,0.040328092999999995,78,0,0.8436250559999999,2250.0,11,0,1,0,0.0
119504,0,0.18292113899999998,74,0,0.009395516999999999,8833.0,4,0,0,0,1.0
119506,0,0.0,40,1,0.10393369300000001,7600.0,10,0,0,0,2.0
119507,0,0.02644201,56,0,0.149560117,3750.0,9,0,1,0,2.0
119508,0,0.238663352,61,0,0.606949421,12000.0,18,0,2,0,1.0
119509,1,0.962557636,52,1,0.601036269,7719.0,10,0,2,0,1.0
119511,0,0.67637186,37,0,0.865282215,5633.0,17,0,2,0,0.0
119512,0,0.18615615800000002,70,2,0.216630197,5483.0,3,0,1,0,0.0
119513,0,0.046448394000000004,64,0,0.032489847,3200.0,4,0,0,0,0.0
119514,0,0.047180084000000004,38,0,0.088961262,11667.0,10,0,0,0,2.0
119515,1,0.067296896,66,1,0.15310586199999998,8000.0,25,0,0,1,0.0
119516,0,0.283518128,47,0,0.556698086,3500.0,5,0,1,0,1.0
119517,0,0.482852381,53,2,0.516909002,6120.0,6,0,2,1,2.0
119518,0,0.250214273,38,0,0.342521132,2720.0,5,0,1,0,2.0
119520,0,0.9999998999999999,23,0,0.0,1120.0,2,0,0,0,0.0
119524,0,0.9999998999999999,29,0,0.0,2040.0,0,0,0,0,6.0
119525,0,0.090474601,47,0,0.434578905,8750.0,17,0,2,0,1.0
119527,0,0.363674235,25,0,0.293502953,2200.0,12,0,0,0,0.0
119528,0,0.00022292599999999997,74,0,0.0,5395.0,5,0,0,0,0.0
119529,0,0.029716171,72,0,0.154894466,12033.0,9,0,2,0,0.0
119532,0,0.101415779,47,1,0.221463295,16250.0,10,0,2,0,3.0
119534,0,0.0,57,0,0.122990161,8333.0,6,0,2,0,0.0
119535,0,0.006818106,51,0,0.374577778,11249.0,17,0,1,0,1.0
119536,0,0.02454679,79,0,0.004314995,8342.0,7,0,0,0,0.0
119538,0,0.9999998999999999,25,0,0.06701744700000001,3610.0,2,0,0,0,0.0
119540,0,0.078546073,31,1,0.019781145,2375.0,7,0,0,0,1.0
119541,0,0.010290157,83,0,21.0,0.0,16,0,0,0,0.0
119542,0,0.007679386,86,0,1328.0,,3,0,1,0,0.0
119543,0,0.092921647,54,0,0.085311871,7454.0,14,0,1,0,1.0
119544,0,0.16196843800000002,39,0,1.480236256,2200.0,8,0,2,0,0.0
119545,0,0.002229421,66,0,0.5224925020000001,3000.0,11,0,1,0,0.0
119546,0,0.059269804,49,0,0.209947513,4000.0,17,0,0,0,2.0
119547,0,0.024973905,67,0,0.338785047,3423.0,12,0,2,0,0.0
119549,0,0.087916513,60,0,114.0,,2,0,0,0,0.0
119551,0,0.008807801,76,0,1261.0,,8,0,1,0,0.0
119552,0,0.5337980689999999,56,0,0.631403582,2400.0,7,0,1,0,0.0
119553,0,0.912175649,44,1,0.009992314,1300.0,1,0,0,0,0.0
119555,0,0.9999998999999999,41,0,0.15324074099999999,2159.0,5,0,0,0,1.0
119558,0,0.03522305,53,0,0.598850287,4000.0,8,0,1,0,2.0
119559,0,0.66554958,47,0,0.339761721,11666.0,7,0,2,0,1.0
119560,0,0.026788751,61,0,0.154439493,5833.0,9,0,1,0,0.0
119561,0,1.10139324,55,1,0.529044347,1600.0,3,0,0,0,1.0
119562,0,0.276449014,57,1,4302.0,,16,0,1,0,0.0
119563,0,0.002525784,54,0,0.174495378,5300.0,5,1,0,0,0.0
119564,0,1.4626865669999998,64,1,0.001738752,4600.0,1,0,0,1,1.0
119565,0,0.131115377,39,0,0.318159327,8083.0,6,0,2,0,2.0
119566,0,0.096935449,27,0,0.005985267,2171.0,2,0,0,0,0.0
119567,0,0.073410549,69,0,0.003249594,8000.0,9,0,0,0,1.0
119568,0,0.299937737,58,0,0.357211457,17700.0,11,0,3,0,1.0
119569,0,0.133258035,57,0,0.31805425600000004,4275.0,16,0,0,0,0.0
119570,1,0.762170963,53,1,0.541139876,9965.0,13,2,2,0,0.0
119571,0,0.003363534,52,0,0.000586396,5115.0,4,0,0,0,0.0
119572,0,0.554119616,63,0,0.9001074109999999,930.0,16,0,0,0,0.0
119573,0,0.016553231,69,0,0.244253993,7700.0,8,0,1,0,0.0
119576,0,0.12457743800000001,65,0,0.22234853300000001,23750.0,21,0,3,0,1.0
119577,0,0.162355403,38,0,0.234882559,2000.0,6,0,0,0,0.0
119578,0,0.021121731,36,0,0.431106311,6480.0,9,0,2,0,0.0
119579,0,0.024240774,49,0,0.374687571,4400.0,14,0,1,0,3.0
119581,0,0.141559916,62,0,0.301204819,5477.0,5,0,1,0,1.0
119584,0,0.453747468,45,0,3835.0,0.0,13,0,1,0,0.0
119586,0,0.034348283,45,0,20.0,,3,0,1,0,0.0
119587,0,0.5467183729999999,84,2,0.583657588,4625.0,7,0,4,0,0.0
119588,0,0.32398920000000003,45,0,0.026859886,10833.0,6,0,0,0,0.0
119589,0,0.35146057399999997,57,0,0.249282671,11500.0,10,0,2,0,5.0
119590,0,0.262697182,58,0,2341.0,,9,0,1,0,
119591,0,0.9568086379999999,40,0,0.122487395,29749.0,11,0,1,0,2.0
119592,0,0.21141272,62,1,0.40284685299999995,5830.0,16,0,1,0,1.0
119594,0,0.026445961,66,1,0.040783687,2500.0,24,0,0,0,0.0
119595,0,0.043173699999999995,79,0,424.0,,9,0,0,0,0.0
119596,0,0.158558665,51,1,0.8224142740000001,3586.0,13,0,2,0,3.0
119597,0,0.966688874,29,0,0.137954015,3000.0,3,0,0,0,0.0
119598,0,0.9999998999999999,24,0,0.045112782000000004,1462.0,1,0,0,0,0.0
119599,0,0.089156814,55,0,0.216975892,9000.0,11,0,1,0,0.0
119600,0,0.017177396,80,0,0.002124123,10827.0,4,0,0,0,0.0
119601,0,0.735484227,30,0,812.0,,4,0,1,0,0.0
119602,1,0.392764599,74,2,0.5632036020000001,9326.0,21,0,2,0,0.0
119604,0,0.7168569290000001,42,0,0.372253765,4050.0,5,0,2,0,2.0
119605,0,0.052189267000000004,72,0,2056.0,,8,0,1,0,0.0
119606,0,0.012443523,46,0,0.417058294,10000.0,5,0,2,0,0.0
119609,1,0.9999998999999999,37,3,0.255739455,1872.0,0,3,0,1,2.0
119611,0,0.0,30,0,0.035577771,3400.0,7,0,0,2,0.0
119613,0,0.000535695,40,0,0.350516609,9000.0,6,0,2,0,2.0
119616,0,0.08123407,61,0,0.415457891,4618.0,18,0,2,0,0.0
119617,0,0.9999998999999999,76,0,0.147032772,2257.0,1,0,0,0,0.0
119619,0,0.265911333,51,0,0.592447552,3574.0,9,0,2,0,3.0
119620,0,0.509380878,34,0,0.365244137,2600.0,7,0,0,0,0.0
119621,0,0.306852529,55,0,0.17168755,3750.0,8,0,0,0,2.0
119622,0,0.01086862,43,0,1062.0,,2,0,1,0,
119624,0,0.036865922,51,0,0.268410269,8296.0,10,0,1,0,1.0
119625,0,0.9999998999999999,30,2,0.1347485,6500.0,2,0,0,0,1.0
119626,0,0.530670471,61,1,0.329020333,5950.0,8,0,2,0,1.0
119627,0,0.08625765199999999,56,1,0.90209997,3380.0,9,0,2,0,0.0
119629,0,0.509124115,39,0,0.262574155,3876.0,7,0,0,0,1.0
119631,0,0.895514058,56,0,0.692475463,1833.0,5,0,0,0,0.0
119632,0,0.010865942,81,0,0.47893086,7332.0,6,0,3,0,0.0
119634,0,0.168521573,42,0,0.7344803529999999,4300.0,16,0,2,0,2.0
119635,0,0.09539026699999999,77,0,0.104758097,2500.0,8,0,0,0,0.0
119636,0,0.004249929,60,0,0.08252233,7500.0,9,0,0,0,1.0
119637,0,0.8750624690000001,29,0,0.510204082,2400.0,3,0,1,0,0.0
119640,0,0.742487936,57,0,0.288812203,25500.0,18,0,2,0,2.0
119641,0,0.29270729300000004,50,0,0.34172450299999996,8500.0,8,0,1,0,0.0
119643,0,0.037390164,56,0,853.0,,18,0,1,0,0.0
119644,0,1.03789621,30,0,0.187165775,4300.0,3,0,0,0,2.0
119646,0,0.108708216,54,1,0.504165675,4200.0,16,0,2,0,0.0
119647,0,0.46062648100000003,56,0,11116.0,,8,0,4,0,1.0
119648,0,0.0058552809999999995,44,0,0.596468672,11666.0,11,0,4,0,1.0
119649,0,0.0,42,0,0.508366209,7350.0,7,0,3,0,0.0
119651,0,0.765948458,27,0,0.412156536,1200.0,3,0,0,0,1.0
119652,0,0.362142804,54,2,0.48301841700000003,8361.0,16,1,3,0,3.0
119653,0,0.12348135800000001,76,0,3130.0,,19,0,2,0,0.0
119654,0,0.27029132899999997,46,0,0.42721331,3365.0,6,0,1,0,3.0
119655,0,0.0,75,0,0.0,,1,0,0,0,
119656,0,0.002352458,43,1,2181.0,,19,0,4,0,0.0
119657,0,0.019522578,62,0,0.258185454,4000.0,15,0,2,0,0.0
119658,0,0.8978504279999999,48,0,0.437945584,6872.0,10,0,1,0,1.0
119660,0,0.022838551000000002,66,0,0.256628605,10333.0,9,0,2,0,0.0
119662,0,0.73166997,49,0,0.367964956,10500.0,17,0,1,0,1.0
119663,0,0.499291692,50,0,0.166526493,10700.0,15,0,0,0,2.0
119664,1,0.9999998999999999,26,1,0.134216786,2942.0,2,1,0,0,2.0
119665,0,0.21338511899999998,35,0,0.21525459100000002,9583.0,7,0,1,0,1.0
119666,0,0.83335481,58,0,1998.0,,13,1,0,0,0.0
119667,0,0.6797789759999999,72,0,1.5368596419999998,2400.0,9,0,2,0,0.0
119670,0,0.007905299000000001,63,0,0.002614982,6500.0,8,0,0,0,0.0
119671,0,0.129965646,52,0,0.502773038,9375.0,9,0,2,0,1.0
119672,0,0.100859448,58,0,0.225933138,30300.0,18,0,2,0,2.0
119673,0,0.053768744,40,0,0.343522354,7000.0,17,0,2,0,0.0
119675,0,0.9540918159999999,39,0,0.143274197,4452.0,5,2,0,1,1.0
119676,0,0.7234796840000001,45,0,0.60683562,4300.0,5,0,2,0,3.0
119677,1,1.15827707,50,1,0.718715393,4514.0,9,11,1,1,1.0
119678,0,0.101641883,45,0,0.295470453,10000.0,5,0,1,0,2.0
119679,0,0.958225471,59,3,0.402577205,4500.0,11,0,2,0,0.0
119680,0,0.229229513,45,0,0.490543842,11050.0,9,0,4,0,0.0
119681,0,0.679980378,48,0,0.457286432,11143.0,7,0,2,0,4.0
119682,0,0.12246923,74,0,0.205158968,5000.0,18,0,0,0,0.0
119683,0,0.9999998999999999,55,0,0.105057944,9232.0,5,0,0,0,0.0
119686,0,0.593198271,51,1,0.524756413,10057.0,20,0,3,0,2.0
119687,0,0.9999998999999999,38,0,0.305338932,5000.0,3,0,1,0,3.0
119688,0,0.9999998999999999,64,0,0.0,2200.0,0,0,0,0,1.0
119691,0,0.0034974520000000003,60,1,0.25898505899999996,7428.0,12,0,2,0,0.0
119692,0,0.008374738,64,0,1722.0,,5,0,1,0,0.0
119693,0,0.794205794,31,1,0.985024958,600.0,9,1,0,0,0.0
119695,0,0.244250213,64,0,1133.0,,4,0,1,0,1.0
119696,0,0.9999998999999999,38,0,0.029208301000000002,1300.0,0,1,0,0,0.0
119697,0,0.429235301,58,0,0.39985845700000006,2825.0,5,0,1,0,1.0
119698,1,0.594800993,78,1,0.956626506,1244.0,11,1,1,0,0.0
119699,0,0.010467894,44,0,0.006161829000000001,6166.0,15,0,0,0,0.0
119700,0,0.031310449,73,0,0.991871492,5166.0,9,0,2,0,1.0
119701,0,0.034599231,67,0,1368.0,,8,0,1,0,0.0
119702,0,0.010436174,61,0,0.33191702100000003,4000.0,14,0,1,0,0.0
119705,0,0.549766261,56,0,2673.0,,8,0,1,0,0.0
119707,0,0.363246347,61,0,0.128885657,5500.0,5,0,0,0,0.0
119708,0,0.209278474,67,0,1690.0,,5,0,1,0,0.0
119709,0,0.346446425,41,1,0.450484224,3200.0,8,0,0,0,2.0
119711,0,0.364596721,31,0,0.141195293,30000.0,8,0,2,0,1.0
119712,0,0.68634742,47,0,0.8125403170000001,7750.0,10,0,4,0,3.0
119713,0,0.086266744,50,2,2576.0,,15,0,1,0,3.0
119714,0,0.275157488,58,0,0.571080422,4923.0,20,0,1,0,0.0
119715,0,0.065366701,77,0,74.0,,5,0,0,0,0.0
119716,0,0.045259505,63,0,0.204238592,5850.0,9,0,2,0,0.0
119717,0,0.176508416,43,0,0.446425255,5384.0,13,0,2,0,0.0
119718,0,0.222472191,68,0,0.21651146100000002,5583.0,4,0,1,0,0.0
119720,0,0.01086946,68,0,0.48987854299999994,3210.0,12,0,1,0,0.0
119721,0,0.005744375,83,0,0.0011757789999999998,1700.0,4,0,0,0,0.0
119722,0,0.051173721,44,0,0.590481904,5000.0,4,0,1,0,0.0
119724,0,0.030620861,61,0,0.00499875,4000.0,2,0,0,0,0.0
119727,0,0.063122924,45,0,0.001238902,9685.0,3,0,0,0,2.0
119729,0,0.0,26,0,0.030570253,3401.0,2,0,0,0,2.0
119730,0,0.12286461900000001,55,0,0.22956928100000001,15833.0,7,0,1,0,1.0
119731,0,0.24900850800000002,29,0,0.275097784,2300.0,8,0,0,0,0.0
119732,0,0.381146021,73,0,0.13871155,12060.0,7,0,1,0,0.0
119733,0,0.078675366,45,0,0.568737864,5149.0,7,0,2,0,3.0
119734,1,0.947605239,41,4,0.74145171,5000.0,5,1,1,1,2.0
119735,0,0.03159842,47,0,18.0,,2,0,0,0,0.0
119736,0,0.035473158,82,0,0.004999107,5600.0,6,0,0,0,0.0
119738,0,0.184201755,55,0,600.0,,3,0,1,0,
119739,0,0.414461891,54,0,1.0349941679999999,6000.0,13,0,2,0,0.0
119740,0,0.014803641999999999,30,0,0.18066157800000002,2750.0,7,0,0,0,0.0
119742,1,0.962347442,30,1,0.033784508,28000.0,6,0,0,0,2.0
119745,0,0.9999998999999999,48,1,1788.0,,4,0,1,0,
119746,0,0.04213540599999999,43,0,733.0,0.0,3,0,1,0,3.0
119748,0,0.208461206,65,0,1785.0,,9,0,1,0,1.0
119751,0,0.9081087840000001,49,0,0.5827814570000001,7700.0,9,0,1,0,0.0
119752,0,0.161383586,51,0,0.7270996,5250.0,13,0,2,0,1.0
119755,0,0.862219035,63,0,0.228054995,10400.0,7,0,0,0,0.0
119756,0,0.037662482000000004,31,0,0.015600623999999999,640.0,2,0,0,0,0.0
119757,0,0.619059202,47,0,0.227840469,11608.0,24,0,0,0,0.0
119759,0,0.8409983059999999,43,0,0.527353839,4258.0,6,0,1,0,3.0
119762,0,0.034632327000000004,73,0,0.306995698,4416.0,11,0,1,0,0.0
119764,0,0.0,24,0,0.24750119,2100.0,6,0,0,0,0.0
119767,0,0.358018751,56,0,0.677190121,8583.0,17,0,3,0,3.0
119768,0,0.500892538,36,0,1.138952164,3950.0,10,0,3,0,2.0
119771,0,0.146529438,65,0,3430.0,,9,0,2,0,1.0
119776,0,0.308129207,69,0,0.828429153,2208.0,12,0,1,0,0.0
119778,0,0.0,63,0,0.130191781,9124.0,7,0,1,0,1.0
119780,0,0.13515906800000002,79,0,193.0,,4,0,0,0,
119781,0,0.8791251409999999,40,1,4799.0,,13,0,3,0,3.0
119782,0,0.024879005,71,0,0.072778495,8518.0,5,0,0,0,0.0
119783,0,0.8435590829999999,59,0,0.36681974700000003,6967.0,10,0,1,1,1.0
119784,0,0.043650575,58,0,1558.0,,4,0,2,0,0.0
119785,0,0.020160206,61,0,0.010773751000000002,1020.0,5,0,0,0,0.0
119787,0,0.279405603,50,1,0.30144641699999997,3041.0,10,0,0,0,0.0
119789,0,0.179993878,37,0,0.15014164300000002,6000.0,9,0,0,1,2.0
119790,0,0.620023574,44,2,2565.0,,21,1,1,0,1.0
119793,1,0.9999998999999999,32,0,0.023474178,2129.0,1,0,0,0,0.0
119795,0,0.34508795600000003,52,0,0.535641548,5400.0,12,0,2,0,0.0
119796,0,0.004874656,54,1,2.9061032860000005,851.0,21,0,3,0,0.0
119797,0,0.230121971,36,0,0.382700903,11410.0,17,0,2,0,2.0
119798,0,0.06840591,50,0,0.43901108899999997,5500.0,5,0,1,0,0.0
119799,0,0.15533122300000002,51,0,2542.0,,13,0,1,0,1.0
119800,1,0.653056973,53,0,0.06841612,3200.0,6,0,0,0,0.0
119804,0,0.440998474,58,0,0.020281788999999998,39887.0,6,0,0,0,3.0
119805,0,0.0,34,0,0.191761648,5000.0,4,0,0,0,1.0
119806,0,0.13347669199999998,66,0,0.34922279799999995,3859.0,10,0,1,0,0.0
119807,0,0.15383190900000002,48,0,0.236921026,3000.0,5,0,0,0,2.0
119809,0,0.059837605999999995,61,0,0.21531799399999998,19166.0,4,0,3,0,1.0
119810,0,0.065934066,52,2,1143.0,,4,0,1,1,0.0
119811,0,0.27615455899999997,43,0,0.316477088,15384.0,11,0,3,0,3.0
119812,0,0.0,61,0,0.353543155,5178.0,10,0,1,0,0.0
119817,0,0.0,84,0,0.0024278389999999998,7413.0,7,0,0,0,0.0
119819,0,0.016149731,75,0,0.004319654,8333.0,8,0,0,0,0.0
119820,0,0.473451075,50,0,0.35623625,5908.0,11,0,3,0,3.0
119821,0,0.0,58,0,574.0,,14,0,1,0,
119822,0,0.103063265,41,0,1.035629208,9654.0,12,0,1,0,0.0
119825,1,0.53613678,57,0,0.15743269599999998,5125.0,27,0,0,0,1.0
119826,0,0.0,43,0,1056.0,,6,0,1,0,0.0
119827,0,0.0,26,0,520.0,,3,0,0,0,0.0
119829,0,0.0013599460000000001,38,0,0.0,8200.0,4,0,0,0,1.0
119831,0,0.37898947299999997,54,0,0.333440274,9350.0,5,0,1,0,3.0
119832,0,0.9999998999999999,44,1,0.0,1300.0,0,0,0,0,1.0
119833,0,0.085069021,33,0,0.6272835370000001,9250.0,11,0,4,0,0.0
119834,0,0.439400855,40,0,0.39257942700000004,4500.0,7,0,1,1,1.0
119835,0,0.065516112,53,0,0.278278125,6550.0,11,0,2,0,2.0
119836,0,0.333992374,36,2,0.338357795,10083.0,8,0,2,0,3.0
119837,0,0.290938178,31,0,0.57467635,3166.0,11,0,1,0,2.0
119838,0,0.012808914,74,0,0.254696191,9528.0,8,0,2,0,0.0
119839,0,0.026946302000000002,45,0,0.21565267100000002,3500.0,10,0,1,0,1.0
119841,0,0.618718946,59,0,0.7431284359999999,2000.0,5,0,1,0,1.0
119842,0,0.0,54,1,1042.0,,5,0,1,0,0.0
119843,0,1.014394242,39,1,2080.0,,7,0,1,0,5.0
119848,0,0.000654856,45,0,0.478507164,3000.0,17,0,1,0,1.0
119850,0,0.006666578,71,0,0.540409932,6000.0,14,0,1,0,0.0
119852,0,0.372853466,32,0,0.081205783,3250.0,3,0,0,0,0.0
119853,0,0.034778791,77,0,0.457943925,2032.0,10,0,1,0,0.0
119855,0,0.037692752999999996,65,0,1946.0,,23,0,2,0,0.0
119857,0,0.9999998999999999,22,0,0.0,820.0,1,0,0,0,0.0
119858,0,0.0,49,1,0.28911956899999997,2600.0,8,0,0,0,1.0
119859,0,0.070794415,47,1,0.353921351,4500.0,12,0,1,0,1.0
119860,0,0.073382734,49,0,0.33872887399999996,4200.0,15,1,2,0,0.0
119863,0,0.026007554,61,0,0.713473565,3517.0,8,0,2,0,0.0
119864,0,0.028151186,61,0,32.0,,4,0,0,0,0.0
119865,0,0.24878747199999998,52,1,5191.0,,14,0,3,0,0.0
119866,0,0.250974903,33,0,0.061297685,3066.0,4,0,0,0,0.0
119867,0,0.118380977,66,0,0.47513121700000005,4000.0,10,0,2,0,0.0
119868,0,0.035472353,62,0,0.290955238,4333.0,17,0,1,0,0.0
119870,0,0.0,62,0,0.19622362100000001,2700.0,9,0,1,0,0.0
119871,0,0.134341336,60,0,0.145215045,6300.0,8,0,1,0,0.0
119872,0,0.737278986,60,0,0.43837719299999994,22799.0,13,0,3,0,0.0
119873,0,0.065252025,28,0,0.851347436,3450.0,10,0,1,0,0.0
119874,0,0.013997201,29,0,0.032300592999999996,3033.0,2,0,0,0,0.0
119875,0,0.016975676999999998,64,3,0.013096746999999999,7100.0,9,0,0,0,0.0
119876,1,0.622772594,39,0,1.358880373,3000.0,12,0,6,0,0.0
119877,0,0.276178449,58,1,0.283339583,8000.0,10,0,2,0,2.0
119878,0,0.027093827999999997,67,0,569.0,,7,0,1,0,0.0
119879,0,0.10744498300000001,72,0,0.8992751809999999,4000.0,17,0,2,0,1.0
119881,0,0.8979216309999999,80,0,0.240199947,3800.0,8,0,0,0,0.0
119882,0,0.6943501679999999,51,0,0.47876409,9935.0,8,0,1,0,3.0
119883,0,0.079452482,63,2,0.20119920100000002,1500.0,10,0,0,0,1.0
119885,0,0.0963191,62,0,0.237650823,15000.0,20,0,1,0,1.0
119886,0,0.081485729,39,0,0.18301225899999998,3425.0,9,0,0,0,0.0
119887,0,0.013564824,56,0,0.958027981,1500.0,5,0,1,0,2.0
119888,0,0.046289668,54,1,0.352760736,5541.0,16,0,2,0,0.0
119889,0,0.9999998999999999,51,0,0.046639232,728.0,2,0,0,0,0.0
119890,0,0.39608939600000004,52,0,3213.0,,7,0,1,0,0.0
119891,0,0.0,37,0,0.6280087529999999,2741.0,9,0,1,0,0.0
119892,0,0.017795163,27,0,0.276939094,1920.0,7,0,0,0,0.0
119893,0,0.14636581099999998,45,0,0.272363685,7500.0,6,0,2,0,3.0
119894,0,0.0,59,1,1105.0,,4,0,1,0,0.0
119895,0,0.016758949,62,0,0.009996298,2700.0,7,0,0,0,0.0
119896,0,0.042045057000000004,48,0,0.260983739,9900.0,14,0,1,0,1.0
119898,0,0.15396020800000002,48,0,0.843889955,1562.0,6,0,1,0,1.0
119902,1,1.025682183,27,0,1091.0,,12,0,0,0,2.0
119903,1,0.636307407,54,1,0.515296941,5000.0,10,0,1,0,0.0
119904,0,0.242703637,42,1,0.036493918,6000.0,11,0,0,0,0.0
119906,0,0.529852923,50,0,0.41204475100000004,4200.0,10,0,1,0,3.0
119907,0,0.256780098,48,0,0.345176045,9400.0,6,0,2,0,3.0
119908,0,0.038696083,61,1,0.348932085,4166.0,15,0,2,0,0.0
119909,0,0.843508169,61,2,34102.0,,15,0,1,1,1.0
119910,0,0.9999998999999999,33,0,0.019843101000000002,2166.0,2,0,0,0,3.0
119911,0,0.026362375,79,0,27.0,,6,0,0,0,0.0
119915,0,0.019713722,81,0,19.0,,3,0,0,0,
119916,0,0.10644677699999999,27,0,0.206746827,2993.0,15,0,0,0,0.0
119917,0,0.169012036,72,0,138.0,,4,0,0,0,0.0
119919,0,0.066576027,35,0,0.20728568600000002,5050.0,3,0,1,0,2.0
119924,0,0.174751171,41,1,0.194450197,4828.0,7,0,0,0,2.0
119925,0,0.0,72,0,0.35430755700000005,3400.0,15,0,1,0,0.0
119926,0,0.9999998999999999,23,0,0.0,3000.0,0,0,0,0,0.0
119929,0,0.9999998999999999,51,0,0.08576860800000001,14200.0,2,0,2,0,2.0
119930,0,0.009283213,86,0,50.0,,17,0,0,0,0.0
119931,0,0.14504524300000002,54,0,2895.0,,11,0,2,0,0.0
119932,0,0.042906642,37,0,0.32594157,2840.0,5,0,1,0,0.0
119934,0,0.11152103699999999,58,0,0.08923334699999999,7160.0,13,0,2,0,0.0
119935,0,0.385179073,36,0,0.505884804,9600.0,9,0,5,0,2.0
119937,1,0.9999998999999999,50,1,0.275301958,2400.0,2,2,0,0,0.0
119938,0,0.42314047200000005,45,4,0.139298336,11600.0,14,0,0,0,1.0
119939,0,0.0,50,0,0.049992755,6900.0,5,0,1,0,2.0
119940,1,0.8833752020000001,59,2,0.98967894,28000.0,25,0,9,1,0.0
119944,0,0.018186436,58,0,0.084196891,6175.0,10,0,0,0,0.0
119945,0,0.9511227459999999,66,0,0.386707966,14850.0,12,0,3,0,0.0
119947,0,0.00188377,71,0,3.0,,5,0,0,0,0.0
119949,0,0.9999998999999999,26,0,613.0,,0,1,0,1,0.0
119950,0,0.0,43,0,0.0,2200.0,2,0,0,0,3.0
119951,0,0.0,43,1,1332.0,,6,0,1,0,0.0
119953,0,0.067899127,52,0,925.0,,7,0,1,0,0.0
119954,0,0.041149208,65,0,205.0,,11,0,1,0,0.0
119955,0,0.007223665,73,0,7.0,,4,0,0,0,0.0
119959,0,0.9999998999999999,54,0,260.0,,4,3,0,0,1.0
119960,0,0.396731025,43,0,0.477957284,7303.0,7,0,2,0,1.0
119963,0,0.343995805,43,0,0.285773281,14528.0,9,0,2,0,2.0
119964,1,0.9999998999999999,31,0,0.204568024,3020.0,2,6,0,1,1.0
119965,0,0.988200787,46,1,0.106127696,7000.0,7,0,0,0,2.0
119966,0,0.020773193,70,0,0.10268973099999999,10000.0,7,0,1,0,0.0
119967,0,0.041909399,68,0,14.0,,5,0,0,0,0.0
119969,0,0.09458802300000001,66,0,0.466935625,5700.0,12,0,3,0,0.0
119971,0,0.056129591,66,0,0.426801802,887.0,6,0,0,0,0.0
119972,0,0.008665945,53,0,0.02456664,8710.0,6,0,0,0,0.0
119974,1,0.751730621,48,5,0.308338332,1666.0,13,0,0,0,2.0
119975,0,0.489297366,73,0,0.511741455,4300.0,11,0,1,0,0.0
119976,0,0.021883574,63,0,0.037722986,8800.0,5,0,0,0,1.0
119977,0,0.014999691,51,0,0.46754538700000003,4020.0,8,0,1,0,3.0
119978,0,0.838881965,46,0,2.612903226,2200.0,6,0,0,0,0.0
119979,0,0.38444214200000004,43,0,0.182012848,1400.0,6,0,0,0,1.0
119981,0,1.025299601,49,0,880.0,,4,0,0,1,5.0
119982,0,0.0,56,0,0.31927049,4550.0,5,0,1,0,0.0
119983,0,0.004972919,66,0,11.0,,7,0,0,0,0.0
119984,0,0.229777022,67,0,156.0,,3,0,0,0,0.0
119985,0,0.000114282,48,0,0.251718535,8000.0,6,0,2,0,3.0
119986,0,0.006995461,67,0,0.24920313,3450.0,8,0,0,0,0.0
119987,0,0.508816579,53,0,5.352290678999999,632.0,6,0,2,0,3.0
119988,0,0.002190268,29,0,0.575845666,3783.0,5,0,1,0,2.0
119991,0,0.0,39,0,64.0,,4,0,0,0,0.0
119993,0,0.059146599,90,0,0.003141959,3500.0,4,0,0,0,0.0
119994,0,0.24662049600000002,63,0,1.4023323619999999,2400.0,9,0,2,0,1.0
119996,0,0.570214893,29,2,0.19511048399999997,2126.0,3,0,0,0,0.0
119997,0,0.541830887,68,0,0.184110971,9515.0,22,0,1,0,0.0
119999,0,0.098228353,47,0,0.36505867,2300.0,6,0,1,0,1.0
120001,1,0.914034386,55,0,0.523095381,3333.0,5,1,1,0,2.0
120002,0,0.324668242,59,3,0.24600193199999998,9316.0,9,0,1,1,2.0
120003,0,0.016024911,85,0,0.004498875,4000.0,3,0,0,0,0.0
120004,0,0.004588822,84,0,4737.0,,9,0,3,0,
120006,1,0.038361696,47,5,0.297517029,4550.0,7,0,1,0,3.0
120007,0,0.847639777,42,2,2099.0,,11,0,1,0,0.0
120008,0,0.032896707000000004,52,0,0.6357080420000001,4575.0,13,0,1,0,0.0
120009,0,0.187503208,69,0,0.97392013,3680.0,8,0,1,0,1.0
120010,0,0.878024395,51,0,0.237758831,4104.0,5,0,0,0,0.0
120012,0,0.9999998999999999,47,1,0.2768833,8508.0,5,1,1,0,1.0
120015,0,0.001111062,28,0,0.162761637,3200.0,6,0,0,0,0.0
120016,0,0.0,58,0,0.16990920899999998,3083.0,9,0,1,0,1.0
120018,0,0.837754966,47,0,0.124583611,1500.0,2,1,0,0,0.0
120019,0,0.405772142,83,0,0.309601793,5800.0,22,0,1,0,1.0
120020,0,0.780260939,69,0,4708.0,,21,0,1,0,0.0
120021,0,0.605494976,67,0,0.249293614,12386.0,4,0,1,0,0.0
120022,0,0.21739855,56,0,0.41045349700000006,1300.0,5,0,1,0,0.0
120023,0,0.130541605,56,0,0.393280336,6666.0,11,0,1,0,0.0
120024,0,0.002764543,65,0,0.09195402300000001,15833.0,3,0,1,0,0.0
120025,0,0.15036348900000002,74,0,0.34359202299999997,18000.0,22,0,1,0,0.0
120026,0,0.013553158999999999,31,0,0.214493961,2400.0,7,0,0,0,0.0
120027,1,0.061622376,49,1,0.27386091100000004,8339.0,11,0,2,0,1.0
120031,0,0.7695322179999999,52,1,7584.0,,15,0,9,0,2.0
120032,0,0.0042871359999999996,52,0,0.330726683,5242.0,10,0,2,0,0.0
120033,0,0.753689012,53,0,3341.0,,8,0,1,0,0.0
120035,0,0.042622687,54,0,0.25422062,6100.0,16,0,2,0,0.0
120037,1,0.714418605,53,0,2756.0,,12,0,1,0,0.0
120038,0,0.119776045,26,0,17.0,0.0,2,0,0,0,0.0
120041,0,0.41174972,47,0,1.5532233880000001,2000.0,14,1,2,0,0.0
120042,0,0.721189827,43,2,0.739366319,4607.0,8,0,1,0,3.0
120044,0,0.003870552,44,0,0.764094362,2500.0,7,0,1,0,2.0
120047,0,0.172862128,50,2,0.373571783,8051.0,10,0,1,0,2.0
120049,0,0.9999998999999999,46,96,0.051765215999999996,4616.0,0,96,0,96,0.0
120051,0,0.255358369,64,0,0.119990401,12500.0,8,0,1,0,1.0
120052,0,0.002615183,35,0,1572.0,,3,0,1,0,0.0
120053,0,0.837615688,52,0,0.314450167,3300.0,6,0,1,0,2.0
120055,0,1.005960551,53,4,0.470822126,8550.0,8,0,1,0,0.0
120056,0,0.037899242,77,0,0.012475378,4568.0,3,0,0,0,0.0
120057,0,0.301083372,78,0,0.34467195100000003,9083.0,18,0,1,0,0.0
120059,0,0.009087968,44,0,9.0,0.0,4,0,0,0,0.0
120060,0,0.258232236,66,0,0.032258065,2076.0,6,0,0,0,0.0
120063,0,0.49990385,65,1,0.349761321,7750.0,9,0,2,0,1.0
120064,0,0.005881602,79,0,0.184942,4568.0,6,0,1,0,0.0
120065,0,0.148071524,71,0,0.179985001,12000.0,9,0,1,0,0.0
120066,0,0.064248748,77,0,0.322358794,6833.0,13,0,1,0,0.0
120067,1,0.9999998999999999,47,1,1251.0,0.0,3,0,1,2,0.0
120068,0,0.733537122,43,0,0.544308999,7300.0,11,0,3,0,1.0
120069,0,0.446913995,32,0,0.12727560599999999,6316.0,3,0,0,0,0.0
120071,0,0.366278224,53,0,0.22402749600000002,6400.0,12,0,0,0,0.0
120074,1,0.9999998999999999,30,0,0.18512009399999999,1706.0,0,4,0,0,3.0
120075,0,0.163042162,68,0,0.41974617399999997,10715.0,8,1,2,0,0.0
120076,0,0.07043172,84,0,0.019192323,2500.0,1,0,0,0,0.0
120077,0,0.104939571,40,0,0.6145185679999999,5950.0,15,0,3,0,2.0
120078,0,0.939012198,31,0,0.429353779,1825.0,10,0,0,0,1.0
120079,0,0.0,77,0,2495.0,,6,0,1,0,1.0
120080,0,0.996618144,38,0,0.310593075,2916.0,4,0,0,0,3.0
120082,0,0.41755689700000004,52,0,0.729490955,2376.0,12,0,0,0,2.0
120083,0,0.598647642,65,1,0.874233129,1629.0,6,1,1,0,0.0
120087,0,0.092895997,66,0,955.0,,3,0,1,0,0.0
120088,0,0.0,50,1,0.596491228,3875.0,10,1,1,3,0.0
120089,0,0.0,56,0,2244.0,,6,0,2,0,0.0
120093,0,0.37437121,55,0,0.29918474100000003,6500.0,16,0,1,0,0.0
120094,0,0.011124692,51,0,103.0,,5,0,0,0,0.0
120096,0,0.169683831,67,2,0.27477936199999997,11783.0,11,0,1,0,0.0
120097,0,0.077607155,59,0,0.07652191900000001,19366.0,17,0,0,0,0.0
120099,0,0.08019445,53,1,0.01876436,7833.0,8,0,0,0,0.0
120100,0,0.9999998999999999,23,0,0.0,,0,0,0,0,0.0
120101,0,0.52649117,32,0,0.139519209,4450.0,4,0,0,0,2.0
120102,0,0.078921979,41,0,0.255504261,11263.0,6,0,1,0,2.0
120103,0,0.00769903,69,0,0.741169486,3368.0,11,0,2,0,0.0
120104,0,0.080849584,57,0,4536.0,,14,0,1,0,0.0
120105,0,0.24478720399999998,30,0,0.079097581,3678.0,3,0,0,0,0.0
120106,0,0.075337565,73,0,1.9167360530000002,1200.0,18,0,2,0,0.0
120107,0,0.006094298000000001,49,0,0.950301904,6458.0,18,0,3,0,0.0
120109,0,0.583231012,46,0,0.287373004,1377.0,6,0,0,0,3.0
120110,0,0.249435496,49,0,1703.0,,7,0,1,0,2.0
120112,0,0.016098021,68,1,500.0,,8,1,1,1,
120113,0,0.26415282100000004,34,0,0.444757754,3900.0,6,0,1,1,1.0
120114,0,0.354913775,58,0,1.514483466,3900.0,16,0,2,0,1.0
120116,0,0.00560378,45,0,0.5,1.0,2,0,0,0,0.0
120117,0,0.9164311940000001,60,0,1.22647363,2900.0,15,0,1,0,0.0
120120,0,0.0,38,0,0.0,3400.0,3,0,0,0,0.0
120122,1,0.611637937,38,0,0.739700019,15800.0,18,0,3,0,1.0
120123,0,0.531945498,64,0,0.44796664799999997,12712.0,8,0,2,0,0.0
120124,0,0.16118838900000002,45,1,0.332573233,5700.0,13,0,1,0,1.0
120125,0,0.673285453,32,1,0.648823258,2166.0,7,0,1,0,0.0
120126,0,0.14133769699999998,51,0,2453.0,,10,0,3,0,
120128,0,0.0,63,0,0.0,7600.0,3,0,0,0,0.0
120129,0,0.314182155,41,0,0.40871331,10833.0,11,0,2,0,2.0
120131,0,0.901281702,27,0,0.42508143299999995,1227.0,9,0,0,0,0.0
120132,0,0.056189138,41,0,0.483020554,4475.0,6,0,1,0,2.0
120133,0,0.43283074,61,0,0.658562257,9500.0,19,0,2,0,1.0
120134,0,0.9774114770000001,66,0,0.045860552,7500.0,3,0,0,0,0.0
120135,0,0.00593083,46,0,0.347451791,2903.0,6,0,1,0,2.0
120136,0,0.460096887,67,0,0.37677786399999996,11600.0,15,0,1,0,1.0
120137,0,0.376218648,30,1,0.5491943779999999,5833.0,9,0,1,0,1.0
120140,0,0.0,51,0,0.31760749,11000.0,3,0,1,0,2.0
120141,0,0.10710776300000001,64,0,0.11213452800000001,11833.0,5,0,0,0,0.0
120142,0,0.593317765,62,2,0.626392459,3500.0,22,0,1,0,0.0
120146,0,0.185234911,53,0,0.5681233929999999,3500.0,12,0,2,0,0.0
120148,0,0.053211571,64,0,0.35541114700000004,4000.0,6,0,2,0,0.0
120149,0,0.024595081,42,0,0.395103419,4737.0,4,0,1,0,0.0
120151,0,0.357235189,34,0,0.398150344,4216.0,10,0,2,0,0.0
120152,0,0.76164767,42,1,0.348883705,3000.0,4,1,1,0,3.0
120153,0,0.078231635,50,2,0.017998,9000.0,11,0,0,0,1.0
120154,0,0.9999998999999999,55,0,0.21117777399999998,18500.0,5,0,1,0,2.0
120155,1,0.32894570300000003,60,4,0.010150328,7782.0,7,0,0,1,0.0
120158,0,0.038398464,41,0,0.928601428,2380.0,3,0,1,0,2.0
120159,0,0.0,44,0,0.390652337,4000.0,6,0,1,0,0.0
120161,0,0.014628361999999999,53,0,0.167247387,6600.0,9,0,1,0,0.0
120163,0,0.610115824,37,0,0.077657543,7854.0,2,0,0,0,2.0
120164,0,0.585131006,67,0,0.71273155,3400.0,13,0,2,0,1.0
120165,0,0.9999998999999999,41,0,0.0,6102.0,0,0,0,0,1.0
120167,0,0.21785048,55,0,0.45594388399999997,8125.0,16,0,2,0,0.0
120169,0,0.031993601,43,0,0.27643617800000003,6666.0,8,0,2,0,0.0
120170,0,0.031504582999999996,39,0,1566.0,0.0,9,0,1,0,1.0
120171,0,0.93716685,45,0,0.128571786,40000.0,23,0,1,0,2.0
120172,0,0.447739485,40,0,530.0,,5,0,0,0,0.0
120173,0,0.124523416,29,0,0.254745255,1000.0,5,0,0,0,0.0
120174,0,0.8277172279999999,32,0,1356.0,,4,0,0,0,0.0
120175,0,0.110979929,53,0,0.353621291,4583.0,14,0,2,0,0.0
120178,0,0.00124998,38,1,0.41242236,4024.0,18,0,2,0,0.0
120179,0,0.198880055,45,2,0.30025404,18500.0,12,0,2,0,2.0
120180,0,0.004096767,63,0,0.24852286199999998,11000.0,18,0,2,0,0.0
120181,0,0.02613733,62,2,98.0,,9,0,0,0,0.0
120183,0,0.847827404,37,0,0.31810879,4356.0,4,0,0,0,3.0
120184,0,0.0,62,0,0.0,,6,0,0,0,0.0
120186,0,0.225277631,63,0,4.226394135,4500.0,9,0,0,0,0.0
120188,0,0.26108887,34,0,0.440869012,11000.0,16,0,2,0,2.0
120189,0,0.839738793,31,0,0.351661779,4091.0,6,0,0,0,2.0
120190,0,0.017744094,61,0,0.187194652,11666.0,10,0,1,0,0.0
120191,1,0.707691903,59,2,1.089054793,7500.0,13,0,4,0,0.0
120192,0,0.36220949399999997,47,1,0.30395657800000003,7000.0,10,0,0,0,1.0
120195,0,0.032608422000000005,43,0,0.36448177600000004,20000.0,12,0,2,0,2.0
120197,0,0.109285555,68,0,0.142198815,6075.0,6,0,2,0,1.0
120198,0,0.947131609,69,0,0.31344845600000004,1910.0,9,0,0,0,0.0
120199,0,0.045138693,78,0,23.0,,5,0,0,0,0.0
120201,0,0.036266724,60,0,0.16572384699999998,12550.0,8,0,1,0,0.0
120202,0,0.016763582,70,0,0.200861273,3250.0,8,0,1,0,0.0
120203,0,0.0,54,0,0.43760815200000003,5200.0,10,0,2,0,1.0
120204,0,0.19520620600000002,83,0,0.258785473,6800.0,10,0,2,0,0.0
120205,0,0.273293689,58,0,0.622038687,4600.0,23,0,3,0,0.0
120206,0,0.276308857,73,0,0.911504425,8700.0,14,0,7,0,1.0
120207,0,0.09221289,71,0,125.0,,5,0,0,0,0.0
120209,0,0.27865644300000003,58,0,0.5066937810000001,5900.0,19,0,1,0,0.0
120211,0,0.070265285,41,0,0.472740992,5300.0,9,0,2,0,3.0
120212,0,0.9999998999999999,37,0,0.092976756,4000.0,1,0,0,0,1.0
120213,0,0.9999998999999999,57,0,0.709601598,8508.0,10,0,3,0,1.0
120217,0,0.008944196,77,0,16.0,,11,0,0,0,0.0
120221,0,0.9999998999999999,24,0,0.0,2500.0,1,0,0,0,0.0
120222,0,0.02953448,59,0,0.280879865,6500.0,11,0,1,0,0.0
120223,0,0.011804091000000001,63,0,64.0,,5,0,0,0,0.0
120225,0,0.826015471,45,2,1392.0,0.0,10,0,0,0,3.0
120226,0,0.009808475,58,0,35.0,,5,0,0,0,0.0
120228,0,0.089642598,51,0,0.089471199,12707.0,9,0,0,0,1.0
120229,0,0.97877543,43,0,0.890816632,3342.0,13,0,2,0,0.0
120230,0,0.008219763,63,0,0.322633408,4890.0,18,0,1,0,0.0
120231,0,0.094498371,52,0,0.45836023200000003,4646.0,10,0,1,0,1.0
120232,0,0.939689385,59,0,3.1885714289999996,3499.0,15,0,5,0,2.0
120233,0,0.22622717399999998,52,2,2931.0,,13,0,1,1,0.0
120234,0,0.018086642,82,0,0.004649768,6666.0,5,0,0,0,1.0
120235,0,0.0,43,0,993.0,,7,0,1,0,0.0
120236,0,0.9999998999999999,29,0,0.6422385079999999,1500.0,3,0,1,0,0.0
120237,1,0.36331569700000005,33,0,0.50129199,1160.0,4,0,0,0,4.0
120239,0,0.9510874090000001,51,0,0.18265119100000002,4910.0,2,0,1,0,1.0
120240,0,0.49502614799999994,34,0,0.37666020000000006,6700.0,10,0,0,0,4.0
120242,0,0.9999998999999999,25,0,0.0,1250.0,0,1,0,0,0.0
120243,0,0.0,68,1,0.191634241,7195.0,10,0,1,0,1.0
120244,0,0.44235328100000004,53,0,10390.0,,14,0,4,0,0.0
120245,0,0.0,77,0,1.0,,2,0,0,0,
120246,0,0.337968035,32,0,0.220555749,8600.0,6,0,1,0,0.0
120250,0,0.625747299,49,0,0.81272909,3000.0,7,0,1,0,3.0
120252,0,0.31936691,32,0,0.22836613600000003,3200.0,12,0,0,0,0.0
120253,0,0.213304852,30,0,0.184359296,3183.0,7,0,0,0,0.0
120254,0,0.0,62,0,1438.0,,12,0,1,0,
120255,0,0.9999998999999999,35,0,0.203141584,4710.0,5,0,0,0,3.0
120256,0,0.117946728,60,0,0.44850012200000006,12300.0,25,0,4,0,0.0
120258,0,0.333500334,50,0,0.1615,3999.0,4,0,1,0,2.0
120259,0,0.090010526,46,0,0.055128632999999996,2992.0,5,1,0,0,0.0
120260,0,0.025815237,58,1,0.270909697,3000.0,9,0,1,0,0.0
120261,0,0.002666489,45,0,0.155985144,10500.0,5,0,1,0,2.0
120262,0,0.319335083,31,0,0.22725758100000001,3000.0,3,0,1,0,0.0
120265,0,0.015857761,62,0,20.0,,6,0,0,0,0.0
120266,0,0.012654954,67,0,0.211344538,9519.0,9,0,1,0,0.0
120267,0,0.005981709,50,0,0.581109572,16600.0,13,0,4,0,0.0
120269,0,0.021147226,64,0,0.178164367,5000.0,8,0,1,0,0.0
120271,0,0.352216176,63,0,0.193753652,15400.0,13,0,2,0,1.0
120272,0,0.079861179,58,0,1549.5,1.0,10,0,1,0,0.0
120273,0,0.10536904300000001,66,0,0.212673506,8284.0,18,0,1,0,0.0
120274,0,0.288442059,28,3,0.385115795,7685.0,23,0,1,0,3.0
120275,0,0.045838166,49,0,34.0,,1,0,0,0,
120276,0,0.112747181,46,0,2322.0,,3,0,1,0,
120277,0,0.29162906,43,0,0.217078292,10000.0,6,0,1,0,4.0
120278,0,0.658275779,47,0,0.39122085,7289.0,11,0,2,0,2.0
120279,0,0.9324135170000001,63,0,0.38912217600000004,5000.0,8,0,1,0,0.0
120281,0,0.08780443800000001,47,0,0.125293453,11500.0,9,0,0,0,0.0
120282,1,0.9999998999999999,41,0,0.025151226000000002,3140.0,2,0,0,0,3.0
120284,0,0.627527665,48,2,0.30867814,2730.0,9,0,0,1,0.0
120285,0,0.019186212,31,0,0.436113714,3200.0,9,0,1,0,0.0
120286,0,0.922143237,36,0,0.599412341,4083.0,17,0,2,0,1.0
120287,0,0.9999998999999999,67,0,1.4990925590000002,550.0,3,0,1,1,0.0
120288,0,0.992232964,48,0,0.9114470840000001,4166.0,8,0,3,0,0.0
120292,0,0.945805419,51,5,0.671628527,4500.0,16,0,1,0,0.0
120293,1,0.845877331,36,0,0.176456767,4255.0,7,0,0,0,1.0
120295,0,0.09044407,51,0,0.34239838,6912.0,16,0,1,0,2.0
120297,0,0.18625304,77,0,0.467673605,5428.0,26,0,2,0,1.0
120298,0,0.020932775,70,0,1261.0,,8,0,1,0,0.0
120300,0,0.391282609,79,0,0.527795734,3093.0,10,0,0,0,0.0
120301,0,0.077929817,64,0,0.525405456,21333.0,21,0,3,0,0.0
120302,0,0.201479852,31,0,0.34985791,3166.0,9,0,1,0,0.0
120303,0,0.136521248,48,0,0.23793976,12250.0,8,0,2,0,3.0
120304,0,0.39496448,65,0,0.195600419,10500.0,30,0,1,0,0.0
120305,0,0.018283102,82,0,45.0,,9,0,0,0,
120307,0,0.008600455,69,0,0.262361524,3700.0,11,0,1,0,1.0
120308,0,0.006095122,47,0,1085.0,,5,0,1,0,2.0
120309,0,0.753267302,69,0,0.272370586,7900.0,8,0,2,1,1.0
120311,0,0.021686202999999998,59,0,0.150827987,13405.0,10,0,1,0,0.0
120312,0,0.572092319,49,0,2088.0,,9,0,1,0,0.0
120314,0,0.0444901,64,0,72.0,,3,0,0,0,
120315,0,0.390647953,59,1,0.27496812600000003,14117.0,8,0,2,0,1.0
120316,0,0.12332511199999999,52,0,0.252872096,7833.0,4,0,1,0,0.0
120319,0,0.883153139,32,0,0.30541051,9000.0,9,0,1,0,0.0
120321,0,0.001046122,52,0,0.182561945,12833.0,9,0,2,0,2.0
120322,0,1.0203542270000001,45,3,0.247234548,16000.0,12,0,0,0,3.0
120324,0,0.510134226,42,0,0.977503749,6000.0,9,0,2,0,0.0
120326,0,0.025049151000000002,51,0,0.263076126,5792.0,9,0,1,0,3.0
120330,0,0.335681057,39,2,0.34010074799999995,6550.0,7,0,2,0,0.0
120331,1,0.047130190999999995,45,0,0.584773604,7000.0,8,0,2,0,0.0
120332,0,0.011278851000000001,71,1,0.40196078399999996,5303.0,24,0,3,0,0.0
120334,0,0.032439511000000004,77,0,32.0,,3,0,0,0,0.0
120335,0,0.080250593,60,0,2692.0,,12,0,1,0,0.0
120336,0,1.00879912,50,0,0.55952381,2771.0,7,0,1,0,0.0
120338,0,0.827952728,71,0,0.278292411,17919.0,16,0,2,0,0.0
120339,0,0.303189566,61,0,0.662947399,6900.0,13,0,3,0,0.0
120340,0,0.772786193,55,0,0.25336816100000004,7273.0,9,1,0,0,1.0
120341,0,0.9999998999999999,43,0,0.560797665,2055.0,3,1,0,1,0.0
120342,0,0.006852926,43,0,0.21485458100000002,16950.0,10,0,2,0,4.0
120343,0,0.075683215,62,0,0.15369365599999998,9583.0,7,0,1,0,2.0
120345,0,0.9999998999999999,46,0,0.0,4600.0,1,0,0,0,3.0
120346,0,0.281750225,26,0,0.09510943,3700.0,6,0,0,0,3.0
120347,0,0.096945153,70,0,448.0,,3,0,0,0,0.0
120348,0,0.27006556600000003,44,0,0.483103379,5000.0,14,0,1,0,1.0
120349,0,0.274775614,66,0,0.446423601,7185.0,10,0,1,0,2.0
120350,0,1.88e-05,57,0,1637.0,,10,0,2,0,0.0
120352,0,0.452493855,63,0,0.400732255,16933.0,12,0,2,0,0.0
120353,0,0.037237111,80,0,0.01049825,6000.0,8,0,0,0,0.0
120354,0,0.35197800100000004,37,0,0.7170404229999999,7000.0,9,0,1,0,3.0
120357,0,0.052927363,55,0,0.10268694,4800.0,4,0,0,0,1.0
120359,0,0.005751816999999999,56,0,0.314092286,5612.0,15,0,2,0,1.0
120360,0,0.031214857000000002,45,0,0.128277531,2478.0,8,0,0,0,1.0
120361,0,0.9999998999999999,70,0,1.242782152,2285.0,12,0,4,0,0.0
120362,0,0.627126809,50,0,0.8349303140000001,9183.0,13,0,3,0,0.0
120363,0,0.22752971,33,0,0.165497687,6700.0,6,0,0,0,1.0
120364,0,0.001298942,36,0,0.044191162,5000.0,3,0,0,0,0.0
120365,0,0.9999998999999999,60,0,0.019730703,7500.0,2,0,0,0,0.0
120366,0,0.21835617899999998,53,0,0.18014200600000002,8731.0,9,0,0,0,3.0
120369,0,0.233999378,56,0,0.257380237,5656.0,12,0,0,0,0.0
120370,0,0.10189745300000001,55,0,0.21780175300000001,10380.0,5,0,1,0,2.0
120373,0,0.18348338100000003,51,0,0.32414419899999997,3300.0,9,0,1,0,1.0
120374,0,0.106994369,47,0,0.010284539,5833.0,2,0,0,0,3.0
120375,0,0.052522440999999996,63,0,0.322721115,10333.0,11,0,1,0,0.0
120376,0,0.895161474,49,0,0.387428881,11072.0,9,0,1,0,0.0
120377,0,0.0,46,0,0.186562687,5000.0,5,0,1,0,4.0
120378,0,0.0032527990000000002,57,0,0.054329372,8245.0,7,0,0,0,0.0
120380,0,0.587769336,69,0,0.493385595,4081.0,7,0,1,0,1.0
120381,0,0.297278993,58,0,6.99589359,5600.0,9,0,6,0,0.0
120382,0,0.843405402,56,1,0.592719888,6400.0,5,0,2,0,1.0
120383,0,0.735489895,58,0,0.244532389,4800.0,6,0,0,0,0.0
120384,0,0.056054759,78,0,59.0,,6,0,0,0,0.0
120385,0,0.12331810900000001,34,0,372.0,,7,0,0,0,0.0
120386,0,0.270752851,37,0,0.6609181439999999,8233.0,14,0,4,0,3.0
120388,0,0.07695665,67,0,0.462915601,390.0,11,0,0,0,0.0
120389,0,0.014110998999999999,62,1,1.035991002,4000.0,20,0,2,0,0.0
120390,0,0.52076602,58,0,2751.0,,7,0,1,0,0.0
120392,0,0.10359482,67,0,0.013197361000000001,5000.0,9,0,0,0,0.0
120393,0,0.37631802200000003,51,0,393.0,,2,0,0,0,0.0
120396,1,0.949410118,29,0,1.253212756,2100.0,8,2,1,0,0.0
120398,0,0.60885237,57,0,0.387903024,4000.0,7,0,0,0,0.0
120400,0,0.10292875900000001,77,0,0.18260869600000001,4139.0,6,0,1,0,0.0
120401,0,0.703816909,31,0,0.553445337,8213.0,12,0,2,0,1.0
120402,0,0.43870351,77,0,0.24574829899999998,3527.0,7,0,0,0,0.0
120403,0,0.9999998999999999,56,0,0.12562479199999999,3000.0,1,0,0,0,0.0
120404,0,0.033711597999999995,74,0,0.085492228,5403.0,8,0,0,0,0.0
120405,0,0.151515152,40,0,0.6217026379999999,1667.0,5,0,1,0,2.0
120409,0,0.529778809,34,0,0.48962759299999997,4000.0,3,0,1,0,0.0
120410,0,0.0,49,0,871.0,,21,0,2,0,4.0
120411,0,0.9999998999999999,35,0,2358.0,,5,0,1,0,3.0
120412,0,0.101798728,65,0,0.23590306600000002,12750.0,10,0,2,0,1.0
120414,0,0.340786969,57,0,0.356386456,7648.0,11,0,2,0,1.0
120415,0,0.086710135,57,0,0.349638871,12183.0,13,0,2,0,0.0
120417,0,0.050547496,60,0,0.32564220899999996,6500.0,16,0,2,0,1.0
120422,0,0.091495425,75,0,1706.0,,2,0,1,0,
120423,0,0.05212676,40,0,0.37200583200000004,4800.0,11,0,1,1,2.0
120424,1,1.001052078,54,0,0.371897875,5600.0,6,0,2,0,0.0
120425,0,0.9999998999999999,24,0,0.0,800.0,1,0,0,0,0.0
120426,0,0.075802305,35,0,0.33666576600000003,3700.0,5,0,1,0,1.0
120428,0,0.038213603,57,2,0.13760594199999998,10500.0,13,0,1,0,2.0
120431,0,0.0,63,0,0.615508596,5583.0,6,0,1,0,1.0
120432,0,0.800938389,34,0,1825.0,,6,0,2,0,0.0
120433,0,0.086244183,54,0,0.047181760999999996,3157.0,5,0,0,0,0.0
120434,0,0.0,56,0,0.0,7000.0,2,0,0,0,0.0
120435,0,0.040890166,58,0,1664.0,0.0,4,0,1,0,0.0
120438,0,0.47860771700000004,37,0,0.281876791,5583.0,12,0,0,0,1.0
120439,0,0.643592929,64,0,0.328344188,15967.0,16,0,3,0,0.0
120440,0,0.9999998999999999,28,1,0.172331068,2500.0,1,1,0,1,1.0
120441,0,0.258910063,40,0,4564.0,0.0,17,0,2,0,4.0
120443,0,0.867109635,31,0,0.095931054,7077.0,4,1,0,0,0.0
120444,0,0.128634035,60,0,0.260526822,5200.0,6,0,0,0,0.0
120445,0,0.012087843000000001,56,0,0.008326395,1200.0,4,0,0,0,0.0
120448,0,0.105126325,27,0,0.17069980399999998,1528.0,4,0,0,0,0.0
120450,0,0.0,22,0,0.0,820.0,1,0,0,0,0.0
120451,0,0.271805827,26,0,0.182726909,2500.0,4,0,0,0,0.0
120452,0,0.20025416399999998,61,0,116.0,,11,0,0,0,0.0
120453,0,0.146847939,47,0,0.488788041,7491.0,11,0,1,0,1.0
120454,0,0.045662772000000004,47,0,1.020766036,4333.0,33,0,2,0,0.0
120455,0,0.0,63,0,0.166666667,5051.0,4,0,1,0,1.0
120456,0,0.079182646,39,0,0.340131974,5000.0,27,0,2,0,1.0
120457,0,0.5711681679999999,52,2,0.324540368,1250.0,7,0,0,0,0.0
120458,0,0.042591482,80,0,1602.0,,5,0,1,0,0.0
120459,0,0.9999998999999999,23,0,60.0,,0,0,0,0,0.0
120460,1,0.040857,34,0,0.40508596,5583.0,7,0,2,0,1.0
120461,0,0.026067707000000002,70,0,0.154230632,2800.0,4,0,0,0,0.0
120462,0,0.9999998999999999,48,0,0.084333301,20833.0,2,0,0,0,3.0
120463,0,0.001554136,59,0,0.11618782400000001,7900.0,13,0,2,0,0.0
120466,0,0.589596456,67,1,0.7427937920000001,7666.0,16,0,4,0,1.0
120468,0,0.447062003,60,0,0.225462423,6000.0,13,0,0,0,1.0
120469,0,0.469489649,49,0,0.452922965,5490.0,9,0,2,0,0.0
120470,0,0.046703219000000004,48,0,0.544994579,8300.0,10,0,2,0,0.0
120471,0,0.055514337999999996,32,0,0.003062879,16650.0,3,0,0,0,0.0
120472,0,0.41765823399999996,39,0,0.344798084,5843.0,5,0,1,0,2.0
120473,0,0.459379141,48,0,0.087656927,9000.0,7,0,0,0,2.0
120474,0,0.003348759,65,0,165.0,,8,0,1,0,1.0
120475,0,0.0,45,0,915.0,,3,0,0,0,2.0
120476,0,0.08707836,39,0,0.317987034,9100.0,9,0,2,0,3.0
120477,0,0.9999998999999999,73,0,0.219979473,2922.0,2,0,0,0,0.0
120480,0,0.025090339,66,0,0.011579286000000001,3108.0,9,0,0,0,0.0
120481,0,0.0,24,0,0.0,0.0,1,0,0,0,0.0
120483,0,0.018717908999999998,54,0,1.3657357680000002,1861.0,16,0,1,1,2.0
120488,0,0.227438141,59,0,0.57252133,3398.0,21,0,2,0,0.0
120489,0,0.8076416540000001,48,0,0.848715165,5525.0,24,0,2,0,4.0
120490,0,0.06215221,63,0,0.144578313,3900.0,8,0,1,0,1.0
120491,0,0.013661814,68,0,1317.0,,8,0,1,0,0.0
120492,0,0.004232067,66,0,716.0,,12,0,1,0,0.0
120493,0,0.008150576,42,1,865.0,,10,0,1,0,0.0
120495,0,0.619483141,63,0,2828.0,,16,0,2,0,
120496,0,0.053580127000000005,62,0,2830.0,,8,0,2,0,0.0
120497,0,0.9999998999999999,65,0,698.0,,1,0,1,0,0.0
120498,0,0.012465836000000001,56,0,0.000749513,6670.0,3,0,0,0,0.0
120499,0,0.063251458,49,0,0.379750707,13076.0,6,0,2,0,2.0
120501,0,0.569838509,31,0,0.266681954,4360.0,6,0,0,0,0.0
120503,0,0.9999998999999999,53,0,0.124625125,3000.0,5,0,1,0,0.0
120504,0,0.03343541,48,0,0.005923731999999999,2700.0,2,0,0,0,0.0
120505,0,0.008475787,71,0,0.025294373999999998,4585.0,3,0,0,0,0.0
120506,0,0.380658966,48,0,2882.0,,14,0,1,0,0.0
120507,0,0.9999998999999999,23,0,0.184815185,1000.0,2,0,0,0,0.0
120508,0,0.445760573,57,0,0.39957146299999996,12600.0,17,0,2,0,2.0
120509,0,0.035267874,61,1,0.375202362,10500.0,10,0,1,0,0.0
120510,1,1.014197161,48,1,0.545059718,3683.0,7,0,1,0,4.0
120511,0,0.075240022,70,0,0.800816697,2203.0,12,0,1,0,0.0
120513,0,0.531432275,57,1,0.035706871,4816.0,6,1,0,1,0.0
120516,0,0.9326134770000001,32,0,0.01629837,10000.0,3,0,0,0,2.0
120517,0,0.006713327,53,0,0.034236805,700.0,2,0,0,0,0.0
120518,0,0.2177311,50,0,0.171221788,10500.0,5,0,1,0,1.0
120519,0,0.0,58,0,0.121286121,4913.0,8,0,1,0,1.0
120520,0,0.603445624,48,2,0.127428383,12147.0,6,1,0,3,0.0
120521,0,0.096637124,57,0,0.28836680600000003,7916.0,12,0,2,0,2.0
120522,0,0.005899803,80,0,5.0,,1,0,0,0,0.0
120523,0,0.08253497900000001,52,0,0.41484318,5483.0,13,0,1,0,3.0
120524,0,0.039261762,76,0,0.358843931,4324.0,12,0,1,0,1.0
120526,0,0.0,89,0,0.0,,3,0,0,0,0.0
120527,0,0.874293195,68,2,0.597080584,5000.0,8,0,3,0,0.0
120529,0,0.44557052,58,0,0.34412698399999997,15749.0,14,0,1,0,0.0
120532,0,0.372627373,33,1,0.004398241,2500.0,1,0,0,0,0.0
120534,0,0.210669423,47,0,0.265341832,8000.0,11,0,1,0,2.0
120535,0,0.033343565,50,0,506.0,,13,0,1,0,0.0
120537,0,0.00354682,78,1,0.058974359000000004,8579.0,7,0,0,0,0.0
120538,0,0.005134517,69,0,0.081420817,10500.0,11,0,2,0,0.0
120539,0,0.463031883,82,0,0.382356005,9600.0,14,0,2,0,0.0
120541,0,0.072010032,44,0,0.286554523,8500.0,23,0,1,0,2.0
120542,0,0.254601539,43,0,0.28657114300000003,3000.0,9,0,1,0,2.0
120543,0,0.586287473,69,0,1.2796838990000001,15184.0,24,0,11,0,1.0
120546,0,0.212078792,56,0,0.25829383899999997,5907.0,5,0,1,0,0.0
120548,1,0.9999998999999999,58,6,3.9723093960000004,5416.0,12,0,9,1,0.0
120549,0,0.08690957,68,0,0.24712888100000002,4701.0,8,0,1,0,0.0
120550,0,0.767499415,61,0,0.793372691,5250.0,12,0,2,0,0.0
120551,0,0.782937074,54,0,0.374291745,9000.0,11,0,2,0,0.0
120552,0,0.0,41,0,0.45228381700000003,12500.0,11,0,4,0,2.0
120553,1,0.7530295509999999,43,4,0.501854857,8625.0,16,2,3,0,0.0
120554,0,0.044728563,71,0,0.25697246100000004,5700.0,8,0,1,0,0.0
120555,0,0.9640239840000001,30,0,470.0,,2,0,0,0,0.0
120558,0,0.9484694659999999,61,0,2041.0,,4,0,1,0,0.0
120559,0,0.128864948,67,0,0.35258827600000003,5833.0,8,0,1,0,0.0
120562,0,0.009053784,76,0,0.007009346,2995.0,11,0,0,0,0.0
120565,1,0.010876557,53,1,0.012436665,8683.0,4,0,0,1,1.0
120566,0,0.941956288,36,0,0.242121278,4600.0,5,0,0,0,0.0
120567,0,0.052734478,50,0,0.291064449,11000.0,15,0,1,0,2.0
120569,0,0.007079313,88,0,15.0,,6,0,0,0,0.0
120570,0,0.909628058,37,0,0.344109315,6000.0,12,0,1,0,1.0
120571,1,0.931098227,35,2,0.43125352899999997,7083.0,16,0,1,1,4.0
120572,1,0.19976498199999998,39,0,2.0,1.0,3,0,0,0,1.0
120573,0,0.158300115,59,0,0.100152905,2615.0,7,0,0,0,0.0
120574,0,0.0,77,0,0.310168983,10000.0,6,0,2,0,1.0
120575,0,0.24450094,46,0,0.482335016,10500.0,16,1,1,0,0.0
120577,1,0.9999998999999999,30,0,0.46877602,1200.0,1,3,0,0,0.0
120578,0,0.295453549,59,0,0.222184685,8879.0,8,0,0,0,1.0
120579,1,1.03419253,34,1,0.731139793,5500.0,14,1,1,4,1.0
120580,0,0.09814873199999999,66,0,0.016390282,5185.0,4,0,0,0,0.0
120582,0,0.043897805,75,0,0.006748313000000001,4000.0,3,0,0,0,0.0
120583,0,0.023908016,49,0,0.614596351,4000.0,11,0,1,0,0.0
120584,0,0.013777173,75,0,0.556292722,4973.0,23,0,2,0,1.0
120586,0,0.46704165299999995,62,0,0.144067284,16526.0,9,0,1,0,1.0
120587,0,0.006571240999999999,43,0,0.284599439,8200.0,6,0,1,0,1.0
120588,0,0.5657822220000001,27,1,0.791558682,2700.0,6,0,1,0,0.0
120589,0,0.918243705,63,0,0.43557439,8730.0,10,0,2,0,0.0
120592,0,0.0,63,0,0.0,,1,0,0,0,0.0
120593,0,0.129959644,69,0,0.41483901100000004,2142.0,3,0,0,0,0.0
120594,0,0.01393721,27,0,0.329588015,800.0,9,0,0,0,0.0
120596,1,0.9999998999999999,38,0,53.0,,1,0,0,0,0.0
120598,0,0.957376447,50,0,0.410287746,9000.0,12,0,3,0,0.0
120599,0,0.088128422,59,1,0.178492075,6750.0,12,0,1,0,0.0
120601,0,0.888483708,41,0,0.187235679,2600.0,3,0,0,0,0.0
120603,0,0.16247836300000001,54,0,0.31798254,26230.0,14,0,2,0,2.0
120609,1,0.960506582,39,0,0.76124775,5000.0,6,2,1,0,2.0
120611,0,0.018678712,58,0,0.15651289599999998,10816.0,10,0,2,0,0.0
120612,0,0.070433098,38,1,0.006615878,4987.0,5,0,0,0,3.0
120613,0,0.024310022,50,0,0.075592441,10000.0,10,0,1,0,0.0
120616,0,0.0,40,0,0.264258123,4400.0,9,0,1,0,0.0
120618,0,0.026324773,48,0,0.141100866,3578.0,7,0,0,0,0.0
120621,0,0.003160913,85,0,6.0,,12,0,0,0,0.0
120622,0,0.271713539,54,1,0.532596176,4340.0,14,0,2,0,2.0
120623,1,0.245940556,70,2,263.0,,6,0,0,0,
120624,1,0.9411385259999999,28,0,0.308996089,2300.0,4,1,0,0,0.0
120628,0,0.7499086559999999,63,0,0.331105765,11222.0,15,0,1,0,1.0
120629,0,0.010172121,57,0,1483.0,,6,0,1,0,3.0
120630,0,0.014415563000000001,54,0,0.159767611,5507.0,11,0,1,0,0.0
120631,0,0.0,43,0,0.36853633,10500.0,6,0,1,0,0.0
120632,0,0.006434815,50,0,0.200369202,13000.0,18,0,1,0,2.0
120633,0,0.815439035,57,0,0.502660407,6389.0,13,0,1,0,2.0
120635,0,0.012894915,72,0,2390.0,,12,0,2,0,0.0
120636,0,1.0014281999999999,55,0,0.6991755829999999,5700.0,12,0,2,0,0.0
120637,0,0.9999998999999999,61,2,0.009788769000000001,1940.0,1,0,0,0,0.0
120639,0,0.51604566,57,0,1.1884498479999999,6250.0,19,0,2,0,1.0
120640,0,0.125879394,61,1,0.23088455800000002,2000.0,29,0,0,0,0.0
120641,0,0.17881759100000003,36,0,0.267773223,10000.0,7,0,1,0,5.0
120642,0,0.0,64,0,472.0,,11,0,1,0,0.0
120643,1,0.629805975,51,4,0.581629944,3766.0,9,0,2,0,2.0
120645,0,0.46462197200000005,42,0,0.48596760200000005,15000.0,23,0,1,0,0.0
120646,0,0.018682545,77,0,0.002988992,13716.0,11,0,0,0,0.0
120647,0,0.031042726,64,0,0.098185699,11243.0,8,0,2,0,0.0
120648,0,0.41354887100000004,69,0,0.372365805,5029.0,7,0,4,0,0.0
120650,0,0.42145668,47,0,0.197048506,8266.0,5,0,0,0,1.0
120651,0,0.0,73,0,642.0,,6,0,1,0,0.0
120652,0,0.179850185,38,0,0.071259771,5500.0,9,0,0,0,0.0
120654,0,0.068514459,55,0,3216.0,,17,0,3,0,0.0
120656,0,0.030532655,44,0,0.38495904700000005,9400.0,11,0,2,0,1.0
120657,1,0.477849696,46,0,0.13113281699999998,8906.0,16,0,0,0,2.0
120659,0,0.07237774400000001,70,0,0.46342276299999996,6000.0,9,0,0,0,0.0
120660,0,0.15726796199999998,59,1,0.547286122,6650.0,12,0,2,1,0.0
120662,0,0.038664323,63,0,0.539761735,9820.0,16,0,4,0,0.0
120664,0,0.49367088600000003,26,0,0.551632245,1500.0,8,0,1,0,0.0
120666,0,0.9596510359999999,26,0,0.173275575,3000.0,4,0,0,0,2.0
120667,0,0.017393564,64,0,0.251365126,5493.0,18,0,2,0,0.0
120668,0,0.081748316,44,1,2486.0,,9,0,1,0,
120669,0,0.9999998999999999,51,0,1372.0,,3,0,1,0,0.0
120670,0,0.111707902,64,1,0.124875125,1000.0,4,0,0,0,0.0
120671,0,0.0,67,0,0.26627807800000003,14067.0,10,0,3,0,2.0
120673,0,0.79480602,57,1,0.329924967,13593.0,12,0,2,0,2.0
120675,0,0.00477237,75,0,0.044207867000000005,11083.0,11,0,1,0,0.0
120677,0,0.234544604,49,1,0.454886654,6660.0,12,0,2,0,2.0
120678,0,0.549649058,74,0,0.255018248,6575.0,8,0,0,0,0.0
120679,0,0.188119654,40,2,4658.0,0.0,9,1,1,0,0.0
120680,0,0.036087628,63,0,0.316042737,12260.0,8,0,3,0,0.0
120682,0,0.367996075,43,0,0.278188872,25000.0,11,0,2,0,2.0
120683,0,0.12164159599999999,34,0,0.238547969,2313.0,4,0,0,0,0.0
120685,0,0.517050885,63,0,0.776973457,2900.0,12,0,0,0,0.0
120686,0,0.604248272,48,0,0.893273359,4890.0,20,0,2,0,0.0
120688,0,0.033511799,85,0,0.22963620199999998,5634.0,11,0,1,0,0.0
120692,0,0.0,60,0,0.641101569,10130.0,23,0,2,0,2.0
120693,0,0.070533314,61,1,0.166666667,4601.0,11,0,1,0,0.0
120694,0,0.022977908999999998,60,0,0.233191702,4000.0,8,0,1,0,0.0
120696,0,0.0,52,0,0.073346333,20000.0,5,0,1,0,2.0
120698,0,0.715630665,50,0,366.0,,7,0,0,0,0.0
120699,0,0.889703432,41,0,0.171502976,5375.0,5,0,1,0,0.0
120700,0,0.770095793,30,0,486.0,,3,1,0,0,
120701,0,0.033416555,36,0,2270.0,,8,0,1,0,0.0
120702,0,0.412430642,37,0,0.26776,12499.0,11,0,1,0,3.0
120703,0,0.7031844359999999,28,0,0.16511257699999998,4396.0,4,0,0,0,0.0
120704,0,0.8482372440000001,53,0,1049.0,,7,0,0,0,0.0
120705,0,0.361527694,64,0,688.0,,2,0,1,0,0.0
120706,0,0.394921016,28,0,0.130083646,3466.0,2,0,0,0,0.0
120708,0,0.9999998999999999,33,0,0.0,,1,0,0,0,0.0
120709,0,0.119288455,41,0,30.0,,2,0,0,0,0.0
120710,0,0.109868133,64,0,0.276344731,5000.0,10,0,2,0,0.0
120712,1,0.79568953,44,2,0.8155859609999999,1680.0,5,0,0,1,3.0
120713,0,0.021049649,64,0,4084.0,,12,0,3,0,0.0
120715,0,0.010939889,50,1,0.001124859,2666.0,6,0,0,0,0.0
120716,0,0.154753525,40,1,0.459654035,10000.0,10,0,3,0,1.0
120717,0,0.013858212,67,0,0.004999445,9000.0,4,0,0,0,1.0
120719,0,0.337470641,52,0,0.33987603299999997,2903.0,13,0,1,0,4.0
120721,0,0.048797905,61,0,0.004611837,1300.0,4,0,0,0,0.0
120722,0,0.260223987,61,0,0.432162239,3500.0,14,0,0,0,0.0
120723,0,0.423754103,40,0,0.19670685100000002,3400.0,6,0,1,0,1.0
120725,0,0.10888720699999999,49,0,0.46684908399999997,4750.0,11,0,1,0,3.0
120726,0,0.000263649,81,0,4.0,,12,0,0,0,0.0
120727,0,0.0,67,0,1843.0,,4,0,1,0,0.0
120728,0,0.024106884,68,0,0.169263965,4170.0,6,0,1,0,1.0
120729,0,0.072644189,78,0,0.140998861,10531.0,9,0,2,0,1.0
120731,0,0.9999998999999999,40,0,0.38662567299999995,3902.0,2,0,1,0,2.0
120732,0,0.4887983,34,0,0.273514602,4964.0,5,0,0,0,2.0
120733,0,0.8541458540000001,47,0,0.09495252400000001,2000.0,2,0,0,0,1.0
120734,0,0.541430193,59,0,1.004367357,8013.0,14,0,4,0,1.0
120736,0,0.067601196,47,0,0.008380154,10500.0,5,0,0,0,0.0
120738,0,0.514458642,48,0,0.16747208800000002,6000.0,7,0,0,0,3.0
120739,0,0.20509693899999998,30,0,0.118126809,3800.0,10,0,0,0,2.0
120740,0,0.53778449,48,0,0.17467163300000002,5100.0,6,0,0,0,1.0
120743,0,0.153785259,81,0,3385.0,,12,0,1,0,0.0
120744,0,0.055090348,63,1,0.19738528600000002,3900.0,12,0,0,0,0.0
120745,0,0.0,44,0,0.46838344299999995,7416.0,6,0,1,0,0.0
120746,0,0.045706989,65,0,0.385122975,5000.0,7,0,2,0,1.0
120747,0,0.126873127,65,0,0.61858915,5400.0,6,0,2,0,1.0
120748,0,0.45007209,43,0,0.417454624,9200.0,6,0,2,0,1.0
120749,0,0.7932485090000001,36,0,0.813917366,3218.0,9,0,0,0,0.0
120750,0,0.031568745,84,0,1.2077922079999999,1000.0,13,0,2,0,0.0
120751,0,0.0,59,0,0.139107612,8000.0,12,0,1,0,0.0
120752,1,0.031984273,35,0,0.865927419,6943.0,19,0,9,0,0.0
120755,0,0.163294686,34,0,0.285826309,5100.0,8,0,0,0,3.0
120756,1,0.574850299,31,0,0.090969677,3000.0,2,0,0,1,0.0
120757,0,0.0014018529999999998,77,0,2.0,,8,0,0,0,
120758,0,0.020119566000000002,66,0,0.236201577,2916.0,16,0,1,0,0.0
120759,0,0.88637121,47,0,0.272714326,7021.0,7,0,2,0,1.0
120760,0,0.18079767100000002,42,0,0.28540243600000004,14200.0,7,0,1,0,2.0
120761,0,0.046362432,62,0,0.022391044,2500.0,4,0,0,0,0.0
120762,0,0.165155109,52,0,3108.0,,6,0,1,0,2.0
120763,0,0.0,50,0,0.32933413300000003,3333.0,7,0,2,0,1.0
120764,0,0.9999998999999999,55,0,76.0,,0,0,0,0,0.0
120765,0,0.840824624,39,0,1635.0,,4,0,0,0,0.0
120769,0,0.204759048,54,0,1219.0,,3,0,1,0,0.0
120770,0,0.022425494,68,0,0.007492114,2535.0,3,0,0,0,0.0
120771,0,0.009855735,79,0,0.239297945,2335.0,2,0,0,0,2.0
120772,0,0.013962752,43,0,0.005331911,3750.0,2,0,0,0,0.0
120774,1,0.918630086,62,1,0.984992275,4530.0,13,1,2,0,0.0
120775,0,0.037932136,35,0,0.099719247,9616.0,14,0,0,0,0.0
120776,0,0.450424929,53,1,0.231176556,13785.0,17,0,2,0,0.0
120778,0,0.167205435,51,2,0.710357846,12183.0,15,0,4,0,0.0
120779,0,0.0,49,0,1055.0,,5,0,1,0,0.0
120780,0,0.09679019900000001,48,0,75.0,,3,0,0,0,0.0
120783,0,0.035911482,54,0,0.002999625,8000.0,3,0,0,0,0.0
120784,0,0.0,70,0,0.0,25000.0,1,0,0,0,1.0
120786,0,0.34101690100000004,44,0,0.919292852,1300.0,8,0,1,1,0.0
120790,0,0.000919243,53,0,0.173091931,6406.0,11,0,1,0,0.0
120792,0,0.04862554400000001,37,0,0.17039559,6167.0,4,0,1,0,3.0
120795,0,0.141296131,39,0,0.263334935,2080.0,4,0,0,0,0.0
120796,0,0.066251965,61,1,0.240460763,4166.0,15,0,1,0,0.0
120797,0,0.153909969,60,0,0.20874130800000001,7046.0,13,0,1,0,0.0
120799,0,0.362456771,52,0,3496.0,,18,0,2,0,0.0
120800,0,0.022993423,48,0,0.015525499,19000.0,12,0,1,0,4.0
120801,0,0.43184449700000005,57,0,0.34838618299999996,7063.0,9,0,1,0,1.0
120802,0,0.269346131,24,0,0.682095006,820.0,3,0,0,0,0.0
120803,0,0.98840116,54,1,0.370575295,15000.0,10,0,4,0,3.0
120804,0,0.166833167,28,0,0.0020824660000000003,2400.0,1,0,0,0,0.0
120807,0,0.021738271,76,0,15.0,,4,0,0,0,0.0
120808,0,0.018605241,67,0,0.256051641,5576.0,12,0,2,0,1.0
120809,0,0.043911134000000004,59,0,0.378684478,6886.0,11,0,1,0,1.0
120813,0,0.92007992,51,0,0.045522547999999996,4678.0,5,1,0,0,0.0
120814,0,0.49606995,30,0,0.446729506,3500.0,8,0,0,0,0.0
120815,0,0.049734835,49,0,0.022391044,2500.0,3,0,0,0,0.0
120816,0,0.23038156899999998,37,0,0.735689934,5572.0,11,0,2,0,2.0
120817,0,0.92857568,64,2,0.320285714,10499.0,5,0,1,0,2.0
120818,0,0.08887834300000001,45,0,0.101492946,7300.0,6,0,0,0,0.0
120819,0,0.37898264200000004,63,1,2874.0,,11,0,0,0,2.0
120820,0,0.21538523699999998,54,0,2537.0,,5,0,1,0,0.0
120821,0,0.006998668,75,0,0.09731543599999999,1191.0,10,0,1,0,0.0
120822,0,0.216679376,48,0,1547.0,,9,0,1,0,1.0
120824,0,0.065725372,39,0,0.323591617,5200.0,8,0,1,0,0.0
120825,0,0.7479005190000001,55,0,0.902561904,9328.0,22,0,3,0,3.0
120827,0,0.7505894809999999,26,0,0.552618933,2080.0,9,0,0,0,1.0
120828,0,0.532873356,68,0,0.09857849199999999,3235.0,2,0,0,0,0.0
120831,0,0.332232672,38,0,2146.5,1.0,11,0,2,0,2.0
120832,0,0.081220223,68,0,1176.0,,5,0,1,0,0.0
120834,0,0.472124206,39,1,0.451124852,7600.0,11,0,3,0,0.0
120835,1,0.27290903,35,0,0.437391136,5166.0,5,0,1,2,1.0
120836,0,0.1230116,52,0,2154.0,,3,0,1,0,
120837,0,0.062282748,44,0,1119.0,,4,0,1,0,0.0
120839,0,0.075651123,38,0,3675.0,,4,0,2,0,0.0
120841,0,0.06963520599999999,77,0,0.26510989,2183.0,14,0,0,0,0.0
120843,0,0.591307658,55,0,5277.0,,22,0,1,0,1.0
120844,0,0.9999998999999999,35,0,249.0,,1,0,0,0,0.0
120846,1,0.282679417,45,0,0.233586315,8300.0,10,0,1,0,2.0
120848,0,0.027887856000000003,31,0,115.0,,6,0,0,0,0.0
120849,0,0.8288473959999999,66,0,1.008952447,8600.0,21,0,2,0,1.0
120850,0,0.492146365,36,0,0.195149088,4493.0,5,0,0,0,1.0
120852,0,0.061084300999999994,77,0,0.014055537,2916.0,10,0,0,0,0.0
120853,0,0.01119968,53,0,1.061587682,5000.0,7,0,1,0,0.0
120854,0,0.0,29,1,0.0,2200.0,5,0,0,0,0.0
120855,0,0.001684328,74,0,0.268863419,6281.0,14,0,2,0,0.0
120857,0,0.9283651820000001,71,3,0.39171666299999996,5166.0,15,0,0,0,0.0
120858,0,0.41849637700000003,74,0,1.262275449,1669.0,16,0,2,0,0.0
120859,1,0.9999998999999999,24,0,0.030805687000000002,1687.0,3,0,0,0,0.0
120861,0,0.040576482999999997,63,0,0.675601868,13914.0,11,0,5,0,0.0
120862,0,0.009141986,75,0,621.0,,3,0,0,0,0.0
120863,0,0.0,71,0,0.0,2019.0,3,0,0,0,0.0
120864,0,0.011882645,40,0,1974.0,,19,0,1,0,3.0
120865,0,0.013320682,35,0,0.253116012,8343.0,7,0,1,0,3.0
120866,0,0.046521065,78,0,0.39285714299999996,5543.0,9,0,2,0,1.0
120867,0,0.479501367,31,1,0.334545455,4949.0,5,0,1,0,1.0
120868,0,0.9999998999999999,63,0,937.0,,4,0,1,0,0.0
120869,0,0.048404938,41,0,0.012794881999999999,2500.0,3,0,0,0,0.0
120872,0,0.119495404,50,0,0.094293186,6500.0,12,0,0,0,0.0
120873,0,0.9999998999999999,58,0,0.0,3186.0,2,0,0,0,0.0
120874,0,0.0,53,0,2350.0,,7,0,1,0,0.0
120876,0,0.127232872,47,1,0.34429292,5352.0,8,0,1,0,0.0
120877,0,0.125929655,75,1,3.196347032,437.0,23,0,1,0,0.0
120878,0,0.050576422,30,0,36.0,,3,0,0,0,0.0
120879,0,0.030783246,51,0,1991.0,,8,0,2,0,0.0
120880,0,0.020726331,41,0,1390.0,,7,0,1,0,0.0
120881,0,0.650304,47,0,0.46852993,4543.0,8,0,2,0,0.0
120883,0,0.58430984,64,0,3803.0,,16,0,1,0,0.0
120887,0,0.35152707899999996,62,1,0.19040464199999999,19300.0,14,0,2,0,4.0
120888,1,0.5557995920000001,32,0,0.43107038700000005,2400.0,12,0,0,0,0.0
120890,0,0.009513312,68,0,0.37628504700000004,8559.0,20,0,1,0,2.0
120892,1,0.5069860279999999,42,1,0.2790491,4500.0,7,0,1,0,2.0
120893,0,0.9999998999999999,41,0,0.0,3880.0,1,0,0,0,2.0
120894,0,0.161850391,77,1,0.074469098,10500.0,17,0,0,0,0.0
120895,0,0.658946693,66,0,0.415011759,15307.0,11,0,2,0,0.0
120896,0,0.008165305999999999,69,0,1.295626467,11500.0,10,0,6,0,0.0
120898,0,0.336530745,66,0,0.517186025,10589.0,9,0,4,0,0.0
120899,0,0.028598856000000002,47,0,0.170752762,11583.0,5,0,1,0,0.0
120901,0,0.201021594,63,0,5908.0,,9,0,1,0,0.0
120902,0,0.036918344,72,0,0.533333333,1124.0,7,0,0,0,0.0
120903,0,0.032648263,49,0,0.026275704,2625.0,12,1,0,0,3.0
120904,0,0.0,84,0,0.0,,2,0,0,0,0.0
120905,0,0.056986807,63,0,84.0,,6,0,0,0,0.0
120908,0,0.0,49,0,0.037932317,13444.0,5,0,1,0,3.0
120910,0,0.0008780060000000001,60,0,547.0,,8,0,0,0,
120911,0,0.077692997,61,0,0.37325714299999996,8749.0,9,0,3,0,0.0
120912,0,0.132721527,40,0,0.510034904,6875.0,12,0,1,0,0.0
120913,0,0.0,49,0,0.11331257800000001,150000.0,10,0,5,0,3.0
120914,0,0.020798908,59,0,1971.0,,17,0,1,1,0.0
120915,0,0.245839544,57,0,0.851694271,6580.0,11,0,3,0,3.0
120917,0,0.209947788,80,0,0.44435004200000006,1176.0,3,0,0,0,0.0
120918,0,0.7363701140000001,61,0,0.998512458,2688.0,10,0,1,0,0.0
120919,0,0.004401805999999999,62,0,0.272440581,13000.0,15,0,2,0,1.0
120921,0,0.0,33,0,0.610169492,2300.0,9,0,1,0,3.0
120922,0,0.328048419,79,0,0.396484821,4380.0,6,0,1,0,1.0
120923,0,0.977281817,49,1,0.552222624,8300.0,9,0,2,0,2.0
120924,0,0.446140188,53,0,0.5601889179999999,8680.0,15,0,2,0,3.0
120926,0,0.016674508,55,0,1.403544649,4400.0,19,0,2,0,0.0
120927,0,0.24254056300000001,39,0,0.409248715,7200.0,12,0,2,0,1.0
120928,0,0.460103349,34,0,0.719493477,2605.0,8,0,1,0,0.0
120929,0,0.017906671000000002,59,0,2041.0,,4,0,1,0,0.0
120930,0,0.04819439,66,0,0.527157827,12500.0,18,0,4,0,0.0
120931,0,0.0,54,1,0.533203929,17000.0,8,0,3,0,0.0
120932,0,0.151292832,67,0,1091.0,,13,0,2,0,0.0
120933,0,0.146785169,57,0,0.7107364690000001,2253.0,5,0,1,0,2.0
120934,0,0.077594827,46,0,0.013594562,2500.0,4,0,0,0,0.0
120936,0,0.168139643,68,0,0.239380498,13300.0,12,0,2,0,0.0
120938,0,0.9999998999999999,21,0,0.0,,1,0,0,0,
120939,0,0.028529421,56,0,2592.0,,12,0,2,0,0.0
120941,0,0.003568903,43,0,0.386951631,8000.0,11,0,3,0,4.0
120943,0,0.374145034,57,1,816.0,,9,0,0,0,0.0
120945,0,0.213303708,26,0,0.011740684,3917.0,1,0,0,0,0.0
120948,0,0.976354547,46,0,0.333139196,5150.0,10,0,1,0,4.0
120950,0,0.026341775,53,0,0.16945230100000003,11666.0,9,0,1,0,2.0
120951,0,0.0,54,0,0.245017015,6170.0,10,0,0,0,0.0
120952,0,0.063131692,64,0,87.0,,3,0,0,0,
120954,0,0.0,49,0,7810.0,,10,0,4,0,3.0
120955,0,0.10590112,59,0,1.2234441390000002,4000.0,25,0,2,0,2.0
120957,0,0.513628304,71,2,392.0,0.0,8,0,0,0,0.0
120958,0,0.08595902,61,0,3798.0,,6,0,2,0,0.0
120959,1,0.9999998999999999,27,0,0.0,,1,0,0,0,0.0
120960,0,0.115721595,31,0,0.302024747,5333.0,12,0,2,0,0.0
120964,0,0.07093556200000001,31,0,0.205481813,5800.0,6,0,0,0,0.0
120965,0,0.005673998,64,0,0.613069371,6212.0,8,0,2,0,1.0
120966,0,0.013866358999999998,67,0,679.0,,4,0,1,0,0.0
120967,0,0.9999998999999999,61,1,0.32759867,6916.0,4,0,1,0,0.0
120968,0,0.0,49,0,0.029785461000000003,4800.0,8,0,0,0,0.0
120970,0,0.265746651,38,0,0.090965905,14400.0,4,0,1,0,0.0
120971,0,0.0,35,0,0.0,334.0,3,0,0,0,0.0
120972,0,0.38976896,41,0,0.3203125,8575.0,8,0,1,0,2.0
120973,0,0.193210225,34,0,0.288192827,8587.0,5,0,1,0,5.0
120974,0,0.068689313,60,0,0.5041356929999999,9550.0,16,0,3,0,2.0
120975,0,0.113050596,56,0,2815.0,,13,0,1,0,1.0
120976,0,0.0,83,0,1847.0,,6,0,1,0,
120977,0,0.046304658,61,0,0.258323452,10962.0,15,0,2,0,0.0
120978,0,0.044947022,79,0,0.100385075,7530.0,15,0,1,0,1.0
120980,0,0.9999998999999999,22,0,20.0,,0,0,0,0,0.0
120981,0,0.015499613,60,0,0.095022624,9060.0,6,0,0,0,2.0
120982,0,0.059912404,73,0,0.685884692,1508.0,17,0,1,0,0.0
120983,0,0.022846024,67,0,0.075768614,6862.0,7,0,1,0,0.0
120986,0,0.029922854,59,0,0.225258247,3000.0,7,0,1,0,0.0
120987,0,0.073133159,45,0,1455.0,,7,0,1,0,0.0
120988,0,0.033118675,76,0,1787.0,,4,0,1,0,0.0
120989,0,0.040562519,49,0,0.291666667,6791.0,14,0,2,0,0.0
120990,0,0.162297719,39,1,0.16810817399999997,8208.0,5,0,1,0,0.0
120991,0,0.015212865,59,0,0.151041054,8500.0,9,0,1,0,0.0
120992,0,0.0,62,0,0.113383322,4400.0,11,0,0,0,0.0
120994,0,0.101977338,25,1,0.005498625,4000.0,3,0,0,0,0.0
120995,0,0.906837265,41,0,888.0,,5,0,1,1,0.0
120996,0,0.169221471,42,0,0.358443413,2800.0,14,0,1,0,1.0
120997,0,0.17787555,51,0,1342.0,,8,0,1,0,4.0
120999,0,0.091261371,53,0,0.43327841799999994,6676.0,8,0,1,0,1.0
121000,0,0.048907727000000005,62,0,860.0,,11,0,1,0,0.0
121002,0,0.036968172,47,0,2117.5,1.0,10,0,1,0,0.0
121003,1,0.525418377,31,2,0.741338112,3347.0,9,1,1,1,3.0
121005,0,0.02719864,71,0,16.0,,1,0,0,0,0.0
121007,0,0.40138083700000005,52,0,0.299690343,10333.0,11,0,2,0,0.0
121009,0,0.024098137000000002,48,0,32.0,,4,0,0,0,0.0
121011,1,0.327390217,46,0,0.45127436299999996,2000.0,6,0,0,0,2.0
121013,0,0.336408747,54,0,0.208284799,13735.0,6,0,1,0,3.0
121014,0,0.290541705,45,0,0.576940904,8629.0,6,0,2,0,0.0
121015,0,0.00025423,52,0,0.20842128699999998,9000.0,7,0,1,0,2.0
121016,0,0.9782270609999999,48,3,0.19383674399999998,4250.0,6,2,0,0,0.0
121017,0,0.016328485,72,0,0.008788236999999999,5916.0,17,0,0,0,0.0
121018,0,0.286119348,49,0,0.554428044,2167.0,8,0,0,0,0.0
121019,0,0.340139484,49,1,0.17137960600000002,3500.0,6,0,0,0,0.0
121021,0,0.004357698,46,0,2.7741505660000003,1500.0,9,0,3,0,1.0
121022,0,0.0,34,0,0.423366423,9166.0,6,0,1,0,1.0
121024,0,0.004365653,44,1,0.7525883609999999,2800.0,8,0,2,0,0.0
121025,0,0.022744197,55,0,0.20550406,13916.0,12,0,2,0,2.0
121026,0,0.128340402,41,0,4298.0,,10,0,3,0,0.0
121027,0,0.693488618,47,3,0.430293449,10120.0,10,0,2,1,0.0
121028,0,0.850342081,67,0,0.447236851,15000.0,19,0,3,0,0.0
121029,0,0.002549873,83,0,1.0,,2,0,0,0,0.0
121030,0,0.9999998999999999,27,0,0.16909454399999999,3500.0,2,0,0,0,0.0
121031,0,0.0,33,0,0.19289152199999998,2700.0,7,0,0,0,0.0
121032,0,0.0,94,1,0.0,2337.0,4,0,0,0,0.0
121033,0,0.076997345,75,0,0.141010576,850.0,9,0,1,1,0.0
121034,0,0.0,68,0,0.053494651,10000.0,7,0,0,0,1.0
121037,0,0.0,32,0,0.404606794,4297.0,6,0,2,0,1.0
121038,0,0.022032599,67,0,611.0,,7,0,1,0,0.0
121040,0,0.992909735,48,1,0.180565842,6750.0,6,2,0,1,0.0
121042,0,0.36485234,60,0,0.9274493,3500.0,13,0,1,0,0.0
121044,0,0.006398936,55,0,0.00085702,7000.0,6,0,0,0,0.0
121047,0,0.048900070999999996,45,0,0.097655529,5416.0,4,0,0,0,0.0
121048,0,0.18469501100000002,67,0,0.297530967,12028.0,17,0,2,0,1.0
121049,0,0.9999998999999999,58,0,0.483258371,2000.0,4,2,1,0,0.0
121050,0,0.422315537,29,0,63.0,,1,0,0,0,0.0
121052,0,0.0,55,0,0.221703617,5141.0,6,0,1,0,1.0
121053,0,0.388097499,61,0,0.21932317199999998,11612.0,15,0,0,0,1.0
121054,0,0.0,79,0,0.734151329,4400.0,6,0,1,0,0.0
121055,0,0.029002305,47,0,0.50743657,8000.0,14,0,2,0,3.0
121056,0,0.749051452,57,0,0.972131148,3049.0,7,0,2,0,3.0
121057,0,1.117176565,30,1,0.23754124,5758.0,5,0,1,0,4.0
121058,1,0.26790450899999996,25,0,0.04772475,2702.0,4,3,0,0,2.0
121059,1,0.9999998999999999,61,3,1748.0,,10,1,3,2,0.0
121060,0,0.137382395,36,1,685.0,0.0,9,0,0,0,0.0
121061,0,0.318117403,50,0,0.769957343,3281.0,17,0,1,0,0.0
121062,0,0.53441823,39,0,0.26357880699999997,3000.0,7,0,0,0,0.0
121063,0,0.000142511,52,0,0.45209131799999996,6000.0,5,0,1,0,0.0
121065,0,0.732514743,70,0,0.745084972,3000.0,9,0,1,0,0.0
121067,0,0.063191371,64,0,0.136786321,10000.0,27,0,1,0,0.0
121068,0,0.47978910399999997,36,0,0.416258374,10000.0,5,0,2,0,1.0
121069,0,0.044465925999999996,63,0,0.26350123,9350.0,11,0,2,0,0.0
121070,0,0.057431419000000004,41,0,0.19690154899999998,2000.0,7,0,0,0,2.0
121071,0,0.0,40,0,0.0,3500.0,1,0,0,0,0.0
121072,1,1.20174482,33,3,0.177176148,2917.0,3,0,0,0,0.0
121073,0,0.428358605,49,0,0.284683081,10112.0,9,0,1,0,4.0
121075,0,0.18017012300000002,62,0,0.232989064,9875.0,12,0,1,0,2.0
121076,1,0.9999998999999999,51,0,0.003745318,1334.0,1,0,0,0,0.0
121077,0,0.364290203,60,1,2686.0,,8,0,1,0,0.0
121078,0,0.031220724,51,0,0.22165095699999998,3500.0,14,0,0,0,0.0
121079,0,0.836232753,38,0,0.065754866,1900.0,2,0,0,0,0.0
121081,0,0.0,62,0,1.137889688,1667.0,6,0,2,0,0.0
121082,0,0.9999998999999999,39,0,0.65976437,2800.0,6,0,2,0,0.0
121084,0,0.165824158,60,0,0.156759907,1715.0,11,0,0,0,0.0
121085,0,0.001012616,44,0,0.48051418100000004,4900.0,7,0,2,0,2.0
121086,0,0.646878619,52,0,4999.0,,13,0,1,0,0.0
121087,0,0.040312935,56,0,6610.0,,11,0,1,0,0.0
121089,0,0.244950059,59,0,0.31548312,11166.0,11,0,3,0,1.0
121091,0,0.033276852999999995,27,0,1042.0,,12,0,0,0,0.0
121092,0,0.043390360999999995,76,0,0.013111111000000002,4499.0,6,0,0,0,1.0
121094,0,0.058202942,67,0,0.23257498899999998,6900.0,7,0,1,0,1.0
121096,0,0.0,74,0,0.39544571,3600.0,3,0,1,0,0.0
121098,0,0.318128393,38,0,0.40244353899999996,2700.0,14,0,1,0,1.0
121100,0,0.52248511,58,0,0.46627566,3750.0,13,0,0,0,0.0
121101,0,0.610191145,58,0,0.053095086,7834.0,6,0,0,0,0.0
121103,0,0.02879904,68,0,0.22399186699999998,2950.0,3,0,1,0,1.0
121104,0,0.294089892,72,0,0.35233751399999996,11400.0,9,0,1,0,0.0
121105,0,0.8247506240000001,48,2,0.211724138,10149.0,8,0,0,0,3.0
121107,0,0.11091699,54,0,144.0,,3,0,0,0,
121109,0,0.010511396999999999,33,0,0.225849095,9833.0,6,0,2,0,0.0
121111,0,0.303387158,33,0,0.325253749,6600.0,10,0,1,0,4.0
121112,0,0.907780705,51,0,0.775726811,6500.0,11,0,1,0,1.0
121114,0,0.377881478,49,0,0.26313777899999996,10465.0,18,0,2,0,0.0
121115,0,0.32083750699999997,70,2,1.529825737,2983.0,11,0,1,0,0.0
121117,0,0.421840238,46,1,0.186414512,5181.0,8,0,0,0,2.0
121118,0,0.0,65,0,0.430050438,3766.0,20,0,2,1,0.0
121119,0,0.9999998999999999,28,0,0.10534051900000001,2040.0,2,1,0,0,0.0
121122,0,0.0032350559999999996,28,0,0.168293264,4200.0,4,0,0,0,0.0
121125,0,0.0,50,0,0.0,,1,0,0,0,
121126,0,0.248067675,64,0,0.162365489,10500.0,26,0,1,0,0.0
121128,0,0.066939585,41,0,0.369059325,6101.0,12,0,1,0,2.0
121129,0,0.022194581,52,0,1.322384428,1643.0,10,0,1,0,0.0
121130,0,0.12927587699999998,27,0,0.004441977,1800.0,2,0,0,0,0.0
121131,0,0.047957297999999995,70,0,0.35187746,9400.0,12,0,1,0,0.0
121132,0,0.0,23,1,0.197667962,1800.0,3,0,0,0,0.0
121134,1,0.946140515,32,0,0.35501441799999994,3120.0,8,0,0,0,0.0
121135,0,0.14722131900000002,60,0,0.18395401100000003,4000.0,8,0,0,0,0.0
121137,1,0.9999998999999999,62,1,1465.0,,1,0,0,0,0.0
121138,0,0.005699858,64,0,302.0,,2,0,0,0,0.0
121139,0,0.517132057,33,0,0.08757427,3870.0,2,0,0,0,1.0
121140,1,0.9999998999999999,45,2,0.319142074,6200.0,7,0,1,0,2.0
121141,0,0.0,60,2,0.690847873,9800.0,12,0,6,0,0.0
121143,0,0.059934187,47,0,0.261165178,7500.0,8,0,1,0,3.0
121145,0,0.0,57,0,0.0,,4,0,0,0,0.0
121148,1,0.9680040000000001,43,2,0.816411683,5751.0,12,11,5,1,0.0
121150,0,0.0,63,4,5939.0,,6,1,1,0,0.0
121151,0,0.001967192,68,0,0.000536985,7448.0,9,0,0,0,1.0
121152,1,0.773704938,40,0,0.120652355,6008.0,5,2,0,0,2.0
121153,0,0.266427174,54,2,0.234353129,5000.0,14,0,0,0,0.0
121154,0,0.8025549359999999,81,0,0.152094212,9000.0,5,0,0,0,1.0
121155,0,0.008930256,50,0,2712.0,,6,0,2,0,1.0
121158,0,0.485617597,37,0,0.553430821,8000.0,11,0,2,0,1.0
121160,0,0.0,44,2,3037.0,,17,1,3,0,0.0
121161,0,0.021520937,33,0,0.6938986559999999,2900.0,8,0,2,0,0.0
121163,0,0.0,72,0,0.9075043629999999,4583.0,9,0,2,0,0.0
121164,0,0.00015384399999999999,39,0,0.29935004600000004,5384.0,12,0,1,0,0.0
121165,0,0.011332578000000001,75,0,0.001749563,4000.0,5,0,0,0,0.0
121166,0,0.994791182,46,0,0.5191307829999999,7500.0,9,0,1,0,1.0
121167,0,0.00151997,95,0,0.00039992,5000.0,5,0,0,0,0.0
121168,0,0.135537845,28,0,0.117507418,1684.0,4,0,0,0,0.0
121170,0,0.288460179,38,2,0.313230414,6930.0,15,0,2,1,1.0
121172,0,0.0,60,0,0.0,8400.0,3,0,0,0,0.0
121173,0,0.288283446,64,0,0.527368208,4950.0,8,0,2,0,0.0
121174,0,0.898870252,89,1,0.508121212,8249.0,17,0,1,0,1.0
121177,0,0.515561189,40,0,0.080319947,6000.0,5,0,0,0,2.0
121180,0,0.056879398,69,0,0.248937766,4000.0,9,0,1,0,1.0
121181,0,0.856215645,52,0,0.6488483270000001,2300.0,2,0,0,0,0.0
121184,0,0.0,85,0,0.0,2485.0,3,0,0,0,0.0
121185,0,0.008382782,29,0,0.149237859,5641.0,5,0,0,0,0.0
121186,0,0.019296776,49,0,222.0,,7,0,0,0,0.0
121187,1,0.9999998999999999,39,98,19.0,,0,98,0,98,0.0
121188,0,0.007446492,53,0,1233.0,,9,0,1,0,2.0
121190,0,0.49957145299999994,30,0,0.545429439,3620.0,10,0,2,0,0.0
121191,0,0.317905703,54,0,0.654210947,8750.0,12,0,2,0,2.0
121194,1,0.9342083259999999,33,1,0.613197067,4500.0,8,0,2,6,4.0
121195,0,0.12193855699999999,49,0,0.155336154,10634.0,12,0,2,0,0.0
121197,0,0.691207337,65,0,2047.0,,10,0,0,0,1.0
121198,1,0.097180092,38,2,0.183618535,5200.0,10,0,1,0,0.0
121199,1,0.03815551,75,0,830.0,,7,0,0,0,
121202,0,0.041880646,47,0,2035.0,,6,0,1,0,3.0
121204,0,0.933457639,42,1,0.03519648,10000.0,9,0,0,1,2.0
121205,0,0.00436177,87,0,36.0,,15,0,0,0,0.0
121206,0,0.0,73,0,0.22954823,1637.0,4,0,1,0,0.0
121207,0,0.079098418,35,0,0.016034786999999998,7358.0,6,0,0,0,2.0
121208,0,0.191093225,68,0,4262.0,,15,0,4,0,0.0
121209,0,0.10162654,37,0,0.572261558,2400.0,9,0,1,0,5.0
121210,0,0.0,70,0,492.0,,9,0,1,0,
121211,0,0.17600212399999998,55,0,0.340186191,2577.0,7,0,1,0,0.0
121212,0,0.18482529,66,0,0.5467009429999999,3500.0,10,0,1,0,0.0
121213,0,0.759232406,51,0,0.571094829,9416.0,18,0,2,0,0.0
121214,0,0.608371836,33,0,0.131317623,6746.0,11,0,0,0,1.0
121215,1,0.0,31,0,0.476830782,4833.0,11,0,1,0,2.0
121217,1,0.788686723,24,0,0.331334333,2000.0,6,0,0,0,0.0
121220,1,0.339612111,65,3,0.590256924,2996.0,12,0,1,0,0.0
121221,0,0.8883889509999999,37,0,0.311930682,4500.0,7,0,0,0,0.0
121222,0,0.18075443100000002,61,0,0.089487402,2301.0,3,0,0,0,0.0
121224,0,0.505749808,48,0,0.314311458,6658.0,5,0,1,0,0.0
121225,0,0.038377852999999996,65,0,0.001675276,14325.0,1,0,0,0,0.0
121226,0,0.121307086,55,0,2240.0,,12,0,2,0,0.0
121227,0,1.039540961,28,1,0.226529958,3120.0,5,0,0,1,3.0
121228,0,0.046892708,60,0,0.052218078,12600.0,15,0,0,0,2.0
121230,0,0.067025216,51,0,0.008587225,8500.0,8,0,0,0,0.0
121231,0,0.026172565,64,0,0.161994109,18333.0,8,0,2,0,0.0
121233,0,0.35802996299999995,39,0,0.590792213,8166.0,14,0,1,0,3.0
121234,0,0.334872409,38,0,0.785035629,6735.0,13,0,1,0,3.0
121236,0,0.9999998999999999,22,98,0.0,,0,98,0,98,0.0
121237,0,0.027678242000000002,85,0,0.736300333,3302.0,20,0,3,0,0.0
121238,0,0.675062488,51,1,0.183678382,4153.0,3,0,1,0,1.0
121239,0,0.013532431000000001,72,0,0.00239904,2500.0,4,0,0,0,0.0
121240,0,0.108588441,45,0,0.250646766,10049.0,10,0,1,0,1.0
121242,0,0.005387221,54,0,2898.0,,7,0,1,0,0.0
121244,0,0.256220641,52,0,0.016093705,10500.0,9,0,0,0,0.0
121245,0,0.20797400300000002,50,0,0.6068931879999999,6150.0,5,0,3,0,2.0
121246,0,0.221140952,54,0,1.749614283,4536.0,7,0,4,0,4.0
121247,0,0.7290886390000001,30,0,0.107954545,3167.0,2,0,0,0,0.0
121249,0,0.461389899,67,1,0.45492891700000004,6400.0,10,0,1,0,1.0
121250,0,0.819255223,29,0,0.17712382,1800.0,2,0,0,1,1.0
121251,1,0.9999998999999999,41,1,0.565311889,4600.0,1,5,0,0,1.0
121253,0,0.7909870059999999,57,2,0.39590694,15000.0,15,0,1,1,1.0
121256,0,0.0,31,0,0.164611796,3000.0,3,0,0,0,0.0
121257,0,0.9999998999999999,44,0,0.222098834,1800.0,5,0,0,0,1.0
121259,0,0.12471806099999999,46,0,0.450556756,6016.0,13,0,1,0,3.0
121261,0,0.20695159800000001,75,0,0.393053473,4001.0,11,0,2,0,0.0
121264,0,0.887449093,31,1,0.235010338,1450.0,7,0,0,6,0.0
121266,0,0.806477598,65,0,0.145211351,13531.0,11,0,1,0,0.0
121268,0,0.18325286899999998,54,0,1.363588529,3800.0,19,0,2,0,0.0
121269,0,0.18898346100000002,30,0,0.02027027,3995.0,5,0,0,0,0.0
121273,0,1.034988337,40,1,0.015285996000000001,6083.0,1,0,0,0,0.0
121278,0,0.147856385,66,0,0.319545587,3432.0,6,0,0,0,0.0
121279,0,0.675300193,87,0,0.549973276,3741.0,9,0,1,0,0.0
121283,0,0.0,39,1,0.46542078299999995,8400.0,7,0,2,0,1.0
121285,1,0.9140171970000001,49,5,0.451794278,6046.0,5,2,2,0,0.0
121286,0,0.004303275,63,0,0.868087941,1500.0,18,0,2,0,0.0
121287,0,0.18563994399999997,55,0,0.628424106,6205.0,10,0,3,0,0.0
121288,0,0.046047698,64,0,0.175545647,4260.0,5,0,2,0,0.0
121289,0,0.9999998999999999,23,0,0.20899250600000002,1200.0,1,0,0,0,0.0
121291,0,0.38985775100000003,50,0,0.839716967,6500.0,11,0,2,0,0.0
121292,0,0.030583147,80,0,0.301949399,2410.0,4,0,1,0,0.0
121293,0,0.45278440200000003,64,0,0.311303479,6006.0,18,0,1,0,0.0
121295,0,0.538618351,50,1,0.608323017,10500.0,21,0,2,0,3.0
121296,0,0.9999998999999999,49,1,0.09007372300000001,66600.0,8,0,1,0,3.0
121297,0,0.083617102,74,0,0.015994668,3000.0,7,0,0,0,0.0
121301,0,0.016428341000000003,56,1,0.255736337,4793.0,23,0,1,0,0.0
121302,0,0.002794035,75,0,28.0,,3,0,0,0,0.0
121303,0,0.0,35,0,0.436235859,5833.0,12,0,1,0,1.0
121305,1,0.9999998999999999,39,1,0.034058449,4550.0,1,0,0,0,2.0
121307,0,0.009694032,24,0,0.0,897.0,1,0,0,0,0.0
121308,0,0.303867403,58,0,0.347908745,5259.0,5,1,1,0,1.0
121310,0,0.041855764,53,0,0.289099526,19200.0,9,0,2,0,1.0
121311,0,0.426323535,40,0,0.44880565200000005,8916.0,7,0,3,0,4.0
121312,0,0.17492496100000002,74,0,0.10184317400000001,3200.0,5,0,0,0,0.0
121313,0,0.43018874700000004,40,0,0.428933581,5916.0,7,0,1,0,2.0
121314,0,0.251774823,55,6,0.155312625,7500.0,11,0,0,0,1.0
121315,0,0.0,28,0,0.23595280899999999,5000.0,8,0,0,0,0.0
121316,0,0.141909432,27,0,0.019592163,2500.0,5,0,0,0,0.0
121317,0,0.027478901,62,0,0.157185062,13200.0,5,0,1,0,0.0
121318,0,0.9999998999999999,40,1,1354.0,,3,1,2,0,0.0
121319,0,0.013437889,63,0,0.041113131000000004,7150.0,16,0,0,0,1.0
121320,1,1.314606742,44,4,0.196997833,6461.0,5,6,0,0,2.0
121321,0,0.37570049899999997,48,0,1949.0,,8,0,1,0,
121322,0,0.23316370000000003,62,0,0.188684011,7917.0,10,0,1,0,0.0
121323,0,0.24153692300000001,72,0,98.0,,2,0,0,0,0.0
121324,0,0.0,52,0,0.18796453800000001,11166.0,11,0,0,0,0.0
121325,0,1.422885572,40,1,0.27508996399999996,2500.0,5,1,0,2,0.0
121327,0,0.425966842,36,0,3764.0,,9,0,2,0,0.0
121330,0,0.538059532,31,0,0.128715571,3666.0,8,0,0,0,1.0
121332,0,0.021302368,49,0,0.206057468,3862.0,9,0,1,0,2.0
121333,0,0.019087008,64,0,0.059021480999999994,49625.0,8,0,3,0,0.0
121334,0,0.028460079,66,1,1401.0,,8,0,2,0,0.0
121336,0,0.0,45,1,0.250044115,5666.0,6,0,1,0,1.0
121337,0,0.128416021,47,0,1.11763322,8500.0,14,0,3,0,3.0
121338,0,0.626674665,21,0,0.107507774,2250.0,1,0,0,0,2.0
121339,0,0.068093055,63,0,0.440139965,4000.0,10,0,2,0,0.0
121340,0,0.159168166,54,2,700.0,,10,0,0,0,0.0
121341,0,0.022943388999999998,47,0,2469.0,,9,0,1,0,0.0
121342,0,0.021935949,40,0,387.0,,5,0,0,0,3.0
121343,0,0.22945165899999997,43,0,0.160090801,9250.0,11,0,2,0,2.0
121346,0,0.069928847,70,0,0.24816487899999998,7083.0,20,0,2,0,1.0
121348,0,0.025228802,44,0,0.11564351099999999,7427.0,11,2,1,0,1.0
121349,0,0.16247675,46,0,0.42142039600000003,16600.0,9,0,2,0,4.0
121351,0,0.021589246,68,0,1615.0,,11,0,2,0,0.0
121352,0,0.037979647000000005,73,0,0.319736053,5000.0,15,0,1,0,0.0
121353,0,0.22233317600000002,53,0,0.8218173740000001,4500.0,25,0,1,0,0.0
121354,0,0.802586207,46,2,0.56110932,3100.0,12,4,1,0,1.0
121356,0,0.691356365,39,3,0.462371563,3600.0,8,0,1,0,1.0
121357,0,0.80166576,47,0,0.586494234,15000.0,20,0,2,0,1.0
121358,1,0.803133819,32,1,1695.0,,13,2,0,1,
121359,0,0.0,26,0,0.457530335,1400.0,3,0,0,0,0.0
121360,0,0.249157818,51,0,2617.0,,8,0,1,0,3.0
121361,0,0.000199774,77,0,0.33921509,3286.0,10,0,1,0,0.0
121362,0,0.086776622,50,0,44.0,,3,0,0,0,0.0
121363,0,0.010848033,71,0,0.001564945,1916.0,2,0,0,0,0.0
121364,0,0.12127236599999999,38,1,0.38845318,10582.0,11,0,3,2,3.0
121365,0,0.0,70,0,13.0,,3,0,0,0,0.0
121366,0,0.44822449999999997,47,0,0.657770801,5095.0,16,0,2,0,1.0
121367,0,0.15734010199999998,69,0,0.19460881,12167.0,8,0,3,0,0.0
121368,0,0.967812535,53,1,0.467519685,3047.0,10,0,1,0,0.0
121369,0,0.0007352719999999999,43,0,678.0,,6,0,1,0,0.0
121371,0,0.0,29,1,0.24084897,3250.0,7,0,0,1,0.0
121372,0,0.037140855,66,0,2838.0,,14,0,2,0,1.0
121373,0,0.030131607999999997,58,0,0.38001263,6333.0,16,0,4,0,0.0
121374,0,0.919155611,58,0,0.411790715,6784.0,8,0,2,0,0.0
121376,0,0.001241337,78,0,4.0,,4,0,0,0,0.0
121378,0,0.13948770000000002,68,0,0.268910363,3000.0,6,0,0,0,0.0
121380,0,0.015624023,43,0,0.95160484,10000.0,6,0,2,0,2.0
121381,1,0.125958014,30,0,0.159157558,3750.0,5,0,0,0,0.0
121382,0,0.178616202,35,0,0.11020692900000001,4300.0,9,0,0,0,0.0
121385,0,0.7740324590000001,22,0,0.35828877,1308.0,3,2,0,0,0.0
121386,0,0.003555161,31,0,0.25374925,5000.0,4,0,1,0,2.0
121387,0,0.824150295,47,1,0.551715518,16000.0,6,0,3,0,3.0
121388,0,0.403504999,57,0,0.481780616,5323.0,13,0,2,0,0.0
121391,0,0.011070699,70,2,0.09711973300000001,4200.0,7,0,0,0,0.0
121393,0,0.139517166,67,0,0.057961359000000004,1500.0,9,0,0,0,0.0
121395,0,0.9999998999999999,39,0,0.031715976,4224.0,1,0,0,0,3.0
121396,0,0.18435311199999999,62,0,0.332816337,7736.0,7,0,1,0,0.0
121397,0,0.967989092,41,0,0.296446918,4671.0,10,0,0,0,0.0
121398,0,0.295062102,24,0,0.09406953,4400.0,6,0,0,0,1.0
121400,0,0.986773187,50,2,0.22197040399999998,7500.0,11,0,0,1,0.0
121402,0,0.35637388700000006,50,0,0.423501841,5973.0,20,0,1,0,2.0
121403,1,0.417394064,32,3,0.171027552,5770.0,7,3,0,3,1.0
121406,0,0.008985909,50,0,0.2003367,10097.0,9,0,2,0,0.0
121407,0,0.066865181,50,0,1134.0,,8,0,1,0,0.0
121408,0,0.96629053,43,0,0.423937554,5764.0,4,0,2,0,0.0
121409,0,0.432197137,53,0,0.438063439,5989.0,9,0,1,0,3.0
121412,0,0.8077946770000001,52,1,1533.0,,3,0,1,0,0.0
121414,0,0.014453967,65,0,0.005416299,7938.0,10,0,0,0,0.0
121415,0,0.9999998999999999,28,0,0.28835136899999997,3141.0,4,0,0,0,2.0
121416,0,0.040639276,62,0,0.243894335,6018.0,8,0,2,0,0.0
121417,0,0.361149915,41,1,0.36005512799999995,8706.0,12,0,1,0,2.0
121418,0,0.414028946,48,0,0.266164633,3850.0,7,0,0,0,0.0
121420,0,0.09416236900000001,42,1,0.53175707,2156.0,20,0,1,0,3.0
121421,0,0.047295283,45,0,0.385058391,6250.0,20,0,1,0,0.0
121422,0,0.291253534,38,0,0.284709853,10666.0,7,0,1,0,2.0
121424,0,0.010860671,52,0,0.52064027,5934.0,13,0,2,0,0.0
121425,1,1.050794921,30,2,0.48722597700000003,6066.0,8,0,2,3,0.0
121426,0,0.500307245,30,0,0.458270865,2000.0,6,0,0,0,0.0
121428,0,0.062025803,72,0,1431.0,,4,0,1,0,
121429,0,0.062127734000000004,74,0,0.663205711,4622.0,14,0,2,0,0.0
121430,1,0.9999998999999999,58,2,0.011617953,8176.0,1,2,0,0,0.0
121431,0,0.514684036,51,0,0.405937548,6500.0,6,0,1,0,1.0
121433,0,0.362866319,45,0,0.745498199,3331.0,12,0,1,0,1.0
121434,0,0.999257463,73,0,0.855211513,4585.0,11,0,2,0,1.0
121437,0,0.0,22,0,0.0,864.0,2,0,0,0,0.0
121438,0,0.933851553,63,0,0.44100694,8500.0,9,0,1,0,1.0
121439,0,0.004947514,67,0,1190.0,,11,0,1,0,0.0
121441,0,0.987061361,41,2,0.238583203,4488.0,7,0,0,0,1.0
121442,0,0.08056814,64,0,525.0,,3,0,1,0,0.0
121444,0,0.039927783,49,0,2.901098901,1000.0,9,0,2,0,2.0
121445,0,0.056994301,69,0,0.156120554,7000.0,7,0,1,0,0.0
121446,0,0.019777868,50,0,0.14095212699999998,7498.0,9,0,2,0,1.0
121447,0,0.216854083,52,0,0.254262056,10264.0,7,0,1,0,2.0
121448,0,0.289110418,57,1,0.494043027,11666.0,17,0,2,1,2.0
121449,0,0.004591123,78,0,0.001263025,6333.0,8,0,0,0,0.0
121450,0,0.649717203,73,1,4160.0,,8,0,1,0,0.0
121451,1,1.301199467,30,1,0.424127972,4500.0,9,1,1,0,2.0
121452,0,0.043223397000000004,73,0,113.0,,15,0,0,0,0.0
121453,0,0.9999998999999999,23,0,0.069936421,1100.0,1,0,0,0,0.0
121454,0,0.064786907,52,0,1048.0,,12,0,1,0,
121455,0,0.179742538,39,0,0.259397494,3750.0,13,0,0,0,2.0
121456,0,0.416218583,55,0,0.20857562100000002,18400.0,8,0,3,0,3.0
121458,0,0.9999998999999999,46,0,1016.0,,2,0,0,0,0.0
121459,1,0.882193232,46,0,1.063873911,2410.0,16,0,2,0,0.0
121461,0,0.042068789,76,0,0.005053394,10487.0,8,0,0,0,0.0
121462,0,0.158498804,45,0,0.335666333,7000.0,10,0,1,0,2.0
121463,0,0.0,28,0,0.0,2500.0,2,0,0,0,0.0
121465,0,0.036379563999999996,48,0,0.313433731,16666.0,9,0,3,0,4.0
121466,0,0.027969447999999997,60,0,0.415862358,4765.0,8,0,1,0,0.0
121467,1,0.155550617,61,2,0.15696860599999998,5000.0,7,0,0,1,0.0
121468,0,0.99260074,50,1,0.074446956,14600.0,4,0,0,0,3.0
121469,0,0.058894111,28,0,0.608695652,551.0,5,0,1,0,0.0
121470,0,0.170656892,49,0,0.37343776,6000.0,12,0,2,0,0.0
121471,0,0.39423118799999995,65,0,0.658758837,6364.0,5,0,1,0,0.0
121476,1,0.9999998999999999,22,0,0.132275132,1700.0,1,1,0,0,0.0
121477,0,0.01559035,63,0,0.727915194,3678.0,11,0,2,0,1.0
121478,0,0.010828188999999998,65,0,1814.0,,8,0,2,0,0.0
121479,0,0.5658868229999999,49,0,0.653925316,3400.0,6,0,1,2,0.0
121480,0,0.9999998999999999,30,0,0.17153138699999998,2500.0,1,0,0,2,0.0
121481,0,0.004224894,85,0,0.0014281629999999999,3500.0,6,0,0,0,0.0
121483,0,0.021143752999999998,43,1,0.534407717,8500.0,18,0,2,0,2.0
121484,0,0.18597183,61,0,0.12067894800000001,4830.0,6,0,1,0,0.0
121485,1,0.403112779,50,1,0.192387174,15000.0,13,0,2,0,1.0
121486,0,0.03172046,89,0,0.0022057870000000003,7706.0,4,0,0,0,0.0
121488,0,0.9999998999999999,59,0,72.0,,0,0,0,0,
121489,0,0.041067683,56,0,0.422578048,11178.0,12,0,4,0,1.0
121492,0,0.9999998999999999,47,0,0.220885467,2077.0,6,0,0,0,0.0
121493,0,0.979604079,33,0,0.473552686,2400.0,5,0,1,0,0.0
121494,0,0.766818235,42,0,0.7106652590000001,2840.0,9,0,1,0,3.0
121495,0,0.086210627,60,0,0.20529111600000002,9600.0,8,0,2,0,0.0
121496,0,0.0,42,0,0.20047084399999998,5521.0,6,0,1,0,2.0
121497,0,0.274100387,47,0,0.273037155,8800.0,16,0,1,0,1.0
121498,0,0.01050999,77,0,0.0059042,10500.0,11,0,0,0,0.0
121499,1,0.047519788,52,0,3.249566997,6350.0,16,0,12,0,0.0
121500,0,0.39088099200000004,40,0,0.535577404,6000.0,9,0,2,0,3.0
121501,0,0.034201937,62,0,0.03030303,3200.0,4,0,0,0,0.0
121503,0,0.0516591,37,1,0.456908618,5000.0,10,0,1,0,2.0
121506,0,0.210344165,60,0,0.42619127,3000.0,8,0,1,0,0.0
121507,0,0.022843036,49,0,0.327668083,4000.0,5,0,1,0,0.0
121508,0,0.17362058,60,0,0.575932334,2600.0,9,0,2,0,0.0
121509,0,0.19841661600000002,34,0,0.17323591600000002,5200.0,7,0,0,0,0.0
121510,0,0.644251864,29,0,4791.0,,15,0,2,0,0.0
121511,0,0.866491835,60,0,0.597638862,5166.0,10,0,0,0,0.0
121512,0,0.0,32,0,0.003731343,535.0,2,0,0,0,0.0
121513,0,0.24821479600000002,35,0,0.691687808,6700.0,3,0,2,0,3.0
121514,0,0.9999998999999999,63,0,2417.0,,8,0,1,0,0.0
121515,0,0.318547095,61,0,3653.0,,17,0,2,0,3.0
121519,0,0.9999998999999999,83,0,0.0010520780000000001,1900.0,7,0,0,0,0.0
121520,0,0.9999998999999999,36,0,0.544264679,5500.0,8,0,2,0,0.0
121522,0,0.193668662,54,0,3.625468165,800.0,11,0,1,0,0.0
121523,0,0.204434635,35,0,0.341182365,11975.0,16,0,3,0,0.0
121524,0,0.0038425359999999997,50,0,0.375046142,5417.0,26,0,1,0,3.0
121525,0,0.525532609,46,0,0.815265255,4768.0,11,0,1,0,0.0
121526,0,0.005142647,37,0,0.7764447109999999,5000.0,9,1,2,0,0.0
121527,0,0.027060461,73,0,0.9253393670000001,883.0,8,0,1,0,0.0
121528,0,0.7312801809999999,56,0,0.47172770799999997,12750.0,23,0,2,0,0.0
121530,0,0.000530044,68,1,556.0,,9,0,0,0,0.0
121531,0,0.9999998999999999,47,0,0.0,10548.0,5,0,0,0,1.0
121532,0,0.058660149,23,0,0.059100265,3400.0,5,0,0,0,0.0
121533,0,0.015815728,73,0,0.007996801,2500.0,5,0,0,0,0.0
121534,0,0.028359433,67,0,0.013662113,3000.0,4,0,0,0,0.0
121535,0,0.0,51,1,0.08576081099999999,5526.0,5,0,0,0,3.0
121536,0,0.771048022,70,0,0.176788124,6668.0,9,2,0,1,0.0
121537,0,0.072740665,66,1,1890.0,,8,0,2,0,0.0
121540,0,0.24653777899999998,74,2,0.315446448,4602.0,15,0,0,0,0.0
121541,0,0.006013618,68,0,0.505208333,1343.0,6,0,1,0,1.0
121542,0,0.017213801,59,0,6025.0,0.0,14,0,4,0,0.0
121544,0,0.09088180300000001,62,0,2748.0,,17,0,2,0,0.0
121548,0,0.0,27,0,0.288570477,3000.0,8,0,0,0,0.0
121549,0,0.034170942,43,0,0.329971182,5551.0,8,0,1,0,3.0
121550,0,0.29404615,60,0,0.240708224,6833.0,10,0,1,0,1.0
121551,0,0.130460278,47,0,0.41445568899999996,14623.0,13,0,1,0,2.0
121553,0,0.082327774,65,0,0.19270975399999998,11000.0,12,0,2,0,0.0
121554,0,0.543618762,36,0,4661.0,,13,0,1,0,0.0
121559,0,0.067418552,26,0,1.2619047620000001,83.0,8,0,0,0,0.0
121560,0,0.014061516000000001,76,0,0.003428327,9333.0,3,0,0,0,0.0
121561,0,1.26984127,68,1,0.66347848,3972.0,7,0,1,0,0.0
121563,0,0.029648518,68,0,18.0,,1,0,0,0,0.0
121564,0,0.6842990059999999,71,0,0.591900702,7975.0,8,0,2,1,1.0
121566,0,0.171994708,69,1,0.522139413,2280.0,13,0,1,0,0.0
121567,0,0.0,33,0,257.0,,6,0,1,0,0.0
121568,0,0.153042348,57,0,3279.0,,4,0,2,0,0.0
121569,0,0.0,25,0,0.578420467,898.0,3,0,0,0,0.0
121570,0,0.327111168,62,0,0.551778317,7000.0,22,0,1,0,0.0
121571,0,0.031055142999999997,70,0,2642.0,,9,0,2,0,0.0
121572,0,1.389805097,44,5,126.0,,2,3,0,1,0.0
121573,0,0.042289717000000004,46,0,4.541391722,3333.0,15,0,8,0,2.0
121574,0,0.0,26,0,688.0,,6,0,0,0,0.0
121577,0,0.009775605,47,0,0.004032655,10166.0,3,0,0,0,0.0
121578,0,1.0539932509999999,46,0,0.463215259,1100.0,10,0,0,0,0.0
121579,0,0.061746141,61,0,0.30044082699999997,2948.0,8,0,0,0,2.0
121581,0,0.9999998999999999,29,1,0.056307526,1846.0,2,0,0,0,0.0
121583,0,0.285742024,75,0,0.9604855990000001,4200.0,10,0,1,0,0.0
121586,0,0.497839494,59,0,0.46716641700000006,3334.0,7,0,0,0,0.0
121588,0,0.89967366,37,0,0.498214865,6161.0,10,0,3,0,3.0
121589,0,0.008166472,49,0,0.38224564200000005,7400.0,9,0,2,0,1.0
121590,0,0.9999998999999999,27,0,373.0,,1,0,0,0,
121591,0,0.0,56,0,0.60420405,3900.0,4,0,2,0,0.0
121593,0,0.204124695,46,0,332.0,,5,0,0,0,2.0
121594,0,0.0,70,0,0.0,2300.0,2,0,0,0,0.0
121595,0,0.006520899,32,1,11.0,,10,0,0,0,0.0
121597,0,0.24975025,68,0,550.0,,3,0,1,0,0.0
121598,0,0.044473069000000004,73,0,0.870625875,5000.0,10,0,4,0,0.0
121599,0,0.9999998999999999,35,0,0.417310665,1940.0,5,0,1,0,0.0
121600,1,0.9999998999999999,53,0,0.069331668,3201.0,2,0,0,0,0.0
121602,1,0.006753403000000001,52,0,0.25965714300000003,8749.0,15,0,1,0,0.0
121605,0,0.18213617,72,0,0.771584368,3300.0,24,0,3,0,0.0
121607,1,0.35711944,71,0,2.768007271,4400.0,13,0,8,0,0.0
121608,0,0.487266553,36,0,0.440243512,3120.0,7,0,0,0,0.0
121612,1,0.181936428,37,0,0.326243069,11000.0,9,0,1,0,5.0
121613,0,0.149702213,47,0,1.11993337,1800.0,16,0,1,0,0.0
121615,0,0.00226045,67,0,0.120683024,13000.0,9,0,1,0,1.0
121616,0,0.100289904,66,0,0.330353863,8166.0,8,0,1,0,0.0
121617,0,0.646329092,58,0,0.234326824,11675.0,6,0,1,0,2.0
121619,0,0.621662724,47,0,0.27659763600000004,11250.0,11,0,2,0,0.0
121620,0,0.002868346,69,0,0.000922793,3250.0,6,0,0,0,0.0
121621,0,0.845722157,62,0,0.362941908,5628.0,7,0,1,0,0.0
121622,0,0.633975616,64,0,0.438869666,5201.0,6,0,2,0,0.0
121623,0,0.751781027,53,3,0.42239508,5527.0,6,0,1,2,0.0
121631,0,0.370544262,81,0,1624.0,,22,0,0,0,0.0
121634,0,0.05810561,60,0,0.243589744,3899.0,9,0,1,0,0.0
121635,0,0.08239588,40,0,1.1227508999999998,2500.0,6,0,1,0,2.0
121637,0,0.060791732,64,0,0.139513218,8586.0,8,0,1,0,0.0
121638,0,0.121838396,43,0,0.537292541,5000.0,10,0,1,0,2.0
121640,0,0.073934913,35,0,583.0,,5,0,0,0,0.0
121642,0,0.9635800999999999,27,0,121.0,,1,0,0,1,0.0
121645,0,0.053983444000000005,42,0,2885.0,,35,0,1,0,2.0
121646,0,1.174362509,43,2,0.121796037,5500.0,4,1,0,0,1.0
121647,0,0.000823481,44,0,0.091761791,11300.0,4,0,1,0,2.0
121648,0,0.38042859100000004,58,0,2590.0,,11,0,2,0,0.0
121649,0,0.9999998999999999,41,0,0.0,,0,0,0,0,0.0
121650,0,0.30793977,56,0,0.409504663,17906.0,26,0,2,0,3.0
121651,0,0.9999998999999999,32,0,0.0,1700.0,3,1,0,0,0.0
121654,0,0.020675421,40,0,0.10023071,3900.0,4,0,0,0,2.0
121655,0,0.023974401,60,0,0.128042782,39642.0,8,0,2,0,4.0
121658,0,0.11810999800000001,78,2,0.07730756400000001,3000.0,9,0,0,1,0.0
121663,0,0.024525743,57,0,0.21918002600000003,7048.0,11,0,2,0,0.0
121664,0,3.778185151,44,0,0.44621652100000003,11536.0,11,0,2,0,2.0
121665,0,0.13299659,55,0,2686.0,,7,0,2,0,0.0
121666,1,0.170592257,52,1,2271.0,,13,1,1,0,0.0
121667,1,0.99020098,36,0,0.042422510999999996,7000.0,1,0,0,0,3.0
121668,0,0.999870113,37,2,1.389645777,1100.0,5,0,1,1,1.0
121670,0,0.023719526,61,0,1395.0,,4,0,1,0,0.0
121671,0,0.047027228,61,0,2130.0,,10,0,2,0,0.0
121672,0,0.10911434099999999,44,0,0.6037511870000001,4211.0,9,0,1,0,0.0
121673,0,0.382188025,60,0,0.314011999,10333.0,14,1,1,0,0.0
121675,0,0.28944254,63,0,0.287976002,12000.0,22,0,2,0,0.0
121676,0,0.079553453,55,0,342.0,,8,0,0,0,0.0
121678,0,0.560057598,71,0,647.0,,3,0,0,1,0.0
121679,0,0.8489841370000001,51,1,0.28372009800000003,16762.0,19,0,1,0,1.0
121682,0,0.00239223,57,0,0.000333222,3000.0,3,0,0,0,3.0
121683,0,0.616812651,59,0,0.475985382,7661.0,11,0,2,0,1.0
121684,0,0.994402239,54,1,0.048645938,1993.0,3,0,0,0,0.0
121689,0,0.52493078,36,0,0.532030895,2200.0,7,0,0,0,0.0
121691,0,0.0046229,55,0,0.003618703,10500.0,16,0,0,0,0.0
121693,0,0.7300198509999999,68,0,0.452695466,2800.0,10,0,1,0,0.0
121694,0,0.00098967,72,0,1.0,,3,0,0,0,
121695,0,0.01752728,72,0,0.011103065,4142.0,7,0,0,0,0.0
121696,0,0.20223191100000001,45,0,151.0,,2,0,0,0,0.0
121697,0,0.235850189,48,0,0.10626306699999999,11000.0,3,0,0,0,1.0
121698,0,0.594546901,40,2,0.480544374,5216.0,11,0,2,0,2.0
121699,0,0.077260849,50,0,0.489841153,8120.0,19,0,2,0,0.0
121703,0,0.361570624,56,0,0.47114947799999995,2200.0,5,0,3,0,0.0
121704,0,0.093547185,61,0,0.025885809,5446.0,4,0,0,0,0.0
121705,0,0.472428953,34,1,0.428702011,4375.0,14,0,1,0,0.0
121707,0,0.0,42,0,0.423850121,9500.0,8,0,2,0,2.0
121708,0,1.002158799,42,0,0.279057018,5471.0,10,0,0,0,0.0
121709,0,0.08789866,69,0,1815.0,,10,0,1,0,0.0
121710,0,0.300021806,74,1,0.295710121,2400.0,11,0,1,0,0.0
121711,0,0.015966413999999998,61,0,0.007495315,1600.0,9,0,0,0,0.0
121713,0,0.141092945,56,0,4949.0,,4,0,2,0,
121714,0,0.625616606,56,0,0.645435244,13658.0,17,0,2,0,0.0
121716,0,0.9999998999999999,60,0,1340.0,,2,0,1,0,0.0
121717,0,0.011848145,51,0,0.577780915,7083.0,16,0,2,0,2.0
121718,0,0.016729402,68,0,13.0,,4,0,0,0,0.0
121719,0,0.276878626,51,0,0.136909065,6916.0,8,0,0,0,0.0
121720,0,0.976501958,58,0,0.46454360299999997,5400.0,6,0,2,0,0.0
121721,0,0.0,62,0,1885.0,,4,0,1,0,0.0
121722,0,0.292891416,45,0,3111.0,,6,0,1,0,0.0
121724,0,0.302653947,71,0,0.378543701,8500.0,14,0,1,0,0.0
121729,0,0.988858204,42,0,0.213291285,13000.0,7,0,2,0,2.0
121730,0,0.055523689,43,0,0.288972196,3200.0,9,0,0,0,0.0
121731,0,0.226131852,64,0,0.964045376,5200.0,23,0,1,0,0.0
121732,1,0.1844013,42,0,0.45392065,3200.0,6,2,1,0,0.0
121734,0,0.17524954399999998,45,0,0.44688827799999997,4000.0,6,0,1,0,2.0
121735,1,1.0102537809999999,32,0,0.867060561,2030.0,3,0,1,0,2.0
121736,0,0.40126070399999997,41,0,0.519115398,8500.0,12,0,3,0,1.0
121737,0,0.799700772,42,0,0.19564791199999998,5100.0,5,0,0,0,2.0
121739,0,0.09454253900000001,43,0,0.019633508,9167.0,5,0,0,0,2.0
121741,0,0.16337034,39,0,0.395017794,5900.0,8,0,2,0,1.0
121742,0,0.9999998999999999,40,0,60.0,,0,0,0,0,
121744,0,0.007475752,79,0,0.002532996,7500.0,12,0,0,0,0.0
121747,0,0.495796832,47,0,0.034503039,5100.0,5,0,0,0,1.0
121748,0,0.0,41,1,0.262318101,7833.0,4,0,1,0,0.0
121749,0,0.39768800600000004,53,0,0.48594283,8500.0,18,0,2,0,1.0
121750,0,0.023608604,43,1,0.387171204,6500.0,6,0,2,0,0.0
121751,0,0.013742761000000001,43,0,0.0027996270000000003,7500.0,4,0,0,0,1.0
121752,0,0.304582993,48,1,0.35005750399999996,6955.0,13,0,1,0,2.0
121753,0,0.209801634,46,0,0.025235405,5309.0,3,0,0,0,3.0
121754,0,0.27615944,55,0,16270.0,,20,0,11,0,0.0
121755,0,0.44012441700000005,25,0,925.0,,3,0,0,0,0.0
121756,0,0.0062788259999999995,36,0,385.0,,5,0,0,0,0.0
121758,0,0.9999998999999999,27,0,0.0,3000.0,0,0,0,0,0.0
121759,0,0.016356559,68,0,0.048324933,10118.0,4,0,1,0,0.0
121762,0,0.057191925,69,0,0.082596913,8486.0,6,0,0,0,0.0
121763,0,0.007110321,39,0,0.48256522799999996,4100.0,7,0,2,0,1.0
121765,0,0.113165246,46,0,0.9169295479999999,950.0,5,0,0,0,1.0
121766,0,0.651716948,29,0,459.0,,8,0,0,0,0.0
121767,0,0.016959661,56,0,0.335291558,18383.0,11,0,2,0,0.0
121768,0,0.025646397,39,1,0.150789683,34000.0,15,0,2,0,4.0
121769,0,0.876956104,34,0,0.151127645,4300.0,9,0,0,0,1.0
121772,0,0.001569436,89,0,1.0,,4,0,0,0,
121776,0,0.006340694,59,0,0.212838413,5872.0,7,0,1,0,0.0
121777,0,0.016251959,63,0,0.29223921,5166.0,7,0,1,0,0.0
121778,0,0.0021928860000000002,47,0,0.00012604,7933.0,5,0,0,0,4.0
121779,0,0.004482449,69,0,2336.0,,6,0,1,0,0.0
121781,0,0.953046953,31,2,0.10203378099999999,2900.0,3,0,0,0,0.0
121782,0,0.170875975,54,0,0.6396096170000001,4200.0,9,0,1,0,1.0
121783,0,0.0,37,0,0.36300711399999996,5200.0,6,0,1,0,3.0
121784,0,0.18008038399999998,50,0,0.39486177,3580.0,7,0,0,0,2.0
121785,0,0.9999998999999999,23,0,0.20870477199999998,1906.0,3,0,0,0,1.0
121787,0,0.9431886840000001,88,0,0.316507747,16779.0,11,0,1,0,0.0
121788,0,0.010955721000000002,75,0,0.310353731,3872.0,10,0,1,0,1.0
121789,0,0.630758395,66,1,1.494512195,4919.0,18,0,1,0,0.0
121790,0,1.002908738,34,5,1085.0,,6,0,0,1,0.0
121793,0,0.11131304,26,0,0.10272071099999999,1800.0,2,0,0,0,0.0
121794,0,0.0,64,0,0.256774767,2250.0,3,0,1,0,1.0
121795,0,0.0,51,0,2371.0,,3,0,1,0,0.0
121796,0,0.005527583000000001,45,0,1265.0,,17,0,1,0,0.0
121798,0,0.12331312800000001,54,0,1635.0,,6,0,1,0,0.0
121799,0,0.09987795099999999,74,0,0.470705859,5000.0,15,0,1,0,0.0
121800,0,0.059097977999999995,24,0,0.641900122,820.0,4,0,0,0,0.0
121801,0,0.921860164,58,0,0.293033634,12100.0,11,0,1,0,1.0
121802,0,0.77700892,64,0,0.313363425,7310.0,7,0,2,0,1.0
121803,0,0.013570348999999999,68,0,0.016596681000000002,5000.0,11,0,0,0,1.0
121804,0,0.337308348,57,1,0.47985004700000006,3200.0,13,0,1,1,2.0
121805,0,0.273505591,32,1,0.681460817,3942.0,10,0,2,0,0.0
121809,0,0.060206228,31,0,0.008623922,8000.0,5,0,0,0,2.0
121810,0,0.017117478000000002,48,0,0.086594505,1200.0,10,0,0,0,0.0
121812,0,0.9999998999999999,52,0,1451.0,,8,0,1,0,0.0
121814,0,0.270169538,47,2,0.277459849,5416.0,13,0,0,0,0.0
121815,0,0.385717484,24,0,624.0,,2,0,0,0,
121816,0,0.0,34,0,0.21361502300000001,5111.0,10,0,0,0,0.0
121817,0,0.17790273,70,1,0.383067134,7700.0,13,0,2,0,0.0
121818,0,0.08979000699999999,47,0,0.012417352,6200.0,5,0,0,0,0.0
121820,0,0.110522438,39,0,0.014692025,52000.0,4,0,0,1,0.0
121822,0,0.21646454699999998,62,0,0.356364364,10000.0,9,0,1,0,0.0
121823,0,0.014802806000000002,40,0,0.445634115,5416.0,11,0,1,0,0.0
121824,0,0.221838908,50,0,0.34389427,11046.0,5,0,1,0,4.0
121827,0,0.9999998999999999,23,0,0.0,1200.0,1,0,0,0,0.0
121828,0,0.9999998999999999,57,0,0.591136288,3000.0,5,1,1,0,0.0
121829,0,0.0,51,0,3257.0,,7,0,2,0,3.0
121830,0,0.037498125,66,0,2124.0,,7,0,2,1,0.0
121834,0,0.457371972,50,0,0.15712021699999998,4416.0,9,0,0,0,0.0
121835,0,0.705823373,36,0,0.51645768,11483.0,12,0,2,0,3.0
121838,0,0.0,46,2,2644.0,,7,0,2,0,0.0
121839,0,0.104486939,41,0,1.7401623990000001,1600.0,4,0,2,0,2.0
121840,0,0.0054410430000000004,32,0,0.205358928,5000.0,12,0,0,0,2.0
121841,0,0.869130869,49,0,1.012993503,2000.0,6,0,1,0,0.0
121842,0,0.029335042000000002,66,1,0.010644589,1690.0,5,0,0,0,0.0
121843,0,0.048514925,26,0,1299.0,,9,0,0,0,0.0
121844,0,0.153111133,57,0,0.456245969,4650.0,19,0,1,0,0.0
121846,0,0.124480718,38,0,0.14605693,15000.0,5,0,1,0,0.0
121847,0,0.400926267,60,2,0.43606364200000003,1696.0,3,0,0,0,1.0
121848,0,0.87250425,55,0,3596.0,,11,0,2,0,2.0
121851,0,0.8554205340000001,27,0,870.0,,15,0,0,0,0.0
121852,0,0.031556631,57,0,2719.0,,16,0,3,0,0.0
121853,0,0.863922904,42,0,0.312977099,5632.0,9,0,1,0,3.0
121854,0,0.507812056,30,1,0.07278544299999999,5000.0,8,0,0,0,0.0
121855,0,0.0,45,0,0.271872813,10000.0,4,0,1,0,2.0
121856,1,0.003176408,53,0,0.241712857,9200.0,20,0,2,0,0.0
121857,0,0.002526249,37,0,0.6976682559999999,3773.0,11,0,1,0,0.0
121859,0,0.035755409,37,0,0.042529221,7100.0,4,0,0,0,3.0
121861,0,0.12005013199999999,60,0,0.507904337,7400.0,6,0,2,0,0.0
121865,0,0.05290985,63,0,0.193354868,6500.0,6,0,1,0,1.0
121867,0,0.19532221,76,0,3.61878453,2533.0,6,0,0,0,0.0
121868,0,0.12303278,28,0,703.0,,3,0,0,0,0.0
121869,0,0.938261645,62,3,0.420695011,5150.0,8,2,0,0,1.0
121870,0,0.020585813,52,1,0.438722386,7106.0,11,0,1,0,3.0
121871,0,0.179136565,45,2,0.032585083,9666.0,4,0,0,1,1.0
121872,0,0.9999998999999999,48,0,0.7030989670000001,3000.0,6,0,1,0,0.0
121873,0,0.0007252669999999999,59,0,0.17509265100000002,14300.0,11,0,2,0,1.0
121875,0,0.525482484,40,0,0.9877791359999999,9000.0,4,0,3,0,2.0
121878,0,0.111534341,27,0,0.27817879,1800.0,4,0,0,0,0.0
121879,0,0.395691501,54,0,0.314834025,5783.0,11,0,2,0,3.0
121881,0,0.00129987,64,0,0.176375405,617.0,5,0,0,0,0.0
121882,0,0.20609877699999998,65,0,0.33824070700000003,8150.0,13,0,3,0,1.0
121883,0,0.7747238359999999,43,0,0.30647482,4864.0,9,0,0,0,4.0
121884,0,0.032962432,67,0,0.424743893,2537.0,9,0,1,0,3.0
121885,1,0.9999998999999999,44,98,0.0,6283.0,1,98,0,98,2.0
121886,0,0.0,63,0,0.039171862,8500.0,16,0,0,0,0.0
121887,0,0.9999998999999999,38,1,1230.0,,2,0,1,1,0.0
121889,0,0.0062915359999999995,57,0,792.0,,15,0,1,0,0.0
121890,1,0.409845765,55,1,0.606127316,5450.0,16,0,2,3,3.0
121895,0,0.0,69,0,1409.0,,8,0,1,0,0.0
121898,0,0.047482537000000005,77,0,671.0,,8,0,1,0,0.0
121899,0,0.02058543,58,0,682.0,,6,0,1,0,1.0
121900,0,0.156098066,43,0,0.43254883899999996,6500.0,4,0,1,0,3.0
121903,0,0.21002872600000003,61,1,2257.0,,5,0,1,0,0.0
121905,0,0.028142879,61,0,0.34852359899999996,4300.0,4,0,1,0,0.0
121906,0,0.9999998999999999,73,0,1453.0,,2,0,1,0,0.0
121907,0,0.212601398,55,0,0.493574119,9025.0,27,0,2,0,2.0
121909,0,0.03812344,54,0,0.056924937,10750.0,11,0,0,0,0.0
121911,0,0.124980933,69,0,1.0546294440000001,4978.0,8,0,3,0,0.0
121912,0,0.21341928899999998,46,0,0.5849617189999999,8750.0,19,0,2,0,1.0
121913,1,0.8947763059999999,30,2,0.35019112,3400.0,5,0,0,1,0.0
121914,0,0.45439469299999996,27,0,2261.0,,5,0,0,0,0.0
121916,0,0.605881981,29,0,0.585551806,8000.0,13,0,2,0,0.0
121919,0,0.000599991,70,0,0.000172295,5803.0,4,0,0,0,0.0
121920,0,0.003298616,50,0,0.0009996669999999999,3000.0,3,0,0,0,2.0
121922,0,0.133502741,48,0,0.586268964,11666.0,10,0,7,0,0.0
121923,0,0.023755138999999998,52,0,0.392582418,3639.0,6,0,2,0,0.0
121925,0,0.9999998999999999,23,0,0.091973722,3500.0,2,0,0,0,0.0
121926,0,0.32102591199999997,57,0,0.089983639,5500.0,14,0,0,0,1.0
121927,0,0.011883778000000001,47,0,0.7422409259999999,1900.0,21,0,0,0,1.0
121928,0,0.299428861,44,0,2386.0,,11,0,2,0,3.0
121931,1,0.125267035,72,0,0.096627756,3083.0,6,0,0,1,0.0
121932,1,0.41688271299999996,56,2,4.120295699,1487.0,10,1,2,0,0.0
121934,0,0.103902045,66,0,0.015614184,13000.0,6,0,0,0,0.0
121935,1,0.9999998999999999,22,0,212.0,,2,0,0,0,
121937,0,0.960073187,63,1,1.414275956,5855.0,18,0,2,0,0.0
121938,1,0.386169548,26,3,0.5262753139999999,3900.0,11,4,0,0,0.0
121939,0,0.0,57,0,0.0,2100.0,2,0,0,0,3.0
121940,0,0.7430896159999999,46,0,0.6794145420000001,4235.0,10,0,2,0,1.0
121941,0,0.0,50,0,1.21973408,7144.0,13,0,4,0,1.0
121942,0,0.060352909,68,0,0.474381405,4000.0,12,0,2,0,0.0
121943,0,0.029667832999999998,45,0,0.23777622199999998,10000.0,6,0,2,0,2.0
121944,0,0.266308862,31,0,0.174353206,3555.0,4,0,0,0,2.0
121945,0,0.40133245,68,1,0.435064935,7083.0,9,0,2,0,0.0
121946,0,0.046332475,38,0,0.324424566,9166.0,10,1,2,0,3.0
121947,0,0.021147946,67,0,0.005426357,3869.0,5,0,0,0,0.0
121948,0,0.0,22,0,0.0,929.0,2,0,0,0,0.0
121949,0,0.034891611,80,0,0.246351328,5686.0,5,0,0,0,1.0
121950,0,0.020789907,37,0,0.021989005,2000.0,8,0,0,0,0.0
121951,0,0.0,61,0,0.068586698,3367.0,14,0,1,0,0.0
121952,0,0.216603302,26,0,0.10722006099999999,4625.0,6,0,0,0,0.0
121954,0,0.280708705,53,0,0.47836043100000003,4366.0,11,0,2,0,0.0
121955,0,0.9999998999999999,71,0,298.0,,5,0,0,0,0.0
121956,0,0.0,40,0,0.062770803,9000.0,5,0,0,0,3.0
121957,0,0.523356915,62,0,0.221117587,8750.0,10,0,1,0,0.0
121958,0,0.20805083800000002,62,1,0.105189481,10000.0,4,0,0,1,0.0
121959,0,0.35024088700000006,51,0,0.23997273,8800.0,6,0,2,0,0.0
121960,1,0.53442774,49,3,0.294239967,9617.0,20,2,1,0,0.0
121961,0,0.005620625,82,0,0.0042411390000000005,3300.0,4,0,0,0,1.0
121963,0,0.0,52,0,1665.0,,7,0,1,0,0.0
121964,0,0.15461512800000002,40,0,0.077141383,3875.0,1,0,0,0,0.0
121965,0,0.0021412329999999998,65,0,2523.0,,10,0,2,0,0.0
121966,0,0.9999998999999999,37,1,0.082333395,5416.0,1,0,0,0,0.0
121967,0,0.310439069,60,4,2950.0,,12,0,2,0,0.0
121968,0,0.011999736,53,0,1657.0,,7,0,2,0,0.0
121970,0,0.9999998999999999,58,0,0.264071541,1900.0,2,0,0,0,0.0
121971,0,0.029757915,59,0,0.014514568,9300.0,3,0,1,0,4.0
121972,0,0.930652939,57,0,0.814621954,4800.0,9,0,1,1,0.0
121973,0,0.085316587,45,0,0.327729233,9040.0,6,0,1,0,0.0
121975,0,0.9999998999999999,29,1,0.096021046,3040.0,2,0,0,0,0.0
121977,0,0.574178228,39,0,0.17827110699999998,2972.0,5,0,0,0,0.0
121978,0,0.171909853,44,0,0.37555707899999996,5833.0,8,0,2,0,4.0
121979,0,0.313570268,36,1,0.388255175,7100.0,9,0,1,0,0.0
121981,0,0.211788212,27,0,0.038490377,4000.0,5,0,1,0,0.0
121982,0,0.024560377,35,0,0.255440599,5605.0,5,0,1,0,0.0
121983,0,0.23994197,52,0,1467.0,0.0,6,0,2,0,1.0
121984,0,0.233614385,54,0,0.23024,12499.0,12,0,1,0,0.0
121985,0,0.9999998999999999,72,0,116.0,,0,0,0,0,0.0
121986,0,0.018913113,56,0,1930.0,,18,0,2,0,1.0
121987,0,0.355345786,35,0,0.274725275,2911.0,4,0,0,0,1.0
121988,0,0.0,67,0,0.036237136,6898.0,6,0,1,0,0.0
121989,0,0.20347021899999998,41,0,0.021100538,7250.0,6,0,0,0,0.0
121990,0,0.001699943,91,0,1.0,,3,0,0,0,
121992,0,0.029838806000000002,55,0,3516.0,,9,0,2,0,0.0
121996,0,0.7915651840000001,39,0,0.138284704,5654.0,9,0,0,0,0.0
121997,0,0.855897318,72,0,0.9261431809999999,7500.0,14,0,2,0,0.0
121998,0,0.011558693,79,0,4.0,,5,0,0,0,0.0
121999,0,0.11222869199999999,27,0,0.09598400300000001,6000.0,3,0,0,0,1.0
122000,0,0.9999998999999999,22,98,0.0,,0,98,0,98,
122001,0,0.199738264,53,0,0.304452055,5839.0,9,0,1,0,0.0
122002,0,0.871863663,50,1,0.6372953379999999,8000.0,6,1,2,1,0.0
122003,0,1.089700997,26,0,9.0,,1,0,0,0,0.0
122006,0,0.063112215,49,0,0.068418172,1826.0,5,0,0,0,0.0
122009,0,0.012624003,59,0,959.0,,10,0,1,0,0.0
122010,0,0.48041815,52,0,8140.0,,7,0,2,0,4.0
122011,0,0.61298377,28,0,364.0,,4,1,0,1,0.0
122012,0,0.15445241699999998,34,0,0.010854042,3500.0,5,0,0,0,0.0
122013,0,0.689376797,48,0,0.346530346,4596.0,14,0,1,0,5.0
122014,0,0.0,62,0,0.25095480600000003,6283.0,7,0,1,0,0.0
122015,1,0.848641278,37,0,0.564402225,16000.0,16,0,7,0,2.0
122017,0,0.17328825,48,1,0.5916544460000001,7500.0,14,0,2,0,0.0
122019,0,0.034236708,56,0,1701.0,,8,0,1,0,0.0
122020,0,0.122070695,50,1,13938.0,,21,0,7,0,
122024,0,0.132254407,47,0,2528.0,,4,0,1,0,0.0
122026,0,0.168244636,58,1,0.406734858,8700.0,13,0,1,0,0.0
122027,0,0.066341901,52,1,0.47892220799999996,2300.0,13,0,1,0,1.0
122028,1,0.813648294,47,2,0.415882275,7542.0,16,0,1,1,2.0
122029,0,0.202149821,41,0,2711.0,,5,0,1,0,0.0
122031,0,0.257038781,67,0,0.346074216,18836.0,17,0,2,0,1.0
122032,0,0.522560376,64,0,0.405765706,6000.0,9,0,2,0,0.0
122033,0,0.17083316699999998,43,0,0.935483871,3130.0,12,0,2,0,2.0
122034,0,0.261341394,75,0,0.310784461,6666.0,14,0,2,0,1.0
122035,1,0.715405135,55,0,0.168732507,2500.0,20,1,0,1,1.0
122037,0,0.018622672,41,0,0.38661338700000003,1000.0,4,0,0,0,0.0
122038,0,0.014069551000000001,48,0,0.060303077999999996,6400.0,5,0,0,0,3.0
122039,0,0.458726973,43,0,1.095666132,3114.0,7,0,2,0,0.0
122041,0,0.115122301,46,0,0.307683433,8667.0,9,0,1,0,1.0
122042,0,0.0,47,0,0.0,3333.0,4,0,0,0,0.0
122045,0,0.006045317,78,0,0.002210294,3166.0,5,0,0,0,0.0
122047,0,0.058859932000000004,45,0,0.8284343129999999,5000.0,15,0,1,0,2.0
122048,0,0.97002997,23,0,0.651741294,200.0,4,0,0,0,0.0
122049,0,0.118681371,33,0,0.22736530300000002,5400.0,13,0,2,0,0.0
122050,0,0.012335325,69,0,0.011195522,2500.0,6,0,0,0,0.0
122052,0,0.011048758,75,0,316.0,,12,0,0,0,0.0
122053,0,0.167395815,61,0,0.254524719,20166.0,5,0,1,0,1.0
122054,0,0.002324459,63,0,0.15692554,2497.0,5,0,0,0,0.0
122055,0,0.05146217,68,0,0.29136748,18800.0,12,0,3,0,2.0
122056,0,0.06604344,45,0,0.30015231600000003,11160.0,4,0,1,0,2.0
122057,1,0.0,30,0,1.1674550609999998,1056.0,4,0,0,0,1.0
122058,0,0.28096456399999997,78,0,0.437780076,2900.0,16,0,1,0,1.0
122059,0,0.9999998999999999,43,0,167.0,,1,0,0,0,0.0
122060,0,0.076494536,31,0,0.798647469,4583.0,9,0,3,0,2.0
122061,0,0.092603836,79,0,0.125133919,14000.0,11,0,1,0,0.0
122063,0,0.066773535,50,0,0.29151695,6400.0,11,0,1,0,3.0
122064,0,0.9999998999999999,29,0,0.0,1407.0,0,0,0,0,0.0
122065,0,0.9999998999999999,49,0,1038.0,,2,0,1,0,0.0
122067,0,0.13288467,63,1,0.271360416,6916.0,6,0,2,0,0.0
122068,0,0.0,39,0,350.0,,2,0,0,0,0.0
122069,0,0.288453423,63,0,0.48819709299999997,9700.0,15,0,3,0,1.0
122070,0,0.07956833099999999,53,0,0.213824595,6350.0,12,0,1,0,3.0
122071,0,0.046136752,66,0,0.007780135,9896.0,4,0,0,0,0.0
122072,0,0.613535459,46,0,0.567541459,6210.0,9,0,1,0,3.0
122073,0,0.47258004,40,0,0.514607679,9583.0,22,0,2,0,0.0
122075,1,0.063367087,35,0,0.419326015,7833.0,10,0,2,0,1.0
122077,0,0.9999998999999999,39,0,0.472015731,20850.0,4,0,3,0,0.0
122078,0,0.049058192,50,0,0.222505308,7064.0,9,0,1,0,1.0
122079,0,1194.0,44,0,0.312936693,4722.0,2,0,1,0,1.0
122081,0,0.270110605,63,0,0.33830679,5964.0,9,0,1,0,0.0
122083,0,0.019196,47,0,0.277169188,5750.0,11,0,1,0,0.0
122084,0,0.571225114,69,0,3151.0,,7,0,2,0,0.0
122086,0,0.071529173,71,0,0.540180225,8100.0,7,0,3,0,0.0
122087,0,0.165513452,77,0,0.477237397,4502.0,21,0,1,0,0.0
122088,0,0.153515415,61,1,1.148366363,5600.0,23,0,2,0,0.0
122090,0,0.331339496,45,0,0.843077957,2975.0,13,0,1,0,1.0
122091,0,0.206784364,58,1,0.49378882,6117.0,14,0,2,0,0.0
122093,0,0.499143282,68,0,0.498077245,5980.0,11,0,2,0,0.0
122094,0,0.125239858,55,0,0.33773245399999996,5000.0,13,0,1,0,0.0
122095,0,0.0,68,0,0.164766839,18334.0,8,0,2,0,3.0
122096,0,0.009560177,60,0,0.20196353399999997,6416.0,9,0,1,0,1.0
122098,0,0.9999998999999999,68,0,0.0,,0,0,0,0,0.0
122099,0,0.390728157,53,0,3126.0,,14,0,2,0,2.0
122100,0,0.9999998999999999,72,0,0.0987525,10500.0,2,0,1,0,0.0
122101,0,0.018139113000000002,70,0,0.003942407,5833.0,5,0,0,0,0.0
122102,0,0.675237367,70,1,1.338436078,4833.0,13,0,2,0,0.0
122103,0,0.08703759800000001,68,0,0.011913626,9400.0,3,0,0,0,1.0
122104,0,0.175728384,45,0,0.128327645,4394.0,7,0,0,0,3.0
122105,0,0.203169176,76,1,0.081765777,6591.0,5,0,0,0,0.0
122107,0,0.46530481100000004,54,0,0.38747406100000004,5300.0,10,0,2,0,0.0
122109,1,0.9165504790000001,52,3,0.803691598,5200.0,17,0,2,1,0.0
122110,0,0.18018408800000002,52,0,0.619786281,2900.0,7,0,1,0,3.0
122111,0,0.005531077,56,0,2724.0,,7,0,1,0,0.0
122113,0,0.8162599859999999,44,0,958.0,,5,0,0,0,0.0
122115,0,0.552017856,59,0,0.21753915899999998,9703.0,10,0,1,0,1.0
122116,0,0.019144721,73,0,0.35025380700000003,6500.0,8,0,1,0,0.0
122118,0,0.45341744100000003,59,1,0.356658336,2800.0,11,0,0,0,0.0
122120,0,0.306518401,46,2,0.27902599699999997,8500.0,9,0,1,0,0.0
122121,0,0.334825715,38,0,0.265051317,9450.0,10,0,1,0,0.0
122122,0,0.126996152,46,0,0.019997058999999998,6800.0,7,0,0,0,0.0
122123,0,0.23681342100000002,32,0,0.08622685199999999,1727.0,3,0,0,0,0.0
122124,0,0.0,43,0,0.068448375,5200.0,5,0,1,0,0.0
122126,0,0.24889863399999998,72,0,1681.0,,17,0,0,0,0.0
122127,0,0.023351251,40,0,0.390886368,5200.0,7,0,2,0,0.0
122128,0,0.9999998999999999,48,1,0.684958898,4500.0,10,0,1,0,2.0
122129,0,0.5514753000000001,47,0,0.49410647399999996,17900.0,20,0,2,0,3.0
122130,0,0.597405261,29,0,0.522496121,5800.0,8,0,1,0,2.0
122131,0,8.590000000000001e-05,64,0,0.525288167,4250.0,15,0,1,0,0.0
122134,0,9.36e-05,34,0,0.21696648699999999,10950.0,14,0,1,0,0.0
122135,0,0.99380124,53,0,1.8534554540000001,1200.0,15,0,2,0,0.0
122136,0,0.081446296,45,0,0.39785634299999995,6250.0,9,0,1,0,1.0
122137,0,0.356113953,36,0,0.35992801399999996,5000.0,10,0,1,0,0.0
122138,1,1.08062805,48,1,0.535996671,7208.0,16,0,2,0,1.0
122140,0,0.127799152,56,2,0.569072968,7701.0,14,0,2,0,3.0
122141,0,0.013704953,58,2,0.244621582,11666.0,9,0,1,0,0.0
122143,0,0.46182103700000005,46,0,0.22642529,3700.0,15,0,0,0,0.0
122145,0,0.291931633,69,0,1262.0,,9,0,1,0,0.0
122147,0,0.00117855,34,0,3882.0,,12,0,2,0,0.0
122148,0,0.032608969,74,0,0.106966925,5683.0,8,0,1,0,0.0
122149,0,0.9999998999999999,26,0,0.13378273300000001,3856.0,1,0,0,0,2.0
122153,0,0.11589638599999999,42,0,0.037185126,2500.0,4,0,0,0,2.0
122154,0,0.37459467399999996,58,0,0.30652763899999996,7000.0,9,0,3,0,0.0
122155,0,0.005257043,54,0,0.45703404,4200.0,15,0,2,0,0.0
122157,0,0.283448982,57,0,0.635229182,8333.0,13,0,1,0,1.0
122158,0,0.9983361059999999,55,1,110.0,,4,2,0,0,0.0
122159,0,0.045813118,53,0,0.162325941,7755.0,5,0,1,0,0.0
122160,0,0.353886611,74,0,0.30919288,4100.0,12,0,1,0,0.0
122161,0,0.926814637,37,2,0.012269938999999999,37000.0,5,0,0,1,0.0
122163,0,0.138695473,69,0,0.197156694,6400.0,6,0,1,0,0.0
122165,0,0.943949788,35,1,0.047825042000000005,4160.0,10,0,0,0,0.0
122166,0,0.645239975,53,0,0.493625531,12000.0,12,0,3,0,2.0
122170,1,0.022141802999999998,45,1,0.5404292860000001,3400.0,8,0,1,0,2.0
122171,0,0.058383695,60,0,96.0,,3,0,0,0,0.0
122172,0,0.040086087,74,0,0.012370188999999998,6547.0,8,0,0,0,0.0
122173,0,0.135376891,51,0,1.328268693,2500.0,6,0,1,0,2.0
122176,0,0.015557122,75,0,2207.0,,5,0,1,0,0.0
122177,0,0.470828075,39,0,1.074106749,2266.0,5,0,1,0,0.0
122178,0,0.0,55,1,0.364635905,11095.0,7,0,3,0,1.0
122183,0,0.0,74,0,0.0,,8,0,0,0,0.0
122186,0,0.157638768,67,0,0.414202264,5477.0,11,0,2,0,1.0
122187,1,0.6198028729999999,56,3,0.906182303,6000.0,16,0,3,0,1.0
122188,0,0.051216530999999996,41,0,13.0,,3,0,0,1,3.0
122189,0,0.9999998999999999,43,0,0.0,6690.0,0,0,0,0,2.0
122191,0,0.9999998999999999,69,2,0.38129239600000003,2800.0,2,1,0,1,0.0
122192,0,0.323901069,42,0,1119.0,0.0,15,0,0,0,4.0
122193,0,0.006705750999999999,69,0,0.16648306300000001,7261.0,5,0,2,0,0.0
122195,0,0.054526135,49,0,0.543936954,11800.0,12,0,4,0,2.0
122197,1,0.9999998999999999,63,98,0.0,986.0,0,98,0,98,0.0
122198,0,0.08051948099999999,57,0,0.17181972,6500.0,8,0,0,0,0.0
122199,0,0.362547775,60,1,7232.0,,12,0,2,1,0.0
122200,0,0.003066872,63,0,0.256171697,18916.0,13,0,2,0,0.0
122204,0,0.044646769,34,0,0.36533032200000004,7083.0,11,0,2,0,2.0
122205,0,0.519028671,54,3,0.259727626,3083.0,8,0,1,2,0.0
122207,0,0.0,61,0,0.0,,3,0,0,0,0.0
122210,0,0.0062861769999999996,40,0,0.0016617429999999998,5415.0,3,0,0,0,0.0
122213,0,0.003231783,72,0,0.002443901,4500.0,12,0,0,0,0.0
122216,0,0.0,59,0,3480.0,,8,0,1,0,0.0
122217,0,0.664894025,54,1,0.528891075,12200.0,12,0,2,0,0.0
122218,1,0.90319163,61,3,1577.0,,7,1,0,0,
122220,0,0.554386348,48,5,7731.0,,19,0,2,0,0.0
122222,0,0.9391974059999999,41,0,0.330119442,6948.0,7,4,0,3,4.0
122223,0,0.0,53,0,0.18854057300000002,20000.0,16,0,2,0,4.0
122225,0,0.032505782999999996,70,0,31.0,,6,0,0,0,0.0
122226,0,0.9999998999999999,48,0,1684.0,,1,0,1,1,0.0
122227,0,0.47248388700000005,35,0,0.43877144,7520.0,10,0,1,0,2.0
122228,0,0.673918784,60,0,0.420407821,11916.0,17,0,1,0,1.0
122229,0,0.9940668640000001,51,0,0.898138833,3975.0,11,0,2,0,0.0
122230,0,0.9999998999999999,24,0,3.0,,1,0,0,0,
122231,0,0.044147412000000004,61,0,64.0,,8,0,0,0,0.0
122234,0,0.128973745,62,0,0.23877671,5100.0,8,0,1,0,1.0
122235,0,0.524696936,59,3,0.840924239,4500.0,16,0,1,0,0.0
122236,0,0.000998599,59,0,0.121155123,9037.0,11,0,1,0,1.0
122237,0,0.465537928,27,0,0.190615836,3750.0,6,0,0,0,0.0
122238,0,0.414265987,56,1,0.488491675,4083.0,11,0,2,0,0.0
122239,0,0.0,26,0,0.009154421,4150.0,3,0,0,0,0.0
122240,0,0.308482643,52,0,0.291087273,7550.0,6,0,1,0,0.0
122241,0,0.370465395,42,0,0.46264602,3680.0,16,0,1,0,3.0
122242,0,0.168080338,48,0,0.351945854,6500.0,11,0,2,0,3.0
122246,0,0.029604042999999997,35,1,0.372340426,5921.0,13,0,1,1,3.0
122247,0,0.153109962,49,0,0.7375728490000001,5833.0,9,0,3,0,0.0
122248,0,0.038830097,76,0,0.10776389900000001,4082.0,5,0,1,0,1.0
122249,0,0.077696983,61,0,0.5538190620000001,4542.0,24,0,2,0,0.0
122250,0,0.0,30,0,742.0,,4,0,0,0,0.0
122251,0,0.066671947,46,0,0.23242736600000002,5334.0,9,0,1,0,0.0
122252,0,0.66005396,55,0,1198.0,,5,0,1,1,0.0
122253,0,0.003736645,42,0,0.323334872,6500.0,5,0,1,0,0.0
122254,0,0.15598614800000002,29,0,0.575856036,4000.0,8,0,2,0,0.0
122255,0,0.08201765400000001,68,0,2361.0,,8,0,0,0,0.0
122257,0,0.038671497,48,1,2815.0,,23,0,2,0,3.0
122258,0,0.228067125,72,0,0.34447236200000003,3979.0,6,0,1,0,2.0
122259,0,0.162083899,57,0,0.760692157,13233.0,21,0,3,0,1.0
122260,0,0.146071342,61,0,0.533847472,3500.0,7,0,1,0,0.0
122261,0,0.026015572999999997,62,0,1475.0,,11,0,1,0,0.0
122264,0,0.6690145270000001,39,0,0.62037962,1000.0,6,0,0,0,0.0
122265,0,0.14139685800000001,36,0,0.048332796,90000.0,8,0,2,0,2.0
122269,0,0.0,49,0,0.292453636,11700.0,11,0,2,0,1.0
122270,0,0.005165218,61,0,1279.0,,7,0,1,0,0.0
122272,0,0.142777388,57,0,0.261137574,7137.0,19,0,1,0,0.0
122273,0,0.035446978999999997,42,0,0.002913953,5833.0,3,0,0,0,0.0
122274,0,0.346707754,46,0,0.383815491,7500.0,6,0,1,0,2.0
122277,0,0.012129488999999999,66,0,0.8149300159999999,4500.0,11,0,3,0,1.0
122278,0,0.343337071,60,0,0.396357329,5764.0,16,0,1,0,0.0
122279,1,0.133605059,55,0,0.173091511,14500.0,15,0,2,0,0.0
122282,0,0.772100879,33,0,1777.0,,8,0,1,0,0.0
122283,0,0.065755962,56,0,6.072765072999999,480.0,10,0,1,0,0.0
122284,0,0.027863482999999998,65,0,0.230838299,12250.0,13,0,2,0,0.0
122285,1,0.766620572,42,0,0.588082384,5000.0,5,0,1,0,4.0
122286,0,0.077881006,63,0,0.256037198,6666.0,18,0,1,0,0.0
122287,0,0.7042957040000001,36,2,0.038518276000000004,6100.0,3,0,0,1,4.0
122288,0,0.766677409,61,0,3922.0,,12,0,2,0,0.0
122290,0,0.334985925,44,0,836.0,,6,0,0,0,0.0
122291,0,0.006914224,45,0,0.150722374,5121.0,16,0,0,0,0.0
122292,0,0.0,61,0,1647.0,,6,0,1,0,
122294,0,0.639261682,48,0,2713.0,,9,0,2,0,1.0
122295,0,0.000621749,52,0,0.23732754600000003,12901.0,10,0,2,0,3.0
122296,0,0.19343226300000002,33,0,0.09508998,4500.0,6,0,0,0,0.0
122297,0,1.006199587,43,0,0.43389152700000005,4000.0,5,0,2,0,0.0
122298,0,0.0045711020000000005,27,0,0.282717283,1000.0,5,0,0,0,0.0
122299,0,0.0,58,0,0.059394061,10000.0,5,0,0,0,0.0
122300,0,0.9999998999999999,61,0,0.0,,6,0,0,0,0.0
122302,0,0.0,43,1,0.402134472,4684.0,10,0,1,0,0.0
122304,0,0.359866754,36,0,5.744011976,667.0,14,0,2,0,2.0
122305,0,0.014482558999999999,37,0,0.401007919,4166.0,6,0,1,0,2.0
122306,0,0.19030289,74,0,0.258414308,7100.0,13,0,1,0,1.0
122307,0,0.11759009699999999,53,0,0.522412931,6000.0,16,0,1,0,1.0
122308,0,0.249783067,31,0,0.537154282,3000.0,10,0,1,0,0.0
122309,0,0.049267335999999995,35,0,0.097870569,43250.0,7,0,2,0,0.0
122310,0,0.432416843,43,3,0.205183585,4166.0,9,0,0,0,0.0
122311,0,0.17059032899999999,66,0,0.248252268,6722.0,6,0,1,0,0.0
122312,0,0.0,62,0,0.0,,8,0,0,0,0.0
122313,1,1.014969718,41,0,0.739704118,2500.0,10,0,1,0,0.0
122315,0,0.009925742,76,0,0.00509898,3333.0,15,0,0,0,0.0
122316,0,0.0,50,0,0.234529497,9000.0,7,0,1,0,3.0
122318,0,0.621553829,61,0,0.261819528,8100.0,6,0,1,0,0.0
122319,0,0.02807998,48,0,0.094932191,1400.0,7,0,0,0,0.0
122320,0,0.0,48,0,1753.0,,5,0,1,0,0.0
122321,0,0.093200479,50,0,0.579488644,7000.0,12,0,4,0,0.0
122322,0,0.33613445399999997,54,0,0.271289343,6258.0,9,0,2,0,1.0
122323,0,0.262688503,56,0,0.491135421,2650.0,12,0,1,0,0.0
122326,0,0.032573722,56,0,97.0,,7,0,0,0,0.0
122328,0,0.00179988,64,1,0.0,,3,0,0,0,
122329,0,0.0,73,0,1097.0,,11,0,2,0,0.0
122330,0,0.08799648,53,0,66.0,,8,0,0,0,0.0
122332,0,0.068374132,72,0,1598.0,,27,0,0,0,0.0
122333,0,0.998583569,66,0,0.022805716,31000.0,3,0,0,0,0.0
122334,1,0.9999998999999999,57,98,0.0,2500.0,0,98,0,98,1.0
122335,0,0.09739026099999999,70,0,29.0,,1,0,0,0,0.0
122336,0,0.44302465799999996,59,0,0.371417144,7500.0,8,0,2,0,0.0
122337,0,0.066705554,30,0,0.052480525,2438.0,9,0,0,0,0.0
122338,0,0.031509796,37,0,0.43717948700000003,2339.0,5,0,1,0,0.0
122339,0,0.017941479,70,0,1496.0,,6,0,2,0,0.0
122340,0,0.10998854300000001,61,0,0.236018471,1948.0,6,0,1,0,0.0
122343,0,0.032886082999999997,28,0,0.7818831940000001,1677.0,7,0,1,0,0.0
122345,0,1.184455083,46,1,0.7224258579999999,3000.0,7,4,1,1,2.0
122346,0,0.04023015,73,0,0.18364264100000002,4633.0,7,0,1,0,0.0
122347,0,0.043638254,69,0,0.214820885,17083.0,14,0,2,0,0.0
122349,0,0.27461494399999997,50,0,0.662482566,5018.0,17,0,1,0,0.0
122350,0,0.045390318,39,0,0.07955657,9200.0,6,0,0,0,1.0
122351,0,0.9999998999999999,26,0,569.0,,2,0,0,2,0.0
122352,0,0.005719721,59,0,1622.0,,15,0,1,0,4.0
122353,0,1.031714286,25,0,0.152564957,1500.0,4,0,0,0,0.0
122354,0,0.32058071899999996,62,0,0.434994861,3891.0,11,0,2,0,0.0
122355,0,0.016279053999999998,69,0,0.5041996639999999,4166.0,12,0,1,0,0.0
122357,0,0.863174552,49,0,0.310721427,6500.0,12,0,0,0,0.0
122358,0,0.456865044,60,0,0.052091555,3800.0,4,0,0,0,0.0
122359,0,0.00960377,48,0,0.002239642,6250.0,5,0,0,0,0.0
122360,0,0.104889154,26,0,0.07215822599999999,4600.0,9,0,0,0,0.0
122362,0,0.574496761,27,0,0.144974112,5600.0,4,0,0,0,1.0
122363,0,0.025576527999999998,46,0,0.66340603,6235.0,12,0,2,0,1.0
122364,0,0.657814773,60,1,0.114491822,14000.0,10,0,0,0,0.0
122365,0,0.042685293,45,0,0.38637645200000004,8866.0,19,0,2,0,1.0
122366,0,0.09070737599999999,65,0,0.025576166,3557.0,10,0,0,0,0.0
122367,0,0.988477288,54,0,0.162562488,5400.0,4,0,0,0,0.0
122368,0,0.09336190400000001,39,0,0.023995201,5000.0,10,0,0,0,0.0
122370,0,0.11748531400000001,53,0,0.328026657,2700.0,7,0,1,0,1.0
122371,0,0.09575287699999999,62,0,0.05589688,8300.0,18,0,0,0,0.0
122372,0,0.9545871020000001,44,0,0.45734949999999996,4700.0,8,0,0,0,0.0
122373,0,0.9999998999999999,53,0,71.0,,0,0,0,0,0.0
122374,0,0.45211465799999995,33,0,0.44151169799999995,5000.0,6,0,1,0,0.0
122375,0,0.005055415,63,0,5.0,,7,0,0,0,0.0
122376,0,0.60638414,61,0,0.712761905,2624.0,12,0,0,0,0.0
122378,0,0.643674249,55,0,0.44863516299999995,6813.0,16,0,1,0,1.0
122379,0,0.47415727,62,0,0.909584345,7000.0,13,0,5,0,0.0
122380,0,0.026481342999999997,49,0,0.601962923,2750.0,11,0,1,0,0.0
122381,0,0.9651784179999999,33,0,0.38944435299999997,6100.0,2,0,1,0,0.0
122382,0,0.003672598,68,0,0.47418681,3350.0,12,0,1,0,2.0
122383,0,0.9999998999999999,71,0,0.16281062599999999,3500.0,6,0,0,0,0.0
122384,0,0.185360202,52,0,1751.0,,5,0,1,0,0.0
122385,0,0.0,28,0,0.0,2500.0,2,0,0,0,0.0
122386,0,0.10793989699999999,49,0,0.382261774,10000.0,10,0,3,0,2.0
122388,0,0.236312441,51,1,0.37485056,9200.0,15,0,2,0,2.0
122389,0,0.000863543,53,0,0.359867152,9333.0,15,0,2,0,1.0
122390,0,0.049598474000000004,46,0,1910.0,,6,0,1,0,0.0
122391,0,0.05039798400000001,62,0,703.0,,2,0,0,0,0.0
122392,0,0.069064818,56,0,1646.0,,14,0,1,0,0.0
122394,0,0.156758172,38,0,0.643388529,4166.0,9,0,2,0,2.0
122395,0,0.0,43,0,0.00033329599999999996,9000.0,4,0,0,0,3.0
122396,0,0.006866209,63,0,0.313720622,12083.0,13,0,1,0,0.0
122397,0,0.0010152030000000001,84,0,0.00019996,5000.0,7,0,0,0,0.0
122398,0,0.37044485200000005,44,0,0.485178903,12380.0,14,0,1,0,2.0
122399,0,0.053199409,69,0,0.102549175,24046.0,14,0,1,0,1.0
122400,1,1.0289383840000002,44,5,0.30718244699999997,17500.0,7,2,1,4,2.0
122401,0,0.062496875,37,0,0.008359456999999999,4784.0,4,0,0,0,0.0
122402,0,0.038535191,34,0,0.381248611,4500.0,7,0,2,0,0.0
122404,1,0.012217697,53,1,0.13499325,6666.0,6,0,0,0,1.0
122406,0,0.01262102,60,0,18.0,,4,0,0,0,0.0
122407,0,0.252407449,70,0,0.561422661,17403.0,25,0,12,0,0.0
122409,0,0.001933204,60,0,0.168690187,7000.0,9,0,2,0,0.0
122410,0,0.9999998999999999,27,0,0.0,1064.0,0,0,0,0,0.0
122412,0,0.032452224,59,0,0.284969592,8056.0,23,0,2,0,3.0
122414,0,0.056079492,46,0,0.18423481600000002,5416.0,8,0,1,0,0.0
122415,0,0.201627065,52,0,1513.0,,15,0,1,0,1.0
122416,0,0.9999998999999999,37,0,0.970922308,2200.0,5,0,1,0,1.0
122417,0,0.505675258,48,0,0.36203201799999996,7932.0,12,0,1,0,0.0
122418,0,0.008359265,72,0,0.472401698,5416.0,35,0,1,0,2.0
122420,0,0.000456188,63,0,0.0,,4,0,0,0,0.0
122422,0,0.020490009,68,0,0.8309984429999999,4496.0,14,0,2,0,0.0
122423,0,0.821842524,58,2,1501.0,,8,0,0,0,0.0
122424,0,0.04462986099999999,67,0,0.251229064,12000.0,14,0,2,0,0.0
122425,0,0.095734496,34,0,0.004029249,6700.0,2,0,0,0,0.0
122426,0,0.003759699,42,0,0.059820369000000005,5900.0,4,0,0,0,1.0
122427,0,0.41182189399999997,34,0,0.22957704199999998,10000.0,7,0,2,0,0.0
122428,0,0.710832171,62,2,0.038573824,16098.0,8,0,0,0,4.0
122429,0,0.25424368199999997,47,1,0.22595480899999998,5000.0,4,0,1,0,3.0
122431,0,0.130554139,62,0,0.273026316,4255.0,13,0,0,0,0.0
122434,0,0.028153135,63,0,0.320575885,8334.0,10,0,2,0,2.0
122435,0,0.0,68,0,0.798643714,5750.0,9,0,2,0,0.0
122437,0,0.027499491,72,0,43.0,,7,0,0,0,
122439,0,0.933788643,47,0,0.44762669,16200.0,8,0,1,0,0.0
122440,0,0.169138769,51,0,2347.0,,8,0,1,0,0.0
122441,0,0.111377768,53,0,0.236796655,11000.0,5,0,1,0,2.0
122442,0,1.011952191,24,1,0.068931069,1000.0,4,0,0,0,2.0
122443,0,0.481904437,67,1,0.6512110729999999,2889.0,10,0,1,0,0.0
122444,0,0.18197859100000002,35,0,0.013497301000000001,3333.0,4,0,0,0,0.0
122445,0,0.021876138,65,0,0.44275954,6000.0,8,0,2,0,0.0
122446,0,0.135728543,25,0,0.108727348,4800.0,3,0,0,0,0.0
122447,0,0.007367094,74,0,0.21763471,1428.0,5,0,0,0,0.0
122449,0,0.13803178800000002,35,1,0.36861051100000003,8333.0,10,0,2,0,0.0
122450,0,0.011419881000000002,41,0,2936.0,,16,0,2,0,0.0
122451,0,0.0,64,0,0.331043593,3784.0,7,0,1,0,0.0
122452,0,0.385650275,71,0,2828.0,,15,0,1,0,0.0
122453,1,0.51108118,51,0,0.275065963,6063.0,5,0,1,0,0.0
122454,0,0.50997151,41,1,0.11672082,4000.0,3,2,0,0,3.0
122455,0,0.128452491,62,0,0.72959467,1800.0,4,0,1,0,0.0
122457,0,0.045851319,43,0,0.262647683,3300.0,7,0,0,0,6.0
122458,0,0.017991252,59,0,0.292593185,6250.0,6,0,1,0,0.0
122459,0,0.462282911,37,1,0.38892449700000004,7800.0,9,0,1,1,0.0
122460,0,0.052529982999999995,62,0,0.151421983,2601.0,4,0,0,0,0.0
122461,0,0.030603939,50,0,108.0,,8,0,0,0,0.0
122462,0,0.118121412,37,0,1007.0,1.0,6,0,2,0,1.0
122463,0,0.083469793,83,0,0.019712033,5833.0,9,0,0,0,1.0
122464,0,0.007733497,53,0,0.34178840899999996,6228.0,21,0,1,0,0.0
122467,0,0.309593382,46,0,1735.0,,7,0,1,0,3.0
122468,0,0.290157743,29,1,0.009665428,4034.0,3,0,0,2,0.0
122471,0,0.6972015009999999,48,0,0.539389427,6714.0,10,0,2,0,2.0
122472,0,0.065493024,48,0,0.298541642,8296.0,15,0,2,0,1.0
122473,0,0.028647093,76,0,0.008830022,4076.0,6,0,0,0,0.0
122474,0,0.036140342,55,0,0.017464338,7500.0,15,0,0,0,0.0
122475,0,0.124055998,42,1,0.116989673,7068.0,6,0,0,1,2.0
122476,0,0.0011247610000000002,58,0,1909.0,1.0,14,0,2,0,0.0
122477,0,0.9904670309999999,65,1,0.6415435629999999,3316.0,15,0,1,0,0.0
122478,0,0.006510349,77,0,0.75043993,6250.0,15,0,1,0,0.0
122479,0,0.5589783979999999,69,0,0.477726114,20000.0,15,0,2,0,2.0
122480,0,0.845774615,63,0,0.494334089,7500.0,5,0,2,0,0.0
122481,0,0.0,64,0,0.10949734800000001,7917.0,9,0,1,0,2.0
122482,0,0.322461548,46,0,0.14371762400000002,8300.0,11,0,0,0,0.0
122483,0,0.0,49,0,0.27971561899999997,4500.0,2,0,1,0,0.0
122485,0,0.139995758,66,0,0.289635518,6666.0,5,0,1,0,1.0
122487,0,0.072613523,56,0,1158.0,,6,0,1,0,2.0
122489,0,0.448423953,33,0,0.717329813,5302.0,20,0,1,0,3.0
122490,0,0.320018085,38,0,0.387768705,6000.0,9,0,1,0,2.0
122491,0,0.0,61,0,0.406435489,3200.0,9,0,2,0,0.0
122492,0,0.020117253,50,0,30.0,,7,0,0,0,0.0
122493,0,0.45701083299999995,55,0,187.0,,4,0,0,0,0.0
122495,0,0.03805284,31,0,0.009563887,5227.0,7,0,0,0,0.0
122496,0,0.072431633,75,0,49.0,,5,0,0,0,
122497,0,0.0,86,0,26.0,,6,0,0,0,0.0
122498,0,0.6279063020000001,43,0,0.724933452,3380.0,11,0,0,0,1.0
122499,0,0.516566393,38,0,0.087309315,3080.0,6,0,0,0,1.0
122500,0,0.0016845579999999998,56,0,0.46615801100000004,8125.0,11,0,2,0,0.0
122501,1,0.9999998999999999,46,0,0.233435717,2278.0,5,0,0,1,1.0
122504,0,0.070714302,46,0,1688.5,1.0,11,0,1,0,0.0
122505,0,0.0,87,0,0.188531712,1150.0,6,0,0,0,0.0
122506,0,0.606177426,47,0,3600.0,,7,0,2,0,0.0
122507,0,0.709129087,48,0,0.06632228,6000.0,3,0,0,0,2.0
122508,0,0.042096867,55,0,0.369299802,9582.0,7,0,2,0,1.0
122509,0,0.049891075,54,0,0.40670910899999996,4083.0,7,0,2,0,0.0
122510,0,0.0,21,0,0.0,1.0,2,0,0,0,0.0
122512,0,0.48384353700000005,40,0,0.11848025300000001,6000.0,9,0,0,0,2.0
122513,0,0.01032434,58,0,0.40699879299999997,5800.0,11,0,2,0,0.0
122514,0,0.453624026,46,0,0.153170509,30625.0,12,0,2,0,3.0
122515,0,0.22284442899999998,75,0,0.030552161,9000.0,4,0,0,0,0.0
122516,0,0.027997544,87,0,47.0,,8,0,0,0,0.0
122517,0,0.02474748,65,0,0.251566458,7500.0,11,0,1,0,0.0
122518,0,1.078255785,66,0,3450.0,,12,0,2,0,0.0
122519,0,0.988834326,39,0,0.769143413,6163.0,14,0,2,0,2.0
122523,0,0.175948775,63,0,0.225195633,10350.0,10,0,0,0,1.0
122524,1,0.9999998999999999,58,0,983.0,,5,0,0,1,0.0
122525,0,1.631368631,72,0,1844.0,,7,0,1,0,0.0
122526,1,0.9999998999999999,49,1,0.10954140400000001,4600.0,1,1,0,0,0.0
122528,0,0.0327903,34,0,0.052285099,7898.0,6,0,0,0,1.0
122529,0,0.118411099,68,0,654.0,,12,0,0,0,0.0
122530,0,0.784971023,53,0,0.30092425300000003,19366.0,17,0,2,0,0.0
122531,0,0.009371143,69,0,2.242328875,5083.0,34,0,16,0,0.0
122532,0,0.19164757,59,0,0.293649324,5400.0,7,0,1,0,1.0
122533,0,0.17315001600000002,32,0,0.160881175,4493.0,14,0,0,0,0.0
122534,0,0.156977259,52,0,0.386315542,4252.0,7,1,1,0,0.0
122536,0,0.032443249,82,0,0.301118858,6166.0,16,0,1,0,1.0
122537,0,0.312460069,64,0,0.651052274,4418.0,12,0,1,0,0.0
122539,0,0.00076876,62,0,0.002498438,1600.0,17,0,0,0,0.0
122540,0,0.071003433,50,0,2852.0,,8,0,1,0,0.0
122544,0,0.28996742600000003,53,0,0.245311024,7410.0,15,0,1,0,0.0
122545,0,0.0,45,0,0.45917683299999995,7458.0,15,4,1,0,2.0
122546,1,0.9999998999999999,54,0,0.045531197,4150.0,1,1,0,0,2.0
122547,0,0.9999998999999999,26,0,20.0,,1,0,0,0,0.0
122548,1,0.030361446,45,0,0.24593033399999997,5712.0,8,0,1,0,0.0
122549,0,0.020655115,65,0,591.0,,8,0,0,0,0.0
122551,0,0.9999998999999999,63,0,0.620590353,4166.0,8,0,2,0,1.0
122557,0,0.054479635,49,0,0.488688914,8000.0,15,0,2,0,2.0
122558,0,0.01623935,82,0,0.053407351,5223.0,3,0,0,0,0.0
122559,0,0.03502676,50,0,0.124784854,4647.0,16,0,0,0,0.0
122561,0,0.99905886,50,0,0.300924769,4000.0,3,0,0,0,0.0
122562,1,0.613929515,58,0,0.271360638,6518.0,8,0,1,0,0.0
122564,0,0.01412011,55,0,0.34938444799999996,6416.0,15,0,3,0,1.0
122565,0,0.039653831,48,0,0.021919705,4333.0,6,0,0,0,4.0
122569,0,0.428963854,48,0,0.471143071,10707.0,10,0,2,0,3.0
122570,0,0.459832203,41,0,0.5652316789999999,3042.0,8,0,1,0,1.0
122571,0,0.992133858,34,1,0.6579514,3250.0,5,0,2,0,2.0
122572,0,0.134028655,58,0,0.336141907,4509.0,18,0,0,0,0.0
122573,0,0.168251438,73,0,0.40589236,12931.0,8,0,2,0,0.0
122575,0,0.028848558,26,0,0.011103854,1530.0,9,0,0,0,0.0
122576,0,0.0,51,1,0.288925895,1200.0,9,0,0,0,0.0
122578,0,0.005888725,54,0,0.000833218,7200.0,8,0,0,0,0.0
122579,0,0.760956175,39,0,0.253258845,1610.0,3,0,0,1,0.0
122581,0,0.548934432,57,0,0.665439243,5702.0,16,0,3,0,0.0
122582,0,0.007153296,64,1,1.129971745,4600.0,5,0,1,0,1.0
122584,0,0.007249819,44,0,0.220163723,9283.0,6,0,1,0,1.0
122585,0,0.008430069,52,0,0.010824313,1200.0,5,0,0,0,0.0
122587,0,0.779688125,32,0,0.108378171,1300.0,5,0,0,0,1.0
122589,0,0.694930899,45,0,8.516966068,500.0,6,0,3,0,3.0
122590,0,0.9999998999999999,74,0,4771.0,,8,0,2,0,0.0
122592,0,0.0,72,0,0.0,,3,0,0,0,
122593,0,0.971325434,50,1,0.640427388,4585.0,8,0,1,0,1.0
122595,0,0.400006054,49,0,0.55069662,15000.0,10,0,3,0,3.0
122596,0,0.85537021,45,1,0.414015304,4965.0,7,0,0,0,0.0
122597,0,0.10281156300000001,42,3,0.17592057100000003,10373.0,8,0,3,0,4.0
122598,0,0.548064919,67,1,0.7156475240000001,4300.0,7,0,1,0,0.0
122600,0,0.486628529,36,0,6765.0,0.0,9,0,2,0,2.0
122601,0,0.9999998999999999,33,0,0.0,,1,0,0,0,1.0
122602,0,0.037260392,52,0,1809.0,,5,0,2,0,0.0
122604,0,0.370702175,52,0,0.295466443,9550.0,11,0,1,0,0.0
122605,0,0.11924403800000001,42,0,0.09296592,45833.0,5,0,2,0,0.0
122606,0,0.0019499679999999998,70,0,2.55,519.0,13,0,1,0,0.0
122607,0,0.6386596370000001,26,0,1876.0,,14,0,0,0,0.0
122608,0,0.9999998999999999,39,1,0.24326576,3600.0,1,1,0,0,0.0
122609,0,0.9999998999999999,50,0,0.796040792,5000.0,5,0,2,0,1.0
122611,0,0.063893611,30,0,0.329896907,2133.0,5,0,0,0,0.0
122613,0,0.129262632,27,0,0.00314911,6350.0,4,0,0,0,2.0
122614,0,0.039837758,43,0,0.44177818799999996,6500.0,7,0,2,0,2.0
122615,0,0.28998550100000003,48,0,0.125221533,54167.0,18,0,2,0,2.0
122618,0,0.219517364,50,0,0.666289337,4416.0,14,0,2,0,2.0
122619,0,0.005499725,37,0,0.053848934,8300.0,4,0,1,0,1.0
122621,0,0.3519753,67,0,1.320956801,2800.0,9,0,2,0,0.0
122622,0,0.837028365,36,0,0.317280453,6000.0,5,0,0,0,2.0
122623,0,0.61653405,48,0,0.524418398,5630.0,11,0,1,0,2.0
122624,0,0.01159942,40,0,3330.0,0.0,6,0,1,0,2.0
122625,0,0.013023054,92,1,0.049497525,6666.0,7,0,0,0,0.0
122626,0,0.9999998999999999,35,1,0.43115124200000005,2214.0,4,2,0,0,1.0
122631,0,0.019399815,67,0,0.078830994,5200.0,11,0,0,0,0.0
122633,0,0.14505014900000002,62,0,0.630965005,6600.0,10,0,2,0,0.0
122634,1,0.41545281799999995,45,2,0.23323811100000003,5950.0,6,1,1,0,1.0
122636,0,0.309864585,66,0,0.18986001600000002,8500.0,9,0,1,0,0.0
122642,0,0.47881154200000003,62,1,0.465635739,6983.0,11,0,2,0,1.0
122644,0,0.0,67,0,0.010143457,6900.0,7,0,0,0,0.0
122645,0,0.6155386620000001,40,0,0.488740135,24200.0,14,1,5,1,1.0
122646,0,0.9999998999999999,36,1,0.189595738,3190.0,2,1,0,0,0.0
122647,0,0.04885627,52,0,0.275429506,11000.0,7,0,3,0,3.0
122649,0,0.11882711300000001,41,0,2032.0,,8,0,3,0,0.0
122650,0,0.006330586,54,0,2958.0,,7,0,2,0,0.0
122651,0,0.010751321000000001,70,0,1668.0,,13,0,3,0,0.0
122652,0,0.0,53,0,0.144326909,6900.0,4,0,1,0,0.0
122655,0,0.125974805,38,0,0.006426276,2800.0,1,0,0,0,0.0
122656,0,0.39588688899999996,34,0,0.657812054,3500.0,5,0,1,0,1.0
122657,0,0.475649159,68,1,1.169886742,1500.0,13,0,1,0,0.0
122658,0,0.0,64,0,42.0,,5,0,0,0,0.0
122659,0,0.008226556999999999,60,0,0.0006299869999999999,33333.0,9,0,0,0,2.0
122660,0,0.021211677999999998,61,0,0.012685578000000001,89786.0,6,0,1,0,1.0
122662,0,0.422861686,66,0,0.33751593,10200.0,12,0,2,0,1.0
122663,1,0.968334933,48,7,0.439156627,3319.0,11,2,0,0,0.0
122665,0,0.017592963,25,0,0.6810457520000001,764.0,3,0,0,0,0.0
122667,0,0.031663462999999996,59,0,0.38343448799999996,2800.0,8,0,1,0,0.0
122668,0,0.810958719,70,0,358.0,,5,0,0,0,0.0
122671,0,0.0,56,0,718.5,1.0,6,0,1,0,0.0
122673,0,0.9999998999999999,53,0,0.632564214,2296.0,8,0,1,0,0.0
122674,0,0.05337689,82,0,0.182626215,8437.0,8,0,1,0,1.0
122675,0,0.675485071,48,0,0.33747599100000003,8850.0,7,0,1,0,2.0
122676,0,0.148770246,22,0,22.0,0.0,1,0,0,0,0.0
122677,0,0.0,66,0,708.0,,18,0,1,0,0.0
122681,0,0.151330181,58,0,0.31450858,3204.0,6,0,1,0,0.0
122682,0,0.12179391,54,0,0.27811673800000003,9833.0,6,0,2,0,3.0
122685,1,0.9999998999999999,25,0,0.1745503,1500.0,1,0,0,0,0.0
122686,0,0.000437745,33,0,462.0,,11,0,0,0,1.0
122687,0,0.051198862000000005,73,0,1042.0,,5,0,1,0,0.0
122688,0,0.7508481640000001,43,1,1065.0,,5,0,0,0,0.0
122689,0,0.239112782,46,0,0.699526399,5700.0,18,0,3,0,1.0
122690,0,0.975195342,57,0,1.363782051,4367.0,8,1,2,0,1.0
122691,0,0.20173206899999999,52,0,0.41301567,6253.0,11,0,1,0,0.0
122692,0,0.894792721,43,2,1.0943920040000001,1800.0,8,0,1,0,0.0
122693,0,0.013198013,70,0,0.006637168000000001,2711.0,7,0,0,0,0.0
122694,0,2967.0,29,0,288.0,,2,0,0,0,
122697,0,0.395589905,33,0,0.226391879,3250.0,10,0,0,0,0.0
122698,0,0.027565432999999997,84,0,94.0,,12,0,0,0,0.0
122702,0,0.541281957,36,0,0.274286508,14400.0,12,0,1,0,2.0
122703,0,0.047140042,56,0,0.339808519,7206.0,8,0,1,0,0.0
122704,0,0.0,32,0,2262.0,,5,0,1,0,
122705,0,0.9999998999999999,25,1,0.158736505,2500.0,1,0,0,0,0.0
122706,0,0.909976303,55,0,0.681616833,5417.0,19,0,2,0,0.0
122707,1,0.9999998999999999,40,0,0.051987003,4000.0,4,0,0,0,0.0
122708,0,0.0,38,0,0.277674935,2700.0,4,0,1,0,0.0
122710,0,0.348922503,73,0,0.8384970340000001,4550.0,16,0,2,0,1.0
122711,0,0.412290073,72,0,0.255653416,4200.0,9,0,1,0,0.0
122712,0,0.072904151,59,0,0.16360664,7951.0,3,0,1,0,1.0
122714,0,0.06483435900000001,38,0,0.462651453,8500.0,9,0,2,0,1.0
122715,0,0.148469505,47,0,0.447900467,4500.0,14,0,1,0,3.0
122716,0,0.005313189,78,0,0.0036723159999999997,3539.0,10,0,0,0,0.0
122718,0,0.047797140999999994,43,0,0.196648458,10800.0,5,0,2,0,3.0
122719,0,0.012504837,80,0,0.36825269899999996,2500.0,13,0,1,0,2.0
122720,0,0.341510566,43,0,0.20058351600000002,2741.0,5,0,0,0,4.0
122722,0,0.330567113,64,0,0.04274097599999999,10083.0,5,0,0,0,1.0
122723,0,0.019754492,26,0,8.0,,5,0,0,0,
122724,0,0.005726006,83,0,0.0006775069999999999,1475.0,2,0,0,0,0.0
122727,0,0.6082445129999999,50,0,4242.0,,12,0,2,0,0.0
122728,0,0.13374317300000002,44,0,152.0,,3,0,0,0,2.0
122729,0,0.0,35,0,0.621911156,7000.0,5,0,2,0,0.0
122730,0,0.9982876709999999,62,1,0.002329086,7298.0,1,0,0,0,4.0
122733,0,0.026085461,78,0,0.164519326,10089.0,7,0,1,0,0.0
122734,0,0.307969692,53,1,0.936531734,2000.0,10,0,1,0,0.0
122735,0,0.135586441,31,0,0.20602462600000002,4547.0,7,0,0,0,1.0
122737,0,0.082904285,48,0,0.29890473,16342.0,10,0,3,0,2.0
122738,0,0.018773586000000002,51,0,0.380561944,10000.0,10,0,2,0,0.0
122739,0,0.515376374,52,2,0.75564887,5000.0,19,0,1,0,0.0
122740,1,0.9999998999999999,39,1,0.35385196399999996,5295.0,5,3,2,1,3.0
122741,0,0.010137844,65,0,0.008327707,4442.0,9,0,0,0,0.0
122743,0,0.019485633999999998,40,0,16.0,,4,0,0,0,
122744,0,0.136840193,33,0,0.34366519100000004,7000.0,10,0,1,0,1.0
122746,0,0.014430014,59,0,0.194543482,6450.0,6,0,1,0,0.0
122750,0,0.087835736,56,0,0.565316652,21900.0,16,0,5,0,2.0
122751,1,0.9999998999999999,55,0,0.0,1163.0,0,1,0,0,2.0
122753,0,0.015927166,52,0,0.565127498,1450.0,7,0,1,0,0.0
122754,0,0.133686631,25,0,0.009359250999999999,4166.0,2,0,0,0,0.0
122755,0,0.395164901,36,1,0.087984003,5500.0,6,0,0,1,0.0
122756,0,0.475414988,54,1,0.33600705200000003,11344.0,4,0,2,0,4.0
122757,0,0.072486837,67,0,774.0,,7,0,1,0,0.0
122758,0,0.004999,73,0,0.0,,4,0,0,0,0.0
122759,1,0.083958818,52,0,0.6855845629999999,18500.0,26,0,5,0,1.0
122760,0,0.9999998999999999,63,0,3036.0,,6,0,1,0,0.0
122761,0,0.031652989,44,0,0.148209237,8487.0,6,0,1,0,3.0
122762,0,0.112872962,59,2,0.34408959899999997,9017.0,17,0,2,0,1.0
122764,0,0.5428473629999999,32,0,0.256463289,2900.0,7,0,0,0,1.0
122765,1,0.7772313740000001,37,0,0.6155213270000001,8439.0,10,0,4,0,2.0
122766,0,0.8751615079999999,54,0,0.204578097,11139.0,15,0,0,0,1.0
122768,0,0.494849414,37,0,0.268706453,3300.0,9,1,0,0,9.0
122770,0,0.41610335600000004,42,1,0.400030455,6566.0,9,0,1,0,0.0
122771,0,0.16670498,41,0,860.0,,5,0,0,0,2.0
122773,0,0.003793472,59,1,0.286110411,11900.0,9,0,3,0,0.0
122774,0,0.069755588,36,0,0.065386923,5000.0,4,0,0,0,3.0
122778,0,0.7977419990000001,62,0,0.522686491,3900.0,6,0,1,0,0.0
122780,0,0.71134847,55,0,0.380368098,5215.0,9,0,0,0,1.0
122781,0,0.0,82,0,0.0,,5,0,0,0,0.0
122783,0,0.137374414,34,0,0.09810273,2160.0,5,0,0,0,1.0
122784,0,0.579905425,52,0,0.292129162,5945.0,6,0,0,0,0.0
122786,1,0.67555272,34,2,0.119320076,9000.0,15,0,0,0,1.0
122787,0,0.125876677,62,0,0.312647181,7218.0,14,0,2,0,0.0
122788,0,0.135921602,81,0,0.37053035799999995,12500.0,8,0,2,0,0.0
122789,0,0.22644326399999998,68,0,0.366547045,17833.0,20,0,4,0,0.0
122792,0,0.077158671,54,0,0.448765687,7250.0,18,0,3,0,2.0
122795,0,0.027593047000000002,60,0,0.013710368,3500.0,4,0,0,0,0.0
122797,0,0.9999998999999999,66,1,2950.0,,1,1,1,0,0.0
122798,0,0.487085486,37,0,0.36846315399999996,10000.0,6,0,2,0,2.0
122799,0,0.005401665,41,0,0.204512996,3500.0,6,0,0,0,3.0
122800,0,0.074352251,37,0,0.0105241,4750.0,3,0,0,0,0.0
122801,0,0.273358451,39,0,0.375314861,6748.0,6,0,1,0,2.0
122803,0,0.035256373,81,0,0.13986997,5690.0,9,0,1,0,0.0
122805,0,0.0,66,0,3999.0,,7,0,2,0,
122806,0,0.770012568,52,0,0.513340544,11093.0,19,0,2,0,2.0
122807,0,0.00011703399999999999,75,0,18.0,0.0,9,0,0,0,0.0
122808,0,0.099090341,28,0,0.087978005,4000.0,11,0,0,0,0.0
122810,0,0.015375825,41,0,317.0,,7,0,0,0,2.0
122811,0,0.031601773,62,0,1.31564916,3750.0,8,0,1,0,0.0
122812,1,0.896929303,41,0,0.081992938,2548.0,3,1,0,2,3.0
122814,0,0.7050173959999999,45,0,0.8003941440000001,3551.0,10,0,1,0,0.0
122815,0,0.061608,80,0,0.113461538,519.0,4,0,0,0,0.0
122816,0,0.03139843,76,0,0.27532436600000004,8400.0,6,0,2,0,0.0
122817,0,0.454086871,63,0,0.045515595,6700.0,6,0,0,0,0.0
122818,0,0.061535085,77,0,0.21792735800000002,3000.0,10,0,1,0,0.0
122819,0,0.35522348600000003,53,0,0.593432142,3440.0,15,0,1,0,0.0
122821,0,0.006482312,54,0,4.0,,7,0,0,0,0.0
122822,0,0.9450230959999999,42,0,0.562820859,3700.0,9,0,1,0,0.0
122823,0,0.005759908,65,0,0.496727749,4583.0,10,0,1,0,2.0
122824,0,0.026228993,27,0,15.0,,3,0,0,0,0.0
122825,0,0.6721236540000001,52,1,0.389363155,11713.0,10,0,2,0,1.0
122826,0,0.138285816,64,0,0.35430755700000005,3400.0,6,0,1,0,1.0
122828,0,0.048743907,59,0,0.420477689,5400.0,7,0,2,0,0.0
122829,0,0.000544481,81,0,0.010755946,6600.0,11,0,0,0,0.0
122832,0,0.09580838300000001,43,0,2496.0,,12,0,2,0,5.0
122833,0,0.037137671000000004,73,0,0.057227248,10833.0,7,0,0,0,0.0
122834,0,0.803882027,55,0,0.328879193,7333.0,4,0,1,0,2.0
122835,0,0.000393864,60,0,909.0,,7,0,0,0,3.0
122836,0,0.642398907,63,0,0.6414482570000001,3700.0,18,1,1,0,0.0
122839,0,0.0,50,0,0.31511907,10833.0,15,0,1,0,0.0
122841,0,0.131069502,52,5,5995.0,,8,0,2,0,0.0
122843,0,0.004897105,60,0,1252.0,,11,0,1,0,0.0
122845,0,0.25477621899999997,47,0,0.475972002,17000.0,14,0,3,0,3.0
122846,0,0.027265128,34,0,18.0,,4,0,0,0,0.0
122847,0,0.656585854,28,2,0.683105631,3000.0,6,0,1,0,0.0
122851,0,0.12856526,65,0,0.920308483,3500.0,6,0,1,0,0.0
122854,0,0.977160914,47,0,0.9763612220000001,3764.0,5,0,1,0,2.0
122856,0,0.072988745,52,0,0.152339249,13016.0,9,0,1,0,3.0
122858,0,0.165805289,57,0,0.23167805100000002,5416.0,14,0,1,0,0.0
122859,0,0.118790497,30,0,578.0,0.0,8,0,0,0,0.0
122860,1,0.393552664,37,0,1.175164967,5000.0,17,0,3,0,0.0
122862,1,0.9999998999999999,48,0,0.001249219,1600.0,1,0,0,0,0.0
122863,0,0.062761676,45,0,0.589411541,5250.0,4,0,2,0,0.0
122864,0,0.14462979,56,0,0.178697876,10167.0,7,0,1,0,2.0
122865,0,1.94011976,29,0,0.156238827,2796.0,3,1,0,2,0.0
122866,0,0.725568315,32,0,0.3858337,6818.0,15,0,2,0,3.0
122868,0,0.880449083,81,1,0.271909364,3000.0,2,1,0,1,0.0
122869,0,0.006833191,65,0,968.0,,5,0,1,0,0.0
122870,0,0.43315961700000005,30,0,0.526071586,4525.0,8,0,1,0,1.0
122871,0,0.10352178199999999,68,0,0.68423994,5367.0,14,0,2,0,0.0
122872,1,0.65512087,41,0,0.146806258,8500.0,8,0,0,0,0.0
122873,0,0.124969267,58,0,0.21363404100000002,13700.0,9,0,2,0,0.0
122874,0,0.032815475,59,0,0.50014041,3560.0,13,0,2,0,0.0
122875,0,0.158807736,86,0,0.413434626,5001.0,14,0,1,0,0.0
122876,0,0.189384485,46,0,0.42046623200000005,5833.0,15,0,2,0,2.0
122877,0,0.078367046,59,0,0.723253989,7645.0,25,0,2,0,0.0
122878,0,0.654362136,40,1,0.599082118,6100.0,9,0,2,0,3.0
122879,1,0.485002631,53,6,0.262155869,7300.0,9,2,1,4,1.0
122880,0,0.41343476700000004,69,0,0.07340302,4304.0,6,0,0,0,0.0
122883,0,0.26245659,48,0,0.31968398800000003,8986.0,10,0,1,1,0.0
122884,0,0.564183835,36,0,0.30964303,12381.0,13,0,2,0,0.0
122885,0,0.231360024,56,0,3471.0,,18,0,1,0,0.0
122886,0,0.238035975,33,0,1.5272540280000002,2916.0,9,0,1,0,0.0
122887,0,0.029942002000000002,59,0,0.332919512,4832.0,9,0,1,0,0.0
122890,0,0.041535116000000004,38,0,0.06912068,16000.0,10,0,1,0,0.0
122891,0,0.455031244,80,0,2.65913371,1592.0,13,0,1,0,1.0
122892,0,0.302337845,57,0,0.38269290799999994,3200.0,12,0,0,0,0.0
122893,0,0.0,47,0,0.0,5000.0,14,0,0,0,0.0
122896,0,0.20422263100000002,91,0,268.0,,3,0,0,0,
122897,0,1.7504165280000001,48,0,0.33617186,15500.0,13,0,2,0,2.0
122899,0,0.0,40,0,0.058955642999999995,7123.0,2,0,0,0,2.0
122900,1,0.446449205,51,0,0.284867307,3541.0,6,1,1,0,1.0
122901,0,0.9999998999999999,73,0,0.0,4100.0,2,0,0,0,0.0
122903,0,0.0,68,0,0.196992826,13101.0,7,0,2,0,0.0
122904,0,0.0,42,0,2173.0,,3,0,1,0,0.0
122905,0,0.289378268,36,0,0.35994001,6000.0,19,0,0,0,3.0
122906,0,0.129216456,50,0,0.422781646,5600.0,11,0,2,0,2.0
122907,0,0.017604988000000002,42,2,0.510064465,7600.0,12,0,1,0,2.0
122908,0,0.00169643,55,0,0.316818485,4500.0,14,0,2,0,0.0
122909,0,0.016484079,37,0,1449.0,,8,0,1,0,0.0
122911,0,0.0,38,0,0.277151185,7890.0,12,0,1,0,2.0
122912,0,0.114478775,62,0,0.265521316,11000.0,14,0,3,0,1.0
122913,0,0.007644915,53,0,4519.0,0.0,13,0,2,0,0.0
122914,0,0.051715462000000004,61,0,0.121411227,7000.0,5,0,1,0,0.0
122915,0,0.24593929899999997,49,0,0.381223755,6667.0,12,0,1,0,1.0
122918,0,0.9999998999999999,66,0,0.30693991600000003,2146.0,2,0,0,0,0.0
122919,0,0.271209907,40,0,0.121826565,18000.0,10,0,1,0,3.0
122920,1,0.9678511000000001,62,2,1538.0,,4,1,0,0,0.0
122922,0,0.035262736,64,0,0.679288848,4330.0,15,0,1,0,0.0
122924,0,0.404118807,45,0,0.13602187300000002,2925.0,7,0,0,0,0.0
122925,0,0.74252416,44,0,3972.0,,6,0,2,0,2.0
122926,0,0.187289028,40,0,2096.0,,11,0,1,0,0.0
122927,0,0.671664168,27,0,0.105298234,3000.0,4,0,0,0,0.0
122928,0,0.195037603,57,1,0.472239949,4700.0,15,0,3,0,0.0
122929,0,0.01739971,90,0,30.0,,10,0,0,0,
122930,0,0.44419771700000005,69,0,3308.0,,10,0,2,0,0.0
122931,0,0.015169239,63,0,0.419967714,8052.0,13,0,3,0,0.0
122932,0,0.7313410309999999,58,1,0.306889807,4600.0,8,0,1,0,0.0
122933,0,0.267622063,42,0,0.035268185,1360.0,1,0,0,0,0.0
122934,0,0.738372888,47,0,0.7681491509999999,9600.0,13,0,3,0,3.0
122936,0,0.012678733000000001,88,0,603.0,,6,0,1,0,0.0
122938,0,0.235601423,75,0,0.220448315,6200.0,5,0,1,0,1.0
122939,0,0.078284547,57,1,0.458472204,7500.0,13,0,3,0,0.0
122940,0,0.9999998999999999,27,0,0.328977709,1300.0,8,0,0,0,0.0
122941,0,0.9141521459999999,58,0,0.135135135,17500.0,10,0,0,0,0.0
122942,0,0.016973238,64,0,748.0,,13,0,0,0,0.0
122943,0,0.14505401199999998,55,0,2861.0,,8,0,2,1,0.0
122944,0,0.024746119,56,0,0.45883790700000004,9000.0,12,0,3,0,0.0
122945,0,0.019969301000000002,27,0,0.135954682,3000.0,12,0,0,0,0.0
122946,0,0.506383633,77,0,0.152602176,3400.0,6,0,0,0,0.0
122947,0,0.013620957,78,0,0.130568356,5858.0,13,0,0,0,1.0
122948,0,0.02998539,66,0,0.40779143799999995,6750.0,11,0,2,0,0.0
122949,1,0.969037252,60,7,0.383110835,6441.0,7,0,2,0,2.0
122950,0,0.9999998999999999,58,0,54.0,,2,1,0,0,
122951,0,0.835970025,56,0,0.262292779,7117.0,4,0,2,0,0.0
122952,0,0.040443973,52,0,0.206487835,11220.0,16,0,2,0,2.0
122954,0,0.269415742,58,1,0.102214465,9166.0,4,0,0,1,1.0
122957,0,0.0060096590000000005,56,0,0.13864818,7500.0,14,0,1,0,2.0
122958,0,0.355440981,50,0,5589.0,,6,0,1,0,0.0
122959,0,0.736805495,47,0,4004.0,,6,0,1,0,0.0
122960,1,0.7275654490000001,47,0,0.469740027,9500.0,9,0,2,1,0.0
122961,0,0.0,58,0,0.493395216,2800.0,7,0,1,0,2.0
122963,0,0.061682305,39,0,0.588884623,10417.0,8,0,3,0,3.0
122964,0,0.10725322699999999,43,0,7.124167171,1650.0,11,0,0,0,1.0
122965,0,0.0,77,0,0.0,2000.0,1,0,0,0,0.0
122966,0,0.9999998999999999,75,0,52.0,,0,0,0,0,0.0
122967,0,0.823083109,53,0,0.6553792829999999,7500.0,7,0,1,0,2.0
122969,0,0.33722056,38,0,0.224454287,6321.0,7,0,0,0,3.0
122970,0,0.001129781,38,0,1287.0,,10,0,1,0,3.0
122971,1,0.626981331,45,2,5338.0,,7,0,1,0,0.0
122972,0,0.9999998999999999,25,0,314.0,,3,0,0,0,0.0
122973,0,0.492305066,39,0,0.371546356,11400.0,15,0,1,1,0.0
122974,0,0.16195569099999998,39,0,0.342266374,8656.0,14,0,2,0,0.0
122975,0,0.39170411200000005,70,0,0.394687915,3764.0,5,0,1,0,0.0
122976,0,0.011049816,60,1,1053.0,,4,0,1,0,0.0
122978,0,0.9999998999999999,24,0,520.0,,1,0,0,0,0.0
122979,0,0.9684330809999999,33,0,0.19605665100000003,3600.0,7,0,0,0,0.0
122980,0,0.990174551,49,0,0.45979725,7200.0,6,0,1,0,1.0
122981,0,0.9999998999999999,42,0,0.019065651,22710.0,2,1,0,0,2.0
122982,0,0.26064435199999997,46,0,0.19954292199999998,7000.0,8,0,0,0,3.0
122983,0,0.047483914,67,0,0.308350622,3855.0,12,0,1,0,0.0
122984,0,0.07250078900000001,42,0,0.098980204,5000.0,16,0,0,0,2.0
122985,1,0.953770145,53,0,0.558055243,8000.0,15,0,2,0,0.0
122986,0,0.037187618,64,0,120.0,,10,0,0,0,0.0
122987,0,0.165751474,46,0,0.109831235,3732.0,4,0,0,0,0.0
122988,0,0.060023499,58,0,1860.0,,4,0,2,0,0.0
122989,0,0.090472762,43,0,0.171942686,3000.0,5,0,0,0,0.0
122990,0,0.137590215,53,0,0.14809876800000002,18750.0,8,0,2,0,1.0
122992,0,0.06375684400000001,55,0,0.038659015,9932.0,23,0,0,0,0.0
122993,0,0.311751975,64,0,2304.0,,12,0,2,0,0.0
122995,0,0.290721541,47,0,0.37984230399999996,5833.0,10,0,2,0,2.0
122997,0,0.005349435,65,0,0.002639789,4166.0,13,0,0,0,0.0
122999,0,0.018688762,57,0,1509.0,,7,0,2,0,0.0
123000,0,0.07914789900000001,85,0,0.005466301999999999,15000.0,3,0,0,0,0.0
123001,0,0.859869717,34,0,0.107254426,2880.0,6,0,0,0,0.0
123002,0,0.25217325399999996,59,0,0.41834451899999997,8492.0,9,0,1,0,0.0
123003,0,0.042889094,43,0,2804.0,,3,0,1,0,0.0
123005,0,0.0,77,0,0.0,,4,0,0,0,1.0
123008,0,0.000835711,36,0,591.0,,15,0,0,0,
123013,0,0.175129948,25,0,157.0,,6,0,0,0,0.0
123014,0,0.176623377,51,1,1.159520516,2168.0,9,0,2,0,0.0
123015,0,0.013283931,59,0,0.260430323,12966.0,11,0,3,0,0.0
123016,0,0.043134358,75,0,0.016701952,4250.0,10,0,0,0,1.0
123017,0,0.062593741,56,0,701.0,,3,0,1,0,
123018,0,0.102410655,71,0,309.0,,11,0,0,0,1.0
123020,0,0.079565341,80,0,0.02416264,6000.0,8,0,0,0,1.0
123021,0,0.0,60,0,0.0,8200.0,4,0,0,0,0.0
123022,0,0.277538693,52,2,0.19135691100000002,11083.0,12,0,2,0,0.0
123023,0,0.011266291000000001,78,0,0.08464681800000001,3425.0,4,0,0,0,0.0
123024,0,0.0,62,0,0.11897637,9690.0,6,0,1,0,1.0
123025,0,0.010074124,41,0,0.32684067,7700.0,13,0,1,0,2.0
123026,0,0.0,34,0,0.0,5194.0,4,0,0,0,1.0
123027,0,0.350666031,67,0,1263.0,,10,0,1,0,1.0
123029,0,1.746506986,31,0,287.0,,5,0,0,3,0.0
123030,0,0.098514924,49,0,875.0,1.0,5,0,2,0,0.0
123031,0,0.6912520259999999,47,0,0.5226932670000001,2004.0,7,0,0,0,2.0
123032,0,0.297462817,42,0,0.19691801,8500.0,9,0,1,0,1.0
123033,0,0.9705016390000001,33,0,0.579153094,3069.0,3,0,1,0,1.0
123034,1,0.483011326,32,1,0.231345948,2800.0,8,0,0,0,0.0
123035,0,0.9999998999999999,69,0,0.064184363,10500.0,9,0,1,0,0.0
123036,0,0.086216035,52,0,0.338523355,1990.0,8,0,1,0,0.0
123038,0,0.017132191,29,0,0.001999429,3500.0,3,0,0,0,0.0
123039,0,0.456901724,37,0,0.261334253,5800.0,10,0,0,0,3.0
123040,0,0.9999998999999999,71,0,9.0,,5,0,0,0,0.0
123041,0,0.0,65,0,0.288086679,19750.0,12,0,2,0,0.0
123042,0,0.9999998999999999,34,98,0.0,,0,98,0,98,0.0
123044,0,0.014395918,65,0,0.366807376,4500.0,6,0,2,0,2.0
123045,0,0.096078459,65,0,3013.0,,14,0,2,0,
123048,0,0.19570723899999998,50,4,0.25005881,4250.0,6,0,1,0,0.0
123049,0,0.081970258,52,0,0.298942964,9081.0,8,0,2,0,3.0
123050,0,0.609055638,56,1,0.38689985200000004,6060.0,4,0,2,0,1.0
123051,0,0.048099197999999996,61,0,0.183619111,12013.0,7,0,2,0,1.0
123052,0,0.01685634,76,0,10.0,,7,0,0,0,0.0
123053,0,0.9999998999999999,59,0,0.249117855,4250.0,1,0,1,0,0.0
123054,0,0.0,70,0,0.000434594,2300.0,7,0,0,0,0.0
123055,0,0.017005136,31,0,0.540780705,3150.0,25,0,2,0,0.0
123056,0,1.065409883,43,0,1252.0,,5,0,1,0,2.0
123057,0,0.045158862,64,0,0.233263284,3330.0,6,0,1,0,0.0
123058,0,0.085851939,79,1,0.20652352100000002,6100.0,32,0,0,0,0.0
123059,0,0.06464515400000001,79,0,0.017482517,2001.0,5,0,0,0,0.0
123060,0,0.037259236,25,0,530.0,,3,0,0,0,0.0
123062,0,0.548523682,55,0,11481.0,0.0,11,0,5,0,3.0
123063,0,0.0,82,0,0.0,,2,0,0,0,
123064,0,0.04075837,30,0,0.040816327,6614.0,4,0,0,0,0.0
123065,0,0.054569695999999994,56,0,0.519437979,11600.0,5,0,2,0,0.0
123066,1,0.007162986,59,0,0.9905774340000001,4138.0,30,0,2,0,1.0
123067,0,0.9999998999999999,32,1,0.129935032,2000.0,6,0,0,0,3.0
123070,0,0.581036036,53,0,0.38663444700000005,12000.0,12,0,2,0,3.0
123071,0,10151.0,35,0,0.341234452,4260.0,10,0,0,0,0.0
123072,0,0.036219581,50,0,0.7927720109999999,2600.0,8,0,1,0,1.0
123073,0,0.068953524,52,0,0.305576147,12140.0,11,0,1,0,1.0
123074,0,0.9940029990000001,26,1,0.19990005,2000.0,2,0,0,0,0.0
123075,0,0.9999998999999999,76,0,0.763957307,2435.0,4,0,2,0,0.0
123076,0,0.0,55,0,1862.0,,9,0,2,0,0.0
123077,0,0.015947549,63,0,0.36900039700000004,10083.0,6,0,2,0,0.0
123078,0,0.9999998999999999,28,0,0.065233692,4000.0,7,0,0,0,0.0
123079,0,0.9068802909999999,39,0,0.488780271,4500.0,5,0,1,0,1.0
123080,0,0.012324626000000002,44,0,0.5995429879999999,3500.0,6,0,1,0,0.0
123082,0,0.29341019,50,1,0.143980695,11188.0,13,0,1,0,3.0
123085,0,0.034217675,50,3,1.141239174,1500.0,8,0,1,0,2.0
123086,0,0.034915446,56,0,0.236531861,6700.0,16,0,1,0,2.0
123088,0,0.8207712979999999,61,1,0.66718507,2571.0,10,0,0,0,0.0
123089,1,0.04934817,68,1,1.353058776,2500.0,8,0,1,0,0.0
123091,0,0.009449528,65,0,1121.0,,7,0,1,0,0.0
123092,0,0.039358426,79,0,0.0079984,5000.0,1,0,0,0,2.0
123093,0,0.005692089,53,0,1644.0,,8,0,1,0,0.0
123095,0,0.0,62,0,0.0,,4,0,0,0,0.0
123096,1,1.3430127040000002,33,4,0.41672152700000004,3037.0,5,1,0,3,0.0
123097,0,0.729207486,47,0,0.843631274,5000.0,7,0,2,0,0.0
123098,0,0.059047906,52,0,132.0,,13,0,0,0,0.0
123101,0,0.333267678,35,0,0.096897515,6800.0,9,0,0,0,0.0
123104,0,0.9999998999999999,44,0,0.01847079,6983.0,1,0,1,0,2.0
123105,0,0.910831425,65,0,2360.0,,14,0,0,0,0.0
123106,0,0.5061823120000001,60,1,1.6474352559999998,10000.0,23,0,6,0,0.0
123109,0,0.986455777,52,0,0.054079039,8653.0,4,0,0,0,1.0
123110,1,0.413804742,38,0,3.736406057,10500.0,15,1,2,0,3.0
123111,0,0.234235435,73,0,0.496195166,4467.0,9,0,2,0,0.0
123112,0,0.000314954,62,0,1149.0,,8,0,1,0,0.0
123113,0,0.668832792,49,0,0.427704391,2800.0,9,0,1,0,1.0
123114,0,0.652682044,56,0,0.11629651,17334.0,10,0,0,0,0.0
123115,1,0.93348229,47,2,0.753778191,4300.0,11,0,1,0,0.0
123116,0,0.021851473,80,0,0.004113816,5833.0,5,0,0,0,0.0
123117,0,0.010143838,72,0,0.004917872,10166.0,8,0,0,0,0.0
123118,0,0.686030802,54,0,0.261415398,9000.0,4,0,1,0,0.0
123119,0,0.056134037000000005,59,0,0.35701055,12416.0,20,0,7,0,0.0
123123,0,0.005584484,42,0,407.0,,4,0,0,0,0.0
123124,0,0.616196655,48,0,0.518580237,6000.0,10,0,2,0,2.0
123126,0,0.240336523,58,0,0.319005793,5350.0,16,0,1,0,1.0
123127,0,0.9999998999999999,31,2,0.226395409,5750.0,2,1,1,0,3.0
123128,0,0.039187737,60,0,0.340218075,9537.0,11,0,2,0,2.0
123129,0,0.0,68,0,0.407530823,3000.0,5,0,1,0,0.0
123130,0,0.19797741600000002,52,0,0.037860577,9983.0,5,0,0,0,2.0
123131,0,0.037066835,78,0,18.0,,4,0,0,0,0.0
123132,0,0.099002109,64,0,0.739217366,3500.0,25,0,2,0,2.0
123134,0,0.00706651,57,0,566.0,0.0,5,0,1,0,0.0
123135,0,0.129038841,48,1,0.461520631,4313.0,13,0,2,0,0.0
123137,0,0.31185175600000004,64,0,0.495669824,7389.0,21,0,3,0,0.0
123138,0,0.0,59,1,0.227422615,9400.0,14,0,1,0,1.0
123139,0,0.0,49,0,0.864533867,4000.0,12,0,1,0,0.0
123140,0,0.600867219,50,1,0.727810651,4900.0,13,0,2,0,0.0
123141,0,0.8109571190000001,51,0,8.718818745,15000.0,11,0,2,0,0.0
123143,0,0.292064358,31,0,0.281282139,5833.0,7,0,1,0,0.0
123144,0,0.0,61,0,1085.0,,3,0,1,0,0.0
123145,0,0.22395231,40,0,0.23029448100000002,5670.0,19,0,0,0,1.0
123147,0,0.37217937700000003,24,0,0.047503045,820.0,4,0,0,0,0.0
123148,0,0.9999998999999999,70,0,1658.0,,2,0,1,0,0.0
123149,0,0.01681673,69,0,0.0061486859999999996,7155.0,8,0,0,0,0.0
123150,0,0.55772271,61,0,0.428656009,10133.0,12,0,2,0,0.0
123153,1,0.866994033,38,0,0.507719382,12500.0,15,0,1,0,2.0
123155,0,1.988047809,55,2,791.0,,3,0,0,1,0.0
123157,0,0.601669917,56,0,3114.0,,10,0,1,0,0.0
123158,0,0.026742942000000002,72,0,0.0056647780000000005,3000.0,1,0,0,0,0.0
123159,0,1.0963461190000001,42,0,0.38873173,8483.0,12,0,1,0,2.0
123161,0,0.129812648,46,0,0.235361984,10400.0,10,0,2,0,2.0
123164,0,0.021861497999999997,43,0,0.264637263,9000.0,19,0,1,0,2.0
123165,0,0.9999998999999999,67,0,2247.0,,4,0,1,0,0.0
123166,0,0.018299028000000002,67,0,0.32621559,3886.0,3,0,1,0,0.0
123167,0,0.036591396,29,0,0.23500447600000002,2233.0,11,0,0,0,0.0
123168,0,0.154510625,62,1,0.526149304,4741.0,26,0,3,0,0.0
123169,0,0.015017896000000001,57,0,0.154427286,9000.0,6,0,2,0,1.0
123170,0,0.0,69,0,0.0,2651.0,8,0,0,0,0.0
123171,0,0.9999998999999999,37,0,1.67264574,1114.0,4,0,1,0,1.0
123173,0,0.00659934,70,0,0.000450857,2217.0,3,0,0,0,0.0
123175,0,0.1421606,48,0,0.46973309700000004,13000.0,9,0,1,1,0.0
123177,0,0.050865010999999995,62,0,0.186302283,6000.0,9,0,1,0,2.0
123178,0,0.763235885,60,0,0.499251945,6683.0,10,0,2,0,0.0
123179,0,0.124723574,64,0,0.40828099,7800.0,22,0,1,0,2.0
123180,0,0.788918792,39,1,1979.0,,11,0,1,0,3.0
123181,0,0.002339534,31,0,0.33873290100000003,8333.0,8,0,2,0,0.0
123183,0,0.219846022,77,1,0.20862239800000001,2017.0,7,0,1,0,0.0
123185,0,0.870061875,24,1,0.585609594,1500.0,6,0,0,5,0.0
123188,0,0.054661539,64,0,0.606930437,3866.0,14,0,2,0,0.0
123190,0,0.014246438,46,0,0.294581799,1900.0,4,0,0,0,0.0
123193,0,0.9999998999999999,80,1,536.0,,7,0,0,1,0.0
123194,0,0.259083131,53,0,0.535504358,14800.0,8,0,3,0,1.0
123195,0,0.010627174,80,0,15.0,0.0,3,0,0,0,0.0
123196,1,0.777181349,36,0,0.213361562,4250.0,8,0,0,0,1.0
123197,1,0.86151618,47,2,0.832653423,11275.0,19,0,7,0,1.0
123198,0,0.0,42,0,0.0021047089999999997,3800.0,3,0,0,0,2.0
123199,0,0.193893948,27,0,867.0,,4,0,0,0,0.0
123200,0,0.48822674899999996,71,0,0.656110899,7862.0,14,0,5,0,0.0
123201,0,0.010359213,50,0,0.003670788,5175.0,4,0,0,0,0.0
123202,0,0.081106761,40,0,0.43139215200000003,4000.0,6,0,1,0,1.0
123204,0,0.176672933,42,0,432.0,1.0,4,0,1,0,3.0
123205,0,0.11825487900000001,48,0,1.038740315,4000.0,14,0,3,0,0.0
123206,0,0.217796696,54,1,0.092464344,29167.0,5,0,2,0,3.0
123209,0,0.47767206700000003,31,0,0.114400727,7700.0,11,0,0,0,1.0
123210,0,0.322320954,91,0,0.118712902,3200.0,10,0,0,0,0.0
123211,0,0.028829832000000003,62,0,0.9100281159999999,3200.0,23,0,2,0,0.0
123212,0,0.648356953,32,1,0.664335664,1000.0,5,0,0,0,3.0
123213,0,0.216943356,53,0,0.308461264,2800.0,5,0,1,0,2.0
123214,0,0.534638026,63,0,0.60100349,4583.0,7,0,1,0,1.0
123217,0,0.573238354,42,1,0.339069767,4299.0,18,0,0,1,3.0
123218,0,0.022489755,45,0,2786.0,,10,0,2,0,0.0
123219,0,0.825953887,33,0,0.207268079,5475.0,15,0,0,0,0.0
123220,1,1.066386723,46,3,0.11507378800000001,5691.0,7,2,0,1,2.0
123221,0,0.527923147,59,0,0.31505295,10575.0,8,0,2,2,3.0
123223,0,0.9999998999999999,25,0,0.0,,0,0,0,0,
123227,0,0.004408313,74,0,0.12999487699999998,7807.0,13,0,1,0,0.0
123228,0,0.273854096,47,0,0.010585108000000001,41000.0,13,0,0,0,2.0
123230,0,0.045377274,76,0,0.062946386,10500.0,12,0,0,0,0.0
123231,0,0.0,61,0,0.000754575,5300.0,6,0,0,0,0.0
123232,0,0.316536693,56,1,0.381930981,2578.0,7,0,0,0,0.0
123233,0,0.155803361,65,0,2337.0,,7,0,1,0,0.0
123235,0,0.21676312,73,0,0.053208642,3100.0,7,0,0,0,0.0
123238,0,0.059547107,54,0,0.27911441800000003,16666.0,7,0,1,0,0.0
123242,0,0.8012367659999999,63,0,0.425672695,6800.0,8,0,1,0,1.0
123243,0,0.108955919,60,0,0.46955468,3300.0,7,0,1,0,0.0
123244,0,0.9500997999999999,50,0,0.169021594,3750.0,3,0,0,0,0.0
123246,0,0.9999998999999999,56,0,0.08569883800000001,7397.0,3,0,1,0,0.0
123247,0,0.003599897,75,0,0.001998668,1500.0,3,0,0,0,0.0
123249,0,0.9709035220000001,42,0,0.8309528890000001,4690.0,10,0,2,0,1.0
123251,0,0.011217498999999999,37,0,0.291673849,5800.0,4,0,1,0,0.0
123253,0,0.067004336,65,1,0.203103695,15400.0,17,0,2,0,0.0
123254,0,0.288571342,56,0,0.58771871,14916.0,13,0,2,0,0.0
123256,0,0.032077173,80,0,24.0,,3,0,0,0,0.0
123257,0,0.22967554699999998,47,3,4645.0,,20,0,3,0,2.0
123258,0,0.299809673,40,0,0.585948158,1465.0,5,0,1,0,1.0
123259,0,0.336388849,65,0,0.220998478,13800.0,13,1,0,0,1.0
123260,0,0.10444463300000001,39,0,34719.0,,10,0,8,0,0.0
123263,0,0.054102490999999996,71,0,0.265173483,10000.0,6,0,3,0,1.0
123265,0,0.9999998999999999,82,0,0.0,12000.0,3,0,0,0,0.0
123271,0,0.139992046,67,1,1.965043695,800.0,10,0,1,0,0.0
123274,0,0.7044325229999999,39,0,0.764723558,6655.0,12,0,3,0,2.0
123275,1,0.96943985,54,3,3628.0,,9,0,3,1,2.0
123276,0,0.036642744,47,0,0.210889456,13333.0,8,0,2,0,2.0
123277,0,0.19504102199999998,43,0,0.21515569699999998,16666.0,6,0,1,0,6.0
123278,0,0.103459169,50,0,98.0,,5,0,0,0,0.0
123279,0,0.826347305,29,0,0.00856531,1400.0,1,0,0,0,0.0
123280,0,0.29434625,42,0,0.12246173099999999,3200.0,7,0,0,0,0.0
123281,0,0.020360219,67,0,0.636648206,4152.0,6,0,1,0,0.0
123282,0,0.015162692,43,0,0.59594191,9708.0,12,0,4,0,0.0
123284,0,1.091204682,77,5,1260.0,,10,0,1,1,0.0
123285,0,0.600902273,50,1,0.597136349,3072.0,7,0,0,0,2.0
123286,0,0.128524765,44,0,0.396700412,2666.0,5,0,0,0,0.0
123287,0,0.00422661,57,0,0.028621156000000002,10341.0,7,0,0,0,3.0
123288,0,0.669085693,53,0,0.881513205,1400.0,7,0,0,0,0.0
123289,0,0.06184255,56,0,0.742550073,6140.0,8,0,2,0,1.0
123290,0,0.04927677,43,0,0.267936956,4250.0,24,0,0,0,2.0
123292,0,0.003636253,86,0,3.0,,3,0,0,0,0.0
123297,0,0.042965234000000005,68,0,38.0,,3,0,0,0,0.0
123298,0,0.045616875,68,0,844.0,,6,0,1,0,0.0
123299,0,0.281053686,55,0,0.40370448299999995,4750.0,14,0,1,0,2.0
123300,0,0.033937941,53,0,0.33801851200000005,5833.0,16,0,2,0,0.0
123301,1,0.9999998999999999,35,0,0.0,2500.0,0,1,0,0,1.0
123303,0,0.018651788,67,0,0.28376116100000004,7167.0,9,0,1,0,2.0
123304,0,0.08025485,54,0,0.295632699,6250.0,14,0,0,0,0.0
123306,0,0.014381047,80,0,21.0,,7,0,0,0,0.0
123309,0,0.73947756,50,0,640.0,,8,0,0,0,0.0
123311,0,0.106489351,67,1,0.17103794600000002,3583.0,2,0,1,0,0.0
123314,0,0.708419439,36,0,0.156526707,3500.0,7,0,0,0,0.0
123315,0,0.013564038,30,0,0.054545455,2694.0,4,0,0,0,0.0
123316,0,0.040244363,72,2,0.27441622600000004,5866.0,17,0,2,0,1.0
123317,1,0.39820162600000003,60,0,0.36102999700000005,7533.0,10,0,1,0,2.0
123319,0,0.9940119759999999,29,0,14.0,,1,1,0,1,0.0
123320,1,0.19324712600000002,53,1,0.5049987810000001,4100.0,7,4,2,2,2.0
123322,0,0.147637883,48,0,0.36101148899999996,16450.0,16,0,7,0,4.0
123324,0,0.038989327000000004,65,0,5614.0,,8,0,3,0,0.0
123325,0,0.078116875,64,0,5794.0,,13,0,3,0,0.0
123326,0,0.44941369,56,0,0.199680047,6875.0,3,0,1,0,2.0
123327,0,0.039171263,69,0,0.331398162,6200.0,8,0,2,0,1.0
123328,0,0.06797905900000001,62,0,0.061176969000000005,4723.0,8,0,0,0,0.0
123329,1,0.6644474029999999,55,4,0.226412399,14000.0,6,1,2,0,4.0
123330,0,0.04036119,89,0,1.154460719,750.0,9,0,1,0,0.0
123331,0,1.00189084,60,2,0.285091655,7800.0,9,0,0,1,1.0
123332,0,0.021686342999999997,60,0,0.080647911,5864.0,7,0,0,0,0.0
123334,0,0.14803549900000001,34,0,0.40819726799999995,3000.0,8,0,1,0,0.0
123337,0,0.0,49,0,0.501374222,6912.0,10,0,2,0,2.0
123338,1,0.0,49,1,0.35608536799999996,5200.0,5,2,0,3,3.0
123339,1,0.9999998999999999,40,0,0.347041007,8583.0,3,2,1,1,3.0
123340,0,0.001184715,66,0,0.010699877,5700.0,4,0,0,0,2.0
123341,0,0.944615553,57,1,0.722842788,20500.0,29,0,19,0,0.0
123342,0,0.107683789,60,0,0.435477658,5191.0,6,0,1,0,0.0
123344,0,0.072855284,70,0,0.013694216,6206.0,4,0,0,0,0.0
123345,0,0.0,72,0,5.0,,3,0,0,0,0.0
123347,0,0.06004476,70,0,0.44108280299999997,3139.0,6,0,1,0,0.0
123348,0,0.024987156,64,0,1795.0,,6,0,1,0,0.0
123350,1,0.9999998999999999,47,2,0.247244314,7166.0,5,0,1,0,0.0
123351,1,0.8898145059999999,50,0,0.314468553,10000.0,7,0,2,0,0.0
123352,0,0.9999998999999999,45,0,1448.0,,8,0,1,0,0.0
123353,0,0.9944293670000001,63,4,0.254853772,8137.0,6,6,1,1,0.0
123354,0,0.017949103,60,0,10.0,,5,0,0,0,0.0
123355,0,0.02419943,80,0,0.018796241,5000.0,12,0,0,0,1.0
123356,0,0.646485815,67,0,0.469858482,10881.0,10,0,3,0,1.0
123357,0,0.40422407299999996,72,1,2687.0,,10,0,1,1,0.0
123363,0,0.692598816,58,0,0.322894564,27333.0,19,0,3,0,0.0
123364,0,0.900832295,42,0,0.424652686,11300.0,5,0,1,0,3.0
123365,0,0.765375391,33,0,0.593762495,2500.0,14,0,0,0,0.0
123367,0,0.08541463,43,3,0.543636742,4800.0,12,0,2,1,0.0
123368,0,0.01804676,81,0,3140.0,,6,0,2,1,
123369,1,0.99791684,37,0,0.262888992,6458.0,9,0,0,0,1.0
123370,0,0.06621649,30,0,1262.0,,11,0,2,0,
123371,0,0.041326446,46,0,2830.0,0.0,16,0,2,0,0.0
123372,0,0.017178998,89,0,0.011242973,1600.0,8,0,0,0,0.0
123374,0,0.0030665640000000004,62,0,0.27283237,2594.0,6,0,0,0,2.0
123376,0,0.05641574,57,0,4460.0,0.0,17,0,2,0,2.0
123377,0,0.189179039,53,0,0.512092534,4754.0,10,1,1,0,1.0
123379,1,0.410012995,54,1,0.25578004600000004,4800.0,10,1,0,0,2.0
123380,0,0.148694525,40,2,1.176364727,1666.0,8,0,1,3,1.0
123381,0,0.000342045,64,0,0.10848,6249.0,6,0,1,0,2.0
123382,0,0.025075282999999997,51,0,3204.0,,14,0,1,0,0.0
123383,0,0.9062040579999999,34,0,437.0,,3,0,0,0,2.0
123384,0,0.56839682,49,0,0.295764869,4320.0,9,0,1,0,1.0
123385,0,0.142800978,40,0,0.25722364,14500.0,7,0,2,0,3.0
123387,0,0.010639545,57,1,0.504540541,9249.0,15,0,4,0,0.0
123389,0,0.49541902200000004,46,0,1.0745115859999999,2200.0,10,0,1,0,1.0
123390,0,0.24488112199999998,32,0,0.34031936100000004,3005.0,10,0,0,0,1.0
123391,0,0.0,53,0,297.0,0.0,2,0,0,0,3.0
123394,0,0.038187238,41,0,0.420698633,9217.0,4,0,2,0,0.0
123396,0,0.037782061,39,0,0.212478752,10000.0,6,0,1,0,0.0
123397,0,0.8963642709999999,67,1,0.054064918,9950.0,12,0,0,0,0.0
123398,0,0.016869465,62,0,0.139199644,17966.0,24,0,1,0,0.0
123399,0,0.0,73,0,1235.0,,7,0,1,0,
123400,0,0.769145394,69,4,0.38070673200000005,3876.0,7,0,1,2,1.0
123404,0,0.20419649199999998,32,0,824.0,,13,0,0,0,0.0
123406,0,1.756996016,79,0,0.661033897,10000.0,5,0,1,0,0.0
123407,0,0.213308615,52,0,0.39824874299999996,6166.0,5,0,1,0,0.0
123408,0,0.066831213,29,0,0.104779044,5000.0,6,0,0,0,0.0
123409,0,0.17911902,37,0,0.046974522000000005,7535.0,4,0,0,0,4.0
123411,0,0.3203572,47,0,0.08938723900000001,3165.0,3,0,0,0,0.0
123412,0,0.003189564,54,0,2.0,,4,0,0,0,
123413,0,0.06258583200000001,49,0,0.019141033999999998,10500.0,5,0,0,0,0.0
123414,0,0.785746194,45,1,0.296744806,9000.0,14,0,1,0,4.0
123416,0,0.9999998999999999,31,1,0.0,4307.0,2,0,0,1,0.0
123418,0,0.014996632,57,0,0.0062851159999999994,10500.0,19,0,0,0,0.0
123419,0,0.9999998999999999,69,0,0.200539973,6666.0,3,0,1,0,0.0
123420,0,0.031918655,82,0,996.0,,15,0,1,0,0.0
123421,0,0.20330885699999998,50,0,0.175564887,5000.0,8,0,0,0,0.0
123422,0,0.345085174,51,0,0.420519779,9580.0,7,0,1,0,2.0
123423,0,0.0312247,64,0,0.28267933,4000.0,9,0,1,0,0.0
123424,0,0.173934123,49,0,0.511935073,6283.0,10,0,2,0,4.0
123425,0,0.306655246,58,0,0.169334784,12867.0,13,0,0,0,1.0
123426,0,0.135583251,53,0,0.19048095199999998,10000.0,3,0,1,0,3.0
123428,0,0.9857209440000001,41,0,0.745093902,4738.0,16,0,1,2,2.0
123430,0,0.049711665999999995,77,0,228.0,,11,0,0,0,0.0
123431,0,0.563884421,57,0,0.10948905099999999,10000.0,6,0,0,0,2.0
123432,0,0.0,67,1,0.17804226399999998,12350.0,6,0,2,0,0.0
123433,0,0.286265858,46,0,0.04173913,6324.0,5,0,0,1,2.0
123434,0,0.046041917,65,1,0.37882384,7583.0,10,0,0,0,0.0
123436,0,0.233025426,32,0,1196.0,,5,0,1,0,0.0
123437,0,0.057778395,68,0,0.299843238,7016.0,8,0,1,0,1.0
123438,0,0.24507652600000002,35,0,0.9031085259999999,5500.0,9,0,3,0,0.0
123439,0,0.053770282999999995,83,0,0.006528633000000001,5360.0,5,0,0,0,1.0
123443,0,0.026586417999999997,65,0,16.0,,2,0,0,0,
123444,0,0.7432423709999999,50,0,0.115377515,10833.0,9,0,0,0,0.0
123446,0,0.064422791,62,0,0.01285347,3500.0,6,0,0,0,0.0
123448,0,0.746894889,45,0,0.769832402,6264.0,15,0,2,0,1.0
123449,0,0.00059988,30,0,675.0,,4,0,0,0,0.0
123450,0,0.295164895,36,0,0.230192452,4000.0,6,0,0,0,0.0
123451,0,0.088675243,62,0,111.0,,4,0,0,0,0.0
123452,0,0.085608799,83,0,0.024480501,7025.0,8,0,0,0,0.0
123454,0,0.009055304,77,0,9.0,,2,0,0,0,0.0
123455,1,0.447510498,43,2,0.22111876800000002,4933.0,3,1,0,0,3.0
123456,0,0.6582662020000001,42,0,0.639393434,6000.0,12,0,2,0,1.0
123457,0,0.35196081799999995,50,1,0.186762647,5000.0,7,0,0,0,2.0
123459,0,0.9999998999999999,50,0,0.462648193,7000.0,3,0,1,0,1.0
123460,0,0.021525625,42,0,0.166139241,7583.0,7,0,1,0,4.0
123461,0,0.13234011099999998,40,0,0.547866205,2600.0,3,0,1,0,2.0
123462,0,0.103665572,36,0,0.6917112790000001,5416.0,6,0,1,0,2.0
123463,1,0.9999998999999999,44,1,0.658101356,1400.0,5,1,0,0,2.0
123464,0,0.343937989,64,0,0.42879137799999995,3896.0,11,0,1,0,0.0
123465,0,0.037744591,51,0,0.124175165,3333.0,9,0,0,0,3.0
123466,0,0.9999998999999999,35,0,0.342552915,7700.0,11,0,1,0,0.0
123467,0,0.74546795,63,0,0.7353011190000001,4200.0,34,0,2,0,0.0
123468,0,0.05608476900000001,49,0,0.899722668,6850.0,21,0,3,0,0.0
123469,0,0.009887045,49,0,0.35988004,3000.0,4,0,1,0,0.0
123471,0,0.038168198,84,0,0.09620084400000001,4500.0,5,0,0,0,1.0
123472,0,0.006739541,76,0,0.148370326,5000.0,6,0,1,0,0.0
123473,0,0.218728449,43,0,0.412036502,8656.0,6,0,1,0,2.0
123474,0,0.34878307299999994,49,0,0.418032787,8783.0,12,0,1,0,0.0
123475,0,0.12026853300000001,24,0,0.027808676,898.0,2,0,0,0,0.0
123476,0,0.033949151000000004,72,0,0.429436705,3301.0,7,0,1,0,0.0
123478,0,0.602291245,60,2,1.275761368,2396.0,10,0,1,0,0.0
123479,0,0.035795188,56,0,0.371869346,10500.0,16,0,2,0,2.0
123480,0,0.800664452,48,0,0.015567087,4046.0,2,3,0,0,1.0
123481,0,0.03264095,69,0,3124.0,,8,3,1,0,0.0
123483,1,0.938707528,28,0,0.019886364,4223.0,2,1,0,1,3.0
123484,0,0.052954739,68,0,0.066296068,4856.0,16,0,0,0,1.0
123488,0,0.975248441,35,0,0.163391557,5495.0,3,0,0,0,0.0
123490,0,0.0,62,0,0.634890536,5800.0,15,0,3,0,0.0
123491,0,0.0,51,0,841.0,,6,0,0,0,0.0
123492,0,0.386976179,45,0,4095.0,,17,0,2,0,2.0
123493,1,0.9999998999999999,34,1,0.118299445,5409.0,2,3,0,1,0.0
123494,0,0.002769599,47,1,0.859375,3583.0,13,0,2,0,0.0
123495,0,0.0,30,1,362.0,,4,0,0,0,0.0
123497,0,0.962541553,51,0,3432.0,,8,0,2,0,0.0
123498,0,0.005816688,69,0,919.0,,7,0,1,0,0.0
123499,0,0.987217813,40,2,0.268546291,5000.0,10,0,0,1,2.0
123501,0,0.259636698,52,0,1852.0,,12,0,1,0,2.0
123502,0,0.064779792,31,0,100.0,1.0,8,0,0,0,0.0
123503,0,0.139886011,57,0,0.072650522,4500.0,5,0,1,0,2.0
123506,0,0.212584067,61,2,0.280950733,8666.0,23,0,1,0,1.0
123507,0,0.879140107,45,0,0.618873297,9833.0,11,0,2,0,0.0
123508,0,0.102905502,54,0,0.185905128,12500.0,8,0,1,0,2.0
123511,0,0.3049412,60,1,0.7853718670000001,7300.0,17,0,2,0,0.0
123512,0,0.23757119699999998,84,0,0.380680966,6666.0,8,0,1,0,0.0
123515,0,0.0024392660000000003,63,0,0.004301825,8600.0,10,0,0,0,0.0
123516,0,0.027753899,53,0,0.15157017,14870.0,7,0,2,0,2.0
123517,0,0.0,26,0,0.17060979699999998,3000.0,7,0,0,0,0.0
123518,0,0.039740547,65,0,2444.0,,9,0,1,0,0.0
123521,0,0.775850332,39,0,0.46206518799999996,3650.0,9,0,0,0,1.0
123522,0,0.633828947,41,0,4724.0,,19,0,2,1,2.0
123523,0,0.749968182,55,0,0.442426235,12166.0,26,0,2,0,1.0
123524,0,0.0,33,0,0.269887547,2400.0,6,0,1,0,1.0
123526,0,0.43920631600000004,52,0,0.278977759,9351.0,16,0,1,0,2.0
123527,0,0.124950004,36,0,0.226207662,9004.0,6,0,1,0,2.0
123528,0,0.47006990000000004,36,0,0.40305822399999996,5100.0,8,0,0,0,2.0
123529,0,0.006939184,62,0,0.106528452,4533.0,5,0,1,0,0.0
123532,0,0.00039534,63,0,974.0,,3,0,1,0,0.0
123534,0,0.005511306,51,0,1686.0,,7,0,1,0,0.0
123535,0,0.02602053,48,0,0.218823071,5131.0,5,0,1,0,3.0
123536,0,0.15198830900000002,69,0,59.0,,5,0,0,0,0.0
123539,0,0.048567777,50,0,0.00241093,7465.0,3,0,0,0,0.0
123540,0,0.28543559999999996,70,0,0.346093415,7000.0,13,0,1,0,1.0
123541,0,0.0,30,0,0.114377125,5000.0,13,0,0,0,0.0
123542,0,0.002133049,93,0,0.0,6000.0,3,0,0,0,0.0
123543,0,0.06032663,27,0,0.562860438,2600.0,2,0,1,0,0.0
123544,0,0.000533319,50,0,0.32592845800000003,8777.0,5,0,1,0,2.0
123545,1,0.712340227,51,0,0.638002109,10430.0,14,1,3,0,3.0
123546,0,0.358582795,54,0,0.42929665899999997,10833.0,16,0,2,0,3.0
123547,0,0.461225254,55,0,0.46253536,15200.0,16,0,3,0,0.0
123548,0,0.0,63,0,0.0,,6,0,0,0,0.0
123549,0,0.026784632000000003,50,0,0.133933033,2000.0,2,0,1,0,0.0
123550,0,0.0,26,0,0.0035183740000000003,2557.0,3,0,0,0,0.0
123552,0,0.132826436,51,0,0.898139947,2257.0,14,0,1,0,1.0
123553,0,0.147164506,48,0,0.099173554,3750.0,5,0,0,0,0.0
123554,0,0.036433402000000004,76,0,0.15403678099999998,7666.0,10,0,2,0,0.0
123555,0,0.0,40,0,1056.0,0.0,8,0,0,0,0.0
123558,0,0.23660094399999998,34,0,0.172010937,4022.0,3,0,0,0,2.0
123559,0,0.725059025,55,0,0.391866082,8900.0,15,0,2,0,0.0
123560,0,0.063276675,72,3,0.406235012,2084.0,7,1,2,0,0.0
123561,0,0.145568815,33,0,0.137113169,4426.0,3,0,0,0,0.0
123563,0,0.633466135,28,0,0.006482981999999999,3084.0,1,0,0,0,0.0
123564,1,0.220370617,29,2,0.36443299,1939.0,4,0,0,1,0.0
123565,0,0.189248093,39,0,0.25261256600000004,7750.0,12,1,1,0,0.0
123567,0,0.044597027000000004,34,0,0.8033988670000001,3000.0,7,0,2,0,2.0
123569,0,0.0,55,0,0.270737638,3700.0,9,0,2,0,0.0
123573,0,0.45947595,38,0,2294.0,,6,0,1,0,2.0
123574,0,0.0,52,1,1.232418525,2331.0,11,0,1,0,2.0
123575,0,0.223277397,47,0,0.672473013,4075.0,14,0,2,0,1.0
123576,0,0.05069385,46,0,1793.0,,7,0,1,0,0.0
123577,0,0.9999998999999999,21,98,0.0,,0,98,0,98,
123578,0,0.104086445,49,0,0.35764727700000004,10761.0,11,0,2,0,2.0
123579,0,0.066785903,56,0,0.563696919,20416.0,6,0,3,0,0.0
123580,0,0.612193903,44,0,1173.0,,6,0,1,0,0.0
123582,0,0.768105797,51,0,1515.0,,2,0,1,0,3.0
123583,0,0.381090473,52,0,0.8572659890000001,5800.0,17,0,3,0,1.0
123585,0,1.0352491190000002,46,0,0.118993135,15731.0,4,0,0,0,4.0
123589,0,0.9999998999999999,89,0,0.008319468,600.0,1,0,0,0,0.0
123590,0,0.009139808000000001,54,0,0.330583471,6666.0,13,0,1,0,0.0
123594,0,0.014166286,74,0,0.21345121600000003,6333.0,12,0,1,0,0.0
123595,0,1.000684175,51,1,0.4777322,6825.0,14,0,2,0,1.0
123598,0,0.0,37,0,229.5,1.0,4,0,1,0,4.0
123599,0,0.09761011900000001,26,0,0.22793921600000003,3750.0,7,0,0,0,0.0
123600,0,0.01887849,31,0,0.003336511,2097.0,4,0,0,0,0.0
123602,0,0.766557424,65,0,0.8838459240000001,3348.0,9,0,1,0,1.0
123603,0,0.430712637,59,0,0.5622243020000001,7480.0,10,0,1,0,1.0
123604,0,0.176113085,32,0,0.474462073,4600.0,12,0,1,0,2.0
123605,0,0.00869913,73,0,37.0,,4,0,0,0,0.0
123606,0,0.067193281,53,0,20.0,,1,0,0,0,0.0
123607,0,0.9999998999999999,25,0,170.0,,1,0,0,0,0.0
123608,0,0.0037222590000000003,38,0,0.347958215,5264.0,12,0,1,0,0.0
123610,1,0.9515783459999999,47,3,0.310960371,2800.0,4,0,1,0,2.0
123613,0,0.155199921,43,0,0.649096941,5425.0,7,0,1,0,0.0
123615,0,0.795578785,34,0,0.234153169,5000.0,5,0,0,0,0.0
123616,0,0.053452115999999994,49,0,0.257171543,6971.0,6,0,1,0,0.0
123618,0,0.218814509,57,0,0.319886173,5973.0,13,0,1,0,1.0
123619,0,0.714579709,50,0,1753.0,,12,0,0,0,0.0
123620,0,0.30395102399999996,50,0,5620.0,,18,0,3,0,0.0
123621,0,0.7206193940000001,60,0,3636.0,,6,0,2,0,0.0
123623,0,0.229725392,61,0,0.5352409370000001,11392.0,21,0,2,0,0.0
123624,0,0.334907874,36,0,0.149747616,5348.0,16,0,0,0,0.0
123625,0,0.026931537999999998,80,0,0.318521285,2677.0,3,0,1,0,0.0
123626,0,0.416047967,49,0,0.309195913,2250.0,4,0,0,0,1.0
123627,0,0.097560976,64,0,2369.0,,5,0,1,0,0.0
123628,0,0.18650822600000003,61,0,0.30963820000000003,10198.0,10,0,1,0,2.0
123629,0,0.327800953,48,0,0.31105278,10666.0,7,0,3,0,2.0
123630,0,0.89431591,37,1,0.34117461299999996,6333.0,4,0,2,0,1.0
123631,0,0.762938338,49,0,0.648922358,3850.0,10,0,2,0,2.0
123632,0,0.051359684,56,0,0.044927795,5608.0,3,0,1,0,0.0
123634,0,0.97300135,46,0,0.39007261,8400.0,7,0,1,0,2.0
123635,1,0.0,43,2,0.36548900100000004,10500.0,12,1,2,0,4.0
123636,0,0.044788195,35,0,720.0,,9,0,0,0,0.0
123637,0,0.004223198,60,0,0.585980285,1825.0,8,0,1,0,0.0
123639,1,0.8827058520000001,62,0,0.5181606129999999,3000.0,10,0,2,0,0.0
123641,0,0.055230996,62,0,0.189645595,9000.0,21,0,0,0,1.0
123642,0,0.412558744,37,0,0.12367661199999999,4155.0,2,0,0,0,3.0
123646,0,0.11684988,58,0,1.035580368,12000.0,29,0,7,0,0.0
123647,0,0.780481985,48,0,0.977404519,5000.0,10,0,2,0,2.0
123648,0,0.122964665,69,0,0.021176471000000002,2549.0,6,0,0,0,0.0
123649,0,0.103720561,43,0,0.229421646,8333.0,4,0,1,0,0.0
123650,0,0.0,43,0,0.261871702,3600.0,6,0,1,0,2.0
123651,0,0.100909006,60,0,0.441145281,17916.0,14,0,4,0,0.0
123652,0,0.673823692,32,0,1.436249285,1748.0,8,0,1,0,2.0
123653,0,0.014896295,67,0,1.217976089,4683.0,10,0,3,0,0.0
123654,0,0.0,49,0,46.0,,5,0,0,0,0.0
123656,0,0.545411365,47,0,0.666619054,7000.0,8,0,3,0,2.0
123657,0,0.19971223,60,1,5384.0,,13,0,6,0,0.0
123658,0,0.520723436,43,0,1.3170731709999999,2500.0,8,0,3,0,1.0
123659,0,0.7253671079999999,45,0,0.609262436,8744.0,16,0,1,0,0.0
123660,0,0.016898322,75,0,0.079533768,5833.0,8,0,1,0,0.0
123661,0,0.207371726,55,0,1775.0,,10,0,1,0,2.0
123662,0,0.65027024,59,0,0.805941846,4745.0,13,0,2,0,0.0
123665,0,0.08982218199999999,76,0,2662.0,,11,0,1,0,1.0
123667,0,0.29342242399999996,66,0,0.931453427,6666.0,23,0,1,0,0.0
123668,0,0.065417245,62,0,0.385941131,5163.0,8,0,2,0,1.0
123669,0,0.034013286000000004,70,0,0.088771887,8166.0,8,0,1,0,0.0
123671,0,0.37518700299999996,43,2,0.6730653870000001,5000.0,12,0,2,0,1.0
123672,0,0.087766413,78,0,0.24594552,6350.0,25,0,2,0,0.0
123673,0,0.055541911,64,0,0.026096612999999998,1800.0,8,0,0,0,0.0
123675,0,0.703105853,46,0,0.626481715,3964.0,8,0,1,0,4.0
123676,0,3484.0,47,0,0.150906825,7222.0,4,0,1,0,0.0
123679,0,0.93014859,38,0,0.154733301,2080.0,6,1,0,0,1.0
123682,0,0.034582355,67,0,0.005579888000000001,16666.0,4,0,0,0,0.0
123683,1,0.919114365,30,2,0.528988405,2500.0,5,0,1,0,0.0
123684,0,0.8984627629999999,41,1,2460.0,,17,0,1,0,0.0
123685,0,0.39710120000000004,29,0,0.297332186,2323.0,3,0,0,0,2.0
123686,0,0.822782942,51,0,0.36649214700000005,2100.0,9,0,0,0,0.0
123688,0,0.565428971,46,0,0.47559028700000006,11900.0,9,0,3,0,4.0
123689,0,0.504401787,76,0,0.329469719,3450.0,6,0,1,0,0.0
123690,0,0.9999998999999999,29,0,0.33217993100000004,2600.0,7,0,0,0,0.0
123691,0,0.11670301599999999,58,0,0.37346515700000005,6270.0,11,1,2,0,0.0
123692,0,0.111238757,64,0,0.194076848,23500.0,14,0,2,0,0.0
123696,0,0.39844010399999996,44,0,0.304012971,7400.0,6,0,1,0,3.0
123697,1,0.9999998999999999,49,0,2377.0,,1,1,1,1,3.0
123698,0,0.9999998999999999,46,1,253.0,,2,1,0,0,0.0
123699,0,0.21278688899999998,59,0,0.054161162,9083.0,6,0,0,0,0.0
123703,0,0.9999998999999999,32,0,0.0,2000.0,1,5,0,0,1.0
123704,0,0.022694732000000002,45,2,1380.5,1.0,19,0,1,2,0.0
123710,0,0.61472541,48,0,0.46100312,12500.0,12,0,1,0,0.0
123711,0,0.23815702,55,0,1.091908092,1000.0,10,0,1,0,0.0
123712,0,0.018165153,53,0,47.0,,7,0,0,0,0.0
123713,0,0.17994216,41,1,0.21601527899999998,14660.0,12,0,2,0,2.0
123714,0,0.062640716,54,0,0.19925638,5916.0,11,0,1,0,2.0
123716,0,0.021679497000000002,70,0,0.142276423,8855.0,8,0,2,0,0.0
123719,0,0.018130553,65,1,0.308193349,2916.0,11,0,0,0,0.0
123720,0,0.08622913800000001,53,0,0.289513641,20416.0,9,0,1,0,3.0
123721,0,0.311359815,48,0,0.382310692,4872.0,11,0,2,0,3.0
123722,0,0.466492371,48,0,0.168953242,25000.0,12,0,2,0,1.0
123723,0,0.446421079,61,0,0.294973967,9410.0,9,0,1,0,1.0
123725,0,0.32827666899999997,50,0,0.373441553,11950.0,9,0,4,0,1.0
123726,0,0.0027138979999999997,24,0,0.354576695,3200.0,8,0,2,0,0.0
123727,0,0.522189153,70,0,0.30186125199999997,11819.0,12,0,1,0,0.0
123729,0,0.007576104,74,0,14.0,,9,0,0,0,0.0
123731,0,0.67908596,40,0,0.329608939,11276.0,9,0,2,0,2.0
123732,1,0.9999998999999999,29,0,0.0,2100.0,0,2,0,0,2.0
123733,0,0.306569343,28,1,0.9413724179999999,1500.0,10,0,0,0,0.0
123735,0,0.126127808,69,0,0.287825908,4870.0,17,0,0,0,1.0
123736,0,0.6962112779999999,67,0,0.698851001,5395.0,10,0,2,0,0.0
123739,0,0.396971645,45,1,897.0,,6,0,0,0,1.0
123741,0,0.0,60,0,1.089009991,1100.0,12,0,1,0,0.0
123743,0,0.135293641,56,0,0.30734856,12083.0,8,0,1,0,4.0
123745,0,0.020979021,30,0,0.042162042999999996,9083.0,5,0,0,0,1.0
123746,0,0.985389781,51,1,0.515205086,56000.0,42,0,25,0,1.0
123747,0,0.662187265,35,1,0.275085763,4663.0,8,0,0,0,0.0
123748,0,0.021627061,41,0,916.5,1.0,10,0,2,0,3.0
123750,0,0.03802266,59,0,27.0,,2,0,0,0,
123751,1,0.54387264,49,3,0.662800163,4913.0,3,0,1,1,0.0
123753,0,0.102877458,48,0,0.600924884,8000.0,4,0,1,0,2.0
123754,0,0.011036163,71,0,0.0042007,4284.0,3,0,0,0,0.0
123756,0,0.465362261,31,0,0.8469323209999999,1580.0,11,0,0,0,0.0
123757,1,0.9481725000000001,67,2,0.178843313,8800.0,5,0,1,2,0.0
123758,0,0.264965783,43,0,0.13687724699999998,3893.0,9,0,0,0,3.0
123759,0,0.0,58,0,0.405017921,5300.0,14,0,2,0,0.0
123762,0,0.41285871399999996,67,0,123.0,,1,0,0,0,0.0
123764,0,0.011452665,29,0,0.119902969,8656.0,5,0,1,0,1.0
123766,0,0.11204050199999999,50,0,0.353184991,4583.0,8,0,2,0,1.0
123767,0,0.9861279690000001,43,0,0.154498637,3300.0,3,0,0,0,1.0
123768,0,0.0,72,0,0.0,,5,0,0,0,0.0
123769,0,0.38383557799999996,59,0,82.0,,1,0,0,0,0.0
123770,0,0.059803827999999996,51,0,436.0,,3,0,0,0,0.0
123771,0,1.010941332,50,0,160.0,,1,0,0,0,0.0
123772,0,0.021552814,65,0,0.229328366,9662.0,19,0,1,0,0.0
123773,0,0.41729603200000004,38,0,0.6683684320000001,4700.0,3,0,1,0,2.0
123775,0,0.10136233,55,0,3646.0,,9,0,2,0,3.0
123776,0,0.956906468,30,2,3189.0,,5,0,1,0,0.0
123778,0,0.030815542,54,0,0.080965517,7249.0,16,0,1,0,2.0
123779,0,0.910089337,48,0,0.74836316,9163.0,16,0,3,0,1.0
123780,0,0.438850485,40,1,0.173293455,5683.0,8,0,0,0,0.0
123781,0,0.32249376,47,0,0.391703094,11666.0,9,0,1,0,2.0
123783,0,0.797622354,42,0,0.689655172,2000.0,14,0,0,0,0.0
123784,0,0.02164283,82,0,160.0,,11,0,0,0,
123785,0,0.0,61,0,1245.0,,3,0,1,0,0.0
123786,0,0.164359383,62,0,0.398811564,8750.0,13,0,1,0,0.0
123787,0,0.9999998999999999,58,0,0.065741804,33950.0,7,0,1,0,2.0
123788,0,0.506130223,59,0,0.368863114,10000.0,14,0,2,0,1.0
123789,1,0.9999998999999999,30,0,27.0,,1,0,0,0,0.0
123790,0,0.436096506,59,0,0.483093208,3400.0,5,0,1,1,2.0
123791,1,0.9495050490000001,52,0,0.8530367409999999,4000.0,7,0,2,0,0.0
123792,0,0.225458543,37,1,0.139639122,8700.0,5,0,0,0,1.0
123793,0,0.069404566,58,0,105.0,,4,0,0,0,0.0
123794,0,0.069618448,67,0,0.08263057900000001,30000.0,9,0,1,0,0.0
123795,0,0.11021479099999999,42,0,0.289661654,10639.0,11,0,3,0,3.0
123796,0,0.0,83,0,0.038419319,2732.0,13,0,0,0,0.0
123797,0,0.074315101,83,0,0.217496962,6583.0,9,0,2,0,0.0
123798,1,0.9999998999999999,32,0,40.0,,0,1,0,0,1.0
123799,0,0.28398609199999997,63,0,295.0,,5,0,0,0,0.0
123800,0,0.9999998999999999,67,0,0.189148073,1971.0,0,1,0,0,0.0
123801,0,0.37048575100000003,77,0,0.5051226329999999,3220.0,6,0,1,0,0.0
123802,0,0.038249276,50,1,0.367148441,11000.0,9,0,2,0,0.0
123804,0,0.0,63,0,0.49751243799999995,3416.0,6,0,1,0,0.0
123805,0,0.687044708,31,2,2.0797385619999997,764.0,6,0,1,0,0.0
123807,0,0.024429864,81,0,0.086213445,7898.0,14,0,1,0,0.0
123808,0,0.098291435,54,0,0.488920886,12500.0,12,0,2,0,1.0
123809,0,0.9497630779999999,53,0,0.406850459,13166.0,6,0,1,0,1.0
123810,0,0.043139776,56,0,0.17384059999999998,3600.0,3,0,1,0,0.0
123811,1,0.600249982,37,0,1.151783686,4400.0,9,0,2,3,2.0
123813,0,0.037230133,54,0,807.0,,12,0,1,0,
123815,1,0.74524347,57,0,0.268780348,3500.0,9,0,1,1,0.0
123816,0,0.009829445,58,0,0.732394366,2200.0,7,0,1,0,0.0
123817,0,0.084459837,31,1,0.30578977,3557.0,6,0,1,1,5.0
123819,0,0.0,73,0,1064.0,,6,0,1,0,0.0
123820,0,0.011133086,37,0,0.068447197,15500.0,12,0,1,0,0.0
123821,0,0.08879369,64,0,0.029729369,7500.0,8,0,0,0,0.0
123823,0,0.031517479,46,0,11.0,,2,0,0,0,0.0
123828,0,0.031350645,48,1,0.202159568,5000.0,10,0,2,0,1.0
123829,0,0.0,58,0,444.0,,3,0,0,1,0.0
123833,0,0.9999998999999999,65,0,1277.5,1.0,5,0,1,0,1.0
123834,0,0.859238025,59,0,2272.0,,4,0,1,0,0.0
123835,0,0.022542213,78,0,942.0,,6,0,1,0,0.0
123836,1,0.9999998999999999,47,0,0.64928292,2300.0,5,0,1,1,0.0
123837,0,0.9999998999999999,32,0,0.0,1800.0,1,0,0,0,2.0
123838,0,0.449677516,57,0,0.266144488,12000.0,8,0,1,0,2.0
123839,0,0.294787338,39,1,0.40362078,11433.0,16,0,3,0,0.0
123840,0,0.970011995,34,0,0.33702094,2530.0,3,0,0,0,2.0
123841,0,0.041763722999999996,69,0,0.086941401,5750.0,4,0,1,0,1.0
123842,0,0.163683791,67,0,0.317595628,4574.0,5,0,2,0,0.0
123843,0,0.241468601,47,0,0.314977693,7844.0,5,0,1,0,3.0
123845,0,0.11899008400000001,49,0,0.137961565,19200.0,4,0,2,0,2.0
123846,0,0.6829430879999999,41,0,0.46536993299999996,5500.0,5,0,1,0,1.0
123847,0,0.864729737,35,0,0.556814395,3000.0,6,0,0,0,1.0
123848,0,0.15492473,55,0,1318.0,,6,0,1,0,
123849,0,0.029979482000000002,49,1,0.193964931,7356.0,6,1,1,0,0.0
123851,0,0.11448012699999999,60,0,0.25107131899999996,13067.0,12,0,2,0,1.0
123852,0,0.597395966,46,0,0.19321667,5542.0,8,0,0,0,3.0
123853,0,0.448968324,53,0,0.425113777,4833.0,9,0,1,0,0.0
123854,0,1713.0,47,0,568.0,,9,0,0,0,0.0
123855,0,0.05597267400000001,37,0,2987.0,,9,0,1,0,3.0
123856,0,0.0,57,0,0.5184233079999999,4667.0,7,0,3,0,0.0
123857,0,0.654401673,59,0,0.47396918,2400.0,5,0,1,0,0.0
123859,0,0.179795505,38,0,0.156622125,11000.0,7,0,1,0,3.0
123860,1,0.17841958,48,0,0.543237666,5330.0,28,0,1,0,0.0
123861,0,0.11809882599999999,65,0,0.34491787700000004,4200.0,8,0,1,0,0.0
123863,0,0.931767474,50,2,0.480413663,6381.0,17,0,2,0,1.0
123864,0,0.016084014,46,0,1200.0,,5,0,1,0,
123865,0,0.085115168,51,0,0.309134543,6666.0,11,0,2,0,0.0
123867,0,0.525590656,42,0,0.428692484,11800.0,10,0,1,0,3.0
123868,0,0.925672768,40,0,0.564385451,5800.0,10,0,1,0,1.0
123869,0,0.9526982009999999,30,0,0.6195043960000001,1250.0,2,0,0,0,0.0
123871,0,0.44822154399999997,41,0,0.112988701,10000.0,9,0,0,0,0.0
123872,0,0.060834150999999996,56,0,2848.0,,4,0,1,0,
123873,0,0.9999998999999999,33,0,0.0,2833.0,0,0,0,0,0.0
123877,0,0.0,31,0,532.0,0.0,11,0,0,0,0.0
123879,0,0.009851486999999999,63,0,0.288513717,3316.0,5,0,1,0,1.0
123880,0,0.044037855,74,0,0.0019937970000000003,4513.0,4,0,0,0,0.0
123881,0,0.434103279,46,0,0.33658292700000003,8000.0,8,0,1,0,1.0
123882,0,0.002217295,57,0,0.376861645,4632.0,8,0,1,0,0.0
123883,0,0.149080299,58,1,0.600643422,11500.0,22,0,5,0,1.0
123884,0,0.99834797,45,0,0.20035992800000002,5000.0,9,0,0,0,2.0
123885,1,0.149409101,48,1,0.46096832,8364.0,15,0,2,0,2.0
123887,0,0.6641019,47,0,0.5941241820000001,8100.0,18,0,1,0,0.0
123889,0,0.571527353,77,1,0.9734912579999999,1772.0,11,0,0,0,0.0
123890,0,0.228512236,31,0,0.127189825,4166.0,10,0,0,0,0.0
123893,0,0.295608632,72,1,1.167916042,2000.0,21,0,1,0,0.0
123894,0,0.9999998999999999,56,0,7283.0,,8,0,3,0,0.0
123899,0,0.024836703999999998,56,0,0.368625708,9000.0,10,0,1,0,3.0
123900,0,0.039766487,41,0,1206.0,,8,0,1,0,
123901,1,1.069203116,32,3,0.117750439,3982.0,5,0,0,0,0.0
123904,0,0.091027864,48,2,0.279399215,5858.0,15,0,2,0,0.0
123905,0,0.100021951,56,1,0.332372165,5201.0,9,0,1,0,0.0
123906,0,0.043705942000000005,64,1,879.0,,9,0,0,0,0.0
123908,1,1.092301238,38,4,0.8823897009999999,8000.0,14,1,2,0,1.0
123909,1,0.9999998999999999,58,0,0.12403915300000001,18082.0,2,1,1,0,3.0
123910,0,0.070977755,58,0,0.20770994899999998,9156.0,12,0,1,0,0.0
123911,0,0.017857604,47,1,0.368932039,9166.0,7,0,1,0,10.0
123912,0,0.0,63,0,0.0,,5,0,0,0,0.0
123913,0,0.109066563,36,0,0.16071428599999998,3583.0,5,0,1,0,0.0
123919,0,0.008441664,49,0,0.24460086399999997,6250.0,12,0,1,0,1.0
123923,0,0.111840317,32,0,0.31481703699999997,8334.0,12,0,1,0,0.0
123924,0,0.655959139,59,0,0.426971535,15000.0,15,0,3,0,0.0
123925,0,0.520412865,32,0,0.299593877,3200.0,4,0,0,0,0.0
123927,0,0.051887736,70,0,0.275377778,11249.0,7,0,2,0,1.0
123928,0,0.415480532,38,0,0.614677065,5000.0,4,0,2,0,1.0
123929,0,0.498049862,52,0,0.76449777,6500.0,11,0,4,0,4.0
123930,0,0.794041192,54,0,0.235862197,10768.0,4,0,2,0,2.0
123931,0,0.096693142,61,0,1126.0,,14,0,2,0,
123933,0,0.008365962,74,0,1071.0,,3,0,1,0,0.0
123934,0,0.08400442699999999,50,0,0.016342225,4160.0,7,0,0,0,0.0
123935,0,0.825454403,53,0,0.566041329,10500.0,10,0,2,0,2.0
123936,0,0.149823104,27,0,0.135288237,3000.0,7,0,0,0,0.0
123937,0,0.0,48,0,2681.0,,8,0,2,0,0.0
123939,0,0.008683753,96,0,9.0,,4,0,0,0,
123940,0,0.389046027,78,0,408.0,,2,0,0,0,0.0
123941,0,0.9999998999999999,57,0,0.758747698,3800.0,1,0,1,0,0.0
123942,0,0.22611811699999998,61,1,0.508480965,5305.0,15,0,1,0,0.0
123943,0,0.9999998999999999,76,0,0.17157927399999998,9668.0,4,0,1,0,1.0
123945,0,0.06653129299999999,34,0,3195.0,,9,0,1,0,0.0
123946,0,0.014964992,68,0,0.427041181,4200.0,9,0,1,0,0.0
123948,0,0.877240212,38,1,0.7913012979999999,2850.0,7,0,1,0,1.0
123949,1,0.5634551720000001,46,0,0.406953477,7995.0,11,0,1,0,4.0
123950,0,0.021239575,58,0,0.278071986,11140.0,8,0,1,0,2.0
123951,0,0.839661945,47,0,0.251642388,3500.0,8,0,0,0,0.0
123952,0,0.924179179,45,0,0.557725355,6400.0,14,0,2,0,4.0
123953,0,0.041702166,39,0,0.175957447,4699.0,6,0,0,0,0.0
123954,0,0.0,39,2,0.442955704,10000.0,8,0,1,0,1.0
123955,0,0.412621445,31,0,0.371222865,9166.0,11,0,1,0,0.0
123956,0,0.009484038,52,0,0.003665445,3000.0,4,0,0,0,0.0
123958,0,0.007228625,88,0,5.0,,8,0,0,0,0.0
123960,0,0.146748165,34,0,0.20623623100000002,5900.0,6,0,1,0,1.0
123962,0,0.18893179899999998,53,2,0.13568198,4200.0,18,0,0,0,2.0
123963,0,0.041298623,72,0,0.153406656,7000.0,5,0,1,0,1.0
123964,0,0.35960432200000003,70,1,0.389700231,2601.0,9,0,0,0,0.0
123965,0,0.003158307,60,0,0.000909008,11000.0,12,0,0,0,1.0
123966,0,0.634716884,49,0,0.298855683,9000.0,8,0,2,0,2.0
123967,0,0.555588395,47,0,2782.0,,10,0,2,0,0.0
123968,0,0.17492610600000003,60,0,0.47336426200000004,6250.0,16,0,2,0,0.0
123971,0,0.036459494,64,0,0.079566258,7100.0,8,0,1,0,1.0
123974,0,0.0006962860000000001,62,0,0.0053315559999999994,3000.0,7,0,0,0,0.0
123977,0,0.007199941999999999,61,0,0.263983371,10583.0,14,0,1,0,0.0
123979,0,0.0,48,1,0.435927038,4330.0,9,0,2,0,1.0
123980,0,0.463568862,75,0,1.724570057,7500.0,33,0,11,0,1.0
123981,0,0.0,74,0,26.0,,5,0,0,0,0.0
123982,0,0.18621451,38,0,0.5283929589999999,7043.0,11,0,1,0,1.0
123983,0,0.287235712,60,0,2278.0,,13,0,1,0,4.0
123985,1,0.9999998999999999,22,0,0.221462388,1900.0,1,0,0,0,0.0
123986,0,0.41033431299999995,76,0,0.484233195,6500.0,13,0,2,0,1.0
123987,0,0.20254531,55,0,0.229978097,10500.0,4,0,2,0,2.0
123989,0,0.326995262,77,0,1.143673236,3500.0,11,0,2,0,0.0
123991,0,0.003346025,40,0,2.0,,3,0,0,0,0.0
123992,0,0.0,82,0,0.06944444400000001,1871.0,1,0,0,0,0.0
123993,0,0.030464636,59,0,0.001039917,12500.0,4,0,0,0,0.0
123994,0,0.899780005,44,0,0.16840061,7208.0,4,0,0,0,0.0
123996,1,0.027270956000000002,66,0,593.0,,3,0,1,0,0.0
123997,0,0.214938564,58,0,0.32617155800000003,12333.0,13,0,2,0,1.0
123998,0,0.410527309,40,0,0.492014998,7200.0,9,1,3,0,2.0
124000,0,0.006135666,67,0,0.181836529,4954.0,4,0,1,0,1.0
124001,0,0.73383108,43,0,0.550131329,11040.0,12,0,3,0,2.0
124003,0,0.021293067000000002,75,0,89.0,,10,0,0,0,0.0
124004,0,0.006749663,62,0,0.32616738300000003,10000.0,6,0,2,0,0.0
124005,0,0.501894292,56,1,0.7577837709999999,4078.0,17,3,1,0,1.0
124006,0,0.9999998999999999,46,0,0.074493792,12000.0,2,0,1,0,3.0
124007,0,0.008848393000000001,45,0,0.838172299,2100.0,6,0,1,0,2.0
124008,0,0.9999998999999999,34,0,3210.0,0.0,2,0,1,0,2.0
124009,0,0.0029665679999999997,72,0,0.01815065,9916.0,3,0,0,0,0.0
124010,0,0.016942814,74,0,0.701738194,6500.0,8,0,1,0,0.0
124011,0,1.0644036270000001,52,1,0.542993631,5023.0,8,0,2,0,0.0
124015,0,0.083275719,52,0,2116.0,,11,0,1,0,0.0
124016,0,0.021266791,67,0,0.17614590800000002,4166.0,7,0,1,0,0.0
124017,0,0.145042158,35,0,0.289068644,8900.0,8,0,2,0,2.0
124018,0,0.017317918999999998,69,0,0.288602533,4500.0,9,0,1,0,0.0
124019,0,1.376163314,61,0,0.285942811,5000.0,6,0,1,0,0.0
124021,0,0.099350046,67,0,2540.0,,5,0,1,0,
124022,0,0.0,31,0,0.250335325,8200.0,13,0,2,0,0.0
124024,0,0.032497292000000004,75,0,176.0,,7,0,0,0,
124025,0,0.635157244,47,0,0.6251786,6298.0,5,0,2,0,1.0
124026,0,0.0,26,0,0.0,1200.0,2,0,0,0,0.0
124027,0,0.22344108699999998,54,0,0.6750868329999999,3166.0,14,0,1,0,0.0
124029,0,0.8052230690000001,37,1,0.516329568,11420.0,19,0,2,0,0.0
124030,0,0.561685133,74,0,0.646633529,4425.0,8,0,1,0,1.0
124031,0,0.9999998999999999,58,0,0.294117647,4300.0,5,0,1,0,1.0
124032,0,0.003782771,89,0,0.017048795,1700.0,11,0,0,0,0.0
124034,0,0.005967115,63,0,0.083700441,4085.0,6,0,0,0,0.0
124036,0,0.426956777,70,0,2.1163522009999998,6041.0,17,0,4,0,1.0
124037,0,0.011340771999999999,36,0,1.7851534619999998,1400.0,5,0,1,0,0.0
124038,0,0.527190377,65,0,0.40616400700000005,5450.0,12,0,1,0,1.0
124040,0,0.252552479,58,0,1132.0,,9,0,0,0,1.0
124042,0,0.0,55,0,0.341202611,7200.0,7,0,2,0,2.0
124043,0,0.763734687,54,0,0.628857094,5800.0,9,1,1,0,2.0
124044,0,0.013362125,46,0,0.248527941,9000.0,10,0,1,0,1.0
124046,1,0.7945223659999999,29,0,0.12123953900000001,4420.0,7,0,0,0,0.0
124047,0,0.899558242,31,0,2484.0,,5,0,2,0,1.0
124049,0,0.057882458,29,0,1.996215705,1056.0,4,0,2,0,0.0
124050,0,0.00141022,51,0,3138.0,,11,0,2,0,0.0
124051,0,0.9999998999999999,32,1,376.0,,2,0,0,0,0.0
124052,0,0.40694975200000005,49,0,12205.0,,14,0,7,0,0.0
124053,0,0.107799257,61,0,0.34831824100000003,3091.0,3,0,1,0,0.0
124054,0,0.140344686,39,0,0.33368625399999996,5666.0,10,0,1,0,0.0
124055,0,0.9999998999999999,63,1,3.456483126,1125.0,7,2,1,0,2.0
124056,0,0.236754388,52,0,0.43509415100000004,6000.0,15,0,2,0,0.0
124058,1,1.474735605,53,2,0.038387186000000004,3620.0,4,0,0,0,1.0
124061,0,0.040045317000000004,47,0,0.08216432900000001,8482.0,6,0,0,0,2.0
124062,0,0.0,62,0,0.473596022,18500.0,19,0,4,0,2.0
124063,0,0.130735562,42,0,0.17258446300000002,4646.0,5,0,0,0,0.0
124064,0,0.177000871,82,0,0.397082019,5071.0,11,0,2,0,1.0
124065,0,0.602949333,35,0,0.312312312,5327.0,10,0,0,0,1.0
124066,0,0.13859736,32,0,0.119695855,4076.0,7,0,0,1,0.0
124067,0,0.33436503,55,0,0.409563037,5583.0,6,0,1,0,0.0
124068,0,0.023867011,78,0,0.021877205,1416.0,6,0,0,0,0.0
124072,0,0.0018999370000000002,74,0,4.0,,7,0,0,0,0.0
124073,0,0.0,86,0,0.0,,1,0,0,0,
124077,0,0.173756854,50,0,0.04275125,5800.0,5,0,0,0,3.0
124078,0,0.0048597,64,0,2.765293383,800.0,11,0,2,0,0.0
124079,0,0.30899979699999996,51,0,1.128580946,1500.0,14,0,1,0,2.0
124080,0,0.00728001,76,0,0.086747597,3953.0,10,0,1,0,0.0
124081,0,0.94526416,46,4,0.641717791,4889.0,24,0,2,0,1.0
124083,0,0.33901694600000004,56,1,1312.0,,6,0,1,0,0.0
124084,0,0.025592597,64,0,0.007516623,6917.0,3,0,0,0,2.0
124085,0,0.9999998999999999,40,0,0.393569845,901.0,1,0,0,0,2.0
124086,0,0.634073907,66,0,0.34053815600000004,6800.0,8,0,2,0,1.0
124087,1,1.0033222590000002,36,4,0.344262295,2500.0,12,2,0,2,0.0
124090,0,0.089035907,51,0,0.74985003,5000.0,6,0,2,0,2.0
124091,0,0.18970997,62,0,0.631661716,5722.0,27,0,1,0,1.0
124092,0,0.0,47,1,0.025060491,5785.0,5,0,0,0,2.0
124094,0,0.021177502,70,0,2.00886918,450.0,4,0,0,0,0.0
124096,0,0.29203371300000003,64,0,1320.0,,4,0,1,0,0.0
124098,1,0.985218923,37,3,3778.0,,9,0,2,1,0.0
124101,0,0.38070533799999995,53,0,0.369118622,7544.0,12,0,1,0,0.0
124103,0,0.0010139510000000001,80,0,0.049773755999999995,7513.0,10,0,0,0,0.0
124104,0,0.027880712999999998,42,0,0.291555556,4499.0,4,0,1,0,2.0
124106,0,0.017732939,83,0,25.0,,11,0,0,0,0.0
124107,0,0.33797887600000004,59,0,2452.0,,10,0,2,0,2.0
124108,0,0.670043714,43,0,1253.0,,7,0,0,0,0.0
124109,1,0.636615201,56,2,0.609463585,9171.0,22,0,3,0,3.0
124110,0,0.002008114,65,0,0.269137303,6583.0,10,0,1,0,2.0
124112,0,0.0,37,0,0.412285012,4069.0,8,0,1,0,0.0
124113,0,0.057929097,37,0,0.541393916,2596.0,5,0,1,0,3.0
124115,0,0.401999759,39,0,0.41199620000000003,7368.0,12,0,2,0,0.0
124116,1,0.666637038,46,0,0.7138058840000001,8633.0,11,0,4,0,1.0
124117,0,0.0,52,0,1964.0,,3,0,1,0,0.0
124120,0,0.121127038,69,0,0.652743835,4500.0,11,0,1,0,0.0
124121,0,0.14422033,43,0,0.247878632,3888.0,5,0,0,0,0.0
124122,0,0.013026316999999999,65,0,0.34282377,6848.0,13,0,2,0,0.0
124123,0,0.010913311,34,0,0.0035733920000000003,3637.0,3,0,0,0,0.0
124124,1,0.025567776,46,2,0.412325892,5240.0,4,2,1,1,0.0
124125,0,0.20633821800000002,51,0,160.0,,5,0,0,0,0.0
124126,0,0.5470691870000001,59,0,2915.0,,8,0,1,0,0.0
124127,0,0.070654891,50,1,0.338186283,5700.0,17,0,3,0,0.0
124128,0,0.012606055,60,0,0.034479605,10933.0,20,0,0,0,4.0
124129,0,0.023323816,74,0,53.0,,7,0,0,0,
124131,0,0.290706075,39,0,0.67554693,5667.0,12,0,2,0,2.0
124132,0,0.057767009,79,0,0.244943435,5833.0,11,0,1,0,1.0
124133,0,0.8734633279999999,55,0,0.37325038899999996,4500.0,11,0,0,0,0.0
124136,0,1.041848752,32,1,0.33365019,8415.0,8,0,2,0,0.0
124137,0,0.9999998999999999,25,98,0.0,0.0,0,98,0,98,0.0
124138,0,0.47830142200000003,62,1,0.42007371200000004,11666.0,25,0,3,0,1.0
124139,0,0.011726971000000001,62,0,0.003199573,7500.0,12,0,0,0,0.0
124141,0,0.159824831,57,0,0.54447152,6565.0,18,0,3,0,1.0
124144,0,0.001317466,82,0,24.0,,8,0,0,0,0.0
124145,0,0.408575872,31,0,0.135479758,3136.0,7,0,0,0,0.0
124146,0,0.6063513070000001,53,0,0.451867539,5193.0,7,0,2,0,2.0
124148,0,0.0,64,0,640.0,,3,0,1,0,0.0
124149,0,0.022049449,36,0,0.0045968879999999995,5655.0,4,0,0,0,3.0
124150,0,0.917917235,71,0,0.287385663,4700.0,6,0,1,0,0.0
124152,0,0.40405959399999997,45,0,0.29321064399999996,4020.0,3,0,1,0,2.0
124154,0,0.842635458,59,1,0.517640573,5441.0,11,0,1,0,2.0
124156,0,0.133414344,63,0,0.354380426,3800.0,12,0,1,0,3.0
124157,0,0.025914337000000003,63,0,1130.0,,17,0,1,0,0.0
124159,0,1.061587682,39,1,0.27833056899999997,7235.0,6,0,1,0,1.0
124160,0,0.0,60,0,0.22478726100000002,11868.0,7,0,1,0,0.0
124162,0,0.36311916299999997,84,0,0.46307657399999996,4400.0,6,0,0,0,0.0
124163,0,0.0,53,0,474.0,0.0,4,0,0,0,1.0
124164,0,0.04291659900000001,50,1,0.137891078,8629.0,4,0,2,0,0.0
124165,0,0.36678521700000005,44,1,0.43214729,4833.0,6,0,1,0,1.0
124167,0,0.084954215,54,0,1.882597835,1200.0,9,0,1,0,1.0
124168,0,0.18392947,51,0,1697.0,,5,0,1,0,
124169,0,0.469025764,63,0,0.556545579,2917.0,16,0,1,0,0.0
124170,0,0.713602918,63,0,0.20649850399999997,4677.0,8,0,0,0,0.0
124171,0,4.93e-05,68,0,2181.0,,10,0,3,0,1.0
124172,0,0.082304889,59,0,0.392247347,6500.0,13,0,1,0,0.0
124173,0,0.6721731129999999,36,0,0.204371076,4300.0,3,0,0,0,2.0
124174,0,0.034048298,68,0,0.00342818,5833.0,3,0,0,0,0.0
124175,0,0.15835649300000001,55,0,1701.0,,5,0,1,0,
124176,0,0.328836693,25,1,0.062784988,2850.0,7,0,0,0,3.0
124177,0,0.0,59,0,0.0,4500.0,2,0,0,0,0.0
124178,0,0.040294421000000004,48,0,0.265576393,11250.0,5,0,1,0,0.0
124179,0,0.979120835,60,2,0.137193475,9256.0,5,0,0,0,0.0
124180,0,0.9999998999999999,44,98,0.0,,0,98,0,98,0.0
124181,1,0.9999998999999999,44,0,2105.0,,3,1,1,0,1.0
124182,0,0.041566544,71,0,1440.0,,10,0,2,0,0.0
124183,0,0.921852247,43,1,898.0,,3,0,0,0,0.0
124184,0,0.087227549,88,0,0.01617321,7666.0,12,0,0,0,0.0
124185,0,0.519345022,30,0,3352.0,,9,0,2,0,2.0
124186,0,0.017571324,61,1,0.412381891,17250.0,9,0,2,0,1.0
124187,0,0.422694884,65,0,0.49297082200000003,7539.0,11,0,2,0,1.0
124188,0,0.037264035,57,1,0.835407116,4580.0,19,0,3,0,0.0
124190,0,0.110217349,56,0,0.234639294,6916.0,7,0,1,0,1.0
124192,0,0.044690589,37,0,0.646386747,3500.0,4,0,1,0,1.0
124193,0,0.014749189,76,0,0.007256894,6200.0,12,0,0,0,0.0
124194,0,0.9999998999999999,65,2,0.510247855,4195.0,3,0,1,0,0.0
124195,0,0.082364704,47,0,0.195828012,2348.0,4,0,0,0,0.0
124196,0,0.079584083,36,0,0.853517878,2600.0,3,0,1,0,0.0
124198,0,0.15023399099999998,41,1,0.263770224,5500.0,10,0,1,0,3.0
124199,0,0.0,40,0,2549.0,,3,0,1,0,0.0
124200,0,1.017489069,30,0,0.080207863,4425.0,4,0,0,0,0.0
124202,0,0.040301492,77,0,1802.0,,8,0,1,0,0.0
124203,0,0.04118057,81,0,0.0066655559999999996,6000.0,4,0,0,0,0.0
124204,0,0.064116807,77,1,0.22140522899999998,1223.0,6,0,0,0,0.0
124207,0,0.894105323,47,1,0.435365987,9166.0,12,0,2,0,3.0
124208,0,0.841229792,41,0,0.487147335,4784.0,7,0,1,0,3.0
124209,1,1.038365395,38,3,0.644142066,4335.0,8,2,1,3,3.0
124210,0,0.005298361,81,0,0.23388582,3800.0,9,0,1,0,1.0
124212,0,0.517190929,52,0,0.583133356,5833.0,5,0,2,0,0.0
124213,0,0.92595132,73,0,0.260246584,3000.0,5,0,0,0,0.0
124214,0,0.9011631859999999,61,0,0.8761360690000001,3850.0,9,0,2,0,0.0
124215,0,0.618940454,50,1,0.386529529,6027.0,11,0,0,0,1.0
124216,0,0.066623334,63,0,1019.0,,6,0,0,0,0.0
124217,0,0.832965627,73,0,0.774069812,5213.0,12,0,1,0,0.0
124218,0,0.051209904,42,3,0.56954949,3040.0,7,0,1,0,2.0
124220,0,0.344952351,43,2,0.464053595,10000.0,9,0,2,0,1.0
124221,0,0.037868239,75,0,0.39583758399999996,4900.0,23,0,2,0,1.0
124222,0,0.029798808,60,0,1213.0,,7,0,1,0,
124223,0,0.065769406,42,0,1438.0,,8,0,1,0,0.0
124224,0,0.063692962,54,0,0.026571955,3800.0,10,0,0,0,1.0
124225,0,0.9651357629999999,43,0,0.586620614,5500.0,6,0,1,0,1.0
124228,0,0.03055932,31,0,0.050216643,9000.0,4,0,0,0,0.0
124229,0,0.00998717,45,0,0.410085055,3291.0,7,0,1,0,2.0
124231,1,0.648918911,43,3,0.631462118,17118.0,23,1,8,1,1.0
124232,0,0.006829046,39,0,0.140274314,3207.0,5,0,0,0,0.0
124233,0,0.14507124400000002,61,0,5049.0,,8,0,1,0,0.0
124234,0,0.050420674000000006,55,0,1719.0,,5,0,0,0,0.0
124235,0,0.182204687,40,0,0.21938326,6809.0,5,0,1,0,3.0
124236,0,0.076596627,53,0,0.628741301,14800.0,14,0,4,0,2.0
124237,0,0.11099445,68,0,0.010524637,6270.0,6,0,0,0,0.0
124238,0,0.077275631,65,0,0.015657423,5300.0,4,0,0,0,0.0
124239,0,0.226220035,39,0,1023.0,,9,0,0,0,0.0
124240,0,0.19944517899999997,42,0,0.42418398700000004,14000.0,14,0,2,0,3.0
124243,1,0.25109956,44,1,0.20740486800000002,5833.0,5,1,1,0,0.0
124244,0,0.0,61,0,0.36067675,3900.0,5,0,2,0,0.0
124245,0,0.017269587,21,0,2.0,0.0,2,0,0,0,0.0
124246,0,0.9999998999999999,32,0,0.0,,0,0,0,0,0.0
124250,0,0.14032397800000002,52,0,0.008041869,7833.0,2,0,0,0,3.0
124252,0,0.743597341,45,0,0.607065489,6000.0,7,0,1,0,2.0
124253,0,0.989247312,59,0,0.033057851,1451.0,2,0,0,0,0.0
124254,0,0.901449919,32,0,0.312325365,3220.0,3,0,0,0,3.0
124255,0,0.122441279,29,0,0.413489736,3750.0,4,0,1,0,0.0
124256,1,1.1993355479999999,41,0,217.0,,6,0,0,0,0.0
124257,0,0.019044066999999998,67,1,1078.0,,18,0,1,1,0.0
124258,0,0.015968064,27,0,0.0,,1,0,0,0,
124259,0,0.238964659,36,0,0.049728188,11220.0,7,0,0,0,0.0
124260,0,0.0,55,0,0.09444762400000001,3493.0,6,0,2,0,0.0
124263,0,0.7010561329999999,72,0,1806.0,,16,0,0,0,0.0
124265,0,0.0395916,60,0,0.080581242,9083.0,13,0,0,0,0.0
124266,0,0.10069154300000001,50,0,0.346652268,8333.0,11,0,3,0,1.0
124268,0,0.161088468,78,0,0.151522593,8143.0,8,0,1,0,1.0
124271,0,0.294671215,50,1,0.325483226,4500.0,12,0,0,0,2.0
124273,0,0.053904956,72,0,0.075577764,1600.0,13,0,0,0,0.0
124274,0,0.370030129,45,0,0.09124574099999999,6750.0,6,0,0,0,1.0
124275,0,0.00026665799999999997,51,0,664.0,,7,0,1,0,0.0
124277,0,0.9999998999999999,53,1,0.068295391,1800.0,3,1,0,0,1.0
124278,0,0.012259321,61,0,368.0,,9,0,0,0,0.0
124279,0,0.0073696,51,0,0.243473945,10074.0,10,0,2,0,0.0
124280,0,0.042319828,34,0,0.40370479299999995,3400.0,12,0,1,0,0.0
124281,0,0.0,58,0,0.030736321,8881.0,4,0,0,0,2.0
124283,0,0.754057428,29,0,0.005541872,3247.0,1,1,0,0,0.0
124284,0,0.9999998999999999,36,0,1274.0,,1,0,1,0,0.0
124285,0,0.9999998999999999,34,0,0.020038371,4690.0,0,0,0,0,1.0
124286,0,0.291505346,49,0,0.671567653,5032.0,8,0,2,0,0.0
124288,0,0.099963335,51,0,0.111823134,12483.0,3,0,1,0,0.0
124290,0,0.026711412,53,1,0.004571864,10498.0,7,0,0,0,0.0
124291,0,0.638722555,22,0,4.5,1.0,2,0,0,0,0.0
124292,0,0.5902576070000001,74,0,0.259855636,1800.0,3,0,0,0,0.0
124293,0,0.009996876,27,0,2.0,,2,0,0,0,
124294,0,0.059738440999999996,57,0,1820.0,,9,0,1,0,0.0
124296,0,0.9999998999999999,37,0,0.42491240799999996,8276.0,2,0,1,0,1.0
124298,0,0.0,34,0,1.263554217,3983.0,10,0,3,0,2.0
124301,0,0.02603896,44,0,0.46809671,5500.0,14,0,2,0,2.0
124302,0,0.166904033,63,0,0.227678966,11300.0,7,0,1,0,1.0
124303,1,1.03654485,31,0,0.176986146,3536.0,4,1,0,0,0.0
124304,0,0.200239988,49,0,0.341980813,7400.0,11,0,2,0,2.0
124305,0,0.084201079,69,0,0.36576736,2260.0,19,0,1,0,0.0
124306,0,0.012785096000000001,89,0,0.004052959,3700.0,16,0,0,0,0.0
124307,0,0.834606616,31,0,0.320417587,4980.0,7,0,0,0,0.0
124308,0,0.351239924,50,1,0.547218196,8968.0,12,0,1,0,1.0
124309,0,0.412941144,49,1,0.356006666,6600.0,10,0,2,0,1.0
124310,0,0.185820092,63,0,0.100644968,13333.0,7,0,1,0,1.0
124311,0,0.080458568,37,0,0.237813516,12000.0,10,0,1,0,2.0
124312,0,1.0209979,40,0,0.6648786,7083.0,9,0,1,0,1.0
124313,0,0.0699965,61,2,0.012808497,3200.0,5,0,0,0,0.0
124314,1,0.8608405809999999,43,4,0.37139368,6550.0,10,1,0,4,0.0
124315,0,0.7956688190000001,28,2,0.358129962,3400.0,10,0,0,0,0.0
124316,0,0.10848192,61,0,0.7510067109999999,1489.0,4,0,2,0,0.0
124318,0,0.24144629399999998,60,0,0.48155654600000003,7400.0,26,0,3,0,0.0
124320,0,0.9699079690000001,59,0,0.473717774,21953.0,15,0,2,0,1.0
124322,0,0.0,74,0,0.0,2100.0,2,0,0,0,0.0
124324,0,0.02446634,77,0,0.005788864,9500.0,12,0,0,0,0.0
124325,0,0.098806085,63,0,0.218915568,8870.0,8,0,1,0,1.0
124326,0,0.21194960699999998,27,0,0.353208508,5500.0,11,0,1,0,1.0
124327,0,0.791706492,42,1,0.19600604100000002,5958.0,7,0,0,0,0.0
124329,0,0.002302891,61,0,2174.0,,6,0,1,0,0.0
124330,0,0.03215596,80,0,960.0,,5,0,1,0,0.0
124331,0,0.012517791,71,0,1588.0,,9,0,1,0,0.0
124333,0,0.175294538,26,0,233.0,,4,0,0,0,0.0
124335,0,0.081054655,51,0,0.519479508,12833.0,27,0,3,0,0.0
124336,0,0.986216806,52,4,3177.0,,7,1,2,0,0.0
124338,0,0.031530086,59,0,0.003736996,9900.0,3,0,0,0,0.0
124339,0,0.019599347,69,0,0.001703407,9979.0,3,0,0,0,0.0
124344,0,0.47726713,41,0,5362.0,,12,0,4,0,2.0
124346,0,0.0,37,0,0.0,,2,0,0,0,0.0
124347,0,0.20791269899999998,59,0,0.036396942,12555.0,7,0,0,0,1.0
124349,0,0.022544869,83,0,0.064355752,7240.0,3,0,0,0,0.0
124351,1,0.25760541800000003,55,1,0.438058748,7829.0,9,0,2,0,0.0
124352,0,0.510661541,52,0,0.397742965,21000.0,8,0,1,0,2.0
124354,0,0.157095284,82,1,0.138070792,3700.0,12,0,0,0,0.0
124355,0,0.060135339,59,0,6091.0,,11,0,2,0,0.0
124356,0,0.9214426170000001,37,0,0.70358849,9000.0,9,0,2,0,2.0
124357,0,0.232980333,59,0,0.512070227,4100.0,9,0,2,0,0.0
124359,0,0.031688965,68,1,0.31783527100000003,8000.0,15,0,1,0,0.0
124360,0,0.38149859,48,0,0.432533438,5083.0,5,0,1,0,0.0
124361,0,0.88422705,43,0,5878.0,,7,0,1,0,0.0
124364,0,0.0,51,0,0.47392101299999995,6000.0,7,0,2,0,1.0
124365,0,0.0011981189999999999,51,0,0.422121896,885.0,7,0,0,0,0.0
124367,1,0.04530778,27,0,0.854304636,150.0,4,1,0,0,0.0
124368,0,0.347281322,55,0,0.578253968,6299.0,13,0,1,0,1.0
124369,0,0.076207712,44,0,3488.0,,14,0,1,0,0.0
124370,0,0.00292064,66,0,0.002097535,5720.0,13,0,0,0,0.0
124372,0,0.21475141,56,0,0.295568144,3000.0,12,0,1,0,1.0
124373,0,0.033137481,52,0,60.0,,8,0,0,0,0.0
124374,0,0.08057387099999999,61,0,0.415760071,3400.0,4,0,1,0,0.0
124376,0,0.15584415599999998,77,0,0.00159936,2500.0,4,0,0,0,0.0
124377,0,0.791357616,43,0,3701.0,,7,0,1,0,0.0
124378,0,0.511709193,56,0,0.283605777,6300.0,6,0,1,0,0.0
124379,0,0.9999998999999999,41,0,0.255565863,2155.0,3,0,1,0,1.0
124380,0,0.201966339,38,0,1314.5,1.0,5,0,1,0,2.0
124381,0,0.008549573000000001,41,0,0.6146855689999999,2750.0,7,0,2,0,0.0
124382,0,0.390247836,83,0,0.13018598,3494.0,5,0,0,0,0.0
124385,1,0.870163875,37,1,0.499652329,30200.0,15,0,6,0,1.0
124386,0,0.0,39,0,2383.0,,8,0,1,0,2.0
124387,0,0.052581086,67,0,2313.0,,4,0,2,0,0.0
124388,0,0.002142796,67,0,0.17355035600000002,4914.0,5,0,1,0,0.0
124389,1,0.22049872399999998,60,2,0.384769205,6000.0,9,0,2,0,0.0
124390,1,0.479804705,49,5,2.6638532109999997,5449.0,9,0,4,0,1.0
124391,0,0.23206007399999998,53,0,0.154980155,10581.0,6,0,1,0,2.0
124392,0,0.114633914,50,0,0.403206966,9416.0,39,0,1,0,3.0
124394,0,0.075602241,62,0,0.8941851759999999,4006.0,13,0,2,0,0.0
124396,0,0.013962988999999999,73,0,0.005829595999999999,2229.0,8,0,0,0,0.0
124397,0,0.035346911,67,0,0.24984681399999997,13055.0,13,0,4,0,1.0
124398,0,0.055392014,69,0,0.018686074,5083.0,3,0,0,0,0.0
124400,0,0.168114385,60,0,0.041989503,4000.0,4,0,0,0,0.0
124401,1,0.325534893,46,0,0.149050723,3528.0,9,0,0,0,1.0
124402,0,0.0031387520000000003,80,0,1482.0,,12,0,1,0,
124404,0,0.20729309,50,0,0.466139343,9228.0,12,0,3,0,2.0
124405,1,0.71058788,32,0,0.233023095,2900.0,4,0,0,0,3.0
124408,0,0.015630095,45,0,0.008073818,2600.0,8,0,0,0,1.0
124409,0,0.14332386800000002,43,0,0.274390244,5083.0,20,0,1,0,1.0
124410,0,0.9999998999999999,30,0,0.245644102,3500.0,6,0,0,0,0.0
124411,0,0.133573751,53,0,0.20829167,13000.0,19,0,1,0,3.0
124413,0,0.040423989,69,0,0.394471114,6040.0,9,0,2,0,1.0
124414,0,0.211770052,24,1,0.067880284,3240.0,7,0,0,0,0.0
124415,0,0.7662337659999999,61,0,0.392978981,9086.0,5,0,1,0,0.0
124416,0,0.19578042199999998,28,0,0.026149684,2217.0,1,1,0,0,0.0
124417,0,0.493483551,62,0,2034.0,,5,0,2,0,0.0
124418,0,0.825766969,58,0,0.294262421,6500.0,9,0,1,0,0.0
124421,0,0.031698943,57,0,0.137038207,9500.0,6,0,1,0,0.0
124422,0,0.496474055,43,0,0.20787113,10366.0,6,0,1,0,4.0
124424,0,0.073918734,66,0,5805.0,,11,0,4,0,0.0
124425,0,0.9865478999999999,25,1,0.9975031209999999,800.0,6,0,0,0,1.0
124426,0,0.007523276999999999,63,0,0.361732147,9213.0,15,0,1,0,2.0
124427,0,0.013159668999999999,61,0,0.284912281,5699.0,9,0,1,0,0.0
124428,0,0.101252917,38,0,0.18779963600000002,6048.0,8,0,0,0,3.0
124429,0,0.024620057999999997,59,0,0.361405089,8881.0,26,0,2,0,1.0
124432,0,0.0044176120000000004,68,0,0.25400658600000003,4554.0,13,0,1,0,1.0
124434,0,0.213345123,54,0,0.536800785,8151.0,13,0,2,0,1.0
124435,0,0.79682709,30,0,2254.0,,6,0,1,0,0.0
124436,0,0.1402129,65,0,274.0,,7,0,0,0,0.0
124438,0,0.005477649,86,0,0.001428435,10500.0,8,0,0,0,0.0
124440,1,0.9999998999999999,31,0,0.079128169,4220.0,2,0,0,0,1.0
124441,0,1512.0,69,0,1612.0,,5,0,2,0,
124442,1,0.60928617,51,1,0.957680773,3000.0,10,0,1,0,0.0
124443,0,0.38630104200000004,51,0,0.5789370460000001,5098.0,17,0,1,0,2.0
124446,0,0.31333437199999997,41,0,0.156143218,20192.0,8,0,2,0,1.0
124447,0,0.219652023,60,0,0.651455889,2300.0,4,0,1,0,0.0
124448,0,0.41127061,58,0,0.150311349,22000.0,11,0,1,0,0.0
124449,0,0.7973802329999999,42,3,0.414340919,9315.0,7,0,3,0,0.0
124451,0,0.03284142,77,0,1.0179820179999999,1000.0,12,0,1,0,1.0
124452,0,0.098568635,56,0,1488.0,,13,0,0,0,2.0
124453,0,0.42975863700000005,62,0,0.521007467,8972.0,22,0,3,0,2.0
124454,0,0.24552023399999998,57,0,1.236372646,2017.0,14,0,2,0,0.0
124455,0,0.0,45,0,0.313207547,3444.0,9,0,2,0,2.0
124456,0,0.003508428,61,0,0.001428367,7000.0,10,0,0,0,0.0
124457,0,0.346231012,41,0,0.513897221,5000.0,7,0,2,0,2.0
124459,0,0.17945466100000002,50,0,110.0,,4,0,0,0,0.0
124460,0,0.517020503,63,0,2202.0,,7,0,2,0,0.0
124462,0,0.000382342,79,1,0.0,2000.0,2,2,0,1,0.0
124463,0,0.13694520699999999,83,0,0.6700305529999999,10800.0,14,0,5,0,1.0
124464,0,0.067137633,76,0,0.010623671999999999,8000.0,9,0,0,0,1.0
124465,0,0.0,25,0,0.639464068,820.0,4,0,0,0,0.0
124466,0,0.164296362,50,0,0.473750261,4780.0,15,0,1,0,1.0
124467,0,0.9999998999999999,27,0,358.0,,1,1,0,0,0.0
124468,0,0.126543673,75,0,0.269605671,4513.0,9,0,2,0,1.0
124469,0,0.0,83,0,1.0,,3,0,0,0,0.0
124470,0,0.7260684829999999,44,0,1470.0,,5,0,0,0,0.0
124472,0,0.0,43,0,0.14732856,16900.0,5,0,2,0,2.0
124477,0,0.9999998999999999,25,0,241.0,,1,0,0,0,3.0
124479,0,0.033904116,69,0,0.53541709,4926.0,9,0,1,0,3.0
124481,0,0.096404709,47,0,0.01749514,3600.0,3,0,0,0,0.0
124486,0,0.619735915,50,1,0.10742038699999999,13125.0,7,0,0,0,2.0
124488,0,0.025693165,37,0,0.230708592,11416.0,14,0,3,0,1.0
124489,0,0.046846335,71,0,3014.0,,10,0,1,0,0.0
124491,0,0.9206206259999999,48,0,0.468593489,9583.0,13,0,2,0,5.0
124492,0,0.019419618,58,0,2843.0,,12,0,2,0,
124493,0,0.9999998999999999,43,0,0.0,3500.0,0,0,0,0,0.0
124494,0,0.138811254,33,1,527.0,,7,0,0,0,0.0
124495,0,0.9999998999999999,62,0,0.244159622,11000.0,11,0,2,0,2.0
124497,0,0.7458545670000001,66,0,0.891821636,5000.0,19,0,3,0,0.0
124498,0,0.24810949300000001,26,0,0.140857587,4500.0,4,0,0,0,0.0
124499,0,0.171344112,38,0,0.24995001,5000.0,5,0,1,0,0.0
124500,0,0.000122949,42,0,0.6386908029999999,5468.0,14,0,2,0,0.0
124502,1,0.996007984,51,0,14.0,,1,0,0,0,0.0
124503,0,0.146347967,38,0,0.027707505,8300.0,12,0,0,0,1.0
124505,0,0.511179785,43,1,0.065064916,6700.0,6,0,0,0,1.0
124508,0,0.356690904,60,1,0.419490634,4750.0,13,0,1,0,1.0
124509,0,0.094965992,79,0,0.298528782,7000.0,7,0,2,0,1.0
124510,0,0.220229648,32,0,3.807247735,3200.0,4,0,1,0,2.0
124511,0,0.788007571,65,0,0.38250428799999997,4663.0,9,0,1,0,1.0
124512,0,0.051193022000000005,63,0,0.015746063,4000.0,11,0,0,0,0.0
124513,0,0.20953488,56,0,0.257074293,10000.0,12,0,2,0,1.0
124514,0,0.167599814,50,1,3324.0,,10,0,1,0,2.0
124516,0,0.0,58,0,0.208159275,11250.0,5,0,1,0,0.0
124518,0,0.027624686000000002,60,0,0.28028399800000003,9154.0,11,0,1,0,1.0
124520,0,0.9999998999999999,61,0,0.16125,1599.0,1,0,0,0,1.0
124521,0,0.720249045,37,0,0.608956854,1830.0,18,0,0,0,3.0
124523,0,0.433919202,58,0,0.288847627,8616.0,4,0,1,0,2.0
124524,0,1.0091031190000002,52,0,202.0,,1,0,0,0,1.0
124525,0,0.43183553,40,0,477.0,,11,0,0,1,0.0
124526,0,0.8239202659999999,57,0,0.006357855999999999,1100.0,2,0,0,0,0.0
124527,0,0.17976384199999998,49,0,0.30924893,7708.0,22,0,1,1,1.0
124528,0,0.043145515999999995,47,0,164.0,,8,0,0,0,1.0
124529,0,0.101002765,37,0,0.092896903,30000.0,7,0,1,0,3.0
124530,0,0.0,27,0,0.009035173,3098.0,1,0,0,0,0.0
124532,0,0.952227323,35,2,0.234442338,5800.0,13,1,0,0,0.0
124533,0,13930.0,45,0,4902.0,,4,0,2,0,0.0
124534,0,0.314842124,34,4,0.661011815,3300.0,6,0,1,0,5.0
124536,0,0.019829235,50,0,0.179537522,4583.0,8,0,1,0,1.0
124537,0,0.35600797100000003,43,0,0.190098768,8200.0,10,0,0,0,3.0
124538,0,0.0,53,0,0.956521739,3334.0,12,0,2,0,1.0
124539,0,0.315578074,46,0,0.413468071,11775.0,12,0,1,0,4.0
124540,0,0.938200217,36,0,0.237511413,7666.0,9,0,2,0,3.0
124541,0,0.9999998999999999,27,0,0.04941699099999999,1800.0,4,0,0,0,1.0
124542,0,0.252318952,58,0,0.508832352,9000.0,19,0,2,0,4.0
124543,0,0.204625119,58,0,0.182761676,7900.0,15,0,1,0,0.0
124544,0,0.14025626900000002,57,1,0.661509315,6333.0,25,0,5,0,0.0
124545,0,0.227262458,59,1,0.7151385929999999,7034.0,34,0,2,0,1.0
124548,0,0.085853255,63,0,0.044243252000000004,5853.0,13,0,0,0,0.0
124550,0,0.088182764,60,0,0.339247599,7495.0,15,0,1,0,0.0
124551,0,0.148455061,63,0,0.303962153,13527.0,9,0,2,0,1.0
124552,0,0.073216431,54,0,0.243092141,9300.0,8,0,1,0,1.0
124553,0,0.03633093,59,0,0.384020212,6332.0,10,0,1,0,0.0
124554,0,0.9999998999999999,53,0,0.066977674,3000.0,2,0,0,0,3.0
124556,0,0.000698778,37,0,0.0,6439.0,4,0,0,0,0.0
124557,0,0.9999998999999999,66,0,0.057051452999999995,3750.0,1,0,0,0,1.0
124558,0,0.0,32,0,0.529134533,2333.0,5,0,0,1,0.0
124560,0,0.549776335,43,0,0.477002706,8500.0,7,0,2,0,2.0
124561,0,0.031399215,61,0,38.0,,2,0,0,0,0.0
124562,0,0.195400383,33,0,1106.0,,10,0,0,0,2.0
124563,0,0.273356355,48,0,0.232721818,8666.0,6,0,1,0,1.0
124565,0,0.127334615,33,0,0.29998500100000003,6666.0,9,0,1,0,2.0
124566,0,0.08967093,64,0,0.105983695,6500.0,6,0,0,0,0.0
124567,0,0.026814118999999997,24,0,0.001528585,3270.0,3,0,0,0,0.0
124568,0,0.10426041400000001,49,0,3508.0,,4,0,1,0,0.0
124569,0,0.255353113,38,0,0.32853429300000003,5000.0,11,0,1,0,1.0
124570,0,0.287165063,48,0,6636.0,,10,0,3,0,0.0
124573,0,0.0,58,0,704.0,,9,0,0,0,2.0
124575,0,0.135277914,39,0,1687.0,,6,0,1,0,0.0
124576,0,0.9999998999999999,25,1,0.170914543,2000.0,1,0,0,1,2.0
124577,0,0.058702332,51,0,0.824369348,2100.0,8,0,1,0,2.0
124579,0,0.040731976,45,0,1.1615084279999999,10500.0,9,0,3,0,1.0
124580,0,0.014008669,55,0,0.080268212,15360.0,5,0,1,0,1.0
124581,0,0.021699876,56,0,0.30016998300000003,10000.0,12,0,1,0,3.0
124582,0,0.005332978,89,0,2.0,,1,0,0,0,0.0
124583,1,0.143025381,35,0,1.292338458,8000.0,10,0,5,0,0.0
124585,0,0.000599983,37,0,0.502399774,7083.0,7,0,2,0,1.0
124586,0,0.0,68,0,0.0,,4,0,0,0,0.0
124587,0,0.763788075,61,0,0.343767625,14183.0,13,0,2,0,1.0
124589,0,0.031799091,83,0,0.009272266999999999,3558.0,5,0,0,0,0.0
124591,0,0.812413429,37,2,0.37285344600000003,4250.0,6,0,0,0,4.0
124592,0,0.461383726,53,0,3465.0,,8,0,1,0,1.0
124593,0,0.00959904,62,0,0.222524396,6250.0,6,0,1,0,2.0
124594,0,0.320776891,52,0,0.310669333,8500.0,7,0,1,0,0.0
124596,0,0.9999998999999999,35,0,0.298868256,9100.0,5,0,2,0,2.0
124598,0,0.138739907,61,0,0.6013498310000001,4444.0,10,0,2,0,0.0
124600,0,0.195844105,42,0,0.027091473999999997,65001.0,9,0,2,0,2.0
124601,0,0.19234728399999998,55,0,2579.0,,11,0,2,0,2.0
124602,0,0.34911599,41,0,0.146668369,7833.0,14,0,0,0,2.0
124603,0,0.210584855,57,1,0.291641245,9833.0,20,0,2,1,2.0
124604,0,0.001220448,72,0,925.0,,5,0,1,0,0.0
124606,0,0.014061424,51,0,2358.0,,6,0,2,0,0.0
124607,0,1.067197312,41,0,0.307390817,5357.0,8,0,1,0,2.0
124609,0,0.096523111,59,1,0.301118781,4200.0,9,0,1,0,1.0
124610,0,0.563884603,30,0,987.0,,9,0,0,0,1.0
124612,0,0.047045379000000005,71,0,0.069437138,1900.0,8,0,0,0,0.0
124613,0,0.418665329,53,0,0.388021825,7880.0,15,0,1,0,0.0
124614,0,0.10534473300000001,64,0,0.007096011,9300.0,2,0,0,0,1.0
124615,0,0.0,56,2,0.382423515,3333.0,6,0,1,0,2.0
124617,0,0.01843318,69,0,0.005588327,3220.0,3,0,0,0,1.0
124618,0,0.043413457999999995,70,0,0.085217659,6500.0,10,0,0,0,0.0
124621,0,0.673213507,31,0,0.38781003700000005,5200.0,5,0,1,0,2.0
124622,1,0.15115407,39,0,0.332695985,4706.0,7,0,0,0,0.0
124624,0,0.853409773,32,0,0.458362738,2833.0,3,0,1,0,0.0
124625,0,0.055574251,60,0,0.14575026900000002,15800.0,7,0,1,0,1.0
124627,0,0.082014688,49,0,0.23783110699999999,8833.0,14,0,2,0,1.0
124628,0,0.23884707800000002,65,0,0.275171982,6395.0,9,0,1,0,0.0
124629,0,1917.0,66,0,0.076786769,5078.0,7,0,0,0,0.0
124631,1,0.9999998999999999,28,0,0.262226362,2146.0,1,1,0,0,2.0
124632,0,0.13478985400000001,39,0,0.263976002,7333.0,9,0,1,0,0.0
124633,0,0.027168957,32,0,0.2443399,3400.0,9,0,0,0,0.0
124635,0,0.03601037,43,0,0.002556912,428250.0,13,0,1,0,1.0
124637,0,0.8980145690000001,55,0,0.49525079200000005,6000.0,5,0,2,0,0.0
124640,0,0.486753745,36,0,0.738037553,3301.0,13,0,1,0,1.0
124641,0,0.31928313199999997,60,0,0.120952735,5373.0,8,0,0,0,0.0
124645,0,0.070426559,54,0,0.339922745,4400.0,8,0,2,0,1.0
124646,0,0.044781130999999995,50,2,0.88740776,4200.0,15,0,2,0,3.0
124647,0,112.0,37,0,0.232450501,11666.0,2,0,1,0,4.0
124650,0,0.39019858,74,0,853.0,,11,0,0,0,0.0
124652,0,0.00041567199999999996,71,0,0.268846258,3700.0,8,0,1,0,0.0
124655,0,0.027276852,69,0,0.389467238,4898.0,13,0,1,0,0.0
124657,1,0.679753515,70,0,0.25490410399999996,18300.0,9,1,1,1,1.0
124658,0,0.050103906,57,0,0.491355968,4800.0,36,0,2,0,0.0
124662,0,0.768447234,68,0,3950.0,,11,0,2,0,1.0
124663,0,0.132317328,56,3,2011.0,,16,0,1,0,0.0
124665,0,0.737946575,60,0,0.617022918,12958.0,15,0,6,0,0.0
124666,0,0.283271754,57,0,0.49503654399999997,9166.0,21,0,2,0,0.0
124667,0,0.500761615,57,0,0.250480685,5720.0,6,0,1,0,0.0
124668,0,0.8944249670000001,45,2,0.36878702,3882.0,12,0,0,0,1.0
124671,0,0.07313241,27,0,0.173884077,1500.0,7,0,0,0,0.0
124672,0,0.087321964,38,0,0.25846301899999996,6232.0,8,0,1,0,2.0
124673,0,0.16394283,66,0,1110.0,,16,0,0,0,0.0
124674,0,0.555169116,48,1,0.6688534829999999,3200.0,7,0,2,0,2.0
124676,0,0.193259127,51,2,0.14158005699999998,13758.0,8,0,0,0,2.0
124678,0,0.055903164000000005,90,0,0.0039994290000000005,7000.0,8,0,0,0,0.0
124679,0,0.073270868,54,0,0.21977293399999998,12066.0,9,0,1,0,2.0
124680,0,0.352240705,48,0,1840.0,,5,0,1,0,0.0
124681,0,0.391839521,56,3,0.45412367,12500.0,13,0,3,0,2.0
124683,0,0.136050119,77,2,0.343635531,8735.0,13,0,4,0,1.0
124684,0,0.021200995,70,0,526.0,,12,0,0,0,0.0
124685,0,0.35047787399999997,52,0,0.477658905,3177.0,15,0,2,0,1.0
124687,0,0.10625658699999999,44,2,0.560383898,3750.0,10,0,2,0,3.0
124688,1,1.271445358,57,0,0.116605864,7400.0,8,1,0,2,0.0
124689,0,0.165041515,58,0,0.311875152,4100.0,18,0,1,0,1.0
124690,0,0.010792046000000001,73,0,0.0039005359999999996,2050.0,6,0,0,0,0.0
124692,0,0.036235705,64,0,0.09495569699999999,14332.0,5,0,1,0,0.0
124693,0,0.338386855,42,0,0.15734349,4200.0,8,0,0,0,0.0
124694,0,0.011518357,62,0,0.602159753,5833.0,25,0,1,0,0.0
124695,0,0.081486456,45,0,0.008220395,4500.0,7,0,0,0,0.0
124696,0,0.075522039,52,0,0.5063324539999999,3789.0,13,0,1,0,0.0
124697,0,0.486708871,43,0,0.252884414,9533.0,15,0,1,0,0.0
124698,0,0.18901622,49,0,0.268674274,8500.0,6,0,2,0,2.0
124699,0,0.8954009209999999,44,3,0.191137775,9500.0,16,0,0,0,3.0
124701,1,0.9999998999999999,39,0,0.597756896,3298.0,1,1,1,0,2.0
124702,1,0.9999998999999999,33,0,453.0,,1,2,0,1,0.0
124703,0,0.476198616,60,0,1.229872293,1800.0,8,0,1,0,0.0
124705,0,0.776274933,59,0,0.662109774,4900.0,11,0,1,0,0.0
124706,0,0.016033621,72,0,0.03645593,6500.0,8,0,0,0,0.0
124707,0,0.0,77,0,4.0,,5,0,0,0,0.0
124708,1,0.867555478,33,4,0.16420894800000002,4000.0,3,1,0,1,1.0
124709,0,0.011874753,55,0,0.0056647780000000005,3000.0,6,0,0,0,0.0
124712,0,0.737279887,73,0,0.23035392899999999,5000.0,7,1,1,0,0.0
124713,0,0.629725005,41,0,0.598084132,2400.0,8,0,0,0,0.0
124714,0,0.256335988,34,0,2422.0,,4,0,1,0,2.0
124717,0,0.394531585,41,1,0.419860047,3000.0,2,0,1,0,1.0
124718,0,0.371670089,31,1,0.13928690400000002,3000.0,3,0,0,0,0.0
124721,0,0.340303549,44,0,0.258015433,9200.0,10,0,1,0,3.0
124723,0,0.0,25,0,0.109284762,2250.0,3,0,0,0,0.0
124725,0,0.891717058,34,1,3023.0,,7,0,2,0,2.0
124726,0,0.373420019,61,0,0.420325203,3689.0,10,0,0,0,1.0
124727,0,0.712458335,51,0,0.605329629,7917.0,6,0,2,0,0.0
124728,0,0.0,42,0,0.08399646300000001,7916.0,3,0,0,0,0.0
124730,0,0.010766308,60,0,0.073314535,3900.0,6,0,0,0,0.0
124731,0,0.9999998999999999,34,98,0.0,,0,98,0,98,0.0
124735,1,0.83516989,39,1,0.69008972,14600.0,11,0,4,0,1.0
124736,0,0.056894041,64,0,2040.0,,3,0,1,0,2.0
124737,0,0.0,36,0,2830.0,,9,0,2,0,
124741,0,0.0,67,0,0.35386538100000003,5600.0,11,0,1,0,0.0
124742,0,0.084965632,69,0,0.070714416,5500.0,11,0,0,0,0.0
124744,0,0.32389032,34,0,0.330612245,5389.0,5,0,1,0,0.0
124745,0,0.079848423,59,0,0.270257215,8280.0,9,0,1,0,0.0
124746,0,0.113565189,44,0,0.423049729,4242.0,6,0,2,0,0.0
124749,0,0.0,41,0,0.266242617,2200.0,8,0,1,0,1.0
124750,0,0.483700466,48,0,0.407673861,1250.0,4,0,0,0,2.0
124752,0,0.032770644,43,0,1534.0,,6,0,1,0,0.0
124753,0,0.774522548,44,0,0.42375853799999996,10833.0,6,0,1,0,2.0
124755,0,0.10316739400000001,54,0,0.20679743,11827.0,18,0,1,0,2.0
124758,0,0.151623726,45,0,0.279783088,5900.0,7,0,2,0,2.0
124759,0,0.695581097,60,0,0.553206685,7000.0,13,0,2,0,2.0
124763,0,0.38771769,31,0,0.444321022,3600.0,5,0,1,0,2.0
124766,0,0.653423105,68,0,0.192972433,7000.0,5,0,0,0,0.0
124768,0,0.110149988,65,2,0.23835233,5000.0,10,0,1,0,1.0
124769,0,0.004866446,50,0,1660.0,,6,0,1,0,0.0
124770,0,0.9999998999999999,22,0,0.007308161,820.0,1,0,0,0,0.0
124771,0,0.9999998999999999,53,0,0.112651646,4038.0,2,3,0,0,0.0
124772,1,0.550898204,44,0,0.075291622,6600.0,5,1,0,1,1.0
124775,0,0.45606057,47,0,0.37916406700000005,8014.0,13,0,2,0,0.0
124776,0,0.062644842,65,0,8945.0,,11,0,4,0,0.0
124778,0,0.465914595,64,0,0.52278246,7000.0,13,0,2,0,0.0
124779,0,0.130082849,26,0,0.07803627,5458.0,5,0,0,0,0.0
124781,0,0.0,49,0,0.188679245,900.0,5,0,1,0,2.0
124782,0,0.025532482000000002,72,0,22.0,,9,0,0,0,0.0
124783,0,0.095425787,36,0,0.43325476799999996,9333.0,17,0,1,0,4.0
124784,0,0.40940555799999995,36,0,0.34581955200000003,13000.0,12,0,1,0,0.0
124786,0,0.071348433,49,0,0.22718288600000003,8600.0,5,0,1,0,0.0
124788,0,0.773409075,40,0,0.317706973,7657.0,14,1,0,0,0.0
124789,0,0.0,47,0,0.327136076,7583.0,5,0,1,0,2.0
124790,1,0.20010957399999998,60,1,0.540776896,4916.0,8,0,2,2,1.0
124791,0,0.015084195,53,0,1126.0,,13,0,1,0,0.0
124792,0,0.904923393,60,1,0.545371913,6600.0,14,0,1,0,0.0
124794,0,0.0,61,0,0.20701476800000002,3791.0,7,0,2,0,0.0
124795,0,0.715418972,51,1,0.5962030429999999,7426.0,8,0,2,0,0.0
124796,0,0.067802874,69,1,0.2892261,6589.0,9,0,2,0,0.0
124798,0,0.030356058999999998,39,0,0.13112057300000002,20667.0,5,0,2,0,2.0
124799,0,0.0,44,0,0.0,,4,0,0,0,1.0
124800,0,0.0,34,0,0.6040527929999999,7500.0,5,0,1,0,0.0
124801,0,0.14110889599999998,81,0,0.161354831,8000.0,13,0,0,0,0.0
124804,0,0.0645781,64,0,1282.0,,7,0,1,0,1.0
124806,0,0.0,59,0,0.0,3281.0,4,0,0,0,0.0
124808,0,0.081962822,58,0,137.0,,3,0,0,0,0.0
124812,0,0.9677229620000001,34,0,0.23667061600000003,3375.0,5,0,0,0,0.0
124813,0,0.032786348,52,0,0.550595952,12500.0,12,0,2,0,0.0
124814,0,0.0,74,0,36.0,,17,0,0,0,0.0
124815,0,0.9999998999999999,38,0,0.379775853,3925.0,3,0,1,0,1.0
124816,0,0.9999998999999999,48,0,0.0,0.0,1,2,0,0,3.0
124817,0,0.104219174,74,0,0.354536489,2027.0,7,0,1,0,0.0
124818,0,0.9999998999999999,23,0,0.242876526,736.0,1,0,0,0,0.0
124819,0,0.903319744,28,1,0.136099955,2240.0,8,0,0,1,0.0
124820,0,0.024495284,37,0,0.006295131,5400.0,5,0,0,0,0.0
124821,0,0.0,52,0,0.00139972,5000.0,1,0,0,0,0.0
124822,0,0.9999998999999999,71,0,0.690160364,5050.0,4,0,3,0,1.0
124824,0,0.032972084,74,0,0.705968833,3400.0,20,0,2,0,3.0
124825,0,0.288384812,68,0,0.680088864,3600.0,24,0,2,0,0.0
124827,0,0.033499163,83,0,0.001844116,26570.0,5,0,0,0,0.0
124830,0,0.0,48,0,0.032588144,8990.0,12,0,0,0,2.0
124831,1,0.0,38,4,0.47289486,6400.0,12,0,2,1,0.0
124832,0,0.016830528,32,0,0.47198373200000004,4425.0,5,0,1,0,1.0
124834,0,0.12329589,42,0,3409.0,0.0,7,0,2,0,3.0
124836,0,0.222908888,49,0,1454.0,,10,0,1,0,0.0
124838,0,0.005904481,73,0,584.0,,4,0,1,0,0.0
124840,0,0.9999998999999999,43,0,0.0,10278.0,2,0,0,0,1.0
124841,0,0.07646156900000001,31,0,0.008497876,4000.0,1,0,0,0,0.0
124842,0,0.07949556099999999,75,1,4202.0,,14,0,3,1,0.0
124843,0,0.023443526,60,0,0.48983924799999995,3296.0,11,0,0,0,0.0
124844,0,0.5094121770000001,38,0,2074.0,,8,0,1,0,0.0
124845,0,0.141727093,34,1,0.004041693,4700.0,5,1,0,0,1.0
124846,0,0.000138887,90,0,0.220694477,4290.0,13,0,1,0,0.0
124847,0,0.151942111,74,0,0.073982125,12083.0,22,0,0,0,0.0
124848,0,0.878297305,51,0,3088.0,,8,0,2,0,0.0
124849,0,0.37181409299999996,42,0,0.06703022,4400.0,5,0,0,0,1.0
124850,0,0.040488095,59,0,4001.0,,21,0,2,0,0.0
124851,0,0.650615552,32,1,0.121586476,3075.0,5,1,0,0,0.0
124852,0,0.0,59,0,0.353417995,3700.0,3,1,1,1,0.0
124854,0,0.401354338,55,0,0.727981179,6800.0,7,0,1,0,1.0
124857,0,0.9999998999999999,24,0,66.0,,0,0,0,0,
124858,0,0.030438282,73,0,0.117101035,2800.0,8,0,3,0,0.0
124859,0,0.28784876800000003,54,0,0.24143289399999998,12226.0,11,0,2,0,2.0
124860,0,0.9999998999999999,48,0,3281.0,,4,0,1,0,0.0
124861,0,0.061321794000000006,52,0,0.290456763,12500.0,13,0,1,0,3.0
124862,0,0.903548226,42,1,0.17026172,3476.0,4,0,1,0,0.0
124864,0,0.5696590429999999,58,0,0.265244918,3000.0,6,0,0,0,2.0
124865,0,0.05265364,80,0,0.28648957399999997,3500.0,6,0,2,0,0.0
124866,0,0.021175904,88,0,389.0,,4,0,0,0,0.0
124868,0,0.02781755,67,0,76.0,,7,0,0,0,1.0
124869,0,0.9999998999999999,38,0,0.048224143,9600.0,1,0,0,0,0.0
124870,0,0.009073514,40,0,0.323261497,4500.0,5,0,1,0,1.0
124871,0,0.220318645,45,0,0.303898927,7360.0,4,0,2,0,3.0
124872,0,0.311377246,28,0,0.002822865,1416.0,1,0,0,0,0.0
124874,0,0.017844803,64,0,12.0,0.0,5,0,0,0,1.0
124875,0,0.0,25,0,0.11886014199999999,2666.0,2,0,0,0,0.0
124876,0,0.9999998999999999,27,0,704.0,,3,0,1,0,0.0
124877,1,0.848982307,48,0,0.68098638,33333.0,21,0,7,0,3.0
124879,0,0.02838915,79,0,0.07396622,5150.0,14,0,1,0,0.0
124880,0,0.036526066,55,0,0.14900229,6113.0,7,0,0,0,2.0
124882,0,0.43780705200000003,43,0,0.281863055,7900.0,6,0,1,0,3.0
124883,0,0.65890659,60,3,0.650276438,8500.0,20,0,1,0,0.0
124886,0,0.0,39,0,2.665497076,854.0,6,0,1,0,3.0
124888,0,0.000245175,72,0,0.0,4860.0,4,0,0,0,0.0
124889,0,0.6222828979999999,56,0,0.572396001,3100.0,9,0,1,0,0.0
124890,0,0.025241088999999998,76,0,0.47721754,7000.0,10,0,3,0,1.0
124891,0,0.361076801,68,0,0.344889574,3893.0,6,0,1,0,0.0
124892,0,0.0,54,0,0.182844244,3100.0,2,0,1,0,0.0
124893,0,0.211266163,45,0,0.45577648299999995,5833.0,10,0,2,0,0.0
124894,0,0.062731242,61,0,0.196321893,8536.0,4,0,1,0,0.0
124895,0,0.081838363,66,0,0.47131584600000004,4688.0,6,0,2,0,0.0
124896,0,0.5113247639999999,75,0,1.168019988,1600.0,11,0,0,0,0.0
124900,0,0.555777689,26,0,1.321568627,764.0,4,0,0,0,0.0
124903,0,0.207558488,61,0,0.048115570999999996,17166.0,4,0,1,0,1.0
124904,0,0.001099448,46,0,0.000253485,3944.0,5,0,0,0,0.0
124907,0,0.9999998999999999,91,0,5.0,,5,0,0,0,0.0
124911,0,0.34488528,40,0,0.48352966799999997,9167.0,13,0,2,0,2.0
124913,0,0.20786980300000002,63,0,1961.0,,5,0,2,0,0.0
124914,0,0.11938806099999999,53,0,1.182847896,1235.0,5,0,0,0,2.0
124915,0,0.031132464,56,0,0.17301935699999998,5010.0,9,0,2,0,0.0
124916,0,0.009272723,56,0,0.065438223,4232.0,6,0,0,0,0.0
124917,0,0.0051396770000000005,60,0,0.26147234199999997,7212.0,8,0,1,0,2.0
124918,0,0.013282823000000001,70,1,0.198560288,5000.0,17,0,1,0,0.0
124919,0,0.150902826,43,0,87.0,1.0,7,0,0,0,0.0
124920,0,0.029871297999999998,45,0,0.39156084399999996,10000.0,15,0,1,0,0.0
124923,0,0.8668532590000001,31,0,389.0,,3,0,0,0,0.0
124924,0,0.08070812200000001,73,0,0.095613048,2666.0,9,0,0,0,1.0
124925,0,0.173294224,39,0,0.083174257,3666.0,5,0,0,0,1.0
124926,0,0.006795934,65,0,0.30757321600000004,7750.0,14,0,2,0,3.0
124928,0,0.068652335,71,0,0.189937107,4769.0,11,0,1,0,0.0
124929,0,0.053064118,47,0,0.28130448199999997,9750.0,8,0,2,0,3.0
124930,0,1.0777844429999999,40,3,0.183189655,2783.0,4,3,0,0,0.0
124931,0,0.12809264199999998,35,0,0.507295174,9800.0,9,0,2,0,0.0
124932,0,0.0,55,0,0.500749625,2000.0,4,0,1,0,0.0
124933,0,0.114478114,49,1,1.388222465,1833.0,17,0,2,0,0.0
124934,0,0.043498327,72,0,0.004744106,6955.0,2,0,0,0,0.0
124936,0,0.0,77,0,1276.0,,6,0,1,0,0.0
124937,0,0.48982463200000004,71,1,902.0,,5,0,0,0,0.0
124938,0,0.037588497,43,0,0.167287978,2145.0,6,0,0,0,0.0
124940,0,0.0302541,44,0,0.162422184,5300.0,10,0,0,0,2.0
124941,0,0.159968006,35,0,0.37054171,6700.0,5,0,1,0,2.0
124942,0,0.7224741309999999,47,1,0.377219645,6250.0,5,0,1,0,3.0
124944,0,0.00050238,38,0,0.173270089,3583.0,10,0,0,0,0.0
124946,0,0.12164639199999999,48,0,1262.0,,7,0,1,0,
124947,0,0.577422577,35,0,0.014995314,3200.0,5,0,0,0,0.0
124948,0,0.9854029190000001,50,0,0.335424052,11000.0,4,0,2,0,3.0
124949,0,0.029728007,45,0,0.06699330099999999,10000.0,7,0,0,0,2.0
124950,0,0.9960005,66,0,0.159568086,3333.0,8,0,0,0,0.0
124952,0,0.050485577000000004,69,0,0.062542488,1470.0,11,0,0,0,0.0
124953,0,0.0,91,0,0.0,,5,0,0,0,0.0
124954,0,0.9999998999999999,69,0,0.0,,1,1,0,0,0.0
124955,0,0.07058228400000001,40,0,0.45752235700000005,7603.0,8,0,2,0,5.0
124957,0,1.0379620379999999,47,1,0.340951293,7000.0,4,0,1,0,0.0
124958,0,0.0,57,0,0.173841308,6666.0,10,0,1,0,0.0
124960,0,0.042817524,55,0,0.21888919199999998,11000.0,8,0,2,0,1.0
124961,1,0.9999998999999999,44,0,0.064138842,5300.0,1,1,0,0,2.0
124962,0,0.002134998,62,0,4.0,,7,0,0,0,0.0
124963,0,0.056560732,56,0,0.555456808,5625.0,7,0,2,0,0.0
124964,0,0.014031805,89,0,0.006542526,1986.0,5,0,0,0,0.0
124966,0,0.188269197,66,0,0.48815997200000005,5700.0,16,0,1,0,0.0
124967,1,0.9999998999999999,29,0,0.0,,1,0,0,0,0.0
124968,0,0.012838802,33,0,0.0,3000.0,2,0,0,0,0.0
124969,0,0.9999998999999999,65,0,0.017485429,1200.0,6,0,0,0,0.0
124971,0,0.020153071,63,0,0.129971745,4600.0,5,0,0,0,0.0
124972,0,0.001674546,51,0,0.259767034,9700.0,12,0,2,0,3.0
124973,0,0.9350412640000001,58,1,0.677085727,4350.0,7,0,1,0,1.0
124974,0,0.03808909,70,0,0.484439445,8000.0,15,0,2,0,0.0
124975,0,0.12651383300000002,39,0,0.380490134,6283.0,8,0,1,0,3.0
124976,0,0.0,31,0,248.5,1.0,6,0,0,0,0.0
124977,0,0.6446222189999999,50,1,0.545717288,11417.0,10,0,2,0,1.0
124978,0,0.0,67,0,0.006914894,3759.0,8,0,0,0,0.0
124980,0,0.45234823,30,2,0.682632237,2400.0,10,0,1,0,0.0
124981,1,0.77108063,46,0,0.9054277829999999,5434.0,19,0,1,0,1.0
124982,0,0.514518401,47,0,0.340217125,12250.0,7,0,2,0,3.0
124984,0,0.0,79,0,0.0,,10,0,0,0,0.0
124988,0,1.0,51,1,0.015302999,4900.0,2,0,0,0,3.0
124989,0,0.5006692739999999,35,0,0.148280691,6426.0,3,0,0,0,1.0
124991,0,0.070963635,63,0,1198.0,,7,0,2,0,
124992,0,0.0,50,0,0.081260068,5586.0,2,0,0,0,2.0
124993,0,0.056621039000000005,60,0,2363.0,,19,0,2,0,0.0
124994,0,0.214755705,67,0,0.207265559,3550.0,10,0,1,0,0.0
124995,0,0.383512423,34,2,0.73046875,3583.0,12,0,2,0,0.0
124996,0,0.00658012,68,0,0.076659579,8465.0,8,0,0,0,0.0
124997,0,0.165527816,40,0,0.650385604,2333.0,3,0,1,0,2.0
124998,1,1.153692615,62,1,448.0,,2,1,0,0,0.0
125000,0,0.0030525509999999997,37,0,0.0018945370000000002,3166.0,12,0,0,0,0.0
125002,0,0.16936102100000003,60,1,168.0,,8,0,0,0,0.0
125006,1,0.7734407440000001,45,0,0.8070337809999999,2160.0,7,0,1,1,0.0
125008,0,0.29875419999999997,51,0,0.656467737,3300.0,16,0,2,0,1.0
125009,0,0.0,22,0,0.0,2745.0,2,0,0,0,0.0
125010,0,0.932854339,57,1,0.61277356,8955.0,8,0,2,0,2.0
125011,0,0.450167088,62,0,0.16892314100000003,4800.0,5,0,0,0,0.0
125012,0,2.183028286,58,0,64.0,,5,1,0,0,0.0
125013,0,0.9960053259999999,49,0,0.256916996,4300.0,2,2,1,1,0.0
125014,0,0.598016502,56,0,0.298650784,16453.0,21,0,1,0,3.0
125016,0,0.153776893,49,0,0.1486,4999.0,8,0,0,0,0.0
125017,0,1.159885796,47,0,0.075974675,3000.0,2,0,0,1,1.0
125019,0,0.307865379,50,1,0.724799663,4741.0,8,0,1,0,0.0
125020,0,0.103920021,56,0,0.059436275,3263.0,6,1,0,0,0.0
125021,0,0.244987751,50,0,0.130986901,10000.0,6,0,0,0,2.0
125023,0,0.002169974,44,0,0.000344768,5800.0,9,0,0,0,1.0
125025,0,0.147914083,63,0,0.734088637,3000.0,11,0,2,0,0.0
125027,0,0.104966516,67,0,0.34922186299999997,13300.0,8,0,3,0,1.0
125030,0,0.805690272,58,0,0.395140589,16750.0,20,0,2,0,0.0
125031,0,0.061211108,45,0,3514.0,,5,0,1,0,0.0
125035,0,0.841413978,46,1,0.48179971899999996,6400.0,11,0,2,1,2.0
125036,0,0.9056981009999999,44,0,0.48031817299999996,4902.0,2,0,1,0,1.0
125038,0,0.652959735,42,0,0.29217916,4308.0,5,0,2,0,1.0
125041,0,0.16778322199999998,72,1,0.379365503,3750.0,6,0,1,0,0.0
125042,0,0.945527236,39,0,1580.0,,9,0,1,0,2.0
125043,0,0.141185175,38,0,0.36848229200000004,13750.0,11,0,2,0,2.0
125044,0,0.9946256720000001,42,0,0.485641585,2750.0,7,0,1,0,2.0
125049,0,0.5517315420000001,51,0,0.41855488399999996,7943.0,10,0,1,0,0.0
125050,0,0.032983603,62,0,0.27241782800000003,9400.0,16,0,3,0,1.0
125051,0,0.014984986,66,0,15.0,,2,0,0,0,0.0
125055,0,0.275874935,40,0,110.0,,2,0,0,0,0.0
125056,0,0.012970687,80,0,6.0,,3,0,0,0,0.0
125057,1,0.23530943399999998,54,2,0.224577542,10000.0,12,0,1,0,0.0
125058,0,0.063349766,73,0,0.377206408,9800.0,13,0,2,0,0.0
125059,0,0.082399948,55,1,0.332228274,4222.0,7,0,1,0,0.0
125060,0,0.056243405,65,0,0.366407904,7084.0,13,0,1,0,0.0
125062,0,0.466121556,53,2,1.28143214,1200.0,14,0,1,0,1.0
125064,0,0.182946573,53,0,0.817295676,4000.0,13,0,2,0,1.0
125066,0,0.062763287,60,0,0.023966579,4547.0,6,0,0,0,0.0
125067,0,0.9323773190000001,34,2,0.333623693,4591.0,9,0,1,1,1.0
125068,0,0.0,59,0,0.063009001,4665.0,3,0,0,0,1.0
125069,0,0.9999998999999999,35,0,0.058336781,2416.0,0,0,0,0,0.0
125070,0,0.926549198,30,0,1.053981107,740.0,9,0,0,0,0.0
125071,0,0.9999998999999999,45,0,1253.0,,5,0,1,0,2.0
125073,0,0.8662476370000001,53,0,0.505066789,8683.0,15,0,2,0,0.0
125074,0,0.025997523999999998,27,2,0.116776645,5000.0,8,0,0,0,0.0
125075,0,1.0076040609999999,51,1,0.457203615,5642.0,9,0,1,0,0.0
125076,0,0.03533262,63,0,0.121203008,9974.0,7,0,1,0,1.0
125077,0,0.408433359,42,0,0.46807543700000004,4400.0,7,0,1,0,1.0
125079,0,0.07546156,38,1,0.036244433,8083.0,10,0,0,0,0.0
125080,0,0.286892429,30,0,0.387543253,2600.0,10,0,0,0,0.0
125081,0,0.328575974,29,0,0.10457516300000001,4130.0,10,0,0,0,0.0
125082,0,0.074634569,70,0,2761.0,,14,0,1,0,2.0
125085,0,0.046776954,49,0,0.009839213000000001,4166.0,3,0,0,0,3.0
125086,0,0.054483064000000005,69,0,76.0,,3,0,0,0,0.0
125089,0,0.0,53,0,0.445627719,6666.0,24,0,3,0,0.0
125090,1,0.146783481,61,0,0.045082712000000004,5500.0,11,0,0,0,0.0
125092,0,0.8766780829999999,55,0,0.489269389,12906.0,11,0,3,0,2.0
125093,0,0.001714216,62,0,0.21344575100000002,4506.0,9,0,1,0,1.0
125094,0,0.9999998999999999,44,0,988.0,,3,0,1,0,0.0
125095,0,0.091440723,58,0,107.0,,2,0,0,0,0.0
125097,0,0.302015685,33,0,0.33907622200000004,14916.0,8,0,2,0,1.0
125098,1,1.02866189,76,2,1867.0,,6,1,3,0,0.0
125099,0,0.9999998999999999,42,1,0.5484056310000001,3480.0,4,3,1,1,2.0
125103,0,0.008235009,58,0,0.468265867,2000.0,3,0,1,0,1.0
125105,0,0.112729635,52,0,666.0,0.0,12,0,0,1,0.0
125106,0,0.075533425,61,0,0.161002826,13800.0,5,0,1,0,2.0
125108,0,0.0,76,0,0.0,,4,0,0,0,0.0
125109,0,0.24114464800000002,45,0,0.264021888,5116.0,9,0,1,0,1.0
125111,0,0.5501777179999999,58,1,0.383287165,10829.0,12,0,2,0,2.0
125113,0,0.000166639,35,0,0.0,2666.0,1,0,0,0,0.0
125114,0,0.37117404,37,0,0.169255383,15000.0,23,0,1,0,2.0
125115,0,0.115037969,67,0,0.062081858,10163.0,11,0,1,0,0.0
125116,0,0.053639026,40,1,2775.0,,3,0,1,0,0.0
125117,0,0.0,38,0,803.0,,7,0,1,0,0.0
125118,0,0.021438855,71,0,16.0,,6,0,0,0,0.0
125119,0,0.97310958,55,2,0.30839654699999997,30583.0,21,0,2,0,2.0
125120,0,0.134671633,45,1,0.028832378,5583.0,2,0,0,0,2.0
125121,0,0.037780966,71,0,0.230968858,3467.0,8,0,0,0,0.0
125122,0,0.07087231,40,0,46.0,,3,0,0,0,0.0
125123,0,0.460153319,45,0,0.239376062,10000.0,8,0,1,0,2.0
125124,0,0.262862488,30,0,0.228489825,2800.0,6,0,0,0,0.0
125125,0,0.007582701,33,0,1138.0,,4,0,1,0,0.0
125126,0,1.3509700180000002,42,4,0.361006289,4769.0,10,0,0,2,0.0
125128,0,0.63048136,82,2,0.696868754,1500.0,6,0,1,0,0.0
125129,0,0.06524456299999999,88,0,0.011788826,1950.0,2,0,0,0,0.0
125130,0,0.049264177,55,0,0.417248367,4440.0,12,0,2,0,0.0
125131,0,0.161037557,59,0,730.0,,5,0,0,0,0.0
125132,0,0.0,63,0,0.300052206,7661.0,6,0,2,0,0.0
125134,0,0.30616177699999997,63,0,3669.0,,3,0,1,0,0.0
125135,0,0.457509237,30,0,0.08247149299999999,3770.0,3,0,0,0,0.0
125136,0,0.338418217,47,0,0.258904395,4800.0,12,0,1,0,0.0
125137,0,0.004260979,32,0,0.199005828,5833.0,5,0,1,0,0.0
125139,0,0.572500463,54,0,0.432730241,7350.0,9,0,1,0,1.0
125140,0,0.151651671,69,0,0.585103724,4000.0,7,0,1,0,1.0
125142,0,0.042367027,61,0,0.012780656000000001,2894.0,4,0,0,0,0.0
125143,1,0.214589891,75,0,657.0,,1,0,0,0,0.0
125144,0,0.547272408,67,0,0.38126445600000003,2593.0,6,0,1,0,0.0
125145,0,0.38930165899999997,44,0,0.304246384,6428.0,14,0,0,0,1.0
125146,0,0.0,28,0,0.24581005600000003,715.0,2,0,0,0,0.0
125147,0,4.79e-05,48,0,0.001152643,6072.0,15,0,0,0,0.0
125150,1,0.9999998999999999,44,0,0.24235153,5000.0,8,7,0,0,4.0
125151,0,0.471126444,50,0,1.137198622,3483.0,7,0,1,0,3.0
125152,0,0.146631137,66,0,0.275641026,4679.0,13,0,2,0,0.0
125153,0,0.002805122,40,0,4536.0,,6,0,3,0,0.0
125155,0,0.0019023929999999998,62,0,0.257164032,4047.0,5,0,1,0,0.0
125156,0,0.291762447,64,0,0.614395887,3500.0,18,0,1,0,0.0
125157,0,0.048900031,64,0,51.0,,7,0,0,0,0.0
125158,0,0.000584835,65,0,0.39086971,3000.0,16,0,1,0,0.0
125159,0,0.0072716130000000006,74,0,0.001749871,9714.0,11,0,0,0,0.0
125160,0,0.728627137,53,1,0.437757437,4369.0,6,0,1,0,4.0
125161,0,0.07489483,41,0,0.524895021,5000.0,10,0,1,0,2.0
125162,0,0.484183735,28,0,0.095123901,1250.0,2,1,0,1,0.0
125164,0,0.38338857299999995,62,0,0.525458248,5400.0,13,0,2,0,1.0
125165,0,0.131725562,80,0,0.214055448,1550.0,5,0,0,0,0.0
125166,0,0.086235823,29,0,0.039981826,2200.0,5,0,0,0,0.0
125167,1,0.445923461,42,1,0.37817396,1850.0,4,1,0,1,1.0
125168,0,0.013972056000000002,33,0,6.0,,1,0,0,0,
125170,0,0.00022623400000000002,46,0,2343.0,0.0,8,0,2,0,2.0
125171,0,0.9999998999999999,92,0,0.0,3065.0,6,0,0,0,0.0
125173,1,0.62396204,30,0,0.159283695,6365.0,4,0,0,0,3.0
125174,0,0.9999998999999999,31,0,0.0,6500.0,0,0,0,1,0.0
125175,0,0.038427908999999996,36,0,1172.0,,15,0,0,0,0.0
125176,0,0.321290465,30,1,0.512315271,3450.0,7,0,1,0,1.0
125177,0,0.038159389,52,0,70.0,,6,0,0,0,0.0
125178,0,0.068584811,62,0,0.050714286,1399.0,4,0,0,0,0.0
125179,0,0.02379224,74,0,0.023988006,2000.0,8,0,0,0,0.0
125181,0,0.29368963,52,1,8.439873418,315.0,7,0,2,0,2.0
125182,0,0.9999998999999999,45,0,0.347556411,9350.0,7,0,1,0,2.0
125183,0,0.019397098999999998,74,0,0.181325894,6093.0,7,0,1,0,0.0
125184,0,0.203315396,57,0,0.837432513,3333.0,11,0,2,0,0.0
125185,0,0.06902928900000001,43,0,0.216918768,8924.0,9,0,2,0,0.0
125187,0,0.868356582,46,0,0.099609561,10500.0,2,0,0,0,0.0
125188,0,0.071013703,36,0,0.097835498,1154.0,7,0,0,0,2.0
125189,0,0.258939485,67,0,0.614846288,4000.0,15,0,1,0,0.0
125191,0,0.002551088,84,0,0.00079968,2500.0,4,0,0,0,0.0
125192,0,0.40658768799999995,53,0,0.173823676,18000.0,14,0,0,0,2.0
125193,0,0.049895619,66,0,0.794743608,7000.0,12,0,3,0,2.0
125195,0,0.514484438,43,0,0.476400837,4300.0,9,0,0,0,3.0
125196,0,0.23486003,58,0,0.150093308,3750.0,10,0,0,0,0.0
125198,0,0.0,40,0,4593.0,,12,0,4,0,0.0
125199,1,0.013060343,59,0,0.582555859,20900.0,10,0,3,0,2.0
125201,0,0.868027407,38,0,1.00979804,5000.0,11,0,1,0,0.0
125202,0,0.17625199100000002,48,0,2066.0,,4,0,1,0,1.0
125203,0,0.044036545,53,0,0.249346254,6500.0,6,0,2,0,2.0
125204,0,0.978461974,51,0,0.5424422170000001,14666.0,14,0,2,0,3.0
125205,0,0.27728914,66,0,0.9461099209999999,2801.0,4,0,1,0,1.0
125206,0,0.038348083,60,0,23.0,,2,0,0,0,0.0
125208,0,1.053157807,33,4,0.145823719,6500.0,12,1,0,0,0.0
125209,0,0.710430633,27,0,0.35461604799999996,5794.0,8,0,1,0,0.0
125210,0,0.9999998999999999,44,0,0.39264581600000004,4731.0,4,0,1,0,0.0
125211,0,0.053661329,59,0,81.0,,9,0,0,0,
125212,0,0.829115901,40,0,0.58302583,1625.0,8,0,1,0,2.0
125213,1,0.979336089,38,0,0.7973120229999999,2752.0,7,0,1,1,2.0
125214,0,0.107563296,47,1,581.0,,4,0,0,1,0.0
125215,0,0.095140309,46,0,0.26670747899999997,9800.0,20,0,1,0,4.0
125216,0,0.08863537,64,0,2009.0,,19,0,1,0,0.0
125217,0,0.001346024,66,0,0.0,2150.0,2,0,0,0,1.0
125218,0,0.33736390899999996,35,0,0.262789535,6000.0,12,0,1,0,2.0
125219,0,0.24109555600000002,59,1,0.337134803,7803.0,5,0,2,0,0.0
125220,0,0.333104765,62,0,0.507337526,6200.0,17,0,1,0,0.0
125222,0,0.009341479,84,0,0.017463933,1316.0,14,0,0,0,1.0
125223,0,0.001849908,61,0,1980.0,,6,0,1,0,0.0
125224,0,0.053302432999999996,32,1,0.19222819300000002,2418.0,9,1,0,0,2.0
125228,0,0.27965459800000003,34,0,0.766116942,2000.0,5,0,1,0,0.0
125231,0,0.004463567,70,0,826.0,,33,0,0,0,0.0
125233,0,0.553432981,51,0,0.8062387520000001,5000.0,16,0,2,0,3.0
125234,0,0.023824025,59,0,0.025915853,6250.0,6,0,0,0,0.0
125235,0,0.032945929,54,0,0.008283348000000001,3500.0,9,0,0,0,0.0
125237,1,0.009229349,41,1,0.27184769,6407.0,6,5,1,3,2.0
125239,0,0.147790433,39,0,0.37187550399999997,6200.0,6,0,2,0,3.0
125240,0,0.237252291,55,0,0.546207685,7000.0,18,0,3,0,0.0
125241,0,0.12789046099999998,59,0,67.0,,2,0,0,0,0.0
125243,0,0.938169982,61,0,0.543135495,7800.0,7,0,2,0,0.0
125244,0,0.14956798599999999,61,0,0.216223936,3500.0,17,0,0,0,0.0
125246,0,0.023285298,79,0,0.006989341,5722.0,12,0,0,0,0.0
125247,0,0.015726317,59,0,0.645498165,7085.0,12,0,1,0,0.0
125248,0,0.194798295,58,0,1349.0,,30,0,0,0,1.0
125249,0,0.007549943000000001,55,0,0.1886487,10500.0,13,0,1,0,0.0
125250,0,0.112368891,61,0,0.288571429,20999.0,14,0,2,0,1.0
125251,0,0.028630072000000003,45,0,0.125099421,8800.0,3,0,1,0,3.0
125252,0,0.061853770999999995,54,0,984.0,,11,0,1,0,2.0
125253,0,0.047994929000000006,73,0,0.016227658,4251.0,5,0,0,0,0.0
125254,0,0.008022701,64,0,0.226259083,7981.0,12,0,2,0,0.0
125255,0,0.41685896899999997,58,0,0.7496849,3966.0,12,0,1,0,2.0
125256,0,0.9999998999999999,54,0,0.087728068,4000.0,1,0,0,0,0.0
125258,0,0.110875565,64,0,0.42799248799999995,10116.0,6,0,3,0,0.0
125259,0,0.535875564,65,0,0.47588103,4000.0,8,0,2,0,0.0
125260,0,0.614008126,57,0,0.23201486600000001,3766.0,6,0,0,0,2.0
125262,0,0.99969988,36,0,0.49431171799999996,8789.0,5,0,2,0,3.0
125263,0,0.9999998999999999,73,0,0.009153142,13000.0,1,3,0,0,0.0
125264,0,0.040385042,72,0,0.069937063,17000.0,11,0,0,0,0.0
125266,0,0.40162156,46,2,0.573149492,6889.0,8,0,2,0,2.0
125267,0,0.9999998999999999,66,0,0.10540597,4790.0,2,0,0,1,4.0
125269,0,0.291577656,28,0,0.289828023,7500.0,6,0,2,0,1.0
125271,0,0.0,67,0,0.36554496700000005,6715.0,9,0,1,0,1.0
125272,0,0.046691592000000004,32,0,1294.0,,8,0,1,0,0.0
125273,0,0.0,44,0,0.634773295,2800.0,6,0,2,0,1.0
125276,0,0.421263155,64,0,1842.0,,9,0,2,0,0.0
125277,0,0.9999998999999999,59,0,0.27238650600000003,2400.0,4,0,0,0,0.0
125278,0,0.228439033,56,0,0.24182015199999998,4614.0,8,0,0,0,0.0
125279,0,0.36273099700000005,35,0,0.464581663,3740.0,13,0,1,0,0.0
125281,0,0.0,42,0,0.164951485,3400.0,4,0,0,0,1.0
125282,0,0.9999998999999999,75,0,0.002980713,17109.0,2,0,0,0,0.0
125283,0,0.11453713800000001,71,0,0.078668121,40333.0,6,0,1,0,1.0
125284,1,0.51590416,73,0,0.888808403,2760.0,10,0,2,1,0.0
125285,0,0.268936553,46,0,0.362637363,8826.0,8,0,1,0,2.0
125286,0,0.065178242,63,0,173.0,,13,0,0,0,0.0
125288,0,0.049585534,68,0,0.12487288099999999,23599.0,7,0,1,0,1.0
125289,0,0.020940766,75,0,0.152082918,5016.0,14,0,1,0,0.0
125290,0,0.491644051,38,1,0.051549702999999995,6226.0,4,0,0,0,1.0
125291,0,0.047853352,78,0,0.03189681,10000.0,32,0,0,0,0.0
125292,1,0.24859227,50,0,1.172327857,10833.0,22,0,2,0,0.0
125293,0,0.666747868,62,1,0.359380152,3032.0,13,0,0,0,0.0
125294,0,0.9999998999999999,32,0,0.0,4100.0,0,0,0,0,1.0
125295,0,0.101045206,71,0,0.392256967,4700.0,7,0,1,0,0.0
125297,0,0.010279589,42,0,0.270160579,17000.0,14,0,3,0,1.0
125301,0,0.05218671,52,0,1.673590185,9291.0,27,0,13,0,3.0
125302,1,2.9253119119999997,55,3,1489.0,,5,7,0,1,0.0
125306,0,0.005367306,56,0,2921.0,,13,0,3,0,0.0
125307,0,0.6850828729999999,41,0,0.415044365,7550.0,6,0,2,0,0.0
125308,0,0.0017499129999999999,75,0,0.204819277,3070.0,3,0,1,0,2.0
125310,0,0.38380789,48,0,0.364572523,12526.0,13,0,2,0,1.0
125313,0,1.04598978,44,2,0.378406229,8733.0,14,1,1,0,0.0
125315,0,0.050376035,57,0,35.0,,4,0,0,0,
125317,0,0.56618387,56,0,0.28178042600000003,11075.0,10,0,1,0,0.0
125318,0,0.479828275,46,1,0.10310719300000001,9300.0,9,0,0,0,0.0
125319,0,0.298877819,42,0,0.03846688,7200.0,11,0,0,0,3.0
125320,0,0.27187516100000003,53,1,0.510943229,9000.0,10,0,2,0,4.0
125322,0,0.040267082,33,0,76.0,,6,0,0,0,0.0
125323,0,0.291414167,56,0,0.228958915,7520.0,9,0,2,0,0.0
125324,0,0.07250493599999999,42,0,2357.0,,10,0,1,0,3.0
125326,0,1.060347003,56,0,0.5354307979999999,6928.0,21,0,0,0,3.0
125328,0,0.163598303,42,0,2647.0,,11,0,2,0,1.0
125330,0,0.134294518,48,0,0.38504645299999996,6780.0,6,0,1,0,0.0
125332,0,0.9558569920000001,53,0,0.46214064899999996,15200.0,20,0,2,1,1.0
125333,1,0.320118336,39,0,0.659160939,4218.0,10,0,2,0,0.0
125334,0,0.702426202,43,1,0.190641958,9766.0,5,0,1,0,2.0
125335,0,0.022649434,80,0,0.005817711999999999,4640.0,3,0,0,0,0.0
125336,0,0.21544126600000002,49,0,0.190800836,11000.0,6,0,1,0,4.0
125337,0,0.015557122,75,0,0.397586021,5550.0,6,0,1,0,0.0
125338,0,0.512498311,24,0,0.21933267899999997,2037.0,6,0,0,0,0.0
125339,0,0.130116045,32,0,0.106549815,2167.0,4,0,0,0,0.0
125342,0,0.310324696,43,0,0.40417106700000005,11363.0,13,0,3,0,4.0
125343,0,0.064616479,54,0,1611.0,,11,0,1,1,0.0
125344,0,0.029395002000000003,64,0,0.008498584,6000.0,11,0,0,0,1.0
125345,0,0.128632169,59,0,0.049662528,12000.0,11,0,0,0,2.0
125346,0,0.705168606,40,0,0.339288095,7500.0,7,0,1,0,0.0
125348,0,0.424341023,48,1,0.344889115,7845.0,13,0,2,0,0.0
125349,0,0.49039212600000004,29,4,0.292019347,3307.0,9,0,0,0,2.0
125350,0,0.436392436,35,0,0.269064748,6949.0,11,0,0,1,1.0
125353,0,0.24931326199999998,54,2,0.306207827,7409.0,6,0,1,1,0.0
125354,0,0.017310387,70,0,0.08876346800000001,3897.0,10,0,0,0,0.0
125355,0,0.047001271,39,0,0.562479174,3000.0,9,0,1,0,0.0
125356,0,0.318057998,33,0,2679.0,,7,0,1,0,0.0
125359,0,0.776684962,47,3,1.1371354740000001,5417.0,20,0,4,0,3.0
125360,0,0.19357376699999998,29,0,0.6840261190000001,6278.0,14,0,2,0,0.0
125361,0,0.284508505,45,2,0.26826946,4200.0,7,0,0,0,0.0
125362,0,0.04215105,55,0,0.264859228,12466.0,13,0,2,0,3.0
125365,0,0.019169388,62,1,0.005713197,5250.0,12,0,0,0,0.0
125366,0,0.17366053899999997,39,0,1893.0,,3,0,1,0,2.0
125367,0,0.009172203,67,0,0.254463223,4200.0,8,0,1,0,0.0
125368,0,0.06651691900000001,59,0,0.24426934100000003,5583.0,5,0,2,0,0.0
125370,0,0.955594765,39,5,0.347380598,6050.0,6,0,1,0,1.0
125371,0,0.21523504899999998,41,0,0.165489163,8350.0,11,0,1,0,0.0
125373,0,0.396951128,56,0,0.245596731,14193.0,15,0,2,0,0.0
125375,0,0.929535232,62,0,0.318636023,8005.0,10,0,1,0,0.0
125376,0,0.078590308,72,0,0.007580175,1714.0,8,0,0,0,0.0
125381,0,0.9999998999999999,31,0,0.0,,0,0,0,0,0.0
125382,0,0.9999998999999999,48,98,0.0,4000.0,0,98,0,98,1.0
125383,0,0.068183982,25,0,0.136411059,3833.0,6,0,0,0,0.0
125385,0,0.9999998999999999,40,0,0.237924587,6417.0,2,0,1,0,1.0
125386,0,0.035488412999999996,52,0,1069.0,,10,0,1,0,1.0
125387,0,0.0,50,0,0.287443754,9333.0,13,0,2,0,2.0
125388,0,0.965501917,42,0,0.372192245,7968.0,5,0,2,0,0.0
125389,0,0.122356221,72,0,0.341265449,5420.0,9,0,2,0,1.0
125390,0,0.896781354,28,0,519.0,,2,0,0,0,0.0
125391,0,0.31171288,31,0,0.262847966,1867.0,13,0,0,0,1.0
125392,0,0.0017405570000000002,60,0,1112.0,,12,0,2,0,0.0
125393,0,0.428034178,67,0,0.34021125,4070.0,7,0,0,0,0.0
125396,0,0.13787767,51,0,0.32163093,9000.0,6,0,2,0,1.0
125398,0,0.0132954,34,0,0.17441675899999998,6300.0,7,0,0,0,1.0
125400,0,0.288213073,54,0,0.320421821,4930.0,8,0,1,0,0.0
125401,0,0.063815816,59,0,0.13967437900000002,3500.0,9,0,0,0,1.0
125403,0,0.114392374,39,0,0.10771748,7333.0,5,0,1,0,0.0
125404,1,0.22638947199999998,46,2,0.362688379,14000.0,19,0,2,0,2.0
125405,0,0.549177169,66,0,0.6184646770000001,3920.0,8,0,1,0,0.0
125407,0,0.00814578,51,0,1395.0,,12,0,2,0,0.0
125408,0,0.18874126100000002,61,0,0.46992168,6000.0,14,0,2,0,0.0
125409,0,0.00044998900000000003,91,0,0.00037869199999999997,7921.0,7,0,0,0,0.0
125410,0,0.083436758,50,0,69.0,,2,0,0,0,0.0
125411,0,0.39283766600000003,30,0,0.259484067,1976.0,4,0,0,0,0.0
125412,0,0.16375362300000001,56,1,4126.0,,14,0,2,0,0.0
125413,0,0.0,56,0,0.0,0.0,1,0,0,0,1.0
125414,0,0.102074569,49,0,0.349365036,3700.0,13,0,1,0,2.0
125415,0,0.446919616,64,0,0.087729816,5003.0,7,0,0,0,0.0
125417,0,0.18283181,49,0,0.8436473859999999,3958.0,20,0,3,0,1.0
125418,0,0.064080259,46,0,0.40009250700000004,10809.0,5,0,2,0,1.0
125419,0,0.795778283,41,0,0.685469475,2800.0,4,0,0,0,0.0
125420,0,0.008123985,39,0,1.0,,2,0,0,0,0.0
125421,0,0.483412729,34,0,0.38290754299999996,6575.0,9,0,2,0,0.0
125422,0,0.18888729199999998,65,0,2328.0,,10,0,1,0,0.0
125423,0,0.116406075,39,0,0.361840975,5822.0,11,0,2,0,1.0
125424,0,0.044477761,36,0,2.0,,1,0,0,0,0.0
125426,0,0.047289702999999995,54,0,0.158571745,9017.0,10,0,1,0,0.0
125428,0,0.000938945,70,0,0.0,1906.0,5,0,0,0,0.0
125430,0,0.16911042199999998,26,0,0.157168566,5000.0,11,0,0,0,0.0
125431,0,0.22097726399999998,62,0,0.059536172000000005,26000.0,8,0,0,0,0.0
125432,0,0.000740713,51,0,0.518366189,7050.0,11,0,3,0,0.0
125433,0,0.7023531759999999,28,0,0.526745542,6000.0,6,0,1,0,1.0
125434,0,0.057159445999999996,91,0,0.008831861,6000.0,3,0,0,0,0.0
125435,0,0.9999998999999999,57,1,0.089468975,19000.0,3,2,2,0,0.0
125436,0,0.16358949,60,0,931.0,,8,0,2,0,0.0
125437,0,0.6907042040000001,46,1,0.112613819,7467.0,4,3,0,0,2.0
125438,0,0.107761679,70,0,0.290245837,11348.0,26,0,2,0,0.0
125439,0,0.102314751,28,1,0.08535178800000001,2600.0,3,0,0,0,0.0
125440,0,0.06137966,53,0,0.46982929700000003,10075.0,10,0,2,0,1.0
125441,0,0.917316935,57,0,0.597760896,2500.0,6,0,1,0,0.0
125442,0,0.065186963,39,0,0.40942632700000003,4200.0,4,0,1,0,0.0
125443,0,0.052312988,45,0,0.090988626,8000.0,6,0,0,0,2.0
125444,0,0.062492188,31,0,0.25303845399999997,10037.0,13,0,2,0,2.0
125445,0,0.0,78,0,0.001142748,10500.0,1,0,0,0,0.0
125446,0,0.0,38,1,0.0,,3,0,0,0,0.0
125450,0,0.102286041,54,0,0.120155194,25000.0,7,0,2,0,0.0
125451,0,0.007426360999999999,55,0,0.5908073420000001,6700.0,9,0,3,0,0.0
125453,0,0.9999998999999999,58,0,443.0,,1,0,0,0,1.0
125454,0,0.016725859,43,0,0.483955167,6512.0,9,0,3,0,2.0
125456,0,0.666498334,58,0,0.186928702,4375.0,6,0,0,0,0.0
125457,0,0.0,42,0,0.181298921,4726.0,5,0,2,0,3.0
125458,0,0.687364767,42,0,0.772041447,5500.0,6,0,1,0,2.0
125459,0,0.199732383,66,0,0.319950777,6500.0,10,0,1,0,0.0
125460,0,0.9999998999999999,29,0,0.065894115,4400.0,1,0,0,0,4.0
125461,0,0.133404732,64,1,0.466796875,3583.0,11,0,1,0,0.0
125462,0,0.0,68,0,0.072363421,11842.0,4,0,1,0,1.0
125463,0,0.856797082,66,0,4531.0,,11,0,1,0,
125464,0,0.008197396,52,0,1100.5,1.0,9,0,1,0,2.0
125465,0,0.028568282,71,0,0.017426082,7000.0,12,0,0,0,0.0
125466,0,0.605570515,46,2,0.36944510399999997,29500.0,22,0,4,0,4.0
125467,1,0.42538805799999996,30,0,0.207597468,3000.0,5,0,0,0,0.0
125468,0,0.9999998999999999,44,0,0.0,1.0,1,0,0,0,2.0
125471,0,0.032535903,80,0,3275.0,,4,0,1,0,0.0
125473,0,0.370848936,24,0,0.681233933,3500.0,9,0,1,0,0.0
125474,0,0.246318843,56,0,0.21252621800000002,20500.0,6,0,1,0,1.0
125475,0,0.003941548,60,0,6.961887477,550.0,16,0,2,0,0.0
125476,0,0.280914756,59,0,0.556073174,8800.0,10,0,2,0,1.0
125477,0,0.683663267,68,1,0.645,2199.0,7,0,1,0,0.0
125478,0,0.004114719,71,0,0.07934730400000001,6250.0,25,0,1,0,0.0
125479,1,0.337831084,26,0,0.17553469,3833.0,7,0,0,0,0.0
125480,0,0.004738946,50,0,0.23345313,26711.0,18,0,2,0,1.0
125481,0,0.021698915,48,0,0.33308727,12191.0,7,0,1,0,3.0
125482,0,0.0,42,0,0.218148425,14700.0,3,0,1,0,2.0
125486,0,0.22501915,37,0,0.45357879700000003,6300.0,19,0,1,0,1.0
125487,0,0.10630308599999999,53,0,0.6222126929999999,4663.0,7,0,2,0,0.0
125488,0,0.169152571,61,0,2149.0,,8,0,1,0,0.0
125489,0,0.9999998999999999,63,0,0.219365895,1166.0,2,1,0,0,1.0
125490,0,0.049792910999999995,36,1,0.296540692,5000.0,11,0,1,0,0.0
125494,0,0.23165122300000002,41,0,0.416801816,3082.0,8,0,1,0,2.0
125495,0,0.03006523,39,0,0.6342281879999999,9833.0,9,0,3,0,2.0
125496,0,0.044776119,57,0,0.102052059,7260.0,10,0,1,0,0.0
125497,0,0.004930228,61,1,0.546092653,4273.0,10,0,2,0,0.0
125500,0,0.020545916,80,2,0.012570231000000001,10500.0,42,0,0,0,0.0
125502,0,0.9999998999999999,24,1,0.111056269,2025.0,0,0,0,0,0.0
125504,0,0.042842297,57,0,64.0,,3,0,0,0,0.0
125505,0,0.40972678100000004,34,0,588.0,,3,0,0,0,
125507,0,0.9999998999999999,37,0,0.335209003,4975.0,4,0,1,0,1.0
125508,0,0.054335514,70,0,0.195426195,2404.0,13,0,0,0,0.0
125509,0,0.016275211,65,0,0.056033507,8833.0,10,0,0,0,0.0
125510,0,0.158795586,57,0,1587.0,,6,0,1,0,
125511,0,0.969799338,55,0,0.293290441,10879.0,3,0,1,0,1.0
125512,0,0.0,47,1,0.0,1600.0,6,0,0,0,0.0
125513,0,0.099997222,55,0,0.920024992,3200.0,12,0,2,0,1.0
125514,0,0.7986667609999999,46,1,5041.0,,6,0,2,0,2.0
125515,1,0.944111776,33,2,0.205128205,6200.0,4,1,0,1,0.0
125516,0,0.9999998999999999,96,0,0.0,,1,0,0,0,
125521,0,0.047116798,34,0,0.284432573,14600.0,6,0,2,0,0.0
125522,0,1.4307846080000002,24,0,0.49708576200000004,1200.0,2,4,0,1,1.0
125523,0,0.568481831,56,0,0.330990744,5833.0,9,0,1,0,0.0
125525,0,0.01360778,85,0,0.14752116099999998,1653.0,4,0,0,0,0.0
125526,0,0.014532791000000001,57,0,0.008212749,2556.0,3,0,0,0,0.0
125527,0,0.025435095,61,0,0.034389252,8112.0,14,0,0,0,1.0
125530,0,0.0,63,0,0.2904375,15999.0,24,0,2,0,0.0
125531,0,0.030360714,63,0,37.0,,6,0,0,0,
125532,0,0.25547022199999997,25,1,0.34607218700000003,1883.0,3,0,0,0,0.0
125533,0,0.00656571,52,0,0.276551653,9650.0,8,0,2,0,2.0
125536,0,0.29014197199999997,27,0,246.0,,3,0,0,0,1.0
125537,0,0.09183425099999999,53,0,0.13590939400000002,1500.0,11,0,0,0,0.0
125538,0,0.160859934,40,0,0.500187477,8000.0,19,0,1,0,2.0
125539,1,0.13989637300000002,29,2,0.574371403,3300.0,8,0,1,0,1.0
125540,0,0.18627094600000002,57,0,0.38081603399999997,8381.0,11,0,1,0,1.0
125541,0,0.003286582,55,0,0.273372663,10000.0,14,0,1,0,0.0
125542,0,0.9999998999999999,83,0,0.0,,1,0,0,0,0.0
125544,0,0.0,51,0,0.102852384,4802.0,10,0,1,0,0.0
125545,0,0.0,69,0,35.0,,6,0,0,0,0.0
125546,0,0.0,41,0,0.44925816,3369.0,7,0,1,0,0.0
125547,0,0.070418592,56,0,3424.0,,6,0,2,0,0.0
125548,0,0.092161859,45,0,0.240215801,10935.0,12,0,1,0,0.0
125549,0,0.9999998999999999,30,1,0.072891469,6200.0,3,2,0,2,0.0
125551,0,0.635759655,65,1,0.613817135,13200.0,12,0,2,1,2.0
125553,0,0.36655890399999996,67,0,0.524835989,3200.0,6,0,2,0,0.0
125556,0,0.01210543,63,0,0.007037981,8240.0,13,0,0,0,0.0
125557,0,0.43235742299999996,52,0,878.0,,21,0,0,0,0.0
125558,0,0.421789105,26,0,0.045189810999999996,14250.0,3,0,0,0,1.0
125559,0,0.0009027460000000001,67,0,97.0,,3,0,0,0,0.0
125560,1,0.269049456,45,0,1122.0,,4,1,0,0,0.0
125561,0,0.00576061,62,0,24.0,0.0,12,0,0,0,0.0
125562,0,0.761374188,57,0,0.5327737810000001,5003.0,9,0,1,0,0.0
125564,0,0.0,29,0,0.0,0.0,1,0,0,0,0.0
125565,1,0.021139837,62,2,226.0,,5,2,0,1,0.0
125566,0,0.01786856,55,0,0.35652049700000005,7000.0,16,0,2,0,2.0
125568,0,0.051504269000000005,64,0,0.494440948,4766.0,10,0,1,0,0.0
125569,0,0.575103037,56,0,0.7287855109999999,10876.0,12,0,3,0,3.0
125570,0,0.9999998999999999,33,1,0.268209083,3500.0,4,0,0,1,0.0
125572,0,0.029276965,64,0,1401.0,,3,0,1,0,0.0
125573,0,0.987275041,39,0,2477.0,,6,0,2,0,3.0
125574,0,0.061439003,55,0,0.19915619899999998,10428.0,7,0,1,0,0.0
125575,0,0.0,38,0,0.626580227,3084.0,4,0,1,0,3.0
125576,0,0.9999998999999999,37,0,0.271236665,5061.0,4,0,0,1,0.0
125577,0,0.268907442,69,0,0.597126796,1600.0,11,0,1,0,0.0
125578,0,0.43002150899999997,47,0,0.43700466600000004,13500.0,11,0,2,0,0.0
125579,0,0.905866818,37,0,0.310137972,5000.0,4,0,1,0,1.0
125582,0,0.007358897,60,0,0.35995978100000003,8950.0,28,0,3,0,2.0
125584,0,0.9999352159999999,64,0,0.45308107299999995,13160.0,14,0,2,0,1.0
125585,0,0.0,27,0,0.0,,1,0,0,0,0.0
125586,0,0.9999998999999999,65,2,0.208953241,7527.0,3,2,1,1,1.0
125589,0,0.620277564,52,0,0.07968489599999999,6600.0,3,0,0,0,4.0
125590,0,0.0,62,3,0.032341051,2720.0,7,1,0,2,1.0
125591,0,0.9999998999999999,25,0,0.093209055,750.0,0,0,0,0,0.0
125593,0,0.9999998999999999,49,0,0.249898382,12300.0,5,0,2,0,3.0
125594,0,0.002544349,82,0,0.088562994,10500.0,7,0,0,0,0.0
125595,0,0.71069422,37,0,0.155645369,23257.0,4,0,1,0,0.0
125597,0,0.00236725,87,0,0.000195046,5126.0,4,0,0,0,0.0
125599,0,0.04741839900000001,78,0,80.0,,6,0,0,0,0.0
125600,0,0.251985392,54,2,3.2399200269999997,3000.0,14,1,0,1,2.0
125601,1,0.9999998999999999,71,0,0.0,7300.0,0,0,0,0,0.0
125602,0,0.540101023,45,0,0.337779472,7871.0,13,0,1,0,4.0
125604,0,0.08121847,46,0,1323.0,,12,0,1,0,0.0
125605,0,0.0,66,0,0.592534992,4500.0,8,0,2,0,0.0
125606,0,0.065061425,57,0,0.248983051,5899.0,10,0,1,0,2.0
125607,0,0.298544215,59,0,0.322024942,9461.0,12,0,1,0,0.0
125608,0,0.183101815,67,0,0.29322548,4944.0,6,0,2,0,0.0
125609,0,0.138442755,62,0,0.54741533,5609.0,13,0,3,0,0.0
125610,0,0.05778606,59,0,0.442583086,3700.0,12,0,2,0,0.0
125612,0,0.0,31,0,0.051438729,9000.0,3,0,0,0,0.0
125613,0,0.42306130200000003,35,1,0.800220143,5450.0,13,0,1,0,2.0
125616,0,0.010071712,71,0,2.768892443,2500.0,25,0,3,0,0.0
125617,0,0.128066021,43,0,0.12032531199999999,15000.0,4,0,1,0,2.0
125618,0,0.726058317,60,0,0.584094684,4815.0,13,0,0,0,0.0
125620,0,0.051319118,39,1,0.19888029899999998,3750.0,7,0,0,0,1.0
125621,0,0.569385765,36,0,1.059581782,3490.0,8,0,1,0,1.0
125622,0,0.109351183,84,1,0.187362527,5000.0,14,0,0,0,0.0
125624,0,0.7409154370000001,55,1,1390.0,,4,0,1,0,0.0
125625,0,0.0,34,0,413.0,0.0,3,0,0,0,1.0
125626,0,0.437771209,53,0,0.44850034899999996,4300.0,8,0,2,0,1.0
125629,0,1.0345615540000002,25,0,0.043478261,2506.0,3,0,0,0,0.0
125630,0,0.9777070059999999,41,1,0.294676331,4000.0,6,1,1,0,2.0
125632,0,0.447701015,65,0,0.474456449,7496.0,12,0,3,0,0.0
125633,0,0.22521485600000002,81,0,0.148388129,12500.0,15,0,1,0,0.0
125634,0,0.027520947,61,0,0.17131063,10658.0,10,0,1,0,0.0
125635,0,0.521146184,53,0,0.41378848700000004,7469.0,9,0,2,0,2.0
125638,0,0.41244151700000004,41,0,0.766310795,5900.0,12,0,3,0,0.0
125640,0,0.805274341,34,0,0.584471843,3000.0,7,0,0,0,0.0
125641,0,0.004940885999999999,59,0,1872.0,,8,0,2,0,
125642,0,0.061301173,64,0,62.0,,8,0,0,0,0.0
125643,0,0.0,61,0,0.6226329620000001,11036.0,9,0,2,0,0.0
125644,0,0.15047492099999998,44,0,0.629165556,3750.0,7,0,1,0,0.0
125647,0,0.57154663,43,5,0.7448689609999999,9500.0,8,1,2,0,0.0
125648,0,0.49567227,60,0,0.849292057,4166.0,6,0,1,1,1.0
125649,0,0.065739815,42,0,0.011502783,5389.0,3,0,0,0,0.0
125650,0,0.0,63,2,310.0,0.0,7,0,0,0,0.0
125651,0,0.023316667000000003,60,0,624.0,,5,0,1,0,0.0
125655,0,0.12439218699999999,31,0,2634.0,,10,0,1,0,0.0
125656,0,817.0,75,0,25.0,,6,0,0,0,0.0
125657,0,0.6318429879999999,41,0,1904.0,,11,0,2,0,0.0
125659,0,0.050523499000000006,61,0,0.47340673,6448.0,10,0,2,0,3.0
125660,1,0.833383368,44,0,0.162730564,5800.0,4,0,0,2,4.0
125663,0,0.9804852070000001,52,0,0.180487805,5534.0,9,0,0,0,0.0
125664,0,0.0,37,0,1.202797203,1000.0,10,0,1,0,2.0
125665,0,0.0072661819999999995,48,0,0.103284672,8219.0,5,0,1,0,0.0
125666,0,0.030522946000000002,77,0,26.0,,8,0,0,0,0.0
125667,0,0.018723793,57,0,0.146106737,8000.0,11,0,1,0,0.0
125668,0,0.0,54,1,0.069992136,8900.0,9,0,0,0,0.0
125670,1,0.159980306,51,0,0.178535718,9000.0,8,0,0,1,0.0
125671,0,0.0,69,0,0.434260957,6000.0,9,0,1,0,0.0
125672,1,1.714285714,66,0,0.246854182,2701.0,1,0,0,0,0.0
125674,0,0.653258338,34,0,0.275583056,2100.0,6,0,0,0,0.0
125675,0,1.136395453,64,1,1.748148656,14583.0,13,0,4,0,1.0
125676,0,0.174775879,57,1,0.8850383209999999,3000.0,10,0,1,0,2.0
125677,0,0.0,52,0,0.41443006,6333.0,4,0,1,0,1.0
125678,1,0.94159901,58,1,0.83413716,8500.0,10,0,1,0,0.0
125679,0,0.026872201000000002,83,0,0.117396358,2580.0,3,0,0,0,0.0
125680,0,0.047413353,75,0,744.0,,11,0,0,0,0.0
125681,0,0.581502434,25,0,652.0,,5,0,0,0,0.0
125684,0,0.027762888,64,0,0.49550150000000004,3000.0,11,0,2,0,0.0
125685,0,0.0,49,0,1855.0,,4,0,1,0,
125686,0,0.9999998999999999,55,0,0.0,2600.0,0,0,0,0,1.0
125687,0,0.0012907819999999999,57,0,0.162730039,6900.0,14,0,1,0,0.0
125688,0,0.01458501,71,0,0.0037085509999999996,4583.0,9,0,0,0,0.0
125690,1,0.7714748779999999,27,2,0.077538325,4500.0,5,0,0,0,2.0
125692,0,0.075781817,74,0,0.25624716,2200.0,10,0,0,0,0.0
125695,0,0.041998575999999996,63,0,0.011558888,3200.0,3,0,0,0,0.0
125696,0,0.001272694,46,0,0.280539367,8750.0,6,0,1,0,0.0
125699,0,0.432494648,50,0,0.36642206299999996,12400.0,11,0,1,0,1.0
125700,0,0.9999998999999999,62,0,0.0,,0,0,0,0,
125705,0,0.032415217,79,0,354.0,,11,0,0,0,
125706,0,0.00015049899999999998,32,0,0.29306671,6100.0,12,0,1,0,1.0
125708,0,0.9992500940000001,35,0,0.17445873899999997,3186.0,3,0,0,1,1.0
125709,0,0.0,50,0,0.395892755,5258.0,16,0,0,0,2.0
125710,0,0.036264249,44,0,0.580302063,4700.0,7,0,2,0,3.0
125712,1,0.403924978,52,1,2863.0,,10,4,1,5,0.0
125713,0,0.102494875,36,0,1759.0,,5,0,1,0,0.0
125714,0,0.9999998999999999,24,0,0.135895033,3200.0,1,0,0,0,0.0
125715,0,0.9640985479999999,44,0,0.593731975,5200.0,6,0,1,0,3.0
125716,0,0.5562231470000001,47,0,0.574136258,13400.0,18,0,2,0,2.0
125717,0,0.770880728,42,0,3830.0,,8,0,2,0,2.0
125719,0,0.087607619,45,0,0.374099047,4300.0,8,0,1,0,2.0
125720,0,0.865097252,52,0,1.125036348,10316.0,10,0,3,0,0.0
125721,0,0.054581059,79,0,0.070985803,5000.0,3,0,1,0,0.0
125722,0,0.427044074,43,0,0.07224917,3916.0,7,0,0,0,0.0
125724,0,0.023610386,74,0,0.006033008,121000.0,6,0,1,0,0.0
125725,0,0.616112298,58,0,0.45773881899999996,15628.0,19,0,2,0,2.0
125726,0,0.853985793,56,2,0.159141377,2701.0,8,1,0,0,0.0
125728,0,0.12267509300000001,65,0,0.423292273,6250.0,5,0,2,0,0.0
125732,0,0.9999998999999999,46,3,0.028265158999999998,18750.0,1,0,0,1,0.0
125733,0,0.053228397999999996,53,1,1926.0,,25,0,1,0,0.0
125734,0,0.537011575,42,0,0.5631882539999999,7627.0,12,0,1,0,2.0
125735,1,0.476809926,42,3,4351.0,,16,0,2,0,0.0
125736,0,0.025667334,49,0,0.133493797,5400.0,7,0,1,0,3.0
125737,0,0.021603123,62,0,0.261664006,5636.0,2,0,1,0,0.0
125738,0,0.78553633,56,1,0.308998125,9601.0,19,0,3,0,2.0
125739,0,0.933825163,29,0,0.08529501699999999,13083.0,9,0,0,0,0.0
125740,0,0.7223647059999999,50,0,0.23581863,5270.0,9,0,0,0,0.0
125741,0,0.332200141,35,0,0.42117894100000003,6666.0,7,0,2,0,0.0
125744,0,0.06876913400000001,67,0,0.291585421,6666.0,13,0,2,0,3.0
125746,0,0.21252875899999998,48,0,0.492297714,6166.0,12,0,2,0,0.0
125747,0,0.00434081,57,0,0.185587627,15000.0,6,0,2,0,2.0
125748,1,0.078929148,56,1,0.186036284,9094.0,5,5,1,2,4.0
125749,0,1.0210190670000001,40,1,0.126673255,11130.0,4,0,0,0,4.0
125751,0,0.0062008490000000005,65,1,1797.0,,16,0,2,0,0.0
125752,0,0.029219227,50,0,0.40558525100000004,9166.0,9,0,1,0,1.0
125753,0,0.371438447,43,0,0.38336158600000003,7668.0,7,0,1,0,3.0
125755,0,0.0,58,0,0.736905238,2500.0,12,0,1,0,0.0
125757,0,0.514797181,46,0,0.8250043840000001,5702.0,17,0,2,0,0.0
125758,0,0.0,64,0,0.0,5668.0,4,0,0,0,0.0
125761,0,0.021985027999999997,59,0,35.0,0.0,2,0,0,0,0.0
125762,0,0.044277807999999995,57,0,0.02435273,3900.0,6,0,0,0,4.0
125763,0,0.633749629,40,0,0.330283486,6666.0,7,0,1,0,3.0
125764,0,0.982083831,44,1,0.077482172,14583.0,6,0,0,4,2.0
125766,0,0.945870275,35,0,0.32677887,6000.0,5,0,1,0,1.0
125767,1,1.034360513,45,1,0.43022811299999997,7846.0,12,0,2,1,2.0
125769,0,0.135669929,39,0,0.0037496879999999997,12000.0,4,0,0,0,0.0
125771,0,0.02540073,50,0,0.013516413,4660.0,8,0,0,0,0.0
125772,0,0.199750008,51,0,2577.0,,10,0,1,0,3.0
125773,1,0.9780073309999999,38,0,0.020222676999999998,4400.0,2,1,0,0,2.0
125774,0,0.9999998999999999,25,98,0.020344288000000002,1916.0,0,98,0,98,0.0
125775,1,0.068310128,50,1,0.94924838,7250.0,20,0,3,0,0.0
125776,0,0.210429165,44,1,883.0,,17,9,0,0,1.0
125777,0,0.7730731359999999,32,0,0.22095829,2900.0,6,0,0,0,0.0
125779,0,0.150740522,50,0,0.8770693909999999,2838.0,14,0,2,0,1.0
125780,0,0.915726325,28,0,0.15190224900000002,3600.0,4,0,0,0,1.0
125781,0,0.25641636100000004,48,0,3408.0,,7,0,2,0,0.0
125782,0,0.04705109,48,0,0.08906392,3300.0,11,0,0,0,0.0
125783,0,0.0,26,0,0.633373934,820.0,3,0,0,0,0.0
125784,0,0.023185507,41,0,0.394805195,3079.0,7,0,1,0,1.0
125786,0,0.6032158710000001,80,0,5.433333332999999,299.0,3,0,2,0,0.0
125791,0,0.064901671,36,0,0.0079984,5000.0,7,0,0,0,0.0
125792,0,0.27567918199999997,50,2,0.385882117,9958.0,10,0,2,0,3.0
125793,0,0.69234638,40,0,0.107829565,6500.0,8,0,0,0,0.0
125794,0,0.011257643000000001,53,0,0.11367959,6834.0,8,0,1,0,0.0
125796,0,0.065084127,41,0,0.184823805,12400.0,10,0,1,0,0.0
125797,0,0.129568106,36,0,0.11302416,3600.0,2,1,0,0,0.0
125802,0,0.255178171,83,1,0.33154191899999996,10233.0,8,0,1,0,2.0
125803,1,0.7553105240000001,49,0,0.313223233,8900.0,11,1,1,0,0.0
125804,0,0.163391497,78,1,742.0,,6,0,1,0,
125805,0,0.09347555099999999,40,0,0.163578765,10416.0,7,0,1,0,0.0
125807,0,0.411768714,46,0,0.620063323,6000.0,14,0,2,0,0.0
125808,0,0.829032978,54,0,0.5127201570000001,8175.0,12,0,4,0,0.0
125809,0,0.0,72,0,0.325164939,1060.0,4,0,0,0,0.0
125811,0,0.036813032,45,0,632.0,,5,0,1,0,0.0
125812,0,1.067096201,51,1,0.34678499700000004,5971.0,4,0,1,0,0.0
125814,0,0.463409974,60,0,0.150899471,4724.0,4,0,0,0,2.0
125816,0,0.775591308,59,0,0.575027729,6310.0,12,0,2,0,3.0
125817,0,0.259017232,62,0,0.264458843,4166.0,12,0,0,0,0.0
125818,0,0.06199173400000001,25,0,0.009369144,1600.0,3,0,0,0,0.0
125819,0,0.161572572,68,0,0.058129457999999995,15000.0,4,0,0,0,1.0
125825,0,0.697364435,43,0,0.931068931,1000.0,8,0,0,0,1.0
125826,0,0.011234798999999998,94,0,0.0017141220000000002,10500.0,14,0,0,0,0.0
125827,0,0.053319885,43,1,0.207120253,6319.0,9,0,1,0,0.0
125831,0,0.8553257870000001,61,0,0.269613948,6423.0,7,0,0,0,3.0
125832,0,0.0,52,0,24.0,,7,0,0,0,0.0
125833,0,0.993989482,62,0,0.004682345,9396.0,1,0,0,0,1.0
125835,0,0.03060833,73,0,0.106472549,5700.0,10,0,0,0,0.0
125836,0,0.0034985259999999996,87,0,0.001099707,2727.0,2,0,0,0,0.0
125837,0,0.006744573,55,0,0.324319177,5250.0,8,0,2,0,1.0
125838,0,0.046508892,67,0,1754.0,,5,0,1,0,
125840,0,0.274461408,37,0,0.833974135,2860.0,8,0,1,0,3.0
125841,1,1.997429306,41,0,0.327934413,5000.0,6,0,0,1,3.0
125842,0,0.008635091,50,0,125.0,,7,0,1,0,2.0
125843,0,0.035603429,62,0,0.41419526799999995,3000.0,10,0,1,0,0.0
125846,0,0.06649525,86,0,27.0,,3,0,0,0,0.0
125847,0,0.053271112999999995,84,0,51.0,,5,0,0,0,0.0
125849,0,0.001151233,83,0,0.08919405400000001,15000.0,17,0,1,0,1.0
125850,0,0.0,64,0,0.469031233,11333.0,5,0,2,0,0.0
125851,0,0.081048519,64,0,0.8977007659999999,3000.0,17,0,2,0,0.0
125852,0,0.138201413,60,0,0.22754977699999998,2460.0,6,0,1,0,1.0
125853,0,0.587386615,66,0,0.246251704,2200.0,5,0,0,0,0.0
125854,0,0.39052308799999996,54,1,0.433277785,7800.0,15,0,1,0,2.0
125857,0,0.541944075,39,0,0.349946162,6500.0,5,1,1,0,0.0
125858,0,0.043021588,62,2,0.174292127,11583.0,19,0,1,0,0.0
125859,0,0.9999998999999999,46,0,306.0,,1,0,0,0,1.0
125860,0,0.10008756099999999,60,0,0.2544994,7500.0,8,0,1,0,1.0
125863,0,0.0,58,0,1352.0,,13,0,1,0,0.0
125864,0,0.9999998999999999,78,1,0.069866267,8000.0,6,0,1,0,0.0
125866,0,0.9999998999999999,44,0,3806.0,,2,0,1,0,0.0
125867,0,0.231181652,56,0,0.362647394,13144.0,10,0,2,0,0.0
125869,0,0.532074579,46,0,0.185552893,11683.0,7,0,2,0,3.0
125870,0,0.021609012,74,0,0.10197450599999999,4000.0,13,0,1,0,2.0
125871,1,0.057385412999999996,28,0,0.065367854,3900.0,8,0,0,0,0.0
125873,0,0.9693547440000001,40,0,1.6168263219999999,2400.0,3,0,1,0,2.0
125874,0,0.014328556999999999,36,0,0.000345781,2891.0,2,0,0,0,0.0
125877,0,0.283081758,31,0,0.218445389,4000.0,5,0,0,0,0.0
125878,0,0.253441209,39,0,0.602232961,6000.0,17,0,2,0,1.0
125879,0,0.9999998999999999,38,0,0.0,,0,0,0,0,0.0
125880,0,0.963378521,63,0,6617.0,,22,0,1,0,0.0
125881,0,0.032897756,70,0,314.0,1.0,12,0,0,0,0.0
125882,0,0.038864515,54,0,0.268987191,21000.0,9,0,1,0,0.0
125883,0,0.23612249300000002,41,0,0.541213064,4500.0,14,0,1,0,1.0
125884,0,0.044737039000000006,66,0,0.315236984,9430.0,6,0,1,0,0.0
125885,0,0.09198160400000001,29,0,237.0,0.0,2,0,0,0,0.0
125886,0,0.367329471,43,1,1822.0,,7,0,2,0,1.0
125887,1,0.656671013,67,3,0.24260690699999998,14100.0,15,1,3,4,0.0
125888,0,0.0,32,0,0.255693825,8517.0,8,0,1,0,0.0
125890,0,0.07546754900000001,70,0,2051.0,,19,0,1,0,
125891,0,0.108262452,64,0,0.167637984,2916.0,6,0,0,0,1.0
125892,0,0.02968774,45,0,4188.0,,11,0,1,0,0.0
125894,0,0.25134973,31,0,40.0,,4,0,0,0,0.0
125895,0,0.025075208999999998,43,0,0.512801756,4100.0,9,0,1,0,1.0
125897,0,0.16952807399999997,71,0,0.339064374,2500.0,10,0,0,0,0.0
125898,0,0.060124135,65,0,0.118669022,13583.0,7,0,1,0,0.0
125899,0,0.9999998999999999,55,0,0.005334124,6748.0,0,0,0,0,1.0
125901,0,0.013379179,45,0,0.248285817,5541.0,10,0,1,0,0.0
125902,0,0.164556962,71,0,0.467253275,10000.0,14,0,2,0,1.0
125904,0,0.275781615,46,1,7232.0,,9,0,1,0,0.0
125908,0,0.18413450899999997,53,0,0.6059446070000001,4440.0,10,0,3,0,1.0
125909,0,0.37756006200000003,44,0,0.193902615,6920.0,6,0,2,0,1.0
125910,0,0.40083706399999997,34,0,0.38559952399999997,3360.0,8,0,1,0,2.0
125911,0,0.237302874,62,1,0.203394092,7954.0,11,0,0,0,0.0
125912,0,0.004334263,89,0,0.001181711,11000.0,10,0,0,0,0.0
125913,0,0.140219106,26,0,4.873403665,1800.0,10,0,4,0,0.0
125914,0,0.0,63,0,1285.0,,7,0,1,0,
125915,0,0.683240188,47,0,3064.0,,10,0,2,0,1.0
125916,0,0.134531755,53,0,0.39791851200000006,4515.0,11,0,1,0,0.0
125918,0,0.001194411,79,0,1.0,,3,0,0,0,0.0
125919,0,0.303260465,59,0,0.333566643,10000.0,16,0,2,0,1.0
125920,0,0.286729374,47,0,0.670806146,4750.0,9,0,2,0,3.0
125921,0,0.156092195,71,0,93.0,,2,0,0,0,0.0
125922,0,0.03515028,53,0,0.291733455,8733.0,14,0,0,0,1.0
125923,1,0.954674221,56,1,0.51438729,9000.0,4,0,1,0,0.0
125926,0,0.015323631,44,0,0.208842195,18750.0,9,0,3,0,2.0
125927,0,0.081276024,36,0,1215.0,,9,0,0,0,1.0
125928,0,0.0,64,0,0.001276324,4700.0,2,0,0,0,0.0
125929,0,0.010639659,56,0,0.24035193,5000.0,14,0,1,0,1.0
125930,0,0.141596912,42,0,0.33702173,7500.0,7,0,1,0,3.0
125931,0,0.17413144600000002,75,0,0.37736495200000003,11680.0,8,1,2,0,1.0
125934,0,0.0056278019999999995,79,0,0.232602845,2600.0,15,0,0,0,0.0
125935,0,0.018493547,67,0,96.0,,13,0,0,0,0.0
125936,0,0.9999998999999999,68,0,0.006575895,62500.0,1,0,0,0,1.0
125937,0,0.158985613,28,0,367.0,,3,0,0,0,
125938,0,0.0,43,0,0.240303878,2500.0,4,0,1,0,0.0
125939,1,1.119601329,45,0,0.010347271,7054.0,1,0,0,1,1.0
125940,0,0.7020840859999999,44,0,0.11441901800000001,4500.0,4,0,0,0,3.0
125943,0,0.070801243,56,0,1162.0,,4,0,0,0,0.0
125945,0,0.055708209,50,3,0.239801166,5833.0,17,0,1,0,0.0
125946,0,0.033467067,68,0,1014.0,,3,0,1,0,
125947,0,0.04535031,45,0,0.012284544,10500.0,15,0,0,0,0.0
125948,0,0.003454388,61,0,279.0,,2,0,0,0,0.0
125949,0,0.000595839,56,0,0.382740862,7960.0,17,0,1,0,0.0
125951,0,0.438135702,82,0,0.126988407,7417.0,7,0,1,0,0.0
125953,0,0.5995086,41,0,0.5353235679999999,5392.0,9,0,1,0,0.0
125955,0,0.17504649,41,0,0.034379326,4333.0,6,0,0,0,1.0
125956,0,0.263224811,54,0,0.297507077,10950.0,7,0,1,0,0.0
125957,1,0.027292512,33,0,0.032928942999999995,7500.0,4,0,0,0,0.0
125960,0,0.563859149,55,0,0.325119634,14000.0,12,0,3,0,2.0
125964,0,0.919745305,62,0,0.313102964,5700.0,4,0,0,1,0.0
125968,0,0.122540025,53,0,0.766893243,2500.0,10,0,1,0,0.0
125969,0,0.008571173,36,0,481.0,,4,0,0,0,0.0
125971,0,0.616256369,48,0,0.189588235,16999.0,6,0,2,0,1.0
125972,0,0.052796983,40,0,0.12303707300000001,6176.0,6,0,0,0,1.0
125973,0,0.08458817,46,0,0.189913318,2537.0,10,0,0,1,1.0
125974,0,0.786013374,48,0,0.258165665,3826.0,9,0,0,0,0.0
125975,0,0.03702636,77,0,61.0,,7,0,0,0,0.0
125979,0,0.10173394599999999,49,1,3173.0,,17,0,2,0,1.0
125980,0,0.609218755,84,0,0.237089202,3833.0,9,0,0,0,1.0
125981,0,0.001683536,90,0,2.0,0.0,5,0,0,0,0.0
125982,0,0.6396778000000001,55,0,0.246648018,10366.0,11,0,3,1,1.0
125983,0,0.8383658970000001,42,0,0.450847458,5014.0,16,0,2,0,1.0
125984,1,0.31590974,49,2,367.0,,3,0,0,0,0.0
125985,0,0.130084996,57,1,0.169317348,4086.0,8,0,0,0,1.0
125986,0,0.08826855300000001,56,1,0.133286671,10000.0,6,0,1,0,0.0
125988,0,0.128915505,41,0,0.32372343,4092.0,14,0,1,0,0.0
125990,0,0.638097279,46,0,3280.0,,13,0,2,0,0.0
125991,0,0.041497406,45,0,0.302441838,5200.0,9,0,1,0,2.0
125992,0,0.015831363,72,0,2461.0,,9,0,1,0,0.0
125993,0,0.886084717,47,0,0.986617443,4333.0,7,0,2,0,1.0
125995,0,0.034448014,74,0,2322.0,,7,0,1,0,
125996,0,0.551911319,50,0,2425.0,,16,0,2,0,1.0
125997,0,0.0,56,0,0.173860911,1667.0,8,1,0,0,0.0
125998,0,0.8223013509999999,44,0,0.8529779259999999,2400.0,5,0,1,0,0.0
126000,0,0.004059835,46,0,0.17315244600000002,2800.0,9,0,1,0,1.0
126001,0,0.961399592,47,0,0.528651612,7660.0,9,0,1,0,1.0
126004,0,0.12419586,63,0,0.401473297,3800.0,4,0,1,0,1.0
126005,0,0.075696556,33,0,0.126752221,5064.0,5,0,0,0,0.0
126007,0,0.946634303,49,0,0.669900819,4637.0,7,0,1,0,0.0
126008,0,0.418990326,42,0,0.424164524,3500.0,6,0,1,0,0.0
126010,0,0.061367693,50,1,2136.0,,6,0,2,0,0.0
126011,0,0.9099818000000001,58,0,5.959208157999999,1666.0,7,0,2,0,0.0
126012,0,0.0011652519999999999,78,0,0.104097236,5100.0,8,0,0,0,1.0
126013,0,0.028676602000000002,56,0,0.387747616,5451.0,11,0,1,0,4.0
126016,0,0.000580626,47,0,0.415814588,4400.0,6,0,1,0,3.0
126017,0,0.013345641,75,0,0.002228274,4038.0,2,0,0,0,0.0
126018,0,0.087824351,38,0,0.488587059,5300.0,5,0,2,0,1.0
126019,0,0.065688636,50,0,0.264957265,3626.0,6,0,1,0,1.0
126022,1,0.509933775,30,0,0.087353325,2300.0,1,0,0,0,0.0
126025,0,0.318010705,51,0,2114.0,,11,0,1,0,2.0
126026,0,0.9999998999999999,30,1,0.23917388399999998,1500.0,3,0,0,0,0.0
126027,0,0.014998500000000001,29,0,0.851074463,2000.0,4,0,1,0,0.0
126028,0,0.125626814,62,0,0.44566616,8548.0,16,0,2,0,0.0
126029,0,0.007528969,65,0,0.000374953,8000.0,3,0,0,0,0.0
126030,0,0.071012245,38,0,2999.0,,7,0,2,0,0.0
126031,0,0.9999998999999999,44,0,990.0,,5,0,1,0,0.0
126032,0,0.765234765,27,0,0.172839506,2348.0,2,0,0,0,0.0
126035,0,0.325962156,43,0,0.298677562,9300.0,11,0,1,0,4.0
126036,0,0.061297957,57,0,0.281529556,5700.0,9,0,1,0,1.0
126037,0,0.18138582,52,0,0.507486754,4340.0,10,0,1,0,0.0
126038,0,0.01574625,73,0,6.0,4.0,9,0,0,0,0.0
126039,0,0.39553131399999997,44,0,0.365998027,3040.0,5,0,0,0,0.0
126040,1,1.043647891,31,0,0.382245989,4674.0,5,0,1,1,0.0
126041,0,0.645799373,34,0,0.614069297,6666.0,13,0,1,0,1.0
126042,0,0.9999998999999999,23,0,0.0008326389999999999,1200.0,1,0,0,0,0.0
126043,0,0.9999998999999999,65,0,133.0,,3,0,0,0,
126045,0,0.547260365,71,0,0.789949749,1989.0,10,0,1,0,0.0
126046,0,1.148335223,30,0,0.975609756,1680.0,16,0,0,0,0.0
126048,0,0.222434634,46,0,0.032052191,7050.0,4,0,0,0,1.0
126049,0,0.002777623,90,0,0.076510446,7083.0,9,0,0,0,0.0
126050,0,0.006249645,97,0,0.000912409,3287.0,4,1,0,0,0.0
126051,0,0.13196765800000002,45,0,2372.0,,7,0,1,0,0.0
126054,0,0.34051173,62,0,0.399217434,18400.0,24,0,3,0,2.0
126055,1,0.42978510700000006,39,3,0.334583244,9333.0,11,1,1,0,2.0
126056,0,0.015851549,61,0,0.27712048,6000.0,11,0,1,0,1.0
126057,0,0.149160929,65,0,0.292842002,6132.0,19,0,1,0,0.0
126060,0,0.9999998999999999,92,0,0.0,,2,0,0,0,0.0
126062,0,0.080361738,39,0,0.329374697,4125.0,6,0,1,0,2.0
126063,0,0.227604468,62,0,265.0,1.0,12,0,0,0,0.0
126065,0,0.030031289,81,0,0.013493253,2000.0,5,0,0,0,0.0
126066,0,0.09776525400000001,65,0,0.421084612,6582.0,10,0,2,0,3.0
126068,0,0.012627396,46,1,0.578778992,3750.0,11,0,2,0,1.0
126070,1,0.301813252,30,1,0.533119086,5600.0,11,0,1,0,3.0
126071,0,0.64125885,56,1,0.409606267,4850.0,9,0,1,0,2.0
126072,0,0.47244464799999997,58,0,0.72608365,6574.0,13,0,2,0,0.0
126074,0,0.340728011,47,0,0.383046781,2500.0,6,0,1,0,3.0
126075,0,0.442067427,60,0,0.18937744899999998,6890.0,14,0,0,0,3.0
126076,0,0.20078564399999999,29,0,0.782960495,2100.0,6,0,2,0,0.0
126079,0,0.9999998999999999,24,0,0.306371191,1804.0,1,0,0,0,0.0
126080,0,0.12559372,41,0,0.251959686,6250.0,5,0,1,0,2.0
126081,0,0.8944631740000001,33,0,0.254416961,3112.0,3,0,0,0,0.0
126083,0,0.9827073759999999,36,0,0.23205506399999998,3050.0,3,0,0,0,2.0
126084,0,0.0,47,0,0.0,,3,0,0,0,0.0
126085,0,0.621404765,61,0,1984.0,,2,0,1,0,0.0
126086,0,0.40603930200000005,67,0,2224.0,,10,0,2,0,0.0
126087,1,0.9999998999999999,24,98,0.0,1100.0,0,98,0,98,0.0
126088,0,0.0,45,0,0.366335388,7948.0,4,0,1,0,0.0
126089,0,0.43310808799999995,39,0,0.15981293300000002,6200.0,4,0,0,0,2.0
126090,0,0.016709138000000002,70,0,1461.0,,5,0,1,0,0.0
126091,0,0.008050869,35,0,2436.0,,7,0,1,0,0.0
126092,0,0.006511123000000001,40,1,0.058341863,12700.0,6,0,0,0,4.0
126094,0,0.089854871,69,0,117.0,,3,0,0,0,
126095,0,0.001398541,74,0,0.000599952,8333.0,17,0,0,0,1.0
126098,0,0.018136898999999998,73,0,0.288541957,3586.0,3,0,1,0,0.0
126100,0,0.6035914170000001,35,0,0.404731293,3888.0,7,0,1,0,0.0
126101,0,0.626209978,31,0,0.253208463,2882.0,10,0,0,0,1.0
126102,0,0.430476949,50,0,0.586699306,2450.0,16,0,0,0,0.0
126103,0,0.003003065,56,0,0.534419603,7916.0,11,0,2,0,0.0
126104,0,0.057454381,69,0,0.631533847,3500.0,12,0,2,0,0.0
126105,0,0.06212919099999999,56,0,0.003575685,7550.0,1,0,0,0,0.0
126109,0,0.049765368,62,0,0.811750231,3250.0,13,0,2,0,0.0
126110,0,0.461830115,38,0,3965.0,,15,0,1,0,2.0
126111,0,0.0,54,0,5755.0,,5,0,4,0,2.0
126112,0,0.017586441,45,0,0.240673794,13000.0,13,0,1,0,4.0
126113,0,0.7912521309999999,30,0,0.27378770199999997,6000.0,11,0,0,1,0.0
126114,0,0.197048728,87,0,0.040243677,5416.0,4,0,0,0,0.0
126116,0,0.519514747,28,0,0.907209136,1400.0,11,0,1,0,0.0
126117,0,0.135919592,40,0,0.262113521,6500.0,9,0,1,0,3.0
126118,0,0.7060862609999999,68,1,0.33486651300000003,10000.0,7,0,1,0,1.0
126120,0,0.09392455699999999,25,0,1186.0,,6,0,0,0,0.0
126121,0,0.946010798,33,0,0.183711245,2160.0,2,0,0,0,0.0
126123,0,0.7171391909999999,29,0,0.465813675,2500.0,4,0,0,0,2.0
126124,0,0.9999998999999999,92,0,0.39895263,4200.0,2,0,1,0,0.0
126125,0,0.9999998999999999,68,0,0.318194801,3500.0,2,0,1,1,1.0
126126,0,0.000612883,47,0,0.254574543,10000.0,5,0,2,0,2.0
126127,0,0.090696175,89,0,0.037674482,7378.0,10,0,0,1,0.0
126128,0,0.9076988340000001,63,4,0.10040994199999999,19270.0,11,0,0,0,1.0
126129,0,0.064160144,52,0,0.265683922,5833.0,11,0,1,0,1.0
126130,0,0.000563979,56,0,0.043997067,15000.0,11,0,0,0,1.0
126131,0,0.262727688,73,0,0.5935828879999999,5422.0,10,0,4,0,0.0
126133,0,0.026887412000000003,46,0,0.10823780300000001,3750.0,14,0,0,0,0.0
126134,0,0.02430908,64,0,2220.0,0.0,15,0,2,0,0.0
126135,0,0.324309846,71,0,563.0,,5,0,0,0,0.0
126139,0,0.9999998999999999,42,0,536.0,,1,1,0,0,0.0
126140,0,0.223059765,70,0,0.397750937,2400.0,4,0,1,0,0.0
126141,0,0.09557667199999999,57,0,0.295935203,6666.0,9,0,1,0,0.0
126142,0,0.504983389,22,0,0.007590133000000001,526.0,1,0,0,0,0.0
126143,0,0.533817699,67,0,0.208807897,3950.0,5,0,0,0,0.0
126145,0,0.070621853,38,0,0.314063066,5517.0,5,0,2,0,4.0
126146,0,0.0,55,0,133.0,,3,0,0,0,3.0
126147,0,0.08464636099999999,58,0,0.33545206899999996,15417.0,6,0,2,0,0.0
126148,0,0.11880953300000001,31,0,0.17386825,16500.0,9,0,2,0,0.0
126149,0,0.947951076,31,0,0.26462805100000003,3400.0,7,0,0,0,0.0
126150,0,0.052234365,43,0,0.48127985799999995,9000.0,8,0,2,0,2.0
126151,0,0.106584192,57,0,0.197887237,8140.0,5,0,1,0,1.0
126152,0,0.123401619,25,0,0.513162279,3000.0,12,0,0,0,0.0
126153,0,0.7182044890000001,66,1,0.482335689,7500.0,4,0,1,0,0.0
126154,1,0.9999998999999999,66,1,0.18722139699999998,3364.0,1,3,0,0,3.0
126157,0,0.0,37,0,0.328947368,2583.0,8,0,1,0,1.0
126159,0,0.737655188,26,0,0.516040831,5485.0,8,0,2,0,3.0
126160,0,0.9999998999999999,49,1,0.252332297,2250.0,1,0,0,0,0.0
126161,0,0.176062205,30,1,0.296123307,2140.0,8,0,0,0,0.0
126162,0,0.06532304,60,0,0.444646428,5500.0,8,0,1,0,0.0
126163,1,0.306669147,49,3,2432.0,,9,0,2,0,0.0
126165,0,0.9999998999999999,67,0,0.008999,9000.0,3,0,0,0,1.0
126166,0,0.0032862240000000003,70,0,9.0,,7,0,0,0,0.0
126167,0,0.015776729,86,0,0.01631595,6557.0,14,0,1,0,0.0
126170,0,0.031774247,88,0,0.100188527,3712.0,6,0,1,0,0.0
126172,0,0.205984155,28,1,0.33075589899999996,7500.0,10,0,2,0,0.0
126173,1,0.9999998999999999,30,1,0.284069098,3125.0,3,4,0,1,1.0
126175,0,0.104382167,73,0,0.33566376700000006,12300.0,11,0,5,0,0.0
126177,0,0.011782156,83,0,39.0,,9,0,1,0,1.0
126178,0,0.0,50,0,0.092781444,5000.0,4,0,1,0,2.0
126179,1,0.655086206,39,2,0.731783527,8000.0,14,0,4,0,0.0
126181,0,0.092669381,74,0,0.07298136599999999,7083.0,13,0,0,0,1.0
126183,0,0.400254534,51,0,0.336793835,15700.0,6,0,3,0,3.0
126184,0,0.010915757,40,0,11.0,,10,0,0,0,0.0
126187,0,0.297420919,53,0,0.214745128,20833.0,13,0,2,0,1.0
126189,0,0.011884783999999999,63,0,0.005997601,2500.0,7,0,0,0,0.0
126190,0,0.58213892,52,0,0.314223815,12000.0,8,0,2,0,2.0
126192,0,0.049928072999999996,50,0,0.473037207,6100.0,7,0,3,0,1.0
126193,0,0.708681302,66,2,0.38628731,26500.0,18,0,2,0,1.0
126195,0,0.9999998999999999,58,0,0.0,5420.0,0,0,0,0,0.0
126197,0,0.031671192,63,0,97.0,,15,0,0,0,0.0
126198,0,0.057186747999999996,52,0,0.198207515,2900.0,7,0,0,0,3.0
126199,0,0.023677512999999997,63,0,0.016347978,6850.0,8,0,0,0,0.0
126200,0,0.001638387,61,0,0.615168276,10666.0,10,0,4,0,0.0
126201,0,0.006059495,70,0,0.003998857,3500.0,4,0,0,0,0.0
126204,0,0.029373512999999997,68,1,2408.0,,11,0,1,0,0.0
126205,1,0.7911511059999999,31,0,0.37539649700000005,7250.0,5,0,2,0,0.0
126206,0,0.311852407,57,0,0.271198157,4339.0,12,0,0,0,0.0
126208,0,0.02895273,39,0,77.0,,7,0,0,0,0.0
126209,0,0.222110526,40,0,0.45525291799999995,11050.0,14,0,3,0,1.0
126210,0,0.44187654600000004,52,0,4549.0,,9,0,1,0,0.0
126211,0,0.47218407100000004,69,1,2.057701957,1992.0,16,0,3,0,0.0
126212,0,0.062315173,51,0,814.0,,12,0,0,0,0.0
126213,0,0.22958469399999998,39,1,0.207537108,11250.0,5,0,2,0,3.0
126214,0,0.271597265,60,0,0.491989963,5180.0,17,0,2,0,0.0
126215,0,0.022785935,47,0,1537.0,,7,0,1,0,0.0
126216,0,0.0,53,0,2413.0,,6,0,1,0,0.0
126219,0,0.375905549,71,0,0.789760679,3300.0,9,0,1,0,0.0
126220,0,0.432166929,66,0,0.16637338,6250.0,8,0,0,0,0.0
126221,0,0.09901116199999999,60,0,0.23393476100000002,11250.0,12,0,2,0,1.0
126222,0,0.6693608870000001,33,1,0.20800000000000002,2499.0,4,0,0,0,3.0
126224,0,0.453778721,60,0,0.18421799600000002,7045.0,12,0,0,0,1.0
126225,0,0.008467736,46,0,0.087804878,4509.0,9,0,0,0,0.0
126226,0,0.082995771,49,0,0.361391695,4454.0,13,0,1,0,3.0
126227,0,0.053753345,71,0,47.0,0.0,3,0,0,0,0.0
126228,0,0.365766706,52,0,2621.0,,7,0,2,0,0.0
126229,0,0.587619522,59,3,1.560338201,1300.0,14,0,1,0,0.0
126231,0,0.023614273999999998,68,0,0.005089647,8644.0,6,0,0,0,0.0
126232,0,0.017911329,56,0,0.17822651399999997,6833.0,12,0,1,0,1.0
126233,0,0.077854453,51,0,0.164972274,15147.0,7,0,1,0,3.0
126235,1,0.22100749600000003,61,0,0.618258353,3800.0,10,0,2,0,0.0
126237,0,0.0,79,0,682.0,,2,0,1,0,0.0
126239,0,0.35446430799999995,62,1,1.025324892,3000.0,18,0,2,0,1.0
126241,0,0.9999998999999999,35,0,0.0,,0,0,0,0,0.0
126243,0,0.071073691,57,0,0.190056135,4987.0,12,0,1,0,1.0
126244,0,0.9534109820000001,41,0,0.011541073,1472.0,1,0,0,0,0.0
126245,0,0.07839776,70,0,85.0,,6,0,0,0,0.0
126246,0,0.061718978,66,0,0.297639344,15249.0,8,0,2,0,0.0
126248,0,0.051998894000000004,70,0,73.0,,3,0,0,0,0.0
126249,0,0.793379249,39,1,0.548986004,3500.0,8,1,1,0,0.0
126250,0,0.227631721,70,0,1133.0,,5,0,0,0,0.0
126251,0,0.6051779939999999,60,0,0.524408384,7394.0,11,0,2,0,0.0
126252,0,0.064863404,79,0,0.013827883999999999,6146.0,4,0,0,0,0.0
126253,0,0.720978954,47,0,0.275055405,4060.0,8,1,0,1,4.0
126254,0,0.470349616,65,2,0.35617894,9410.0,19,0,2,0,0.0
126257,0,0.143740379,58,0,0.691601976,4250.0,12,0,3,0,0.0
126258,0,0.056930750999999995,44,0,0.6478430629999999,10500.0,19,0,4,0,2.0
126260,0,0.150810639,72,0,0.255849833,11666.0,18,0,2,0,0.0
126262,0,0.499385732,40,0,0.392542054,8500.0,8,0,1,0,2.0
126263,0,0.034224141,77,0,0.44145745399999997,4500.0,14,0,2,0,0.0
126265,0,0.7177424059999999,40,0,0.387240121,6300.0,7,0,1,0,6.0
126266,0,0.805865416,41,0,0.368958771,13800.0,14,0,2,0,3.0
126269,1,0.9999998999999999,27,98,45.0,,0,98,0,98,0.0
126270,0,0.009864926,52,0,2111.0,,7,0,1,0,0.0
126271,0,0.024456079,82,0,0.010570825,3783.0,5,0,0,0,0.0
126272,1,0.17583202399999998,41,2,0.14788585699999998,4800.0,3,3,0,0,4.0
126273,0,0.011071312,62,1,0.27862038,8900.0,21,0,1,0,3.0
126274,0,0.0,46,3,113.0,,1,0,0,0,0.0
126275,0,0.282692564,30,0,0.326224592,3000.0,8,0,0,0,0.0
126276,0,0.01959902,58,0,0.380458817,7235.0,9,0,1,0,0.0
126277,0,0.032151266,48,0,0.228438578,6666.0,15,0,1,0,0.0
126278,0,0.03739626,37,3,0.489981316,15520.0,10,0,6,0,0.0
126279,0,0.09386574,51,0,155.375,15.0,11,0,1,0,0.0
126280,0,0.421074409,42,0,0.28982963300000003,9684.0,6,0,2,0,0.0
126281,0,0.650017948,60,0,472.0,,13,0,0,0,0.0
126282,0,0.040789967,66,0,0.312670424,5500.0,8,0,1,0,0.0
126283,0,0.002428225,78,0,0.0,2500.0,1,0,0,0,0.0
126285,0,0.030336412000000004,57,0,0.410630166,11250.0,24,0,3,0,0.0
126291,0,0.360319909,59,0,3491.0,,25,0,3,0,1.0
126293,0,0.0,86,0,0.0,,4,0,0,0,0.0
126294,0,0.761258817,42,1,0.34167416700000003,5554.0,8,0,1,0,0.0
126295,1,0.8826939290000001,60,0,0.103789621,10000.0,10,0,0,0,0.0
126296,0,0.723900208,34,0,0.18382720600000002,30000.0,15,0,1,0,2.0
126297,0,0.12531925,52,0,656.0,,5,0,1,0,0.0
126299,0,0.0,87,0,0.0,,2,0,0,0,
126300,0,0.062964727,61,0,508.0,,5,0,1,0,0.0
126303,0,0.63851791,40,0,0.062320972,12916.0,6,0,0,0,2.0
126309,0,1.02713898,33,0,0.580083983,3333.0,5,0,1,0,1.0
126311,0,0.9999998999999999,75,0,508.0,,3,0,0,0,0.0
126312,0,0.108492251,46,0,0.15570605,17866.0,7,0,2,0,2.0
126313,0,0.235765604,61,0,0.34510837,8350.0,8,0,1,0,0.0
126314,0,0.096891216,45,0,0.083826879,2194.0,5,0,0,0,0.0
126317,0,0.9999998999999999,26,0,0.34321157799999996,1450.0,2,0,0,0,0.0
126318,1,0.36119071700000005,40,0,0.772556861,4000.0,19,0,2,0,3.0
126319,0,0.68202193,37,0,0.448088306,6250.0,11,0,1,0,0.0
126320,0,0.516042401,52,0,0.9993244379999999,5920.0,10,0,1,0,1.0
126321,1,0.0,51,2,0.619670939,11000.0,6,0,2,0,2.0
126322,0,0.9999998999999999,70,0,1.0,,0,0,0,0,0.0
126323,0,0.32673467300000003,26,2,913.0,,10,0,0,0,2.0
126324,0,0.005531077,45,0,3157.0,,6,0,1,0,0.0
126327,0,0.020120287,48,0,0.166610531,8906.0,9,0,1,0,0.0
126328,0,0.0,41,0,0.305846371,8500.0,7,0,2,0,0.0
126330,0,0.015789822,63,0,0.00544384,9000.0,9,0,0,0,0.0
126331,0,0.278846553,52,0,6611.0,,11,0,5,0,3.0
126332,0,0.215421273,88,0,0.30326295600000003,4167.0,5,0,1,0,0.0
126334,0,0.99110089,39,0,0.129470939,5367.0,2,0,0,0,1.0
126336,0,0.013278761000000002,70,0,0.260818253,5083.0,5,0,1,0,0.0
126337,0,0.9999998999999999,22,0,0.0,2133.0,0,0,0,0,0.0
126339,0,0.0007547010000000001,33,0,0.00041649300000000004,2400.0,6,0,0,0,0.0
126342,0,0.6424588170000001,46,0,0.235889244,3755.0,14,0,0,0,1.0
126343,0,0.04569887,79,0,0.25295784,6000.0,7,0,1,0,0.0
126345,0,0.014632846000000001,66,0,0.003998934,3750.0,8,0,0,0,0.0
126346,0,1.006248438,56,0,0.033779896000000004,12166.0,5,0,0,0,1.0
126347,0,0.0,53,0,0.69516935,1800.0,13,0,1,0,0.0
126348,1,1.3832709109999999,53,0,0.391481649,2206.0,5,4,0,2,2.0
126350,0,0.283178477,70,1,0.328223925,3000.0,8,0,0,0,0.0
126354,0,0.123644701,52,0,0.493969127,16000.0,12,0,4,0,4.0
126356,0,0.6230945920000001,51,0,0.20948445699999999,20812.0,9,0,2,0,2.0
126357,0,0.275068102,63,0,0.536567438,10883.0,16,0,2,0,1.0
126358,0,0.986980344,77,0,0.637536246,10000.0,8,0,2,0,0.0
126359,0,0.836757357,62,0,0.10640870599999999,2480.0,3,1,0,0,0.0
126360,0,0.029574744,56,0,1716.0,,5,0,2,0,0.0
126361,1,1.111296235,40,2,0.553899291,5500.0,5,2,1,1,1.0
126362,0,0.677426451,43,0,0.58930603,5273.0,7,0,1,0,3.0
126363,0,0.074406172,50,0,117.0,,3,0,0,0,0.0
126368,0,0.0,56,0,0.16347428,8300.0,7,0,1,0,0.0
126369,1,0.17365444100000002,62,2,0.390200179,3346.0,14,0,0,0,0.0
126371,0,0.0,72,0,0.0,,7,0,0,0,0.0
126372,0,0.753933713,45,0,0.475254015,3050.0,10,0,0,0,2.0
126375,0,0.014866418999999999,87,1,0.005554321,4500.0,7,0,0,0,0.0
126376,0,0.355036555,41,0,0.358835036,9201.0,13,0,2,0,0.0
126377,0,0.08105217099999999,74,0,0.079331257,6100.0,10,0,1,0,0.0
126379,0,0.812775719,59,0,0.616918257,3510.0,5,0,0,0,0.0
126380,0,0.875758322,49,0,4442.0,,14,0,2,0,1.0
126383,0,0.9999998999999999,40,0,0.416775315,2300.0,3,0,0,0,3.0
126384,1,0.632255879,56,0,0.68794183,4950.0,20,0,2,0,1.0
126385,1,0.39353224600000003,58,0,0.36131934,2000.0,6,0,0,0,0.0
126387,0,0.034479786,39,0,0.375462454,10000.0,11,0,2,0,0.0
126388,0,0.020962317,61,0,143.0,,11,0,0,0,0.0
126389,0,0.0,45,0,0.149212697,4000.0,4,0,0,0,3.0
126390,0,0.309805852,30,0,0.599034649,5800.0,9,0,3,0,0.0
126391,0,0.11312395199999999,56,1,0.339926103,4600.0,11,0,1,0,4.0
126395,0,0.81272909,40,1,0.023140213,5833.0,3,0,0,0,0.0
126397,0,0.594654563,62,0,0.38818394100000003,9850.0,12,0,2,0,2.0
126399,0,0.10659640699999999,60,0,0.198280695,5350.0,11,0,1,0,0.0
126400,1,0.576304339,63,0,0.471161241,3900.0,5,0,1,1,0.0
126401,0,0.018288482,35,0,0.167819348,12000.0,6,0,1,0,1.0
126402,0,0.0,46,0,0.137866133,8500.0,6,0,0,0,3.0
126403,0,0.068897552,55,0,0.16980789,16500.0,7,0,1,0,1.0
126405,0,0.098814038,51,0,2410.0,,12,0,2,0,0.0
126406,0,0.629778847,53,1,0.033745765,67000.0,5,0,1,0,6.0
126407,0,0.9866026790000001,27,0,0.106865141,4500.0,4,0,0,0,0.0
126408,0,0.005484793000000001,90,0,0.0029994,5000.0,6,0,0,0,0.0
126409,0,0.088874938,48,0,0.122433784,9400.0,7,1,0,0,2.0
126410,0,0.26544112,57,0,0.08517693400000001,19300.0,5,0,1,0,0.0
126411,0,0.0,91,0,0.0,,4,0,0,0,0.0
126413,0,0.20234177600000003,57,0,0.29909162300000003,8916.0,7,0,2,0,2.0
126415,0,0.134827913,65,0,1528.0,,13,0,1,0,0.0
126416,0,0.014516151000000001,51,0,0.20155968800000001,5000.0,9,0,1,0,0.0
126418,0,0.081495187,55,0,0.20392095100000002,12700.0,9,0,2,0,2.0
126423,0,0.006490791,78,0,0.00461361,2600.0,14,0,0,0,0.0
126424,0,0.027285728999999998,69,0,0.049964311,1400.0,13,0,0,0,1.0
126425,1,0.9999998999999999,35,0,0.021729932999999996,26000.0,7,0,0,0,0.0
126426,0,0.11720777199999999,34,0,0.249265138,1700.0,7,0,0,0,0.0
126427,0,0.9999998999999999,33,1,3219.0,,3,0,1,0,
126428,0,0.92769077,32,0,0.372712146,600.0,3,0,0,0,0.0
126429,0,0.09162258,41,0,102.0,,10,0,0,0,0.0
126431,0,0.781304674,27,0,0.17815066,2800.0,7,0,0,0,0.0
126432,0,0.168397993,76,0,0.729121475,3687.0,18,0,1,0,0.0
126433,0,0.008374477,37,0,0.296625469,7200.0,3,0,1,0,3.0
126434,0,0.0,55,0,0.119410086,2101.0,5,0,0,0,0.0
126435,0,0.0,31,0,0.716492503,2200.0,6,0,1,0,0.0
126436,0,0.0,35,1,1.8031496059999998,1650.0,5,0,1,0,0.0
126440,0,0.369526095,63,0,0.023740108,2400.0,3,0,0,0,0.0
126441,0,0.20945581100000002,69,0,0.21369944800000001,6700.0,11,0,1,0,0.0
126442,0,0.7350808959999999,51,0,5889.0,,21,0,4,0,0.0
126444,0,0.0,55,0,0.393089333,8305.0,9,0,3,0,2.0
126445,0,0.19123248199999998,69,0,1727.0,,10,0,2,0,0.0
126449,0,0.9999998999999999,81,0,0.0,,4,0,0,0,0.0
126450,0,0.8440608390000001,34,0,0.092381205,11300.0,3,0,0,0,4.0
126451,0,0.049298768,63,0,0.008230453,7046.0,2,0,0,0,1.0
126452,0,0.023854727000000003,29,1,0.103737033,8000.0,10,0,0,0,1.0
126453,0,0.069920747,78,0,1939.0,,4,0,2,0,0.0
126454,0,0.026399379,62,0,0.27380549,8852.0,8,0,2,0,1.0
126455,0,0.052413355999999994,54,0,0.252179979,8600.0,14,0,1,0,3.0
126458,0,0.993455735,28,1,0.371167397,5250.0,6,0,1,0,0.0
126459,0,0.093837166,46,0,1169.0,,3,0,1,0,0.0
126460,0,0.036353725,73,0,0.020993002,3000.0,8,0,0,0,0.0
126463,1,0.255042353,76,0,1694.0,,10,0,0,0,0.0
126467,0,0.38312765600000004,46,0,8654.0,,9,0,3,0,1.0
126469,0,0.307495682,47,0,0.7465473640000001,5140.0,12,0,2,0,2.0
126470,0,0.223161026,59,0,2969.0,,12,0,1,0,0.0
126471,0,0.193162086,34,0,0.033790918999999996,2840.0,2,0,0,0,0.0
126472,0,0.015771753,46,0,0.188958122,6900.0,4,0,1,0,1.0
126474,1,0.500745115,53,1,0.41603811,5037.0,12,1,1,0,1.0
126475,0,0.112449799,36,0,0.366591567,6213.0,15,0,2,0,2.0
126477,0,0.029424906,69,0,0.486895925,6600.0,10,0,1,0,0.0
126478,0,0.32721637800000003,40,0,0.552031361,5611.0,11,0,2,0,2.0
126480,0,0.026709333,65,0,0.24157584199999999,10000.0,7,0,1,0,0.0
126482,0,0.001659053,71,0,0.000109487,18266.0,5,0,0,0,0.0
126484,0,0.072317084,53,0,0.125738524,6600.0,7,0,0,0,2.0
126485,0,1.0321290490000001,33,2,0.297740452,5000.0,5,0,1,0,0.0
126487,0,0.0,58,0,0.44077961,2000.0,9,0,1,0,0.0
126488,0,0.768558503,52,2,2475.0,,12,1,1,0,0.0
126489,0,0.036272486,52,0,0.0048831529999999995,8600.0,10,0,0,0,0.0
126490,0,0.941676387,29,0,1.354484442,1638.0,7,0,1,0,1.0
126491,0,0.03335476,42,0,0.96675831,4000.0,6,0,2,0,1.0
126492,0,0.420960916,49,2,0.259935016,4000.0,7,0,0,0,0.0
126494,0,0.028679989,46,0,0.0077131840000000005,7000.0,4,0,0,0,3.0
126495,0,0.548389401,48,0,0.324711748,9626.0,10,0,2,0,0.0
126496,0,0.865017305,40,0,0.365462808,4180.0,6,0,0,2,0.0
126497,0,0.003038877,36,0,0.08169183099999999,10000.0,20,0,0,0,0.0
126498,0,0.086181724,66,0,0.02569266,14400.0,13,0,0,0,1.0
126499,0,0.156456236,37,1,1136.0,,3,0,2,0,2.0
126500,0,0.038612634,77,0,0.348118524,5500.0,15,0,2,0,0.0
126501,0,0.019465298,54,0,0.00518686,7518.0,7,0,0,0,0.0
126504,0,0.22549291899999999,29,0,0.057320595,4500.0,3,0,0,0,2.0
126507,0,0.00048779300000000004,82,0,0.0,4500.0,6,0,0,0,0.0
126510,0,0.274922647,45,2,0.600375738,3725.0,8,0,2,0,2.0
126511,0,0.202709332,28,0,451.0,,10,0,0,0,0.0
126512,0,0.333763688,57,1,1.4962112509999999,4354.0,13,0,3,0,0.0
126513,0,0.8318659340000001,60,0,0.238944121,5833.0,3,0,0,0,0.0
126514,0,0.149479267,58,0,0.288571067,7900.0,11,0,2,0,0.0
126515,0,0.466511526,67,0,0.416936195,3400.0,14,0,1,0,0.0
126516,0,0.12959657300000002,51,0,0.39940015,4000.0,8,0,1,0,1.0
126518,1,0.28264542600000003,37,0,3.9105473969999998,748.0,10,1,1,0,3.0
126519,0,0.592819985,43,0,0.20584706,9166.0,7,0,1,0,2.0
126520,0,0.341882741,62,0,0.22594646699999998,8293.0,8,0,1,0,1.0
126521,0,0.062446855999999995,48,0,0.005999333000000001,9000.0,6,0,0,0,0.0
126522,0,0.089438105,61,0,0.19405373,15000.0,11,0,1,0,1.0
126523,0,0.03172311,63,0,0.01118608,5631.0,8,0,0,0,0.0
126524,0,0.026210535,64,0,926.0,,8,0,2,0,0.0
126525,0,0.9999998999999999,29,0,0.433084312,4684.0,6,0,1,0,0.0
126527,0,1.269243585,51,0,0.423518878,6700.0,3,2,1,0,2.0
126529,0,0.080323777,42,0,0.327798607,5600.0,10,0,2,0,1.0
126530,1,0.9999998999999999,23,0,0.21331761899999999,1696.0,2,0,0,0,0.0
126531,0,0.207680229,34,0,0.094795072,7953.0,4,0,0,0,0.0
126532,0,0.034566491,69,0,0.331184928,6050.0,8,0,2,0,0.0
126533,0,0.006119755,80,0,0.0009300160000000001,4300.0,4,0,0,0,0.0
126535,0,0.0,41,0,0.499564965,6895.0,15,0,2,0,0.0
126536,0,0.07394746,69,0,0.17428700800000002,4417.0,8,0,0,0,0.0
126538,0,0.545819354,29,0,2.207992734,1100.0,5,0,1,0,0.0
126539,0,0.001403421,66,0,0.121587841,10000.0,16,0,1,0,0.0
126540,0,0.28924605600000003,37,0,0.681775763,7500.0,8,0,3,0,0.0
126542,0,0.062167384000000006,43,0,0.41182078200000005,3146.0,5,0,1,0,0.0
126543,1,1.330677291,40,1,0.106943336,7517.0,2,3,0,0,3.0
126546,0,0.879762226,27,1,0.282620766,1800.0,5,1,0,0,0.0
126547,0,0.10401991099999999,38,0,0.30596940300000003,10000.0,19,0,1,0,0.0
126548,0,0.0,63,0,0.0,530.0,5,0,0,0,0.0
126549,0,0.021277187000000003,90,0,0.007094486,3100.0,6,0,0,0,0.0
126550,0,0.0,38,0,0.540583766,2500.0,5,0,2,0,2.0
126551,0,0.16338261099999998,65,0,0.49236474700000005,4583.0,13,0,1,0,1.0
126552,1,0.9999998999999999,30,1,0.155211197,4000.0,2,1,0,0,0.0
126555,0,0.388720205,49,0,3299.0,,7,0,2,0,0.0
126557,0,0.0,63,0,0.29390997399999996,4531.0,7,0,1,0,0.0
126558,0,0.7122625709999999,52,0,2495.0,,2,0,1,0,0.0
126559,0,0.126669807,42,3,0.7876601120000001,5542.0,11,0,2,0,3.0
126560,1,0.7052246329999999,39,0,0.176735306,7332.0,6,0,0,0,2.0
126563,0,0.08738121300000001,39,0,0.264973503,10000.0,10,0,2,0,2.0
126565,0,0.203776318,36,0,0.259774023,10000.0,15,0,2,0,2.0
126566,1,0.18129772600000002,66,0,1.007524997,9700.0,21,0,4,1,0.0
126568,0,0.115235596,45,0,0.291614518,5592.0,5,0,1,0,2.0
126569,0,0.005849708,85,0,3.0,,1,0,0,0,0.0
126571,0,0.180277587,33,0,0.29528782800000003,8042.0,12,0,2,0,2.0
126572,0,0.486483784,33,0,0.345694273,4853.0,10,0,1,0,1.0
126573,0,0.0,64,0,0.439171123,2991.0,5,0,2,0,0.0
126575,0,0.0009496589999999999,55,0,0.001499625,4000.0,17,0,0,0,0.0
126578,0,0.045266987,69,0,0.053163609,2670.0,14,0,0,0,0.0
126579,0,0.373151768,55,0,0.41778975700000004,12984.0,8,0,2,0,1.0
126581,0,0.38143154,57,0,0.15615384599999999,12999.0,9,0,1,0,1.0
126582,0,0.056875255,58,0,0.251774823,10000.0,11,0,1,0,3.0
126584,1,0.9150928420000001,44,2,1.2356225570000001,1790.0,7,0,1,1,3.0
126585,0,0.7379077620000001,44,1,0.778276194,3120.0,9,0,1,0,2.0
126587,0,0.051539912,52,0,279.0,,3,0,0,0,0.0
126588,1,0.8947183000000001,36,0,0.7927953090000001,3580.0,8,0,1,0,0.0
126592,0,0.003639854,44,0,2731.0,,6,0,2,0,0.0
126593,1,1.017618214,38,0,0.5425184679999999,5820.0,9,0,1,0,0.0
126595,0,0.00186158,75,1,7.0,,13,0,0,0,0.0
126596,0,0.04992759099999999,64,0,0.02865844,44000.0,7,0,1,0,0.0
126597,0,0.9999998999999999,52,0,0.004581424000000001,2400.0,0,1,0,0,0.0
126598,0,0.297349228,46,2,0.398176739,6800.0,17,0,2,0,1.0
126599,0,0.11725305,83,0,319.0,,14,0,0,0,0.0
126601,0,0.679513658,43,0,0.370297169,14166.0,14,0,2,0,2.0
126602,0,0.285915281,39,0,0.279606275,3250.0,5,0,0,0,0.0
126604,0,0.008936287,72,0,0.905899751,12847.0,17,0,2,1,1.0
126605,0,0.123971107,62,0,0.178700658,12159.0,17,0,2,0,0.0
126607,0,0.753046435,35,0,0.360238216,7891.0,11,0,2,0,0.0
126608,0,0.064081197,87,0,101.0,,5,0,0,0,
126609,0,0.027884014,54,0,0.136309095,8333.0,17,0,0,0,1.0
126610,0,0.09849860199999999,67,0,0.117840111,19500.0,12,0,3,0,0.0
126612,0,0.9999998999999999,42,0,381.0,,3,0,0,0,
126614,0,0.10203450800000001,60,0,0.371271855,5833.0,10,0,1,0,1.0
126615,0,0.199369773,80,0,49.0,,3,0,0,0,0.0
126616,0,0.31473798399999997,57,1,0.552435805,8333.0,7,0,1,0,2.0
126617,0,0.999134978,55,0,0.56898467,4500.0,7,0,1,1,0.0
126618,0,0.9999998999999999,33,0,1.066373451,2500.0,11,0,1,0,0.0
126619,0,0.04164546,74,0,0.249685195,5558.0,7,0,1,0,1.0
126620,0,0.05834368,58,0,0.103255435,27000.0,6,0,1,0,1.0
126621,0,0.007878629,66,0,11.0,,2,0,0,0,0.0
126624,0,0.011685131000000001,82,0,16.0,,5,0,0,0,
126625,1,0.123269407,55,1,0.295467585,12200.0,16,0,1,0,0.0
126626,0,0.8662089190000001,44,4,0.107380444,15933.0,11,0,0,1,0.0
126627,0,0.061127793,56,0,3056.0,,11,0,2,0,0.0
126628,0,0.09628002699999999,74,0,0.18719783399999998,5170.0,5,0,1,0,0.0
126630,0,0.9953348879999999,68,0,0.12543728099999998,2000.0,3,0,0,0,0.0
126631,0,0.005740461999999999,62,0,1284.0,,10,0,1,0,0.0
126632,0,0.587309776,58,0,0.365770596,13800.0,17,0,2,0,0.0
126633,0,0.0,67,0,0.084404456,4667.0,4,0,1,0,0.0
126634,0,0.889867408,41,0,0.41545842200000005,9379.0,11,0,1,0,1.0
126635,0,0.339847567,51,0,0.5435128379999999,4400.0,6,0,2,0,2.0
126636,0,0.9999998999999999,37,0,0.846630674,5000.0,6,0,3,0,1.0
126637,0,0.9999998999999999,56,0,0.359307359,2309.0,2,0,1,0,0.0
126638,0,0.9999998999999999,55,3,0.551482839,3000.0,3,0,1,1,1.0
126640,0,0.0,34,0,0.07907122700000001,6373.0,3,0,1,0,0.0
126641,0,0.166796823,61,0,0.02590981,10111.0,3,0,0,0,1.0
126644,0,0.057899029000000005,39,0,3063.0,,8,0,1,0,0.0
126645,0,0.342365009,56,0,0.8529608940000001,4474.0,12,0,1,0,0.0
126646,0,0.023136347999999998,61,0,0.379602813,4833.0,10,0,1,0,3.0
126649,0,0.323840411,39,0,0.6648799089999999,9700.0,11,0,4,0,0.0
126650,0,0.02945308,77,0,0.004559635,8333.0,8,0,0,0,0.0
126652,0,0.09917161199999999,63,0,1816.0,,13,0,2,0,1.0
126653,0,0.47069139200000004,67,2,0.346517054,9000.0,11,0,3,1,0.0
126654,0,0.019555583,56,0,0.014860848000000001,3700.0,6,0,0,0,0.0
126656,0,0.054859447,53,0,0.5153503629999999,12800.0,20,0,4,0,4.0
126657,0,0.5031118,65,0,0.995377504,3893.0,13,0,2,0,1.0
126658,0,0.023191899,73,0,16.0,1.0,6,0,0,0,0.0
126659,0,0.0,31,0,421.0,,7,0,0,0,0.0
126660,0,0.85440416,31,0,0.171443807,7500.0,5,0,0,0,0.0
126661,0,0.18950986,41,1,0.239263804,4400.0,11,0,0,0,1.0
126662,0,0.044605764000000006,74,1,0.233205374,4167.0,7,0,1,0,0.0
126663,0,0.0,28,0,0.3122611,3400.0,5,0,0,0,0.0
126664,0,0.015350128999999999,86,0,0.002368546,4221.0,7,0,0,0,0.0
126665,0,0.29787447899999997,54,0,0.359182313,9000.0,5,0,1,0,1.0
126668,0,0.00042913699999999995,68,0,0.07622482,8041.0,11,0,1,0,0.0
126669,0,0.48168776399999996,70,0,0.11977856099999999,3973.0,6,0,0,0,1.0
126671,0,0.050122535,42,1,0.27339984300000003,8920.0,7,0,1,0,2.0
126674,0,0.037158087,69,0,0.29603547199999997,3833.0,9,0,0,0,1.0
126676,0,0.7394941509999999,43,0,2.162335066,2500.0,14,0,6,1,0.0
126677,0,0.9999998999999999,50,0,373.0,,1,0,0,0,0.0
126678,1,0.6187683279999999,53,3,0.30831873,9700.0,9,0,1,0,1.0
126679,0,0.007041281,70,0,0.0029841840000000004,3350.0,7,0,0,0,1.0
126680,0,0.093051815,61,0,0.181930211,15417.0,10,0,2,0,0.0
126681,0,0.036959686,62,0,0.007368876999999999,2306.0,3,0,0,0,0.0
126682,1,0.34429737299999996,38,0,1.789157965,4500.0,23,14,11,1,0.0
126683,0,0.437395839,60,0,2245.0,,9,0,2,0,0.0
126684,0,0.052212025,58,0,0.008722093,12496.0,10,0,0,0,0.0
126685,1,0.68797954,45,0,2425.0,,6,0,1,0,0.0
126686,0,0.025084882000000003,56,1,0.618038196,10000.0,14,0,5,0,0.0
126687,0,0.759778615,50,0,0.47372210200000003,12500.0,8,0,2,0,2.0
126688,0,0.041750262999999996,64,0,2319.0,,4,0,1,0,0.0
126689,0,0.000329407,58,0,1195.0,,12,0,0,0,2.0
126690,0,0.105495,46,0,0.5326571,8083.0,11,0,1,0,0.0
126691,0,0.0,71,0,722.0,,15,0,1,0,
126693,0,0.137762075,54,0,0.865503453,2750.0,6,0,1,0,0.0
126694,0,0.0,62,0,0.0,4000.0,3,0,0,0,0.0
126695,1,0.005997601,31,1,0.10558464199999999,4583.0,4,0,0,1,2.0
126697,0,0.31629729300000003,31,0,1347.0,,14,0,1,0,2.0
126698,0,0.479483769,58,0,0.317718606,6083.0,9,0,2,0,0.0
126699,0,0.018036365,50,0,0.34388568700000005,12666.0,8,0,1,0,1.0
126700,0,0.21716013899999997,50,0,1379.0,,9,0,1,0,0.0
126701,1,0.62700946,46,4,4.606908393,9900.0,17,0,5,0,2.0
126703,0,0.030510865,45,0,0.25403784,4333.0,5,0,1,0,2.0
126705,0,0.037579647,75,0,27.0,,7,0,0,0,
126706,1,0.0,42,1,0.232368817,11300.0,4,0,1,2,2.0
126707,0,0.064762624,66,0,0.40156453700000005,3834.0,7,0,0,0,0.0
126709,1,0.9999998999999999,69,1,0.23026542600000002,2900.0,4,2,1,3,0.0
126710,0,0.43077128200000003,45,0,0.202459508,3333.0,2,0,0,0,0.0
126711,0,0.383496898,46,0,0.24880728600000002,6916.0,14,0,0,0,0.0
126713,0,0.562587786,47,0,2595.0,,14,0,1,0,2.0
126714,0,0.9999998999999999,58,1,428.0,,2,1,1,0,
126715,0,0.0014401479999999998,68,0,0.42158115799999996,5476.0,12,0,1,0,0.0
126716,0,0.038190461,28,0,0.407902382,1720.0,7,0,0,0,0.0
126717,0,0.056479932000000004,67,0,1219.0,,11,0,1,0,0.0
126718,1,0.8760918329999999,55,2,0.608607448,6900.0,30,0,2,0,0.0
126720,0,0.91996482,60,2,2534.0,,11,0,2,0,0.0
126721,0,0.0,45,0,0.217596801,5500.0,3,0,2,0,0.0
126722,1,0.103863814,34,1,0.49910746200000006,2800.0,11,0,1,0,4.0
126723,0,0.001764591,40,0,0.48554598,9166.0,10,0,3,0,3.0
126724,0,0.089626086,72,0,0.022171068999999998,8253.0,7,0,0,0,0.0
126725,0,0.985689081,72,2,0.441137272,2250.0,6,0,1,0,0.0
126727,0,0.048743814,40,0,0.168359628,4626.0,8,0,0,0,4.0
126728,0,0.00763178,56,0,0.09450601800000001,8390.0,7,0,1,0,0.0
126730,0,0.029433365,47,0,0.39172165600000003,3333.0,9,0,1,0,0.0
126732,0,0.449101796,40,1,0.211996472,3400.0,4,0,0,0,3.0
126733,0,0.052776605,55,0,0.411931345,6000.0,12,0,2,0,0.0
126734,0,0.9999998999999999,22,0,346.0,,1,0,0,0,0.0
126735,0,0.232671242,71,0,0.182082043,5167.0,7,0,1,0,0.0
126737,0,0.043494167,47,0,0.10247010599999999,11456.0,5,0,1,0,3.0
126738,1,0.282806965,41,1,0.149845584,8094.0,19,0,0,1,2.0
126739,0,0.0,80,0,0.0,,3,0,0,0,0.0
126741,0,0.673069936,59,1,0.436351706,7619.0,10,0,2,0,0.0
126743,0,0.270722574,59,0,0.262355545,12200.0,12,0,2,0,3.0
126744,0,0.0046921870000000004,81,0,170.0,,6,0,0,0,0.0
126745,0,0.048812304,56,0,1079.0,,11,0,0,0,1.0
126746,0,0.817163548,55,0,2461.0,,12,0,1,0,2.0
126747,0,0.081445928,54,0,6532.0,,7,0,2,0,0.0
126748,0,0.26514641,47,0,0.272793141,8280.0,8,0,1,0,4.0
126750,0,0.090909091,78,0,0.060939060999999996,1000.0,3,0,0,0,0.0
126751,0,0.08471432599999999,35,0,0.603215993,2300.0,13,0,2,0,1.0
126753,0,0.488594996,35,0,0.780739753,3000.0,9,0,2,0,0.0
126754,0,0.054627101,32,0,0.17232782800000002,3208.0,10,0,0,0,0.0
126755,0,0.102794126,32,0,3863.0,,4,0,1,0,0.0
126757,0,0.027078591000000003,62,0,0.338410496,6630.0,15,0,1,0,0.0
126758,0,0.563436563,48,0,70.0,,7,0,0,0,0.0
126759,0,0.035967425,50,0,0.104579084,5000.0,5,0,0,0,0.0
126760,0,0.0,79,0,0.385523127,9490.0,13,0,3,0,0.0
126761,0,0.0,53,1,1773.0,,6,2,1,1,0.0
126762,1,0.036257285,63,0,0.09551543400000001,3433.0,8,0,0,0,0.0
126763,0,0.0,46,0,0.0,40650.0,2,0,0,0,4.0
126764,0,0.010757668,59,0,0.23772474,9510.0,16,0,1,0,0.0
126765,0,0.31884058,26,0,0.012658228,1500.0,1,0,0,0,0.0
126766,0,0.1028485,33,0,0.30548766899999996,4500.0,7,1,1,0,1.0
126768,0,0.0,52,2,0.329239711,10666.0,9,0,2,0,0.0
126769,0,0.958080148,38,0,1.0206383490000002,4166.0,7,0,1,0,0.0
126770,0,0.17236726,47,0,0.579198593,7960.0,9,0,5,0,4.0
126772,0,0.658817831,39,0,0.262357414,7100.0,10,0,0,0,3.0
126773,0,0.012523213,54,0,0.752029981,1600.0,5,0,1,0,1.0
126774,0,0.06119694,62,0,0.10713265400000001,10500.0,3,0,1,0,0.0
126776,0,0.035517192999999996,30,0,506.0,,8,0,0,0,1.0
126778,0,0.042343872000000005,31,0,46.0,,3,0,0,0,0.0
126781,0,0.0,58,0,1020.0,,2,0,1,0,0.0
126783,0,0.07143334900000001,38,0,0.005470085,5849.0,2,0,0,0,3.0
126785,0,0.7574111259999999,46,1,4327.0,,8,0,1,0,
126786,1,0.238169132,60,3,1973.0,,16,0,1,0,0.0
126787,1,1.171016102,46,3,0.285428643,4000.0,3,0,1,3,7.0
126789,0,0.013583015,64,0,3237.0,,14,0,2,0,0.0
126790,0,0.035183521,54,0,0.145685431,10000.0,5,0,1,0,0.0
126791,0,0.293962569,61,0,1899.0,,8,0,1,0,2.0
126792,0,0.35472244799999997,37,0,0.168133955,5792.0,12,0,1,0,1.0
126796,0,0.0,41,0,0.11975116599999999,4500.0,6,0,0,0,3.0
126797,1,0.9999998999999999,35,0,0.042898792000000005,2400.0,1,2,0,0,0.0
126798,1,0.707450804,54,2,2.35368755,1260.0,8,0,1,0,1.0
126799,0,0.010112402,61,0,0.464112624,4332.0,9,0,2,0,0.0
126800,0,0.471053857,56,0,0.489969136,1295.0,5,0,0,0,0.0
126801,0,0.946508915,31,0,0.379767828,2411.0,11,0,0,0,1.0
126802,0,0.693620259,40,1,0.27398702,5700.0,4,1,1,0,1.0
126803,0,0.272275896,33,0,0.691796649,3461.0,12,0,1,0,0.0
126804,0,0.45833298899999997,63,0,4654.0,,15,0,1,0,0.0
126805,0,0.22111555800000002,40,0,0.49686708399999996,7500.0,12,0,1,0,3.0
126806,0,0.314480345,42,0,0.312349565,5400.0,5,0,2,0,5.0
126807,0,0.033506275,68,0,0.515835141,2304.0,6,0,1,0,1.0
126808,0,0.529506965,38,0,0.556870035,5916.0,9,0,1,0,1.0
126809,0,0.040676107,45,0,6.812,249.0,8,0,2,0,0.0
126811,0,0.379255691,67,0,0.50235538,5306.0,14,0,2,0,0.0
126813,0,0.111995485,48,0,0.389206665,4020.0,6,0,1,0,0.0
126814,0,0.0,38,0,1202.0,,5,0,1,0,0.0
126816,0,0.241917761,65,0,3225.0,,28,0,2,0,0.0
126817,1,0.000895469,52,0,3042.0,,7,0,1,0,0.0
126819,0,0.799681311,60,3,0.562157676,6024.0,5,1,1,0,0.0
126820,0,0.0,53,0,0.41191761600000004,5000.0,12,0,2,0,0.0
126821,0,0.02156734,76,0,29.0,,4,0,0,0,0.0
126823,0,0.061595894000000005,51,0,27.0,,4,0,0,0,0.0
126824,0,0.12149212,61,0,205.0,,3,0,0,0,0.0
126825,0,0.011427661,58,0,1256.0,,13,0,1,0,0.0
126827,0,0.022484137999999997,57,0,0.16796160899999998,4375.0,5,0,1,0,0.0
126828,0,0.04465672,44,0,1346.0,,5,0,1,0,0.0
126829,1,0.0499002,31,0,0.051212271,4041.0,3,2,0,1,4.0
126831,0,0.000857563,48,0,0.074995557,16880.0,16,0,2,0,0.0
126832,0,0.027594481,34,0,0.17984677300000002,7700.0,4,0,1,0,4.0
126833,0,0.090637306,57,0,0.149296016,11647.0,4,0,1,0,0.0
126834,0,0.36749414,34,0,885.0,,8,0,0,0,0.0
126835,0,0.084358524,67,0,1017.0,,3,0,1,0,0.0
126836,0,0.070519656,47,0,0.263411943,7250.0,10,0,1,0,1.0
126838,0,0.231635244,40,0,0.003089969,100000.0,3,0,0,0,0.0
126840,0,0.290159955,48,0,0.293390861,5098.0,6,0,1,0,3.0
126841,0,0.040757215,72,0,0.161858565,3916.0,10,0,1,0,0.0
126842,0,0.17009375899999998,44,0,126.0,,5,0,0,0,
126844,0,0.030348296,50,1,0.14307878,5800.0,12,0,0,0,0.0
126845,0,0.9999998999999999,63,0,0.546357616,905.0,1,0,0,0,8.0
126846,0,0.9999998999999999,52,0,0.734928809,3300.0,4,0,2,0,0.0
126848,0,0.022157217000000003,76,0,0.008390142,3813.0,5,0,0,0,0.0
126850,0,0.080528975,58,0,0.0030551309999999996,7200.0,4,0,0,0,1.0
126852,0,0.836980575,42,0,7582.0,,13,0,2,0,0.0
126853,1,0.0,50,0,0.004168246,7916.0,7,2,0,0,0.0
126855,0,0.007894571,78,0,0.543877551,979.0,9,0,0,1,0.0
126856,0,0.015007332,28,0,0.386952636,4475.0,10,0,2,0,1.0
126857,0,0.378547621,72,0,0.022395521,5000.0,3,0,0,0,0.0
126859,0,0.8905136859999999,47,0,0.487628093,4000.0,7,0,1,0,0.0
126861,0,0.850496908,35,0,0.683465223,2400.0,4,0,1,0,0.0
126862,0,0.011612653,72,0,485.0,,7,0,1,0,
126866,1,1.027888446,41,2,0.070211316,4400.0,2,0,0,0,1.0
126867,0,0.201424358,29,0,0.17625116600000001,3216.0,5,0,0,0,0.0
126868,0,0.015803293,46,0,0.254588867,6700.0,6,0,1,0,1.0
126869,0,0.9999998999999999,29,0,0.204265245,3000.0,4,0,0,0,0.0
126872,0,0.288063505,62,0,0.32426757300000003,10000.0,19,0,0,0,2.0
126873,0,0.076651426,61,0,0.05435814,7376.0,7,0,0,0,0.0
126874,0,0.009564329,72,0,0.088646967,4500.0,13,0,0,0,1.0
126875,1,1.059588082,40,1,0.224189141,8416.0,2,0,1,2,2.0
126877,0,0.9260493000000001,32,0,0.19787131100000002,2066.0,5,0,0,0,1.0
126878,0,0.882235529,35,0,0.111271975,4834.0,3,0,0,2,0.0
126880,0,0.007681469000000001,63,0,0.452568429,8000.0,11,0,2,0,1.0
126881,0,0.96141273,42,0,5051.0,,8,0,2,0,0.0
126882,0,0.0,50,0,0.698971125,3012.0,5,0,1,0,3.0
126884,1,1.1395348840000001,25,2,0.048138056,1100.0,4,2,0,0,0.0
126886,0,0.9999998999999999,60,0,0.253917893,10400.0,3,0,3,0,0.0
126887,0,0.830033993,45,0,0.500779844,8334.0,9,0,2,0,2.0
126888,0,0.44908044799999997,43,0,0.671508262,9500.0,13,0,5,0,3.0
126890,0,0.060030307000000005,58,0,0.32533433300000003,8000.0,12,0,2,0,1.0
126893,1,0.18851756600000003,62,3,0.817720351,6500.0,16,0,3,2,0.0
126894,0,0.061127899000000006,70,1,0.7551655190000001,4500.0,16,0,5,1,0.0
126895,0,0.025159056000000003,40,0,0.17841607899999998,13333.0,6,0,1,0,0.0
126896,0,0.17951084399999997,57,0,2244.0,,6,0,1,0,0.0
126897,0,0.668041354,41,1,0.5635141779999999,6100.0,11,0,2,0,2.0
126898,0,0.058998265,41,0,2801.0,,8,0,2,0,0.0
126899,0,0.99001996,33,0,0.08700481300000001,2700.0,3,3,0,1,0.0
126901,0,0.085849471,49,0,0.261273466,10333.0,11,0,1,0,2.0
126902,0,0.185088103,50,0,2526.5,1.0,13,0,2,0,2.0
126904,0,2.0340775559999997,41,1,0.105185185,674.0,3,0,0,0,0.0
126905,0,0.0,62,0,0.30441793,3100.0,9,0,0,0,0.0
126906,0,0.543660877,35,0,0.223990208,8169.0,11,0,0,0,1.0
126907,0,0.786079434,58,0,1360.0,,12,0,0,0,0.0
126909,0,0.0,74,0,321.0,,5,0,0,0,0.0
126910,0,0.9756804929999999,68,0,0.307617504,6169.0,4,0,1,0,0.0
126911,0,0.65002647,45,0,0.551508659,5600.0,8,0,1,0,0.0
126913,0,0.013445548,68,0,0.138847193,6661.0,14,0,1,0,1.0
126914,0,0.9413724179999999,28,1,0.08797763300000001,5364.0,3,0,0,0,2.0
126915,0,0.025996286,70,0,0.0019992,2500.0,2,0,0,0,0.0
126916,0,0.021287498,59,0,0.026835043,3800.0,11,0,0,0,2.0
126918,0,0.07458576900000001,36,0,0.052789442,6667.0,5,0,0,0,3.0
126920,0,0.403603965,66,0,0.5061411029999999,3500.0,15,0,0,0,0.0
126921,0,0.8562891359999999,43,0,0.435300904,5200.0,7,0,1,0,2.0
126922,0,0.079568504,26,0,4.676646707,500.0,22,0,1,0,0.0
126924,0,0.009090744,35,0,0.165857605,13595.0,12,0,4,0,1.0
126925,0,0.0015290770000000002,58,0,0.185842891,8108.0,18,0,1,0,2.0
126926,0,0.0,87,0,0.0,5299.0,5,0,0,0,0.0
126928,0,0.193935355,33,1,0.16797900300000002,4190.0,7,0,0,0,0.0
126929,0,0.044473657,71,0,0.260644206,2700.0,27,0,1,0,0.0
126931,0,0.094575995,69,0,0.104980765,9877.0,9,0,1,0,0.0
126932,0,0.005289981,72,0,81.0,,2,0,0,0,0.0
126933,0,0.0,49,0,0.293306807,7036.0,9,0,1,0,2.0
126934,0,0.583269929,46,1,0.8305600000000001,6249.0,6,0,1,0,2.0
126935,0,0.000105259,69,1,0.17507886399999997,16483.0,12,0,2,0,0.0
126936,0,0.9999998999999999,45,0,0.0,,1,0,0,0,0.0
126937,0,0.309051955,58,0,0.14518582900000002,4600.0,8,0,0,0,0.0
126939,0,0.0,58,1,0.188937021,3000.0,15,0,0,0,0.0
126941,0,0.019321215,79,0,0.001624797,8000.0,2,0,0,0,0.0
126943,0,0.16227924,35,0,0.002332945,6000.0,4,0,0,0,2.0
126944,0,0.22923083100000002,84,0,171.0,,6,0,0,0,0.0
126947,0,0.073154474,55,0,0.010055744,9148.0,8,0,0,0,0.0
126948,0,0.019566014,41,0,0.245473154,6350.0,5,0,1,0,3.0
126949,0,0.022625152000000003,59,0,0.412332838,8075.0,13,0,3,0,0.0
126950,0,0.7132933379999999,69,1,0.082367053,2500.0,6,0,0,0,0.0
126951,0,0.232954545,75,1,579.0,,8,0,0,0,0.0
126952,0,0.161240615,52,0,0.050532829,2908.0,5,0,0,0,0.0
126953,1,1.334721066,39,1,0.091131998,2446.0,7,0,0,1,3.0
126955,1,0.9,62,6,0.37444320700000006,7183.0,9,0,1,0,0.0
126958,0,0.69108542,36,0,0.319908598,3500.0,5,0,0,0,0.0
126960,0,0.026571029,49,0,0.385124697,4530.0,10,0,2,0,1.0
126962,0,0.345925641,49,0,0.499479347,2880.0,8,0,0,0,0.0
126963,1,0.02081463,65,1,2812.0,,7,0,2,0,
126966,0,0.8563809840000001,31,0,1.0342612420000001,2801.0,8,0,2,0,0.0
126967,0,0.0,39,0,1158.0,,9,0,1,0,0.0
126968,0,0.09413299800000001,63,0,0.037445966000000004,19200.0,8,0,0,0,1.0
126969,0,0.040878479,61,0,973.0,,6,0,1,0,0.0
126970,0,0.02130961,39,0,0.43650658,5850.0,8,0,1,0,0.0
126973,0,0.330857845,35,0,1879.0,,5,0,1,0,0.0
126974,0,0.434240886,41,0,0.147144644,2398.0,4,0,0,0,1.0
126975,0,0.7622078990000001,62,0,0.329368576,13619.0,9,0,1,0,2.0
126977,0,0.47926037,43,0,0.365878041,3000.0,8,0,1,1,0.0
126979,0,0.035324725,48,0,0.286379873,6438.0,12,0,2,0,2.0
126980,0,0.7490267279999999,73,0,1.0685886999999998,4300.0,12,0,2,0,0.0
126981,0,0.755297627,67,0,0.81984633,6116.0,12,0,2,0,0.0
126983,0,0.019673485,55,0,0.079216733,6740.0,7,0,1,0,0.0
126987,0,0.01427345,65,0,1370.0,,12,0,1,0,0.0
126989,0,0.07101128599999999,71,0,0.043990224,4500.0,11,0,0,0,0.0
126990,0,0.9999998999999999,48,0,6563.0,0.0,10,0,2,0,3.0
126992,0,0.205711046,39,0,0.331749332,10100.0,4,0,1,0,1.0
126993,0,0.010231463,63,0,0.18727340899999997,7998.0,13,0,2,0,1.0
126995,0,0.843083529,54,0,0.057122634000000005,66400.0,9,0,2,0,1.0
126997,0,0.320098234,38,0,0.505753578,7125.0,14,0,3,0,0.0
126999,0,0.080132115,76,0,0.319806178,1650.0,9,0,0,0,0.0
127001,0,0.498450155,50,1,0.362411726,16850.0,15,0,3,0,1.0
127002,0,0.062597156,79,0,80.0,,8,0,0,0,0.0
127003,0,0.9999998999999999,49,0,0.01612342,8620.0,1,0,1,0,2.0
127004,0,0.046699863,62,0,0.09288824400000001,6200.0,18,0,1,0,0.0
127005,0,0.046208094000000005,71,1,444.0,,14,0,1,0,0.0
127007,0,0.051375494,35,0,0.182554732,5800.0,10,0,0,0,2.0
127009,0,0.6825723340000001,63,1,3333.0,,10,0,1,0,0.0
127010,0,0.34863181299999996,68,0,0.504368546,6294.0,10,0,2,0,0.0
127011,0,0.097432665,44,0,134.0,,5,0,0,0,0.0
127013,0,0.139931167,71,0,0.265500152,9886.0,19,0,1,0,0.0
127014,0,0.092196335,44,0,0.757829731,6800.0,12,0,1,0,2.0
127015,0,0.016422753000000002,55,0,2076.0,,10,0,2,0,0.0
127017,0,0.21856252199999998,31,0,0.183032732,1496.0,5,0,0,0,0.0
127018,0,1.214392804,62,2,0.170168465,5282.0,9,2,0,3,0.0
127023,0,0.302452782,57,0,0.322473994,12400.0,6,0,2,0,0.0
127024,0,0.168149978,51,0,0.50689862,5000.0,13,0,2,0,0.0
127026,0,0.556170159,39,1,0.235486891,6407.0,14,0,0,0,0.0
127027,0,0.605442177,58,1,0.13944981,6833.0,11,0,0,0,0.0
127029,0,0.11308248300000001,74,0,0.019063005,6189.0,4,0,0,0,1.0
127031,0,0.582794334,64,0,0.247682533,9600.0,5,0,1,0,0.0
127034,0,0.0,63,0,0.072407551,11600.0,6,0,0,0,0.0
127035,0,0.5696476779999999,63,0,4400.0,,5,0,2,0,0.0
127040,0,0.9463053690000001,35,0,1.346261495,2500.0,17,0,2,0,0.0
127041,0,0.317984571,64,0,0.251974347,18866.0,12,0,2,0,0.0
127043,1,0.5177906210000001,62,1,0.48161885,9166.0,11,0,2,0,0.0
127044,0,0.924198251,27,0,896.0,,6,0,0,0,
127045,0,0.427733055,50,0,0.37265877299999994,4644.0,10,0,2,0,0.0
127047,0,0.034289594,58,1,307001.0,,16,0,4,0,2.0
127048,0,0.717082441,53,1,0.653153153,5105.0,12,0,3,0,0.0
127049,1,0.772523695,47,0,2.035273369,1700.0,10,0,2,0,2.0
127050,0,0.42987105700000006,48,4,0.393672199,5783.0,8,0,1,0,1.0
127051,0,0.170475493,40,1,7004.0,,12,0,4,0,2.0
127052,1,0.647167057,51,0,0.50448833,2784.0,8,0,0,0,3.0
127054,0,0.025730016,48,0,1566.0,,10,0,1,0,0.0
127056,0,0.011177292,80,0,30.0,,15,0,0,0,0.0
127059,0,0.018761681000000002,40,0,0.362659335,4000.0,6,0,2,0,0.0
127060,0,0.9999998999999999,65,1,2826.0,,8,1,1,0,0.0
127061,0,0.474525475,49,0,0.31991353699999997,3700.0,5,0,1,0,2.0
127062,0,0.004166493,36,0,1.6906154930000001,4272.0,10,0,5,0,0.0
127064,0,0.37075655700000004,52,0,0.403694602,11800.0,12,0,2,0,2.0
127066,0,0.148216081,39,0,0.393969599,8025.0,12,0,3,0,2.0
127067,0,0.23992002699999998,34,0,0.287878788,4883.0,4,0,0,0,1.0
127068,0,0.007631473000000001,59,0,4113.0,0.0,13,0,3,0,0.0
127069,0,0.331607555,58,0,0.8250874559999999,2000.0,12,0,0,0,0.0
127071,1,0.982289636,32,0,1.311953353,2400.0,7,1,2,0,1.0
127072,0,0.009934843,64,0,4.0,,2,0,0,0,0.0
127074,0,0.06322913,70,0,0.029576339,1250.0,4,0,0,0,0.0
127075,0,0.659247334,50,0,0.12150599,7011.0,6,0,0,0,0.0
127076,0,0.36783412200000004,48,0,0.11498850099999999,10000.0,10,0,0,0,1.0
127077,0,0.091238595,59,0,1461.0,,11,0,2,0,0.0
127078,0,0.040919806,68,1,0.32351543899999996,4209.0,19,0,1,0,0.0
127079,0,0.038077842,30,0,0.273645399,6237.0,8,0,1,0,1.0
127080,1,0.9999998999999999,53,98,0.0,,0,98,0,98,0.0
127083,0,0.39977858299999997,67,0,0.512441581,7916.0,12,0,2,0,1.0
127084,1,0.9999998999999999,35,0,0.0,1800.0,0,0,0,0,0.0
127085,0,0.060183390999999996,53,0,0.08975683400000001,25167.0,6,0,2,0,1.0
127086,0,0.373125375,52,0,0.459513412,8014.0,5,0,2,0,1.0
127087,0,0.201938835,40,0,712.0,0.0,8,0,0,0,4.0
127088,0,0.139813929,41,0,0.621475705,5000.0,5,0,2,0,0.0
127089,0,0.0,63,0,7159.0,,14,0,1,0,
127090,1,0.588570853,41,0,0.604577743,3800.0,15,0,1,0,2.0
127091,0,0.009277262,33,0,0.440275539,6822.0,10,0,1,0,1.0
127092,0,0.9999998999999999,42,0,0.142990002,4300.0,6,0,1,0,2.0
127094,0,0.0028570379999999997,65,0,0.328303945,5500.0,8,0,1,0,0.0
127095,0,0.542251667,55,0,3286.0,,19,0,1,0,2.0
127096,0,0.022345882999999997,33,0,0.53531941,3255.0,7,0,1,0,1.0
127097,0,0.02859857,94,0,17.0,,4,0,0,0,0.0
127098,0,0.220503975,46,1,0.542629374,7400.0,10,0,2,0,0.0
127100,0,0.16495876,56,4,0.20190570100000002,6086.0,9,0,1,4,2.0
127101,0,0.9999998999999999,63,0,0.0,,1,0,0,0,0.0
127103,0,0.21902453800000002,31,0,0.001292149,16251.0,3,0,0,0,0.0
127105,0,0.929907009,32,0,1.0015372790000001,1300.0,4,0,2,0,0.0
127106,0,0.004937191,84,0,2.0,,3,0,0,0,0.0
127107,0,0.9999998999999999,47,1,0.599582305,5266.0,5,2,2,1,3.0
127108,0,0.0,46,0,0.278906093,4972.0,5,0,2,0,2.0
127109,0,0.01567369,33,0,10.0,,1,0,0,0,0.0
127110,0,0.028830012000000002,26,0,0.235895158,2250.0,5,0,0,0,0.0
127111,0,0.007705544,24,0,0.003557137,2248.0,3,0,0,0,0.0
127115,0,0.062079792,76,0,0.017994002,3000.0,3,0,0,0,0.0
127116,0,0.6710959,61,2,0.15728715699999998,6236.0,9,0,0,0,0.0
127117,0,0.043547823,53,0,26.0,,1,0,0,0,
127118,0,0.9999998999999999,49,0,0.0,4600.0,1,0,0,0,0.0
127119,0,0.798962595,32,1,0.7218600609999999,2300.0,11,0,1,0,2.0
127120,0,0.015249047,32,0,0.012702893,2833.0,4,0,0,0,0.0
127121,0,0.270729271,24,0,8.0,0.0,1,0,0,0,0.0
127122,0,0.367420206,51,0,3098.0,,9,0,1,0,5.0
127123,0,0.021469798999999998,73,0,1662.0,,5,0,2,0,0.0
127125,0,0.064650678,68,0,0.19084659899999998,16583.0,12,0,2,0,1.0
127126,0,0.02269773,80,0,0.045460334000000005,7852.0,3,0,0,0,0.0
127127,0,0.0,79,0,0.7356321840000001,2000.0,8,0,1,0,0.0
127128,0,0.7368157959999999,67,0,0.24117255199999998,1500.0,4,0,0,0,0.0
127129,0,0.008615053000000001,30,0,0.737445928,5316.0,8,0,3,0,0.0
127130,0,0.275350066,36,0,0.388029037,7300.0,12,0,1,0,1.0
127131,0,0.019599564,65,0,0.030993801,5000.0,6,0,0,0,0.0
127132,0,0.676877319,49,1,1628.0,,10,0,0,0,5.0
127135,0,0.084025537,33,0,0.047373567000000005,11250.0,5,0,0,0,0.0
127136,0,0.002882268,88,0,2.0,,7,0,0,0,
127137,0,0.536157655,59,1,2313.0,,11,0,2,0,0.0
127138,0,0.907279211,48,0,2552.0,,9,0,1,0,0.0
127139,0,0.08183616099999999,65,0,0.34939759,248.0,4,0,0,0,0.0
127140,0,0.044747724,72,0,0.19490445899999997,3924.0,12,0,2,0,0.0
127141,0,0.040566471,49,0,0.37718182899999997,8650.0,16,0,1,0,2.0
127142,0,0.021454776000000002,63,0,40.0,,5,0,0,0,
127143,0,0.021731597000000002,90,0,13.0,,7,0,0,0,0.0
127144,0,0.48187953,49,0,0.165159624,5418.0,7,0,1,0,0.0
127145,0,0.0,59,0,0.09586418199999999,7833.0,6,0,1,0,0.0
127146,0,0.10406657300000001,63,0,0.21279631300000001,9111.0,6,0,0,0,0.0
127148,0,0.037382698,38,0,0.006377164,3292.0,2,0,0,0,0.0
127152,0,0.014921928999999999,55,0,0.000668807,7475.0,1,0,0,0,0.0
127153,0,0.127244472,68,0,1.30620985,1400.0,11,0,2,0,0.0
127156,0,0.18574195899999998,30,0,0.652369526,6667.0,14,0,1,0,1.0
127157,0,0.032268971,70,0,0.23412652399999997,8614.0,11,0,1,0,1.0
127159,0,0.469321626,55,9,0.8242172759999999,5301.0,16,4,2,1,3.0
127160,1,0.6051206929999999,33,0,0.720473899,2700.0,3,0,1,0,0.0
127161,1,0.35376840299999995,56,1,0.387670092,3600.0,11,0,1,0,1.0
127162,0,0.9999998999999999,38,0,0.0,,0,0,0,0,0.0
127163,0,0.18760079999999998,88,0,0.152615795,3000.0,2,0,1,0,0.0
127164,1,0.6340460529999999,56,1,1.3727884940000001,8760.0,10,0,4,4,2.0
127165,0,0.0017834110000000002,32,0,0.20115976800000002,5000.0,9,0,1,0,0.0
127166,0,0.06772816400000001,58,0,0.308538292,5000.0,11,0,2,1,0.0
127167,1,1.105665556,47,4,0.143044619,5333.0,25,0,0,3,2.0
127168,0,0.251585711,55,0,0.248852022,6750.0,9,0,1,0,1.0
127170,0,0.088431254,46,0,720.0,,4,0,0,0,1.0
127171,0,0.015695683000000002,51,0,3431.0,,12,0,2,0,0.0
127172,0,0.467896629,36,1,0.8942584459999999,6600.0,9,0,2,0,2.0
127173,0,0.013485714,76,0,39.0,,13,0,0,0,0.0
127174,0,0.06589550400000001,50,0,741.0,,9,0,1,0,0.0
127175,0,0.342737759,32,0,0.37813819200000004,4500.0,12,0,0,0,0.0
127176,0,0.017064599,75,0,639.0,,7,0,1,0,0.0
127178,0,0.020934328000000002,38,0,0.375200099,8120.0,8,0,2,0,3.0
127180,0,0.9999998999999999,62,0,0.0,3366.0,4,0,0,0,0.0
127181,0,0.282185813,60,0,0.557055368,8000.0,24,0,2,0,4.0
127182,0,0.099180164,38,0,0.16247334800000002,2344.0,4,0,0,0,0.0
127183,0,0.01354759,81,0,0.15174472,4355.0,9,0,0,0,0.0
127184,0,0.024744923999999998,86,0,0.005998285999999999,3500.0,7,0,0,0,0.0
127185,1,0.025192896,39,0,0.617676465,5000.0,8,0,2,0,2.0
127187,0,0.060725857,66,1,0.255728689,12000.0,23,0,3,0,0.0
127189,0,2242.0,69,0,837.0,,2,0,1,0,0.0
127191,0,0.032798991,46,0,0.189136886,7750.0,3,0,1,0,0.0
127196,0,0.02411481,28,0,0.148069241,3754.0,4,0,0,0,1.0
127198,0,1.030144571,56,0,1687.0,,12,0,2,0,0.0
127199,0,0.078171008,32,0,0.364168855,4950.0,14,0,1,0,0.0
127200,0,0.528182727,31,0,1.0439824070000001,2500.0,7,0,2,0,0.0
127201,0,0.008759096999999999,67,0,2504.0,,12,0,2,0,0.0
127203,0,0.92054726,47,0,0.677046549,6229.0,8,0,1,0,2.0
127205,0,0.006441151,28,0,0.030613505,8100.0,8,0,0,0,0.0
127206,0,0.9999998999999999,41,0,0.013318535,2702.0,0,0,0,0,2.0
127207,1,0.19484156800000002,56,0,1971.0,,18,1,1,0,0.0
127208,0,9.429999999999999e-05,51,0,0.073731567,4000.0,7,0,0,0,0.0
127209,0,0.22677418600000002,45,0,0.49393063600000003,10379.0,16,0,4,0,3.0
127210,0,0.8594904790000001,40,0,0.181705371,5640.0,5,0,0,0,0.0
127211,0,0.071484163,67,0,1316.0,,7,0,1,0,
127214,0,0.0,65,0,2269.0,,11,0,2,0,0.0
127215,0,0.9999998999999999,49,0,1685.0,,1,0,1,0,0.0
127218,0,0.182724252,39,0,0.129934841,2608.0,5,0,0,0,2.0
127219,0,0.0,77,0,48.0,,2,0,0,0,0.0
127220,0,0.0,38,0,0.776716207,2825.0,6,0,1,0,0.0
127222,0,0.30335394,37,0,0.07422836599999999,5280.0,6,0,0,0,3.0
127223,0,0.034570194,35,0,0.486962086,6250.0,10,0,2,0,0.0
127224,0,0.06115524,36,0,0.014636157,4850.0,5,0,0,0,0.0
127226,0,0.0,57,0,1298.0,,6,0,1,0,0.0
127227,0,0.39551455799999996,48,1,0.430889663,17500.0,11,0,2,1,2.0
127229,0,0.445063166,68,0,0.723871873,4276.0,12,0,2,0,0.0
127230,0,0.9999998999999999,31,1,0.0,5416.0,1,0,0,0,0.0
127233,0,0.040070756,44,0,0.5020461310000001,5375.0,5,0,2,0,2.0
127234,1,0.064557936,45,2,0.25956170300000003,12000.0,12,0,3,0,3.0
127235,0,0.037773459,45,0,0.227765474,8578.0,10,0,2,0,2.0
127236,0,0.046674478,39,0,52.0,,6,0,0,0,1.0
127237,0,0.178373626,44,0,0.171401365,6300.0,7,0,1,0,0.0
127238,0,0.010549824,54,0,0.0027760640000000004,6483.0,3,0,0,0,0.0
127240,0,0.004509509,39,0,0.473305339,5000.0,5,0,1,0,0.0
127242,0,0.303891337,42,0,0.470754874,6000.0,6,0,1,0,0.0
127243,1,0.9999998999999999,57,0,473.0,,2,0,0,1,2.0
127244,0,0.107166972,39,0,0.9880329090000001,2673.0,8,0,1,0,0.0
127245,0,0.728598878,32,2,0.11817215699999999,4704.0,4,0,0,0,0.0
127246,0,0.050290079,65,0,2455.0,,3,0,1,0,
127247,0,0.622281711,86,1,0.681952663,6083.0,22,0,1,0,0.0
127249,0,0.23995099,35,2,0.07545696,6400.0,9,0,0,0,0.0
127250,0,0.03095469,57,0,0.08745389199999999,21416.0,15,0,1,0,3.0
127251,0,0.138051035,48,0,0.071685039,15874.0,17,0,0,0,0.0
127254,0,0.092131911,52,0,0.5860827829999999,5000.0,11,0,2,0,1.0
127256,0,0.11981756,59,0,0.6815295229999999,7400.0,13,0,3,0,1.0
127257,0,0.46325968799999995,79,0,0.268518519,3995.0,4,0,0,0,0.0
127258,0,0.295319271,26,0,0.184016242,5417.0,10,0,0,0,0.0
127259,0,0.34155293299999995,56,0,0.325418645,4000.0,5,0,1,0,0.0
127260,0,0.9999998999999999,26,0,190.0,0.0,1,1,0,0,2.0
127261,0,0.0,55,0,0.123924669,4300.0,10,0,0,0,1.0
127262,0,0.875105417,50,0,0.668909448,7133.0,5,0,2,0,2.0
127263,0,0.010332644,54,0,1294.0,,7,0,1,0,0.0
127264,0,0.0,56,0,598.0,,3,0,1,0,0.0
127265,0,0.17892171,46,0,1825.0,,9,0,2,0,0.0
127266,0,0.606699825,44,0,0.8350622409999999,5783.0,23,0,1,0,0.0
127267,0,0.588176478,47,0,0.9189189190000001,2552.0,6,0,1,0,1.0
127269,0,0.011459907,64,0,0.001809351,10500.0,10,0,0,0,0.0
127270,0,0.9999998999999999,32,0,0.0,,0,0,0,0,0.0
127271,1,0.164985001,53,0,1591.0,,5,0,2,0,0.0
127272,0,0.426929392,62,0,0.231108498,3400.0,6,0,1,0,1.0
127273,0,0.39426822899999997,53,0,0.686957477,9100.0,9,0,3,0,2.0
127274,0,0.020699308,59,0,0.35536980700000004,3947.0,5,0,1,0,0.0
127275,0,0.6937233490000001,30,1,0.12334863,7190.0,3,0,0,0,0.0
127276,0,1.0218363590000001,61,0,0.450577664,2336.0,4,0,1,0,0.0
127277,0,0.034757364,56,0,0.253005152,13975.0,11,0,3,0,3.0
127278,0,1.445042275,38,0,0.136132316,4715.0,5,3,0,7,2.0
127280,0,0.071255107,76,0,74.0,,3,0,0,0,
127281,0,0.19623373300000002,84,0,0.07523980799999999,3335.0,6,0,0,0,1.0
127283,0,0.035076473,50,0,0.154410131,4500.0,5,0,1,0,1.0
127286,0,0.010117219,40,0,0.189453414,6750.0,4,0,1,0,0.0
127287,0,0.049657502,70,0,518.0,,4,0,0,0,0.0
127288,0,0.045782397,42,0,0.334063827,7300.0,15,0,2,0,4.0
127289,0,0.073248295,68,0,0.138205079,5158.0,5,0,1,0,1.0
127290,0,0.18576526100000001,79,0,260.0,,5,0,0,0,0.0
127291,0,0.04544943,64,0,0.24971741600000003,11500.0,12,0,3,0,1.0
127293,0,0.0038159490000000003,86,0,0.0013495279999999998,5927.0,6,0,0,0,0.0
127295,0,0.031117511,60,0,0.454688525,7624.0,5,0,2,0,0.0
127299,1,0.9999998999999999,53,1,0.046651116,3000.0,0,1,0,0,3.0
127300,0,0.14119647,64,0,0.39348312,8500.0,15,0,1,0,5.0
127301,0,0.9999998999999999,87,0,597.0,,2,0,1,0,1.0
127303,0,0.9999998999999999,34,0,307.0,,2,3,0,0,2.0
127304,0,0.338094839,57,0,4215.0,,16,0,2,0,0.0
127305,0,0.18601064,65,0,2370.0,,15,0,1,0,
127306,0,0.0,28,0,0.083253221,5200.0,5,0,0,0,0.0
127307,0,0.008469441,56,0,0.02188392,1050.0,11,0,0,0,1.0
127309,0,0.411273254,40,0,0.317621853,5600.0,9,0,1,0,0.0
127310,0,0.22780324300000002,59,1,0.7028496129999999,6070.0,15,0,1,0,0.0
127311,0,0.032748362999999996,88,0,1373.0,0.0,2,0,1,0,0.0
127312,0,0.11283594599999999,49,0,3113.0,,9,0,1,0,0.0
127313,1,0.0,55,4,1937.0,,17,1,1,4,0.0
127314,1,0.0,55,0,0.208346919,9200.0,7,0,1,0,1.0
127316,0,0.057781658,49,0,0.48258809,4852.0,16,0,1,0,1.0
127317,0,0.142107845,66,0,0.163274052,14000.0,7,0,1,0,0.0
127318,0,0.9999998999999999,49,0,0.13802383699999998,2600.0,1,0,0,0,0.0
127319,0,0.000364365,58,0,0.032305704,5416.0,6,0,0,0,0.0
127320,1,0.222967343,38,0,0.367947436,7000.0,14,0,1,0,2.0
127321,0,0.108185325,49,0,349.0,,3,0,0,0,0.0
127323,0,825.0,72,0,3886.0,,7,0,2,0,0.0
127324,0,0.036569165,48,0,0.236293951,6000.0,6,0,2,0,3.0
127325,0,0.16559992699999998,59,0,0.226882654,10370.0,10,0,1,0,0.0
127326,0,0.681221252,52,0,0.069529652,4400.0,1,0,0,0,1.0
127327,0,0.550166473,69,0,1.213884205,7115.0,19,0,9,0,0.0
127329,0,0.087896137,24,0,0.035714286,867.0,5,0,0,0,0.0
127330,0,0.97190281,47,1,0.298211882,5200.0,6,0,1,0,2.0
127331,0,0.129666817,86,0,0.103218646,900.0,4,0,0,0,0.0
127332,1,2583.0,70,0,0.178470255,6000.0,9,0,1,0,0.0
127334,0,0.019345924,77,0,0.20294926300000002,4000.0,10,0,1,0,0.0
127335,0,0.0531523,77,0,1112.0,,4,0,0,0,0.0
127336,0,0.029069352000000003,45,0,0.292227703,7500.0,13,0,1,0,2.0
127337,0,0.415879206,36,0,0.034603042,7166.0,3,0,0,0,1.0
127339,0,0.002599395,46,0,0.7536231879999999,2000.0,16,0,1,0,1.0
127342,0,0.0,30,0,0.298705399,9500.0,8,0,1,0,0.0
127343,0,0.003749906,56,0,1164.0,,4,0,1,0,0.0
127344,0,0.029849261000000002,62,0,589.0,,3,0,0,0,0.0
127345,0,0.40067278,35,1,0.318018018,5549.0,6,0,1,0,1.0
127348,0,0.000967012,71,0,0.000594985,11764.0,9,0,0,0,0.0
127351,0,0.0061195730000000005,59,0,0.161079669,4593.0,15,0,0,0,1.0
127353,0,0.19376701300000002,41,2,0.5844754879999999,7587.0,6,0,2,0,0.0
127354,0,0.9999998999999999,44,0,0.010153605999999999,3840.0,0,0,0,0,4.0
127355,0,0.110344678,36,0,852.0,,7,0,1,0,0.0
127357,0,0.982610208,69,0,0.310037295,12333.0,9,0,2,0,1.0
127358,0,0.9897127090000001,59,1,0.571670088,8280.0,15,0,1,0,3.0
127359,0,0.13762079300000002,22,0,0.051217989000000005,1600.0,2,0,0,0,0.0
127362,0,0.216677672,32,0,0.18931872600000002,2920.0,6,0,0,0,1.0
127363,0,0.0447341,56,0,0.325112481,6000.0,15,0,2,0,3.0
127364,0,0.535142193,57,0,0.381702514,3300.0,10,0,0,0,0.0
127366,0,0.214086097,51,0,0.234353129,5000.0,9,0,1,0,0.0
127367,0,0.046137905,79,0,0.342457193,8000.0,13,0,1,0,0.0
127368,0,0.17626029699999998,62,0,0.235268909,14000.0,9,0,3,0,0.0
127371,0,0.0,60,0,0.0,2500.0,2,0,0,0,1.0
127372,1,0.0,77,0,0.0,5000.0,3,0,0,0,0.0
127375,0,0.126458236,70,0,0.026944807,2300.0,3,0,0,0,1.0
127376,1,0.23448291899999998,52,0,0.471505699,5000.0,14,0,0,0,0.0
127377,0,0.577288913,45,0,0.347913022,4000.0,8,0,0,0,0.0
127381,0,0.041323967,62,2,0.09819165099999999,5916.0,5,0,1,0,0.0
127382,0,0.889393271,52,0,2615.0,,15,0,0,0,0.0
127383,1,0.552147239,55,0,22.0,,3,0,0,0,0.0
127384,0,0.022732477,79,1,46.0,,4,0,0,0,0.0
127386,0,0.9999998999999999,58,0,0.093854005,4506.0,2,0,0,0,2.0
127388,0,0.0021895070000000003,65,0,1815.0,,8,0,1,0,0.0
127390,0,0.025041203999999997,48,0,0.364092705,9362.0,9,0,1,0,5.0
127392,0,0.20797029,49,0,2034.0,,6,0,0,0,0.0
127393,0,0.947233159,44,0,0.553398058,10402.0,14,0,3,0,2.0
127397,0,0.025460179,48,0,0.223193623,11666.0,17,0,3,0,3.0
127398,0,0.084998655,53,0,0.199845181,7750.0,9,0,2,0,0.0
127399,0,0.0065927369999999996,69,0,0.0032377870000000002,10500.0,20,0,0,0,0.0
127400,0,0.06120102400000001,46,0,5.290935673,683.0,10,0,2,0,3.0
127402,0,0.138618262,74,0,353.0,,9,0,0,0,0.0
127404,0,0.0,41,0,0.327934413,5000.0,7,0,2,0,1.0
127405,0,0.869713355,58,0,0.784027867,7750.0,8,0,2,0,0.0
127406,0,1.0030945009999999,27,2,0.08945527199999999,2000.0,8,0,0,0,1.0
127407,0,0.178940353,26,0,217.0,0.0,8,0,0,0,0.0
127409,0,0.330839599,46,0,1.664134346,2500.0,9,0,2,0,2.0
127410,0,0.9999998999999999,49,0,0.114600551,3629.0,3,0,0,0,0.0
127413,0,0.5924972629999999,33,0,1732.0,,12,0,0,0,4.0
127417,0,0.7996694940000001,63,0,1.508126604,4675.0,15,0,2,0,0.0
127418,0,0.110355858,57,1,0.570408825,1540.0,3,0,1,0,0.0
127419,0,0.289958577,30,0,0.137331595,2300.0,6,0,0,0,0.0
127420,0,0.39578416899999996,52,1,3021.0,,4,0,1,0,0.0
127421,0,0.02719416,44,0,0.011962782,4513.0,7,0,0,0,1.0
127422,0,0.5024170579999999,56,0,0.521803872,4700.0,12,0,2,0,0.0
127424,0,0.06179405,49,0,0.12315571300000001,8200.0,4,0,1,0,0.0
127425,0,0.906790945,38,0,1.12043978,2000.0,7,0,2,0,0.0
127426,0,0.011363291999999999,57,0,11.0,,5,0,0,0,0.0
127427,0,0.33541444600000003,65,0,943.0,,7,0,0,0,1.0
127428,0,0.046503080999999995,25,0,0.169111111,4499.0,30,0,0,0,0.0
127430,0,0.0022499720000000003,70,0,4574.0,,16,0,2,0,0.0
127431,0,0.0,31,0,0.0,,1,0,0,0,0.0
127432,0,0.452124287,59,0,0.131997854,5590.0,6,0,0,0,0.0
127433,0,0.110692526,54,0,0.151480853,5300.0,7,0,1,0,0.0
127435,1,0.659560293,37,2,1669.0,,9,3,1,0,3.0
127438,0,0.050826973,68,0,0.037994934,7500.0,7,0,0,0,1.0
127439,0,0.12218960699999999,30,0,0.2011997,4000.0,7,0,0,0,0.0
127440,0,0.005962511,75,0,0.135674765,4156.0,12,0,1,0,0.0
127441,0,0.554489102,52,0,0.30128720800000003,2485.0,5,0,0,0,0.0
127442,0,0.058657105999999994,68,0,0.024819027999999996,2900.0,4,0,0,0,0.0
127443,0,0.29041494,33,1,0.511075219,4333.0,10,0,1,0,0.0
127444,0,0.090223456,67,0,0.380381013,9500.0,8,0,2,0,0.0
127445,0,0.443297514,42,0,0.564644245,5916.0,9,0,1,0,2.0
127447,0,0.024378248999999998,66,0,0.09521995800000001,5250.0,15,0,0,0,0.0
127448,0,0.882208862,62,3,0.03755392,3940.0,9,0,0,0,0.0
127449,0,0.9999998999999999,37,0,0.749884633,2166.0,6,0,1,0,2.0
127450,0,0.067381576,61,0,2603.0,,11,0,3,0,1.0
127452,0,0.000154631,43,0,0.556736373,5833.0,9,0,1,0,1.0
127453,0,0.123254711,78,0,3253.0,,16,0,1,0,1.0
127454,0,0.0,33,0,0.17338848699999998,2900.0,2,0,0,0,0.0
127455,0,0.394680541,46,0,2219.0,,8,0,2,0,0.0
127457,0,0.041371559,44,0,0.5071749529999999,6898.0,12,0,2,0,2.0
127458,0,0.042990493,63,2,0.351711027,4733.0,17,0,2,0,0.0
127460,0,0.006469691,59,0,0.309447507,7800.0,5,0,1,0,3.0
127462,0,0.9720043070000001,36,0,1.55159614,2693.0,5,0,2,0,2.0
127463,1,1.001143511,63,3,1.018883643,3600.0,10,2,1,1,1.0
127467,0,0.031653246,48,0,0.24279958199999999,6700.0,17,0,1,0,2.0
127468,0,0.9999998999999999,28,0,0.0,4000.0,0,0,0,0,0.0
127469,0,0.9343065690000001,50,0,0.44617032700000003,5600.0,12,0,1,0,2.0
127470,0,0.3931453,40,0,1809.0,,4,0,1,0,0.0
127471,0,0.068419082,80,0,2005.0,,16,0,2,0,0.0
127472,0,0.7181355840000001,36,0,0.3014068,8529.0,6,0,1,0,2.0
127473,0,0.0,69,0,2795.0,,18,0,3,0,0.0
127475,1,0.581021466,58,0,0.418992731,23250.0,21,0,4,0,0.0
127476,0,0.022933673999999998,49,0,0.30052803100000003,8900.0,8,0,2,0,0.0
127477,0,0.0,36,1,0.232690935,1400.0,8,0,0,0,0.0
127478,0,0.101515428,54,0,0.412517497,5000.0,9,0,2,0,0.0
127479,0,0.304544297,48,0,0.411654575,17091.0,17,0,2,0,3.0
127480,0,0.384872913,54,0,0.20978656899999998,7683.0,8,0,2,0,3.0
127482,0,0.022693781,60,0,0.227373068,7700.0,8,0,2,0,1.0
127483,0,0.062927238,43,0,1422.0,,15,0,1,0,0.0
127485,0,0.9999998999999999,50,0,0.49656689600000004,15000.0,7,0,2,0,3.0
127486,0,0.011249297,47,0,0.44669180700000005,5833.0,5,0,1,0,1.0
127488,0,0.150801795,54,0,224.0,,4,0,0,0,0.0
127489,0,0.006508601,32,1,0.0,2192.0,1,0,0,0,0.0
127490,0,0.478034798,64,0,0.23711930399999998,8733.0,6,0,1,0,1.0
127492,0,0.47425284700000003,56,0,0.765777778,4499.0,13,1,1,0,0.0
127493,0,0.002546769,62,1,0.21102404800000002,3700.0,10,0,1,0,0.0
127495,0,0.520940916,57,1,0.823404556,7066.0,16,0,2,0,1.0
127496,0,0.16175420199999999,53,0,0.037393558,2700.0,5,0,0,0,0.0
127497,0,0.076595345,76,0,0.020418903000000002,9500.0,12,0,0,0,0.0
127498,0,0.0,68,0,0.261394884,12000.0,7,0,1,0,0.0
127499,0,0.009549761,81,1,0.005275779,2084.0,6,0,0,0,0.0
127503,1,0.064123591,65,0,0.446031746,1889.0,6,0,1,0,0.0
127505,0,0.9285357320000001,37,0,0.299495286,10500.0,7,0,1,0,0.0
127506,0,0.072747833,32,0,0.35382532200000005,7384.0,5,0,2,0,0.0
127509,0,0.005619936999999999,77,0,0.007874016,507.0,6,0,0,0,0.0
127510,0,0.104905317,55,0,0.376483279,12050.0,17,0,1,0,0.0
127511,0,0.06408411900000001,64,0,1837.0,,9,0,1,0,0.0
127513,0,1.2151394420000001,29,0,470.0,,2,0,0,0,0.0
127514,0,0.019868201000000002,63,0,2149.0,,7,0,1,0,0.0
127516,0,0.47297043899999996,33,0,0.191961608,5000.0,6,0,0,0,1.0
127518,0,0.06399566799999999,55,0,0.19183330199999998,10701.0,13,0,1,0,2.0
127519,0,0.011950896,61,0,0.001260789,10310.0,5,0,0,0,2.0
127520,0,0.00173465,32,0,1.463882889,4166.0,11,0,3,0,0.0
127522,0,0.19047619,63,0,0.47164864,3050.0,14,0,1,0,0.0
127524,0,0.125387461,37,0,0.510119483,4100.0,10,0,1,0,2.0
127526,0,0.069572353,39,0,0.358752701,3238.0,9,0,2,0,1.0
127527,0,0.460484651,55,0,2628.0,,12,0,2,0,0.0
127530,0,0.020432568,57,0,7778.0,,12,0,5,0,0.0
127531,0,0.42446688200000005,46,1,0.465310381,3833.0,9,0,0,0,2.0
127535,0,0.0,67,0,0.057251908,2095.0,4,0,0,0,0.0
127536,0,0.341815242,33,0,0.399170934,4100.0,7,0,0,0,0.0
127537,0,0.519743373,67,0,0.376905703,7083.0,7,0,0,0,0.0
127538,0,0.16812772899999998,58,0,0.37019174200000005,8500.0,9,0,2,0,0.0
127539,0,0.911241161,50,0,125.0,,6,0,0,0,0.0
127540,0,0.463153685,28,0,0.28987222,4225.0,5,0,0,0,0.0
127541,0,0.991120977,30,1,0.54335754,2340.0,5,0,1,0,0.0
127542,0,0.035543839,40,1,0.37370242200000003,2600.0,10,0,1,0,0.0
127543,0,0.232994127,45,0,0.130901685,5400.0,7,0,0,0,1.0
127544,0,0.109344651,62,0,226.0,,7,0,0,0,0.0
127546,0,0.43140392,39,0,0.299657985,3800.0,4,0,1,0,0.0
127549,0,0.154812176,49,0,0.484799021,4900.0,15,0,3,0,0.0
127552,0,0.9999998999999999,52,1,0.10861865400000001,2540.0,1,2,0,0,3.0
127554,0,0.9999998999999999,32,0,0.0,,0,0,0,0,0.0
127555,0,0.534684403,45,0,0.24408256,5280.0,5,0,0,0,0.0
127556,0,0.438891355,54,0,0.598320084,6666.0,12,0,2,0,0.0
127557,0,0.177502656,31,0,0.05565739,6000.0,5,0,0,0,0.0
127558,0,1.170921939,37,0,0.10190142099999999,5416.0,7,0,0,0,0.0
127559,0,0.22478067899999998,37,1,1.083023544,2420.0,11,0,1,1,2.0
127560,0,0.18420376100000002,66,0,0.182511439,5900.0,31,0,0,0,0.0
127561,0,0.651405525,62,0,2783.0,,19,0,0,0,4.0
127563,0,0.02492062,64,0,764.0,,8,0,0,0,0.0
127565,0,0.03369663,54,0,0.002561913,3512.0,4,0,0,0,0.0
127566,0,0.011509817,32,1,0.18937589300000002,4197.0,6,0,0,1,0.0
127567,0,0.155121775,36,1,1135.0,,4,0,1,1,0.0
127568,0,0.096975756,25,0,0.756393001,742.0,5,0,0,0,0.0
127570,0,0.254066423,62,0,0.569807753,6345.0,14,0,1,0,1.0
127572,1,0.007101896,82,0,52.5,1.0,9,0,0,0,0.0
127573,0,0.221990348,35,0,0.66568915,3750.0,10,0,2,0,0.0
127575,0,0.44084828200000004,52,0,0.29923228,5600.0,10,0,0,0,0.0
127576,0,0.9999998999999999,24,0,0.0,,0,0,0,0,
127577,0,0.7977340890000001,39,0,1.222363083,3943.0,4,0,0,0,2.0
127578,0,0.009075503,79,0,0.001809351,10500.0,12,0,0,0,0.0
127580,0,0.7475360590000001,60,0,5052.0,,10,0,3,0,0.0
127582,0,0.314379774,67,0,0.25349040100000003,2291.0,15,0,0,0,1.0
127583,0,0.049247538,46,0,0.293100986,7000.0,3,0,1,0,2.0
127584,0,0.11590613,61,0,0.021476392999999996,11500.0,9,0,0,0,0.0
127586,0,0.02612616,56,0,5013.0,,19,0,3,0,2.0
127589,0,0.128513106,44,0,0.19960733,4583.0,6,0,1,0,0.0
127590,1,0.9999998999999999,25,98,0.0,3360.0,0,98,0,98,0.0
127591,0,0.70426162,55,0,0.148637756,6202.0,4,0,0,0,0.0
127594,0,0.116866353,62,0,0.515269695,16666.0,16,0,4,0,1.0
127596,0,0.17832164399999997,56,0,1.201859628,3333.0,30,0,2,0,0.0
127597,0,0.00039996,39,0,0.560632283,8666.0,6,0,2,0,0.0
127598,0,0.5231796479999999,74,0,0.350324149,12339.0,15,0,2,0,0.0
127599,1,0.373964384,26,0,4121.0,,8,0,4,0,2.0
127601,0,0.0,78,0,0.0,,6,0,0,0,0.0
127608,0,0.626043244,59,0,0.327933488,11666.0,8,0,1,0,0.0
127609,1,0.555200667,29,0,0.215810995,2200.0,6,0,0,1,0.0
127610,0,0.007020779,39,1,625.0,,5,0,0,0,0.0
127612,0,0.187333688,36,1,0.353770176,8301.0,11,0,1,1,0.0
127613,0,0.00999927,45,0,0.6103286379999999,2768.0,8,0,1,0,2.0
127614,0,0.568118341,59,0,0.25315880399999996,11000.0,18,0,2,0,1.0
127615,0,0.00215145,87,0,2.0,,8,0,0,0,
127616,0,0.292675466,39,1,0.394340974,5583.0,13,0,0,0,0.0
127617,0,0.028223696,75,0,0.07853717,3335.0,12,0,1,0,0.0
127618,0,0.9999998999999999,43,0,0.345848655,5166.0,3,0,2,0,0.0
127620,0,0.22469927399999998,42,0,350.5,1.0,6,0,0,0,0.0
127621,0,0.035586491,41,1,0.419784881,6600.0,8,0,1,0,4.0
127622,0,0.9999998999999999,51,1,0.073325213,4104.0,3,0,0,0,0.0
127624,0,0.006016822,52,0,0.16720639,9263.0,6,0,1,0,0.0
127625,0,0.229876213,65,0,0.360629694,6923.0,12,0,2,0,0.0
127626,0,0.9999998999999999,52,0,0.277163045,7500.0,4,0,1,0,0.0
127628,0,0.0015017329999999999,72,0,0.078361982,3955.0,11,0,0,0,0.0
127632,0,0.460239565,47,0,0.044128759000000004,6616.0,4,0,0,0,2.0
127634,0,0.75444911,29,2,0.9273817459999999,1500.0,8,1,0,0,0.0
127635,0,0.658273176,62,2,0.818980025,13666.0,10,0,4,0,0.0
127637,0,0.33997384799999997,35,0,0.104097236,5100.0,4,0,0,0,4.0
127638,0,0.052394761,47,0,0.180606465,3000.0,9,0,1,0,1.0
127639,0,0.571142878,67,0,0.153358682,3155.0,3,0,1,0,0.0
127640,0,0.00973921,63,0,0.128983877,5333.0,10,0,1,0,0.0
127642,0,0.065586554,67,1,0.10080738199999999,4334.0,13,0,1,0,0.0
127643,0,0.007441114,68,0,0.294487606,5405.0,15,0,1,0,0.0
127644,0,0.163843712,47,3,0.25123669600000004,6670.0,8,0,1,0,0.0
127645,0,0.0,60,0,977.0,,5,0,2,0,
127646,0,0.0,35,0,0.559626437,4175.0,6,0,1,0,0.0
127647,0,0.112470044,43,0,0.344877345,4850.0,6,0,1,0,0.0
127648,1,0.9999998999999999,46,0,0.038143923999999996,5085.0,1,2,0,0,3.0
127649,0,0.049003617,51,1,0.035986914,1833.0,9,0,0,0,0.0
127650,0,0.108254784,32,0,0.23725424899999997,3000.0,4,0,0,0,0.0
127651,0,0.07924588,28,0,0.272789582,1458.0,10,0,0,0,0.0
127652,0,0.9999998999999999,54,0,0.19867408,4675.0,2,0,1,0,1.0
127653,0,0.43817985600000003,57,0,0.34582055700000003,7500.0,15,0,1,0,0.0
127658,0,0.164968682,44,0,0.42283830899999997,10315.0,4,0,2,0,0.0
127659,0,0.052975544000000006,57,0,0.101059705,27082.0,9,0,1,0,2.0
127660,0,0.0,35,0,0.070194384,8333.0,3,0,0,0,0.0
127661,0,0.05871089,80,0,0.35968637700000006,3060.0,15,0,1,0,0.0
127663,0,0.7203305090000001,45,0,0.409638554,5560.0,7,0,2,0,4.0
127664,0,0.203305183,41,0,0.661667248,8600.0,26,0,3,0,0.0
127666,0,0.9999998999999999,35,0,0.484137563,3750.0,2,0,2,0,1.0
127667,0,0.044028294,72,1,0.192567286,12000.0,10,0,2,0,0.0
127668,0,0.00836313,63,0,0.22908022100000003,5783.0,5,0,1,0,0.0
127669,0,0.9999998999999999,59,2,0.02490801,3532.0,1,0,0,0,1.0
127670,0,0.0,90,0,2823.0,,13,0,2,0,
127673,0,0.38317413899999997,53,0,1.086995298,12333.0,18,0,4,0,2.0
127674,0,0.010999633,79,0,0.47789311799999995,2600.0,8,0,1,0,0.0
127675,0,0.004638461,45,0,3371.0,,5,0,1,0,0.0
127677,0,0.126906784,72,0,0.25144990300000003,15000.0,6,0,2,0,2.0
127680,0,0.0,42,0,0.0,,2,0,0,0,0.0
127682,0,0.12418470300000001,39,1,0.138811824,10452.0,6,0,1,0,2.0
127683,1,0.654469106,25,0,0.43330209299999994,3200.0,6,0,0,0,0.0
127684,0,0.079209296,33,0,2.137385512,1200.0,8,0,2,0,0.0
127685,1,0.9999998999999999,56,1,0.22450728399999997,3500.0,1,4,0,1,0.0
127687,1,0.22492046,34,0,0.128318584,7457.0,9,0,0,0,1.0
127688,0,0.9999998999999999,27,0,1.331668332,1000.0,1,0,1,0,0.0
127689,0,0.048294834,46,0,2147.0,,13,0,2,0,3.0
127690,0,0.070023667,46,0,3571.0,,15,0,1,0,3.0
127692,0,0.034980472,50,1,2598.0,,10,0,2,0,1.0
127693,0,0.061112054000000006,43,0,0.16252596,13000.0,6,0,2,0,2.0
127694,0,0.018476584,85,0,345.0,,7,0,0,0,
127695,0,0.053772459,60,0,0.21665366600000002,5127.0,3,0,1,0,1.0
127696,0,0.487725614,41,0,0.465748935,3050.0,13,0,2,0,2.0
127697,0,0.9999998999999999,51,0,635.0,,1,0,0,0,2.0
127699,0,0.018849058000000002,55,0,0.151120277,10666.0,4,0,2,0,0.0
127701,0,0.010830603000000001,58,0,0.123293339,4833.0,11,0,1,0,0.0
127702,0,0.758326658,46,0,0.522033159,4583.0,12,0,0,0,3.0
127704,0,0.9999998999999999,53,0,0.632486388,1101.0,2,1,1,0,1.0
127705,0,0.142042898,64,0,85.0,,3,0,0,0,1.0
127706,0,0.9543939659999999,28,1,0.048044069,14340.0,3,1,0,0,0.0
127707,0,0.295830628,70,0,0.446461458,3800.0,9,0,1,0,0.0
127708,0,0.037211404,63,0,0.23015396899999999,5000.0,6,0,1,0,0.0
127709,0,0.094190527,31,0,218.0,,7,0,0,0,0.0
127711,0,0.38947031299999996,62,0,2754.0,,15,0,2,0,0.0
127713,0,0.010403553000000001,89,0,12.0,,5,0,0,0,0.0
127714,0,0.13959408,62,2,0.212308883,5166.0,12,0,0,0,1.0
127716,0,0.20079996600000002,53,0,2998.0,,11,0,1,0,
127718,0,0.7840539870000001,30,0,0.131753397,6033.0,7,0,0,0,0.0
127719,1,1.984732824,42,1,0.10453648900000001,6083.0,2,1,0,1,4.0
127720,0,0.771901895,41,0,0.242319578,5500.0,12,0,0,0,1.0
127722,0,0.056981841,75,1,0.163166985,11000.0,15,0,1,0,1.0
127724,0,0.0,21,0,0.0,,1,0,0,0,0.0
127725,0,0.969860535,61,0,0.7493765590000001,2405.0,6,0,2,0,0.0
127726,0,0.045707429,59,0,4668.0,,7,0,2,0,0.0
127727,0,0.081174067,55,0,0.13722089699999998,4612.0,9,0,1,0,1.0
127729,0,0.277946226,37,0,0.75854829,3333.0,11,0,1,0,1.0
127730,0,0.309507484,61,0,0.5579845370000001,3750.0,17,0,2,0,0.0
127731,0,0.048302492999999995,64,0,64.0,0.0,4,0,0,0,0.0
127733,0,0.096375954,50,0,0.41768909299999996,7416.0,10,0,2,0,2.0
127735,0,0.763176689,68,2,0.40916726700000006,12500.0,5,1,1,0,0.0
127736,0,0.023899602000000002,64,0,0.321085888,4272.0,10,0,1,0,0.0
127737,0,0.29756504,49,0,0.24612103800000001,13598.0,7,0,2,0,3.0
127738,0,0.9999998999999999,54,2,0.073317041,4500.0,1,1,0,0,0.0
127740,0,0.6670832289999999,55,0,0.153112222,2200.0,3,0,0,0,0.0
127741,0,0.177303446,37,0,0.428819822,4600.0,7,0,1,0,0.0
127744,0,0.897350442,36,0,0.076124567,2600.0,4,0,0,0,0.0
127746,0,0.080303574,32,0,0.059580879,7300.0,3,0,0,0,3.0
127749,0,0.069563705,73,0,3543.0,,5,0,1,0,0.0
127751,0,0.009626955,66,0,15.0,,7,0,0,0,0.0
127752,0,0.389507366,78,0,0.22275172899999998,6504.0,5,0,1,0,1.0
127753,0,0.0050829,72,0,0.283431823,4568.0,42,0,1,0,0.0
127755,0,0.006197136999999999,59,0,1397.0,,17,0,1,0,0.0
127756,0,0.08290383700000001,33,1,0.079850021,7200.0,5,0,0,0,3.0
127757,0,0.289939075,60,1,0.765489674,1500.0,16,0,0,0,0.0
127758,0,0.160974208,65,0,0.378990483,8300.0,13,0,3,0,0.0
127759,0,0.005925527,60,0,0.11096301199999999,3000.0,5,0,1,0,0.0
127760,0,0.235954702,53,0,0.276662158,9610.0,8,0,1,0,1.0
127761,0,0.737145603,58,0,0.9040090340000001,7083.0,13,0,2,0,0.0
127762,0,0.727643294,50,1,1.051337476,3700.0,14,0,1,0,1.0
127765,0,0.007664860999999999,42,0,0.064223386,8594.0,4,0,0,0,2.0
127766,0,0.9999998999999999,49,0,0.0,2333.0,0,0,0,0,1.0
127767,0,0.01899905,88,0,11.0,,1,0,0,0,
127768,0,0.065465377,55,0,0.261733914,8500.0,8,0,1,0,3.0
127769,0,0.300349825,57,1,0.008995501999999999,2000.0,1,0,0,0,0.0
127770,0,0.049392269,74,0,0.41837817899999996,21666.0,15,0,3,0,2.0
127772,0,0.990033223,30,0,0.159950016,3200.0,6,2,0,1,0.0
127773,0,0.167583232,61,0,0.39761759799999996,11500.0,15,0,3,0,0.0
127774,0,0.609125311,33,0,0.276620563,6000.0,11,0,0,0,1.0
127775,0,0.929024906,64,0,1591.0,,5,0,0,0,0.0
127776,1,0.63721505,42,0,0.315337423,4889.0,6,0,0,0,0.0
127779,1,0.0,54,1,0.475725816,8300.0,10,1,3,0,0.0
127780,1,0.0,47,0,0.328145266,3083.0,6,0,1,0,0.0
127781,0,0.151248779,63,0,0.23635272899999998,3333.0,5,0,2,0,0.0
127782,0,0.029794041,31,1,0.267892843,2500.0,7,0,0,0,0.0
127785,0,0.004239932,73,0,1677.0,,6,0,1,0,0.0
127787,0,0.0,54,0,0.177665787,12500.0,14,0,3,0,0.0
127788,0,0.042276016,61,0,0.403798101,2000.0,10,0,1,0,0.0
127789,0,0.237918808,53,0,0.271337832,10075.0,9,0,2,0,0.0
127790,0,0.0,57,0,0.270317443,9166.0,5,0,1,0,0.0
127791,0,0.044020826,60,0,0.201865338,7826.0,11,0,1,0,0.0
127792,0,0.0,69,0,0.40628878799999996,4833.0,7,0,2,0,1.0
127793,0,0.36976632299999995,37,0,0.391354634,6916.0,5,0,2,0,0.0
127795,0,0.060407024000000004,55,0,0.33499149100000003,22916.0,16,0,1,0,3.0
127796,0,0.003461405,53,0,1.0,,4,0,0,0,0.0
127797,0,0.9999998999999999,71,0,0.014699265,6666.0,4,1,0,2,0.0
127799,0,0.021943625,76,0,0.043182727000000004,2500.0,15,0,1,0,0.0
127800,0,0.212518696,60,2,0.37065544200000006,8314.0,8,0,1,0,2.0
127802,0,0.031258247999999995,57,0,0.397520496,5000.0,15,0,2,0,0.0
127803,0,0.10189810199999999,25,0,0.001998668,1500.0,1,0,0,0,1.0
127804,0,0.9999998999999999,65,0,0.078828149,3310.0,3,0,1,0,0.0
127805,0,0.0,69,0,0.0,7542.0,4,0,0,0,0.0
127806,0,0.122090184,50,0,0.09349237,5700.0,4,0,0,0,1.0
127807,0,0.022148232,50,0,0.128772885,8083.0,9,0,1,0,1.0
127808,0,0.09232766,56,0,3812.0,,12,0,2,0,0.0
127809,0,0.388850697,62,1,0.122986335,9000.0,8,0,1,0,2.0
127810,0,0.013972056000000002,28,1,0.025135676000000003,3500.0,2,0,0,0,0.0
127811,0,0.0,47,0,0.18496525600000002,7914.0,5,0,1,0,0.0
127812,0,0.928168377,38,1,0.376124775,5000.0,8,0,0,0,2.0
127813,0,0.005129534,64,0,0.399571505,5600.0,10,0,2,0,0.0
127814,0,0.017577746,39,0,0.288493001,5500.0,12,0,1,0,2.0
127815,0,0.0,69,1,0.437296037,2144.0,11,0,0,0,0.0
127816,1,0.9999998999999999,63,0,0.0,,1,2,0,0,0.0
127817,0,658.0,29,0,1778.0,,10,0,1,0,0.0
127818,0,0.423614174,29,0,518.0,,5,0,0,2,0.0
127819,0,0.11266866099999999,38,0,0.41234084200000004,11230.0,7,0,3,0,1.0
127820,0,0.0,37,0,0.6436691489999999,2550.0,10,0,1,0,2.0
127821,0,0.143280026,63,0,0.585944115,3542.0,12,0,4,0,0.0
127822,0,0.98474006,40,0,0.252803262,4904.0,9,0,0,0,3.0
127825,0,0.176363847,45,0,0.394302849,2000.0,8,0,1,0,0.0
127828,0,0.20063098199999999,28,0,0.503374156,4000.0,3,0,1,0,2.0
127830,0,0.06036615,45,0,2612.0,,14,0,2,0,3.0
127831,0,0.138990477,41,0,0.32151983100000003,9000.0,5,0,1,0,0.0
127832,0,0.096199714,61,0,2843.0,,14,0,2,0,0.0
127833,0,0.588039867,31,0,0.014594279,1712.0,15,0,0,0,4.0
127835,1,0.48758638299999996,32,3,0.376897445,2700.0,9,2,0,3,0.0
127836,1,0.0,51,0,0.380631579,4749.0,8,0,2,0,2.0
127837,0,0.555932351,47,0,0.334747475,9899.0,8,0,3,0,0.0
127838,0,0.00038785199999999995,55,0,0.143623261,5966.0,7,0,1,0,0.0
127839,0,0.10064989199999999,49,0,217.0,,4,0,0,0,0.0
127841,0,0.027024679,64,0,0.18496300699999998,5000.0,7,0,0,0,1.0
127842,0,0.64776466,59,1,0.549111083,7930.0,11,0,2,1,1.0
127843,0,0.031200377999999997,30,0,0.20218082699999998,2200.0,9,0,0,0,0.0
127846,0,0.35096490399999997,28,0,1203.5,1.0,12,0,2,0,0.0
127847,0,0.20953967899999998,39,0,0.285321416,2908.0,4,0,0,0,2.0
127849,0,0.586210288,62,0,1.178102926,1981.0,7,0,2,0,0.0
127850,1,0.029089306000000002,55,0,0.7288135590000001,5250.0,10,0,2,0,2.0
127851,0,0.15459227,56,0,0.183919351,12200.0,9,0,1,0,2.0
127853,1,0.209383813,34,0,0.22883803600000002,4500.0,6,0,0,0,0.0
127854,0,0.024770317000000003,58,0,0.011662779,3000.0,9,0,0,0,0.0
127856,0,0.014372718999999999,44,0,0.004137455,8700.0,7,1,0,0,2.0
127857,0,0.19536092800000002,81,0,0.006351292,4565.0,2,0,0,0,1.0
127859,0,0.043978011,57,0,5599.0,,8,0,1,0,0.0
127860,0,0.7680196690000001,59,0,0.326451194,9250.0,16,0,2,0,0.0
127861,0,0.017262144,75,0,0.003588823,3900.0,3,0,0,0,0.0
127862,0,0.9999998999999999,68,0,0.0,,1,0,0,0,0.0
127863,0,0.23746303300000002,52,1,0.29023746699999997,7200.0,7,0,2,0,1.0
127864,0,0.011487753,68,0,11.0,,10,0,0,0,0.0
127866,0,0.289362727,71,3,0.298212723,8000.0,13,0,1,2,1.0
127867,0,0.0,80,0,296.0,,14,0,0,0,0.0
127868,0,1.103958417,28,0,0.082484991,3830.0,4,0,0,0,3.0
127870,0,0.9112281729999999,45,1,0.177134068,3900.0,4,1,0,0,4.0
127873,0,0.126795773,67,0,0.32938313399999997,9450.0,7,0,3,0,0.0
127874,0,0.0,53,0,1778.0,,7,0,1,0,0.0
127875,0,0.0,46,0,0.493120194,9883.0,17,0,1,0,2.0
127877,0,0.658927873,51,0,1207.0,,10,0,0,0,0.0
127879,0,0.443457641,72,0,0.65785381,4500.0,8,0,1,0,0.0
127880,0,0.32328337,49,0,450.0,,5,0,0,0,0.0
127881,1,0.9999998999999999,32,5,1.688206785,2475.0,5,1,2,1,0.0
127882,0,0.03435095,52,0,0.278659612,10772.0,8,0,1,0,1.0
127883,0,0.001960746,67,0,1415.0,,11,0,1,0,0.0
127884,0,0.08627114599999999,37,0,0.220370868,3720.0,8,0,0,0,0.0
127885,0,0.054779597,45,0,0.173026158,16667.0,7,0,1,0,4.0
127888,0,0.050189443,75,0,87.0,,5,0,0,0,0.0
127890,1,0.726660352,47,5,0.208055092,9583.0,8,1,1,0,2.0
127891,0,0.112419724,39,0,0.280928355,4954.0,11,0,0,0,3.0
127892,0,0.044464535,55,0,0.22719320199999998,4000.0,4,0,1,0,2.0
127893,0,0.949881265,63,0,0.388109552,4490.0,7,0,1,0,0.0
127895,0,0.009657484000000001,89,0,0.0027144409999999997,5525.0,4,0,0,0,0.0
127896,1,0.9999998999999999,30,0,0.047233236,5800.0,3,6,0,0,3.0
127897,0,0.234100008,82,3,0.576284743,5000.0,19,0,2,0,2.0
127898,0,0.35173675600000004,63,0,60212.0,0.0,8,0,0,1,0.0
127900,0,0.002281626,58,0,0.12277505300000001,14269.0,17,0,1,0,0.0
127901,0,0.16757479,53,0,0.493263798,2300.0,11,0,1,0,0.0
127902,0,0.044842704000000004,36,0,0.45891246,4100.0,9,0,1,0,2.0
127903,0,0.46981352600000004,33,0,0.37809187299999997,7640.0,20,0,1,0,3.0
127904,0,0.642981955,44,0,4288.0,,12,0,1,0,
127906,0,0.9999998999999999,34,1,0.43071385700000003,3333.0,4,0,1,1,2.0
127908,0,0.717905462,35,0,0.650231674,8416.0,10,0,1,0,2.0
127909,0,0.007953303,38,0,1055.0,,7,0,2,0,0.0
127911,0,0.052315895,37,1,351.0,,4,0,0,0,
127914,0,0.030213746,62,0,0.20384615399999997,6499.0,8,0,1,0,0.0
127915,0,0.441532848,35,0,0.375937344,6000.0,9,0,1,0,1.0
127917,0,0.292189165,67,0,0.004076766,26000.0,3,0,0,0,1.0
127918,0,0.34303079299999995,50,0,0.378717397,43208.0,28,0,12,0,2.0
127919,0,0.00706672,44,0,2638.0,,8,0,1,0,0.0
127920,1,1.037861618,57,3,0.177220999,10895.0,7,3,0,0,2.0
127921,0,0.609114081,60,0,0.370541282,16035.0,13,0,2,0,3.0
127922,0,0.790308053,44,1,0.20536344399999998,4250.0,7,0,0,1,0.0
127923,0,0.720255949,40,0,0.27088788399999997,4200.0,9,0,0,0,3.0
127925,1,0.193544225,27,0,0.23247559899999998,2253.0,10,0,0,0,0.0
127926,0,0.082210326,70,0,0.17422031,6508.0,5,0,1,0,0.0
127927,0,0.019090083,83,0,0.00242915,4939.0,5,0,0,0,0.0
127928,0,0.0,42,0,0.0,,4,0,0,0,0.0
127931,0,0.077427841,38,0,0.380123975,5000.0,11,0,1,0,1.0
127932,0,0.174280147,51,0,0.20024604899999998,10566.0,9,0,1,0,0.0
127934,1,0.9999998999999999,45,0,0.0060272730000000005,13272.0,1,1,0,0,3.0
127935,0,0.08399061599999999,47,0,0.080246914,5669.0,10,0,0,0,0.0
127937,0,0.052552805999999994,65,1,0.036233347,9907.0,8,0,1,0,0.0
127938,0,0.7190512379999999,65,0,0.858636611,7363.0,7,0,3,0,0.0
127939,0,0.124515019,43,0,1543.0,,8,0,1,0,0.0
127940,0,0.24465638399999998,55,0,0.354100669,8522.0,13,0,1,0,5.0
127941,0,0.328303336,60,0,1.016531503,3205.0,12,0,2,0,0.0
127942,0,0.17083691899999998,41,0,0.638100339,5600.0,11,0,2,0,2.0
127943,0,1.2670170490000001,33,1,1.353039134,1200.0,8,0,1,0,1.0
127944,0,0.04390776,54,0,0.42709599,6583.0,10,0,2,0,2.0
127945,0,0.425931385,49,0,0.5125219679999999,4551.0,9,0,2,0,2.0
127946,0,0.7647403220000001,54,0,0.36987428,8510.0,6,0,1,1,3.0
127949,0,0.132546686,47,0,2539.0,,8,0,1,0,1.0
127950,0,0.853600128,63,1,0.507320832,3892.0,9,0,1,1,1.0
127952,0,0.493213055,33,0,0.394292856,4800.0,7,0,0,0,1.0
127953,0,0.0,85,1,0.09579167599999999,4300.0,11,0,0,0,0.0
127956,0,0.046539969,49,0,0.189077687,14300.0,16,0,3,0,4.0
127957,0,0.023308812,69,0,0.122058529,15000.0,13,0,1,0,0.0
127959,0,0.067785763,74,0,0.041702128,4699.0,5,0,0,0,1.0
127960,0,0.03159684,46,0,2513.0,,3,0,1,0,0.0
127961,0,0.545407526,77,0,0.153050672,2900.0,6,0,0,0,0.0
127964,0,0.8413719540000001,44,0,0.43321816799999996,11866.0,10,0,4,0,3.0
127965,0,0.055580805999999996,32,0,0.163759825,21500.0,4,0,1,0,1.0
127966,1,0.9999998999999999,48,5,0.124276501,12093.0,5,1,1,0,2.0
127967,0,0.238885822,32,0,0.16734055,7666.0,9,0,0,0,3.0
127968,0,0.621660067,38,0,1.598771604,7000.0,16,0,1,0,2.0
127969,0,0.563710191,54,0,0.36962559700000003,9000.0,6,0,1,0,0.0
127970,0,0.23870308899999998,42,0,0.317084603,8533.0,7,0,4,0,0.0
127973,0,0.96336791,34,0,0.249571478,2916.0,8,0,0,1,0.0
127974,0,0.000614024,53,0,0.35130310600000003,2800.0,8,0,1,0,0.0
127976,0,0.154381819,50,0,0.233801992,17069.0,15,0,2,0,2.0
127977,0,0.087022285,49,0,532.0,,4,0,0,0,3.0
127979,1,0.950735765,41,1,2872.0,,10,0,1,0,0.0
127980,0,0.081963323,63,0,1682.0,,10,0,1,0,2.0
127981,1,0.32176894300000003,49,1,0.067052513,7083.0,7,0,0,0,0.0
127983,1,0.448310971,40,0,0.746590627,4032.0,9,0,1,0,2.0
127985,0,0.9371905640000001,43,0,0.285889195,9800.0,10,0,1,0,3.0
127988,0,0.247310267,58,0,0.586199919,4941.0,13,0,2,0,1.0
127989,0,0.021532852999999998,57,0,0.24914715899999998,8500.0,11,0,1,0,1.0
127990,1,0.48526557299999995,40,2,0.24753451699999998,6083.0,4,1,2,0,2.0
127991,0,0.195687723,29,0,0.511291157,5800.0,12,0,2,0,2.0
127992,0,0.053389227000000004,62,0,645.0,0.0,19,0,0,0,0.0
127997,0,1.279069767,25,1,0.178555202,2200.0,3,0,0,0,0.0
127999,0,0.9999998999999999,37,0,0.39568345299999996,5142.0,2,0,2,0,2.0
128001,0,0.535274582,42,0,0.214447978,4401.0,8,0,0,0,1.0
128003,0,0.20739658,33,0,0.14074757699999998,4333.0,6,0,0,0,1.0
128005,0,0.115466537,46,0,0.472836352,9000.0,9,1,2,1,2.0
128006,0,0.234323712,36,0,0.827543114,4000.0,24,0,2,0,2.0
128008,0,0.11472476599999999,26,0,0.008752117,3541.0,3,0,0,0,0.0
128009,0,0.0,34,0,0.778234086,1460.0,5,0,1,0,0.0
128010,0,0.9999998999999999,74,0,0.5352357320000001,4029.0,6,0,1,0,0.0
128012,0,0.014258644,78,0,0.11037735800000001,4239.0,8,0,0,0,0.0
128013,0,0.8144874209999999,44,0,0.239014913,17500.0,14,0,2,0,2.0
128014,0,0.060493895,51,0,0.078603292,6500.0,3,0,0,0,3.0
128016,0,0.001302771,80,0,0.000249938,4000.0,4,0,0,0,0.0
128017,0,0.09314526199999999,49,0,0.52562775,7725.0,12,0,1,0,1.0
128019,0,0.039025103,41,0,0.108981836,6000.0,7,0,0,0,3.0
128020,0,0.146170766,54,0,4986.0,,7,0,2,0,0.0
128021,0,0.051145302999999996,67,0,0.031133962,3500.0,6,0,0,0,0.0
128022,0,0.11304451300000001,71,0,0.111635535,25000.0,15,0,2,0,1.0
128023,0,0.202253183,61,0,0.402521191,4600.0,6,0,1,0,0.0
128024,0,0.9736105559999999,33,1,0.124975966,5200.0,7,0,0,0,0.0
128026,0,0.280520554,45,0,0.178531435,6250.0,30,0,0,0,0.0
128028,0,0.264210583,41,0,0.502265372,6179.0,12,0,2,0,0.0
128030,0,0.824716342,40,0,0.975708502,5680.0,17,0,2,0,2.0
128033,0,0.008999852,65,0,2805.0,,11,0,1,0,1.0
128034,0,0.9999998999999999,53,1,0.230053989,3333.0,3,1,1,0,13.0
128035,0,0.056668772,74,0,0.43405659399999996,10000.0,11,0,2,0,1.0
128036,0,0.002848312,61,0,0.17612466899999998,3400.0,6,0,0,0,0.0
128039,0,0.073286755,62,0,1.0803552090000001,9233.0,19,0,5,0,0.0
128043,0,0.9999998999999999,52,0,0.365572894,43000.0,8,0,4,0,2.0
128044,0,0.8049416709999999,44,2,0.11189531,6800.0,4,0,0,1,4.0
128046,0,0.699115044,47,0,0.276353865,9675.0,10,0,1,0,2.0
128047,0,0.23072794600000002,43,0,0.264298856,12500.0,15,0,2,0,0.0
128049,0,0.08528807699999999,49,0,0.09865470900000001,5574.0,4,0,0,0,1.0
128051,0,0.9999998999999999,67,0,0.0,,2,0,0,0,0.0
128052,0,0.13973670900000001,57,0,0.368390215,6826.0,6,0,1,0,0.0
128053,0,0.0,54,0,101.0,,6,0,1,0,0.0
128054,0,0.7619732020000001,41,2,0.561680854,7400.0,14,0,2,0,0.0
128055,0,0.261497739,31,0,0.6262713329999999,5800.0,14,0,1,0,0.0
128056,0,0.855429714,58,0,0.369834317,5250.0,3,0,1,1,0.0
128057,0,0.229410251,58,0,0.383795977,15958.0,24,0,2,0,0.0
128058,0,0.352988234,62,0,0.205806452,7749.0,6,0,1,0,0.0
128059,0,0.45090981799999996,34,0,0.768066267,3500.0,8,0,1,0,0.0
128060,0,0.038971453999999996,72,0,0.21515696899999998,5000.0,5,0,0,0,0.0
128061,0,0.934838797,30,0,0.23792069300000002,3000.0,3,0,0,0,3.0
128062,0,0.9999998999999999,58,0,5538.0,,6,0,2,0,1.0
128063,0,0.32016139600000004,47,1,0.298680946,7656.0,8,0,1,0,2.0
128064,0,0.390529015,42,0,0.686321563,5833.0,10,0,1,0,0.0
128065,0,0.119182824,84,0,0.093150685,4379.0,6,0,0,0,0.0
128066,0,0.029657244,70,0,1961.0,,14,0,1,0,0.0
128067,0,0.9999998999999999,27,0,0.09255079,3100.0,1,0,0,0,0.0
128068,0,0.15144766099999998,45,0,0.6527377520000001,6245.0,4,0,2,0,2.0
128070,0,0.595660108,63,0,0.19764058199999998,12714.0,5,0,1,0,0.0
128071,0,0.9999998999999999,52,0,0.23159063300000002,18916.0,8,0,2,0,2.0
128074,0,0.9999998999999999,61,0,0.0,,0,0,0,0,
128075,0,0.9999998999999999,70,0,0.12254111599999999,3100.0,1,0,0,0,0.0
128076,0,0.9999998999999999,36,0,0.46690661899999997,5000.0,11,0,1,0,1.0
128077,0,0.041399781000000004,67,0,0.194421657,7313.0,9,0,2,0,2.0
128078,0,0.005246225,62,0,0.082743105,12000.0,10,0,1,0,0.0
128081,0,0.0052154820000000005,55,0,0.450431034,2783.0,5,0,1,0,0.0
128082,0,0.043433317,66,0,0.12275144199999999,8838.0,11,0,1,0,1.0
128084,0,0.015274166,29,0,0.6322805579999999,4875.0,9,0,2,0,0.0
128087,0,0.32149323,51,0,0.25794091,19833.0,16,0,2,0,2.0
128088,0,0.098328651,46,0,0.44675750700000005,7925.0,6,0,2,0,2.0
128091,0,0.9999998999999999,45,0,0.127174565,5000.0,2,0,0,1,2.0
128092,0,0.567606175,32,2,1.332267093,2500.0,5,0,1,0,3.0
128093,0,0.031697891,59,0,0.005581297,9495.0,9,0,0,0,0.0
128094,0,0.01802654,65,0,0.132380216,12939.0,7,0,1,0,2.0
128095,0,0.27302203,60,0,0.522076171,2966.0,4,0,2,0,1.0
128097,0,0.008678031999999999,64,0,0.002272211,4400.0,3,0,0,0,0.0
128098,0,0.019311148,62,0,10.0,,1,0,0,0,
128099,1,0.6477212920000001,49,2,0.266565695,5281.0,8,1,0,0,1.0
128100,0,0.022477757999999997,63,0,0.162476106,6800.0,8,0,1,0,0.0
128102,0,0.020931938,84,0,0.0077120819999999994,1166.0,2,0,0,0,1.0
128103,0,0.25389844100000003,29,0,767.0,,7,0,0,0,0.0
128105,0,0.077228811,32,0,0.440429136,7083.0,13,0,2,0,0.0
128106,0,0.037298217,57,0,1962.0,1.0,11,0,2,0,3.0
128107,0,0.17075865199999998,57,0,0.048454084,6500.0,7,0,0,0,0.0
128108,0,0.000735258,62,0,0.30946145,12217.0,8,0,2,0,1.0
128110,0,0.925933862,33,0,0.301449953,4275.0,5,0,1,0,0.0
128112,0,0.30228961,59,0,0.46682863,5350.0,19,0,1,0,0.0
128113,0,0.000224485,47,0,0.38020659799999995,3000.0,8,0,1,0,0.0
128115,0,0.374750033,41,0,0.206541219,4463.0,6,0,0,0,1.0
128118,0,0.059592648,57,1,0.470446779,7900.0,25,0,1,0,1.0
128121,0,0.266544916,42,0,0.541559554,3500.0,13,0,1,0,0.0
128123,0,0.012683122,59,0,0.0031424079999999997,7000.0,6,0,0,0,2.0
128124,0,0.06601999900000001,60,0,0.069406077,2895.0,11,0,0,0,1.0
128126,1,0.913477819,53,1,161.0,,6,0,0,0,
128129,0,0.13563706,47,1,0.505325603,7416.0,17,0,3,0,1.0
128130,0,0.008666436,55,0,0.33854777700000005,7670.0,11,0,1,0,0.0
128131,0,0.304739052,57,4,0.365713587,8183.0,9,0,1,0,1.0
128134,0,0.00417181,61,0,0.277761999,3520.0,17,0,0,0,0.0
128135,0,0.010052103,71,0,5.0,,2,0,0,0,
128137,0,0.057611725999999995,61,0,0.012676393000000001,8361.0,8,0,0,0,0.0
128138,0,0.016831784,80,0,0.153409091,8975.0,21,0,2,0,3.0
128141,0,0.588564574,41,0,0.12291483800000001,6833.0,7,0,0,0,1.0
128142,0,0.066936043,74,0,0.22359040800000002,3085.0,6,0,0,0,0.0
128143,0,0.219835002,48,0,0.254731023,9405.0,11,0,1,0,2.0
128144,0,0.008066129,72,0,0.00119952,2500.0,3,0,0,0,0.0
128145,0,0.556812662,54,0,0.497708524,3272.0,6,0,0,0,0.0
128147,0,0.816453102,35,0,0.432447872,3500.0,5,0,1,0,2.0
128150,0,0.14824194300000001,60,0,3986.0,,18,0,3,0,0.0
128151,0,0.88868696,39,0,57.0,,10,1,0,0,0.0
128152,0,0.9999998999999999,47,0,0.091535214,4500.0,5,0,0,0,3.0
128155,0,0.250929151,44,0,0.332991325,10720.0,5,0,2,0,3.0
128156,0,1.001795158,52,0,0.40145605799999995,5768.0,9,0,1,0,2.0
128158,0,0.175471524,38,0,0.159097401,3500.0,3,0,0,0,0.0
128159,0,0.977624375,44,3,0.6683133379999999,2833.0,5,1,1,0,4.0
128160,0,1.095808383,24,1,0.008360596,2750.0,2,0,0,0,0.0
128165,0,0.802047918,40,0,0.11211228599999999,5770.0,9,0,0,0,2.0
128166,0,0.0061645319999999995,79,0,25.0,,27,0,0,0,0.0
128167,0,0.003812812,46,0,0.204371076,4300.0,4,0,1,0,0.0
128168,0,0.058096144,61,0,1351.0,,5,0,1,0,0.0
128169,0,0.020406775,31,0,0.321334293,4166.0,8,0,2,0,0.0
128170,0,0.000999955,65,0,5514.0,,10,0,4,0,1.0
128172,0,0.121110983,47,0,0.944411118,5000.0,11,0,2,0,0.0
128173,0,0.00074029,71,0,0.29828350600000003,8796.0,13,0,3,0,0.0
128174,0,0.029378894,48,1,2915.0,,20,0,2,0,4.0
128175,0,0.150876703,39,0,1432.5,1.0,7,0,2,0,3.0
128176,0,0.04223831,54,0,0.30627603800000003,7440.0,7,0,2,0,3.0
128177,0,0.479038508,54,0,0.6143358010000001,7700.0,6,0,1,0,2.0
128178,0,0.035897825,57,0,4046.0,,8,0,1,0,0.0
128179,0,0.9999998999999999,40,0,0.0,1800.0,0,0,0,0,0.0
128181,0,0.322200273,62,1,0.540602621,7400.0,15,0,2,0,0.0
128183,0,0.9999998999999999,48,0,65.0,,0,0,0,0,0.0
128184,0,0.041699687,30,0,0.34826077899999996,4800.0,18,0,1,0,0.0
128185,0,0.026446847000000002,42,0,0.46807757,11292.0,16,0,4,0,3.0
128188,0,0.624843505,54,0,0.546394889,6573.0,13,0,1,0,1.0
128190,0,0.017954035,43,0,2592.0,,9,0,2,0,4.0
128193,0,0.204012147,75,0,0.12231759699999999,7455.0,9,0,1,0,0.0
128194,0,0.003166601,89,0,4.0,,2,0,0,0,0.0
128196,0,0.04961491,68,0,1.1946755409999998,600.0,3,0,1,0,0.0
128199,0,0.028762294,85,0,47.0,,8,0,0,0,0.0
128201,0,0.262496452,53,0,0.194356633,8540.0,5,0,1,0,3.0
128202,1,0.269562484,32,0,1.24445111,3333.0,17,0,3,0,0.0
128203,0,0.008249484,72,0,0.446088795,1891.0,6,0,1,0,0.0
128204,0,0.9999998999999999,22,0,50.0,,2,0,0,0,0.0
128205,0,0.156149676,42,0,0.556205803,4100.0,12,0,2,0,1.0
128206,1,0.962375073,30,1,0.066896928,5500.0,2,0,0,0,3.0
128210,0,0.01019796,71,0,0.251499769,2166.0,6,0,1,0,0.0
128211,0,0.8449887629999999,31,0,0.403167747,4166.0,7,0,0,0,2.0
128212,0,0.055747446,61,0,0.396097046,3791.0,9,0,1,0,0.0
128214,0,0.007514017,47,0,0.200553025,6147.0,6,0,1,0,2.0
128215,0,0.075083317,25,0,0.219358233,1900.0,4,0,0,0,0.0
128216,0,0.47305389200000003,57,0,0.004663558,1500.0,1,0,0,0,0.0
128218,0,0.9999998999999999,72,0,905.0,,5,0,1,0,0.0
128219,0,0.9999998999999999,27,0,0.090854028,3301.0,1,0,0,0,0.0
128220,0,0.297190497,51,1,0.698619329,2534.0,10,0,1,0,2.0
128221,0,0.019877778999999998,73,0,0.073981505,4000.0,21,0,0,0,0.0
128222,1,0.0,54,1,0.38635858700000003,4500.0,5,0,1,0,0.0
128223,0,0.0,77,0,0.438972353,11248.0,6,0,2,0,0.0
128224,0,0.028677762000000002,50,0,1351.0,,9,0,1,0,4.0
128227,0,0.609305609,59,0,0.457974458,10100.0,8,0,1,0,0.0
128228,0,0.508245653,55,1,0.40056725200000004,9166.0,9,0,1,0,0.0
128229,0,0.0,41,0,0.0,17500.0,1,0,0,0,3.0
128231,0,0.008746506,46,0,0.16625821,10200.0,10,0,2,0,2.0
128232,0,0.6953076359999999,46,1,0.5273681579999999,4000.0,8,0,0,0,2.0
128233,0,0.00854137,51,0,2084.0,0.0,6,0,1,0,2.0
128235,0,0.21480664300000002,40,0,0.209684331,7000.0,8,0,1,0,0.0
128236,1,0.907388766,72,1,0.558452847,2300.0,6,1,2,0,0.0
128237,0,0.032829759,62,0,0.224867725,6425.0,11,0,3,0,0.0
128238,0,0.025959577,53,0,0.07183287,9716.0,5,0,0,0,4.0
128239,0,0.254453031,54,1,0.154181818,2749.0,9,0,0,0,1.0
128240,1,1.092133855,51,6,0.740740741,3914.0,7,5,2,0,3.0
128241,0,0.0036347109999999997,44,1,0.226248776,4083.0,6,0,1,0,0.0
128242,0,0.051737217,70,0,0.17068293199999998,10000.0,9,0,1,0,0.0
128243,0,0.85525163,27,1,0.340263894,2500.0,8,0,0,0,0.0
128244,0,0.084583083,63,0,0.135117704,3100.0,17,0,1,0,0.0
128246,0,0.037598822000000004,60,0,0.280539052,6900.0,22,0,1,0,1.0
128247,0,0.461496096,83,0,0.206213482,14033.0,10,0,1,0,1.0
128249,0,0.532553036,35,0,0.006143214,10417.0,3,0,0,0,0.0
128250,0,0.09140101199999999,60,0,4571.0,,11,0,2,0,0.0
128251,0,0.38575667700000005,58,0,0.030202731,4833.0,3,0,0,0,1.0
128252,0,0.044383226,71,0,0.001606684,9335.0,6,0,0,0,0.0
128253,0,0.038743707999999995,71,0,0.249187703,4000.0,18,0,0,0,1.0
128254,0,0.9999998999999999,26,0,0.083398285,1282.0,4,1,0,1,0.0
128255,0,0.004190092,57,2,0.733193703,14800.0,23,0,4,0,1.0
128257,0,0.024155764,59,0,2292.0,,11,0,1,0,
128258,0,0.656158099,66,0,1249.0,,2,0,1,0,0.0
128259,0,0.0,32,0,0.185546133,7900.0,8,0,0,0,0.0
128260,0,0.512453985,55,0,0.276951138,10416.0,10,0,1,0,0.0
128261,0,0.8647336090000001,58,0,0.416865899,4600.0,9,0,2,0,0.0
128262,0,0.0,37,0,0.236775393,5916.0,9,0,1,0,0.0
128264,0,0.048442291,47,0,0.557543031,5925.0,9,0,2,0,2.0
128265,0,1454.0,67,0,626.0,,5,0,1,0,0.0
128266,0,0.0,40,0,1103.0,,11,0,1,0,0.0
128267,0,0.046465118,41,0,0.422430971,14051.0,9,0,3,0,0.0
128268,0,1.015152288,55,4,0.473978388,8050.0,13,0,2,0,1.0
128269,0,0.010130815,46,0,491.0,,6,0,0,0,2.0
128270,0,0.13608957800000002,35,0,0.328180737,9250.0,5,0,2,0,2.0
128271,0,0.07887061599999999,58,0,2543.0,,8,0,1,0,0.0
128272,0,1.588741126,38,0,0.10678932099999999,10000.0,7,0,0,0,4.0
128273,0,0.023030633999999998,76,0,0.00779922,10000.0,7,0,0,0,1.0
128274,0,0.116355284,60,0,0.853658537,2500.0,9,0,1,0,1.0
128277,0,0.08453521,34,0,0.124341029,5500.0,5,0,0,0,0.0
128278,0,0.300059317,75,2,520.0,,7,0,0,0,
128279,0,0.9999998999999999,41,0,0.005146113,5440.0,2,0,0,0,2.0
128281,0,0.845194753,38,0,2406.0,,10,0,1,0,1.0
128283,0,0.000338259,63,0,0.0,6000.0,6,0,0,0,0.0
128284,0,0.020898955,66,0,0.17778936399999998,3835.0,14,0,0,0,0.0
128285,0,0.01169635,67,0,0.059046075,7400.0,12,0,0,0,0.0
128287,0,0.9599462040000001,61,0,0.641474935,6562.0,11,0,0,0,1.0
128288,0,0.17710548899999998,45,0,3839.0,,7,0,1,0,0.0
128289,0,0.5868826229999999,30,0,0.172880883,7160.0,3,0,1,0,0.0
128290,0,0.635331086,52,0,0.471850485,4333.0,9,0,1,0,0.0
128291,0,0.030656267,78,0,0.197267577,3000.0,5,0,0,0,0.0
128293,0,0.262456407,42,0,5116.0,,11,0,1,0,0.0
128294,1,0.994167639,42,0,0.32830706,2917.0,5,0,1,0,3.0
128295,0,0.0,76,0,847.0,,7,0,0,0,1.0
128296,0,0.11885550199999999,40,0,0.277299007,9166.0,9,0,2,0,0.0
128298,0,0.481130657,48,0,1.37171418,2700.0,11,0,1,0,0.0
128301,0,0.8960756459999999,47,4,0.23166810399999999,12750.0,19,0,1,0,0.0
128302,0,0.0,66,1,1549.0,,8,0,1,0,0.0
128303,0,0.427724544,40,0,0.503490205,4440.0,5,1,1,0,1.0
128304,1,0.042165085,64,2,0.194083996,7166.0,13,1,0,0,2.0
128305,0,0.026720737999999997,47,0,2557.0,,6,0,2,0,1.0
128307,0,0.9999998999999999,29,0,125.0,,0,2,0,0,0.0
128308,1,0.46391317,58,0,0.7268243329999999,7906.0,15,0,2,0,0.0
128309,0,0.011679285,72,0,349.0,,6,0,0,0,1.0
128310,0,0.121624231,56,0,0.25212066699999996,17800.0,14,0,3,0,1.0
128311,0,0.028451154,65,0,0.273740869,2600.0,6,0,0,0,0.0
128314,0,0.054005305,66,0,84.0,,13,0,0,0,0.0
128315,0,0.0,46,0,0.0,4100.0,6,0,0,0,1.0
128316,0,0.9999998999999999,32,0,0.0,4400.0,0,2,0,0,0.0
128317,0,0.025321424,54,0,0.522717247,4533.0,13,0,1,0,1.0
128318,0,0.82538839,64,0,0.6398865779999999,7405.0,14,0,2,0,0.0
128319,0,0.008519659,56,0,923.0,,10,0,1,0,0.0
128324,0,0.0,56,0,0.0,,3,0,0,0,0.0
128325,0,0.716309671,53,0,2492.0,,6,0,1,0,0.0
128327,0,0.0,43,1,0.42870905600000003,6227.0,9,0,3,0,0.0
128329,0,0.995682799,29,2,0.334769867,5800.0,6,0,1,0,2.0
128331,0,0.9999998999999999,47,0,0.293410572,6904.0,4,0,2,0,0.0
128333,0,0.002893555,78,0,0.0013712720000000002,2916.0,11,0,0,0,0.0
128336,0,0.14248708,49,1,0.476910933,7600.0,15,0,1,0,2.0
128337,0,0.065991201,39,0,1477.0,,4,0,2,0,2.0
128338,0,0.357728454,41,0,0.331024931,7219.0,4,0,2,0,3.0
128340,0,0.021221828999999998,64,0,0.195831048,14583.0,10,0,1,0,0.0
128342,0,0.08329361,61,0,0.26879158,10070.0,14,0,2,0,1.0
128344,0,0.40319361299999995,72,0,6.0,,1,0,0,0,0.0
128345,0,0.0,46,0,1.6185525790000002,2500.0,16,0,4,0,0.0
128346,0,0.088495575,44,0,53.0,,2,0,0,0,0.0
128348,0,0.035546304,52,0,0.027387881,2920.0,4,0,0,0,0.0
128349,1,0.0,45,0,0.38285378700000006,3405.0,13,0,0,0,3.0
128350,0,0.0,61,0,0.37401439799999997,2916.0,4,0,1,0,0.0
128351,0,0.0,33,0,0.5663274420000001,5600.0,5,0,1,0,3.0
128353,1,0.520593606,38,0,1.808869457,1600.0,6,0,2,0,0.0
128354,0,0.013266815,32,0,0.184375343,9100.0,5,0,1,0,0.0
128355,0,0.150388093,59,0,3524.0,,9,0,1,0,0.0
128356,0,0.01964495,62,0,0.90886392,800.0,14,0,2,0,0.0
128357,0,0.058179418,42,0,0.10867782599999999,50000.0,3,0,1,0,3.0
128358,0,0.266268486,64,0,0.36900574,5400.0,8,0,1,0,0.0
128359,0,0.520098794,56,0,0.370218859,4888.0,9,0,0,0,0.0
128360,0,0.14528748800000002,39,0,3014.0,,3,0,1,0,0.0
128361,0,0.9999998999999999,38,0,1440.0,,4,0,0,0,1.0
128362,0,0.066286816,58,0,1207.0,,8,0,0,0,0.0
128365,0,0.0065246359999999995,67,0,0.233507327,15900.0,21,0,3,1,0.0
128366,0,0.976011994,24,0,0.027756059,2557.0,3,0,0,0,0.0
128368,0,0.16823008399999997,62,0,0.242451067,10166.0,2,0,1,0,0.0
128369,0,0.036789476,66,0,2307.0,,8,0,0,0,1.0
128370,0,0.047499348,62,0,6265.0,,19,0,4,0,0.0
128371,0,0.9999998999999999,45,0,0.990234375,1535.0,4,0,1,0,1.0
128373,0,0.098600122,77,0,0.398240704,2500.0,9,0,1,0,0.0
128374,0,0.065934767,55,0,0.29072348,18023.0,8,0,4,0,1.0
128377,0,0.04361254,61,0,0.023193815,3750.0,7,0,0,0,0.0
128379,0,0.070815802,61,0,0.27460783699999997,16000.0,12,0,2,0,0.0
128380,0,0.18300069100000002,30,1,0.221145108,3300.0,6,0,0,0,0.0
128381,0,0.030016524,45,0,0.312329108,8045.0,15,0,1,0,0.0
128386,0,0.022142225,67,0,972.0,,8,0,1,0,0.0
128389,0,0.266425626,33,0,0.44776757100000003,4680.0,10,0,1,0,0.0
128390,0,0.741002768,76,2,71.0,,3,0,0,0,
128391,0,0.042187035,49,0,0.24704706,16000.0,18,0,1,0,4.0
128392,1,1.003333175,42,0,0.261998921,11125.0,12,0,2,0,4.0
128394,0,0.325896387,59,0,0.580195977,9694.0,18,0,2,0,1.0
128395,0,0.009439200000000002,42,0,0.5926768720000001,4833.0,7,0,2,0,1.0
128396,0,0.0,66,0,0.0,,3,0,0,0,0.0
128397,0,0.10632234199999999,55,0,0.013808851,9196.0,5,0,0,0,0.0
128399,0,0.9870129870000001,41,1,0.076961519,2000.0,3,0,0,0,0.0
128400,0,0.056153633,76,0,1406.0,,14,0,1,0,0.0
128401,0,0.636840551,52,1,0.48710662,9500.0,16,0,2,0,1.0
128404,0,0.193893537,65,0,0.598144297,6250.0,12,0,2,0,0.0
128406,0,0.7171314740000001,33,0,0.134042553,939.0,2,0,0,0,2.0
128407,0,0.283793658,52,0,1.118450349,6736.0,15,0,2,0,0.0
128408,0,0.058278834,56,0,1760.0,,10,0,2,0,0.0
128410,0,0.43080240000000003,43,0,0.67537415,7349.0,17,0,1,0,3.0
128412,0,0.13072672,45,0,0.627441652,35733.0,16,0,5,0,3.0
128413,0,0.112335845,39,0,0.28151397,6155.0,9,0,1,0,1.0
128414,0,0.243371547,51,0,0.370681382,4167.0,7,0,1,0,1.0
128415,0,0.097757169,61,0,0.21071402,13458.0,7,0,1,0,2.0
128416,0,0.311515754,63,0,0.078,12499.0,9,0,1,0,0.0
128417,0,0.07355297400000001,57,0,0.289164386,6210.0,18,0,1,0,1.0
128419,0,0.15141895800000002,27,1,0.154187958,4500.0,8,0,0,0,0.0
128422,0,0.001582645,55,0,0.18790752800000002,5060.0,10,0,1,0,2.0
128423,0,0.016756025,77,0,0.42751449700000005,5000.0,13,0,1,0,1.0
128424,0,0.044443422999999996,53,0,0.39831735700000004,14500.0,22,0,3,0,0.0
128426,0,0.39501520100000004,69,0,563.0,,9,0,0,1,0.0
128427,0,0.040658335,62,0,0.370203725,8000.0,15,0,1,0,0.0
128428,0,0.23156694,50,0,0.22859047,3000.0,5,0,0,0,3.0
128429,0,0.6988866140000001,53,0,0.358276121,17332.0,22,0,2,0,2.0
128430,0,0.9999998999999999,45,0,0.12242984800000001,16000.0,2,0,2,0,3.0
128431,0,0.097888949,34,0,2832.0,,10,0,2,0,1.0
128433,0,0.8527163809999999,65,1,1840.0,,3,2,1,0,0.0
128436,0,0.9999998999999999,38,1,0.504051106,6417.0,5,0,2,1,2.0
128437,0,0.39632333799999997,59,0,0.42878265200000004,6086.0,7,0,1,1,0.0
128438,0,0.0025285570000000003,79,0,0.0026624070000000003,1877.0,13,0,0,0,0.0
128439,0,0.147210268,37,0,0.269499612,9012.0,5,0,1,0,2.0
128440,0,0.020687059,43,0,1818.0,,17,0,1,0,0.0
128443,0,0.0,32,0,0.10120783,2400.0,4,0,0,0,1.0
128446,0,0.240773286,57,0,0.325825674,9900.0,15,0,1,0,0.0
128447,0,0.05469082,51,1,0.21423221,12014.0,13,0,5,0,0.0
128448,0,0.559178121,53,0,0.368680468,7100.0,9,0,1,0,2.0
128449,0,0.261815829,42,0,0.48704013399999996,7175.0,7,0,2,0,2.0
128450,0,0.073320215,46,0,0.008039356999999999,8333.0,3,0,0,0,1.0
128451,0,0.0,37,0,0.088632679,5550.0,3,0,0,0,0.0
128453,0,0.080330656,62,0,72.0,,2,0,0,0,0.0
128456,0,0.15684315699999998,25,0,0.253433208,800.0,3,0,0,0,0.0
128457,0,0.0007499789999999999,73,0,1648.0,,9,0,2,0,0.0
128458,0,0.0,23,0,0.0,1833.0,1,0,0,0,0.0
128459,1,0.015084785,39,0,0.324879652,8516.0,14,3,1,0,1.0
128461,0,0.01908581,69,0,0.299930249,4300.0,10,0,2,0,0.0
128462,0,0.040452502,67,0,0.035997429,4666.0,4,0,0,0,0.0
128463,0,0.918270432,38,0,0.020647976999999998,5956.0,4,0,0,0,3.0
128464,0,0.322346621,60,0,5049.0,,15,0,2,0,0.0
128466,0,0.7234271179999999,56,0,0.488698911,8538.0,12,0,2,0,1.0
128468,0,0.005767174,65,0,0.11599999999999999,11749.0,6,0,1,0,1.0
128469,0,0.206455008,42,0,830.0,,2,0,1,0,0.0
128471,0,0.0,84,0,0.0,4300.0,5,0,0,0,0.0
128472,0,0.529521496,37,0,0.033782536,10833.0,1,0,0,0,0.0
128473,0,0.9999998999999999,42,0,1.494657015,2900.0,4,0,2,0,1.0
128474,0,0.19931968600000002,44,0,0.36557341299999996,13750.0,11,0,2,0,2.0
128475,0,0.052022571,40,0,0.059037239000000005,1100.0,3,0,0,0,0.0
128476,1,0.5050838329999999,50,3,1.225290698,687.0,13,0,0,0,0.0
128478,0,0.043453182,73,0,1269.0,,5,0,1,0,0.0
128481,0,0.01848311,50,0,0.269526828,8833.0,8,0,2,0,0.0
128482,1,0.860082305,34,0,871.0,,8,0,0,0,0.0
128483,0,0.8582872140000001,69,0,6276.0,,14,0,3,0,0.0
128484,0,0.092176989,55,0,0.142059986,4300.0,8,0,0,0,1.0
128485,0,0.915938403,44,1,0.61536265,10505.0,17,0,2,0,2.0
128486,0,0.9999998999999999,30,1,0.087003925,4585.0,1,4,0,0,2.0
128488,0,0.9999998999999999,49,1,0.254383219,12775.0,7,0,1,1,2.0
128489,0,0.9999998999999999,48,1,0.433640463,5100.0,3,0,1,0,3.0
128491,0,0.050715485,53,0,0.120989918,12000.0,10,0,1,0,4.0
128492,1,0.84611898,43,5,0.7448448240000001,4800.0,10,0,2,0,0.0
128494,0,0.030839382999999998,67,0,1124.0,,5,0,1,0,0.0
128497,0,0.9999998999999999,39,0,0.846615253,3500.0,6,0,1,0,0.0
128498,1,0.46826282399999997,47,1,0.858030686,5148.0,11,0,1,0,0.0
128500,0,0.421713346,48,0,0.469419556,7700.0,17,0,1,0,2.0
128503,0,0.58689097,33,0,1628.0,,10,0,2,0,0.0
128505,0,0.77378726,59,0,0.920036347,2200.0,7,0,2,0,1.0
128506,0,0.0,75,0,0.158972958,3660.0,7,0,1,0,0.0
128509,0,0.0,41,0,0.350817049,8750.0,12,0,2,0,1.0
128512,0,0.409867173,40,0,1714.0,,7,0,2,0,0.0
128513,0,0.0,68,0,0.319905213,10971.0,12,0,2,0,1.0
128516,0,0.02124755,58,2,0.003147565,5400.0,6,0,0,0,0.0
128519,0,0.033399393,68,0,0.072811178,7800.0,4,0,1,0,0.0
128522,0,0.9999998999999999,52,0,0.0,4850.0,1,0,0,0,1.0
128524,0,0.0,53,0,0.269783445,4940.0,4,0,2,0,0.0
128525,1,1.160557407,43,3,0.38626087,11499.0,9,1,1,1,2.0
128526,0,0.079983833,60,0,0.144039994,6400.0,8,0,1,0,1.0
128527,0,0.0,40,0,0.413509343,11665.0,18,0,3,0,3.0
128529,0,0.02514142,85,0,12.0,,2,0,0,0,0.0
128531,0,0.506668414,61,1,0.651040572,4756.0,17,0,1,1,0.0
128532,0,0.91558682,49,1,0.034437663,2293.0,3,0,0,0,0.0
128535,0,0.08131978,40,2,0.30123955,6937.0,6,0,2,0,3.0
128537,0,0.011634867,52,0,0.353941623,4350.0,14,0,1,0,0.0
128538,0,0.052489304,31,0,0.503350084,4775.0,8,0,2,0,0.0
128539,0,0.461271511,55,0,739.0,,9,0,0,0,0.0
128541,0,0.046461767,74,0,0.01228913,8950.0,8,0,0,0,0.0
128542,0,0.447548008,53,0,0.637652705,4583.0,6,0,3,0,0.0
128543,0,0.686062787,37,0,0.618152739,2500.0,8,0,1,0,0.0
128546,0,0.9999998999999999,35,0,0.0,3000.0,0,0,0,0,0.0
128547,0,0.00470024,34,0,0.148791922,13864.0,8,0,2,0,2.0
128549,0,0.9624292329999999,32,1,0.71718946,3984.0,5,0,1,0,0.0
128550,0,0.00864107,86,0,9.0,,4,0,0,0,0.0
128551,0,0.020712806,56,0,8.0,,4,0,0,0,0.0
128554,0,0.381184494,63,0,0.29490523399999996,5750.0,8,0,2,0,1.0
128555,0,0.0,72,0,0.16559565,8091.0,8,0,1,0,0.0
128561,0,0.097653293,57,0,0.24950011100000002,4500.0,15,0,1,0,2.0
128562,0,0.010217705,84,0,0.0033311129999999997,3001.0,5,0,0,0,1.0
128563,0,0.06677417599999999,54,0,0.292291542,6667.0,13,0,1,0,0.0
128565,0,0.39015534799999996,29,0,0.22263604399999998,9665.0,8,0,2,0,1.0
128566,0,0.035693149,34,0,0.236614086,4500.0,7,0,0,0,0.0
128567,0,0.9999998999999999,45,0,0.309386733,3994.0,5,0,2,0,0.0
128568,0,0.0,49,0,1.102695964,6416.0,12,0,3,0,3.0
128570,1,0.503127224,38,0,0.35659404299999997,9500.0,11,0,2,0,1.0
128571,1,0.9999998999999999,31,1,0.6783907490000001,4150.0,3,2,3,3,1.0
128573,0,0.0,30,0,0.5137247770000001,5500.0,11,0,2,0,0.0
128575,0,0.7335780279999999,60,0,0.11739503,3500.0,5,0,0,0,0.0
128576,0,0.64935475,61,0,0.771980462,4503.0,9,0,2,0,2.0
128577,0,0.506493993,58,0,4074.0,,10,0,2,0,1.0
128578,0,0.455313335,45,2,0.509122719,4000.0,12,0,1,0,2.0
128579,0,0.339330335,22,0,0.010411244,1920.0,2,0,0,0,0.0
128580,0,0.080365863,53,0,0.22625899300000002,5559.0,12,0,1,0,0.0
128581,0,0.012740153,64,0,0.376467179,6900.0,8,0,1,0,1.0
128582,0,0.0,37,0,0.336732653,5000.0,7,0,1,0,2.0
128583,0,0.023516857000000002,42,0,0.193189838,5667.0,8,0,1,0,2.0
128584,0,0.886845262,34,0,0.319611879,3400.0,5,0,0,0,0.0
128585,0,0.116811169,38,0,0.170413123,6583.0,9,0,1,0,2.0
128586,0,0.600119648,38,0,210.0,,3,0,0,0,0.0
128587,0,0.462685953,42,0,0.613187336,4200.0,8,0,1,0,1.0
128588,0,0.002802924,57,0,1524.0,,10,0,2,0,1.0
128590,0,0.6019036329999999,30,0,0.726650881,3800.0,8,0,2,0,0.0
128592,0,0.033034977,65,0,1386.0,,9,0,1,0,0.0
128593,0,0.00592843,80,0,7.0,,6,0,0,0,
128594,0,0.153518236,62,0,0.320180142,4662.0,12,0,1,0,0.0
128597,0,0.9999998999999999,51,0,569.0,0.0,1,0,0,0,1.0
128598,0,0.9999998999999999,37,0,0.077200807,9416.0,3,0,0,0,0.0
128599,0,0.087274528,63,0,0.233371126,5291.0,5,0,1,0,0.0
128600,0,0.055879728,44,0,0.025313717000000003,4621.0,6,0,0,0,0.0
128601,0,0.028142589,67,0,0.057323779000000005,6000.0,9,0,0,0,0.0
128603,0,0.02076839,79,0,0.006234414000000001,2405.0,2,0,0,0,0.0
128604,0,0.004423504,46,1,0.465566804,8000.0,11,0,4,0,2.0
128605,0,0.046710949,81,0,0.00569886,3333.0,2,0,0,0,0.0
128606,0,0.0,31,0,0.012947888000000001,15600.0,5,0,0,0,0.0
128607,0,0.13414926800000002,79,2,0.19525121899999998,4716.0,8,0,1,0,0.0
128608,1,0.9999998999999999,28,0,0.29199549,2660.0,7,4,0,1,0.0
128609,0,0.05812772099999999,56,0,0.019164385,8400.0,5,0,0,0,0.0
128610,0,0.9999998999999999,56,0,0.038308871,10832.0,0,1,0,1,0.0
128611,0,0.023985037,71,0,0.018993668999999998,3000.0,14,0,0,0,1.0
128612,0,0.255157998,49,0,2264.0,,10,0,1,0,0.0
128614,0,0.153719674,39,0,1229.0,,6,0,1,0,1.0
128616,0,0.04575793400000001,57,1,0.282104001,11672.0,16,0,2,0,0.0
128617,0,0.030426371,53,0,484.0,,8,0,0,0,1.0
128618,0,0.062603724,66,0,0.296493746,4876.0,20,0,2,0,0.0
128619,0,0.9999998999999999,60,2,0.563143124,3206.0,4,0,0,0,0.0
128620,0,0.469717586,72,5,0.471936009,7375.0,10,0,2,0,1.0
128622,0,0.7350085670000001,44,0,0.314421395,4000.0,9,0,1,1,0.0
128625,0,0.87111793,71,0,1.183526589,2500.0,13,0,2,0,0.0
128627,0,0.340517405,69,0,0.726255653,4200.0,8,0,1,0,0.0
128628,0,1.24567474,56,2,0.684078353,7963.0,10,0,1,0,0.0
128629,0,0.098851494,43,0,0.707646177,2000.0,4,0,1,0,2.0
128630,0,0.057080531,27,0,0.002646281,3400.0,2,0,0,0,0.0
128631,0,0.00220225,50,0,0.1447725,7010.0,3,0,1,0,0.0
128633,0,0.052236852,58,0,0.006756075,9916.0,7,0,0,0,0.0
128634,0,0.0,57,0,556.0,,3,0,1,0,0.0
128636,0,0.237922999,36,0,1.979010495,2000.0,11,0,2,0,3.0
128637,0,0.217736391,79,0,1383.0,,8,0,1,0,0.0
128638,0,0.9999998999999999,68,0,1483.0,,1,0,1,0,0.0
128639,0,0.35251638700000004,27,0,0.35371949399999997,3400.0,7,0,0,0,0.0
128640,0,0.9999998999999999,32,0,0.138287238,3000.0,1,1,0,1,0.0
128644,0,0.008681424,61,0,3615.0,,5,0,2,0,0.0
128645,0,0.07676113799999999,55,0,0.15059687800000002,9800.0,10,0,1,0,2.0
128646,0,0.245156452,28,0,2.688715953,256.0,5,0,0,0,0.0
128647,0,0.009099697,60,0,0.279121697,8060.0,6,0,2,0,0.0
128650,0,0.018066721,65,0,0.004144852,4583.0,10,0,0,0,0.0
128652,0,0.0,45,0,2153.0,,6,0,1,0,5.0
128653,0,0.059761891,42,0,0.319373142,3700.0,7,0,1,0,2.0
128654,0,0.00677805,79,0,0.00330142,6057.0,11,0,0,0,0.0
128657,0,0.233063086,44,0,0.43457067899999996,8000.0,10,0,2,0,0.0
128659,0,0.504654452,30,0,0.328966954,3358.0,6,0,0,0,0.0
128660,0,0.327779461,57,0,0.165359943,2805.0,5,0,0,0,0.0
128661,0,0.0,62,0,0.625395767,6000.0,14,0,2,0,0.0
128662,0,0.15073797,47,1,1061.0,,11,0,1,0,0.0
128664,0,0.15969684,42,1,3592.0,,10,0,1,0,0.0
128665,0,0.595889939,50,1,0.7112299470000001,4300.0,12,0,1,0,0.0
128666,0,0.20737588699999998,36,0,0.294333985,8700.0,14,0,1,0,3.0
128669,0,0.053589282,42,1,0.205948513,4000.0,6,0,2,0,1.0
128670,0,0.0,79,0,0.055736065999999994,4000.0,11,0,0,0,0.0
128671,0,0.029492627,23,0,0.0007892660000000001,3800.0,2,0,0,0,0.0
128672,0,0.039373422000000005,49,0,0.24245313,9440.0,5,0,1,0,4.0
128673,0,0.007985295,65,0,0.001731435,10395.0,8,0,0,0,0.0
128674,0,0.559139785,48,1,1773.0,,8,0,1,0,0.0
128675,0,0.026618852999999998,65,0,0.162430939,9954.0,16,0,1,0,0.0
128676,0,0.195513348,42,0,0.581865128,6583.0,17,0,3,0,3.0
128677,0,0.300399772,24,0,0.118328506,2416.0,5,0,0,0,1.0
128678,0,0.361701835,54,0,0.146805244,8466.0,7,0,0,0,0.0
128679,0,0.38759366,43,0,0.37857873200000003,3911.0,11,0,1,0,0.0
128681,0,0.34307464,32,0,0.367667809,4960.0,4,0,1,0,2.0
128682,0,0.9999998999999999,60,0,0.398148148,2375.0,2,0,1,0,0.0
128683,0,0.002198504,64,0,2318.0,,6,0,1,0,1.0
128685,0,0.0,30,0,0.18582996,2469.0,4,0,0,0,1.0
128686,0,0.735442315,47,1,0.3964009,4000.0,4,0,0,0,1.0
128691,0,0.11905182,46,0,1173.0,,2,0,1,0,0.0
128692,0,0.009999662,82,0,0.002352249,3400.0,5,0,0,0,0.0
128693,0,0.026872892000000002,60,0,0.779644071,5000.0,16,0,3,0,1.0
128695,0,0.8705189520000001,55,0,0.24664839600000002,13500.0,7,0,1,0,1.0
128696,0,0.034578644,76,2,2.054308904,8377.0,27,0,15,0,1.0
128697,0,0.0,50,0,93.0,,1,0,0,0,0.0
128698,0,0.143275738,51,0,0.14790545300000002,8545.0,5,0,1,0,2.0
128701,0,0.030793841000000002,83,0,0.002,2499.0,2,0,0,0,0.0
128702,0,0.212667612,44,1,0.061675883,2350.0,8,0,0,0,0.0
128704,0,0.9999998999999999,22,0,0.0,1600.0,0,0,0,0,0.0
128707,0,0.802335536,34,0,0.444054829,3136.0,14,0,0,0,0.0
128708,0,0.049029095,25,0,0.043912176,500.0,4,0,0,0,0.0
128711,0,0.0041070379999999995,87,0,0.980849292,1200.0,11,0,2,0,0.0
128713,0,0.212358818,65,0,0.299510742,4700.0,9,0,1,0,1.0
128714,0,0.9999998999999999,61,1,0.426461538,1624.0,2,1,0,0,0.0
128716,0,0.489591121,51,0,0.316546763,7783.0,14,0,1,0,1.0
128718,0,0.179606424,50,0,0.07895606200000001,9080.0,14,0,0,0,1.0
128719,0,0.0,57,0,26.0,,2,0,0,0,0.0
128720,0,0.279744051,24,0,41.0,,2,0,0,0,
128721,0,0.060246988,46,0,0.004456328,7853.0,4,0,0,0,0.0
128722,0,0.153444487,45,0,0.472026399,6666.0,7,0,1,0,2.0
128723,0,0.143066392,53,0,0.477312905,1696.0,6,0,1,0,1.0
128724,0,0.013726674,72,0,0.009993338000000001,1500.0,8,0,0,0,0.0
128725,0,0.002230598,46,0,1050.0,,4,0,1,0,2.0
128726,0,0.009370782,35,0,2365.0,,12,0,1,0,0.0
128727,0,0.252509304,35,2,0.33611064799999996,6000.0,10,0,2,0,0.0
128728,0,0.49083436799999997,61,0,0.32702035100000004,8500.0,16,0,1,0,0.0
128729,0,0.9999998999999999,64,0,1673.0,,1,1,0,0,0.0
128730,0,0.076360077,68,0,0.16360454900000002,8000.0,8,0,1,0,0.0
128732,0,0.9999998999999999,30,0,0.032614412999999995,1900.0,0,0,0,0,0.0
128733,0,0.206895286,48,0,0.6469279960000001,3596.0,5,0,1,0,0.0
128735,1,1.012329499,68,2,0.40374072899999996,3100.0,2,2,0,0,1.0
128736,0,0.096699051,44,0,0.5490141629999999,3600.0,3,0,1,0,2.0
128738,0,0.101521865,70,0,6722.0,,24,0,5,0,1.0
128739,0,0.042747848,49,0,0.28740229,5500.0,18,0,2,0,4.0
128740,0,0.06777330599999999,78,0,0.15686898900000001,15700.0,7,0,1,0,1.0
128741,0,0.0,52,0,2866.0,,13,0,1,0,0.0
128744,0,0.019044208,75,0,19.0,,3,0,0,0,0.0
128745,0,0.190396829,73,0,338.0,,7,0,0,0,0.0
128746,0,0.5502255389999999,44,0,0.39179821299999995,11972.0,10,0,1,0,3.0
128747,0,0.099622037,38,0,0.745200698,4583.0,8,0,2,0,1.0
128748,0,0.0,60,0,0.013051948,250000.0,10,0,2,0,2.0
128750,0,0.372992255,47,2,0.661725781,11333.0,21,0,3,0,3.0
128752,0,0.086741982,30,0,0.24947686600000002,4300.0,6,0,0,0,1.0
128753,0,0.9999998999999999,43,1,79.0,,4,0,0,0,0.0
128754,0,0.127659574,61,0,0.363011081,5233.0,13,0,2,0,0.0
128755,0,0.01698835,52,0,41.0,0.0,14,0,0,0,0.0
128757,0,0.467641466,35,0,0.750405186,1850.0,4,0,1,0,0.0
128758,0,0.13929417300000002,51,0,0.414825634,5476.0,12,0,1,0,0.0
128759,0,0.327183798,49,1,0.060575320999999994,13800.0,4,0,0,0,2.0
128763,0,0.979082344,41,0,0.943150685,2919.0,11,0,1,0,3.0
128764,0,0.05676666,26,0,317.0,,7,0,0,0,0.0
128765,0,0.348242613,64,0,0.547933333,14999.0,23,0,3,0,0.0
128767,0,0.08829694,66,0,73.0,,4,0,0,0,0.0
128769,0,0.0011546389999999998,85,0,0.0,10500.0,7,0,0,0,0.0
128770,0,0.720278357,50,0,0.533310479,8750.0,10,0,2,0,1.0
128771,0,0.12542334800000002,45,0,1644.0,,18,0,1,0,2.0
128772,0,0.171605139,65,0,18572.0,,25,0,6,0,0.0
128773,0,0.004779097,90,0,0.0014997,3333.0,3,0,0,0,0.0
128774,0,0.271728272,27,0,0.868263473,500.0,3,0,0,0,0.0
128775,0,0.523833427,65,0,0.598025117,10430.0,16,0,2,0,1.0
128777,1,0.9999998999999999,64,0,394.0,,1,0,1,1,
128778,0,0.062923427,52,0,0.123175984,23916.0,10,0,3,0,4.0
128779,0,0.0,46,0,0.07551240599999999,1853.0,8,0,0,0,2.0
128780,0,0.143985601,40,0,1971.0,,5,0,1,0,0.0
128782,0,0.09209079099999999,49,0,29.0,,2,0,0,0,0.0
128784,0,0.09153275300000001,34,0,0.261409899,14000.0,12,0,1,0,1.0
128787,0,0.049944068,24,0,0.019137388999999998,3500.0,8,0,0,0,0.0
128788,0,0.057684492999999996,42,0,1720.0,,9,0,1,0,2.0
128790,0,0.7305192490000001,29,0,0.10349059199999999,7333.0,5,0,0,0,0.0
128791,0,0.09029755800000001,30,0,0.161967606,3333.0,7,0,0,0,0.0
128792,0,0.012323401000000001,62,0,597.0,,6,0,1,0,0.0
128793,0,0.44474221,50,0,0.145329458,37500.0,7,0,1,1,3.0
128794,0,0.587477405,72,0,3860.0,,10,0,2,0,0.0
128795,0,0.9999998999999999,50,0,1301.0,,4,0,1,0,1.0
128796,0,0.11860169599999999,47,0,7.960199005,200.0,10,0,2,0,2.0
128797,0,0.239156772,63,0,0.20562681,4833.0,7,0,1,0,0.0
128798,0,0.034724132000000005,66,0,0.006323893000000001,7273.0,7,0,0,0,0.0
128799,1,0.7748480670000001,63,0,0.8828767120000001,4379.0,22,0,2,0,0.0
128800,0,0.002849692,69,0,1299.0,,7,0,1,0,0.0
128801,0,0.013249172,56,0,4737.0,,5,0,2,0,0.0
128802,0,0.014092742,79,0,27.0,,8,0,0,0,
128803,0,0.0,30,0,0.35088647799999995,7557.0,10,0,1,0,0.0
128807,0,0.189018507,31,0,0.035745234,4615.0,4,0,0,0,0.0
128808,0,0.22860757899999998,62,0,0.299140172,5000.0,9,0,1,0,3.0
128809,0,0.652298692,49,0,0.585423568,4225.0,7,0,1,0,1.0
128810,0,0.611369184,35,0,0.139988607,7021.0,9,0,0,0,2.0
128811,0,0.076758348,44,0,0.475628046,5333.0,13,0,2,0,0.0
128812,0,0.860856752,65,0,0.113488862,5700.0,4,0,0,0,1.0
128813,0,0.11896748800000001,51,0,0.484770384,4267.0,13,0,1,0,1.0
128814,0,0.76055263,73,2,0.36846315399999996,10000.0,17,0,3,0,0.0
128815,0,0.160901777,68,0,0.11494532199999999,12344.0,7,0,2,0,0.0
128816,0,0.088648092,50,0,165.0,,2,0,0,0,0.0
128819,0,0.21581525,56,0,1633.0,,5,0,1,0,0.0
128820,0,0.0265897,59,0,19.0,,4,0,0,0,0.0
128821,0,0.16969790699999998,74,0,0.202629544,9050.0,12,0,1,0,2.0
128822,0,0.000434774,38,0,5176.0,,9,0,1,0,
128823,0,0.60159991,63,0,0.6047197639999999,2033.0,8,0,0,0,0.0
128825,0,0.064527392,82,0,663.0,,17,0,0,0,0.0
128826,0,0.016007442,61,0,0.118221085,6250.0,7,0,1,0,0.0
128829,0,0.24435227,34,0,0.224758767,4248.0,4,0,1,0,0.0
128830,0,0.11870569,31,0,0.32414419899999997,3300.0,4,0,2,0,0.0
128831,0,0.058533474,53,0,0.571972758,8662.0,10,0,3,0,2.0
128832,0,0.21569058300000002,32,0,0.073817762,1733.0,6,0,0,0,0.0
128833,0,0.976786006,40,0,0.330666967,8875.0,12,0,2,1,0.0
128834,0,0.041396385,60,1,0.054371602000000005,16000.0,8,0,1,0,1.0
128835,0,0.356532099,60,0,1469.0,,7,0,0,0,0.0
128836,0,0.9999998999999999,55,0,0.567727609,1350.0,0,1,0,0,0.0
128837,0,0.9999998999999999,40,0,0.28316754899999996,15481.0,7,0,4,0,2.0
128840,0,0.547578649,38,0,0.43698086,2768.0,12,0,0,0,3.0
128843,0,0.18271008600000002,50,0,0.028994201,5000.0,15,0,0,0,0.0
128846,0,0.079930156,58,0,0.639027639,9008.0,23,0,1,0,1.0
128847,0,0.515318701,57,0,0.561271936,6666.0,8,0,2,0,1.0
128850,0,0.8518669659999999,32,2,0.110370441,10500.0,8,0,0,0,0.0
128851,0,0.071615637,81,0,0.01986755,2264.0,9,0,0,0,0.0
128853,0,0.9999998999999999,78,0,179.0,,1,0,0,0,0.0
128855,0,0.031843704,82,0,0.158661161,4600.0,5,0,1,0,1.0
128856,0,0.913572733,28,1,0.26730637399999996,4376.0,9,0,0,0,0.0
128859,0,0.300058217,61,0,0.248343292,9204.0,15,0,1,0,0.0
128860,0,0.9999998999999999,52,2,0.399551486,5350.0,1,1,1,0,0.0
128862,0,0.011768778,39,0,0.487428319,6800.0,5,0,1,0,1.0
128865,0,0.09124449800000001,32,0,0.366526695,5000.0,6,0,1,0,0.0
128868,0,0.01159383,30,0,0.26481806,9700.0,10,0,4,0,0.0
128869,0,0.066944237,59,0,1463.0,,9,0,2,0,0.0
128870,0,0.014709932,62,0,15.0,,2,0,1,0,0.0
128871,0,0.267607288,58,0,0.270102802,7100.0,9,0,1,0,0.0
128872,0,0.061547908,42,0,0.06566317599999999,4583.0,6,0,0,0,1.0
128873,0,0.037150765,58,0,2001.0,,13,0,1,0,0.0
128876,0,0.24509819300000002,63,0,0.140071986,3333.0,5,0,0,0,0.0
128877,0,0.0,43,1,893.0,,3,0,1,0,0.0
128878,0,0.0,86,0,0.0,,1,0,0,0,0.0
128880,0,0.003079877,59,0,2679.0,,8,0,2,0,0.0
128881,1,0.8035236,58,2,0.17092395300000002,6850.0,4,0,0,0,0.0
128882,0,0.0,69,0,0.0,1500.0,1,0,0,0,0.0
128885,0,0.34091277600000003,58,0,0.257751258,8546.0,6,0,1,0,2.0
128886,0,0.30283797,63,0,2866.0,,8,0,2,0,0.0
128887,0,0.0,73,0,0.0,,3,0,0,0,0.0
128888,0,0.012999435,82,0,8.0,,2,0,0,0,0.0
128889,0,0.17054037800000002,71,1,0.126562145,4400.0,9,0,0,0,0.0
128891,0,1.180546302,46,0,0.207194245,2779.0,5,0,0,0,0.0
128892,0,0.65390688,48,0,2712.0,,9,0,2,0,2.0
128894,0,0.02569743,52,0,10.0,,4,0,0,0,0.0
128895,0,0.082461456,54,0,0.886868687,2474.0,10,0,2,0,0.0
128897,1,0.934637712,40,0,0.075194621,5651.0,5,1,0,0,3.0
128899,0,0.0,66,0,0.148114493,2200.0,3,0,0,0,0.0
128900,1,0.8344662140000001,54,0,0.177503933,3813.0,6,1,0,0,0.0
128902,0,0.18358519199999998,42,0,0.282286213,4583.0,6,0,2,0,0.0
128903,0,0.9999998999999999,45,0,3000.0,,5,0,2,0,2.0
128904,0,0.020217025,63,0,32.0,,11,0,0,0,0.0
128905,0,0.023724407000000003,64,0,1799.0,,3,0,1,0,0.0
128907,0,0.0,60,0,0.673521851,3500.0,12,0,1,0,0.0
128908,0,0.001240382,49,0,0.50212138,5420.0,11,0,1,0,2.0
128909,0,0.058348396,47,0,0.250958174,6000.0,10,0,0,0,0.0
128910,0,0.11372205,70,0,0.405572265,6316.0,17,0,2,0,0.0
128914,0,0.029467041,68,0,0.17660179999999998,13000.0,9,0,1,0,0.0
128916,0,0.007312676,59,1,0.44157467200000006,4800.0,6,0,1,0,0.0
128917,0,0.855274965,32,0,0.150973172,3801.0,5,0,0,0,0.0
128918,0,0.198310916,60,0,0.47158705,8833.0,7,0,1,0,2.0
128919,0,0.773613193,67,0,0.25729443,4900.0,4,0,1,0,0.0
128920,0,0.10632570699999999,47,0,0.443256766,4396.0,9,0,3,1,2.0
128921,1,0.9999998999999999,41,0,0.20472837,3975.0,5,0,0,0,2.0
128923,0,0.068163827,49,0,0.11594818400000001,9417.0,6,0,1,0,2.0
128925,0,0.734033481,65,0,3793.0,,22,0,2,0,0.0
128926,0,0.001993928,33,0,0.37865941399999997,6250.0,12,0,2,0,0.0
128927,0,0.011184369,45,0,0.00619876,5000.0,6,0,0,0,0.0
128928,0,0.367736522,30,0,0.07846077,2000.0,5,0,0,0,0.0
128929,0,0.0,36,0,0.28449724,8333.0,15,0,1,0,1.0
128930,0,0.267373263,63,0,498.0,,7,1,0,0,0.0
128931,0,0.029270953,49,0,0.294224111,12707.0,5,0,2,0,3.0
128932,0,0.9999998999999999,44,1,0.06351183099999999,8029.0,1,1,0,0,2.0
128935,0,0.066149779,52,0,0.248975102,10000.0,15,0,1,0,2.0
128936,0,0.006654388000000001,45,0,0.214509941,8600.0,4,0,1,0,4.0
128937,0,0.8552184859999999,74,0,0.16877749600000003,7500.0,5,3,1,0,0.0
128939,0,0.026032898999999998,56,0,0.314719062,2900.0,7,0,0,0,1.0
128942,1,0.029580868,67,0,0.28211490699999997,15716.0,4,1,1,0,0.0
128943,0,0.0,45,0,0.539185414,6800.0,8,0,3,0,0.0
128944,0,0.03831644,31,0,320.0,,3,0,0,0,0.0
128945,1,0.371207966,45,2,0.34118066700000005,5606.0,12,0,1,0,1.0
128946,0,0.432097609,45,0,0.37605846200000004,8620.0,9,0,1,0,0.0
128947,0,0.014577962,63,0,983.0,,7,0,1,0,0.0
128949,1,0.522606616,47,0,0.510578935,4300.0,12,0,1,0,1.0
128950,0,0.149726047,34,0,0.05402070900000001,22694.0,7,0,0,0,1.0
128953,0,0.44386035100000004,51,0,0.18079022600000003,7693.0,2,0,1,0,3.0
128954,0,0.30745701,63,0,0.474822759,5500.0,22,0,1,0,1.0
128955,0,0.590419049,50,0,0.6117609860000001,3162.0,8,0,2,0,0.0
128956,0,1.0749850029999999,77,0,0.070309897,3000.0,3,0,0,0,0.0
128959,0,0.065474965,61,0,0.6589626439999999,3720.0,13,0,2,0,0.0
128960,0,0.035686942,75,0,0.337380665,10788.0,10,0,2,0,0.0
128962,0,0.526683069,76,0,0.104138979,10533.0,5,0,0,0,1.0
128963,1,0.991440799,44,2,0.482680935,3550.0,7,0,1,1,2.0
128964,0,0.080879902,48,0,0.20012740199999998,9418.0,5,0,1,0,5.0
128967,1,0.798256857,27,0,0.352647353,1000.0,7,0,0,0,0.0
128968,1,0.9999998999999999,56,1,0.0,5166.0,0,3,0,0,0.0
128969,0,0.201222779,62,0,0.127781368,10830.0,10,0,1,0,1.0
128971,0,0.135720168,31,0,0.178410795,2000.0,6,0,0,0,2.0
128972,0,0.0,47,0,0.290054611,13000.0,5,0,3,0,0.0
128974,0,0.9999998999999999,23,0,0.15990006199999998,1600.0,1,0,0,0,0.0
128977,0,0.8432164320000001,56,1,0.448474624,7112.0,15,1,3,0,1.0
128978,0,0.048867441,79,0,0.214703168,6501.0,9,0,1,0,0.0
128979,0,0.89089722,43,1,0.42585551299999996,9993.0,10,0,4,0,3.0
128981,0,0.23678074,44,0,0.713084853,6304.0,13,0,2,0,0.0
128982,0,0.602284898,25,1,0.18320419899999998,4000.0,6,0,0,0,1.0
128984,0,0.020228745,61,0,0.20067845,5600.0,9,0,1,0,1.0
128986,0,0.33322814100000003,58,0,0.35311195799999995,11021.0,13,0,1,0,1.0
128989,0,0.009031109,59,0,0.333193571,14309.0,13,0,3,0,0.0
128990,0,0.010889677,70,1,1236.0,,12,0,1,0,0.0
128991,0,0.556722164,30,0,0.146991756,5700.0,5,0,0,0,0.0
128992,0,0.023326055,67,0,34.0,,6,0,0,0,
128993,0,0.584837053,39,0,386.0,0.0,2,0,0,0,0.0
128994,0,0.11522361800000001,84,0,0.117433194,5500.0,7,0,0,0,0.0
128997,0,0.045943168,54,1,0.558898666,3522.0,12,0,2,0,0.0
128999,0,0.9923941159999999,35,1,0.54335095,7000.0,13,0,1,0,1.0
129001,0,0.257603595,57,0,0.313247307,8446.0,25,0,3,0,2.0
129005,0,0.009657594,83,0,21.0,,14,0,0,0,0.0
129006,0,0.6855732859999999,54,0,0.531395814,7500.0,13,0,1,0,0.0
129007,0,0.0044581479999999995,54,0,0.023939064,918.0,10,0,0,0,1.0
129008,0,0.19675868300000002,74,0,2835.0,,8,0,3,0,0.0
129009,0,0.378411606,42,2,0.63493746,4716.0,11,0,2,0,0.0
129010,0,0.594281144,59,0,0.115088491,10000.0,4,5,0,0,1.0
129011,0,0.21831563399999998,36,0,0.35319028799999996,7083.0,7,0,1,0,2.0
129013,0,0.525051585,46,2,0.454329775,5900.0,7,0,2,0,2.0
129014,0,0.007562898,39,0,0.495585576,9400.0,9,0,2,0,0.0
129017,0,0.25394797399999997,57,0,0.517218396,4500.0,13,0,0,0,2.0
129018,0,0.136033229,46,2,2503.0,,10,1,1,0,
129019,0,0.394899194,71,0,0.687363834,917.0,12,0,0,0,0.0
129021,0,0.09607082800000001,64,0,1766.0,1.0,9,0,2,0,0.0
129023,0,0.047147642999999996,62,0,45.0,,3,0,0,0,0.0
129024,0,0.301347611,74,0,0.712595908,6255.0,21,0,2,0,0.0
129025,0,0.032383057,64,0,0.013088529,5500.0,4,0,0,0,0.0
129033,0,0.006755469,89,0,9.0,,5,0,0,0,0.0
129034,0,0.40943815299999997,71,0,3275.0,,22,0,0,0,0.0
129035,0,0.429180925,45,0,0.37640319,12916.0,7,0,1,0,2.0
129037,0,0.065553735,63,0,2145.0,,8,0,1,0,0.0
129038,1,1.011687669,41,0,1.704893868,6783.0,10,0,2,0,0.0
129039,0,0.197116058,44,0,3616.0,,12,0,1,0,0.0
129040,0,0.073886093,54,1,2662.0,,24,1,5,1,3.0
129041,0,0.766970767,51,0,5466.0,,14,0,3,0,0.0
129042,0,0.530787557,42,0,0.891243503,2500.0,13,0,2,0,2.0
129045,0,0.10485314800000001,58,0,0.311271975,2900.0,10,0,0,0,0.0
129046,0,0.011525873,52,0,0.34255581399999996,7300.0,14,0,2,0,2.0
129047,0,0.41700200000000004,36,0,0.136295929,12083.0,5,0,0,0,3.0
129048,0,0.091586662,48,0,0.35501441799999994,3120.0,10,1,0,0,1.0
129049,0,0.208877229,63,0,0.430418361,6883.0,20,0,2,0,0.0
129050,0,0.550526824,59,0,2777.0,,12,0,1,0,0.0
129051,0,0.080171861,64,0,0.446925079,7300.0,20,0,1,0,1.0
129052,0,0.654296984,69,1,0.604638763,3750.0,7,0,2,0,1.0
129053,0,0.28195926600000004,56,0,1.2205084259999999,3500.0,10,0,1,0,0.0
129054,0,0.144582545,54,0,1160.0,,9,0,2,0,0.0
129055,0,0.729187701,52,0,0.60408666,13800.0,14,0,2,0,3.0
129056,0,0.206344841,49,0,0.21573604100000002,4333.0,6,0,0,0,0.0
129057,0,0.193595728,78,0,0.257969799,2383.0,8,0,0,0,1.0
129059,0,0.13847880099999998,49,0,0.21925793100000002,8920.0,18,0,2,0,1.0
129060,1,0.9744715890000001,44,0,1293.5,1.0,6,0,0,0,2.0
129061,1,0.7977567170000001,42,0,0.500874781,4000.0,5,0,1,0,1.0
129062,0,0.0,33,0,0.089005236,2100.0,3,0,0,0,1.0
129063,0,0.015954103,39,0,0.398830058,6666.0,10,0,2,0,1.0
129064,0,0.470741608,44,0,0.164847334,6320.0,5,0,0,0,0.0
129065,0,0.005713544,37,0,0.71968733,5500.0,6,0,2,0,2.0
129066,0,0.544357709,68,0,2471.0,,10,0,0,0,0.0
129067,0,0.000163693,54,2,8636.0,,17,0,8,0,0.0
129068,0,0.038721364,60,0,2094.0,,10,0,1,0,1.0
129069,0,0.6149795570000001,55,0,0.288184215,12897.0,10,0,2,0,1.0
129071,0,0.848402987,47,0,0.33433962300000003,5299.0,8,0,0,0,0.0
129073,0,0.9999998999999999,69,0,33.0,,1,0,0,0,0.0
129077,0,0.098704221,44,0,0.290671073,7867.0,4,0,1,0,0.0
129078,0,0.539715143,40,0,0.157590108,3800.0,3,0,0,0,0.0
129079,0,0.03904081,44,0,0.549645035,10000.0,11,0,3,0,4.0
129080,0,0.147423306,65,0,0.980299912,3400.0,16,0,2,0,0.0
129081,0,0.57535328,27,0,0.28793601399999996,4500.0,8,0,0,0,0.0
129083,0,0.5426600739999999,44,0,0.331213696,16354.0,14,0,3,0,1.0
129085,0,0.036508054,40,0,0.186392544,25000.0,11,0,1,0,3.0
129086,0,0.018070112,71,0,1310.0,,8,0,1,0,0.0
129088,0,0.008263857,40,0,1045.0,,6,0,1,0,
129089,0,0.012784806999999999,64,0,0.001743411,9750.0,3,0,0,0,0.0
129090,0,0.9198080190000001,50,0,2044.0,,4,0,1,0,0.0
129091,0,0.029953942999999997,49,0,0.318001136,3521.0,12,0,1,0,2.0
129093,0,0.004557353,55,0,646.0,,9,0,1,0,0.0
129097,0,0.093215837,44,0,0.9679129459999999,3583.0,5,0,2,0,2.0
129098,0,0.035717491000000004,66,0,0.15815348699999998,12000.0,9,0,1,0,0.0
129099,0,0.023912244,67,0,489.0,,6,0,0,0,0.0
129100,0,0.0,78,0,38.0,,2,0,0,0,1.0
129101,0,0.9650087479999999,45,2,0.140477512,1800.0,4,0,0,0,0.0
129103,0,0.121496151,71,0,0.612253642,2333.0,20,0,0,0,0.0
129104,0,0.969882745,52,0,848.0,,7,0,1,0,0.0
129105,0,0.19977600399999998,45,0,720.0,,6,0,0,0,2.0
129106,0,0.015941259,40,0,1.00479693,3126.0,10,0,1,0,0.0
129107,0,0.085334696,42,0,0.55039267,4583.0,10,0,2,0,1.0
129108,0,0.028801378,35,0,0.005722725,5416.0,5,0,0,0,0.0
129109,0,0.0,45,0,0.325499944,8850.0,3,0,1,0,3.0
129111,0,0.004503136,74,0,0.33587241100000004,4200.0,5,0,1,0,1.0
129112,0,0.866416979,28,0,0.055005393,10198.0,3,0,0,0,0.0
129113,1,0.9999998999999999,31,1,0.643921192,2080.0,2,4,1,1,2.0
129114,0,0.032102848999999996,41,0,12.0,,2,0,0,0,0.0
129115,0,0.014699743000000001,51,0,0.123234917,17916.0,9,0,1,0,0.0
129116,0,0.09409525699999999,56,0,0.299511195,12683.0,8,0,3,0,0.0
129120,0,0.9999998999999999,26,0,0.274690124,2500.0,2,0,0,0,1.0
129121,0,0.540962619,72,0,0.899299152,2710.0,20,0,1,0,0.0
129122,0,0.35673651100000003,36,0,0.192255619,3692.0,4,0,0,0,0.0
129123,0,0.023855841000000003,43,0,0.0019998,10000.0,5,0,0,0,0.0
129124,0,0.9999998999999999,57,0,0.325489282,8583.0,3,0,1,1,3.0
129126,0,0.042681233,67,0,0.21451392100000002,2190.0,2,0,0,0,0.0
129127,0,0.317843129,53,0,0.28154369100000004,5000.0,9,0,0,0,0.0
129128,0,0.06337601,62,0,0.110021453,3262.0,15,0,1,0,0.0
129129,0,0.017067091,74,0,0.429856714,3000.0,21,0,1,0,0.0
129130,0,0.049395865,83,0,0.097710416,3100.0,9,0,0,0,0.0
129133,0,0.221646452,50,1,0.211781713,8300.0,10,0,1,0,2.0
129134,0,0.041131925,70,0,0.248728198,5503.0,17,0,1,0,0.0
129135,0,0.160442743,55,0,0.243347177,6500.0,8,0,1,0,0.0
129139,0,0.181872725,51,0,0.256974303,10000.0,4,0,1,0,0.0
129140,0,0.021305253,62,0,2.372478709,2230.0,11,0,3,0,0.0
129141,0,0.37962038,24,0,5.5,1.0,1,0,0,0,0.0
129142,0,0.0,60,0,1303.0,,17,0,1,0,0.0
129143,0,0.005760386,43,0,0.27380403,6500.0,16,0,1,0,0.0
129146,0,0.143313749,58,0,0.21933014399999998,20899.0,13,0,3,0,3.0
129147,0,0.545313855,51,0,0.463817023,8000.0,22,0,2,0,1.0
129150,0,0.063630579,59,0,21.0,,1,0,0,0,0.0
129153,0,0.041253275,44,0,3518.0,,9,1,2,0,0.0
129154,0,0.6743243640000001,40,0,0.40964564,6800.0,11,0,2,0,3.0
129155,0,0.42953414100000004,40,0,0.326882761,6200.0,6,0,1,0,0.0
129157,1,0.079202745,73,2,0.179411485,10500.0,5,0,1,0,0.0
129158,0,0.118515259,45,0,0.384794234,4300.0,4,0,1,0,2.0
129159,0,0.069751696,79,0,1051.0,,13,0,2,0,0.0
129160,0,0.8369037420000001,24,0,0.056675939,2875.0,5,0,0,0,0.0
129161,0,1.09017287,66,4,0.552182163,1053.0,13,1,0,2,0.0
129162,0,0.502899807,36,0,1265.0,,3,0,2,0,
129164,0,0.7389928659999999,35,1,0.390135525,4500.0,11,0,0,0,0.0
129166,0,0.160785713,62,0,0.525345622,10198.0,16,0,3,0,0.0
129167,0,0.18840894800000002,78,0,0.054320988,5264.0,7,0,0,0,0.0
129168,0,0.762581119,60,0,0.536625179,4900.0,10,0,1,0,2.0
129169,0,0.7910801209999999,52,3,3057.0,,10,0,1,1,0.0
129170,0,0.392121576,48,2,0.5225909639999999,2500.0,4,0,1,0,0.0
129172,0,0.114849851,38,1,0.035451932,6261.0,5,0,0,0,5.0
129174,0,0.769007248,70,0,0.556475125,10632.0,16,0,3,0,0.0
129176,0,0.042968395,45,0,0.8085843770000001,3750.0,14,0,1,0,3.0
129177,0,0.057780767999999996,44,0,0.195810023,8400.0,5,0,1,0,0.0
129178,0,0.074229648,43,0,0.01920439,3644.0,4,0,0,0,2.0
129179,0,0.0,70,0,0.0,,4,0,0,0,0.0
129180,0,0.278938053,51,2,0.5496875,3199.0,16,0,2,0,1.0
129181,0,0.289801135,39,0,0.46698237299999995,3800.0,12,0,1,0,0.0
129182,0,0.112287728,66,0,5232.0,,25,1,2,0,0.0
129185,0,0.43883961899999996,38,0,0.443155684,10000.0,10,0,1,0,3.0
129187,0,0.143379101,53,0,284.0,,7,0,0,0,0.0
129188,0,0.099360625,52,0,0.015517517,6250.0,8,0,0,0,3.0
129189,0,0.022106353,44,0,0.318362149,20416.0,4,0,1,0,3.0
129190,0,0.125473787,52,0,0.585416308,5800.0,13,0,1,0,3.0
129191,0,0.38388726799999995,56,0,1857.0,,17,0,1,0,0.0
129193,0,0.267587311,47,0,0.38014262200000004,3645.0,9,0,0,0,2.0
129195,0,0.619441618,49,1,0.664201479,10005.0,15,0,2,0,3.0
129196,0,0.77323198,44,0,3698.0,,8,0,2,0,
129197,0,0.05099745,48,0,0.20198265199999998,4841.0,2,0,1,0,2.0
129199,0,0.56876642,45,1,0.35765163,4632.0,12,0,1,0,1.0
129200,0,0.0618625,62,0,1.478621835,2408.0,15,0,1,0,0.0
129203,1,0.9999998999999999,32,0,0.017050837,3166.0,1,0,0,0,0.0
129204,0,0.040793003,62,0,9423.0,,10,0,3,0,0.0
129205,0,0.209328262,68,0,0.744132197,9500.0,18,0,2,0,0.0
129206,0,0.0,87,0,0.0,,4,0,0,0,0.0
129208,0,0.8649307140000001,57,0,0.39274217100000003,3416.0,11,0,0,0,0.0
129210,0,0.007586033000000001,62,0,860.0,,7,0,1,0,
129211,0,0.063154823,34,0,0.07639236099999999,10000.0,9,0,1,0,0.0
129212,0,0.44696428299999996,43,0,0.630791456,9690.0,23,0,3,0,2.0
129213,0,0.113711862,76,0,0.202877925,12647.0,9,0,2,0,1.0
129214,0,0.10045877,35,0,0.069554277,5563.0,4,0,0,0,0.0
129216,0,0.0,33,0,0.444213804,5780.0,9,0,1,0,0.0
129217,0,0.087907204,64,0,0.207429421,3364.0,9,1,0,0,0.0
129218,0,0.016949831000000002,60,0,0.007756636,8250.0,9,0,0,0,0.0
129223,0,0.053122925,31,0,0.28197744199999997,8333.0,4,0,1,0,1.0
129224,1,1.03150349,41,6,0.316843547,11683.0,4,0,1,1,1.0
129225,0,0.9999998999999999,31,0,0.0,0.0,0,0,0,0,0.0
129226,0,0.08070957599999999,63,0,0.40653385200000003,13100.0,7,0,1,0,0.0
129227,0,0.844840169,39,1,0.515353487,4200.0,7,0,1,0,3.0
129228,0,0.000378364,59,0,0.11299548,25000.0,16,0,2,0,0.0
129232,0,0.018326606000000002,55,0,0.23242521,13470.0,8,0,2,0,2.0
129233,0,0.016067483,78,1,0.098627275,6701.0,11,0,1,0,0.0
129234,0,0.284715285,51,0,0.658274713,2700.0,7,0,1,0,3.0
129235,0,0.9999998999999999,59,0,0.283270109,12916.0,4,0,1,0,1.0
129236,0,0.008990708,39,0,0.230558614,33600.0,13,0,1,0,2.0
129238,0,0.075654794,51,0,4084.0,,11,0,1,0,0.0
129244,0,0.007572658,56,0,0.002666413,10500.0,6,0,0,0,0.0
129245,0,0.195651331,69,0,0.262105592,3200.0,5,0,1,0,0.0
129246,0,0.173091511,47,0,0.14850249599999998,4807.0,4,0,0,0,1.0
129247,0,0.573561239,47,0,4670.0,,9,0,2,0,0.0
129248,0,0.52761874,61,0,974.0,,7,0,2,0,0.0
129250,0,0.051958695,37,0,0.48788927299999996,2600.0,5,0,1,0,1.0
129251,0,0.050647468,41,0,0.28105991199999997,12000.0,8,0,2,0,2.0
129255,0,0.269180603,62,0,398.0,,5,0,1,0,0.0
129257,0,0.0,51,0,0.22789069899999997,7428.0,3,0,1,0,0.0
129260,0,0.021956507000000004,52,0,0.355888551,4270.0,3,0,1,0,2.0
129264,0,0.004116359,75,1,0.140643226,6000.0,9,0,1,0,0.0
129265,0,0.046016104,61,0,0.165275597,12100.0,8,0,1,0,0.0
129266,0,0.061345311,74,0,0.41677562100000004,9942.0,8,0,2,0,0.0
129267,0,0.034164488,51,0,0.37298594399999996,8750.0,12,0,3,0,2.0
129268,0,0.015249238,63,0,0.22622016399999997,2806.0,3,0,1,0,0.0
129269,1,0.555238695,53,2,0.363873254,9593.0,9,1,1,2,1.0
129270,0,0.280937648,56,1,0.42900997700000004,18241.0,39,0,4,0,2.0
129271,0,0.26615927300000003,44,1,0.347153713,7500.0,9,0,2,0,2.0
129272,0,0.0061765859999999995,77,0,701.0,,9,0,0,0,0.0
129273,0,0.098509733,67,0,0.876993915,6080.0,12,0,2,0,0.0
129274,0,0.350843277,80,1,0.23888781399999998,15500.0,4,0,3,0,1.0
129275,0,0.036797968,43,0,0.09635229199999999,8333.0,9,0,0,0,3.0
129276,0,0.0,57,0,0.06004618900000001,3463.0,4,0,0,0,0.0
129278,0,0.24917803800000002,63,0,0.7812593259999999,3350.0,14,0,1,0,0.0
129279,0,0.24609203899999998,66,0,0.279062958,3414.0,8,1,0,0,0.0
129280,0,0.003454456,57,0,0.0010596960000000002,2830.0,5,0,0,0,0.0
129281,0,0.013422561999999999,79,0,0.24229655,3796.0,12,0,1,0,0.0
129282,0,0.741113975,54,1,0.516206966,4966.0,8,0,1,0,1.0
129283,0,0.09500512,73,0,0.42446941299999996,800.0,16,0,1,0,0.0
129287,0,0.155853524,69,0,0.29709178199999997,7495.0,9,0,0,0,2.0
129288,0,0.209535002,62,0,0.326577984,11200.0,18,0,1,0,1.0
129290,0,0.018384262,29,0,1304.0,,6,0,2,0,0.0
129293,0,0.616766467,30,0,0.454386403,4000.0,7,0,1,0,1.0
129294,0,0.36857493799999996,49,0,0.228847822,54166.0,11,0,3,0,4.0
129296,0,0.25437170600000003,61,0,0.7831782140000001,2900.0,9,0,0,0,0.0
129298,0,0.197417743,27,1,0.622511174,2460.0,6,0,1,0,0.0
129299,0,0.437480188,30,0,0.473914402,3200.0,13,0,1,0,0.0
129300,0,0.617546165,26,0,0.306182122,2393.0,7,0,0,0,3.0
129301,0,0.085727413,59,0,0.368557404,7333.0,6,0,2,0,3.0
129302,1,0.9999998999999999,30,0,0.0,,1,0,0,0,0.0
129304,0,0.06365196599999999,39,0,0.059237079000000005,7680.0,3,0,0,0,3.0
129305,0,0.371015175,62,4,0.324050374,9766.0,7,2,1,1,0.0
129308,0,0.087193671,49,0,0.29262765,7500.0,6,0,2,0,2.0
129309,0,0.08758242599999999,56,0,635.0,,3,0,0,0,0.0
129311,0,0.5545742379999999,68,0,2284.0,,6,0,1,0,
129312,1,0.6958608279999999,68,2,0.757620272,2722.0,6,3,1,0,1.0
129313,0,0.29401765,60,0,0.200658465,23083.0,6,0,2,0,0.0
129314,0,0.95330467,36,0,0.095980804,5000.0,3,0,0,0,1.0
129315,0,0.22827233800000002,41,0,0.429542728,7500.0,8,0,1,0,1.0
129317,0,0.083554571,71,0,0.6745125590000001,5692.0,24,0,2,0,0.0
129319,0,0.7323566909999999,44,0,0.08824,12499.0,4,0,0,0,0.0
129320,0,0.014769765,60,0,0.13760479999999997,13000.0,5,0,1,0,0.0
129323,0,0.015545338999999998,49,0,1452.0,,6,0,1,0,0.0
129324,0,0.028856456000000003,65,0,0.004836926,7235.0,4,0,0,0,0.0
129325,0,0.720068058,56,0,0.590482154,4790.0,10,0,0,0,0.0
129326,0,0.10348275800000001,63,0,0.231884058,17249.0,4,0,1,0,3.0
129327,0,0.013251400000000002,60,0,0.060906984000000004,3020.0,13,0,0,0,0.0
129328,0,0.14773645,57,0,0.25706940899999997,3500.0,11,0,0,0,0.0
129330,0,0.0,50,0,0.0,1200.0,4,0,0,0,0.0
129331,0,0.9999998999999999,61,1,0.147548566,4323.0,3,0,1,0,1.0
129332,0,0.006349005,71,0,0.303939212,5000.0,8,0,1,0,0.0
129333,0,0.278648275,33,0,0.597944032,1750.0,10,0,1,0,2.0
129334,0,0.000935174,62,1,0.405604526,7600.0,16,0,1,0,1.0
129338,0,0.9999998999999999,80,0,0.178210603,9600.0,4,0,1,0,0.0
129339,0,0.658577328,64,0,0.450033356,7494.0,14,0,1,0,1.0
129341,0,0.300973002,56,0,0.619076185,5000.0,15,0,2,0,0.0
129344,0,0.00269494,56,0,2.0,,4,0,0,0,0.0
129346,0,0.695337911,41,0,0.41845187100000003,3500.0,9,0,1,0,2.0
129347,0,0.827796185,33,0,0.9330508470000001,2359.0,6,0,2,0,1.0
129348,0,0.56220315,34,0,0.214683617,7000.0,9,0,0,0,2.0
129349,0,0.9663389440000001,60,0,0.091004734,1900.0,1,0,0,0,0.0
129350,0,0.05821486,44,0,0.15978494599999998,9299.0,4,0,1,0,0.0
129353,0,0.233258309,48,1,0.37880606,13333.0,12,0,1,0,2.0
129354,0,0.005918759,51,0,0.061924148,14000.0,5,0,0,0,2.0
129355,0,0.016828149,40,0,0.006498917,6000.0,11,0,0,0,0.0
129358,1,0.045216856,54,0,278.0,0.0,2,0,0,0,0.0
129359,0,0.036362259,39,0,2055.0,,6,0,1,0,0.0
129360,1,0.7394386490000001,42,0,0.06688502,5800.0,9,1,0,0,2.0
129361,0,0.439277374,32,0,0.501469148,4083.0,7,0,1,0,2.0
129362,0,0.12066709199999999,70,0,378.0,,8,0,0,0,0.0
129364,0,0.294676999,40,0,0.656772379,6400.0,17,0,2,0,2.0
129367,0,0.281228042,67,1,0.369965373,5486.0,7,0,2,0,0.0
129368,0,0.039050165,51,0,0.596850787,4000.0,17,0,2,0,2.0
129369,0,0.325239836,43,0,0.133979388,6500.0,7,0,0,0,2.0
129370,0,0.030024744,64,0,0.5549780089999999,2500.0,11,0,1,0,0.0
129371,0,0.35417371799999997,70,0,344.0,,4,0,0,0,0.0
129372,0,0.0,29,0,1337.0,0.0,8,0,1,0,0.0
129373,0,0.170608028,46,0,0.279568478,7600.0,11,0,1,0,2.0
129375,0,0.073892611,62,0,0.32251972,9000.0,5,0,1,0,1.0
129376,0,0.045276948,68,1,0.262373763,10000.0,13,0,2,0,1.0
129377,0,0.576255693,58,0,0.158954675,19017.0,12,0,0,0,1.0
129378,0,0.032772797,61,0,1930.0,,10,0,1,0,0.0
129379,0,0.078935995,72,1,0.5336356760000001,2645.0,13,0,0,0,0.0
129380,0,0.02554205,71,0,2513.0,,20,0,1,0,
129381,0,0.0,66,0,0.0,800.0,1,0,0,0,0.0
129382,0,0.07577676,51,0,0.39609597399999996,4917.0,3,0,1,0,0.0
129383,0,0.091493189,48,0,0.264133528,13000.0,12,0,1,0,1.0
129386,0,0.718226173,71,0,1591.0,,7,0,1,0,1.0
129387,0,0.044718542,36,0,2119.0,,4,0,1,0,0.0
129388,0,0.03898002,63,0,479.0,,4,0,0,0,0.0
129389,0,0.0,62,0,0.06485464,83000.0,10,0,4,0,0.0
129390,0,0.041662038,30,0,0.34089603700000004,3481.0,7,0,1,0,1.0
129392,0,0.487091199,72,0,0.619088937,9219.0,12,0,2,0,1.0
129393,0,0.9999998999999999,62,0,0.373670213,6767.0,11,0,2,0,0.0
129394,0,0.381508975,36,0,0.353650185,7300.0,11,0,1,0,0.0
129395,0,0.002414327,74,0,971.0,,6,0,1,0,0.0
129398,0,0.009199947,57,0,1.444622151,2500.0,13,0,2,0,0.0
129400,0,0.07274090700000001,28,0,0.098967011,3000.0,2,0,0,0,0.0
129401,0,0.929860483,57,1,2.175515303,1600.0,9,0,1,0,0.0
129402,0,0.06515761,51,0,0.459416864,5075.0,9,0,2,0,0.0
129403,0,0.619843503,66,0,2997.0,,14,0,1,0,0.0
129404,0,0.9999998999999999,50,0,514.0,,1,0,0,0,0.0
129406,0,0.600895964,57,0,0.17328103399999997,4333.0,15,0,0,0,0.0
129408,0,0.019418776000000002,64,0,0.036567946000000004,10500.0,13,0,1,0,0.0
129409,0,0.07534714299999999,28,0,0.47700511,4500.0,6,0,1,0,1.0
129410,0,0.044508081,32,0,0.012283958999999999,7000.0,9,0,0,0,0.0
129412,0,0.21462467899999998,63,0,0.7665392529999999,3400.0,17,0,3,0,0.0
129413,0,0.501968164,61,0,0.239486695,18000.0,8,0,3,0,2.0
129414,0,0.014713222,54,0,0.266935755,14864.0,6,0,2,0,2.0
129415,0,0.10418958099999999,62,0,3015.0,,10,0,2,0,0.0
129417,0,0.0,46,0,0.347920974,8705.0,3,0,2,0,3.0
129418,0,0.248159978,69,0,0.574056792,7500.0,15,0,3,0,0.0
129419,0,0.050740515,79,0,0.021610069,4210.0,8,0,0,0,0.0
129420,0,0.0,38,0,0.0,4166.0,8,0,0,0,1.0
129421,0,0.14965669,78,0,0.031148303,2150.0,3,0,0,0,0.0
129422,0,0.202445825,48,1,0.508548247,3450.0,10,0,1,0,0.0
129423,0,0.083963594,32,0,0.524053671,9166.0,6,0,3,0,1.0
129425,0,0.9999998999999999,58,0,0.066881458,9000.0,0,0,0,0,0.0
129426,0,1.062146893,67,3,0.9173553720000001,6533.0,9,0,0,0,0.0
129427,0,0.0,43,1,3297.0,,7,0,2,0,0.0
129431,0,0.019799275,61,0,688.0,1.0,8,0,2,0,0.0
129432,0,0.9999998999999999,58,0,0.8507183009999999,1600.0,7,0,0,0,1.0
129435,0,1.083373964,46,4,356.0,,7,2,0,0,0.0
129436,0,0.019539766,73,0,2245.0,,18,0,1,0,0.0
129438,0,0.49871883,30,0,0.299850075,2000.0,6,0,0,0,0.0
129439,0,0.13243833800000002,62,0,0.40387658200000004,2527.0,12,0,0,0,0.0
129440,0,0.003274757,77,0,0.09338521400000001,2055.0,4,0,0,0,0.0
129441,0,0.024432519,66,0,651.0,,9,0,0,0,1.0
129444,0,0.156683601,78,0,1389.0,,13,0,2,0,0.0
129445,0,0.101853045,62,0,0.349265073,10000.0,10,0,4,0,0.0
129447,0,0.008943948,68,0,0.301269873,10000.0,5,0,2,0,0.0
129448,0,0.793771482,60,3,0.238233585,6883.0,6,0,1,0,0.0
129449,0,0.015510422,34,0,106.0,,7,0,0,0,
129450,1,0.9999998999999999,34,0,0.131401449,4002.0,2,1,0,0,4.0
129452,0,0.628980157,37,0,0.293683812,5287.0,10,0,1,0,0.0
129453,0,0.07803546,49,0,0.329205366,8720.0,4,0,1,0,1.0
129456,0,0.410262271,62,0,0.292776093,8900.0,2,0,1,0,2.0
129457,0,0.178393247,47,0,0.046035806,4300.0,8,0,0,0,1.0
129458,0,0.015596218,49,0,1864.0,,7,0,1,0,0.0
129459,0,0.9999998999999999,21,0,8.0,,0,0,0,0,
129460,1,0.9999998999999999,58,0,37.0,,0,1,0,0,0.0
129461,0,0.004945383,27,0,0.41463414600000004,2500.0,8,0,1,0,0.0
129462,0,0.33629148200000003,39,0,0.651485698,3600.0,8,0,2,0,2.0
129463,0,0.070735601,65,0,0.239736502,8500.0,7,0,1,0,0.0
129465,1,0.546308676,36,0,1.178397579,7600.0,12,0,4,0,0.0
129466,0,0.047684907,33,0,0.483336507,5250.0,9,0,3,0,1.0
129467,0,0.003839478,75,0,0.225794033,5194.0,11,0,2,0,0.0
129468,0,0.149502254,53,0,6674.0,,7,0,3,0,0.0
129469,0,0.418407321,44,0,0.5116537179999999,3603.0,12,0,2,0,0.0
129471,0,0.9999998999999999,43,0,0.275029446,13583.0,9,0,2,0,1.0
129472,0,0.033096144,64,0,0.0076850980000000004,5334.0,6,0,0,0,1.0
129474,0,0.014747848000000001,70,0,0.041436464,2533.0,9,0,0,0,0.0
129475,0,0.22528873600000002,47,1,0.8777041940000001,2264.0,5,0,1,0,2.0
129476,0,0.007935415999999999,92,0,4.0,,2,0,0,0,
129477,0,0.00585705,41,0,0.681915904,20000.0,15,0,4,0,0.0
129479,0,0.267187419,26,1,0.335618395,3500.0,13,0,0,0,1.0
129480,0,0.119672024,52,1,0.595108696,3679.0,11,0,1,0,1.0
129481,0,0.94136229,44,4,0.276531924,7000.0,10,0,0,3,0.0
129486,0,0.351396208,61,1,0.8985925240000001,8667.0,15,0,3,0,0.0
129488,0,0.993125859,33,0,2970.0,,7,0,2,0,1.0
129489,0,0.005005082,58,0,0.00239952,5000.0,7,0,0,0,0.0
129492,0,0.128774245,34,0,0.15113954400000001,2500.0,2,0,0,0,0.0
129493,0,0.137819296,70,0,2261.0,,9,0,2,0,1.0
129494,0,0.9999998999999999,31,2,0.07417103,4583.0,4,2,0,0,1.0
129495,0,0.002771589,33,0,0.531661928,3868.0,11,0,1,0,0.0
129497,1,0.8601747820000001,50,2,0.39433062,7125.0,8,13,3,0,1.0
129498,0,0.33629309999999996,47,0,0.375689826,7066.0,11,0,2,0,3.0
129501,0,0.035964036,22,0,0.001075269,929.0,2,0,0,0,0.0
129502,0,0.088516077,52,0,5860.0,,10,0,2,0,2.0
129503,0,0.009852424,77,1,0.197121152,2500.0,11,0,1,0,0.0
129504,0,0.016161616,50,0,0.023809524,125.0,4,0,0,0,1.0
129506,0,0.027143737999999997,38,0,0.17952818899999998,2500.0,6,0,0,0,2.0
129507,0,0.23950100000000002,35,0,0.508294806,3676.0,4,0,1,0,2.0
129509,0,0.15100143,69,0,0.076715023,4066.0,7,0,0,0,0.0
129510,0,0.017702588999999998,55,0,0.246555862,11250.0,14,0,1,0,0.0
129511,0,0.326900476,73,0,0.504890679,3475.0,6,0,1,0,0.0
129512,0,0.655956085,47,0,4100.0,,9,0,1,0,4.0
129513,0,0.018507498,56,0,0.820458977,6666.0,22,0,3,0,0.0
129515,0,0.477746202,47,2,13.09561753,250.0,14,0,2,0,0.0
129516,1,0.659668066,50,1,2470.0,,5,0,2,1,0.0
129517,0,0.15292893,35,0,0.329023519,8120.0,10,0,1,0,0.0
129518,0,0.14371018,42,0,0.201389376,14250.0,8,0,1,0,2.0
129520,0,0.008193443,51,1,0.381359025,13700.0,15,0,4,0,0.0
129521,0,0.027770853999999998,69,1,0.11288536099999999,10833.0,5,0,1,0,0.0
129522,0,0.359067321,53,0,0.4165513,6500.0,9,0,1,0,0.0
129523,0,0.226386807,23,0,13.0,0.0,2,0,0,0,0.0
129525,0,0.601169847,60,0,0.272238312,4833.0,3,0,0,0,0.0
129526,0,0.097261845,50,0,0.201836049,7733.0,7,0,1,0,2.0
129528,1,0.145073324,44,1,0.685263563,5197.0,8,0,2,2,3.0
129529,0,0.536349387,52,0,0.45897969,6252.0,9,0,1,0,2.0
129530,0,0.004699765,71,0,838.0,0.0,4,0,1,0,0.0
129532,0,0.105810296,71,0,151.0,,4,0,0,0,0.0
129533,0,0.376438881,58,0,0.432313537,5000.0,14,0,1,0,0.0
129534,0,0.051789642000000004,60,0,0.377035254,7062.0,5,0,1,0,0.0
129535,1,0.521478521,26,1,0.005861665,2558.0,1,0,0,1,1.0
129536,0,0.113423582,56,0,0.266878045,12930.0,11,0,2,0,1.0
129537,0,0.015694879,61,0,0.00443787,6083.0,6,0,0,0,0.0
129538,0,0.012893954,58,0,0.138893055,13333.0,9,0,1,0,0.0
129539,0,0.0,53,0,0.424368294,8666.0,7,0,2,0,0.0
129541,0,0.054529477,64,0,0.26614411,13905.0,5,0,1,0,0.0
129542,1,1.02994012,64,1,0.23965207,3333.0,3,1,1,0,0.0
129543,0,0.09290033800000001,49,0,0.153359511,4583.0,3,0,0,0,0.0
129544,0,0.109071078,24,0,0.008810573,2042.0,3,0,0,0,0.0
129545,0,0.068417014,65,0,0.14848144,8000.0,5,0,2,0,1.0
129546,0,0.20135972800000002,78,0,0.00679864,5000.0,6,0,0,0,0.0
129547,0,0.186284435,63,0,0.255890792,11500.0,9,0,1,0,1.0
129548,0,0.166135478,38,0,0.490431305,3500.0,10,0,1,0,0.0
129549,0,0.082588945,74,0,660.0,,11,0,0,0,0.0
129551,0,0.056086330999999996,53,0,2801.0,,10,0,2,0,2.0
129553,0,0.162772188,53,0,0.318716808,13933.0,7,0,1,0,2.0
129554,0,0.13176422599999998,35,0,0.019996611,5900.0,4,0,0,0,1.0
129555,0,0.075005889,60,0,1843.0,,16,0,1,0,0.0
129556,0,0.037138986,57,0,0.7763897559999999,1600.0,4,0,1,0,0.0
129557,0,0.917987595,64,0,0.356821589,2000.0,4,0,1,0,0.0
129558,0,0.054834055,71,0,1.4295985619999998,1668.0,18,0,3,0,0.0
129559,0,0.382527082,35,0,2465.0,,19,0,0,0,0.0
129560,0,0.39628876,41,0,0.264588704,4266.0,12,0,0,0,0.0
129561,0,0.37791164299999996,42,1,0.5816506570000001,5100.0,25,0,2,0,1.0
129562,0,0.374745867,54,0,0.690637147,11833.0,21,0,2,0,0.0
129564,0,0.064193581,51,0,0.08731466199999999,4855.0,3,0,0,0,1.0
129565,0,0.6164962420000001,38,0,0.612036856,5100.0,11,0,2,0,0.0
129566,0,0.14322849599999998,52,1,0.523080546,4245.0,7,0,1,0,4.0
129567,0,0.99860028,46,0,0.20735246699999998,3100.0,2,0,0,0,0.0
129568,0,0.09851985,68,0,174.0,,8,0,0,0,0.0
129569,0,0.26245653399999996,37,0,0.257076425,9891.0,11,0,2,0,0.0
129572,0,0.022248887999999998,53,0,1573.0,,6,0,2,0,0.0
129573,0,0.343144871,59,0,0.319585788,5600.0,9,0,1,0,1.0
129574,0,0.568140369,36,0,0.037427375,7400.0,6,0,0,0,1.0
129575,0,0.0,59,0,0.488971111,7026.0,11,0,2,0,3.0
129576,0,0.014917816,40,2,2577.0,,17,0,1,0,1.0
129578,0,0.05991079,68,0,129.0,,3,0,0,0,0.0
129579,0,0.027434842,62,0,0.012533572,3350.0,8,0,0,0,0.0
129582,0,0.000686095,84,0,0.0005184030000000001,1928.0,9,0,0,0,0.0
129583,0,0.19770573600000002,54,2,0.7365328109999999,4083.0,11,0,1,0,0.0
129584,0,0.001079438,83,0,2586.0,,11,0,1,1,0.0
129586,0,0.016599078,82,0,19.0,0.0,5,0,0,0,0.0
129587,0,0.433856649,61,1,0.289193629,14000.0,13,0,2,0,1.0
129588,0,0.320172892,46,0,0.456443485,8333.0,10,0,3,0,2.0
129589,0,0.948144709,58,0,0.501669881,21258.0,18,0,3,0,0.0
129594,0,0.0,73,1,0.0,,2,1,0,0,0.0
129596,0,0.150034322,68,0,0.152802571,2800.0,8,0,0,0,0.0
129598,0,0.137752759,53,0,0.307368421,10449.0,11,0,3,0,2.0
129599,0,0.006421724,74,0,0.001047519,10500.0,12,0,0,0,0.0
129602,0,0.0,56,0,80.0,,10,0,0,0,
129603,0,0.028466112000000002,41,0,0.00619876,5000.0,6,0,1,0,3.0
129604,0,0.75089273,66,0,0.40886544399999997,12700.0,9,0,4,0,0.0
129605,0,0.372167979,61,0,5085.0,,16,0,2,0,0.0
129606,0,0.652080012,52,1,0.43600538899999997,5937.0,9,0,1,0,0.0
129607,0,0.24534581800000002,43,0,1.6973210719999998,2500.0,10,0,2,0,0.0
129608,0,0.059303702,54,0,1237.0,,4,0,1,0,
129609,0,0.031631305,63,0,36.0,,5,0,0,0,0.0
129610,0,0.176392434,68,0,0.373565346,2700.0,13,0,1,0,1.0
129611,0,0.003673037,49,0,0.391536155,3000.0,7,0,1,0,0.0
129612,1,0.900915903,31,0,0.565623992,3100.0,7,1,2,0,0.0
129613,0,0.038313772999999995,64,0,22.0,,5,0,0,0,0.0
129616,0,0.12531535300000002,62,0,0.030904407999999998,6600.0,8,1,0,0,1.0
129617,0,0.157429844,58,1,0.31528344,13000.0,16,0,1,0,0.0
129619,0,0.455769615,62,1,0.12743628199999998,2000.0,10,0,0,0,0.0
129620,0,0.50234487,44,0,0.373804574,2404.0,3,0,0,0,0.0
129621,0,0.9999998999999999,23,0,249.0,0.0,1,0,0,0,0.0
129622,0,0.01806664,35,1,0.198114555,7000.0,11,0,1,0,1.0
129624,0,0.062642105,51,0,0.239453792,4100.0,6,0,1,0,0.0
129625,0,0.038202678999999996,57,0,0.45918367299999996,10583.0,16,0,5,0,2.0
129626,0,0.765755036,53,0,0.348556962,19749.0,12,0,2,0,3.0
129627,0,0.0,70,0,0.0,2000.0,5,0,0,0,0.0
129628,0,0.093060561,67,0,0.158931401,8833.0,9,0,2,0,0.0
129629,0,0.060448993,65,0,0.01089039,9916.0,6,0,0,0,0.0
129630,0,0.9999998999999999,50,0,0.263974721,50000.0,14,0,5,0,4.0
129632,0,0.06196251,65,0,101.0,,3,0,0,0,0.0
129633,0,0.48839764,62,0,0.9095452270000001,2000.0,9,0,1,0,0.0
129634,0,0.00419916,48,0,0.221446473,5585.0,3,0,1,0,0.0
129635,0,0.017458301000000002,36,0,0.130174564,4009.0,4,0,0,0,2.0
129636,0,0.546612954,47,0,0.203701734,9400.0,3,0,1,0,2.0
129638,0,0.27996816,71,0,0.268946211,5000.0,9,0,0,0,0.0
129642,0,0.039483404,56,0,0.325882675,10960.0,13,0,1,0,3.0
129643,0,0.000249994,40,1,0.539763113,6500.0,7,0,2,0,0.0
129645,0,0.7332029390000001,50,0,0.481814855,13664.0,17,0,3,0,2.0
129646,0,0.0,65,0,0.101568335,2677.0,3,0,0,0,0.0
129647,0,0.08298868,49,0,0.323675693,12666.0,8,0,2,0,0.0
129648,0,0.781383568,46,2,0.191965097,5500.0,6,0,0,0,0.0
129651,1,3818.0,39,2,1.154265467,3668.0,12,1,2,0,0.0
129652,0,0.19933956600000002,44,0,0.224388781,20000.0,10,0,2,0,4.0
129653,0,0.8487170940000001,73,2,1.3513642890000002,6266.0,4,1,0,0,0.0
129655,0,0.008265565,61,0,0.00019604,5100.0,3,0,0,0,1.0
129656,0,0.026285032000000003,64,0,0.23417018399999998,4500.0,6,0,2,0,0.0
129661,0,0.047616515,58,0,0.257071025,17500.0,11,0,2,0,1.0
129662,0,0.053789394000000004,47,0,0.6146168710000001,3105.0,9,0,1,0,0.0
129663,0,0.582225439,48,1,0.261970892,9000.0,16,0,1,0,1.0
129664,1,0.32183908,28,0,0.31783567100000004,2494.0,8,0,0,0,0.0
129665,0,0.507788218,59,0,0.354635569,8574.0,19,0,2,0,0.0
129667,0,0.038814162,42,0,0.41313454899999996,8115.0,10,0,1,0,1.0
129668,0,0.064580638,71,0,16.0,,1,0,0,0,0.0
129669,0,0.0006708160000000001,92,0,0.000384468,2600.0,4,0,0,0,0.0
129670,0,0.001491097,56,0,5173.0,,4,0,1,0,
129672,0,0.043490682999999995,45,0,0.171193152,25000.0,8,0,1,0,2.0
129673,0,0.001849954,62,0,0.06765521,35000.0,15,0,1,0,1.0
129674,0,0.020840435,50,0,0.762376238,100.0,8,0,0,0,0.0
129677,0,0.046947653,82,0,28.0,,1,0,0,0,
129678,0,0.0,56,0,0.082790538,5833.0,4,0,0,0,2.0
129679,0,0.152838888,64,0,0.42582870899999997,6666.0,11,0,3,0,0.0
129680,0,0.10044010699999999,68,0,0.243406525,24000.0,31,0,3,0,4.0
129683,1,0.587127113,59,10,4793.0,,26,3,2,2,0.0
129685,0,0.841694245,49,3,1.2421263120000001,6000.0,11,0,6,0,0.0
129686,0,0.9999998999999999,54,0,0.0,2356.0,2,0,0,0,0.0
129687,1,0.39152083600000004,51,1,3.578654971,3419.0,21,4,6,1,2.0
129688,0,0.282696554,44,0,0.398660986,11500.0,9,0,2,0,2.0
129689,0,0.203392341,44,1,0.238724147,12038.0,11,0,1,0,4.0
129690,0,0.251904478,64,0,0.7841205940000001,23350.0,14,0,8,0,0.0
129691,0,0.784431138,23,0,0.011827957,929.0,2,0,0,0,0.0
129692,0,0.029166776000000002,49,0,0.435096944,18257.0,10,0,4,0,4.0
129693,0,0.063793621,48,0,0.43477238,8500.0,8,0,4,0,0.0
129694,1,0.9999998999999999,30,98,0.024979183999999998,1200.0,0,98,0,98,0.0
129695,0,0.012111976000000002,81,0,540.0,,5,0,1,0,0.0
129696,0,0.023899403,58,0,0.119847812,4730.0,4,0,0,0,1.0
129698,0,0.02694382,75,0,0.01787082,3916.0,8,0,0,0,1.0
129699,0,0.385173627,55,0,892.0,,9,0,0,0,0.0
129703,0,0.038994429,67,0,0.00139972,5000.0,6,0,0,0,0.0
129704,0,0.24659013600000002,56,0,0.22706739199999998,10846.0,4,0,1,0,1.0
129705,0,0.017779829,81,0,24.0,,4,0,0,0,0.0
129706,0,0.078872817,67,0,0.01727235,7236.0,5,0,0,0,0.0
129707,0,0.43079502299999994,61,0,0.14051438300000002,11158.0,14,0,2,0,0.0
129708,0,0.167369245,49,0,0.41892588399999997,9700.0,18,0,1,0,0.0
129709,0,0.008477954000000001,55,0,641.0,,5,0,2,0,
129710,0,0.008531349,79,0,0.00350371,4851.0,7,0,0,0,0.0
129711,0,0.021268822000000003,72,0,0.024162617999999997,7821.0,6,0,0,0,0.0
129713,0,0.399262154,57,0,0.767760269,3870.0,9,0,2,0,0.0
129715,0,0.9999998999999999,51,0,0.33218906800000003,3786.0,3,0,1,0,0.0
129716,0,0.035931061,64,0,0.205598134,6001.0,22,1,0,0,0.0
129717,0,0.031476677,73,0,0.17876149,8267.0,12,0,1,0,0.0
129718,1,0.9999998999999999,43,2,0.561815336,1916.0,5,2,2,2,0.0
129719,0,0.880099917,46,1,0.074790028,7500.0,8,1,0,0,2.0
129720,0,0.0,73,0,1183.0,,5,0,2,0,0.0
129724,0,0.041173011,56,0,0.135500114,4368.0,3,0,1,0,0.0
129725,0,0.40795200600000003,44,1,0.026661587999999996,5250.0,5,0,0,0,2.0
129729,0,0.9574260640000001,44,0,0.32185683800000003,13592.0,5,0,2,0,0.0
129731,0,0.142997986,59,0,0.174620589,10937.0,9,0,1,0,2.0
129732,0,1.0019960079999999,51,0,0.00535523,2800.0,1,0,0,2,0.0
129733,0,0.5114681870000001,65,0,0.404897135,7922.0,6,0,2,0,0.0
129734,0,0.493654334,35,0,0.318798095,5457.0,9,0,1,0,1.0
129735,0,0.834300322,64,0,0.6464,12499.0,17,0,2,0,0.0
129739,0,0.9999998999999999,26,0,0.599500416,1200.0,2,0,1,0,1.0
129740,0,0.047493737,32,0,0.254887312,8030.0,7,0,2,0,0.0
129742,0,0.23159845899999998,57,0,0.048652775999999995,9166.0,3,0,0,0,0.0
129747,0,0.028984528,71,0,0.001862776,6441.0,7,0,0,0,0.0
129748,0,0.0456621,45,0,0.712821795,4000.0,7,0,2,0,2.0
129749,1,1.009946442,50,1,0.661039174,6100.0,4,0,1,0,0.0
129750,0,0.131578523,57,0,0.119981541,6500.0,8,0,0,0,0.0
129752,0,0.017652392,57,0,9.0,,2,0,0,0,0.0
129753,0,0.307422551,62,0,0.285932372,13100.0,9,0,2,0,0.0
129754,0,0.713436318,37,0,0.60139417,4733.0,11,0,1,0,3.0
129755,0,0.06704678900000001,68,0,70.0,,3,0,0,0,0.0
129756,0,0.424857361,52,0,0.47467549,3928.0,5,0,1,0,2.0
129757,0,0.111414124,44,0,10.13861386,201.0,6,0,2,0,2.0
129759,0,0.198845622,51,0,0.591774892,2309.0,7,0,1,0,0.0
129760,0,0.068512292,33,0,0.38868059299999996,5600.0,6,0,2,0,0.0
129761,1,1.023415191,61,2,0.28452232,2396.0,4,2,0,0,0.0
129762,0,0.485960374,49,0,0.6584823910000001,9000.0,8,0,2,0,0.0
129765,0,0.451584666,43,0,0.426397945,10121.0,5,0,2,0,0.0
129766,0,0.011920783999999999,66,0,0.00040404,2474.0,1,0,0,0,0.0
129767,0,0.06311272,57,0,0.068586283,5000.0,17,0,0,0,0.0
129770,0,0.9243027890000001,44,0,0.234118487,1400.0,3,0,0,0,0.0
129771,0,0.025063707999999997,54,0,0.356064394,10000.0,14,0,2,0,3.0
129772,0,0.20032017800000002,46,0,0.429335181,20200.0,7,0,5,0,2.0
129773,0,0.20758483,36,1,2370.0,,4,5,1,0,0.0
129774,0,0.868065967,35,7,0.345936156,4416.0,14,0,2,3,1.0
129775,0,0.9663355779999999,66,0,0.340689951,14000.0,11,0,2,0,0.0
129777,0,0.309381238,60,0,0.000609106,6566.0,2,0,0,0,2.0
129778,0,0.022443732,44,0,0.0030161359999999996,6630.0,2,0,0,0,0.0
129779,0,0.107133054,57,0,0.5802047779999999,5273.0,7,0,2,0,4.0
129780,0,0.034703901,55,0,0.080186349,14166.0,12,0,0,0,0.0
129781,0,0.01847515,35,0,0.7343402929999999,4501.0,13,0,2,0,0.0
129783,0,0.006443447,40,0,0.182558248,10686.0,8,0,1,0,0.0
129786,0,0.8063066809999999,32,0,0.131635325,4200.0,4,0,0,0,0.0
129787,1,1.3662597109999999,36,1,0.112067279,5112.0,3,2,0,0,0.0
129789,0,0.9999998999999999,23,0,0.007308161,820.0,1,0,0,0,0.0
129792,0,0.303279146,31,1,0.08130623099999999,3000.0,6,0,0,0,0.0
129793,0,0.99594988,27,0,566.0,0.0,3,0,0,0,0.0
129794,0,0.9999998999999999,51,0,0.014568158000000001,7687.0,1,0,0,1,1.0
129795,0,1.0201781490000001,39,1,0.7462603879999999,1804.0,7,1,1,0,2.0
129797,0,0.35102993600000004,38,0,0.40111977600000004,5000.0,7,0,0,0,3.0
129801,0,0.10619581,40,0,5031.0,,4,0,2,0,0.0
129802,0,0.043062007,63,0,0.204540721,4800.0,17,0,1,0,2.0
129803,0,0.9999998999999999,43,0,0.155212101,3040.0,1,0,0,0,7.0
129805,0,0.019079746,58,0,0.27868033,4000.0,5,0,1,0,0.0
129806,0,0.088036479,88,0,0.010136692,6510.0,2,0,0,0,0.0
129807,1,0.001025628,65,0,3420.0,0.0,10,0,2,0,0.0
129808,0,0.035528198999999996,82,0,0.337527352,3655.0,17,0,2,0,0.0
129809,0,0.519389066,60,0,0.605274173,7166.0,14,0,2,0,0.0
129810,0,0.256384567,49,0,0.370325935,5000.0,7,0,1,0,0.0
129811,0,0.553633691,47,0,0.5399469339999999,6783.0,11,0,1,0,2.0
129812,1,0.964132677,41,1,0.222506394,4300.0,7,1,0,0,0.0
129813,0,0.150359731,53,0,1.0275063340000001,2762.0,10,0,1,0,0.0
129815,0,0.0,70,0,140.0,,7,0,0,0,0.0
129816,0,0.247471878,43,0,0.172881356,4129.0,4,0,0,0,3.0
129817,0,0.0,37,0,0.38126361700000005,6425.0,11,0,2,0,3.0
129818,0,0.001890225,42,0,0.21403929800000002,6666.0,16,0,3,0,2.0
129821,0,0.569181507,44,1,2190.0,,6,0,2,0,0.0
129822,0,0.047185498,60,1,0.254293771,3900.0,10,0,1,0,1.0
129823,0,0.00564336,69,0,0.315536893,5000.0,9,0,1,0,1.0
129824,0,0.063358284,62,0,0.20641041100000002,8298.0,12,0,1,0,1.0
129825,0,0.071325054,41,0,0.11741179800000001,7000.0,5,0,0,0,4.0
129826,1,0.408962218,51,0,0.687862428,5000.0,21,0,2,0,0.0
129827,0,0.345611486,32,1,0.116652779,8400.0,4,0,1,0,2.0
129828,0,0.000406496,72,0,0.179954442,3950.0,7,0,0,0,1.0
129829,0,0.013133041000000002,54,0,1783.0,,8,0,1,0,1.0
129830,0,0.06930415599999999,39,2,0.264076529,11916.0,17,0,4,0,1.0
129831,1,0.23039395199999999,50,3,0.765948458,7100.0,43,0,2,0,1.0
129832,0,0.22044488899999998,24,0,0.01388601,4824.0,6,0,0,0,0.0
129833,0,0.026218082,65,0,0.16972201899999997,15000.0,10,0,1,0,0.0
129834,0,0.07311586099999999,45,0,2841.0,,5,0,1,0,0.0
129836,0,0.016896287,81,1,0.32678070000000004,3916.0,8,0,1,0,0.0
129837,0,0.8578140040000001,42,1,1.585384324,2640.0,12,0,2,0,4.0
129838,0,0.019252081,48,0,0.068208242,7740.0,6,0,0,0,2.0
129840,0,0.081035407,30,0,0.398228824,7000.0,9,0,2,0,0.0
129841,0,0.0,70,0,0.08569230800000001,25999.0,2,0,1,0,0.0
129846,0,0.027703967000000003,80,0,0.011377348999999998,5800.0,19,0,0,0,1.0
129848,0,0.012113183000000001,74,0,11.0,,5,0,0,0,
129849,0,0.9999998999999999,28,0,910.0,,4,0,0,0,1.0
129850,0,0.054788765,50,0,0.393308184,6096.0,15,0,1,0,3.0
129851,0,0.43673236200000004,32,0,0.434376716,1820.0,6,0,0,0,0.0
129852,0,0.003085538,74,0,0.185393258,8187.0,4,0,1,0,0.0
129855,0,0.049165028,66,0,0.30942264399999997,4000.0,6,0,2,0,0.0
129856,0,0.02977115,60,0,0.142485751,10000.0,16,0,1,0,3.0
129857,0,0.35320584899999996,45,0,0.357035024,6623.0,10,0,2,0,2.0
129861,0,0.137536952,49,0,1721.0,,17,0,1,0,0.0
129862,0,0.051983302,48,0,0.17025960899999998,10900.0,5,0,2,0,1.0
129863,1,0.9999998999999999,29,98,36.0,,0,98,0,98,0.0
129864,0,0.020778372,78,0,0.136435847,10700.0,6,0,1,0,1.0
129865,0,0.032217596,45,0,52.0,,2,0,0,0,2.0
129866,1,0.42931162100000003,40,0,0.16026241800000002,3200.0,4,1,0,0,4.0
129868,0,0.0,51,3,1672.0,,7,0,1,0,2.0
129870,0,0.9999998999999999,38,0,0.235739162,8326.0,5,0,1,0,2.0
129872,0,0.0,28,1,0.20190380800000002,1995.0,4,0,0,0,1.0
129873,0,0.9999998999999999,55,0,0.760068552,3500.0,7,0,1,0,2.0
129875,0,0.026733332000000002,82,0,0.011416281,6043.0,7,0,0,0,0.0
129876,0,0.184842599,61,0,0.347390617,13278.0,15,0,1,0,1.0
129879,0,0.8324670129999999,35,0,0.014482598000000001,4280.0,9,0,0,0,0.0
129880,0,0.9999998999999999,41,0,0.000106349,9402.0,1,0,0,0,0.0
129881,0,0.050801304000000005,66,0,0.136996904,5167.0,7,0,0,0,0.0
129882,0,0.001228486,70,0,1863.0,,14,0,2,0,1.0
129883,1,0.9999998999999999,31,0,108.0,,2,2,0,0,0.0
129884,0,0.07759612,63,0,0.24388318899999997,3800.0,7,0,1,0,0.0
129886,0,0.861614907,46,3,0.330460265,5800.0,11,0,2,0,1.0
129887,0,0.0,61,0,0.558365611,13166.0,6,0,4,0,0.0
129888,0,0.157286217,57,0,0.553658949,5916.0,25,0,2,0,1.0
129889,0,0.929655335,34,1,0.009768174000000001,82000.0,7,1,0,0,1.0
129891,0,0.0,72,0,0.0,1.0,1,0,0,0,0.0
129892,0,0.279830594,55,0,0.170589724,3950.0,6,0,1,0,0.0
129893,0,0.051198293,73,0,0.49792531100000004,2650.0,6,0,3,0,0.0
129894,0,0.137009532,35,0,0.125273352,3200.0,8,0,0,0,1.0
129895,0,0.67412752,70,0,4873.0,,13,0,2,0,0.0
129896,0,0.5136417560000001,23,0,0.315488936,1400.0,3,0,0,0,0.0
129897,0,0.5031970929999999,57,0,0.348309835,11773.0,11,0,1,0,0.0
129898,0,0.121610101,39,0,428.0,,6,0,0,0,0.0
129899,0,0.26199478600000004,81,0,0.38447555,5500.0,14,0,1,0,1.0
129900,0,0.7094169990000001,49,2,0.47709333600000003,12288.0,16,0,2,0,2.0
129901,0,0.400688376,55,0,0.33820484700000003,8210.0,10,0,2,0,3.0
129903,0,0.001309043,69,0,1630.0,,13,0,2,0,0.0
129904,0,0.137325704,63,0,0.437187604,3000.0,8,0,1,1,0.0
129905,0,0.962355156,37,1,0.31952874,2800.0,4,0,0,0,0.0
129906,0,0.009537716,75,0,0.224725592,1730.0,10,0,0,0,0.0
129907,0,0.39483284,42,0,0.333813468,2776.0,10,0,0,0,2.0
129911,0,0.015747232,32,0,0.084064477,4900.0,6,0,0,0,0.0
129912,0,0.00018957200000000002,49,0,0.24253900899999997,6600.0,8,0,1,0,0.0
129914,0,0.276011697,51,0,0.337221038,8916.0,7,0,1,0,1.0
129915,0,0.8812733709999999,46,0,0.326557814,3000.0,7,0,0,0,0.0
129916,0,0.7270339309999999,68,0,2168.0,,6,0,1,0,0.0
129917,0,0.023410572,56,0,2576.0,,17,0,2,0,0.0
129918,1,0.289734563,79,0,431.0,,8,0,0,0,0.0
129919,0,0.053789242,69,0,0.439708561,2744.0,6,0,0,0,1.0
129920,1,0.88487423,34,0,0.36931729399999996,6400.0,10,0,2,0,0.0
129921,0,0.8098190959999999,43,0,1448.0,,15,0,0,0,0.0
129922,1,0.133362741,25,0,99.0,,4,0,0,0,
129924,1,0.9999998999999999,38,0,140.0,,2,0,0,0,0.0
129926,0,0.026626071,45,0,0.691076923,3249.0,14,0,1,0,1.0
129927,0,0.0,52,0,0.212198582,7049.0,4,0,1,0,3.0
129928,1,0.558888222,48,0,0.036940461,2300.0,2,0,0,0,1.0
129929,0,0.8579367,68,0,0.329194188,7569.0,9,0,1,0,1.0
129930,0,0.528353967,41,0,4857.0,0.0,12,0,2,0,2.0
129932,0,0.9999998999999999,29,0,0.002570694,3500.0,0,0,0,0,2.0
129933,0,0.05273778900000001,55,0,5361.0,,15,0,2,0,0.0
129934,0,0.141231833,66,0,0.235344532,5833.0,8,0,2,0,0.0
129935,1,0.46153846200000004,28,0,256.0,,3,0,0,0,0.0
129936,0,0.343730185,57,0,0.237847504,6150.0,9,0,0,0,0.0
129937,0,0.11384930300000001,31,0,1291.0,,10,0,1,0,0.0
129938,0,0.478618905,56,0,0.083523874,7434.0,7,0,0,0,0.0
129939,0,0.280331744,68,0,0.141259885,11000.0,8,0,2,0,1.0
129940,0,0.537537295,29,0,0.299880048,2500.0,7,0,0,0,3.0
129941,0,0.525743659,39,0,0.49391019799999997,5500.0,16,0,1,0,0.0
129943,0,0.009998649,63,0,0.64659814,2042.0,5,0,1,0,0.0
129944,0,0.067267706,41,1,1499.0,,10,0,1,0,0.0
129945,0,0.8342707159999999,30,0,0.21659446899999998,3000.0,4,0,0,0,0.0
129947,0,0.088149326,28,0,1508.0,,5,0,0,0,0.0
129948,0,0.039240055,71,0,0.45733596200000004,3550.0,9,0,0,0,0.0
129949,0,0.469258034,61,0,0.625200642,3737.0,12,0,2,0,1.0
129951,0,0.0,76,0,0.163836164,1000.0,4,0,0,0,0.0
129952,0,0.065244052,55,0,3822.0,,7,0,2,0,
129953,0,0.28445131100000004,64,0,0.51616128,3000.0,9,0,1,0,0.0
129955,0,0.9669536240000001,37,0,0.263360246,2600.0,6,0,0,0,3.0
129956,0,0.0,39,0,1095.0,,3,0,1,0,0.0
129958,0,0.077403625,59,0,0.6779661020000001,2300.0,13,1,1,0,0.0
129960,0,0.028556319,27,0,0.212929024,3000.0,4,0,0,0,0.0
129961,0,0.051392833,45,0,0.231967111,8026.0,11,0,1,0,3.0
129963,0,0.245583628,64,0,0.343294669,17500.0,8,0,4,0,1.0
129964,0,0.117647059,59,0,1052.0,,13,0,0,0,0.0
129965,0,0.377322306,43,0,0.86677987,6477.0,12,0,2,0,2.0
129968,0,0.030532963,55,0,0.243822311,7000.0,14,0,2,0,2.0
129970,0,0.48643982399999997,65,0,590.0,,11,0,0,0,1.0
129971,0,0.33157607699999997,27,0,0.45803357299999997,1250.0,4,0,0,0,0.0
129972,0,0.001448176,38,0,0.292589902,5505.0,5,0,2,0,0.0
129973,0,0.19225393,64,0,0.350264468,12855.0,8,0,1,0,1.0
129976,0,0.041320652,91,0,43.0,,5,0,0,0,0.0
129977,0,0.10263983800000001,31,0,0.017996001,4500.0,3,0,0,0,0.0
129979,0,0.107533301,89,0,675.0,,4,0,1,0,0.0
129980,0,0.9999998999999999,25,0,0.0,,1,0,0,0,0.0
129984,0,0.0,35,0,0.28915381,12833.0,8,0,2,0,2.0
129985,0,0.275060963,57,0,0.22705153,15000.0,15,0,2,0,1.0
129986,0,0.538922156,26,0,0.269700333,900.0,2,0,0,0,2.0
129987,0,0.090415127,71,0,0.34875749799999994,3500.0,3,0,1,0,0.0
129988,0,0.0,60,0,0.0,2347.0,2,0,0,0,0.0
129989,1,0.740753082,30,1,673.0,,6,0,0,0,0.0
129991,1,0.8616631370000001,57,2,0.801717172,9899.0,20,0,3,0,4.0
129992,0,0.617464335,73,0,0.121856181,5645.0,8,0,0,0,0.0
129994,0,0.9999998999999999,47,0,0.48970206,5000.0,7,0,2,0,0.0
129997,0,0.12169690000000001,52,1,0.44240772899999997,4036.0,6,0,1,1,1.0
129999,0,0.318276513,37,0,0.618476305,5000.0,10,0,1,0,0.0
130001,0,0.017750558,45,0,30.0,,7,0,0,0,0.0
130002,0,0.069694373,32,0,0.132641292,2600.0,2,0,0,0,0.0
130003,0,0.208970147,56,3,0.293219415,5500.0,11,0,3,0,1.0
130004,0,0.657976074,46,0,0.383878359,4800.0,7,0,1,0,2.0
130005,0,0.0,30,0,1448.0,,5,0,1,0,2.0
130006,0,0.10507972199999999,60,0,0.43265247799999995,7000.0,9,0,1,0,0.0
130007,0,0.064007383,63,0,0.203736135,3425.0,9,0,1,0,0.0
130008,0,0.396622015,69,2,0.417177914,2770.0,4,0,1,0,1.0
130011,0,0.0,45,1,0.069451884,5600.0,9,0,0,0,2.0
130013,1,0.851913478,49,1,826.0,,4,3,0,0,0.0
130014,0,0.7034019359999999,45,0,3184.0,,11,0,2,0,0.0
130016,0,0.203007815,45,0,7140.0,,8,0,1,0,2.0
130018,0,0.962895285,68,4,0.45943411,6396.0,8,0,2,0,0.0
130019,0,0.38666108299999996,28,0,0.12496875800000001,4000.0,6,0,0,0,1.0
130020,0,0.024065062,59,0,0.37994572200000004,7000.0,6,0,1,0,0.0
130021,0,0.0,46,0,0.0,7937.0,1,0,0,0,1.0
130022,1,0.063147697,68,1,0.476053502,6952.0,14,1,2,0,1.0
130023,0,0.052881813,65,0,775.0,,6,0,1,0,1.0
130025,0,0.008860647,63,0,0.0037753659999999996,8475.0,7,0,0,0,0.0
130026,0,0.146601008,58,0,0.266568382,29166.0,8,0,2,0,1.0
130027,0,0.9008198359999999,41,1,0.273492981,6054.0,4,0,1,0,2.0
130028,0,0.000642494,58,0,1929.0,,12,0,1,0,0.0
130031,0,0.8762490390000001,34,1,0.264946663,4030.0,5,0,0,0,0.0
130032,0,0.247397846,64,0,0.46797488200000004,6369.0,6,0,1,0,0.0
130033,0,0.632942085,38,0,0.611111111,5255.0,10,0,2,0,3.0
130035,0,0.0,25,0,590.0,,3,0,0,0,
130036,0,0.056188762,71,0,8.0,,4,0,0,0,0.0
130038,1,0.0065548130000000005,50,3,0.043935758,5416.0,9,0,0,0,0.0
130039,1,0.40808455899999996,51,0,0.23068625,12050.0,10,0,0,0,1.0
130041,0,0.005999676,80,0,3.0,,3,0,0,0,0.0
130042,0,0.017418345,61,0,0.07811069,7642.0,8,0,1,0,0.0
130046,0,0.584510395,30,1,0.159976123,6700.0,13,0,0,2,0.0
130048,0,0.0,34,0,0.189874911,8473.0,9,0,0,0,3.0
130050,0,0.41352423899999996,48,0,0.194927632,22592.0,8,0,2,0,3.0
130051,0,0.026465027999999998,63,0,0.505030181,2484.0,8,0,2,0,0.0
130052,0,0.06719664,55,0,0.258944154,4583.0,4,0,1,0,0.0
130053,0,0.871558097,64,0,0.492448415,4700.0,7,0,2,0,0.0
130054,0,0.000865118,72,0,0.274421594,4667.0,13,0,1,0,0.0
130056,0,0.02372423,58,0,0.247119322,10500.0,12,0,1,0,0.0
130057,0,0.019864018,50,0,0.37926451,2256.0,7,0,1,0,0.0
130059,0,0.038877101000000004,59,0,0.03785,39999.0,6,0,2,0,0.0
130060,0,0.240702521,70,0,0.456904666,7436.0,9,0,1,0,0.0
130061,0,1.0035105640000002,74,0,0.516499029,5666.0,14,0,2,0,0.0
130062,0,0.136345462,26,1,0.003844675,2600.0,1,0,0,0,0.0
130063,0,0.050084048,84,0,0.049160670999999996,833.0,7,0,0,0,0.0
130064,0,0.9999998999999999,62,0,2324.0,,6,0,1,0,0.0
130065,0,0.033081011,82,0,0.009229755,9100.0,8,0,0,0,0.0
130066,0,0.0,48,0,0.24875048100000002,2600.0,7,0,0,0,2.0
130067,0,0.0,24,0,0.0,0.0,1,0,0,0,0.0
130069,0,1.095904096,36,0,0.6165826839999999,2182.0,6,0,1,2,0.0
130071,0,0.1143356,42,0,0.330291071,8107.0,9,0,1,0,3.0
130072,0,0.27615453,50,0,0.27306723,12300.0,10,0,2,0,1.0
130074,0,0.847046118,51,1,0.27819909800000003,10416.0,9,0,3,0,1.0
130075,0,0.0,58,0,1675.0,,6,0,1,0,1.0
130076,0,0.7841870479999999,73,0,0.489528242,4726.0,7,0,0,0,0.0
130077,0,0.330546025,45,0,0.397015844,6500.0,8,0,1,0,1.0
130079,0,0.239284945,72,0,0.42183539,5916.0,7,0,1,0,0.0
130080,0,0.106301638,30,0,0.14464738,7500.0,9,0,0,0,0.0
130081,1,0.9784639999999999,30,1,1725.0,,7,0,0,0,0.0
130082,0,0.9999998999999999,26,0,0.0,400.0,1,0,0,0,0.0
130083,0,0.0,46,0,1699.0,,4,0,1,0,0.0
130085,0,0.017305398,64,0,0.199053313,8027.0,6,0,1,0,0.0
130086,0,0.013732086000000001,44,0,0.279148524,6200.0,4,0,1,0,2.0
130087,1,0.527767173,60,4,0.21653255300000002,4100.0,10,4,0,0,1.0
130088,0,0.020524464,74,0,455.0,,11,0,1,0,0.0
130090,0,0.14517096599999998,24,0,0.10205621599999999,5300.0,5,0,0,1,0.0
130093,0,0.004738425,56,0,0.260572591,48166.0,16,0,6,0,2.0
130094,0,0.9999998999999999,38,0,0.0,2000.0,0,1,0,0,0.0
130096,0,0.067282365,37,0,0.328150308,3086.0,8,0,1,0,0.0
130097,0,0.42184479799999997,31,0,0.27174565100000003,5000.0,8,0,0,0,2.0
130099,0,0.241161457,28,2,0.681008257,2300.0,11,0,1,0,0.0
130100,0,0.962013868,58,1,3077.0,,11,0,1,0,3.0
130101,0,0.018533241000000002,64,1,31.0,,4,0,0,0,
130102,1,0.9999998999999999,59,0,266.0,,2,0,0,0,
130104,0,0.44035244,48,0,0.422555464,4867.0,15,0,0,0,3.0
130105,0,0.644427719,44,1,0.278876582,7583.0,7,0,1,0,3.0
130106,0,0.15128972300000001,33,0,0.322419395,4000.0,7,0,1,0,2.0
130107,0,0.028223867000000003,67,0,1086.0,,7,0,2,0,0.0
130108,0,0.048832429000000004,49,0,0.158471371,7666.0,7,0,1,0,2.0
130109,0,0.024306624,56,0,0.166510465,3200.0,6,0,0,0,1.0
130110,0,0.055349725,53,0,0.25131907800000003,3600.0,6,0,1,0,2.0
130112,0,0.049432097,46,0,0.142476698,750.0,9,0,0,0,0.0
130113,0,0.530512565,56,0,0.309269615,5900.0,7,0,0,0,1.0
130114,0,0.010017069,40,0,0.434554974,4583.0,16,0,2,0,1.0
130115,0,0.033256032000000005,52,0,0.319679565,6615.0,8,0,1,0,3.0
130116,0,0.9999998999999999,56,1,0.11288029599999999,3516.0,1,1,0,0,1.0
130117,0,0.132680452,42,0,0.35886761,1200.0,7,0,0,0,0.0
130119,0,0.097502015,60,0,3061.0,,12,0,3,0,0.0
130120,0,0.481738764,28,1,0.164011246,3200.0,5,0,0,0,0.0
130123,0,0.016695362,50,0,0.603403816,3877.0,23,0,3,0,1.0
130124,0,0.01968129,27,0,0.004389465,2505.0,4,0,0,0,1.0
130126,1,1.3620474409999999,31,2,0.6197643979999999,4583.0,7,2,2,1,3.0
130127,0,0.366960279,70,0,0.15146198800000002,3419.0,8,0,0,0,0.0
130129,0,0.348448097,46,0,0.28857938699999997,1794.0,10,0,0,0,2.0
130130,0,0.0,65,0,0.158743331,8434.0,8,0,2,0,0.0
130131,0,0.16029301,64,0,0.23329333600000002,21667.0,14,0,4,0,1.0
130132,0,0.015719468,62,0,287.0,,6,0,0,0,0.0
130133,0,0.013835875,54,0,1290.0,,15,0,1,0,1.0
130134,0,0.96013289,63,2,0.549883087,2565.0,5,1,1,0,0.0
130135,0,0.011990463,82,0,0.003749063,4000.0,5,0,0,0,0.0
130136,0,0.040553507999999995,52,1,0.555218906,6600.0,24,0,1,0,1.0
130137,0,0.347357993,57,0,972.0,,9,0,0,0,0.0
130138,0,0.102579484,58,0,0.09033848900000001,4460.0,3,0,1,0,2.0
130139,0,0.02279886,58,0,0.098975256,4000.0,6,0,0,0,0.0
130140,0,0.906520827,77,1,0.297131148,10735.0,9,0,1,0,1.0
130142,0,0.425812928,63,0,0.21214316800000002,6900.0,8,0,2,0,0.0
130145,0,0.9999998999999999,55,0,0.927104163,5500.0,5,0,3,0,2.0
130147,0,0.011180802,44,0,0.269066504,9833.0,4,0,2,0,4.0
130150,0,0.064203442,67,0,2045.0,,9,0,1,0,0.0
130151,0,0.051140688,67,0,0.310627178,5739.0,18,0,2,0,0.0
130154,0,0.0,52,0,0.30262124100000004,14000.0,8,0,3,0,2.0
130155,0,0.374680114,50,0,0.32335479,16000.0,6,0,2,0,3.0
130156,0,0.021128545,65,0,0.002297677,11750.0,5,0,0,0,0.0
130157,0,0.9999998999999999,51,0,0.324026198,2900.0,6,0,0,0,1.0
130158,0,0.310745327,46,0,0.279453795,3148.0,7,0,0,0,1.0
130159,1,0.018335904,46,0,2871.0,,12,0,2,0,
130160,0,0.10463913400000001,47,0,0.033419023,3500.0,3,0,0,0,0.0
130161,0,1.219560878,40,0,0.2826,4999.0,5,0,1,0,0.0
130162,0,0.23392650199999998,44,0,0.20799241100000002,8432.0,9,0,2,0,4.0
130164,0,0.0,49,0,0.0,3083.0,1,0,0,0,0.0
130165,0,0.0,64,0,0.010501193,2094.0,5,0,0,0,0.0
130170,0,0.31018099,44,0,0.22508610199999998,9000.0,13,0,1,0,2.0
130172,0,0.005666457,50,0,0.08585521900000001,7500.0,3,0,1,0,3.0
130173,0,0.036824777,43,0,0.762071993,6833.0,7,0,2,0,0.0
130174,0,0.012963958000000001,63,1,0.245207101,12674.0,7,0,1,0,1.0
130176,1,0.088828398,35,0,0.335305391,12000.0,9,0,1,0,0.0
130178,0,0.0,24,0,0.0,2708.0,6,0,0,0,0.0
130180,0,0.175832405,50,0,0.111987099,5580.0,6,0,0,0,2.0
130183,0,0.014488202,55,0,0.009765219,4812.0,15,0,0,0,0.0
130184,0,0.066170132,60,0,0.38588515100000004,14296.0,7,0,3,0,1.0
130186,1,0.9083802940000001,57,0,0.116913484,6414.0,3,0,1,0,0.0
130187,0,0.062218336,44,0,3386.0,,9,0,1,0,0.0
130188,0,0.42529569,67,0,0.412509721,9000.0,18,0,4,0,1.0
130189,0,0.022485072000000002,78,0,0.318692543,3915.0,11,0,1,0,0.0
130190,0,0.757073113,59,0,0.15407310300000002,6100.0,5,0,0,0,1.0
130191,0,0.026071747000000003,71,0,23.0,,4,0,0,0,0.0
130194,0,0.495381367,41,1,0.173165367,5000.0,12,0,0,0,0.0
130195,0,0.028086415,81,0,0.22455508899999999,5000.0,11,0,2,0,0.0
130197,0,0.004922594000000001,35,0,0.7903652729999999,5666.0,12,0,2,0,0.0
130199,1,0.947026487,35,3,0.110773439,6580.0,9,0,0,0,2.0
130200,0,0.9999998999999999,22,0,0.0,0.0,1,0,0,0,0.0
130201,0,0.03679632,38,0,1654.0,,9,0,2,0,1.0
130202,0,0.031854868,77,0,0.36476326,4920.0,11,0,2,0,0.0
130203,0,0.0,41,0,0.13048369,2666.0,5,0,0,0,0.0
130204,0,0.17667497199999999,58,1,0.210522268,13000.0,6,0,1,0,2.0
130205,0,0.37183884700000003,64,0,0.153925266,2916.0,3,0,0,0,0.0
130207,0,0.039816443,74,0,0.0324797,1600.0,10,0,0,0,0.0
130209,1,0.7223366859999999,34,0,0.419989367,3761.0,4,1,1,1,3.0
130210,0,0.9999998999999999,36,0,2250.0,,3,0,1,0,0.0
130211,0,0.12737181,45,0,0.5170846170000001,6818.0,8,0,2,0,2.0
130212,0,0.313609242,52,1,0.288001008,7933.0,14,0,2,0,0.0
130213,0,0.9999998999999999,64,0,0.43905552,4700.0,2,0,1,0,0.0
130216,0,0.31268596,62,1,4470.0,,18,0,1,0,2.0
130217,0,0.137699855,65,0,974.0,,10,0,1,0,0.0
130219,0,0.074677013,48,0,0.304505908,7700.0,4,0,1,0,5.0
130221,0,0.0,83,0,0.211723192,5100.0,10,0,1,0,0.0
130222,0,0.546491068,53,1,0.301222549,8833.0,8,0,1,0,2.0
130223,0,0.9999998999999999,22,0,0.0,1.0,1,0,0,0,0.0
130224,0,0.164675445,44,0,0.34139320700000003,5210.0,11,0,1,0,0.0
130225,1,0.296209078,53,0,0.438146463,4833.0,15,0,2,0,1.0
130226,0,0.277036148,41,0,0.070366204,8000.0,9,0,0,0,2.0
130227,0,0.6946646670000001,32,1,0.332660018,7920.0,15,0,2,0,2.0
130228,0,0.144839564,61,0,4745.0,,8,0,1,0,
130229,0,0.66844744,46,0,0.670443941,7500.0,8,0,3,0,4.0
130232,0,0.024866113999999998,73,0,33.0,,3,0,0,0,0.0
130233,0,0.195878007,40,0,0.264455924,6000.0,13,0,1,0,2.0
130234,0,0.021533657,66,0,0.270169632,7250.0,6,0,1,0,0.0
130235,0,0.00146756,51,0,0.22233694699999998,5810.0,14,0,1,0,0.0
130237,0,0.035498728,50,0,0.321893949,7750.0,9,0,3,0,2.0
130238,0,0.025118549,61,0,0.006143118,6022.0,6,0,0,0,0.0
130240,0,0.100699985,54,0,3093.0,,9,0,3,0,0.0
130243,0,0.097336729,50,0,0.25473427,8184.0,11,0,1,0,0.0
130244,0,0.900950081,38,0,2.910299003,300.0,9,0,0,0,0.0
130245,0,0.008970869,43,0,0.131287831,4790.0,13,0,1,0,1.0
130246,0,0.23149836699999998,42,0,0.171482852,10000.0,9,0,2,0,3.0
130247,0,0.7863441940000001,59,0,0.44661069200000003,21080.0,15,0,2,0,0.0
130248,0,0.0,84,0,0.0,2500.0,7,0,0,0,0.0
130252,0,0.022948852999999998,90,0,398.0,,2,0,0,0,0.0
130253,0,0.044192916,56,0,0.29054189199999997,5000.0,10,0,2,0,0.0
130254,0,0.497110179,45,0,0.3059898,30000.0,25,0,2,0,3.0
130256,0,0.381634504,52,0,0.617754569,5744.0,25,0,1,0,0.0
130257,0,0.44539670200000003,42,0,0.22699092,25000.0,8,0,3,0,2.0
130258,0,0.35510379200000003,50,0,0.43971205799999996,5000.0,10,0,1,0,1.0
130260,0,0.0044526620000000005,41,0,0.00047992300000000005,6250.0,4,0,0,0,1.0
130261,0,0.18583059600000001,49,0,0.517176765,1600.0,7,0,1,0,2.0
130262,0,0.063345072,37,0,0.5002499579999999,6000.0,4,0,2,0,3.0
130263,0,0.468154497,50,0,0.438508952,3406.0,8,0,1,0,2.0
130265,0,0.0,35,0,0.148029331,4363.0,5,0,1,0,4.0
130267,0,0.8548003340000001,54,0,0.34806067399999996,9822.0,9,0,1,0,2.0
130268,1,0.358599344,52,0,0.624309392,3800.0,16,0,2,0,2.0
130269,0,0.039143338,47,0,3396.0,,12,0,1,0,2.0
130270,0,0.90219071,44,0,0.087221095,3450.0,6,0,0,0,4.0
130273,0,0.23693539,62,0,0.55646444,4400.0,12,0,1,0,0.0
130274,0,0.147704591,24,0,0.08523144699999999,1360.0,2,0,0,0,0.0
130276,0,0.00433307,65,0,185.0,,18,0,0,1,0.0
130277,0,0.400845203,61,0,0.363433391,4030.0,5,0,2,0,0.0
130278,0,0.83830539,39,0,0.43372105200000005,9542.0,4,0,1,0,2.0
130279,0,0.5931843000000001,37,0,0.398084638,7726.0,8,0,1,0,3.0
130280,0,0.0,82,0,0.0,,5,0,0,0,0.0
130281,0,0.376795815,62,0,0.171591565,15600.0,7,0,2,0,0.0
130282,0,0.0032123940000000004,80,0,0.21203915899999998,4800.0,7,0,1,0,0.0
130283,0,0.0,25,0,0.0,,1,0,0,0,
130284,0,0.025979062,49,0,0.178901758,12000.0,11,0,2,0,3.0
130285,0,0.263150628,58,1,1202.0,,5,0,1,1,0.0
130290,0,0.013835511000000002,29,0,0.001190193,4200.0,4,0,0,0,3.0
130291,0,0.015266942,81,0,0.0036024840000000004,8049.0,5,0,0,0,0.0
130293,0,2.575578756,50,1,0.707094418,3833.0,13,0,1,0,2.0
130294,0,0.064365418,61,1,0.369648808,3900.0,10,0,1,0,0.0
130295,0,0.07916025,45,0,0.6702176329999999,15300.0,22,0,4,0,3.0
130296,1,0.994300142,47,0,0.10207050000000001,11687.0,2,0,0,0,0.0
130297,0,0.045305589,58,0,0.13198839699999998,7583.0,12,0,1,0,2.0
130299,0,0.0,30,0,0.000315756,3166.0,3,1,0,0,0.0
130300,0,0.854458217,28,0,0.921634796,2666.0,4,0,1,0,0.0
130301,0,0.148892933,49,2,0.39840588600000004,8154.0,17,0,2,0,2.0
130302,0,0.00407686,72,0,0.109154284,5450.0,8,0,1,0,0.0
130305,0,0.18829623399999998,48,0,0.473556345,5350.0,10,0,1,0,3.0
130307,0,0.08942957800000001,50,0,2397.0,,6,0,1,0,0.0
130310,0,0.355596195,54,0,0.729057592,4583.0,13,0,2,0,0.0
130311,0,0.238274978,41,0,0.157968406,5000.0,6,0,0,0,2.0
130313,0,0.88419487,31,0,0.28845692300000003,8333.0,6,0,0,0,0.0
130314,0,0.6763882370000001,34,0,0.465946363,5182.0,11,0,1,0,3.0
130315,0,0.016988984,78,0,1091.0,,3,0,1,0,0.0
130316,1,0.9999998999999999,64,1,0.569518717,2243.0,7,0,1,2,0.0
130318,0,0.023883562999999997,90,0,54.0,,6,0,0,0,0.0
130319,0,0.057528255,87,0,0.35574776799999996,3583.0,14,0,1,0,0.0
130320,0,0.003036376,67,0,0.14209433400000002,3370.0,9,0,0,0,0.0
130321,0,0.02249481,69,0,0.20068996600000003,6666.0,7,0,1,0,0.0
130323,0,0.057744282,50,0,0.793650794,3338.0,13,0,2,0,1.0
130324,0,0.0,40,0,0.158247855,15500.0,6,0,1,0,0.0
130326,0,0.067540927,38,0,0.257717785,8000.0,4,0,1,0,2.0
130327,0,0.5821001370000001,46,0,0.564176084,5928.0,14,0,4,0,0.0
130329,0,0.019203502,80,0,0.11195521800000001,5001.0,8,0,1,0,0.0
130330,0,0.19760479,61,0,15.0,,8,0,0,0,0.0
130332,0,0.36453008299999995,37,0,0.20722798899999997,2600.0,4,0,0,0,0.0
130334,0,0.002066529,62,0,0.45019635799999996,2800.0,3,0,1,0,0.0
130337,0,0.932295386,43,2,0.23638109,8333.0,5,0,2,0,1.0
130338,0,0.897851642,56,0,0.055942253,3878.0,6,0,0,1,1.0
130339,0,0.0,46,0,0.221694576,4000.0,7,0,0,0,0.0
130340,0,0.033540666000000004,62,0,0.131597803,4186.0,7,0,1,0,1.0
130341,0,0.9999998999999999,43,0,211.0,,9,0,0,0,2.0
130342,0,0.10121815,82,0,0.060750596,7966.0,7,0,0,0,0.0
130343,0,0.15361461099999998,38,0,0.34655428899999996,6050.0,7,0,2,0,1.0
130345,0,0.735672623,38,0,0.17844217199999998,6354.0,9,0,0,0,2.0
130346,0,0.052604142,36,0,0.329241277,10833.0,15,0,4,0,0.0
130348,0,0.20956587,54,0,0.239882042,9833.0,6,0,3,0,0.0
130349,0,0.09052179,61,0,0.471730686,4633.0,23,0,2,0,1.0
130351,0,0.150353721,55,0,0.34118276700000005,7473.0,15,0,2,0,0.0
130352,0,0.149731638,57,0,0.24707971199999998,10700.0,8,0,1,0,3.0
130353,0,0.097531431,36,0,0.274270042,17500.0,35,0,3,0,0.0
130356,0,0.015529353000000001,83,0,28.0,,9,0,0,0,0.0
130357,0,0.055143446,60,0,0.213700991,4641.0,9,0,0,0,1.0
130358,0,0.56513199,38,0,0.414678482,4400.0,6,0,0,0,0.0
130359,0,0.026093337999999997,41,0,487.0,,7,0,0,0,0.0
130361,0,0.7568020190000001,37,0,0.394218942,3251.0,5,0,0,0,0.0
130363,0,0.912653718,30,1,0.554893194,2012.0,5,0,1,0,0.0
130364,0,0.957025592,60,0,1.95758861,3300.0,13,0,2,0,0.0
130366,0,0.029167625,55,0,0.19758419300000002,12500.0,9,0,1,0,1.0
130367,0,0.02331308,79,0,0.032193561,5000.0,18,0,1,0,0.0
130369,0,0.095304359,47,0,0.52759009,3551.0,9,0,1,0,1.0
130370,0,0.9999998999999999,71,0,0.0,4000.0,3,0,0,0,0.0
130372,0,0.151802878,61,0,0.312981152,11300.0,17,0,2,0,1.0
130374,0,0.261197691,40,0,0.361428905,4282.0,7,0,1,0,3.0
130376,0,0.15610344,59,0,3314.0,,13,0,1,0,1.0
130377,0,0.022885917999999998,79,0,0.619806311,3200.0,14,0,1,0,0.0
130378,0,0.029541434,43,0,0.577256784,5416.0,8,0,1,0,0.0
130379,0,0.9369800859999999,50,1,0.23154362399999998,4171.0,7,0,0,0,0.0
130380,1,0.905167877,74,2,0.45014480799999995,7250.0,7,0,2,0,0.0
130381,0,0.024622975,62,0,0.312253502,7352.0,11,0,2,0,1.0
130382,0,0.879343388,27,0,0.18320419899999998,4000.0,5,0,0,0,0.0
130383,0,0.102227579,29,0,0.44131762700000005,4583.0,13,0,2,0,1.0
130384,0,0.120067514,31,0,0.484660462,2900.0,7,0,0,0,0.0
130386,0,0.021715098999999998,61,0,2008.0,,12,0,1,0,0.0
130387,0,0.537389407,31,0,0.02619469,5649.0,3,1,0,0,1.0
130388,0,0.002522393,64,0,3604.0,,18,0,4,0,0.0
130389,0,0.10007691699999999,61,0,0.09686019,3375.0,5,0,0,0,0.0
130391,0,0.078446078,80,0,47.0,,3,0,0,0,
130393,0,0.377324599,59,0,0.40681745799999997,9416.0,19,0,1,0,1.0
130394,0,0.161455903,45,1,0.13052276599999998,2964.0,9,0,0,0,2.0
130395,0,0.017165286000000002,45,0,0.176637168,8474.0,11,0,1,0,0.0
130396,0,0.321091595,45,0,1.547726137,2000.0,8,0,1,0,0.0
130397,0,0.386454614,59,0,0.338055162,12000.0,11,0,2,0,2.0
130398,0,0.0,87,0,0.20363101100000003,2037.0,5,0,0,0,0.0
130399,0,0.372208205,49,0,0.48704253200000003,5054.0,12,0,1,0,0.0
130400,0,0.002015784,41,0,0.310486522,6083.0,19,0,1,0,0.0
130401,0,0.043191362000000004,29,0,0.069968196,2200.0,5,0,0,0,0.0
130402,0,0.014590348000000001,84,0,4.0,,1,0,0,0,
130404,0,0.179980853,54,0,821.0,,4,0,1,0,1.0
130406,0,0.43556752600000004,43,0,0.807917628,5632.0,6,0,2,0,2.0
130408,0,0.353982851,63,0,0.349319195,8298.0,14,0,1,0,0.0
130409,0,0.0,46,0,2810.0,,11,0,1,0,0.0
130410,0,0.521350075,31,0,0.8760981520000001,3300.0,8,0,1,0,0.0
130411,0,0.71680944,49,0,0.29318542,8833.0,4,0,1,0,0.0
130412,0,0.210589947,63,0,0.219618843,12120.0,9,0,1,0,0.0
130413,0,0.061294071,59,0,0.18347633,16666.0,3,0,1,0,1.0
130414,0,0.022387645,62,0,0.009389671,1277.0,4,0,0,0,0.0
130416,0,0.003333248,72,0,0.9456217509999999,2500.0,16,0,2,0,0.0
130418,0,0.223889759,66,0,0.346010187,8834.0,8,0,1,0,2.0
130419,0,0.103317684,88,0,0.076738609,5420.0,18,0,0,0,0.0
130421,0,1.010398812,34,1,0.241652397,4671.0,5,0,0,0,1.0
130424,0,0.17213466,50,0,0.250366618,7500.0,7,0,2,0,0.0
130427,0,0.705901625,37,0,0.40979531,12066.0,10,0,3,0,0.0
130429,0,0.581709145,35,0,0.262333453,5553.0,5,0,2,0,0.0
130430,1,0.645418327,33,1,0.023574796000000002,2332.0,2,0,0,0,0.0
130431,0,0.638972684,46,2,5170.0,,18,0,2,0,4.0
130432,0,0.17758124600000003,60,0,0.966993399,4998.0,19,0,3,0,1.0
130433,0,0.400766539,55,1,0.16282612800000001,5250.0,7,0,1,0,0.0
130434,0,0.154880187,29,0,0.21958705399999998,3583.0,8,0,0,0,0.0
130435,0,0.9999998999999999,44,0,0.33577614899999997,1500.0,0,0,0,0,2.0
130436,0,0.337035553,63,0,0.323051194,10762.0,14,0,5,0,1.0
130437,1,0.29183852,53,1,1599.0,,4,8,0,1,2.0
130438,0,0.9999998999999999,65,1,0.018312986,1801.0,0,0,0,0,0.0
130441,0,0.10214872300000001,64,0,0.092421269,10700.0,9,0,1,0,0.0
130443,0,0.18566695800000002,41,0,0.251218598,8000.0,11,0,2,0,1.0
130444,0,0.017457599,53,0,9.0,,4,0,0,0,0.0
130445,0,0.9999998999999999,67,0,3612.0,,5,0,2,0,0.0
130446,0,0.840280825,25,2,0.08936103699999999,6400.0,3,0,0,0,0.0
130447,1,0.9999998999999999,47,0,3424.0,,5,0,2,0,0.0
130448,0,0.009738877,36,0,0.281660313,7082.0,8,0,2,0,0.0
130449,0,0.03869425,58,0,0.21030953600000002,8011.0,12,0,1,0,0.0
130450,0,0.134076034,60,0,0.241539654,3870.0,7,0,0,0,0.0
130451,0,0.03901729,53,0,0.326898327,10100.0,14,0,2,0,1.0
130452,0,0.10151584699999999,32,0,1691.0,,6,0,1,0,0.0
130453,0,0.293505235,53,0,1271.0,0.0,10,0,0,0,1.0
130454,1,0.22682280000000002,34,0,0.19730045,6000.0,12,2,1,0,3.0
130455,0,0.984668711,47,0,0.132761922,10966.0,5,0,0,0,2.0
130458,0,0.026537732,52,0,0.43931702799999994,6500.0,8,0,2,0,1.0
130459,0,0.8029119709999999,51,0,0.552280408,28700.0,23,0,7,0,0.0
130460,0,0.0012811189999999998,49,1,3683.0,,12,0,3,0,0.0
130461,0,0.622507919,66,0,0.168063872,2504.0,6,0,0,0,0.0
130462,0,0.005422926,71,0,0.154244977,1542.0,11,0,0,0,0.0
130463,0,0.26096019800000003,74,0,0.9670164920000001,2000.0,4,0,1,0,0.0
130466,1,0.9999998999999999,41,1,0.38927698200000005,5725.0,5,0,2,0,2.0
130468,0,0.516903196,43,0,0.259891389,3866.0,11,0,0,0,1.0
130469,0,0.234940271,58,0,2597.0,,15,0,0,0,0.0
130470,0,0.760502993,63,0,0.796710666,14166.0,15,0,3,0,1.0
130471,0,0.505091179,48,0,0.766170169,4900.0,13,0,1,0,0.0
130473,0,0.121795128,69,0,7.787371134,775.0,8,0,0,0,0.0
130474,0,0.413956494,33,0,0.9662710809999999,1600.0,7,0,0,0,2.0
130475,0,0.008068782,65,0,0.004475888,6925.0,6,0,0,0,0.0
130476,0,0.042919205,70,0,0.026358844,5500.0,13,0,0,0,0.0
130478,0,0.058736317,62,0,0.24672080000000002,1600.0,16,0,0,0,0.0
130479,0,0.0,37,0,0.0,,5,0,0,0,0.0
130480,0,0.725413729,43,0,2476.0,0.0,3,0,1,0,1.0
130482,0,0.389669582,56,0,0.33946197,5166.0,13,0,1,0,0.0
130485,0,0.522477861,42,0,0.626843289,4000.0,12,0,1,0,3.0
130486,0,0.17203385100000002,31,0,0.275862069,2000.0,8,0,0,0,0.0
130488,0,0.0,43,0,0.808533917,2741.0,5,0,2,0,0.0
130491,0,0.030193649,71,0,18.0,,3,0,0,0,0.0
130492,0,0.03422952,60,0,0.021854021,7000.0,10,0,0,0,0.0
130493,0,0.5681727560000001,79,0,3057.0,,20,0,0,0,1.0
130494,0,0.094108908,58,0,49.0,,4,0,0,0,
130498,0,0.38348667200000003,50,1,0.758865802,12801.0,23,0,10,0,1.0
130499,0,0.013319734,78,0,0.0030909390000000004,6146.0,3,0,0,0,0.0
130500,0,0.13565217400000001,41,0,0.025738799,3146.0,2,0,0,0,3.0
130501,0,0.050618672999999996,38,0,1858.0,,4,0,2,0,0.0
130502,0,0.299516908,38,0,0.357497929,4827.0,8,0,1,0,0.0
130505,0,0.761111387,47,0,5793.0,,15,0,2,0,0.0
130506,0,0.575839444,53,0,2026.0,,5,0,1,0,1.0
130507,0,0.07757486400000001,57,0,0.10303458,2833.0,9,0,0,0,0.0
130511,0,0.0046019170000000005,89,0,0.002349256,1276.0,5,0,0,0,0.0
130513,0,0.902336589,61,0,0.149886185,5710.0,8,0,0,0,0.0
130515,0,0.9999998999999999,24,0,0.0,1000.0,1,0,0,0,0.0
130516,0,0.182665135,53,2,0.536551339,3583.0,9,0,3,2,1.0
130518,0,0.9999998999999999,77,0,0.0,4500.0,0,0,0,0,0.0
130519,0,0.37421259,46,0,527.0,,3,0,0,0,0.0
130522,0,0.22669770000000003,30,0,3149.0,,11,0,1,0,0.0
130524,0,0.9999998999999999,48,0,0.209081309,2840.0,3,0,0,0,1.0
130525,0,0.37822789700000004,65,0,0.893697084,3188.0,23,0,2,0,0.0
130526,0,0.069432325,37,0,0.201599709,5500.0,8,0,1,0,0.0
130527,0,0.014006784,54,1,0.34874133799999996,11400.0,11,0,3,0,0.0
130528,0,0.068154308,45,0,0.267627308,7147.0,5,0,1,0,3.0
130529,0,0.23010685,26,0,0.096619132,6240.0,5,0,0,0,0.0
130530,0,0.240954915,63,0,0.40118731399999996,6400.0,9,0,1,0,0.0
130531,0,0.066789741,56,0,0.037913507,12000.0,4,0,1,0,1.0
130532,0,1.02997003,31,5,0.259896042,2500.0,8,0,0,0,2.0
130533,0,0.31818209,59,1,9958.0,0.0,19,0,3,0,0.0
130534,0,0.01438763,46,0,14.0,,3,0,0,0,0.0
130535,0,0.064607522,60,0,0.01019796,3333.0,3,0,0,0,0.0
130537,0,0.031044749,57,1,372.0,,8,0,0,0,0.0
130541,0,0.5962519039999999,42,0,0.849830034,5000.0,13,0,1,0,0.0
130542,0,3.2200000000000003e-05,89,1,0.14986124,6485.0,13,0,2,0,0.0
130543,0,0.187192512,57,0,1428.0,,6,0,1,0,0.0
130544,0,0.9999998999999999,69,0,0.0,,4,0,0,0,
130545,0,0.259803584,43,0,0.6755102040000001,12249.0,9,0,2,0,0.0
130547,1,0.0,67,0,4623.0,,9,0,3,0,0.0
130548,0,0.008755768,49,0,0.38828259600000004,3481.0,17,0,1,0,1.0
130549,0,0.009184958,68,0,0.20112285300000002,9083.0,6,0,1,0,0.0
130550,0,0.030942725,37,0,0.188533058,1935.0,4,0,0,0,0.0
130552,0,0.9999998999999999,22,98,0.0,,0,98,0,98,0.0
130553,0,0.156056263,62,0,1207.0,,5,0,1,0,0.0
130554,0,0.0,48,0,0.720053836,5200.0,12,0,4,0,0.0
130555,0,0.087321984,58,0,0.149528463,8800.0,10,0,2,0,2.0
130557,0,0.279471507,69,0,0.647892018,6000.0,22,0,1,0,0.0
130558,0,0.039471126,73,0,0.335199846,10357.0,7,0,3,0,0.0
130559,0,0.7541638909999999,70,3,0.470846645,2503.0,6,0,1,0,0.0
130562,0,0.9999998999999999,25,0,475.0,,4,0,0,0,0.0
130563,0,0.012586753999999999,33,0,0.70050396,4166.0,7,0,2,0,1.0
130564,0,0.418401033,57,0,0.382026091,12417.0,17,0,2,0,0.0
130566,0,0.101494925,79,0,1278.0,,10,0,1,0,0.0
130567,0,0.024125472999999998,56,0,1818.0,,22,0,1,0,0.0
130568,0,0.0064637309999999995,38,0,0.483432455,2353.0,7,0,1,0,2.0
130569,0,0.181327255,62,0,0.336836727,13700.0,10,0,3,0,1.0
130570,0,0.89790231,49,0,0.547755772,8532.0,10,0,2,0,2.0
130572,0,0.000539989,78,0,0.314634824,3600.0,5,0,1,0,0.0
130573,0,0.638144414,50,0,0.6801279490000001,2500.0,6,0,1,0,0.0
130574,0,0.047128888,44,0,0.440107672,5200.0,3,0,1,0,1.0
130577,0,0.321841817,46,0,0.369246406,6886.0,11,0,3,0,4.0
130579,0,0.41260347,39,0,0.472305539,5000.0,12,0,1,0,1.0
130580,0,0.01306874,74,0,0.00956106,2300.0,12,0,0,0,0.0
130581,0,0.428744988,52,0,0.688662268,3333.0,25,0,1,0,1.0
130582,0,0.9999998999999999,51,1,1221.0,,2,0,1,0,0.0
130583,0,0.439187262,58,0,0.364969596,8386.0,8,0,1,0,0.0
130584,0,0.23657317600000002,39,0,0.128669582,1600.0,10,0,0,0,0.0
130587,0,0.292042906,52,1,0.291059629,12560.0,9,0,2,0,1.0
130589,0,0.043664944000000004,72,0,35.0,,4,0,0,0,0.0
130590,0,0.15407727300000001,55,0,0.313159101,2180.0,6,0,2,0,1.0
130592,0,0.542234332,26,0,0.156705064,4600.0,3,3,0,0,2.0
130595,0,0.40026608700000005,52,0,0.29456996399999996,10533.0,14,0,1,0,2.0
130598,1,1.150999575,32,0,301.0,,12,0,0,0,0.0
130599,1,0.536511337,37,0,0.888037321,3000.0,8,0,2,0,0.0
130601,0,0.235059761,52,0,1.0,,1,0,0,0,0.0
130603,0,0.034843474,57,0,0.261339662,7583.0,4,0,1,0,3.0
130605,0,0.201139325,62,0,1057.0,,10,0,1,0,1.0
130606,0,0.0,55,0,0.0,,4,0,0,0,0.0
130607,0,0.172515282,64,0,0.461830611,2632.0,5,0,1,0,0.0
130608,0,0.0,71,0,0.622296173,1201.0,7,0,1,0,0.0
130609,0,0.027014552999999997,64,0,0.007330076,4501.0,5,0,0,0,1.0
130610,1,0.165682403,57,0,0.30122202800000003,6300.0,18,0,2,0,2.0
130611,0,0.051364302,66,0,0.16731855699999998,2300.0,4,0,0,0,0.0
130612,1,0.31898275,72,0,0.9256533490000001,6657.0,13,0,3,0,0.0
130614,0,1.0,28,0,0.216087577,2100.0,3,0,0,0,1.0
130615,0,0.0,35,0,0.32856404100000003,5800.0,13,0,2,0,2.0
130616,1,1.148955495,22,1,37.0,,2,0,0,0,0.0
130619,0,0.23788699,49,0,0.11282957199999999,30000.0,7,0,1,0,2.0
130623,0,0.9251074890000001,52,0,0.605820896,6699.0,11,0,2,0,0.0
130624,0,0.9296918940000001,68,0,0.663185379,2680.0,7,0,2,0,0.0
130626,0,0.50089994,43,0,0.36679960100000003,10029.0,9,0,2,0,3.0
130627,0,0.315328448,41,0,2269.0,,13,0,1,0,3.0
130629,0,0.10178120199999999,35,0,0.6042994629999999,8000.0,11,0,1,0,2.0
130631,0,0.016766108000000002,85,0,15.0,,1,0,0,0,0.0
130632,0,0.783053034,31,0,0.537306744,8925.0,13,0,2,0,0.0
130633,0,0.0,38,0,0.124775045,5000.0,3,0,1,0,3.0
130634,0,0.838161838,50,0,0.049980008,2500.0,3,0,0,2,0.0
130635,0,0.025958872999999997,36,0,0.610408385,8300.0,22,0,2,0,0.0
130638,0,0.0,53,0,0.298703328,6400.0,6,0,1,0,0.0
130639,0,0.003850342,56,0,0.186583694,9480.0,17,0,2,0,0.0
130640,0,0.217556489,82,0,0.104074402,4515.0,6,0,0,0,0.0
130641,0,0.032160456000000004,77,0,1987.0,,12,0,3,0,0.0
130642,0,0.9751349909999999,59,0,0.571829091,8916.0,9,0,2,0,0.0
130643,0,6.25e-05,35,0,1209.0,,5,0,1,0,0.0
130645,0,0.054423215999999996,71,0,0.244851867,7526.0,7,0,2,0,0.0
130646,0,0.019159818000000002,46,0,1365.0,,6,0,1,0,1.0
130647,0,0.622469574,45,0,0.606563162,2833.0,11,0,2,0,0.0
130649,0,0.015910938,76,0,0.311965812,6785.0,9,0,1,0,1.0
130650,1,0.290059264,47,3,0.627312479,2972.0,8,3,1,1,3.0
130651,0,0.384387122,72,0,2.5079365080000002,1700.0,15,0,2,0,0.0
130652,0,0.0,30,0,0.062125107,2333.0,8,0,0,0,0.0
130655,0,0.17348760800000002,52,4,1.004800904,3540.0,12,0,2,1,3.0
130656,0,0.49078751299999995,89,0,0.189415042,9333.0,8,0,0,0,0.0
130657,0,0.416996906,42,0,0.468021815,6050.0,11,0,2,0,1.0
130658,0,0.970673184,47,1,0.36598789200000004,3633.0,12,0,1,0,2.0
130659,0,0.0,51,0,0.29361138,44500.0,12,0,3,0,0.0
130661,0,0.164420839,42,1,0.473905219,5000.0,12,0,2,0,0.0
130662,0,0.555885065,52,0,0.429633427,3900.0,14,0,1,0,0.0
130663,0,0.305417525,62,1,0.09675116,2800.0,5,0,0,0,0.0
130665,0,0.551367982,56,0,0.5666142439999999,4450.0,8,0,1,0,1.0
130667,0,0.366551498,48,0,0.792157703,4666.0,15,0,2,0,0.0
130668,0,0.9999998999999999,26,0,251.0,,1,0,0,1,0.0
130669,0,0.171746675,82,0,0.072189922,2063.0,9,0,0,0,0.0
130670,1,0.710644678,38,1,1651.0,,12,6,1,0,0.0
130673,0,0.382539154,63,0,0.331839338,5800.0,3,0,1,0,0.0
130674,0,0.25249830100000004,55,0,0.175362133,7800.0,6,0,1,0,2.0
130675,0,0.9999998999999999,56,0,0.835407467,2490.0,3,0,2,0,0.0
130676,0,0.35806359200000004,54,1,0.281815725,3700.0,16,0,0,0,0.0
130677,0,0.9999998999999999,48,0,543.0,,4,0,0,2,0.0
130678,0,0.056657224000000006,33,0,0.0014532770000000002,6880.0,4,0,0,0,0.0
130681,0,0.9999998999999999,68,0,0.39192161600000003,5000.0,2,0,1,0,0.0
130683,0,0.24483177899999997,30,0,0.897214217,1040.0,4,0,1,0,0.0
130684,0,0.5078944879999999,32,0,0.814786585,2623.0,3,0,1,0,0.0
130686,0,0.09238728800000001,62,0,0.11878087,8300.0,3,0,1,0,0.0
130687,1,0.9999998999999999,51,0,0.306192101,2050.0,3,0,0,0,0.0
130690,0,0.968741898,45,0,0.37461116899999997,6750.0,12,0,1,0,1.0
130692,0,0.084369018,78,0,0.021994501,4000.0,3,0,0,0,0.0
130693,0,0.9999998999999999,35,0,0.0,950.0,0,0,0,0,1.0
130697,0,0.03509649,47,0,255.0,,4,0,0,0,0.0
130700,0,0.0,69,0,0.8272369159999999,1776.0,8,0,1,0,1.0
130701,0,0.08030359200000001,45,1,0.009252566,20750.0,6,0,0,0,0.0
130705,0,0.016289233,46,1,0.104022852,4200.0,13,0,0,0,0.0
130706,0,0.200536987,43,0,0.06256696,4666.0,4,0,0,0,3.0
130708,0,0.055180564,35,2,0.271194915,14000.0,6,0,3,0,0.0
130709,0,0.0787432,46,1,0.44452159399999996,7200.0,12,0,1,0,0.0
130711,0,0.26407386899999996,51,0,2204.0,,4,0,2,0,0.0
130712,0,0.044771144000000006,49,0,3253.0,,8,0,2,0,0.0
130714,1,0.24454818899999997,48,0,0.687894298,8400.0,12,0,3,0,2.0
130715,0,0.297035148,75,0,0.844797178,1700.0,8,0,2,0,0.0
130716,1,0.066750175,58,0,0.335170207,11250.0,16,0,1,0,2.0
130717,0,0.893106893,84,0,26.0,,1,0,0,0,0.0
130718,0,0.39326087,65,0,2446.0,,8,0,2,0,0.0
130720,0,0.025215535,77,0,0.43991201799999996,5000.0,7,0,2,0,0.0
130721,0,0.040860915,66,0,0.157758397,23161.0,19,0,2,0,0.0
130722,0,0.19686405199999998,55,0,0.178357163,17834.0,8,0,2,0,2.0
130723,0,0.825417458,37,0,0.321199813,6400.0,5,0,2,0,2.0
130726,0,0.34581955200000003,34,1,0.018349083000000002,20000.0,4,0,0,0,0.0
130727,0,0.784909615,51,1,0.34995700799999996,3488.0,9,0,1,0,1.0
130728,0,0.175765702,70,0,2900.0,,14,0,1,0,0.0
130729,0,0.428586465,25,0,0.147004094,2686.0,5,0,0,0,0.0
130731,0,0.00329191,60,0,0.23468460300000002,5500.0,12,0,2,0,0.0
130734,0,0.022359106,67,0,0.321871251,2500.0,4,0,1,0,0.0
130735,0,0.075647068,56,0,0.506127138,7833.0,13,0,2,0,0.0
130736,0,0.052144389000000006,63,0,0.18064946199999998,10500.0,9,0,1,0,0.0
130738,0,0.319622097,51,0,2251.0,,5,0,1,0,0.0
130739,0,0.0,73,0,0.0,,5,0,0,0,0.0
130741,0,0.251809134,53,0,0.407159284,10000.0,8,0,2,0,0.0
130742,0,0.0,57,1,0.206198608,1580.0,2,0,0,0,1.0
130744,0,0.862417805,50,0,0.23210969899999997,7000.0,7,0,1,0,1.0
130745,0,0.206882345,48,0,0.321979876,16000.0,13,0,2,0,2.0
130747,0,0.0,77,0,1951.0,,12,0,1,0,0.0
130748,0,0.000783617,57,0,0.288633966,7583.0,10,0,2,0,0.0
130753,0,0.06887213,61,0,0.37397324600000004,8521.0,9,0,3,0,2.0
130756,0,0.032404009,73,0,69.0,,12,0,0,0,0.0
130757,0,0.251441135,49,0,0.282137456,5950.0,12,0,1,0,1.0
130758,0,0.536323184,63,0,0.3075248,4132.0,4,0,1,0,1.0
130759,0,0.0,59,0,0.292220467,10758.0,8,0,3,0,3.0
130760,0,0.7914213790000001,48,0,5582.0,,12,0,1,0,0.0
130761,0,0.07079646,54,0,0.021991204,2500.0,7,0,0,0,0.0
130763,0,0.178642395,53,0,0.363252611,4500.0,7,0,1,0,0.0
130764,0,0.126914923,64,0,1937.0,,8,0,2,0,
130765,0,0.0,28,0,0.090472762,4166.0,5,0,0,0,0.0
130767,0,0.025284992000000003,63,0,0.181981802,10000.0,8,0,2,0,1.0
130768,1,0.9999998999999999,44,1,794.0,,6,1,0,0,4.0
130769,0,0.220090812,36,0,0.125508982,4174.0,5,0,0,0,0.0
130770,0,0.03788599,65,0,1.293789809,1255.0,12,0,1,0,1.0
130771,0,0.033184702,64,0,405.0,,15,0,0,0,
130772,0,0.31302081800000003,57,0,1091.0,,8,1,0,0,2.0
130774,0,0.9886000690000001,50,1,0.411032713,7794.0,11,0,0,0,2.0
130778,1,0.9999998999999999,48,0,0.0,2900.0,0,1,0,0,0.0
130779,1,0.618664962,39,1,0.317244785,8100.0,10,0,1,0,2.0
130780,0,0.125213946,73,0,0.105178964,5000.0,9,0,0,0,0.0
130783,1,0.9999998999999999,67,0,0.426422498,1528.0,2,0,2,1,1.0
130784,1,0.623792069,36,1,0.17273061399999998,2720.0,5,0,0,0,0.0
130785,0,0.042137429000000004,45,0,0.8520295940000001,5000.0,17,0,1,0,2.0
130786,0,0.016455257,41,0,0.13701291300000001,8750.0,8,0,1,0,0.0
130787,0,0.9999998999999999,25,0,0.0,2745.0,1,0,0,0,0.0
130788,0,0.9999998999999999,28,0,0.984021305,750.0,2,0,0,0,0.0
130789,1,0.8416602609999999,41,0,68.0,,5,5,0,0,0.0
130790,0,0.03957927,69,0,0.007498828000000001,6400.0,5,0,0,0,0.0
130791,1,0.6093020579999999,82,0,0.249166975,2700.0,11,0,0,0,0.0
130792,0,0.0,29,0,0.342518074,7330.0,7,0,2,0,0.0
130793,0,0.038902018,40,0,0.282189137,7253.0,4,0,1,0,2.0
130794,0,0.048198107000000004,51,0,0.14410447199999998,13170.0,13,0,2,0,1.0
130795,0,0.421578422,35,2,0.119968009,3750.0,8,4,0,0,0.0
130796,0,0.172294257,57,0,0.33421073,12916.0,8,0,2,0,0.0
130799,0,0.5176996779999999,47,0,0.439426762,6000.0,7,0,1,0,0.0
130800,0,0.318689627,58,0,0.34346142399999996,10070.0,15,0,1,0,1.0
130801,0,0.767392029,28,0,0.447411444,1834.0,9,0,0,0,1.0
130802,0,0.470399461,46,0,0.917290108,2405.0,11,0,0,0,0.0
130805,0,0.10592497199999999,34,0,0.12020947400000001,4200.0,10,0,0,0,1.0
130806,0,0.7410298909999999,37,1,0.418574791,4672.0,8,0,1,0,0.0
130807,0,0.0,57,0,3464.0,,18,0,1,0,0.0
130808,0,3.384341637,67,0,0.91125719,2433.0,1,3,1,0,0.0
130809,0,0.055674738,49,0,0.026315789,9233.0,12,0,0,0,3.0
130811,0,0.808044845,33,0,0.052347383,6666.0,5,0,0,0,0.0
130812,1,0.229267145,35,0,0.545884108,4020.0,6,0,1,0,0.0
130813,1,0.0,60,2,0.000384468,2600.0,4,0,0,0,0.0
130814,0,0.9999998999999999,62,0,1267.0,,3,0,1,0,0.0
130815,0,0.036269881000000004,32,0,0.486605358,2500.0,13,0,1,0,0.0
130816,0,0.331426575,49,0,0.264635888,2100.0,6,0,0,0,5.0
130817,0,0.395419365,44,0,0.463544901,8050.0,16,0,1,0,0.0
130819,0,0.0,56,0,0.15061851199999998,16086.0,7,0,2,0,7.0
130821,0,0.8671004240000001,43,1,0.386509636,3735.0,11,0,0,0,4.0
130822,0,0.11386439,59,0,0.291893413,10657.0,15,0,2,0,1.0
130824,0,0.212223835,30,0,0.0069842409999999995,5583.0,2,0,0,0,0.0
130826,0,0.475546937,46,0,1.074135777,2400.0,9,0,2,0,0.0
130827,0,0.056003487000000005,67,0,456.0,,6,0,1,0,0.0
130828,0,0.09958672199999999,45,1,0.21656354100000003,2100.0,6,0,0,0,0.0
130829,0,0.010245876,63,0,0.264631568,19392.0,11,0,2,0,0.0
130830,0,0.598985738,49,0,0.16211567400000002,4650.0,3,0,0,0,1.0
130832,0,0.035280835,38,0,0.011531365,2167.0,2,0,0,0,0.0
130833,0,0.008303277,54,0,1607.0,,8,0,1,0,
130835,0,0.141650998,45,0,1.225949789,4500.0,13,0,3,0,0.0
130836,0,0.019408209,49,0,0.228228228,15983.0,6,0,2,0,2.0
130837,0,0.884204687,43,2,1105.0,,4,1,0,0,0.0
130838,1,0.07920536,47,0,0.41181785299999996,5533.0,11,0,2,0,1.0
130839,0,0.992007105,45,0,0.039995429,8750.0,6,0,1,0,1.0
130840,1,1.001142776,53,2,1.270486342,1500.0,5,3,2,1,2.0
130841,0,0.0,34,0,0.063569158,28000.0,7,0,1,0,0.0
130842,0,0.0,51,0,0.000959923,12500.0,7,0,0,0,1.0
130843,0,0.030164153,71,0,0.13340391699999998,5666.0,4,0,0,0,0.0
130846,0,0.607078584,32,1,0.313468653,10000.0,4,0,1,0,2.0
130848,0,0.325972233,50,0,0.6111944029999999,2000.0,11,0,1,0,3.0
130850,0,0.00499974,44,0,0.349096556,7083.0,6,0,1,0,3.0
130851,0,0.09983800300000001,42,0,0.169798642,83333.0,7,0,1,0,2.0
130852,0,0.075620703,52,3,0.9856057579999999,2500.0,5,0,2,0,0.0
130853,0,0.011199253000000001,77,0,662.0,,2,0,1,0,
130857,0,0.78081784,62,0,1.535260931,1417.0,9,0,1,0,1.0
130858,0,0.0,63,0,14.0,,5,0,0,0,
130859,0,0.023224308,27,0,1.197295753,5250.0,11,0,1,0,0.0
130860,0,0.447501781,54,1,0.13498669900000002,11652.0,21,0,0,0,0.0
130863,0,0.9999998999999999,49,0,0.020212228,3957.0,1,0,0,0,3.0
130865,0,0.562101348,47,0,0.265023407,10466.0,20,0,1,0,0.0
130866,0,0.001745201,47,0,0.10283454199999999,4550.0,15,0,0,0,2.0
130869,0,0.013155116000000001,36,0,0.192899837,11041.0,11,0,2,0,2.0
130870,0,0.369181541,48,0,0.28390840300000003,9650.0,6,0,2,0,3.0
130871,0,0.045056842,46,0,0.24557095199999998,5700.0,6,0,1,0,0.0
130872,0,0.034989963,58,0,119.0,,7,0,0,0,0.0
130873,0,0.38768718799999996,26,2,0.130921209,4200.0,6,0,0,1,1.0
130874,0,0.229592792,48,0,0.477468522,3017.0,4,0,1,0,3.0
130875,0,0.12557039,49,0,0.313931687,12266.0,11,0,2,0,1.0
130876,0,0.010134964,65,0,2579.0,,7,0,1,0,1.0
130878,0,0.062401114,59,1,1.280726257,1431.0,7,0,1,0,0.0
130879,0,0.10775569,63,0,0.012654223000000001,6321.0,1,0,0,0,0.0
130880,0,0.19708780899999997,44,2,0.552367288,7666.0,20,0,2,0,1.0
130881,1,0.016449589,79,0,0.055028095,5160.0,5,0,0,1,0.0
130882,0,0.36337097700000004,41,0,0.320471708,9666.0,10,0,1,0,2.0
130883,1,1.010747313,45,1,0.243057098,4500.0,16,1,0,4,1.0
130885,0,0.308948086,72,0,1.205882353,1733.0,18,0,1,0,0.0
130887,0,1.059834604,43,2,0.11609598800000001,10542.0,4,0,0,0,0.0
130888,0,0.9380619379999999,61,0,3086.0,,6,0,2,0,
130889,0,0.0,61,0,0.20362113199999998,7400.0,5,0,1,0,0.0
130890,0,0.009919206,35,0,0.280596503,5833.0,4,0,1,0,1.0
130891,0,0.44596953,54,0,1634.0,,11,0,1,0,0.0
130892,0,0.005248284000000001,42,0,0.45951859999999994,4569.0,11,0,2,0,2.0
130893,0,0.061938062,34,1,0.584842776,6900.0,8,0,2,0,1.0
130894,0,0.8903792220000001,38,1,0.299930249,4300.0,6,0,1,0,0.0
130895,0,0.152022025,70,0,0.549709439,6366.0,7,0,4,0,0.0
130896,0,0.015499701999999999,80,0,611.0,,6,0,2,0,0.0
130897,0,0.125102511,69,0,0.285589301,8000.0,10,0,2,0,0.0
130898,0,0.986027944,45,0,0.47467968299999996,4916.0,8,0,1,0,0.0
130900,0,0.287361482,46,0,0.496185214,3800.0,7,0,1,0,1.0
130902,0,0.754334962,77,0,0.9088235290000001,2039.0,8,0,0,0,0.0
130909,0,0.0,56,0,0.722621738,4866.0,13,0,1,0,0.0
130910,0,0.9999998999999999,30,0,66.0,,1,1,0,0,0.0
130911,0,0.09627254199999999,35,0,0.36478176100000004,6666.0,15,0,2,0,1.0
130914,0,0.145846305,64,0,2175.0,,8,0,2,0,0.0
130915,0,0.688312081,51,0,0.341639044,8748.0,21,0,2,0,0.0
130916,0,0.000564199,65,0,0.140465116,4299.0,17,0,0,0,0.0
130917,1,0.542618434,27,0,0.1699485,3300.0,9,0,0,0,0.0
130922,0,0.05668986,50,1,0.609432732,4600.0,17,0,1,0,0.0
130924,0,0.0,43,0,0.114599115,16500.0,6,0,1,0,2.0
130925,0,0.17764153100000002,60,0,0.7245688579999999,4000.0,11,0,2,0,2.0
130926,0,0.158256258,53,0,0.583252326,7200.0,23,0,3,0,2.0
130928,0,0.297667558,63,1,4804.0,,17,0,3,0,1.0
130929,0,0.026080641,38,0,0.10815307800000001,7211.0,5,0,0,0,0.0
130930,0,0.0,22,0,0.0,820.0,2,0,0,0,0.0
130932,0,0.9999998999999999,46,1,0.269093505,1400.0,2,0,0,0,1.0
130933,0,0.9999998999999999,68,0,0.14824227,2360.0,3,1,0,0,0.0
130934,0,0.018570765,62,0,1178.0,,3,0,1,0,0.0
130938,0,0.0028274890000000003,68,0,0.0030965740000000004,5166.0,2,0,0,0,1.0
130939,0,0.0,47,0,0.13134589,8016.0,4,0,1,0,0.0
130941,0,0.016485437,56,0,1525.0,,6,0,1,0,0.0
130943,0,0.200598103,43,0,0.17605131899999998,4208.0,6,0,0,0,2.0
130946,0,0.9999998999999999,46,0,0.313737253,5000.0,4,0,2,0,1.0
130947,0,0.376703523,56,3,0.218746926,10166.0,11,0,1,0,0.0
130948,0,0.275302678,53,0,0.24046994100000002,8000.0,8,0,1,0,1.0
130949,0,0.35891214899999996,65,0,0.642908224,12584.0,12,0,7,0,2.0
130951,0,0.045911068,68,0,0.80387186,4338.0,19,0,2,0,2.0
130953,1,0.547351615,58,1,0.5064384679999999,6134.0,12,1,1,0,1.0
130954,0,0.018112273999999998,60,0,1275.0,,8,0,1,0,0.0
130955,0,0.251883177,61,1,0.519248075,10000.0,12,0,2,0,0.0
130956,0,0.0,60,0,2359.0,,13,0,2,0,0.0
130957,0,0.6978000659999999,48,0,3.085571518,1600.0,7,0,2,0,2.0
130958,0,0.28702565399999996,37,0,0.34385688,3800.0,10,0,1,0,0.0
130960,1,0.7081311570000001,51,3,2463.0,,7,1,2,0,1.0
130961,0,0.23790845300000002,43,0,0.08936368800000001,30000.0,13,0,0,0,2.0
130963,0,0.026673956000000002,64,0,0.433727594,8200.0,9,0,2,0,0.0
130966,1,0.0,47,2,0.837223043,3384.0,4,1,1,1,3.0
130970,0,0.082783443,30,0,0.049981488,2700.0,3,0,0,0,0.0
130971,0,0.073388451,43,0,0.186101737,8000.0,6,0,1,0,0.0
130972,0,0.065209753,64,0,0.19582699399999998,4600.0,13,0,1,0,0.0
130974,0,0.354881706,72,0,0.298233922,3000.0,4,0,1,0,0.0
130975,0,0.075682549,58,0,0.239862238,9000.0,9,0,2,0,1.0
130976,0,0.022729548,76,0,0.0054510769999999995,3668.0,2,0,0,0,0.0
130978,0,0.0,63,0,0.152019992,2400.0,10,0,0,0,0.0
130979,0,0.9999998999999999,62,1,0.134017833,3700.0,1,1,1,0,2.0
130980,0,0.038126572000000004,33,0,0.003922473,4333.0,4,0,0,0,0.0
130981,0,0.005194468,29,0,0.29837702899999996,800.0,9,0,0,0,0.0
130982,0,0.199129079,27,0,0.308633583,1470.0,9,0,0,0,0.0
130983,0,0.07089340599999999,68,0,0.014373203000000001,8000.0,11,0,1,0,0.0
130984,1,0.471698113,53,0,13.0,,5,0,0,0,0.0
130987,1,0.9999998999999999,34,1,0.282810341,5066.0,4,0,1,0,3.0
130988,0,0.012659475,38,0,0.43270053,5846.0,10,0,2,0,0.0
130989,0,0.545009173,49,0,0.419951818,9131.0,10,0,2,0,1.0
130990,0,0.26252166600000004,57,0,0.019664482,9000.0,2,0,0,0,0.0
130992,0,0.006221991999999999,47,0,0.157200389,7200.0,8,0,1,0,2.0
130995,0,0.066361123,67,0,281.0,,7,0,1,0,0.0
130996,0,0.548401186,37,0,0.340690979,4167.0,8,0,0,0,0.0
130997,0,0.204302625,59,0,0.633316532,3967.0,5,0,1,0,1.0
131001,0,0.0,67,0,0.22034514100000002,5504.0,14,0,1,0,0.0
131002,0,0.227731911,69,0,0.655825703,3166.0,8,0,1,0,0.0
131003,0,0.065316391,55,0,0.32110395,6050.0,8,0,1,0,2.0
131004,0,0.032847247,63,0,0.881271543,2610.0,10,0,2,0,1.0
131005,0,0.178612419,42,0,0.9777555609999999,4000.0,8,0,2,0,4.0
131006,0,0.42067006,33,0,1.321824104,1534.0,8,0,0,0,0.0
131007,0,1.03449655,54,0,0.27660519899999997,4500.0,4,1,0,0,0.0
131009,0,0.036739265,50,0,0.14386542800000002,8500.0,9,0,1,0,2.0
131010,0,0.009255383,52,0,0.120887911,10000.0,10,0,1,0,1.0
131011,0,0.251815138,46,0,5362.0,,4,0,2,0,0.0
131012,0,0.019196807,63,0,0.13290263,2166.0,8,0,0,0,0.0
131013,0,0.24438326300000002,43,8,0.254182666,14583.0,14,0,3,0,2.0
131014,0,0.729211798,48,0,0.39333895399999996,2371.0,4,0,1,0,2.0
131015,0,0.052623363,56,0,0.074168798,4300.0,7,0,0,0,2.0
131017,0,0.07923825400000001,63,0,2112.0,,7,0,1,0,0.0
131018,0,0.028351025,58,0,0.206003485,12625.0,9,0,1,0,0.0
131019,0,0.006665811999999999,58,0,0.355405066,3986.0,6,0,2,0,2.0
131020,0,0.065575496,67,0,0.283549445,6400.0,7,0,2,0,1.0
131021,0,0.141930792,34,1,0.13679424,5277.0,6,0,0,0,1.0
131022,0,0.050966642,71,0,0.245162485,10800.0,17,0,1,0,1.0
131026,0,0.035568427,45,0,0.46622719,10466.0,12,0,3,0,2.0
131027,0,0.9999998999999999,49,0,0.360585505,2800.0,1,0,1,0,2.0
131028,0,0.452920735,48,0,0.516775646,9328.0,12,0,3,0,0.0
131029,0,0.17580783600000002,60,0,0.198255619,2980.0,5,0,0,0,1.0
131030,1,0.0,29,1,0.040060469,3968.0,1,2,0,0,1.0
131031,0,0.934604905,48,0,0.15923963900000002,3208.0,4,0,0,0,0.0
131032,0,0.402691819,50,0,0.365570254,11187.0,11,0,2,0,0.0
131033,0,0.9999998999999999,26,0,0.36167341399999997,740.0,1,0,0,0,0.0
131034,0,0.11850848300000001,53,0,0.18737394100000002,4957.0,7,0,1,0,2.0
131036,0,0.0,42,0,0.0,3794.0,4,0,0,0,0.0
131037,0,0.19891120199999998,53,0,0.286042427,7400.0,18,0,1,1,0.0
131039,0,0.14213879599999998,55,0,0.592163135,2500.0,6,0,2,0,0.0
131040,0,0.19886257100000002,44,0,0.388161184,10000.0,7,0,3,0,1.0
131041,0,0.006882218000000001,48,0,0.390514905,3689.0,10,0,1,0,2.0
131042,0,0.08847638099999999,62,0,4536.0,,9,0,2,0,0.0
131043,0,0.032018796,59,0,0.032049207,9266.0,8,0,1,0,0.0
131044,0,1.21756487,46,0,0.071171,5268.0,2,0,0,0,1.0
131046,0,0.004781839,72,0,0.077728104,9841.0,18,0,1,0,0.0
131047,0,0.0013999070000000001,31,0,0.012818886000000002,7878.0,3,0,0,0,2.0
131049,0,0.061288345999999994,78,0,0.012166488999999999,4684.0,4,0,0,0,1.0
131050,0,0.004838398,32,0,0.034982509,2000.0,2,0,0,0,0.0
131051,0,0.331056162,46,0,0.333333333,3533.0,7,0,1,0,0.0
131052,0,0.004950932,60,0,0.132350752,13433.0,9,0,1,0,1.0
131053,0,0.9999998999999999,54,0,0.138381549,7500.0,4,0,0,1,2.0
131054,0,0.030277064,40,0,3.0,,4,0,0,0,0.0
131056,0,0.019813343,63,0,0.323261497,4500.0,13,0,1,0,0.0
131057,0,0.04405331,53,0,0.491358377,7000.0,13,0,2,0,1.0
131058,0,0.9999998999999999,31,0,0.417461694,3458.0,5,0,1,0,0.0
131059,0,0.733605533,41,1,0.316357819,7500.0,12,0,2,0,3.0
131061,0,0.346910206,69,0,3010.0,,13,0,4,0,0.0
131062,0,0.136660159,78,0,0.012141123,7000.0,3,0,0,0,1.0
131065,0,0.086348665,67,0,2450.0,,4,0,1,0,
131066,0,0.07349485900000001,49,0,0.235454369,15416.0,10,0,1,0,2.0
131067,1,1.263868066,51,2,0.081679742,6500.0,7,0,0,1,0.0
131068,0,0.9999998999999999,57,0,1497.0,,7,0,1,0,0.0
131069,0,0.030337601000000002,82,0,0.410119667,7687.0,6,0,2,0,0.0
131070,0,0.810625536,37,0,1655.0,,7,0,1,0,0.0
131071,0,0.182012984,62,0,0.415605309,7458.0,8,0,1,0,1.0
131075,1,0.9999998999999999,36,2,0.21151868399999998,2916.0,7,1,0,0,0.0
131076,0,0.414732593,42,1,0.25436793399999996,5837.0,4,0,1,1,1.0
131078,1,0.696756974,57,0,1.40399556,900.0,15,0,0,5,0.0
131079,0,0.9190159170000001,41,0,0.38795566200000003,8750.0,7,0,2,0,1.0
131080,0,0.125023777,69,2,0.942993583,6700.0,6,0,2,0,0.0
131081,0,0.88027993,37,0,0.6647798739999999,1589.0,6,0,0,0,1.0
131082,0,0.45230953799999996,67,0,0.255436141,4000.0,4,0,1,0,0.0
131086,0,0.038390651,46,0,0.655768711,3700.0,8,0,2,0,2.0
131088,0,0.032430387000000005,69,0,0.164378083,7500.0,13,0,2,0,0.0
131089,0,0.050220972,76,0,0.008878128,3716.0,4,0,0,0,0.0
131090,0,0.413566915,54,0,1.139400316,1900.0,5,0,2,0,0.0
131091,0,0.21948054399999997,54,0,3342.0,,17,0,2,0,
131092,0,0.014998333999999999,52,1,489.0,,2,0,1,0,0.0
131093,0,0.0,49,0,0.246490122,11894.0,7,0,2,0,2.0
131094,0,0.09447054699999999,55,0,429.0,,10,0,0,0,0.0
131095,0,0.191146567,56,0,0.507497501,3000.0,14,0,1,0,0.0
131096,0,0.323971831,57,0,0.76834716,4700.0,21,0,2,0,1.0
131097,0,0.0,40,0,0.041234168,10500.0,7,0,0,0,0.0
131098,0,0.9999998999999999,72,0,0.0,,3,0,0,0,
131101,0,0.552798812,42,0,0.269450064,5436.0,4,1,0,1,4.0
131102,0,0.04621108,51,0,0.114222144,40000.0,11,0,2,0,2.0
131103,0,0.031365089,42,0,254.0,0.0,5,0,1,0,0.0
131104,0,0.993737172,52,0,0.53470437,3500.0,6,0,1,0,0.0
131105,0,0.017692213999999998,56,0,0.040725422000000004,22000.0,14,0,1,0,1.0
131107,0,0.0,62,0,0.117153139,2500.0,13,0,0,0,0.0
131108,0,0.052175752,78,0,0.054111032999999996,5691.0,11,0,1,0,0.0
131109,0,0.9999998999999999,71,1,0.12804344,5708.0,2,0,0,0,0.0
131112,0,0.455059421,43,0,2330.0,,7,0,1,0,1.0
131113,0,0.16288371199999999,47,0,0.277897768,4166.0,5,0,1,0,3.0
131114,0,0.014362983999999999,38,0,0.29813614899999996,12500.0,6,0,2,0,3.0
131115,0,0.0,36,0,0.134484325,2200.0,5,0,0,0,0.0
131116,0,0.8991648870000001,67,2,0.35400873,13058.0,7,0,1,0,0.0
131117,0,0.180091444,61,0,0.19950306,16500.0,17,0,1,0,0.0
131118,0,0.241409712,37,0,0.191080857,22916.0,9,0,2,0,3.0
131119,0,0.410524457,69,0,0.819932289,4725.0,13,0,2,0,0.0
131121,0,0.0,83,0,0.0,,4,0,0,0,0.0
131122,0,0.04256589400000001,44,0,0.016778523,2383.0,4,0,0,0,0.0
131123,0,0.037882985,56,0,3044.0,,20,0,2,0,3.0
131124,0,0.243981355,60,0,0.300925926,8423.0,16,0,1,1,1.0
131125,0,0.42438582799999996,67,0,0.337415646,4000.0,10,0,1,0,0.0
131126,0,0.263898888,57,0,0.21647207300000001,6337.0,4,0,2,0,0.0
131128,0,0.0,32,0,0.238415689,5200.0,4,0,1,0,2.0
131130,0,0.00039999,76,0,1312.0,,12,0,1,0,0.0
131131,0,0.472386281,39,0,0.129210891,2166.0,6,0,0,0,1.0
131133,0,0.45508708200000003,47,0,0.403967102,6200.0,9,0,1,0,0.0
131135,0,0.9554875979999999,37,2,0.206211034,8500.0,8,0,0,0,3.0
131137,0,0.72869415,29,0,0.025071555,27600.0,5,0,0,0,0.0
131138,0,0.033652096,43,0,1052.0,,13,0,1,0,0.0
131139,0,0.691221813,60,0,0.367512044,11000.0,8,0,1,0,0.0
131141,0,0.067165567,62,0,0.160070457,18166.0,11,0,3,0,0.0
131142,0,0.9287049829999999,33,0,342.0,,1,0,0,0,0.0
131144,0,0.5179568370000001,63,0,1.115295926,1300.0,6,0,0,0,0.0
131145,0,0.498926005,28,0,0.199468085,3383.0,9,1,0,0,0.0
131146,0,0.0,45,1,0.07595206,14100.0,4,0,1,0,0.0
131147,0,0.018630925,49,1,2088.0,,7,0,1,0,0.0
131148,0,0.11834439599999999,53,3,0.40785955100000004,8600.0,15,0,1,0,0.0
131150,0,0.043473112,52,0,9616.0,,20,0,9,0,1.0
131151,0,0.9999998999999999,50,0,693.0,,3,0,0,1,1.0
131153,0,0.14704016,72,0,1791.0,,18,0,2,0,0.0
131154,0,0.687593097,51,1,0.566857752,7500.0,11,0,1,0,3.0
131155,0,0.647626249,48,0,5305.0,,18,0,1,0,1.0
131159,0,0.000839682,49,0,3050.0,,14,0,2,0,0.0
131160,1,0.9999998999999999,31,1,0.294856601,4218.0,4,1,0,0,2.0
131162,0,0.041304408,41,0,0.41196768899999997,12750.0,17,0,3,1,2.0
131163,0,0.827417258,66,2,1.063341251,2525.0,7,0,2,0,0.0
131165,0,0.031913292,71,0,44.0,,5,0,0,0,0.0
131166,0,0.36582879100000004,33,0,0.42229814200000004,12000.0,8,0,2,0,3.0
131168,0,0.458751375,40,0,0.193940303,20000.0,8,0,1,0,0.0
131171,0,0.0,31,0,0.550362409,4000.0,13,0,2,0,0.0
131173,0,0.0,27,0,0.154241645,3500.0,4,0,0,0,0.0
131174,0,0.750047197,27,0,0.187603763,3613.0,7,0,0,0,0.0
131177,0,0.9999998999999999,29,0,0.001841621,3800.0,1,2,0,0,3.0
131179,0,0.41986466100000003,61,1,0.45276246600000003,7800.0,12,0,2,0,1.0
131182,0,0.093952497,66,0,1791.0,,13,0,2,0,0.0
131183,0,0.037240646,66,0,0.45384826100000003,3650.0,5,0,2,0,0.0
131184,1,0.509543935,50,2,0.304690778,11916.0,11,0,3,2,2.0
131185,0,0.912985376,45,0,4517.0,,22,0,1,0,0.0
131186,0,0.9999998999999999,34,5,0.66442465,5500.0,8,0,2,1,0.0
131187,0,0.381035435,72,1,1.540918164,1001.0,13,0,0,0,0.0
131188,0,0.426271093,42,0,0.471141375,3083.0,9,0,0,0,1.0
131190,0,0.093178283,79,0,0.48022517299999995,6927.0,5,0,1,0,0.0
131191,0,0.133592557,33,0,0.089370177,4016.0,5,0,0,0,2.0
131194,0,0.113312127,47,0,4082.0,,7,0,2,0,0.0
131197,0,0.717964102,42,0,0.509790371,4340.0,9,0,1,0,2.0
131198,0,0.0,67,0,2595.0,,7,0,1,0,0.0
131199,0,0.080369977,63,0,0.005364201,7083.0,5,0,0,0,0.0
131200,0,0.182890855,31,1,0.184163167,5000.0,8,0,0,0,0.0
131202,0,0.00352768,59,0,0.291505157,15220.0,9,0,2,0,1.0
131204,0,0.059997842,49,0,2454.0,,4,0,1,0,0.0
131206,0,0.324916145,25,0,0.10951413800000001,6400.0,7,0,0,0,1.0
131210,0,0.173047098,52,0,0.41199793100000004,5800.0,12,0,2,0,1.0
131211,0,0.0,25,0,0.25940028600000004,2100.0,6,0,0,0,0.0
131212,0,0.000505701,51,1,2486.0,,8,0,1,0,0.0
131214,0,0.603274795,35,0,0.231015188,1250.0,1,0,0,0,0.0
131215,0,2012.0,47,2,0.324319484,5583.0,7,0,1,0,0.0
131216,0,0.9999998999999999,53,2,0.040658049,4254.0,3,0,0,0,3.0
131218,0,0.21321474399999998,52,0,0.451493985,5153.0,9,0,1,0,0.0
131222,0,0.273926141,50,0,1.0119988290000002,3416.0,20,0,1,0,3.0
131223,0,0.832473027,55,2,0.559254986,18200.0,12,0,3,0,1.0
131224,0,0.092190781,58,0,2218.0,,6,0,1,0,2.0
131226,0,0.49967476,66,0,0.22491471600000001,8500.0,11,0,0,0,0.0
131228,0,0.27824453899999996,55,0,0.420881293,8600.0,10,0,1,0,0.0
131229,0,0.088319648,54,0,0.222308632,9000.0,9,0,0,0,0.0
131230,0,0.113289156,70,0,0.52073963,2000.0,10,0,1,0,0.0
131232,0,0.9999998999999999,28,0,0.0,,0,3,0,0,
131233,0,0.341317365,32,2,0.5179463879999999,2200.0,7,1,0,1,2.0
131234,0,0.740711283,54,0,0.08538109099999999,2400.0,2,0,0,0,0.0
131235,0,0.455400054,45,1,0.321740067,9286.0,10,0,2,0,2.0
131237,0,0.00032383,57,0,0.30988000600000004,12833.0,13,0,2,0,2.0
131238,0,0.78243513,58,0,2472.0,,6,0,2,0,0.0
131240,0,0.179735022,34,0,0.50059976,2500.0,7,0,1,0,2.0
131242,1,0.9999998999999999,58,0,0.527492765,3800.0,4,0,2,0,3.0
131243,0,0.150276217,46,0,0.361704787,8000.0,11,0,2,1,4.0
131244,0,0.009514896,66,0,1735.0,,6,0,1,0,
131245,0,0.5082950479999999,26,0,0.109556178,2500.0,3,0,0,0,0.0
131246,0,0.029438457999999997,48,0,0.361862102,6250.0,15,0,2,0,0.0
131247,0,0.095875191,47,0,0.578357803,9194.0,10,0,3,0,1.0
131249,1,0.9999998999999999,47,1,0.08251601900000001,7646.0,1,0,0,0,0.0
131250,0,0.205264912,23,0,0.021924482000000002,820.0,4,0,0,0,0.0
131251,0,0.17951273199999998,64,0,0.257778902,3952.0,7,0,1,0,0.0
131252,0,0.010633699,76,0,0.0022950139999999997,4792.0,3,0,0,0,0.0
131253,0,0.011173816000000001,72,0,1562.0,,13,0,1,0,0.0
131254,0,0.183080102,78,0,1.269992838,4188.0,16,0,2,0,0.0
131255,0,0.03848263,63,0,1533.0,0.0,11,0,1,0,0.0
131257,1,0.062843737,84,0,448.0,,6,0,0,0,0.0
131258,0,0.034508415,76,0,0.035240202000000005,12655.0,9,0,0,0,1.0
131260,0,0.364826941,63,0,6.052164262000001,900.0,7,0,2,1,0.0
131261,0,0.95461713,47,2,0.510854151,9166.0,11,0,1,0,0.0
131262,0,0.0,48,0,0.328289122,5616.0,12,0,1,0,0.0
131264,0,0.001672666,65,0,0.000161264,6200.0,4,0,0,0,1.0
131266,0,0.0179596,52,0,0.24957145100000003,12833.0,9,0,1,0,2.0
131267,0,0.668744375,34,0,0.23315336899999997,5000.0,7,0,0,0,0.0
131268,0,0.06471050099999999,67,0,0.330113918,8075.0,16,0,2,0,0.0
131269,0,0.0024970739999999997,39,0,0.18392504899999998,6083.0,8,0,1,0,2.0
131272,0,0.044663642999999996,69,0,1767.0,,24,0,1,0,0.0
131273,0,0.39501908700000005,44,0,0.330279232,4583.0,8,0,1,0,0.0
131274,0,0.9999998999999999,39,1,0.159210197,4000.0,1,0,0,0,0.0
131275,0,0.047993441,64,0,0.016163973,6000.0,8,0,0,0,0.0
131277,1,0.8055342040000001,57,0,0.34227077100000003,3020.0,13,1,1,0,0.0
131280,0,0.182272695,44,0,0.41278675200000003,7366.0,7,0,1,0,0.0
131281,0,0.561534266,53,0,0.09848968300000001,4700.0,3,0,0,0,1.0
131283,0,0.007043929,61,0,0.319177115,11325.0,10,0,2,0,0.0
131285,0,0.054247825,37,0,0.31028162,6000.0,7,0,1,0,1.0
131286,0,0.08952507,64,0,1.05439756,5900.0,7,0,4,0,0.0
131288,1,0.976003692,31,2,0.644055694,2800.0,2,1,1,0,1.0
131289,0,0.250764095,47,0,0.49646708799999995,5377.0,14,0,1,0,3.0
131290,0,0.135926347,70,0,0.24136276399999998,6251.0,7,0,2,1,0.0
131291,0,0.037877822,87,0,17.0,,4,0,0,0,0.0
131292,0,1.056381343,44,1,0.134394669,2700.0,3,0,0,0,0.0
131293,0,0.335948316,53,0,1.030648079,9396.0,7,0,2,0,0.0
131294,0,0.013297401,50,0,0.45939102,16190.0,11,0,4,0,0.0
131297,0,0.073332508,67,0,1068.0,,16,0,1,0,0.0
131301,0,1.048048882,49,0,0.097759674,5400.0,2,0,0,0,0.0
131303,0,0.9999998999999999,64,1,0.0,,0,0,0,2,0.0
131305,1,0.9999998999999999,37,0,32.0,,0,0,0,0,1.0
131307,0,2.523099713,33,0,0.20113558199999998,5811.0,8,0,0,0,0.0
131308,0,0.027366756000000002,49,1,0.30847740100000004,4800.0,13,0,2,0,2.0
131309,0,0.775248798,41,0,0.579719964,13283.0,9,0,4,0,1.0
131310,1,1.1149680640000001,30,4,0.320020837,5758.0,8,2,2,0,0.0
131311,0,0.376400605,40,0,0.416574095,4500.0,10,0,2,0,4.0
131312,0,0.164278574,41,0,0.22659113600000003,3000.0,6,0,0,0,0.0
131313,0,0.014533861,55,1,0.51399286,17365.0,21,0,6,0,0.0
131314,0,0.644369301,57,0,0.992228894,5661.0,11,0,2,0,0.0
131315,0,0.0074362280000000005,70,0,0.6933598609999999,16083.0,14,0,8,0,0.0
131316,0,0.24002685399999998,31,0,0.057029927,3541.0,9,0,0,0,0.0
131320,0,0.024729546,78,0,60.0,0.0,5,0,0,0,0.0
131321,0,0.12054885800000001,53,0,604.0,,3,0,1,0,0.0
131322,0,0.234316286,40,0,0.22669568399999998,8270.0,7,0,1,0,3.0
131323,0,0.169062739,45,0,0.312421895,4000.0,13,0,0,0,0.0
131325,0,0.312479399,71,0,1.059274059,3002.0,14,0,1,0,0.0
131326,1,0.9999998999999999,70,2,1228.0,,6,0,0,2,0.0
131329,0,0.026931381,65,0,0.7350449290000001,3894.0,9,0,3,0,1.0
131330,0,0.0,81,0,0.0,8333.0,4,0,0,0,0.0
131331,0,0.9871052140000001,52,0,0.472160356,3591.0,19,0,0,0,1.0
131332,0,0.000267107,88,0,0.0,9433.0,8,0,0,0,0.0
131333,0,0.25445433,49,0,0.28348909699999997,9950.0,17,0,2,0,2.0
131334,0,0.048555232000000004,63,0,70.0,,8,0,0,0,0.0
131336,0,0.184664793,48,0,0.32043110399999997,17257.0,17,0,2,0,1.0
131337,0,1.0669330670000001,71,0,116.0,,6,0,0,0,0.0
131338,0,0.0,51,0,4594.0,0.0,18,0,2,0,4.0
131341,0,0.10233132699999999,59,0,0.131292931,11500.0,7,0,1,0,3.0
131342,0,0.41210996899999996,31,0,0.387447604,8826.0,13,0,3,0,0.0
131345,0,0.10324338400000001,39,0,0.377693846,4500.0,10,0,1,0,0.0
131346,0,0.8990100990000001,45,0,0.456622058,4333.0,4,0,1,0,0.0
131347,1,1.93625498,39,0,1.184538653,400.0,2,0,0,3,2.0
131348,0,0.63375575,53,0,1.56579678,1800.0,8,0,1,0,0.0
131351,0,0.649837809,47,0,0.438150771,2400.0,5,0,1,0,3.0
131352,0,0.12305446099999999,56,0,0.224706971,6483.0,6,0,1,0,2.0
131353,0,0.014635163,76,0,0.00622084,4500.0,6,0,0,0,2.0
131354,0,0.011681287,64,0,2066.0,,5,0,2,0,0.0
131356,0,0.26047497399999997,43,0,0.40555555600000004,6299.0,6,0,1,0,1.0
131357,0,0.36214682,69,1,0.984354628,2300.0,11,0,1,0,1.0
131358,0,0.089291071,26,0,0.665042631,820.0,3,0,0,0,0.0
131359,1,0.657237937,43,0,0.542372881,5958.0,5,0,1,0,4.0
131360,0,0.049665892999999996,57,0,1.042168675,2157.0,6,0,2,0,0.0
131361,0,0.612793485,50,0,0.23822427699999998,12546.0,9,0,1,0,5.0
131364,0,0.0,43,0,0.080783843,5000.0,2,0,0,0,2.0
131365,0,0.332956482,41,0,0.784588695,6916.0,12,0,5,0,0.0
131366,0,0.005794031999999999,45,0,0.0018330279999999998,6000.0,7,0,0,0,0.0
131367,0,0.0,44,0,1117.0,,4,0,1,0,0.0
131368,0,0.41666435799999996,46,0,0.660667866,5000.0,9,0,1,0,1.0
131369,0,0.009982676,73,0,0.16971982800000002,3711.0,6,0,1,0,0.0
131371,0,0.009389671,36,0,3851.0,,17,0,2,0,1.0
131372,0,0.0,74,0,0.101632789,3000.0,9,0,0,0,0.0
131373,0,0.045739664000000006,85,0,29.0,,2,0,0,0,0.0
131375,0,0.033956724,77,0,0.040834057,1150.0,5,0,0,0,0.0
131376,0,0.5813794210000001,54,0,0.44510046700000006,10500.0,8,0,2,0,2.0
131377,0,0.25566146,78,0,0.07926684099999999,4200.0,8,0,0,0,0.0
131379,0,0.040037646,81,0,0.007690336,3900.0,4,0,0,0,0.0
131380,0,0.058901002,38,0,0.227161167,11000.0,13,0,2,0,3.0
131381,0,4.794003331,44,2,361.0,,5,1,0,2,0.0
131382,0,0.013905281,73,0,666.0,,5,0,1,0,0.0
131383,0,0.807038592,29,0,0.828690808,1435.0,7,0,0,0,0.0
131384,0,0.9999998999999999,47,0,0.139912555,1600.0,1,0,0,0,0.0
131385,0,0.001999956,77,0,0.00059988,5000.0,8,0,0,0,0.0
131387,0,0.000954502,75,0,0.0,,1,0,0,0,
131388,0,0.042873229000000006,55,0,0.587140675,7200.0,7,0,1,0,1.0
131389,0,0.170506093,42,0,10.34730539,500.0,13,0,2,0,1.0
131393,0,0.00081078,67,0,325.0,1.0,6,0,1,0,0.0
131394,0,0.0050899840000000005,26,0,399.0,,3,0,0,0,0.0
131395,0,1.0911816029999999,70,0,0.76124422,4757.0,14,0,2,0,1.0
131396,1,0.8503853709999999,39,0,0.22546196300000002,8333.0,14,0,0,0,4.0
131398,0,0.0,34,0,0.39788631799999996,3500.0,7,0,1,0,3.0
131399,0,0.520246863,64,0,0.438309647,7950.0,14,0,2,0,0.0
131402,0,0.015982595,31,0,0.546920348,3100.0,3,0,1,0,1.0
131403,0,0.151193969,58,0,2441.0,,20,0,2,0,0.0
131404,0,0.9999998999999999,52,4,0.309214904,6011.0,12,0,1,0,1.0
131407,0,0.0,73,0,1098.0,,9,0,1,1,0.0
131408,0,0.044490213,32,0,0.206753391,7225.0,13,0,1,0,3.0
131409,0,0.022078234,27,0,0.001166472,6000.0,4,0,0,0,0.0
131410,0,0.011266106000000001,55,0,2538.0,,10,0,2,0,2.0
131411,0,0.060494001,62,0,0.445043356,8533.0,19,0,2,0,0.0
131412,0,0.11884128199999999,38,0,2.06993007,1000.0,9,0,2,0,2.0
131413,0,0.0,32,0,0.0,1400.0,2,0,0,0,0.0
131417,0,0.0,61,0,0.342194956,4400.0,6,0,1,0,1.0
131419,0,0.093116252,41,0,0.416512403,2700.0,8,0,1,0,2.0
131422,0,0.0043898999999999995,73,0,1636.0,,4,0,1,0,0.0
131423,0,0.9462048009999999,46,5,0.742336549,4664.0,14,2,1,1,2.0
131424,0,0.205528039,75,0,0.793826048,4437.0,10,0,5,0,0.0
131425,0,0.0,67,0,1.087251518,8400.0,6,0,2,0,0.0
131426,0,0.071856287,26,0,0.00023004400000000002,4346.0,1,0,0,0,0.0
131427,0,0.049901627999999996,60,0,0.271045521,4810.0,8,0,1,0,1.0
131428,0,0.473182238,51,0,0.160683932,10000.0,6,0,1,0,0.0
131429,0,0.604381293,46,0,0.31292719199999997,10094.0,6,0,1,0,5.0
131430,0,0.97005988,36,1,0.154422789,2000.0,4,0,0,0,2.0
131431,0,0.438228314,55,0,0.6534947720000001,9084.0,6,0,2,0,0.0
131432,0,0.298540292,39,0,0.221660041,8300.0,5,0,1,0,1.0
131433,0,0.72384777,61,0,0.45158376899999997,15500.0,13,0,2,0,2.0
131435,0,0.725315288,52,1,0.016424661,4200.0,7,0,0,0,0.0
131436,0,0.0,62,0,374.0,,4,0,0,0,0.0
131437,0,0.06876704,24,0,0.003426613,1750.0,2,0,0,0,0.0
131440,0,0.51918104,35,0,0.458725004,5850.0,7,0,2,0,3.0
131441,0,0.805365498,48,0,8100.0,,15,0,3,0,0.0
131442,0,0.02221821,49,0,0.574737375,7900.0,11,0,2,0,2.0
131443,0,0.39966452700000005,51,0,0.378578426,9186.0,8,0,1,0,0.0
131444,1,0.908997811,45,0,1.4195160969999998,5000.0,13,0,3,0,1.0
131446,0,0.824058647,54,0,0.301849075,2000.0,7,0,0,0,0.0
131447,0,0.180748015,55,0,839.0,0.0,17,0,0,0,0.0
131448,0,0.48713446,48,0,0.660788947,5500.0,6,0,1,0,0.0
131450,0,0.090520361,72,0,2928.0,,5,0,1,0,0.0
131451,0,0.530551966,71,0,0.41231992100000003,4025.0,11,0,0,0,1.0
131453,0,0.357857129,65,1,0.145877975,17733.0,10,0,1,0,1.0
131454,0,0.9999998999999999,45,0,0.278498161,5166.0,6,0,1,0,0.0
131456,0,0.08248162099999999,50,0,1525.0,,10,0,1,0,3.0
131457,0,0.542599969,57,2,0.585950885,1750.0,10,0,0,1,0.0
131458,0,0.275424614,47,1,0.322167365,16000.0,9,0,3,0,3.0
131459,0,0.165946444,51,0,0.31564949600000003,7143.0,6,0,1,0,0.0
131460,0,0.006762908000000001,62,0,0.155834096,14200.0,9,0,3,0,1.0
131461,0,0.24232414600000002,52,0,2536.0,,12,0,1,0,2.0
131464,0,0.0062289680000000005,45,0,0.245124245,10100.0,16,0,2,0,0.0
131465,0,0.275506414,59,0,0.542850206,4118.0,9,0,1,0,0.0
131467,0,0.428162785,45,0,0.48994227700000004,5716.0,9,0,2,0,0.0
131469,0,0.803196803,45,0,0.36483858399999997,2570.0,4,0,0,0,0.0
131470,0,0.562770349,49,2,0.6837720759999999,3000.0,12,0,1,0,2.0
131471,0,0.011633788999999999,41,0,0.752428109,5250.0,12,0,4,0,0.0
131475,0,0.399410307,62,0,0.7521486,7213.0,21,0,2,0,0.0
131477,0,0.033823921,54,0,2879.0,,10,0,2,0,0.0
131478,0,0.9999998999999999,59,0,0.079509494,7583.0,1,0,0,1,0.0
131480,0,0.081683007,43,0,0.446626205,5601.0,8,0,2,0,1.0
131481,0,0.529282357,62,0,0.196881324,8400.0,4,0,1,0,0.0
131482,0,0.9999998999999999,60,0,0.068846558,6666.0,7,0,0,0,0.0
131483,0,0.4273082,52,0,3136.0,,13,0,3,0,2.0
131484,0,0.122375525,42,0,0.003482972,5167.0,2,0,0,0,1.0
131485,0,0.216681595,70,0,0.7439222040000001,1850.0,14,0,0,0,0.0
131486,0,0.41644253200000003,60,0,0.709290367,2916.0,14,0,0,0,0.0
131487,0,0.0,44,0,0.34933164899999997,9500.0,4,0,1,0,3.0
131489,0,0.080083629,77,0,32.0,,5,0,0,0,0.0
131490,0,0.053811528,55,0,0.01089891,10000.0,4,0,0,0,3.0
131491,0,0.265705696,52,0,0.100889594,14500.0,12,0,0,0,6.0
131492,0,0.040686976,38,0,0.25087491300000003,10000.0,13,0,2,0,2.0
131494,0,0.008749863,47,0,0.051102891,7298.0,6,0,0,0,4.0
131495,0,0.085767226,66,0,0.29936538,13708.0,20,0,1,0,2.0
131496,0,0.26349585,80,0,0.07622549,4079.0,3,0,0,0,0.0
131497,0,0.005546658,64,0,83.0,,3,0,0,0,0.0
131498,1,0.579001899,39,1,0.596089758,4500.0,6,0,2,0,2.0
131501,0,0.001028013,79,0,0.0,,6,0,0,0,0.0
131502,0,0.006389776,53,0,0.000587889,1700.0,5,0,0,0,0.0
131503,0,0.356665733,58,0,0.576789751,6634.0,4,0,1,0,1.0
131504,0,0.67265486,37,0,0.35843714600000004,5297.0,5,0,1,0,3.0
131505,0,0.03192602,94,0,0.051948052,1000.0,4,0,0,0,0.0
131506,0,0.0,44,0,1844.0,,6,0,2,0,0.0
131507,0,0.139279424,47,0,0.391663537,5325.0,9,0,2,0,0.0
131509,0,0.885324874,48,1,7.502617801,2100.0,5,0,1,0,1.0
131510,0,0.59346703,41,2,1.458819715,3083.0,7,0,3,0,2.0
131511,0,0.324962144,52,0,0.557562077,3100.0,6,0,1,0,3.0
131512,0,0.44324950799999996,66,0,0.37800234299999996,6827.0,5,0,1,0,0.0
131513,1,0.9999998999999999,30,0,0.0,2200.0,0,2,0,0,3.0
131515,0,0.021779891000000003,71,0,0.217524766,7166.0,7,0,1,0,0.0
131516,0,0.019999074,32,0,0.5734632679999999,1333.0,13,0,0,0,0.0
131517,0,0.010056161,76,0,0.369407648,4000.0,19,0,1,0,0.0
131518,0,0.17503020600000002,58,0,0.517812669,9234.0,30,0,3,0,2.0
131519,0,0.9916394040000001,31,0,0.31478087,6000.0,7,0,1,0,0.0
131520,0,0.006593646999999999,78,0,0.001733102,7500.0,10,0,0,0,0.0
131521,0,0.8850284270000001,44,0,0.407037185,2500.0,2,0,0,0,0.0
131523,0,0.118780598,45,2,0.279027494,4400.0,6,0,1,0,1.0
131524,0,0.162508566,32,0,0.35430335799999996,2590.0,9,0,0,0,0.0
131525,0,0.31726985399999996,36,0,0.050119332,2932.0,2,0,0,0,0.0
131526,0,0.24010132,41,0,0.187479187,3002.0,3,0,0,0,0.0
131528,0,0.24675324699999998,25,0,0.002964845,2360.0,1,0,0,0,0.0
131530,0,0.734519555,67,0,2.186078567,1450.0,7,0,1,0,0.0
131532,1,0.9999998999999999,42,0,0.0,5000.0,0,0,0,0,2.0
131533,0,0.0,47,0,1.737267968,2100.0,9,0,2,0,2.0
131535,0,0.104145755,63,0,0.331337325,500.0,10,0,0,0,0.0
131537,0,0.9999998999999999,46,0,0.144807613,2416.0,1,0,0,0,1.0
131538,1,0.270057665,74,1,0.524914005,10174.0,10,0,2,0,0.0
131539,0,0.255946919,64,0,1556.0,,6,0,0,0,0.0
131540,0,0.9999998999999999,24,0,0.140893471,3200.0,3,0,0,0,0.0
131541,1,0.77594089,51,0,0.9546623040000001,4278.0,13,0,1,0,2.0
131542,0,0.647021594,57,0,0.492104534,10828.0,10,0,3,0,1.0
131543,0,0.100375693,66,0,0.34447761200000004,1674.0,20,0,0,0,0.0
131544,1,0.9999998999999999,43,0,509.0,,4,0,0,0,4.0
131548,0,0.003427592,27,0,37.0,,2,0,0,0,1.0
131549,0,0.42086649,39,1,0.5075769410000001,6400.0,11,0,2,0,0.0
131550,0,0.081278565,77,0,0.026825632999999998,4025.0,12,0,0,0,0.0
131552,0,0.263143813,44,0,0.320533973,6666.0,11,0,2,0,3.0
131554,0,0.110336272,71,0,0.029451362999999998,5941.0,4,0,0,0,0.0
131555,0,0.103421569,77,0,0.358920223,6630.0,17,0,2,0,0.0
131558,0,0.6207020329999999,52,4,0.321444106,4597.0,6,0,0,1,1.0
131559,0,0.005214104000000001,56,0,0.43670356200000005,10750.0,11,0,3,0,0.0
131562,0,0.045832569000000004,79,0,0.12786339,2400.0,6,0,0,0,1.0
131563,0,0.0046183809999999995,52,0,0.185602618,5500.0,6,0,1,0,0.0
131564,0,0.0,87,0,0.431789737,3994.0,4,0,1,0,0.0
131566,0,0.82680866,41,1,0.45383315399999996,6508.0,8,0,1,1,2.0
131567,0,0.002861417,49,0,0.18473600399999998,8162.0,11,0,1,0,0.0
131569,0,0.5411306570000001,53,0,0.32388272100000004,17564.0,14,0,2,0,0.0
131570,0,0.469305054,31,1,0.26802749,9748.0,8,0,1,0,2.0
131571,0,0.012266258,74,0,10.0,,2,0,0,0,
131572,1,0.265926906,69,0,0.204829309,1200.0,7,0,0,0,0.0
131573,0,0.132106916,55,0,0.19548371,12000.0,4,0,1,0,2.0
131575,0,0.371729807,57,0,0.489450305,10805.0,12,0,1,0,0.0
131576,0,0.071853721,73,0,0.38940177299999995,5415.0,8,0,1,0,0.0
131578,0,0.273515099,29,0,0.752654591,1600.0,4,0,0,0,0.0
131579,0,0.41785273799999995,47,1,539.0,,4,0,0,0,0.0
131581,0,0.548222365,48,0,0.60610216,5833.0,8,0,1,0,2.0
131582,0,0.04006577,36,0,0.324100719,2779.0,8,0,0,0,1.0
131585,0,0.12671782199999998,59,0,262.0,,4,0,0,0,
131586,0,0.9999998999999999,44,0,0.0,,1,0,0,0,0.0
131587,0,0.83210715,26,0,0.21111555399999998,2500.0,5,0,0,0,0.0
131589,0,0.0,36,0,0.26213592199999997,4325.0,4,0,1,0,0.0
131590,0,0.093912754,66,0,0.408909195,3501.0,10,0,2,0,0.0
131591,0,0.092545402,76,0,0.28720123399999997,5187.0,6,0,2,0,1.0
131592,0,0.02808896,70,0,38.0,,4,0,0,0,
131593,0,0.074850014,28,2,1.821768707,734.0,4,0,1,1,0.0
131595,0,0.402301807,45,0,0.5339606,3400.0,9,0,3,0,1.0
131598,0,0.582045331,34,0,0.081007115,7307.0,5,0,0,0,2.0
131602,0,0.223638289,56,0,0.23195360899999998,5000.0,4,0,1,0,2.0
131604,0,0.49474494700000005,51,0,0.482866044,8666.0,23,0,3,0,0.0
131605,0,0.160447445,59,0,0.166417653,8700.0,7,0,1,0,2.0
131606,0,0.069546252,44,0,0.079168333,2500.0,7,0,0,0,2.0
131608,0,0.9999998999999999,30,0,298.0,,1,0,0,0,0.0
131609,0,0.9999998999999999,23,0,12.0,,0,0,0,0,
131612,0,0.161925255,50,0,0.348788638,9575.0,11,0,2,0,3.0
131613,0,0.08865822300000001,36,0,0.226616307,4500.0,4,0,2,0,0.0
131614,0,0.9999998999999999,46,1,0.09057869699999999,3576.0,2,1,0,1,2.0
131615,0,1.00039992,72,0,0.107066381,1400.0,1,1,0,0,0.0
131617,0,0.9999998999999999,79,0,0.0,,0,0,0,0,
131618,0,0.068096122,62,0,4162.0,,6,0,1,0,0.0
131619,1,0.0,50,3,0.711269123,9281.0,7,0,1,0,2.0
131620,0,0.128853461,74,0,0.18862491,4166.0,4,0,1,0,0.0
131621,0,0.14791977,56,0,0.32939621,11344.0,16,0,3,0,0.0
131623,0,0.163472755,68,0,0.167275524,5200.0,6,0,1,0,1.0
131624,0,0.17357799100000001,56,0,0.22116556899999998,4100.0,17,0,0,0,1.0
131625,0,0.9455054490000001,48,0,0.152711822,4000.0,4,0,0,1,0.0
131626,0,0.003999733,87,0,1.0,,4,0,0,0,0.0
131629,0,0.9690794290000001,48,0,0.431174314,9000.0,14,0,1,0,4.0
131630,0,0.046953047000000005,25,0,0.027720314,7250.0,5,0,0,0,0.0
131631,1,1.009840943,57,1,0.31874853,4250.0,4,5,0,0,1.0
131633,0,0.049955321,51,0,0.635379061,3600.0,10,0,2,0,1.0
131634,0,0.707858147,30,0,698.0,,7,0,0,0,0.0
131635,0,0.474262869,23,0,0.011336981999999999,2557.0,3,0,0,0,0.0
131636,0,0.024023857000000003,70,0,0.018397056000000002,6250.0,13,0,0,0,0.0
131637,0,0.9999998999999999,56,0,0.133297787,3750.0,4,0,0,0,0.0
131638,0,0.269440261,73,0,0.379828823,4322.0,15,0,0,0,1.0
131640,0,0.119539465,55,0,0.347124825,12833.0,22,0,3,0,1.0
131641,0,0.0,44,0,0.34939102,5500.0,6,0,1,0,0.0
131642,1,0.74768663,36,5,1.6736879690000002,2800.0,11,0,2,2,0.0
131644,0,0.15853968599999999,43,0,0.455997097,5510.0,11,0,1,0,1.0
131645,0,0.060529386,46,0,0.772556861,4000.0,6,0,2,0,2.0
131646,0,0.0,34,0,1478.0,,4,0,1,0,0.0
131647,0,0.039282207,38,0,0.300122785,5700.0,6,0,1,0,1.0
131648,0,0.544445235,38,0,0.671004907,4686.0,9,0,2,0,5.0
131649,0,0.231854714,67,0,0.18132151300000002,9700.0,10,0,1,0,1.0
131650,0,0.212893553,41,0,0.118631032,5200.0,5,0,0,0,0.0
131651,0,0.286559453,53,0,0.301361434,13000.0,5,0,1,0,0.0
131653,0,0.060333238,71,0,0.356214595,3000.0,15,0,0,0,0.0
131654,0,0.161306449,37,0,1244.0,,5,0,0,0,0.0
131655,0,0.9999998999999999,25,0,0.075960419,3435.0,1,0,0,0,0.0
131657,0,0.012874948999999998,54,0,0.6637345060000001,2500.0,13,0,2,0,0.0
131659,0,0.703027016,33,1,0.6569082470000001,2800.0,12,0,0,0,0.0
131662,0,0.05111846,40,0,0.28757911399999997,7583.0,9,0,1,0,1.0
131663,0,0.0,63,0,0.121364289,15333.0,6,0,1,0,0.0
131664,0,0.0,30,0,0.040123061,7800.0,5,0,0,0,3.0
131665,0,0.23148071,55,0,0.684239888,3584.0,11,0,1,0,2.0
131667,0,0.111722421,48,0,0.053476746,6600.0,5,0,1,0,2.0
131670,0,0.244791667,41,0,0.220235294,2124.0,5,0,0,0,0.0
131672,0,0.028855769,83,0,18.0,,2,0,0,0,1.0
131674,0,0.000661006,56,0,2000.0,,9,0,2,0,0.0
131675,0,0.930098289,37,0,0.214399153,1888.0,5,0,0,0,0.0
131676,0,0.581416814,43,0,0.471588069,6000.0,7,0,2,0,0.0
131677,0,0.319065258,36,0,0.225386858,4458.0,6,0,0,0,0.0
131678,0,0.9889149190000001,49,0,0.647597889,3600.0,6,0,1,0,2.0
131679,0,0.046232462,60,0,0.18011712600000002,7000.0,11,0,1,0,0.0
131682,0,0.014332856000000001,74,0,16.0,,6,0,0,0,0.0
131683,0,0.29796127899999997,27,0,0.364727055,5000.0,22,0,0,0,0.0
131685,0,0.14510852,30,0,0.24635073,5000.0,9,0,1,0,0.0
131687,0,0.154721165,45,0,585.0,,7,0,0,0,0.0
131688,0,1.212624585,36,1,0.356738769,3004.0,5,4,0,2,1.0
131690,0,0.503896252,57,0,1.00569886,3333.0,13,0,1,0,1.0
131691,0,0.592145127,73,0,0.49642459899999997,6292.0,6,0,1,0,0.0
131692,0,0.019660834,57,0,0.471783296,3100.0,11,0,1,0,0.0
131694,0,0.32460591899999997,61,0,0.390291515,7683.0,10,0,1,0,0.0
131695,0,0.241295836,46,0,0.425415871,11000.0,15,0,3,0,0.0
131696,0,0.751079242,41,0,0.306898502,7073.0,9,0,2,0,1.0
131697,0,0.027631501,74,0,14.0,,3,0,0,0,
131698,0,0.055958059000000004,55,0,0.06907161,13000.0,6,0,1,0,3.0
131699,0,0.319961366,36,0,991.0,,8,0,0,0,1.0
131700,0,0.0,52,0,0.0,8000.0,3,0,0,0,0.0
131701,0,0.7349790009999999,59,0,4388.0,,13,0,1,0,0.0
131703,0,0.8537937990000001,36,1,309.0,,6,0,0,0,
131704,0,0.41914107799999994,67,0,0.129860381,13321.0,9,0,1,0,0.0
131706,0,0.642027628,55,1,0.205286025,19333.0,15,0,1,0,0.0
131708,0,0.12727134199999998,45,0,0.03233107,3092.0,4,0,0,0,2.0
131710,0,0.036907927,45,0,0.449368101,6250.0,13,0,1,0,3.0
131711,0,0.091984669,48,0,1254.0,,7,0,1,0,2.0
131712,0,0.0,81,0,0.11327364699999999,7706.0,8,0,1,0,0.0
131714,0,0.553829079,42,0,0.178955261,4000.0,3,0,0,1,0.0
131715,1,0.9999998999999999,36,1,0.257020466,2100.0,6,0,0,0,1.0
131718,0,0.390915177,63,0,0.483451655,10000.0,18,0,3,0,0.0
131719,0,0.130786921,52,1,2727.0,,9,0,2,0,0.0
131722,0,0.022662051000000002,47,0,0.306360363,5832.0,9,0,2,0,4.0
131723,0,0.7703368359999999,48,0,0.386201725,8000.0,12,0,1,0,3.0
131726,1,1.005712654,23,1,1092.0,,7,0,0,0,0.0
131727,0,0.467713366,56,0,0.285045019,13660.0,15,0,2,0,1.0
131728,0,0.081182695,26,0,1.266666667,764.0,10,0,0,0,0.0
131730,0,0.9192820140000001,48,0,0.188023041,9200.0,10,0,2,0,0.0
131731,0,0.00469953,52,0,1552.0,,6,0,1,0,2.0
131732,0,0.0,83,0,0.10515793699999999,2500.0,7,0,0,0,0.0
131734,0,0.29651851100000004,57,0,3295.0,,13,0,1,0,2.0
131735,0,0.056828598,59,0,1649.0,,6,0,2,0,
131736,0,0.202216473,53,0,0.260416667,11807.0,11,0,2,1,1.0
131737,0,0.13874936599999999,46,0,0.476795005,4804.0,10,0,1,0,0.0
131738,0,0.109667435,36,0,0.22199613899999998,19166.0,15,0,2,0,0.0
131739,0,0.14151433900000002,64,0,0.021195761,5000.0,3,0,0,0,0.0
131740,0,0.059411597000000003,34,0,0.20786830399999998,3583.0,7,0,0,0,1.0
131741,0,0.002283264,66,0,0.004470479,6486.0,12,0,0,0,0.0
131742,0,0.883866468,46,0,0.8179925990000001,4323.0,7,0,1,0,3.0
131743,0,0.647391578,55,0,0.227554489,5000.0,5,0,0,0,1.0
131744,0,0.59045152,54,1,1267.0,0.0,7,0,1,0,1.0
131745,0,0.308379663,44,0,0.342818946,5235.0,7,0,2,0,3.0
131746,0,0.12623563699999998,65,0,0.427143214,4000.0,7,0,1,0,1.0
131747,0,0.971991849,52,2,0.8949487079999999,7700.0,15,0,7,0,0.0
131748,0,0.9999998999999999,74,0,0.0,,0,0,0,0,
131749,0,0.005573588000000001,80,0,5.0,,3,1,0,0,0.0
131751,0,0.025913903,78,0,0.012362637,2183.0,4,0,0,0,1.0
131752,0,0.04895913,90,0,82.0,,5,0,0,0,
131756,0,0.229829091,63,0,0.388001935,6200.0,9,0,1,0,0.0
131757,0,0.063672585,47,0,0.388079679,12700.0,25,1,3,0,3.0
131758,0,0.0,35,0,0.243718839,10228.0,4,0,1,0,3.0
131759,1,0.985061834,35,0,0.887100707,4100.0,8,0,3,0,3.0
131760,0,0.023165894,87,0,20.0,,1,0,0,0,0.0
131761,0,0.175782422,29,0,0.014419226,3744.0,4,0,0,0,0.0
131762,0,0.26812050600000004,62,0,0.313717598,12421.0,14,0,2,0,1.0
131763,0,0.14679147,45,1,0.367602945,11000.0,16,0,1,0,2.0
131764,0,0.9999998999999999,26,0,327.0,,1,0,0,0,0.0
131767,0,0.021554597999999998,66,0,1097.0,,4,0,1,0,0.0
131768,0,0.069881928,62,0,1838.0,,6,0,1,0,0.0
131770,0,0.57691005,50,0,0.377803171,7000.0,7,0,2,0,2.0
131771,0,0.11429619,42,0,0.312445837,15000.0,8,0,3,0,0.0
131772,0,0.100126743,52,7,1855.0,,20,1,1,1,3.0
131773,0,0.716635226,42,0,0.7629965340000001,3750.0,17,0,2,0,2.0
131774,0,0.034949785,57,0,0.382844244,4429.0,6,0,1,0,0.0
131775,0,0.8664277979999999,36,1,0.591552676,4166.0,9,0,1,0,1.0
131776,0,0.094392004,24,0,0.06406179,2200.0,3,0,0,0,0.0
131777,0,0.759280928,71,0,899.0,,5,0,1,0,0.0
131779,1,0.9999998999999999,59,2,0.055234087,1900.0,2,3,0,1,0.0
131780,0,0.282981135,34,0,0.172623639,11666.0,11,0,2,0,3.0
131784,0,0.096653899,54,1,0.19831564399999999,8667.0,9,0,2,0,0.0
131785,0,0.613910643,59,0,0.53605155,9000.0,6,0,1,0,1.0
131787,0,0.911398246,40,2,1058.0,,7,0,0,0,3.0
131788,0,0.132295879,67,0,0.078796796,6116.0,7,0,0,0,0.0
131791,0,0.013655023999999998,74,0,0.082608696,10119.0,14,0,1,0,0.0
131792,0,0.351712983,59,0,0.319335487,6500.0,6,0,1,0,0.0
131793,1,0.0,46,0,0.27783537199999997,4822.0,7,0,1,0,4.0
131795,0,0.494167056,50,0,0.331746334,5250.0,4,0,1,0,0.0
131796,0,0.007961079,65,0,0.630176107,2100.0,12,0,1,0,0.0
131798,0,0.045900101,71,0,2644.0,,5,0,1,0,
131800,0,0.006797509,29,0,3537.0,0.0,9,0,3,0,2.0
131801,0,0.72037829,43,1,0.46013833299999995,2746.0,4,0,1,0,0.0
131803,0,0.7821335340000001,36,1,4.0,500.0,14,0,0,1,0.0
131804,0,0.054710999,42,0,19.0,,3,0,0,0,0.0
131805,0,0.036680985,85,0,0.160294353,6250.0,12,0,2,0,0.0
131806,1,0.9999998999999999,67,4,0.605428705,8583.0,6,0,1,0,0.0
131807,0,0.063250193,45,0,0.088810469,6800.0,11,0,0,0,1.0
131808,0,0.19532184100000002,63,0,1980.0,,11,0,1,0,0.0
131809,0,0.0,40,0,2956.0,,12,0,1,0,1.0
131810,0,0.435507321,64,0,0.189903283,64000.0,18,0,2,0,1.0
131811,0,0.9999998999999999,26,0,0.30984507699999997,2000.0,3,0,0,0,0.0
131812,0,0.026289616000000002,73,0,0.487062405,1970.0,10,0,2,0,0.0
131813,0,0.07964062599999999,59,0,0.19372384899999998,4779.0,14,0,1,0,0.0
131814,0,0.259956674,62,0,0.201904265,7666.0,4,0,1,0,1.0
131815,0,1.126200987,41,2,0.083245075,4720.0,5,0,1,0,3.0
131818,1,1.027255833,39,1,0.9618104670000001,2827.0,8,1,1,1,0.0
131819,0,0.077784936,52,0,0.684993084,5783.0,11,0,5,0,0.0
131820,0,0.47601902700000004,40,0,1219.0,,9,0,0,0,3.0
131821,0,0.0,43,0,0.037403039,9410.0,3,0,0,0,0.0
131823,0,0.021850058999999998,53,0,0.28612952,8600.0,6,0,1,0,1.0
131824,0,0.9999998999999999,29,98,0.0,,0,98,0,98,0.0
131825,0,0.9999998999999999,53,0,0.0,,1,0,0,0,0.0
131827,0,0.020681348000000002,75,0,0.00359952,7500.0,3,0,0,0,1.0
131828,0,0.0,36,1,0.289401927,5500.0,6,0,1,0,1.0
131829,0,0.9711894409999999,48,0,0.07052393,7500.0,4,0,0,0,0.0
131830,0,0.268373297,63,0,0.21324373100000002,6100.0,11,0,0,0,1.0
131831,0,0.016666317,72,0,0.003598248,6391.0,2,0,0,0,0.0
131836,0,0.016344221000000003,41,0,0.006493506,2771.0,5,0,0,0,4.0
131839,0,0.724753607,43,0,0.31873814899999997,5800.0,4,0,2,0,4.0
131841,1,0.368712175,34,2,0.515596881,6667.0,11,0,2,0,2.0
131842,0,0.061099869,70,0,0.427797684,12000.0,17,0,2,0,0.0
131843,0,0.480231564,41,0,1.16713352,1070.0,8,0,1,0,1.0
131845,0,0.105220486,50,0,0.19209573300000002,6350.0,9,0,0,0,1.0
131846,0,0.9999998999999999,23,1,0.068931881,6150.0,4,1,0,0,0.0
131848,0,0.9999998999999999,64,1,0.417674151,6947.0,9,0,2,0,1.0
131850,0,0.9999998999999999,50,1,0.177332682,2046.0,2,0,0,0,0.0
131852,0,1.129368805,33,2,0.218890555,2667.0,4,0,0,1,1.0
131853,0,0.004949553,67,0,0.143285571,3000.0,9,0,0,0,0.0
131854,0,0.0,44,0,0.082087072,3008.0,4,0,0,0,2.0
131855,0,0.24568237899999998,46,0,1.4382583869999999,1400.0,11,0,1,0,0.0
131856,0,0.152258328,48,0,0.031193761,5000.0,4,0,0,0,1.0
131857,0,0.649172257,53,1,4390.0,,17,0,1,0,2.0
131858,0,0.038852711,40,0,0.342603859,5752.0,4,0,1,0,2.0
131859,0,0.0,80,1,0.0342711,1954.0,7,0,0,0,0.0
131860,0,0.22210826600000003,59,0,0.18062281,25400.0,10,0,1,0,1.0
131861,0,0.38366185,50,0,0.105089227,3025.0,6,0,0,0,0.0
131862,0,0.0,40,0,0.136351014,3600.0,4,0,0,0,0.0
131863,0,0.077096145,78,0,0.133547581,5600.0,2,0,1,0,0.0
131864,0,0.075414594,56,0,0.686530942,7416.0,20,0,2,0,0.0
131868,0,0.9999998999999999,68,0,0.468416735,2437.0,6,0,0,0,1.0
131869,0,0.29888845199999997,48,0,0.707390237,7333.0,11,0,1,0,2.0
131872,0,0.002960922,67,1,469.0,,5,0,2,0,
131873,0,0.960254968,53,0,0.36800680700000005,4700.0,6,0,0,0,1.0
131876,0,0.650582151,53,0,6096.0,,10,0,1,0,1.0
131877,0,0.790862992,72,0,0.522988506,4175.0,9,0,1,0,0.0
131878,0,0.619542804,75,0,0.58716597,5500.0,10,0,2,0,1.0
131879,0,0.024242996,74,0,7.0,,4,0,0,0,0.0
131880,0,0.8467737190000001,53,2,1.439100562,1600.0,8,0,1,1,0.0
131881,0,0.907163543,40,1,0.389689821,6866.0,11,0,1,0,2.0
131882,0,0.36790880600000003,60,0,0.239208222,13134.0,10,0,2,0,0.0
131883,0,0.001439971,69,0,0.21686966,5500.0,8,0,1,0,0.0
131885,1,0.9040213290000001,33,1,4749.0,,15,0,2,0,0.0
131886,0,0.005332978,30,0,1695.0,,7,0,1,0,0.0
131889,0,0.575293077,53,0,0.428503405,21000.0,10,0,2,0,2.0
131890,0,0.7088565,40,0,1.024195161,5000.0,11,0,2,0,0.0
131892,0,0.665922185,54,0,0.5910352,11533.0,14,0,2,0,1.0
131895,0,0.06940756,64,0,63.0,,3,0,0,0,1.0
131896,0,0.359542239,78,0,0.129374337,6600.0,7,0,1,0,1.0
131897,0,0.274979436,39,0,1.759367194,1200.0,10,0,1,0,0.0
131898,0,0.972654007,43,0,0.17120320000000003,9000.0,6,1,0,0,3.0
131899,0,0.927516474,47,0,0.9889240509999999,7583.0,9,0,6,0,3.0
131902,0,0.0,69,0,527.0,,13,0,1,0,0.0
131904,0,0.5911201070000001,45,0,0.450116953,9832.0,8,0,1,0,1.0
131905,0,0.028170023,53,0,0.282201993,13950.0,17,0,1,0,3.0
131906,0,0.009776202,48,1,0.346130774,5000.0,10,0,1,0,1.0
131907,0,0.047497625,46,0,0.9305425940000001,7500.0,11,0,1,0,2.0
131909,0,0.6011786339999999,57,1,0.35930529,6275.0,10,0,1,0,2.0
131910,0,0.12238848599999999,78,0,0.020395921,5000.0,12,0,0,0,1.0
131912,0,0.116858039,45,0,0.008228101,17500.0,2,0,0,0,0.0
131913,0,0.072428144,56,0,774.0,,6,0,1,0,0.0
131914,1,1.011191047,29,0,481.0,,4,1,0,0,3.0
131915,0,0.0,62,0,0.128482879,16616.0,8,0,2,0,0.0
131916,0,0.987432675,47,0,0.9924452840000001,9000.0,11,0,2,0,3.0
131917,0,0.058967192,70,0,0.098700186,7000.0,9,0,1,0,0.0
131918,0,0.257989912,48,0,0.575265459,1600.0,11,0,1,0,2.0
131920,0,0.295392133,68,0,0.624664879,2610.0,9,0,1,0,0.0
131922,0,0.14468804300000002,46,0,0.142530706,3500.0,8,0,0,0,3.0
131924,0,0.0,66,0,5050.0,,7,0,3,0,0.0
131925,0,0.370336884,37,0,2001.0,,11,0,1,0,0.0
131926,0,0.253946,53,2,1918.0,,16,0,2,0,0.0
131927,0,0.0,58,0,0.330160561,10400.0,11,0,2,0,2.0
131928,0,0.00701591,74,0,804.0,,10,0,2,0,0.0
131929,0,0.11759438900000001,30,2,1.696442688,1264.0,7,0,1,0,1.0
131930,0,0.069388979,56,0,0.137938645,4530.0,10,0,1,0,0.0
131933,0,0.914337651,48,1,0.42605156,1473.0,7,0,0,0,0.0
131934,0,0.126266675,45,0,0.21819797800000001,9000.0,9,0,1,0,4.0
131935,0,0.330162987,57,0,2959.0,,8,0,2,0,0.0
131940,0,0.837652015,45,0,6628.0,,11,0,1,0,0.0
131941,0,0.9870026059999999,62,0,2945.0,,11,0,1,0,1.0
131942,0,0.258587071,76,0,0.47242206200000003,2501.0,6,0,2,0,0.0
131943,0,0.48539661100000003,56,1,0.569373794,5700.0,11,1,1,0,2.0
131945,0,0.28662653,75,0,0.21047812800000001,9829.0,12,0,1,0,0.0
131946,0,0.053710079,47,0,0.273436467,7562.0,11,0,1,0,3.0
131947,0,0.95434855,52,0,0.162570888,2644.0,4,0,0,0,0.0
131948,0,0.9999998999999999,48,0,0.15222696800000002,3277.0,3,0,0,0,2.0
131949,0,0.06884483,54,0,2540.0,,9,0,1,0,3.0
131950,0,0.831861565,33,0,879.0,,9,0,0,0,0.0
131951,0,0.015234871,73,0,339.0,,12,0,0,0,0.0
131952,0,0.626394154,78,4,4806.0,0.0,10,1,1,2,0.0
131953,0,0.9898080840000001,33,0,0.372204101,8583.0,9,0,2,0,0.0
131954,0,0.824745017,53,0,0.23556735199999998,9041.0,5,0,1,0,2.0
131955,0,0.15364106,66,0,0.413687043,2600.0,7,0,1,0,0.0
131957,0,0.033101134,44,0,0.302234588,11500.0,11,0,2,0,2.0
131959,0,0.491773137,74,1,0.174935843,4675.0,9,0,0,0,0.0
131960,0,0.00309071,72,0,0.294700941,15832.0,16,0,2,0,0.0
131961,1,0.41098169700000003,54,0,0.00209958,3333.0,2,0,0,0,0.0
131962,0,0.0,50,0,3304.0,,6,0,3,0,0.0
131963,0,0.9999998999999999,40,0,516.0,,1,0,0,0,0.0
131965,0,0.9802075459999999,40,1,0.340663735,2500.0,6,0,0,0,0.0
131969,0,0.9999998999999999,32,0,0.011595362,2500.0,0,0,0,0,1.0
131970,0,0.777790593,46,0,0.34278519799999996,9133.0,13,0,2,0,2.0
131971,0,0.0515242,52,0,2061.0,,4,0,1,0,0.0
131973,0,0.6820867629999999,55,0,0.056392480999999994,7500.0,5,0,0,0,0.0
131974,0,0.9999998999999999,65,0,0.0,,0,0,0,0,0.0
131975,0,0.9999998999999999,44,4,0.37194615299999995,6016.0,8,0,1,0,1.0
131977,0,0.172757475,50,2,0.37229987299999995,2360.0,8,0,0,0,0.0
131978,1,0.72204872,37,4,0.23577075100000003,5059.0,9,1,0,1,3.0
131979,0,0.009776691,49,0,0.105496946,1800.0,3,0,0,0,0.0
131980,0,0.60994191,40,0,191.0,,2,0,0,0,0.0
131981,0,0.199325604,59,0,5788.0,,11,0,1,0,0.0
131982,0,1.019996364,41,0,0.43289745399999996,5811.0,4,0,2,0,4.0
131983,0,0.0026976120000000003,80,0,0.005427021,3500.0,6,0,0,0,1.0
131984,0,0.279428708,43,0,0.718427191,3000.0,10,0,1,0,3.0
131987,0,0.358480084,29,0,1.9292517009999999,734.0,8,0,0,0,0.0
131988,1,0.889311069,57,0,0.273562537,6747.0,5,1,1,0,1.0
131989,0,0.008692897,75,0,0.071013845,6716.0,6,0,1,0,0.0
131990,0,0.46671415299999996,57,0,0.258189895,1800.0,8,0,0,0,1.0
131993,0,0.10091805699999999,63,0,0.45473111,2937.0,14,0,0,0,1.0
131994,0,0.20322334,60,0,1600.0,,8,0,1,0,0.0
131995,0,0.6134484060000001,47,0,1.057133635,3097.0,11,0,2,0,3.0
131997,1,1.227696405,52,2,1595.0,,3,5,1,0,0.0
132001,0,0.010117326,64,0,3290.0,,21,0,3,0,
132003,0,0.922175097,34,0,0.87806097,2000.0,11,0,0,0,0.0
132004,0,0.11758878699999999,44,0,0.24797234399999998,7520.0,10,0,2,0,2.0
132005,0,0.0,26,0,0.085082873,5429.0,7,0,0,0,0.0
132006,0,0.018089265,63,0,0.21818755899999998,3166.0,3,0,2,0,0.0
132007,0,0.251464425,79,0,0.212831806,8400.0,11,0,1,0,0.0
132010,0,0.631095207,50,0,0.47925956,7400.0,11,0,1,0,3.0
132011,0,0.441833651,66,0,0.9717083000000001,13890.0,14,0,4,0,0.0
132012,0,0.152307815,31,0,0.237523992,4167.0,4,0,1,0,0.0
132013,0,0.36026230299999995,64,0,0.440139965,4000.0,8,0,1,0,0.0
132015,0,0.090205845,62,1,0.120375925,5000.0,10,0,2,0,2.0
132016,0,0.029012449,69,0,319.0,,16,0,0,0,1.0
132017,0,0.106244688,61,0,125.0,,1,0,0,0,0.0
132018,0,0.9999998999999999,62,0,0.0,,4,0,0,0,0.0
132019,0,0.08866385199999999,46,0,0.8673729640000001,5096.0,7,0,4,0,0.0
132020,0,0.053957842,27,0,411.0,,9,0,0,0,0.0
132021,0,0.002831378,89,0,4.0,,7,0,0,0,0.0
132024,0,0.357085076,61,0,0.28344707199999997,6300.0,11,0,1,2,1.0
132029,0,0.006677003000000001,67,0,548.0,,11,0,0,0,0.0
132031,0,0.0,75,0,0.143215241,5983.0,3,0,1,0,0.0
132032,0,0.9999998999999999,22,0,0.0,7370.0,1,0,0,0,0.0
132033,0,0.10971532099999999,45,0,0.323474276,4800.0,8,0,1,0,2.0
132034,0,0.7749282470000001,51,2,0.33438273,4446.0,9,0,0,1,1.0
132035,0,0.00605649,67,0,1613.0,,5,0,1,0,0.0
132036,1,0.22298569699999998,62,0,0.38744383299999996,15800.0,17,0,1,1,0.0
132037,0,0.058626925,51,0,46.0,0.0,4,0,0,0,0.0
132038,1,1.0492565059999999,63,3,1.196387615,3487.0,10,1,4,2,0.0
132040,0,0.9999998999999999,62,0,3046.0,,4,0,1,0,0.0
132041,0,0.002380386,27,0,0.0,1800.0,3,0,0,0,0.0
132043,0,0.12895968,64,0,0.17773828,4500.0,3,0,1,0,0.0
132044,0,0.0,40,0,1.189620758,500.0,4,0,0,0,2.0
132046,0,0.9999998999999999,73,0,0.0,,2,0,0,0,0.0
132050,0,0.030895047999999998,25,0,0.00234852,2128.0,1,0,0,0,0.0
132051,0,0.018073282,71,0,444.0,,9,0,0,0,0.0
132052,0,0.065875895,35,0,0.006449531999999999,3100.0,2,0,0,0,0.0
132053,0,0.547216695,61,0,4155.0,,18,0,1,0,0.0
132054,0,0.031519455,42,0,1.05108055,1017.0,8,0,0,0,0.0
132055,0,0.063433802,30,0,0.261808024,7875.0,16,0,1,0,0.0
132058,0,0.0,73,0,0.27384077,8000.0,7,0,1,0,1.0
132059,0,0.131947936,71,0,0.071845845,11468.0,4,0,1,0,1.0
132060,1,0.051049562,53,0,0.41196172200000003,4179.0,12,1,2,0,1.0
132062,0,0.091053244,61,0,0.441093151,6000.0,17,0,1,0,0.0
132063,0,0.9999998999999999,46,0,0.0,,0,1,0,0,
132064,0,0.454401399,34,0,0.943160525,1600.0,4,0,1,0,1.0
132065,0,0.109017377,30,0,0.36776343200000006,2400.0,6,0,1,0,3.0
132067,0,0.052617225,56,0,0.849670812,5467.0,7,0,2,0,0.0
132068,0,0.9999998999999999,42,0,0.155051485,6700.0,6,0,0,0,2.0
132069,0,0.35060664,68,1,0.25050357100000004,5460.0,8,0,1,0,0.0
132070,1,0.9999998999999999,28,0,0.0,2108.0,0,1,0,0,0.0
132071,0,0.9999998999999999,43,0,1633.0,,3,0,1,0,0.0
132072,1,0.573883162,58,2,0.471960989,2870.0,6,4,1,0,0.0
132073,0,0.0,42,0,5415.0,,8,0,3,0,0.0
132074,0,0.031789871000000004,43,0,0.444923289,5800.0,12,0,2,0,3.0
132075,0,0.13089005199999998,26,0,59.0,,6,0,0,0,0.0
132077,0,0.967096891,45,1,0.7071995459999999,3527.0,6,0,2,0,0.0
132078,0,0.136089719,63,0,0.623223186,5416.0,12,0,1,0,0.0
132079,0,0.051130355,64,0,0.060715143,12500.0,8,0,0,0,0.0
132081,0,0.9999998999999999,64,0,0.3622422,1890.0,6,3,0,1,0.0
132082,0,0.073310898,60,0,0.620819909,9000.0,12,0,2,0,0.0
132083,1,0.46051205799999995,49,0,1.4076159830000001,3728.0,8,0,1,0,0.0
132085,0,0.377560168,31,0,0.623109025,3833.0,5,0,1,0,3.0
132087,0,0.545650611,50,0,1.028446389,6397.0,9,0,2,0,0.0
132089,0,0.8483443559999999,58,0,0.8585700009999999,14013.0,16,0,2,0,0.0
132090,0,0.00015999799999999998,83,0,0.0,,4,0,0,0,0.0
132091,0,0.0038455620000000003,56,0,0.261111996,6276.0,9,0,1,0,0.0
132092,0,0.726930923,33,0,0.8103619240000001,4033.0,14,0,2,0,1.0
132093,0,0.09789755300000001,54,0,128.0,,14,0,0,0,0.0
132094,0,0.0,65,0,0.333333333,3005.0,11,0,1,0,1.0
132095,0,0.030792042000000002,29,0,1.5611990009999999,1200.0,13,0,2,0,0.0
132096,0,0.257345074,72,0,0.241106719,4300.0,6,0,0,0,0.0
132097,1,0.9999998999999999,48,1,0.00538358,5200.0,0,1,0,0,0.0
132098,1,0.842768478,73,2,0.666940654,6082.0,19,2,6,1,0.0
132100,1,0.078122966,46,1,0.15961346199999998,3000.0,7,0,0,0,0.0
132103,0,0.035924595,45,0,0.112088791,10000.0,4,0,0,0,3.0
132105,0,0.083239281,51,0,0.31940626699999997,5456.0,10,0,1,0,1.0
132106,0,0.22445409800000002,70,0,1405.0,,9,0,1,0,1.0
132107,0,0.253461938,57,1,3654.0,0.0,11,0,2,0,0.0
132108,0,0.551285538,52,0,0.1972007,4000.0,4,0,0,0,2.0
132110,0,0.9999998999999999,27,0,0.0,,0,0,0,0,0.0
132111,0,0.042755055,52,0,2154.0,,7,0,1,0,
132112,0,0.08906004,44,0,0.030984507999999997,2000.0,3,0,0,0,0.0
132113,0,0.141026976,67,0,0.12100082,4875.0,7,0,0,0,0.0
132114,0,0.10154492300000001,50,0,489.0,,2,0,0,0,
132115,0,0.629903092,32,0,1.170552965,1500.0,6,0,1,0,0.0
132116,0,0.8783723109999999,38,0,0.27726876100000003,4583.0,9,0,0,0,1.0
132117,0,0.175587422,54,0,0.492297274,5906.0,13,0,2,0,1.0
132118,0,0.05058601099999999,54,0,1337.0,,6,0,1,0,0.0
132119,0,0.004206533,58,0,1589.0,,16,0,1,0,0.0
132121,0,0.248072997,47,0,0.20127359600000003,4396.0,8,0,0,0,1.0
132123,0,0.306307324,60,0,0.349859319,10306.0,12,0,3,0,1.0
132124,0,0.82853089,39,1,0.526401007,11116.0,18,0,1,0,1.0
132125,0,0.192987262,27,1,0.057588482,5000.0,5,0,0,0,0.0
132126,0,0.0,56,0,0.0,7000.0,4,0,0,0,0.0
132127,0,0.614441453,42,0,0.17156105100000002,10998.0,7,0,1,0,0.0
132128,0,0.25682905300000003,43,0,465.0,,8,0,0,0,0.0
132129,0,0.04941358,63,0,103.0,,7,0,0,0,0.0
132130,0,0.212478108,64,0,0.42738339200000003,8296.0,23,0,2,0,0.0
132131,0,0.0028888090000000004,37,0,2853.0,,11,0,1,0,1.0
132132,0,0.075599422,54,0,0.30691779199999997,8441.0,7,0,1,0,0.0
132133,0,0.0,40,0,0.0,4000.0,1,0,0,0,0.0
132135,0,0.04395604400000001,30,0,0.580283943,5000.0,10,1,3,0,2.0
132139,0,0.062223565,37,0,0.014562051999999999,4600.0,5,0,0,0,0.0
132140,0,0.8236342179999999,66,0,1.147142406,3166.0,11,0,1,0,0.0
132141,0,0.9999998999999999,26,0,0.0,,0,0,0,0,
132143,0,0.016202398,83,0,0.002363601,5076.0,2,0,0,0,0.0
132144,0,0.072237454,50,0,0.285402654,5500.0,15,0,1,0,0.0
132145,0,0.0,60,0,1.407432095,6000.0,8,0,2,0,0.0
132147,0,0.03718297,69,4,0.254767517,4666.0,13,0,1,0,0.0
132148,0,0.035838566,78,0,54.0,,9,0,0,0,0.0
132149,0,0.030367883,53,0,3520.0,,6,0,4,0,0.0
132150,0,0.22526614,59,0,0.482231817,9032.0,12,0,3,0,0.0
132151,0,0.0,69,0,0.049725442,9833.0,4,0,1,0,0.0
132153,0,0.022485405,47,0,0.284559065,9150.0,6,0,1,0,2.0
132154,0,0.070182907,49,0,2211.0,,11,0,1,0,3.0
132155,0,0.087496875,56,0,0.226159921,10129.0,8,0,1,0,1.0
132156,0,0.5011738929999999,49,0,0.371995422,7862.0,11,0,2,0,1.0
132157,0,0.18870161300000002,49,1,0.153484652,10000.0,14,0,2,0,2.0
132158,1,1.014109347,45,1,611.0,,5,1,0,0,0.0
132160,0,0.518566254,42,0,0.796440712,5000.0,6,0,1,0,2.0
132161,0,0.009754955,70,0,0.19934282600000003,16433.0,7,0,1,0,2.0
132162,0,0.025367887000000002,63,0,0.0029164240000000004,12000.0,7,0,0,0,0.0
132163,1,0.24684969399999998,48,0,0.525581912,18000.0,20,0,8,0,1.0
132164,0,0.705438129,56,1,0.344110662,24000.0,13,0,2,1,2.0
132165,0,0.297778749,58,0,326.0,,5,0,0,0,0.0
132167,0,0.03550442,32,0,0.0074362609999999996,2823.0,5,0,0,0,2.0
132168,0,0.026912031,79,0,0.273161414,5234.0,2,0,1,0,0.0
132169,1,1.867109635,85,4,0.475809676,2500.0,10,1,0,2,0.0
132170,0,0.443917915,52,1,1.050749886,6600.0,7,0,3,0,1.0
132171,0,0.317875516,31,0,0.250298448,2512.0,4,0,0,0,2.0
132173,0,0.25067846899999996,25,0,0.039267016,4583.0,8,0,0,0,0.0
132174,0,0.057464775,53,0,1592.0,0.0,15,0,1,0,0.0
132175,0,0.098374466,34,0,0.536432946,8000.0,12,0,3,0,3.0
132176,0,0.7035309790000001,26,0,0.044558698,3500.0,2,0,0,0,0.0
132177,0,0.231126348,51,0,1981.0,,4,0,1,0,0.0
132178,0,0.66576563,72,0,0.519723687,5500.0,10,0,2,0,0.0
132180,0,0.047176657999999996,73,0,0.331293837,6700.0,12,0,2,0,0.0
132181,0,0.006794365,81,0,0.022195561000000003,5000.0,10,0,0,0,1.0
132182,0,0.7853623359999999,30,1,446.0,,7,0,0,0,0.0
132183,0,0.036959409,46,0,0.16485365,8916.0,8,0,1,0,1.0
132184,0,0.40835797799999995,57,2,0.320725737,20833.0,15,0,1,0,0.0
132185,0,0.007992008,28,0,0.07647058799999999,3059.0,3,0,0,0,0.0
132186,0,0.003903201,51,1,0.007248188000000001,4000.0,4,0,0,0,2.0
132187,0,0.0,72,1,0.316943015,5246.0,7,0,1,0,0.0
132188,0,0.006793036999999999,88,0,0.005755395999999999,2084.0,11,0,0,0,0.0
132189,0,0.767386426,43,0,0.331383431,20000.0,22,0,2,0,2.0
132190,0,0.01581008,63,0,61.0,,4,0,0,0,0.0
132193,0,0.9999998999999999,39,2,66.5,1.0,2,1,0,0,0.0
132194,0,0.093269763,35,0,0.406098984,6000.0,13,0,1,0,0.0
132195,0,0.12660707699999998,26,0,0.70867052,864.0,8,0,0,0,0.0
132196,0,0.259346128,42,0,3320.0,,9,0,2,0,2.0
132197,0,0.006276785,59,0,0.698825294,4000.0,5,0,1,0,0.0
132198,0,0.027427265,42,0,0.300468436,4482.0,4,0,1,0,3.0
132199,0,0.034289879,60,0,0.264109233,7689.0,15,0,1,0,0.0
132200,0,0.054415219,68,0,0.042319227,3000.0,7,0,0,0,1.0
132201,0,0.034974757,54,0,2924.0,,9,0,1,0,1.0
132202,0,0.999692355,72,0,0.10037878800000001,3167.0,1,0,0,0,0.0
132203,0,0.0,49,0,0.415800823,5100.0,4,0,1,0,0.0
132205,0,0.183127417,48,0,0.378969654,4250.0,12,0,2,0,0.0
132207,0,0.15960738800000002,58,1,0.41071791700000004,9833.0,16,0,2,0,0.0
132208,0,0.35536995600000004,27,0,338.0,,4,0,0,0,0.0
132211,0,0.9852130170000001,60,0,0.569945625,4045.0,3,1,1,0,0.0
132213,0,0.9999998999999999,36,0,0.0,4500.0,3,0,0,0,3.0
132216,0,0.056915086,78,0,0.015246188,4000.0,4,0,0,0,1.0
132217,0,0.30949241,60,0,0.190035393,7345.0,17,0,0,0,0.0
132218,0,0.033030127,38,0,3183.0,,6,0,1,0,
132222,0,0.489959181,54,0,0.629144852,4583.0,6,0,2,0,1.0
132223,0,0.071862867,57,0,0.755153029,1600.0,6,0,1,0,0.0
132224,0,0.5054989000000001,39,2,0.694615159,6833.0,8,2,1,0,0.0
132225,0,0.0,87,0,0.0,,4,0,0,0,0.0
132226,0,0.125239403,58,1,0.215894675,29166.0,24,1,3,1,0.0
132227,0,0.059898503,39,0,1278.0,,7,0,1,0,3.0
132228,0,0.880089827,38,2,0.644177911,2000.0,6,0,0,0,0.0
132229,0,0.019330112,41,1,0.357919385,5978.0,5,0,1,1,4.0
132230,0,0.041803005,46,0,0.568273092,6473.0,9,0,1,0,3.0
132231,0,0.16048464,51,0,0.367272284,8200.0,7,0,1,0,0.0
132232,0,0.048686519000000004,72,0,118.0,,5,0,0,0,
132233,0,0.818561949,40,0,0.38695727399999996,5780.0,2,0,1,0,0.0
132234,0,0.486783425,34,1,0.140232471,8000.0,7,0,0,0,0.0
132237,0,0.00672712,52,0,102.0,,7,0,0,0,0.0
132238,0,0.006620727,45,1,0.207663387,12500.0,9,0,1,0,3.0
132240,0,0.018565711999999998,63,0,2248.0,,13,0,2,0,0.0
132241,0,0.148276645,54,1,238.5,1.0,8,0,0,0,1.0
132242,0,0.491693301,37,2,1.55393586,2400.0,12,0,2,0,2.0
132243,0,0.9999998999999999,72,0,0.0,,1,0,0,0,0.0
132245,0,0.280325547,51,0,0.425858047,3000.0,7,0,1,0,0.0
132247,0,0.034705202000000004,54,0,0.438445194,8000.0,7,0,2,0,0.0
132248,0,0.012939447,56,0,0.439034992,4600.0,11,0,1,0,0.0
132249,0,0.109048442,49,1,0.46237758799999995,8066.0,12,0,2,0,2.0
132251,0,3.65e-05,64,1,1.0628122770000001,1400.0,10,0,1,0,0.0
132253,0,0.052789442,48,0,0.500443262,2255.0,4,0,1,0,1.0
132254,0,0.095880097,55,0,0.269387092,6150.0,15,0,2,0,0.0
132256,1,0.657526045,32,3,0.19842338,5200.0,7,0,0,0,0.0
132257,0,0.052045705,43,0,0.191678286,13626.0,8,0,2,0,4.0
132258,0,0.9999998999999999,41,0,241.0,,3,0,0,0,2.0
132259,1,2.375415282,31,1,0.70100833,2280.0,3,0,1,1,0.0
132260,0,0.0,27,0,520.0,,2,0,0,0,0.0
132261,0,0.294491911,29,0,0.007031936999999999,6825.0,3,0,0,0,0.0
132262,0,0.9999998999999999,62,1,0.35588137299999995,3000.0,1,0,1,0,1.0
132263,0,0.047459050999999995,78,0,0.018322581,3874.0,2,0,0,0,1.0
132264,0,0.075613804,80,0,53.0,0.0,3,0,0,0,0.0
132265,0,0.00266052,70,0,0.012684988999999999,3783.0,15,0,0,0,0.0
132266,1,0.283079658,65,1,0.7451102140000001,3220.0,2,2,1,1,3.0
132270,0,0.19846005100000003,45,0,0.278032838,12850.0,6,0,2,0,1.0
132274,0,0.0,35,1,0.070185963,3333.0,10,0,0,0,1.0
132275,0,0.03566891,52,0,0.628330084,3077.0,6,0,1,0,1.0
132276,0,0.052297385,88,0,31.0,,1,0,0,0,0.0
132277,0,0.566891701,42,0,0.70368725,2250.0,10,0,0,0,2.0
132278,0,0.0,56,0,0.157825153,6050.0,7,0,1,0,1.0
132279,0,0.065197011,62,0,0.248863843,5500.0,8,0,4,0,0.0
132280,0,0.6213323789999999,59,0,0.6983141079999999,6761.0,11,0,2,0,0.0
132281,0,0.029801456,70,0,1314.0,,10,0,1,0,0.0
132282,0,0.011770756,89,0,0.001470156,3400.0,4,0,0,0,0.0
132283,0,0.17054420399999998,56,0,0.10888086599999999,6924.0,9,0,1,0,0.0
132284,0,0.200450622,57,0,0.241822597,7000.0,7,0,1,0,3.0
132285,0,0.009656099,53,1,0.24770455,4900.0,13,0,1,1,3.0
132288,0,0.9999998999999999,47,0,0.526217111,16000.0,9,0,2,0,3.0
132289,1,0.961129859,30,1,1343.0,,4,1,0,0,3.0
132290,0,0.572576326,48,0,2273.0,,10,0,1,0,0.0
132291,0,0.11967344099999999,68,1,0.287118814,6000.0,8,0,1,0,1.0
132292,0,0.023095801000000003,60,1,0.28020783,8275.0,14,0,1,0,0.0
132297,0,0.0389961,69,0,0.019992003,2500.0,3,0,0,0,0.0
132298,0,0.438212768,40,0,0.647341064,2500.0,11,0,0,0,3.0
132300,0,0.24629891,63,0,3299.0,,16,0,3,0,0.0
132301,0,0.050083947999999996,49,0,0.465576005,4400.0,17,0,1,0,3.0
132302,0,0.46408839799999996,70,0,0.214398043,11445.0,16,0,2,0,1.0
132303,0,0.17039785100000002,41,0,0.12410199699999999,12666.0,10,0,2,0,0.0
132304,0,0.0,57,0,0.278368513,6300.0,5,0,1,0,2.0
132306,0,0.045613118,69,0,0.23609802100000002,6365.0,16,0,2,0,0.0
132308,0,0.486799111,75,4,3431.0,,14,0,1,0,1.0
132309,1,0.28797200100000003,52,0,0.418877483,7500.0,8,0,1,0,3.0
132310,0,0.10326449,36,0,3279.0,,3,0,2,0,0.0
132311,0,0.1051836,50,0,0.365850732,8333.0,7,0,2,0,2.0
132312,0,0.145949847,39,0,0.08615230800000001,6000.0,10,0,0,0,2.0
132314,1,0.771467572,47,2,0.268178546,8333.0,9,0,0,0,1.0
132315,0,0.043279689,43,0,0.33640030200000004,7933.0,9,0,1,0,0.0
132316,0,0.001299957,86,0,1.0,,3,0,0,0,
132317,0,0.023690485,40,0,0.192903352,5100.0,6,0,0,0,0.0
132318,1,0.9916415279999999,31,2,0.534246575,2700.0,10,0,0,0,1.0
132319,0,0.094493884,65,0,0.204127967,4844.0,4,0,1,0,3.0
132320,0,0.874726648,27,0,0.031072502999999998,2992.0,1,0,0,0,0.0
132321,0,0.7905157909999999,51,0,0.15921935,13270.0,8,0,1,0,2.0
132322,0,0.01289957,73,0,0.0027493129999999998,4000.0,5,0,0,0,0.0
132324,0,0.006024243,86,0,0.004997918,2400.0,6,0,0,0,0.0
132325,0,0.185355057,52,0,0.41173621200000005,14450.0,14,0,2,0,1.0
132326,0,0.662337662,25,0,0.010549695,1800.0,2,0,0,0,0.0
132327,0,0.030088711,44,0,2784.0,,16,0,2,0,0.0
132328,1,0.9999998999999999,71,4,0.278454577,2872.0,4,1,1,2,0.0
132329,0,0.28079081,44,0,0.018074096,13333.0,3,0,0,0,0.0
132330,0,0.6405309060000001,52,1,1626.0,,13,1,0,0,
132331,0,0.9999998999999999,39,2,0.357351104,2400.0,5,0,0,2,1.0
132332,1,0.887946998,42,0,0.8878684640000001,6750.0,19,0,2,0,2.0
132333,0,0.259333527,70,0,1039.0,,5,0,0,0,0.0
132335,0,0.035922614,86,0,1816.0,,9,0,2,0,0.0
132336,0,0.67912504,48,0,0.428545137,10866.0,12,0,2,0,0.0
132338,0,0.02485221,69,0,1334.0,,11,0,1,0,0.0
132340,0,0.031443862,52,0,0.030323226,3000.0,5,0,0,0,0.0
132343,0,0.605052197,40,0,0.6243182829999999,11184.0,12,0,4,0,1.0
132344,0,0.930669968,29,0,0.344267416,3200.0,6,1,0,0,3.0
132345,0,0.210435414,72,0,0.956355283,3917.0,18,0,4,0,0.0
132346,0,0.117398295,45,0,0.431939766,5046.0,6,0,1,0,3.0
132347,0,0.06603166,88,0,0.11355520599999999,7000.0,8,0,0,0,0.0
132350,0,0.390358245,48,0,0.471452855,10000.0,10,0,2,0,0.0
132353,0,0.006540743000000001,52,0,0.147221709,10833.0,8,0,1,0,0.0
132354,0,0.11647722,44,0,948.5,1.0,15,0,1,0,2.0
132355,0,0.038289497,47,1,0.465717045,4141.0,7,0,1,0,0.0
132356,0,0.041609547999999996,72,1,0.122007499,10400.0,6,0,1,0,2.0
132357,1,0.342119615,26,0,0.7769318609999999,2626.0,8,0,1,0,0.0
132359,0,0.023639313999999998,42,0,2834.0,,6,0,2,0,0.0
132360,0,0.436067266,40,0,0.514075243,3800.0,4,0,1,0,2.0
132361,0,0.367909859,44,1,0.871610271,8333.0,15,0,4,0,2.0
132362,0,18.0,64,0,1428.0,,4,0,1,0,
132365,0,0.5094596220000001,58,0,0.192581765,5472.0,4,0,0,0,3.0
132366,0,0.070803356,54,0,574.0,,10,0,0,0,0.0
132367,0,0.040648018,70,0,0.093722981,5782.0,9,0,0,0,0.0
132368,0,0.023785652999999997,53,0,0.189296957,9529.0,6,0,1,0,1.0
132370,0,0.010637525,68,1,0.195407355,11365.0,12,0,1,0,0.0
132371,0,0.36757486799999994,67,0,0.359468822,8659.0,11,0,1,0,0.0
132372,0,0.0,71,0,1616.0,,4,0,2,0,1.0
132374,0,0.110272243,64,0,0.054977093,2400.0,2,0,0,0,1.0
132375,0,0.030539259,72,0,0.075984803,5000.0,11,0,0,0,0.0
132376,0,0.9999998999999999,54,1,293.0,,2,0,0,1,0.0
132377,0,0.201519392,43,0,0.008121278000000001,3693.0,2,0,0,0,1.0
132378,0,0.018755083,23,0,0.078651685,800.0,2,0,0,0,0.0
132379,0,0.092800479,65,0,0.530172921,8500.0,20,0,4,0,0.0
132380,0,0.12278132900000001,63,0,0.39175257700000005,3200.0,7,0,1,0,0.0
132382,0,0.08738356900000001,37,0,2998.0,,6,0,2,0,0.0
132383,0,0.021935616,39,0,0.01764187,3400.0,9,0,0,0,0.0
132384,0,0.9999998999999999,31,2,0.362654938,2500.0,1,1,0,1,2.0
132385,0,0.00869913,45,0,0.059242489,21200.0,9,0,1,0,3.0
132388,0,0.096976268,73,0,0.395356337,3100.0,7,0,1,0,0.0
132390,1,1.017329256,41,0,0.560799556,1800.0,15,0,1,1,0.0
132392,0,0.75024975,44,0,0.31934033,2000.0,6,0,0,0,1.0
132393,0,0.9999998999999999,76,0,416.0,,6,0,0,0,0.0
132395,0,0.0,44,0,0.5170986320000001,5555.0,5,1,2,0,0.0
132396,0,0.023472166000000003,47,1,32.0,,10,0,0,0,
132397,1,0.9999998999999999,27,0,0.014520202,1583.0,1,0,0,0,1.0
132398,0,0.274451218,58,0,0.310945911,3900.0,6,0,1,0,0.0
132399,0,0.000918274,25,0,0.199371608,3500.0,4,0,0,0,0.0
132400,0,0.0,85,0,0.0,,4,0,0,0,0.0
132402,0,0.002741847,50,0,0.093881224,3333.0,5,0,0,0,0.0
132404,0,0.882434692,58,1,6250.0,,11,0,2,0,0.0
132405,0,0.0,43,0,510.0,,3,0,0,0,0.0
132408,0,0.064400808,31,0,0.00739852,5000.0,7,0,0,0,0.0
132409,0,0.049734760999999995,44,0,3183.0,,5,0,2,0,0.0
132411,0,0.61700766,52,1,4.004497751000001,2000.0,25,0,2,0,0.0
132412,0,0.016845554,54,1,0.161653196,12000.0,7,0,1,0,1.0
132413,1,0.9760239759999999,31,1,0.036039768,7241.0,2,1,0,0,3.0
132414,0,0.491424474,82,0,0.442283221,5500.0,14,0,1,0,1.0
132415,0,0.39785942399999996,56,0,0.5916408360000001,10000.0,18,0,2,0,0.0
132416,0,0.00754997,61,0,937.0,,12,0,0,0,0.0
132417,0,0.107002454,46,1,0.098295085,20000.0,13,0,1,0,0.0
132418,0,0.196980302,47,0,0.182449495,3167.0,8,0,2,0,0.0
132419,0,0.026310028,67,0,0.265216629,5700.0,12,0,1,0,0.0
132420,0,0.126215625,72,0,0.5559073489999999,6000.0,12,0,3,0,1.0
132421,0,0.9999998999999999,26,0,1396.0,,1,0,1,0,
132422,0,0.054306935,38,0,0.259697567,6083.0,9,0,2,0,2.0
132423,0,0.615076933,63,0,0.158820841,4375.0,6,0,1,0,0.0
132425,1,0.26661729300000003,26,0,0.133243607,5200.0,5,0,0,0,2.0
132426,0,0.0,41,0,0.37159643,8850.0,10,0,4,0,0.0
132429,0,0.668218699,65,0,0.511775886,12100.0,21,0,3,0,0.0
132431,0,0.056351284,70,0,0.224481152,7082.0,7,0,2,0,0.0
132432,0,0.0,61,0,0.9127826490000001,2166.0,14,0,1,1,0.0
132434,0,0.233108003,30,0,0.529801325,1660.0,8,0,0,0,0.0
132435,0,0.033779219,30,0,0.020349875,2800.0,5,0,0,0,0.0
132438,0,0.004478831,65,0,0.03912444,5801.0,12,0,1,0,0.0
132439,1,0.833070188,40,1,0.141087672,5166.0,8,0,0,1,0.0
132440,0,0.350202122,48,0,4029.0,,7,0,1,0,4.0
132441,0,0.017617864,62,0,0.23479069800000002,5374.0,13,0,1,0,0.0
132442,0,0.294154061,64,0,0.238456891,11586.0,19,0,2,0,2.0
132443,0,0.39905628600000004,55,1,0.39348711,1473.0,8,0,0,0,0.0
132447,0,0.023490848999999998,65,0,0.396860314,10000.0,14,0,3,0,0.0
132448,0,0.007851641999999999,77,0,0.217662587,4166.0,7,0,0,0,0.0
132449,0,0.172388507,42,0,0.407997038,2700.0,8,0,1,0,1.0
132450,0,0.240176484,50,1,0.251595086,10500.0,10,0,2,0,0.0
132451,0,0.6963839359999999,31,0,1.0199733690000001,2252.0,6,0,1,0,1.0
132454,0,0.024284063999999998,68,0,0.30056577100000004,4241.0,16,0,1,0,0.0
132455,0,0.357743659,44,0,0.36083152399999996,15200.0,19,0,2,0,2.0
132458,0,0.11120800900000001,49,0,0.164783522,10000.0,10,0,1,0,2.0
132459,0,0.151561198,57,0,6194.0,,10,0,5,0,0.0
132460,0,0.18144269300000002,51,1,0.30215827300000003,8200.0,12,0,1,0,0.0
132461,1,0.823696051,55,0,0.271954674,6000.0,8,2,0,0,0.0
132462,0,0.9999998999999999,31,0,0.0,,0,1,0,0,0.0
132463,0,0.373339159,46,0,0.304537142,11482.0,15,0,1,0,0.0
132464,0,0.845712653,46,0,0.578362198,4676.0,14,0,2,0,3.0
132465,0,0.605972898,27,1,2318.0,,12,0,2,0,1.0
132467,0,0.811402324,26,0,0.266444629,1200.0,2,0,0,0,0.0
132469,0,0.022699622000000003,71,0,0.17726206600000002,8100.0,5,0,1,0,0.0
132470,0,0.9869466290000001,64,0,1.106666667,1049.0,13,0,0,0,0.0
132471,0,0.0,55,0,4289.0,,12,0,3,0,0.0
132475,0,0.021400592000000003,56,0,0.270236954,7300.0,11,0,1,0,0.0
132476,0,0.091723634,70,0,1278.0,,6,0,1,0,0.0
132478,0,0.857530065,64,0,0.425090329,11900.0,8,0,1,0,1.0
132479,0,0.129245308,68,0,0.246405309,8136.0,10,0,1,0,2.0
132480,0,0.00228139,52,0,1202.0,,7,0,1,0,
132482,0,0.012865333999999999,75,0,0.106852739,4800.0,7,0,0,0,1.0
132483,0,0.496749282,60,0,0.5363387039999999,5833.0,10,0,2,0,0.0
132485,0,0.0,51,2,0.48193111200000005,7083.0,9,0,2,0,2.0
132486,0,0.24609056399999998,32,0,845.0,,12,0,0,0,1.0
132487,0,0.0,48,1,0.30983938899999997,6412.0,7,0,1,0,1.0
132488,0,0.45234439600000004,51,0,0.766308423,4000.0,13,0,2,0,0.0
132489,0,0.9781838009999999,36,0,0.382242029,5833.0,7,0,1,0,0.0
132490,0,0.09105320900000001,63,0,259.0,,5,0,1,0,
132491,0,0.09540019599999999,49,0,0.22246179800000002,10666.0,5,0,2,0,2.0
132492,0,0.029888694,64,0,0.132561596,22200.0,19,1,2,0,1.0
132493,0,0.601479704,27,1,0.059984004,3750.0,8,0,0,0,0.0
132494,0,0.02201642,40,0,1821.0,,9,0,1,0,0.0
132498,0,0.9999998999999999,40,0,43.0,,1,2,0,0,3.0
132499,0,0.9999998999999999,73,0,0.0,1950.0,1,0,0,0,0.0
132503,1,0.9999998999999999,28,1,139.0,,1,1,0,1,1.0
132504,0,0.515812839,59,0,0.574250523,4302.0,6,0,1,0,4.0
132505,0,0.004558228,53,0,0.220909945,7450.0,9,0,1,0,0.0
132506,0,0.451448041,55,0,0.311183551,7975.0,6,1,2,0,3.0
132507,0,0.145916477,59,0,0.292101128,7000.0,15,0,1,0,0.0
132508,0,0.166365974,63,0,0.45715872799999996,7200.0,8,0,1,0,0.0
132509,0,0.10225422099999999,71,0,0.573550414,3500.0,4,0,1,0,0.0
132510,0,0.08959552,63,0,0.22513089,4583.0,5,0,1,0,0.0
132512,0,0.41343100000000005,68,0,0.5043925429999999,9333.0,12,0,3,0,0.0
132514,0,0.22384078899999998,52,0,0.884247945,4500.0,22,0,2,0,0.0
132515,0,0.0,39,0,0.39924461200000005,4500.0,9,0,0,0,3.0
132517,0,0.056938428,46,0,1.4058647119999998,3000.0,6,0,1,0,0.0
132521,0,0.366908746,36,0,0.147263176,5900.0,5,0,0,0,3.0
132524,0,0.075898802,23,0,0.002493766,400.0,1,0,0,0,0.0
132526,0,0.142209743,29,0,0.164845385,4300.0,5,0,0,0,0.0
132527,0,0.288053028,62,0,0.066902969,9027.0,2,0,0,0,0.0
132529,0,0.058864722,59,1,0.381780105,4774.0,16,0,2,0,0.0
132531,0,0.0006831710000000001,72,0,0.573020664,8613.0,15,0,4,0,0.0
132533,0,0.182988675,69,0,0.36945221899999997,2500.0,15,0,0,0,0.0
132534,0,0.08898364199999999,48,0,0.013061683999999999,16000.0,7,0,0,0,3.0
132535,1,1.21012152,36,1,0.314171457,4000.0,4,0,1,0,2.0
132536,0,0.196961685,48,0,0.13819151300000002,4500.0,5,0,0,0,0.0
132537,0,0.745254745,48,0,0.239101338,10459.0,8,0,1,0,0.0
132538,0,0.322091025,34,0,0.225976213,9500.0,12,0,1,0,0.0
132539,0,1.1224387809999998,26,1,0.34054954200000004,1200.0,2,1,0,1,0.0
132540,0,0.08790039,91,0,1112.0,,9,0,1,0,0.0
132542,0,0.01059894,59,0,2475.0,,3,0,1,0,
132543,0,0.0,51,0,0.7030296970000001,10000.0,20,0,3,0,3.0
132544,0,0.35853419700000005,49,0,1.194902549,2000.0,14,0,1,0,3.0
132545,0,0.012651623999999998,65,0,3.46506986,500.0,3,0,1,0,0.0
132546,0,0.0009999289999999999,62,0,1316.0,,9,0,1,0,
132548,1,0.61282342,63,0,0.07371928400000001,2400.0,8,0,0,0,0.0
132549,0,0.194001621,38,0,0.29228461899999997,6000.0,7,0,1,0,0.0
132550,0,0.08296153,48,0,0.41876353899999996,6000.0,11,0,3,0,4.0
132551,0,0.007559066,73,0,0.210282776,5834.0,10,0,1,0,1.0
132552,0,0.664446295,29,0,0.076202374,1600.0,4,0,0,0,0.0
132553,0,0.0,67,0,0.8634243840000001,1500.0,11,0,2,0,0.0
132554,0,0.591540846,57,0,0.37081459299999997,2000.0,6,0,1,0,0.0
132555,0,0.5154688239999999,38,0,0.282490598,2392.0,4,0,0,0,2.0
132556,0,0.654104535,91,0,0.623686055,1426.0,6,0,0,0,0.0
132557,0,0.391160884,65,0,0.513240649,12083.0,11,0,3,0,0.0
132559,1,0.0,24,0,571.0,,7,0,0,0,0.0
132560,0,0.12121475599999999,38,0,0.074012704,3620.0,7,0,0,0,0.0
132562,0,0.895507464,57,1,0.40919398100000004,4850.0,6,0,3,0,0.0
132564,0,0.394605395,51,0,0.41620626200000005,3800.0,7,1,1,0,1.0
132566,0,0.053299936,62,0,81.0,,4,0,0,0,2.0
132567,0,0.9999998999999999,36,0,0.17193122800000002,2500.0,1,2,0,0,6.0
132568,0,0.064390557,45,2,0.609916782,5767.0,7,0,2,0,3.0
132569,0,0.141521462,85,0,0.027281817000000003,7000.0,2,0,0,0,0.0
132570,0,0.400138354,66,0,0.43664,12499.0,34,0,4,0,2.0
132573,0,0.009491418,31,0,0.601370117,5400.0,16,0,2,0,0.0
132574,1,0.9999998999999999,32,0,0.012254112,3100.0,1,0,0,0,0.0
132575,0,0.18510346100000002,39,0,3825.0,,17,0,2,0,0.0
132576,0,0.125526472,49,0,0.235135135,9249.0,10,0,2,0,0.0
132577,0,0.028628571000000002,75,0,0.136318242,6007.0,10,0,1,0,0.0
132578,0,0.166922758,66,0,0.482984042,5200.0,8,0,1,0,0.0
132579,0,0.000763138,38,0,0.38590494799999997,6143.0,13,0,2,0,0.0
132582,0,0.42961465,50,0,0.06481229,11000.0,6,0,0,0,0.0
132583,0,0.0,36,0,0.22629184600000002,8572.0,4,0,1,0,0.0
132584,0,0.80914355,53,0,2486.0,,7,0,0,0,0.0
132585,0,0.149310188,75,0,0.098097503,3363.0,10,0,0,0,0.0
132586,0,0.003737968,55,0,0.250770092,7141.0,6,0,1,0,2.0
132587,0,0.0068246259999999994,74,1,2811.0,,20,0,3,0,0.0
132588,0,0.050904957,73,1,0.207422645,11666.0,7,0,2,0,0.0
132590,0,0.598493939,47,0,0.613969608,3750.0,9,0,1,0,0.0
132591,0,0.0,23,0,0.0,898.0,2,0,0,0,0.0
132593,0,0.9504691590000001,34,0,0.11536265,1750.0,5,0,0,0,1.0
132594,0,0.580119771,56,0,0.535718647,8188.0,23,0,2,0,1.0
132598,0,0.9999998999999999,40,0,1586.0,,4,0,1,0,3.0
132599,0,0.0,69,0,3136.0,,7,0,1,0,0.0
132601,0,0.484775761,56,0,0.560347786,8740.0,6,0,3,0,0.0
132602,0,0.065381678,47,2,0.414865684,4950.0,15,0,2,0,0.0
132603,0,0.0358056,62,0,0.26889144600000003,7820.0,27,0,1,0,0.0
132604,0,0.017770387,60,0,0.08681077300000001,8650.0,19,0,1,0,0.0
132605,0,0.27448851,74,0,1906.0,,18,0,1,0,0.0
132606,0,0.017597654,35,0,0.411523929,3175.0,12,0,1,0,0.0
132607,0,0.785607196,49,0,0.17158039100000003,5833.0,6,0,1,0,3.0
132608,0,0.11732551199999999,52,0,0.012378005,4200.0,2,0,0,0,0.0
132611,0,0.106474035,57,0,7177.0,,11,0,2,0,0.0
132612,0,0.29148342,41,0,4.119800333,600.0,5,0,1,0,0.0
132614,0,0.067229045,70,0,0.258122099,2800.0,4,0,0,0,0.0
132616,0,0.007999758000000001,45,0,13.0,,6,0,0,0,0.0
132617,0,0.9999998999999999,23,0,0.208657048,900.0,2,0,0,0,0.0
132618,0,0.9999998999999999,38,0,0.001042753,3835.0,0,0,0,0,1.0
132619,0,0.9999998999999999,61,0,1845.0,,8,0,2,0,
132620,0,0.58369663,66,0,0.633099579,3564.0,8,0,3,0,2.0
132621,0,0.00117855,60,0,0.06812933,865.0,6,0,0,0,0.0
132622,0,0.41648148700000004,42,0,0.36189575700000004,8460.0,15,0,2,0,2.0
132624,0,0.237415252,62,2,0.237175217,1500.0,9,0,0,0,0.0
132626,0,0.002140325,55,0,0.329033261,6433.0,7,0,1,0,0.0
132627,1,0.48297973200000005,52,1,0.602550845,2900.0,18,0,1,0,2.0
132630,0,0.07378878,70,0,0.131393411,7800.0,7,0,2,0,0.0
132632,0,0.322965185,63,0,4200.0,,13,0,3,0,2.0
132633,0,0.249267798,45,0,0.33611064799999996,6000.0,6,0,1,0,0.0
132635,0,0.0,48,0,2616.0,,15,0,2,0,0.0
132636,0,0.004084466,62,0,0.007328448,1500.0,6,0,0,0,0.0
132637,0,0.031410468,45,0,0.8195179309999999,1700.0,10,0,1,0,1.0
132638,0,0.008472499999999999,73,0,0.0042361659999999995,3776.0,6,0,0,0,0.0
132640,0,0.016093331000000002,46,0,0.547926943,7500.0,7,0,3,0,2.0
132641,0,0.0,73,0,0.17613731,6000.0,9,0,0,0,0.0
132642,0,0.50531403,58,0,1.2604570940000002,4637.0,15,0,1,0,0.0
132644,0,0.02644782,76,0,0.17280776899999997,3500.0,11,0,0,0,0.0
132645,0,0.08259714,71,0,0.233689979,7663.0,4,0,1,0,0.0
132646,0,0.12631793800000002,38,0,0.059788042,5000.0,3,0,0,0,0.0
132647,1,1.013289037,38,0,0.002367798,3800.0,1,0,0,0,0.0
132648,0,0.021827488,41,0,0.33326390300000003,4800.0,7,0,1,0,2.0
132649,0,0.127211075,62,0,0.29564389399999996,4200.0,15,0,0,0,1.0
132650,0,0.766946087,45,0,0.058761249,17000.0,6,0,0,0,3.0
132651,0,0.479878698,57,0,0.209684331,7000.0,4,0,1,0,0.0
132652,0,0.495119177,43,0,3707.0,,7,0,2,0,0.0
132654,0,0.11880157599999999,56,0,0.108271892,9900.0,7,0,1,0,1.0
132656,0,0.9929252540000001,42,0,0.77400582,1030.0,9,0,0,0,0.0
132657,0,0.042463153,66,0,0.059993183,8800.0,6,0,0,0,0.0
132658,0,0.129938904,28,0,0.196116132,5200.0,16,0,0,0,5.0
132659,0,0.061749498,51,0,0.21974729699999998,7676.0,3,0,1,0,3.0
132660,0,0.915620225,31,3,2763.0,,9,0,1,1,0.0
132661,0,0.025998142999999998,35,0,0.085980893,4500.0,3,0,0,0,3.0
132662,0,0.0019037260000000001,60,0,0.000253133,7900.0,4,0,0,0,2.0
132663,0,6.478840387000001,41,0,0.315979479,10525.0,7,0,1,0,2.0
132665,0,0.16398828699999998,44,0,0.30875367600000003,4420.0,5,0,2,0,1.0
132666,0,0.03866198,49,0,0.338231722,8233.0,5,0,1,0,1.0
132667,0,0.574687747,54,0,0.527212201,12916.0,9,0,1,0,1.0
132669,0,0.017837002,82,0,0.6771472390000001,2607.0,11,0,1,0,0.0
132671,0,0.8914545190000001,51,3,0.129481402,14866.0,7,0,0,0,3.0
132672,0,0.36925104700000005,66,0,0.5294379029999999,4500.0,8,0,1,0,1.0
132673,0,0.278721279,35,0,0.001919846,4166.0,2,0,0,0,0.0
132675,0,0.311537692,29,0,25.0,1.0,5,0,0,0,0.0
132676,0,0.316151966,28,0,0.072141838,4906.0,3,0,0,0,0.0
132677,0,0.0,39,0,0.135042936,8500.0,9,0,1,0,3.0
132681,0,0.167902868,57,1,0.487565445,4583.0,12,0,1,0,0.0
132683,0,0.24669513899999998,46,0,0.597926694,2700.0,4,0,1,0,0.0
132685,0,0.030939657000000002,63,0,0.049937577999999996,800.0,8,0,0,0,0.0
132687,0,0.12313125,33,1,0.06622940299999999,6250.0,7,0,0,0,1.0
132688,0,0.48030360200000005,51,0,1.243752403,2600.0,14,0,1,0,1.0
132690,0,0.025375825,50,0,0.198925183,11908.0,10,0,2,0,3.0
132691,0,0.025055876,67,0,0.167083185,2800.0,7,0,1,0,0.0
132692,0,0.6780692070000001,51,0,0.371377236,12800.0,10,0,4,0,1.0
132693,1,0.650355354,31,0,0.062907857,3830.0,5,0,0,0,0.0
132695,0,0.035709159,42,0,0.030360134,4775.0,16,0,0,0,2.0
132696,0,0.889222214,46,0,0.539451051,13370.0,11,0,3,0,0.0
132697,0,0.02691179,56,1,0.581260172,4300.0,12,0,1,0,2.0
132698,0,0.044118235,87,0,0.011075949,3159.0,2,0,0,0,0.0
132699,0,0.829807022,32,0,0.245512963,4512.0,6,0,0,0,2.0
132702,0,0.0,57,0,753.0,,6,0,1,0,0.0
132706,0,0.924287119,48,0,0.190499351,6167.0,10,0,0,1,0.0
132708,0,0.492027909,41,0,1.592708009,3208.0,10,0,2,0,0.0
132709,0,0.009946841,66,0,116.0,0.0,10,0,1,0,2.0
132710,0,0.12085119,51,0,0.40545981600000003,12417.0,14,0,3,0,3.0
132711,0,0.802274287,54,0,0.38308919,5392.0,8,0,1,0,1.0
132713,0,0.065214976,80,0,16.0,,2,0,0,0,0.0
132716,0,0.0009230060000000001,35,0,0.170879922,8227.0,3,0,1,0,0.0
132717,1,0.9999998999999999,27,1,0.316675434,1900.0,7,0,0,0,1.0
132718,0,0.406597105,62,0,0.429406037,6161.0,16,0,0,0,1.0
132721,0,0.0,31,0,0.219289827,2083.0,3,0,0,0,0.0
132722,0,0.5020883429999999,36,1,0.304407088,2200.0,7,0,0,0,3.0
132723,0,0.189011735,44,0,0.219296784,6000.0,7,0,0,0,3.0
132725,0,0.769446741,57,0,1.0038114059999999,7083.0,8,0,2,0,0.0
132726,0,0.0,23,0,0.079100749,1200.0,1,0,0,1,0.0
132727,0,0.076162047,53,0,0.130772893,6300.0,6,0,1,0,2.0
132731,0,0.068387843,53,0,1.397556913,1800.0,20,0,2,0,0.0
132734,1,0.380227806,41,0,0.570040486,3704.0,9,0,0,0,0.0
132735,0,0.0,59,0,1400.0,,9,0,1,0,0.0
132736,0,0.164104487,55,0,0.28764068800000003,9417.0,9,0,4,0,0.0
132737,0,0.716802279,49,4,0.23737177,7700.0,7,0,1,1,4.0
132738,1,0.10719755,26,0,0.219237976,1600.0,8,0,0,1,0.0
132740,0,0.9999998999999999,42,0,0.02529511,7708.0,3,0,0,0,1.0
132743,0,0.277144571,48,0,41.0,0.0,1,0,0,0,0.0
132744,0,0.036262204,39,0,0.212837838,8583.0,5,0,1,0,2.0
132745,0,0.062238534000000005,74,1,0.27837588399999996,3250.0,11,0,1,0,0.0
132746,0,0.0,38,0,0.221375863,4200.0,5,0,0,0,0.0
132747,0,0.170750655,59,0,0.295507015,5630.0,13,0,2,0,0.0
132750,0,0.20572428399999998,40,0,0.28682977600000004,1920.0,12,0,0,0,1.0
132751,0,0.034851613,60,0,0.0015913289999999998,23250.0,5,0,0,0,0.0
132752,0,0.12402420800000001,41,0,0.24989656600000001,7250.0,8,0,0,0,2.0
132753,0,0.9999998999999999,63,0,0.403797006,5477.0,4,1,1,0,0.0
132754,0,0.049142356,56,2,4550.0,,12,0,3,0,0.0
132755,0,0.0,37,0,0.11078203800000001,12492.0,4,0,1,0,3.0
132756,0,0.30264649,58,0,0.207806133,4662.0,6,0,0,0,1.0
132757,0,0.027389438999999998,55,0,0.2176,10624.0,8,0,1,0,1.0
132759,0,0.120502366,47,0,0.21847472399999998,12600.0,6,0,2,0,2.0
132760,0,0.02252793,77,0,0.18585182100000003,7166.0,12,0,1,0,1.0
132764,0,0.040844518999999996,52,0,0.36131132299999996,4300.0,10,0,1,0,0.0
132765,0,0.125874126,35,1,0.7618397090000001,4391.0,6,0,2,1,0.0
132766,0,0.693329524,31,0,0.215431051,5300.0,5,0,0,0,0.0
132767,0,0.320778158,49,0,0.387096774,7749.0,10,0,2,0,1.0
132768,0,0.050025192999999996,61,0,0.105166052,1083.0,9,0,0,0,0.0
132769,0,0.170264718,62,0,1803.0,,10,0,1,0,
132770,0,0.000691212,70,0,0.241821397,15833.0,9,0,2,0,1.0
132773,0,0.999815668,24,0,0.35976016,1500.0,3,0,0,0,0.0
132775,0,0.522095581,67,0,78.0,0.0,3,0,0,0,0.0
132776,0,0.39869971299999996,63,1,0.117798595,8539.0,5,0,1,0,1.0
132778,0,0.193625153,64,1,0.30141440399999997,6150.0,9,1,1,0,0.0
132779,0,0.15628658199999998,61,0,1090.0,,4,0,2,0,
132781,0,0.0,52,0,0.072587976,7700.0,5,0,0,0,1.0
132782,0,0.028235637999999997,58,1,0.5789878479999999,6500.0,18,0,2,0,0.0
132783,0,0.555378571,49,0,2774.0,,10,0,1,0,
132785,0,0.003352843,54,0,3143.0,,4,0,2,0,0.0
132787,0,0.900328508,58,0,0.22165058899999998,4664.0,8,0,0,0,0.0
132788,0,0.032099465,66,0,0.271896933,10400.0,6,0,2,0,0.0
132789,0,0.0,48,0,0.21228319,9166.0,6,0,1,0,3.0
132791,0,0.617511868,54,0,0.444969406,12910.0,22,0,4,0,1.0
132792,0,0.0,68,0,6260.0,,13,0,4,0,0.0
132793,0,0.011359546000000002,51,0,0.222203068,5800.0,4,0,1,0,1.0
132794,0,0.16592227199999998,30,0,2251.0,,11,0,2,0,0.0
132796,0,0.88137352,61,4,0.325483226,4500.0,9,0,2,0,0.0
132797,0,0.15031828,46,0,2268.0,,8,0,1,1,0.0
132798,0,0.665433364,67,0,0.221529671,7700.0,10,0,1,0,0.0
132800,0,0.011148271999999999,88,0,0.00279888,2500.0,5,0,0,0,1.0
132801,0,0.060299494,58,0,0.048217417,17109.0,5,0,1,0,1.0
132803,1,1.093812375,36,0,0.370745836,1380.0,6,1,0,0,2.0
132804,0,0.022985935,58,0,0.22299500100000003,4600.0,17,0,2,0,1.0
132805,1,0.415843069,52,0,0.313234338,20000.0,11,0,2,0,3.0
132807,0,0.917460053,62,0,0.7715767,3278.0,6,0,1,0,0.0
132810,0,0.0,44,0,1000.0,,5,0,1,0,2.0
132811,0,0.038124255,66,0,0.336951864,7000.0,9,0,2,0,0.0
132814,0,0.002431763,85,0,3.0,,14,0,0,0,0.0
132815,0,0.206648113,76,0,0.513318934,8333.0,11,0,2,0,0.0
132819,0,0.090178331,65,0,0.344778794,10600.0,16,0,3,0,0.0
132820,0,0.0,64,0,2835.0,,11,0,1,0,0.0
132821,0,0.304637654,72,0,1653.0,,6,0,1,0,1.0
132823,0,0.174224455,64,0,0.095741169,6057.0,7,0,0,0,1.0
132825,0,0.001039678,63,0,11.0,,7,0,0,0,0.0
132826,0,0.8369644390000001,50,2,2168.0,,4,0,1,0,0.0
132829,0,0.508840989,49,0,0.750835189,7183.0,13,0,3,0,0.0
132831,0,0.099314684,89,0,591.0,,3,0,0,0,0.0
132832,0,0.05662919,25,0,0.111584801,5394.0,6,0,0,0,0.0
132833,0,0.31711697,47,0,0.321613064,6000.0,8,0,1,0,3.0
132835,0,0.0061656390000000005,45,0,1686.0,,3,0,2,0,0.0
132836,0,0.0032750509999999997,58,0,986.0,1.0,25,0,2,0,0.0
132837,0,0.894285083,57,0,10009.0,,17,0,5,0,1.0
132839,0,0.000902913,49,0,0.031032771,12083.0,14,0,1,0,0.0
132841,1,1.091290871,40,2,0.18930547,21150.0,4,0,1,1,3.0
132842,1,0.5789314210000001,91,0,0.29757619399999996,4166.0,4,4,0,1,1.0
132843,0,0.001807807,58,0,0.059521042,4300.0,7,0,0,0,0.0
132844,0,0.264892842,54,0,316.0,,5,0,0,0,0.0
132845,0,0.646703322,48,0,3189.0,,11,0,3,0,0.0
132852,0,0.46234610299999995,34,2,0.282037906,5750.0,8,0,1,1,0.0
132853,0,0.405792893,52,0,2604.0,,11,0,3,0,0.0
132855,0,0.045512985,82,1,0.749779477,3400.0,10,0,1,0,1.0
132856,0,0.9999998999999999,23,0,0.001218027,820.0,1,0,0,0,0.0
132858,0,0.17999790699999998,50,0,4817.0,,12,0,4,0,0.0
132859,0,0.083155925,31,0,1128.0,0.0,5,0,1,0,2.0
132861,0,0.169797198,62,0,0.584583902,1465.0,17,0,2,0,0.0
132863,0,0.607183638,43,0,0.318713994,5380.0,23,0,0,0,1.0
132864,0,0.008583471,53,0,1521.0,,13,0,1,0,0.0
132866,0,0.049620280999999995,65,0,0.020604499999999998,13200.0,8,0,0,0,1.0
132871,0,0.9416246070000001,52,0,0.32970451,4500.0,5,0,0,0,0.0
132872,0,0.363587416,42,0,0.307935208,17100.0,11,0,2,0,2.0
132873,0,0.0,27,1,0.037023325,2700.0,5,0,0,0,1.0
132876,0,0.462455568,41,0,0.697371537,4222.0,13,0,1,0,2.0
132877,0,0.021237084,50,0,0.248500158,3166.0,6,0,0,0,0.0
132878,0,0.021163658999999998,61,0,0.41262736899999997,10500.0,11,0,2,0,0.0
132879,0,0.15148931599999998,33,0,0.283659166,5421.0,11,0,0,0,0.0
132880,0,0.042593682,37,0,0.18585549199999998,7182.0,8,0,1,0,2.0
132881,0,0.077029807,68,0,500.0,,3,0,0,0,0.0
132882,0,0.004117460999999999,78,0,207.0,,8,0,0,0,0.0
132883,0,0.194384122,45,0,0.610770719,3100.0,6,0,2,0,2.0
132885,0,0.078990126,23,0,0.06156406,600.0,5,0,0,0,0.0
132887,0,0.118272727,49,0,0.483168537,9000.0,24,0,3,0,2.0
132891,0,0.9999998999999999,72,0,1654.0,,5,1,1,0,0.0
132892,0,0.000955847,68,0,1669.0,,9,0,2,0,
132893,0,0.575391662,64,0,0.076789151,21825.0,12,0,1,0,0.0
132895,0,0.00870537,73,0,0.498553012,3800.0,6,0,1,0,0.0
132896,0,0.6661052,46,0,0.41904118799999995,7404.0,3,0,1,0,3.0
132897,0,0.009356146999999999,63,0,0.00239968,7500.0,7,0,0,0,0.0
132898,0,0.059542007,59,0,1.05997648,2550.0,14,0,1,0,0.0
132902,0,0.555892154,34,1,0.540229885,2000.0,5,1,0,1,0.0
132903,0,0.028667353,83,0,1272.0,,14,0,2,0,0.0
132904,0,0.496125406,60,0,4886.0,,10,0,1,0,0.0
132905,0,0.058963878,81,2,0.114977005,5000.0,18,0,0,0,0.0
132906,0,0.021171126000000002,67,0,0.266860571,5500.0,7,0,1,0,1.0
132907,0,0.5935786239999999,55,0,0.770939791,4500.0,14,0,1,0,0.0
132908,0,0.013109408999999999,62,0,474.0,,8,0,0,0,0.0
132909,0,0.755353721,32,0,0.228194902,5766.0,8,0,1,0,0.0
132910,0,0.743965805,35,0,1.56097561,2500.0,6,0,1,0,0.0
132911,0,0.325463744,48,1,0.41580295100000003,8200.0,8,0,1,0,0.0
132912,0,0.03209679,65,0,0.002999,3000.0,1,0,0,0,0.0
132913,0,0.0,23,0,0.0,820.0,1,0,0,0,0.0
132914,0,0.03390962,64,0,0.205970149,11054.0,11,0,1,0,0.0
132915,0,0.30341935,41,1,0.552205808,9950.0,7,0,4,0,3.0
132916,0,0.050543617,47,0,0.30038565899999997,7000.0,11,0,0,0,1.0
132917,0,0.149900067,22,0,0.078494624,929.0,5,0,0,0,0.0
132918,0,0.628391648,63,2,0.18497072,30566.0,16,0,2,1,1.0
132919,1,0.729055186,52,3,0.7893026740000001,4000.0,7,0,3,2,2.0
132921,0,0.313289515,55,0,0.14560753,7011.0,11,0,1,0,0.0
132922,0,0.06939653,39,0,0.44924869700000003,6521.0,6,0,2,0,1.0
132923,0,0.906187625,54,0,0.23902562800000002,3940.0,14,0,0,0,1.0
132925,0,0.42732359200000003,73,0,0.755793226,10097.0,21,0,4,0,0.0
132926,0,0.00538936,68,0,2.8556108769999997,2610.0,8,0,1,0,0.0
132927,0,0.161702583,31,0,0.8246423629999999,2166.0,7,0,2,0,0.0
132928,0,0.101904459,63,0,0.11971031,14083.0,9,0,2,0,1.0
132929,0,0.00876025,66,1,0.00579884,5000.0,10,0,0,0,0.0
132930,0,0.910617876,40,0,0.816335948,6500.0,9,0,4,0,2.0
132931,0,0.547524024,44,0,0.41192189100000004,4864.0,9,0,1,0,1.0
132932,0,0.262115859,31,0,0.31117021300000003,375.0,1,0,0,0,0.0
132933,0,0.511160924,75,0,1155.0,,7,0,0,0,
132934,0,0.11977227900000001,37,0,0.256813986,9208.0,5,0,1,0,0.0
132937,0,0.145916656,66,2,0.291354323,2000.0,5,2,0,0,0.0
132938,0,1.011693924,44,1,0.507409178,4183.0,6,1,2,0,2.0
132939,0,0.015701201,34,0,0.002399852,5416.0,6,0,0,0,0.0
132942,0,0.096852886,45,1,0.36668225,6416.0,5,0,1,0,2.0
132943,0,0.077595238,61,0,0.200799201,1000.0,14,0,0,0,0.0
132944,1,0.9999998999999999,33,2,0.45510723399999997,2750.0,5,2,0,0,2.0
132946,0,0.513247045,60,0,1.0497000859999999,2333.0,11,0,2,0,0.0
132947,0,0.0,40,0,0.605544445,14500.0,13,0,6,0,3.0
132948,0,0.209220729,61,0,1849.0,,8,0,2,0,0.0
132949,0,0.0,65,0,0.267484915,14583.0,7,0,2,0,0.0
132950,0,0.014923785,73,0,0.0015703689999999998,18466.0,15,0,0,0,0.0
132951,0,0.011856803999999999,79,0,12.0,,4,0,0,0,2.0
132952,0,0.036655559,26,0,0.06541712599999999,5441.0,2,0,0,0,0.0
132953,0,0.08199136900000001,32,0,1728.0,,7,0,2,0,0.0
132954,0,0.014249555,60,0,5852.0,,7,0,2,0,0.0
132955,0,0.002333256,41,0,0.219439028,20000.0,5,0,1,0,3.0
132956,0,0.012039164,61,0,0.38194625600000004,7665.0,8,0,2,0,1.0
132957,0,0.0,96,0,0.0,,2,0,0,0,
132958,0,0.757638204,54,0,0.258176892,5166.0,7,0,1,0,0.0
132959,0,0.071226821,69,0,0.298809256,4450.0,10,0,1,0,0.0
132960,0,0.10128612599999999,60,0,0.155093639,19916.0,14,0,2,0,2.0
132963,0,0.027711666,73,0,0.36834862399999996,4359.0,7,0,2,0,0.0
132964,0,0.81393002,56,0,3583.0,0.0,15,0,2,0,2.0
132965,0,0.40378661,49,1,0.28671009,8750.0,16,0,2,2,2.0
132966,0,0.41854476399999996,60,0,0.282607232,14850.0,9,0,2,0,1.0
132967,0,0.016851968000000002,79,0,0.227085879,9000.0,7,0,2,0,0.0
132968,0,0.028425297999999998,47,0,26.0,,3,0,0,0,0.0
132969,0,0.16495512,67,0,0.058171242000000005,5500.0,10,0,0,0,1.0
132970,1,0.8071928070000001,35,1,0.17195701100000002,4000.0,2,3,0,0,0.0
132971,0,0.029137996,63,0,0.12805569,6176.0,13,0,1,0,0.0
132973,0,0.040805018,53,0,4241.0,,6,0,2,0,0.0
132974,0,0.276290951,49,3,2007.0,,17,0,1,0,2.0
132975,0,0.0,36,0,0.0,2900.0,3,0,0,0,2.0
132977,0,0.0973387,46,0,0.255382974,15000.0,10,0,1,0,2.0
132979,0,0.025201473999999998,48,0,0.306418665,9300.0,12,0,2,0,0.0
132980,0,0.13570322199999998,41,0,0.408706086,15000.0,8,0,2,0,3.0
132983,0,0.146010489,58,0,0.05528778,7053.0,7,0,0,0,2.0
132984,0,0.525423729,30,0,0.139384117,1850.0,3,0,0,0,0.0
132987,0,0.409583617,58,0,1.152932622,4125.0,9,0,1,0,2.0
132988,0,0.025181756,54,0,0.39480408899999997,2347.0,11,0,1,0,2.0
132989,0,1.0337046559999998,32,1,0.143489487,5421.0,6,0,0,0,0.0
132990,0,0.258560565,64,0,431.0,,8,0,0,0,0.0
132991,0,0.0,23,0,0.592039801,200.0,1,0,0,0,0.0
132994,0,0.025232972000000003,65,0,6340.0,,15,0,6,0,3.0
132995,0,0.311684845,53,0,0.49800022899999996,8750.0,11,0,2,0,2.0
132998,0,0.893401015,44,0,1.980707395,932.0,9,0,2,0,0.0
132999,0,0.425734781,69,0,0.526664966,3918.0,20,0,0,0,1.0
133000,0,0.062080747,52,0,2995.0,,10,0,2,0,2.0
133003,0,0.48900200000000005,64,0,0.299876084,2420.0,5,0,1,1,0.0
133004,1,1.210526316,38,1,0.012567838000000001,3500.0,2,7,0,1,0.0
133005,0,0.711424513,65,1,0.480916031,9300.0,14,0,2,0,1.0
133006,0,0.119780653,40,0,0.23150878100000002,7800.0,7,0,0,0,4.0
133007,0,0.003996024,73,0,0.7899049490000001,3050.0,9,0,1,0,1.0
133008,0,0.024186627000000002,46,0,0.4,6109.0,10,0,2,0,2.0
133010,0,0.178332319,56,0,1593.0,,5,0,1,0,0.0
133012,0,0.224029848,55,0,0.466543294,10266.0,10,0,2,0,2.0
133013,0,0.42070197600000003,62,0,0.44971005799999997,5000.0,19,0,2,0,0.0
133014,0,0.009210284000000001,74,0,0.051688693,13619.0,12,0,2,0,1.0
133015,0,0.045173133,44,0,3583.0,,10,0,1,0,0.0
133016,0,0.08822251199999999,30,2,0.0819152,3466.0,5,0,0,0,0.0
133017,0,0.931841692,42,0,2501.0,,7,0,2,0,0.0
133020,0,0.012154473,44,0,2668.0,,6,0,1,0,0.0
133021,0,0.87498494,51,0,0.49503377,7550.0,10,0,1,0,2.0
133024,0,0.009115034000000001,75,0,7.0,,2,0,0,0,0.0
133025,0,0.088111143,47,0,154.0,,9,0,0,0,0.0
133026,0,0.184173731,42,0,0.236475063,4731.0,6,0,0,0,2.0
133028,0,0.637586332,63,0,0.24878413800000002,5345.0,6,3,1,0,1.0
133029,0,0.9999998999999999,39,98,0.0,,0,98,0,98,1.0
133030,0,1.124253934,86,5,0.56043956,1000.0,6,0,0,1,0.0
133031,0,0.058643082,34,0,0.020989505,2000.0,8,0,0,0,0.0
133032,0,0.387323362,54,2,0.169311215,5545.0,14,1,0,0,2.0
133033,0,0.36795434200000005,55,0,0.445404368,4166.0,9,0,2,0,1.0
133034,0,0.024401858,78,0,0.016940708,4013.0,6,0,0,0,0.0
133035,0,0.39627467200000005,52,0,0.446144524,6600.0,14,0,1,0,4.0
133036,0,0.929854958,30,1,0.369259606,3200.0,9,0,0,0,1.0
133037,0,0.00788222,69,0,382.0,,10,0,0,0,
133039,0,0.064624917,35,0,0.275096974,6444.0,6,0,1,0,3.0
133040,0,0.215926675,53,0,0.249275072,10000.0,7,0,2,0,1.0
133041,0,0.09458335,49,0,0.311067335,5583.0,21,0,1,0,1.0
133044,0,0.557822109,41,0,0.324947832,8625.0,8,0,1,0,3.0
133046,0,0.056865908,64,0,0.15230745,6348.0,5,0,1,0,1.0
133047,0,0.019959743999999998,64,0,0.090119368,16000.0,13,0,1,0,1.0
133048,0,0.0,37,0,3.292907801,1409.0,9,0,2,0,2.0
133049,0,0.877232382,46,0,0.078581472,6400.0,6,0,0,0,2.0
133050,0,0.012101793999999999,92,0,0.00255959,6250.0,3,0,0,0,0.0
133052,0,0.00090905,50,0,1252.0,,9,0,1,0,0.0
133053,0,0.8829908120000001,34,0,0.764446176,7700.0,9,0,1,0,4.0
133055,0,0.98676974,44,0,0.559188847,3944.0,12,0,1,0,1.0
133056,0,0.360954358,66,0,0.330039258,7386.0,9,0,1,0,1.0
133057,0,0.9999998999999999,26,0,371.0,0.0,6,0,0,0,0.0
133058,0,0.002527536,56,0,0.126195836,7107.0,11,1,0,0,2.0
133059,0,0.155705109,67,0,1043.0,,10,0,1,0,0.0
133060,0,0.008909127,26,0,0.232533889,1917.0,9,0,0,0,0.0
133061,0,0.033635231,43,0,0.170817807,5098.0,5,0,1,0,2.0
133062,0,0.155488939,32,1,0.272858117,13200.0,10,0,2,0,0.0
133065,0,0.900129622,59,0,0.534554538,1200.0,7,0,0,0,0.0
133066,0,0.866834875,29,2,4936.0,,10,0,4,0,
133067,0,0.05236843099999999,62,0,1867.0,,8,0,1,0,0.0
133068,0,1.081836327,35,3,0.291469194,3375.0,3,12,1,0,2.0
133069,0,0.0,37,0,0.447405051,5028.0,7,0,2,0,2.0
133070,1,0.35809875399999996,54,1,1509.0,,2,2,1,1,2.0
133072,0,0.268434295,36,0,0.042509427,2916.0,4,0,0,0,0.0
133074,0,0.990634523,48,0,0.609182531,6250.0,18,0,0,0,4.0
133075,0,0.9069767440000001,64,0,1258.0,,4,0,1,0,0.0
133076,0,0.023740132999999997,68,0,0.12001432199999999,13964.0,16,0,0,0,2.0
133077,0,0.030774398999999997,67,0,37.0,,7,0,0,0,0.0
133078,0,0.004153207,50,0,101.0,,4,0,0,0,0.0
133080,0,0.011649418,91,0,0.001135074,5285.0,4,0,0,0,0.0
133081,0,0.015408389,34,2,0.134216446,4000.0,12,0,0,0,0.0
133082,0,0.50505155,67,0,0.34495688,8000.0,10,0,1,0,0.0
133083,1,1.01175779,52,2,1.3662551440000001,1700.0,8,0,1,0,0.0
133084,0,0.059150888,74,0,0.016033911,5425.0,7,0,0,0,1.0
133085,0,0.368395449,62,0,0.15494835099999998,3000.0,6,0,0,0,0.0
133086,0,0.699417827,37,1,0.255983662,40150.0,14,0,3,0,0.0
133087,0,0.043882001,45,0,0.401459854,5753.0,13,0,1,0,1.0
133088,0,0.610778443,53,1,0.130115985,7500.0,2,0,1,0,0.0
133089,0,0.0,74,0,0.0,2000.0,6,0,0,0,0.0
133090,0,0.0,53,0,0.273846154,8449.0,7,0,2,0,2.0
133091,0,0.419236899,60,0,0.30360592399999997,6211.0,6,0,2,0,0.0
133092,0,0.001234537,61,0,0.197526533,11400.0,8,0,1,0,0.0
133095,0,0.242546858,39,0,0.36866718600000004,8980.0,9,0,2,0,1.0
133096,1,0.9999998999999999,34,1,0.132082459,8100.0,5,0,0,2,0.0
133098,0,0.027832406,67,0,0.205754916,9000.0,6,0,2,0,0.0
133100,0,0.33563503899999997,54,0,0.684336139,7960.0,10,0,1,0,3.0
133101,0,0.168934988,63,0,0.078262369,5800.0,4,0,0,0,1.0
133102,0,0.614564239,28,0,0.073690057,5400.0,2,0,0,0,3.0
133103,0,0.127632043,31,0,185.0,,3,0,0,0,0.0
133105,0,0.9999998999999999,41,0,295.0,,1,0,0,0,0.0
133106,1,0.7817949129999999,67,1,0.335591252,5166.0,12,0,3,0,1.0
133107,0,0.493396015,80,0,0.186351706,2666.0,5,0,0,1,0.0
133108,0,0.17122994100000002,46,0,0.28906322100000004,10834.0,8,0,1,0,0.0
133109,0,0.07471515599999999,54,0,0.505293228,5950.0,13,0,2,0,2.0
133111,0,0.286230891,67,1,0.516753537,9400.0,21,0,2,0,0.0
133112,0,0.0,55,0,399.0,,7,0,0,0,0.0
133113,0,0.251952086,42,0,0.26558216,5470.0,8,0,1,0,2.0
133114,0,0.085710204,48,1,0.793655025,3750.0,17,0,1,0,1.0
133115,0,0.305878456,47,0,3152.0,,11,0,1,0,1.0
133116,0,0.24380748800000002,66,0,0.379072336,7243.0,7,0,2,0,1.0
133118,0,0.9999998999999999,34,0,0.0,4200.0,2,0,0,0,0.0
133119,1,0.89376715,63,1,1635.0,,2,2,1,3,0.0
133120,0,0.9999998999999999,27,1,0.011254018999999999,1865.0,0,0,0,0,2.0
133121,0,0.9999998999999999,24,0,0.0,820.0,1,0,0,0,0.0
133122,0,0.909552261,58,0,0.499744924,9800.0,6,0,2,0,2.0
133123,0,0.031767627,59,0,0.5473470420000001,3938.0,9,0,1,0,1.0
133124,0,0.597407747,50,0,0.785423882,6640.0,9,0,3,0,0.0
133126,0,0.371738581,66,0,0.16979850600000002,13250.0,6,0,0,0,0.0
133127,0,0.539124567,55,0,0.161861485,6381.0,3,0,0,0,0.0
133129,1,0.917356663,39,0,1.197710718,1921.0,3,1,1,1,4.0
133130,1,0.9999998999999999,44,0,1255.0,,4,0,1,0,2.0
133131,0,0.9999998999999999,39,0,0.288415562,4600.0,4,0,0,0,2.0
133134,0,0.9484714479999999,61,0,0.40397351,7700.0,7,0,1,1,0.0
133136,0,0.18588092399999998,61,1,0.24450977,5782.0,13,0,0,0,1.0
133137,0,0.9999998999999999,66,0,0.166363636,3299.0,3,0,0,0,1.0
133139,1,0.957921507,33,1,0.20835978800000002,9449.0,13,0,0,0,0.0
133140,0,0.0,37,0,0.219973174,8200.0,17,0,2,0,1.0
133141,0,0.055023194000000004,39,0,0.35702641,9200.0,9,0,2,0,1.0
133142,0,0.101982848,81,0,173.0,,6,0,0,0,
133143,0,0.493502166,24,0,0.04894327,898.0,3,0,0,0,0.0
133144,1,0.9790209790000001,58,2,2018.0,,6,0,1,1,0.0
133145,0,0.990588604,47,0,0.661891117,5583.0,12,0,2,0,3.0
133146,0,0.054410164000000004,35,0,0.415226396,7000.0,9,0,1,0,1.0
133147,0,0.617568845,42,0,0.11735975400000001,7165.0,3,0,0,0,1.0
133148,0,0.126636731,52,2,0.9650193509999999,6717.0,11,0,5,0,3.0
133149,0,0.145603022,77,0,0.313491151,4350.0,10,0,1,0,0.0
133153,0,0.24275855600000001,30,1,0.270881403,4333.0,8,0,0,0,0.0
133154,0,0.9999998999999999,50,0,0.170798898,2540.0,2,0,0,0,1.0
133155,0,0.0,59,0,0.10172144,3833.0,4,0,0,0,0.0
133156,0,0.181678332,45,1,0.070160402,8166.0,9,0,0,0,1.0
133157,0,0.471050632,67,0,0.23711184800000001,6633.0,14,0,1,0,0.0
133159,0,0.046221474000000005,49,0,0.29458527100000004,6666.0,13,0,2,0,1.0
133160,0,0.058103734000000004,57,0,0.597543559,3500.0,4,0,1,0,1.0
133161,0,0.004004333,70,0,673.0,,9,0,1,0,
133162,0,0.055369068,27,0,0.100924918,3675.0,13,0,0,0,0.0
133165,0,0.0,49,0,565.0,,11,0,1,0,0.0
133166,0,0.580545944,23,0,0.04732544599999999,6000.0,3,4,0,1,1.0
133169,0,0.9999998999999999,32,0,174.5,1.0,1,1,0,0,0.0
133171,0,0.065295152,40,0,3942.0,,11,0,2,0,1.0
133173,0,0.488844447,45,0,0.523654439,5833.0,6,0,1,0,0.0
133174,0,0.9999998999999999,44,0,0.127175765,13500.0,1,0,1,0,1.0
133175,0,0.0,71,0,0.098688482,7700.0,4,0,1,0,1.0
133177,0,0.044149188,76,0,0.02259887,2300.0,6,0,0,0,0.0
133178,0,0.548181061,22,0,0.027429103,2150.0,3,0,0,0,0.0
133179,0,0.99920032,32,2,0.852858074,4600.0,10,0,2,0,2.0
133180,0,0.003961386,55,0,0.42219260200000003,3000.0,4,0,1,0,0.0
133181,0,0.0,68,0,0.002894356,4145.0,11,0,0,1,0.0
133182,0,0.004385837,72,0,3004.0,,11,0,2,0,0.0
133183,0,0.066393361,62,0,0.11798689,9000.0,3,0,1,0,1.0
133186,0,0.091222913,60,0,0.127942157,19500.0,10,0,2,0,1.0
133188,0,0.0,31,0,0.322546698,3800.0,2,0,1,0,1.0
133189,0,0.172965407,75,0,0.0034087809999999996,7333.0,2,0,0,0,0.0
133191,0,0.034326649,61,0,0.265534129,6533.0,7,0,2,0,0.0
133192,0,0.0,38,0,0.19772528399999997,8000.0,4,0,0,0,2.0
133193,0,0.026607267,27,0,0.056606675999999995,6500.0,13,0,0,0,0.0
133196,0,0.0,68,0,0.16297262099999998,2300.0,6,0,0,0,0.0
133197,1,0.7007525,45,1,0.211802136,13200.0,6,1,3,1,1.0
133198,0,0.008240755,58,0,18.0,,8,0,0,0,0.0
133199,0,0.128883741,50,0,3176.0,,14,0,1,0,0.0
133201,0,0.100485881,70,0,404.0,,4,0,0,0,0.0
133202,0,0.008543293,69,0,0.742925588,6678.0,8,0,4,0,0.0
133204,0,0.120750052,86,0,0.08950529,3496.0,15,0,0,0,1.0
133205,0,0.177594733,39,0,0.27521718100000003,8287.0,15,0,1,0,3.0
133206,0,0.9999998999999999,28,0,0.0,2782.0,0,1,0,0,1.0
133207,0,0.021188494,82,0,14.0,,5,0,0,0,0.0
133208,0,0.0,37,0,0.0,2500.0,5,0,0,0,0.0
133209,0,0.728532545,57,0,0.33672834,22483.0,22,0,4,0,0.0
133211,0,0.074449077,50,0,4457.0,,13,0,5,0,0.0
133213,0,0.0010138089999999998,71,0,1228.0,0.0,12,0,2,0,0.0
133215,0,0.36185525799999996,27,0,27.0,,1,0,0,0,0.0
133217,1,0.325214716,43,0,619.0,,3,1,0,1,0.0
133218,0,0.034411042,62,0,0.0061943480000000006,7748.0,7,0,0,0,0.0
133219,0,0.0027496559999999996,31,0,1181.0,,6,0,0,0,0.0
133220,0,0.608078384,59,0,873.0,,3,0,1,0,0.0
133221,0,0.958525346,50,2,0.24758413899999998,3000.0,3,0,0,0,0.0
133222,0,0.9999998999999999,49,0,2602.0,,4,0,1,0,0.0
133224,0,0.463062396,26,1,0.094624246,3645.0,4,0,0,1,0.0
133227,0,0.31276518600000003,52,0,0.250361795,7600.0,14,0,1,0,3.0
133229,0,0.849259597,58,1,0.30059585,14600.0,13,0,0,0,1.0
133230,0,0.259124681,31,0,0.323746054,2850.0,8,0,0,0,0.0
133231,0,0.027541283,46,1,1.160599572,1400.0,10,0,1,0,2.0
133232,0,0.0,52,0,4522.0,,9,0,1,0,2.0
133233,0,0.9999998999999999,28,0,0.183798711,3258.0,1,0,0,0,0.0
133237,0,0.302012562,47,0,0.329237858,5208.0,3,0,2,0,0.0
133238,0,0.897611553,39,0,0.256523212,2950.0,9,0,0,0,0.0
133240,0,0.065474462,53,0,47.0,,1,0,0,0,0.0
133241,0,0.085663398,68,0,0.34114430799999995,5120.0,12,0,1,0,0.0
133242,0,0.34090636399999996,46,0,0.263424022,26500.0,7,0,3,0,1.0
133243,0,0.230961506,44,0,0.10636106099999999,7765.0,6,0,1,0,0.0
133246,0,0.39132173600000003,52,0,0.047805102,4350.0,3,0,0,0,1.0
133247,1,0.678472436,60,4,0.375385973,6800.0,10,0,1,1,1.0
133248,0,0.523225161,32,1,0.17294235300000002,3000.0,4,0,0,0,0.0
133249,0,0.028007799,36,0,0.271625751,9490.0,10,0,2,0,0.0
133250,0,0.5603626420000001,37,1,0.393635059,7666.0,11,0,2,0,2.0
133252,0,0.427985995,67,0,0.662778588,4800.0,16,0,1,0,0.0
133255,0,0.00233764,77,0,0.118691435,6082.0,11,0,0,0,0.0
133256,0,0.077336606,42,0,0.269804645,6500.0,26,0,2,0,0.0
133257,0,0.026130036000000002,55,0,0.22882577899999998,15950.0,18,0,2,0,0.0
133258,0,0.296689569,23,0,0.007773459,1800.0,2,0,0,0,0.0
133259,0,0.028943794,70,0,0.573330047,4056.0,13,0,2,0,0.0
133260,0,0.026341142,60,0,1225.0,,13,0,2,0,0.0
133261,0,0.0,35,0,0.238481229,9375.0,9,0,2,0,2.0
133262,0,0.423314519,72,0,0.554563049,6716.0,18,0,2,0,0.0
133263,0,0.547452547,68,0,0.016356202,2200.0,5,0,0,0,0.0
133265,0,0.0,35,0,0.45683942200000005,11769.0,6,0,1,0,2.0
133266,0,0.378676898,31,0,0.08837327199999999,7886.0,8,0,0,0,0.0
133268,0,0.032183055,52,0,0.046558126,3500.0,5,0,0,0,0.0
133271,0,0.59947859,31,0,0.587266037,6250.0,5,0,1,0,0.0
133273,0,0.48840175700000005,59,0,0.32528578,10934.0,10,0,2,0,1.0
133274,0,0.0065477059999999995,59,0,3570.0,,11,0,2,0,0.0
133275,0,0.14974849999999998,50,0,0.096181316,10500.0,5,0,1,0,2.0
133276,0,0.01857373,46,0,0.285598212,4922.0,7,0,1,0,1.0
133278,0,0.002524787,49,0,0.675857431,4460.0,12,0,2,0,0.0
133279,0,0.13887343800000002,69,0,0.18376145100000002,16700.0,9,0,1,0,0.0
133280,0,0.017636195,70,0,781.0,0.0,14,0,1,0,0.0
133281,0,0.9999998999999999,45,2,0.015319801000000001,2610.0,2,0,0,1,0.0
133282,0,0.097261826,72,0,0.28761873,6000.0,5,0,1,0,0.0
133283,0,0.043825262000000004,31,0,0.47586403899999996,3500.0,8,0,1,0,0.0
133285,0,0.100438222,43,0,0.319107992,8833.0,3,0,1,0,2.0
133286,0,0.031905327000000004,73,0,0.256029685,3233.0,4,0,1,0,0.0
133287,0,0.146749287,76,0,0.042343202999999996,3140.0,5,0,0,0,1.0
133288,0,0.49936375200000005,75,0,0.094457199,3048.0,5,0,0,0,0.0
133290,0,0.018648866,54,0,0.215987295,5666.0,11,0,1,0,0.0
133291,0,0.013564818999999999,61,0,0.201299919,16000.0,8,0,1,0,0.0
133292,1,0.207312114,44,0,0.537503313,3772.0,8,0,1,0,3.0
133293,0,0.034094855,48,0,2.190420561,855.0,7,0,2,0,3.0
133294,0,0.042863264000000005,83,0,782.0,,24,0,0,0,0.0
133295,0,452.0,44,0,0.910544728,2000.0,10,0,1,0,1.0
133296,0,0.8300424890000001,41,1,0.405998696,4600.0,7,0,1,1,2.0
133297,0,0.474542378,48,0,630.0,,7,0,0,0,
133298,0,0.042088265,63,0,0.128682409,13000.0,5,0,1,0,0.0
133299,0,0.081614323,32,0,1.061397318,2833.0,9,0,2,0,1.0
133300,0,0.21642850100000002,41,1,0.299535023,6666.0,5,0,1,0,2.0
133302,0,0.115854443,59,0,0.563170333,5500.0,19,0,2,0,2.0
133305,0,0.244269872,68,0,0.38496401,3750.0,14,0,1,0,0.0
133309,0,0.013268998999999998,55,0,6066.0,,7,0,2,0,0.0
133310,0,0.575837056,45,3,0.40003999700000004,15000.0,12,0,7,0,2.0
133311,0,0.0,62,0,0.106835443,3949.0,3,0,0,0,1.0
133312,0,0.11138782,28,2,589.0,,7,0,0,0,0.0
133313,0,0.8957014329999999,27,0,0.45508982,500.0,4,0,0,0,0.0
133314,0,0.54770179,34,0,0.190361928,5000.0,4,1,0,0,2.0
133315,0,0.031886658,51,0,0.525837401,5940.0,12,0,2,0,1.0
133317,0,0.006574836,71,0,0.00139972,5000.0,2,0,0,0,0.0
133320,0,0.042177664000000004,62,2,4.766078648,5441.0,10,0,1,1,2.0
133321,0,0.073757402,71,0,0.11423086199999999,8333.0,5,0,1,0,0.0
133322,0,0.014577453999999998,82,0,25.0,,4,0,0,0,0.0
133325,0,0.122313534,31,0,0.390849871,6600.0,21,0,2,0,0.0
133327,0,0.5909823679999999,77,0,2.385026738,560.0,10,0,1,0,1.0
133328,0,0.367953239,33,1,0.45986496600000004,3998.0,12,0,1,0,0.0
133330,0,0.9999998999999999,32,0,0.051918085,3466.0,3,0,0,0,0.0
133331,0,0.75927898,54,0,2933.0,,7,0,1,0,2.0
133333,0,0.13977586,62,0,0.384871709,3000.0,7,0,1,0,0.0
133334,0,0.235575941,67,0,0.155162469,5200.0,14,0,0,0,0.0
133335,0,0.100106554,44,0,255.5,1.0,8,0,0,0,0.0
133336,0,0.01635755,37,1,3980.0,,7,0,2,0,0.0
133337,0,0.9999998999999999,57,0,15.0,,0,1,0,0,0.0
133339,0,0.914236547,75,0,0.119375433,13000.0,5,0,1,0,0.0
133340,0,0.0,46,0,0.163783622,10000.0,6,0,1,0,2.0
133342,0,0.27584547600000003,38,0,0.469404079,7500.0,16,0,1,0,0.0
133343,0,0.9999998999999999,40,2,1646.0,,3,0,1,0,2.0
133344,0,0.05347563599999999,58,0,0.794541092,3333.0,7,0,2,0,0.0
133345,0,0.465035084,39,0,0.182562423,4885.0,8,0,0,0,1.0
133346,0,0.024016827,74,0,0.04575961,4916.0,3,0,0,0,0.0
133348,0,0.037760157,71,0,2209.0,,11,0,2,0,0.0
133350,0,0.0,44,0,0.36503955200000004,5182.0,5,0,1,0,0.0
133352,0,0.0,32,2,6.471502591,192.0,25,0,0,0,0.0
133353,0,0.006463022,64,0,8.0,,8,0,0,0,0.0
133354,0,1.014733259,33,4,0.635442345,3650.0,11,0,2,0,0.0
133355,0,0.9752616559999999,44,1,0.922858495,2112.0,3,3,1,0,4.0
133356,0,0.9999998999999999,73,1,80.0,,2,0,0,0,0.0
133357,0,0.033682005,66,0,2214.0,,15,0,1,0,1.0
133358,0,0.006615281999999999,47,0,0.341164709,4000.0,12,0,1,0,0.0
133359,0,0.347162856,56,0,0.36718677899999996,10830.0,6,0,1,0,6.0
133360,0,0.289697732,57,0,0.191539674,3805.0,7,0,0,0,0.0
133361,0,0.0,78,0,0.084277688,10500.0,9,0,1,0,0.0
133362,1,0.862134993,56,2,1.011595362,2500.0,8,3,1,1,2.0
133363,0,0.49334485899999997,88,1,0.49870026,5000.0,11,0,1,0,0.0
133364,1,0.9999998999999999,34,0,0.020349875,2800.0,0,0,0,0,4.0
133365,0,0.9999998999999999,34,0,1.422310757,250.0,2,0,0,0,4.0
133367,0,0.145681857,59,1,0.516870782,4000.0,8,0,2,0,0.0
133368,0,0.091181764,24,0,0.166666667,1703.0,2,0,0,0,0.0
133369,0,0.428157789,56,0,0.650087478,4000.0,18,0,2,0,0.0
133370,0,0.060036014000000006,49,0,1516.0,,6,0,1,0,0.0
133371,0,0.392825651,45,1,0.35517158600000004,12500.0,13,0,2,0,0.0
133372,0,0.006336841,41,0,0.525523912,1860.0,6,0,1,0,1.0
133373,0,0.45338516700000003,49,0,0.5614064320000001,6000.0,12,0,1,0,0.0
133374,0,0.10128987099999999,45,0,0.10994431199999999,6284.0,10,0,0,0,0.0
133376,0,0.843328559,47,1,0.620077535,4900.0,7,0,1,0,2.0
133378,0,0.063419535,56,2,0.84109589,1094.0,21,0,2,0,0.0
133379,1,0.763870535,56,0,0.9408460009999999,3025.0,9,0,2,0,0.0
133380,1,0.7426739929999999,31,2,2909.0,,7,0,1,0,0.0
133381,0,0.065308982,61,0,4138.0,,20,0,3,0,2.0
133382,0,0.505494505,35,0,0.004999,5000.0,4,0,0,0,2.0
133384,0,0.0,59,0,0.316534777,2400.0,4,0,0,0,1.0
133385,0,0.9999998999999999,24,98,0.0,,0,98,0,98,
133389,0,0.026150494,36,0,1854.0,0.0,3,0,1,0,3.0
133390,0,0.10613890599999999,64,2,0.865437971,5045.0,12,0,4,0,0.0
133391,0,0.56037669,59,0,0.677830542,4000.0,13,0,1,0,0.0
133392,0,0.0,83,0,0.0,,6,0,0,0,0.0
133393,0,0.0,66,0,0.274138025,18300.0,9,0,1,0,2.0
133394,0,0.29714897,63,0,0.772250423,2954.0,10,0,2,1,0.0
133395,1,0.9999998999999999,25,0,0.090109304,3750.0,1,0,0,1,0.0
133397,0,0.138060162,65,1,100.0,,2,0,0,0,
133400,0,0.156713156,53,2,1462.0,,13,0,2,0,2.0
133401,0,0.016789032,59,0,0.16996167,9913.0,5,0,1,0,2.0
133402,0,0.451129073,59,0,0.23115376899999998,5000.0,6,0,1,0,0.0
133403,0,0.200387648,44,0,0.257249341,11000.0,8,0,1,0,3.0
133404,0,0.042919775,42,0,0.06566279900000001,4050.0,4,0,0,0,3.0
133405,0,0.026264604,40,0,1906.0,,13,0,1,0,0.0
133406,0,0.474460462,30,0,0.294083676,15583.0,8,0,2,0,0.0
133407,0,0.991773439,38,0,2965.0,,8,0,1,0,0.0
133408,0,0.274545091,59,0,0.027315122999999997,1500.0,1,0,0,0,2.0
133409,0,0.504738286,60,0,0.860704912,5333.0,14,0,2,0,0.0
133410,0,0.533282224,41,0,0.178109197,11666.0,4,0,1,0,2.0
133411,0,0.860428399,72,0,0.16390786,8638.0,12,0,2,0,1.0
133412,0,0.011195172,54,0,0.156369006,12866.0,14,0,1,0,0.0
133413,0,0.006767891999999999,47,0,628.0,,12,0,1,0,0.0
133414,0,0.029096275,42,1,0.152088345,9145.0,5,0,1,0,0.0
133415,0,0.005711178000000001,42,0,0.420736932,3500.0,10,0,1,0,1.0
133416,0,0.053613942000000005,44,0,0.293966624,3115.0,6,0,1,0,1.0
133417,0,0.012907917,61,0,805.0,,8,0,1,0,0.0
133418,0,0.493559046,68,1,0.403590041,5180.0,9,0,0,1,0.0
133420,0,0.254717386,55,1,0.32068654,3320.0,15,0,1,0,2.0
133421,0,0.001344014,83,0,0.22734255,1301.0,5,0,0,0,0.0
133423,0,0.835529305,33,0,0.043059407,6850.0,5,0,0,0,1.0
133425,0,0.9044748859999999,62,0,2691.0,,12,0,2,0,0.0
133426,0,0.237598657,74,0,199.0,,4,0,0,0,
133427,0,0.9352129570000001,32,1,1907.0,,5,0,2,0,2.0
133428,0,0.00579971,67,0,0.141737374,12374.0,4,0,1,0,1.0
133430,0,0.39673212700000005,50,0,0.606612601,8014.0,11,0,2,0,2.0
133432,0,0.9999998999999999,45,0,0.269949066,2355.0,4,0,0,0,3.0
133433,0,0.0,64,0,0.234362874,6442.0,5,0,1,0,0.0
133434,0,0.9999998999999999,28,0,0.003699137,2432.0,1,0,0,0,0.0
133436,0,0.606434916,51,2,0.56781073,3000.0,9,0,2,0,1.0
133439,0,0.719882282,56,0,0.535513838,5166.0,8,0,2,0,1.0
133441,0,0.23909676600000002,58,0,0.491003599,2500.0,5,0,1,0,0.0
133442,0,0.069138298,46,1,0.434596855,11000.0,12,0,1,0,0.0
133444,0,0.004290767,45,0,0.22577422600000002,1000.0,13,0,0,0,3.0
133445,0,0.077302094,55,0,0.16503190199999998,10500.0,24,0,1,0,0.0
133448,0,0.05115408,63,0,0.01669833,10000.0,4,0,0,0,0.0
133451,0,0.05533760099999999,57,0,1443.0,,7,0,1,0,
133453,0,0.530979347,39,0,0.362537202,5375.0,8,0,1,0,1.0
133454,0,0.0,67,0,0.184236071,5150.0,9,0,1,0,1.0
133456,0,0.913087227,32,1,0.284252832,2736.0,11,0,0,2,0.0
133457,0,0.10611460199999999,47,0,2305.0,,15,0,1,0,4.0
133458,0,0.0,50,0,113.0,,9,0,1,0,0.0
133460,0,1.0419720190000001,35,1,0.136184581,5330.0,7,0,0,0,2.0
133461,0,0.089044595,47,0,920.0,,7,0,1,0,
133463,0,0.125896711,39,0,0.129090441,3880.0,6,0,0,0,0.0
133464,0,0.092921934,62,0,39.0,,3,0,0,0,0.0
133469,0,0.42257742299999995,64,0,0.010994503000000001,2000.0,3,0,0,0,0.0
133470,0,0.59902729,31,0,0.11038233900000001,6250.0,14,0,0,0,0.0
133471,0,0.08383147099999999,63,0,0.19205967899999998,7908.0,17,0,2,0,2.0
133473,0,0.024819251,48,0,0.5815503329999999,2850.0,18,0,1,0,0.0
133475,0,0.037151283,47,0,0.11937585199999999,6600.0,3,0,1,0,1.0
133479,0,0.366971386,62,0,0.6420376320000001,4357.0,27,0,2,0,1.0
133480,0,0.014898237,63,0,0.10869565199999999,3311.0,4,0,0,0,0.0
133481,0,0.08734430900000001,66,0,1972.0,,7,0,1,0,0.0
133487,0,0.16467021699999998,41,0,0.02339766,10000.0,5,0,0,0,1.0
133490,0,0.0,81,0,0.0,4734.0,5,0,0,0,0.0
133494,0,0.0,62,0,508.0,,4,0,0,0,0.0
133496,0,0.020476953,44,0,0.104223944,4000.0,7,0,0,0,0.0
133497,0,0.065584657,50,0,0.053731542,30000.0,16,0,2,0,2.0
133498,0,0.34276206299999995,27,0,0.15636872599999999,5000.0,7,1,0,0,1.0
133499,0,0.815110769,52,0,5268.0,,12,0,2,0,0.0
133500,0,0.564250668,34,1,0.345351609,3355.0,11,0,0,0,0.0
133501,0,0.129816483,67,0,2822.0,,8,0,1,0,0.0
133502,0,0.33729280899999997,34,0,0.546033876,11925.0,12,0,3,0,1.0
133503,0,0.067070937,73,1,3676.0,,9,0,1,0,0.0
133504,0,0.33625043600000004,43,0,0.444455554,10000.0,16,0,2,0,0.0
133505,0,0.069326826,31,0,0.23870967699999998,2324.0,7,0,0,0,0.0
133506,0,0.667665792,46,0,1.762158561,1500.0,8,0,1,0,0.0
133507,1,1.023395321,48,1,6456.0,,7,0,3,0,
133508,0,0.9999998999999999,38,0,0.208233965,15933.0,7,0,1,2,2.0
133509,0,0.00032467,58,0,0.384769205,6000.0,21,0,1,0,2.0
133512,0,0.026414737999999997,56,0,0.546921868,7000.0,16,0,7,0,0.0
133513,0,0.006451518000000001,56,0,0.004456634,2916.0,5,0,0,0,0.0
133514,0,0.0,49,0,0.4940012,3333.0,3,1,1,0,0.0
133515,0,0.052364920999999995,57,0,1647.0,,6,0,1,0,
133517,0,0.183616759,38,0,759.0,,7,0,0,0,
133518,0,0.98520074,38,0,0.107435012,5500.0,3,0,0,0,0.0
133519,0,0.05802877,53,1,3079.0,,13,0,2,0,0.0
133520,0,0.024266861,48,0,0.028681357,2858.0,20,0,0,0,2.0
133521,0,0.239388331,47,0,8060.0,,13,0,2,0,0.0
133522,0,0.022794631,56,0,0.378251699,8533.0,7,0,2,0,0.0
133527,1,0.610778443,41,1,0.22366764600000003,2382.0,4,0,0,2,3.0
133528,0,0.25512611399999996,80,0,0.218156369,5000.0,8,0,0,0,0.0
133529,0,0.107923781,46,0,0.34304120299999996,7450.0,14,0,2,0,1.0
133532,0,0.037035128,37,0,0.235665025,10149.0,10,0,1,0,1.0
133533,0,0.033246753,73,0,0.007256894,6200.0,6,0,0,0,1.0
133534,0,0.9810636840000001,50,0,0.412807999,8400.0,6,0,2,0,4.0
133535,0,0.038780969,65,0,0.39427819799999997,3040.0,10,0,2,0,1.0
133537,0,0.9999998999999999,35,0,0.703599153,4250.0,8,0,2,0,0.0
133538,0,0.173718464,42,0,0.7918560259999999,5500.0,13,0,2,0,1.0
133539,0,0.0,41,0,474.0,,2,0,1,0,0.0
133541,0,1.039992002,42,1,0.165666952,3500.0,4,0,0,0,0.0
133545,0,0.065998693,52,2,0.162115832,8166.0,9,0,1,0,0.0
133547,0,0.015163465,67,0,0.001988481,14583.0,6,0,0,0,0.0
133548,0,0.011437131000000001,55,0,0.050941562,39083.0,16,0,1,0,3.0
133549,0,0.030760201,75,0,0.00819836,5000.0,4,0,0,0,0.0
133550,0,0.033094253,65,0,809.0,,17,0,1,0,0.0
133551,0,0.7470556490000001,46,0,0.47416413399999996,6250.0,8,0,1,0,0.0
133552,0,0.11142248099999999,54,0,0.284543091,5000.0,7,0,1,0,2.0
133553,0,0.291983315,41,0,0.455632624,4180.0,9,0,3,0,3.0
133554,0,0.157246414,55,0,0.235212773,15908.0,7,0,1,0,2.0
133555,0,0.527147285,30,0,0.448337425,4480.0,7,0,1,0,1.0
133557,0,0.035822061,46,0,0.3353983,12590.0,17,0,2,0,0.0
133558,0,0.637151428,52,3,0.091618948,9604.0,9,0,0,0,0.0
133559,0,0.17186264,38,0,3227.0,,12,0,2,0,0.0
133560,0,0.297816788,43,0,0.542639659,7750.0,6,0,2,0,2.0
133561,0,0.021405174,76,0,0.681030213,8075.0,12,0,3,0,1.0
133562,0,0.068497821,72,0,84.0,,5,0,0,0,0.0
133563,0,0.40559976200000003,38,0,0.33467573899999997,7200.0,6,0,1,0,2.0
133564,0,0.654005672,61,0,1.342357351,2400.0,12,0,1,0,2.0
133565,1,0.542813536,39,0,0.534687311,9945.0,6,0,1,0,3.0
133566,1,0.934374143,67,1,0.735373473,14083.0,22,0,2,0,1.0
133567,0,0.264901406,54,0,0.5524388339999999,6416.0,10,0,1,0,2.0
133568,0,0.041988530999999996,63,0,0.008330556,3000.0,3,0,0,0,0.0
133569,0,0.9999998999999999,54,0,2858.0,,3,0,1,0,0.0
133571,1,0.987004332,57,3,0.363998861,3510.0,6,0,0,0,1.0
133574,0,0.091483396,56,1,0.115109969,3500.0,6,0,0,0,0.0
133576,0,0.040646333,70,0,0.250590219,5929.0,10,0,1,0,0.0
133577,0,0.19032375199999998,59,0,0.19572126199999998,12900.0,6,0,2,0,0.0
133578,1,1.112706781,51,1,0.21996965899999998,7250.0,5,0,2,0,0.0
133579,1,0.894240485,48,2,1.886869605,2200.0,11,1,1,0,0.0
133580,0,0.0,37,0,0.312745448,2800.0,3,0,0,0,1.0
133582,0,0.545030331,48,0,0.7389469009999999,4500.0,6,0,3,0,0.0
133583,0,0.9999998999999999,76,0,0.0,470.0,2,0,0,0,0.0
133585,0,0.673662598,41,3,0.431754875,14000.0,16,0,2,0,2.0
133587,0,0.23994400100000002,61,0,0.491167921,13416.0,8,0,2,0,1.0
133589,0,0.209377745,41,0,0.381008711,9298.0,10,0,2,0,1.0
133590,0,0.0,87,0,864.0,,3,0,1,0,0.0
133591,0,0.15093301,47,0,0.284383899,12992.0,7,0,1,0,0.0
133592,0,0.007194245,41,0,0.679935244,10500.0,28,0,8,0,0.0
133593,0,0.111873402,49,0,0.22100955,2198.0,8,0,0,0,2.0
133594,0,0.0,65,0,0.50265542,3200.0,6,0,2,0,1.0
133596,0,0.398786044,50,0,0.18360949399999998,4465.0,6,0,0,0,2.0
133597,0,0.9431826990000001,37,0,0.28147453899999997,3200.0,8,0,0,0,4.0
133599,1,0.187146271,36,3,2.552086868,2946.0,7,0,3,0,1.0
133600,0,0.9999998999999999,22,0,0.0,3600.0,1,0,0,0,0.0
133601,0,0.05948958,31,0,0.640253566,4416.0,8,0,1,0,2.0
133602,0,0.972483792,58,0,0.63725581,10800.0,12,0,2,0,0.0
133603,0,0.035041299,73,1,0.13928690400000002,3000.0,17,0,0,0,0.0
133604,0,0.092168216,74,0,0.035438552000000005,7900.0,4,0,0,0,0.0
133606,0,0.524284836,46,0,3898.0,,10,0,1,0,0.0
133607,0,0.934021993,29,0,84.0,0.0,1,0,0,0,0.0
133608,0,0.8106793309999999,53,0,0.42545802899999996,8350.0,5,0,2,0,1.0
133610,0,0.699159282,26,0,0.20492681199999999,2800.0,5,0,0,0,1.0
133611,0,0.47810481,50,0,1.076610169,4424.0,16,0,2,0,2.0
133612,0,0.016175295,45,2,0.7990002629999999,3800.0,15,0,1,0,2.0
133614,0,0.039513637000000004,54,1,0.18397547,7500.0,11,0,1,0,2.0
133615,0,0.051376423,43,0,0.050793227999999996,7500.0,4,0,0,0,4.0
133616,0,0.46680342,38,0,0.328358209,6900.0,11,0,1,0,0.0
133617,0,0.00517834,46,4,613.0,,5,0,1,0,
133618,0,0.377903449,37,0,0.8548132559999999,1900.0,6,0,0,0,2.0
133619,1,0.945007548,30,0,0.08660892699999999,1500.0,2,0,0,0,0.0
133620,0,0.64096349,31,1,1198.0,,4,0,1,0,0.0
133621,0,0.618229806,40,0,0.101112361,8000.0,3,0,0,0,3.0
133622,0,0.012293466000000001,55,0,4694.0,,13,0,3,0,0.0
133625,0,0.0,86,0,0.0,,1,0,0,0,
133627,0,0.881423715,61,0,0.062080195,4912.0,2,0,0,0,0.0
133628,0,0.068109828,46,0,1.072650522,4500.0,17,0,3,0,3.0
133629,0,0.9999998999999999,41,0,0.030890987999999998,3916.0,0,1,0,0,3.0
133631,0,0.209197592,68,0,0.056078829000000004,6900.0,5,0,0,0,0.0
133633,0,0.11097002,58,0,0.11039684599999999,11666.0,6,0,2,0,2.0
133634,0,0.002205726,64,0,0.160641711,14024.0,17,0,1,0,0.0
133635,0,2.054945055,67,0,0.061675065999999994,8333.0,8,0,0,0,0.0
133636,0,0.9999998999999999,26,0,537.0,,1,0,0,0,0.0
133637,0,0.17938645,73,0,0.139632377,3100.0,7,0,0,0,0.0
133638,0,0.585661738,51,1,0.389394233,15500.0,19,0,2,0,2.0
133641,0,0.607030955,48,0,0.5612502429999999,5150.0,17,0,2,0,1.0
133642,0,0.117147142,35,0,889.0,,4,0,1,0,0.0
133643,0,0.010998899999999999,40,0,0.479638878,5205.0,5,0,2,0,1.0
133644,0,0.407986247,38,0,0.441378128,5833.0,6,0,1,0,0.0
133645,0,0.0,47,1,0.43383320200000003,3800.0,6,0,0,0,2.0
133646,0,0.9999998999999999,38,0,0.093234792,7035.0,4,0,0,0,3.0
133648,0,0.545841744,37,0,0.956109883,6333.0,9,0,4,0,1.0
133649,0,0.719112127,63,0,0.898156277,2277.0,9,0,1,0,0.0
133650,0,0.5100422,56,0,0.45075991600000004,8092.0,15,0,4,0,0.0
133651,0,0.596806387,50,0,0.005710206999999999,1400.0,1,0,0,0,0.0
133654,0,0.17633313,42,0,0.25686238899999997,5500.0,9,0,0,0,2.0
133655,0,0.099588186,66,0,0.36963775,8391.0,33,0,1,0,0.0
133656,0,0.177013217,57,0,0.318361673,9350.0,14,0,2,0,0.0
133658,0,0.076576952,53,0,0.683931607,10000.0,6,0,3,0,0.0
133659,0,0.302425149,64,0,1594.0,,10,0,1,0,0.0
133660,0,0.06528359,43,0,0.333238109,7000.0,7,0,1,0,3.0
133661,0,0.064662026,60,0,0.258217723,8000.0,3,0,1,0,1.0
133662,0,0.0,49,0,5949.0,,12,0,3,0,1.0
133664,0,0.9999998999999999,39,1,0.310540575,7750.0,4,4,2,0,3.0
133665,0,0.009160995,88,0,0.002285061,3500.0,9,0,0,0,0.0
133666,0,0.0,58,0,0.198374634,7505.0,6,0,1,0,0.0
133668,0,0.0,33,0,0.059334845,10583.0,5,0,0,0,2.0
133669,0,0.000911369,58,0,0.18242831,4916.0,8,0,1,0,1.0
133670,0,0.026425668,65,0,0.103089691,10000.0,10,0,1,0,1.0
133672,0,0.885852358,40,0,0.097357772,4200.0,3,0,0,0,5.0
133674,0,1.021295089,38,0,0.081224617,3200.0,3,3,0,0,3.0
133675,0,0.17708286,40,0,0.080538133,11000.0,2,0,0,0,3.0
133679,0,0.090244685,68,0,0.107894344,6700.0,6,0,1,0,0.0
133681,0,0.631382615,45,0,0.10239089900000001,11250.0,5,0,0,0,2.0
133682,0,0.9999998999999999,63,0,2.556068602,1515.0,3,0,2,0,1.0
133684,0,0.895231565,35,0,0.310758566,7500.0,11,0,1,0,0.0
133686,0,0.25362057,57,0,0.258970359,7050.0,24,0,0,0,0.0
133687,0,0.032392756,85,0,133.0,0.0,10,0,0,0,0.0
133688,0,0.5018124389999999,78,0,0.278388802,7000.0,16,0,1,0,0.0
133689,0,0.034550037,42,0,0.006508722,3840.0,4,0,0,0,2.0
133691,0,0.482670476,37,0,0.346272607,6800.0,7,0,2,0,1.0
133692,0,0.014422768999999998,39,1,260.0,,7,0,1,0,2.0
133693,1,1.478405316,53,1,106.0,,2,2,0,0,0.0
133694,0,0.268727447,62,0,6402.0,,11,0,3,0,0.0
133695,1,0.818238928,35,1,0.177587263,4898.0,5,1,0,0,3.0
133698,0,0.059841055,52,0,0.287787885,10333.0,17,0,2,0,1.0
133699,0,0.119162216,48,0,0.5679586560000001,3869.0,8,0,2,0,0.0
133700,0,0.0,31,0,0.34693563299999997,6493.0,11,0,1,0,0.0
133701,0,0.11401341,54,0,0.700280393,9985.0,20,0,5,0,4.0
133702,0,0.357314545,47,0,2282.0,,7,0,1,0,0.0
133703,1,0.293350717,69,0,0.684572142,1600.0,12,0,1,1,0.0
133704,0,0.051765249000000006,66,0,48.0,,1,0,0,0,0.0
133707,0,0.573317979,46,0,0.7435691320000001,11195.0,6,0,3,0,1.0
133708,1,0.9999998999999999,50,1,0.160661955,5800.0,2,0,0,0,0.0
133709,0,0.451976521,49,0,0.413117377,5000.0,11,0,1,0,1.0
133710,1,1.047203814,38,1,0.520732121,8850.0,9,4,1,2,5.0
133711,0,0.044395344,76,0,59.0,,7,0,0,0,0.0
133714,0,0.027827106,73,0,0.13338219099999998,2728.0,7,0,0,0,0.0
133717,0,0.019726237,85,0,0.00396376,5297.0,8,0,0,0,0.0
133718,0,0.162534894,76,0,135.0,,9,0,0,0,
133719,0,0.033986475,41,0,0.113219895,4583.0,3,0,0,0,3.0
133720,0,0.001749956,75,0,1006.0,,4,0,1,0,0.0
133721,0,1.123105042,32,3,0.325199645,2253.0,6,0,0,0,2.0
133723,0,0.300644005,71,0,0.116576685,5000.0,17,0,0,0,1.0
133724,0,0.100372238,63,0,0.618045113,664.0,8,0,0,0,0.0
133725,0,0.212121212,67,1,0.514780101,1386.0,15,0,0,0,0.0
133726,0,0.9999998999999999,37,0,0.50422341,5800.0,5,0,2,0,0.0
133727,0,0.159675772,61,0,0.929617235,9561.0,22,0,6,0,1.0
133728,0,0.8076088990000001,50,1,0.45093043,12950.0,15,0,2,0,1.0
133729,0,0.9999998999999999,34,1,0.553073657,5416.0,5,0,1,0,3.0
133730,0,0.69064325,37,0,0.31138826399999997,4890.0,10,0,0,1,0.0
133731,0,0.9999998999999999,45,0,0.012658228,1500.0,0,0,0,0,2.0
133732,0,0.009577565,61,0,0.5286253000000001,8750.0,13,0,2,0,1.0
133734,1,0.440207972,30,0,0.12571857,4000.0,5,0,0,0,0.0
133735,0,0.13798919699999998,67,0,0.39926007399999996,10000.0,7,0,3,0,1.0
133736,0,0.999900005,47,2,0.226397679,7583.0,4,0,1,0,2.0
133737,0,0.007866481,72,0,0.34748994899999996,9700.0,22,0,3,0,0.0
133738,0,0.034752935,65,0,0.037329778,10500.0,12,0,0,0,0.0
133739,0,0.136568264,53,0,0.394254279,6543.0,8,0,2,0,0.0
133741,0,0.014489403,78,0,0.010211897,3916.0,13,0,0,0,0.0
133742,1,0.395280629,46,0,0.431982232,1800.0,6,0,0,1,0.0
133743,0,0.757362132,59,0,0.37926625399999997,10166.0,7,0,1,0,1.0
133745,0,0.9999998999999999,45,0,0.49862740200000005,4006.0,4,0,1,0,2.0
133746,0,0.041308028,70,0,0.071692831,10000.0,12,0,1,0,0.0
133747,0,0.155174502,75,0,0.765661253,1292.0,10,0,1,0,0.0
133748,0,0.0,39,0,0.197714558,8400.0,5,0,1,0,1.0
133749,0,0.96550115,52,0,0.38384107700000003,15000.0,7,0,2,0,3.0
133750,0,0.069860279,22,0,1.0,0.0,1,0,0,0,0.0
133752,0,0.019509408,79,0,0.003332479,3900.0,5,0,0,0,0.0
133753,0,0.17141309600000001,52,0,0.057486935,4400.0,5,0,0,0,0.0
133754,0,0.6900182340000001,57,0,0.35266666700000004,5999.0,5,0,1,0,0.0
133756,0,0.07586364799999999,59,0,0.46327058,5417.0,5,0,1,0,1.0
133757,0,0.069374644,77,0,712.0,,7,0,1,0,0.0
133758,0,0.006038718,55,0,0.78943294,5166.0,15,0,1,0,0.0
133759,0,0.7882974840000001,55,0,0.320273595,33333.0,17,0,4,0,0.0
133761,0,0.04080806,36,1,0.007664112,3000.0,6,0,0,0,0.0
133763,0,0.278630494,53,0,0.47460087100000004,6200.0,12,0,1,0,1.0
133767,0,0.599527359,26,0,1.071863581,820.0,6,0,0,0,0.0
133768,0,0.97890211,29,0,0.486114197,4500.0,7,0,2,0,3.0
133770,0,0.016376741,63,0,0.083979005,4000.0,7,0,0,0,0.0
133773,0,0.840083447,41,0,0.236101853,7500.0,7,0,0,0,2.0
133774,0,0.140438067,41,0,2171.0,,16,0,1,0,0.0
133775,0,0.07435702599999999,65,0,55.0,,4,0,0,0,0.0
133776,0,0.39083218299999994,44,0,0.292353823,2000.0,2,0,0,0,3.0
133779,0,0.135064416,41,1,0.23171720399999998,6166.0,5,0,1,0,0.0
133780,0,0.09062561599999999,50,0,0.924415117,1666.0,12,0,1,0,1.0
133781,0,0.11348841,57,3,0.27828546600000004,4595.0,12,0,1,0,0.0
133782,0,0.640844723,70,0,0.37709976,8750.0,9,0,1,0,0.0
133783,0,0.433081515,65,0,0.719477024,5200.0,9,0,3,0,0.0
133784,0,0.004573775,93,1,15.0,,13,0,0,0,0.0
133786,0,0.009999649000000001,77,0,274.0,,6,0,0,0,
133787,0,0.014070833999999999,51,1,0.163953156,3500.0,8,0,0,0,0.0
133789,0,0.231024299,65,0,0.310538551,5161.0,5,0,1,0,0.0
133790,0,0.003539397,54,0,0.281128302,9500.0,10,0,2,0,1.0
133791,0,0.243764235,39,0,0.516969489,5833.0,6,0,2,0,0.0
133792,0,0.029983651,63,0,3630.0,,11,0,3,0,3.0
133797,0,0.0,59,0,0.027811907,8952.0,4,0,1,0,0.0
133798,0,0.152474886,53,0,0.131920904,3539.0,10,0,0,0,0.0
133800,0,0.040626696000000004,35,0,0.271466357,15500.0,16,0,2,0,2.0
133801,0,0.00935247,35,0,1146.0,,8,0,1,0,0.0
133802,0,0.621072317,38,0,0.86357404,4375.0,7,0,1,0,0.0
133804,0,0.034186432,64,0,0.010663111999999999,3000.0,5,0,0,0,0.0
133805,1,1.090795502,36,1,0.35446685899999997,2428.0,10,0,0,0,1.0
133806,0,0.4985005,24,0,0.06606724,2557.0,4,0,0,0,0.0
133807,0,0.074837949,51,0,437.0,,5,0,1,0,0.0
133808,0,0.016299457,68,0,0.001068113,12170.0,2,0,0,0,0.0
133810,0,0.010094101999999999,53,0,0.217351806,13208.0,7,0,2,0,3.0
133812,0,0.219901796,74,0,0.51996257,3205.0,13,0,1,0,0.0
133813,0,0.9999998999999999,55,0,0.32996845399999997,1584.0,2,1,0,0,1.0
133818,0,0.058885783,74,0,0.026394721,5000.0,4,0,0,0,0.0
133819,0,0.0,95,0,0.0,470.0,2,0,0,0,0.0
133820,0,0.526826353,61,0,0.618595351,4000.0,7,0,2,0,0.0
133822,0,0.041272487000000004,39,0,0.165037761,4501.0,6,0,0,0,3.0
133823,0,0.223260722,42,1,0.353254832,4500.0,7,0,1,0,0.0
133824,0,0.0074155340000000005,67,0,3142.0,,14,0,2,0,0.0
133827,0,0.0,45,0,0.0,8198.0,3,0,0,0,0.0
133828,0,0.7082152970000001,53,0,0.432088285,3533.0,4,0,1,0,2.0
133830,0,0.088921477,48,0,903.0,,4,0,1,0,0.0
133832,0,0.186281372,68,0,55.0,,2,0,0,0,0.0
133833,0,0.634163161,62,0,0.44200870600000003,6431.0,9,0,2,0,1.0
133834,0,0.08323204,48,0,2.664670659,500.0,6,0,1,0,2.0
133835,0,0.036725047000000004,29,0,0.005141388,3500.0,1,0,0,0,0.0
133836,0,0.005750064,79,0,742.0,,9,0,1,0,3.0
133837,0,0.0,63,0,0.259640476,6897.0,3,0,1,0,0.0
133838,0,0.48926043,40,2,0.12646106199999999,7100.0,4,0,0,0,0.0
133840,0,0.035457281,38,0,0.58403428,6300.0,7,0,3,0,3.0
133842,0,0.953046953,22,0,28.0,0.0,3,0,0,0,0.0
133843,0,0.9999998999999999,65,0,1265.0,,1,0,1,0,
133844,0,0.8343139690000001,62,0,0.24590322899999997,10312.0,15,0,1,0,1.0
133845,0,0.005943691,64,0,0.151163983,9750.0,21,0,2,0,1.0
133846,0,0.056514332,27,0,1938.0,,5,0,1,0,
133848,0,0.057837732999999995,66,0,0.448038819,2472.0,8,0,2,0,0.0
133849,0,0.18556288699999998,62,0,0.24309392300000002,3800.0,4,0,1,0,0.0
133850,0,0.01384373,31,0,0.449173919,15857.0,32,0,5,0,1.0
133851,0,0.348215324,38,0,0.257233592,2833.0,6,0,0,0,1.0
133852,0,0.053565004000000006,51,0,11.52238806,200.0,7,0,2,0,0.0
133853,0,0.9999998999999999,31,0,100.0,,1,0,0,0,0.0
133854,0,0.027530548,58,0,0.181818182,11010.0,20,0,1,0,4.0
133855,0,0.220807155,58,2,725.0,0.0,14,0,0,1,1.0
133857,0,0.0076452180000000005,69,0,0.169547208,7000.0,12,0,1,1,0.0
133859,0,0.349370044,54,0,1640.0,,8,0,1,0,0.0
133860,0,0.065416183,43,1,0.463817023,8000.0,7,0,1,0,2.0
133861,1,0.613903516,33,0,0.935688104,3000.0,8,0,2,0,3.0
133862,0,0.130096534,30,0,0.121077478,3600.0,9,0,0,0,0.0
133864,0,0.299558705,56,0,0.079135283,10222.0,9,0,0,0,0.0
133866,0,0.002339482,79,0,4.0,0.0,9,0,0,0,0.0
133870,0,0.204239788,80,0,193.0,,4,0,0,0,0.0
133871,0,0.418040439,52,0,0.326386119,10027.0,23,0,1,0,0.0
133872,0,0.363413055,40,0,0.148829811,4400.0,3,0,0,0,2.0
133873,0,0.041813637,55,0,0.005856888,7853.0,3,0,0,0,0.0
133874,0,0.709431404,45,0,0.565608598,4000.0,7,0,1,0,2.0
133875,0,0.071553965,57,0,0.263641937,11416.0,11,0,3,0,0.0
133876,0,0.03809873,48,0,0.073885782,5900.0,5,0,0,0,5.0
133878,0,0.07775792599999999,49,0,9245.0,,6,0,2,0,2.0
133880,0,0.901690074,32,3,0.41554113299999995,5700.0,6,0,1,0,1.0
133882,0,0.046810237000000005,87,0,64.0,,7,0,0,0,0.0
133883,0,0.752474918,60,0,0.196859903,4139.0,8,0,0,0,0.0
133884,0,0.04541789,71,0,42.0,,6,0,0,0,
133885,0,0.0,91,0,0.0,,1,0,0,0,0.0
133886,0,0.01729827,67,0,0.158783784,1775.0,2,0,0,0,1.0
133888,0,0.057169634000000004,82,0,61.0,,7,0,0,0,0.0
133889,0,0.083393747,67,0,0.38910974600000003,8300.0,6,0,2,0,0.0
133890,0,0.7402939740000001,28,0,0.681751179,6783.0,9,0,1,0,0.0
133891,0,0.103639149,69,0,188.0,,7,0,0,0,0.0
133893,0,0.9999998999999999,68,0,3496.0,,5,0,2,0,0.0
133894,0,0.8839787579999999,65,1,0.379231538,7000.0,16,0,0,0,1.0
133895,0,0.019720988000000002,31,0,0.090056871,16000.0,10,0,2,0,0.0
133897,0,0.09864742,60,1,0.31390615,4666.0,13,0,1,0,0.0
133900,0,0.653758749,55,1,2697.0,,8,0,2,1,2.0
133901,0,0.048553099,40,2,0.164398145,13150.0,7,0,1,0,0.0
133902,0,0.046985309,45,2,0.511989536,6880.0,8,0,2,1,4.0
133903,0,0.023633900000000003,81,0,0.008747813,4000.0,9,0,0,0,0.0
133905,1,0.9999998999999999,32,0,0.198821218,2544.0,7,2,0,1,0.0
133907,0,0.148560473,49,0,0.38507883600000004,7800.0,11,0,2,0,1.0
133908,0,0.015669871999999998,76,0,0.008264463,3750.0,7,0,0,0,0.0
133910,0,0.15483971800000002,36,0,1828.0,,5,0,1,0,
133911,0,0.055923855,70,0,1393.0,,10,0,1,0,
133913,0,0.25434913,31,0,1532.0,,9,0,0,0,0.0
133914,0,0.001099963,57,0,0.30337333,8833.0,10,0,2,0,0.0
133916,0,0.002107297,34,0,0.445520581,2477.0,6,0,1,0,0.0
133917,0,0.190923444,48,0,0.321224415,5422.0,6,0,1,0,3.0
133918,0,0.293294419,36,0,3238.0,,16,0,2,0,2.0
133920,0,0.115206006,80,0,0.452312139,3459.0,8,0,2,0,0.0
133921,0,0.05328946,48,0,0.225355368,8652.0,6,0,1,0,3.0
133922,0,0.9999998999999999,41,0,0.041884235,9000.0,1,0,0,0,0.0
133923,0,0.278206227,70,0,0.013175828999999998,2200.0,2,0,0,0,0.0
133924,0,0.013213391000000001,79,0,0.335458068,8000.0,17,0,1,0,0.0
133925,0,0.280330587,51,0,0.46429772399999997,8920.0,18,0,3,0,0.0
133926,0,0.9370069990000001,42,1,0.621779388,4967.0,12,0,2,0,1.0
133927,0,0.002281516,43,1,0.17897439399999998,14800.0,7,0,2,0,2.0
133928,0,0.0013491529999999999,49,0,0.612573885,1860.0,7,0,1,0,2.0
133930,0,0.350792557,73,0,0.384598604,4583.0,11,0,1,0,0.0
133932,0,0.66941891,54,0,0.33342221699999997,18750.0,10,0,2,0,0.0
133933,0,0.9999998999999999,47,0,0.362674726,2646.0,2,1,0,0,1.0
133934,0,0.16256712,49,0,0.5604036,3666.0,7,0,1,0,0.0
133936,0,0.0,50,0,0.18130803,9800.0,14,0,1,0,0.0
133938,0,0.7218599379999999,57,0,2733.0,,7,0,1,0,1.0
133939,0,0.119883523,70,0,0.030440709,2200.0,4,0,0,0,0.0
133940,0,0.14676962400000002,56,0,0.613134077,4750.0,9,0,2,0,0.0
133942,0,0.17466169899999998,50,0,0.551765513,5833.0,17,0,2,0,2.0
133943,0,0.9999998999999999,34,0,0.0,4167.0,0,1,0,0,1.0
133945,0,0.314108336,68,0,0.434485241,5555.0,5,0,2,0,1.0
133946,0,0.5973229520000001,42,0,0.138962035,30000.0,11,0,2,0,3.0
133947,0,0.024173492999999997,61,0,0.08567314599999999,8333.0,4,0,1,0,0.0
133948,0,0.41240487299999995,75,0,0.186703029,13566.0,14,0,1,0,2.0
133949,0,0.0,67,0,0.0,5000.0,8,0,0,0,0.0
133950,0,0.9999998999999999,32,0,0.0,2430.0,4,0,0,0,0.0
133951,0,0.0,50,0,0.38128402200000006,12491.0,10,0,3,0,1.0
133952,1,0.8320101809999999,72,2,0.660350545,2110.0,11,1,0,0,0.0
133953,0,0.64411801,29,0,0.524495101,5000.0,9,0,2,0,0.0
133954,0,0.44566265200000005,72,0,0.519246792,6000.0,8,0,2,0,1.0
133955,1,0.8270897209999999,62,0,0.223764575,1800.0,3,0,1,2,0.0
133956,1,1.00179964,38,3,2.934065934,1000.0,7,0,2,1,1.0
133957,0,0.038357063999999996,62,0,4142.0,,8,0,4,0,0.0
133958,0,0.410258255,30,0,0.175561097,2004.0,3,0,0,0,0.0
133960,0,0.079321709,65,0,0.022127433,3750.0,3,0,0,0,0.0
133961,0,0.043579239000000006,50,1,0.38683875700000003,5500.0,10,0,1,0,2.0
133962,0,0.26812198,42,0,0.030848329,1555.0,2,0,0,0,0.0
133963,0,0.05775769,86,0,43.0,,2,0,0,0,0.0
133964,0,0.0,61,0,0.31781197899999997,10200.0,12,0,1,0,1.0
133965,0,0.139236091,32,0,0.35947508200000006,6400.0,11,0,2,0,0.0
133966,0,0.8774628720000001,74,3,0.515810662,15400.0,12,0,1,0,0.0
133967,0,0.0066202330000000005,87,0,0.00036357,5500.0,1,0,0,0,0.0
133968,0,0.010468992,79,0,0.003498251,2000.0,8,0,0,0,0.0
133969,0,0.072829287,81,0,0.470286885,1951.0,3,0,0,0,0.0
133971,0,0.99540046,42,0,1.1566820279999999,5424.0,11,0,2,0,0.0
133972,0,0.002890708,73,0,0.05413512400000001,7000.0,10,0,0,0,0.0
133973,0,0.078755189,42,0,0.689517281,3500.0,6,0,1,0,0.0
133975,0,0.35932034,26,0,0.196436332,2300.0,2,0,0,0,0.0
133978,0,0.011666059,64,0,0.42390579899999997,4500.0,6,0,2,0,0.0
133980,0,0.9999998999999999,52,0,0.263610982,4297.0,1,0,1,0,1.0
133982,0,0.022441221,33,0,838.0,,12,0,1,0,2.0
133983,0,0.28760978600000003,73,0,0.7616990640000001,8333.0,45,0,3,0,0.0
133985,0,0.025537479,54,0,0.317709795,7125.0,4,0,1,0,2.0
133986,0,0.00040907199999999996,50,0,0.132111402,4200.0,7,0,1,0,1.0
133987,0,0.955770208,47,1,0.359375,3583.0,7,0,0,0,0.0
133988,1,1.035953551,45,2,0.26094781,5000.0,6,1,1,1,0.0
133990,0,0.056658867,44,0,0.652668416,8000.0,9,0,2,0,1.0
133991,0,0.041238349,90,0,0.011180802,11000.0,9,0,0,0,1.0
133993,0,0.145415223,57,0,0.162832657,2216.0,6,0,0,0,0.0
133995,0,0.504743053,80,0,1.044591082,5000.0,19,0,1,0,0.0
133996,0,0.392787858,53,0,0.848973405,7256.0,8,0,1,1,1.0
133997,1,0.620474407,41,0,0.003570518,3920.0,2,0,0,0,1.0
134000,1,0.0,74,0,0.109285127,2433.0,8,0,0,0,1.0
134003,0,0.002068252,23,0,0.0,3000.0,2,0,0,0,0.0
134004,0,0.012969356999999999,39,0,0.20156894,7520.0,13,0,1,0,1.0
134005,1,0.9999998999999999,21,0,307.0,,0,0,0,0,
134006,0,0.008162623,65,0,0.36116504899999996,3604.0,11,0,2,0,0.0
134008,0,0.36717017,70,0,2673.0,,15,0,2,0,0.0
134010,0,0.654213831,60,0,2.00059988,5000.0,7,0,0,0,2.0
134012,0,0.099132456,69,0,163.5,1.0,8,0,0,0,0.0
134014,0,0.21592027800000002,67,0,0.344310401,9200.0,9,0,4,0,2.0
134015,0,0.0,36,0,0.385833004,7580.0,6,0,1,0,3.0
134016,0,0.331686578,56,0,0.42707506700000003,6300.0,15,0,1,0,0.0
134017,0,0.00987775,38,0,0.229978097,10500.0,10,0,1,0,1.0
134018,0,0.798149636,41,0,0.8065857890000001,2884.0,10,0,2,0,0.0
134019,1,1.01998002,47,2,722.0,,9,0,0,0,0.0
134020,0,1.0518092620000001,48,3,0.363626264,9000.0,10,0,2,0,3.0
134024,0,0.19235346899999997,75,0,1.262275801,3400.0,12,0,1,0,0.0
134026,0,0.197629177,60,0,0.48635909200000005,7000.0,14,0,1,0,1.0
134027,0,0.000999875,36,0,0.268669406,7056.0,5,0,1,0,0.0
134028,1,0.969458247,30,0,0.130967258,4000.0,2,0,0,0,2.0
134030,0,0.08664451,48,0,0.097285068,4861.0,5,0,0,0,1.0
134032,1,0.999796085,53,0,0.37924966,12500.0,9,0,2,0,0.0
134033,1,0.574249405,66,0,0.268244898,12249.0,14,0,2,0,2.0
134034,0,0.00338039,61,1,1.279191308,7270.0,17,0,4,0,1.0
134035,0,0.065139755,65,0,0.36868858,2950.0,8,0,2,0,1.0
134036,0,0.040533711,49,0,0.167566487,5000.0,9,0,1,0,0.0
134037,0,0.0,63,0,0.0,,2,0,0,0,
134038,0,0.265760748,56,0,0.24980784,1300.0,3,0,0,0,0.0
134040,0,0.108195877,60,0,0.042139712,24750.0,12,0,1,0,0.0
134041,0,0.022975048999999997,61,0,0.27760765,16000.0,8,0,2,0,1.0
134042,0,0.053660343,53,0,0.0054277959999999995,7000.0,6,0,0,0,0.0
134043,0,0.02159892,44,0,2296.0,,5,0,1,0,0.0
134045,0,0.0,62,0,5935.0,,6,0,1,0,0.0
134047,0,0.910363571,43,3,0.18615617399999998,28416.0,12,0,3,1,2.0
134048,0,0.9838259079999999,39,2,0.054780254,4800.0,2,0,0,0,1.0
134049,0,0.03390872,47,1,0.680617496,11659.0,13,0,6,0,1.0
134051,0,0.0,39,0,0.068827598,12000.0,5,0,0,0,3.0
134052,0,0.5819706029999999,42,0,0.25980682,5072.0,4,0,0,0,0.0
134053,1,0.9999998999999999,31,1,0.149875104,1200.0,5,1,0,3,0.0
134054,0,0.0,38,0,0.0,4000.0,4,0,0,0,0.0
134056,0,0.9999998999999999,54,1,0.206721715,6902.0,10,0,1,0,2.0
134057,0,0.42050913700000003,40,1,0.444017141,9100.0,18,0,2,0,0.0
134060,0,0.022152142000000003,61,0,0.359631308,6400.0,5,0,1,0,1.0
134061,0,0.311672082,24,0,0.643930636,864.0,4,0,0,0,0.0
134062,1,1.2058016459999998,61,3,0.178360883,8650.0,12,0,1,0,1.0
134063,0,0.07576928299999999,61,0,2393.0,,5,0,2,0,0.0
134064,0,0.19393144,48,0,0.449770015,15000.0,9,0,4,0,2.0
134065,0,0.00503367,78,0,0.0027493129999999998,4000.0,4,0,0,0,0.0
134066,0,0.043089395999999995,51,0,0.11401628800000001,2332.0,9,0,0,0,0.0
134067,0,0.007905511,62,0,12.0,0.0,6,0,0,0,0.0
134069,0,0.086101901,61,0,0.179259652,15100.0,16,0,2,0,0.0
134070,0,0.308634239,46,0,2350.0,,5,0,2,0,2.0
134071,0,0.022158227000000003,72,0,0.0016663889999999999,6000.0,8,0,0,0,0.0
134073,1,0.8820786140000001,26,0,0.029313791000000002,1500.0,3,0,0,0,0.0
134078,0,0.009681633,81,0,0.014708728,5166.0,21,0,0,0,0.0
134079,0,0.304376805,70,0,101.0,,5,0,0,0,0.0
134080,0,0.08800245599999999,48,0,2131.0,,9,0,1,0,0.0
134081,0,0.6072967770000001,35,0,0.360056135,11400.0,11,1,1,0,3.0
134082,0,0.099090703,48,0,0.355822089,2000.0,9,0,1,0,1.0
134083,0,0.24785732800000002,25,1,0.115561118,4793.0,7,0,0,0,1.0
134084,0,0.038539905,63,0,0.267066552,3500.0,2,0,2,0,0.0
134087,0,0.492075858,64,0,0.7209098859999999,8000.0,24,0,2,0,0.0
134088,0,0.9999998999999999,45,2,0.39618906200000004,4040.0,3,2,1,3,2.0
134089,0,0.101457971,48,0,0.17964681899999999,8833.0,7,0,2,0,3.0
134090,0,0.115243785,58,0,0.33774202299999995,7333.0,11,0,1,0,0.0
134091,0,0.021348932999999997,50,0,12.0,,2,0,0,0,0.0
134093,0,0.022588112,48,1,0.369837189,5834.0,22,0,2,0,0.0
134094,0,0.162020536,48,0,0.353036045,12400.0,9,0,2,0,1.0
134096,0,0.134699406,56,3,0.538992892,9988.0,18,0,4,0,2.0
134098,1,0.332547324,42,3,0.304649742,18000.0,10,0,2,0,2.0
134099,1,0.0,91,0,18.0,,5,1,0,1,0.0
134100,0,0.9999998999999999,74,1,259.0,,2,0,0,0,0.0
134102,0,0.344327836,38,0,0.00294083,8500.0,3,0,0,0,0.0
134103,0,0.018019527,73,0,0.013997201,5000.0,10,0,0,0,1.0
134105,0,0.0,34,1,0.40343571100000003,1920.0,8,0,1,0,2.0
134106,0,0.064096818,76,0,0.065555958,5521.0,17,0,1,0,0.0
134108,0,0.189520699,43,0,0.125742884,3196.0,2,0,0,0,2.0
134110,0,0.719171233,59,0,1.047882136,3800.0,7,0,2,0,0.0
134111,0,0.9999998999999999,69,1,526.0,,1,0,1,0,0.0
134113,0,0.020256688000000002,49,0,0.25815711399999997,10450.0,6,0,1,0,0.0
134114,0,0.218954125,61,0,0.359832197,9534.0,18,0,2,0,0.0
134115,0,0.021248672000000003,89,0,0.001817851,5500.0,7,0,0,0,0.0
134116,0,0.9999998999999999,81,0,0.116057,6806.0,2,0,2,0,0.0
134118,0,0.134074637,44,0,0.44529411799999996,6799.0,13,0,2,0,0.0
134119,0,0.456534557,45,0,0.561339487,9316.0,12,0,4,0,3.0
134122,0,0.09266443099999999,52,0,0.28778211600000003,10500.0,28,0,2,0,3.0
134123,0,0.9999998999999999,91,0,0.43103448299999997,1101.0,6,0,1,0,0.0
134124,0,0.057310800999999995,60,0,2767.0,,15,0,1,0,0.0
134127,0,0.315445637,31,0,0.236480496,4511.0,3,0,1,0,1.0
134128,0,0.9999998999999999,45,0,0.032428927,9250.0,1,0,0,0,2.0
134129,0,0.178719541,49,0,1.221837755,2600.0,7,0,1,1,0.0
134130,0,0.0034249140000000003,53,0,0.09938723699999999,6690.0,3,0,1,0,0.0
134131,0,0.9245971059999999,34,1,0.259427533,2200.0,4,0,0,1,0.0
134133,0,0.9999998999999999,35,0,623.0,,4,0,0,0,0.0
134134,1,0.604263824,34,6,0.013923598999999998,2800.0,12,4,0,0,1.0
134135,0,0.005666457,27,0,523.0,,4,0,0,0,
134136,0,0.031499171,55,0,2.249861188,1800.0,11,0,5,0,0.0
134139,0,1.053259962,36,0,0.42068726100000003,2880.0,7,0,0,0,0.0
134140,0,0.28517858,33,0,907.0,,11,0,0,0,0.0
134141,0,0.67155509,27,0,0.062423997,7400.0,6,0,0,0,0.0
134142,0,0.370555219,51,0,2761.0,,12,0,2,0,2.0
134143,0,0.510998842,44,1,0.166943798,3006.0,8,0,0,0,1.0
134144,0,0.00768331,59,0,1878.0,,5,0,2,0,0.0
134146,0,0.8892391959999999,45,0,0.313833756,6700.0,8,0,1,0,0.0
134147,0,0.902245147,53,3,0.767715175,2892.0,16,0,0,0,0.0
134148,0,0.043247838,79,0,25.0,,5,0,0,0,0.0
134149,0,0.06295648,52,0,0.20320799899999997,9600.0,10,0,1,0,0.0
134150,0,0.0,48,0,0.00951212,6517.0,3,1,0,0,4.0
134151,0,0.889334671,43,0,0.39854192,6583.0,9,0,1,0,2.0
134152,0,0.048655752999999996,53,0,0.216684077,6700.0,9,0,1,0,2.0
134153,0,0.09611871699999999,63,0,0.551084951,11382.0,14,0,1,0,0.0
134154,0,0.9999998999999999,55,0,0.34513340299999995,13417.0,7,0,2,0,1.0
134155,0,0.088125842,40,0,1.340770791,2464.0,8,0,3,0,0.0
134156,0,0.172198488,64,0,0.106275749,25000.0,4,0,1,0,1.0
134158,0,0.46322556200000004,43,0,0.18754463600000001,7000.0,6,0,0,0,0.0
134159,0,0.0,37,0,0.262573743,10000.0,9,0,1,1,1.0
134160,0,0.23660734600000002,53,0,0.641124429,7007.0,22,0,1,0,3.0
134163,0,0.314648914,35,0,0.47914748100000004,7600.0,12,0,1,0,0.0
134168,0,0.149615636,63,0,0.29774825899999996,12345.0,19,0,2,0,1.0
134169,0,0.0,66,0,4629.0,,9,0,2,0,0.0
134170,0,0.07122675099999999,50,0,0.183836345,10900.0,9,0,1,0,0.0
134171,0,0.002426602,86,0,0.000666445,3000.0,4,0,0,0,0.0
134173,0,0.9987605979999999,56,2,1.058420226,7000.0,11,0,2,0,2.0
134174,0,0.04475125,27,1,525.0,,2,0,0,0,
134175,0,0.33442822699999997,59,0,0.37722007700000004,2589.0,3,0,1,0,0.0
134177,1,0.434922911,43,2,1.2393491490000001,8050.0,13,0,6,0,4.0
134178,0,0.9999998999999999,38,0,0.32241526600000003,3510.0,6,0,1,0,1.0
134179,0,0.355574544,55,0,3184.0,,16,0,2,0,0.0
134180,0,0.008867271999999999,58,0,0.25664160399999997,5984.0,10,0,1,0,1.0
134181,0,0.8486055779999999,40,0,0.0033314829999999997,1800.0,1,0,0,0,2.0
134182,0,0.002066598,59,0,0.26727370100000003,5600.0,8,0,2,0,1.0
134186,0,0.0,47,0,0.0,8000.0,6,0,0,0,2.0
134187,0,0.9999998999999999,28,0,0.009456265,2960.0,0,1,0,0,2.0
134188,0,0.082348097,68,0,0.254365983,2633.0,13,0,0,0,0.0
134189,0,0.005688826,40,0,14.0,,8,0,0,0,3.0
134190,0,0.034431692,78,0,0.000313922,6370.0,3,0,0,0,0.0
134192,0,0.186249197,35,0,0.489893501,4600.0,8,0,1,0,0.0
134193,1,0.9999998999999999,61,3,203.0,,1,0,0,4,3.0
134196,0,0.10086601699999999,55,0,0.384394808,6625.0,18,0,1,0,1.0
134197,0,0.084087751,58,3,3975.0,,18,0,2,0,2.0
134200,1,0.9999998999999999,57,0,0.36315921,4000.0,3,1,1,1,3.0
134203,0,0.185101862,40,2,2983.0,,6,0,1,0,0.0
134204,0,0.11072017199999999,54,0,0.134628117,4530.0,7,0,0,0,0.0
134205,0,0.417881564,51,2,0.10456155,4800.0,4,0,0,0,2.0
134206,0,0.00100292,84,0,0.0,,10,0,0,0,0.0
134207,0,0.021019682999999997,65,0,4143.0,,20,0,2,0,0.0
134208,0,0.0,78,0,0.041020337999999996,2900.0,7,0,0,0,0.0
134210,0,0.17862049100000002,64,0,0.041489628,4000.0,10,0,0,0,2.0
134211,0,0.959760015,60,0,0.21866827600000002,4970.0,3,0,0,0,0.0
134215,0,0.0067945819999999995,87,0,351.0,,17,0,0,0,0.0
134220,0,0.136149924,32,0,0.099816007,6521.0,8,0,0,0,0.0
134221,1,0.92704265,48,4,0.41282016200000005,7300.0,7,0,2,2,1.0
134222,0,0.236038682,67,0,141.0,,3,0,0,0,0.0
134223,0,0.210791568,76,0,158.0,,2,0,0,0,0.0
134226,0,0.14035087699999999,40,0,0.18838279600000002,6300.0,4,0,1,0,0.0
134227,0,0.021699048,70,0,0.018664889,10500.0,19,0,0,0,0.0
134228,0,0.114464916,43,0,0.27710327100000004,7000.0,5,0,1,0,0.0
134229,0,0.018352221000000002,50,0,0.268368449,7403.0,9,0,2,0,1.0
134231,0,0.18876721600000002,41,0,0.228369551,7500.0,10,0,2,0,0.0
134232,0,0.090521264,30,0,0.14642507300000002,4083.0,5,0,0,0,1.0
134233,0,0.9999998999999999,63,0,0.0,,1,0,0,0,0.0
134235,0,0.001970103,57,0,0.425467188,2300.0,15,0,2,0,0.0
134236,0,0.23773271199999998,30,0,558.0,,8,0,0,0,0.0
134237,0,0.8361861070000001,49,2,1435.0,,9,0,1,0,0.0
134239,0,0.9999998999999999,38,0,0.0,,0,0,0,0,0.0
134240,0,0.263698174,54,0,2214.0,,9,0,1,0,0.0
134241,0,0.38558488700000004,48,0,0.5998209489999999,3350.0,6,0,1,0,0.0
134243,0,0.44815786,44,0,0.40819788,7074.0,11,0,2,0,0.0
134245,0,0.9999998999999999,21,98,0.0,867.0,0,98,0,98,0.0
134246,0,0.05170605599999999,35,0,1417.0,,4,0,1,0,0.0
134247,0,0.295467986,29,0,0.31578947399999996,1500.0,6,0,0,0,0.0
134248,0,0.011996001000000001,77,0,0.002249438,4000.0,3,0,0,0,0.0
134249,0,0.585307596,68,1,0.762542403,5600.0,11,0,1,0,0.0
134251,0,0.18218096,45,0,3600.0,,10,0,1,0,0.0
134252,0,0.08599181,60,0,0.009522298,6300.0,3,0,0,0,1.0
134253,0,0.0016230079999999998,62,0,4.0,,11,0,0,0,0.0
134254,0,0.018492477,59,0,0.319322415,14226.0,14,0,3,0,2.0
134256,0,0.009877228,43,0,0.163427562,7923.0,16,0,0,0,2.0
134257,0,0.090932476,58,0,0.32570928600000004,8000.0,11,0,2,0,4.0
134258,0,0.493429371,31,0,0.47612504299999997,2910.0,15,0,0,0,1.0
134259,0,0.016828466,76,0,0.006248438,4000.0,4,0,0,0,0.0
134263,1,1.0313572359999998,30,0,685.0,,7,0,0,0,0.0
134264,0,0.06697405,69,0,0.013769598000000001,7334.0,8,0,0,0,0.0
134266,0,0.9999998999999999,53,0,0.0,5290.0,0,0,0,0,0.0
134267,0,0.04313389,44,0,0.334423549,8560.0,6,0,2,0,0.0
134268,0,0.49018591200000006,26,0,0.47415329799999995,560.0,6,0,0,0,0.0
134270,0,0.05049947900000001,77,1,0.23903070199999998,8500.0,18,1,1,0,0.0
134271,0,0.008373643,65,0,0.001384402,4333.0,4,0,0,0,0.0
134273,0,0.087969745,59,0,1029.0,,6,0,0,0,0.0
134275,0,0.0008238560000000001,66,0,0.278417735,4600.0,16,0,1,0,0.0
134276,0,0.632564394,33,0,1.1544295070000001,2900.0,9,0,3,0,1.0
134277,0,0.024512732000000002,62,0,0.745496009,4384.0,17,0,2,0,0.0
134278,0,0.075814237,52,0,0.169112053,9200.0,13,0,2,0,0.0
134281,0,0.05277585,69,0,0.139791634,6430.0,9,0,1,0,1.0
134282,0,0.192004208,31,0,0.258161866,3644.0,5,0,0,0,0.0
134283,0,1.575452716,50,0,0.5677862220000001,8157.0,9,0,1,0,1.0
134284,0,0.284541235,27,0,574.0,,6,0,0,0,0.0
134285,0,0.360102494,36,0,370.0,,6,0,0,0,0.0
134286,0,0.069276142,64,0,0.32071232,17800.0,18,0,6,0,0.0
134287,0,0.709895574,59,0,0.533946138,6200.0,17,0,2,0,1.0
134288,0,0.9999998999999999,47,0,0.346636674,13780.0,5,0,3,0,3.0
134289,0,0.100108468,47,0,0.19255309,10500.0,25,0,2,0,0.0
134290,0,0.9999998999999999,73,0,0.0,1035.0,1,0,0,0,0.0
134291,0,0.018866247,64,0,25.0,,4,0,0,0,0.0
134292,0,0.391731619,59,0,0.488936284,3750.0,12,0,0,0,0.0
134293,0,0.0,53,0,1311.0,,4,0,1,0,4.0
134294,0,0.20727858899999999,75,0,1.655672164,2000.0,9,0,2,0,0.0
134295,0,0.10359741,81,0,124.0,,2,0,0,0,
134296,0,0.048876639000000006,63,0,0.20946241300000001,9151.0,11,0,2,0,0.0
134297,0,0.009050963,72,0,0.001801261,9992.0,6,0,0,0,0.0
134298,0,0.044398731,64,0,0.106960604,9797.0,3,0,1,0,1.0
134300,0,0.8602279540000001,26,0,0.331077564,1920.0,4,0,0,0,0.0
134301,0,0.336719356,39,0,0.103375527,6161.0,6,0,0,0,2.0
134302,0,0.326673327,43,0,0.139953349,3000.0,6,0,0,0,0.0
134303,0,0.516929396,50,0,1.221259285,5653.0,24,0,2,0,0.0
134304,0,0.5920447520000001,55,0,0.523805861,13000.0,16,0,3,0,2.0
134305,0,0.330626775,62,0,249.0,,2,0,0,0,0.0
134306,0,0.049020975999999994,65,0,0.31395813899999997,7500.0,4,0,1,0,0.0
134307,0,0.022776372000000003,67,0,14.0,,6,0,0,0,0.0
134308,0,0.011616774,73,0,0.0015236639999999999,10500.0,8,0,0,0,0.0
134309,0,0.0,34,0,0.0,,4,0,0,0,0.0
134310,0,0.0,48,4,0.100707092,14000.0,10,0,0,0,0.0
134311,0,0.031138236,65,0,0.405078125,2559.0,9,0,0,0,0.0
134312,0,0.01552069,77,0,0.0035547659999999996,4500.0,3,0,0,0,0.0
134313,0,0.012075994,88,0,4.0,,5,0,0,0,0.0
134314,0,0.405189621,25,0,0.133993148,2626.0,2,0,0,0,0.0
134317,0,0.029818379,40,1,0.342885375,7083.0,5,0,2,0,3.0
134318,0,0.011201816000000002,45,0,0.488265519,7200.0,14,0,3,0,0.0
134319,0,0.056576466,50,0,0.335120643,2983.0,6,0,1,0,0.0
134322,0,0.072659956,37,0,0.21918797899999998,6920.0,7,0,2,0,2.0
134323,0,0.386939695,65,0,0.35878639799999995,9821.0,13,0,1,0,1.0
134324,0,0.003982213,56,0,1489.0,,5,0,1,0,0.0
134325,0,0.063550786,56,1,0.371518355,7000.0,13,0,3,0,1.0
134326,0,0.058788279000000006,65,0,0.227888523,10333.0,14,0,2,0,0.0
134327,0,0.290163138,48,0,0.297725558,9276.0,4,0,1,0,3.0
134329,0,0.10718779099999999,39,0,0.402061856,3200.0,9,0,1,0,0.0
134330,0,0.745771726,58,0,0.46671211100000004,4400.0,7,0,1,0,0.0
134331,0,0.018641515,60,0,21.0,,4,0,0,0,0.0
134332,0,0.9999998999999999,54,0,0.027894527000000002,133000.0,6,0,1,0,0.0
134335,0,0.209510096,58,0,0.35431355,7800.0,9,0,1,0,2.0
134336,0,0.0,65,0,0.073490378,6027.0,4,0,0,0,1.0
134337,0,0.326632204,53,0,0.310153299,4500.0,9,0,1,0,0.0
134338,0,0.534584962,44,1,1.282264267,6500.0,15,0,7,0,0.0
134339,0,0.073238535,59,0,0.23298054899999998,13983.0,10,0,1,0,1.0
134340,0,0.364545436,32,1,0.09016112400000001,5833.0,2,0,0,0,0.0
134342,0,0.5048569970000001,44,0,0.194701325,4000.0,3,0,0,0,3.0
134343,0,0.9999998999999999,69,0,0.171391753,2327.0,4,0,0,0,0.0
134345,0,0.615843963,41,0,0.530542838,7644.0,16,0,4,0,2.0
134346,1,0.573339112,38,0,0.253286428,5400.0,10,1,0,0,0.0
134347,0,0.932263527,47,1,0.261043447,5500.0,5,0,1,0,4.0
134348,0,0.011369893,67,0,0.19967620100000003,1852.0,10,0,2,0,1.0
134349,0,0.051615923,52,0,72.0,,4,0,0,0,0.0
134350,0,0.34108360600000004,47,1,0.172850478,4500.0,8,1,0,0,3.0
134351,0,0.0,29,0,0.173413293,2000.0,5,0,0,0,0.0
134353,0,0.17759289600000003,53,0,0.18819848,6710.0,3,0,1,0,0.0
134356,0,0.18586056,65,0,0.9652731509999999,12007.0,16,0,2,0,1.0
134358,0,0.12699422800000001,64,0,0.187633262,4689.0,4,0,1,0,1.0
134359,0,0.162929322,64,0,0.169581261,12465.0,15,0,1,0,1.0
134360,0,0.8775612190000001,43,0,0.031845953999999996,5400.0,5,0,0,0,2.0
134361,0,0.32398664,29,0,0.126692824,7900.0,8,0,0,0,2.0
134362,0,0.7495425729999999,33,0,0.21106953899999997,7750.0,10,0,1,0,1.0
134363,0,0.041401749,37,0,0.10164549099999999,4800.0,5,0,0,0,3.0
134364,0,0.515748113,44,0,0.819416832,3017.0,8,0,2,0,4.0
134365,0,0.0,21,0,0.0,0.0,1,0,0,0,0.0
134366,0,0.0,56,0,4.0,,9,0,0,0,0.0
134367,1,0.472411266,89,2,0.64027671,1300.0,6,3,0,0,0.0
134368,0,0.0577568,88,0,0.007890584,1900.0,3,1,0,0,0.0
134370,0,0.7641653909999999,74,0,0.04318143,5858.0,3,0,0,0,0.0
134371,0,0.541908669,42,0,0.590578861,12800.0,9,0,4,0,2.0
134372,0,0.0,73,0,1216.0,,3,0,1,0,0.0
134373,0,0.182605798,28,0,0.150385604,2333.0,4,0,1,0,0.0
134375,0,0.20434893399999998,53,0,0.854930305,5810.0,10,0,3,0,1.0
134377,0,0.085486597,64,0,0.24389916899999997,7457.0,11,0,2,0,0.0
134379,0,0.0,40,0,0.43404908,5867.0,4,0,1,0,2.0
134380,0,0.21707486899999998,34,0,0.05090248,7700.0,5,0,0,0,0.0
134382,1,0.21608863,44,0,0.5687989999999999,8800.0,15,0,1,0,2.0
134384,0,0.7630772790000001,47,0,0.7504165279999999,3000.0,7,0,1,0,2.0
134387,0,0.49123345,51,1,5481.0,,11,0,3,0,0.0
134389,0,0.011284145,77,0,0.00211257,6626.0,5,0,0,0,0.0
134390,0,0.027171467999999997,68,0,0.498866818,7500.0,7,0,2,0,3.0
134391,0,0.755390043,30,0,0.06286810000000001,7300.0,10,0,0,1,4.0
134392,0,0.066800414,48,0,0.269455253,3083.0,12,0,2,0,2.0
134393,1,0.198327577,74,0,0.057336078,3400.0,5,0,0,0,0.0
134394,0,1.014160766,32,0,0.403880521,3916.0,8,0,1,0,1.0
134395,0,0.001217285,56,0,0.0,4700.0,2,0,0,0,0.0
134398,0,0.176949528,61,0,0.320441989,3800.0,9,0,1,0,0.0
134402,0,0.8144324059999999,44,0,0.348235646,13375.0,16,0,2,0,1.0
134403,0,0.0,33,0,0.166458385,4000.0,5,0,0,0,0.0
134405,0,0.305130004,45,0,0.48657401200000006,7410.0,20,0,2,0,2.0
134406,0,0.010523558,76,0,7.0,,4,0,0,0,
134407,0,0.11298972800000001,27,0,0.277326671,1600.0,5,0,0,0,0.0
134408,0,0.18932586699999998,43,0,0.5687254829999999,13000.0,8,0,2,0,3.0
134411,0,0.173020726,59,1,0.138660889,24000.0,16,0,2,0,1.0
134413,0,0.02193473,54,0,0.366610671,12500.0,10,0,2,0,2.0
134415,0,0.9999998999999999,26,0,25.0,,0,0,0,0,0.0
134416,0,0.056431452,53,0,0.0051488,9710.0,2,0,0,0,3.0
134417,0,0.10513534699999999,61,0,417.0,,5,0,0,0,0.0
134418,0,0.129959015,50,0,0.47960407899999996,3333.0,8,1,1,1,1.0
134419,0,0.9999998999999999,28,0,104.0,0.0,0,0,0,0,0.0
134420,1,0.9999998999999999,46,0,0.463407134,3251.0,3,0,1,0,2.0
134421,0,0.000333315,31,0,438.0,,6,0,0,0,1.0
134422,0,0.097819845,47,0,0.24033249,8300.0,10,0,1,0,1.0
134424,0,0.18846157600000002,74,0,0.781284174,6400.0,23,0,9,0,1.0
134425,0,0.012191136000000002,48,0,1.140388769,4166.0,25,0,3,0,3.0
134426,0,1.076558266,56,1,0.522594365,3761.0,8,1,1,1,1.0
134429,0,0.1473006,57,0,0.19750623399999997,2004.0,6,0,0,0,1.0
134431,0,0.694905035,26,0,304.0,,10,0,0,0,0.0
134432,0,0.04346686599999999,45,1,1.353028065,2030.0,11,0,3,0,2.0
134433,0,0.116435139,61,0,0.63129832,3750.0,14,0,2,0,0.0
134434,1,1.03109328,66,6,0.180750574,3916.0,15,0,0,1,0.0
134436,0,0.000666652,77,0,0.207919095,5833.0,7,0,1,0,0.0
134437,0,0.019974627,50,0,0.072285673,6916.0,7,0,0,0,2.0
134438,0,0.379357933,35,1,0.281261028,8500.0,5,0,1,0,2.0
134440,0,0.04719528,47,0,14.0,,1,0,0,0,0.0
134441,0,0.137328756,55,0,3100.0,,17,0,1,0,0.0
134442,1,0.21677811600000002,59,3,0.564840499,2883.0,14,0,2,0,0.0
134443,0,0.0,57,0,0.419483101,5532.0,4,0,2,0,1.0
134444,0,0.061117147999999996,84,0,0.013598203,8456.0,7,0,0,0,0.0
134445,0,0.289077769,31,0,0.193161368,3333.0,8,0,0,0,0.0
134446,0,0.07926339999999998,42,0,0.228177182,10000.0,14,0,1,0,2.0
134448,0,0.6802463390000001,63,0,0.776377953,3809.0,21,0,1,0,0.0
134449,0,0.344036051,46,0,0.122709606,1800.0,7,0,0,1,0.0
134451,0,0.130457229,57,0,0.32691502699999997,14333.0,16,0,2,0,2.0
134454,0,0.006298717,28,0,547.0,,4,0,0,0,
134455,0,0.12312866300000001,41,0,0.538540071,3917.0,15,0,1,0,2.0
134458,0,0.9999998999999999,50,0,10.0,,0,0,0,0,0.0
134459,0,0.551964659,31,0,279.0,,6,0,0,0,
134461,0,0.013928073999999999,52,0,3701.0,,4,0,2,0,
134462,0,0.27759261,45,0,1.034588778,1300.0,7,0,2,0,3.0
134464,0,0.0,31,0,343.0,0.0,5,0,0,0,0.0
134466,0,0.257896293,52,0,0.485813614,8916.0,5,0,2,0,2.0
134467,0,0.009579808,87,0,0.003499125,4000.0,7,0,0,0,0.0
134468,0,0.0,32,2,0.0,3700.0,5,1,0,0,1.0
134476,0,0.9999998999999999,36,1,0.452355268,2780.0,10,0,1,0,0.0
134478,0,0.0,82,0,2.0,,9,0,0,0,
134480,0,0.06323366,46,0,0.191144965,4200.0,6,0,1,0,1.0
134481,0,0.08512798,63,0,0.307475854,13148.0,5,0,2,0,1.0
134482,0,0.9999998999999999,26,1,0.007575758,2771.0,0,2,0,0,1.0
134484,0,0.073016708,26,0,0.38507661600000004,1500.0,8,0,0,0,1.0
134485,0,0.0,85,0,0.0,4000.0,10,0,0,0,0.0
134486,0,0.42478699600000003,40,0,0.584851445,17400.0,20,0,7,0,2.0
134488,0,0.041185316,38,0,0.01187905,8333.0,6,0,0,0,0.0
134489,0,0.378389916,69,1,0.222421027,16207.0,14,0,1,0,1.0
134490,0,0.042665244000000005,44,0,0.032262365,7500.0,6,0,0,0,0.0
134492,0,0.021008789,56,1,0.069299427,11875.0,6,0,1,0,0.0
134498,0,0.10769673199999999,40,0,0.208106067,11916.0,8,0,2,0,1.0
134500,0,0.06782398099999999,66,0,0.259621657,3065.0,8,0,1,0,0.0
134503,0,0.5487986970000001,40,0,524.0,,9,0,0,0,0.0
134504,0,0.252737363,64,0,0.902680653,1715.0,6,0,2,0,0.0
134505,0,0.0,56,0,0.09119300400000001,1600.0,3,0,0,0,0.0
134506,0,0.021078347999999997,78,0,19.0,,6,0,0,0,0.0
134509,0,0.35939610899999996,37,0,0.211557688,5000.0,13,0,0,0,0.0
134510,0,0.7010649390000001,58,0,0.42940941200000005,7500.0,6,0,0,0,0.0
134512,0,0.9999998999999999,63,1,1100.0,,3,0,1,0,0.0
134514,0,0.0,48,1,0.0,3666.0,3,0,0,0,0.0
134517,0,0.731063447,38,2,0.176479949,6283.0,6,0,1,0,0.0
134518,0,0.0,37,0,0.32054176100000004,8416.0,12,0,2,0,0.0
134519,0,0.312822906,52,0,0.21576056100000002,10557.0,8,0,1,0,2.0
134520,0,0.040206812,62,0,0.297281462,8533.0,9,0,2,0,0.0
134521,0,0.40047415,68,0,0.541221374,2619.0,7,0,0,0,0.0
134522,0,0.019370963999999997,30,1,0.000887705,2252.0,2,0,0,0,0.0
134523,0,0.801178002,49,0,0.581890153,2020.0,10,0,0,0,0.0
134524,0,0.20497507,30,0,0.14870353,3200.0,4,0,0,0,0.0
134526,0,0.174230733,63,0,0.15926296199999998,7000.0,11,0,0,0,2.0
134527,0,0.105294735,52,0,0.088255319,11749.0,2,0,1,0,2.0
134528,0,0.013610875,53,0,0.242800501,9583.0,7,0,2,0,0.0
134530,0,0.371301304,34,0,0.36557930299999997,8000.0,9,0,2,0,0.0
134531,0,0.519925725,40,0,0.591779423,7833.0,5,0,1,0,0.0
134532,0,1.373022481,25,2,0.36839600200000006,2100.0,5,0,0,0,0.0
134533,0,0.277032266,44,0,0.612191025,4166.0,9,0,1,0,0.0
134534,0,0.103349614,50,0,0.13548849300000002,11166.0,8,0,2,0,0.0
134535,0,0.013226213,63,0,736.0,,8,0,1,0,0.0
134537,0,0.005945143000000001,38,0,0.35564730200000005,3390.0,7,0,1,0,3.0
134538,0,0.0,52,0,1554.0,,7,0,1,0,0.0
134539,0,0.026471408999999998,29,0,0.37691352899999997,4833.0,8,0,1,0,1.0
134540,0,0.7644710579999999,24,0,0.392143349,1450.0,3,0,0,0,0.0
134541,0,0.0,42,1,3122.0,,11,0,3,0,0.0
134543,0,0.47780026200000003,48,0,0.729923966,9600.0,11,0,7,0,1.0
134544,0,0.0,46,0,0.0,2500.0,3,0,0,0,0.0
134545,0,0.307716817,70,0,0.661741305,4398.0,12,0,1,0,0.0
134546,0,0.004090835,61,0,0.000832755,7204.0,5,0,0,0,1.0
134547,0,0.7100507709999999,53,0,0.522879661,8500.0,17,1,1,0,3.0
134548,0,0.368573535,48,0,1737.0,,8,0,1,0,1.0
134549,1,0.9999998999999999,48,0,0.539697354,15000.0,12,0,5,0,0.0
134550,0,0.17122824399999997,56,1,0.403146247,7500.0,11,0,2,0,1.0
134551,1,0.708335059,49,0,0.435007917,6946.0,8,0,2,0,0.0
134552,0,0.0583933,66,0,0.212517318,16600.0,12,0,2,0,1.0
134553,0,0.093972304,48,0,2533.0,,7,0,1,0,4.0
134554,0,0.021395721,76,0,0.468180844,4666.0,4,0,2,0,1.0
134555,0,0.059100294000000005,66,0,0.061134632,5904.0,12,0,0,0,0.0
134558,0,0.959475566,50,0,0.452721375,8322.0,11,0,2,0,3.0
134559,1,0.78863435,42,2,1.251961237,4333.0,5,0,2,2,0.0
134561,0,0.9999998999999999,39,0,0.082791721,10000.0,3,0,0,0,0.0
134563,0,0.50810065,33,0,1436.0,,7,0,0,0,0.0
134564,0,0.00173251,77,0,0.003713225,3500.0,12,0,0,0,1.0
134566,0,0.068024824,60,0,0.253649006,8700.0,9,0,1,0,1.0
134569,0,0.018720698,65,0,0.258058955,5800.0,12,0,1,0,0.0
134570,0,0.32131540000000003,60,0,0.334335086,2661.0,4,0,0,0,2.0
134572,0,0.007419116,70,0,0.001438504,4170.0,2,0,0,0,0.0
134574,0,0.745084972,50,0,0.436441543,4900.0,3,0,1,0,1.0
134575,0,0.9999998999999999,23,0,25.0,1.0,2,0,0,0,0.0
134576,0,0.288910043,41,1,1192.0,1.0,7,0,2,1,2.0
134578,0,0.7708545509999999,31,3,0.487837388,3000.0,7,1,0,0,2.0
134579,0,0.9999998999999999,40,0,0.0,3539.0,0,0,0,0,0.0
134581,0,0.300336333,50,0,0.641199572,2800.0,5,0,1,0,0.0
134582,0,0.091311998,60,1,0.10653273699999999,13638.0,14,0,1,0,0.0
134584,0,0.335661941,28,0,0.927590512,800.0,13,0,0,0,0.0
134585,0,0.501874787,46,0,0.30571178600000004,8000.0,8,0,2,0,2.0
134586,0,0.9999998999999999,29,0,0.414890511,3424.0,5,0,1,0,0.0
134588,0,0.5109965639999999,49,0,0.709946849,3950.0,8,0,1,2,0.0
134590,0,0.031598627000000004,54,0,0.337952811,11400.0,14,0,2,0,0.0
134592,0,0.107778444,31,0,0.043970685999999995,1500.0,3,0,0,0,0.0
134593,1,0.9999998999999999,33,98,0.0,4100.0,0,98,0,98,1.0
134594,0,0.022759631000000002,57,0,0.021995112,4500.0,11,0,0,0,0.0
134595,0,0.0,33,0,0.0,4052.0,1,0,0,0,0.0
134596,0,0.910952348,41,3,0.77316152,4500.0,15,0,2,0,2.0
134597,0,0.9605774570000001,61,0,0.17612687800000001,2395.0,8,0,0,0,1.0
134598,0,0.9999998999999999,33,0,0.0,2000.0,0,0,0,0,1.0
134601,0,0.077178487,49,0,0.37688308200000004,7500.0,11,0,2,0,0.0
134602,0,0.054904308,66,0,111.0,,7,0,0,0,0.0
134603,0,0.011684074,74,0,0.149797571,6421.0,9,0,1,0,0.0
134607,0,0.048459762999999996,37,0,0.17475728199999999,4737.0,7,0,2,0,0.0
134608,0,0.324975202,39,1,0.311772316,3864.0,13,1,0,0,2.0
134609,0,0.04398608,58,0,0.01243497,7880.0,9,0,0,0,1.0
134612,0,0.0,69,0,1.31980384,9583.0,22,0,9,0,0.0
134613,0,0.0,37,0,0.306447775,4202.0,9,0,1,0,0.0
134614,0,0.668929315,28,0,0.35169669,4773.0,8,0,0,0,1.0
134615,0,0.006914158,90,0,2.0,,7,0,0,0,
134616,0,0.760174855,50,0,0.35129210899999996,8667.0,7,0,1,0,0.0
134618,1,0.48343702200000005,64,2,0.302635565,3300.0,9,0,0,0,1.0
134619,0,0.9999998999999999,25,0,0.0,,1,0,0,0,
134620,0,0.596840316,42,0,0.320205998,3300.0,3,0,0,0,1.0
134622,0,0.411559385,67,0,0.469384154,5666.0,9,0,1,0,0.0
134623,0,0.013822016999999999,50,0,0.237520852,7792.0,13,0,1,0,0.0
134624,0,0.07315893,79,0,68.0,,1,0,0,0,
134625,0,0.079981613,24,0,0.006246096,1600.0,2,0,0,0,0.0
134626,0,0.46346327200000004,53,0,0.407847082,9939.0,12,0,1,0,0.0
134627,0,0.636938676,43,1,0.220082988,6024.0,5,0,0,0,0.0
134629,0,0.016996233,91,0,0.011595362,2500.0,4,0,0,0,0.0
134630,0,0.24582338899999998,44,1,0.12386778,8500.0,4,0,0,0,4.0
134631,0,0.0,61,0,0.14028735,8560.0,5,0,1,0,1.0
134632,0,0.42825297799999995,39,0,0.319545187,5100.0,7,0,1,0,3.0
134633,0,0.6329614570000001,56,0,0.335832084,2000.0,4,0,0,0,0.0
134634,0,0.154170231,44,0,0.448137966,4000.0,9,0,1,0,3.0
134635,0,0.121373594,73,0,0.7646062659999999,1180.0,9,0,1,0,0.0
134637,0,0.26935542,55,0,0.27856420600000004,5933.0,6,0,2,0,2.0
134638,0,0.034644392999999996,51,0,0.28172043,2789.0,9,0,1,0,1.0
134639,0,0.9999998999999999,44,0,0.062822953,3676.0,2,0,0,0,5.0
134643,1,0.9999998999999999,40,0,0.23758747100000002,3000.0,1,1,1,0,0.0
134644,0,0.015282322,82,0,34.0,,7,0,0,0,
134645,0,0.0,79,0,1.108940201,1688.0,6,0,1,0,0.0
134646,0,0.413555296,49,0,0.441532918,9158.0,17,0,3,0,4.0
134647,0,0.160542855,41,0,0.180370741,13000.0,12,0,0,0,2.0
134650,0,0.42296650700000005,51,0,1.0652920959999999,3200.0,15,0,2,0,0.0
134651,0,0.078493459,66,0,31.0,,2,0,0,0,0.0
134652,1,0.9999998999999999,32,0,0.136772645,5000.0,2,2,0,0,1.0
134653,0,0.1387215,38,0,0.8346128540000001,4558.0,16,0,2,0,2.0
134654,0,0.9999998999999999,61,0,24.0,,0,1,0,0,0.0
134655,0,0.6366832139999999,57,0,0.392760724,10000.0,13,0,2,0,1.0
134656,0,0.184787698,63,0,0.203436051,11000.0,7,0,1,0,1.0
134657,1,0.081091192,68,1,99.0,,15,0,0,0,0.0
134659,0,0.006666349,65,1,0.001738375,2300.0,5,0,0,0,0.0
134660,0,0.021554358,60,0,0.047579182000000005,7166.0,5,0,1,0,0.0
134661,0,0.0,44,0,0.477124183,2600.0,3,0,1,0,0.0
134662,0,0.033462205,42,0,0.256946248,7701.0,3,0,1,0,0.0
134664,0,0.030053802999999997,33,0,0.41679335799999995,8550.0,8,0,2,0,0.0
134665,0,0.22159943199999999,59,0,0.19079046,6666.0,8,0,1,0,0.0
134666,0,0.06233553,80,0,0.015558698999999999,5655.0,4,0,0,0,0.0
134667,0,0.916291273,33,0,1507.0,,12,0,0,0,0.0
134668,0,0.9999998999999999,51,0,0.401439424,2500.0,3,0,0,0,0.0
134669,0,0.110466871,57,0,0.270127448,6433.0,7,0,0,0,1.0
134670,0,0.109028473,60,0,0.45290941799999995,5000.0,22,0,2,0,0.0
134671,0,0.052428654000000005,56,0,0.08982584800000001,12000.0,4,0,1,0,0.0
134672,0,0.035320682,63,0,0.533561839,3500.0,10,0,1,0,1.0
134673,0,0.035276258,65,0,0.024198087000000004,1776.0,3,0,0,0,0.0
134674,0,0.23283068699999998,46,0,0.55919432,6900.0,7,0,1,0,2.0
134676,0,0.146334396,47,0,0.0016268979999999999,9219.0,1,0,0,0,2.0
134677,0,0.025722285,43,0,0.507473658,8161.0,5,0,1,0,0.0
134678,0,0.060451122999999995,49,0,0.916430595,2823.0,12,0,2,0,0.0
134679,0,0.528056613,61,0,411.0,,3,0,0,0,0.0
134680,0,0.0033397509999999997,36,0,0.13148009,9316.0,7,0,0,0,1.0
134681,0,0.02784425,63,0,0.21515696899999998,5000.0,8,0,1,0,0.0
134682,0,0.050868091,65,0,0.186809069,5336.0,6,0,1,0,0.0
134686,0,0.637664871,34,0,0.576883232,6756.0,9,0,2,0,0.0
134687,0,0.42638846799999996,66,0,0.623262619,4100.0,11,0,1,0,0.0
134688,0,0.505134884,72,0,0.260951385,9564.0,25,0,0,0,1.0
134690,1,0.433718324,59,3,0.821529745,6000.0,5,0,1,1,1.0
134691,0,0.0,82,0,0.190282925,17000.0,24,0,2,0,0.0
134693,0,0.063292156,61,0,0.261737912,5707.0,17,0,1,0,2.0
134694,0,0.69400938,41,0,0.20217729399999998,4500.0,7,0,0,0,2.0
134696,0,0.014719706,39,0,0.485601646,5833.0,9,0,1,0,4.0
134697,0,0.9999998999999999,62,1,38.0,,0,0,0,0,0.0
134698,0,0.936531734,36,1,0.163830716,4583.0,4,3,0,0,0.0
134699,0,0.0,40,0,0.043591282,5000.0,3,0,0,0,2.0
134700,0,0.0,50,0,0.320997835,9700.0,9,0,2,0,0.0
134702,0,0.102779444,23,0,0.009135200999999999,1641.0,1,0,0,0,0.0
134703,0,0.035585389,59,0,0.450601805,3987.0,3,0,1,0,0.0
134704,1,0.169381107,61,2,0.245039225,6500.0,14,0,1,0,0.0
134707,0,0.474133741,34,0,0.039223226,5200.0,2,0,0,0,1.0
134709,1,0.011102147,77,0,0.016393443,2500.0,7,0,0,0,0.0
134710,1,0.658442331,35,4,3295.0,,10,0,1,0,2.0
134712,0,0.0024432629999999998,91,0,400.0,,6,0,1,0,
134713,0,0.019582031,66,1,0.07645259900000001,4250.0,19,0,0,0,1.0
134714,0,0.09610841699999999,60,0,0.27020835600000004,27500.0,15,0,4,0,0.0
134715,0,0.014713865,75,0,0.16743023699999998,2400.0,6,0,1,0,1.0
134717,0,0.004716477,73,0,0.669141302,8081.0,20,0,3,0,0.0
134718,0,0.078872255,51,0,0.319584383,3175.0,11,0,0,0,0.0
134719,0,0.064092806,43,0,0.533558305,8000.0,11,0,3,0,3.0
134721,0,0.9999998999999999,60,0,4124.0,,6,0,2,0,1.0
134723,0,0.15673783800000002,80,0,0.390432099,647.0,9,0,0,0,0.0
134724,0,0.075050352,49,0,1715.0,,7,0,2,0,0.0
134725,0,0.279711524,64,0,706.0,,9,0,0,0,0.0
134726,0,0.209684331,25,0,0.12395042,2500.0,4,0,0,0,0.0
134728,0,0.914373762,55,0,0.6727443359999999,7458.0,19,0,2,0,0.0
134729,0,0.237345332,27,0,0.057988402,5000.0,2,0,0,0,0.0
134731,0,0.0,53,0,968.0,,11,0,2,0,0.0
134732,0,0.007758269,56,0,0.025334272,2841.0,13,0,0,0,0.0
134733,0,0.036563856,65,0,69.0,,7,0,0,0,0.0
134734,0,0.043847807999999995,54,0,0.254955824,13468.0,3,0,2,0,2.0
134735,0,0.010603218000000001,50,0,0.19661088300000001,9500.0,22,0,1,0,4.0
134736,0,0.08793406599999999,39,0,0.369979224,5775.0,10,0,2,0,2.0
134740,0,0.976179974,57,0,0.588878475,3200.0,4,0,1,1,3.0
134741,0,0.09301512599999999,42,0,0.10250099800000001,15033.0,10,0,1,0,1.0
134746,0,0.529105966,64,0,0.841408024,5283.0,16,0,1,0,2.0
134747,0,0.005321164000000001,88,0,1393.0,,7,0,2,0,0.0
134748,0,0.096190439,65,0,0.02070922,3524.0,9,0,0,0,2.0
134749,0,0.025516241000000002,77,0,0.021125625,6200.0,9,0,0,0,0.0
134750,0,0.148942553,44,0,0.292243965,7000.0,4,0,2,0,1.0
134751,0,1.136972685,60,0,1.051202961,6483.0,16,0,2,0,0.0
134752,0,0.977522865,48,1,3559.0,,5,0,1,0,3.0
134754,0,0.316196666,61,0,766.0,,7,0,0,0,1.0
134756,1,0.29403892,39,0,2828.0,,13,0,1,0,0.0
134759,0,0.23350073300000002,50,0,0.28153121,7000.0,7,1,1,0,0.0
134761,0,0.237812935,37,0,0.9419249590000001,3064.0,9,0,1,0,0.0
134762,0,0.471434333,77,0,9898.0,,20,0,4,0,0.0
134763,0,0.13920477,64,0,4177.0,,10,0,3,0,0.0
134766,0,0.10458619300000001,73,0,0.024950005,10500.0,7,0,0,0,0.0
134767,0,0.029068632999999997,66,0,0.018993668999999998,3000.0,5,0,0,0,0.0
134769,0,0.0,39,0,0.362727597,2800.0,6,0,1,0,0.0
134770,0,0.318514457,48,0,2501.0,,13,0,1,0,0.0
134771,0,0.09055849199999999,68,0,0.18516042800000002,2991.0,8,0,0,0,0.0
134772,0,0.020704003000000002,64,1,0.129500269,3721.0,11,0,0,0,0.0
134773,0,0.05092404,62,0,666.0,,5,0,0,0,0.0
134774,0,0.7692307690000001,48,2,0.292693859,6692.0,6,1,2,1,2.0
134775,0,0.063878671,67,0,0.21224443,17460.0,14,0,2,0,1.0
134777,1,1.214694369,32,1,249.0,,8,2,0,3,0.0
134779,0,0.018516934,61,0,0.178225451,9083.0,10,0,1,0,0.0
134780,1,0.32627274100000003,50,1,0.509046592,10666.0,17,0,5,0,4.0
134781,1,0.967489666,34,0,0.25488386399999996,6500.0,7,1,0,3,2.0
134782,0,0.019940937,70,0,0.188730688,3300.0,6,0,1,0,0.0
134783,0,0.08441663199999999,47,0,0.19199616,16666.0,5,0,2,0,2.0
134784,0,0.02634837,62,0,0.243219598,8000.0,6,0,2,0,0.0
134785,0,0.038961038999999996,22,0,1.0,0.0,2,0,0,0,0.0
134786,0,0.005281915999999999,74,0,0.34649307,16666.0,11,0,2,0,0.0
134787,0,0.156944907,52,4,0.346331709,8000.0,9,0,4,0,2.0
134789,0,0.167818982,54,0,0.245922886,9258.0,5,0,1,0,4.0
134791,0,0.02675893,73,0,0.583676834,1212.0,8,0,2,0,0.0
134792,0,1.005428054,28,0,0.304939012,5000.0,9,0,0,0,0.0
134793,0,0.406724243,59,0,0.990497238,4524.0,28,0,1,0,2.0
134794,0,0.148406817,54,0,4941.0,,19,0,3,0,1.0
134795,0,0.014317871999999999,83,0,0.009596162,5001.0,8,0,0,0,0.0
134796,0,0.9270488590000001,58,0,1.039360605,5817.0,24,0,2,0,0.0
134797,0,0.123187681,41,0,0.240237691,2355.0,5,0,1,0,2.0
134798,0,0.203397363,36,0,0.340968586,4583.0,4,0,1,0,0.0
134799,0,0.24064374800000002,52,0,0.137125049,7700.0,20,2,1,1,2.0
134802,0,0.38757449,44,0,0.230848802,17400.0,7,0,2,0,4.0
134804,0,0.019543678000000002,73,0,0.006855184,3500.0,3,0,0,0,1.0
134805,1,0.9999998999999999,50,0,0.00886382,13650.0,1,0,0,0,3.0
134807,0,0.344329865,53,0,0.219217217,10500.0,24,0,2,0,0.0
134810,1,0.9999998999999999,52,0,0.0,1404.0,0,0,0,0,0.0
134812,0,0.207442894,30,0,430.0,,5,0,0,0,0.0
134813,0,1.111111111,57,0,0.285904698,3000.0,5,3,0,0,0.0
134814,0,0.89644018,58,0,0.7459378390000001,12000.0,13,0,3,0,1.0
134815,0,0.115283489,51,0,0.450445903,11885.0,20,0,3,0,0.0
134819,0,0.9999998999999999,83,0,1007.0,,2,0,1,0,0.0
134820,0,0.032729639,57,0,0.39323300899999997,10166.0,11,0,3,0,1.0
134822,0,0.6601963160000001,37,2,0.154975004,6200.0,8,0,0,0,3.0
134823,0,0.02636124,57,0,860.0,,2,0,1,0,0.0
134824,0,0.110493094,42,0,0.245409925,5500.0,3,0,1,0,2.0
134825,1,0.06031136,44,0,0.22211014699999998,4956.0,5,0,1,0,3.0
134826,0,0.63881531,71,0,2642.0,,9,0,1,0,0.0
134827,0,0.053624822,51,0,32.0,,1,0,0,0,0.0
134829,1,0.743107124,55,0,0.42705570299999995,4900.0,7,2,1,0,3.0
134830,0,0.9999998999999999,46,0,1782.0,,2,0,1,0,0.0
134837,0,0.637606628,40,0,0.341863255,2500.0,11,0,0,0,2.0
134838,0,0.214147493,44,0,0.339260703,16420.0,15,0,7,0,3.0
134839,0,0.066736591,56,0,0.207694505,10500.0,28,0,1,0,1.0
134841,0,0.061262582,53,0,0.7257097159999999,2500.0,11,0,1,0,0.0
134842,0,0.0,38,0,0.48557617299999994,12825.0,12,0,4,0,4.0
134843,1,0.9999998999999999,46,1,0.5533558670000001,4141.0,5,1,1,0,3.0
134844,0,0.121923324,61,0,0.42402992100000003,6416.0,11,0,1,0,0.0
134846,0,0.164402979,49,0,0.331583042,5141.0,9,0,1,0,0.0
134847,0,0.0,80,0,0.0,10000.0,5,0,0,0,0.0
134849,0,0.544022799,74,0,0.162440226,6900.0,6,0,1,0,0.0
134850,0,0.303463036,40,0,0.260313275,12895.0,14,0,1,0,2.0
134853,0,0.104888662,59,1,0.292647365,4800.0,9,0,1,0,2.0
134854,0,0.0,53,0,2145.0,,8,0,2,0,0.0
134855,0,0.070871493,68,1,0.006772244,9597.0,8,0,0,0,0.0
134856,0,0.620940939,44,0,0.43077128200000003,15000.0,13,0,2,0,1.0
134857,0,0.38084657299999997,30,0,0.330505907,3300.0,7,0,0,0,0.0
134858,1,1.0103665309999998,78,2,0.463752334,12855.0,10,0,1,1,0.0
134859,0,0.203162247,52,0,0.11275525300000001,6757.0,8,0,0,0,0.0
134861,0,0.333282052,62,0,0.702455988,4600.0,17,0,1,0,0.0
134863,0,0.0,45,1,4047.0,,4,0,3,0,1.0
134864,0,0.8484932070000001,43,0,0.29848594100000003,4160.0,5,0,0,0,1.0
134865,0,0.115766696,45,0,0.346649107,6833.0,5,0,1,0,0.0
134866,0,0.03964676,54,0,0.28437725,8333.0,6,0,2,0,2.0
134869,0,0.282935815,49,0,0.228363325,14003.0,12,0,4,0,0.0
134870,0,0.09234584800000001,53,1,4144.0,,5,0,2,0,0.0
134874,0,0.724971523,30,4,0.364737958,3300.0,10,0,0,0,0.0
134875,0,0.0,48,0,1575.0,,2,0,1,0,0.0
134877,0,0.764884378,42,0,0.217779668,9403.0,11,0,0,0,2.0
134878,0,0.239486518,71,0,0.456933569,11876.0,33,0,1,0,0.0
134879,0,0.37791862299999995,31,0,0.326089855,7500.0,7,0,1,0,0.0
134881,0,0.022451475,73,0,27.0,,9,0,0,0,0.0
134884,0,0.954624605,62,5,6683.0,,11,0,1,0,0.0
134887,0,0.335222183,40,0,1473.0,,6,0,1,0,0.0
134889,0,0.615489905,51,0,1.111938873,5234.0,8,0,3,0,1.0
134892,0,0.9999998999999999,31,0,0.027610008999999998,1158.0,1,0,0,0,0.0
134893,0,0.9999998999999999,55,0,0.419605665,3600.0,4,0,2,0,0.0
134894,0,0.049189039000000004,46,0,850.0,,9,0,1,0,0.0
134898,0,0.081680751,46,0,0.210708578,7507.0,3,0,1,0,0.0
134899,0,0.568832349,29,0,89.0,0.0,2,0,0,0,0.0
134901,0,0.016015408999999998,60,0,0.200840131,16425.0,8,0,1,0,0.0
134902,0,0.126484189,67,0,30.0,,1,0,0,0,0.0
134903,0,0.0339983,65,0,0.003817488,5500.0,2,0,0,0,0.0
134905,0,0.033640937,37,0,0.312912146,4700.0,8,0,2,0,0.0
134906,0,0.121475766,64,0,0.333039481,15880.0,16,0,3,0,2.0
134907,0,0.921215757,38,0,0.08886027,1552.0,1,0,0,0,0.0
134909,0,0.9999998999999999,23,0,0.146810146,1300.0,2,0,0,0,1.0
134910,0,0.083964915,55,0,0.283287285,17010.0,15,0,3,0,1.0
134911,0,0.578202185,68,0,0.450088695,6200.0,9,0,1,0,0.0
134912,0,0.37765252899999996,74,0,0.604504417,10300.0,9,0,2,0,0.0
134917,0,0.159808651,58,0,0.33715925399999996,23000.0,14,0,3,0,1.0
134920,0,0.287835608,74,0,0.31215971,550.0,4,0,0,0,0.0
134923,0,0.595720429,43,0,0.544490456,9900.0,10,0,4,0,0.0
134924,0,0.227777688,59,0,0.238515901,16413.0,13,0,3,0,0.0
134925,0,0.41315915,40,0,0.361408567,4855.0,7,0,1,0,0.0
134927,0,0.17638372600000002,68,2,0.034321893,3000.0,3,0,0,0,1.0
134930,0,0.057960664,35,0,0.455287317,2940.0,11,0,2,0,0.0
134931,0,0.950828225,51,1,3413.0,,4,0,1,0,1.0
134932,0,0.205499509,47,1,2386.0,,13,0,2,0,0.0
134933,0,0.039754158,44,0,0.005310909,4518.0,2,0,0,0,0.0
134935,0,0.596950812,32,0,0.6441883279999999,4077.0,7,0,1,0,0.0
134936,0,0.019273092,48,0,0.203053283,10021.0,9,0,2,0,3.0
134937,0,0.103244189,57,0,4299.0,,13,0,2,0,1.0
134939,0,0.008134868,49,0,0.2446599,6600.0,11,0,2,0,1.0
134940,0,0.9345384659999999,51,0,0.454654415,7508.0,11,0,1,1,3.0
134941,0,0.110792614,31,0,49.0,,1,0,0,0,0.0
134942,0,0.45859358899999997,50,1,2327.0,,9,0,1,0,0.0
134943,0,0.028070426000000002,80,0,0.007085644,3245.0,2,0,0,0,0.0
134946,0,0.0,30,0,0.083983203,5000.0,4,0,0,0,0.0
134947,0,0.0,83,0,0.128260443,5098.0,7,0,1,0,0.0
134949,0,0.009912182,25,0,0.254997779,2250.0,5,0,0,0,0.0
134950,0,0.692720839,56,5,0.315334773,8333.0,14,1,2,0,0.0
134951,0,0.12362101800000001,41,0,0.208381392,2600.0,17,0,0,0,3.0
134952,0,0.49907764200000004,67,1,0.292301718,10300.0,20,0,1,0,0.0
134953,0,0.001146099,70,0,0.20073539399999998,7342.0,5,0,1,0,0.0
134956,0,0.357283959,36,0,0.471937075,7500.0,16,0,2,0,3.0
134957,0,0.300298193,59,0,0.54709727,2600.0,16,0,1,0,0.0
134958,0,0.541483209,71,0,0.29465438899999996,24000.0,17,0,2,0,1.0
134959,0,0.725224988,44,1,0.141359812,7250.0,4,0,0,0,1.0
134960,0,0.070913385,56,0,99.0,,7,0,0,0,0.0
134961,0,0.18883813,50,0,0.253730415,16083.0,11,0,2,0,2.0
134962,0,0.154901654,70,1,0.480424442,5465.0,25,0,2,0,0.0
134966,0,0.056861089000000004,60,0,0.544810035,5500.0,11,0,2,0,0.0
134968,0,0.408721455,55,1,0.54712926,3256.0,7,0,1,0,0.0
134969,0,0.13590909699999998,56,0,0.249811194,11916.0,8,0,2,0,2.0
134970,0,0.9530601459999999,34,0,0.204545455,2375.0,10,0,0,0,2.0
134971,0,0.021081666000000002,65,0,61.0,,8,0,0,0,0.0
134972,0,0.454229063,65,1,1434.0,,9,1,0,0,1.0
134973,0,0.193265993,49,0,0.11572107,4000.0,5,0,1,0,2.0
134975,0,0.01462753,72,0,0.340392221,12135.0,12,0,3,0,1.0
134976,0,0.181590943,39,1,0.91720414,6666.0,12,0,4,0,1.0
134977,0,0.78697001,34,0,0.6847669390000001,2080.0,4,0,1,0,0.0
134978,0,0.067352451,44,0,0.579401873,11000.0,4,0,2,0,1.0
134979,0,0.004243519,69,1,0.273954341,6000.0,11,0,2,0,0.0
134980,1,0.8800102559999999,46,0,0.673028857,4400.0,13,0,2,0,1.0
134981,0,0.030944887999999997,59,0,0.110222444,4000.0,15,0,0,0,3.0
134982,0,0.9999998999999999,27,0,0.0,3500.0,1,0,0,0,0.0
134984,0,0.04846001900000001,60,0,0.429831784,8500.0,16,0,2,0,1.0
134985,0,0.0,34,0,0.279783907,7033.0,7,0,2,0,0.0
134986,0,0.780066646,52,2,0.293721737,9508.0,10,0,2,1,2.0
134987,0,0.032603135,57,0,0.133762789,7916.0,12,0,1,0,0.0
134988,0,0.12296498,48,0,0.475652377,8583.0,14,0,2,0,0.0
134989,0,0.41062288399999997,48,0,1105.0,,5,0,1,0,
134993,0,0.042947853,51,0,2273.0,,10,0,1,0,0.0
134994,0,0.08408978199999999,52,0,0.243098234,10250.0,24,0,2,0,0.0
134997,0,0.9999998999999999,27,0,0.212680115,1734.0,2,0,0,0,0.0
134998,0,0.048353924000000006,44,0,0.302297622,7485.0,11,0,1,0,2.0
134999,1,0.910224439,42,5,1729.0,,5,2,0,0,0.0
135000,0,0.292682927,58,0,0.36648007899999996,3036.0,7,0,1,0,1.0
135001,0,0.311547538,33,1,0.35543199299999995,4675.0,11,0,1,0,1.0
135002,0,0.0,72,0,0.0021663060000000002,6000.0,9,0,0,0,0.0
135003,0,0.27921705199999997,45,1,0.48992112200000004,6845.0,8,0,2,0,2.0
135004,0,0.0,78,0,0.0,,1,0,0,0,
135005,1,0.910363487,28,0,0.499451497,6380.0,8,0,2,0,0.0
135006,0,0.636595797,44,0,0.785457163,4166.0,6,0,1,0,0.0
135007,0,0.141549211,26,0,0.268407434,4250.0,4,0,0,0,0.0
135009,0,0.9999998999999999,60,0,120.0,,2,0,0,0,0.0
135010,0,0.628525944,47,0,1131.0,,5,0,0,0,2.0
135011,0,0.402283095,60,0,0.379442065,8638.0,10,0,1,0,0.0
135012,0,0.0057099790000000004,81,0,0.00021738200000000001,23000.0,4,0,0,0,0.0
135013,0,0.471171849,51,0,1537.0,,14,0,0,0,
135014,0,0.014239521000000002,82,0,0.007404665,2700.0,10,0,0,0,0.0
135015,0,0.04674558,37,0,0.014801008999999999,9120.0,8,0,0,0,4.0
135017,0,0.089641786,27,0,0.00814664,5400.0,6,0,0,0,0.0
135019,0,0.956565215,63,0,0.068795295,9520.0,3,0,0,0,0.0
135020,0,0.102844639,43,0,3258.0,,5,0,1,0,0.0
135021,0,0.7074917,65,0,0.5032138270000001,7000.0,5,0,1,0,0.0
135022,0,0.017166094,53,0,0.002418965,6200.0,3,0,0,0,0.0
135023,0,0.538981443,52,0,0.389897395,6334.0,10,0,2,0,2.0
135024,1,0.9999998999999999,25,0,0.0,1.0,1,0,0,0,0.0
135025,0,0.004059033,103,0,5.0,,6,0,0,0,0.0
135026,0,0.041300889,62,0,1657.0,,8,0,1,0,0.0
135027,0,0.206605648,47,0,0.310709479,5200.0,6,0,1,0,2.0
135028,0,0.118092832,30,0,0.412798172,7000.0,16,0,1,0,0.0
135029,0,0.0,59,0,0.360508205,5666.0,8,0,1,0,4.0
135030,0,0.013955091999999999,59,0,0.512197541,10083.0,10,0,2,0,0.0
135031,0,0.278172068,55,0,0.27354468600000004,12900.0,9,0,2,0,0.0
135032,0,0.014505791,78,0,0.107973007,4000.0,8,0,1,0,0.0
135034,0,0.030927099999999996,61,2,2.70914311,9055.0,12,0,2,0,0.0
135035,0,0.038480727,30,0,0.095396792,4800.0,12,0,0,0,0.0
135036,0,0.0,51,0,0.0,3600.0,1,0,0,0,2.0
135037,0,0.942405759,49,0,0.197267577,3000.0,4,0,0,0,2.0
135038,0,0.429974281,54,0,0.23899071600000002,4200.0,5,0,0,0,0.0
135039,0,0.032965568,52,0,0.445862387,7600.0,10,0,2,0,1.0
135040,0,0.9999998999999999,44,1,0.42871361,4018.0,4,0,0,1,3.0
135041,0,0.117840366,66,0,1474.0,,12,0,1,0,1.0
135042,0,0.001274173,58,0,0.000292398,6839.0,2,0,0,0,0.0
135043,0,0.613875912,53,2,0.45603112799999995,5139.0,20,0,1,2,0.0
135044,0,0.619075378,32,3,0.157745065,5977.0,13,0,0,1,0.0
135045,0,0.026774331000000002,49,0,0.128515425,5866.0,3,0,1,0,0.0
135047,0,0.9949352290000001,46,0,0.481028775,7853.0,13,0,2,0,3.0
135049,0,0.009433019,65,0,0.10047990400000001,3333.0,3,0,0,0,0.0
135052,0,0.21027481899999997,62,0,0.29728747899999997,8257.0,12,0,2,0,0.0
135053,0,0.014022028999999998,65,0,1795.0,,9,0,1,0,
135055,0,0.325689144,62,1,0.299130435,11499.0,7,0,2,0,4.0
135056,1,0.6961013,30,0,0.151739452,1350.0,3,0,0,0,1.0
135057,0,0.017649118000000002,74,0,616.0,,8,0,1,0,
135059,1,0.316001677,52,0,1.1476903059999999,4610.0,7,0,2,0,0.0
135060,0,0.04014273,69,0,0.537348547,8500.0,25,0,3,0,0.0
135061,0,0.46117474,72,0,0.26093598100000004,7200.0,8,0,2,0,0.0
135063,0,0.610278545,38,1,0.483408202,6900.0,16,0,1,0,2.0
135064,0,0.0024236179999999998,32,0,0.057939914,5125.0,5,0,0,0,0.0
135065,0,0.259042145,53,0,5.409530157000001,3000.0,23,0,0,0,0.0
135066,0,0.0,31,1,0.11195521800000001,2500.0,8,0,0,0,0.0
135067,1,0.952187772,60,0,0.311743341,3303.0,6,0,1,0,0.0
135070,0,0.108244588,73,0,0.198960208,5000.0,6,0,0,0,0.0
135071,0,0.038774376,62,0,0.012654273,6400.0,8,0,0,0,0.0
135072,0,0.442980716,35,0,0.102842451,7000.0,3,0,0,0,1.0
135073,0,0.097111758,55,0,0.209375636,9833.0,7,0,1,0,0.0
135074,0,0.008445922,84,0,0.03768651,6500.0,12,0,0,0,0.0
135076,0,0.501841636,36,0,0.277726347,5400.0,8,0,1,0,1.0
135078,0,0.562188438,30,0,0.762308445,6133.0,22,0,3,0,0.0
135080,0,0.030025159,75,0,0.25791520100000004,5400.0,11,0,2,0,0.0
135081,0,0.9999998999999999,28,0,0.6533466529999999,1000.0,1,0,0,0,0.0
135082,0,0.085550838,43,0,0.020543587,11000.0,7,0,0,0,3.0
135084,0,0.0,40,0,0.34733053399999997,5000.0,7,0,2,0,2.0
135085,1,0.0950448,89,1,0.031737193999999996,1795.0,10,1,0,1,1.0
135086,0,0.0,28,0,0.233845055,2800.0,5,0,0,0,0.0
135087,0,0.152350583,59,0,0.564455975,6166.0,13,0,2,0,0.0
135089,0,0.16968303199999998,67,0,0.032594524,1533.0,2,0,0,0,0.0
135090,0,0.0,31,0,0.083298626,2400.0,4,0,0,0,0.0
135091,0,0.259912527,67,0,1295.0,,11,0,1,0,0.0
135092,0,0.166944352,45,0,0.094879127,3846.0,5,0,0,0,0.0
135093,0,0.055944056,73,0,0.22862856199999998,6000.0,10,0,1,0,0.0
135094,0,0.022192322,83,0,0.301161996,7314.0,6,0,2,0,0.0
135095,0,0.201542637,43,0,0.099977278,4400.0,6,0,0,0,2.0
135096,0,0.004545317,73,0,515.0,,3,0,0,0,0.0
135097,0,0.9999998999999999,47,0,0.5025228629999999,6341.0,5,0,1,0,1.0
135098,0,0.11317778199999999,50,0,936.0,,6,0,1,0,3.0
135100,0,0.0,64,0,0.036351098,30452.0,2,0,0,0,0.0
135101,0,0.052078494,41,0,0.226401619,8400.0,10,0,1,0,4.0
135102,0,0.865628457,27,1,0.26678092,3500.0,11,0,0,0,0.0
135103,0,0.561911459,50,1,6046.0,,12,0,3,0,
135105,0,0.0,52,1,0.101466449,6750.0,3,0,0,0,0.0
135107,0,0.443357716,46,0,3982.0,,5,0,1,0,
135108,0,0.135997624,46,0,2731.0,,24,0,1,0,3.0
135109,0,0.074275617,60,0,0.273513095,7750.0,14,0,1,0,2.0
135110,0,0.505377822,36,0,0.325033875,5903.0,9,0,1,0,2.0
135111,0,0.614146283,50,0,0.505377973,6600.0,11,0,1,0,2.0
135112,0,0.843352179,40,0,0.76619628,6235.0,7,0,2,0,2.0
135113,0,0.087558249,40,0,0.088991101,10000.0,6,0,0,0,0.0
135115,0,0.577904651,40,0,5461.0,,12,0,2,0,2.0
135116,1,0.9999998999999999,47,2,0.653738505,2500.0,2,1,1,1,0.0
135117,0,0.163142106,56,0,0.13462179300000002,3000.0,5,0,1,0,0.0
135118,0,0.276265078,72,0,0.332223147,1200.0,5,0,0,0,0.0
135119,1,0.767988253,32,3,0.310550298,8558.0,8,3,1,2,0.0
135120,0,0.9759006020000001,40,0,0.781655035,5014.0,8,3,1,0,1.0
135121,0,1.007098192,25,2,0.184407796,2000.0,6,0,0,1,0.0
135122,0,0.06902609400000001,70,0,0.013028198999999999,11666.0,5,0,0,0,0.0
135123,0,0.056556099000000006,48,0,0.322225925,3000.0,11,0,1,0,2.0
135125,0,0.9999998999999999,65,0,346.0,,3,0,0,0,0.0
135126,0,0.12046775400000001,48,0,0.372090618,9666.0,6,0,2,0,2.0
135127,0,0.0,48,0,0.36061044600000003,7600.0,7,0,2,0,2.0
135128,0,0.068049255,56,0,0.258411661,7340.0,11,0,2,0,2.0
135129,0,0.803746215,56,1,0.36304422399999997,2916.0,16,0,0,0,1.0
135131,0,0.268150646,55,0,3406.0,,7,0,2,0,1.0
135132,0,0.033406277000000005,81,0,0.003561888,10106.0,2,0,0,0,0.0
135133,0,0.0,67,0,1330.0,,7,0,1,0,0.0
135134,0,0.0,60,0,0.202867818,9902.0,12,0,2,0,1.0
135135,0,0.0,59,1,0.422767015,5832.0,9,0,1,0,1.0
135136,0,0.015899588,79,0,0.006094658,10500.0,22,0,0,0,0.0
135137,0,0.906761655,38,0,0.065499547,3312.0,1,0,0,0,0.0
135139,0,0.165148052,68,0,0.819239721,2577.0,17,0,1,0,0.0
135140,0,0.009749756,47,0,0.008207071,3167.0,9,0,0,1,2.0
135141,0,0.054694742000000005,70,0,1545.0,,9,1,1,0,0.0
135145,1,0.0,33,0,0.078867381,6250.0,3,1,0,0,3.0
135147,0,0.9999998999999999,85,0,11.0,,2,0,0,0,0.0
135148,0,0.458918944,40,1,0.319650977,8136.0,10,0,3,0,3.0
135150,0,0.311586052,31,0,0.14910025699999999,3500.0,6,0,0,0,0.0
135151,0,0.010506916000000002,80,0,0.014992503999999999,2000.0,5,0,0,0,0.0
135152,0,0.059006351,37,0,570.0,,6,0,0,0,0.0
135153,0,0.022409929,36,0,0.000956328,3136.0,3,0,0,0,0.0
135155,0,0.135232512,78,1,0.010447996999999999,12633.0,9,0,0,0,0.0
135156,0,0.33798927,62,0,0.546069835,6500.0,9,0,2,0,0.0
135157,0,0.517687792,62,0,0.569554455,4039.0,5,0,2,0,0.0
135159,0,0.0,78,0,0.0,2500.0,5,0,0,0,0.0
135160,0,0.017571909,52,0,689.0,,10,0,1,0,0.0
135161,0,0.0,56,0,0.14877836,4583.0,6,0,1,0,0.0
135162,1,0.316373262,71,0,0.549633578,1500.0,17,0,1,0,0.0
135163,0,0.836131095,44,1,0.153296834,4200.0,4,0,0,0,4.0
135164,0,0.017934285,79,0,0.474236641,4191.0,15,0,1,0,0.0
135165,1,0.9999998999999999,32,1,0.11778507699999999,2130.0,2,0,0,1,0.0
135166,0,0.014760603999999998,83,0,0.095880511,4150.0,9,0,0,0,0.0
135167,0,0.112852494,65,0,0.283652287,6165.0,7,0,1,0,0.0
135168,0,0.467458615,66,0,0.52302749,2800.0,8,0,1,0,0.0
135169,0,0.33818382399999997,58,0,0.18792143100000003,10232.0,13,0,2,0,0.0
135171,0,0.000538906,61,0,0.0,,4,0,0,0,1.0
135174,0,0.22856414600000002,36,0,0.47980269299999995,7500.0,8,0,2,0,0.0
135175,0,0.15385641,45,0,0.399625059,6400.0,5,0,1,0,0.0
135176,0,0.022275108999999998,74,0,0.028571429,1154.0,6,0,0,0,0.0
135178,0,0.17301192699999998,39,1,0.215980365,11000.0,9,0,1,0,2.0
135180,0,0.009069556999999999,65,0,0.00219956,5000.0,6,0,0,0,0.0
135181,0,0.035006326000000004,58,0,0.272398928,8582.0,9,0,2,0,6.0
135182,0,0.003058734,51,0,0.87291713,4500.0,6,0,3,0,0.0
135183,0,0.048588993,69,0,1801.0,,11,0,1,0,0.0
135184,0,0.002533309,80,0,0.0029618659999999996,2700.0,8,0,0,0,0.0
135185,0,0.626215799,33,0,2824.0,,5,0,1,0,3.0
135187,1,0.726848508,49,3,1900.0,,10,0,2,1,0.0
135188,0,0.483728449,60,0,0.800044959,8896.0,22,0,2,0,3.0
135189,0,0.08617142,47,0,0.37994154700000005,6500.0,15,0,3,0,2.0
135192,0,0.0026128189999999997,70,0,63.0,,3,0,0,0,
135193,0,0.077560349,40,2,0.9751499570000001,3500.0,6,0,2,0,0.0
135194,1,0.771448514,33,0,0.266546691,5000.0,9,0,0,0,0.0
135195,0,0.0,45,0,0.107102411,6180.0,4,0,0,0,1.0
135196,0,0.6972325690000001,48,0,1.239458779,3177.0,6,0,2,0,3.0
135197,0,0.0,42,0,0.06465229900000001,4500.0,8,0,0,0,3.0
135199,0,0.05901393,29,0,0.162199,2200.0,7,0,0,0,0.0
135201,0,0.027031839,86,0,0.002475955,10500.0,8,0,0,0,0.0
135202,1,0.748644758,46,0,0.9366597720000001,3867.0,14,0,1,0,4.0
135203,0,0.765558854,40,2,0.463104839,4959.0,12,0,1,0,2.0
135204,1,0.9999998999999999,71,2,2218.0,,7,3,1,0,0.0
135205,0,0.0,31,0,0.16263956,6000.0,7,0,0,0,1.0
135206,0,0.0,57,0,15.0,,5,0,0,0,0.0
135207,0,1.001991873,44,0,0.15328223900000001,3000.0,5,0,0,0,2.0
135208,0,0.044724680999999995,30,0,0.041480974,2916.0,5,0,0,0,0.0
135209,0,0.6059405210000001,38,0,0.168045938,5920.0,4,0,2,0,1.0
135210,0,0.050769642000000004,79,0,97.0,,4,0,0,0,0.0
135212,0,0.0,58,0,0.225548563,5878.0,9,0,2,0,0.0
135213,0,0.496450118,56,1,0.647238224,2950.0,10,0,2,0,0.0
135214,0,0.0033004109999999996,62,0,0.00038091599999999997,10500.0,9,0,0,0,0.0
135215,0,0.0,64,0,0.0,2704.0,4,0,0,0,0.0
135216,0,0.052638595999999996,53,0,1618.0,,10,0,1,0,
135217,0,0.042685877000000004,54,0,1.510711225,3500.0,6,0,1,0,0.0
135218,0,0.9999998999999999,31,0,0.0,2600.0,0,0,0,0,2.0
135219,0,0.37548996100000004,71,0,464.0,,7,0,0,0,0.0
135220,0,0.06024498,33,0,0.4453196,3300.0,7,0,2,0,2.0
135221,0,0.16121695800000002,34,0,0.14119922599999998,5686.0,12,0,0,0,1.0
135222,0,0.18002912399999998,87,0,0.08503952,10500.0,11,0,0,0,0.0
135223,0,0.008200022,53,0,0.36262359,7180.0,11,0,1,0,0.0
135224,0,0.0,81,0,0.0,2400.0,6,0,0,0,0.0
135225,0,0.037307405,55,0,0.22262733399999998,9050.0,14,0,1,0,2.0
135226,1,0.319295254,52,0,0.56958275,12150.0,18,0,2,0,3.0
135227,0,0.057669258,61,0,49.0,,2,0,0,0,
135228,0,0.413855332,39,0,0.277842362,4300.0,6,0,0,1,2.0
135229,0,0.19293284,43,0,0.130773845,5000.0,17,0,1,0,0.0
135230,0,0.078474696,70,0,0.152068893,4760.0,9,0,0,0,0.0
135231,0,0.0,51,2,0.0,12500.0,4,0,0,0,0.0
135232,0,0.15710897199999999,58,0,904.0,,9,0,1,0,0.0
135233,0,0.011131173999999999,66,0,13.0,,4,0,0,0,
135237,0,0.083309525,64,0,0.112794876,6400.0,7,0,0,0,0.0
135240,0,0.499950005,28,0,2518.0,,7,0,2,0,0.0
135243,0,0.003656408,83,0,0.000285687,10500.0,8,0,0,0,0.0
135244,0,0.004049798,66,0,0.111970141,3750.0,5,0,0,0,0.0
135245,0,0.034745989,82,0,0.015924956,4583.0,8,0,0,0,0.0
135246,0,0.198709208,68,0,0.007427723000000001,8750.0,4,0,0,0,1.0
135248,0,0.34733053399999997,23,0,0.094502499,2200.0,3,0,0,0,0.0
135249,0,0.19440032899999998,49,1,240.0,,4,0,0,0,0.0
135251,0,0.314147228,38,1,0.309181761,1600.0,21,0,0,0,1.0
135253,0,0.141165512,37,1,0.656255164,6050.0,15,0,2,0,0.0
135254,0,0.0,57,0,1346.0,0.0,8,0,2,0,0.0
135256,0,0.912350598,33,0,0.148471616,3663.0,2,1,0,0,3.0
135257,1,0.46638433,59,0,0.076713325,5500.0,12,0,0,0,0.0
135258,0,0.039133864,78,0,45.0,,6,0,0,0,0.0
135261,0,0.13144914,85,0,0.057768924000000006,501.0,4,0,0,0,0.0
135262,0,0.064832587,59,0,0.156956861,16666.0,5,0,1,0,2.0
135263,0,0.056373590999999994,53,0,0.050257416,8157.0,6,0,0,0,2.0
135264,0,0.419957359,64,0,0.327810313,7000.0,9,0,1,0,0.0
135265,0,0.020437995,75,0,0.00449955,10000.0,6,0,0,0,0.0
135267,0,0.018877082,57,0,0.35270055299999997,13200.0,15,0,2,0,2.0
135268,0,0.9999998999999999,51,1,1063.0,0.0,2,0,0,0,0.0
135269,0,0.028437571000000002,52,0,0.335680751,3833.0,8,0,1,0,3.0
135271,0,0.000407221,74,0,1.0,,5,0,0,0,0.0
135272,0,0.861778257,40,3,0.292902366,3000.0,6,0,0,0,1.0
135276,0,0.014847121999999999,44,0,0.40394011,6344.0,7,0,2,0,3.0
135277,0,0.169736878,47,0,0.231420333,10750.0,5,0,1,0,5.0
135278,0,0.013786834,39,0,0.21435712899999998,5000.0,4,0,1,0,3.0
135279,0,0.085248579,67,0,0.87137029,4166.0,9,0,1,0,0.0
135280,0,0.078046098,53,0,2153.0,,4,0,1,0,0.0
135281,0,0.416318746,42,0,0.364230985,5350.0,8,0,0,0,2.0
135283,0,0.266131972,46,0,0.950640425,3200.0,9,0,1,0,0.0
135284,0,0.031742776,48,0,0.216819282,9500.0,5,0,1,0,2.0
135286,0,0.5788310529999999,61,1,0.331766823,10000.0,10,0,1,0,0.0
135290,0,0.507678023,64,0,0.217003771,2916.0,8,0,0,0,1.0
135291,0,0.0,30,1,0.678464307,5000.0,13,0,2,0,0.0
135292,0,0.06843438,42,0,2525.0,,7,0,2,0,0.0
135296,0,0.835758212,39,0,0.345724451,8150.0,11,0,1,0,2.0
135297,0,0.06987352599999999,48,0,0.402759724,10000.0,9,0,2,0,0.0
135298,0,0.019524512,56,0,0.39406346,12700.0,8,0,3,0,0.0
135299,0,0.023177447,55,0,0.052189562,5000.0,5,0,0,0,2.0
135300,0,0.008139865999999999,38,0,0.20819065899999997,7300.0,6,0,2,0,0.0
135301,0,0.817653495,57,0,0.358853317,11650.0,15,0,2,0,1.0
135302,0,0.022622209,78,0,0.0019199389999999998,10416.0,7,0,0,0,0.0
135303,0,0.032665578,84,0,0.0061052630000000005,4749.0,1,0,0,0,0.0
135304,0,0.159505711,43,0,0.023395321,5000.0,2,0,0,0,2.0
135306,0,0.0,37,0,0.000249984,16000.0,7,0,0,0,0.0
135307,0,0.000184206,84,0,0.0,,7,0,0,0,0.0
135308,0,0.000603129,56,2,0.37810817700000005,3900.0,9,0,1,0,5.0
135309,1,0.059548294,42,0,0.514193894,5600.0,20,0,2,0,3.0
135311,0,0.000698068,57,0,0.0,4832.0,12,0,0,0,0.0
135312,0,0.0016267629999999998,47,0,0.195958567,5888.0,7,0,1,0,3.0
135313,0,0.0049594140000000005,51,0,0.235626027,14000.0,6,0,1,0,0.0
135314,0,0.030125682,65,0,0.00839832,5000.0,10,0,0,0,0.0
135316,1,0.7697616909999999,51,1,0.534883721,6750.0,10,0,2,3,2.0
135317,0,0.800639872,43,2,0.402831094,4167.0,6,0,1,1,0.0
135318,0,0.9999998999999999,25,0,0.0,820.0,1,0,0,0,0.0
135319,0,0.801735522,65,1,0.23209328199999998,1800.0,6,0,0,0,0.0
135321,0,0.469002656,81,0,0.45856980700000005,6166.0,10,0,1,0,0.0
135323,0,0.427886775,58,0,0.595830674,4700.0,20,0,2,0,0.0
135325,0,0.012749545,58,0,41.0,,4,0,0,0,0.0
135326,0,0.204936145,58,0,1717.0,,11,0,1,0,0.0
135327,0,0.9999998999999999,24,0,0.0,1000.0,0,0,0,0,0.0
135328,0,0.0,28,0,0.08788005,2400.0,4,0,0,0,0.0
135329,0,0.7255723709999999,53,0,0.9464624359999999,6854.0,14,0,3,1,0.0
135330,0,0.9999998999999999,50,0,0.706862092,1500.0,7,0,0,0,0.0
135332,0,0.825514403,25,0,0.125997917,2880.0,4,0,0,0,0.0
135334,0,0.34569281399999996,61,0,1358.0,,8,0,1,0,
135335,0,0.057678985999999995,51,0,0.017494533,3200.0,8,0,0,0,0.0
135337,0,0.003999529,61,0,1182.0,0.0,9,0,2,0,2.0
135338,0,0.286344775,74,0,0.558459509,15916.0,33,0,2,0,0.0
135339,0,0.255218779,46,0,0.155321296,8916.0,5,0,0,0,0.0
135340,0,0.000176986,47,0,0.162790698,6750.0,5,0,1,0,1.0
135342,0,0.0,21,0,0.0,845.0,1,0,0,0,0.0
135343,0,0.041653291,65,0,0.08247938,8001.0,10,0,1,0,0.0
135345,0,0.688631487,62,2,0.0896048,23000.0,13,0,0,0,0.0
135346,0,0.85834552,48,1,2270.0,,10,0,1,0,
135347,0,0.584210329,50,0,0.19030704899999998,12668.0,10,0,2,1,0.0
135350,0,0.9999998999999999,52,0,0.17988201199999998,10000.0,3,0,1,0,1.0
135351,1,0.9999998999999999,53,0,0.486894713,2250.0,3,4,1,0,1.0
135352,0,0.819936808,43,0,0.13625024,5210.0,6,0,0,0,0.0
135353,0,0.9999998999999999,50,1,0.131498471,4250.0,5,1,1,0,0.0
135354,0,0.316453424,46,0,0.206566119,12000.0,3,0,1,0,0.0
135355,0,0.012546086000000001,66,0,14.0,,5,0,0,0,0.0
135357,0,0.9999998999999999,37,0,0.0,3840.0,0,0,0,0,0.0
135358,0,0.02328996,40,1,0.131829807,4300.0,8,0,0,0,3.0
135359,0,0.9999998999999999,77,0,0.0,,4,0,0,0,0.0
135360,0,0.006274981999999999,57,0,0.258617406,5250.0,11,0,1,0,3.0
135362,0,0.377753225,31,1,0.28677881899999996,8856.0,14,0,2,0,0.0
135364,0,0.068183982,32,0,0.160964666,5348.0,11,0,1,0,0.0
135366,0,0.012947173999999999,64,0,0.181946183,12783.0,8,0,1,0,0.0
135367,0,0.257645196,56,0,0.21471558899999998,5150.0,4,0,1,0,0.0
135368,0,0.028586116,66,0,3429.0,,13,0,2,0,0.0
135369,0,0.011763338,66,0,0.108736408,8000.0,16,0,0,0,1.0
135371,0,0.0,79,0,0.0,,4,0,0,0,
135372,0,0.019622841999999998,48,0,0.22622108,13225.0,11,0,2,0,0.0
135373,0,0.147124649,49,0,0.464051043,10500.0,13,0,1,0,0.0
135374,0,0.11336083,43,0,0.22451640899999997,4600.0,2,0,1,0,2.0
135377,0,0.0025499679999999997,75,0,0.27715655,2503.0,15,0,0,0,0.0
135378,0,0.068688801,55,0,0.414475114,4600.0,15,0,1,0,3.0
135379,0,0.67256108,29,0,0.36840789799999996,4000.0,11,0,1,0,1.0
135381,0,0.144553009,59,0,0.344496564,9166.0,7,0,3,0,1.0
135383,0,0.04242655099999999,58,0,3409.0,,8,0,1,0,0.0
135384,0,0.144514668,35,0,0.040647968,20000.0,6,0,0,0,0.0
135386,0,0.6599808979999999,58,0,0.567608098,4000.0,11,0,1,0,2.0
135387,0,0.856434475,44,0,0.489214442,8668.0,10,0,1,0,2.0
135388,0,0.9999998999999999,24,0,0.0,820.0,1,0,0,0,0.0
135389,0,0.015979585,60,0,1613.0,,9,0,1,0,0.0
135390,0,0.23489357600000002,57,0,0.321168487,12083.0,8,0,2,0,1.0
135391,0,0.219140177,47,0,0.19716799,4660.0,3,0,0,0,0.0
135392,0,0.0,66,0,0.347753744,600.0,7,0,0,0,0.0
135394,0,0.42359233700000004,67,0,1.256542909,6571.0,7,0,3,0,0.0
135395,0,0.008749453,41,0,0.152999535,6450.0,6,0,1,0,0.0
135396,0,0.0014499279999999999,82,0,0.13626233699999998,3140.0,2,0,0,0,0.0
135400,0,0.09971489800000001,53,0,0.108803165,5054.0,8,0,0,0,1.0
135401,0,0.057448564,55,0,0.018883643000000002,3600.0,7,0,0,0,0.0
135402,0,0.143986287,63,0,0.017640141,2550.0,2,0,0,0,0.0
135404,0,0.001230675,52,0,4461.0,,10,0,4,0,0.0
135405,0,0.5880967429999999,42,0,0.17773828,4500.0,5,0,0,0,3.0
135406,0,0.0042145279999999995,32,0,2.588926174,595.0,7,0,2,0,3.0
135408,0,0.015466253999999999,53,0,1622.0,,5,0,1,0,0.0
135410,0,0.9999998999999999,69,1,0.0,7020.0,0,0,0,0,0.0
135411,0,0.730887332,52,0,0.565838332,3500.0,6,0,1,0,3.0
135413,0,0.041281595,38,0,0.08538292300000001,5000.0,7,0,0,0,0.0
135415,0,1.212624585,54,1,0.116946072,4950.0,3,0,0,1,4.0
135416,0,0.20198868399999997,56,0,1391.0,,12,0,1,0,0.0
135420,0,0.9999998999999999,30,0,0.0,,0,1,0,0,0.0
135421,0,0.120750139,48,0,1724.0,,12,0,2,0,3.0
135422,0,0.011524712,68,0,0.0062409990000000005,2082.0,3,0,0,0,0.0
135424,0,0.951364689,57,0,3803.0,,10,0,1,0,0.0
135425,0,0.055489187999999995,43,0,0.8254199520000001,11667.0,6,0,2,0,3.0
135426,0,0.014449278000000001,69,0,0.13924050599999999,1500.0,10,0,0,0,0.0
135427,0,0.867618152,60,1,0.080409966,12000.0,6,0,0,2,0.0
135428,0,0.08726550300000001,50,0,199.0,,13,0,0,0,0.0
135429,0,0.028161401000000003,53,0,3664.0,,5,0,1,0,
135430,0,0.72921504,45,0,0.654487917,3475.0,5,0,1,0,0.0
135431,0,0.0024133329999999997,48,0,0.20745388899999997,5258.0,8,0,2,0,1.0
135432,0,0.564717641,29,1,0.159226497,4860.0,4,0,0,0,1.0
135433,0,0.026483017,42,0,0.336710369,6711.0,20,0,2,0,2.0
135434,0,0.049770233,67,0,5773.0,,18,0,2,0,0.0
135436,0,0.09012638099999999,63,1,0.013411448999999999,14166.0,6,0,0,0,0.0
135437,0,0.477776755,49,0,2965.0,,12,0,2,0,0.0
135439,0,0.014296911,49,0,0.504123969,4000.0,10,0,2,0,0.0
135440,0,0.9999998999999999,26,0,0.086956522,2000.0,2,0,0,1,0.0
135442,0,0.216130645,72,0,0.26291501100000003,7800.0,3,0,1,0,0.0
135444,0,0.616863096,41,0,0.609565072,6000.0,7,0,2,0,0.0
135446,0,0.320780348,27,0,0.143197279,5879.0,6,0,0,0,0.0
135447,0,0.274182838,52,0,0.05326295599999999,4167.0,4,0,0,0,0.0
135451,0,0.087979852,47,1,0.030645512000000003,4600.0,4,0,0,0,2.0
135452,0,0.25331286,47,0,0.7340726759999999,4237.0,7,0,1,0,2.0
135453,0,0.0,27,0,0.397200933,3000.0,7,0,1,0,0.0
135454,0,0.06906872900000001,41,0,0.19643623899999998,9315.0,8,0,2,0,2.0
135455,0,0.10304077099999999,46,0,0.075955266,8583.0,4,0,0,0,2.0
135456,0,0.169354119,45,0,0.33899530200000005,8300.0,8,0,1,0,2.0
135457,0,0.0,53,0,0.47928008,9000.0,28,0,2,0,1.0
135459,0,0.248500428,45,0,26.0,,1,0,0,0,0.0
135461,0,0.35137233700000003,53,1,0.328893604,25451.0,11,0,3,0,0.0
135462,0,0.001035677,75,0,0.173613921,2470.0,5,0,0,0,0.0
135463,0,0.325901235,56,0,1347.0,,4,0,1,0,
135465,0,0.0,48,0,0.0,,3,0,0,0,0.0
135466,0,0.9846717759999999,34,1,0.170603675,5333.0,6,0,0,0,1.0
135468,0,0.019282271,35,0,0.35053247299999996,6666.0,9,0,1,0,2.0
135469,0,0.038968631000000004,65,0,0.489847716,11425.0,14,0,4,0,0.0
135470,0,0.046315904000000005,78,0,1989.0,,10,0,2,0,0.0
135471,0,0.027669948,30,0,0.376973269,4750.0,8,0,0,0,0.0
135473,0,0.250206588,51,0,0.42769230799999997,9749.0,17,0,2,0,2.0
135474,0,0.329492429,30,0,0.29014197199999997,5000.0,6,0,0,0,1.0
135475,0,0.452367101,49,2,0.315449157,12990.0,19,0,2,0,5.0
135477,0,0.027048647999999998,50,0,0.11346042699999999,8654.0,2,0,1,0,0.0
135478,0,0.235287031,46,0,0.497428865,2916.0,11,0,1,0,1.0
135481,0,0.9272410059999999,50,0,0.294168654,4612.0,8,0,0,0,0.0
135482,0,0.287862733,52,0,0.47619771899999996,6574.0,19,0,2,0,2.0
135483,0,0.45147939600000003,60,0,1758.0,,8,0,0,0,0.0
135484,0,0.0,25,0,0.013662113,3000.0,2,0,0,0,0.0
135486,0,0.108024107,41,0,0.315336933,5000.0,5,0,1,0,3.0
135487,1,0.851882962,46,1,0.37837388899999996,12040.0,13,0,2,0,1.0
135488,0,0.027963931,57,0,0.09068185,7200.0,3,0,1,0,1.0
135489,0,0.040748545,83,0,0.289576328,7434.0,8,0,1,0,0.0
135490,0,0.035906742,40,0,0.310196336,13700.0,12,0,2,0,3.0
135491,0,0.0,39,0,0.434932042,6400.0,5,0,1,0,2.0
135494,0,0.040314186,35,0,0.245967204,7500.0,11,0,2,0,1.0
135495,0,0.0,62,3,1.5854049719999999,1246.0,7,0,2,0,0.0
135496,0,0.329579135,51,0,0.257696469,10166.0,16,0,1,0,1.0
135499,0,0.47641453899999997,54,0,0.336415896,4000.0,6,0,1,0,0.0
135500,0,0.009369032,74,0,0.002861815,2445.0,2,0,0,0,1.0
135501,0,0.06069778,67,0,0.221399818,7700.0,16,0,2,0,1.0
135502,0,0.002385757,37,0,0.23430439399999997,10400.0,15,0,3,0,0.0
135503,0,0.029198832,54,0,0.40359897200000006,3500.0,4,0,1,0,0.0
135504,0,0.43371270000000006,56,0,4280.0,,14,0,1,0,0.0
135505,0,0.04702269,27,0,422.0,,10,0,0,0,0.0
135506,0,0.015078886000000001,41,0,1413.5,1.0,10,0,3,0,3.0
135508,0,0.658507394,52,0,0.487329771,5800.0,12,0,1,0,4.0
135510,0,0.003008593,49,0,0.35680359999999994,12000.0,12,0,3,0,2.0
135511,0,0.346988539,48,0,0.309517317,11000.0,8,0,1,2,0.0
135512,1,0.46645449,33,0,0.9355322340000001,2000.0,12,0,1,0,0.0
135515,0,0.294315789,38,0,0.170209119,5833.0,11,0,0,0,0.0
135517,1,0.706525278,54,2,0.836832633,5000.0,19,0,3,0,1.0
135518,0,0.127980865,58,0,0.602088425,4500.0,13,0,1,0,1.0
135519,0,0.313894636,59,0,1187.0,,8,0,0,0,
135520,0,0.07618863299999999,41,0,0.692661468,5000.0,12,0,3,0,0.0
135521,0,0.011809914,63,0,0.257338358,10083.0,9,0,2,0,1.0
135524,0,0.001217356,87,0,0.0034280820000000003,7000.0,3,0,0,0,1.0
135525,0,0.9630826029999999,58,0,0.366503221,10400.0,7,0,1,0,0.0
135526,0,0.17963173899999998,62,0,0.403299725,12000.0,28,0,2,0,1.0
135527,0,0.9999998999999999,41,0,0.0,0.0,0,0,0,0,0.0
135530,0,0.135981869,24,0,550.0,,3,0,0,0,
135532,0,0.004777135,48,0,0.275236238,6666.0,3,0,1,0,0.0
135533,0,0.036165499,36,0,17.0,,5,0,0,0,
135534,0,0.7964101790000001,48,1,0.28336731,8338.0,9,0,2,0,3.0
135535,0,0.043552265,59,0,0.109431246,12500.0,11,0,2,0,0.0
135536,0,0.191032283,68,0,0.236936427,5300.0,12,0,0,0,0.0
135537,0,0.133688663,76,0,0.361055578,2500.0,11,0,1,0,0.0
135538,1,0.9999998999999999,55,1,0.268896015,2182.0,2,1,0,1,0.0
135539,0,0.9999998999999999,47,0,18.0,,5,0,0,0,0.0
135541,0,0.36671302100000003,64,0,0.309285021,34000.0,22,0,2,0,0.0
135542,0,0.239369201,45,0,4972.0,,8,0,2,0,2.0
135544,0,0.019856699,65,0,0.574960547,1900.0,10,0,1,0,0.0
135545,0,0.008228240999999999,71,0,1915.0,,11,0,1,0,0.0
135547,0,0.9325281129999999,69,2,0.282001925,6233.0,5,0,1,0,0.0
135549,0,0.7642844259999999,52,1,0.515243902,4919.0,14,0,1,1,0.0
135550,0,0.917108832,48,0,0.207827453,7000.0,10,0,0,1,2.0
135551,0,0.204437213,67,0,0.624737687,8100.0,16,0,2,0,1.0
135552,0,0.598464566,43,2,0.6744404079999999,8532.0,13,0,2,0,0.0
135553,0,0.096433385,45,0,0.34008762299999995,1825.0,4,0,0,0,3.0
135554,0,0.100102629,38,0,0.454143078,9714.0,7,0,3,0,2.0
135555,0,0.514196774,35,0,0.032593481,5000.0,2,0,0,1,0.0
135556,0,0.176888921,65,0,0.10535157199999999,4166.0,5,0,0,0,0.0
135557,0,0.012177701,37,0,611.0,0.0,10,0,1,0,0.0
135558,0,0.0,84,0,0.0,7000.0,2,0,0,0,0.0
135559,0,0.041589482000000004,79,0,139.0,,4,0,0,0,0.0
135560,0,0.549745025,58,0,0.028270987999999997,5800.0,2,0,0,0,0.0
135561,0,0.17382825600000001,53,0,0.20528634399999998,3404.0,11,0,0,0,0.0
135563,0,0.127992157,55,0,1120.0,,7,0,1,0,
135564,0,0.06253976900000001,54,0,0.264133794,5500.0,10,0,1,0,2.0
135565,0,0.052536738,45,1,0.610077984,5000.0,10,0,1,0,0.0
135568,0,0.433805162,24,0,0.07244277,3450.0,3,0,0,1,0.0
135569,0,1.001175779,26,0,0.09194963800000001,2620.0,3,0,0,0,0.0
135570,0,0.891390253,44,1,0.508379888,3758.0,8,2,0,5,1.0
135571,0,0.683691377,43,0,0.48432147600000003,3794.0,7,0,1,0,1.0
135573,0,0.0,45,0,0.042723389,11000.0,6,0,0,0,2.0
135574,0,0.567278741,45,0,0.310901129,4338.0,4,0,1,0,1.0
135575,0,0.035861038,73,0,0.259179266,4166.0,8,0,1,0,0.0
135576,0,0.024242503,57,0,0.36555630200000006,10416.0,9,0,2,0,0.0
135577,0,0.051774901,60,0,0.003506038,7700.0,1,0,0,0,1.0
135578,0,0.586815093,39,1,0.35910749399999997,7125.0,8,0,1,0,1.0
135579,0,0.185413374,53,0,1889.0,,5,0,1,0,1.0
135580,0,0.02228862,41,0,1766.0,,11,0,1,0,0.0
135583,0,0.004453055,62,0,1.5387730609999999,6666.0,17,0,4,0,0.0
135584,0,0.000392131,89,0,0.0,4781.0,2,0,0,0,0.0
135585,0,0.460357801,52,0,2690.0,,14,0,2,0,0.0
135586,0,0.758422818,63,0,0.856524093,5540.0,19,0,2,0,0.0
135587,0,0.898706625,64,0,2.7191515710000003,12917.0,21,0,0,0,1.0
135589,0,0.42877466399999997,55,0,0.358293714,7571.0,10,0,1,0,0.0
135590,0,0.84874864,42,0,1.318214543,4166.0,12,0,2,0,2.0
135591,0,0.00729141,55,0,0.466556565,4843.0,23,0,2,0,1.0
135592,0,0.056067600999999995,61,0,0.270196769,6250.0,8,0,1,0,0.0
135593,0,0.130987057,42,0,0.214309521,9000.0,11,0,1,0,2.0
135597,0,0.769567255,31,1,0.292387543,1733.0,6,0,0,1,1.0
135598,0,0.031499114,71,1,0.444311138,5000.0,13,0,2,0,0.0
135599,0,0.510594515,36,0,273.0909091,10.0,12,0,1,0,0.0
135600,0,0.25758712100000003,58,0,0.638820889,9803.0,12,0,3,0,0.0
135602,0,0.00011428399999999999,45,0,0.322697937,11000.0,8,0,2,0,1.0
135604,0,0.36415345299999996,43,0,0.07714812,9228.0,6,0,0,0,1.0
135605,0,0.644471106,31,0,0.123287671,2700.0,2,0,0,0,0.0
135606,0,0.267234655,68,0,0.346405229,4283.0,8,0,1,0,1.0
135611,1,0.9999998999999999,57,0,0.378332771,2962.0,2,1,1,0,0.0
135612,0,0.018249088,52,0,0.208640255,5022.0,8,0,1,0,0.0
135613,0,0.109127272,61,0,2120.0,,4,0,1,0,
135614,1,0.501424501,44,1,50.0,,1,0,0,0,0.0
135615,0,0.006009247,69,0,0.169694409,7100.0,18,0,1,0,0.0
135619,0,0.007769417,71,0,0.09429065699999999,2311.0,7,0,0,0,0.0
135620,0,0.998000571,63,1,0.185662505,2482.0,1,0,0,0,0.0
135621,0,0.323682233,66,0,0.086918349,3416.0,6,0,0,0,0.0
135623,0,0.0,41,0,0.15506056199999999,26666.0,5,0,1,0,4.0
135625,0,0.09259074099999999,48,0,0.135318298,9000.0,3,0,0,0,2.0
135628,0,0.019129603000000002,51,0,1022.0,,11,0,1,0,0.0
135631,0,0.017995812,52,0,0.72092755,8667.0,16,0,3,0,0.0
135632,0,0.023353544,65,0,0.006125148,14366.0,11,0,0,0,1.0
135633,0,1.121171771,57,0,306.0,,4,0,0,0,
135634,0,0.9999998999999999,84,0,0.0,,1,0,0,0,0.0
135635,0,0.044721601,45,1,0.330885799,6400.0,11,0,2,0,0.0
135637,0,0.9999998999999999,45,1,1745.0,,3,0,2,0,0.0
135639,0,0.058467029000000004,57,0,0.118019995,4100.0,11,0,0,0,1.0
135640,0,0.12369776099999999,29,0,0.068499127,4583.0,5,0,0,0,0.0
135641,0,0.19860005,55,0,0.20448864,18000.0,11,0,2,0,2.0
135642,0,0.136847869,49,0,0.447084233,12500.0,11,0,3,0,0.0
135643,0,0.148663334,56,0,2405.0,,4,0,1,0,
135644,0,0.955189562,39,0,0.7757171829999999,3450.0,8,0,1,0,5.0
135645,0,0.0,48,0,0.57107662,4058.0,5,0,1,0,1.0
135646,1,0.9281841609999999,30,0,312.0,,2,1,0,1,3.0
135647,0,0.800439912,56,0,187.0,,1,1,0,0,0.0
135648,1,0.775514892,50,1,0.035308822000000004,9600.0,12,0,0,0,0.0
135649,0,0.07509725099999999,58,0,0.49706811,4433.0,10,0,1,0,0.0
135651,0,0.017677755,53,0,705.0,,8,0,1,0,0.0
135652,0,0.40428648799999994,46,1,0.251942548,4246.0,24,1,1,0,1.0
135653,0,0.267398178,32,1,0.451107011,4335.0,13,0,1,0,2.0
135657,0,0.0,71,0,0.0,2184.0,1,0,0,0,0.0
135660,0,0.40582767,66,0,0.589882397,5356.0,5,0,2,0,1.0
135661,0,0.9098174240000001,38,2,0.5086217989999999,15541.0,15,4,4,0,0.0
135663,0,0.023332858999999997,80,0,3173.0,,9,0,2,0,0.0
135664,0,0.144039045,53,0,0.151827554,3200.0,6,0,0,0,0.0
135666,0,0.02105847,72,0,37.0,,8,0,0,0,0.0
135669,0,0.612581676,55,2,0.064095511,18175.0,9,0,0,0,0.0
135671,0,0.288266301,66,1,0.60150958,5166.0,15,0,1,0,0.0
135672,0,0.407706114,65,0,0.09525540800000001,5500.0,4,0,0,0,0.0
135674,0,0.026085875,47,0,0.36102138100000003,6500.0,15,0,2,0,2.0
135675,0,0.156096658,54,0,51.0,,4,0,0,0,0.0
135677,1,0.100908656,41,0,0.44855514399999996,10000.0,10,0,3,1,0.0
135679,0,0.11020666900000001,62,0,3287.0,,16,0,1,0,0.0
135680,0,0.0,34,1,0.327467811,2329.0,5,0,0,0,0.0
135681,0,0.037854752,54,0,0.845064556,2400.0,5,0,1,0,1.0
135684,0,0.005190229,54,0,0.34495688,2666.0,6,0,1,0,2.0
135685,0,0.004992422,50,0,863.0,,11,0,1,0,0.0
135686,0,0.183509599,47,0,0.727376281,7900.0,20,0,2,0,0.0
135688,0,0.279344131,46,0,0.431513903,1941.0,6,0,1,0,4.0
135689,0,0.902299671,41,0,0.21010674199999999,7400.0,8,0,0,0,1.0
135692,0,0.017249569,80,0,25.0,,1,0,0,0,0.0
135693,0,0.053387029,58,0,0.277363184,6431.0,20,0,1,0,0.0
135695,0,0.004874508,44,0,0.116916125,24786.0,9,0,1,0,0.0
135696,0,0.071976008,81,0,6.0,,1,0,0,0,0.0
135697,0,0.160661029,31,0,0.322766571,1040.0,6,0,0,0,0.0
135699,0,0.35637592,46,0,0.277829623,7500.0,11,0,0,0,1.0
135700,0,0.65416411,47,1,0.251655629,5133.0,14,0,0,0,0.0
135701,0,0.06654587099999999,82,0,0.083515856,10500.0,10,0,1,0,0.0
135703,0,0.0,82,0,0.204340405,4100.0,5,0,1,0,0.0
135705,1,0.9999998999999999,38,1,0.302750119,4217.0,2,1,2,0,2.0
135706,0,0.49900007399999996,66,2,0.9687848379999999,2690.0,13,1,0,1,2.0
135707,0,0.874777595,55,0,5425.0,,21,0,1,0,0.0
135708,0,0.319809733,51,0,0.804428044,3251.0,12,0,1,0,0.0
135710,1,0.448305821,38,1,29.0,,4,2,0,0,0.0
135711,0,0.11794414199999999,69,0,0.29597831,4425.0,8,0,1,0,0.0
135712,0,0.43975602399999997,45,0,0.547937868,5600.0,2,0,1,0,2.0
135713,0,0.080947153,58,0,0.611394077,5300.0,13,0,3,0,1.0
135714,0,0.8282167159999999,60,3,8460.0,,11,0,2,1,0.0
135715,0,0.635934563,54,0,0.575147254,10525.0,9,0,4,0,0.0
135717,0,0.0,74,0,0.0,,6,0,0,0,0.0
135718,0,0.0,73,0,2.0,,7,0,0,1,0.0
135719,0,0.486008996,48,0,0.33770161299999996,11903.0,7,0,2,0,3.0
135722,0,0.06483362,26,0,0.014981273,800.0,1,0,0,0,0.0
135723,0,0.6214096889999999,45,0,0.18497334699999998,25700.0,11,0,2,0,0.0
135724,0,0.918351453,42,0,0.2664978,7500.0,7,0,2,0,1.0
135725,0,0.011098402,63,0,0.309309309,7325.0,12,0,1,0,2.0
135726,0,0.069527252,59,2,0.7598957479999999,6138.0,6,0,2,0,0.0
135728,0,0.17448255199999999,28,0,26.0,1.0,1,0,0,0,0.0
135729,0,0.242593035,56,0,0.28114214,12747.0,8,0,1,0,3.0
135730,0,0.044529858,66,0,0.16507177,4597.0,6,0,2,1,0.0
135731,0,0.01306021,54,0,0.029194161,5000.0,7,0,0,0,0.0
135732,0,0.013748772,52,0,0.001999,2000.0,2,0,0,0,0.0
135733,0,0.18205864300000002,36,0,0.318280287,6000.0,7,0,1,0,2.0
135734,0,0.037962038,34,0,0.071976008,3000.0,2,0,0,0,1.0
135735,0,0.130460233,50,0,1313.0,,6,0,1,0,0.0
135736,0,0.468751042,77,0,0.129487051,10000.0,14,0,1,0,2.0
135737,0,0.066214512,77,0,64.0,,6,0,0,0,
135738,0,0.408411974,33,2,0.138388626,2109.0,7,0,0,0,0.0
135739,0,0.906046977,40,1,0.279777583,3416.0,4,0,1,0,2.0
135741,0,0.063946803,40,0,0.141302197,15158.0,2,0,1,0,1.0
135742,0,0.18536292699999998,33,0,961.0,0.0,2,0,1,0,0.0
135743,0,0.042449565999999994,52,1,1.220819376,3880.0,14,0,3,1,0.0
135744,0,0.033482181,51,0,0.271824693,14100.0,11,0,2,0,1.0
135746,0,0.0018181229999999998,41,0,0.50854048,7200.0,9,0,1,0,1.0
135747,0,0.078996238,45,0,0.031393721,5000.0,2,0,0,0,0.0
135748,0,1.046908316,24,1,137.0,,2,0,0,0,0.0
135749,1,0.509630377,55,0,0.803105152,4250.0,12,0,1,0,0.0
135751,0,0.46403413299999996,47,0,0.685910438,6408.0,11,0,2,0,2.0
135752,0,0.0,45,0,0.0,3673.0,3,0,0,1,0.0
135754,0,0.704388985,53,0,0.00979902,10000.0,2,0,0,0,2.0
135755,0,0.106948611,81,0,0.017464338,7500.0,5,0,0,0,0.0
135756,0,0.239253582,24,1,0.06620862,1600.0,2,0,0,0,0.0
135757,0,0.054644212000000005,41,0,0.323467653,10000.0,11,0,3,0,5.0
135759,0,0.9999998999999999,65,0,76.0,,1,0,0,0,0.0
135760,0,0.030814115,53,0,0.6614820579999999,9000.0,15,0,4,0,2.0
135762,0,0.154185681,27,0,0.123251166,1500.0,3,0,0,0,0.0
135763,0,0.924014473,29,0,0.8479690520000001,2584.0,2,0,1,0,0.0
135764,0,0.322584825,46,1,0.323842065,2633.0,12,0,1,0,2.0
135765,0,0.9999998999999999,23,0,0.02247191,800.0,1,0,0,0,0.0
135766,0,0.0,53,0,0.057333562000000005,5842.0,6,0,0,0,0.0
135767,0,0.023166022999999997,68,0,0.0056132,5878.0,6,0,0,0,0.0
135770,0,0.00569943,53,0,0.06453009999999999,6926.0,7,0,1,0,0.0
135771,1,0.541245675,47,0,0.262373763,10000.0,17,1,2,1,3.0
135773,0,0.9999998999999999,35,1,0.222654081,1800.0,1,0,0,0,4.0
135774,0,0.521173526,39,1,0.345356701,13750.0,13,0,2,0,3.0
135775,0,0.15747745400000002,70,0,0.33739643799999997,10500.0,30,0,1,0,0.0
135776,0,0.55896895,66,0,0.617828571,8749.0,15,0,1,0,1.0
135777,1,0.9999998999999999,33,1,0.10756148,4350.0,1,0,0,0,2.0
135778,0,0.004995005,26,0,3.589018303,600.0,4,0,1,0,0.0
135779,0,0.240170128,49,0,0.179847841,11303.0,5,0,1,0,2.0
135781,0,0.178569678,42,0,0.265636718,6666.0,7,0,1,0,3.0
135782,0,0.217509741,51,0,0.194808178,4352.0,5,0,2,0,0.0
135784,1,0.754081973,36,0,0.7320240729999999,3156.0,7,0,1,1,2.0
135787,0,0.519371541,60,0,0.24639437600000003,8250.0,6,0,2,0,1.0
135788,0,0.295680935,50,0,0.135439049,13961.0,6,0,2,0,1.0
135789,0,0.341723373,42,0,0.350621103,20688.0,8,0,3,0,0.0
135790,0,0.012959741,36,0,0.39190057899999997,4666.0,10,0,1,0,0.0
135791,0,0.066510113,34,0,0.009626064,2700.0,2,0,0,0,0.0
135792,0,0.535520921,65,0,3998.0,,9,0,2,0,0.0
135796,0,0.062959618,61,0,0.409748984,9600.0,11,0,2,0,1.0
135798,0,0.9999998999999999,69,2,1.0,,1,0,0,0,0.0
135799,0,0.009299066,66,0,0.400896243,2900.0,11,0,0,0,0.0
135800,0,1.051974013,32,0,0.269115442,2667.0,7,0,0,0,0.0
135802,0,0.229084335,47,0,0.476668074,9471.0,10,0,2,0,3.0
135803,0,0.429791241,32,0,0.175584748,3120.0,6,0,0,0,0.0
135804,0,0.089911904,36,0,0.257773689,5434.0,9,0,0,0,2.0
135805,0,0.104515515,61,1,0.32682473300000003,4301.0,10,0,1,0,0.0
135806,0,0.08312779099999999,52,0,0.007069163000000001,5233.0,1,0,0,0,1.0
135808,0,0.09905630900000001,63,0,2.531093837,3601.0,9,0,3,0,0.0
135809,0,0.519706691,38,0,0.46267123299999996,2919.0,6,0,1,0,2.0
135810,0,0.42129008700000004,48,0,0.510414931,6000.0,5,1,1,1,1.0
135811,1,0.9396377229999999,58,0,0.859190135,6000.0,23,0,2,0,4.0
135814,0,0.04566950400000001,49,0,2103.0,,4,0,2,0,0.0
135815,0,0.05725669,61,0,0.139705263,11874.0,16,0,2,0,2.0
135817,0,0.279819414,68,0,0.053760393,10583.0,4,0,0,0,1.0
135818,1,0.9999998999999999,66,2,0.050919755,3750.0,1,2,0,0,0.0
135819,1,0.36837325200000004,47,0,0.18982481399999998,12500.0,12,0,0,0,0.0
135820,0,0.003647942,62,0,6.0,,4,0,0,0,0.0
135821,0,0.9999998999999999,45,0,0.012235818,2696.0,0,0,0,0,2.0
135825,0,0.0,46,0,0.0,,1,0,0,0,0.0
135826,0,0.0,38,0,0.38231388200000005,12800.0,11,0,4,0,0.0
135827,0,0.032777048999999996,79,0,0.17947095300000002,7900.0,9,0,1,0,0.0
135828,0,0.087205393,58,0,0.328767123,3649.0,11,0,1,0,0.0
135830,0,0.9999998999999999,50,1,0.084740152,3020.0,3,1,0,0,0.0
135831,0,0.43965411299999996,59,0,1.0,1400.0,10,0,1,0,0.0
135832,0,0.579669667,65,0,4289.0,,7,0,1,0,1.0
135833,0,0.664078892,57,0,0.022833712000000003,49750.0,17,0,0,0,0.0
135837,0,0.021074473,77,0,25.0,,2,0,0,0,0.0
135838,0,0.32913245,31,2,0.092476881,4000.0,6,0,0,0,0.0
135839,0,0.082141705,28,1,0.010414308,4416.0,9,0,0,0,0.0
135840,0,0.398658387,76,0,0.7169224390000001,4821.0,18,0,3,0,0.0
135841,0,0.065919318,41,0,0.22523099100000002,25000.0,9,0,1,0,3.0
135842,0,1.002909677,63,0,0.9102167179999999,2583.0,11,0,0,0,0.0
135843,0,0.24971775699999998,48,0,3750.0,,7,0,3,0,0.0
135844,0,0.805862362,70,0,0.086956522,2000.0,9,0,0,0,0.0
135845,0,0.362642729,49,0,0.311512415,5315.0,13,0,1,0,0.0
135846,0,0.17306467899999997,42,0,0.12310437099999999,1120.0,4,0,0,0,0.0
135847,0,0.37202325799999997,62,0,0.618116699,6700.0,14,0,2,0,0.0
135848,0,0.869214643,51,0,1.802175665,2481.0,5,0,3,0,0.0
135849,1,0.487358949,48,2,0.49331505,8750.0,9,1,3,0,2.0
135851,0,0.019008544,70,0,0.330303581,5500.0,11,0,1,0,0.0
135852,0,0.6849343859999999,46,0,0.370347135,4781.0,6,0,2,0,4.0
135855,0,0.709416171,41,0,0.463894032,14041.0,10,0,2,0,3.0
135856,0,0.9999998999999999,23,0,0.229808493,1200.0,1,0,0,0,0.0
135858,0,0.078237796,55,0,0.47246653899999996,5229.0,10,0,2,0,0.0
135859,0,0.374320541,51,0,0.47757318200000004,12707.0,15,0,2,0,4.0
135860,0,0.070502777,71,0,153.0,,9,0,0,0,0.0
135861,1,0.946843854,29,0,361.0,,2,9,0,0,0.0
135862,0,0.191900675,61,1,0.47985004700000006,3200.0,17,0,2,0,0.0
135863,0,0.015876823,64,0,0.224911238,13800.0,3,0,1,0,0.0
135864,0,0.186535466,43,0,0.299116814,6000.0,8,0,2,0,4.0
135866,0,0.8859099020000001,48,0,0.21545601600000003,14220.0,11,0,1,0,2.0
135867,0,0.059189680999999994,58,0,77.0,,3,0,0,0,0.0
135868,0,0.003140021,59,1,0.20079369800000002,16882.0,6,0,1,0,0.0
135870,0,0.649960368,32,0,0.22697368399999998,3343.0,9,0,0,0,1.0
135871,0,0.024984529,44,1,0.642537056,2900.0,17,0,1,0,2.0
135872,0,0.0016128170000000001,33,0,0.37572848799999997,5833.0,6,0,1,0,2.0
135873,0,0.0,51,0,0.229294379,7666.0,7,0,1,0,2.0
135874,0,0.519278173,30,0,0.436899983,5728.0,6,0,2,0,2.0
135876,0,0.140502521,48,1,1.196633894,6000.0,13,0,3,0,2.0
135878,0,0.085847437,43,0,0.478228782,6774.0,13,0,2,0,2.0
135879,0,0.25475713699999997,63,0,0.307609017,10158.0,15,0,2,0,0.0
135880,0,0.020650668,72,0,433.0,,22,0,0,0,1.0
135883,0,0.027279757999999998,52,0,0.178905688,8333.0,13,0,0,0,0.0
135885,0,0.0343001,47,0,0.201942302,3500.0,10,0,1,0,0.0
135886,0,0.91576053,38,0,0.432966413,3542.0,7,0,1,0,1.0
135887,1,1.8783666380000001,51,1,1241.0,,4,2,2,2,0.0
135888,0,0.038852297,66,0,0.023188631,90000.0,6,0,1,0,0.0
135890,0,0.0,42,0,0.0,,2,0,0,0,0.0
135891,0,0.06474865099999999,83,0,0.023997257,5833.0,22,0,0,0,0.0
135892,0,0.490968875,34,0,512.0,,2,0,0,0,0.0
135893,0,0.149685241,50,0,1.492252682,1677.0,13,0,1,0,2.0
135894,0,0.121486488,81,0,0.508741259,571.0,11,0,0,0,0.0
135895,0,0.27976686100000003,23,0,0.28296207100000004,1660.0,5,0,0,0,0.0
135897,1,0.54965865,39,0,0.545828716,6316.0,22,0,2,0,1.0
135898,1,0.9999998999999999,55,3,0.581284496,3985.0,3,1,2,3,0.0
135901,0,0.33467278100000003,42,0,0.8327048340000001,2916.0,14,0,1,0,1.0
135902,0,0.9999998999999999,24,1,0.00660793,907.0,4,1,0,0,0.0
135903,0,0.0026390909999999997,70,0,6.0,,5,0,0,0,0.0
135906,0,0.0,66,0,4347.0,,10,0,2,0,0.0
135907,0,0.9999998999999999,58,1,309.0,,5,0,0,0,0.0
135908,0,0.0,91,0,0.0,,3,0,0,0,
135909,0,0.243419878,34,2,1398.0,,14,0,1,0,0.0
135910,0,0.9999998999999999,41,0,0.0,12958.0,1,0,0,0,0.0
135911,0,0.013297058,44,1,3139.0,,8,0,1,0,0.0
135912,0,0.01731619,64,0,1477.0,,13,0,1,0,0.0
135913,0,0.9999998999999999,38,0,0.209803193,2692.0,5,0,0,0,1.0
135914,0,0.893273938,43,0,0.726424361,6107.0,18,0,1,0,4.0
135916,0,0.09791072699999999,71,0,0.089597114,3325.0,8,0,0,0,0.0
135917,0,0.030364496,45,0,0.215770935,8800.0,6,0,1,0,4.0
135918,0,0.867123229,75,0,3760.0,,11,0,1,0,0.0
135919,0,0.009356106999999999,59,0,12.0,,3,0,0,0,0.0
135921,0,0.918181283,26,2,0.40788346200000003,3500.0,6,0,1,1,2.0
135922,0,0.180216641,57,0,0.7007642559999999,1700.0,8,0,1,0,0.0
135923,0,0.4626639,53,0,0.275484678,6395.0,20,0,1,0,1.0
135925,1,0.13455683,88,1,822.0,,11,0,0,0,0.0
135927,0,0.644392299,58,0,1.423728814,2300.0,12,0,1,0,0.0
135928,0,0.22492559199999998,54,0,0.121768611,7078.0,14,0,0,0,0.0
135929,0,0.446044316,53,0,167.0,,2,0,0,0,0.0
135931,0,0.046171262000000005,55,0,1.043478261,1540.0,10,0,1,0,1.0
135932,0,0.046337532,76,0,3841.0,,10,0,2,0,0.0
135933,0,0.9867342179999999,56,0,0.576279952,5800.0,3,0,1,0,0.0
135934,0,0.016761373,67,0,927.0,,4,0,1,0,1.0
135936,0,0.109850319,74,0,1265.0,,5,0,1,0,0.0
135939,0,0.33758774700000005,36,0,0.344476744,5503.0,7,0,2,0,4.0
135940,0,0.0,68,1,1333.0,,11,0,1,0,0.0
135941,0,0.150352152,52,0,0.31269150100000004,6200.0,14,0,1,0,0.0
135942,0,0.009062728,69,0,0.11883577099999999,6630.0,10,0,1,0,0.0
135945,0,0.043646789000000005,61,0,0.226181412,19700.0,15,0,1,0,1.0
135946,0,0.970495036,40,4,0.92,2499.0,15,0,1,0,3.0
135947,0,0.8252933509999999,25,0,0.199960792,5100.0,6,0,0,0,0.0
135948,0,0.485302939,50,0,0.10930460300000001,5104.0,2,0,0,0,0.0
135949,0,0.015878543999999998,53,0,5516.0,,16,0,1,0,4.0
135950,0,1.0248280570000001,64,5,0.591040896,10000.0,9,2,2,2,0.0
135951,1,0.132257698,26,0,0.028309742000000002,1200.0,3,0,0,0,0.0
135953,0,0.154421218,73,0,3768.0,,3,0,2,0,0.0
135955,1,0.436148511,38,1,31.0,,4,1,0,0,0.0
135956,0,0.10416997300000001,57,0,0.689655172,15833.0,9,0,1,0,1.0
135957,0,0.15015162699999998,63,1,0.046590682,5000.0,5,0,0,0,1.0
135958,0,0.31481713,55,0,0.133091975,11600.0,5,0,1,0,1.0
135959,1,0.07129725099999999,78,0,0.679888543,6100.0,12,0,4,0,1.0
135960,0,0.014113031000000002,67,0,0.274772539,6044.0,8,0,1,0,0.0
135961,0,0.439611456,57,0,2164.0,,22,0,2,0,0.0
135962,0,0.876970768,39,0,0.134162209,6916.0,10,0,0,0,1.0
135963,0,0.245097495,46,0,0.04931689400000001,3000.0,2,0,0,0,0.0
135965,0,0.026152385,44,0,0.279879996,10332.0,15,0,1,0,0.0
135966,0,0.04395604400000001,22,0,0.001218027,820.0,2,0,0,0,0.0
135967,0,0.20414026,73,0,0.40549894299999995,5200.0,10,0,1,0,0.0
135968,0,0.63611213,43,0,0.454492245,10250.0,7,0,2,0,2.0
135969,1,0.9999998999999999,32,0,219.0,,2,2,0,0,0.0
135970,0,0.512697461,46,0,0.053348467999999996,6166.0,5,0,0,0,1.0
135971,0,0.018328476,69,0,0.24888636100000003,10550.0,12,0,1,0,0.0
135972,0,0.95120244,75,0,0.161431065,4583.0,6,0,0,0,0.0
135975,0,0.893791033,56,1,0.38645288,12223.0,26,0,1,0,0.0
135976,0,0.46777144299999995,52,0,0.337817839,7432.0,9,0,1,0,0.0
135977,0,0.292482389,59,0,0.262246413,8083.0,21,0,3,0,1.0
135978,0,0.07020779099999999,62,0,0.804854831,2100.0,15,0,1,0,0.0
135979,0,0.179711658,59,0,0.032674957000000004,4100.0,4,0,0,0,1.0
135980,0,0.10488951099999999,32,0,0.256088825,8375.0,13,0,3,0,0.0
135982,0,0.36656334399999996,50,0,0.399550225,4001.0,4,0,1,0,0.0
135983,0,0.8551908020000001,27,2,0.292715232,4529.0,8,0,0,0,0.0
135984,0,0.01126989,73,0,229.0,,8,0,0,0,0.0
135986,0,0.582944704,39,0,127.0,,3,0,0,0,0.0
135987,1,0.0,37,1,5.840319361000001,500.0,6,0,1,0,3.0
135989,0,0.160689048,42,0,0.270363951,7500.0,11,0,1,0,1.0
135991,0,0.025179529,78,0,0.318501171,1280.0,5,0,1,0,0.0
135992,0,0.575453845,53,0,0.301497063,5276.0,6,0,2,0,2.0
135993,0,0.955400605,37,0,0.362861329,7506.0,5,0,2,0,3.0
135994,0,0.47896207799999996,37,0,0.082703997,10857.0,3,0,0,0,1.0
135996,0,0.8673092509999999,34,0,0.23132704899999998,9652.0,9,0,0,0,0.0
135997,0,0.9670329670000001,33,0,500.0,,2,0,0,0,3.0
135998,0,0.13663726699999998,37,0,102.0,1.0,11,0,0,0,4.0
136000,0,0.496513085,48,0,0.270547945,4671.0,9,0,0,0,1.0
136001,0,0.9999998999999999,41,0,0.219904648,3355.0,2,0,0,0,0.0
136003,0,0.015739905,40,0,0.262262443,5524.0,8,0,0,0,1.0
136004,0,0.032549102,65,0,0.011267193,6833.0,9,0,0,0,0.0
136005,0,0.078953089,74,0,0.018996834,6000.0,3,0,0,0,1.0
136008,0,0.019491713,75,0,538.0,,11,0,0,0,0.0
136010,0,0.004374544,47,0,0.49533540600000003,2250.0,7,0,1,0,0.0
136011,0,0.042283298,58,0,0.198903108,5469.0,6,0,1,0,0.0
136012,0,0.42704714200000005,45,1,0.849875156,3203.0,7,0,1,0,1.0
136013,0,0.154719408,29,0,0.14462509099999998,4120.0,11,0,0,0,0.0
136014,0,0.10274177300000001,49,0,0.22143327699999998,13660.0,13,0,2,0,1.0
136015,1,0.219554611,47,1,0.18560179999999998,8000.0,3,0,1,0,2.0
136016,0,0.0,32,0,0.5828852,4276.0,8,0,1,0,0.0
136017,0,1.0004946129999999,50,0,0.541994208,7250.0,16,0,1,0,0.0
136020,0,0.020271438,62,0,0.221980697,11500.0,25,0,1,0,0.0
136025,0,0.17220889,58,0,0.030322685,6166.0,7,0,0,0,0.0
136027,0,0.41620448,57,0,0.41520056299999997,11367.0,24,0,2,0,0.0
136030,0,0.08055108,72,0,0.474200426,2344.0,7,0,1,0,0.0
136032,0,0.024843598999999997,44,1,0.08849723400000001,32000.0,12,0,1,0,2.0
136033,0,0.1499655,66,0,0.038351556,5944.0,8,0,0,0,0.0
136034,0,0.9999998999999999,41,0,847.0,,7,0,0,0,0.0
136036,0,0.003365223,43,0,0.330246511,7666.0,8,1,2,0,3.0
136037,0,0.29351904300000004,63,0,0.320802933,27000.0,16,0,2,0,0.0
136038,0,0.35810134,71,0,0.729532559,3700.0,34,0,1,0,0.0
136040,0,0.197679343,44,0,0.37393201200000004,5500.0,7,0,1,0,1.0
136041,0,0.383745155,52,0,0.665233415,4883.0,15,0,2,0,1.0
136042,0,0.0,40,0,0.0,3000.0,2,0,0,0,1.0
136043,1,0.9999998999999999,67,1,0.131939685,2917.0,0,0,0,0,0.0
136045,0,0.9999998999999999,37,0,0.259669613,25000.0,5,0,1,0,3.0
136046,0,0.6113445679999999,46,0,0.612359973,13300.0,10,0,2,0,0.0
136047,0,0.0,51,0,0.0,32670.0,2,0,0,1,0.0
136049,0,0.0,57,0,0.0,,6,0,0,0,0.0
136052,0,0.038410635,83,0,38.0,,5,0,0,0,
136054,0,0.08195902,33,0,0.044985005,3000.0,5,0,0,0,1.0
136055,0,0.025379744,37,0,33.0,,4,0,0,0,0.0
136056,0,0.011474223,41,0,0.302610759,7583.0,6,0,1,0,0.0
136057,0,0.979687868,48,0,0.6699029129999999,1132.0,6,0,0,0,0.0
136060,0,0.01061229,53,0,0.183434025,11420.0,14,0,2,0,3.0
136061,0,0.017278968000000002,64,0,1295.0,,6,0,1,0,0.0
136062,0,0.312971371,44,0,0.927913707,3800.0,18,0,2,0,0.0
136063,0,0.751248751,51,0,0.25672727300000003,1374.0,2,0,0,0,0.0
136066,0,0.93299298,44,0,0.47871840600000004,10642.0,12,0,2,0,0.0
136067,1,0.9999998999999999,43,0,0.0,,0,1,0,0,0.0
136069,0,0.010726948,52,0,338.0,,5,0,0,0,0.0
136070,0,0.088597785,72,0,0.13197888300000002,6250.0,6,0,1,0,2.0
136072,0,0.027968822,61,0,0.19889385199999998,9401.0,14,0,2,0,1.0
136075,0,0.145436899,56,0,149.0,,4,0,0,0,0.0
136076,0,0.501954157,30,0,5696.0,1.0,5,0,1,0,3.0
136079,0,1.001481262,39,0,0.056721798,9431.0,5,0,0,0,0.0
136080,0,0.006653718,70,0,3005.0,,10,0,2,0,0.0
136081,0,0.11105016699999999,42,0,0.9496834390000001,3000.0,8,0,2,0,0.0
136082,0,0.095780844,47,0,0.08918216400000001,5000.0,4,0,0,0,0.0
136083,0,0.424010751,73,0,0.570326562,11666.0,21,0,2,0,1.0
136085,0,0.883411741,29,0,0.523553163,5200.0,13,0,1,0,1.0
136086,0,0.731072078,50,1,0.207107163,1800.0,2,0,1,0,2.0
136088,0,0.17404037100000003,66,0,10050.0,,8,0,3,0,0.0
136089,1,1.480821178,63,1,0.19919007800000002,3950.0,7,2,0,1,0.0
136091,0,0.027868575,47,0,0.316868783,14677.0,3,0,1,0,0.0
136092,0,0.0,60,1,0.519480519,5235.0,9,0,3,0,0.0
136093,0,0.0,56,0,2488.0,,9,0,2,0,
136094,0,0.631040229,67,0,0.17386185199999998,2547.0,6,0,0,0,0.0
136095,0,0.053535609000000005,51,0,0.29055912,12000.0,9,0,2,0,4.0
136096,0,0.00179994,70,0,1.0,,2,0,0,0,0.0
136097,0,0.46719505200000006,42,0,0.44431946,8000.0,11,0,1,0,1.0
136098,0,0.077792264,27,1,0.20604295600000003,2746.0,3,3,0,2,0.0
136099,1,0.87406838,40,2,0.176905691,9733.0,12,0,0,0,4.0
136100,0,0.55345683,47,0,0.734240688,5583.0,15,0,2,0,1.0
136102,1,0.9999998999999999,43,0,0.40764754799999997,6014.0,2,5,1,1,1.0
136104,0,0.480536056,49,0,0.636136386,10000.0,8,0,2,0,0.0
136107,0,0.049611232000000005,73,0,0.006951719,10500.0,5,0,0,0,0.0
136108,0,0.124840122,43,0,1079.0,1.0,14,0,2,0,1.0
136109,0,0.02430198,50,0,0.310636912,6138.0,16,0,0,0,1.0
136110,0,0.019769483,51,0,0.089419606,3600.0,6,0,0,0,1.0
136111,0,0.0,69,0,0.440853049,6001.0,6,0,2,0,1.0
136112,1,0.901859504,52,0,390.0,,2,0,0,0,0.0
136113,0,0.00131572,68,0,0.0,,4,0,0,0,0.0
136114,0,0.123409911,59,0,0.400544285,8083.0,7,0,2,0,1.0
136116,0,0.014679908,77,0,412.0,,16,0,0,0,0.0
136117,0,0.504450234,33,0,0.486776673,8847.0,10,0,2,0,2.0
136118,0,0.09386353800000001,28,0,0.274435442,5800.0,6,0,0,0,2.0
136119,0,0.9400759390000001,46,0,1.015769626,2916.0,8,0,1,0,0.0
136120,0,0.311434718,64,0,0.38329499200000006,5650.0,7,0,1,0,0.0
136121,0,0.9999998999999999,39,0,1.171767645,1600.0,5,0,2,0,3.0
136122,0,0.730609913,25,1,0.183887916,6280.0,6,0,0,0,0.0
136123,0,0.41506817700000004,71,0,0.758342115,2846.0,26,0,2,0,0.0
136124,0,0.095145243,56,0,0.19277429699999998,7500.0,2,0,1,0,1.0
136125,0,0.024679801,40,0,0.269891084,5416.0,4,0,1,0,0.0
136127,0,0.37305970299999996,41,0,0.765930862,2400.0,8,0,2,0,0.0
136130,0,0.057890045999999994,69,0,0.560562572,3483.0,11,0,2,0,0.0
136131,0,0.34985414,31,0,0.532940272,3900.0,9,0,1,0,0.0
136132,0,0.048365054000000005,55,0,285.0,,4,0,0,0,0.0
136133,0,0.041177101,70,0,0.0029866479999999997,11383.0,8,0,0,0,0.0
136134,0,0.0,49,1,0.554550934,4976.0,11,0,2,0,2.0
136135,0,0.560253011,38,0,0.351529694,5000.0,6,0,1,0,3.0
136136,0,0.079342099,68,1,0.330592572,7053.0,17,0,1,0,0.0
136137,0,0.19135529699999998,66,0,0.19705340699999999,3800.0,10,0,0,0,0.0
136140,0,0.104055161,60,0,1856.0,,9,0,2,0,0.0
136141,0,0.24950238600000002,51,0,1707.0,,12,0,2,0,0.0
136142,0,0.82306143,51,0,0.821193945,3500.0,11,0,1,0,1.0
136143,0,0.0019999429999999997,34,0,0.49125282200000003,3543.0,6,0,3,0,2.0
136144,0,0.768199472,53,0,0.35626335600000003,9826.0,13,0,2,0,2.0
136145,0,0.00253416,64,1,0.228773854,8750.0,13,0,1,0,0.0
136146,0,0.582834331,33,2,0.034188034,2924.0,2,2,0,0,2.0
136147,0,0.128552481,69,0,0.260259179,8333.0,11,0,1,0,0.0
136149,0,0.37026995700000004,31,0,0.168215613,9683.0,25,0,0,0,0.0
136150,0,0.533176375,55,0,0.298571429,10499.0,13,0,1,0,1.0
136152,0,0.00868824,54,0,0.001663103,4208.0,3,0,0,0,0.0
136153,0,0.004939508,73,0,0.120959938,15500.0,18,0,1,0,1.0
136154,0,0.9999998999999999,41,0,0.0,,1,0,0,0,0.0
136157,0,0.9999998999999999,37,0,112.0,,4,0,0,0,0.0
136158,0,0.0,30,0,0.29168309,2536.0,9,0,0,0,0.0
136159,0,0.16934950899999998,37,0,0.344469191,6734.0,11,0,2,0,2.0
136161,0,0.16420752,66,1,0.187853107,2123.0,8,0,0,0,0.0
136162,0,0.679330167,74,0,232.0,,4,0,0,1,1.0
136164,0,0.008821836,70,0,0.004745255,4003.0,3,0,0,0,0.0
136165,0,0.691065447,60,0,0.548069528,6500.0,8,0,2,0,0.0
136166,0,0.014562236000000001,64,0,34.0,,7,0,0,0,0.0
136167,0,0.008154881,66,0,0.18776210399999999,5245.0,12,0,1,0,0.0
136168,0,0.502236456,68,0,1.2840431909999999,3333.0,10,0,2,0,0.0
136169,0,0.005740528000000001,44,0,0.03229673,15016.0,6,0,0,0,1.0
136171,0,0.167398451,46,0,0.29630171,6840.0,8,0,2,0,1.0
136172,0,0.185299352,68,0,0.545930916,9350.0,11,0,4,0,0.0
136175,0,0.9999998999999999,31,0,0.0,8000.0,3,0,0,0,3.0
136176,0,0.067667477,58,0,0.350779183,3400.0,10,0,0,0,0.0
136177,1,1.021956088,33,1,0.107393172,4422.0,4,3,0,0,0.0
136178,0,0.09864728099999999,53,0,396.0,,3,0,0,0,0.0
136179,0,0.565190777,29,0,0.349073886,4912.0,4,0,1,0,2.0
136180,0,0.139167862,66,0,96.0,,3,0,0,0,0.0
136183,0,0.08191257,63,0,0.397891534,9200.0,18,0,2,0,2.0
136184,0,0.9999998999999999,82,0,48.0,,0,0,0,0,0.0
136185,0,0.37541098799999995,41,0,0.938769135,3200.0,11,0,2,0,1.0
136186,0,0.9999998999999999,70,1,0.140559251,14733.0,11,0,1,0,0.0
136188,1,0.9999998999999999,31,1,0.673023685,3250.0,3,3,1,0,2.0
136189,0,0.029856306000000003,70,0,80.0,,7,0,0,0,0.0
136191,0,0.508777003,49,0,5566.0,,21,0,3,0,0.0
136193,0,0.9999998999999999,60,1,3859.0,,8,0,5,0,0.0
136194,0,0.097445128,50,1,0.15818418199999998,10000.0,4,0,1,0,2.0
136195,0,0.10856429599999999,23,0,0.035294118,3229.0,6,0,0,0,0.0
136196,0,0.9999998999999999,47,0,0.262403031,11085.0,5,0,2,0,3.0
136198,0,0.778362546,40,0,0.41434151799999996,3583.0,11,0,1,0,0.0
136200,0,0.207519499,64,0,0.377135348,6087.0,5,0,1,0,0.0
136201,0,0.9999998999999999,22,0,0.0,820.0,1,0,0,0,0.0
136203,0,0.538543249,67,0,0.9937539040000001,1600.0,8,0,1,0,0.0
136205,0,0.239230501,63,0,1.795469687,1500.0,15,0,2,0,0.0
136206,0,0.151233951,63,1,0.06469319700000001,5100.0,7,0,0,0,1.0
136209,0,0.017940649,36,0,0.48578569200000005,3200.0,6,0,1,0,3.0
136210,0,0.642107158,46,1,0.498650135,10000.0,5,0,2,0,1.0
136211,0,0.019675968999999998,66,0,51.0,,16,1,0,0,0.0
136214,0,0.02069793,73,0,2325.0,,7,0,1,0,0.0
136215,0,0.057720157,35,0,0.495087824,3358.0,10,0,2,0,0.0
136216,0,0.0,55,0,0.149965124,4300.0,3,0,0,0,1.0
136218,0,0.9999998999999999,66,0,205.0,,2,0,0,0,0.0
136219,0,0.389992805,53,0,0.522049689,6439.0,6,0,1,0,0.0
136220,0,0.22764057399999998,39,0,0.603046168,2100.0,11,0,0,0,3.0
136222,0,0.0,38,0,0.304538478,4560.0,9,0,1,0,0.0
136224,0,0.887557983,39,2,0.38937121799999996,3800.0,7,0,0,1,1.0
136226,0,0.167855476,28,0,75.0,,2,0,0,0,
136227,0,0.319325449,60,0,0.378224355,3333.0,9,0,1,0,0.0
136229,0,0.052515791,82,0,0.094120784,7500.0,6,0,1,0,0.0
136230,0,0.00269706,65,0,623.0,,10,0,1,0,0.0
136231,0,0.045626547,63,0,0.011144215,97000.0,20,0,1,0,2.0
136232,0,0.9679521329999999,34,0,0.68427673,2384.0,7,0,0,0,0.0
136233,0,0.04496268,51,0,0.014394242,2500.0,3,0,0,0,0.0
136234,0,0.060513904,63,0,1276.0,,11,0,1,0,0.0
136235,0,0.000906317,46,0,0.306241965,7000.0,14,0,2,0,0.0
136236,0,0.844315568,48,0,0.100414849,9400.0,4,1,0,0,0.0
136238,0,0.039250618,39,0,0.36875395299999997,6323.0,7,0,2,0,2.0
136239,0,0.9999998999999999,35,0,0.02690149,5166.0,1,0,0,0,0.0
136240,0,1.004999,47,0,0.28194361100000004,5000.0,7,0,1,1,3.0
136241,0,0.18473178399999998,55,0,0.836268606,8800.0,18,0,3,0,2.0
136242,0,0.629455358,30,0,0.174347158,2603.0,3,0,0,0,0.0
136245,0,0.99410059,56,2,1.285973947,3300.0,5,0,2,0,0.0
136247,0,0.024247269,56,0,0.135178371,6250.0,7,0,0,0,2.0
136248,0,0.038991403,32,0,0.006774558000000001,5313.0,7,0,0,0,1.0
136249,0,0.09284047599999999,40,0,157.0,,9,0,0,0,
136250,0,0.0,41,2,0.0,4096.0,8,0,0,0,4.0
136251,0,0.219778022,31,0,0.36184393200000003,3600.0,4,0,1,0,0.0
136252,0,0.0,58,0,0.15131045699999998,3700.0,6,0,1,0,0.0
136254,0,0.016298587,79,0,0.23059916,4522.0,8,0,1,0,0.0
136255,0,0.058506206,47,0,0.203708022,8575.0,6,0,1,0,1.0
136257,0,0.18926035800000002,70,0,0.144180396,13170.0,4,0,1,0,0.0
136260,0,0.9999998999999999,30,1,0.157129456,2131.0,1,0,0,0,0.0
136261,0,0.9999998999999999,51,0,823.0,,4,1,0,0,
136262,0,0.9999998999999999,76,0,0.729821995,4100.0,6,0,2,0,2.0
136263,0,0.103284134,71,0,92.0,,3,0,0,0,0.0
136266,0,0.015515626000000001,60,0,31.0,,8,0,1,0,2.0
136267,0,0.01059595,63,0,0.24052652600000002,10027.0,6,0,1,0,1.0
136268,0,0.126809856,38,0,0.270621563,6000.0,10,0,2,0,0.0
136269,0,0.145173873,73,0,0.276208944,8250.0,5,0,2,0,1.0
136270,0,0.03801673,35,0,0.423073295,10600.0,10,0,1,0,1.0
136271,0,0.46733104299999995,26,0,0.421491045,2400.0,9,0,0,0,0.0
136272,0,0.029464949,56,0,0.375937344,6000.0,11,0,1,0,0.0
136273,0,0.0,53,0,2366.0,0.0,7,0,1,0,0.0
136275,0,0.018756875,62,0,0.019490255,2000.0,3,0,0,0,0.0
136280,0,0.43365762799999996,63,0,5983.0,,19,0,3,0,1.0
136281,1,0.625687156,39,3,1.321861557,2556.0,6,1,1,2,1.0
136285,0,0.978250906,42,0,0.544293252,3600.0,7,0,0,0,0.0
136286,0,0.23698249,53,0,0.18034038,13102.0,8,0,2,0,1.0
136287,0,0.003612471,41,0,0.603044763,4400.0,6,0,1,0,1.0
136290,0,0.161079985,54,0,0.617012974,10250.0,10,0,2,0,1.0
136291,0,0.186181382,58,0,0.268942937,12827.0,5,0,2,0,0.0
136293,0,0.212669683,68,0,1148.0,,7,0,1,0,1.0
136294,0,0.043657838,57,0,1697.0,,9,0,1,0,3.0
136295,0,0.062586262,46,0,0.223170547,19800.0,12,0,2,0,0.0
136296,0,0.9633577609999999,25,2,0.309404816,2200.0,10,0,0,0,0.0
136299,0,0.296004315,63,0,0.41256180200000003,5460.0,12,0,2,0,1.0
136300,0,0.0,54,0,0.34038509200000006,12100.0,10,0,2,0,1.0
136301,0,0.456905925,40,1,0.353213665,3453.0,9,0,0,0,2.0
136302,0,0.7017298270000001,77,1,0.153472035,3700.0,3,0,1,1,0.0
136303,0,0.0014177039999999999,67,0,0.23535225199999998,7082.0,16,0,2,0,0.0
136304,0,0.219943604,48,0,0.295084835,5716.0,22,0,1,0,2.0
136305,0,0.023685886,46,0,2116.0,,14,0,2,0,2.0
136306,0,0.054377974,53,0,1353.0,,10,0,1,0,0.0
136307,0,0.016387967,51,0,22.0,,9,0,0,0,
136309,0,0.383207671,58,0,0.206671252,2907.0,9,0,0,0,0.0
136310,0,0.031794268,50,0,1044.0,,8,0,1,0,0.0
136311,1,0.65677446,59,0,0.97009911,5952.0,11,0,2,0,0.0
136317,0,0.177163469,67,0,0.27297816199999997,8333.0,21,0,1,0,0.0
136318,0,0.162567988,53,0,0.299888379,8062.0,18,0,1,0,1.0
136320,0,0.015955122,77,0,0.10801135699999999,8100.0,12,0,0,0,1.0
136323,0,0.15822261599999998,46,0,0.35685752299999995,5256.0,8,0,2,0,2.0
136325,1,0.9999998999999999,35,0,0.145849617,6396.0,5,2,0,1,4.0
136326,1,0.9999998999999999,22,0,0.0044977509999999995,2000.0,3,0,0,0,0.0
136327,0,0.13774845,97,0,0.201234145,5833.0,12,0,0,0,0.0
136329,0,0.021114979,58,0,388.0,,8,0,0,0,0.0
136330,0,0.09792749,49,0,0.322875366,5800.0,11,0,1,0,2.0
136332,0,0.473024,52,0,0.267546491,5000.0,11,0,2,0,0.0
136333,0,0.076046198,40,0,1319.0,,3,0,2,0,0.0
136334,0,0.042137575,31,0,1.794964029,833.0,7,0,1,0,0.0
136336,1,0.601993287,55,0,1.188371481,3800.0,20,0,2,0,1.0
136337,0,0.063133015,60,0,0.29378620699999997,12600.0,14,0,3,0,1.0
136342,0,0.486612428,43,0,0.437166006,5800.0,8,0,1,0,2.0
136346,0,0.048538375,44,1,0.233140655,5708.0,6,0,1,0,0.0
136348,0,0.20267539199999998,60,0,5315.0,,11,0,3,0,0.0
136350,0,0.38385545600000004,35,0,4834.0,0.0,14,0,1,0,1.0
136352,0,0.5936003879999999,60,0,0.21940688600000002,8800.0,6,0,1,0,0.0
136353,0,0.224858788,36,0,0.16133942199999998,9854.0,6,0,1,0,0.0
136354,0,0.7544243159999999,70,0,4940.0,,6,0,2,0,2.0
136355,0,0.021532752000000002,60,1,0.299112376,5970.0,18,0,3,0,0.0
136359,0,0.088129926,60,0,0.317085364,8000.0,12,0,2,0,0.0
136360,0,0.415528157,27,0,19.5,1.0,1,0,0,0,0.0
136361,0,0.07022457900000001,56,0,2197.0,,21,0,1,0,0.0
136362,0,0.136890715,46,0,2421.0,,9,0,2,0,3.0
136364,0,0.28432340000000006,41,1,1409.0,0.0,8,0,1,0,2.0
136365,0,0.173715733,53,0,0.33608299,8000.0,9,0,1,0,0.0
136367,0,0.7597620890000001,66,0,2413.0,,9,0,1,0,1.0
136369,0,0.027714295,50,0,0.007788654,9500.0,7,0,0,0,1.0
136370,0,0.003278207,95,0,22.0,,10,0,1,0,0.0
136371,0,0.046951647,49,0,0.44005358299999997,10450.0,10,0,3,0,1.0
136372,0,0.027246457,38,0,0.008495751999999999,2000.0,2,0,0,0,0.0
136373,0,0.06453501099999999,80,0,1135.0,,6,0,1,0,
136374,0,0.09076717699999999,65,0,0.377803171,7000.0,13,0,3,0,0.0
136376,0,0.992210936,31,0,0.145638732,7600.0,7,0,0,0,0.0
136377,0,0.003824191,65,0,0.08271474,6600.0,9,0,1,0,0.0
136378,0,0.073859059,44,0,0.150167138,11666.0,5,0,2,0,1.0
136382,0,0.109875938,59,0,0.641262082,9000.0,17,0,2,0,0.0
136383,0,0.52813501,48,0,1937.0,,8,0,0,0,0.0
136386,0,0.22398683100000003,50,2,3795.0,,12,0,3,0,0.0
136387,0,0.718961172,45,0,0.56472579,13000.0,19,0,7,0,2.0
136389,0,0.264193395,49,0,2234.0,,6,0,2,0,2.0
136391,0,0.281356276,81,0,0.365745479,2930.0,8,0,2,0,0.0
136394,0,0.0,76,0,34.0,,4,0,0,0,0.0
136395,0,0.10302238300000001,44,0,1054.0,,9,0,1,0,0.0
136396,0,0.0043403520000000004,85,0,0.23446435399999999,2622.0,8,0,1,0,0.0
136397,0,0.025332683999999998,44,0,0.32354158,4833.0,5,0,2,0,2.0
136399,0,0.20861661199999998,82,0,0.372331155,4589.0,14,0,1,0,0.0
136400,0,0.6726996340000001,64,1,0.36958384899999996,10500.0,9,0,1,0,0.0
136401,0,0.17142443100000002,40,0,0.219871205,3260.0,4,0,1,0,0.0
136402,0,0.0,63,1,0.218346843,17517.0,12,0,3,0,0.0
136403,0,0.079786126,41,0,0.20968951600000002,6666.0,3,0,1,0,2.0
136404,0,0.006884031999999999,69,0,1.504165278,3000.0,19,0,2,0,0.0
136405,0,0.014318853999999999,45,0,0.08437995400000001,8200.0,6,0,1,0,2.0
136406,0,0.046894122999999996,26,0,0.020122485,2285.0,3,0,0,0,0.0
136407,0,0.063857782,37,0,0.221921166,15500.0,9,0,1,0,5.0
136408,0,0.034578379,85,0,0.009995835,2400.0,4,0,0,0,0.0
136410,0,0.264990862,49,2,3082.0,,11,0,2,0,
136411,0,0.7875207879999999,56,0,0.608878224,5000.0,6,0,2,0,0.0
136412,0,0.0,57,0,0.0,4788.0,1,0,0,0,0.0
136413,0,0.9999998999999999,23,0,0.105067985,2426.0,2,0,0,0,0.0
136414,0,0.0,55,0,0.27383565,4100.0,2,0,1,0,0.0
136415,0,0.033074379,55,0,0.296194721,5833.0,11,0,1,0,0.0
136418,1,0.9960039959999999,41,3,0.41170871,2100.0,5,1,0,0,3.0
136419,1,0.9999998999999999,31,0,0.193241314,2100.0,1,1,0,0,1.0
136420,0,0.427145709,24,0,7.0,0.0,3,0,0,0,0.0
136422,0,0.447596053,48,0,1.086550183,2460.0,12,0,1,0,3.0
136424,0,0.7753989090000001,46,0,550.0,,8,0,0,0,0.0
136425,1,0.99350065,33,1,0.7886446890000001,8189.0,9,0,2,0,1.0
136427,0,0.150729657,57,0,0.827491093,8700.0,26,0,3,0,1.0
136428,0,0.0151005,56,1,0.238410596,3925.0,9,0,1,0,0.0
136429,0,0.068723282,55,0,0.25753712300000003,6666.0,19,0,1,0,1.0
136430,0,0.360449385,46,0,2415.0,,4,0,2,0,3.0
136433,0,0.0,37,0,4.6021798369999996,1100.0,7,0,2,0,2.0
136434,0,0.008966049,74,0,0.17810255100000003,4036.0,18,0,1,0,1.0
136437,0,0.9279838,27,0,0.302400739,4331.0,8,0,0,0,0.0
136438,0,0.012089616000000001,87,0,0.00416551,3600.0,4,0,0,0,0.0
136439,0,0.149761182,64,0,0.11530770900000001,4500.0,4,0,0,0,0.0
136441,0,0.20966322699999998,34,0,0.37481386899999997,4700.0,8,0,1,0,4.0
136442,0,0.184152233,47,0,0.27731092399999996,8329.0,11,0,1,0,0.0
136443,0,0.014549131000000002,76,0,0.011522712,10500.0,11,0,1,0,0.0
136444,0,0.316601586,55,0,0.413909719,6800.0,19,0,2,0,0.0
136445,1,0.8797108140000001,42,1,0.16129980900000002,6800.0,5,0,0,1,2.0
136448,1,0.495912807,61,1,121.0,,1,0,0,1,1.0
136449,0,0.036711663,26,0,0.002307337,6500.0,2,0,0,0,0.0
136450,0,0.13368144699999998,37,0,3932.0,,23,0,1,0,0.0
136451,0,0.44068628200000004,57,0,1.533599264,3258.0,9,0,2,0,0.0
136452,0,0.003254563,59,0,0.001547988,1291.0,2,0,0,0,0.0
136453,0,0.834624195,38,1,0.263322534,8950.0,11,0,1,0,0.0
136454,0,0.0008786960000000001,34,0,0.7225433529999999,691.0,7,0,1,0,2.0
136455,0,0.163202803,60,0,0.016727806,20444.0,4,0,0,0,1.0
136457,0,0.172618522,65,0,0.636270141,2916.0,19,0,1,0,0.0
136458,0,0.9000768640000001,43,0,0.50175486,7407.0,6,0,3,0,0.0
136459,0,0.168665796,33,0,0.118921376,6600.0,6,0,0,0,3.0
136460,0,0.027789616,71,0,2711.0,,8,0,2,0,0.0
136461,0,0.9999998999999999,51,0,0.17544471600000003,2866.0,3,2,0,0,2.0
136462,0,0.0,41,0,0.447501146,2180.0,5,0,1,0,1.0
136463,0,0.009567309,82,0,0.024937656000000002,400.0,4,0,0,0,0.0
136464,0,0.000578937,74,0,0.087076374,6166.0,7,0,1,0,0.0
136465,0,0.259361142,53,0,0.147370526,5000.0,10,0,0,0,0.0
136466,0,0.605809059,74,0,1.569006941,7491.0,27,0,4,0,0.0
136467,0,0.9999998999999999,69,0,0.254509889,4600.0,1,0,1,0,1.0
136468,0,0.074925075,69,0,0.299188357,3572.0,4,0,1,0,0.0
136469,0,0.208451903,48,0,0.431656834,10000.0,8,0,1,0,0.0
136470,0,0.070364768,43,0,0.434013197,3333.0,27,0,1,0,2.0
136472,0,0.86130612,62,1,0.583402766,6000.0,11,0,2,0,0.0
136473,0,0.008292458,62,0,0.37468776,1200.0,7,0,1,0,0.0
136477,0,0.305305599,77,1,0.073185363,5000.0,7,0,0,0,1.0
136478,0,0.071392421,56,1,0.7874692390000001,25600.0,30,0,1,0,1.0
136479,0,0.20082845300000002,35,0,0.473212953,6700.0,6,0,1,0,1.0
136480,0,0.9999998999999999,60,0,0.322755418,3875.0,4,0,1,0,0.0
136482,0,0.0,60,0,0.153824961,10888.0,7,0,1,0,0.0
136484,0,0.027358014,38,0,0.09661299300000001,1800.0,4,0,0,0,3.0
136486,0,0.44315980299999996,44,0,0.324150189,4500.0,6,0,1,0,4.0
136487,0,0.04867102,68,0,0.972795805,3050.0,15,0,2,0,0.0
136488,0,0.895006176,44,1,0.434450271,11250.0,13,0,1,0,1.0
136489,0,0.054355125,54,0,0.330458693,8000.0,20,0,1,0,2.0
136490,0,0.168087121,39,0,0.153213488,8510.0,13,0,0,0,3.0
136491,0,0.054251790999999994,52,0,0.400404635,5436.0,12,0,1,0,1.0
136492,0,0.999762865,36,0,0.088588093,9086.0,4,0,0,0,0.0
136493,0,0.0,54,0,1156.0,,5,0,2,0,0.0
136495,0,0.0,68,0,0.0,5583.0,2,0,0,0,0.0
136498,0,0.130948919,46,1,0.161315132,5200.0,8,0,0,0,4.0
136499,0,0.8491141329999999,43,0,0.278439679,11330.0,15,0,0,0,0.0
136500,0,0.209814251,67,0,0.097773279,4939.0,7,0,0,0,0.0
136502,1,0.9999998999999999,41,0,0.042825184,3128.0,0,3,0,0,2.0
136503,0,0.9999998999999999,36,0,0.003818119,2880.0,0,1,0,0,2.0
136505,0,0.442662823,63,1,0.382290722,3308.0,11,0,0,0,0.0
136506,0,0.792427676,59,0,2992.0,,6,0,1,0,0.0
136508,0,0.644143065,44,0,1.301763316,5500.0,8,0,2,0,2.0
136509,0,0.023130632,48,0,2165.0,0.0,16,0,2,0,1.0
136510,0,0.668733251,52,0,0.106984716,7000.0,8,0,0,0,3.0
136512,0,0.075465461,54,0,0.35438109999999995,18750.0,18,0,3,0,0.0
136514,0,0.052250208,49,0,0.123990462,13000.0,14,0,1,0,2.0
136515,0,0.869266598,56,1,0.37561206799999997,6330.0,10,0,0,0,1.0
136516,0,0.020426056,74,0,25.0,,7,0,0,0,0.0
136518,0,0.050201572,71,0,66.0,,7,0,0,0,0.0
136519,1,0.785375811,54,0,1.09343332,4933.0,14,0,2,0,2.0
136520,0,0.654752454,51,0,0.309111393,7100.0,18,0,0,0,0.0
136522,0,0.037389197,79,0,518.0,,9,0,0,0,0.0
136523,0,0.080110185,54,0,0.05411839400000001,6300.0,5,0,0,0,0.0
136525,0,0.41184678399999997,69,0,3305.0,,14,0,1,0,2.0
136526,0,0.039884575,61,0,52.0,,7,0,0,0,0.0
136527,0,0.143201506,49,0,0.082166768,11500.0,14,0,1,0,2.0
136528,0,0.016954083999999998,45,0,0.44890571,6076.0,7,0,1,0,3.0
136530,0,0.9251852190000001,49,2,0.427961094,11000.0,5,0,1,0,1.0
136531,0,0.220524408,55,0,4130.0,,33,0,1,0,3.0
136536,0,0.138022616,53,0,0.34340628799999995,9000.0,12,0,2,0,4.0
136537,0,0.065989002,30,1,444.0,,3,0,0,0,
136539,0,0.291563338,59,0,0.584707646,2000.0,13,0,0,0,0.0
136541,0,0.070923147,67,0,0.38027016,17100.0,17,0,3,0,1.0
136542,0,0.792701216,31,0,0.29764454,1400.0,3,0,0,0,0.0
136543,0,0.043828855,78,0,2.141716567,500.0,6,0,1,0,0.0
136544,0,0.226209655,38,0,0.438702376,2650.0,4,0,1,0,0.0
136545,1,0.9999998999999999,54,98,0.059411438,1800.0,0,98,0,98,0.0
136547,0,0.002279909,60,0,973.0,,3,0,1,0,
136548,0,0.014797041,39,0,0.214595135,3000.0,3,0,1,0,0.0
136550,0,0.120176356,52,0,0.17200101899999998,11778.0,7,0,1,0,3.0
136551,0,0.272602479,67,2,1.641833811,3140.0,16,0,3,0,0.0
136552,0,0.06632228,47,0,0.169105927,6900.0,4,0,1,0,2.0
136555,0,0.22551482899999997,46,0,0.395975057,10583.0,15,0,2,0,3.0
136556,0,0.035361974,53,0,0.158542073,20000.0,11,0,1,0,1.0
136557,0,0.27987124399999996,57,0,0.35189061,7166.0,10,0,2,1,0.0
136559,0,0.090577008,59,0,0.2892728,7466.0,17,0,2,0,1.0
136560,0,0.07245235,61,0,493.0,,4,0,0,0,0.0
136561,0,0.41616903,49,0,0.480593905,3838.0,12,0,1,0,3.0
136562,0,0.0,64,2,0.486569505,15300.0,17,0,4,0,0.0
136563,0,0.029321635,44,0,0.540245975,10000.0,11,0,2,0,2.0
136567,0,0.0,42,0,0.001776199,3377.0,1,0,0,0,0.0
136568,0,0.893003344,48,0,0.295769079,10115.0,6,0,1,0,3.0
136569,1,0.910299003,61,3,0.6681477370000001,3600.0,7,1,1,0,1.0
136570,0,0.707481138,29,0,0.037274036,6250.0,2,0,0,0,0.0
136571,0,0.247593075,33,0,0.540745229,3300.0,7,0,2,0,0.0
136572,0,0.030458157000000003,73,0,0.403942294,7000.0,8,0,3,0,1.0
136573,0,0.197920277,44,2,0.5121451570000001,10250.0,14,0,2,0,2.0
136575,0,0.9999998999999999,55,3,2789.0,,4,1,2,1,0.0
136577,0,0.881411816,41,0,0.665797479,2300.0,13,0,0,0,0.0
136578,1,1.153620846,60,1,0.38033743,4800.0,11,0,1,0,0.0
136579,1,0.9999998999999999,65,1,597.0,,1,1,0,0,0.0
136580,0,0.101488925,62,1,981.0,,10,0,1,0,0.0
136581,0,0.02863009,70,0,0.011660189,1800.0,4,0,0,0,0.0
136584,0,0.0,54,0,2942.0,,6,0,1,0,1.0
136585,0,0.735740983,58,0,0.294783802,2913.0,3,0,0,0,0.0
136586,0,0.915023605,70,0,0.474802166,2400.0,11,0,1,0,1.0
136587,0,0.07707691700000001,73,0,78.0,,5,0,0,0,0.0
136588,0,0.076879216,51,0,0.469596413,5574.0,11,0,1,0,1.0
136589,0,0.330468324,51,0,0.921231507,2500.0,8,0,2,0,0.0
136591,0,0.16387753300000002,64,0,1627.0,,13,0,1,0,0.0
136593,0,0.042654339000000006,69,0,0.034514078,1100.0,8,0,0,0,0.0
136594,0,0.936377087,51,2,0.630582668,3380.0,7,0,1,1,0.0
136595,0,0.038170468,60,0,0.327638421,17500.0,13,0,2,0,0.0
136596,1,0.9999998999999999,36,0,929.0,,2,0,0,0,0.0
136600,0,0.159184531,45,0,0.25766871199999997,9453.0,5,0,1,0,2.0
136602,0,0.147164668,49,0,0.358807979,4160.0,9,0,0,0,0.0
136603,0,0.935299715,25,0,33.0,0.0,5,0,0,0,0.0
136604,1,1.065593758,28,3,0.16798966199999998,5416.0,6,0,0,1,0.0
136606,0,0.004908942,76,0,109.0,,3,0,0,0,
136607,0,0.08036496,66,0,2159.0,,5,0,2,0,
136609,0,0.036194944,54,0,0.25494901,3333.0,9,0,0,0,1.0
136610,0,0.354071462,43,0,0.34157862,8044.0,15,0,1,0,1.0
136612,0,0.023047242000000003,80,0,0.17131049199999998,7500.0,7,0,1,0,0.0
136613,0,0.173121352,37,0,0.706764662,13333.0,14,0,5,0,2.0
136614,0,0.31730070899999996,39,0,337.0,,6,0,0,0,4.0
136615,0,0.056612549000000005,49,1,0.339117593,10833.0,18,0,3,0,0.0
136616,0,0.393349767,59,0,0.324136185,7900.0,13,0,2,0,1.0
136617,0,0.099441375,37,0,1.703322415,2136.0,11,0,5,0,0.0
136618,0,0.285673475,30,0,0.145330407,4100.0,3,0,0,0,0.0
136622,0,0.0,76,1,0.261610817,1700.0,4,0,0,0,0.0
136623,0,0.0016980810000000002,61,0,0.303076147,3965.0,14,0,2,0,0.0
136625,0,0.013489408,57,0,0.006832156999999999,4390.0,11,0,0,0,0.0
136629,1,0.0,26,1,0.312080932,8500.0,7,0,2,0,0.0
136630,0,0.9999998999999999,31,0,0.146202981,2817.0,1,0,0,0,0.0
136632,0,0.081775506,52,0,87.0,,6,0,0,0,0.0
136633,0,0.9999998999999999,63,0,0.7660779740000001,3000.0,5,0,1,0,1.0
136634,0,0.0,61,0,0.115186836,5833.0,6,0,1,0,0.0
136635,0,0.031163934,35,0,0.414226539,7000.0,7,0,3,0,0.0
136636,0,0.740330387,64,1,3088.0,,4,0,1,0,0.0
136641,0,0.008252466,32,0,0.6319619000000001,7558.0,8,0,2,0,0.0
136642,0,0.076526268,41,0,0.266600944,14200.0,12,0,4,1,0.0
136643,0,0.067609922,72,0,0.021263091,3150.0,3,0,0,0,0.0
136644,1,0.050093287,62,0,1.4450099980000002,5500.0,15,0,4,0,3.0
136645,0,0.14908614,63,0,0.249456758,2300.0,7,0,0,0,0.0
136648,0,0.135168498,72,1,0.43648068700000003,2329.0,9,0,1,0,0.0
136649,0,0.145973459,67,0,0.191528545,3800.0,5,0,1,0,0.0
136651,0,0.061255393,42,0,1.138157895,455.0,3,0,0,0,2.0
136652,0,0.06135730599999999,66,0,593.0,,34,0,1,0,0.0
136653,0,0.0,82,0,0.130937099,7010.0,3,0,1,0,1.0
136655,0,0.021970592999999997,69,0,0.5017911270000001,3628.0,12,0,2,1,0.0
136657,0,6.0899999999999996e-05,79,0,0.0,2417.0,9,0,0,0,1.0
136658,0,0.001161686,50,0,0.109041154,9500.0,8,0,1,0,2.0
136660,0,0.207633121,27,0,0.37469403100000004,5310.0,8,0,1,0,1.0
136663,1,0.9651724709999999,32,0,0.764705882,1750.0,5,0,1,2,1.0
136665,0,0.664670659,66,0,0.112943528,2000.0,2,0,0,1,0.0
136666,0,0.9999998999999999,54,2,0.172915247,4400.0,4,0,1,0,0.0
136669,0,0.277976334,43,1,0.300095572,9416.0,17,0,2,0,0.0
136670,0,0.35947753299999996,37,0,0.44951712,6833.0,5,0,2,0,2.0
136671,0,0.417027805,57,0,0.407205163,14100.0,16,0,2,0,3.0
136672,0,0.139283281,62,0,0.47288642200000003,4683.0,20,0,1,0,1.0
136676,0,0.028412033,62,0,0.019996001,5000.0,14,0,0,0,0.0
136677,0,0.235620645,46,0,0.475293571,8600.0,9,0,4,0,0.0
136678,0,0.287534253,51,0,0.22869371,5373.0,15,0,0,0,0.0
136679,0,0.754596323,53,1,0.036585366,11233.0,3,0,0,0,0.0
136680,1,2.138576779,68,1,0.03724069,4000.0,2,0,0,1,0.0
136681,0,0.0,36,0,2.035688794,1400.0,4,0,1,0,0.0
136683,0,0.013132136,64,0,462.0,,15,0,0,0,0.0
136685,0,0.004524365,41,1,0.001066382,3750.0,4,0,0,0,3.0
136688,0,0.7533747590000001,53,0,0.047157141,6700.0,2,0,0,0,1.0
136691,0,0.12261160900000001,46,0,0.512783888,7000.0,9,0,1,0,1.0
136692,0,0.44012159799999995,38,0,2793.0,,13,0,3,0,4.0
136693,0,0.045069934000000006,80,0,818.0,,9,0,1,0,0.0
136694,1,0.447889641,42,1,0.381809095,2000.0,18,0,0,1,3.0
136696,0,0.11452569800000001,63,0,0.5883321570000001,4250.0,10,0,2,0,0.0
136697,0,0.9110895290000001,46,0,0.20424322399999997,9850.0,10,0,0,0,3.0
136698,0,0.023285899,47,0,0.347519549,7800.0,7,0,1,0,0.0
136699,0,0.331111323,63,2,0.290322581,2200.0,8,2,0,1,0.0
136700,0,0.302238638,73,1,0.346957312,1100.0,5,0,0,0,0.0
136701,0,0.146219538,24,0,0.11119239199999999,4100.0,7,0,0,0,1.0
136702,0,0.0,62,3,1598.0,,8,0,1,0,0.0
136704,0,0.6775745590000001,41,0,0.590604027,8492.0,8,0,1,0,1.0
136705,0,0.089291491,58,0,1952.0,,5,0,2,0,0.0
136706,0,0.006399146999999999,60,0,0.0006662230000000001,1500.0,3,0,0,0,0.0
136708,0,0.018709009,69,0,1077.0,,10,0,1,0,1.0
136709,1,0.7535221940000001,38,0,0.130059191,6250.0,8,0,0,1,3.0
136710,0,0.223157556,63,0,0.280559032,4793.0,7,0,1,0,0.0
136711,0,0.9999998999999999,44,1,0.113290263,4333.0,1,1,0,0,2.0
136712,1,0.9999998999999999,33,98,0.0,2600.0,0,98,0,98,4.0
136713,0,0.038736388999999996,66,0,0.50069735,5018.0,7,0,1,0,0.0
136714,0,0.035703734,81,0,46.0,,2,0,0,0,0.0
136716,0,0.0,56,0,0.41671665700000005,5000.0,7,0,2,0,1.0
136717,0,0.11487138300000001,80,0,42.0,,2,0,0,0,
136718,0,0.031351174,66,0,0.51466502,3238.0,12,0,1,0,0.0
136719,0,0.006684601,44,0,0.157145069,6458.0,7,0,1,0,1.0
136720,1,0.892837313,34,1,4195.0,,8,1,2,0,0.0
136721,0,0.453886731,27,0,0.215230814,3400.0,4,0,0,0,1.0
136722,0,0.611610043,57,0,0.43677298299999995,15989.0,12,0,2,0,2.0
136724,0,0.12435255099999999,70,0,0.071171531,2500.0,6,0,0,0,0.0
136727,0,0.040607391,38,0,0.348730172,12166.0,11,0,2,0,1.0
136728,0,0.8925244259999999,26,0,0.105527638,2586.0,3,0,0,0,2.0
136729,0,0.0,51,0,683.0,,12,0,0,0,3.0
136730,0,0.0,57,0,0.00346333,41000.0,4,0,0,0,1.0
136731,0,0.010427081999999999,39,0,0.6035087720000001,2279.0,9,0,1,0,1.0
136732,0,0.151817534,38,2,0.319734613,7083.0,5,0,1,0,0.0
136733,0,3.39e-05,86,0,0.0,,8,0,0,0,0.0
136734,0,0.142304407,31,0,0.165668663,500.0,3,0,0,0,0.0
136739,0,0.9999998999999999,67,0,0.318066158,2750.0,3,0,0,0,0.0
136741,0,0.242085123,42,0,0.72525275,9000.0,18,0,4,0,0.0
136744,0,0.047904192000000005,47,0,908.0,,3,0,1,0,0.0
136745,0,0.0,41,0,0.5299351720000001,7866.0,14,0,3,0,0.0
136746,0,0.009728044,62,0,0.842385871,3000.0,13,0,2,0,0.0
136747,0,0.898927468,56,0,1704.0,,5,0,1,0,1.0
136748,0,0.872020075,28,0,0.152852132,5416.0,4,0,0,0,0.0
136753,0,0.038711955,68,0,0.38012959,4166.0,13,0,2,0,0.0
136754,0,0.027150373999999998,86,0,28.0,,6,0,0,0,
136755,0,0.0,55,0,0.397268409,6735.0,9,0,2,0,1.0
136756,0,0.010193667,74,0,0.095194085,1081.0,11,0,0,0,0.0
136757,0,0.14681581300000002,48,0,0.164466737,7575.0,3,0,1,0,1.0
136758,0,0.114155191,69,0,1.271041629,5500.0,12,0,4,0,0.0
136759,0,0.9999998999999999,66,0,0.261018191,8190.0,3,0,1,0,0.0
136760,0,0.10467404300000001,69,0,0.34768003399999997,4762.0,6,0,2,0,0.0
136761,0,0.02367544,28,1,0.028918243,2800.0,3,0,0,0,0.0
136762,0,0.0,64,0,55.0,,8,0,0,0,0.0
136763,0,0.751532237,55,0,0.502149483,13258.0,17,0,2,0,0.0
136765,0,0.010352805999999999,30,0,0.467191601,8000.0,6,0,1,0,0.0
136766,0,0.199243819,39,0,0.7255451709999999,3209.0,5,0,3,0,2.0
136769,0,0.9999998999999999,61,0,375.0,,0,2,0,0,0.0
136770,0,0.9999998999999999,35,4,1384.0,,9,1,2,2,2.0
136771,0,0.9999998999999999,49,0,0.0,2916.0,0,0,0,0,3.0
136772,0,0.01552653,58,0,0.228461723,4166.0,6,0,1,0,0.0
136773,0,0.09372446699999999,37,0,1527.0,,8,0,1,0,0.0
136774,0,0.9999998999999999,50,0,0.035514019,3744.0,1,0,0,0,1.0
136776,0,0.818037487,27,0,0.41711657700000004,5000.0,9,0,0,0,0.0
136777,0,0.071472267,65,0,0.330889215,7500.0,25,0,2,0,0.0
136778,0,0.11109366,56,0,0.113020329,8263.0,5,0,1,0,0.0
136779,0,0.028423019,55,0,0.22447412,16923.0,16,0,2,0,1.0
136781,0,0.002408981,60,0,0.317967862,6160.0,8,0,2,0,0.0
136784,0,0.0,40,0,0.374104316,6000.0,8,0,2,0,2.0
136785,0,0.10681303800000001,43,0,0.477087152,6000.0,18,0,1,0,0.0
136787,0,0.033248337999999995,54,0,0.28028661899999996,6000.0,3,0,1,0,2.0
136788,0,0.012049315,95,0,11.0,,5,0,0,0,0.0
136789,0,0.0,26,0,223.0,0.0,2,0,0,0,0.0
136790,0,0.023817368,59,0,0.007148531,5035.0,3,0,0,0,0.0
136793,0,0.018427035,51,0,1686.0,,6,0,2,0,0.0
136794,0,0.0,43,0,0.197057278,5708.0,3,0,1,0,2.0
136795,0,0.135228826,73,0,553.0,,6,0,1,0,0.0
136796,0,0.067456782,69,0,0.415483369,5140.0,14,0,1,0,1.0
136797,0,0.01441889,47,0,0.17983481399999998,6416.0,3,0,1,0,0.0
136798,0,0.9999998999999999,45,0,0.088776157,6307.0,3,0,0,0,0.0
136800,0,0.10828981800000001,45,0,0.362772871,6000.0,12,0,1,0,0.0
136801,0,0.0,30,0,698.0,,2,1,1,1,1.0
136803,0,0.020804007,60,0,2272.0,,10,0,1,0,0.0
136804,0,0.02743823,65,1,0.202837825,10500.0,15,0,1,0,0.0
136805,0,0.5179852779999999,43,0,0.38278448,9200.0,8,0,2,0,2.0
136807,0,0.425887733,34,1,0.478347973,6488.0,19,0,1,0,2.0
136808,1,0.571385189,46,0,0.43673236200000004,3500.0,21,1,1,0,2.0
136809,0,0.21965449899999998,63,1,3511.0,,12,0,2,0,0.0
136810,1,0.239286893,58,0,0.204698825,4000.0,9,0,1,0,1.0
136811,0,0.663963334,37,0,0.509688374,10011.0,12,0,2,0,0.0
136813,0,0.42422289,55,0,0.5011480629999999,13500.0,12,0,4,0,0.0
136814,0,0.97419709,59,0,0.520958868,7633.0,12,0,1,0,2.0
136815,0,0.010979373999999998,69,0,1389.0,,13,0,1,0,0.0
136816,0,0.9999998999999999,59,1,155.0,,2,0,0,0,
136817,0,0.134655515,80,0,0.286742651,5000.0,6,0,1,0,0.0
136818,1,0.595822686,62,4,2941.0,,9,7,1,2,0.0
136819,0,0.12564572599999999,51,0,0.28309741899999996,1200.0,3,0,0,0,0.0
136820,0,0.09173802199999999,63,0,0.555752999,2250.0,19,0,1,0,0.0
136821,0,0.30393417300000003,53,0,0.562739543,6000.0,8,0,2,0,1.0
136822,0,0.156296093,68,0,0.025829746,7200.0,2,0,0,0,0.0
136824,0,0.0,64,0,0.133748056,4500.0,6,0,1,0,1.0
136825,0,0.24110876899999997,58,0,0.365245374,8700.0,21,0,2,0,1.0
136826,0,0.148635901,77,0,127.0,,4,0,0,0,0.0
136830,0,0.415944001,41,2,0.34973891799999995,9000.0,17,0,2,0,0.0
136833,0,0.274945011,33,0,0.089555414,4700.0,3,0,0,0,1.0
136834,0,0.08572571400000001,64,0,6114.0,,9,0,3,0,0.0
136835,0,0.34760172200000006,36,0,0.094332656,5416.0,6,0,0,0,0.0
136836,0,0.47841032299999997,52,0,0.41376531299999997,6203.0,19,0,1,0,0.0
136837,0,0.058148545999999995,71,0,0.358714044,6500.0,7,0,2,0,0.0
136838,0,0.282717283,31,1,0.312657167,2385.0,6,0,1,0,2.0
136839,0,0.217954891,76,0,0.174107912,5800.0,4,0,1,0,0.0
136840,0,0.201088768,28,0,0.065537351,3600.0,4,0,0,0,0.0
136841,0,0.344714542,44,0,0.149808365,6000.0,7,0,0,0,3.0
136843,0,0.035272422000000005,49,0,0.189584833,4166.0,19,0,1,0,0.0
136845,0,0.20432283899999998,67,0,0.152482001,39584.0,12,0,4,0,2.0
136847,1,0.07306209400000001,59,1,1.02999231,3900.0,15,0,4,0,1.0
136850,0,0.035997678,30,0,32.0,,3,0,0,0,
136851,0,0.06398766,41,0,0.595112469,3600.0,15,0,1,0,3.0
136852,0,0.0,63,0,0.0,2750.0,9,0,0,0,0.0
136853,0,0.14574834,63,0,0.017994002,3000.0,2,0,0,0,1.0
136854,0,0.000229441,52,0,0.23733917300000001,10958.0,11,0,2,0,2.0
136856,0,0.670276071,31,0,0.691281563,2098.0,7,0,1,0,0.0
136857,0,0.005280825,57,0,5706.0,,11,0,3,0,0.0
136859,0,0.05605554099999999,81,0,0.852909565,6512.0,9,0,1,0,0.0
136860,0,0.054712925,43,0,0.43493779899999996,19050.0,12,0,6,0,0.0
136861,0,0.066581799,84,0,119.0,,3,0,0,0,0.0
136862,0,0.030910017,56,0,0.24696471899999997,7000.0,7,0,1,0,0.0
136863,0,0.942611478,55,0,1281.0,,3,0,1,0,0.0
136864,0,0.274933597,41,0,0.187703074,4000.0,5,0,0,0,0.0
136865,0,0.951699739,28,1,0.18596828399999998,4161.0,6,1,0,1,0.0
136866,0,0.018058407,75,0,38.0,,3,0,0,0,0.0
136867,0,0.056935655,62,0,0.17334038100000002,22700.0,7,0,2,0,2.0
136869,0,0.025617927000000002,38,0,0.130569034,6800.0,7,0,0,0,2.0
136871,1,0.9999998999999999,27,0,466.0,,1,0,0,1,
136875,1,0.9999998999999999,43,0,0.779792055,3750.0,8,0,1,0,0.0
136876,0,0.273414198,37,0,0.874446508,7000.0,10,0,2,0,0.0
136879,0,0.471148598,46,0,0.10915142,127400.0,15,0,4,0,2.0
136881,1,0.059717611,51,0,0.646988812,4200.0,10,0,2,0,0.0
136882,0,0.214893334,42,0,0.218840258,4500.0,8,0,1,0,1.0
136883,0,0.299384796,47,0,0.827443281,4583.0,7,0,2,0,2.0
136884,0,0.0,61,0,0.501722518,3192.0,9,0,2,0,0.0
136885,0,0.004370897,70,0,8.0,,7,0,0,0,0.0
136886,0,0.21671995100000002,46,0,1755.0,,6,0,2,0,1.0
136888,0,0.0,25,0,0.000291036,3435.0,2,0,0,0,2.0
136889,0,0.9999998999999999,57,0,0.209025302,11500.0,6,0,2,0,2.0
136890,0,0.167505415,52,1,0.331923715,12059.0,26,0,2,0,4.0
136893,0,0.004133196,44,0,0.413249211,4754.0,6,0,1,0,0.0
136894,0,0.0,36,0,0.163008042,4600.0,6,0,0,0,0.0
136895,0,0.9999998999999999,37,2,0.23835832699999998,3800.0,3,7,0,1,2.0
136896,0,0.51375201,54,0,0.335981839,6166.0,8,0,0,0,2.0
136900,0,0.32155948,36,0,0.524796447,2701.0,6,0,1,0,0.0
136901,0,0.002421249,52,0,0.172970247,9914.0,11,0,2,0,0.0
136904,0,0.21246834399999998,66,0,0.111481369,3300.0,7,1,0,0,0.0
136906,0,0.9999998999999999,73,0,0.009689326,6501.0,4,0,0,0,0.0
136907,0,0.43612334799999997,56,0,0.773096335,4556.0,17,0,1,0,0.0
136908,0,0.159312481,79,5,0.042422510999999996,7000.0,15,0,0,0,1.0
136909,0,0.800028915,56,0,0.5868532870000001,4000.0,9,0,1,0,0.0
136910,0,0.07033098900000001,56,0,0.010331611,6000.0,2,0,0,0,0.0
136911,0,0.9030795890000001,43,0,0.278581766,2763.0,5,1,0,0,1.0
136912,0,0.068464385,59,0,0.043791242,1666.0,6,0,0,0,2.0
136914,0,0.265038382,46,0,0.288113413,9169.0,16,0,1,0,0.0
136915,0,0.257137994,34,2,0.666103604,1775.0,6,0,1,0,4.0
136916,0,0.52187825,34,0,0.355128974,5000.0,7,0,2,0,3.0
136917,1,0.142476254,31,1,1.057553957,1250.0,4,0,1,0,0.0
136918,0,0.00164693,52,0,0.149170166,5000.0,5,0,0,0,0.0
136919,0,0.074482591,44,1,0.5692726370000001,8083.0,9,0,3,0,2.0
136920,0,0.004582951,80,0,0.20987916,4716.0,6,0,1,0,0.0
136921,0,0.9685511729999999,24,0,0.056628622,6833.0,4,0,0,0,1.0
136922,0,0.278403185,67,0,0.16505677,5900.0,8,0,0,0,1.0
136923,0,0.066499022,54,1,0.30040213,9200.0,9,0,2,0,0.0
136926,0,0.30996345,39,0,586.0,,6,0,0,0,
136927,0,0.20866733199999998,44,0,0.394336754,5261.0,12,0,1,1,3.0
136928,0,0.0,41,0,0.310935125,12500.0,7,0,2,0,3.0
136929,0,0.9999998999999999,75,0,0.06948989400000001,5194.0,2,0,0,0,0.0
136930,0,0.029767065,48,0,20.0,,7,0,0,0,0.0
136932,0,0.44425929,63,1,0.41106211,5441.0,4,0,1,0,0.0
136933,0,0.151761418,67,0,0.21670653899999998,5015.0,14,0,1,0,0.0
136935,0,0.037508268,64,0,5007.0,,13,0,1,0,0.0
136937,0,0.0,53,0,0.20774768600000001,11667.0,8,0,1,0,6.0
136938,0,0.018810501,80,0,0.135802469,2915.0,12,0,0,0,0.0
136940,0,0.07495326299999999,38,1,6.936127745,500.0,6,0,1,0,0.0
136942,0,0.39115443,55,1,436.0,,8,0,0,0,0.0
136944,0,0.144658078,44,0,1983.0,,6,0,1,0,0.0
136945,0,0.0999001,24,0,0.0009996669999999999,3000.0,2,0,0,0,0.0
136946,0,0.461313335,31,0,0.15657620000000003,1436.0,4,0,0,0,0.0
136947,0,0.033715264,88,0,0.036264485,7334.0,9,0,0,0,1.0
136948,0,0.513339119,47,0,0.34798142200000004,8396.0,10,0,1,0,1.0
136949,0,0.004124943,63,0,0.166737079,7100.0,9,0,1,0,0.0
136950,0,0.44945476,54,0,0.19890368100000003,11492.0,10,0,2,0,1.0
136951,0,0.038900716,33,0,0.422860587,4977.0,7,0,2,0,1.0
136953,0,0.017377859,60,0,0.093911801,5600.0,6,0,1,0,0.0
136954,0,0.35363948799999995,24,0,0.250460405,2171.0,3,0,0,0,1.0
136955,0,0.210757848,54,0,0.044604317000000004,694.0,2,0,0,0,0.0
136956,0,0.0,82,0,1.463814474,2500.0,11,0,3,1,0.0
136957,0,0.011547512,68,0,0.16713881,6000.0,7,0,0,0,0.0
136958,0,0.206391241,70,0,1161.0,,9,0,1,0,0.0
136961,1,1.00532978,25,1,0.121491734,2600.0,6,0,0,0,0.0
136962,0,0.9999998999999999,58,0,1735.0,,4,4,2,0,0.0
136963,0,0.06672270400000001,58,0,0.174510065,7500.0,5,0,1,0,0.0
136964,0,0.00939812,37,1,0.992503748,2000.0,5,0,2,0,2.0
136967,0,0.419058094,55,1,0.927035006,2370.0,6,0,1,0,0.0
136968,0,0.9999998999999999,39,0,148.0,,1,0,0,0,0.0
136969,0,0.9999998999999999,40,0,0.00428449,3500.0,0,0,0,0,4.0
136970,0,0.46305374299999996,32,0,0.5059989570000001,3833.0,10,0,2,0,1.0
136971,0,0.00215378,69,1,0.345187002,1630.0,12,0,1,0,0.0
136972,0,0.335552005,42,0,0.386165346,40000.0,8,0,2,0,5.0
136973,0,0.076643925,48,0,0.240116905,6500.0,6,0,1,0,3.0
136975,0,0.01219878,71,0,0.0009431000000000001,3180.0,2,0,0,0,0.0
136977,0,0.0,57,0,0.20245483399999997,7250.0,14,0,1,0,0.0
136978,0,0.029579407999999998,63,0,0.255914382,5325.0,10,0,1,0,1.0
136981,0,0.031989337,34,0,0.819393535,3000.0,12,0,2,0,1.0
136982,0,0.739086971,23,0,0.036646307999999995,1800.0,1,0,0,0,0.0
136984,0,0.069002198,47,0,0.220694826,4000.0,10,0,0,0,0.0
136985,0,0.349871055,59,1,0.192448393,15307.0,12,0,1,0,1.0
136987,0,5186.0,43,0,0.211157768,5000.0,4,0,1,0,2.0
136988,0,0.0,52,0,0.82756499,6500.0,5,0,3,0,2.0
136989,0,0.028570612000000002,45,0,0.002088409,14364.0,2,0,0,0,0.0
136991,0,0.980807677,38,0,753.0,0.0,4,0,0,0,4.0
136993,0,0.057932775,60,0,0.284928768,4000.0,7,0,1,0,0.0
136994,0,0.5671230970000001,42,1,0.455084885,6066.0,10,0,1,0,0.0
136995,0,0.166946401,71,0,0.19055328100000002,10500.0,14,0,2,0,0.0
136996,0,0.6924993159999999,50,0,0.25570698,35000.0,20,0,1,0,2.0
136997,0,0.0034113629999999997,33,0,0.24237881100000003,2000.0,6,0,0,0,0.0
136998,0,0.163435365,59,0,0.387851349,5300.0,7,0,1,0,0.0
136999,1,0.9999998999999999,28,0,0.419966403,4166.0,4,0,2,2,0.0
137000,0,0.164694796,55,0,1.240930233,3224.0,8,0,4,0,0.0
137001,0,0.9999998999999999,38,1,0.589157953,3633.0,8,1,1,0,3.0
137002,0,0.9999998999999999,42,1,0.132820692,8582.0,3,0,1,0,1.0
137003,0,0.029339746,43,0,0.159788868,4167.0,6,0,1,0,3.0
137005,0,0.186302627,60,0,0.47471416,4547.0,6,0,2,0,1.0
137010,0,0.016210437,75,0,0.006922012,4333.0,8,0,0,0,0.0
137011,0,0.9999998999999999,62,0,0.091902211,18856.0,3,0,1,0,0.0
137012,0,0.06025825,56,0,0.515147015,6733.0,7,0,3,0,0.0
137013,0,0.099190081,34,0,0.071420842,9240.0,5,0,0,0,0.0
137014,0,0.20763275,47,0,0.294637877,12550.0,15,0,3,0,0.0
137016,0,0.365963404,35,0,0.318935428,4583.0,2,0,1,0,2.0
137017,0,0.0,26,0,0.0,,1,0,0,0,
137018,0,0.5549218029999999,45,0,0.731567108,4000.0,12,0,2,0,4.0
137023,0,0.04999875,64,0,1469.0,,5,0,1,0,0.0
137026,0,0.351751081,38,0,0.17109210100000002,9000.0,4,0,0,0,0.0
137029,0,0.19377409,46,1,0.496402878,2640.0,13,0,1,0,2.0
137031,0,0.006562884000000001,70,0,12.0,,9,0,0,0,0.0
137032,0,0.29360665,52,0,147.0,,5,0,0,0,5.0
137033,0,0.00482052,67,0,2118.0,,17,0,1,0,0.0
137034,0,0.9999998999999999,31,1,2327.0,,4,0,1,0,0.0
137036,0,0.524533421,64,0,0.7853055390000001,9785.0,19,0,3,0,0.0
137037,0,0.7481102340000001,38,0,0.882254929,3600.0,10,0,1,0,3.0
137040,0,0.034332617999999995,35,0,0.289311091,6473.0,10,0,2,0,0.0
137042,0,1.140183194,59,1,0.681931724,1200.0,8,0,0,3,1.0
137043,0,0.285095595,74,0,0.742630095,3900.0,9,0,4,0,0.0
137044,0,0.018334065,63,0,0.41377524600000004,9654.0,17,0,2,0,1.0
137045,0,0.18256734300000002,49,0,2679.0,,8,0,2,0,0.0
137049,0,0.12608534400000002,50,0,0.331296035,6380.0,13,0,0,0,0.0
137050,0,0.060680325,36,0,0.127218195,4000.0,9,0,0,0,0.0
137053,0,0.0,94,0,0.0,10000.0,2,0,0,0,1.0
137054,0,0.828944737,64,1,0.374590939,13750.0,9,0,2,0,0.0
137055,0,0.9999998999999999,38,0,2084.0,,7,0,2,0,2.0
137058,0,0.08065691,28,0,0.314384281,6666.0,7,0,1,0,0.0
137059,0,0.091366208,49,0,0.39072276200000006,4634.0,9,0,2,0,0.0
137064,0,0.004652282,67,0,0.06931023,3000.0,7,0,0,0,0.0
137065,0,0.36349975,69,0,0.501253582,5583.0,11,0,3,0,1.0
137066,0,0.119760479,27,0,0.000384468,2600.0,2,0,0,0,0.0
137069,0,0.023827897999999997,62,0,0.040356299,5500.0,10,0,1,0,1.0
137071,0,0.005499929000000001,61,0,0.119906674,12000.0,12,0,1,0,2.0
137072,0,0.006079591,70,0,0.0031413609999999996,3819.0,9,0,0,0,0.0
137074,0,0.023131791000000002,53,0,0.183601562,10500.0,11,0,2,0,2.0
137076,0,0.8153443990000001,47,0,0.290133937,5300.0,8,0,0,0,3.0
137077,0,0.072283837,37,0,0.35852829399999997,5000.0,13,0,2,0,2.0
137080,0,0.091844156,60,1,0.84083045,2600.0,10,0,2,1,1.0
137082,0,0.230073119,58,2,0.901610413,4532.0,18,0,1,0,0.0
137083,0,0.369840455,48,0,0.471436652,7071.0,28,0,1,0,1.0
137084,0,0.097020016,61,0,0.46057538600000003,3753.0,10,0,1,0,0.0
137086,0,0.696665167,45,1,0.301389905,4100.0,4,0,2,0,3.0
137088,0,0.128553064,32,0,2904.0,,4,0,2,0,0.0
137089,0,0.15094523199999998,48,1,4618.0,,8,0,1,0,2.0
137090,0,0.0054748159999999995,60,0,4.0,,4,0,0,0,0.0
137092,0,0.308695487,34,1,0.223549014,3600.0,9,0,0,0,0.0
137093,0,0.296414456,41,0,598.0,,4,0,0,1,0.0
137094,0,0.184539383,63,0,0.523856095,14314.0,22,0,7,0,0.0
137096,0,0.20257183899999998,47,0,0.268021287,6200.0,7,0,2,0,5.0
137099,0,0.172064804,64,0,0.338412094,8400.0,11,0,1,0,1.0
137101,0,0.037389272,60,0,0.268513655,7615.0,7,0,1,0,0.0
137103,0,0.04281429,29,0,0.017633158,5500.0,10,0,0,0,0.0
137104,0,0.886104468,75,1,0.489588154,4321.0,15,0,2,0,1.0
137106,0,0.025732466000000002,30,2,371.0,,5,0,0,0,
137107,0,0.036085387999999996,39,0,0.002999625,8000.0,4,0,0,0,0.0
137110,0,0.303305485,46,0,0.492429292,10500.0,11,0,1,0,0.0
137111,0,0.840189434,49,1,2.030709899,7000.0,29,0,3,0,1.0
137112,0,0.0,62,0,0.149066735,3910.0,6,0,0,1,0.0
137113,0,0.007174821,45,0,8.0,,7,0,0,0,0.0
137115,0,0.529492733,34,1,1558.0,,7,0,1,0,0.0
137116,0,0.0,77,0,0.020993002,3000.0,12,0,0,0,0.0
137117,0,0.058047269000000006,68,0,0.548986126,4684.0,17,0,3,0,0.0
137119,1,0.317872851,43,2,0.068122917,2700.0,3,1,0,0,6.0
137120,1,1.043827367,33,2,0.764004337,8300.0,10,0,3,0,0.0
137123,0,0.0,63,0,0.15173214599999998,10333.0,12,0,2,0,0.0
137124,0,0.030897906,56,0,0.180072772,12916.0,9,0,1,0,2.0
137125,0,0.032039495,37,0,37.0,,4,0,0,0,0.0
137126,0,0.07417981,58,0,1897.0,,18,0,1,0,0.0
137127,0,0.098880812,67,0,2071.0,,5,0,2,0,0.0
137128,0,0.430188911,58,0,0.07737874900000001,2700.0,6,0,0,0,0.0
137129,0,0.644275465,62,0,0.333483551,8875.0,13,0,0,0,1.0
137130,0,0.607933273,40,0,0.462264151,3709.0,8,0,0,0,1.0
137131,0,0.251937146,53,0,0.022365869,7734.0,3,0,0,0,1.0
137132,0,0.228767031,51,0,2601.0,,13,0,2,0,0.0
137134,0,0.326395337,48,0,0.278475605,11702.0,12,0,1,0,1.0
137136,0,0.06578302400000001,38,0,0.22525127399999997,7262.0,8,0,1,0,2.0
137138,0,0.078325915,42,0,5850.0,,6,0,1,0,0.0
137139,0,0.673917276,62,1,1.011871393,6064.0,13,0,2,0,0.0
137140,0,0.0,68,0,0.002775825,1794060.0,15,0,1,0,0.0
137141,1,0.156745116,33,0,1.156445267,4320.0,8,0,2,0,0.0
137142,0,0.054417701,60,0,5301.0,,9,0,2,0,3.0
137145,0,0.004703115999999999,46,0,0.65765599,5400.0,11,0,2,0,0.0
137150,0,0.0,41,0,0.48920699799999995,4400.0,7,0,1,1,2.0
137151,0,0.011737381000000002,62,0,0.113510919,8333.0,6,0,0,0,2.0
137152,0,0.11211435,56,0,0.249194534,9000.0,7,0,1,0,0.0
137153,0,0.9999998999999999,35,1,0.162726008,2875.0,5,0,0,1,0.0
137154,0,0.243164758,27,0,0.228816868,2560.0,3,0,0,0,0.0
137156,0,0.092219295,74,0,0.009046756999999999,10500.0,9,0,0,0,0.0
137157,0,0.9999998999999999,22,0,0.09642301699999999,4500.0,2,0,0,0,0.0
137158,0,0.05410892,45,0,64.0,,3,0,0,0,0.0
137159,0,0.131442109,37,0,0.269110602,4800.0,11,0,2,0,0.0
137161,0,0.104003005,39,1,0.9050189959999999,5000.0,13,0,3,0,2.0
137162,0,0.83262043,63,0,0.56322107,8580.0,14,0,2,0,0.0
137163,0,0.008693268,58,0,0.831619659,10600.0,34,0,5,0,0.0
137165,0,0.820042369,64,0,0.39030345299999997,8600.0,9,0,2,0,0.0
137166,1,0.41686573,29,0,0.182063587,3333.0,6,0,0,0,0.0
137167,0,0.9999998999999999,46,0,0.849218927,4416.0,8,0,1,0,4.0
137168,0,0.59296754,57,0,0.367781299,21142.0,15,0,2,0,3.0
137170,0,0.100017475,48,0,0.12125675,6110.0,9,0,0,0,2.0
137171,0,0.0,54,0,0.265067124,3500.0,6,0,0,0,1.0
137172,0,0.404446797,43,0,0.297646058,7051.0,5,0,1,0,2.0
137173,0,0.16183816199999998,43,1,0.434565435,1000.0,7,0,0,0,0.0
137174,0,0.588659766,62,0,1.73855359,3843.0,12,0,3,0,0.0
137176,0,0.006959443,88,0,272.0,,3,0,0,0,0.0
137178,0,0.425101295,55,0,2364.0,,8,0,1,0,3.0
137179,0,0.0,23,1,0.15049970599999998,1700.0,4,0,0,0,0.0
137180,0,0.313227352,54,0,747.0,,5,0,0,0,2.0
137181,0,0.634178791,46,0,0.404521405,4157.0,4,0,1,0,2.0
137184,0,0.007957401999999999,77,0,0.003749531,8000.0,5,0,0,0,0.0
137185,1,0.018981019,26,1,0.093538022,2800.0,4,1,0,0,1.0
137186,0,0.956452431,41,1,0.661167788,4606.0,9,0,2,0,2.0
137188,1,0.558112716,68,0,0.44573985,14752.0,16,0,2,0,1.0
137189,0,0.034133521,57,0,0.050228311,7883.0,11,0,0,0,0.0
137190,0,0.710675906,44,0,2204.0,,5,0,1,0,2.0
137192,0,0.412369225,47,0,0.359104239,3750.0,4,0,1,0,1.0
137193,1,0.0,38,1,0.6447520179999999,2600.0,3,0,1,1,2.0
137195,0,0.263864844,34,0,0.728228228,1331.0,7,0,1,0,0.0
137197,0,0.008250287,63,0,808.0,,5,0,1,0,0.0
137198,0,0.609775561,48,0,1.062030598,7189.0,13,0,2,0,0.0
137199,0,0.055114405,50,0,0.468731621,5100.0,7,0,1,0,2.0
137200,0,0.270104271,46,0,0.261339093,4166.0,9,0,1,0,0.0
137201,0,0.9999998999999999,63,1,0.005706134,1401.0,0,0,0,1,1.0
137202,0,0.23277483899999998,62,0,0.268546291,5000.0,9,0,1,0,0.0
137205,0,0.015578908,43,0,0.498984624,10340.0,17,0,6,0,1.0
137206,0,0.0,38,0,1889.0,,6,0,2,0,2.0
137207,0,0.18055706800000001,61,3,0.596082994,5156.0,10,1,2,0,0.0
137210,0,0.9999998999999999,49,0,10.0,,0,0,0,0,0.0
137211,0,0.9999998999999999,36,1,1341.0,,7,3,0,0,0.0
137213,0,0.8088139040000001,45,1,0.23920015100000003,5300.0,9,0,0,1,0.0
137215,0,0.09651613199999999,60,0,3132.0,,9,0,1,0,1.0
137217,0,0.233163462,48,0,3975.0,,19,0,2,0,1.0
137219,0,0.9233764870000001,28,0,0.15461512800000002,3000.0,3,0,0,0,0.0
137220,0,0.83402213,31,0,0.267793383,4200.0,9,0,1,0,0.0
137223,0,0.07438624,46,2,0.21027897199999998,10000.0,13,0,2,1,0.0
137224,0,0.593768372,28,2,0.086691331,10000.0,10,0,0,0,0.0
137225,0,0.608779875,54,0,2.3458582409999997,1170.0,5,0,2,0,0.0
137227,0,0.784234416,43,0,0.679856872,4750.0,10,0,1,0,4.0
137228,0,0.065211721,74,0,0.33558305200000005,8000.0,8,0,2,0,0.0
137230,0,0.08228041700000001,57,0,0.1419599,12418.0,6,0,1,0,1.0
137231,0,0.231766613,58,0,0.090909091,3750.0,3,0,0,0,2.0
137232,0,0.092792046,31,0,0.205069873,3076.0,7,0,0,0,0.0
137235,0,0.028657837999999998,46,0,0.177552653,3750.0,8,0,2,0,0.0
137236,0,1.001653734,65,1,0.474400965,5800.0,10,0,1,0,2.0
137237,0,1.03240262,31,0,0.166733307,2500.0,7,0,0,0,5.0
137238,0,0.0,33,0,0.44361137100000003,3200.0,10,0,0,0,0.0
137241,0,0.758324074,28,0,0.174117647,4674.0,6,0,0,0,0.0
137242,0,0.158994871,58,0,0.7276840809999999,2430.0,9,0,2,0,0.0
137243,0,0.825427885,45,0,0.744806621,5920.0,10,0,1,0,1.0
137247,0,0.156479736,53,0,0.953048088,2640.0,14,0,1,0,1.0
137249,0,0.101953214,48,0,0.664159223,6380.0,13,0,4,0,0.0
137250,0,0.0,46,0,2197.0,,10,0,2,0,0.0
137251,0,0.06382519099999999,36,0,0.27081076600000004,12000.0,8,0,2,0,1.0
137252,0,0.9999998999999999,61,0,5944.0,,6,0,2,0,0.0
137253,0,0.026351391000000002,42,0,0.43563165200000004,10804.0,4,0,2,0,2.0
137254,0,0.23798512600000002,40,0,0.077802129,6387.0,2,0,0,0,0.0
137255,0,0.01392649,59,0,0.267400984,4266.0,8,0,1,0,0.0
137256,0,0.084596616,60,0,1463.0,,5,0,1,0,0.0
137258,1,0.73414558,37,0,70.0,,1,0,0,0,0.0
137259,0,0.140525911,71,0,0.390378206,6900.0,11,0,1,0,1.0
137260,0,0.037639921,76,0,0.009427674,10500.0,12,0,0,0,0.0
137261,0,0.014282669,59,0,0.166305616,6000.0,10,0,1,0,0.0
137262,0,0.255075295,60,0,2646.0,,6,0,1,0,2.0
137265,0,0.062016249,84,0,38.0,,6,0,0,0,0.0
137266,0,0.0,67,0,0.300304216,2300.0,5,0,1,0,0.0
137267,0,0.747925207,48,0,0.541330258,2600.0,6,0,2,0,1.0
137270,0,0.386829724,41,0,0.7711591790000001,9014.0,8,0,2,0,0.0
137271,0,0.9999998999999999,66,0,3440.0,,8,1,4,0,0.0
137273,0,0.276483351,34,0,0.399923411,7833.0,3,0,1,0,1.0
137274,0,0.218139312,58,0,0.434601756,6490.0,11,0,2,0,1.0
137275,0,0.48256851,60,0,0.26552156,5588.0,8,0,1,0,0.0
137276,0,0.026930392,36,0,0.34995808899999997,9543.0,19,0,3,0,0.0
137277,0,0.036942489,66,0,0.312869822,6759.0,13,0,1,0,0.0
137278,0,0.34313284299999997,62,0,1956.0,,2,0,1,0,0.0
137279,0,0.397400617,48,0,0.29758607,2526.0,5,0,0,0,0.0
137280,0,0.00247685,62,0,0.109625439,23333.0,12,0,1,0,0.0
137283,0,0.455392763,62,0,0.462395094,12391.0,12,0,3,0,0.0
137284,0,0.953092615,49,0,0.665357766,4583.0,13,0,0,0,0.0
137285,1,0.000416931,53,0,0.482013474,7866.0,15,0,3,0,1.0
137287,0,0.389035478,43,0,0.790563059,5700.0,8,0,2,0,1.0
137290,0,0.14801573099999998,45,0,0.323279453,6000.0,7,0,3,0,2.0
137291,0,0.5531223439999999,57,0,0.5895404120000001,4416.0,3,0,1,0,1.0
137293,0,0.00045744800000000006,64,0,0.266348888,11957.0,21,0,2,0,0.0
137294,0,0.044998044,50,0,0.334480601,6391.0,6,0,1,0,1.0
137295,0,0.003259935,76,0,0.272590588,6650.0,7,0,1,0,0.0
137296,0,0.016898306000000002,35,0,0.205224347,8000.0,13,0,0,0,1.0
137297,0,0.73719295,75,0,0.238113949,2544.0,7,0,0,0,0.0
137298,0,0.605219739,53,0,0.420686658,2300.0,6,0,1,0,0.0
137299,0,0.065069913,52,0,0.028064992999999996,8800.0,9,0,0,0,1.0
137300,1,0.273151492,51,0,0.016456203,17500.0,7,0,0,0,1.0
137301,0,0.002555755,80,0,0.00177665,3939.0,11,0,0,0,0.0
137302,0,0.015098516000000001,84,0,22.0,,6,0,0,0,0.0
137303,0,0.163207999,36,0,0.163213377,2750.0,3,0,1,0,0.0
137305,0,0.9999998999999999,42,0,0.707237557,4600.0,6,1,1,0,0.0
137306,1,0.11727645800000001,34,0,0.08461026,1500.0,9,0,0,0,4.0
137307,0,0.9999998999999999,51,0,0.059607743,7800.0,3,1,0,0,2.0
137308,0,0.585169801,50,6,0.490406246,7556.0,20,0,2,0,3.0
137313,1,0.9999998999999999,38,1,0.005524861999999999,3076.0,1,0,0,1,0.0
137315,0,0.035767476,66,0,0.008767123,5474.0,7,0,0,0,0.0
137316,1,0.07202136099999999,65,1,0.312027726,17600.0,16,0,3,0,0.0
137317,0,0.0,85,0,0.0,,2,0,0,0,0.0
137319,0,0.056498587999999995,73,0,3730.0,,3,0,2,0,0.0
137321,0,0.616500559,67,0,0.537970645,7834.0,18,0,2,0,1.0
137322,0,0.127989334,30,0,0.117070181,3262.0,5,0,0,0,0.0
137323,0,0.059094090999999994,78,0,0.022904926000000003,5500.0,4,0,1,0,0.0
137326,1,0.612609333,53,2,1.09825019,9200.0,18,0,6,0,2.0
137327,0,0.0,40,0,0.454193226,8000.0,9,0,1,0,3.0
137328,0,0.372315506,41,0,0.225844005,7730.0,6,0,0,0,5.0
137329,0,0.0,64,0,5683.0,,8,0,3,0,
137330,0,0.093171136,54,0,0.32870627399999996,1800.0,12,0,1,0,1.0
137331,0,0.016004735,66,0,0.017506212,8853.0,8,0,0,0,0.0
137333,0,0.9234335490000001,60,0,874.0,,10,0,1,0,
137334,0,0.446215139,40,1,373.0,0.0,3,0,0,0,3.0
137337,0,0.060420472999999995,46,0,0.058184935,10500.0,11,0,0,0,0.0
137338,0,0.565191818,25,1,155.5,1.0,9,0,0,0,0.0
137340,0,0.125748503,35,0,3400.0,,4,0,3,0,0.0
137341,0,0.102897103,24,0,0.0009996669999999999,3000.0,1,0,0,0,0.0
137342,1,0.129398447,66,0,0.042218614,11700.0,9,0,1,2,1.0
137343,0,0.9999998999999999,57,0,2742.0,,5,0,1,0,0.0
137344,0,0.0,57,0,1110.0,,4,0,1,0,
137345,0,0.38179256799999994,66,0,0.428303655,3200.0,7,0,1,0,0.0
137346,0,0.010099748,71,0,0.001142748,10500.0,2,0,0,0,0.0
137354,0,0.26926244,43,0,0.245365549,4800.0,6,0,1,0,1.0
137355,0,0.017563242,87,0,0.0034703679999999997,7491.0,8,0,0,0,0.0
137357,0,0.053297335,63,0,0.231471066,8000.0,11,0,2,0,0.0
137360,1,1.171502257,51,2,0.295800646,4333.0,8,1,0,1,2.0
137361,1,0.75864827,39,3,0.277222117,5298.0,5,6,0,1,2.0
137363,0,0.179377838,57,0,0.5949388879999999,5808.0,8,0,2,0,2.0
137364,0,0.042252127,49,0,0.327717852,8250.0,24,0,1,1,3.0
137365,0,0.95922682,40,0,0.145579506,3200.0,2,1,0,1,0.0
137366,0,0.160558237,56,0,4004.0,,6,0,2,0,0.0
137367,0,0.041743566,55,0,0.122018216,6916.0,8,0,0,0,0.0
137372,0,1.01996152,63,2,0.155639356,2916.0,8,1,0,0,0.0
137373,0,0.036805318999999996,42,0,0.354117433,5500.0,5,0,2,0,2.0
137375,0,0.040348109,72,0,0.568965517,1101.0,20,0,0,0,0.0
137376,0,0.30232325600000004,64,0,0.020498907,13268.0,3,0,0,0,0.0
137377,0,0.0075547109999999995,55,0,0.251633826,20350.0,9,0,3,0,1.0
137379,0,0.06263067,84,0,20.0,,3,0,0,0,0.0
137380,0,0.9999998999999999,43,0,0.14941907599999998,3700.0,2,0,0,0,0.0
137381,0,0.0010796269999999999,59,0,0.56587473,4166.0,6,0,1,0,0.0
137383,0,0.211746872,58,0,0.5505306879999999,6500.0,19,0,3,0,2.0
137384,1,0.9999998999999999,54,3,0.269481201,4760.0,4,1,1,1,2.0
137385,0,0.038947719,55,0,0.16074339699999998,9200.0,8,0,2,0,0.0
137386,0,0.8697109120000001,62,0,0.385220126,12083.0,12,0,2,1,2.0
137387,0,0.9158179329999999,61,0,7697.0,,13,0,2,0,0.0
137388,0,0.0,36,0,0.107818636,2800.0,2,0,0,0,0.0
137390,0,0.287248936,62,0,1739.0,,9,0,1,0,0.0
137391,0,0.0015569829999999998,65,0,1.0,,3,0,0,0,
137392,0,0.048496969,49,0,31.0,0.0,7,0,0,0,4.0
137393,0,0.828450902,26,1,0.558933778,2400.0,8,0,0,0,0.0
137395,0,0.9999998999999999,54,2,1045.0,,3,0,2,0,2.0
137396,0,0.0,55,0,0.709392265,6334.0,5,0,2,0,0.0
137397,0,0.334437194,32,0,0.10337108199999999,7593.0,10,0,0,0,0.0
137398,0,0.012045951000000001,80,0,928.0,,5,0,1,0,
137399,0,0.9607428179999999,38,0,0.7130764740000001,3425.0,13,0,2,0,1.0
137402,0,0.07285367400000001,84,0,0.017301038,2600.0,4,0,0,0,1.0
137405,0,0.0,23,0,0.047311828,929.0,1,0,0,0,0.0
137406,0,0.0,37,0,0.519346823,8450.0,10,0,1,0,1.0
137408,0,0.0,47,1,0.42689530700000006,3323.0,7,0,1,0,2.0
137409,0,0.463947846,60,0,4140.0,,11,0,1,0,1.0
137413,0,0.039526359,67,0,0.104586574,6300.0,9,0,1,0,1.0
137414,0,0.9999998999999999,24,0,0.0,,1,0,0,0,0.0
137415,0,0.537604244,39,0,5747.0,,10,0,4,0,1.0
137416,1,1.114867321,54,1,0.47891284,3200.0,12,2,1,2,2.0
137417,0,0.0,66,0,0.0,,3,0,0,0,0.0
137418,0,0.02311494,69,0,2076.0,,7,0,1,0,0.0
137419,0,0.242894608,39,0,0.715169057,7600.0,11,0,3,0,0.0
137421,0,0.0,38,0,0.250723961,10704.0,9,0,2,0,1.0
137422,0,0.489003953,54,0,0.462153785,10000.0,11,0,3,0,2.0
137423,1,0.7410892840000001,51,2,0.152538607,9000.0,8,2,1,4,0.0
137424,0,0.509249164,31,0,0.31599569,10208.0,10,0,2,0,0.0
137425,0,0.018499815,59,0,2525.0,,7,0,2,0,0.0
137426,0,0.079803524,61,0,0.0015467570000000002,562466.0,7,0,0,0,1.0
137427,0,0.719849658,55,0,0.371135327,7891.0,7,0,1,0,3.0
137428,0,0.21340922,72,0,0.167946674,6900.0,10,0,0,0,0.0
137429,0,0.005274868,59,0,0.278353771,19000.0,5,0,2,0,1.0
137430,0,0.529043742,45,0,0.43122676600000004,7800.0,11,0,1,0,3.0
137431,0,0.029406863,49,1,0.405351833,4035.0,11,0,1,0,2.0
137434,0,0.0,59,0,0.32401026899999996,7400.0,6,0,1,0,0.0
137436,1,0.9999998999999999,31,0,134.0,,1,1,0,0,0.0
137437,0,0.0,73,0,0.283786036,6000.0,10,0,2,0,1.0
137438,0,0.0,84,0,50.0,,4,0,0,0,0.0
137441,0,0.107725735,45,0,0.650451836,5200.0,5,0,2,0,1.0
137442,0,0.02866824,73,0,0.24232675399999998,11500.0,14,0,1,0,0.0
137443,0,0.011768741000000001,60,0,0.557814062,3000.0,7,0,1,0,0.0
137446,0,0.50356802,38,0,0.34772129700000004,9127.0,5,0,1,0,4.0
137447,0,0.738456353,39,0,2386.0,,7,0,1,0,0.0
137448,0,0.421555952,47,0,0.662473984,11050.0,17,0,2,0,3.0
137451,0,0.019407353000000002,76,0,0.01988401,2413.0,4,0,0,0,0.0
137452,1,1.219390305,58,2,0.28101945,8945.0,7,2,1,0,0.0
137453,1,0.926720168,52,0,0.553620384,6200.0,9,0,1,0,2.0
137455,0,0.0,37,1,0.711990479,3360.0,6,0,2,0,0.0
137456,0,0.004439822,60,0,0.197210893,7600.0,6,0,1,0,0.0
137457,0,0.17460685,40,0,0.311965337,9000.0,7,0,2,0,2.0
137458,0,0.466132205,62,1,0.43010466,15000.0,16,0,3,0,3.0
137460,0,0.039708994,63,0,0.009300163,4300.0,10,0,0,1,1.0
137461,0,0.5141388170000001,32,0,0.300680516,5583.0,5,0,1,0,0.0
137462,0,0.138255168,67,0,0.141337769,19838.0,7,0,3,0,0.0
137463,0,0.0,63,0,0.251298758,11356.0,11,0,1,0,0.0
137464,0,1.053129791,50,0,0.27772629,3236.0,2,0,0,0,2.0
137466,0,0.141051845,65,0,2354.0,,7,0,2,0,0.0
137467,0,0.028076092,51,0,0.173488842,8916.0,8,0,1,0,0.0
137468,0,0.026312686000000002,35,0,0.017997429,7000.0,21,0,0,0,0.0
137469,0,0.11340736400000001,60,0,1.2366155,2670.0,11,0,2,0,0.0
137470,0,0.0056421430000000005,69,0,0.284219002,1241.0,8,0,0,0,0.0
137471,0,0.4688064,39,0,0.699357296,4200.0,6,0,2,0,3.0
137473,0,0.239319428,47,0,0.583670275,7666.0,11,0,2,0,3.0
137474,0,0.578785101,59,0,0.49197592799999995,1993.0,14,0,0,0,0.0
137476,0,0.585507246,34,0,5606.0,,7,0,1,0,0.0
137477,0,0.062215639,70,0,0.01586369,1701.0,4,0,0,0,0.0
137478,0,0.10794795199999999,31,0,0.034637428,4012.0,12,0,0,0,2.0
137479,0,0.12174695599999999,74,0,0.070583351,4816.0,7,0,0,0,0.0
137480,0,0.075067173,60,1,0.063626035,6160.0,7,0,0,0,2.0
137482,0,0.20105451300000002,50,0,0.8431831479999999,3417.0,4,0,1,0,0.0
137486,0,0.029428527000000003,47,0,0.14296769199999998,5168.0,3,0,1,0,0.0
137487,0,0.006866209,87,0,0.004660453,1501.0,2,0,0,0,0.0
137488,0,0.8161368059999999,51,0,4203.0,,22,0,2,0,
137489,0,0.08116396099999999,61,0,0.30213957199999997,5000.0,5,0,1,0,1.0
137490,0,0.0034998909999999998,30,0,0.000642811,4666.0,7,0,0,0,0.0
137491,0,0.085462161,40,0,0.227349639,6500.0,14,0,2,0,0.0
137493,0,0.008008131,63,0,0.226619454,4800.0,14,0,1,0,0.0
137494,0,0.00022471400000000002,44,0,0.0,,4,0,0,0,3.0
137495,0,0.024446963999999998,51,0,0.24811799,6508.0,8,0,2,0,1.0
137496,0,0.0,47,0,0.447295551,5416.0,12,0,1,0,5.0
137497,0,0.101076087,62,0,510.0,,9,0,1,0,2.0
137498,0,0.049672127,68,0,1084.0,,22,0,1,0,0.0
137499,0,0.02160142,42,0,0.385782205,4416.0,11,0,1,0,0.0
137500,0,0.0,37,0,0.24045646,7360.0,3,0,1,0,5.0
137503,0,0.17929398600000002,35,0,0.599384852,2600.0,5,0,2,0,1.0
137504,1,0.664762993,24,3,0.44607190399999996,750.0,8,0,0,0,0.0
137505,0,0.766244045,62,0,2.474221542,1958.0,11,0,2,0,0.0
137507,0,0.679730033,42,0,1546.0,,13,0,0,0,0.0
137508,0,0.000546755,68,0,0.149124167,6450.0,7,0,1,0,0.0
137509,0,0.482178567,56,0,0.7568972409999999,2500.0,7,0,1,0,0.0
137511,0,0.03839872,66,0,0.00679864,5000.0,4,0,0,0,0.0
137512,0,0.0,47,0,0.586525642,11250.0,8,0,2,0,1.0
137513,0,0.274725275,56,0,7853.0,,6,0,4,0,0.0
137514,0,0.268586571,48,0,0.10918775,5256.0,6,0,0,0,0.0
137515,0,0.13367526300000002,61,0,0.230876393,15791.0,11,0,1,0,3.0
137516,0,0.0,73,0,89.0,,4,0,0,0,0.0
137517,0,0.9999998999999999,58,0,0.0,3904.0,0,0,0,0,0.0
137520,0,0.053709112999999996,61,0,0.0069897480000000005,8583.0,2,0,0,0,1.0
137522,0,0.007929093,51,0,0.002925878,3075.0,4,0,0,0,1.0
137526,0,0.9999998999999999,24,0,281.0,,3,0,0,0,0.0
137529,1,0.9999998999999999,29,0,0.0,4700.0,0,1,0,0,0.0
137533,0,0.082908852,50,0,0.538589212,3614.0,15,0,2,0,0.0
137534,0,0.7968812479999999,47,0,59.0,,3,0,0,0,1.0
137535,0,0.308865728,68,0,0.614710314,7300.0,12,0,2,0,0.0
137536,0,0.538355496,57,0,0.462179685,6477.0,9,0,2,0,0.0
137537,0,0.10360784099999999,48,0,0.337700396,5800.0,8,0,1,0,3.0
137539,0,0.457397733,48,0,2798.0,0.0,19,0,1,0,0.0
137542,0,0.582483503,34,1,0.09095342599999999,4100.0,2,0,0,0,0.0
137543,0,0.208338765,52,0,0.389883699,5416.0,15,0,2,0,1.0
137544,0,0.873932774,34,0,0.288259479,6566.0,8,0,0,0,4.0
137545,0,0.0,59,0,0.36008532200000004,7500.0,8,0,2,0,0.0
137546,0,0.008916295,77,0,6.0,,2,0,0,0,0.0
137547,0,0.8050749709999999,32,0,0.31453102899999996,9200.0,8,0,1,2,0.0
137548,0,0.247275272,29,0,0.079988061,6700.0,12,0,0,0,0.0
137549,1,0.685088813,39,0,0.246402982,17166.0,12,0,1,0,2.0
137550,0,0.019276834,61,0,566.0,,6,0,0,0,0.0
137553,0,0.646612869,34,0,4802.0,,4,0,2,0,
137554,0,0.117613575,61,0,3390.0,,9,0,1,0,0.0
137555,0,0.9999998999999999,23,0,0.0,929.0,2,0,0,0,0.0
137556,0,0.028467809,53,0,1935.0,,7,0,1,0,0.0
137557,0,0.0,67,0,0.291391722,6667.0,5,0,1,0,1.0
137558,0,0.017191572,38,0,0.542614346,4000.0,7,0,3,0,3.0
137559,0,0.163701504,42,0,0.633788737,3000.0,10,0,0,0,0.0
137562,1,0.095872977,33,0,0.323261497,4500.0,7,3,1,0,0.0
137563,0,0.053397578,30,0,0.010664297,4500.0,5,0,0,0,0.0
137564,0,0.7908610090000001,41,0,0.83275768,5500.0,12,0,1,0,2.0
137565,0,0.087511349,57,1,0.52988764,6674.0,12,0,2,0,2.0
137569,0,0.20480256600000002,47,1,0.412541961,14000.0,14,0,3,0,2.0
137570,0,0.729331405,59,0,0.080484492,8833.0,4,0,0,0,0.0
137571,0,0.0,42,0,0.067984892,4500.0,3,0,0,1,1.0
137572,0,0.087792335,46,1,79.0,,5,0,0,0,0.0
137573,0,0.004946848,29,0,0.600222099,1800.0,8,0,0,0,0.0
137575,0,0.010761033,36,0,0.18763539399999998,6000.0,15,0,1,0,0.0
137576,0,0.004968654,72,0,0.48051519200000004,9083.0,14,0,4,0,0.0
137577,0,0.685410486,36,0,0.571857036,4000.0,3,0,1,0,2.0
137579,0,0.090163645,66,0,0.65439047,18300.0,20,0,11,0,0.0
137581,0,0.0095748,45,0,397.0,,6,0,0,0,0.0
137582,1,0.932133483,65,3,1.201534733,2475.0,6,0,2,0,0.0
137583,0,0.013231633999999999,59,0,0.17693559600000003,4300.0,13,0,1,0,0.0
137588,0,0.961006499,52,0,0.444357367,3827.0,4,0,1,0,0.0
137591,0,0.08786722300000001,61,0,0.55222525,1100.0,11,0,1,0,0.0
137592,0,0.671665774,54,4,0.32579603100000004,6500.0,3,0,1,0,1.0
137593,0,0.871296128,27,0,0.29787725,4333.0,12,0,0,0,0.0
137594,0,0.294262888,39,0,0.6518112220000001,8750.0,10,0,3,0,0.0
137595,0,0.0,63,1,0.287806336,3345.0,11,0,2,0,1.0
137597,0,0.386522695,53,0,0.168904805,3350.0,2,0,0,0,1.0
137598,1,0.99570043,41,0,0.258908547,4012.0,4,0,1,0,0.0
137599,0,0.022244438999999998,25,0,1102.0,,5,0,0,0,0.0
137603,0,0.746083594,50,0,1.407728181,1500.0,5,0,1,0,0.0
137605,0,0.477037266,53,4,0.499691644,6485.0,10,0,2,0,2.0
137608,0,0.08563883,36,0,0.021378709,4583.0,7,0,0,0,0.0
137609,0,0.888413983,63,1,0.17392575300000002,3420.0,7,0,0,1,0.0
137610,0,0.0,75,0,0.0,,3,0,0,0,
137611,0,0.166933017,45,1,3132.0,,8,0,1,0,0.0
137612,0,0.030781008,66,0,3280.0,,9,0,1,0,0.0
137613,0,0.9999998999999999,68,0,0.008883953,1800.0,6,0,0,0,0.0
137614,0,0.769456226,71,0,0.788642272,5000.0,7,0,2,0,0.0
137616,0,0.0061778480000000005,65,0,0.073886508,7700.0,14,0,1,0,0.0
137618,0,0.122123491,69,0,0.20856317300000002,3806.0,6,0,1,0,0.0
137619,0,0.698602794,41,1,0.002443901,4500.0,2,0,0,0,0.0
137621,0,0.103262294,51,1,0.37318110600000004,13400.0,6,0,2,0,2.0
137622,0,0.054066617000000004,44,1,0.36601191,11250.0,9,0,2,0,2.0
137626,0,0.0,46,0,0.291257113,3865.0,7,0,1,0,1.0
137627,0,0.009532698000000001,59,0,0.000507357,7883.0,3,0,0,0,0.0
137628,0,0.14628107,51,0,3178.0,,8,0,1,0,0.0
137629,0,0.22316334300000001,29,0,0.22594863899999998,5217.0,12,0,2,0,0.0
137630,0,0.019161476,51,0,0.5876550739999999,9833.0,6,0,3,0,0.0
137633,0,0.376825766,50,1,15123.0,,18,0,9,0,0.0
137634,0,0.0,53,1,0.735243798,2337.0,20,0,1,0,0.0
137635,1,0.586044688,44,0,0.64929546,4470.0,7,0,2,0,0.0
137637,0,0.059165617999999996,68,0,0.19962910399999997,9166.0,8,0,2,0,0.0
137639,0,0.750279955,35,2,0.059323445999999995,6000.0,5,0,0,1,2.0
137640,0,0.476738351,47,0,0.520031268,15350.0,13,0,3,0,4.0
137641,1,0.6892430279999999,40,0,0.001621271,3083.0,1,0,0,0,3.0
137643,0,0.71881651,50,0,0.292932354,13200.0,9,0,1,0,3.0
137644,0,0.392593614,55,0,0.48318130000000004,3507.0,10,0,1,0,1.0
137648,0,0.028048096,81,0,0.247359644,3597.0,7,0,1,0,0.0
137649,1,0.9598581970000001,53,1,0.5761154860000001,5333.0,15,0,1,0,0.0
137650,0,0.15882896300000002,63,0,1.025812753,7166.0,9,0,3,0,0.0
137651,0,0.012927648,73,0,0.00132908,3761.0,2,0,0,0,0.0
137652,0,0.076302508,45,0,0.639257719,6250.0,7,0,2,0,1.0
137653,0,0.9999998999999999,22,0,0.39661798600000003,1300.0,3,0,0,0,0.0
137654,0,0.000307677,60,0,0.351557533,12583.0,5,0,1,0,0.0
137655,0,0.061996457000000005,56,0,0.24444789600000003,6438.0,6,0,2,0,2.0
137656,0,0.40319361299999995,25,0,0.0019993339999999997,3000.0,1,0,0,0,0.0
137657,0,0.9189189190000001,42,2,1339.0,0.0,5,0,1,0,0.0
137658,0,0.9999998999999999,53,0,0.638090477,4000.0,1,0,1,0,0.0
137660,0,0.000168913,73,0,418.0,,7,0,0,0,0.0
137661,0,0.007465498,46,0,1.20349875,2800.0,8,0,1,0,1.0
137662,0,0.028255737000000003,44,0,0.268848035,5928.0,6,0,1,0,1.0
137663,0,0.0,57,0,1271.0,,7,0,1,0,0.0
137664,0,0.0,28,1,323.0,,2,0,0,0,0.0
137665,0,0.0,68,0,2509.0,,6,0,1,0,0.0
137666,0,0.136458843,60,0,0.58297487,4416.0,21,0,2,0,0.0
137667,0,0.0,56,0,0.146116423,5960.0,11,0,1,0,0.0
137668,0,0.061864748,73,0,0.25754849,5000.0,8,0,1,0,1.0
137669,0,0.043965200999999995,62,0,0.294773613,7442.0,9,0,1,0,0.0
137670,0,0.024549751,52,0,0.290539123,9533.0,16,0,1,0,3.0
137671,0,0.062082081,85,0,0.023041475,1301.0,3,0,0,0,0.0
137672,0,0.6945498059999999,36,0,0.179582042,10000.0,15,0,0,0,1.0
137673,0,0.9999998999999999,47,0,2715.0,,5,0,1,0,0.0
137674,0,0.060094998,48,0,0.009402487,9890.0,2,0,0,0,0.0
137675,0,0.0028762609999999997,67,0,0.00789921,10000.0,9,0,0,0,1.0
137676,0,0.0,44,0,0.477055884,2200.0,6,0,1,0,0.0
137677,1,1.02873533,32,1,0.592481504,5000.0,9,0,2,0,2.0
137679,0,0.072795147,60,0,0.252821026,7000.0,3,0,1,0,0.0
137680,0,0.016386613,53,0,0.518238994,1589.0,6,0,1,0,0.0
137682,0,0.049803663,72,0,60.0,,6,0,0,0,0.0
137683,0,4.59e-05,29,0,0.18907269300000001,8583.0,13,0,1,0,0.0
137686,0,0.027704231,47,0,0.24557921300000002,5541.0,12,0,2,0,0.0
137687,0,0.10354741099999999,65,0,0.242473644,9200.0,8,0,1,0,1.0
137688,0,0.37464698700000004,42,0,0.286174785,5583.0,11,0,1,0,1.0
137689,0,0.27034549399999996,54,0,0.450490264,14481.0,9,1,3,0,0.0
137690,0,0.602733383,47,0,0.799440112,5000.0,11,0,4,0,6.0
137691,0,0.310237155,64,0,0.537530972,6860.0,10,0,1,0,0.0
137693,0,0.013589427,72,0,0.0026033189999999998,6145.0,12,0,0,0,0.0
137694,0,0.699327395,28,1,0.42047128100000003,4073.0,10,0,1,0,2.0
137695,0,0.262626263,24,0,0.357105124,1892.0,7,0,0,0,1.0
137697,0,0.08392449199999999,66,0,0.340216164,6198.0,11,0,2,0,0.0
137698,0,0.0007140310000000001,61,1,2279.0,,8,0,2,0,0.0
137699,0,0.5563644289999999,32,3,0.122744845,3103.0,7,0,0,1,1.0
137700,0,1.0328454120000001,43,5,0.433713257,5000.0,6,0,1,1,2.0
137701,0,0.0022999229999999997,64,0,1348.0,,4,0,1,0,0.0
137702,0,0.797843862,64,4,0.529258652,10372.0,28,0,1,0,0.0
137703,0,0.9999998999999999,67,0,0.149475738,4100.0,4,0,0,0,0.0
137704,0,0.043545296,62,0,1.3935212959999999,3333.0,13,0,3,0,0.0
137705,0,1.373813093,69,0,598.0,,8,0,0,4,0.0
137706,0,0.779869045,44,0,0.673475218,7000.0,11,0,1,0,3.0
137707,1,0.670036663,42,3,0.52087666,6250.0,8,2,1,2,1.0
137708,0,0.052625914,72,0,0.192667831,6300.0,16,0,1,0,0.0
137709,0,0.0,77,0,0.0,,6,0,0,0,0.0
137710,0,0.151995435,50,0,0.263338177,9633.0,18,0,2,0,3.0
137711,0,0.048796747,40,0,0.25396968600000003,11083.0,7,0,1,0,0.0
137712,0,0.0,45,0,0.15409977800000002,18500.0,6,0,1,0,3.0
137713,0,0.0,27,0,524.0,,3,0,0,0,
137715,0,0.266621425,46,0,0.360797459,5667.0,5,0,1,0,0.0
137716,0,0.34587695700000004,51,1,0.208939514,26600.0,21,0,7,0,1.0
137717,0,0.0005713469999999999,27,1,0.014394242,2500.0,4,0,0,0,0.0
137718,0,0.243506113,52,1,0.016259456000000002,11500.0,4,0,0,0,1.0
137719,0,1.001999913,56,1,0.311279394,5017.0,6,0,0,0,1.0
137720,0,0.020218526,70,0,931.0,,14,0,1,0,0.0
137721,0,0.08287626599999999,35,0,2264.0,,11,0,2,0,0.0
137722,0,0.16914901100000002,29,0,0.150663679,5800.0,6,0,0,0,0.0
137723,0,0.155549142,56,0,0.302100418,18900.0,12,0,5,0,0.0
137724,0,0.017689823,54,0,0.60725507,3500.0,15,0,1,0,0.0
137726,0,0.9999998999999999,40,1,0.477048477,2330.0,3,2,0,0,2.0
137728,0,0.229284606,37,0,0.263506626,7847.0,18,0,0,0,0.0
137729,0,0.013034002,71,0,0.004858471,9467.0,6,0,0,0,0.0
137730,0,0.460551315,80,0,0.758465011,3100.0,5,0,1,0,1.0
137731,0,0.888252805,27,0,674.0,,4,0,0,0,0.0
137732,0,0.525644627,37,1,0.184450488,6250.0,8,0,0,0,0.0
137733,0,0.06851268,43,1,1950.0,,8,0,1,0,0.0
137735,0,0.9999998999999999,35,1,0.343437006,3793.0,3,0,2,0,2.0
137736,0,0.037233656000000004,52,3,0.539812218,8200.0,9,0,3,0,2.0
137737,0,0.014031498,72,0,655.0,,7,0,1,0,0.0
137740,0,0.717136168,34,0,0.190923132,8416.0,7,0,0,0,0.0
137741,1,0.9999998999999999,31,0,0.0,,0,3,0,1,0.0
137743,0,0.477977938,32,0,0.12249354800000001,5036.0,6,1,0,0,0.0
137744,0,0.039973672,52,0,0.22986778800000002,9983.0,22,0,1,0,0.0
137745,0,0.012838296,39,0,0.260740509,6400.0,11,0,1,0,0.0
137746,1,0.613409415,49,0,0.31351461,4927.0,6,1,1,1,0.0
137747,0,0.125821625,43,0,0.384184215,6600.0,13,0,1,0,1.0
137748,0,0.322329789,39,0,0.141981614,4894.0,5,0,1,0,0.0
137751,0,0.031893231,56,0,0.33358330199999997,8000.0,8,0,2,0,0.0
137752,0,0.068227523,36,0,0.818040655,7083.0,13,0,2,0,0.0
137753,0,0.014460903,80,0,0.002999,3000.0,6,0,0,0,0.0
137754,0,0.412467254,59,0,0.675945893,5100.0,4,0,1,0,0.0
137757,0,0.007849608000000001,43,0,3844.0,,4,0,1,0,1.0
137759,0,0.103211405,47,0,1419.0,,13,0,1,0,3.0
137760,0,0.0,40,0,1270.0,,11,0,1,0,1.0
137762,1,0.930125868,37,3,0.5990752970000001,9083.0,12,0,2,0,2.0
137763,0,0.144400464,54,0,0.49673933299999995,5366.0,10,0,2,0,0.0
137764,0,0.047503887,37,0,3.2415169660000003,500.0,9,0,2,0,0.0
137765,0,0.019257937,55,0,0.23768184,4261.0,8,0,1,0,3.0
137767,0,0.0,68,0,0.344964871,4269.0,6,0,1,0,0.0
137768,0,0.011359546000000002,44,0,0.137641412,5833.0,4,0,0,0,1.0
137769,0,0.0,61,0,0.14809425199999998,17866.0,8,0,1,0,2.0
137770,0,0.16597720300000002,49,0,0.487172706,3780.0,9,0,1,0,2.0
137771,1,0.6847554709999999,83,1,1494.0,,26,0,0,1,0.0
137773,0,0.0,68,0,0.258636423,7670.0,5,0,2,0,0.0
137776,0,0.467452355,42,0,0.29204875199999997,8614.0,6,0,2,0,1.0
137777,0,0.28099063399999996,32,0,0.195805315,6245.0,5,0,0,0,1.0
137780,0,0.004780984,42,1,1467.0,,7,0,1,1,0.0
137781,0,0.0,63,0,0.22565759100000002,6500.0,6,0,1,0,0.0
137783,0,0.0,61,0,0.0,9916.0,2,0,0,0,0.0
137787,0,0.012086676000000001,67,0,9.0,,4,0,0,0,0.0
137791,0,0.36596257600000004,43,0,0.845009597,2083.0,8,0,1,0,3.0
137794,0,0.008005318,58,0,903.0,,6,0,1,0,0.0
137795,0,0.0,43,0,1623.0,,5,0,2,0,0.0
137796,0,0.523091047,68,0,0.284057971,1379.0,6,0,0,0,0.0
137797,0,0.109511266,55,0,1102.0,,5,0,1,0,0.0
137798,0,0.44957755200000005,39,0,0.52111972,4000.0,12,0,2,0,2.0
137799,0,0.00279986,75,0,0.0007993610000000001,1250.0,3,0,0,0,0.0
137800,0,0.83261914,44,0,0.301488558,4500.0,5,0,2,0,0.0
137801,0,0.003261304,55,0,0.00159968,5000.0,10,0,0,0,0.0
137802,0,0.136213387,56,0,0.32604813899999996,14000.0,25,0,3,0,2.0
137803,0,0.036432119,68,0,0.289932574,4300.0,7,0,1,0,1.0
137804,0,0.9999998999999999,29,0,0.069490719,2100.0,3,0,0,0,0.0
137805,0,0.017810403,49,0,0.081438163,9233.0,9,0,1,0,3.0
137806,0,0.0,65,0,0.0,8000.0,7,0,0,0,0.0
137809,0,0.011665888999999999,48,0,0.520636984,3076.0,4,0,1,0,0.0
137812,0,0.102744863,70,0,0.190801533,6000.0,4,0,1,0,0.0
137816,0,0.004164608,52,0,46.0,,7,0,0,0,0.0
137817,0,0.6012398760000001,27,0,0.447490347,2589.0,5,0,1,0,1.0
137818,0,0.049579045999999995,54,1,0.342282886,6666.0,9,0,1,0,4.0
137819,0,0.8150599620000001,53,0,2716.0,,11,0,1,0,0.0
137821,0,0.0,71,0,0.0,2500.0,3,0,0,0,0.0
137822,1,0.956886461,70,0,0.17993795199999998,1933.0,4,0,0,0,1.0
137823,0,0.15387869699999998,64,1,0.386778026,8500.0,12,0,1,1,0.0
137824,0,0.398734317,56,0,0.16366704199999998,5333.0,9,0,0,0,1.0
137827,0,0.857041224,42,0,0.153409603,11100.0,7,0,0,0,0.0
137828,0,0.052698115,53,1,0.41226002,11875.0,16,0,2,0,3.0
137830,0,0.9999998999999999,41,0,2014.0,0.0,2,0,2,0,3.0
137831,0,0.43655335799999995,62,0,1017.0,,4,0,1,0,0.0
137834,0,0.085059489,62,0,0.238816967,9500.0,11,0,2,0,0.0
137835,0,0.11019786,49,1,0.27779266,11198.0,12,0,2,0,3.0
137836,0,0.40538008299999995,47,0,0.290523939,15058.0,9,0,2,0,2.0
137837,1,0.9461077840000001,55,0,0.846846847,4217.0,23,0,1,0,0.0
137839,0,0.190559237,50,0,0.477961763,12500.0,10,0,2,0,1.0
137840,0,0.9999998999999999,22,98,0.0,,0,98,0,98,0.0
137841,1,1.465534466,29,1,136.0,0.0,1,3,0,0,0.0
137842,0,0.9999998999999999,30,0,0.162524993,3500.0,2,0,0,0,2.0
137843,0,0.0,55,0,5177.0,,9,0,3,0,0.0
137844,0,0.11644439599999999,42,1,1.1295481809999999,2500.0,15,0,1,0,0.0
137845,0,0.005292821999999999,52,0,0.531129726,8833.0,12,0,2,0,1.0
137846,0,0.53589999,62,0,0.424676741,6418.0,24,0,0,0,0.0
137847,0,0.0,33,1,0.028052097,6986.0,5,0,0,0,2.0
137848,0,0.7708196559999999,36,0,0.631287494,6500.0,10,0,1,0,3.0
137849,0,0.071482904,42,0,0.41515390700000004,3800.0,13,0,2,0,3.0
137850,0,0.5049494999999999,38,0,0.48919835700000003,5600.0,8,0,1,0,2.0
137851,0,0.084130516,69,0,0.014497583999999999,6000.0,3,0,0,0,0.0
137852,0,0.9999998999999999,35,0,0.09846917699999999,2416.0,2,0,0,0,0.0
137854,0,0.053353566,45,0,0.159034715,10110.0,11,0,1,0,3.0
137857,0,0.705765408,34,2,0.16156953300000002,3465.0,5,2,0,0,0.0
137859,0,0.82913034,29,0,4023.0,,10,0,1,0,0.0
137860,0,0.27524929,30,0,0.17496023600000002,4400.0,9,0,0,0,0.0
137862,0,0.074577045,32,1,1.193612774,500.0,7,0,0,0,1.0
137863,0,0.020546695,48,0,0.791841632,3333.0,5,0,1,0,0.0
137864,1,0.977845053,44,0,1.058297347,3241.0,7,1,1,1,4.0
137867,0,0.14862326,55,0,0.694196914,4600.0,7,0,2,0,1.0
137868,0,0.596138669,51,0,0.580457125,6518.0,10,0,2,0,3.0
137870,0,0.124467096,58,0,312.0,,11,0,0,0,0.0
137871,0,0.017715992,69,0,0.12163091699999999,15990.0,26,0,2,0,2.0
137872,0,0.306017212,34,0,0.267366317,2000.0,11,0,0,0,0.0
137873,0,0.7878337740000001,57,0,0.746409208,10512.0,9,0,3,0,0.0
137875,1,0.998143122,47,0,0.943189154,1548.0,5,0,1,0,0.0
137876,0,0.9999998999999999,40,1,0.211810639,2048.0,2,0,0,0,1.0
137877,0,0.844866008,41,0,0.7089885459999999,5150.0,15,0,1,0,0.0
137878,0,0.039392103,58,0,0.41392169,3217.0,5,0,1,0,1.0
137880,0,0.0,87,0,239.0,,9,0,0,0,0.0
137881,0,0.022424400000000004,66,0,102.0,,7,0,0,0,0.0
137883,0,0.014049648999999999,65,0,0.19613788699999998,12531.0,9,0,2,0,0.0
137886,0,0.022089822999999998,90,0,0.004748813,4000.0,3,0,0,0,0.0
137888,0,0.9999998999999999,58,0,0.0,,0,0,0,0,0.0
137889,0,0.9999998999999999,39,0,0.101529903,2875.0,1,1,0,0,3.0
137890,0,0.9999998999999999,52,1,0.10419224699999999,5700.0,4,0,0,0,3.0
137891,0,0.300599937,54,0,0.09461317300000001,8000.0,6,0,0,0,0.0
137892,0,0.0,57,1,0.9052083329999999,1919.0,6,0,1,0,0.0
137894,0,0.943353538,74,0,1014.0,,8,0,0,0,0.0
137896,0,0.0,45,1,0.13558263,3200.0,10,0,1,0,1.0
137898,0,0.009428121999999999,68,0,0.109578084,5000.0,5,0,1,0,0.0
137899,0,0.061894076,62,0,0.564833872,3400.0,9,0,1,0,0.0
137900,0,0.012821315,58,0,0.56471224,3700.0,20,0,1,0,0.0
137905,0,0.0,27,0,0.13754498199999998,2500.0,5,0,0,0,0.0
137906,0,0.194709572,28,0,0.282583622,2600.0,7,0,1,0,0.0
137907,0,0.02286807,83,0,34.0,,8,0,0,0,0.0
137908,0,0.22419899199999999,32,0,0.344535894,4373.0,10,0,1,0,0.0
137909,0,0.230897425,48,1,0.851803564,2300.0,12,0,2,0,0.0
137910,0,0.9999998999999999,49,1,0.403072983,7809.0,13,0,2,0,5.0
137911,0,0.037830067,59,0,44.0,,3,0,0,0,
137912,0,0.050640282,76,0,0.312671832,4000.0,21,0,2,0,0.0
137914,0,0.004548419000000001,52,0,0.01141064,7010.0,6,0,0,0,0.0
137916,0,0.001987154,66,0,0.273806078,10364.0,13,0,1,0,0.0
137917,0,0.051978765999999996,64,0,0.088711143,5500.0,10,0,0,0,0.0
137918,0,0.792387396,43,0,0.298813376,19466.0,9,0,2,0,2.0
137919,0,0.45958459700000004,49,0,0.334440119,17467.0,26,0,8,0,1.0
137920,0,0.814005242,41,0,0.6462642470000001,2368.0,4,0,0,0,2.0
137921,0,0.008330225,56,1,0.130352764,5300.0,15,0,1,0,0.0
137922,0,0.0,31,0,0.0,5550.0,4,0,0,0,0.0
137923,0,0.904279429,41,0,203.0,,5,0,0,3,0.0
137924,0,0.024275444,57,0,0.306397723,8080.0,8,0,1,0,0.0
137925,0,0.668165917,26,0,0.30446369100000004,1500.0,6,0,0,0,0.0
137926,1,0.9999998999999999,38,1,0.186271243,3000.0,0,2,0,0,2.0
137929,0,1.0191530340000001,58,0,5128.0,,15,0,2,0,0.0
137931,0,0.011666353,71,0,0.002856463,4200.0,6,0,0,0,0.0
137933,0,0.202217366,62,1,0.225595346,5500.0,12,0,0,1,0.0
137934,0,0.365526895,34,1,0.585793137,4166.0,9,0,1,0,0.0
137935,0,0.222321445,63,0,0.308938212,5000.0,27,0,1,0,0.0
137936,0,0.22960494,43,0,0.124459691,14574.0,4,0,1,0,1.0
137938,0,0.892419154,53,0,0.5654772370000001,5688.0,9,0,1,0,2.0
137939,0,0.0,42,0,4066.0,,5,0,1,0,0.0
137940,0,0.003848172,54,0,0.646270086,9396.0,9,0,2,0,0.0
137941,0,0.198441489,60,0,2078.0,,13,0,1,0,0.0
137942,0,0.159916802,57,0,0.043627107000000005,11391.0,6,0,1,0,0.0
137943,0,0.869717539,49,0,357.0,,2,0,0,0,0.0
137944,0,0.023962667000000003,65,0,0.025206432,2300.0,7,0,0,0,0.0
137945,0,0.901073262,48,1,0.47842026299999996,6000.0,12,0,1,0,2.0
137946,0,0.08551077,75,0,830.0,,8,0,1,0,0.0
137947,0,0.297621681,56,0,0.44875854,6000.0,15,0,2,0,0.0
137948,0,0.149546361,55,0,0.36189966100000004,5600.0,15,0,1,0,1.0
137949,0,0.846420477,45,0,0.10347563900000001,6300.0,3,0,0,0,2.0
137950,0,0.0,53,0,0.46081066600000004,9300.0,7,0,2,0,1.0
137951,0,0.374431278,77,0,0.260276147,6300.0,7,0,1,0,1.0
137952,0,0.167341093,51,0,0.23851463899999997,4200.0,10,0,0,0,0.0
137953,0,0.532611376,59,0,3229.0,,6,0,1,0,0.0
137956,0,0.19637022199999998,28,0,0.25347971,5100.0,5,0,1,0,0.0
137958,0,0.071871545,41,0,0.40434684200000004,4416.0,8,0,1,0,0.0
137959,0,0.542818837,49,0,0.302488285,15150.0,11,0,3,0,0.0
137961,0,0.16174050199999998,67,0,0.37747167299999995,4500.0,8,0,1,0,0.0
137962,0,0.039053289,50,0,0.33773245399999996,5000.0,16,0,1,0,2.0
137963,0,0.482664589,48,1,2789.0,,5,0,2,0,2.0
137964,1,0.635484788,73,1,0.672546196,8333.0,13,4,4,0,0.0
137965,0,0.026840773999999998,69,0,0.12920326,12638.0,13,0,1,0,1.0
137968,0,0.030848458,27,0,0.260855983,3200.0,4,0,1,0,0.0
137969,0,0.965561378,61,0,0.36185525799999996,2500.0,3,0,0,0,2.0
137970,0,0.050462865999999995,36,0,0.208395802,2000.0,7,0,0,0,0.0
137971,0,0.38019613399999996,39,0,0.452068222,5100.0,13,0,2,0,2.0
137972,0,0.646653037,55,1,4584.0,,13,0,2,0,0.0
137974,0,0.11506283099999999,58,2,0.276352224,10833.0,6,1,2,0,2.0
137976,0,0.164962002,57,0,0.20649929399999997,9200.0,11,0,1,1,2.0
137977,0,0.5349628160000001,60,1,0.841860465,4084.0,13,0,2,0,0.0
137978,0,0.025449287,48,1,0.21690441300000002,7500.0,3,0,1,0,1.0
137982,0,0.786369215,53,1,0.42154379399999997,7500.0,9,1,2,0,1.0
137983,0,0.006038086,61,0,6.0,,8,0,0,0,
137985,0,0.007736885,93,0,14.0,,7,0,0,0,
137987,0,0.944074567,25,0,0.008396641,2500.0,2,0,0,0,0.0
137988,0,0.248792892,41,0,0.8719430859999999,2248.0,7,0,1,0,2.0
137989,0,0.053769892,66,0,0.759371221,10750.0,11,0,6,0,1.0
137992,0,0.019202591,71,0,0.003384095,6500.0,2,0,0,0,0.0
137993,0,0.797979798,61,0,0.36368684100000004,7203.0,11,0,2,0,0.0
137994,0,0.289707521,59,2,1.0157336259999998,5465.0,12,0,1,0,0.0
137997,0,0.041414122000000005,49,1,0.423995103,4900.0,16,0,2,1,1.0
137999,0,0.9999998999999999,24,0,0.002493766,400.0,3,0,0,0,0.0
138001,0,0.006421362,61,0,2571.0,,27,0,1,0,0.0
138002,0,0.128407159,58,0,0.43826799299999997,8544.0,14,0,3,0,1.0
138003,0,0.9999998999999999,26,0,330.0,,4,0,0,0,0.0
138005,0,0.121250112,55,0,0.23564519399999997,4858.0,8,0,1,0,0.0
138006,0,0.28989871300000003,68,0,0.21426020699999998,8400.0,7,0,2,0,0.0
138010,0,0.013664158000000001,76,0,1644.0,,11,0,2,0,0.0
138012,1,0.889196676,35,0,0.050824863,6000.0,2,1,0,0,0.0
138014,0,0.110241693,52,0,0.018001417,7054.0,5,0,0,0,1.0
138018,0,0.017539513,60,0,0.33037849999999996,7106.0,10,0,2,0,0.0
138020,0,0.0,41,0,2705.0,,8,0,2,0,0.0
138021,0,0.024101946000000003,90,0,0.007788595,3594.0,5,0,0,0,0.0
138022,0,0.0,72,0,3368.0,,6,0,1,0,0.0
138023,1,0.9999998999999999,61,1,0.034893993,6791.0,1,2,0,1,3.0
138024,1,0.9745331070000001,61,4,0.533350177,7915.0,10,2,2,2,0.0
138025,0,0.416525107,47,0,0.269002912,9958.0,10,0,1,0,2.0
138026,0,0.042095416,51,0,0.009497626,4000.0,3,0,0,0,1.0
138027,0,0.0,62,0,0.0,4500.0,4,0,0,0,0.0
138028,0,0.663634869,46,0,0.48893120700000003,4200.0,6,0,1,0,0.0
138029,0,0.296724621,56,0,0.384670487,5583.0,13,0,2,0,1.0
138031,0,0.9999998999999999,63,0,0.21097822800000002,3260.0,3,0,1,0,0.0
138032,0,0.377610344,44,0,0.289248626,6547.0,6,1,1,0,1.0
138033,0,0.013211143,54,0,0.203034937,8500.0,9,0,1,0,2.0
138036,0,0.283578208,67,0,0.138417058,8300.0,10,0,1,0,0.0
138037,0,0.046645687000000005,56,0,48.0,,6,0,0,0,0.0
138038,0,0.17524788600000002,77,0,0.050636198,3850.0,5,0,0,0,1.0
138039,0,0.712341071,34,0,0.11607434,9200.0,4,0,0,0,0.0
138040,0,0.388878137,50,0,0.021598272,8333.0,6,0,0,0,0.0
138041,0,0.060643492,43,0,0.252329091,7620.0,4,0,1,0,2.0
138042,0,0.012428647,54,0,0.334708161,8000.0,8,0,3,0,3.0
138043,0,0.129690091,87,0,0.881398885,1972.0,9,0,1,0,0.0
138044,0,0.23629809300000001,56,0,0.229969633,8561.0,12,0,2,0,1.0
138045,0,0.220955795,53,0,0.691949698,10098.0,20,0,2,0,3.0
138046,1,0.33697593,27,2,0.275494335,4500.0,9,0,0,0,0.0
138047,0,0.5667523179999999,27,1,0.27571845100000003,2400.0,6,0,0,0,0.0
138048,0,0.898920025,63,0,0.476168255,15000.0,9,0,2,0,0.0
138049,0,0.9999998999999999,55,5,0.348649224,4700.0,8,1,1,0,1.0
138050,1,0.261417167,49,0,0.39974841,14308.0,10,0,2,0,3.0
138051,0,0.140306385,45,0,0.229462842,60000.0,17,0,5,0,5.0
138052,0,0.0,65,0,0.051928409,3966.0,6,0,0,1,0.0
138053,0,0.018457631000000002,41,0,0.430656934,10000.0,12,0,3,0,3.0
138054,0,0.042671951,58,0,0.588129496,1667.0,8,0,1,0,0.0
138055,0,0.003938400999999999,76,0,702.0,,9,0,0,0,0.0
138056,0,0.0,27,0,0.0,2000.0,2,0,0,0,0.0
138058,0,0.308153062,42,0,0.313232831,4775.0,6,0,1,0,2.0
138059,1,0.98579572,39,0,0.261530259,3750.0,5,0,0,1,0.0
138060,0,0.0,85,0,0.0,,6,0,0,0,0.0
138061,0,0.016099831000000002,49,1,0.22893631600000003,11666.0,23,0,2,0,2.0
138062,0,0.395045863,54,0,4824.0,,15,0,2,0,0.0
138063,0,0.041457937,46,0,0.170250896,12833.0,8,0,1,1,2.0
138066,0,0.139480411,52,1,958.0,,8,0,0,0,0.0
138067,0,0.002144865,54,0,0.141654034,11873.0,6,0,2,0,1.0
138068,1,0.9999998999999999,40,98,49.0,,0,98,0,98,0.0
138069,0,0.223802855,39,0,0.278318728,6161.0,9,0,1,0,1.0
138071,0,0.042431575,67,0,0.126464146,10500.0,16,0,1,0,1.0
138073,0,0.8721451790000001,48,0,0.163459135,4000.0,5,0,0,0,0.0
138078,1,0.919848225,41,1,0.429281177,15900.0,11,0,2,0,3.0
138080,0,0.0,58,0,1.157770337,5076.0,13,0,4,0,0.0
138081,0,0.838429213,46,2,0.477539239,5542.0,15,0,1,0,2.0
138082,0,0.038796263,57,0,0.396206968,4850.0,5,0,1,0,1.0
138083,0,0.05363331599999999,46,0,28.0,,2,0,0,0,0.0
138084,0,0.35266950399999997,51,0,0.216203862,8750.0,9,0,2,0,0.0
138085,0,0.455822774,26,0,0.304184884,1600.0,6,0,0,0,0.0
138086,0,0.39085515,51,0,0.385310517,5200.0,7,0,1,0,4.0
138087,0,0.09179276800000001,78,0,0.656379194,10400.0,10,0,2,0,2.0
138088,0,0.9999998999999999,37,0,2.453183521,800.0,6,0,1,0,0.0
138089,0,0.073672467,73,0,0.38041305799999997,1500.0,9,0,0,0,0.0
138090,0,0.7964647440000001,31,0,0.330279232,4583.0,11,0,0,0,0.0
138091,0,0.376826554,48,1,0.455233471,7002.0,4,0,2,0,3.0
138092,1,0.02669393,80,1,0.658170915,2000.0,10,1,1,2,0.0
138096,0,0.65849228,24,0,0.014989293,1400.0,1,1,0,1,1.0
138098,0,0.072246388,54,0,0.0051184379999999995,8400.0,3,0,0,0,3.0
138099,0,0.00153265,60,0,0.09430366300000001,14166.0,12,0,1,0,0.0
138100,0,0.870125542,37,0,0.18555052,3750.0,6,0,0,0,0.0
138101,0,0.061746191,45,0,0.265978722,12500.0,21,0,1,0,2.0
138102,0,0.032364785,70,0,1249.0,,8,0,1,0,0.0
138104,0,0.14269475199999998,77,0,1540.0,,12,0,2,0,0.0
138106,0,0.922564763,61,0,0.663552417,9204.0,19,0,2,0,1.0
138107,0,0.004587045,56,0,637.0,,13,0,2,0,0.0
138108,0,0.72546779,48,0,0.222222222,2852.0,7,0,0,0,0.0
138112,0,0.00691609,80,0,0.000333278,6000.0,2,0,0,1,0.0
138113,0,0.063136844,41,0,0.320699708,4458.0,9,0,1,0,2.0
138114,0,0.11839011199999999,72,0,0.32170245399999997,5215.0,17,0,2,0,0.0
138115,0,0.019881045,83,0,0.008563536,3619.0,4,0,0,0,0.0
138116,0,0.134307142,82,0,0.02599896,25000.0,11,0,1,0,0.0
138117,0,0.11268802300000001,50,0,0.236884525,13647.0,19,0,4,0,1.0
138118,0,0.523786437,38,0,0.082992455,11000.0,10,1,0,0,3.0
138119,0,0.001296176,60,0,470.0,,9,0,0,1,0.0
138120,0,0.8392761329999999,61,0,0.27402102100000003,10750.0,9,0,2,0,1.0
138121,1,0.916853218,45,0,1.013058559,4900.0,6,0,2,0,3.0
138122,0,0.14229577300000001,63,0,3470.0,,7,0,2,0,0.0
138123,0,0.066546673,43,1,2.142857143,1000.0,8,0,1,0,2.0
138124,0,0.00035662800000000006,73,0,0.268891502,6801.0,4,0,1,0,0.0
138128,0,0.005300165999999999,54,0,4517.0,,9,0,2,0,2.0
138130,0,0.136865175,37,0,0.243214756,3794.0,11,0,0,0,0.0
138132,0,0.06947908400000001,78,0,0.42776204,4588.0,26,0,2,0,0.0
138133,0,0.0,44,0,766.0,0.0,3,0,1,0,2.0
138134,0,0.05168249,69,0,0.0073589530000000005,3668.0,5,0,0,0,0.0
138135,0,0.068494428,78,0,1399.0,,10,0,1,0,0.0
138136,0,0.05917193900000001,53,0,1943.0,,6,0,1,0,
138137,0,0.004422608,80,0,17.0,,7,0,0,0,0.0
138139,0,0.616477983,31,0,0.537954206,8035.0,11,0,2,0,0.0
138140,0,0.071911431,53,0,1068.0,,4,0,2,0,0.0
138142,0,0.109172533,37,6,0.428523825,3000.0,14,1,0,2,2.0
138147,0,0.086123995,46,0,0.272770219,10583.0,7,0,1,0,2.0
138148,0,0.7663079709999999,31,0,0.166972171,6000.0,6,0,0,0,0.0
138149,1,0.610430193,56,2,0.390531122,4160.0,12,0,1,0,0.0
138151,0,0.22968669,44,0,1998.0,,6,0,1,0,3.0
138153,0,0.050610367,46,0,0.007141582,5600.0,3,0,0,0,2.0
138154,0,0.036275187,60,0,2194.0,,7,0,1,0,
138155,0,0.012332306000000001,60,0,0.216178843,8677.0,3,0,1,0,0.0
138158,0,1.087690662,53,3,0.628716171,7500.0,22,0,2,1,2.0
138160,0,0.40393069600000003,70,0,0.428136419,1641.0,10,0,0,0,0.0
138165,0,0.05038938900000001,48,2,1.2815666940000001,3650.0,20,0,4,0,0.0
138166,0,0.35692405200000005,54,0,0.703204047,4150.0,9,0,2,0,3.0
138167,0,0.05693176900000001,67,0,0.738282715,2666.0,5,0,1,0,0.0
138168,0,0.38617537799999996,48,0,0.285255266,2800.0,3,0,0,0,1.0
138169,0,0.391979898,40,0,0.059771137,9000.0,2,0,0,0,5.0
138171,0,0.036698777,65,0,0.014397906,2291.0,3,0,0,0,0.0
138172,0,0.23705716,64,0,1924.0,,14,0,2,0,
138173,0,0.053263287,44,0,3428.0,,13,0,2,0,0.0
138174,0,0.042083815999999996,44,0,2373.0,,10,0,1,0,0.0
138175,0,0.02649735,77,0,0.00279888,2500.0,1,0,0,0,0.0
138176,0,0.0,30,1,0.37394247,6500.0,10,0,1,0,2.0
138177,1,0.16339692,84,0,0.194801485,3500.0,20,0,1,0,0.0
138178,0,0.0,55,0,5244.0,,7,0,1,0,1.0
138179,0,0.020945238,79,0,0.095384615,3574.0,5,0,0,0,1.0
138180,0,0.0,53,0,1.48630644,1350.0,2,0,1,0,0.0
138181,0,0.35938016799999994,35,0,0.44011197799999996,5000.0,11,0,0,0,0.0
138185,0,0.11536010199999999,75,0,1477.0,0.0,6,0,1,0,0.0
138189,0,0.0,50,1,0.0,4339.0,3,0,0,0,0.0
138192,1,0.9022097790000001,33,0,0.547390522,3333.0,5,0,1,0,0.0
138193,0,0.020540587,62,0,0.20403062,6400.0,16,0,2,0,1.0
138196,0,0.690514829,27,0,0.315275517,4300.0,8,2,0,0,0.0
138197,0,0.624881851,48,0,1849.0,,6,0,1,0,0.0
138200,0,0.065833641,53,0,0.010828212,10250.0,8,0,0,0,4.0
138201,0,0.060472487000000005,60,0,2828.0,,6,0,1,0,0.0
138202,0,0.952395003,41,0,0.305115814,6000.0,4,0,1,0,3.0
138203,0,0.14559272,51,0,0.01487762,6250.0,4,0,0,0,0.0
138204,0,0.285777932,41,0,0.625985602,2916.0,12,0,1,0,2.0
138205,0,0.025543281,70,0,0.006999125,8000.0,6,0,0,0,0.0
138206,0,0.013057212,31,0,0.5816066879999999,2750.0,16,0,1,0,2.0
138207,0,0.245791394,55,0,1534.0,,7,0,1,0,0.0
138208,0,0.0,83,0,2.0,,3,0,0,0,
138209,0,0.380952381,44,5,0.029590761,46500.0,7,0,1,4,2.0
138210,0,0.845288678,54,0,1318.0,,7,1,0,0,2.0
138211,0,0.044347462000000004,66,0,0.266923736,4667.0,14,0,1,0,1.0
138212,0,1.0094642040000001,38,2,0.115267508,4597.0,6,0,0,0,0.0
138213,0,0.9999998999999999,42,0,0.424242424,3200.0,5,0,0,0,3.0
138214,0,0.9999998999999999,48,0,0.0,6101.0,0,2,0,0,1.0
138215,0,0.662933707,39,0,198.0,,1,0,0,0,0.0
138216,0,0.9999998999999999,22,0,0.0,0.0,0,0,0,0,0.0
138218,0,0.513697549,45,0,0.563366656,3100.0,26,0,1,0,0.0
138219,0,0.635202665,22,0,0.08478803,400.0,2,0,0,0,0.0
138220,0,0.458134434,48,0,3715.0,,6,0,1,0,
138222,0,0.037400064,86,0,1054.0,,9,0,1,0,
138223,0,0.35677375299999997,42,0,0.435941874,7500.0,14,0,3,0,2.0
138224,0,0.874742723,23,0,264.0,,2,0,0,0,0.0
138225,0,0.342049969,55,0,0.276846162,9600.0,13,0,1,0,0.0
138226,0,0.155065129,72,0,0.832633918,4050.0,21,0,1,0,0.0
138227,0,0.668691037,56,0,3409.0,,8,0,2,0,0.0
138230,0,0.002920225,61,0,0.269394217,12000.0,12,0,2,0,0.0
138232,0,0.09780439099999999,65,0,0.015396921000000001,5000.0,1,0,0,0,0.0
138233,0,0.019314618999999998,74,0,1308.0,,8,0,2,0,0.0
138234,0,0.0,56,0,0.309665346,9083.0,8,0,2,0,1.0
138236,0,0.28683008600000004,63,0,0.176269168,13433.0,6,0,1,0,0.0
138237,0,0.639422552,61,0,0.485518293,5247.0,7,0,1,0,0.0
138239,0,0.786979416,37,0,0.549059244,6430.0,15,0,1,0,3.0
138240,0,0.8268568820000001,29,0,0.971674535,3600.0,10,0,2,0,2.0
138241,0,0.9999998999999999,35,0,0.228959419,6332.0,4,0,1,1,4.0
138243,0,0.050343448,61,0,0.357656551,5700.0,8,0,2,0,0.0
138244,0,0.048397234000000004,41,0,0.097866766,5343.0,4,0,0,0,3.0
138245,0,0.6462527920000001,48,0,0.441034935,16000.0,13,0,4,0,3.0
138247,0,0.114694265,48,0,934.0,0.0,8,0,1,0,0.0
138250,0,0.43957609299999995,38,0,1.83948373,5500.0,15,0,6,0,1.0
138251,0,0.023229691,80,0,0.388050546,8150.0,17,0,2,0,0.0
138252,0,0.0,43,0,0.402823759,10269.0,4,0,1,0,3.0
138254,0,0.049987502999999996,74,0,0.000553812,10833.0,2,0,0,0,0.0
138255,0,0.128587141,39,0,0.27158774399999996,9333.0,7,0,2,0,2.0
138256,0,0.405648588,36,0,0.692842252,1438.0,5,0,0,0,0.0
138257,0,0.018283102,55,0,0.150947924,4166.0,3,0,1,0,1.0
138258,0,0.048610621,57,0,1.072388831,966.0,9,0,1,0,2.0
138259,0,0.5830752579999999,62,0,0.135104256,3500.0,10,0,0,0,0.0
138260,0,0.01136989,42,0,1645.0,,11,0,1,0,0.0
138261,0,0.8461860520000001,70,1,0.411110195,12132.0,9,0,2,1,1.0
138262,1,1.065311563,52,1,1106.0,,8,1,0,2,0.0
138263,0,0.023248837999999997,78,0,0.211496407,3200.0,7,1,1,1,0.0
138264,0,0.021386247999999997,56,0,0.56129383,3678.0,18,0,3,0,1.0
138265,1,0.9999998999999999,61,2,1290.0,,3,1,1,2,6.0
138266,0,0.24824356,52,2,0.34797098600000004,5100.0,9,0,1,0,1.0
138268,0,0.02367691,67,0,3142.0,,6,0,1,0,0.0
138269,0,0.323395755,60,0,3870.0,,20,0,3,0,0.0
138271,0,0.5401474279999999,41,1,0.430742568,7500.0,10,0,1,0,1.0
138272,0,0.0,32,0,0.0,,2,0,0,0,0.0
138273,0,0.313388894,72,0,0.8962069979999999,3400.0,15,0,1,0,0.0
138274,1,0.871889008,43,0,0.561109978,4900.0,6,0,0,0,2.0
138276,0,0.638272346,71,0,0.147123088,2745.0,2,0,0,0,0.0
138277,0,0.083685757,55,0,5901.0,,10,0,2,0,3.0
138278,0,0.012090713000000001,41,0,0.6542446829999999,5500.0,10,0,2,0,2.0
138279,0,0.0,34,0,765.0,,10,0,0,0,2.0
138281,0,0.9999998999999999,63,0,0.0,,0,0,0,0,0.0
138282,0,0.0,60,0,1299.0,0.0,5,0,1,0,0.0
138283,0,0.052516573,44,0,0.003935874000000001,10416.0,3,0,0,0,3.0
138285,0,0.018663887,57,0,0.061850173,3750.0,4,0,0,0,0.0
138286,0,0.312157475,65,0,0.23824888800000002,11466.0,13,0,1,0,1.0
138287,0,0.001369825,50,0,1519.0,,3,0,1,0,1.0
138288,0,0.8068795409999999,39,0,1279.0,,9,0,0,0,0.0
138289,0,0.147126821,62,0,0.41778188,6500.0,7,0,1,0,0.0
138291,0,0.24652915,109,0,318.0,,3,0,0,0,
138293,0,0.9999998999999999,59,0,2788.0,0.0,4,0,2,0,0.0
138294,0,0.40666324,43,0,0.14321366900000002,10417.0,11,0,1,0,0.0
138295,0,0.007725251999999999,48,1,0.263018958,12500.0,10,0,2,0,0.0
138296,0,0.032319204,49,0,2285.0,,16,0,1,0,0.0
138297,0,0.209135933,46,0,0.490677818,5738.0,14,0,1,0,2.0
138298,0,0.955908867,68,2,2151.0,,7,0,1,0,0.0
138299,0,0.34661055799999996,54,1,1725.0,,6,0,1,0,0.0
138300,0,0.213962092,35,0,0.757251227,2240.0,6,0,1,0,2.0
138301,0,0.00020736799999999998,45,0,0.304555653,10250.0,9,0,1,0,3.0
138302,0,0.063846808,66,0,0.298485298,10100.0,7,0,1,0,0.0
138303,0,0.096353295,79,0,305.0,1.0,6,1,0,0,0.0
138304,0,0.051634002000000005,53,0,0.11528847099999999,10000.0,15,0,0,0,0.0
138305,0,0.9999998999999999,29,0,0.101265823,1342.0,1,1,0,0,0.0
138307,0,0.014552253999999999,89,0,10.0,,2,0,0,0,
138308,1,1.01059788,30,5,0.992458005,2916.0,9,0,2,0,0.0
138309,0,0.013545956999999999,50,1,0.142880181,6200.0,8,0,1,0,1.0
138310,0,0.026768407,48,0,0.26912114,4209.0,4,0,1,0,2.0
138311,0,0.9999998999999999,29,0,251.0,,2,1,0,1,0.0
138313,0,0.03056491,63,0,0.19642262,9000.0,20,0,1,0,1.0
138314,0,0.9418352720000001,41,0,0.227074915,6433.0,6,0,0,0,3.0
138315,0,0.04179833,66,0,0.510919126,8333.0,9,0,2,0,0.0
138316,0,0.001452967,60,0,0.125957765,5350.0,7,0,1,0,1.0
138317,1,1.032322559,72,3,0.303242886,7554.0,4,2,1,0,0.0
138318,0,0.007816423000000001,69,0,2045.0,,11,0,1,0,0.0
138319,1,0.928319955,27,0,0.204475125,4200.0,10,0,0,0,2.0
138320,0,0.841543897,33,0,0.43502599,2500.0,8,0,0,0,0.0
138321,0,0.12368339199999999,52,0,1241.0,,5,0,2,0,0.0
138323,0,0.144758735,69,0,1855.0,,5,0,1,0,0.0
138324,0,0.31150703,45,0,0.573344169,2460.0,5,0,1,0,4.0
138326,1,0.9920015240000001,45,7,2.5940438869999998,637.0,10,1,1,1,0.0
138327,0,0.717069999,63,0,4670.0,,11,0,2,0,0.0
138328,0,0.0040539320000000005,62,0,296.0,0.0,6,0,1,0,0.0
138329,0,0.119829164,58,1,0.194600415,13000.0,19,0,2,0,0.0
138330,0,0.29917008300000003,48,0,0.330796718,15111.0,9,0,2,0,3.0
138331,0,0.006023115999999999,44,0,0.119510299,5145.0,3,0,0,0,0.0
138332,1,0.43220339,47,0,0.107243916,3533.0,4,2,0,1,0.0
138334,0,0.073273636,87,0,0.3885918,3365.0,16,0,1,0,0.0
138335,0,0.026922559,69,0,42.0,,2,0,0,0,0.0
138336,0,0.039533061,79,0,0.30202730699999997,4833.0,6,0,2,0,0.0
138337,0,0.457511121,53,1,0.38122041700000003,7816.0,7,0,1,0,1.0
138338,0,0.0,68,0,0.0,9113.0,9,0,0,0,0.0
138339,0,0.9999998999999999,33,1,0.180909545,2000.0,3,0,0,0,0.0
138340,0,0.97005988,28,0,0.358098068,1345.0,7,0,0,0,0.0
138341,0,0.10622840199999999,85,0,0.059495478,2100.0,14,0,0,0,0.0
138342,0,0.44125267,38,0,0.8834853090000001,2960.0,8,0,2,0,4.0
138343,0,0.16658093699999998,34,0,0.453890984,8750.0,16,0,2,0,3.0
138344,0,0.5669729929999999,46,0,12060.0,,18,0,4,0,0.0
138345,0,0.076911693,58,0,0.243525004,18416.0,8,0,3,0,1.0
138346,0,0.17312948600000003,50,0,796.0,,5,0,1,0,0.0
138347,0,0.022746355,50,0,0.348166525,12898.0,13,1,2,0,3.0
138349,0,0.22588275800000002,56,1,0.32768675399999997,3600.0,7,1,2,0,0.0
138350,0,0.502876144,44,0,1083.0,,9,0,0,0,0.0
138352,0,0.76160386,64,2,0.501755132,9400.0,10,0,2,0,2.0
138353,0,0.029630238,63,0,0.6796320370000001,10000.0,13,0,1,0,0.0
138354,0,0.09986906300000001,61,5,0.554822259,6666.0,9,0,0,1,0.0
138355,0,0.032141621,62,0,5411.0,,14,0,2,0,0.0
138356,0,0.060713228,49,0,0.25405738,13000.0,12,0,2,0,2.0
138357,0,0.9999998999999999,45,0,0.40549542,1200.0,2,0,0,0,0.0
138359,0,0.333715238,52,0,0.467257319,2595.0,6,0,1,0,1.0
138360,0,0.0,48,1,0.220604987,7900.0,11,0,1,0,2.0
138361,0,0.50989802,30,0,0.07792207799999999,1000.0,1,0,0,0,0.0
138364,0,0.684382577,44,0,9316.0,,17,0,4,0,1.0
138366,0,0.389672278,40,0,0.212451145,3581.0,5,0,0,0,0.0
138369,0,0.00243769,50,0,0.2095165,14332.0,6,0,3,0,0.0
138370,0,0.04846559,56,0,0.34520996200000004,5500.0,6,0,1,0,1.0
138371,0,0.139742646,47,0,0.268978444,3200.0,11,1,0,0,1.0
138372,0,0.008805851,62,0,1667.0,0.0,20,0,1,0,0.0
138374,0,0.139372095,37,0,0.104114585,34000.0,8,0,3,0,0.0
138375,0,0.998061323,41,0,0.33431361,8500.0,9,0,1,0,1.0
138376,0,0.149032639,51,0,0.579253514,2062.0,5,0,2,0,0.0
138377,0,0.405914489,51,1,0.33533321,10833.0,13,0,1,0,1.0
138378,0,0.105562541,51,0,651.0,,8,0,1,0,0.0
138380,0,0.177833468,33,1,0.32447872,3500.0,7,0,0,0,3.0
138381,0,0.05281027,61,0,2875.0,,10,0,1,0,0.0
138382,0,0.055150933,43,0,0.217605114,12200.0,8,0,1,0,3.0
138384,0,0.961121555,40,2,0.336224055,7033.0,14,0,1,0,1.0
138386,0,0.048336185,68,0,59.0,,7,0,0,0,0.0
138387,0,0.24355129,54,0,1.276699029,1853.0,9,0,2,0,3.0
138388,0,0.055595299,66,0,0.390777249,8825.0,9,0,1,0,0.0
138389,0,0.323711753,77,1,0.24992380399999997,3280.0,6,0,0,0,0.0
138391,0,0.041063672999999995,70,0,0.008831717,10416.0,6,0,0,0,0.0
138392,0,0.78630619,62,0,0.18909150600000002,6086.0,8,0,0,0,0.0
138394,0,0.003351453,66,0,0.0034904009999999997,4583.0,11,0,0,0,2.0
138396,0,0.37602354600000004,49,0,0.28236642,9600.0,6,0,2,0,2.0
138398,0,0.11882667599999999,76,0,0.8919701990000001,2415.0,10,0,1,0,0.0
138401,1,0.9999998999999999,35,0,0.054778089,2500.0,1,0,0,0,0.0
138402,0,0.0,58,0,2010.0,,7,0,2,0,0.0
138403,0,0.326764601,46,0,0.32449903,6187.0,18,0,1,0,0.0
138404,0,0.004879805,51,0,2868.0,,9,0,2,0,2.0
138405,1,0.61787948,49,0,0.363529871,2560.0,6,0,0,0,0.0
138406,0,0.194931469,51,0,0.359462486,6250.0,7,0,1,0,0.0
138407,0,0.0,85,0,118.0,,4,0,0,0,
138408,0,0.0,40,0,0.597675291,2666.0,4,0,1,0,5.0
138409,0,0.0,33,1,0.134105342,2676.0,2,0,0,0,3.0
138410,1,0.9999998999999999,55,1,0.103399029,3500.0,1,1,0,0,1.0
138411,0,0.7357562870000001,49,0,0.415204678,7181.0,12,0,1,0,1.0
138413,0,0.014715221,41,0,0.515006201,12094.0,9,0,5,0,1.0
138416,0,0.177333682,52,1,0.5399568029999999,8333.0,22,0,2,0,0.0
138419,0,0.056453387,54,0,2009.0,,9,0,1,0,0.0
138421,0,0.002099522,57,0,0.208442739,4950.0,11,0,0,0,2.0
138422,0,0.382755329,63,0,6178.0,,7,0,2,0,0.0
138424,0,0.012579418,63,0,0.22177782199999999,10000.0,10,0,1,0,0.0
138425,0,0.9999998999999999,38,0,0.0028476509999999997,4213.0,2,0,0,0,0.0
138426,0,0.0,30,0,0.0,,1,0,0,1,
138427,0,0.35465979200000003,67,0,1297.0,,7,0,0,0,0.0
138428,0,1.4604811000000002,49,2,0.04253772,5500.0,6,6,0,0,0.0
138430,0,0.28010381300000003,64,0,0.039810943,5500.0,9,0,0,0,0.0
138432,0,0.276180642,29,0,788.0,,6,0,0,0,0.0
138433,0,0.181363727,37,1,0.013493253,2000.0,2,0,0,0,0.0
138435,0,0.8830914870000001,59,0,0.9717334870000001,3466.0,9,0,2,0,0.0
138436,1,0.992006395,40,2,0.049568372,39964.0,7,0,1,0,1.0
138437,0,0.208546602,30,0,0.096236423,3958.0,9,0,0,0,0.0
138438,0,0.0,39,0,1781.0,,5,0,1,0,0.0
138439,0,0.990667704,26,1,0.52596501,3600.0,9,0,1,0,2.0
138442,1,0.961038961,49,2,0.212248608,8800.0,3,0,1,3,1.0
138443,0,0.041745383999999996,55,0,0.414912865,10500.0,9,0,2,0,0.0
138444,0,0.055875204000000005,46,0,0.337415646,4000.0,5,0,0,0,1.0
138446,0,0.0,33,0,0.67408148,4000.0,17,0,1,0,3.0
138447,0,0.15094593,51,0,0.41449978,4537.0,26,0,2,0,3.0
138448,0,0.098623905,64,0,0.250080775,3094.0,3,0,1,0,0.0
138449,0,0.083800531,34,0,0.5608501889999999,5833.0,13,0,2,0,0.0
138450,0,0.0,28,0,0.51874063,2000.0,5,0,1,0,0.0
138451,0,0.754400286,34,0,0.311614372,7903.0,13,0,1,0,1.0
138452,0,0.049164604,63,0,0.030824373,5579.0,8,0,0,0,0.0
138453,0,0.277355562,55,0,0.330888216,6270.0,10,0,1,0,0.0
138454,0,0.854149802,71,0,0.5250817879999999,3667.0,4,0,2,0,0.0
138456,0,0.719698449,46,0,0.551146489,8416.0,10,0,2,0,0.0
138457,0,0.015278769,61,0,0.315807619,5800.0,13,0,2,0,2.0
138458,0,0.9999998999999999,51,0,0.0,2528.0,2,0,0,0,0.0
138459,0,0.283012362,67,0,0.212238368,7500.0,5,0,1,0,0.0
138460,1,0.595641733,40,0,0.072909011,6802.0,8,0,0,1,5.0
138461,0,0.60338315,50,0,0.341507919,13700.0,14,0,2,0,2.0
138463,0,0.001083303,90,0,37.0,,10,0,0,0,0.0
138465,0,0.045412882,75,0,452.0,,4,0,0,0,0.0
138466,0,0.041545707,88,0,0.13356488800000002,6333.0,4,0,1,0,0.0
138467,0,0.199632167,58,0,1754.0,,11,0,1,0,0.0
138468,0,0.919955863,56,0,0.336541976,8206.0,11,0,1,0,1.0
138469,0,0.015801818999999998,50,0,1307.0,,5,0,1,0,0.0
138470,0,0.9999998999999999,36,0,0.81527389,2500.0,5,0,1,0,0.0
138472,0,0.0034658740000000003,44,0,0.27074531,5916.0,14,0,1,0,1.0
138473,1,0.029284552000000002,37,0,0.933522497,7400.0,9,1,1,0,2.0
138474,0,0.9568322090000001,49,0,0.706314929,8566.0,13,0,2,0,0.0
138475,0,0.122629246,66,0,0.21430514,7353.0,5,0,1,0,0.0
138476,0,0.131628946,55,0,0.373770831,9660.0,13,0,2,0,1.0
138477,0,0.0,70,0,0.11006930300000001,9811.0,13,0,0,0,1.0
138478,0,0.002957608,75,0,0.411035586,2500.0,6,0,1,0,0.0
138479,1,1.015369006,64,1,1943.0,,16,0,0,1,0.0
138480,0,0.022140859,58,0,0.018251681000000002,1040.0,2,0,0,0,0.0
138481,0,0.010468992,55,0,0.8003790270000001,3165.0,4,0,1,0,0.0
138482,0,0.081885508,54,0,0.282292043,8306.0,16,0,3,0,0.0
138483,0,0.061272448,74,0,0.52311922,4000.0,15,0,1,0,0.0
138484,0,0.457981208,46,1,0.121247262,7760.0,10,0,0,1,0.0
138487,0,0.011232381000000001,50,0,469.0,,11,0,0,0,0.0
138489,0,0.47358777,35,1,0.5421970770000001,8483.0,9,0,4,0,0.0
138491,0,0.08751490699999999,76,0,28.0,,6,0,0,0,0.0
138493,0,0.019074067,57,0,0.23589146,6006.0,17,0,1,0,0.0
138495,0,0.0,37,0,2.448220712,2500.0,6,0,2,0,2.0
138496,0,0.453084382,46,0,0.452254775,10000.0,10,0,2,0,0.0
138498,0,0.000954925,64,0,48.0,0.0,9,0,0,0,0.0
138499,0,0.202018668,71,0,0.7868274040000001,3400.0,17,0,1,0,1.0
138501,1,0.056483498,40,1,0.507411908,4114.0,20,0,1,0,2.0
138502,0,0.368657564,49,3,0.41499875399999997,12040.0,7,0,2,0,1.0
138503,0,0.11447486400000001,50,0,1045.0,,3,0,1,0,0.0
138504,0,0.013479666000000001,81,0,0.38791883,2118.0,13,0,1,0,0.0
138505,0,0.106158479,47,0,0.087799791,9589.0,10,0,1,0,3.0
138506,0,0.03859807,55,0,0.191625892,12466.0,8,0,2,0,3.0
138509,0,0.115441465,55,0,0.24559171100000002,5500.0,12,0,1,0,1.0
138510,0,0.022152474,66,0,2101.0,0.0,12,0,1,0,0.0
138512,0,0.061191076,48,0,0.031200142,5640.0,6,0,0,0,0.0
138513,0,0.141041134,49,0,0.938307408,7585.0,16,0,4,0,3.0
138514,0,0.275662984,61,0,0.42464561100000003,8041.0,8,0,2,0,0.0
138515,1,2.083832335,51,0,0.10991545,1300.0,2,3,0,2,1.0
138516,0,0.641117131,53,0,0.33314469,5300.0,9,0,2,0,1.0
138517,0,0.9999998999999999,50,2,0.072349382,3800.0,4,1,0,2,3.0
138518,0,0.0,32,0,0.667946257,2083.0,5,0,2,0,0.0
138519,0,0.224129312,40,0,0.45187089399999997,3500.0,4,0,2,0,0.0
138520,0,0.10431594699999999,24,0,0.042066629,7083.0,3,0,0,0,0.0
138523,0,0.0,55,0,0.527579707,12200.0,12,0,4,0,2.0
138524,0,0.020562299,53,0,0.265697907,7500.0,13,0,1,0,0.0
138526,0,0.8755111309999999,26,0,0.056943057000000005,1000.0,1,0,0,0,0.0
138527,0,0.002266591,52,0,0.181042528,7500.0,7,0,1,0,1.0
138529,0,0.013705335,75,0,534.0,,5,0,1,0,
138530,0,0.71035747,51,0,0.235552889,5000.0,8,0,0,0,0.0
138531,0,0.34414279700000006,59,0,2017.0,,4,0,2,0,0.0
138532,0,0.45573405200000006,50,0,0.373305671,7229.0,8,0,1,0,3.0
138534,0,0.142654779,49,0,1773.0,,12,0,1,0,3.0
138535,1,0.9999998999999999,34,0,47.0,,2,0,0,0,0.0
138536,0,0.011342554,53,0,2451.0,,8,0,2,0,1.0
138537,0,0.159958124,65,0,0.178015812,7841.0,12,0,1,0,0.0
138538,0,0.8921811,49,0,0.812661977,2700.0,9,0,1,0,0.0
138540,0,0.18121520100000002,46,0,0.162200969,39000.0,10,0,1,0,1.0
138541,0,0.0,41,0,0.18613138699999998,8493.0,5,0,1,1,0.0
138542,0,0.9999998999999999,73,0,0.458242782,3220.0,4,0,1,0,1.0
138543,1,0.7340695420000001,31,2,0.152735351,3600.0,4,0,0,0,0.0
138545,0,0.031329852000000005,38,1,0.30467812899999996,2500.0,9,0,1,0,1.0
138548,0,0.953494524,52,0,0.548450373,2548.0,11,0,0,0,2.0
138551,0,0.610073541,64,1,0.287014958,9225.0,9,0,1,0,0.0
138553,1,0.072377338,39,0,0.435521493,3000.0,10,1,1,0,3.0
138555,0,0.0,37,0,0.464005877,4083.0,4,0,2,0,0.0
138556,0,0.35425807,77,0,0.518414196,14200.0,14,0,2,0,2.0
138557,1,0.565141887,37,0,0.74625075,5000.0,8,0,1,0,2.0
138558,0,0.046835275999999995,37,0,0.40925538,5250.0,8,0,2,0,0.0
138560,1,0.749477031,61,0,0.181227143,2460.0,6,1,0,0,0.0
138561,0,0.0,56,2,0.48043117700000004,6029.0,16,0,2,0,3.0
138562,0,0.027215367,89,0,0.007367313,6650.0,7,0,0,0,0.0
138565,0,0.001478949,61,0,0.000313283,9575.0,6,0,0,0,1.0
138566,0,0.01609839,31,0,0.020815987,1200.0,2,0,0,0,0.0
138567,0,0.745759686,37,0,0.049980008,2500.0,2,1,0,0,0.0
138568,0,0.004748471,74,0,2116.0,,5,0,1,0,1.0
138569,0,0.0,63,0,0.26662636,4961.0,9,0,2,0,0.0
138570,0,0.081925185,52,0,0.7085981929999999,2988.0,14,0,1,0,0.0
138571,0,0.053993079000000006,75,0,0.015322927,6982.0,8,0,0,0,0.0
138572,1,0.8980203959999999,49,1,162.0,,1,1,0,0,0.0
138573,0,0.762902993,40,0,0.223555289,5000.0,4,0,0,0,3.0
138576,0,0.117907785,55,0,0.644310171,4964.0,13,0,1,0,1.0
138577,0,0.44852798299999996,45,0,0.281731475,12266.0,17,0,2,0,0.0
138579,0,0.44135816200000005,75,0,0.295857988,1013.0,5,0,0,0,0.0
138583,0,0.9999998999999999,39,0,0.073886959,9500.0,12,0,0,0,1.0
138585,0,0.12527738,35,0,0.203405718,6400.0,10,0,2,0,0.0
138586,0,0.0,43,0,0.912473951,3358.0,16,0,3,0,2.0
138587,0,0.804835702,33,4,1.421394651,4000.0,14,0,2,0,1.0
138589,1,0.9999998999999999,30,0,0.053982006,3000.0,2,7,0,0,1.0
138591,0,0.031275265,52,0,0.38541666700000005,2975.0,9,0,1,0,0.0
138592,0,0.708058388,27,0,0.227974569,1100.0,2,0,0,0,0.0
138593,1,1.219939743,53,2,0.20582482100000002,4600.0,8,0,1,4,0.0
138594,0,0.051698277,90,0,57.0,,2,0,0,0,0.0
138595,0,0.187471155,56,0,0.457614143,14367.0,13,0,2,0,1.0
138597,0,0.156464409,45,0,1986.0,,17,0,3,0,0.0
138598,0,0.9999998999999999,41,1,0.014843987,3300.0,1,3,0,0,2.0
138599,0,0.0,64,1,0.188603799,3000.0,5,0,0,0,0.0
138600,0,0.609501569,47,0,0.52409417,10873.0,11,0,2,0,6.0
138602,0,0.158240019,51,1,0.44923188799999997,11000.0,9,0,1,0,0.0
138603,0,0.10019898699999999,51,1,0.180278225,21133.0,17,0,2,0,3.0
138604,0,0.07060981200000001,32,0,0.183350185,11867.0,17,0,2,0,1.0
138607,0,0.6051483879999999,43,1,0.228555103,14000.0,12,0,2,0,1.0
138609,0,0.201592277,77,0,0.056792428,7500.0,6,0,0,0,1.0
138610,0,0.000499964,52,0,0.21406411600000003,2900.0,6,0,0,0,0.0
138611,0,0.002688028,69,0,0.13440159,16100.0,6,0,2,0,1.0
138612,0,0.0,75,0,33.0,,2,0,0,0,0.0
138613,0,0.31954252899999996,42,0,0.005961309000000001,26000.0,2,0,0,0,1.0
138614,0,0.348248214,63,1,0.459357723,8500.0,12,0,2,0,0.0
138615,0,0.222515877,38,0,0.295745921,3431.0,5,0,0,0,1.0
138616,0,0.122443107,38,0,0.260859131,12500.0,12,0,2,0,1.0
138618,0,0.149683006,59,0,0.28480776399999996,2678.0,7,0,0,0,1.0
138619,1,0.7634470240000001,59,5,5733.0,,15,0,1,0,0.0
138620,0,0.44874540799999996,50,0,0.579907951,6300.0,8,0,2,0,2.0
138622,0,0.031173267999999997,73,0,0.024975025,1000.0,6,0,0,0,0.0
138623,0,0.12488751099999999,63,0,0.017058552,2168.0,2,0,0,0,0.0
138624,0,0.024640412999999996,61,0,0.380952381,2666.0,13,0,1,0,0.0
138625,1,0.9999998999999999,31,1,0.20924422199999998,1600.0,3,1,0,0,0.0
138626,0,0.013021933000000001,63,0,0.291536278,13740.0,7,0,2,0,1.0
138627,0,0.022535985,55,0,0.20793069,3000.0,11,0,0,0,0.0
138628,0,0.19464083399999998,50,0,0.319230071,5506.0,8,0,1,0,1.0
138629,1,0.957100422,49,1,1.4278009980000002,7416.0,17,0,9,1,3.0
138630,0,0.027275577999999998,86,0,0.572368421,151.0,9,0,0,0,0.0
138632,0,0.47787177799999997,40,0,0.32660359899999997,8667.0,11,0,1,0,2.0
138633,0,0.001359589,47,0,1726.0,,10,0,1,0,2.0
138634,0,0.628643345,43,0,0.38878581700000003,4850.0,5,0,1,0,1.0
138635,0,1855.0,39,2,0.409281228,2865.0,6,0,1,1,1.0
138638,0,0.059895364000000006,51,0,0.146370726,5000.0,9,0,0,0,2.0
138639,0,0.585011527,34,0,0.29568049399999996,5833.0,7,0,0,0,0.0
138640,0,0.006317895,36,0,1983.0,,5,0,1,0,0.0
138642,0,0.053695343,42,0,0.106091465,5400.0,5,0,0,0,0.0
138643,0,0.062154456,71,0,0.275295244,6265.0,8,0,2,0,0.0
138644,0,0.328878595,66,1,0.991001125,888.0,15,0,1,0,0.0
138645,0,0.008420792,59,2,0.468645865,3300.0,13,0,1,1,1.0
138646,0,0.003790221,56,0,0.759809555,6090.0,8,0,3,0,0.0
138649,0,0.85262691,58,0,0.604257929,11413.0,13,0,1,0,1.0
138650,0,0.024724334,32,0,10.0,,3,0,0,0,0.0
138652,1,1.841654779,50,2,0.396256262,3792.0,4,2,1,0,1.0
138653,0,0.033694947999999995,46,0,0.050568539,17500.0,7,0,0,0,1.0
138654,0,0.9999998999999999,53,0,0.104677566,4403.0,2,0,0,0,0.0
138655,0,0.03808016,46,0,1403.0,,4,0,1,0,2.0
138656,0,0.587370631,57,0,0.175412294,2000.0,3,0,0,0,0.0
138657,0,0.0,51,0,0.48457162600000003,5800.0,7,0,4,0,1.0
138658,0,0.032198927,56,0,0.124082466,15666.0,5,0,1,0,2.0
138660,0,0.77869432,81,1,0.5506187570000001,6706.0,14,0,1,0,0.0
138663,0,0.279558488,56,0,0.20361823899999998,5416.0,18,0,0,0,0.0
138667,0,0.252080821,52,0,0.654473554,2022.0,7,0,1,0,2.0
138669,0,0.260430043,36,1,0.6135275339999999,5011.0,9,0,1,0,4.0
138670,0,0.009235196,70,0,0.124915749,4450.0,17,0,2,0,0.0
138671,0,0.9999998999999999,26,0,0.0781893,1700.0,0,0,0,0,0.0
138672,0,7.25e-05,69,0,0.379888268,3400.0,13,0,1,0,0.0
138675,0,0.119240901,66,0,2194.0,,3,0,2,0,0.0
138676,0,0.04256613,65,0,0.29615641,4500.0,10,0,1,1,0.0
138677,0,1.00281979,38,0,454.0,,2,0,0,0,0.0
138679,1,0.569681709,47,0,6.163152052999999,900.0,11,0,2,0,2.0
138683,0,0.667168881,55,0,1.139377537,1477.0,8,0,0,0,0.0
138684,0,0.016849638,80,1,0.06657337099999999,5001.0,6,0,0,0,1.0
138685,0,0.090371748,58,1,89.0,,3,0,0,0,0.0
138686,1,0.79896853,58,5,0.580930411,2600.0,8,0,1,0,1.0
138687,0,0.0,59,0,0.9028642590000001,802.0,3,0,1,0,0.0
138689,0,0.0,41,0,0.43259458799999995,8166.0,8,0,2,0,0.0
138690,0,0.0,50,1,0.484293425,11300.0,19,0,2,0,1.0
138691,0,0.26220492100000004,43,0,0.149022644,15500.0,8,0,1,0,2.0
138692,0,0.023635692000000003,28,0,0.169946892,3200.0,4,0,0,0,0.0
138694,0,0.14712663199999998,41,0,0.09316770199999999,7083.0,10,0,0,0,1.0
138696,0,0.9445676270000001,34,0,0.011656953000000001,1200.0,2,0,0,0,0.0
138697,0,0.01544503,70,0,2815.0,,11,0,1,0,0.0
138698,0,0.9999998999999999,53,0,0.0020452689999999997,7333.0,1,0,0,0,0.0
138700,0,0.0106464,80,0,19.0,,9,0,0,0,0.0
138702,0,0.067698308,29,0,0.079865017,8000.0,11,0,0,0,0.0
138703,0,0.001455455,51,0,0.00039992,5000.0,6,0,0,0,2.0
138704,0,0.396671971,57,0,0.338425219,7200.0,8,0,2,0,3.0
138705,0,0.169574009,38,0,0.680976183,3400.0,14,0,1,0,0.0
138706,0,0.812399395,47,0,0.2107393,6424.0,14,0,0,1,4.0
138707,0,0.9999998999999999,32,0,0.129471891,1760.0,0,1,0,0,1.0
138708,0,0.772476983,33,2,0.36451882799999996,5974.0,7,0,1,0,3.0
138709,0,0.011931648999999999,75,0,1763.0,,20,0,2,0,
138711,0,0.009216990999999999,66,0,1096.0,,6,0,1,0,1.0
138713,0,0.051896208,22,0,0.0,704.0,1,0,0,0,0.0
138714,0,0.026314327999999998,74,1,0.016793283,2500.0,11,0,0,0,0.0
138715,0,0.553617451,31,0,0.534711965,3384.0,8,0,2,0,0.0
138716,0,0.053075410999999996,47,0,0.38140206600000004,9000.0,5,0,1,0,4.0
138717,0,0.550079195,48,0,0.619342073,4042.0,19,0,2,0,2.0
138718,0,0.022042347,56,1,0.36670521899999997,13833.0,12,0,1,0,1.0
138719,0,0.9999998999999999,39,0,0.070158184,12200.0,5,0,1,0,2.0
138721,0,0.015357559,53,0,0.17730378300000002,6000.0,28,0,0,0,4.0
138722,0,0.0,84,0,0.079168333,2500.0,4,0,1,0,0.0
138723,0,0.18202701100000002,64,0,0.210902166,4200.0,19,0,0,0,0.0
138724,0,0.106054179,30,1,0.251610133,6986.0,5,0,2,0,0.0
138726,0,0.041485889,56,0,0.131446658,5370.0,5,0,0,0,0.0
138727,0,0.988307497,31,1,0.821185617,4115.0,10,0,2,0,3.0
138728,0,0.0,56,0,0.0,,1,0,0,0,0.0
138730,0,0.020446947,75,0,0.639305446,3800.0,16,0,2,0,0.0
138731,0,0.026596852999999997,72,0,0.078999761,12556.0,15,0,1,0,1.0
138732,0,0.224009741,54,0,1395.0,,11,0,1,0,0.0
138735,0,0.280469823,58,0,0.767213733,5300.0,13,0,4,0,1.0
138738,0,0.986986658,58,0,0.772850253,8500.0,15,0,6,0,0.0
138739,0,0.084447084,28,0,0.147482014,3335.0,5,0,0,0,0.0
138740,0,0.9999998999999999,34,0,1.145979703,1280.0,5,0,2,0,3.0
138741,0,0.0,68,0,0.375454846,3022.0,5,0,1,0,3.0
138742,0,0.019396475,45,0,0.16575790599999998,1833.0,6,0,0,0,0.0
138743,1,0.41844200600000003,50,3,0.9559087409999999,3900.0,15,0,2,0,0.0
138744,0,0.039967498,61,0,0.273590801,8000.0,13,0,2,0,0.0
138745,0,0.99240152,42,3,0.150585227,10166.0,5,0,1,1,0.0
138746,0,0.0024373479999999998,88,0,0.266518601,1800.0,5,0,1,0,0.0
138747,0,0.526742218,46,0,0.214979043,9065.0,16,0,0,0,1.0
138748,0,0.022286572999999997,38,0,0.19423022,3500.0,14,0,0,0,0.0
138752,0,0.016856902,55,0,0.281434002,13416.0,10,0,2,0,2.0
138753,0,0.6348780070000001,50,0,0.34460452799999997,3400.0,6,0,2,0,2.0
138754,0,0.13759312,63,0,82.0,,2,0,0,0,
138755,0,0.9999998999999999,82,0,21.0,,3,0,0,0,0.0
138756,0,0.025326774,78,0,0.015330778,6000.0,11,0,0,0,0.0
138757,0,0.11414794199999999,47,0,0.322186763,7206.0,11,0,2,0,4.0
138759,0,0.210206778,55,0,0.302714363,5562.0,11,0,1,0,0.0
138760,1,0.8252536640000001,61,0,2483.0,,15,0,0,0,1.0
138764,0,0.0,46,0,3.324940048,833.0,6,0,1,0,1.0
138765,0,0.514300734,46,0,0.42438157299999996,6750.0,12,0,1,0,2.0
138767,0,0.0,70,0,0.009060956,2427.0,4,0,0,0,0.0
138770,0,0.029136797000000002,59,0,0.214022457,11666.0,16,0,1,0,0.0
138771,0,0.016085208,68,0,0.268789257,4616.0,5,0,1,0,0.0
138772,0,0.271247046,47,0,1115.0,1.0,9,0,2,0,2.0
138773,0,0.832808931,53,0,0.280051425,14000.0,5,0,2,0,0.0
138774,0,0.0008954560000000001,36,0,0.079984003,5000.0,4,0,0,0,1.0
138776,0,0.306785588,70,0,0.034259668,6800.0,3,0,0,0,1.0
138778,0,0.046376535999999996,49,0,1530.0,,3,0,1,0,0.0
138781,0,0.137064839,59,0,2819.0,,11,0,1,0,0.0
138784,0,0.216950148,41,0,1.728311317,2800.0,9,0,2,0,2.0
138785,0,0.8787475020000001,25,0,0.054384018,900.0,2,0,0,0,0.0
138788,0,0.031546352,27,0,362.0,0.0,5,0,0,0,0.0
138789,0,0.891116488,44,0,0.11199066699999999,12000.0,5,0,0,0,2.0
138790,0,0.014049303999999999,77,0,0.011631127,3610.0,14,0,0,0,0.0
138792,0,0.065805979,52,0,0.058771385999999995,11280.0,9,1,0,0,1.0
138794,0,0.154135642,59,0,3236.0,,9,0,2,0,0.0
138795,0,0.014435251000000001,52,0,0.236635115,7500.0,20,0,2,0,0.0
138796,0,0.101951649,43,1,0.427052086,11000.0,21,0,2,0,1.0
138800,0,0.029623766,62,0,0.008329863,2400.0,4,0,0,0,0.0
138801,0,0.99781838,40,0,0.511753731,5359.0,6,0,2,0,0.0
138809,0,0.188562288,65,0,0.103282439,21416.0,4,0,2,0,0.0
138810,0,0.171391198,49,0,0.495834722,3000.0,24,0,1,0,0.0
138811,0,0.08999291400000001,48,0,0.701645836,8080.0,10,0,5,0,0.0
138812,0,0.384161288,51,0,0.45893386700000005,14500.0,12,0,3,0,2.0
138815,0,0.039029515,57,0,0.116513669,19825.0,14,0,2,0,0.0
138817,0,0.260412138,53,0,0.167383262,10000.0,6,0,1,0,3.0
138818,0,0.5065545770000001,52,1,0.29280086,11167.0,8,0,1,0,3.0
138819,0,0.6910754240000001,51,3,0.388644366,6815.0,13,0,0,0,2.0
138820,0,0.024080464,59,0,9.0,,2,0,0,0,
138821,0,0.08790654099999999,33,0,0.45793950899999997,2115.0,12,0,0,0,0.0
138824,0,0.004854275,74,0,688.0,,4,0,1,0,1.0
138825,1,0.9999998999999999,36,5,0.88616369,3750.0,13,2,2,2,2.0
138828,0,0.053328795,57,0,0.09484229599999999,18166.0,13,0,1,0,1.0
138829,0,0.0,35,0,0.962452788,4500.0,12,0,1,0,4.0
138830,0,0.773739472,60,0,1.024559878,4600.0,11,0,4,0,0.0
138832,0,0.9999998999999999,41,1,0.121175765,3333.0,1,0,0,0,0.0
138834,0,0.00075268,66,0,0.630154102,2400.0,13,0,1,0,0.0
138835,0,0.162454874,31,0,0.326779863,10070.0,11,0,2,0,1.0
138836,0,0.0,21,0,0.061290323,929.0,2,0,0,0,0.0
138837,0,0.058497075,57,0,0.006332278,6000.0,2,0,0,0,1.0
138838,0,0.46153846200000004,45,2,82.0,,6,0,0,0,0.0
138839,0,0.450457795,50,0,0.219472566,8000.0,16,0,0,0,1.0
138840,0,0.314400284,38,0,0.871049518,5916.0,9,0,2,0,2.0
138844,0,0.028318166000000002,69,0,0.011653813,5834.0,11,0,0,0,0.0
138845,0,0.075609248,41,0,0.328456474,4100.0,5,0,1,0,0.0
138846,0,0.41470660600000003,43,0,0.276551594,5300.0,9,0,1,0,4.0
138847,0,0.311474044,56,0,0.719363199,2700.0,9,0,1,0,0.0
138849,0,0.9999998999999999,47,0,0.47301798799999994,1500.0,2,0,0,0,1.0
138850,0,0.0,65,0,0.12294067199999999,10500.0,12,0,1,0,0.0
138851,1,0.973401064,47,0,1.4135932880000002,16566.0,6,10,2,2,2.0
138853,0,0.0,72,1,0.023244189,4000.0,9,0,1,0,0.0
138854,0,0.086284173,52,0,2854.0,,7,0,1,0,3.0
138857,0,0.0,32,0,0.8359358729999999,4802.0,7,0,2,0,2.0
138858,0,0.004709576,61,0,1676.0,,5,0,1,0,0.0
138859,0,0.0,62,0,0.217071175,7333.0,4,0,2,0,0.0
138860,0,0.080180856,78,0,0.135010823,3695.0,12,0,1,0,0.0
138861,0,0.009999688,73,0,0.000882266,10200.0,5,0,0,0,0.0
138863,0,0.09450011,58,0,0.20536251100000003,8316.0,17,0,1,0,1.0
138865,0,0.31128664100000003,53,0,0.218772255,14041.0,9,0,1,0,0.0
138867,0,0.114310855,75,0,0.072579697,8500.0,5,0,0,0,0.0
138870,1,1.584717608,43,2,0.163472755,6000.0,5,0,0,0,1.0
138871,0,0.967797811,52,0,0.578277664,4400.0,15,0,3,0,0.0
138872,0,0.42372351700000005,50,0,0.18277563,7500.0,5,0,1,0,0.0
138873,0,0.529704419,52,0,2125.0,,4,0,1,0,0.0
138875,0,0.123351751,35,0,0.611574004,6600.0,9,0,0,0,0.0
138876,0,0.008998959,62,0,0.238626896,6000.0,27,0,1,0,0.0
138877,0,0.22666377199999999,40,0,0.157957892,9166.0,9,0,0,0,0.0
138878,0,0.618694245,57,0,1.229841897,5059.0,18,0,2,0,0.0
138879,0,0.008755166,39,0,0.247188203,4000.0,4,0,1,0,2.0
138880,0,0.317829627,55,0,0.430066271,5733.0,14,0,1,0,2.0
138881,0,0.000833321,62,0,0.4088432,8073.0,16,0,3,0,3.0
138882,0,0.168903125,29,0,0.35503717,3900.0,9,0,0,0,4.0
138883,0,0.0,46,0,0.13633952300000002,7539.0,4,0,1,0,5.0
138885,0,0.027080012999999997,64,0,0.469283897,2750.0,10,0,2,0,0.0
138888,0,0.9999998999999999,63,2,0.35407688299999995,5800.0,4,2,1,1,0.0
138889,0,0.41564616,36,0,0.47990401899999996,3333.0,8,0,1,0,0.0
138890,0,0.007596119,71,0,0.041683114,12666.0,8,0,0,0,0.0
138893,0,0.79233759,26,0,0.046649389000000006,2700.0,2,0,0,0,2.0
138894,0,0.023837885,41,1,0.667627607,5896.0,8,0,2,0,0.0
138895,0,0.030293432000000002,46,0,0.275260225,9510.0,4,0,1,0,0.0
138896,0,0.365029993,27,0,0.031498338,6920.0,6,1,0,2,1.0
138897,0,0.128325954,77,0,0.201634877,1100.0,8,0,0,0,0.0
138898,0,0.020567988,75,0,29.0,,7,0,0,0,0.0
138899,0,0.000758568,40,0,0.44431527600000004,4300.0,12,0,2,0,2.0
138901,0,0.0070327459999999994,42,0,0.12109375,3583.0,11,0,0,0,0.0
138902,0,0.19486017100000003,47,0,0.235200545,8800.0,7,0,1,0,3.0
138904,0,0.94369591,50,0,0.30106989300000003,10000.0,12,0,0,0,1.0
138905,0,0.394450694,67,0,4882.0,,6,0,1,0,0.0
138907,0,0.088539015,55,0,4291.0,,19,1,1,0,1.0
138909,0,0.430706343,37,1,0.14229471300000002,5333.0,9,0,0,0,0.0
138911,0,0.189664611,55,0,0.361960784,5099.0,11,0,1,0,1.0
138912,0,0.058182517,71,0,1430.0,,8,0,1,0,0.0
138913,0,0.033179797000000004,76,0,0.008907471,5500.0,7,0,0,0,0.0
138914,0,0.017924967,35,0,826.0,,12,0,0,0,0.0
138915,0,0.6167790360000001,53,0,0.99705917,8500.0,25,0,2,0,3.0
138916,0,0.64283427,72,0,0.533942559,5361.0,10,0,1,0,0.0
138917,0,0.064831172,66,0,0.008805222,6586.0,2,0,0,0,0.0
138919,0,0.46110762,71,0,1.011625203,4300.0,12,0,1,0,0.0
138921,0,0.092282418,73,0,0.260517175,2590.0,6,0,1,0,0.0
138924,0,0.535823209,44,0,0.24119122899999998,9166.0,2,0,0,0,0.0
138925,0,0.043847402,78,1,0.053151261,4759.0,7,0,0,0,0.0
138926,0,0.9999998999999999,55,3,0.12452543699999999,3950.0,4,1,0,0,0.0
138927,0,0.563548429,39,1,1.717501585,3153.0,13,0,3,0,2.0
138929,0,0.061787642000000004,26,0,0.363636364,1000.0,2,0,0,0,0.0
138930,0,0.075127813,40,0,0.384159394,12145.0,7,0,1,0,2.0
138931,0,0.0,54,0,2660.0,,6,0,1,0,3.0
138932,0,0.048961994,50,0,0.262081991,9000.0,8,0,1,0,0.0
138933,0,0.026386744,75,0,30.0,,8,0,0,0,0.0
138934,0,0.773516895,60,0,0.692982456,7067.0,13,0,2,0,0.0
138935,0,0.012499805,78,0,0.023317788,1500.0,8,0,0,0,0.0
138936,0,0.36773279999999997,46,0,0.574724885,8450.0,12,0,2,0,3.0
138937,0,0.055322504,81,0,105.0,,8,0,0,0,0.0
138938,0,0.006049838,87,0,0.21116800800000002,4100.0,12,0,1,0,0.0
138940,0,1.028269154,56,0,0.480224827,14588.0,10,0,2,0,2.0
138941,0,0.208643484,45,0,1941.0,,4,0,1,0,0.0
138942,0,0.011713082,72,0,0.040872445,16000.0,9,0,1,0,0.0
138943,0,0.8946654,49,0,0.390801314,7000.0,14,1,1,0,1.0
138944,0,0.9999998999999999,42,0,2818.0,,6,0,2,0,0.0
138948,1,0.15791585800000002,68,3,0.420526423,4900.0,12,0,2,0,1.0
138949,0,0.74381942,56,0,3.8420569330000003,9800.0,11,0,1,0,0.0
138950,0,0.373817688,51,1,0.48633637,4500.0,9,0,1,0,2.0
138954,0,0.026006164,59,0,3105.0,,7,0,1,0,0.0
138955,0,0.085169151,76,0,0.013197361000000001,5000.0,3,0,0,0,0.0
138956,0,0.044518647,67,0,0.261043447,5500.0,23,0,1,0,0.0
138957,0,0.020614988,64,0,0.596616035,5200.0,10,0,1,0,1.0
138958,0,0.030740849,47,0,0.354431929,8167.0,7,0,2,0,1.0
138959,0,0.050913528,45,0,0.278672133,10000.0,10,0,1,0,2.0
138962,0,0.959671148,40,1,0.6731089640000001,3000.0,8,2,1,0,1.0
138963,0,0.623437656,47,0,0.171457136,4000.0,9,0,0,0,0.0
138964,0,0.242150295,76,0,0.830939227,2714.0,21,0,1,0,0.0
138966,0,0.008473858,24,0,0.0011757789999999998,1700.0,3,0,0,0,0.0
138967,0,0.14112207599999999,44,1,0.38688897299999997,7916.0,9,0,2,0,3.0
138968,0,0.6634634110000001,53,0,2004.0,,7,0,0,0,0.0
138969,0,0.05399280099999999,56,0,0.002033554,5900.0,4,0,0,0,4.0
138971,0,0.179620035,53,0,0.124233983,3589.0,2,0,0,0,3.0
138972,0,0.041562565,74,1,99.0,0.0,12,0,0,0,0.0
138973,0,0.188878236,57,0,0.194126224,4800.0,6,0,1,0,0.0
138974,0,0.027325493,64,0,37.0,0.0,7,0,0,0,0.0
138976,0,0.028230847000000003,49,0,0.47221111600000004,2500.0,7,0,1,0,0.0
138977,0,0.9973585620000001,32,0,0.576167684,6058.0,9,0,2,0,0.0
138980,0,0.186602871,37,0,0.19555811899999997,10400.0,9,1,1,0,0.0
138981,0,0.016721301,36,0,0.002946748,4750.0,4,0,0,0,0.0
138982,0,0.089820359,38,0,0.310951239,1250.0,4,0,0,0,1.0
138983,0,0.0070220659999999996,56,0,207.0,,5,0,0,0,0.0
138984,0,0.262256403,73,0,1753.0,,17,0,1,0,0.0
138985,0,0.0,49,0,0.127226956,5163.0,5,0,0,0,0.0
138986,0,0.0,45,0,1879.0,,11,0,2,0,0.0
138987,0,0.11503597300000001,62,0,0.34550908799999996,11333.0,9,0,3,0,1.0
138988,0,0.006440249,95,0,0.0029994,3333.0,6,0,0,0,1.0
138989,0,0.0,66,0,366.0,,9,0,0,0,0.0
138990,0,0.6424650829999999,32,0,0.148518473,8200.0,11,0,0,0,0.0
138991,0,0.021691751000000002,57,0,2078.0,,4,0,1,0,0.0
138992,0,0.066192933,58,0,3554.0,,11,0,4,0,0.0
138993,0,0.0,68,0,0.21644588899999997,4000.0,6,0,1,0,0.0
138996,0,0.045955490999999994,34,0,0.33329018899999996,7725.0,7,0,1,0,0.0
138997,0,0.033026684,61,0,2645.0,,4,0,2,0,0.0
138998,0,0.082939837,76,0,0.205079492,10000.0,5,0,1,0,0.0
138999,1,0.416352822,48,0,0.787070976,3000.0,14,0,1,0,2.0
139000,0,0.057777102000000004,85,0,0.180157662,5200.0,14,0,1,0,0.0
139001,0,0.44611846299999997,49,1,0.16375345,25000.0,7,0,1,0,2.0
139002,0,0.010249767,89,0,13.0,,2,0,0,0,0.0
139006,0,0.117039407,83,0,0.045433894,2200.0,4,0,0,0,0.0
139007,0,0.359598301,42,0,0.579290558,3833.0,10,0,1,0,0.0
139011,0,0.6036226370000001,75,0,0.537066133,7000.0,12,0,1,0,0.0
139012,0,0.00540195,61,0,0.072954164,8333.0,7,0,0,0,0.0
139013,0,0.394596302,63,0,0.61311054,8557.0,16,0,1,0,0.0
139014,0,0.6759196129999999,57,0,0.183264887,15583.0,7,0,1,0,2.0
139015,1,0.065893411,34,0,4127.0,,5,0,3,0,0.0
139016,0,0.079136027,33,0,3553.0,,7,0,2,0,0.0
139017,0,0.322875071,54,0,0.511664075,4500.0,10,0,2,0,0.0
139018,0,0.791803398,64,0,0.412674604,10666.0,23,0,2,0,0.0
139019,1,0.955780416,50,1,0.19321472899999997,7250.0,16,0,0,0,0.0
139020,0,0.236721977,31,0,0.40086637799999997,3000.0,3,0,1,0,0.0
139023,0,0.721462395,73,0,0.23798995,9949.0,8,0,2,0,1.0
139024,0,0.020875411,64,0,0.017408771,2986.0,11,0,0,0,1.0
139028,0,0.045120117,30,0,0.043037623,7202.0,3,0,1,0,0.0
139029,0,0.024537465,66,0,0.219134828,9500.0,9,0,1,0,1.0
139032,0,0.029877496,50,0,2953.0,,18,0,3,0,0.0
139033,0,0.000428541,45,0,0.982623185,4200.0,7,0,4,0,0.0
139034,0,0.269031781,63,0,0.303608896,4765.0,8,0,1,0,0.0
139035,0,0.032202415,43,0,0.38486151399999996,10000.0,16,0,2,0,3.0
139036,0,0.23863199300000001,46,0,0.296088406,5700.0,8,0,1,0,0.0
139037,1,0.739417372,47,0,0.308138372,5000.0,5,0,1,0,1.0
139038,0,0.193098651,69,0,0.402775101,5188.0,7,0,2,0,0.0
139040,1,0.988023952,38,1,0.7292768959999999,2267.0,4,2,1,2,0.0
139041,0,0.062820892,51,0,2094.0,,6,0,3,0,0.0
139042,0,0.442874445,42,0,0.9456072520000001,7500.0,7,0,2,0,3.0
139043,0,0.014038665,56,0,0.298036381,8300.0,4,0,1,0,0.0
139044,0,0.78962805,34,1,0.862112112,3995.0,10,0,1,0,2.0
139046,0,1.1000425759999999,43,0,0.875308787,8500.0,23,0,2,0,2.0
139048,0,0.427863237,69,0,1133.0,0.0,8,0,1,0,0.0
139049,0,0.033398664,63,0,28.0,,9,0,0,0,0.0
139050,0,0.9118382190000001,41,0,0.157536985,2500.0,3,0,0,0,2.0
139052,0,0.560952529,46,0,0.422724724,5350.0,12,0,1,0,1.0
139053,1,0.058503506,34,0,0.533938172,2975.0,13,0,1,0,2.0
139054,1,0.8858327979999999,38,0,1.391217565,500.0,9,0,0,0,2.0
139055,1,0.6067864270000001,72,2,0.22381172100000002,4333.0,3,2,0,0,2.0
139057,0,0.0,34,0,4388.0,,17,0,3,0,0.0
139059,0,0.114711668,46,0,0.365878041,3000.0,8,0,0,0,1.0
139061,0,0.0,35,0,0.40975902399999997,10000.0,5,0,1,0,1.0
139063,0,0.999836815,23,1,188.0,,2,0,0,0,2.0
139065,0,0.018956521,53,0,89.0,,21,0,0,0,0.0
139066,0,0.503862861,36,1,0.39402634700000005,7666.0,8,0,1,0,0.0
139067,0,0.009069576,48,0,0.501743781,4300.0,6,0,1,0,2.0
139070,0,0.28642349899999997,45,0,0.159691473,7000.0,5,0,1,0,0.0
139071,0,0.9999998999999999,65,0,0.88216728,1900.0,4,0,2,0,0.0
139072,0,0.036211297,33,0,0.319868214,6980.0,8,0,2,0,0.0
139073,0,0.095458758,55,0,1399.0,,3,0,1,0,0.0
139074,0,0.068841814,79,0,0.071741032,8000.0,11,0,1,0,1.0
139077,0,0.095498173,44,1,5756.0,,12,0,3,0,1.0
139078,0,0.9999998999999999,23,0,0.010962241000000001,820.0,1,0,0,0,0.0
139079,0,0.214354734,83,0,1004.0,,13,0,1,0,0.0
139080,0,0.0,66,0,0.895618936,3400.0,7,0,3,0,0.0
139081,0,0.0046763329999999995,78,0,1471.0,,4,0,1,0,0.0
139082,0,0.8994648940000001,54,3,0.7595936790000001,5315.0,5,0,1,0,0.0
139084,0,0.6026794639999999,44,0,0.060286800999999994,3416.0,3,0,0,0,0.0
139085,0,0.5437624010000001,46,0,1.267193865,4172.0,15,0,4,0,3.0
139089,0,0.030665937,35,0,0.314013841,4623.0,6,0,1,0,0.0
139091,0,0.847159235,31,0,1680.0,,11,0,0,0,2.0
139092,0,0.769004915,53,3,0.435478904,6493.0,16,0,1,0,2.0
139093,0,0.02215552,62,0,0.31596674,9500.0,6,0,2,0,1.0
139094,0,0.514389608,44,2,28.632286999999998,12487.0,9,0,1,1,3.0
139095,0,0.033807914,90,0,0.18734388,1200.0,9,0,0,0,0.0
139096,0,0.018787309,57,0,0.259003082,13300.0,10,0,1,0,0.0
139097,1,0.972055888,27,1,0.065611331,4800.0,8,0,0,0,0.0
139098,0,0.431769936,53,0,0.7156412609999999,3266.0,9,0,1,0,0.0
139099,0,0.07455107700000001,42,0,1462.0,,8,0,2,0,0.0
139101,0,0.043562501,53,0,1.31187525,2500.0,28,0,3,0,1.0
139102,0,0.426643339,38,0,0.231884058,2000.0,3,0,0,0,0.0
139103,0,0.0,58,0,3.555650685,1167.0,12,0,2,0,0.0
139104,0,0.498585044,52,0,0.701621862,4500.0,8,0,2,0,2.0
139106,0,0.122774465,53,2,0.157994734,30000.0,15,0,1,0,0.0
139110,0,0.9250597190000001,49,1,0.570794951,2930.0,7,1,1,0,1.0
139111,0,0.015015901000000002,33,0,0.531437458,4500.0,9,0,2,0,1.0
139112,0,0.08524972800000001,34,0,0.627364028,7666.0,11,0,2,0,0.0
139114,0,0.9999998999999999,39,0,0.212433614,3200.0,3,2,0,1,1.0
139115,0,0.007124821999999999,80,1,0.000856898,9335.0,2,0,0,0,0.0
139116,0,0.059393219000000004,42,0,0.116525565,15000.0,5,0,1,0,0.0
139117,0,0.066806739,59,0,1729.0,0.0,12,0,1,0,1.0
139118,0,0.515200148,30,0,0.25581953399999996,8333.0,6,0,1,0,0.0
139119,0,0.536787777,72,0,556.0,,8,0,0,0,0.0
139121,1,0.245455172,56,0,0.725298588,1841.0,10,0,1,0,0.0
139122,0,0.033466171,84,0,0.712995808,3100.0,9,0,2,0,0.0
139124,0,0.9999998999999999,50,1,0.6364019089999999,7125.0,6,0,1,0,0.0
139125,0,0.652014204,51,0,0.538205189,4200.0,12,0,2,0,4.0
139126,0,0.304356521,39,2,0.564013841,2600.0,9,0,0,0,0.0
139127,0,0.125725063,71,0,0.110766504,27083.0,5,0,1,0,1.0
139132,0,0.366131693,62,0,0.537709194,4600.0,13,0,1,0,0.0
139135,0,0.052121742,32,0,664.0,0.0,4,0,0,0,0.0
139137,1,0.7204915829999999,36,0,7041.0,,15,0,4,0,0.0
139138,0,0.083327547,48,0,0.208313334,10416.0,7,0,2,0,2.0
139139,0,0.8241758240000001,45,0,0.130754163,4083.0,6,0,0,0,1.0
139140,0,0.816761452,35,0,0.39951740799999996,2900.0,8,0,0,0,2.0
139141,0,0.0,64,0,0.0,3616.0,8,0,0,0,0.0
139143,0,0.607190925,36,2,2680.0,,8,1,1,1,0.0
139146,0,1.019561277,38,0,0.290966689,10416.0,6,0,1,0,0.0
139147,0,0.0,72,1,0.7753061729999999,4000.0,6,0,2,0,0.0
139149,0,0.45224836799999996,49,0,0.677205429,6483.0,6,0,2,0,1.0
139151,0,0.144171166,44,0,0.15556535800000001,6800.0,4,0,1,0,0.0
139152,0,0.026263158999999998,83,0,0.07965016400000001,6402.0,8,0,0,0,0.0
139155,0,0.83400664,38,0,3723.0,,6,0,2,0,0.0
139156,0,0.976700655,48,1,0.408652972,5500.0,5,0,1,0,1.0
139157,0,0.09753658800000001,34,2,0.220889555,2000.0,8,0,0,0,0.0
139158,0,0.106193681,51,0,0.19875776399999998,7083.0,5,0,1,0,2.0
139159,0,0.016197938000000002,85,0,919.0,,19,0,1,0,0.0
139161,0,0.344826057,79,0,0.555288942,5000.0,9,0,2,0,0.0
139162,1,0.973005399,42,2,0.22494840600000002,4360.0,7,0,0,3,2.0
139163,0,0.9999998999999999,53,1,0.711518434,4800.0,1,0,1,0,0.0
139164,0,0.525477375,53,0,0.525752508,4484.0,12,0,2,0,0.0
139167,0,0.431178681,53,5,0.455860455,4700.0,22,0,2,0,1.0
139168,0,0.026394721,35,0,0.573830077,2200.0,8,0,1,0,0.0
139171,0,0.04702110599999999,76,0,0.451670809,7241.0,8,0,2,0,0.0
139173,0,0.045125425,79,0,1.22565075,5800.0,20,0,0,0,0.0
139175,0,0.045067671,74,0,1373.0,,7,0,1,0,
139179,0,0.05650394,53,0,3491.0,,13,0,3,0,0.0
139180,0,0.018882213999999998,63,0,0.137513234,8500.0,11,0,1,0,0.0
139182,0,0.595469318,47,0,3395.0,,8,0,1,0,3.0
139184,1,0.9270419459999999,58,1,0.444324454,8333.0,12,0,3,0,2.0
139185,0,0.498350055,32,0,0.29422105,4550.0,7,0,0,0,0.0
139186,0,0.044012692,45,0,0.313723856,12000.0,21,0,1,0,0.0
139187,0,0.027292011,62,0,0.039382005,3300.0,9,0,0,0,1.0
139188,0,0.372925206,61,0,890.0,,4,0,0,0,0.0
139191,0,0.0,58,0,2258.0,,5,0,2,0,0.0
139193,0,0.28147511,35,0,0.378012832,5766.0,4,1,1,1,0.0
139194,0,0.57709861,58,0,1.00804721,3727.0,11,0,1,0,0.0
139195,1,0.9999998999999999,32,0,0.135076775,4167.0,3,3,0,0,0.0
139197,0,0.9999998999999999,33,98,0.008055236,3475.0,0,98,0,98,2.0
139199,0,0.53860037,62,0,1514.0,,7,1,1,0,0.0
139202,0,0.337323111,64,0,2316.0,,17,0,3,0,0.0
139203,0,0.042366562999999996,64,0,2046.0,,10,0,1,1,0.0
139204,0,0.0179988,85,0,8.0,,2,0,0,0,0.0
139205,0,0.036194238999999996,46,0,0.0054993130000000005,8000.0,2,0,0,0,2.0
139206,0,0.010550593,34,0,0.244775522,10000.0,11,0,2,0,0.0
139207,0,0.350459023,61,0,0.137498705,9650.0,8,0,0,0,0.0
139209,0,0.119583556,40,0,0.08314952099999999,70270.0,12,0,4,0,1.0
139210,1,0.900637692,61,1,0.602236422,5633.0,8,0,2,1,0.0
139212,0,0.020454081000000002,58,0,0.38561260799999997,3933.0,7,0,1,0,0.0
139213,1,1.274542429,61,1,0.377320765,3500.0,5,0,1,1,0.0
139214,0,0.81774498,70,0,0.663056157,6000.0,17,0,2,0,0.0
139215,0,0.349408281,62,0,0.374392492,11933.0,17,0,1,0,0.0
139216,0,0.17747701600000002,54,0,0.56299496,4166.0,31,0,1,0,2.0
139217,0,0.987842291,48,1,0.182554517,3209.0,3,1,1,0,0.0
139218,0,0.27867087100000004,41,0,0.13163038,22000.0,4,0,1,0,2.0
139219,0,0.0,60,0,745.0,,6,0,1,0,0.0
139220,0,0.0,50,0,0.232403165,2400.0,6,0,0,0,0.0
139222,0,0.9999998999999999,42,0,0.084305232,3000.0,1,0,0,0,1.0
139224,0,0.013132517,68,0,0.155890938,16100.0,8,0,2,0,1.0
139225,0,0.09472376099999999,81,0,3289.0,,17,0,2,0,1.0
139226,1,0.589584001,62,2,0.438641942,7333.0,12,0,1,0,0.0
139227,0,0.565787602,55,0,0.370533855,12006.0,21,0,3,0,0.0
139228,0,0.0,40,0,1923.0,,8,0,2,0,3.0
139229,0,0.039372949,78,0,22.0,,4,0,0,0,0.0
139230,0,0.042053354,47,0,300.0,1.0,4,0,1,0,0.0
139231,0,0.293756449,64,0,0.190610737,4600.0,10,0,0,0,0.0
139233,0,0.009733806999999999,46,0,0.327856747,10833.0,11,0,2,0,1.0
139234,0,0.0,51,0,0.310096154,5407.0,8,1,3,0,0.0
139235,0,0.0,36,0,8.0,,6,0,0,0,0.0
139236,0,0.16264911199999998,69,0,0.297337833,8000.0,12,0,2,0,1.0
139239,0,0.0,60,0,1721.0,,4,0,1,0,0.0
139241,0,0.153924474,79,0,0.230576963,4800.0,9,0,1,0,0.0
139242,0,0.34254020799999996,59,0,0.318844917,13366.0,21,0,2,0,2.0
139243,0,0.055872172000000005,60,0,0.004433544,10600.0,8,0,0,0,0.0
139244,0,0.139986001,75,1,0.117432251,5202.0,6,0,0,0,0.0
139245,0,0.44156685,43,0,3339.0,,9,0,1,0,0.0
139247,0,0.179820504,60,0,0.10744627699999999,2000.0,3,0,0,0,0.0
139249,1,0.7331901759999999,30,1,0.345134875,4151.0,13,0,0,0,0.0
139250,0,0.0,83,0,0.0,,5,0,0,0,
139252,0,0.012343099,56,0,0.367486178,8500.0,11,0,2,0,2.0
139254,0,0.028302631,74,0,42.0,,7,0,0,0,0.0
139255,0,0.7918353490000001,55,0,0.645469696,11400.0,17,0,3,0,3.0
139257,0,0.025765409,63,0,0.21222507899999998,3500.0,11,1,1,0,0.0
139258,0,0.635559933,58,1,0.668191832,5900.0,12,0,1,0,2.0
139259,0,0.882029532,52,3,0.598251154,4116.0,11,0,1,0,0.0
139260,0,0.003964277,70,0,0.001841621,3800.0,7,0,0,0,0.0
139262,0,0.600944661,53,0,0.6878211359999999,7200.0,12,0,1,0,1.0
139263,0,0.10707180699999999,50,0,0.284471553,10000.0,11,0,2,0,4.0
139264,0,0.179847652,37,0,0.029359859,6232.0,3,0,0,0,0.0
139265,0,0.007424017,85,0,0.00155521,4500.0,5,0,0,0,0.0
139266,0,0.060621512,48,0,0.42169578700000004,9328.0,8,0,1,0,0.0
139267,0,0.151550294,46,0,0.309398291,5500.0,14,0,0,0,1.0
139268,0,0.8980236779999999,27,2,0.33699259600000003,7833.0,6,0,1,0,3.0
139273,0,0.7444170390000001,51,2,0.443218515,3715.0,7,0,1,0,0.0
139279,0,0.0,36,1,0.0,8320.0,4,0,0,0,1.0
139282,0,0.9999998999999999,60,0,0.35994715,5297.0,9,0,1,0,1.0
139284,0,0.9999998999999999,48,0,5291.0,,7,0,2,0,
139286,0,0.0,89,0,0.0,,1,0,0,0,
139287,0,0.9999998999999999,22,0,0.0,2500.0,0,0,0,0,0.0
139289,0,0.0,75,1,0.0,,7,0,0,1,0.0
139290,0,0.004011448,44,0,0.402025711,5133.0,9,0,1,0,3.0
139291,0,0.094590972,52,0,0.073311118,3300.0,7,0,0,0,0.0
139293,0,1.297810792,58,0,0.175516977,7833.0,5,0,0,0,0.0
139294,0,0.9999998999999999,45,0,1590.0,,2,0,1,0,0.0
139295,0,0.19774604699999998,41,2,0.04641821,4480.0,6,0,0,0,0.0
139296,0,0.007299854000000001,63,0,0.002288853,4368.0,2,0,0,0,0.0
139297,0,0.328809685,34,0,1113.5,1.0,7,0,2,0,2.0
139298,0,0.193726982,44,0,0.268390548,6728.0,5,0,2,0,2.0
139299,0,0.040623393,59,0,0.838332807,6333.0,26,0,3,0,1.0
139300,0,0.044434771,33,0,0.016780517,6733.0,5,0,0,0,0.0
139302,0,0.0076880559999999995,52,0,4.0,,3,0,0,0,
139303,0,0.022768355,42,1,1505.0,,5,0,1,0,0.0
139305,0,0.081575044,54,1,0.32433337100000004,8962.0,11,0,2,0,1.0
139306,0,0.567597526,49,0,0.661630559,7015.0,18,0,2,0,0.0
139307,1,0.895300276,40,1,0.284821986,1600.0,9,1,0,0,1.0
139308,0,0.644710579,24,1,0.090808109,3600.0,3,0,0,0,2.0
139309,0,0.17174938899999997,28,0,680.0,,13,0,0,0,0.0
139311,0,0.9999998999999999,35,0,35.0,0.0,1,0,0,0,0.0
139312,0,0.348316797,57,0,10171.0,,13,0,3,0,
139313,0,0.013486828000000001,77,0,8.0,,2,0,0,0,0.0
139315,0,0.051077182,77,0,0.08179848299999999,1845.0,11,0,0,0,0.0
139317,0,0.7680179079999999,57,0,0.422370281,14858.0,14,0,2,0,1.0
139318,0,0.040401735,66,0,1710.0,,8,0,1,0,2.0
139319,0,0.44051982700000003,35,1,0.183278224,6350.0,4,1,0,0,1.0
139321,0,0.281909951,58,0,0.23671923600000003,19275.0,17,0,1,0,1.0
139322,0,0.15619676300000002,71,0,3706.0,,9,0,2,0,0.0
139324,0,0.086565844,41,0,0.131912059,1500.0,6,0,0,0,0.0
139326,0,0.975839717,39,0,2710.5,1.0,9,0,1,0,0.0
139327,0,0.18013181,63,0,0.481768459,6581.0,13,0,2,0,1.0
139331,0,0.139437537,45,0,0.811553222,4950.0,11,0,2,0,1.0
139332,0,0.268938677,55,0,7.710482529,600.0,10,0,2,0,0.0
139333,0,0.008516328,46,2,623.0,,14,0,0,0,0.0
139334,0,0.26509879199999997,62,0,0.22426848,15583.0,4,0,2,0,0.0
139335,0,0.9999998999999999,64,0,42.0,,1,0,0,0,0.0
139336,0,0.008501446,48,0,1474.0,,8,0,1,0,0.0
139337,0,0.123505163,46,1,0.229690984,6277.0,9,0,1,0,3.0
139338,0,0.087279756,45,0,0.10875285,5700.0,8,0,0,0,2.0
139339,1,0.71421219,33,1,0.91854073,2000.0,8,0,3,0,0.0
139341,0,0.598510037,41,0,0.12020069800000001,9167.0,2,0,0,0,2.0
139342,0,0.038689332,24,0,0.018726592,800.0,5,0,0,0,0.0
139344,0,0.35246342700000005,47,0,0.5896300529999999,7000.0,8,0,1,0,3.0
139345,0,0.0,21,0,0.0,820.0,2,0,0,0,0.0
139346,1,0.7612326509999999,49,2,873.0,,4,2,0,1,1.0
139348,0,0.241685173,42,0,0.41432321,8000.0,18,0,2,0,2.0
139351,0,0.0,34,0,0.144498453,4525.0,7,0,0,0,1.0
139353,0,0.079483673,66,0,0.148032768,26000.0,13,0,2,0,0.0
139355,1,0.9999998999999999,61,0,0.44177004299999995,5400.0,1,1,1,0,0.0
139357,0,0.260733704,45,0,0.267078916,6791.0,8,0,0,0,1.0
139358,0,0.010038075,80,0,7.0,,1,0,0,0,0.0
139359,0,0.901180282,43,2,0.259096361,2500.0,4,1,0,1,1.0
139361,1,1.0033222590000002,34,0,0.09305760699999999,2030.0,4,1,0,0,1.0
139362,0,0.069936626,70,0,0.421743205,3200.0,7,0,1,0,0.0
139363,0,0.0021659870000000003,70,0,693.0,,4,0,1,0,0.0
139364,0,0.022636532999999997,48,0,0.00264667,6800.0,6,0,0,0,0.0
139365,0,0.0,37,0,0.7286074790000001,4358.0,15,0,1,0,3.0
139366,0,0.051094460999999994,64,0,0.042720999,6085.0,12,0,0,0,0.0
139367,0,0.088589586,48,1,0.195096505,7667.0,10,0,1,0,0.0
139368,0,0.018173093,69,0,0.18648446,12000.0,15,0,3,0,1.0
139369,0,0.9999998999999999,27,0,0.061155914000000006,1487.0,1,0,0,0,0.0
139370,0,0.40529818700000003,32,0,0.43078450799999995,5034.0,5,0,2,0,1.0
139371,0,0.024923605,60,0,0.419058094,10000.0,18,0,2,0,0.0
139373,0,0.39290601,40,0,111.0,,1,0,0,0,0.0
139374,0,0.054621767,58,0,0.11296234599999999,3000.0,9,0,0,0,1.0
139375,0,0.369378492,43,0,0.338510824,10300.0,11,0,3,0,1.0
139377,0,0.029388035,68,0,172.0,,7,0,1,0,0.0
139378,0,0.576443698,38,0,0.281053577,3340.0,3,0,0,0,3.0
139379,0,0.153433863,66,0,0.36337666,7000.0,4,0,1,0,1.0
139380,0,0.0017141460000000002,32,0,399.0,,6,0,0,0,0.0
139381,1,0.827283945,46,0,0.58060245,3020.0,5,0,2,0,3.0
139382,0,0.026800355,61,0,0.057414347000000004,7471.0,10,0,0,0,0.0
139383,0,0.286471353,56,0,85.0,,4,0,0,0,0.0
139384,0,0.038326347000000004,40,1,0.33604888,15220.0,8,0,2,0,0.0
139385,0,0.269342525,56,0,3713.0,,10,0,2,0,0.0
139386,0,0.358891129,40,0,0.306462358,7504.0,7,0,1,0,0.0
139387,1,0.300998573,41,0,775.0,,5,1,0,0,0.0
139388,0,0.133107012,32,0,0.242380261,3444.0,10,0,0,0,0.0
139389,0,0.5858698689999999,68,2,0.38280143299999997,12000.0,10,0,2,0,1.0
139390,0,0.9999998999999999,30,0,0.042789757000000005,5935.0,6,4,0,0,0.0
139393,0,0.8827448370000001,64,0,0.20972257600000002,3928.0,15,0,0,0,0.0
139394,0,0.0,80,0,0.009997144,3500.0,2,0,0,0,0.0
139396,0,0.302873689,86,0,0.43342113,3416.0,10,0,2,0,0.0
139397,0,0.325739296,51,0,0.354708684,5457.0,9,1,1,0,1.0
139398,0,0.091908092,22,0,0.12543728099999998,2000.0,2,0,0,0,0.0
139401,0,0.435486451,44,0,0.05847805,71000.0,13,0,4,0,0.0
139403,0,0.071601261,52,0,0.047771142999999995,7200.0,5,0,0,0,0.0
139404,0,0.9999998999999999,30,0,0.128717821,4000.0,2,0,0,1,0.0
139405,0,0.26367926,42,0,0.117147142,6000.0,8,0,0,0,1.0
139406,0,0.008371189,87,0,19.0,,5,0,0,0,1.0
139407,0,0.664361303,32,0,0.3145917,6722.0,3,0,1,0,1.0
139409,0,0.09476724800000001,28,0,0.25037481300000003,2000.0,5,0,0,0,0.0
139412,0,0.134765775,38,0,0.206074587,2600.0,8,0,1,0,0.0
139413,1,0.12124052800000001,52,0,1628.0,,6,0,1,0,0.0
139414,0,0.01265553,74,0,0.344350234,5778.0,9,0,1,0,0.0
139415,0,0.9999998999999999,46,1,3297.0,,6,0,1,2,0.0
139417,0,0.121097656,27,0,107.0,,2,0,0,0,0.0
139418,0,0.201048027,52,0,0.5819857420000001,5750.0,11,0,2,0,0.0
139420,0,0.576952661,61,0,1.56803995,800.0,7,0,1,0,0.0
139421,0,0.323183575,65,0,0.11248742,12916.0,15,0,1,0,1.0
139422,0,0.9999998999999999,27,0,0.28255945600000004,1765.0,5,0,0,0,0.0
139423,0,0.044991144000000004,66,0,0.233135575,4550.0,12,0,1,0,1.0
139424,1,1.244339731,38,0,0.672734795,7250.0,15,0,4,0,2.0
139425,0,0.0,58,0,0.117647059,2566.0,4,0,0,0,0.0
139426,0,0.034361962999999995,49,0,0.224721604,4489.0,3,0,1,0,4.0
139430,0,0.973253343,44,1,0.8779559659999999,3678.0,6,1,2,0,4.0
139431,0,0.02669927,75,1,0.185925813,6550.0,11,0,1,0,0.0
139432,0,0.645799852,56,0,0.781261711,8004.0,13,0,4,0,0.0
139433,0,0.033595406,48,0,0.168034622,6700.0,18,0,1,0,1.0
139435,0,0.06126588,48,0,1843.0,,7,0,1,0,0.0
139436,0,0.09915213699999999,68,0,0.259352084,10772.0,6,0,1,0,2.0
139437,0,0.775096735,51,0,0.47060924200000004,14000.0,9,0,4,0,1.0
139438,0,0.10434478300000001,43,0,0.413635498,5250.0,6,0,2,0,0.0
139440,0,0.123696615,67,0,37.0,,2,0,0,0,0.0
139441,0,0.449829873,47,1,0.220602613,11250.0,8,0,1,1,4.0
139442,0,0.033997732999999995,54,1,15.0,,3,0,0,0,
139444,0,0.0,30,1,0.210591643,7250.0,11,0,1,0,2.0
139446,0,0.005856976,65,0,0.002172968,2300.0,3,0,0,0,0.0
139447,0,0.01149977,52,0,0.954009198,5000.0,13,0,3,0,0.0
139448,0,0.055216391,64,0,0.108669692,12560.0,9,0,0,0,0.0
139449,0,0.854771262,62,0,0.497651871,6600.0,6,0,0,0,3.0
139450,0,0.011332956000000002,47,0,0.001176332,8500.0,2,0,0,0,1.0
139451,0,0.019345782,71,0,0.062743302,4366.0,7,0,1,0,0.0
139454,0,0.899055292,56,0,0.149741139,7532.0,7,0,1,0,0.0
139455,0,0.395891235,53,0,0.245599417,9600.0,6,0,1,0,3.0
139456,0,0.0,45,0,0.477505356,4200.0,5,0,1,0,2.0
139457,0,0.25840252399999997,45,0,0.509521959,7718.0,16,0,2,0,0.0
139459,0,0.23954180100000003,48,0,0.710130719,3059.0,9,0,1,0,0.0
139460,0,0.026382818,57,0,0.574478528,4074.0,7,0,1,0,4.0
139461,0,0.542794911,30,0,0.198228426,7450.0,6,0,0,0,1.0
139463,0,0.92467922,40,0,0.112197289,4500.0,2,0,0,0,2.0
139464,0,0.140257523,54,0,0.143749235,8166.0,17,0,0,0,3.0
139466,0,0.034201666,57,0,0.083638787,3000.0,8,0,0,0,0.0
139468,0,0.22263998,53,0,0.416233507,2500.0,32,0,1,0,0.0
139469,0,0.026337091,72,0,0.064596511,5216.0,8,0,0,0,0.0
139470,0,0.0,67,0,0.276683463,2182.0,7,0,0,0,1.0
139471,0,0.036144127000000005,70,0,0.27063473600000004,4300.0,16,0,0,0,2.0
139472,0,0.378462154,62,0,0.09396567,5650.0,4,0,0,0,0.0
139474,1,0.08683928,40,0,0.166211915,4397.0,16,0,0,0,0.0
139476,0,0.590264318,34,0,0.33908847200000003,9324.0,12,0,2,0,1.0
139477,0,0.085111702,64,0,0.164786325,8774.0,9,0,2,0,0.0
139478,0,0.27926638,48,0,2378.0,,5,0,1,0,2.0
139481,0,0.332981619,56,1,0.534974669,11250.0,16,0,2,0,2.0
139482,0,0.046443707,60,0,1.261583578,1704.0,10,0,1,0,0.0
139483,0,1.025365104,41,0,0.031994668,6000.0,8,0,0,0,4.0
139484,0,0.0,59,0,0.0,,4,0,0,0,
139485,0,0.717113083,52,0,0.415425356,12083.0,14,0,2,0,0.0
139488,0,0.04117537,46,0,0.391725768,4229.0,6,0,1,0,0.0
139489,0,0.5373720470000001,75,0,0.494950505,10000.0,18,0,2,0,0.0
139490,0,0.950381202,28,0,0.404106935,2580.0,6,0,0,0,1.0
139491,1,0.5433311279999999,49,7,0.386156648,8783.0,17,1,2,1,1.0
139492,0,0.33524067399999996,50,0,0.571749796,4891.0,11,0,1,0,2.0
139493,0,0.0,32,0,0.290451591,6000.0,8,0,1,0,2.0
139494,1,0.888238522,50,1,0.200285685,9800.0,15,0,1,1,0.0
139496,0,0.102099964,48,0,0.39626300000000003,5672.0,11,0,1,0,0.0
139501,0,0.40103238399999996,46,0,587.0,,6,0,0,0,0.0
139504,0,0.24332956100000003,56,0,0.141458794,9500.0,8,0,0,0,2.0
139506,0,0.0,27,0,0.0,,2,0,0,0,0.0
139507,0,0.68672431,42,2,1218.0,,5,0,2,1,0.0
139508,0,1.021131561,31,0,0.069482629,4000.0,2,2,0,0,3.0
139509,0,0.062595827,33,0,1.945695364,2264.0,5,0,2,0,0.0
139510,0,0.06663306299999999,50,0,0.286242121,4600.0,14,0,1,0,3.0
139516,0,0.021229136000000003,84,0,0.109103354,7304.0,7,0,1,0,1.0
139517,0,0.623188406,25,0,0.28085957,2000.0,10,0,0,0,0.0
139518,0,0.017999506999999998,60,0,427.0,,7,0,1,0,
139519,0,0.220592006,41,0,0.301325273,4300.0,16,0,0,0,1.0
139520,0,0.889936884,33,1,0.33189076300000003,6700.0,12,1,2,0,0.0
139522,0,0.015346626,57,0,0.330357143,7167.0,6,0,1,0,0.0
139523,0,0.9999998999999999,33,1,0.014029906000000002,5416.0,0,0,0,1,3.0
139524,0,0.028762463,63,0,84.0,,12,0,0,0,0.0
139525,0,0.423992,42,0,1657.0,0.0,6,0,0,0,0.0
139526,0,0.9765152290000001,70,0,0.27911275399999996,2704.0,6,0,0,0,0.0
139527,0,0.19116988899999998,50,0,0.800841515,6416.0,14,0,4,0,0.0
139528,0,0.530148008,37,0,0.200149995,10666.0,15,0,2,0,1.0
139529,0,0.015523513999999999,70,0,0.007997334,3000.0,5,0,0,0,0.0
139530,0,0.0,78,0,0.430701457,2950.0,8,0,1,0,0.0
139531,0,0.39190012700000004,53,0,0.520384255,8535.0,11,0,2,0,0.0
139532,0,0.436723628,64,0,0.36745431100000003,10833.0,12,0,2,0,0.0
139533,0,0.56590111,63,0,0.8305559259999999,7500.0,22,0,2,0,0.0
139534,0,0.07638320900000001,50,0,0.599340687,7886.0,13,0,2,0,2.0
139535,0,0.041404388,73,0,88.0,0.0,3,0,0,0,2.0
139536,0,0.052669919,36,0,0.49871966799999995,8200.0,7,0,3,0,2.0
139537,0,0.9999998999999999,24,0,0.05376096,4333.0,4,0,0,0,0.0
139539,0,0.9999998999999999,28,2,0.19575898600000002,3866.0,2,1,0,0,1.0
139541,1,0.9009093229999999,46,0,0.40682825100000003,7673.0,13,0,2,0,2.0
139542,0,0.812319694,50,0,0.49614395899999997,3500.0,4,1,1,0,1.0
139544,0,0.008412860999999999,91,0,0.00157098,7001.0,6,0,0,0,0.0
139545,0,0.176584656,54,2,0.31435897399999996,9749.0,9,0,2,0,0.0
139546,0,0.539401317,65,0,0.37725306399999997,11095.0,5,0,2,0,0.0
139547,0,0.9999998999999999,44,0,0.08201709900000001,6900.0,2,0,0,0,0.0
139548,0,0.050756918,29,0,0.192685625,15366.0,16,0,1,0,0.0
139550,0,0.8606580220000001,56,0,0.22736052699999998,8800.0,4,0,0,0,1.0
139551,0,0.0,64,0,0.381597291,5020.0,12,0,2,0,0.0
139552,0,0.08925846,29,0,0.019992003,2500.0,3,0,0,0,1.0
139553,0,0.18255964800000002,57,0,0.41625226,8847.0,15,0,2,0,1.0
139554,0,0.148962604,37,0,0.587686912,10833.0,16,0,3,0,2.0
139555,0,0.214783821,31,0,0.092882515,7600.0,8,0,0,0,0.0
139557,0,0.9999998999999999,48,0,0.024991668999999998,3000.0,0,0,0,0,2.0
139558,0,0.072902395,47,0,0.014273083,7916.0,10,0,0,0,2.0
139559,0,0.9681946140000001,48,0,0.143758708,12200.0,9,0,0,0,0.0
139561,0,0.059267745999999996,61,0,0.263122813,6000.0,4,0,1,0,0.0
139562,0,0.057552281,63,0,88.0,,3,0,0,0,0.0
139563,0,0.9999998999999999,53,0,0.0,,1,0,0,0,0.0
139564,0,0.053837683,48,0,0.31725462,8333.0,7,0,1,0,3.0
139565,0,0.07639059599999999,49,0,0.5668534829999999,1248.0,39,0,0,0,1.0
139566,0,0.693070168,37,0,0.27038435899999996,4500.0,11,0,0,0,0.0
139567,0,0.7193428279999999,51,0,0.470899471,1700.0,11,0,0,0,0.0
139568,0,0.210357928,65,1,0.150326175,21000.0,4,0,2,0,1.0
139570,0,0.553547765,26,1,0.234815618,3687.0,8,0,0,1,0.0
139571,0,0.9999998999999999,62,0,0.0,,1,0,0,0,0.0
139574,0,0.09420746199999999,62,0,0.093453273,2000.0,5,0,0,0,0.0
139577,0,0.0,55,0,0.0,1400.0,5,0,0,0,0.0
139578,0,0.9999998999999999,51,0,0.520699891,6400.0,4,0,1,0,0.0
139579,0,0.560468786,60,0,0.521456235,6454.0,15,0,1,0,1.0
139580,0,0.0,64,0,0.0,1500.0,2,0,0,0,0.0
139581,0,0.921797005,56,0,0.590704648,1333.0,3,0,0,0,1.0
139582,0,0.2740121,37,0,0.547296075,5528.0,9,0,2,0,2.0
139583,1,0.9999998999999999,28,0,0.0,,1,1,0,0,0.0
139584,0,0.0,26,0,0.279304543,1782.0,5,0,0,0,0.0
139585,0,0.805812338,26,0,0.292048193,2074.0,7,0,0,0,1.0
139587,0,0.205513095,41,0,0.384902323,26003.0,18,0,5,0,3.0
139588,0,0.15235322099999998,57,0,0.48019802,7271.0,14,0,2,0,1.0
139589,0,0.108340638,73,2,0.61535029,4481.0,17,0,2,0,0.0
139592,0,0.067670167,58,0,0.158514816,2800.0,8,0,1,0,0.0
139594,0,0.99094607,64,1,0.7430428259999999,6000.0,14,0,2,0,4.0
139595,0,0.023950397999999998,45,0,908.5,1.0,12,0,2,0,2.0
139596,0,0.9999998999999999,27,0,0.0,,0,0,0,0,0.0
139597,1,0.969225082,52,0,0.662175168,3116.0,17,0,2,0,0.0
139598,0,0.0045798029999999995,50,0,0.131676664,3500.0,7,0,0,0,0.0
139600,0,0.008912539,50,0,0.164392679,3004.0,10,0,1,0,2.0
139601,0,0.71120017,59,0,0.291733936,6193.0,11,0,0,1,1.0
139602,0,0.08570691300000001,67,1,0.640924956,4583.0,5,0,2,0,0.0
139603,0,0.020967658,87,0,0.013808976,2606.0,8,0,0,0,0.0
139605,0,0.085201007,65,0,0.356352665,2982.0,11,0,2,0,0.0
139606,0,0.007679846,64,0,0.055973611,9700.0,10,0,0,0,1.0
139608,0,0.0,28,0,0.063385398,5505.0,6,0,0,0,1.0
139610,0,0.801696713,30,0,0.378854626,2950.0,7,0,1,0,1.0
139611,0,0.023477775,61,0,33.0,,5,0,0,0,0.0
139612,0,0.094197415,58,1,1371.0,,11,0,1,0,1.0
139613,0,0.276549163,47,0,0.468112245,3135.0,9,0,0,0,1.0
139614,0,0.080506735,42,0,0.260623845,9200.0,9,0,2,0,2.0
139615,0,0.041317906,69,0,0.006559475,12500.0,9,0,0,0,0.0
139617,0,0.111725885,43,0,0.75684854,17667.0,10,0,4,0,0.0
139618,0,0.023116282999999998,63,0,0.225976213,9500.0,12,0,2,0,0.0
139620,0,0.602831048,67,0,11515.0,,18,0,11,0,3.0
139621,0,0.622550376,54,0,0.432174203,9000.0,15,0,2,0,1.0
139622,0,0.38905966399999997,59,0,0.618587117,6100.0,12,0,1,0,1.0
139623,0,0.5952040160000001,34,0,0.23775797699999998,13130.0,7,0,0,0,2.0
139624,0,0.312825741,76,0,0.238811655,5250.0,15,0,1,0,0.0
139626,0,0.9866026790000001,33,1,0.563518917,3250.0,5,1,1,0,0.0
139627,0,0.345929738,68,0,1784.0,,8,0,1,0,0.0
139628,0,0.08378653400000001,72,0,1.295400836,5500.0,11,0,3,0,0.0
139629,1,0.5970753289999999,64,0,0.731403568,8912.0,17,0,5,0,1.0
139630,0,0.386507179,39,0,0.364940239,10039.0,5,0,2,0,2.0
139631,0,0.0,70,0,14.0,,10,0,0,0,0.0
139632,0,0.11046142099999999,53,0,0.282295539,4303.0,4,0,1,0,2.0
139634,0,0.69257851,47,0,0.973316118,4646.0,7,0,3,0,2.0
139638,0,0.0,68,0,0.0,,5,0,0,0,0.0
139640,0,0.966787409,30,0,0.268198562,5700.0,8,0,0,0,1.0
139641,0,0.34182423100000003,50,0,0.442001181,6775.0,13,0,2,0,1.0
139642,0,0.042153462999999995,38,0,0.064581458,4443.0,4,0,0,0,0.0
139644,0,0.032186441,36,0,0.52283214,6284.0,10,0,1,0,0.0
139646,0,0.0031874000000000004,81,0,1890.0,,8,0,2,0,0.0
139647,0,0.253462995,34,0,0.660067986,5000.0,8,0,1,0,2.0
139648,0,0.145548205,68,0,0.211653813,3500.0,4,0,0,0,0.0
139649,0,0.468973075,50,1,0.38772991,8100.0,11,0,1,0,1.0
139650,0,0.8223552890000001,61,1,0.148712268,3610.0,3,3,0,0,0.0
139651,0,0.919116532,53,1,0.400305846,8500.0,13,0,1,0,0.0
139652,0,0.004737580999999999,60,0,0.002285061,3500.0,8,0,0,0,0.0
139653,0,0.9999998999999999,26,0,0.706521739,735.0,3,0,0,0,0.0
139654,0,0.001288593,53,0,3734.0,,15,0,1,0,
139655,0,0.461909653,49,1,0.358234538,7000.0,16,0,1,0,1.0
139656,0,0.46076299299999995,64,1,0.266792142,8500.0,7,0,1,0,1.0
139659,1,0.860416229,36,2,0.407269723,2420.0,9,0,1,2,1.0
139660,0,0.0061776669999999995,83,0,0.116348449,1675.0,4,0,0,0,0.0
139661,0,0.05269605,58,0,0.24840292600000002,10800.0,12,0,2,0,0.0
139663,0,0.011748531000000001,43,0,0.437080795,16250.0,14,0,3,0,1.0
139664,0,0.307042879,30,0,41.0,,2,0,0,0,1.0
139667,0,0.013535442,53,0,614.0,,6,0,2,0,
139668,0,0.693694678,43,0,0.386394933,3630.0,5,0,1,0,3.0
139669,0,0.63451382,32,0,0.202227935,3500.0,5,0,0,0,0.0
139671,0,0.9999998999999999,48,0,1850.0,,1,0,1,0,0.0
139674,0,0.09816056199999999,53,0,238.0,,5,0,0,0,0.0
139675,1,0.30248696199999997,48,0,0.310083123,8300.0,9,0,2,0,1.0
139677,0,0.865132916,44,1,0.39665083700000003,4000.0,3,0,1,0,3.0
139679,0,0.044830795,44,0,3850.0,,7,0,2,0,0.0
139680,0,0.224107883,51,0,0.549655632,4500.0,31,0,3,0,0.0
139681,0,0.585885439,59,0,0.316387749,3166.0,19,0,0,0,1.0
139682,0,0.037898105,59,0,0.0069073780000000005,3184.0,1,0,0,0,0.0
139683,0,0.847967329,35,0,17.17821782,100.0,8,0,0,0,0.0
139684,0,0.066643547,32,0,0.36794240200000006,7916.0,7,0,1,0,1.0
139685,0,0.12667404699999998,52,0,0.058277389000000006,7000.0,5,0,1,0,2.0
139687,0,0.00290307,57,0,487.0,,7,2,1,0,2.0
139688,0,0.553111722,46,1,0.008460454000000001,7800.0,1,0,0,0,0.0
139689,0,0.781459791,55,0,0.077640534,11900.0,3,0,1,0,2.0
139690,0,0.000763609,89,0,1.0,,5,0,0,0,0.0
139691,0,0.140745054,49,0,0.285867238,8405.0,10,0,2,0,0.0
139692,0,0.04585237,72,0,0.103233974,8688.0,9,0,0,0,0.0
139693,0,0.632132551,59,0,0.6692785729999999,3700.0,13,0,1,0,0.0
139694,0,0.04229577,32,0,0.23772980300000002,11857.0,9,0,2,0,0.0
139695,0,0.022116298,42,0,0.006977992,5588.0,4,0,0,0,1.0
139696,0,0.031669031,49,0,1.188663746,3651.0,10,0,3,0,0.0
139697,0,0.012537002,68,0,0.00129987,10000.0,8,0,0,0,1.0
139698,0,0.42673694700000003,30,0,0.647851187,4676.0,6,0,1,0,1.0
139699,1,0.9999998999999999,49,0,0.200023998,8333.0,1,2,1,1,0.0
139701,0,0.699264563,51,0,0.576125916,6416.0,9,0,2,0,2.0
139702,0,0.531996036,39,0,0.5011917370000001,7551.0,7,0,2,0,2.0
139703,0,0.002173724,79,0,0.0,3500.0,3,0,0,0,0.0
139704,0,0.26993199100000004,63,1,1.276536052,10692.0,27,0,11,0,2.0
139705,0,0.035748527999999995,29,0,0.547861507,5400.0,10,0,2,0,0.0
139706,0,0.21084323300000002,64,0,5598.0,,20,0,1,0,5.0
139707,0,0.138058186,56,0,0.036964436,3570.0,5,0,0,0,1.0
139708,0,0.016649195,57,0,592.0,,10,0,1,0,0.0
139709,0,8710.0,36,0,0.442809151,6250.0,4,0,1,0,2.0
139710,0,0.0,44,0,0.0,9500.0,6,0,0,0,1.0
139711,0,0.083268032,34,0,0.325904442,6550.0,8,0,1,0,0.0
139712,0,1.011465138,57,0,1196.0,,11,0,0,0,0.0
139713,0,0.006590537,44,0,0.403354469,4888.0,8,0,1,0,3.0
139714,0,0.01919904,68,0,11.0,,1,0,0,0,0.0
139715,1,0.9999998999999999,46,0,0.7167019029999999,1891.0,3,3,1,0,1.0
139716,0,0.050099999000000006,77,0,104.0,,8,0,0,0,0.0
139718,0,0.032406897000000004,53,0,0.29541022899999997,13333.0,9,0,1,0,0.0
139719,0,0.0,46,0,2193.0,,6,0,1,0,0.0
139720,0,0.618316399,67,0,0.48063988399999996,5500.0,7,0,1,0,1.0
139721,0,0.053134491,63,0,2164.0,,10,0,2,0,1.0
139723,0,0.140050351,56,0,0.008206755,58000.0,5,0,0,0,5.0
139724,0,0.773216907,50,0,0.677205783,7400.0,16,0,1,4,0.0
139725,1,0.716042799,51,1,0.64846629,19266.0,10,0,6,0,0.0
139726,0,0.321512584,50,0,0.554343488,7516.0,17,0,1,0,2.0
139727,0,0.101176982,26,0,0.10523622699999999,5862.0,5,0,0,0,0.0
139728,0,0.0,57,0,2156.0,,5,0,1,0,0.0
139731,0,0.215573398,37,0,0.475221701,1916.0,2,0,1,0,2.0
139732,0,0.068867704,61,0,0.438532941,8833.0,17,0,1,0,0.0
139733,0,0.6434627070000001,69,1,0.543542816,16500.0,35,0,4,0,0.0
139734,0,0.010509922,62,0,0.008497876,4000.0,5,0,0,0,0.0
139735,0,0.132519574,65,0,0.329881657,6083.0,14,0,1,0,0.0
139737,1,0.9999998999999999,44,1,0.530616467,4833.0,10,0,1,0,0.0
139738,0,0.19833920300000002,46,0,1750.0,,7,0,1,0,0.0
139739,0,0.251445868,51,0,0.264887064,11200.0,5,0,2,0,4.0
139741,0,0.01246058,26,0,4.0,,3,0,0,0,
139742,0,0.561443856,41,0,0.422593034,7550.0,12,0,3,0,3.0
139745,0,1.032793441,32,0,0.361325336,3500.0,6,0,2,0,0.0
139746,0,0.270441497,42,0,0.65937875,7500.0,12,0,2,1,0.0
139748,1,0.838923929,61,2,0.69924357,6609.0,10,0,2,1,1.0
139750,0,0.617135699,52,0,1090.0,,9,0,1,0,0.0
139751,0,0.08729127099999999,62,0,27.0,,4,0,0,0,0.0
139752,0,0.021195761,49,0,0.347952273,3100.0,4,0,0,0,1.0
139754,0,0.027241515,79,0,0.019536573999999998,2200.0,5,0,0,0,0.0
139756,0,0.063991729,46,0,0.274021935,6108.0,9,0,1,0,0.0
139757,0,0.011772744,52,0,0.28380968300000003,12000.0,12,0,1,0,1.0
139758,0,0.013047985,61,0,0.737719298,4559.0,2,0,1,0,1.0
139759,0,0.704020412,31,0,0.298356875,3468.0,5,0,0,0,0.0
139761,0,0.589140781,53,0,0.40374841200000006,12591.0,24,0,1,0,0.0
139762,0,0.029040528,66,1,0.22212112,9890.0,6,0,1,0,0.0
139764,0,0.163371307,39,1,0.507319414,4166.0,17,0,1,0,2.0
139765,0,0.17979101,32,0,12656.0,,7,0,4,0,0.0
139766,0,0.9999998999999999,21,0,0.070743405,833.0,0,0,0,0,0.0
139768,0,0.357191727,29,1,0.131552635,7000.0,5,0,0,0,2.0
139769,1,0.91040823,56,3,0.18093084199999998,8400.0,11,0,0,0,1.0
139770,0,0.121798321,56,0,0.27364694,3953.0,4,0,0,0,1.0
139771,0,0.023421879,32,1,0.47669233899999996,7400.0,7,0,3,0,0.0
139773,0,0.38072841,54,4,0.302687963,7700.0,10,0,1,0,0.0
139776,0,0.9999998999999999,45,0,17.0,,5,0,0,0,0.0
139777,0,0.9999998999999999,24,0,0.28479262699999996,1084.0,2,0,0,0,0.0
139779,0,0.146929433,63,0,271.0,,6,0,0,0,0.0
139782,0,0.08711252300000001,43,0,0.356115601,7300.0,3,0,1,0,1.0
139784,0,0.00029999299999999997,42,0,0.5004165970000001,6000.0,13,0,2,0,2.0
139785,0,0.994964466,62,0,0.351827154,3748.0,4,0,0,0,1.0
139786,0,0.569904625,38,0,0.475752425,10000.0,20,0,1,0,2.0
139787,0,0.918163673,42,0,0.003816794,3405.0,1,0,0,0,1.0
139788,0,1.107784431,43,0,0.093270008,9895.0,6,0,0,0,3.0
139789,0,0.9999998999999999,27,0,0.385620915,2600.0,4,0,0,0,1.0
139791,1,0.9999998999999999,23,0,0.0,0.0,1,0,0,0,0.0
139792,0,0.476273344,48,0,0.436073059,5693.0,8,0,1,0,2.0
139798,0,0.0,56,0,30.0,,4,0,0,0,
139800,0,0.9999998999999999,53,0,0.0,4200.0,0,0,0,0,2.0
139801,0,0.9999998999999999,40,1,0.0,4000.0,3,0,0,0,2.0
139803,0,0.9999998999999999,64,0,395.0,,1,0,0,1,0.0
139804,0,0.13047334900000002,36,0,0.331615753,2716.0,5,0,1,0,1.0
139805,0,0.403893404,39,0,0.419188464,19000.0,15,0,2,0,2.0
139806,0,0.001999833,52,0,0.0,8000.0,5,0,0,0,0.0
139807,0,0.00470471,79,0,0.079120251,3500.0,12,0,0,0,0.0
139809,1,0.9135971279999999,42,1,15191.0,,18,0,7,0,0.0
139810,0,0.6914317459999999,34,0,0.770016565,7243.0,12,0,4,1,1.0
139811,0,0.015306515,45,0,0.366654766,2800.0,5,0,1,0,3.0
139814,0,0.7051361509999999,34,2,0.102189781,7671.0,10,0,0,1,3.0
139818,0,0.145933851,34,0,0.41886409700000005,1971.0,9,0,0,0,0.0
139819,0,0.036995376,28,0,2225.0,,5,0,1,0,0.0
139820,0,0.139822337,62,0,699.0,,7,0,0,0,0.0
139821,0,0.810134158,50,1,0.263085636,5826.0,5,0,1,3,2.0
139822,0,0.9999998999999999,22,0,97.0,,0,0,0,0,0.0
139823,0,0.543794827,47,1,1460.0,,3,3,1,1,0.0
139824,0,0.071174737,80,0,0.183421517,1700.0,8,0,0,0,0.0
139826,0,0.319253572,72,0,369.0,,9,0,0,0,0.0
139828,0,0.6897363000000001,45,2,0.36877187100000003,6000.0,7,0,1,0,0.0
139829,0,0.41206295600000004,56,0,2.239766082,1196.0,14,0,0,0,0.0
139834,0,0.062095791,59,0,0.405021229,5416.0,12,0,1,0,0.0
139835,0,0.019390107,77,0,0.00619876,5000.0,5,0,0,0,0.0
139836,0,0.697973525,47,0,0.481302774,7460.0,12,0,3,0,1.0
139837,0,0.010201648,89,0,0.003901487,4100.0,5,0,0,0,0.0
139838,0,0.020558188,79,0,0.3014862,3296.0,7,0,1,0,0.0
139839,0,0.00359991,68,0,0.610585559,8350.0,5,0,1,0,0.0
139840,0,0.016287325,78,0,0.005964215,3520.0,5,0,0,0,0.0
139841,0,0.3792026,35,0,0.023631841,4019.0,1,0,0,0,1.0
139842,0,0.000937471,75,0,0.144355854,4765.0,7,0,1,0,1.0
139843,1,0.137545114,57,1,0.344819448,4236.0,9,0,1,0,1.0
139845,0,0.139827433,75,0,0.194361128,1666.0,5,0,0,0,0.0
139846,0,0.0,38,0,0.5056682579999999,3351.0,5,0,1,0,2.0
139847,0,1.0121358120000001,43,0,3918.0,,9,0,2,0,0.0
139848,0,0.307878752,77,0,0.50539928,7500.0,20,0,3,0,1.0
139849,0,0.128205662,62,0,0.222581447,16083.0,8,0,2,0,0.0
139850,1,1.0994003270000001,45,1,4099.0,,17,0,1,1,0.0
139851,0,0.158418289,63,0,6189.0,,16,0,1,0,0.0
139854,0,0.0,50,0,0.764338317,4480.0,6,0,1,0,2.0
139855,0,0.018312889,45,0,0.400288236,5550.0,3,0,2,0,0.0
139857,0,0.160516166,42,0,2617.0,,10,0,2,0,0.0
139860,0,0.41286786299999995,60,0,0.564271786,6666.0,14,0,1,0,0.0
139863,0,0.018297925,47,0,0.114631742,7100.0,7,0,0,0,2.0
139866,0,0.205106585,64,0,1.576263925,4667.0,24,0,1,0,0.0
139867,0,0.011853368999999999,53,0,39.0,,4,0,0,0,
139868,0,0.10427578300000001,46,0,0.39851812600000003,3778.0,4,0,1,1,2.0
139870,0,0.273985465,39,1,2158.0,,14,0,1,0,0.0
139871,0,0.909948434,32,1,0.096357616,6039.0,4,0,0,0,3.0
139872,0,0.593654632,62,1,0.133078811,7333.0,7,0,0,1,0.0
139873,0,0.000932177,45,0,0.0,,5,0,0,0,0.0
139874,0,0.005242124,57,0,14.0,,10,0,0,0,0.0
139875,0,0.01389861,29,0,0.013168396,2505.0,2,0,0,0,1.0
139876,0,0.963273872,49,0,0.417916186,2600.0,11,0,0,0,1.0
139877,0,0.046564615,49,0,0.305358615,6064.0,15,0,1,0,0.0
139878,0,0.173589313,45,0,0.172890278,6078.0,12,0,0,0,1.0
139881,0,0.03675123,55,0,1498.0,,6,0,1,0,
139882,0,1.0749494640000001,67,3,0.43259330799999995,6215.0,5,1,1,0,0.0
139883,0,0.0007749810000000001,67,0,2295.0,,7,0,2,0,0.0
139884,0,0.9704411820000001,64,1,0.31567706100000004,7022.0,4,0,1,0,0.0
139885,0,0.301975842,28,0,0.569892473,650.0,4,0,0,0,0.0
139886,0,0.033541009,62,0,0.365401396,4583.0,12,0,1,0,0.0
139887,0,0.048630777,49,0,0.014732003,9570.0,6,0,0,0,4.0
139888,0,0.9999998999999999,66,0,0.15035990400000002,3750.0,2,0,0,0,1.0
139889,0,0.033101165,24,0,0.005473026,2557.0,3,0,0,0,0.0
139890,0,0.076526858,61,0,0.413793103,2000.0,11,0,1,0,1.0
139891,0,0.441995715,27,0,0.158262388,4580.0,6,0,0,0,0.0
139893,1,0.968080935,54,0,0.6209201120000001,6433.0,4,0,1,0,1.0
139894,0,0.501441092,31,0,0.131147541,2500.0,4,0,0,0,0.0
139899,0,0.014728073999999999,49,0,0.060567750999999996,8700.0,7,0,1,0,3.0
139901,0,0.019181951000000003,71,0,0.080183963,5000.0,11,0,0,0,0.0
139903,0,0.00624987,52,0,0.090228451,5208.0,5,0,1,0,0.0
139904,0,0.9999998999999999,29,0,0.082298463,4750.0,2,0,0,0,0.0
139905,0,0.0026516720000000003,44,0,0.23923555100000002,4342.0,7,0,1,0,3.0
139907,0,0.002405599,83,0,0.231034483,1449.0,8,0,2,0,0.0
139908,0,0.10357697199999999,65,0,0.463228168,9286.0,11,0,2,0,2.0
139909,0,0.00035398199999999997,79,0,26.0,,12,0,0,0,0.0
139910,0,0.0,30,0,174.0,,4,0,0,0,0.0
139911,0,1.083832335,30,0,16.0,,1,0,0,0,0.0
139913,0,0.03665511,45,0,3622.0,,16,0,2,0,
139914,0,0.16707708699999999,55,1,5814.0,,27,0,3,0,3.0
139915,0,0.60199005,24,0,0.00365408,820.0,2,0,0,0,0.0
139916,0,0.13102005,39,0,0.292860865,1918.0,7,0,0,0,2.0
139917,0,0.320828108,46,0,0.198076127,9667.0,13,0,1,0,0.0
139919,0,0.917436085,61,0,0.638674664,3500.0,4,0,2,0,0.0
139920,0,0.00896861,62,1,1185.0,,11,0,1,0,0.0
139922,0,0.015537786000000001,59,0,0.396213838,7500.0,18,0,2,0,1.0
139923,0,0.399246704,48,0,820.0,,6,0,0,0,1.0
139924,0,0.443444764,31,0,0.539587332,4167.0,6,0,1,0,0.0
139925,0,0.056370434000000004,55,0,0.05090248,7700.0,9,0,0,0,2.0
139926,0,0.405806066,51,0,0.526879191,8500.0,12,0,3,0,0.0
139927,0,0.260909564,58,0,0.391163052,16000.0,8,0,3,0,1.0
139928,0,0.081926782,64,0,0.123835805,5797.0,25,0,0,0,0.0
139929,0,0.38627295799999994,57,0,0.528968118,11667.0,10,0,2,0,2.0
139930,0,0.012926513999999998,87,0,15.0,,3,0,0,0,
139931,1,0.846307385,34,6,0.629820051,3500.0,8,2,2,3,4.0
139932,0,0.30331856,63,0,0.7255310290000001,2400.0,7,0,1,0,0.0
139933,0,0.039390947999999995,62,0,0.49272882799999995,4675.0,13,0,1,0,0.0
139934,0,0.185776563,68,0,0.189451187,13100.0,16,0,2,0,1.0
139935,0,0.16861101899999997,46,1,0.380923815,5000.0,7,0,1,0,2.0
139936,0,0.007766408000000001,76,0,0.0019993339999999997,3000.0,3,0,0,0,0.0
139937,0,0.049547842,63,0,0.332733453,5000.0,12,0,2,0,2.0
139938,0,0.018477975,64,0,0.27382833100000004,7595.0,12,0,1,0,2.0
139939,0,0.0,54,0,0.18961692100000002,6760.0,5,0,1,0,0.0
139940,0,0.9219333909999999,54,0,0.44297520700000004,5444.0,8,0,0,0,1.0
139941,0,0.865057124,59,0,1.55708574,2250.0,12,0,0,0,0.0
139942,0,0.136439031,57,0,0.470088581,8240.0,12,0,2,0,2.0
139943,0,0.806174717,44,0,0.627418629,6666.0,12,0,2,0,0.0
139945,0,0.016108345,54,0,1563.0,,9,0,2,0,0.0
139946,0,0.260839796,40,1,1538.0,,9,0,1,0,0.0
139947,0,0.9999998999999999,61,0,0.172706823,4000.0,2,0,0,0,0.0
139948,0,0.64823451,46,0,1.3747870530000001,1760.0,13,0,1,0,1.0
139950,0,0.013890774,29,0,0.13801106900000001,5600.0,5,0,0,0,0.0
139951,0,0.207364982,33,0,0.443934292,9800.0,9,0,2,0,1.0
139953,0,0.603311567,61,0,0.361983471,4234.0,14,0,1,0,0.0
139955,0,0.0,52,0,1926.0,,7,0,1,0,1.0
139958,0,0.415989053,62,1,0.559308004,12080.0,13,0,3,0,0.0
139960,0,0.222677337,51,0,0.23559555100000001,8000.0,8,0,0,0,2.0
139961,0,0.786839361,32,0,0.071436507,9000.0,6,2,0,1,4.0
139962,0,0.249166799,53,0,289.0,,3,1,0,0,0.0
139963,0,0.13937236,45,0,0.264731245,3478.0,11,0,0,0,0.0
139965,0,0.003851567,69,0,0.516048395,10000.0,9,0,1,0,1.0
139966,0,0.67189543,63,1,0.368638875,43250.0,25,0,4,0,0.0
139967,0,0.020149461,46,0,0.320099985,6800.0,7,0,2,0,2.0
139968,0,0.0,37,1,0.42272035399999996,21680.0,17,0,6,0,4.0
139969,0,0.06654025200000001,27,0,0.012170038000000001,5833.0,4,0,0,0,0.0
139971,0,0.9876744759999999,34,2,0.205899533,3423.0,6,0,0,0,2.0
139973,0,0.22307801800000002,52,0,1608.0,,6,0,1,0,3.0
139974,0,0.058431385999999995,53,0,0.052829139000000004,7192.0,11,0,0,0,0.0
139975,0,1.0162810629999999,43,0,0.169132347,2500.0,5,0,0,0,1.0
139976,0,0.19370680699999998,62,0,5841.0,,6,0,2,0,1.0
139977,0,0.408091063,37,0,0.272795105,6700.0,7,0,2,0,1.0
139978,0,0.03459897,60,0,0.008072434,9166.0,9,0,0,0,3.0
139982,0,0.005176030999999999,81,0,0.050471384,10500.0,12,0,0,0,0.0
139983,0,0.458658024,61,0,0.281072085,11416.0,8,0,3,0,1.0
139984,0,0.9999998999999999,58,0,0.0,3750.0,0,0,0,0,0.0
139986,0,0.202008511,65,0,3282.0,,6,0,2,0,0.0
139987,0,0.9786525540000001,52,0,2.313351499,1100.0,12,0,0,0,0.0
139988,0,0.8817311809999999,41,2,0.936480687,2329.0,7,0,1,0,0.0
139990,0,0.14584552,35,1,0.34633569700000005,5075.0,5,0,2,0,2.0
139991,0,0.269751527,59,1,0.20772289100000002,18360.0,15,0,2,0,2.0
139993,0,0.075096179,50,0,0.038636909,4166.0,6,0,0,0,0.0
139996,0,0.8660617620000001,63,0,0.051486606,66560.0,11,0,1,0,1.0
139997,0,0.477009196,45,0,0.20338983100000002,20000.0,9,0,1,0,4.0
139998,0,0.5515517289999999,50,1,0.213297572,7083.0,8,0,0,0,2.0
139999,0,0.167625595,61,0,0.473623005,9458.0,9,0,2,0,1.0
140000,0,0.00036357,54,0,2499.0,,4,0,1,0,0.0
140001,0,0.035840332999999995,55,0,0.301616397,6000.0,12,0,1,0,2.0
140002,0,0.098069161,67,0,0.27524639300000003,7000.0,10,0,2,0,0.0
140003,1,1.3618202,49,3,1597.0,,8,0,1,1,0.0
140006,0,0.7202393990000001,56,0,0.298925269,4000.0,4,0,0,0,2.0
140007,0,0.433850167,46,0,0.40639589200000004,4283.0,3,0,1,0,0.0
140008,0,0.056858658,55,0,0.526134122,6083.0,9,0,2,0,3.0
140009,0,0.39857342799999995,37,0,0.09379624800000001,25000.0,4,0,1,0,0.0
140010,0,0.9999998999999999,58,0,0.5031164779999999,5133.0,4,0,1,0,0.0
140012,0,0.21168928,54,0,0.350479967,9583.0,12,0,1,0,1.0
140014,0,0.251820502,43,0,0.616463256,3850.0,13,0,3,0,0.0
140015,0,0.058138182999999996,87,0,0.022195561000000003,3333.0,3,0,0,0,1.0
140018,0,0.013299557,66,0,0.213924163,11260.0,5,0,1,0,0.0
140020,0,0.794538251,49,0,3443.0,,8,0,1,0,2.0
140021,1,0.624034125,56,0,1.259870065,2000.0,10,0,1,0,0.0
140022,1,0.760114231,31,0,0.210325801,7611.0,6,1,1,0,3.0
140023,1,0.000147678,83,0,0.0013712720000000002,2916.0,14,0,0,0,0.0
140024,0,0.090939965,60,0,0.163379531,7503.0,9,0,1,0,1.0
140025,1,1.161118509,52,4,0.581637072,2308.0,7,2,1,1,3.0
140026,0,0.9999998999999999,48,0,0.342318059,11500.0,10,0,4,0,0.0
140027,0,0.0,88,0,0.0,2468.0,5,0,0,0,0.0
140028,0,0.129253895,44,0,0.29144667399999996,7575.0,8,0,2,0,4.0
140030,0,0.083755,33,1,0.16517094,4679.0,13,0,0,0,1.0
140032,0,0.225840768,31,0,0.870376541,3000.0,11,0,1,0,0.0
140033,1,0.404266168,42,4,0.384882016,7500.0,19,0,1,2,1.0
140036,1,0.287245887,72,0,0.394758173,3700.0,10,1,0,0,0.0
140037,0,0.114743691,42,0,0.38397440200000005,15000.0,14,0,2,0,3.0
140038,0,0.41783897,47,0,1.079673626,8333.0,8,0,3,0,0.0
140039,0,0.062372000000000004,36,0,1.046201232,5843.0,11,0,2,0,2.0
140040,0,0.649223385,32,2,0.283633248,3500.0,8,0,0,0,0.0
140041,0,0.859713429,49,0,0.32769193,4076.0,13,0,0,0,0.0
140042,0,0.100142025,52,0,0.242388575,12743.0,7,0,2,0,3.0
140043,0,0.770533446,35,0,0.141102542,3500.0,5,0,0,0,4.0
140044,0,0.038484652,49,0,0.55699544,8333.0,10,0,3,0,0.0
140045,0,0.002674933,40,1,230.0,0.0,4,0,1,0,4.0
140047,0,0.334188969,37,0,0.742106816,6777.0,14,0,2,0,1.0
140048,0,0.051333751,40,0,576.0,0.0,6,0,0,0,3.0
140049,0,0.006546448000000001,76,2,0.44454335100000003,5616.0,30,0,2,1,0.0
140052,0,0.210900516,41,1,0.461502961,13000.0,11,0,2,0,2.0
140054,0,0.766710253,58,0,0.36028953,8012.0,5,0,1,1,4.0
140056,0,0.0,65,0,0.36468299,6166.0,10,0,2,0,1.0
140058,0,0.153609758,41,1,0.16855271,3357.0,5,0,0,0,2.0
140062,0,0.069475498,71,0,0.423235201,3158.0,9,0,1,0,0.0
140063,0,0.638947178,55,0,0.49880013700000003,2916.0,7,0,1,0,0.0
140064,0,0.5837341079999999,58,0,479.0,,2,0,0,0,0.0
140065,0,0.0008455569999999999,60,0,0.0,,2,0,0,0,
140066,0,0.010415416,68,0,0.10675241199999999,4664.0,11,0,1,0,0.0
140067,0,0.022853877999999998,45,0,0.475005554,4500.0,8,0,1,0,0.0
140068,0,0.316234941,28,0,0.267093163,2500.0,5,0,0,0,0.0
140069,0,0.303352158,50,0,0.39412173100000003,4320.0,9,0,1,0,2.0
140071,0,0.027241522999999997,80,0,0.437698122,4100.0,7,0,1,0,1.0
140072,0,0.068998673,62,0,0.134995781,10666.0,4,0,1,0,1.0
140073,0,0.10919106699999999,51,0,0.233353948,4850.0,10,0,1,0,0.0
140074,0,0.069415698,28,1,0.00259948,5000.0,5,0,0,0,0.0
140076,0,0.018387397,60,0,0.6653336670000001,4000.0,12,0,1,0,0.0
140077,0,0.300711795,48,0,0.720321932,4472.0,12,0,3,0,2.0
140079,0,0.119985544,29,1,0.132573485,5000.0,6,0,0,0,0.0
140081,0,0.12344773,63,0,0.072428648,7427.0,8,0,0,0,1.0
140083,0,0.003758047,67,0,0.0008088430000000001,3708.0,7,0,0,0,0.0
140084,0,0.0,52,0,0.535847535,9916.0,11,0,3,0,1.0
140085,0,0.92606614,48,2,0.20350372,4166.0,5,0,1,0,1.0
140086,0,0.860971301,43,0,0.31757169,9833.0,9,0,1,0,2.0
140087,1,0.9999998999999999,56,2,0.19300106,6600.0,3,3,0,0,0.0
140088,0,0.006061436,79,0,24.0,,3,0,0,0,0.0
140093,1,0.044358519000000006,47,1,0.242679617,7000.0,18,0,2,0,2.0
140094,0,0.048469162999999996,44,0,0.10340314099999999,4583.0,4,0,0,0,0.0
140095,1,0.9999998999999999,25,98,22.0,,0,98,0,98,0.0
140096,0,0.154848325,40,0,95.0,,4,0,0,0,0.0
140097,0,0.749172814,32,0,0.30390401100000003,5583.0,7,0,0,0,0.0
140099,0,0.224462955,57,0,322.0,,3,0,0,0,0.0
140100,0,0.947293244,35,0,0.021997556,9000.0,1,0,0,0,0.0
140101,0,0.059281627,31,1,0.12136047400000001,7761.0,15,0,2,0,0.0
140102,0,0.0,77,0,942.0,,8,0,1,0,0.0
140103,0,0.093724639,66,2,1683.0,,21,0,2,0,0.0
140104,0,0.133736486,80,0,0.403783102,3964.0,11,0,3,0,1.0
140105,0,0.326076979,55,2,0.635933006,5910.0,15,0,1,0,0.0
140106,0,0.119879935,49,0,3560.0,,10,0,1,0,2.0
140107,0,0.092714115,58,0,0.20408457100000002,41668.0,10,0,4,0,5.0
140108,0,0.08935003,39,0,0.374510502,8426.0,13,0,3,0,0.0
140109,0,0.9999998999999999,50,0,1046.0,,4,0,1,0,0.0
140110,0,0.0,38,0,0.017592963,2500.0,9,0,0,0,0.0
140111,0,0.054455587,65,0,913.0,,6,0,1,0,2.0
140113,0,0.034390557,65,0,0.225815144,3710.0,10,0,0,0,1.0
140115,1,0.405868554,45,1,0.50858509,4600.0,13,0,1,0,2.0
140116,0,0.099765657,45,0,0.175351746,7675.0,10,0,1,0,0.0
140117,0,0.012379773,48,0,1.167390518,5525.0,8,0,3,0,0.0
140118,0,0.424250395,33,0,0.46157773799999996,3916.0,15,0,2,0,1.0
140119,0,0.018066064,51,0,0.317974562,8333.0,13,0,1,0,2.0
140120,1,0.736716797,49,4,0.181509342,8241.0,5,0,0,1,1.0
140121,0,0.025943844,49,0,0.33726445299999996,7800.0,9,0,2,0,5.0
140122,1,0.6946631670000001,40,0,0.35720045200000006,6200.0,4,4,2,1,1.0
140124,0,0.0,56,0,0.169462803,5900.0,5,0,1,0,0.0
140125,0,0.470318521,79,2,0.21971785300000002,6166.0,8,0,0,0,1.0
140126,0,1.1096345509999999,27,0,0.066266781,3500.0,2,1,0,0,0.0
140127,0,0.364881756,63,0,0.450060655,4945.0,7,0,1,0,1.0
140128,0,0.150740714,34,0,1.067558817,4632.0,15,0,4,0,0.0
140129,0,0.670739836,51,1,0.35462842200000005,5368.0,10,0,1,0,0.0
140130,0,0.002445021,55,0,0.217613274,4700.0,8,0,1,0,0.0
140132,0,0.28528006,68,0,0.39788816899999996,8333.0,8,0,2,0,0.0
140133,0,0.536649864,36,0,3016.0,,8,0,2,0,0.0
140134,0,0.757262137,57,0,0.26546681699999997,8000.0,7,0,1,0,1.0
140135,0,0.263773269,70,0,2009.0,,8,0,1,0,0.0
140136,0,0.0,41,1,0.252707053,6833.0,4,0,2,0,0.0
140137,0,0.046805071,51,0,0.006461141,10833.0,5,0,0,0,0.0
140138,0,0.204171217,42,0,1828.0,,9,0,1,0,0.0
140140,1,1.03996004,23,1,0.185876083,1500.0,2,0,0,0,0.0
140141,0,0.324788272,31,0,0.192623861,4500.0,5,0,1,0,3.0
140142,0,0.48557889600000004,42,0,0.228942764,4000.0,9,0,0,0,0.0
140143,0,0.002057828,55,1,0.277367185,11500.0,15,0,2,0,2.0
140144,0,0.0,62,0,0.027497136000000002,9600.0,7,0,0,1,0.0
140145,0,0.290137587,38,0,0.376432951,3750.0,9,0,1,0,4.0
140146,0,0.381184753,34,0,0.060971634000000004,9200.0,8,0,0,0,0.0
140147,0,0.7974851629999999,44,0,0.15180803199999998,6000.0,8,0,0,0,0.0
140148,0,0.276944611,44,0,0.317513224,13800.0,7,0,2,0,1.0
140149,0,0.28006544899999997,30,0,0.046632124000000004,7333.0,6,0,0,0,0.0
140150,0,0.008712098,46,0,0.305663305,3866.0,15,0,1,0,2.0
140151,0,0.154510215,66,0,246.0,0.0,5,0,0,0,0.0
140152,0,0.33341322100000004,52,0,0.637325206,5577.0,16,0,1,0,1.0
140153,0,0.154295079,67,0,0.031703943,8673.0,6,0,0,0,0.0
140154,0,0.18381080600000002,23,0,98.0,,5,0,0,0,
140156,0,0.35469545,51,0,0.081877537,5666.0,3,0,1,0,2.0
140157,0,0.621479152,53,0,0.306669333,10000.0,6,0,1,0,1.0
140158,0,0.027431126,61,0,0.31046065300000003,4167.0,14,0,1,0,1.0
140160,0,0.31162417600000003,73,0,0.82811459,1500.0,13,0,0,0,0.0
140161,0,0.002058702,63,0,0.145737855,12000.0,7,0,1,0,0.0
140163,0,0.112078544,51,0,0.13549935400000002,5416.0,11,1,0,0,2.0
140164,0,0.43157730299999997,51,0,0.06706192400000001,7589.0,9,0,0,0,2.0
140165,0,0.0,48,0,0.0,5000.0,4,0,0,0,0.0
140166,0,0.105978326,37,0,0.44127866600000004,8633.0,7,0,2,0,2.0
140167,0,0.34486603299999996,52,2,0.286178455,4000.0,8,0,0,1,0.0
140171,0,0.45213837799999995,51,0,0.476257114,10718.0,11,0,2,0,0.0
140172,0,0.0,54,0,0.18645423600000002,15000.0,20,0,1,0,0.0
140173,0,0.9999998999999999,53,1,0.05399061,3833.0,0,1,0,0,0.0
140176,0,0.567676274,68,1,0.844385205,3000.0,6,0,2,0,0.0
140178,0,0.030285653,53,0,0.23481139199999998,14500.0,13,0,2,0,5.0
140179,1,0.06565868700000001,65,1,2365.0,,7,0,2,0,1.0
140180,0,0.049995,29,0,0.114877025,3333.0,2,0,0,0,0.0
140181,0,0.570795854,31,0,0.46866133600000004,3876.0,10,0,1,0,0.0
140183,0,0.878337389,54,0,0.389669182,8614.0,7,0,1,0,1.0
140184,0,0.022723989,42,0,0.008418837,3800.0,11,0,0,0,0.0
140185,1,0.835450948,27,0,0.065036328,5642.0,6,0,0,1,1.0
140186,0,0.114290851,51,0,0.153593856,25000.0,11,0,2,0,3.0
140188,0,0.01215587,37,0,0.324519498,9000.0,10,0,1,0,2.0
140190,0,0.31958638899999997,56,2,0.960453233,4500.0,10,0,2,0,1.0
140191,0,0.8229886670000001,43,0,0.45821962299999996,7694.0,6,0,3,0,2.0
140192,0,0.21901661600000003,46,0,0.207758448,5000.0,19,0,0,0,0.0
140193,0,0.0,50,0,0.309257734,8500.0,5,0,1,0,0.0
140194,0,0.629326478,66,0,0.7552413459999999,2050.0,24,0,0,0,0.0
140195,0,0.9999998999999999,32,0,0.0,7800.0,0,0,0,0,0.0
140196,0,0.9999998999999999,45,0,0.033687125,6500.0,4,1,0,0,2.0
140197,0,0.041988002999999996,78,0,4.0,,3,0,0,0,0.0
140198,0,0.02135415,27,0,0.09196934400000001,3000.0,6,0,0,0,0.0
140200,0,0.086850366,65,0,0.25034370699999997,8000.0,11,0,1,0,1.0
140201,0,0.014030582,47,0,3365.0,,11,0,4,0,0.0
140204,1,0.0,40,0,1.990001666,6000.0,13,0,8,0,0.0
140205,0,0.032910794,64,0,1814.0,,9,0,1,0,0.0
140206,0,0.067759287,86,0,0.007713551,10500.0,13,0,0,0,0.0
140207,1,0.972352634,39,4,0.482622716,2790.0,10,0,0,1,0.0
140208,0,0.9999998999999999,22,0,8.0,1.0,0,0,0,0,0.0
140210,0,0.9999998999999999,24,0,0.104025939,3700.0,2,0,0,0,0.0
140211,0,0.02388851,62,0,0.00879824,5000.0,5,0,0,0,0.0
140212,0,0.068019621,50,0,0.058449232000000004,11000.0,4,0,0,0,2.0
140214,0,0.346234449,46,0,0.356827622,7703.0,9,0,2,0,0.0
140216,0,0.156935726,41,0,0.14161946,3000.0,4,0,0,0,0.0
140217,0,0.374406963,60,0,3833.0,,16,0,3,0,0.0
140218,0,0.093730834,60,0,0.320334262,4666.0,17,0,2,0,0.0
140220,0,0.06027226,49,1,0.52064463,8500.0,13,0,3,0,0.0
140221,0,0.087116865,49,0,0.233380175,9250.0,10,0,1,0,0.0
140223,0,0.090746676,30,0,0.21111555399999998,2500.0,7,0,0,0,0.0
140224,0,0.0,49,1,1515.0,,8,0,1,1,1.0
140226,0,0.002942773,46,0,2856.0,,9,0,3,0,0.0
140228,0,0.569239736,59,0,1.10621178,9320.0,15,0,5,0,1.0
140231,0,0.134034545,61,0,0.253057851,6049.0,22,0,0,0,0.0
140232,0,0.9999998999999999,71,0,0.0,1400.0,2,0,0,0,0.0
140233,0,0.696499503,35,1,456.0,,3,0,0,0,0.0
140234,0,0.27740221600000003,65,0,0.058645166,14510.0,18,0,0,0,0.0
140235,0,0.9999998999999999,54,0,0.0,,0,0,0,0,0.0
140237,0,0.738615425,50,0,0.259020192,6041.0,14,0,1,2,2.0
140239,0,0.0046606220000000005,80,0,0.541458994,2206.0,6,0,1,0,0.0
140240,0,0.060912152000000004,40,0,0.010618364,1600.0,4,0,0,0,0.0
140241,0,0.138418302,70,0,0.682450043,2301.0,16,0,2,0,0.0
140242,0,0.98750125,40,0,0.30294530199999997,3564.0,6,0,0,0,0.0
140244,0,0.04266188,57,0,0.008204076,7800.0,3,0,0,0,0.0
140245,0,0.13116423800000002,76,0,0.019081743,12000.0,6,0,0,0,0.0
140246,0,0.046806323,66,0,4438.0,,13,0,2,0,0.0
140247,0,0.046910205,63,0,0.06127451,5303.0,4,0,0,0,0.0
140248,0,0.914914267,57,0,0.325697554,5805.0,10,0,1,0,0.0
140251,0,0.048498788,63,0,0.278944211,5000.0,5,0,1,0,2.0
140252,0,0.0056397190000000005,43,0,1068.0,,7,0,1,0,0.0
140253,0,0.009467630999999999,71,0,0.23892130600000003,6340.0,15,0,2,0,0.0
140254,0,0.028246287000000002,41,0,0.37320804700000004,8300.0,8,0,1,0,2.0
140255,0,0.017277442,44,0,0.025815752,7630.0,9,0,0,0,0.0
140256,0,0.0,46,0,1.027386839,2628.0,14,0,2,0,0.0
140257,1,0.0,52,0,3642.0,,12,0,3,0,
140258,0,0.07233161099999999,29,0,117.0,,9,0,0,0,0.0
140260,0,0.17033512,66,0,0.556673279,7057.0,19,0,1,0,0.0
140262,0,0.007011552,45,0,0.037838486,25000.0,9,0,0,0,3.0
140263,0,0.9999998999999999,47,1,0.283988335,7200.0,10,0,2,0,3.0
140267,0,0.031214736,58,0,0.297552392,6250.0,10,0,1,0,0.0
140270,0,0.0,63,0,0.450634236,7646.0,8,0,1,0,1.0
140271,0,0.48379356700000004,51,0,0.706358728,6667.0,16,0,1,0,0.0
140273,0,0.27749951300000003,76,0,0.388303591,4650.0,7,0,2,0,2.0
140274,0,0.0,54,0,0.353863382,6250.0,8,0,1,0,0.0
140275,1,0.9999998999999999,21,98,0.0,,0,98,0,98,0.0
140276,0,0.08543969800000001,50,0,0.504146815,5666.0,5,0,1,0,3.0
140277,0,0.5710372029999999,43,1,0.306957301,10046.0,9,0,2,0,4.0
140279,0,0.160903748,39,1,0.22069630199999998,8300.0,13,0,2,0,0.0
140281,0,0.821913753,35,0,0.332134139,7782.0,10,0,1,0,0.0
140283,0,0.0614033,63,0,807.0,,4,0,2,0,0.0
140284,1,1.003097719,33,0,1.179487179,2300.0,17,0,2,0,1.0
140285,0,0.043766847000000005,72,0,0.342705405,3200.0,6,0,1,0,0.0
140286,0,0.004841031,77,0,0.0044977509999999995,2000.0,8,0,0,0,0.0
140287,0,0.9999998999999999,23,0,0.0,500.0,1,0,0,0,0.0
140289,0,0.009127158,81,0,510.0,,17,0,0,0,1.0
140290,0,0.09324445199999999,80,0,0.35818409,2400.0,9,0,1,0,1.0
140291,0,0.846088762,71,0,0.413891532,1050.0,4,0,0,0,0.0
140292,0,0.10099540900000001,61,0,0.141810014,16916.0,4,0,1,0,2.0
140293,0,0.15999634699999998,28,0,0.812286689,2343.0,20,0,1,0,0.0
140295,0,0.293980401,37,0,0.16796640699999998,3333.0,5,0,0,0,0.0
140297,1,1.036327795,35,5,0.359923421,4700.0,6,1,0,1,0.0
140298,0,0.791901792,40,0,0.35716071,4000.0,8,0,1,0,1.0
140299,0,0.050444380999999996,36,0,0.11523402199999999,16600.0,13,0,2,0,2.0
140301,0,0.12569581,63,0,0.035301467999999996,3200.0,3,0,0,0,0.0
140302,0,0.013544918999999999,52,0,0.521136473,14500.0,20,0,3,0,0.0
140303,0,0.498900044,64,0,1024.0,,7,0,0,0,1.0
140304,0,0.031799293,64,0,1027.0,,6,0,2,0,0.0
140305,0,0.004808306,70,0,0.023590407999999997,7714.0,3,0,0,0,1.0
140307,0,0.783583293,43,1,0.12252356199999999,5198.0,2,0,1,0,0.0
140309,0,0.02691463,50,0,0.40923930799999997,6125.0,7,0,1,0,0.0
140310,0,0.026473682000000002,44,0,2677.0,,12,0,2,0,1.0
140312,0,0.208863468,55,0,0.16751269,2166.0,4,0,0,0,1.0
140313,0,0.9149296729999999,69,0,0.219431593,3025.0,2,0,0,0,1.0
140314,0,0.0,57,0,0.388623486,9000.0,6,0,2,0,0.0
140315,0,0.261642129,43,0,0.359438229,4200.0,8,0,0,0,3.0
140316,0,0.81851657,33,2,0.586503749,3600.0,6,0,2,0,1.0
140317,0,0.7982351240000001,53,0,0.702122528,8291.0,6,0,2,0,2.0
140318,0,1.161676647,31,0,0.145143365,4498.0,2,0,0,0,1.0
140321,0,0.846007,43,0,0.516985416,11450.0,6,0,3,0,7.0
140322,0,0.19610308,37,0,0.922255926,8900.0,14,0,10,0,2.0
140323,0,0.282584487,66,3,0.206119592,15000.0,8,0,1,1,1.0
140324,0,0.053018244000000006,51,0,690.0,,6,0,0,0,0.0
140326,0,0.102771801,82,0,113.0,,3,0,0,0,0.0
140327,0,0.7314908440000001,37,0,0.346449136,3125.0,4,0,1,0,0.0
140328,0,0.129700666,36,0,0.471338793,5250.0,9,0,1,0,0.0
140329,0,0.036966549,78,0,0.124468989,4707.0,5,0,2,0,0.0
140331,0,0.0,24,0,45.0,,5,0,0,0,
140334,0,0.040359193,65,0,0.390289968,9000.0,6,0,1,0,0.0
140335,0,0.003349833,80,0,0.056905973,5306.0,2,0,1,0,1.0
140336,0,0.0,53,0,0.501287755,17083.0,8,0,3,0,2.0
140337,0,0.51528716,42,0,0.7527386540000001,5750.0,24,0,3,0,2.0
140338,0,0.0,61,1,0.30778842100000003,2400.0,3,0,0,0,0.0
140340,0,0.542259921,55,0,0.03424144,4000.0,4,0,0,0,0.0
140341,0,0.028684085,77,0,0.011640353,7473.0,5,0,0,0,0.0
140342,0,0.657241316,76,0,0.8900578640000001,1900.0,20,0,1,0,0.0
140343,0,1.070619587,23,0,0.058465286,820.0,2,0,0,0,0.0
140344,0,0.321961838,48,0,0.446068064,5200.0,8,0,1,0,1.0
140346,0,0.176789898,47,0,0.105731484,7641.0,4,0,1,0,2.0
140348,0,0.143874741,53,1,0.54704797,3251.0,13,0,1,0,1.0
140349,0,0.0,50,0,0.146370726,5000.0,15,0,1,0,0.0
140350,0,0.0046585409999999996,78,0,0.041972227,6408.0,15,0,1,0,0.0
140351,0,0.028823045,71,0,0.412470538,4666.0,12,0,2,0,0.0
140353,0,0.73787978,58,0,12512.0,,16,0,2,0,2.0
140354,0,0.153024866,43,0,0.594681064,5000.0,9,0,1,0,1.0
140356,1,0.9999998999999999,36,3,0.664913204,1900.0,2,1,0,1,2.0
140357,0,0.0,40,0,0.681025082,3667.0,5,0,1,0,2.0
140358,0,0.0,47,0,0.355233853,8979.0,15,0,2,0,0.0
140359,0,0.084610677,65,0,1943.0,,11,0,1,0,0.0
140360,0,0.09440352699999999,31,0,0.014852899,3500.0,2,0,0,0,0.0
140361,0,0.016561749,44,0,1642.0,,5,0,1,0,3.0
140363,0,0.083585975,49,0,4118.0,,9,0,1,0,3.0
140364,0,0.294369743,36,0,0.634356762,3940.0,16,0,2,0,0.0
140365,0,0.768468349,59,0,0.296518805,12150.0,4,0,2,0,2.0
140369,0,0.139327186,63,0,0.43807699,5740.0,10,0,2,0,3.0
140370,1,0.9999998999999999,71,0,0.323851204,913.0,1,1,0,2,0.0
140371,0,0.216505609,38,0,0.055794421,10000.0,4,0,0,0,0.0
140372,0,0.555345375,67,0,8.055393586000001,1028.0,31,0,2,0,0.0
140373,0,0.9999998999999999,74,0,0.49478749,1246.0,3,0,0,0,0.0
140375,0,0.114754664,58,0,2198.0,,4,0,1,0,
140376,0,0.008435283,62,0,982.0,0.0,2,0,1,0,0.0
140378,0,0.9309482790000001,46,0,0.6345642539999999,6769.0,10,0,1,0,3.0
140380,0,0.523347954,52,1,4931.0,,11,0,2,0,3.0
140381,0,0.100974163,59,0,0.479657978,7250.0,11,0,2,0,0.0
140382,0,0.0058599130000000004,73,0,1512.0,,13,0,1,0,0.0
140384,0,1.8737541530000001,35,0,0.020489755,2000.0,2,1,0,0,0.0
140387,0,0.358842744,59,0,8822.0,,9,0,4,0,0.0
140388,0,0.251022685,44,0,2059.0,,5,0,1,0,0.0
140389,0,0.013365456000000001,65,1,1131.0,,16,0,0,0,0.0
140391,0,0.0,49,0,0.439609662,6250.0,12,0,1,0,1.0
140394,0,0.075728285,53,0,0.40012118799999996,4950.0,4,0,2,0,1.0
140395,0,0.0070298769999999995,51,0,0.290588235,8499.0,10,0,1,0,1.0
140397,0,0.049325112000000004,30,0,0.42876901799999995,2168.0,5,0,1,0,0.0
140401,0,0.36511492799999995,33,1,0.332753749,4600.0,9,0,0,0,0.0
140402,0,0.43771827700000004,45,0,0.398250365,4800.0,9,0,1,0,3.0
140405,0,0.33912670799999994,64,0,0.5442911420000001,5000.0,12,0,1,0,0.0
140406,0,0.086892623,63,0,1535.0,0.0,11,0,1,0,0.0
140407,0,0.368562899,67,0,0.445357436,3650.0,15,0,1,0,0.0
140410,0,0.0022900060000000002,44,0,0.44237853,5700.0,9,0,2,0,2.0
140411,0,0.12366498,47,0,0.447553989,4537.0,4,0,1,0,0.0
140412,0,0.084791386,39,0,0.004892736,2656.0,1,0,0,0,2.0
140413,0,0.047240185999999997,55,0,0.126108692,6200.0,10,0,1,0,1.0
140415,0,0.0,50,0,0.237976202,10000.0,4,0,1,0,1.0
140416,0,0.507292315,80,0,815.0,,4,0,0,0,
140417,0,0.063107605,59,0,1067.0,,5,0,1,0,0.0
140418,0,0.723202695,30,0,12.31840796,200.0,9,0,2,0,0.0
140419,0,0.111984002,74,0,0.23920015100000003,5300.0,3,0,1,0,0.0
140420,0,0.19494901,45,0,0.360058923,4751.0,13,0,0,0,0.0
140421,0,0.010859393,65,0,1490.0,,20,0,2,0,0.0
140422,0,0.055563802999999995,64,0,0.328763211,3500.0,13,0,1,0,0.0
140424,0,0.04707941,56,0,1427.0,,4,0,1,0,
140426,0,0.162305772,59,0,0.37092492299999996,9416.0,12,0,1,0,2.0
140427,0,0.36657917799999995,43,0,0.025086505,3467.0,5,0,0,0,1.0
140429,0,0.534793551,37,0,0.571618921,1500.0,14,0,0,0,0.0
140430,0,0.027435457000000003,70,0,0.45644931,2100.0,8,0,1,0,0.0
140431,0,0.742730291,44,0,0.081468915,28292.0,5,0,0,0,2.0
140432,0,0.37946978,51,0,0.549780088,2500.0,19,0,0,0,0.0
140433,0,0.012660784,57,0,15.56214379,10000.0,13,0,2,0,3.0
140435,0,0.180785537,59,0,1544.0,,3,0,1,0,0.0
140436,0,0.03790059,72,0,545.0,,5,0,1,0,0.0
140437,0,0.07179521400000001,42,0,1586.0,,4,0,2,0,
140438,0,0.7503358109999999,47,0,0.816186833,4966.0,10,0,3,0,1.0
140442,0,0.186654223,44,0,0.013289457,7900.0,4,0,0,0,2.0
140443,0,0.09902502699999999,68,0,0.261336682,7166.0,8,0,1,0,0.0
140445,0,0.04476196599999999,60,0,0.175382066,10861.0,8,0,1,0,1.0
140446,0,0.079267923,42,0,94.0,0.0,1,0,0,0,0.0
140447,1,0.822898699,49,1,0.428888889,7649.0,18,0,1,0,2.0
140449,0,0.530154215,45,0,0.255048409,7229.0,4,0,2,0,2.0
140450,0,0.521387673,37,0,0.362462502,7666.0,6,0,1,0,2.0
140452,0,0.022683697000000003,67,0,1166.0,,3,0,1,0,
140453,0,0.031570448,59,0,0.132463575,10500.0,10,0,1,0,0.0
140454,0,0.003380255,61,0,0.07342543900000001,15416.0,18,0,1,0,1.0
140456,0,0.9999998999999999,41,0,0.22191573,14500.0,7,0,1,0,3.0
140457,0,0.0,49,0,0.0,,3,0,0,0,0.0
140458,0,0.19487979600000002,32,0,0.114377125,5000.0,9,0,0,0,0.0
140460,0,0.165819266,57,0,0.49040511700000006,3282.0,10,0,0,0,0.0
140461,0,0.101248511,45,0,0.251848766,9600.0,6,0,1,0,3.0
140462,0,0.352130733,61,0,0.260267651,6500.0,9,0,1,0,1.0
140464,0,0.069968281,55,0,0.20587306600000002,9500.0,11,0,2,0,1.0
140466,0,0.048731273,61,0,0.11518486900000001,12900.0,9,0,1,0,1.0
140467,0,0.0,65,0,0.113568216,2667.0,6,0,0,0,0.0
140469,0,0.37916339600000004,37,0,0.47696954399999997,3972.0,6,0,1,0,3.0
140471,0,0.9999998999999999,41,0,2871.0,,4,0,2,0,0.0
140473,0,0.9999998999999999,84,0,1460.0,,2,0,1,0,0.0
140474,0,0.9182282429999999,33,0,0.321653867,14583.0,5,0,2,0,0.0
140475,0,0.43363804799999994,66,0,0.631117356,20637.0,18,0,6,0,0.0
140476,0,0.9999998999999999,29,0,0.089720584,3900.0,1,0,0,0,0.0
140477,0,0.003913595,64,0,0.093385422,75000.0,9,0,2,0,0.0
140478,0,0.645272397,48,3,0.34533148700000005,6500.0,8,0,1,0,2.0
140479,0,0.047521547000000004,51,0,0.273645546,9800.0,2,0,1,0,4.0
140480,0,0.823169753,61,0,0.615393159,9003.0,19,0,2,0,0.0
140481,0,0.045045045,60,0,3644.0,,13,0,2,0,0.0
140482,0,0.0,40,0,0.7118904779999999,6500.0,13,0,4,0,2.0
140483,0,0.080888142,47,0,0.014833925,3100.0,4,0,0,0,3.0
140484,0,0.865647915,54,0,1842.0,,6,0,1,0,4.0
140485,1,0.591610519,32,0,0.268577141,3000.0,4,1,0,0,0.0
140487,0,0.072865714,64,0,0.009472686999999999,9500.0,2,0,0,0,3.0
140488,0,0.94867351,55,3,0.49335449299999995,5040.0,4,0,2,0,2.0
140491,0,0.299281067,74,0,1436.0,0.0,13,0,1,0,0.0
140492,0,0.05384945,48,0,0.001333172,8250.0,2,0,0,0,1.0
140493,0,0.030484757999999997,45,1,0.13339046,3500.0,2,1,0,0,0.0
140495,0,0.749611198,25,0,0.5860899070000001,1178.0,7,0,0,0,1.0
140496,0,0.269640108,35,0,0.420441921,8100.0,12,0,2,0,0.0
140497,0,0.02398724,56,0,35.0,,4,0,0,0,0.0
140498,0,0.41054152899999996,57,1,0.117875285,25000.0,13,0,2,1,2.0
140499,0,0.015833053,65,0,0.259212992,1600.0,5,0,1,0,0.0
140502,0,1.319545311,27,0,0.349412647,4000.0,9,0,1,0,0.0
140505,0,0.016432786,51,0,14.0,,1,0,0,0,0.0
140506,0,0.042942244000000004,54,0,0.13600542300000001,11800.0,12,0,1,0,2.0
140507,0,0.9999998999999999,60,0,0.144946559,5332.0,7,0,0,0,1.0
140508,0,0.912443985,59,1,0.706377468,3088.0,6,0,3,0,1.0
140510,0,0.06420442700000001,50,0,0.28294643399999997,16670.0,7,0,2,0,0.0
140511,0,0.000465089,77,0,0.0,6065.0,7,0,0,0,0.0
140512,0,0.691138481,54,0,0.68786808,13583.0,9,0,1,0,0.0
140513,0,0.264347131,70,0,0.26874771399999997,8200.0,8,0,1,0,0.0
140514,0,0.020083123999999997,73,0,0.005332825,10500.0,13,0,0,0,0.0
140517,0,0.49380396600000004,57,0,0.651229017,6671.0,14,0,1,0,3.0
140518,0,0.047271425,59,0,0.00910107,6262.0,3,0,0,0,0.0
140519,0,0.072080988,53,0,1.025822574,2400.0,6,0,2,0,0.0
140521,1,0.667205798,51,1,0.542664819,5050.0,11,0,0,0,0.0
140522,0,0.416058394,59,0,3287.0,,4,0,1,0,0.0
140524,0,0.227104748,58,0,0.143227479,10800.0,8,0,1,0,1.0
140525,0,0.16784978,41,1,0.632466709,7884.0,9,0,2,0,3.0
140526,0,0.026228302000000002,65,0,58.0,,8,0,0,0,0.0
140527,0,0.125176925,54,0,0.39306207600000004,7667.0,18,0,1,0,0.0
140528,0,0.034315312,40,0,0.352941176,1325.0,8,0,0,0,0.0
140530,0,0.9999998999999999,39,0,0.015954052,4700.0,0,0,0,0,3.0
140531,0,0.005674396999999999,42,0,3816.0,0.0,9,0,1,0,1.0
140533,0,0.145691464,48,0,1183.0,,12,0,1,0,2.0
140534,0,0.061926812000000005,47,0,0.47583601799999997,9000.0,14,0,2,0,0.0
140535,0,0.223793114,34,0,0.22157996100000002,4670.0,5,0,1,0,3.0
140537,0,0.632082959,66,0,2743.0,,11,0,2,0,0.0
140538,1,0.281383047,50,1,1.077709152,8904.0,10,0,4,0,0.0
140540,0,0.009676450999999999,43,0,0.228053063,5125.0,8,0,1,0,2.0
140541,0,0.518848115,57,0,0.7556601,3400.0,6,0,1,0,0.0
140542,0,0.9030262090000001,64,0,0.6919408290000001,12370.0,28,0,5,0,0.0
140544,0,0.294877369,49,0,0.35758217,15120.0,11,0,3,0,2.0
140545,0,0.9999998999999999,31,0,0.0,2300.0,0,4,0,0,0.0
140546,0,0.076203532,36,0,0.396800556,5750.0,6,0,2,0,2.0
140549,0,0.005317925,56,0,0.204891555,4333.0,9,0,1,0,0.0
140550,0,0.070263544,51,0,0.23156403600000003,12000.0,5,0,2,0,1.0
140551,0,0.065848781,64,0,2777.0,,5,0,2,0,0.0
140552,0,0.003449357,63,0,0.355415287,16000.0,8,0,3,0,1.0
140553,0,0.05859707,56,0,1.695260948,5000.0,11,0,3,0,2.0
140556,1,0.707127093,51,2,0.449044027,5700.0,14,0,2,0,1.0
140557,0,0.062764575,58,1,0.083594427,15000.0,7,0,1,0,0.0
140559,0,0.166484879,69,0,0.563822367,4300.0,12,0,2,0,1.0
140561,0,0.861661516,52,0,0.600125156,3195.0,9,0,0,0,0.0
140563,0,0.19097466,34,0,0.2139765,3233.0,9,0,1,0,0.0
140564,0,0.023906918,32,0,0.054573405,1300.0,5,0,0,0,0.0
140565,0,0.0,38,0,0.442869058,1198.0,6,0,0,0,0.0
140566,0,0.011745658999999999,79,0,0.400822867,4617.0,11,0,2,0,0.0
140567,0,0.543902966,37,0,0.8258348329999999,5000.0,11,0,1,0,0.0
140568,0,0.239504952,55,1,0.128763471,9000.0,17,0,0,0,0.0
140570,0,0.098990101,34,0,0.38999536799999995,2158.0,8,0,0,0,0.0
140572,0,0.348651673,61,0,0.22465981699999998,3600.0,10,0,0,1,0.0
140573,0,0.7011523620000001,60,1,0.515820802,12767.0,14,0,2,0,1.0
140574,1,1.285543608,30,3,0.15530423699999998,6277.0,9,0,0,1,1.0
140575,0,0.080890479,42,0,0.034407777,7817.0,2,0,0,0,1.0
140576,0,0.526170453,60,0,1.032786885,2500.0,16,0,1,0,0.0
140578,0,0.010890308000000001,92,0,0.002380726,10500.0,13,0,0,0,0.0
140579,0,0.40379204700000004,53,0,0.9084103920000001,9083.0,10,0,3,0,1.0
140581,0,0.057165306,66,1,0.24965279699999998,18000.0,9,0,3,0,3.0
140582,1,0.8139400090000001,67,0,1932.0,,12,0,3,0,0.0
140584,0,0.006417774,55,0,0.216343955,6558.0,6,0,1,0,0.0
140585,0,0.0,46,0,0.190769773,11353.0,8,0,1,0,1.0
140586,0,0.0,55,0,0.145542723,20000.0,9,0,1,0,4.0
140587,0,0.008921713000000001,68,0,0.003166139,6000.0,8,0,0,0,0.0
140589,0,0.113238647,49,0,0.7726136929999999,2000.0,14,0,2,0,0.0
140590,1,0.57888986,49,3,0.44930020000000004,3500.0,7,1,1,1,0.0
140591,0,0.022086248,86,0,0.017137961,3500.0,14,0,0,0,0.0
140592,0,0.074548564,80,0,0.010544496,11000.0,5,0,0,0,0.0
140593,0,0.07197003,60,0,0.693952715,8416.0,11,0,2,0,1.0
140594,0,0.004099795,58,0,0.169670603,8044.0,3,0,1,0,0.0
140597,0,0.015648574,81,0,0.000866609,15000.0,7,0,0,0,0.0
140598,1,0.667844405,54,0,0.440196908,13000.0,8,0,2,0,0.0
140601,0,0.004322145,71,0,0.098179222,2800.0,21,0,1,0,0.0
140603,0,0.24657280199999998,53,0,0.357952273,7500.0,31,0,1,0,1.0
140605,0,0.057646117000000004,53,0,0.524024508,3100.0,12,0,1,0,1.0
140606,0,0.094531802,33,0,1976.0,,4,0,1,0,0.0
140608,0,0.905895748,36,1,0.99429943,3332.0,9,0,1,0,0.0
140609,0,0.138638357,59,0,0.567961165,8857.0,18,0,1,0,0.0
140611,0,0.002109616,63,0,0.404159382,10866.0,14,0,2,0,0.0
140613,0,0.0,49,1,0.0,8416.0,4,0,0,0,3.0
140614,0,0.516088397,36,0,4032.0,,11,0,1,0,0.0
140615,0,0.0,69,0,0.0,,2,0,0,0,1.0
140616,0,0.520121563,67,0,0.337324036,7600.0,14,0,2,0,1.0
140617,0,0.17235920000000002,48,2,1.3238963529999999,2083.0,11,0,2,0,3.0
140618,0,0.7697434190000001,27,3,0.20958083800000002,500.0,4,0,0,1,0.0
140619,0,0.048006743,59,0,592.0,,12,0,1,0,0.0
140620,0,0.9999998999999999,53,1,1.625936599,1734.0,5,2,2,1,0.0
140622,0,0.459299786,37,1,0.531423429,6666.0,7,0,2,0,2.0
140624,0,0.518713921,72,0,0.311804009,22000.0,11,0,2,0,1.0
140625,0,0.006914863,56,0,0.298220182,12416.0,49,0,2,0,1.0
140626,0,0.007427626,55,0,0.10538946099999999,10000.0,15,0,0,0,0.0
140627,0,0.0179997,51,0,0.002559795,12500.0,5,0,0,0,0.0
140630,1,1.0273315109999999,50,1,0.577627772,11406.0,9,0,2,0,0.0
140632,0,0.890602685,48,0,1978.0,,6,2,2,0,0.0
140633,0,0.91372661,48,0,0.48523206799999996,3317.0,4,0,1,0,0.0
140635,0,0.7277085329999999,40,0,0.17519638199999998,4200.0,3,0,0,0,3.0
140636,0,0.173502285,55,0,3.659312135,1540.0,25,0,2,0,4.0
140638,0,0.044750100999999994,60,0,0.412201999,3900.0,9,0,1,0,1.0
140639,0,0.833691796,60,0,0.640071986,6667.0,11,0,1,0,0.0
140640,0,0.9999998999999999,52,0,1451.0,,2,1,1,0,
140641,0,0.0,44,0,924.0,,6,0,1,0,2.0
140642,0,0.10406605099999999,47,0,0.17992993,11987.0,12,0,1,0,3.0
140645,0,0.0,77,0,0.064129805,5176.0,3,0,0,0,0.0
140646,1,0.9999998999999999,61,0,1425.0,,2,1,1,1,0.0
140647,0,0.525024999,55,0,0.410133385,10420.0,5,0,2,0,0.0
140648,0,0.9999998999999999,49,0,0.586768699,4050.0,7,0,2,0,0.0
140649,1,1.976744186,46,1,0.116823765,3500.0,2,2,0,0,0.0
140651,0,0.083537057,60,0,0.276392072,7416.0,9,0,1,0,0.0
140653,0,0.523064103,46,1,0.491559894,4916.0,10,0,1,0,1.0
140654,0,0.248587876,43,0,0.405903174,16668.0,13,0,2,0,1.0
140655,0,0.004342609,58,0,1731.0,,7,0,2,0,0.0
140657,0,0.11699904,35,0,0.21790256800000002,8333.0,4,0,1,0,0.0
140658,0,0.31961304100000004,60,0,9094.0,,8,0,4,0,0.0
140660,0,0.021450139,37,0,907.0,,7,0,1,0,4.0
140662,0,0.081322967,38,0,0.30038565899999997,7000.0,11,0,1,0,3.0
140663,0,0.0,59,0,0.49497885799999997,3783.0,2,0,1,0,0.0
140664,0,0.067983004,25,0,3.5,1.0,2,0,0,0,0.0
140665,0,0.060780713,65,0,1.381348876,1200.0,5,0,1,0,0.0
140667,0,0.15034171400000002,60,1,1.920327625,4028.0,29,0,13,0,3.0
140668,0,0.9999998999999999,59,0,0.009253546999999999,1620.0,3,0,0,0,0.0
140672,0,0.175856226,45,1,0.42362468600000003,3580.0,8,0,1,0,3.0
140674,0,0.212968258,68,0,0.43732238700000003,9500.0,21,0,3,0,2.0
140676,0,0.772522748,46,0,0.766702298,3741.0,7,0,1,0,1.0
140678,0,0.090951373,66,0,0.18758124199999998,10000.0,5,0,1,0,0.0
140679,0,0.245658352,57,0,0.455284553,2705.0,10,0,0,0,1.0
140681,0,0.000693046,44,0,0.0,5178.0,2,0,0,0,0.0
140682,1,1.011168106,60,1,1616.0,0.0,4,0,1,0,0.0
140683,0,0.9999998999999999,45,0,0.0,,1,0,0,0,0.0
140685,0,0.12117290300000001,41,0,4281.0,,15,0,1,0,0.0
140686,1,0.9898444940000001,53,1,0.261261261,3773.0,6,2,0,0,1.0
140687,0,0.0,61,0,0.512815716,5344.0,17,0,1,0,0.0
140688,1,0.924415117,57,1,0.633252493,3710.0,4,6,1,0,5.0
140691,0,0.58921714,56,0,0.8625785,2706.0,12,0,1,0,0.0
140692,0,0.45878386200000004,56,2,0.34268258799999995,3600.0,5,0,1,0,0.0
140693,0,0.102252837,67,0,0.327769715,4133.0,10,0,1,0,0.0
140695,0,0.401608476,46,0,0.5887386139999999,7245.0,12,0,1,0,2.0
140696,0,0.005639774,48,0,3546.0,,10,0,2,2,0.0
140697,0,0.078111811,68,1,0.00980947,5300.0,2,0,0,0,0.0
140698,0,0.026055257999999998,58,0,41.0,,7,0,0,0,0.0
140701,0,1.093836757,33,0,0.161377709,2583.0,4,1,0,0,0.0
140702,0,0.241354818,37,0,0.628518299,11830.0,16,0,2,0,0.0
140704,0,0.07278092,57,0,1757.0,,13,0,1,0,2.0
140705,0,0.025811083,54,0,0.007006369,3139.0,3,0,0,0,0.0
140706,1,0.9999998999999999,32,0,0.08020439900000001,4500.0,10,0,0,0,1.0
140707,0,0.098289646,83,1,0.202225131,4583.0,10,0,1,0,0.0
140708,0,0.580403266,31,1,0.269092363,2500.0,6,0,0,0,0.0
140709,0,0.012648358,62,0,0.12666108,8352.0,11,0,2,0,1.0
140710,0,0.006403911,61,1,0.264129982,7200.0,9,0,2,0,0.0
140711,0,0.026924844,68,0,0.48563419799999996,1426.0,9,0,0,0,0.0
140712,0,0.50127797,45,0,0.216157795,3700.0,4,0,0,0,1.0
140714,0,0.354354855,47,0,0.29518789300000003,5880.0,3,0,1,0,1.0
140715,0,0.35400298700000005,45,0,0.23455908600000003,2800.0,5,0,0,0,0.0
140716,0,0.795560222,45,0,0.33936315200000006,8070.0,10,0,1,0,3.0
140717,0,0.095503575,58,1,0.29012239300000003,5800.0,9,0,1,0,0.0
140720,0,0.0,53,0,0.194927897,2010.0,7,0,0,0,0.0
140722,0,0.079646673,73,0,0.22062479699999998,9250.0,13,0,1,0,0.0
140723,0,0.9999998999999999,52,0,0.231479493,13970.0,8,0,3,0,0.0
140725,0,0.35890552299999995,62,0,9.262316911000001,1501.0,7,0,1,0,0.0
140726,0,0.368660346,47,0,0.32095414899999997,7000.0,14,0,1,0,1.0
140727,0,0.9999998999999999,50,0,0.5669720770000001,4583.0,10,0,2,0,3.0
140728,0,0.136172765,29,0,0.136634845,1675.0,7,0,0,0,0.0
140729,0,0.30389970000000005,42,0,0.28576622399999996,5500.0,7,0,2,0,0.0
140731,0,0.004219916,62,0,1253.0,,9,0,1,0,0.0
140732,0,0.27993128,67,0,0.378384865,25000.0,19,0,3,0,1.0
140734,0,0.030407543,67,0,0.247462992,10740.0,12,0,1,0,1.0
140735,0,0.0039998,64,0,0.170800755,7417.0,4,0,1,0,1.0
140736,0,0.149653131,74,0,0.435715161,8158.0,10,0,2,0,0.0
140737,0,0.357126375,52,0,0.229237837,8488.0,11,0,2,0,1.0
140739,0,0.038483872999999995,52,1,0.10254578800000001,19600.0,13,0,0,0,1.0
140740,0,0.006467786999999999,47,0,0.479912743,5500.0,13,0,2,0,2.0
140742,0,0.040391167,72,0,0.545092838,5277.0,9,0,3,0,0.0
140743,0,0.045431819000000005,61,0,1345.0,,3,0,1,0,0.0
140744,0,0.012137094,48,0,0.25171088399999997,10666.0,9,0,1,0,0.0
140745,0,0.181636727,23,0,0.0009995,2000.0,2,0,0,0,0.0
140746,0,0.030273096,45,0,0.48731408600000004,8000.0,10,0,3,0,0.0
140747,0,0.6875911720000001,74,0,524.0,,4,0,0,0,0.0
140748,0,0.10670754699999999,60,0,2928.0,,21,0,1,0,0.0
140749,0,0.591081784,39,1,0.46027287299999997,4983.0,6,0,1,0,3.0
140750,0,0.029624598999999998,39,0,0.5105057239999999,6900.0,10,0,1,0,1.0
140751,0,0.017885022,45,0,1950.0,,10,0,1,0,0.0
140752,0,0.9999998999999999,86,0,1460.0,,2,0,1,0,0.0
140753,0,0.856239245,66,0,1399.0,1.0,16,0,1,0,0.0
140754,0,0.04215316400000001,74,0,0.003655639,5470.0,2,0,0,0,0.0
140755,0,0.032871287,65,0,1366.0,,11,0,0,0,1.0
140757,0,0.6667316,49,0,0.780865172,3166.0,12,0,1,0,1.0
140759,0,0.0,61,0,0.18024352600000002,5830.0,9,0,2,0,0.0
140760,0,0.0,49,0,1.4492753619999998,2000.0,5,0,2,0,0.0
140761,0,0.043297296,72,0,670.0,,6,0,1,0,0.0
140762,0,0.299780015,40,0,0.196676066,16666.0,2,0,1,0,2.0
140765,0,0.203901,65,0,37.0,,2,0,0,0,0.0
140766,0,0.018538105,61,0,28.0,,4,0,0,0,0.0
140768,0,0.57079093,25,1,0.09781703,6000.0,6,0,0,0,1.0
140769,0,0.191024718,63,1,0.315316621,6900.0,8,0,2,0,0.0
140771,0,0.650467974,44,0,0.457732335,5476.0,6,0,1,0,2.0
140772,0,0.025056991,43,0,0.291284786,6000.0,6,0,1,0,2.0
140773,0,0.833457157,43,2,0.159471994,2802.0,11,0,0,0,3.0
140775,0,0.739642974,49,1,1.418639369,4688.0,16,0,2,0,0.0
140776,0,0.291724592,55,0,0.843768286,3417.0,8,0,2,0,1.0
140777,0,0.971296394,58,0,0.270596078,18000.0,13,0,1,0,0.0
140778,0,0.0,45,0,0.366891719,11700.0,11,0,4,0,3.0
140780,0,0.48183993399999997,63,0,1705.0,,7,0,1,0,
140781,0,0.9999998999999999,33,0,0.267892843,2500.0,3,0,1,0,2.0
140782,0,0.007813254,35,0,318.0,,6,0,0,0,0.0
140784,0,0.987691862,55,0,1.160367926,5000.0,17,9,2,0,5.0
140785,0,0.014741711999999999,64,1,0.340731854,3333.0,9,0,1,0,0.0
140786,0,0.09380015300000001,49,0,0.347572816,3089.0,10,0,1,0,1.0
140788,0,0.596099741,65,0,0.459672044,7500.0,13,0,1,0,0.0
140789,0,0.7515312120000001,43,0,0.5465452120000001,4500.0,9,0,1,0,3.0
140790,0,0.792013414,41,0,0.498365699,5200.0,12,0,1,0,3.0
140792,0,0.9999998999999999,40,0,0.0,700.0,0,0,0,0,2.0
140793,0,0.07679674,37,0,1750.0,,6,0,1,0,0.0
140795,0,0.37103200399999997,55,0,3422.0,,7,0,2,0,0.0
140796,0,0.0,29,0,0.5069404279999999,3457.0,6,0,1,0,0.0
140798,0,0.052590158,55,0,2821.0,,7,0,2,0,0.0
140799,0,0.0,55,0,2656.0,,13,0,1,0,0.0
140800,0,0.743796756,50,0,0.27847679399999997,12000.0,8,0,2,0,0.0
140801,0,0.9999998999999999,32,0,0.01240511,5400.0,0,0,0,1,0.0
140802,1,0.0,28,0,0.008972268,2451.0,1,0,0,0,0.0
140803,0,0.17594363699999999,62,0,0.40073454399999997,4900.0,9,0,2,0,0.0
140806,0,0.011103385,65,0,0.053407935,9829.0,12,0,1,0,0.0
140807,0,0.702762758,39,0,0.21757588600000002,4710.0,9,0,0,0,0.0
140809,0,0.0026153179999999997,52,0,0.645815481,3500.0,8,0,2,0,2.0
140810,0,0.528927745,45,0,0.18021201399999998,13300.0,5,0,2,0,1.0
140811,0,0.021156014,48,0,0.365055919,4738.0,6,0,1,0,0.0
140813,1,0.9999998999999999,28,0,0.08622449,3919.0,1,1,0,0,1.0
140815,0,0.0,48,0,0.150374951,7600.0,4,0,1,0,2.0
140816,0,0.52182335,69,0,0.331520786,5700.0,9,0,1,0,1.0
140818,0,0.7910903459999999,80,9,0.673775408,3000.0,25,0,0,3,0.0
140819,0,0.001081365,55,0,0.336132773,5000.0,22,0,2,0,0.0
140821,0,0.0,34,0,0.173808708,2916.0,8,0,0,0,1.0
140822,0,0.043255960999999996,49,0,238.0,,4,0,0,0,
140824,0,0.113034114,50,0,1575.0,,7,0,2,0,0.0
140825,0,0.49588760299999995,55,0,0.8702357740000001,5640.0,10,0,2,0,0.0
140826,0,0.0,75,0,1110.0,,4,0,1,0,0.0
140827,0,0.056884853,51,0,0.005499083,6000.0,3,0,0,0,0.0
140828,0,0.0,52,0,0.380462725,3500.0,5,0,1,0,0.0
140831,0,0.74425115,41,1,0.44913371799999996,2250.0,5,0,1,0,3.0
140834,0,0.0,65,0,0.47321428600000004,3583.0,6,0,1,0,0.0
140836,0,0.128778862,31,0,251.0,0.0,6,0,1,0,1.0
140837,0,0.443005459,46,0,1.3912016,5500.0,16,0,3,0,4.0
140838,0,0.507357646,32,0,0.373094765,3017.0,7,0,0,0,0.0
140839,1,0.044764530999999996,49,0,0.334558261,6530.0,8,0,1,0,2.0
140841,1,0.429473354,43,0,0.484969407,3758.0,6,0,1,0,1.0
140842,0,0.127203386,51,0,0.025616995,3200.0,1,0,0,0,4.0
140843,0,0.0013135739999999999,46,0,0.384018953,4642.0,30,0,2,0,3.0
140844,1,0.801578218,54,2,0.460089985,6000.0,12,0,2,1,1.0
140845,0,0.965344885,24,1,0.021494626,4000.0,3,0,0,0,2.0
140846,0,0.0,37,0,1.405297351,2000.0,5,0,2,0,1.0
140847,0,0.329595209,61,0,0.155415811,15583.0,12,0,2,0,0.0
140849,0,0.04229595,42,0,4691.0,,9,0,1,0,0.0
140850,0,0.164624401,45,0,4577.0,,3,0,1,0,
140853,0,0.9999998999999999,47,0,0.195395335,3300.0,3,0,0,0,0.0
140858,0,0.004123937,75,0,0.0009472689999999999,3166.0,4,0,0,0,0.0
140860,0,0.0,34,0,0.226306247,6066.0,7,0,1,0,1.0
140862,0,0.159195688,37,0,0.37659129799999996,5262.0,6,0,1,0,0.0
140863,0,0.538906849,52,0,0.31128196,5592.0,9,0,0,0,0.0
140864,1,0.595257814,56,1,0.13005386,13924.0,10,0,0,0,3.0
140865,0,0.268761675,64,0,2049.0,,14,0,2,0,0.0
140866,0,0.048838833,47,0,0.188947539,9282.0,18,0,1,0,0.0
140867,0,0.086889754,36,0,1329.0,,6,0,1,0,0.0
140868,1,1.164261931,56,1,0.141653502,3797.0,6,3,0,2,1.0
140869,0,0.667102531,38,0,0.120894161,4383.0,4,0,0,0,1.0
140870,0,0.21266141,48,0,0.116141417,6250.0,6,0,0,0,1.0
140872,1,1.028884304,27,0,1114.0,,7,0,0,2,
140873,0,0.062479901,51,2,0.329711353,15000.0,15,0,4,0,0.0
140875,0,0.041199793,67,0,7.0,,1,0,0,0,
140877,0,0.19023811,85,1,0.243325918,3595.0,5,0,1,0,1.0
140878,0,0.062787443,29,1,0.179897905,5680.0,4,0,0,0,0.0
140880,0,0.0015738660000000002,64,0,2.0,,5,0,0,0,0.0
140881,0,0.24186919,33,0,0.19539316899999998,5035.0,6,0,0,0,2.0
140882,0,0.032393521,72,0,0.348421053,949.0,2,0,1,0,0.0
140883,0,0.751545193,60,0,0.903066667,7499.0,16,0,1,0,0.0
140885,0,0.042471977,38,0,0.079184163,5000.0,8,0,0,0,1.0
140886,0,0.140311804,76,0,92.0,,3,0,0,0,0.0
140888,0,0.329711221,62,1,0.881365417,3573.0,7,0,3,0,0.0
140890,0,0.9999998999999999,49,0,0.638741758,9250.0,4,0,2,0,0.0
140891,0,0.012812333,68,0,0.25475841899999996,6146.0,11,0,1,0,0.0
140892,0,0.541000777,59,0,3006.0,,17,0,1,0,0.0
140893,1,0.51663798,45,0,584.0,,6,0,0,2,0.0
140894,1,0.8631368629999999,51,0,0.149306675,3100.0,3,0,0,0,0.0
140895,0,0.316277255,32,6,0.333662975,5055.0,14,1,1,1,1.0
140898,0,0.138296539,82,0,0.37392485299999995,4417.0,10,0,1,0,0.0
140899,0,0.020187688999999998,81,0,0.140464884,4000.0,13,0,0,0,0.0
140901,0,0.482084329,36,2,1002.0,,6,0,0,0,0.0
140902,0,0.013869665,40,0,0.352742244,6800.0,11,0,2,0,2.0
140903,0,1.000451122,38,0,0.819806279,5987.0,7,0,2,0,2.0
140905,0,0.02365457,58,0,0.011792968000000001,4578.0,6,0,0,0,2.0
140906,0,0.013190283,45,0,0.003230272,4333.0,3,0,0,0,0.0
140907,1,0.906562483,62,2,0.6804062129999999,1673.0,12,0,0,0,0.0
140908,0,0.0,48,0,0.259968102,3761.0,4,0,0,0,1.0
140909,1,0.999759326,25,1,0.097120271,7083.0,3,0,0,0,0.0
140910,0,0.0,84,0,16.0,,6,0,0,0,
140912,0,0.9999998999999999,48,0,1245.0,,1,0,1,0,0.0
140914,0,0.387661954,59,0,1.093230769,3249.0,18,0,1,0,2.0
140915,0,0.503526506,49,0,0.238772712,5833.0,10,0,0,0,1.0
140918,0,0.185477308,45,0,2053.0,,6,0,1,0,0.0
140919,0,0.006814471999999999,52,0,1392.0,,5,0,1,0,0.0
140920,0,0.7688536220000001,30,0,783.0,,7,0,0,0,2.0
140921,0,0.166905596,52,0,0.497073456,6833.0,13,0,2,0,1.0
140922,0,0.991059875,40,0,0.072202166,3600.0,3,0,0,0,1.0
140924,0,0.37563137799999996,28,0,0.035988004,3000.0,5,0,0,0,0.0
140925,0,0.896029706,48,0,0.070117195,25000.0,7,0,0,0,4.0
140928,0,0.446193779,29,0,936.0,1.0,8,0,1,0,1.0
140929,0,0.413906107,39,0,0.416753563,5753.0,10,0,1,0,1.0
140930,0,0.974270097,46,0,0.153063079,5500.0,4,0,0,0,0.0
140931,0,0.006904527,78,0,9.0,,14,0,0,0,0.0
140933,0,0.05705887,53,0,0.420792079,2423.0,11,0,1,1,1.0
140934,0,0.252474404,56,0,0.317712153,15000.0,11,0,2,0,0.0
140935,0,0.9823870309999999,49,0,0.204224472,8000.0,7,0,1,0,1.0
140936,0,0.479732696,48,0,1.701952724,1945.0,10,0,1,0,2.0
140938,0,0.0,42,1,0.41840373,14583.0,9,0,2,0,2.0
140940,0,0.027231665,63,0,31.0,0.0,3,0,0,0,0.0
140942,0,0.010598534,58,0,0.00359928,5000.0,8,0,0,0,0.0
140943,0,0.24179823600000003,70,0,0.566349206,6299.0,11,0,1,0,1.0
140944,0,0.0063200140000000005,57,0,0.47345314899999996,7288.0,19,0,3,0,0.0
140946,0,0.083968443,49,0,0.25439178,12067.0,10,0,2,0,2.0
140947,0,0.9999998999999999,72,0,0.109957709,2600.0,3,1,0,0,0.0
140949,0,0.0,70,0,91.0,,9,0,0,0,0.0
140950,0,0.067150635,64,0,2460.0,,9,0,1,0,0.0
140951,0,0.024954242999999997,50,0,0.28261664,8208.0,6,0,2,0,1.0
140952,0,0.271762315,34,0,0.339858392,2400.0,5,0,0,0,0.0
140953,0,0.021118874,47,0,0.073457395,11230.0,5,0,0,0,3.0
140954,1,0.856682591,46,1,0.36191915399999997,2646.0,10,0,0,0,0.0
140955,0,0.045500088,64,0,3.2014388489999996,416.0,10,0,3,0,0.0
140956,0,0.053911673,71,0,0.013906996999999999,2300.0,2,0,0,0,0.0
140958,0,0.0,74,0,0.0,2875.0,5,1,0,0,0.0
140959,0,0.056984519000000004,64,0,0.009330223,3000.0,2,0,0,0,0.0
140960,0,0.9999998999999999,25,1,0.154503106,2575.0,3,1,0,1,2.0
140961,0,0.016460845,65,0,0.174241335,13905.0,7,0,2,0,0.0
140962,1,0.578609494,47,0,0.6979761290000001,1926.0,13,0,0,0,0.0
140963,0,0.009477849,30,0,0.10254907699999999,6825.0,5,0,0,0,0.0
140964,0,0.149911545,37,0,0.662933931,6250.0,5,0,1,0,0.0
140965,0,0.74244788,43,3,0.16708363099999998,5595.0,10,1,0,0,3.0
140966,0,0.10977619,66,0,0.027616417,10500.0,11,0,0,0,0.0
140968,0,0.071331847,53,0,0.289703943,8342.0,10,0,1,0,2.0
140970,0,0.196866585,48,1,0.287483266,2987.0,13,0,1,1,1.0
140971,0,0.042209045,61,0,0.41021197200000004,7500.0,3,0,1,0,1.0
140972,0,0.858596679,47,1,640.0,,6,1,0,1,0.0
140974,0,0.039880763,56,0,0.364074815,8500.0,19,0,2,0,1.0
140976,1,0.605191257,45,1,0.269276394,5900.0,10,0,0,0,0.0
140978,0,0.013509862,37,1,0.44276729600000003,2384.0,6,0,0,0,1.0
140980,0,0.000959164,63,0,0.13233737199999998,8500.0,7,0,1,0,0.0
140982,0,0.036198921,49,0,0.323635766,6083.0,12,0,3,0,0.0
140983,0,0.24318107100000003,80,0,0.364856976,8564.0,16,0,2,0,0.0
140984,0,0.22762574600000002,36,0,0.36439033,17000.0,7,0,2,0,2.0
140985,0,0.026336487000000002,71,0,36.0,0.0,8,0,0,0,0.0
140986,0,0.008867974,57,0,0.206798867,6000.0,19,0,1,0,0.0
140987,0,0.037547695,59,2,0.24090256899999998,7666.0,6,0,1,1,1.0
140988,0,0.022774285,56,0,0.19268598,11183.0,9,0,1,0,2.0
140989,0,0.564569891,56,0,0.324573773,7800.0,5,0,1,0,1.0
140990,0,0.97915545,57,0,0.31431596300000003,8500.0,7,0,2,1,1.0
140991,0,0.306947594,66,0,0.6085887560000001,6100.0,10,0,3,0,0.0
140992,0,0.254840762,59,1,1.171865627,3333.0,16,0,2,0,0.0
140993,0,0.0,48,0,0.312851489,4800.0,5,0,1,0,3.0
140994,0,0.039252907000000004,66,0,791.0,,3,0,1,0,0.0
140995,0,0.032592802000000004,35,0,0.34315008700000005,4583.0,6,0,1,0,0.0
140996,0,0.8808318209999999,33,0,0.393060522,7550.0,11,0,1,0,3.0
140998,0,0.356094065,47,0,0.564348647,6355.0,13,0,3,1,0.0
141000,0,0.0,76,0,0.0,3141.0,4,0,0,0,0.0
141001,0,0.40698548799999995,39,1,0.48229620000000006,8500.0,11,0,2,0,1.0
141003,0,0.0031157240000000003,41,0,0.031413613,9167.0,5,0,0,0,0.0
141004,1,0.9971525059999999,59,2,2313.0,,12,1,0,0,2.0
141005,0,0.52003478,26,0,0.302599422,4500.0,5,0,0,0,0.0
141006,0,0.098692776,47,0,0.256899749,9166.0,8,0,1,0,2.0
141008,1,0.130047833,50,0,0.505604362,3300.0,14,0,0,0,0.0
141009,0,0.9999998999999999,25,1,0.08439897699999999,4300.0,2,0,0,0,1.0
141010,0,0.00016297799999999998,61,0,1.112623676,14250.0,16,0,3,0,0.0
141011,0,0.479952005,80,0,0.6940590059999999,7422.0,7,0,2,0,1.0
141013,0,0.0,76,0,0.0,,3,0,0,0,1.0
141014,0,0.398165406,59,0,0.23783287399999997,9800.0,16,0,1,0,0.0
141015,0,0.075097497,57,0,2466.0,,6,0,1,0,2.0
141016,0,0.211799298,41,0,0.297847312,8500.0,10,0,2,0,3.0
141018,0,0.050263315999999995,52,0,0.177192185,2200.0,7,0,0,0,0.0
141019,0,1.003428082,31,0,0.344787193,2560.0,4,0,0,0,0.0
141022,0,0.007395005,64,0,0.149706707,3920.0,4,0,1,0,1.0
141023,0,0.014049298,85,0,8.0,,2,0,0,0,0.0
141024,1,0.7806267809999999,59,0,0.017641093,42400.0,6,0,1,0,3.0
141025,0,0.9999998999999999,54,0,0.461229409,2488.0,4,0,1,0,0.0
141026,0,0.78166349,62,1,0.338155515,9400.0,15,0,2,1,0.0
141027,0,0.341079539,45,1,0.48566985100000004,4500.0,10,0,1,0,0.0
141029,0,0.647620977,39,0,0.745298738,4200.0,13,0,2,0,1.0
141030,0,0.058241061,88,0,36.0,,3,0,0,0,
141032,0,0.023623777999999998,26,0,0.001713796,3500.0,3,0,0,0,0.0
141033,0,0.245932862,52,0,0.304069593,10000.0,16,0,7,0,1.0
141035,0,0.28408954,30,0,0.7657142859999999,3324.0,10,0,1,0,0.0
141036,0,0.070895604,70,0,0.862045985,6001.0,10,0,3,0,0.0
141037,0,0.0,64,0,0.229476953,14166.0,15,0,3,0,0.0
141038,0,0.043559505,53,0,230.0,,4,0,1,0,0.0
141039,1,0.9867109629999999,60,1,0.258421188,3888.0,4,0,1,0,0.0
141040,0,0.0,28,0,0.678431373,764.0,3,1,0,0,0.0
141041,0,0.089797007,53,0,0.339047305,12133.0,7,0,2,0,2.0
141042,0,0.021749506000000002,49,0,0.282585871,6666.0,12,0,2,0,0.0
141044,0,0.100777039,51,0,2.036120732,2020.0,10,0,1,0,1.0
141047,0,0.0,73,0,1347.0,,9,0,2,0,0.0
141048,0,0.027613765,77,0,0.374809327,4588.0,7,0,2,0,0.0
141049,0,0.34998793100000003,39,0,0.41197954700000006,5475.0,10,0,1,0,3.0
141050,0,0.076973732,69,0,0.008257099,16833.0,8,0,1,0,0.0
141053,0,0.017271942,55,0,0.305538892,5000.0,10,0,1,0,1.0
141055,0,0.568401975,65,0,0.175893353,5400.0,9,0,0,0,0.0
141056,0,0.198709208,68,0,0.23532898600000002,8434.0,5,0,2,0,0.0
141057,0,0.9999998999999999,55,0,0.44926361299999995,7400.0,5,0,2,0,1.0
141058,0,0.317674092,27,1,0.343330477,3500.0,11,0,0,0,2.0
141059,0,0.19426204800000002,47,1,0.9253665040000001,2250.0,16,0,1,0,4.0
141060,0,0.048011197,46,0,0.016231475,4250.0,5,0,0,0,0.0
141061,0,0.0,30,1,0.0,1636.0,1,0,0,0,0.0
141062,0,0.0,80,0,0.0,,7,0,0,0,0.0
141064,0,0.0,50,0,0.370115266,7113.0,14,0,2,0,1.0
141066,0,0.6205680379999999,39,0,0.34046134,10100.0,11,0,1,0,4.0
141067,0,0.665214698,50,0,4.39941349,1704.0,12,0,3,0,3.0
141068,0,0.044111542999999996,46,0,35.0,,4,0,0,0,
141069,0,0.141769902,49,0,0.041995579000000005,9500.0,8,0,0,0,0.0
141070,0,0.554011284,46,0,0.115922371,9583.0,9,2,1,0,3.0
141071,0,0.9999998999999999,24,98,0.0,750.0,0,98,0,98,0.0
141072,0,0.87790407,33,0,0.36229648700000006,5834.0,8,0,1,0,1.0
141073,0,0.9999998999999999,57,0,0.0,,0,0,0,0,0.0
141074,0,0.087162276,52,0,0.35816916,6750.0,20,0,2,0,0.0
141075,1,1.0581880209999999,32,3,0.188689732,7196.0,7,2,0,2,4.0
141076,0,0.03634118,80,0,3639.0,,8,0,4,0,0.0
141077,0,0.826505103,48,0,0.315394848,8268.0,12,0,2,0,0.0
141078,0,0.9999998999999999,33,0,0.423644089,4000.0,6,0,1,0,3.0
141080,1,0.064546488,62,3,0.014492753999999998,3380.0,12,1,0,0,1.0
141082,0,0.6572322939999999,49,0,2271.0,,15,0,2,1,2.0
141083,0,0.045798186,30,0,2.931515152,1649.0,12,0,2,0,0.0
141084,0,0.17218444,42,0,0.539043751,5416.0,12,0,1,0,1.0
141088,0,0.39078807600000004,68,0,2749.0,,13,0,1,0,0.0
141089,0,0.018466051,62,0,0.00159984,10000.0,1,0,0,0,0.0
141090,0,0.9999998999999999,55,0,0.0,6000.0,0,0,0,0,1.0
141091,0,0.0,28,0,0.676318511,2900.0,6,0,1,0,0.0
141092,0,0.154263675,54,0,0.14924597,7691.0,7,0,1,0,0.0
141093,0,0.37537498399999997,34,0,0.31804820699999997,1700.0,3,0,0,0,0.0
141096,0,0.059748367000000004,50,0,0.498800959,1250.0,6,0,0,0,0.0
141097,0,0.17043482699999998,38,0,0.4,6469.0,8,0,1,0,2.0
141098,0,0.40160519299999997,37,1,0.333614153,3560.0,9,0,1,0,3.0
141099,0,0.91518362,54,0,0.593101943,4580.0,14,0,0,0,0.0
141101,0,0.634867874,56,0,3148.0,,6,0,1,0,0.0
141103,1,0.599975053,59,2,0.41209044799999994,6500.0,18,2,0,0,0.0
141104,0,0.42632483200000004,36,0,0.328667833,4000.0,16,0,0,0,3.0
141105,0,0.018465436000000002,54,0,0.10959454,27400.0,5,0,1,0,4.0
141108,0,0.0,54,0,1883.0,,6,0,1,0,0.0
141109,0,0.025174371,74,0,0.006443013,4500.0,5,0,0,0,0.0
141111,0,0.166394434,40,0,1.00159936,2500.0,12,0,2,0,1.0
141112,0,0.9999998999999999,52,0,0.17309907800000002,3471.0,3,0,0,0,3.0
141114,0,0.7150937279999999,47,0,0.671636393,24883.0,40,0,20,0,2.0
141116,0,1.02629737,40,0,1153.0,,6,1,1,0,2.0
141117,0,0.020832465,53,0,1471.0,,7,0,1,0,0.0
141119,0,0.23297842100000002,64,0,0.101132686,2471.0,13,0,0,0,1.0
141120,0,0.9999998999999999,44,1,91.0,,1,2,0,0,3.0
141122,0,0.295794585,49,1,3246.0,,16,0,2,0,1.0
141123,0,0.023414715,51,0,2606.0,,8,0,2,0,2.0
141124,0,0.646561049,60,0,2559.0,,11,0,2,0,0.0
141125,0,0.09116002,62,0,112.0,,4,0,0,0,
141126,0,0.010399653,62,0,0.001542681,5833.0,3,0,0,0,0.0
141128,0,0.06263392599999999,69,0,0.285810583,8900.0,11,0,1,0,0.0
141129,0,0.00762773,50,0,0.391202932,3000.0,10,0,1,0,2.0
141130,0,0.0,55,0,1231.0,,5,0,1,0,0.0
141131,0,0.13283319400000002,44,0,0.33960549,11000.0,17,0,1,0,3.0
141132,0,1.0568033620000001,45,1,0.025762231,8461.0,4,1,0,0,0.0
141133,0,0.7454406929999999,54,0,1309.0,1.0,11,0,2,0,2.0
141135,0,0.749521874,63,0,7977.0,,15,0,4,0,2.0
141137,1,0.8488042159999999,30,0,0.423883808,1858.0,5,0,0,0,1.0
141140,1,0.04729527,52,1,0.550556984,2333.0,9,0,0,0,0.0
141141,0,0.29277469899999997,67,1,0.528127459,5083.0,8,0,3,0,2.0
141143,0,0.13691835300000002,35,0,0.504352414,3790.0,5,0,1,0,0.0
141145,0,0.0,65,0,23.0,,8,0,0,0,0.0
141146,0,0.081849666,47,0,488.5,1.0,4,0,1,0,2.0
141147,1,0.9999998999999999,26,0,0.09757566599999999,6640.0,1,3,0,0,1.0
141148,1,0.46544546200000003,27,0,0.552578968,2500.0,4,1,0,1,0.0
141149,0,0.099668046,35,0,0.237502777,4500.0,5,0,1,0,0.0
141150,0,0.0026611829999999997,34,0,0.22436849899999997,4710.0,6,0,1,0,1.0
141152,0,0.7532852529999999,50,1,0.20559461899999998,6541.0,10,0,1,0,1.0
141153,0,0.024139682000000003,46,0,0.49770046,5000.0,15,0,2,0,3.0
141156,0,0.028061499,37,0,0.447695684,4100.0,9,0,1,0,0.0
141158,0,0.86170461,52,0,0.7056413859999999,8543.0,11,0,1,0,1.0
141159,0,0.471120305,72,0,0.414612415,6733.0,12,0,2,0,0.0
141161,0,0.411485304,40,0,2126.0,,9,0,1,0,0.0
141163,0,0.705429457,36,0,0.057995167,12000.0,4,0,0,1,1.0
141165,0,0.677938967,42,0,1535.0,,7,0,1,0,0.0
141166,0,0.023161424,76,0,0.088562994,10500.0,10,0,0,0,0.0
141167,0,0.7826519690000001,37,0,0.47930413899999996,3333.0,10,0,0,0,0.0
141168,0,0.033684619,78,0,46.0,,8,0,0,0,0.0
141170,1,0.0063640219999999996,77,0,0.304231923,3000.0,22,0,1,0,0.0
141171,0,0.6819264359999999,54,0,0.743296064,11000.0,17,0,3,0,0.0
141172,0,0.0,70,0,0.0,2500.0,4,0,0,0,0.0
141173,0,0.541384532,32,0,0.36332476399999997,3500.0,5,0,1,0,0.0
141174,0,0.030620709,58,0,1.991519896,1532.0,12,0,2,0,0.0
141175,0,0.887986499,77,1,0.375239923,4167.0,8,0,0,0,0.0
141176,0,0.716877366,28,0,0.18547913,3401.0,3,0,0,0,0.0
141177,0,0.897505694,42,0,0.5013998129999999,7500.0,9,1,1,0,2.0
141179,0,0.13270049,47,0,13707.0,,9,0,4,0,0.0
141180,0,0.06479275799999999,41,1,0.738175988,16216.0,9,0,2,0,2.0
141181,0,0.0,45,0,0.233348716,6500.0,3,0,1,0,2.0
141184,0,0.081850642,60,1,0.323533823,20000.0,18,0,3,0,1.0
141185,0,0.02526501,57,0,0.36457957399999996,11083.0,15,0,3,0,0.0
141188,0,0.07467112599999999,42,0,0.327104556,16000.0,5,0,3,0,1.0
141190,0,0.240829047,56,0,0.215378462,10000.0,19,0,0,0,0.0
141191,0,0.062310616,64,0,851.0,,9,0,1,0,
141192,0,0.046063686,48,0,0.428822847,25000.0,9,0,4,0,3.0
141193,0,0.007314613,60,0,470.0,,9,0,0,0,0.0
141194,0,0.42208215600000004,33,0,0.130217446,4000.0,10,0,0,0,0.0
141196,0,0.031492336,40,0,0.136520959,7800.0,15,0,1,0,3.0
141197,0,0.0214725,61,0,0.23987159600000002,9033.0,6,0,1,0,0.0
141198,0,0.032430679,52,0,10.78774767,4390.0,7,0,1,0,0.0
141199,0,0.052718265,75,0,1271.0,,7,0,1,0,0.0
141200,0,0.0032142140000000004,50,0,0.5600505689999999,4745.0,13,0,1,0,2.0
141201,0,0.039518916,63,0,0.413995884,3400.0,18,0,1,0,1.0
141204,0,0.11027418900000001,61,0,0.11334824800000001,14750.0,10,0,1,0,0.0
141205,0,0.018879245,81,0,0.006665778000000001,7500.0,5,0,0,0,0.0
141206,0,0.01019932,65,0,0.276704419,4502.0,9,0,2,0,2.0
141208,0,0.0060967880000000006,40,0,0.54292804,8059.0,12,0,1,0,1.0
141211,0,0.9999998999999999,42,0,0.492115751,5770.0,4,0,2,0,0.0
141213,0,0.0359976,66,0,0.024975025,1000.0,5,0,0,0,0.0
141214,0,0.033827698999999996,63,1,2359.0,,19,0,1,0,1.0
141215,0,0.0,36,0,0.330533893,5000.0,10,0,1,0,2.0
141216,0,0.9999998999999999,89,0,0.0,,5,0,0,0,
141217,0,0.009999851,41,0,0.170685802,8500.0,8,0,1,0,0.0
141220,0,0.335382562,38,0,2247.0,,9,0,1,0,2.0
141221,0,0.008020204,88,0,0.001749563,4000.0,5,0,0,0,0.0
141222,0,0.0,60,1,0.057094082000000004,5271.0,6,0,0,0,3.0
141223,0,0.874829027,46,0,2521.0,,6,1,1,0,1.0
141225,0,0.14116273099999999,63,0,0.787676936,1200.0,11,0,1,0,0.0
141227,0,0.086661414,75,0,0.023320378,1800.0,5,0,0,0,0.0
141229,0,1.100945972,73,0,1.050736498,1832.0,10,1,0,0,1.0
141230,1,0.66809203,58,1,0.52001536,20833.0,26,0,3,0,0.0
141231,0,1.25e-05,69,0,0.112791592,3900.0,7,0,0,0,0.0
141232,0,0.0,68,0,0.293588301,2666.0,3,0,1,0,0.0
141233,0,0.08152579,55,0,2976.0,,7,0,1,0,0.0
141234,0,0.40932759799999996,39,0,1296.0,,5,0,0,0,2.0
141235,0,0.383701078,40,0,0.053883104,33516.0,14,0,1,0,2.0
141237,0,0.9999998999999999,31,0,0.319578258,5500.0,5,0,1,0,2.0
141238,0,0.005967017,48,0,3523.0,,9,0,2,0,0.0
141239,0,0.535064574,54,1,0.213212025,7583.0,6,0,1,0,1.0
141241,0,0.038230772,70,0,84.0,,6,0,0,0,0.0
141242,1,0.060539652,28,0,0.35121626100000003,3000.0,9,2,0,0,1.0
141244,0,0.810237203,32,0,0.093981204,5000.0,1,2,0,0,0.0
141245,0,0.029673729,53,0,0.145300197,8127.0,5,0,1,0,0.0
141248,0,0.068528765,82,0,0.008902077,3369.0,3,0,0,0,0.0
141249,0,0.123850863,41,0,0.554489102,5000.0,13,0,3,0,0.0
141250,0,0.0,45,0,0.269373063,10000.0,5,0,2,0,2.0
141252,0,0.930671054,42,0,0.357577995,5416.0,7,0,1,0,3.0
141253,0,0.9999998999999999,35,0,4194.0,,8,0,2,0,2.0
141254,0,0.25920298,39,2,0.741481145,2200.0,13,0,0,0,3.0
141255,0,0.9999998999999999,32,0,0.105964678,3000.0,2,2,0,0,1.0
141256,0,0.005935566999999999,59,0,0.14507721099999998,10166.0,16,0,1,0,0.0
141257,0,0.9999998999999999,49,1,0.374803599,7000.0,5,0,1,0,0.0
141258,0,1.018993669,62,1,0.42580645200000006,5579.0,7,0,3,0,1.0
141259,0,0.39955604899999997,34,0,0.189270243,3000.0,4,0,0,0,0.0
141260,0,0.063770747,78,0,0.072836332,3500.0,11,0,0,0,1.0
141261,0,0.24915017,81,0,0.010497376000000001,4000.0,1,0,0,0,0.0
141262,0,0.005725266,63,0,0.000706589,5660.0,4,0,0,0,0.0
141265,0,0.49731548200000003,55,1,2.54053565,5525.0,23,0,1,0,1.0
141266,0,0.537333242,67,0,0.6584176979999999,8000.0,15,0,3,0,2.0
141267,0,0.0,56,0,0.9044988159999999,3800.0,9,0,1,0,0.0
141269,0,0.0,65,0,0.252649836,5188.0,6,0,1,0,0.0
141270,0,0.9768474,65,0,0.333129273,9800.0,8,0,2,0,0.0
141271,0,0.000663848,67,0,0.22162620000000002,7083.0,3,0,1,0,0.0
141274,0,0.004523594000000001,52,0,1830.0,,5,0,2,0,1.0
141275,0,0.0,66,0,404.0,,12,0,0,0,0.0
141276,0,0.9999998999999999,62,0,7484.0,,9,0,3,0,0.0
141277,0,0.8295677309999999,53,0,0.296282732,5460.0,4,0,0,0,0.0
141280,0,0.9999998999999999,40,0,0.166553056,4400.0,3,0,0,1,3.0
141283,0,0.12497159699999999,80,0,0.029136316000000002,960.0,6,0,0,0,0.0
141288,0,0.0,52,0,0.38833333299999995,2999.0,7,0,0,0,2.0
141289,0,0.040873978,52,0,0.237259708,7750.0,8,0,2,0,1.0
141290,0,0.489061236,42,0,1603.0,,11,0,0,0,3.0
141292,0,0.244219028,60,0,0.206026131,11250.0,12,0,1,0,2.0
141294,0,0.193324506,44,0,566.0,,4,0,0,0,3.0
141295,0,0.09650862199999999,59,0,0.281975673,5425.0,6,0,1,0,2.0
141296,0,0.000745083,46,0,1887.0,,8,0,1,0,1.0
141297,0,0.209127502,60,1,0.317086235,5600.0,14,0,2,0,0.0
141299,0,0.7577697390000001,63,0,0.37067015799999997,8400.0,9,0,1,0,1.0
141300,0,0.0,32,0,0.14903129699999998,4025.0,3,0,1,0,1.0
141301,0,0.20398926399999998,37,2,0.599910461,6700.0,6,0,2,0,2.0
141302,0,0.08641602300000001,43,0,0.070390207,3920.0,7,0,0,0,0.0
141303,0,0.044773880999999995,52,0,0.14735658,8000.0,7,0,1,0,2.0
141304,0,0.11515178699999999,35,0,0.029219531,2600.0,4,0,0,0,0.0
141306,0,0.9999998999999999,32,0,0.00055991,1785.0,1,0,0,0,0.0
141308,0,0.303293188,62,0,0.48810026799999995,7100.0,13,0,2,0,3.0
141309,0,0.007821875,41,0,1.153589316,4791.0,7,0,3,0,1.0
141311,0,0.379244246,35,0,0.249954882,5540.0,12,0,0,0,3.0
141312,0,0.27242203600000003,43,0,0.374173869,5900.0,9,0,1,0,1.0
141313,0,0.083806847,59,0,0.046651116,3000.0,4,0,0,0,0.0
141315,0,0.44863947600000004,45,0,0.239264665,7125.0,6,0,1,0,3.0
141316,0,0.12088127300000001,48,0,0.39275966100000004,6960.0,5,0,2,0,2.0
141317,0,0.003099845,47,0,2502.0,,3,0,1,0,0.0
141318,0,0.004546804000000001,55,0,0.00079992,10000.0,7,0,0,0,0.0
141319,0,0.001622463,44,0,0.605863975,4160.0,11,0,1,0,2.0
141320,0,0.933033483,27,1,0.11772057,4000.0,4,0,0,0,1.0
141321,0,0.14127417,51,0,0.330279732,6112.0,10,0,2,0,0.0
141322,0,0.09999694199999999,61,1,221.0,,10,0,0,0,0.0
141324,0,0.654260638,28,0,0.32033983,2000.0,3,0,0,0,0.0
141328,0,0.136147091,49,0,0.26409198899999997,8000.0,10,0,2,0,2.0
141331,0,0.066974639,54,0,0.054961832,1964.0,17,0,0,0,0.0
141332,0,0.06412045799999999,53,0,2952.0,,8,0,2,0,2.0
141334,0,0.092012879,49,0,0.353608783,13480.0,16,0,4,0,2.0
141335,0,0.019425749,49,0,0.388623486,9000.0,9,0,1,0,3.0
141337,0,0.053526135999999995,38,1,2779.0,,9,0,1,0,0.0
141338,0,0.703544416,43,0,0.441200046,8732.0,6,0,2,0,4.0
141339,0,0.11258174900000001,55,0,0.23674562899999999,7091.0,13,0,1,0,0.0
141341,0,0.23532704,61,0,0.208620307,4500.0,7,0,1,0,0.0
141342,0,0.017933672,28,0,0.52226598,3300.0,9,0,2,0,0.0
141343,0,0.057918842000000005,43,0,0.16965888699999998,1113.0,12,0,0,0,1.0
141346,0,0.021752549,51,0,3765.0,,8,0,2,0,0.0
141348,0,0.992011005,31,2,0.256878665,4433.0,5,0,0,0,0.0
141349,0,0.925802473,68,1,0.468804231,12100.0,7,0,2,0,1.0
141350,0,0.0,49,0,0.34996436200000003,8417.0,6,0,1,0,0.0
141351,0,0.045016941,69,0,0.672530988,2500.0,15,0,2,0,0.0
141352,0,0.0,68,0,0.0,,5,0,0,0,0.0
141353,0,0.014624315,60,0,0.380641578,7200.0,19,0,1,0,3.0
141355,0,0.9999998999999999,57,2,2732.0,0.0,2,1,1,0,1.0
141356,0,0.045552345,64,0,0.016430172,4016.0,5,0,0,0,0.0
141357,0,0.162055863,36,0,0.015996801,5000.0,2,0,0,0,2.0
141358,0,0.029008971,74,0,0.24089635899999998,5354.0,8,0,1,0,0.0
141359,0,0.287203698,39,0,0.502336744,7916.0,7,0,1,0,5.0
141362,0,0.87480006,43,1,0.351894297,14833.0,4,0,1,0,3.0
141363,0,0.6816556570000001,56,0,0.771450558,12994.0,9,0,6,0,1.0
141364,1,0.068623853,53,0,0.316318996,10833.0,16,0,2,0,0.0
141365,0,0.434935716,29,1,0.101249541,5441.0,8,0,0,0,2.0
141366,0,0.669201735,57,0,0.363592311,6190.0,9,0,2,0,1.0
141367,0,0.0,74,0,1249.0,,5,0,1,0,0.0
141368,0,0.754624258,45,2,0.554621063,10700.0,12,0,4,2,0.0
141369,0,0.083561599,52,1,0.161100196,5598.0,8,0,0,0,1.0
141371,0,0.946430792,46,0,0.368001387,5768.0,17,0,0,0,0.0
141372,0,0.9999998999999999,26,0,75.0,,4,0,0,0,
141373,0,0.003242852,67,0,0.000999833,6000.0,5,0,0,0,0.0
141375,0,0.6036665210000001,36,0,0.40177544,6082.0,6,0,2,0,1.0
141377,1,0.9916480409999999,26,1,0.09328794800000001,9400.0,7,0,0,0,1.0
141378,0,0.02890447,62,0,0.004142265,7000.0,7,0,0,0,0.0
141380,0,0.9999998999999999,32,0,448.0,,3,1,0,0,0.0
141383,0,0.9139384429999999,35,1,0.9966703659999999,900.0,6,0,0,0,4.0
141384,0,0.0,30,0,0.774480712,336.0,9,2,0,0,0.0
141385,0,0.7488807540000001,33,0,0.46365022899999997,5900.0,11,0,1,0,0.0
141386,0,0.012186231,73,0,0.18206693300000001,4750.0,3,0,1,0,0.0
141387,0,0.594920946,40,0,0.178865508,4371.0,4,0,0,0,3.0
141388,0,0.061936652,62,0,2946.0,,18,0,2,0,1.0
141389,1,0.9712238209999999,36,1,1.069980006,3500.0,11,0,1,0,0.0
141391,0,0.019676785,34,0,0.5637149029999999,8333.0,9,0,2,0,2.0
141392,0,0.161269545,51,0,0.34954078899999996,1850.0,9,0,0,0,0.0
141393,0,0.0,54,1,0.19737637,11586.0,11,0,1,0,3.0
141394,1,0.522199353,34,0,316.0,,4,1,0,0,0.0
141395,0,0.08809847800000001,54,0,2293.0,,5,0,1,0,0.0
141397,0,0.017041439,59,0,0.6609506620000001,3323.0,5,0,1,0,0.0
141399,0,0.0,82,0,53.0,,9,0,0,0,0.0
141400,0,0.9999998999999999,22,98,0.0,4500.0,0,98,0,98,0.0
141401,1,0.885762285,44,0,0.727921009,16406.0,14,0,8,0,1.0
141402,0,0.9999998999999999,35,0,0.314895035,3000.0,2,2,0,1,3.0
141403,0,0.36434520600000003,32,0,0.48303444700000003,7750.0,9,0,1,0,1.0
141404,0,0.050657300999999995,75,0,0.005808971,10500.0,8,0,0,0,0.0
141405,0,0.0,42,0,0.019939717,8625.0,9,0,0,0,0.0
141406,0,0.59089062,73,0,0.24671916,8000.0,5,0,0,0,1.0
141407,0,0.068978045,53,0,0.373290137,8333.0,7,0,2,0,1.0
141408,0,0.035898205,62,0,1774.0,,6,0,1,0,0.0
141409,0,0.038287003,51,0,0.143480429,8021.0,13,0,0,0,0.0
141410,0,0.0,52,0,0.354823228,6250.0,11,0,2,0,0.0
141411,0,0.005785301,56,0,0.44744618,2368.0,3,0,1,0,0.0
141412,0,0.462576449,50,1,0.37273259200000003,3417.0,6,0,2,0,2.0
141414,0,0.824097572,36,0,0.929395478,2166.0,6,0,1,0,2.0
141415,0,0.092652877,69,0,0.193784497,8333.0,11,0,2,0,1.0
141417,0,0.00014999299999999999,60,0,0.017207223,17666.0,4,0,0,0,1.0
141420,0,0.299160679,58,0,0.33905027299999996,9328.0,19,0,1,0,1.0
141423,0,0.0,76,0,0.496501166,3000.0,7,0,1,0,1.0
141424,0,0.013236494,48,0,0.077695716,6769.0,5,0,0,0,1.0
141425,0,0.729236882,78,0,0.428466402,6800.0,11,0,1,0,1.0
141426,1,0.8375812090000001,56,0,0.057220707999999995,1100.0,2,2,0,1,3.0
141428,0,0.032875784,61,1,0.36621126299999995,3000.0,8,0,2,0,0.0
141429,0,0.9999998999999999,46,0,2994.0,,2,0,2,0,1.0
141431,0,0.001089005,67,0,0.111983666,6366.0,9,0,0,0,1.0
141432,0,0.248237588,42,1,0.664778407,3000.0,9,0,2,0,1.0
141433,0,0.053059592,41,0,0.6360909770000001,4000.0,10,0,2,0,0.0
141434,0,0.11931661,58,0,0.123275027,21666.0,10,0,3,0,1.0
141435,0,0.191640418,61,0,0.163088168,13133.0,7,0,2,0,0.0
141436,0,0.006666465,51,0,0.18384841,4432.0,3,0,1,0,1.0
141437,1,0.9999998999999999,47,1,0.803345573,2450.0,4,0,1,1,0.0
141438,0,0.049644608,67,0,0.65897651,2383.0,11,0,1,0,0.0
141439,1,0.9999998999999999,26,0,387.0,,1,0,0,0,0.0
141440,0,0.615761369,57,0,1342.0,,6,0,1,0,
141442,0,0.0,28,1,0.406320542,3100.0,4,0,1,0,0.0
141443,1,0.995286388,42,1,0.505749042,6000.0,14,0,1,0,1.0
141444,0,0.03623351,42,0,0.404549509,8967.0,7,0,2,0,1.0
141445,0,0.018372703,51,0,0.33915976700000006,3260.0,5,0,1,0,0.0
141446,0,0.065592734,54,0,1370.0,,8,0,0,0,1.0
141448,0,0.019997728,29,0,0.002776235,1800.0,3,0,0,0,0.0
141450,0,0.10728899900000001,72,0,0.299378546,3700.0,19,0,1,0,0.0
141451,0,0.48772513,44,1,1.0866529120000001,6300.0,9,0,3,0,2.0
141454,0,0.127997608,46,0,0.5719418000000001,5566.0,12,0,1,0,0.0
141455,0,0.099031577,70,0,0.63071066,3939.0,5,0,1,0,0.0
141456,0,0.566697907,40,0,0.123153829,4400.0,7,0,0,0,2.0
141457,1,0.750333293,47,1,0.1308637,4966.0,7,1,0,0,1.0
141459,0,0.488634091,58,0,1372.0,,2,0,1,0,0.0
141460,0,0.0,38,0,0.018566124,3500.0,8,0,0,0,0.0
141461,0,0.069206769,51,0,2610.0,,8,0,3,0,0.0
141464,0,0.7217594140000001,58,0,1.089908257,1089.0,6,0,1,0,1.0
141465,0,0.9999998999999999,45,0,0.43221169600000003,3060.0,1,0,1,0,0.0
141466,0,0.0,65,0,3421.0,,7,0,2,0,0.0
141467,0,0.379739179,59,0,0.241797192,50500.0,22,0,2,0,1.0
141468,0,0.001054026,40,0,1038.0,,4,0,2,0,0.0
141469,1,0.8773318940000001,45,3,11.82247191,444.0,14,1,2,0,3.0
141470,0,0.033233339,64,0,2140.0,,4,0,1,0,0.0
141473,0,0.5243738720000001,47,0,1.022829006,4467.0,11,0,2,0,1.0
141474,0,0.0,26,0,0.0,,1,0,0,0,0.0
141475,0,0.358502117,41,0,0.52408289,7141.0,13,0,2,0,0.0
141476,0,0.9383591520000001,70,0,0.471273604,7466.0,19,0,0,0,0.0
141477,0,0.16290923300000001,30,1,0.252409854,2800.0,5,0,0,0,2.0
141478,0,0.848592298,50,0,2126.0,,11,0,0,0,0.0
141479,0,0.0009879280000000001,53,0,0.0005984440000000001,1670.0,6,0,0,0,0.0
141480,0,0.9999998999999999,68,0,80.0,,1,0,0,0,0.0
141481,0,0.292068477,49,0,1.3867097369999999,4333.0,11,0,3,0,0.0
141482,0,0.000669349,62,0,0.106578684,5000.0,15,0,1,0,0.0
141483,0,0.039987907,55,0,0.183250892,8692.0,11,0,1,0,3.0
141484,1,0.5505617979999999,29,2,287.0,,6,1,0,2,0.0
141486,0,0.000547236,32,0,0.0,3050.0,3,0,0,0,0.0
141487,0,0.7369774309999999,49,0,0.115121402,10666.0,9,0,1,0,4.0
141488,0,0.0,57,0,0.0,10580.0,1,0,0,0,3.0
141489,0,0.299398784,38,0,0.39209352399999997,6500.0,8,0,2,0,0.0
141490,0,0.0,37,0,1.776447106,500.0,5,0,1,0,2.0
141491,0,0.001257107,72,0,2374.0,,7,0,2,0,0.0
141492,0,0.0,54,0,0.450088695,6200.0,11,0,2,0,2.0
141494,0,0.064346783,60,0,0.230273258,6513.0,5,1,1,0,0.0
141495,0,0.03404749,46,0,0.194084833,9500.0,10,0,1,0,2.0
141498,0,0.08048944599999999,64,0,0.321979227,15500.0,6,0,1,0,0.0
141499,0,0.010383629,77,0,0.001722865,8125.0,5,0,0,0,0.0
141500,1,0.000499975,63,0,0.721207163,11000.0,9,0,5,0,0.0
141501,0,0.048025032999999995,35,0,0.017050837,3166.0,5,0,0,0,0.0
141502,0,0.34651511,33,1,0.290796824,3400.0,12,0,1,1,2.0
141503,0,0.650388685,68,0,0.271836095,10200.0,8,0,1,0,0.0
141506,0,0.206384984,79,0,0.25254949,1666.0,3,0,0,0,0.0
141509,1,0.9999998999999999,66,3,36.0,,4,0,0,0,0.0
141510,0,0.021524819,64,0,0.33920495100000003,4200.0,13,0,2,0,1.0
141511,0,0.6996921979999999,35,0,1410.0,,5,0,0,0,0.0
141512,0,0.451117108,44,2,0.7516124190000001,6666.0,12,0,4,2,0.0
141516,0,0.0,37,0,0.8632156320000001,2916.0,6,0,1,0,0.0
141517,0,0.097674162,55,0,1417.0,,6,0,1,0,0.0
141520,0,0.33753249399999996,37,1,0.641500475,4211.0,5,0,1,0,1.0
141522,0,0.10803244,63,0,0.6456318639999999,6100.0,41,0,2,0,0.0
141523,0,0.040320112000000005,31,0,0.198852917,13250.0,17,0,1,0,0.0
141527,0,0.025224992999999998,61,0,0.081241148,7766.0,4,0,0,0,1.0
141528,0,0.9999998999999999,48,0,2257.0,,9,0,2,0,0.0
141529,0,0.155168966,49,0,0.101992715,9333.0,6,0,1,0,5.0
141530,0,0.191116416,45,0,0.600615227,3900.0,10,0,0,0,0.0
141533,0,0.006962790999999999,63,0,0.323696583,14250.0,13,0,2,0,3.0
141535,0,0.059796489,44,0,0.535441658,3667.0,8,0,1,0,0.0
141536,0,0.016570903,91,0,28.0,,3,0,0,0,
141537,0,0.014470921999999999,90,0,26.0,,4,0,0,0,
141538,0,0.0,39,0,0.252138297,8300.0,5,0,2,0,2.0
141539,0,0.023126161,73,0,0.243495057,8800.0,7,0,1,0,0.0
141540,1,0.542314335,41,1,2.6393276340000003,6900.0,18,0,7,2,0.0
141542,0,0.240717286,26,0,0.163480188,3608.0,5,0,0,0,0.0
141544,0,0.7941722609999999,33,0,0.331556148,3000.0,12,0,0,0,0.0
141547,0,0.499459459,59,1,0.684433837,3770.0,7,0,2,1,0.0
141548,0,0.257727642,58,2,0.46869874200000006,7315.0,13,1,2,0,0.0
141549,0,0.376924615,32,0,0.19542857100000002,2624.0,4,0,0,0,0.0
141550,0,0.084305045,58,0,1292.0,,17,0,1,0,2.0
141551,0,0.9731531370000001,46,0,0.7301082109999999,6283.0,13,0,1,0,2.0
141553,0,0.475557515,32,0,0.715889863,6500.0,17,1,3,0,0.0
141554,0,0.039349761000000004,83,0,0.19517930600000002,1700.0,3,0,0,0,0.0
141555,0,0.7840551790000001,58,0,0.538957117,9933.0,12,0,4,0,1.0
141556,0,0.028809254,82,0,0.116753299,2500.0,6,0,0,0,0.0
141557,0,0.9999998999999999,65,1,896.0,,2,0,1,0,
141558,0,0.23016089399999998,37,0,953.0,,5,0,1,0,0.0
141559,0,0.6573069979999999,60,0,0.449621592,10966.0,9,0,2,0,1.0
141561,0,0.9999998999999999,30,0,0.023798191,2100.0,1,1,0,0,0.0
141562,0,0.9999998999999999,36,1,0.16841579199999998,2000.0,2,0,0,1,0.0
141564,0,0.370862914,52,0,0.432456936,4411.0,8,0,2,0,0.0
141565,0,0.25163128,48,0,0.24240482,7800.0,10,0,1,0,0.0
141567,0,0.5994079920000001,63,8,0.427367519,7000.0,13,6,2,3,0.0
141569,0,0.013039478,26,0,0.005621487,1600.0,2,0,0,0,0.0
141570,0,0.003047522,58,0,0.14889336,4472.0,5,0,1,0,0.0
141571,0,0.22805692600000002,42,0,0.566980863,3500.0,8,0,2,0,0.0
141572,0,0.06532042,52,0,0.00973607,17049.0,5,0,0,0,3.0
141573,0,0.01011274,43,0,0.524781961,4700.0,11,0,1,0,0.0
141574,0,0.825783972,65,2,0.803732089,3000.0,6,0,1,0,0.0
141575,0,0.377189372,38,0,0.34678697700000005,8200.0,13,0,1,0,2.0
141577,0,0.075938518,39,0,52.5,1.0,5,0,0,0,0.0
141581,0,0.031504131,73,0,0.228295284,6000.0,10,0,2,0,0.0
141583,0,0.05700537,51,0,0.188294105,4800.0,22,0,1,0,0.0
141584,0,0.355851838,32,0,0.534244293,6000.0,10,0,2,0,0.0
141585,0,0.113142545,62,0,0.14172590699999998,11112.0,9,0,0,0,0.0
141586,0,0.48075218700000005,62,0,0.074363265,5378.0,10,0,0,0,0.0
141587,0,0.291712412,36,0,0.327857893,10470.0,10,0,2,0,2.0
141588,1,0.42862432899999997,39,0,0.437810945,6833.0,10,2,1,0,0.0
141589,0,0.9999998999999999,45,0,0.0,3600.0,0,0,0,0,1.0
141590,0,0.009482214000000001,74,0,0.7429028390000001,2500.0,5,0,1,0,0.0
141593,0,0.12216557300000001,80,0,0.01489851,10000.0,4,0,0,0,1.0
141594,0,0.392622962,86,0,0.419354839,2200.0,14,0,0,0,0.0
141595,0,0.26429679300000003,59,0,2249.0,,20,0,1,0,0.0
141597,0,0.9999998999999999,40,0,0.0,3200.0,0,0,0,0,0.0
141598,0,0.0076596419999999995,76,0,0.027479446,13500.0,13,0,0,0,0.0
141601,1,0.573680877,63,0,0.43292536600000003,4166.0,5,0,1,0,1.0
141602,0,0.06155156,78,0,0.079581453,10416.0,8,0,1,0,0.0
141603,0,0.717864453,53,0,0.7156885129999999,4378.0,11,0,2,0,1.0
141604,0,0.015186551000000001,55,0,0.38852274600000003,6220.0,6,0,1,0,0.0
141606,1,0.20685287600000002,38,1,0.417880023,3433.0,5,0,1,1,2.0
141607,0,0.787046212,44,1,0.056790913,6250.0,4,1,0,0,0.0
141608,0,0.168619777,43,0,0.224181202,31875.0,8,0,3,0,2.0
141609,0,0.08391317,47,0,1.423138725,5600.0,5,0,2,0,4.0
141611,0,0.011346783999999999,58,0,0.21402858100000002,9166.0,8,0,1,0,1.0
141612,0,0.10664733400000001,46,0,0.266368715,8949.0,5,0,1,0,4.0
141613,0,0.126467303,57,1,0.46612951399999997,3350.0,12,0,2,0,3.0
141614,1,0.9999998999999999,28,2,892.0,,5,3,0,2,3.0
141616,0,0.012448194,86,0,0.119054832,3300.0,17,0,0,0,0.0
141617,0,0.373047955,27,0,0.20395201100000002,2833.0,5,0,0,0,0.0
141621,0,0.084212281,78,1,773.0,,4,0,1,0,0.0
141622,0,0.870666554,54,3,0.476491569,6167.0,13,0,1,1,1.0
141624,0,0.823388012,50,0,0.35608049,8000.0,5,0,1,0,3.0
141625,1,0.516998211,46,0,0.041906475,5559.0,5,0,0,2,3.0
141626,0,0.038835182,51,0,47.0,,5,0,0,0,0.0
141627,0,0.01223068,88,1,0.30015552100000004,1285.0,7,0,0,0,0.0
141628,0,0.052798542000000004,64,0,0.549211286,4500.0,34,0,2,0,0.0
141629,0,0.002023259,76,0,0.071051938,7585.0,9,0,1,0,0.0
141630,0,0.055773077000000004,44,1,0.308170612,9166.0,12,0,2,0,0.0
141633,0,0.11124318400000001,41,0,1783.0,1.0,11,0,2,0,2.0
141635,1,0.999960452,50,0,4017.0,,3,0,2,0,0.0
141636,0,0.071713631,59,0,0.064867782,9264.0,5,0,0,0,1.0
141638,0,0.30934185,58,0,2902.0,,10,0,1,0,0.0
141639,0,0.8458902620000001,75,0,7670.0,,16,0,2,0,0.0
141642,0,0.022856476,74,0,2360.0,,8,0,2,0,1.0
141643,0,0.250796237,55,0,0.199791341,5750.0,3,0,1,0,0.0
141644,0,0.030822497999999997,81,0,0.005845255,6500.0,7,0,0,0,0.0
141645,0,0.960005333,39,0,455.0,,2,0,0,0,0.0
141646,0,0.058632577000000005,50,0,1.001999,2000.0,13,0,1,0,0.0
141647,0,0.10694652699999999,43,0,0.512578616,6041.0,6,0,2,0,1.0
141648,0,0.076629451,73,0,0.33234476399999996,5394.0,13,0,2,0,0.0
141650,1,0.42533952700000005,31,0,0.437331371,4076.0,9,0,1,0,0.0
141651,0,0.141963162,77,0,131.0,,2,0,0,0,
141652,0,0.038173789,57,0,30.0,,5,0,0,0,0.0
141653,0,0.261117989,38,0,0.491727588,2598.0,8,0,1,0,1.0
141655,0,0.380683489,30,0,0.68221751,3300.0,6,0,1,0,1.0
141656,0,0.216543977,58,0,0.521797094,7500.0,15,0,5,0,0.0
141657,0,0.09147809300000001,40,0,1.310970797,3800.0,11,0,2,0,0.0
141659,0,0.018921929,65,0,0.014460512,4494.0,14,0,1,0,0.0
141660,0,0.027724402999999998,49,0,463.0,,6,0,0,0,
141662,0,0.6413762679999999,28,1,0.160811197,3500.0,5,1,0,0,0.0
141663,0,0.745935336,39,0,604.0,,2,0,0,0,0.0
141664,0,0.041469775,60,0,3373.0,,10,0,2,0,0.0
141665,0,0.5595663470000001,62,0,0.104894755,20000.0,9,0,0,0,0.0
141666,0,0.09918971800000001,74,0,1.336171788,2700.0,10,0,2,0,0.0
141667,0,0.02957002,52,0,0.20174482,2750.0,4,0,0,0,0.0
141669,0,0.12019656599999999,61,0,0.240344957,8000.0,8,0,1,0,0.0
141670,0,0.536443994,56,1,0.678665167,5333.0,19,0,1,0,0.0
141671,0,0.097084415,24,0,0.03898051,2000.0,5,0,0,0,0.0
141674,0,0.179373705,39,0,0.673163418,2000.0,6,0,1,0,2.0
141675,0,0.037968062999999996,46,0,0.217045002,5021.0,7,0,1,0,3.0
141676,0,0.034871199,36,0,0.313133402,4834.0,11,0,1,0,1.0
141677,0,0.25346493600000003,45,1,0.549665466,5828.0,10,0,2,0,1.0
141678,0,0.028938607999999998,36,0,0.306267474,8583.0,9,0,1,0,1.0
141680,0,0.382295929,48,0,1.126892574,4160.0,12,0,2,0,3.0
141682,0,0.138396925,42,0,0.348404657,6612.0,4,0,1,0,0.0
141684,0,0.07600979,76,0,0.085359,14233.0,8,0,1,0,1.0
141686,0,0.080411335,63,0,0.232170629,4500.0,9,0,1,0,0.0
141691,0,0.9999998999999999,69,1,612.0,,2,0,0,0,0.0
141692,0,0.513619455,74,0,2728.0,,8,0,2,0,1.0
141695,0,0.025879318,67,0,0.24866956899999998,6200.0,17,0,1,0,1.0
141697,0,0.018753168,52,0,0.137787567,4085.0,14,0,0,0,1.0
141701,0,0.005965246,68,1,636.0,,9,0,0,0,0.0
141704,0,0.11503138199999999,29,0,0.095347943,2600.0,12,0,0,0,0.0
141705,0,0.029447313,50,0,0.20739242800000002,8900.0,9,0,1,0,3.0
141706,0,0.07024561,62,0,35.0,,8,0,0,0,0.0
141707,0,0.007908851,61,0,230.0,,6,0,0,0,0.0
141708,0,0.03925425,67,0,390.0,,11,0,0,0,0.0
141709,0,0.172640703,86,0,0.241342378,2800.0,11,0,0,0,0.0
141710,0,0.00164404,49,0,0.00639872,5000.0,5,0,0,0,0.0
141711,0,0.008349791,61,0,0.091968447,5577.0,5,0,1,0,0.0
141712,0,0.05468037,43,0,0.472133356,5938.0,15,0,3,0,3.0
141713,0,0.709222021,60,0,0.489795918,4507.0,8,0,1,0,0.0
141716,0,0.5925986639999999,68,0,0.219642262,9000.0,15,0,2,0,1.0
141719,0,0.005162671,72,1,3055.0,,7,0,2,0,0.0
141720,0,0.047950098,40,0,0.277446027,2176.0,6,0,0,0,2.0
141721,0,0.001109663,58,0,0.123139932,7324.0,8,0,1,0,1.0
141722,0,0.713714299,52,0,0.5935828879999999,5422.0,9,0,1,0,1.0
141724,0,0.055865222,78,0,0.022564981,3500.0,5,0,0,0,0.0
141725,0,0.989832787,40,0,0.862039417,3500.0,7,0,2,0,1.0
141726,0,0.073848154,69,0,0.161538462,2989.0,6,0,0,0,0.0
141727,0,0.0,42,0,3376.0,,9,0,2,0,0.0
141728,0,0.232038104,69,0,0.277491669,3300.0,4,0,0,0,0.0
141730,0,0.9999998999999999,32,0,0.7125672679999999,3158.0,1,0,1,0,0.0
141733,0,0.032038718,41,1,0.160312898,21220.0,8,0,2,0,2.0
141734,0,0.9999998999999999,51,0,0.0,,0,1,0,0,0.0
141735,1,0.599618425,38,1,0.18576284699999998,5000.0,10,0,0,1,1.0
141736,1,0.0,27,0,0.125,1935.0,2,3,0,2,1.0
141737,0,0.504980427,32,0,0.13247792,6000.0,10,0,0,0,2.0
141739,0,0.0,54,0,0.28013906,8916.0,7,0,2,0,0.0
141741,0,0.10399272400000001,74,2,0.40356460899999996,6283.0,20,0,2,0,0.0
141742,0,0.253387331,43,0,0.028496438,5333.0,1,0,0,0,0.0
141744,0,0.239812348,53,0,0.151313158,7500.0,16,0,1,0,0.0
141745,0,0.08769224699999999,52,0,0.355578884,6667.0,23,0,1,0,0.0
141746,0,0.018876909,43,0,0.0036579790000000004,4373.0,3,0,0,0,0.0
141747,0,0.0,34,0,4.0,,3,0,0,0,0.0
141748,0,0.058349012,43,0,0.6380329060000001,11000.0,10,0,4,0,1.0
141749,0,0.0,75,0,0.0,,5,0,0,0,
141752,0,0.329087306,47,0,0.74825035,5000.0,17,0,2,0,0.0
141754,0,0.079438411,79,0,312.0,,10,0,0,0,0.0
141756,0,0.17656133899999998,33,0,0.251291451,6000.0,6,0,1,0,1.0
141758,0,0.6820454220000001,46,0,0.345700955,4500.0,10,0,0,0,0.0
141759,0,0.08557143800000001,37,0,0.211221977,7716.0,9,0,2,0,3.0
141761,0,0.9999998999999999,24,0,0.10002907800000001,3438.0,1,0,0,0,0.0
141762,0,0.9999998999999999,35,0,0.9445872609999999,3500.0,5,0,1,0,0.0
141763,0,0.010029429,74,0,0.134178801,6386.0,12,0,1,0,0.0
141764,0,0.594027441,36,1,1352.0,,8,0,0,0,2.0
141765,0,0.059375139,35,0,0.529094181,5000.0,8,0,1,0,0.0
141769,0,0.01208981,28,0,0.157436709,3791.0,11,0,0,0,0.0
141770,0,0.024418482000000002,45,0,1.004188482,4774.0,7,0,2,0,1.0
141771,0,0.0,40,0,0.585784623,7920.0,9,0,2,0,0.0
141775,0,0.004470457,57,0,4.0,0.0,3,0,0,0,0.0
141778,0,0.085295735,63,0,0.260779004,4800.0,8,0,1,0,0.0
141781,1,3.0677627189999996,40,0,0.36104643200000003,7300.0,7,1,2,0,4.0
141782,0,0.028690101000000003,56,0,0.172688025,4400.0,3,0,1,0,1.0
141785,0,0.07920002799999999,81,0,0.155603141,1400.0,5,0,0,0,0.0
141788,0,0.277586972,50,1,3236.0,,11,0,3,0,3.0
141789,0,0.857287151,45,6,1.029046369,5714.0,22,0,3,0,1.0
141791,0,0.257163372,78,1,2.523076923,649.0,23,0,1,0,0.0
141792,0,0.09839016099999999,59,0,0.292416607,8333.0,5,0,2,0,0.0
141793,0,0.9999998999999999,58,0,0.002777006,3600.0,0,0,0,0,0.0
141794,0,0.0,59,1,0.223186265,5416.0,6,0,1,0,1.0
141795,0,0.603321249,45,0,0.218032225,5833.0,9,0,1,0,1.0
141799,0,0.29628518600000003,56,0,7658.0,,11,0,4,0,0.0
141800,0,0.013681196000000001,50,0,0.155712841,8900.0,4,0,0,0,2.0
141801,0,0.006896076,89,0,3.0,,2,0,0,0,0.0
141803,0,0.104016535,42,0,0.43738609700000003,3840.0,8,0,1,0,0.0
141804,0,0.07134188799999999,26,0,2758.0,,13,0,2,0,
141807,0,0.848766386,45,1,1.20594116,3500.0,17,0,1,0,0.0
141808,0,0.050338993,67,0,0.304180418,3635.0,8,0,1,0,0.0
141809,0,0.9999998999999999,77,0,458.0,,4,1,1,0,
141810,0,0.9999998999999999,40,0,1.019937235,5416.0,5,0,4,0,0.0
141812,0,0.00179994,75,0,0.00012027899999999999,8313.0,3,0,0,0,0.0
141813,0,0.319962922,52,2,0.044052863,7717.0,6,0,0,0,0.0
141814,0,0.044618063,64,0,0.010332185,9000.0,5,0,0,0,0.0
141815,0,0.667295993,29,0,0.162017407,4480.0,8,0,0,0,0.0
141817,0,0.17723523,54,0,6961.0,,11,0,8,0,0.0
141819,0,0.007830594,84,0,6.0,,4,0,0,0,
141820,0,0.018276762,66,0,3988.0,,2,0,1,0,0.0
141821,0,0.7668450990000001,72,0,0.240423745,15480.0,19,0,2,0,0.0
141822,0,0.44136654700000005,47,1,0.93338301,6709.0,11,0,3,0,2.0
141823,0,0.785965428,63,0,0.44854205799999997,25000.0,19,0,2,0,0.0
141824,0,0.118921521,74,0,0.02399808,4166.0,3,0,0,0,0.0
141825,0,0.8978336109999999,27,1,0.13924050599999999,1500.0,5,0,0,0,0.0
141826,0,0.380979271,58,0,0.38402718799999996,3530.0,5,0,1,0,0.0
141832,0,0.20926109899999998,54,0,0.368294021,9114.0,15,0,1,0,1.0
141833,0,0.633447881,59,2,0.415387299,5731.0,10,0,1,0,0.0
141834,0,0.630173925,46,0,0.063956144,6566.0,2,0,0,0,0.0
141835,0,0.061574896,42,0,0.034956305,800.0,2,0,0,0,0.0
141838,0,0.020838992,62,0,3.4407185630000003,834.0,7,0,1,0,0.0
141840,0,0.287578991,56,0,0.304200614,9450.0,19,0,2,0,0.0
141841,0,0.5281283760000001,48,0,0.114809118,7150.0,7,0,0,0,1.0
141842,1,1.039456937,60,3,0.331183441,6666.0,14,1,2,0,1.0
141843,0,1.022195561,38,1,0.293137908,1500.0,3,0,0,0,0.0
141844,0,0.08680924699999999,53,0,0.104937195,11463.0,15,0,0,0,2.0
141845,0,0.081636192,46,0,0.379682754,5925.0,9,0,2,0,2.0
141847,0,0.011228206000000001,77,0,0.264805224,8881.0,6,0,2,0,0.0
141848,0,0.037296431,53,0,2218.0,,8,0,1,0,0.0
141849,0,0.067570702,44,0,0.17057796,13166.0,9,0,1,0,2.0
141850,0,0.738775374,44,0,0.7451281559999999,10416.0,6,0,2,0,2.0
141854,0,0.874666212,48,0,0.632637992,5416.0,8,0,2,0,4.0
141855,0,0.02886864,48,0,0.478383326,7100.0,6,1,2,1,2.0
141856,0,0.705714567,28,0,0.179027438,3680.0,7,0,0,0,0.0
141859,0,0.72981841,47,0,2854.0,,13,0,2,0,0.0
141860,0,0.272788773,56,0,0.307549461,14000.0,17,0,2,0,0.0
141862,0,0.003649818,64,0,1706.0,,8,0,2,0,0.0
141863,0,0.697389745,30,0,0.305962232,4712.0,6,0,0,0,2.0
141864,1,0.165407637,54,0,0.26067677899999997,4284.0,16,0,1,0,3.0
141867,0,0.077844311,31,2,2060.0,,6,0,1,0,0.0
141868,0,0.34391663,38,0,0.440551407,5222.0,8,0,0,0,0.0
141869,0,0.016455484,70,0,0.39282192899999996,10141.0,7,0,2,0,1.0
141870,0,0.070109125,56,0,0.427303625,5295.0,12,0,1,0,3.0
141871,0,0.27389087,29,0,0.191159364,2578.0,8,0,0,0,0.0
141872,0,0.081630853,52,0,1376.0,,11,0,2,0,0.0
141874,0,0.180267763,52,0,5562.0,0.0,10,0,3,0,2.0
141875,0,0.910845879,48,0,0.373078645,6700.0,10,0,2,0,0.0
141876,0,0.088642264,68,1,0.290300546,4391.0,13,0,0,0,0.0
141877,0,0.32840074199999997,58,0,0.875743871,4200.0,14,0,2,0,0.0
141878,0,0.008786852,80,0,0.046777360999999996,5600.0,6,0,0,0,0.0
141881,0,0.18648273699999998,78,1,3.0499666889999997,1500.0,26,0,2,0,0.0
141882,0,0.823627206,31,0,0.281622088,5794.0,10,0,0,0,2.0
141884,0,0.187720083,54,0,5547.0,,13,0,3,0,0.0
141889,0,0.01930773,72,0,0.006971837,10900.0,8,0,0,0,0.0
141890,0,0.240016256,53,0,0.441093151,6000.0,12,0,1,0,0.0
141892,0,0.16633613,39,0,0.807234329,4450.0,16,0,1,0,0.0
141894,0,0.44919786100000003,26,0,0.010361752,5500.0,4,0,0,0,1.0
141896,0,0.7535135690000001,47,0,0.432760637,11116.0,15,0,4,0,0.0
141898,0,1.035823772,74,0,0.466480905,6100.0,19,0,1,0,0.0
141899,0,0.0,66,0,0.7221773109999999,3710.0,5,0,3,0,1.0
141901,0,0.032413966,50,1,0.18076064100000003,30000.0,8,0,2,0,3.0
141902,0,0.06316445,39,0,0.284285952,6000.0,6,0,1,0,2.0
141904,0,0.074018933,34,0,0.464757,6213.0,16,0,1,0,3.0
141906,0,0.044690589,54,1,0.537856441,9152.0,12,0,3,0,0.0
141907,0,0.0,72,0,1.0,,6,0,0,0,
141909,0,0.068676847,52,0,0.12355058,2500.0,2,0,0,0,2.0
141910,0,0.0,25,0,0.0,2000.0,1,0,0,0,0.0
141911,0,0.9814374109999999,47,0,0.049419693,2670.0,7,4,0,0,0.0
141914,0,0.017908683999999998,67,0,0.133308985,5475.0,11,0,1,0,0.0
141915,0,0.030253695,51,0,0.615890555,3800.0,16,0,2,0,0.0
141916,0,0.9999998999999999,28,1,0.14114326,2833.0,1,1,0,0,0.0
141918,0,0.0,60,0,0.25844569,6600.0,8,0,1,0,1.0
141920,0,0.0018438410000000001,50,0,920.0,,2,0,1,0,0.0
141921,0,0.14507441199999999,43,1,0.8817159520000001,2400.0,11,0,1,0,2.0
141923,0,0.155884208,65,0,1846.0,,3,0,1,0,0.0
141924,1,0.9999998999999999,46,4,0.43447076700000004,4600.0,7,2,1,1,2.0
141925,0,0.167334146,43,4,1.043043478,9199.0,11,0,3,0,2.0
141926,0,0.036285072,45,3,0.275668973,25000.0,14,0,2,0,4.0
141927,1,0.9999998999999999,52,1,0.37175,3999.0,3,3,1,3,0.0
141928,0,0.744553462,40,0,0.326996667,8100.0,12,0,1,0,2.0
141929,0,0.96823654,66,1,0.712076145,5042.0,11,0,2,0,0.0
141930,0,0.354872776,72,0,1006.0,,7,0,1,0,0.0
141931,0,0.9999998999999999,30,1,0.112464855,3200.0,2,0,0,0,0.0
141932,0,0.021576676,64,4,0.005428054,10500.0,14,0,0,0,0.0
141935,0,0.334610898,64,0,0.306058713,1600.0,2,0,1,0,0.0
141936,0,0.354187253,52,0,7976.0,,13,0,5,0,0.0
141937,0,0.001589825,48,0,0.298225309,5183.0,7,0,1,0,4.0
141938,0,0.008479774,45,0,0.353520926,7000.0,6,0,1,0,3.0
141939,0,0.059338222999999995,66,0,0.069572171,2500.0,16,0,0,0,0.0
141940,0,0.053533792000000004,71,0,0.020035357,1696.0,9,0,0,0,0.0
141941,0,0.217857092,55,0,0.8226415090000001,7684.0,10,0,2,0,1.0
141942,0,0.9263036570000001,62,1,0.45202487,5950.0,11,0,2,0,0.0
141944,0,0.269186541,70,0,0.164167167,5000.0,2,0,1,0,0.0
141948,0,0.063787243,41,0,0.492602959,2500.0,9,0,1,0,1.0
141950,0,0.0866631,66,0,0.477807117,7952.0,8,0,2,0,2.0
141951,1,1.039989192,55,6,435.0,,8,0,0,1,1.0
141953,0,0.241961073,54,0,0.24019025,9250.0,18,0,1,0,3.0
141954,0,0.0,54,0,0.121969508,4000.0,11,0,0,0,0.0
141955,0,0.9999998999999999,37,0,0.216496828,5200.0,5,0,0,0,2.0
141957,0,0.0,54,0,0.101860404,7578.0,7,0,1,0,0.0
141959,0,0.07146353400000001,49,0,1651.0,,13,0,1,0,0.0
141962,0,0.456415019,35,0,0.855801272,3300.0,12,0,2,0,1.0
141964,0,0.063837861,68,0,0.42771468700000004,7836.0,11,0,1,0,0.0
141967,0,0.00521724,64,0,0.000495491,10090.0,2,0,0,0,0.0
141968,0,0.9999998999999999,28,0,0.6403225810000001,619.0,1,0,0,1,0.0
141969,0,0.01975076,57,0,2397.0,,6,0,1,0,0.0
141970,0,0.002239821,64,0,2675.0,,5,0,1,0,0.0
141971,1,0.668161435,57,2,0.454403172,9583.0,5,3,2,1,1.0
141972,0,0.014409759,60,0,0.6575283789999999,4668.0,11,0,2,0,0.0
141974,0,0.085886879,53,0,0.724213606,4100.0,24,0,2,0,1.0
141975,0,0.900221391,70,0,2899.0,,15,0,1,0,
141976,0,0.00555535,42,0,0.59347293,5300.0,11,0,1,0,1.0
141977,0,0.403198934,35,0,0.134960306,3400.0,3,0,0,0,2.0
141979,0,0.021513305,64,0,0.24750100000000003,2500.0,16,0,0,0,2.0
141980,0,1.004029249,45,1,0.11611945800000001,5390.0,3,2,0,0,2.0
141981,0,0.9412953009999999,36,0,0.23951310899999997,5339.0,9,0,0,0,2.0
141982,0,0.0,38,0,0.018882509,9055.0,7,0,0,0,3.0
141984,0,0.09055967,47,0,0.099980004,5000.0,3,0,0,0,0.0
141985,1,0.92161148,42,3,0.18069998899999998,8942.0,13,1,0,2,0.0
141986,0,0.279093644,65,0,0.331327476,16617.0,20,0,2,0,0.0
141987,0,0.169880327,64,0,2187.0,,14,0,1,0,1.0
141988,0,0.677576546,70,2,0.9606525909999999,2083.0,13,0,1,1,0.0
141989,0,0.513759334,40,0,0.40613077200000003,7600.0,12,0,2,0,2.0
141990,0,0.154383329,43,0,0.49144136899999996,6250.0,13,0,2,0,0.0
141992,0,0.9999998999999999,44,0,0.511395442,2500.0,4,0,1,0,0.0
141994,0,0.416731474,31,0,0.409993454,9165.0,7,0,1,0,2.0
141996,0,0.78090758,37,0,0.24508543100000002,5442.0,7,0,0,0,0.0
141997,1,0.9999998999999999,30,1,0.219152855,3800.0,4,0,0,1,2.0
141998,0,0.19869114699999998,55,2,1251.0,,3,2,1,2,
141999,0,0.051342146,61,0,108.0,,7,0,0,0,0.0
142000,0,0.9999998999999999,37,0,0.015992891999999998,2250.0,0,0,0,0,0.0
142002,0,0.663867227,54,0,0.438155136,5246.0,16,0,1,0,0.0
142005,0,0.5860830260000001,44,1,0.314176974,5254.0,8,0,0,0,1.0
142006,0,0.6641855329999999,34,0,0.30420752100000004,8056.0,25,0,2,0,0.0
142009,0,0.519682231,64,0,0.859116524,5500.0,15,0,2,0,2.0
142011,0,0.9999998999999999,59,0,0.068856515,7275.0,1,0,0,0,1.0
142012,0,0.456981721,53,0,0.40690978899999997,2083.0,11,0,0,0,0.0
142013,0,0.09191954199999999,79,0,0.00685649,10500.0,9,0,0,0,0.0
142014,1,0.9999998999999999,27,1,0.38969118,4500.0,6,1,1,1,1.0
142015,0,0.041723957,49,0,0.084713223,12500.0,2,0,1,0,1.0
142017,0,0.03888795,41,0,0.048390322,5000.0,5,0,0,1,0.0
142019,0,0.053074127,50,0,0.34476552299999996,10000.0,4,0,1,0,1.0
142020,0,0.049083746,43,0,0.20791675199999998,4900.0,14,0,1,0,1.0
142021,0,0.117212964,45,0,2844.0,,9,0,1,0,1.0
142024,0,0.000176986,42,2,0.0,,5,0,0,0,
142025,0,0.24789108,59,2,0.40120684799999995,7125.0,10,0,1,0,0.0
142027,0,0.009081931,51,0,0.244381181,6673.0,12,0,2,0,0.0
142028,0,0.9999998999999999,36,0,0.0,5166.0,3,0,0,0,0.0
142029,0,0.011369641000000002,33,0,0.34078600200000003,7200.0,15,0,2,0,0.0
142031,0,0.00753558,75,0,1081.0,,7,0,0,0,0.0
142032,0,0.369421575,47,0,0.770891643,2500.0,8,0,1,0,0.0
142034,0,0.018318465,60,0,0.310327146,9750.0,12,0,2,0,1.0
142036,0,0.138401932,62,0,1.03814965,5425.0,16,0,7,0,0.0
142037,0,0.077960584,55,0,0.386629266,6416.0,6,0,1,0,1.0
142038,0,0.11970534099999999,28,0,13.0,,4,0,0,1,0.0
142039,0,0.021359573,76,0,0.0038745159999999997,8000.0,4,0,0,0,1.0
142040,0,0.390176089,33,0,0.351740139,4309.0,5,0,0,0,0.0
142041,1,0.011402842,41,1,0.450093205,5900.0,7,0,2,0,2.0
142044,0,0.547336325,45,0,0.415011332,7500.0,11,0,1,0,3.0
142045,0,0.9999998999999999,48,3,0.385076865,2666.0,6,0,0,0,0.0
142047,0,0.94811725,45,0,0.399000185,5400.0,7,0,1,0,2.0
142049,0,0.017992803,42,0,0.19760043600000002,5500.0,7,0,0,0,1.0
142051,0,0.034807866,62,1,0.21797578,9000.0,9,0,1,0,1.0
142052,0,0.005594308,64,0,3352.0,,10,0,2,0,0.0
142053,0,0.804260985,49,2,0.187716792,4900.0,5,1,0,0,1.0
142055,0,0.159696747,69,0,0.02739726,10438.0,9,0,1,0,0.0
142056,0,0.038792395,61,0,0.010494753,2000.0,2,0,0,0,0.0
142057,0,0.022706748,72,0,0.646001467,2725.0,4,0,2,0,0.0
142059,0,0.9999998999999999,82,0,0.0,,1,0,0,0,0.0
142060,0,0.9999998999999999,35,0,0.495476088,2320.0,4,0,1,0,1.0
142062,0,0.91790743,36,0,0.618069442,5500.0,7,0,3,0,1.0
142064,0,0.035683709,35,0,0.365793201,5647.0,8,0,0,0,2.0
142065,0,0.035940259,65,0,0.15687864199999998,19734.0,12,0,2,0,1.0
142066,0,0.590277268,66,1,0.458756874,6000.0,9,0,1,0,0.0
142067,0,0.198184387,48,0,0.7041816009999999,4184.0,12,0,1,0,0.0
142068,0,0.994628725,41,0,0.357172615,7200.0,7,0,2,0,0.0
142069,0,0.9999998999999999,51,3,0.559460039,4666.0,4,1,1,0,2.0
142070,0,0.022994193,70,0,0.036282858,2700.0,7,0,0,0,0.0
142071,0,0.929535232,50,1,0.686286051,1698.0,6,0,0,0,0.0
142072,0,0.9999998999999999,45,1,4219.0,,6,0,2,0,0.0
142075,0,0.027572178,54,0,0.032144651,3981.0,5,0,0,0,0.0
142077,0,0.325201968,42,0,0.308712752,15000.0,8,0,2,0,4.0
142078,0,0.281682473,65,0,0.5043630020000001,4583.0,11,0,1,0,1.0
142079,0,0.10053413300000001,45,1,0.046189568,12058.0,8,0,0,0,4.0
142080,0,0.910022494,36,0,0.139917695,1700.0,2,0,0,0,0.0
142082,0,0.922915659,52,0,0.294451157,10758.0,8,0,2,0,3.0
142083,0,0.046020077,60,0,0.010094276999999999,10500.0,6,0,0,0,0.0
142084,0,0.0,23,0,0.0,898.0,2,0,0,0,0.0
142085,0,0.0,39,0,0.26765113100000004,4333.0,11,0,0,0,1.0
142086,0,0.0,64,0,879.0,,6,0,1,0,0.0
142088,0,0.467019185,26,0,0.208135392,3367.0,7,0,0,0,1.0
142089,0,0.009266049,85,0,4.0,,3,0,0,0,
142090,0,0.8226962170000001,61,0,0.148917235,3370.0,6,0,0,0,1.0
142091,0,0.17654316399999997,60,0,0.36551596799999997,5416.0,11,0,2,0,3.0
142092,0,0.014833023999999998,69,0,0.176487394,14000.0,7,0,1,0,0.0
142096,0,0.056767092000000005,45,0,0.450711469,5832.0,8,0,2,0,2.0
142099,1,0.025586732999999997,54,1,67.0,,6,0,0,0,0.0
142100,0,0.067753245,49,0,0.37523024299999996,11400.0,16,0,3,0,0.0
142101,0,0.9990005,64,4,0.230011455,8729.0,6,0,2,0,0.0
142102,0,0.033655577,50,0,0.236247829,12088.0,12,0,4,0,3.0
142103,0,0.0,43,0,0.078289839,1800.0,4,0,0,0,2.0
142104,0,0.651717719,75,1,0.47028237700000003,12500.0,11,0,1,0,2.0
142105,0,0.942473972,47,0,0.37530576600000004,8584.0,5,0,1,0,0.0
142109,0,0.012052182,35,1,1.225295784,6000.0,11,0,3,0,1.0
142110,0,0.518533844,61,0,0.992294992,3633.0,9,0,2,0,0.0
142111,0,0.098539505,56,1,2949.0,,13,0,2,0,0.0
142112,0,0.142239438,24,0,0.158400615,2600.0,6,0,0,0,0.0
142116,0,0.841721742,27,0,0.600487211,820.0,3,0,0,0,0.0
142117,0,0.07458531,63,0,0.022391044,2500.0,4,0,0,0,0.0
142118,0,0.9999998999999999,36,0,0.003942632,17500.0,1,0,0,0,3.0
142119,0,0.565143486,27,0,0.063688388,5416.0,2,0,0,0,0.0
142120,0,0.048889462,52,0,0.45693965200000003,14200.0,22,0,5,0,3.0
142121,1,1.308364544,48,2,0.035383666,4860.0,6,1,0,2,3.0
142123,0,0.31925498199999996,58,0,0.283449453,14065.0,31,0,3,0,0.0
142128,0,0.0,57,0,658.0,,9,0,0,0,0.0
142129,0,0.65524136,33,0,0.320377568,1800.0,11,0,0,0,0.0
142132,0,0.10104292599999999,75,0,0.23148539999999998,4725.0,15,0,1,0,1.0
142133,0,0.111469595,43,0,0.477913107,5500.0,8,0,2,0,0.0
142134,0,0.13912935699999998,64,0,0.14636701300000002,10500.0,17,0,1,0,0.0
142135,0,0.159168166,31,0,0.581860108,1300.0,3,0,1,0,0.0
142136,0,0.032563953,60,0,0.185398535,15970.0,7,0,1,0,0.0
142137,0,1.017082542,61,2,0.532207165,5386.0,7,0,1,0,0.0
142138,0,0.013093592,53,0,0.321554117,5404.0,9,0,1,0,2.0
142139,0,0.050509034,54,0,0.22453938,4938.0,14,0,1,0,2.0
142140,0,0.0069681990000000004,64,0,579.0,,17,0,0,0,0.0
142141,0,0.357394502,51,0,0.189243238,9500.0,8,0,1,0,2.0
142142,0,0.9999998999999999,38,0,0.157178562,3600.0,2,0,0,0,0.0
142143,0,0.01376541,43,0,0.345850461,9000.0,9,0,2,0,5.0
142144,0,0.002020161,43,0,0.228941685,12500.0,9,0,2,0,1.0
142145,0,0.060092532000000004,61,0,0.067325853,9000.0,6,0,0,0,2.0
142146,1,1.296173045,44,4,0.24327744399999998,3160.0,8,0,1,0,5.0
142148,0,0.06009442,69,1,1562.0,,8,0,1,0,0.0
142149,0,0.046894804000000005,57,0,3118.0,,9,0,1,0,
142150,0,0.07893421099999999,51,0,0.29597461199999997,5986.0,11,0,1,0,3.0
142151,0,0.014997001000000001,70,0,0.057035998,4277.0,9,0,1,0,0.0
142154,0,0.018932175,75,0,0.688341544,3044.0,9,0,2,0,1.0
142155,0,0.066763317,70,0,0.700729927,958.0,9,0,0,0,0.0
142156,0,0.011987401000000002,77,0,0.659560293,1500.0,13,0,1,0,0.0
142158,0,0.002017355,63,0,0.9434324070000001,7300.0,27,0,5,0,0.0
142159,0,0.10045996900000001,78,0,0.327809645,4706.0,6,0,2,0,1.0
142161,0,0.6359398860000001,63,0,0.990648379,4811.0,8,0,2,0,1.0
142162,0,0.0,69,0,0.541818964,4650.0,7,0,1,0,1.0
142163,0,0.033703824,37,0,653.0,,8,0,1,0,0.0
142164,0,0.016687473,50,0,0.064738524,5946.0,5,0,0,0,3.0
142166,1,1.5111452730000001,49,1,0.024780589,3873.0,1,0,0,0,0.0
142167,0,0.9758177029999999,38,0,0.172235555,5416.0,11,0,0,0,0.0
142168,0,0.007468982,59,0,0.129109671,16667.0,14,0,1,0,1.0
142169,0,0.0,66,0,1112.0,,7,0,1,0,2.0
142170,1,0.633098852,43,1,0.451544447,4240.0,6,1,2,2,2.0
142171,0,0.06492143,70,0,0.252439542,4713.0,11,0,2,0,0.0
142172,0,0.034931781,41,1,0.14435868,6088.0,4,0,1,0,2.0
142173,0,0.5268946210000001,43,0,0.14185836699999999,4433.0,6,0,0,0,0.0
142174,0,0.978772675,58,0,0.8788100459999999,4100.0,14,0,2,0,0.0
142177,0,0.079974447,62,0,0.35623909200000003,4583.0,16,0,1,0,1.0
142179,0,0.37947218200000005,63,0,0.441139715,4000.0,9,0,1,0,0.0
142180,0,0.556138871,48,2,0.640317052,4667.0,12,0,1,1,0.0
142181,0,0.0030491909999999997,58,0,0.053063993,13266.0,4,0,0,0,0.0
142183,0,0.580141316,50,0,2.994673768,750.0,9,1,2,0,0.0
142184,0,0.497933164,35,0,0.486216255,7000.0,12,0,2,0,4.0
142189,0,0.527284601,53,0,4750.0,,10,0,1,0,0.0
142190,0,0.135115831,65,0,0.22862856199999998,6000.0,11,0,2,0,0.0
142191,0,0.0017510179999999998,44,0,0.7121185999999999,5800.0,14,0,2,0,1.0
142194,0,0.06999860000000001,49,0,0.563316449,3750.0,7,0,2,0,0.0
142195,0,0.090922394,53,0,0.034439574,1596.0,5,0,0,0,0.0
142196,0,0.527252774,28,0,0.660141608,2400.0,6,0,0,0,1.0
142197,1,0.102195584,30,2,0.600067785,5900.0,9,0,2,0,0.0
142198,0,0.041671676,59,0,0.261784615,8124.0,16,0,2,0,3.0
142199,0,0.0,41,1,1648.0,,7,0,1,0,0.0
142200,0,0.046301012999999995,63,0,5559.0,,9,0,4,0,
142201,0,0.003593512,43,0,0.19837732800000002,8750.0,8,0,1,0,1.0
142202,0,0.016843161000000002,50,0,0.082037468,8166.0,6,0,0,0,0.0
142203,1,0.8926110359999999,50,6,2487.0,,14,0,2,4,0.0
142204,0,0.0,45,0,0.44675125,2600.0,3,0,1,0,0.0
142206,0,0.11880011900000001,63,0,0.102579484,3333.0,10,0,1,0,0.0
142207,0,0.271854296,32,0,0.16167451800000002,11250.0,9,0,0,0,2.0
142208,0,0.036816565,56,0,0.180725787,4160.0,8,0,1,0,0.0
142209,0,0.01999853,57,0,0.302232589,3000.0,3,0,1,0,0.0
142210,0,0.047800863,63,0,0.285074388,6250.0,8,0,1,0,1.0
142211,0,0.75101094,53,0,0.27465802699999997,8333.0,6,0,2,1,3.0
142216,0,0.9999998999999999,34,0,0.5662080829999999,2325.0,8,0,1,0,0.0
142217,0,0.193852042,62,0,0.330117523,5700.0,13,0,1,0,0.0
142218,0,0.03707091,40,0,0.045325779000000004,6000.0,5,0,0,0,0.0
142219,0,0.05645204,44,0,0.006500102,4922.0,1,0,0,0,2.0
142220,0,0.702765745,41,0,0.078344314,6981.0,3,0,0,0,0.0
142221,0,0.069921686,59,1,0.455596011,6316.0,10,0,3,0,0.0
142222,1,0.333434272,58,0,0.09364621199999999,101167.0,19,0,7,0,0.0
142223,0,0.017780779,49,0,0.260678057,7491.0,7,0,1,0,5.0
142225,0,0.361207944,58,0,0.264136793,20000.0,16,0,2,0,0.0
142226,1,0.85971389,55,0,0.599348239,11046.0,18,7,6,6,1.0
142227,0,0.0,45,1,0.25590299899999996,4700.0,9,0,1,0,1.0
142228,0,0.397553845,51,0,2629.0,,17,0,0,0,1.0
142229,0,0.0,75,0,536.0,0.0,7,0,1,0,0.0
142230,0,0.44062477200000005,30,0,1753.0,,9,0,2,0,0.0
142231,0,0.13977573,46,0,0.235716852,5565.0,5,0,2,0,0.0
142233,0,0.054863517,52,1,0.506412909,4833.0,8,0,1,0,2.0
142234,0,0.866608893,59,1,0.54732896,3200.0,5,0,0,0,1.0
142235,1,1.613968598,51,5,1928.0,,5,1,0,0,3.0
142236,0,0.000454504,76,0,886.0,,2,0,1,0,0.0
142238,0,0.12099193400000001,76,0,0.10671936800000001,4300.0,7,0,0,0,0.0
142242,0,0.13664859,52,0,0.340970631,4800.0,6,0,1,0,0.0
142243,0,0.682091468,44,2,0.290664291,10100.0,9,0,2,0,3.0
142244,0,0.024951906,64,0,0.353173681,4300.0,9,0,1,0,0.0
142245,0,0.004696881,64,0,0.085249923,3260.0,3,0,0,0,2.0
142246,0,0.295915453,36,0,0.34806131700000004,4435.0,5,0,1,0,0.0
142247,0,0.8772529929999999,29,0,0.146341463,2500.0,3,0,0,0,0.0
142248,0,0.07621149599999999,61,0,762.0,,10,0,0,0,0.0
142250,0,0.255193022,64,0,0.420278986,13333.0,17,0,2,0,0.0
142252,0,0.9999998999999999,79,0,0.0,,3,0,0,0,
142253,0,0.06042649,47,0,0.19550281100000003,1600.0,10,0,0,0,0.0
142254,0,0.38274740100000004,49,2,0.211841599,2600.0,4,0,0,0,2.0
142256,0,0.375540792,40,0,0.283634618,6250.0,24,0,1,0,1.0
142258,0,0.051675716,59,0,0.630744369,9900.0,11,0,2,0,1.0
142259,0,0.6449342029999999,68,0,0.587437687,5014.0,6,0,3,0,1.0
142261,0,0.253481692,42,0,0.393387448,5050.0,12,0,2,0,2.0
142262,0,0.152682375,53,0,0.300783203,6000.0,8,0,1,0,0.0
142263,0,0.37195917799999995,62,0,0.464568298,11500.0,18,0,4,0,1.0
142264,0,0.081284621,72,0,0.012405895,9430.0,6,0,0,0,0.0
142265,0,0.966668889,42,0,0.633061156,6000.0,9,0,2,0,0.0
142267,0,0.0,45,0,0.0,5000.0,4,0,0,0,0.0
142268,0,0.009217479,67,0,0.039933444,600.0,8,0,0,0,0.0
142270,0,0.43258458200000005,44,0,0.76494369,3462.0,9,0,1,0,2.0
142271,0,0.296880566,40,0,358.0,,7,0,0,0,0.0
142272,0,0.022349597000000002,56,0,0.168971838,6000.0,15,0,1,0,0.0
142273,0,0.0,62,1,1.020158039,6200.0,11,0,3,0,0.0
142274,0,0.09284487400000001,34,2,0.648957441,3500.0,12,0,2,0,2.0
142275,0,0.06554826700000001,82,0,0.024195161,5000.0,10,0,0,0,0.0
142276,0,0.000749953,30,1,0.282399143,2800.0,6,0,0,0,1.0
142278,0,0.417629356,72,0,0.40832862299999995,5306.0,7,0,1,0,0.0
142281,0,0.9999998999999999,49,0,1.05719045,1800.0,9,1,1,0,0.0
142282,0,0.063264663,57,0,0.154278576,1600.0,13,0,0,0,1.0
142283,0,0.8289309220000001,30,0,0.06777024799999999,9000.0,7,0,0,0,2.0
142284,0,0.00031779,49,1,0.43918114700000005,4200.0,11,0,2,0,2.0
142285,0,0.8928949140000001,33,1,0.630560272,2944.0,6,0,1,0,2.0
142286,0,0.079371557,32,0,0.6109358570000001,950.0,8,0,1,0,0.0
142288,0,0.07999798,69,0,0.614669267,20000.0,9,0,3,0,0.0
142289,0,0.182698549,41,0,0.067769492,35000.0,11,0,0,0,2.0
142290,0,0.285717163,60,0,0.340915783,13583.0,15,0,3,0,1.0
142291,0,0.9999998999999999,31,0,0.0,6833.0,4,0,0,0,0.0
142294,1,0.0,57,1,0.279113753,3700.0,8,0,1,0,0.0
142297,0,0.9340439709999999,36,0,0.048775105,4530.0,4,0,0,0,2.0
142299,0,0.071890812,64,0,0.22564981399999998,3500.0,13,0,2,0,1.0
142300,0,0.001634106,63,0,0.07648088,4000.0,7,0,0,0,0.0
142302,0,0.115449298,58,0,0.302766493,5168.0,8,0,2,0,0.0
142304,0,0.0,50,0,0.116387005,2800.0,3,0,0,0,0.0
142305,0,0.535700773,53,0,0.257731959,3200.0,5,0,0,0,0.0
142306,0,0.061019214,68,0,0.425154639,4849.0,22,0,3,0,0.0
142308,0,0.24808253,42,0,0.554657873,6064.0,14,0,2,0,1.0
142309,0,0.46623334899999996,58,0,0.248041775,7276.0,9,0,1,0,0.0
142313,0,0.027387166,66,0,0.21523359399999997,5500.0,19,0,0,0,1.0
142314,0,0.195218007,69,0,0.305268595,9679.0,14,0,2,0,0.0
142315,0,0.047298818,55,0,0.308497977,4200.0,4,0,1,0,0.0
142316,0,0.31769220600000003,42,0,2511.0,,12,0,2,0,1.0
142318,0,1.014855021,42,2,0.7823044240000001,4000.0,9,0,2,0,2.0
142319,0,0.0,36,0,0.318480434,3500.0,5,0,1,0,3.0
142320,0,0.293413174,24,0,0.027630805,1700.0,3,0,0,0,0.0
142322,0,0.14539627900000002,42,0,0.416912675,10500.0,9,0,3,0,1.0
142323,0,0.141212358,50,0,0.133594475,9700.0,7,0,2,0,3.0
142324,0,0.048759962000000004,41,0,1931.0,,9,0,2,0,2.0
142325,0,0.009066134,59,0,0.044401544,517.0,11,0,0,0,0.0
142327,0,0.544159544,50,0,0.464614154,2500.0,10,0,0,0,0.0
142330,0,0.20022975899999998,51,0,0.45106996899999996,4158.0,5,0,1,0,2.0
142331,0,0.024007569,67,0,0.229922397,5540.0,12,0,1,0,0.0
142334,0,0.018730806000000003,64,0,0.07622812,7083.0,13,0,0,0,0.0
142335,0,0.217342316,54,0,2435.0,,7,0,2,0,1.0
142336,1,0.9999998999999999,42,0,0.6337880379999999,1905.0,3,1,0,1,0.0
142338,0,0.045735259,69,0,62.0,,3,0,0,0,0.0
142339,0,0.32382568899999997,88,0,0.45842450799999995,2741.0,7,0,2,0,0.0
142340,0,0.008319502,70,0,3509.0,,7,0,1,0,0.0
142343,0,0.087093689,46,1,1645.0,,12,0,1,0,0.0
142344,0,0.035078982,79,0,0.004951909,10500.0,8,0,0,0,0.0
142347,0,0.012868049,55,0,0.515496901,5000.0,26,0,2,0,2.0
142349,0,0.153868113,55,0,0.265108072,4533.0,16,0,0,0,0.0
142350,0,0.023197911,59,0,0.429526243,5086.0,6,0,2,0,0.0
142351,0,0.326714432,66,1,2756.0,,8,0,1,0,0.0
142352,0,0.099977783,36,0,0.24815037,5000.0,8,0,1,0,1.0
142353,0,0.7054652229999999,40,1,0.62391087,7000.0,14,0,1,0,2.0
142354,0,0.125394778,64,0,0.44538952299999995,5172.0,19,0,1,0,0.0
142356,0,0.340261074,46,0,0.54789121,7610.0,11,0,3,0,2.0
142357,1,2.297612046,42,1,0.806048488,4000.0,8,2,1,4,0.0
142358,0,0.35497683,48,0,0.503332445,3750.0,6,0,2,0,0.0
142359,0,0.008683434,67,0,0.40139965,4000.0,8,0,2,0,2.0
142360,0,0.9843081309999999,41,1,0.18037255800000002,2200.0,3,0,0,0,3.0
142362,0,0.035812422999999996,58,0,0.263144738,12000.0,12,0,1,0,1.0
142364,0,0.11296820099999999,40,0,0.375495721,4790.0,6,0,2,0,0.0
142365,0,0.52937284,30,0,0.537881385,2916.0,7,0,1,0,0.0
142367,0,0.370627566,49,0,0.20736876399999998,9200.0,12,0,2,0,2.0
142368,0,0.276786233,41,0,0.069208646,10778.0,3,0,0,0,2.0
142369,0,0.34425865200000005,39,0,0.46387355700000005,3985.0,8,0,1,1,3.0
142371,0,0.024141832999999998,30,0,0.319342031,1762.0,7,0,0,0,0.0
142373,0,0.0,43,0,0.476304739,5000.0,7,0,0,0,0.0
142374,0,0.883599294,36,0,0.47825083700000004,17333.0,12,0,2,0,0.0
142375,0,0.354243542,50,0,3188.0,,6,0,1,0,0.0
142376,0,0.034235488,34,0,0.589886437,4666.0,14,0,1,0,0.0
142377,0,0.981061052,40,5,0.166201243,11100.0,4,1,0,1,0.0
142378,0,0.9999998999999999,71,1,0.0,,0,0,0,0,0.0
142379,0,0.27197635,71,0,0.018596281,5000.0,2,0,0,0,0.0
142380,0,0.094113236,29,0,0.46484505200000004,3000.0,7,0,0,0,0.0
142382,0,0.103549412,42,0,0.474276962,11098.0,20,0,3,0,1.0
142384,0,0.9515806459999999,54,1,3253.0,,17,0,0,0,0.0
142385,1,0.9999998999999999,50,1,0.073769581,9000.0,3,1,0,1,0.0
142386,0,0.681243959,47,0,0.679899274,6750.0,9,0,3,0,2.0
142388,0,0.058036229,57,0,44.0,,3,0,0,0,0.0
142389,0,0.034465518,72,0,31.0,,1,0,0,0,0.0
142390,1,0.507885252,43,2,0.427680725,17000.0,14,0,3,0,2.0
142391,0,0.0,45,0,0.39640807299999997,5400.0,6,0,2,0,3.0
142392,0,0.16028832699999998,63,0,0.151761518,10700.0,7,0,2,0,1.0
142393,0,0.052627485999999994,48,0,1376.0,1.0,17,0,3,0,2.0
142394,0,0.67489406,52,1,0.6165786,9083.0,26,1,2,0,1.0
142395,0,0.086026114,72,0,0.42927389,6100.0,12,0,2,0,0.0
142397,0,0.27444146,60,0,0.317325118,5517.0,6,0,1,0,0.0
142399,0,0.10551114,54,0,0.29907707699999997,4008.0,16,0,1,0,3.0
142404,0,0.590515189,26,0,0.206396802,2000.0,7,0,0,0,1.0
142405,0,0.19722055800000002,82,0,0.206432161,9949.0,14,0,2,0,0.0
142406,0,0.981648138,44,0,0.507761115,3800.0,8,0,1,0,2.0
142407,0,0.01501825,86,0,27.0,,15,0,0,0,0.0
142408,0,0.99110089,32,0,0.4098267,5250.0,3,0,1,0,0.0
142410,0,0.9999998999999999,71,0,0.148089675,3166.0,2,2,0,0,0.0
142411,0,0.262217855,52,1,0.24405575300000001,10976.0,6,0,1,0,3.0
142412,0,0.174729095,55,0,0.5599502270000001,11250.0,12,0,3,0,2.0
142416,0,0.000128197,52,0,0.302374011,2400.0,6,0,1,0,1.0
142417,0,0.08561741699999999,40,0,0.125452838,7452.0,7,0,0,0,3.0
142418,0,0.012140953999999999,76,0,563.0,,7,0,0,0,0.0
142419,0,0.9999998999999999,22,0,0.0,,0,0,0,0,0.0
142420,0,0.143621409,75,0,0.1517067,8700.0,4,0,1,0,0.0
142421,0,0.916805324,50,0,0.398816234,3547.0,8,0,1,0,2.0
142424,0,0.31138754399999996,52,1,0.541862426,8300.0,9,0,3,0,1.0
142425,0,0.038941112,62,0,0.350402341,4100.0,13,0,2,0,0.0
142426,0,0.187903335,59,0,0.685766535,3280.0,13,0,1,0,0.0
142427,0,0.288496598,39,0,0.045614703,10500.0,4,0,0,0,0.0
142429,0,0.17486649199999998,30,0,0.08039017799999999,5945.0,3,0,0,0,3.0
142430,0,0.20693805699999998,57,0,0.530264711,5930.0,9,0,1,0,0.0
142431,1,0.330167555,62,0,0.593351662,4000.0,8,0,2,0,0.0
142432,0,0.156354152,59,0,2256.0,,8,0,1,0,0.0
142433,0,0.125729893,49,0,0.7511128309999999,5166.0,18,0,1,0,4.0
142434,0,0.08932827900000001,41,0,0.34755366,7500.0,13,0,2,0,3.0
142436,0,0.385911633,56,0,0.360363964,10000.0,10,0,1,0,1.0
142437,0,0.126880939,67,0,0.32395357,2842.0,6,0,1,0,1.0
142438,0,0.9999998999999999,40,0,0.038037775,3811.0,0,1,0,0,0.0
142439,0,0.7462537459999999,23,0,0.130773845,3333.0,2,0,0,0,0.0
142440,0,0.098241071,66,0,0.700362237,8833.0,9,0,3,0,0.0
142441,0,0.496746164,53,0,0.524381625,4244.0,27,0,1,0,4.0
142442,0,0.580978635,39,0,0.09905348900000001,4542.0,4,0,0,1,0.0
142444,0,0.933843532,59,2,1325.0,,9,1,0,0,0.0
142445,0,0.9752822879999999,43,0,0.356082196,6666.0,10,0,1,0,1.0
142446,0,0.141611218,63,0,0.35459614700000003,11835.0,8,0,2,0,1.0
142447,0,0.13750844199999998,53,0,0.585551331,4470.0,26,0,2,0,4.0
142448,0,0.334149577,28,1,816.0,,10,0,0,0,0.0
142449,0,0.0,55,0,0.292964757,22500.0,9,0,4,0,0.0
142450,0,0.778922832,54,0,0.31333690399999997,5600.0,5,0,1,0,0.0
142451,0,0.306779475,45,0,3029.0,,8,0,1,0,1.0
142452,0,0.084970028,44,0,0.46676661700000005,2000.0,4,0,1,0,1.0
142453,0,0.0,59,0,6412.0,,5,0,2,0,0.0
142455,0,0.011252567,82,0,0.065409883,3500.0,11,0,1,0,0.0
142460,0,0.0,58,0,1486.0,,7,0,1,0,0.0
142461,0,0.001706134,36,0,0.260096719,7650.0,8,0,2,0,4.0
142462,0,0.017894266000000002,53,0,0.005427021,3500.0,2,0,0,0,0.0
142463,0,0.25265028,54,0,0.174519012,6600.0,8,0,1,0,4.0
142465,0,0.0,65,0,0.0,,3,0,0,0,0.0
142466,0,0.02887564,78,0,0.008998200000000001,5000.0,8,0,0,0,1.0
142467,0,0.01532571,89,0,47.0,,8,0,0,0,
142468,0,0.019035627,29,0,0.528988405,2500.0,7,0,2,0,0.0
142472,0,0.08836377,59,0,0.283562192,7500.0,9,0,1,0,0.0
142473,0,0.12091528300000001,72,0,0.40314441,5151.0,17,0,2,0,0.0
142474,0,0.01749838,81,0,583.0,,3,0,1,0,
142476,0,0.266675167,27,0,0.334961051,8600.0,27,0,2,0,0.0
142479,0,0.012376423999999999,55,0,4.0,,6,0,0,0,0.0
142480,0,0.015492253999999999,26,0,16.5,1.0,3,0,0,0,0.0
142481,0,0.640784416,66,0,0.31956575,12250.0,25,0,0,0,0.0
142482,0,0.18024454899999998,49,0,0.24506861100000002,4663.0,6,0,0,0,2.0
142483,0,0.29117509399999997,47,0,354.0,,6,0,0,0,0.0
142484,0,0.750658472,56,0,1.1436505,2700.0,5,0,1,0,0.0
142485,0,0.14879895699999998,37,0,0.20410166899999999,9166.0,7,0,1,0,3.0
142487,0,0.167092365,49,0,0.785879928,3880.0,23,0,3,0,0.0
142490,0,0.094212083,46,0,0.343731254,5000.0,4,0,1,0,0.0
142491,1,0.340696903,48,0,0.536212914,4583.0,6,1,1,2,0.0
142492,0,0.48798741100000004,49,0,0.724888807,10791.0,13,0,2,0,0.0
142493,0,0.376336436,56,0,2821.0,,15,0,3,0,2.0
142494,0,0.256268593,57,0,0.26140945,6200.0,6,0,1,0,0.0
142495,0,0.109668345,48,0,0.340159124,7666.0,15,0,2,0,3.0
142496,0,0.063028192,71,0,0.009117551,3070.0,5,0,0,0,0.0
142497,1,1.048293089,51,0,0.198844701,4500.0,8,1,0,1,0.0
142498,0,0.03017068,44,0,15.0,,3,0,0,0,0.0
142500,0,0.609721295,37,0,0.659283187,6500.0,24,0,1,0,4.0
142501,0,0.002477832,53,0,0.418096984,6000.0,13,0,1,0,2.0
142502,0,0.0,48,0,0.0,,6,0,0,0,0.0
142504,0,0.40022609,64,0,0.252106842,7000.0,18,0,1,0,3.0
142505,0,0.0,55,0,355.0,,4,0,1,0,0.0
142506,0,0.510591527,39,2,1.1020251220000001,3900.0,11,3,2,3,2.0
142507,0,0.012218281999999999,53,1,0.24901107600000003,5055.0,15,0,2,0,0.0
142508,0,0.018981019,22,0,0.0,1600.0,1,0,0,0,0.0
142509,0,0.290914956,59,0,0.277588168,3515.0,9,0,1,0,1.0
142510,0,0.867306635,73,0,0.540229885,2000.0,5,0,1,0,0.0
142511,0,0.058011735,38,0,0.008396641,2500.0,5,0,0,0,0.0
142512,0,0.024039637000000003,77,1,181.0,,8,0,0,0,2.0
142514,0,0.07786472700000001,69,0,0.23745761199999998,11500.0,12,0,2,0,1.0
142515,0,0.9999998999999999,36,0,0.039648336,5800.0,1,1,0,0,3.0
142516,0,0.047428262,53,0,0.34205156700000006,5390.0,12,0,2,0,1.0
142517,0,0.7018584529999999,41,2,0.22956079199999999,9038.0,15,0,0,0,0.0
142519,0,0.525881348,41,1,4646.0,,9,0,1,0,0.0
142521,0,0.000424974,69,0,0.139819076,6300.0,14,0,0,0,1.0
142522,0,0.46711826100000003,78,0,0.524317122,1500.0,9,0,0,0,0.0
142524,1,0.924430228,43,0,0.016424661,4200.0,2,0,0,0,0.0
142525,0,0.002087131,79,0,1.0,,9,0,0,0,0.0
142526,0,0.40040791299999995,44,0,0.227359329,7872.0,9,0,0,0,3.0
142527,0,0.054695917999999996,55,2,0.720727927,10000.0,11,0,3,0,2.0
142528,0,0.050189405,71,0,0.162902629,2700.0,25,0,0,0,0.0
142529,0,0.0,67,0,685.0,,9,0,1,0,
142531,0,0.261328866,41,2,0.251487154,7900.0,22,0,2,0,0.0
142532,0,0.004167738,76,0,0.028962188,8700.0,14,0,0,0,0.0
142534,0,0.0,41,1,0.276644863,7796.0,8,0,1,0,0.0
142535,1,0.9999998999999999,55,0,1668.0,,2,5,2,0,0.0
142536,0,0.175265315,29,0,0.28528827,3017.0,9,0,0,0,1.0
142537,0,0.141514216,29,0,0.034062319,5166.0,11,0,0,0,1.0
142538,0,0.052273692999999996,46,0,0.243929239,9100.0,5,0,1,0,0.0
142539,0,0.056919602,63,1,0.22517637100000001,18993.0,17,0,2,0,0.0
142540,0,0.02179782,47,0,0.36861015799999997,6122.0,6,0,1,0,0.0
142542,0,0.124487551,66,0,0.082039911,450.0,2,0,0,0,1.0
142543,0,0.064875788,36,0,0.25254949,5000.0,6,0,1,0,0.0
142545,0,0.35097686,35,0,1.594189316,3200.0,7,0,1,0,0.0
142547,0,0.072630787,82,0,0.16001628699999998,2455.0,6,0,0,0,1.0
142548,0,0.13174777,45,0,0.333546633,6250.0,12,0,2,0,0.0
142549,0,0.908389433,40,1,0.167183282,10000.0,10,0,0,0,3.0
142550,0,0.128706063,61,0,0.7902688290000001,4500.0,24,0,4,0,0.0
142551,0,0.74876451,50,1,0.307825623,7500.0,8,0,1,0,0.0
142552,0,0.01320593,43,0,12.0,,3,0,0,0,0.0
142554,0,0.067019445,32,0,0.290665176,10733.0,10,0,1,0,0.0
142555,0,0.18192255699999998,63,0,0.68951049,5004.0,15,0,3,0,2.0
142556,1,0.35555370399999997,38,0,0.506248959,6000.0,11,0,1,0,0.0
142557,0,0.047544431,52,0,0.37054315200000004,3000.0,4,0,1,0,1.0
142558,0,0.262105381,45,1,0.108641975,2834.0,12,0,0,0,0.0
142559,0,0.114986418,35,0,2713.0,,12,0,1,0,0.0
142560,0,0.013673871,59,0,0.19821462899999998,10417.0,16,0,1,0,1.0
142562,0,0.002435107,56,0,941.0,,8,0,1,0,2.0
142563,0,0.0,69,0,5.0,,3,0,0,0,
142564,0,0.326557814,25,0,0.019903912,1456.0,3,0,0,0,1.0
142565,0,0.373087564,43,0,2382.0,,8,0,0,0,0.0
142566,0,0.851029794,27,1,1020.0,,8,0,0,0,3.0
142570,0,0.653893147,43,0,0.64308398,5667.0,10,0,2,0,2.0
142571,0,0.00919977,58,0,0.29491807800000003,3600.0,3,0,1,0,1.0
142573,0,0.011016483,65,0,0.103390035,8288.0,6,0,1,0,0.0
142574,0,0.0,32,0,0.0,1752.0,1,0,0,0,1.0
142575,0,0.16537602199999998,47,0,0.326133333,7499.0,8,0,1,0,0.0
142577,1,0.42513576399999997,46,1,0.35027580799999997,5075.0,10,0,1,0,1.0
142578,0,0.0,83,0,0.0,1998.0,4,0,0,0,0.0
142580,0,0.394379259,47,0,0.8424210109999999,7500.0,11,0,3,0,0.0
142581,0,0.9999998999999999,71,0,0.258726003,4583.0,4,0,2,0,0.0
142582,0,3825.0,75,0,0.031509121,3617.0,1,0,0,0,0.0
142583,0,0.014474566999999999,81,0,539.0,,11,0,1,0,0.0
142584,0,0.053961794,51,0,4203.0,,6,0,1,0,0.0
142588,0,0.021298394,60,0,1303.0,0.0,7,0,1,0,0.0
142590,0,0.9999998999999999,33,1,0.26281844600000004,3100.0,3,0,0,0,0.0
142591,0,0.116573124,59,1,0.205720323,13250.0,11,0,1,0,1.0
142592,0,0.888340226,35,0,0.09577221699999999,4635.0,10,0,0,0,0.0
142593,1,0.9999998999999999,28,1,0.252291576,2290.0,5,2,0,0,1.0
142594,1,0.228545114,49,4,771.0,,11,0,0,1,3.0
142595,0,0.0,57,0,0.057581574,4167.0,2,0,0,0,0.0
142596,0,0.04387463,40,0,0.058794121,10000.0,12,0,0,0,0.0
142597,0,0.0,43,0,0.9055817829999999,3600.0,6,0,2,0,3.0
142598,0,0.5933061789999999,62,3,0.532123681,5400.0,12,0,1,0,0.0
142599,0,0.339288095,34,0,5.560554931,2666.0,5,0,3,0,0.0
142600,0,0.197696382,80,0,2363.0,,9,0,1,0,1.0
142602,0,0.09960653,60,0,0.204233465,20833.0,5,0,2,0,0.0
142603,0,0.00090905,90,0,118.0,,1,0,0,0,
142604,0,0.046367852,61,0,0.027358906000000002,25000.0,11,0,0,0,0.0
142606,0,0.07665345700000001,32,0,0.24970001100000003,9166.0,16,0,2,0,0.0
142607,0,0.841087826,53,2,0.25861931,12500.0,8,0,2,0,1.0
142609,0,1.021395721,54,1,0.263978002,12000.0,4,0,2,0,0.0
142610,0,0.065442021,57,0,0.595280944,5000.0,25,0,1,0,2.0
142613,0,0.9999998999999999,31,0,0.47697251,2800.0,7,0,1,0,0.0
142614,0,0.9999998999999999,70,0,1425.0,,3,0,1,0,0.0
142615,0,0.19034953899999998,45,0,0.518413598,6000.0,16,0,2,0,0.0
142616,0,0.565164282,44,1,0.815925728,5600.0,9,0,1,0,0.0
142617,0,0.049744453,62,0,1853.0,,4,0,1,0,0.0
142618,0,0.50732765,47,0,0.778290567,5416.0,11,0,1,0,2.0
142619,0,0.053450173,38,0,0.795083877,8583.0,24,0,3,0,0.0
142620,0,0.180001412,40,0,0.190393393,4600.0,7,0,1,0,1.0
142622,0,0.444014631,48,0,0.756322625,2925.0,10,0,2,0,1.0
142623,0,0.011786206,75,0,0.06332489,7500.0,9,0,0,0,0.0
142625,0,0.020263965,79,0,0.0012369430000000001,7275.0,3,0,0,0,0.0
142626,0,0.0,54,0,2594.0,,8,0,1,0,
142627,0,0.018484123999999998,70,0,0.011141266,7000.0,6,0,0,0,0.0
142630,0,0.0,49,2,1993.0,0.0,8,0,1,0,2.0
142633,0,0.36431784100000003,27,0,0.102317694,1768.0,4,0,0,0,0.0
142635,0,0.044371571,48,0,1939.0,0.0,4,0,1,0,3.0
142636,1,0.661004193,30,0,0.147498505,5016.0,7,0,0,0,1.0
142637,0,0.045977011,24,0,0.7740863790000001,300.0,2,0,0,0,0.0
142640,0,0.05099998099999999,66,0,0.5670955879999999,9791.0,11,0,3,0,2.0
142642,0,0.137250685,57,0,79.0,,7,0,0,0,0.0
142644,0,0.817672744,48,0,0.19442246800000001,15167.0,11,0,2,0,0.0
142645,0,0.718865623,65,0,0.8215064590000001,5960.0,12,0,2,0,0.0
142648,0,0.0,32,0,0.210211841,3681.0,5,0,0,0,0.0
142649,0,0.058968204,46,0,0.356206416,3584.0,7,0,1,0,2.0
142650,1,0.849551857,62,1,0.39539347399999997,4167.0,21,0,0,0,0.0
142651,0,0.17566081100000003,64,0,0.025290612999999997,24000.0,5,0,0,0,0.0
142652,0,0.048502338,64,0,0.037584966000000004,2500.0,5,0,0,0,0.0
142654,1,0.746849467,55,2,0.313947504,3885.0,10,0,0,1,0.0
142658,1,1.1882705759999999,42,1,0.197392924,536.0,2,1,0,0,4.0
142659,0,0.074707636,62,0,910.0,,12,0,1,0,0.0
142660,0,0.191680832,68,0,0.6783304170000001,4000.0,8,0,2,0,0.0
142664,0,0.196839474,42,0,0.343862455,2500.0,7,1,0,0,1.0
142665,0,0.9999998999999999,49,1,0.447248655,7250.0,7,0,1,3,0.0
142666,0,0.0,58,0,3149.0,,6,0,1,0,0.0
142667,0,0.00539851,63,0,7.0,,9,0,0,0,
142668,0,0.030135276000000003,57,0,0.297160842,15250.0,12,0,2,0,1.0
142673,0,0.450904142,46,0,0.334095129,7000.0,6,0,1,0,1.0
142674,0,0.14493340400000002,39,0,0.290322581,2200.0,6,0,0,0,2.0
142677,0,0.067637128,46,2,0.244672985,14876.0,17,0,2,0,3.0
142678,0,0.21852098600000003,23,0,0.010011123,898.0,3,0,0,0,0.0
142679,0,0.020907208,43,1,0.205698575,4000.0,11,0,0,0,2.0
142680,0,0.323400005,57,0,0.270746644,25473.0,18,0,2,0,1.0
142681,0,0.109634551,47,0,0.003181336,6600.0,1,0,0,0,0.0
142684,0,0.254706804,44,1,5581.0,,17,0,1,0,3.0
142685,0,0.275266385,48,0,0.351092701,7000.0,16,0,1,0,1.0
142686,0,0.963725148,64,0,0.5335176229999999,4340.0,6,0,1,0,0.0
142687,0,0.498678825,33,0,0.122288879,4333.0,4,0,0,0,1.0
142688,0,0.140701431,69,0,233.0,,10,0,0,0,0.0
142689,0,0.09297624,88,0,128.0,,2,0,0,0,0.0
142690,0,0.14354492300000002,68,0,0.021298882999999998,2863.0,3,0,0,0,0.0
142691,0,0.259459653,62,0,0.18236540899999998,11794.0,10,0,1,0,0.0
142692,0,0.152538266,48,0,0.361194931,3313.0,5,0,1,0,2.0
142693,0,0.009071213,53,0,0.200723194,13550.0,10,0,1,0,2.0
142695,1,0.588918504,43,1,1.04652713,7500.0,15,0,2,0,1.0
142697,1,0.8322224029999999,38,1,0.0536,3749.0,7,0,0,0,0.0
142698,0,0.042847672999999996,36,0,806.0,,7,0,0,0,0.0
142699,0,0.325715584,60,1,0.30373876899999996,10350.0,8,0,1,0,0.0
142700,0,0.026332602000000004,73,0,0.00271581,10309.0,7,0,0,0,0.0
142701,0,0.001807803,67,0,4.793478261000001,183.0,12,0,1,0,0.0
142702,0,0.021529081000000002,56,0,0.009141551,7000.0,10,0,0,0,3.0
142703,0,0.056494351,40,0,0.08578284300000001,3333.0,2,0,0,0,0.0
142704,0,0.001376021,53,0,1626.0,,6,0,1,0,0.0
142705,0,0.375504611,34,0,0.105278944,3333.0,4,0,0,0,0.0
142706,0,0.0,45,0,0.06832569299999999,4580.0,4,0,0,0,0.0
142709,0,0.079194526,32,0,0.245971062,8500.0,15,0,1,0,1.0
142710,0,0.021029102999999997,74,0,0.012719564,3301.0,10,0,0,0,1.0
142711,0,0.023704687999999998,57,0,0.170956466,9440.0,11,0,2,0,0.0
142712,0,0.69944755,63,1,0.8705225109999999,6085.0,9,0,2,0,1.0
142713,0,0.055770492000000005,53,0,2.196274421,2200.0,13,0,2,0,0.0
142714,0,0.0,58,0,0.589482104,5000.0,12,0,2,0,0.0
142716,0,0.020561579,78,0,30.0,,4,0,0,0,0.0
142720,0,0.498937633,32,2,0.448183939,3000.0,4,0,0,0,2.0
142721,0,0.9999998999999999,23,0,4.0,,1,0,0,0,
142723,0,0.111709475,55,0,0.313136132,12575.0,11,0,2,0,2.0
142724,0,0.26997674,59,0,1601.0,,9,0,1,0,0.0
142725,0,0.11507970599999999,30,0,0.372156961,4000.0,23,0,2,0,0.0
142727,0,0.510738197,46,0,0.239420935,3591.0,5,0,1,0,0.0
142728,0,0.049530030999999995,51,0,0.09680823,3790.0,2,0,0,0,0.0
142729,0,0.189620008,35,0,0.38660223299999996,6000.0,12,0,3,0,0.0
142730,0,0.073782929,35,0,0.46763309200000003,4000.0,12,0,2,0,0.0
142731,0,0.037147678999999996,65,0,0.490503166,3000.0,13,0,1,0,0.0
142733,0,0.24408464600000002,45,0,0.51508082,6000.0,9,0,2,0,1.0
142734,0,0.022790883999999997,62,0,0.233680227,3170.0,11,0,1,0,0.0
142735,1,0.9999998999999999,63,2,0.6142470320000001,4800.0,5,3,3,0,0.0
142736,0,0.9532890509999999,36,1,0.262044171,9734.0,10,0,2,0,1.0
142737,0,0.13918723300000002,39,0,1479.0,,7,0,1,0,
142738,0,0.20221223600000002,33,0,0.32516067600000004,4200.0,7,0,1,0,3.0
142739,0,0.098676055,39,0,0.31582360600000003,3083.0,8,0,2,0,0.0
142742,0,1.2990033220000001,30,1,0.0033577529999999998,3275.0,1,0,0,0,1.0
142743,0,0.112870297,54,0,0.446243695,11300.0,5,0,2,0,3.0
142745,0,0.98401279,24,0,0.078478575,2076.0,4,0,0,0,0.0
142746,0,0.380052096,34,1,0.6864440079999999,2544.0,9,0,1,0,1.0
142747,0,0.460217297,52,0,0.374735356,2833.0,8,0,0,0,0.0
142749,0,0.017566618,33,0,0.39950913600000004,7333.0,9,0,2,0,1.0
142750,1,0.008911214,42,0,1.330143541,8150.0,11,0,5,0,1.0
142751,0,0.669165417,51,0,0.22844428,5392.0,6,0,2,0,2.0
142752,1,0.971923977,40,5,0.92037426,5236.0,10,4,4,0,2.0
142753,1,0.438805722,42,1,0.748771658,7733.0,10,0,3,0,3.0
142754,0,0.063785169,52,0,0.332395056,8170.0,6,0,1,0,2.0
142755,0,0.059336945,66,0,0.107608799,10500.0,12,0,0,0,1.0
142756,0,0.5610548679999999,47,0,0.856407149,3300.0,9,0,1,0,4.0
142757,0,0.179706951,77,0,170.0,0.0,11,0,0,0,0.0
142758,0,0.083064976,57,0,0.446684265,12500.0,17,0,3,0,1.0
142760,0,0.7864005909999999,36,1,0.125947845,5406.0,3,0,0,0,0.0
142761,1,0.071934033,63,0,0.45947977700000003,6650.0,20,0,1,0,1.0
142763,0,1.003498251,43,1,0.19034014800000001,11200.0,5,0,1,0,2.0
142764,0,0.009190681,98,1,0.634069401,950.0,8,0,1,0,0.0
142765,1,0.087586817,37,0,0.37049259,16666.0,22,0,3,0,0.0
142768,0,0.062766229,66,0,0.19514030699999999,9300.0,13,0,2,0,0.0
142769,0,0.744586747,50,1,2992.0,,15,0,3,0,0.0
142771,0,0.18195349600000002,47,0,0.13292358699999998,41000.0,16,0,2,0,1.0
142773,0,0.325507587,35,0,0.653869226,3333.0,9,0,1,0,1.0
142774,0,0.044236726,72,0,102.0,,11,0,0,0,0.0
142775,0,0.007383479,52,0,0.46271748100000004,7241.0,8,0,2,0,1.0
142777,0,0.218447535,56,0,0.24002205100000001,9069.0,6,0,1,0,1.0
142779,0,0.206444221,63,0,0.047639047000000004,16666.0,16,0,0,0,0.0
142780,0,0.517587207,70,0,0.15712789300000002,10500.0,11,0,0,0,1.0
142782,0,0.066064181,72,0,0.009581336999999999,4800.0,2,0,0,0,0.0
142784,0,0.978085742,72,0,954.0,,9,0,0,0,
142785,1,0.05720006,53,0,0.8572856790000001,4000.0,13,0,1,0,0.0
142786,0,0.9999998999999999,49,0,0.571113561,906.0,2,0,1,0,0.0
142788,1,0.9999998999999999,71,2,0.138215446,4000.0,4,0,0,0,0.0
142789,0,0.600856745,49,0,0.510513355,5278.0,8,0,1,0,0.0
142791,0,0.530933333,48,1,0.296685955,1900.0,7,0,0,0,3.0
142792,0,0.312256966,63,0,4106.0,,28,0,2,0,0.0
142794,0,0.042162894000000006,58,1,0.372719481,8166.0,23,0,2,0,0.0
142795,0,0.0,81,0,0.0,1250.0,5,0,0,0,0.0
142796,0,0.96516617,38,0,0.163003445,8416.0,10,0,0,0,0.0
142797,1,0.261885283,44,0,0.351565852,32633.0,10,0,3,0,3.0
142798,0,0.0,81,0,0.0,,2,0,0,0,0.0
142799,0,0.399765228,36,1,0.240707511,3900.0,8,0,0,0,0.0
142801,0,0.005383786999999999,91,0,1.0,,2,0,0,0,0.0
142802,0,0.9999998999999999,82,4,20.94513716,400.0,4,0,0,1,0.0
142803,0,0.12770642199999999,48,0,0.290237698,11400.0,13,0,2,0,9.0
142804,0,0.029812037000000003,93,0,32.0,,11,0,0,0,0.0
142805,0,0.0,74,0,66.0,,8,0,0,0,0.0
142807,0,0.9999998999999999,60,0,0.0,5338.0,0,0,0,0,0.0
142808,0,0.046833122000000005,75,0,543.0,,8,0,1,0,
142809,0,0.18471536100000002,37,0,0.114680276,3330.0,5,0,0,0,0.0
142810,0,0.001379279,58,0,0.328697391,11000.0,8,0,1,0,0.0
142812,0,0.032339353,43,0,0.180489813,9717.0,8,0,1,0,0.0
142814,0,0.0,70,1,0.18199089999999998,20000.0,4,0,1,0,0.0
142815,0,0.973026973,81,3,576.0,0.0,6,0,0,0,0.0
142816,1,0.6510497789999999,37,0,0.21590097600000002,4200.0,6,0,0,0,0.0
142817,0,0.04796587099999999,61,0,3013.0,,21,0,2,0,0.0
142818,0,0.15654573300000002,70,1,1.7012770680000002,1800.0,16,0,4,0,1.0
142820,0,0.057618348,33,0,1062.0,0.0,6,0,0,0,0.0
142823,0,0.728668333,31,0,0.304952215,1150.0,5,0,0,0,0.0
142824,0,0.017471737,56,0,0.0017141220000000002,10500.0,8,0,0,0,0.0
142825,0,0.491959221,45,0,0.653061224,5732.0,13,0,1,0,1.0
142827,0,0.10647951,58,0,0.27330865,5941.0,11,0,1,0,2.0
142828,0,0.206074747,63,0,2166.0,,3,0,1,0,1.0
142830,0,0.8894517820000001,47,0,0.41102558299999997,8833.0,13,3,1,1,3.0
142831,1,1.006662225,43,0,0.166234728,2700.0,4,0,0,0,1.0
142832,0,0.575167607,33,0,0.419950594,8500.0,16,0,2,0,0.0
142833,0,0.01272898,40,0,0.192157881,3850.0,4,0,1,0,0.0
142834,0,0.047716989,47,0,1614.0,,18,0,2,0,0.0
142835,0,0.567254965,73,0,0.25631769,2769.0,6,0,0,0,0.0
142836,0,0.019359396,55,0,5559.0,,12,0,2,0,0.0
142838,0,0.264617652,68,0,0.544967381,4291.0,9,0,3,0,0.0
142840,0,0.606064081,40,0,0.105585922,7500.0,5,0,0,0,1.0
142842,0,0.0,57,2,1981.0,,4,0,2,0,3.0
142843,0,0.0014124029999999998,44,0,0.17703949100000002,11166.0,6,0,1,0,1.0
142844,0,0.026840191,63,0,0.054219217,7690.0,4,0,0,0,0.0
142845,0,0.0,86,0,0.0,3675.0,1,0,0,0,0.0
142846,0,0.059623407999999996,50,0,0.12908778,12200.0,8,0,2,0,1.0
142847,1,0.9999998999999999,46,0,0.0,3855.0,0,0,0,0,1.0
142848,0,0.168830258,31,0,424.0,,7,0,0,0,0.0
142850,0,0.230104833,38,0,0.563944029,6145.0,12,0,2,1,2.0
142852,0,0.0,62,0,0.188864891,4166.0,2,0,1,0,0.0
142854,0,0.0,80,0,0.004249668,3764.0,4,0,0,0,0.0
142855,0,0.876057034,27,0,0.154146473,7427.0,10,0,0,0,0.0
142857,0,0.123408423,39,0,0.21706022600000002,13000.0,22,0,1,0,3.0
142858,0,0.543866858,26,0,2010.0,,7,0,1,0,0.0
142860,0,0.098526765,86,0,44.0,,2,0,0,0,0.0
142861,0,0.10418141,74,0,1788.0,,7,0,1,0,
142862,1,0.9999998999999999,57,3,0.27926766399999997,7755.0,5,2,2,2,0.0
142863,0,0.41588223799999996,72,0,0.194526316,2374.0,4,0,0,0,0.0
142864,0,0.324655331,56,0,0.34004934200000003,7295.0,11,0,2,0,0.0
142865,1,0.400676583,43,4,1.582256675,1160.0,14,0,0,1,1.0
142866,0,0.009123314,84,0,35.0,,12,0,0,0,0.0
142869,0,0.841349676,53,2,0.676411627,5985.0,16,0,2,0,0.0
142870,0,0.00800284,54,0,1678.0,,7,0,0,0,
142871,0,0.9999998999999999,41,0,0.0,15000.0,1,0,0,0,0.0
142872,0,0.19636869,34,0,0.15505997900000001,12420.0,9,0,1,0,0.0
142874,0,0.2057395,45,0,0.075174825,5719.0,3,0,0,0,1.0
142876,0,0.142083685,54,0,0.324339207,9079.0,7,0,2,0,1.0
142877,0,0.015342841999999999,72,0,32.0,,6,0,0,0,0.0
142878,0,0.026437917999999998,46,0,0.5770704879999999,6000.0,31,0,1,0,2.0
142879,0,0.0,59,0,0.038177735,6233.0,7,0,0,0,0.0
142880,0,0.38506869,47,1,2.8222381289999996,4190.0,16,0,2,0,1.0
142881,1,0.774225774,62,3,0.80062098,4508.0,9,3,2,3,0.0
142882,0,0.868918018,42,0,0.3098809,4533.0,6,0,0,0,1.0
142883,0,0.669921932,52,0,1898.0,,3,0,0,0,0.0
142884,0,0.036457334,55,0,0.008696552,9658.0,8,0,0,0,0.0
142886,0,0.13581297,66,0,0.6316202989999999,28000.0,16,0,9,0,0.0
142887,0,0.712937824,36,0,0.807205453,5134.0,8,0,1,0,0.0
142888,0,0.023089337,73,0,0.09697112,4258.0,8,0,0,0,1.0
142889,0,0.0,67,0,2352.0,,14,0,2,0,0.0
142890,0,0.056596485999999994,68,0,0.319335083,8000.0,19,0,2,0,0.0
142891,0,0.0,60,0,0.0,2600.0,6,0,0,0,0.0
142892,0,0.99560088,42,1,0.52124859,5317.0,5,0,1,0,1.0
142893,0,0.018450185,63,0,0.304404629,5357.0,12,0,1,0,0.0
142895,0,0.01754473,49,0,783.0,,16,0,1,0,0.0
142896,0,0.0,57,0,0.0,1.0,6,0,0,0,0.0
142897,0,0.30765297399999997,50,0,0.5437595129999999,2627.0,13,0,0,0,0.0
142898,0,0.127535191,50,0,0.49299569,7423.0,12,0,1,0,3.0
142899,0,0.31913635,46,1,0.615823173,11400.0,25,0,4,0,0.0
142900,0,0.020609133,85,0,44.0,,7,0,0,0,0.0
142901,0,0.87685327,50,0,1.7802169419999998,3871.0,18,0,3,0,1.0
142902,0,0.0,58,0,9.0,,8,0,0,0,0.0
142903,0,0.9999998999999999,60,0,0.0,2500.0,1,1,0,1,0.0
142905,0,0.44275572399999996,33,0,0.355122564,6363.0,5,0,1,0,3.0
142906,0,0.0,85,0,0.0,,4,0,0,0,0.0
142907,0,0.17597244199999998,60,1,0.007664971,14350.0,6,0,0,0,1.0
142908,0,0.689011915,48,0,1398.0,0.0,13,0,0,0,1.0
142909,0,0.9999998999999999,69,0,0.0,,2,0,0,0,0.0
142911,0,0.00020538900000000002,40,1,0.044592388,7960.0,10,0,0,0,1.0
142916,0,0.482319789,40,2,0.316269397,6250.0,8,0,2,0,0.0
142917,0,0.767372464,52,1,0.380509305,4083.0,5,0,0,0,2.0
142920,0,0.304700738,64,0,2925.0,,8,0,2,0,2.0
142922,0,0.038548131,44,1,0.374462554,10000.0,13,0,2,0,2.0
142923,0,0.18825882,77,0,0.022988506000000002,2000.0,4,0,0,0,0.0
142928,0,0.052032583,54,0,0.234437962,16626.0,17,0,2,0,1.0
142929,0,0.0,51,0,0.24467081699999998,5300.0,4,0,1,0,3.0
142930,0,0.173901186,29,0,0.114295235,3000.0,14,0,1,0,0.0
142931,0,0.015998558,78,0,0.18450096,4167.0,11,0,1,0,0.0
142932,0,0.5899242889999999,60,0,0.430851064,8083.0,4,0,2,0,0.0
142933,0,0.013849308000000001,77,0,0.001104972,7239.0,6,0,0,0,0.0
142935,0,0.024154276000000002,33,0,22.0,,6,0,0,0,
142936,0,0.08081603,57,0,2003.0,1.0,25,0,3,0,4.0
142938,0,0.252689044,43,0,0.374277791,8653.0,8,0,1,0,5.0
142941,0,0.34986501299999995,63,0,0.060994917,12000.0,5,0,0,0,1.0
142942,0,0.9388658759999999,48,0,0.611371446,3200.0,9,0,1,1,1.0
142943,0,0.374655344,34,0,0.388289455,6950.0,11,0,2,0,1.0
142944,0,0.070976488,61,1,0.245116992,15000.0,21,0,2,0,0.0
142946,0,0.627489184,58,0,0.872621359,2574.0,10,0,1,0,0.0
142947,0,0.29878037,47,0,0.30610490100000004,10466.0,10,0,1,0,0.0
142948,0,0.0,38,1,0.08554599,11034.0,9,0,1,0,0.0
142950,0,0.03382955,80,0,0.272465942,8000.0,11,0,1,0,1.0
142951,1,0.395038626,66,5,0.619793402,3000.0,8,0,1,2,4.0
142953,0,0.016987836,56,0,0.747161572,4579.0,14,0,1,1,0.0
142954,0,0.029850746,26,0,124.0,,3,0,0,0,0.0
142955,0,0.056945292,26,0,0.161723657,5731.0,7,0,0,0,0.0
142956,0,0.44989288299999997,35,0,0.213905775,2631.0,8,0,0,0,0.0
142957,0,0.440132941,42,0,0.126258233,8046.0,7,0,0,0,1.0
142958,0,0.078512703,34,1,0.067477014,6416.0,6,0,0,0,1.0
142959,0,0.0,81,0,607.0,,10,0,1,0,0.0
142960,0,0.149330443,49,0,0.13967082,6500.0,10,0,1,0,1.0
142961,0,0.19708690199999998,56,6,0.223226117,8300.0,15,0,1,0,2.0
142966,0,0.558521287,50,0,0.211545973,12800.0,21,0,1,0,1.0
142967,0,0.000749813,32,0,2224.0,,4,0,1,0,
142968,1,0.09776226,79,1,0.442852491,3070.0,11,0,2,0,1.0
142970,0,5.94e-05,46,0,0.486502699,5000.0,6,0,1,0,1.0
142971,0,0.051744455,47,0,0.141248901,5684.0,14,0,0,0,2.0
142972,0,0.036944648999999996,50,0,0.313334333,6666.0,8,0,1,0,0.0
142974,0,0.340724376,49,0,0.302587177,8000.0,13,0,1,0,5.0
142976,0,0.068874102,52,0,0.325779037,6000.0,12,0,1,0,1.0
142978,0,0.7208559640000001,33,0,0.259790035,6000.0,9,0,0,0,0.0
142979,0,0.060813737,44,0,0.118776245,5000.0,7,0,0,0,2.0
142980,0,0.6076684960000001,64,0,0.65792386,9035.0,9,0,1,0,0.0
142981,0,0.447621673,43,0,0.718496485,3697.0,8,0,1,0,2.0
142983,0,0.008230558,56,0,0.154223768,14666.0,14,0,1,0,3.0
142986,0,0.322973267,24,1,0.053593179000000005,820.0,4,0,0,0,0.0
142988,0,0.404314742,63,0,0.26645846300000003,8004.0,9,0,1,0,0.0
142990,0,0.041875225,44,0,0.620250863,5500.0,15,0,1,0,2.0
142992,0,0.74342886,69,0,0.21369699399999997,25114.0,17,0,2,0,0.0
142993,0,0.298278133,31,1,0.49357601700000003,6537.0,8,0,2,0,1.0
142994,0,1.031841255,25,0,0.150583897,4880.0,4,0,0,0,1.0
142995,0,0.003859862,64,0,0.416757658,17400.0,16,0,3,0,0.0
142997,0,0.0037010640000000004,62,0,1275.0,0.0,8,0,2,0,0.0
142998,0,0.639338583,56,0,0.605847469,7250.0,21,0,2,0,0.0
142999,0,0.01095413,84,0,15.0,,9,0,0,0,
143000,0,0.079147445,51,0,2462.0,,6,0,1,0,3.0
143001,0,0.391524759,47,0,0.824687933,7209.0,14,0,3,0,1.0
143004,0,0.582834331,23,0,8.0,0.0,1,0,0,0,0.0
143005,1,0.480211382,50,1,0.406906046,8716.0,14,0,1,0,0.0
143006,0,0.9333518470000001,50,0,0.186886708,4483.0,5,0,0,0,0.0
143007,0,0.09066062300000001,30,0,274.0,0.0,4,0,0,0,0.0
143008,0,0.9999998999999999,68,0,0.379000781,2561.0,2,0,1,0,0.0
143009,1,0.073525062,45,0,0.485348803,13445.0,8,0,4,0,1.0
143010,0,0.7105656990000001,35,0,0.582826897,5100.0,8,0,3,0,3.0
143011,0,0.102796834,62,0,0.482103579,5000.0,10,0,2,0,0.0
143013,0,0.251790554,77,0,0.627093227,4000.0,10,0,1,0,0.0
143015,0,0.237597108,41,0,0.039982616,2300.0,2,0,0,0,1.0
143016,0,0.0,51,0,0.066744438,12000.0,4,0,0,0,2.0
143017,0,0.006624677,71,0,0.0006956180000000001,10062.0,5,0,0,0,0.0
143018,0,0.003968097,77,0,3.0,,4,0,0,0,0.0
143019,0,1.061176257,61,0,0.249222568,2250.0,3,0,0,0,2.0
143021,0,0.027206985,68,0,0.082159624,851.0,9,0,0,0,0.0
143022,0,0.064323724,49,0,33.0,,1,0,0,0,1.0
143023,0,0.157017204,65,0,0.323371805,9703.0,13,0,3,0,2.0
143024,0,0.060093991,38,0,1928.0,,3,0,1,0,
143025,0,0.0,67,0,0.13070475,3220.0,9,0,0,0,0.0
143026,0,0.6916514109999999,57,3,0.209723785,8000.0,18,0,1,0,3.0
143027,0,0.428476463,64,0,0.297197737,7600.0,13,0,1,0,0.0
143028,0,0.7803841509999999,32,0,0.9624032440000001,2712.0,5,0,1,0,0.0
143029,0,0.521556783,52,0,0.46323343200000006,11844.0,10,0,2,0,0.0
143030,0,0.67648273,43,0,0.301353814,7681.0,10,0,0,0,3.0
143031,0,0.00963765,66,0,0.364596021,2462.0,7,0,1,0,0.0
143032,0,0.026686906,57,0,0.326925075,9622.0,13,0,2,0,1.0
143035,0,0.08515574,43,0,0.5013885920000001,4680.0,15,0,1,0,2.0
143036,0,0.574333121,33,0,1.574106473,4000.0,11,0,2,0,0.0
143037,0,0.095700614,30,0,0.01582015,1200.0,4,0,0,0,0.0
143038,0,0.154162522,43,0,0.31838316699999997,5417.0,28,0,0,0,0.0
143039,0,0.363545461,57,1,0.14848144,5333.0,5,0,1,0,0.0
143040,0,0.02666592,85,0,0.004479283,6250.0,5,0,0,0,0.0
143041,0,0.183095507,45,0,0.79128727,5600.0,11,0,2,0,1.0
143042,0,0.00934259,50,1,9.0,,3,0,0,0,0.0
143043,0,0.023534958999999998,59,0,0.135197067,6545.0,10,0,1,0,0.0
143044,0,0.562336963,37,0,0.190945406,7509.0,4,0,0,0,3.0
143045,0,0.31104593,28,0,0.173901605,3800.0,11,0,0,0,0.0
143047,0,0.016628255,92,0,0.00887929,4166.0,5,0,0,0,0.0
143051,0,0.196843584,44,0,0.038820992,1390.0,6,0,0,0,1.0
143056,0,0.286830183,57,0,0.331957167,7750.0,9,0,0,0,0.0
143057,0,0.02959926,57,0,0.16263956,6000.0,3,0,1,0,0.0
143058,0,0.6551149620000001,49,2,0.236454533,7400.0,10,1,1,0,0.0
143059,0,0.9999998999999999,48,0,0.0,,0,0,0,0,0.0
143063,0,0.034369522,48,0,0.43583135799999995,9700.0,13,0,3,0,2.0
143066,0,0.125120552,62,0,0.45010375399999997,5300.0,7,0,3,0,1.0
143069,0,0.019996001,30,0,0.182505755,3040.0,6,0,0,0,0.0
143070,0,0.021283202999999997,90,0,0.20860473100000002,5833.0,4,0,1,0,0.0
143071,0,0.026996625,27,0,0.0033314829999999997,1800.0,1,0,0,0,0.0
143072,0,0.910193878,64,0,0.23560599,10750.0,14,0,0,0,1.0
143073,0,0.033766149,54,0,0.162588498,8050.0,10,0,1,0,2.0
143074,0,0.0,53,0,0.7148554340000001,7020.0,12,0,3,0,1.0
143075,0,0.209977475,40,0,0.536209113,7000.0,17,0,1,0,2.0
143076,0,0.062498437999999996,57,1,0.038747578,16000.0,5,0,0,0,3.0
143077,0,0.158136577,58,2,0.276840395,8000.0,19,0,1,0,0.0
143078,0,0.331083566,44,0,0.489001466,7500.0,12,0,1,0,0.0
143081,0,0.02800296,60,0,0.20741569199999998,11623.0,14,0,1,0,2.0
143082,0,0.642997584,40,0,0.9248826290000001,3833.0,8,0,1,1,2.0
143083,0,0.027760266000000002,57,0,962.0,,9,0,2,0,0.0
143084,0,0.047716428,27,0,0.124627818,2350.0,3,0,0,0,0.0
143085,0,0.001898371,48,0,0.399366086,1892.0,6,0,1,0,3.0
143088,0,0.08861227199999999,25,1,0.072335726,7243.0,8,0,0,0,0.0
143089,0,0.0,36,0,0.075184963,5000.0,3,0,0,0,0.0
143091,0,0.411721477,66,0,0.516861666,4358.0,8,0,2,0,0.0
143092,0,0.605777592,34,0,0.35181281600000003,4743.0,8,0,1,0,1.0
143093,0,1.6976744190000002,41,0,71.0,,2,0,0,2,4.0
143094,0,0.140474381,51,0,0.15205766099999998,4300.0,2,0,1,0,1.0
143095,0,0.280518292,31,0,0.25487256399999997,2000.0,6,0,0,0,0.0
143097,0,0.36035533200000003,66,0,0.199707388,2733.0,4,0,0,0,0.0
143098,0,0.16935989999999998,50,0,0.469668505,16500.0,27,0,3,0,1.0
143099,0,0.9999998999999999,25,0,0.085653105,1400.0,4,1,0,1,0.0
143100,0,0.6865625320000001,43,2,0.23623818800000002,6666.0,9,0,0,0,0.0
143101,0,0.138827844,73,0,0.33565496899999997,7465.0,11,0,1,0,0.0
143102,1,0.9903779640000001,55,1,1637.0,,10,0,0,2,0.0
143103,0,0.174754585,53,0,0.318124583,13500.0,17,0,2,0,0.0
143104,0,0.339422093,32,0,0.367751318,5500.0,6,0,2,0,2.0
143105,0,0.814123917,45,1,0.20686088600000002,5800.0,6,0,1,0,3.0
143106,0,0.861209964,40,0,0.146308949,6000.0,3,0,0,0,1.0
143107,0,0.494111257,53,0,1843.0,,17,0,1,0,1.0
143109,0,0.004999821,56,0,0.06479481599999999,4166.0,4,0,0,0,0.0
143112,0,0.0,28,0,0.003735525,2676.0,3,0,0,0,1.0
143115,0,0.461355676,38,0,0.513212353,3140.0,10,0,0,0,1.0
143116,0,0.383090595,50,0,0.416576316,8300.0,9,0,3,0,1.0
143119,0,0.04679883,46,0,0.802195568,4918.0,11,0,4,0,0.0
143120,1,0.950166113,49,0,0.098757952,3300.0,2,0,0,1,3.0
143121,0,0.00976553,61,0,0.17958802699999998,15000.0,12,0,1,0,0.0
143122,0,0.084405558,39,0,0.034928089,6813.0,4,0,0,0,5.0
143123,0,0.27570903399999996,51,0,2079.0,,8,0,1,0,0.0
143124,0,0.9755776540000001,48,0,3667.0,,10,0,2,0,0.0
143125,0,0.0,59,0,0.288664745,2081.0,5,0,1,0,1.0
143126,0,0.150834073,68,0,0.332916771,4000.0,10,0,1,0,0.0
143128,0,0.092967429,86,0,195.0,,7,0,0,0,
143129,0,0.01322344,64,0,41.0,,15,0,0,0,0.0
143131,0,0.013184696999999999,45,0,0.345898004,5411.0,6,0,1,0,1.0
143133,0,0.013228871000000001,43,0,0.568147846,7358.0,10,0,2,0,0.0
143134,0,0.038807676,30,0,0.01301944,5606.0,4,0,0,0,0.0
143135,0,0.009961511999999999,59,0,0.006922651,10833.0,22,0,0,0,0.0
143136,0,0.46606495,55,0,0.481082744,3250.0,9,0,1,0,0.0
143138,0,0.12516666199999998,54,0,1.756036636,1200.0,5,0,1,0,0.0
143140,0,0.261339878,40,0,0.29473091,3548.0,7,0,0,0,0.0
143141,0,0.501135373,56,0,0.275202435,18400.0,22,0,6,0,1.0
143143,0,0.356358991,80,0,0.290299947,5700.0,11,0,0,0,0.0
143145,0,0.030255608,38,0,0.9103734440000001,3614.0,5,0,1,0,1.0
143146,0,0.015589578,60,0,0.374270955,6000.0,5,0,1,0,1.0
143147,0,0.093778124,63,1,0.420771865,15183.0,10,0,2,0,0.0
143148,0,0.652030228,65,1,3552.0,,13,0,1,0,0.0
143149,0,0.0,49,0,64.0,,12,0,0,0,
143150,1,0.9999998999999999,30,0,0.598960416,2500.0,4,1,1,1,0.0
143151,0,0.055761425999999996,78,0,0.22417896199999998,2100.0,8,0,1,0,0.0
143152,0,0.6998478290000001,50,0,0.365784499,11637.0,9,0,1,0,0.0
143153,0,0.803540679,64,0,8066.0,,10,0,1,0,0.0
143154,0,0.30284987,55,0,1.31507397,2500.0,9,0,1,0,0.0
143155,0,0.309042926,45,1,0.46730653899999997,3333.0,11,0,0,0,0.0
143156,0,0.01993081,75,0,0.004285306,10500.0,7,0,0,0,0.0
143157,0,0.9999998999999999,33,3,0.099296649,7250.0,2,1,0,1,1.0
143158,0,0.09268174800000001,59,0,0.148594378,9710.0,11,0,0,0,0.0
143159,0,0.36732810299999996,30,0,71.0,,1,0,0,0,
143162,0,0.012600792,44,0,1.219945014,4000.0,10,0,3,0,3.0
143163,0,1.020489755,40,1,0.35151959,2730.0,5,0,0,0,1.0
143164,0,0.019870902,32,0,0.21739130399999998,2000.0,8,0,0,0,0.0
143165,0,0.006481921999999999,46,0,0.18330423699999998,6300.0,13,0,2,0,1.0
143166,0,0.342926702,29,0,0.507925569,1450.0,7,0,0,0,0.0
143167,0,0.029027165,86,0,0.305072195,2700.0,7,0,1,0,1.0
143168,0,0.054198134,23,0,0.009966777,300.0,3,0,0,0,0.0
143169,0,0.39200515799999996,49,1,0.505236547,2768.0,7,0,0,0,0.0
143172,1,0.592266713,38,0,0.458188282,13500.0,13,0,4,0,3.0
143175,0,0.08529025800000001,43,0,2474.0,,4,0,1,0,0.0
143176,0,0.0,60,0,6725.0,,17,0,7,0,0.0
143181,0,0.0,38,1,0.908082409,4416.0,8,0,1,0,0.0
143182,0,0.065830721,59,0,1510.0,,5,0,1,0,1.0
143183,0,0.321167883,53,0,0.161862528,7666.0,4,0,1,0,1.0
143186,0,0.044697188,50,0,0.26651315,8250.0,20,0,3,0,1.0
143187,0,0.009477849,80,0,0.001475652,4065.0,2,0,0,0,0.0
143188,0,0.059574537000000004,71,0,0.22615476899999998,3333.0,23,0,2,0,0.0
143189,1,1.056250806,67,1,2562.0,,6,1,1,1,0.0
143191,0,0.024465083,62,0,0.206104192,5700.0,6,0,1,0,1.0
143192,0,0.08969175300000001,51,0,0.007797760999999999,7950.0,8,0,0,0,0.0
143193,1,0.443891383,44,0,0.7290541890000001,5000.0,12,0,3,0,1.0
143197,0,0.039589884,54,0,98.0,0.0,13,0,0,0,0.0
143198,0,0.01126211,71,0,0.11305340800000001,11383.0,4,0,1,0,0.0
143199,0,0.260534014,63,0,3.9413869010000004,3633.0,13,0,1,0,0.0
143200,0,0.8224314640000001,28,0,0.24380495600000002,1250.0,4,0,0,0,0.0
143201,0,0.056476054000000005,68,0,0.352172982,4670.0,7,0,1,0,1.0
143202,0,1.0072782,60,2,0.60689885,6000.0,14,0,2,0,1.0
143203,1,0.251497006,33,1,2398.0,0.0,5,1,2,0,1.0
143204,0,0.522095581,43,0,0.413989856,14195.0,7,0,4,0,3.0
143206,0,0.071458893,57,0,0.25829668100000003,2500.0,11,0,0,0,0.0
143208,0,0.018385225,76,0,0.239481683,6250.0,12,0,1,0,0.0
143209,1,0.379124175,65,0,0.21986258600000003,1600.0,3,0,0,0,0.0
143210,0,0.025615312,59,0,0.413643411,3224.0,9,0,0,0,0.0
143211,0,0.42473964799999997,34,0,0.217700082,3660.0,8,0,0,0,2.0
143212,0,0.053169840999999995,43,0,0.5191135729999999,1804.0,19,0,0,0,2.0
143219,0,0.066960899,70,0,34.0,,1,0,0,0,
143222,1,0.468446487,52,0,0.516177416,4666.0,13,0,1,0,0.0
143223,0,0.96258674,49,0,0.633136988,6620.0,11,0,1,0,5.0
143224,0,0.245985092,38,0,478.0,,3,0,0,0,0.0
143225,0,0.023160543,85,0,0.349095395,2431.0,10,0,0,0,0.0
143226,0,0.004859662,67,0,0.174281677,4245.0,6,0,0,0,0.0
143227,1,0.067752545,61,0,0.389902524,4000.0,13,0,2,1,0.0
143228,0,0.025135676000000003,23,0,0.002150538,929.0,3,0,0,0,0.0
143229,0,0.032799271,55,0,1398.0,,9,0,2,0,0.0
143230,0,0.012017486,56,0,0.557444256,10000.0,11,0,1,0,2.0
143231,0,0.820550241,41,0,0.754703007,6750.0,7,0,2,0,3.0
143233,0,0.049141504,65,0,0.34591352200000003,4000.0,7,0,1,0,0.0
143234,0,0.030710197999999998,48,0,0.228975769,9821.0,19,0,2,0,0.0
143236,0,0.054949863,61,0,0.767269126,4038.0,10,0,4,0,0.0
143237,0,0.253457914,43,0,0.240220782,12500.0,6,0,1,0,1.0
143238,0,0.9999998999999999,24,0,0.5702685820000001,1600.0,3,0,0,0,2.0
143240,0,0.015693188,56,0,2112.0,,7,0,2,0,0.0
143242,0,0.0,22,0,0.0,929.0,2,0,0,0,0.0
143243,0,0.021866267999999998,69,0,0.40008822200000005,6800.0,20,0,2,0,0.0
143246,0,0.048603115,64,0,0.363547995,8229.0,5,0,1,0,0.0
143249,0,0.010147375,49,0,0.427145709,500.0,7,0,1,0,0.0
143250,0,0.001700565,80,0,0.0,5085.0,4,0,0,0,0.0
143251,0,0.007906609,43,0,0.000416623,9600.0,3,0,0,0,3.0
143252,0,0.597369002,42,0,0.32280780800000003,35500.0,13,0,3,0,2.0
143253,0,0.12316198099999999,69,0,1.09632572,1006.0,7,0,1,0,0.0
143254,1,0.591377694,53,2,0.499464477,2800.0,7,0,0,0,1.0
143256,0,0.001409661,66,1,0.109364443,22200.0,7,0,2,0,2.0
143259,1,0.724149789,53,0,0.63403327,11000.0,17,0,2,0,2.0
143260,0,0.385546228,43,0,0.253184338,46712.0,15,1,3,0,2.0
143261,0,0.9999998999999999,26,0,0.0017962120000000002,6123.0,0,0,0,0,0.0
143264,0,0.058900582,70,0,0.077785522,33000.0,8,0,1,0,0.0
143266,0,0.05057982900000001,55,0,0.20287868399999998,2917.0,9,0,1,0,0.0
143268,0,0.002837878,52,0,3160.0,,14,0,2,0,4.0
143269,0,0.010131679000000001,62,0,136.0,,5,0,0,0,
143271,0,0.919306342,45,0,0.7281849909999999,4583.0,11,0,1,0,0.0
143272,0,1.006655574,48,5,0.09270088800000001,4616.0,4,2,0,0,1.0
143274,0,0.979006998,40,2,0.7643630309999999,1200.0,5,4,0,1,0.0
143276,0,0.005165075999999999,71,0,675.0,,5,0,0,0,0.0
143277,0,0.60934073,55,0,0.641863961,2660.0,8,0,1,0,0.0
143278,0,0.027954398999999998,62,0,1514.0,,5,0,1,0,0.0
143280,0,0.00408288,66,0,0.065837879,7882.0,5,0,1,0,0.0
143281,0,0.08015330799999999,38,0,0.35830650700000005,10250.0,7,0,2,1,1.0
143282,0,0.12098133800000001,39,0,0.164098341,8500.0,9,0,1,0,1.0
143283,0,0.107485872,61,0,1.117521671,7036.0,9,0,4,0,0.0
143286,0,0.9999998999999999,26,0,0.13462669,1700.0,2,0,0,0,0.0
143287,0,0.000622759,59,0,0.399235182,7844.0,16,1,3,0,0.0
143288,0,0.011613773999999999,37,0,2.0,,5,0,0,0,
143290,0,0.0,29,0,9.0,,1,0,0,0,0.0
143291,0,0.48370196600000004,41,2,0.523307661,7400.0,12,0,2,0,3.0
143292,0,0.158945959,41,0,0.6074696270000001,6666.0,8,0,1,0,0.0
143293,0,0.083739295,33,0,0.095523766,4333.0,7,0,0,0,0.0
143294,0,0.9999998999999999,42,1,0.038920831,2260.0,1,1,0,0,0.0
143295,0,0.380581099,74,0,0.23042822899999998,11278.0,14,1,2,1,0.0
143296,0,0.241168519,83,0,0.357850809,3833.0,13,0,0,0,0.0
143299,0,0.8060853659999999,36,2,1.056818182,2551.0,9,0,1,0,0.0
143301,0,0.0,85,0,0.18547750600000001,3800.0,9,0,2,0,2.0
143302,0,0.7052147390000001,54,0,3830.0,,7,0,2,0,0.0
143304,0,0.968733182,42,0,0.477593616,4886.0,6,0,0,0,2.0
143305,0,0.218063562,46,1,0.144645885,7666.0,11,0,0,0,2.0
143307,0,0.769711488,56,1,0.370881226,1304.0,6,0,0,0,2.0
143308,0,0.806250618,39,2,0.238185855,3152.0,3,0,0,0,0.0
143309,0,0.00359952,74,0,0.0,1500.0,4,0,0,0,0.0
143314,0,0.043626719,54,0,1189.0,,3,0,1,0,
143316,0,0.01379908,57,0,0.00097292,6166.0,3,0,0,0,1.0
143318,0,0.09954436400000001,69,0,0.548956189,3400.0,7,0,1,0,0.0
143319,0,0.05591928400000001,63,0,0.033399307,8083.0,8,0,0,0,0.0
143320,0,0.00479904,26,0,0.11400422199999999,1420.0,4,0,0,0,0.0
143322,0,0.34868570600000004,56,1,1.041237113,3200.0,14,0,2,0,1.0
143323,0,0.13462923,59,0,0.007141837,7000.0,2,0,0,0,0.0
143324,0,0.891310869,43,0,0.329608281,8500.0,8,0,1,0,1.0
143325,0,0.070732317,82,0,641.0,,10,0,1,0,0.0
143326,0,0.0,51,0,0.283952675,6000.0,6,0,2,0,4.0
143327,0,0.033994121,44,0,0.3812045,3021.0,9,2,1,0,0.0
143329,0,0.044534236,81,0,0.046642747000000005,1950.0,9,0,0,0,0.0
143330,0,0.9999998999999999,73,0,70.0,,4,0,0,0,
143331,0,0.0,49,0,0.372744155,21000.0,9,0,2,0,2.0
143332,0,0.800899355,48,5,0.45350422700000004,11000.0,15,0,3,0,1.0
143334,1,0.300506213,39,0,0.37155963299999994,6539.0,13,0,2,0,6.0
143335,0,0.368605471,49,0,0.6544264679999999,5500.0,13,0,1,0,2.0
143336,0,0.049047547999999996,39,0,0.23018345399999998,8666.0,3,0,2,0,0.0
143338,0,0.47850324,69,4,0.139177521,6832.0,13,0,2,0,1.0
143339,0,0.09290053699999999,58,0,1.024991669,3000.0,13,0,2,0,3.0
143340,0,0.042875505999999994,52,0,0.513702514,5290.0,12,0,2,0,2.0
143342,0,0.015528100000000001,42,0,1253.0,,6,0,1,0,0.0
143343,0,0.232551249,73,0,0.156886085,8400.0,12,0,3,0,1.0
143344,0,0.0,23,0,0.0,898.0,2,0,0,0,0.0
143345,0,0.337676066,88,0,1657.0,,8,0,1,0,0.0
143346,0,0.007165213,63,0,0.055915527,4166.0,13,0,0,0,0.0
143347,0,0.9999998999999999,51,2,0.321071571,2500.0,5,0,1,0,0.0
143348,0,0.638083682,44,0,0.251974803,10000.0,12,0,0,1,5.0
143349,0,0.005562133,76,0,0.140318401,2700.0,8,0,0,0,0.0
143350,0,0.078896393,63,0,382.0,,6,0,0,0,0.0
143352,0,0.620228061,53,1,0.232496697,9083.0,11,0,1,1,3.0
143353,0,0.024860421,40,0,0.179500939,7453.0,6,0,2,0,1.0
143354,0,0.0,72,0,0.29773627,9850.0,6,0,2,0,2.0
143355,0,0.186721265,51,0,3958.0,,12,0,1,0,0.0
143356,0,0.018051522,71,0,0.03028283,10500.0,52,0,0,0,0.0
143358,0,0.241255286,30,1,0.40532757399999997,4166.0,5,0,1,0,0.0
143359,1,0.944140781,30,0,0.343503419,1900.0,4,2,0,1,1.0
143360,0,0.43400783299999995,65,0,0.705486202,6087.0,20,0,3,0,0.0
143362,0,0.139558071,52,0,0.145927036,2000.0,4,0,0,0,0.0
143363,0,0.269596405,35,0,3805.0,,10,0,2,0,1.0
143364,1,0.9999998999999999,35,1,0.319822321,1800.0,1,0,0,0,2.0
143365,0,0.11996586199999999,53,0,0.20914301100000002,22333.0,9,0,2,0,1.0
143367,0,0.294063798,60,0,1443.0,,5,0,1,0,2.0
143368,1,0.410635746,48,0,0.085201794,2452.0,10,1,0,0,1.0
143369,0,0.9999998999999999,37,2,0.16297043,2975.0,1,1,0,1,1.0
143370,0,0.461651728,44,0,2360.0,,11,0,1,0,0.0
143371,0,0.018884355,55,0,0.308263882,9958.0,12,0,1,0,1.0
143373,0,0.000536666,47,1,7179.0,,13,0,2,0,0.0
143374,0,0.04276506,63,0,0.255799072,6250.0,12,0,1,0,0.0
143375,0,0.010563467,54,0,4870.0,,14,0,5,0,0.0
143376,0,0.125788659,57,0,0.31609770000000004,7000.0,14,0,1,0,0.0
143378,0,0.00011965600000000001,51,0,0.215415379,5500.0,12,0,1,0,1.0
143379,0,0.262028986,50,0,0.33449645,8310.0,9,0,1,0,3.0
143381,0,0.23080017600000002,51,0,0.245639373,9000.0,10,0,2,0,2.0
143382,0,0.0,24,0,0.171219187,1500.0,4,0,0,0,0.0
143383,0,0.40430810899999997,31,1,0.8028169009999999,2200.0,7,0,1,0,0.0
143384,0,0.43260429200000006,62,0,0.078088758,6466.0,3,0,0,0,0.0
143385,0,0.015705326999999998,62,0,0.123615819,4424.0,9,0,0,0,0.0
143386,0,0.873481732,42,0,0.53873267,12766.0,11,0,3,0,0.0
143387,0,0.04513554400000001,64,0,0.073654391,6000.0,6,0,0,1,0.0
143388,0,0.918720853,54,0,0.015357866999999999,3450.0,4,1,0,0,0.0
143389,0,0.330708661,45,0,0.483281015,7326.0,10,0,2,0,1.0
143390,0,0.456375839,40,1,0.312819718,6450.0,10,0,2,0,1.0
143392,0,0.239101068,50,0,0.229295117,6000.0,7,0,0,0,0.0
143395,0,0.574642536,53,0,0.21832016399999998,6833.0,3,0,1,0,0.0
143397,0,0.27870639,52,0,0.294404332,5539.0,22,1,2,0,2.0
143398,0,0.9999998999999999,44,1,0.8767123290000001,8102.0,5,0,2,0,2.0
143399,0,0.206126372,63,0,2487.0,0.0,11,0,2,0,0.0
143400,0,0.0,56,0,1.6895388080000002,5333.0,10,0,1,0,3.0
143401,0,0.038473009,45,0,0.220674436,14500.0,9,0,4,0,0.0
143402,0,0.03592971,48,0,1598.0,,10,0,1,0,4.0
143403,1,0.608595477,36,2,0.779354262,8950.0,20,0,3,0,2.0
143405,0,0.043720630999999996,42,0,0.311428105,18366.0,25,0,3,0,3.0
143406,0,0.04395317,37,0,4685.0,0.0,6,0,1,0,2.0
143407,0,0.23530034800000002,66,2,0.615639001,9373.0,21,0,8,0,0.0
143408,0,0.072124797,56,0,0.023356996,4366.0,6,0,0,0,0.0
143409,0,0.94580841,38,4,4.053177691,770.0,16,0,1,0,2.0
143410,0,0.136754269,46,0,0.415189873,3554.0,5,0,1,0,0.0
143411,0,0.039283683,74,0,68.0,,4,0,0,0,0.0
143413,0,0.0,65,0,0.8594164459999999,4900.0,6,0,2,0,2.0
143414,0,0.111048405,69,0,0.394123028,8745.0,10,0,2,0,1.0
143415,0,0.02745565,87,0,60.0,,6,0,0,0,
143416,0,0.213977786,62,0,0.103993291,15500.0,7,0,1,0,1.0
143417,0,1.119521912,28,0,54.0,,3,0,0,1,0.0
143419,0,0.36020559999999996,47,0,0.312778323,13248.0,11,0,2,0,3.0
143420,0,0.022360167,87,0,0.0029521,10500.0,11,0,0,0,0.0
143422,0,0.001704507,77,0,1.0,0.0,5,0,0,0,0.0
143423,0,0.061656391,64,0,11.0,,4,0,0,0,
143424,0,0.01390633,41,0,0.0014639639999999999,8879.0,3,0,0,0,2.0
143427,0,0.9999998999999999,57,1,0.298092946,5400.0,4,1,1,1,0.0
143428,0,0.005359786,55,0,2035.0,,5,0,1,0,0.0
143429,0,0.010415635,58,0,0.004090537,3666.0,2,0,0,0,0.0
143431,0,0.12597702300000002,33,0,0.279586143,8601.0,9,0,1,0,4.0
143432,0,0.031709917000000004,67,0,0.252099924,9166.0,18,0,1,0,1.0
143434,0,0.498871898,44,0,0.376760063,7030.0,9,0,1,0,3.0
143438,0,0.038492722,66,0,2023.0,,12,0,1,0,0.0
143439,0,0.067220355,57,0,773.5,1.0,6,0,1,0,1.0
143440,0,0.628982802,43,0,0.051735647999999995,2995.0,6,0,0,0,1.0
143441,0,0.457671284,47,0,0.306542902,8833.0,19,0,3,0,0.0
143442,0,0.003252947,46,0,0.043440785999999995,5800.0,10,0,1,0,0.0
143443,0,0.001092183,43,0,0.226504129,17800.0,8,0,3,0,4.0
143444,0,0.729270729,57,0,0.232219151,3978.0,5,0,1,0,0.0
143445,0,0.8356657340000001,55,0,0.447946099,4600.0,7,0,1,0,0.0
143446,0,0.024897297000000002,56,0,0.11413612599999999,23874.0,18,0,1,0,0.0
143447,0,0.9999998999999999,30,0,0.069970845,5830.0,2,0,0,0,2.0
143451,0,0.8305790679999999,46,0,1295.0,,10,0,0,0,1.0
143452,0,0.036238795,37,0,0.28767808,4000.0,11,0,2,0,0.0
143453,0,0.953130859,54,0,0.40639073600000003,9325.0,4,0,1,0,2.0
143454,0,0.890671222,37,0,2.260956175,501.0,8,0,0,0,0.0
143455,0,0.033984111000000004,58,0,0.225456065,7180.0,6,0,1,0,0.0
143456,0,0.092494622,65,0,0.133014562,4600.0,5,0,1,0,0.0
143457,0,0.0163465,34,0,0.890713834,4748.0,13,0,2,0,0.0
143458,0,0.05651430599999999,62,0,0.01432182,3560.0,8,0,0,0,0.0
143459,1,0.521135349,79,2,3879.0,,26,1,2,0,0.0
143460,0,0.005659175,81,0,0.325463028,7072.0,4,0,1,0,0.0
143461,1,0.12305592800000001,26,0,655.0,,9,0,0,0,0.0
143462,0,0.01497329,85,0,0.189650862,12000.0,14,0,1,0,0.0
143463,0,0.530984829,37,0,0.523895221,5000.0,8,0,1,0,2.0
143464,0,0.0,41,0,0.212333995,6550.0,6,0,2,0,1.0
143466,1,0.281595841,43,1,1062.0,,7,0,0,0,0.0
143467,0,0.156975051,29,2,0.413551402,5563.0,12,0,1,1,0.0
143468,0,0.010918852,65,0,2428.0,,15,0,2,0,0.0
143469,0,0.53387729,43,0,0.45018602700000004,7256.0,12,0,2,0,2.0
143470,0,0.143691442,33,0,0.17033290199999998,8500.0,11,0,0,0,0.0
143472,0,0.9999998999999999,80,0,0.0,3240.0,2,0,0,0,0.0
143473,0,0.022037515,72,0,21.0,,8,0,0,0,0.0
143474,0,0.00991722,81,0,3.0,,4,0,0,0,0.0
143475,0,0.2125092,58,0,0.41570651,14146.0,25,0,2,0,2.0
143477,0,0.9999998999999999,21,0,0.0,854.0,1,0,0,0,0.0
143478,0,0.32343638399999997,49,0,0.287779596,7331.0,7,0,1,0,0.0
143479,0,2.6600000000000003e-05,75,0,0.0,2700.0,6,0,0,0,0.0
143480,0,0.815413013,40,0,0.558166058,4383.0,8,0,1,0,2.0
143483,0,0.8758862140000001,68,0,0.471125668,5800.0,8,0,1,0,0.0
143485,0,0.014802218,57,0,0.251759548,8666.0,28,0,2,0,0.0
143486,0,0.818051468,31,3,0.302878814,5800.0,12,0,0,0,0.0
143493,0,0.9999998999999999,51,1,0.599404319,9400.0,10,0,2,0,2.0
143494,0,0.257874213,47,0,0.130849666,17500.0,6,2,1,0,1.0
143495,0,0.005030045,75,0,2744.0,,15,0,3,0,0.0
143496,0,0.531069411,33,0,1025.5,1.0,6,0,2,0,0.0
143497,0,0.157277044,56,1,401.0,,10,0,0,0,0.0
143500,0,0.32722771300000003,58,0,2738.0,,10,0,1,0,
143501,0,0.059065354,62,0,2098.0,,15,0,1,0,
143502,0,0.9999998999999999,25,0,0.0,764.0,1,0,0,0,0.0
143503,0,0.014222047,84,0,0.332242583,4583.0,8,0,1,0,0.0
143505,0,0.033012611000000004,59,0,0.395875252,3975.0,17,0,2,0,0.0
143506,0,0.019116141,80,0,0.006192441999999999,6297.0,4,0,0,0,0.0
143508,0,0.9999998999999999,60,0,1246.0,,4,0,1,0,0.0
143509,0,0.9999998999999999,45,0,0.47939674600000004,8420.0,5,0,2,0,1.0
143510,0,0.044312033,77,0,0.126704236,5500.0,5,0,0,0,0.0
143511,0,0.174598875,61,0,0.361911599,9750.0,17,0,2,0,2.0
143514,0,0.7681066529999999,40,0,0.152002799,5716.0,4,0,0,0,0.0
143515,0,0.771824525,44,0,0.349391212,17000.0,11,0,2,0,3.0
143516,1,0.869328494,40,1,0.48344095,4800.0,6,0,1,0,2.0
143520,0,1.00479904,29,0,538.0,,3,0,0,0,0.0
143525,0,0.402797595,62,0,0.332039994,6700.0,9,0,1,0,0.0
143528,0,0.575463959,47,0,0.125424277,6186.0,6,0,0,0,2.0
143529,0,0.42613738100000004,64,0,0.36211322799999995,7400.0,17,0,0,0,1.0
143530,0,0.806416727,29,0,0.560554419,4400.0,11,0,0,0,0.0
143532,0,0.34508373299999995,58,0,0.954176213,4800.0,18,0,2,0,2.0
143533,0,0.496035371,67,0,3165.0,,13,0,0,0,0.0
143535,0,0.158087435,61,0,0.130859809,4500.0,13,0,0,0,0.0
143537,0,1.598006645,49,0,0.161693269,4322.0,2,0,0,2,2.0
143538,0,0.044517499,59,0,0.307197268,7613.0,3,0,1,0,0.0
143541,0,0.9999998999999999,47,0,0.0,,0,0,0,0,
143542,0,0.274126503,66,0,0.056067438,5100.0,3,0,0,1,0.0
143544,0,0.060350574000000004,61,0,0.174951434,8750.0,4,0,1,0,1.0
143545,0,0.976265024,24,0,0.8918918920000001,850.0,4,0,0,0,0.0
143546,0,0.067634314,38,0,480.0,,8,0,0,0,0.0
143547,0,0.11664048199999999,68,0,0.180023923,1671.0,7,0,1,0,0.0
143549,0,0.016934414,76,0,0.38184530200000005,4692.0,19,0,1,0,1.0
143550,0,0.017032766,39,0,0.351989281,9701.0,5,0,1,0,2.0
143551,0,0.077413614,31,0,0.24925025,3000.0,12,0,0,0,0.0
143552,0,0.09024220699999999,38,0,0.080797482,6670.0,5,0,1,0,1.0
143554,0,0.270267968,40,0,0.611454653,6791.0,8,0,2,0,3.0
143557,0,0.0,37,0,0.356586522,8858.0,4,0,1,0,2.0
143558,0,0.23962872100000002,38,0,0.329098288,5666.0,11,0,1,0,0.0
143559,0,0.019498101,58,0,0.577829278,7766.0,15,0,2,0,2.0
143560,0,0.007367451999999999,31,0,0.179888998,6125.0,6,0,0,0,0.0
143561,0,0.343241523,32,0,0.42652449200000003,3000.0,6,0,1,0,0.0
143562,0,0.024614122000000002,90,0,0.856163405,7000.0,6,0,1,0,1.0
143563,0,0.053363250999999993,45,0,2128.0,,5,0,1,0,0.0
143566,0,0.734928189,40,0,1.012483574,3043.0,11,0,0,0,0.0
143568,1,0.9020139979999999,49,0,0.5256386,5284.0,5,1,1,0,2.0
143569,0,0.898203593,33,0,0.301349325,2000.0,2,1,0,0,0.0
143570,0,0.46985578299999997,45,1,0.229813665,7083.0,8,0,0,0,3.0
143571,0,0.140247454,57,1,0.40572095700000005,15416.0,20,0,3,0,0.0
143573,1,0.9999998999999999,57,2,0.316170957,4000.0,4,0,0,2,1.0
143574,0,0.09724038,72,0,0.087750824,10016.0,10,0,1,0,0.0
143575,0,0.21560400899999999,53,0,0.29981947,7200.0,8,0,1,0,1.0
143576,0,0.033715834,66,0,0.38286086700000005,3068.0,8,0,1,0,0.0
143578,1,0.9999998999999999,49,1,1642.0,0.0,1,0,1,1,3.0
143579,0,0.525954894,73,0,0.416016117,3970.0,4,0,1,0,1.0
143582,0,0.808496455,56,0,0.515324421,6133.0,15,0,2,0,4.0
143583,0,0.36631431799999997,44,0,3207.0,,16,0,2,0,0.0
143584,0,0.011006613,73,0,0.302151954,6830.0,6,0,1,0,0.0
143587,0,0.156897588,51,0,0.173103385,10900.0,7,0,1,0,0.0
143589,0,0.0,34,0,0.08526497599999999,11000.0,9,0,0,0,0.0
143591,0,0.070453117,28,0,0.17863835100000003,1600.0,3,0,0,0,0.0
143592,0,0.176499646,46,0,0.18751388600000002,4500.0,9,0,0,0,1.0
143595,0,0.0866199,42,0,0.151656556,15000.0,19,0,2,0,0.0
143597,0,0.447042874,43,1,0.5504831720000001,3000.0,4,0,1,0,0.0
143598,1,1.00119976,39,3,0.423878892,3500.0,10,0,1,0,3.0
143599,0,0.0017888770000000001,60,0,0.6754559440000001,4550.0,16,0,3,0,3.0
143601,0,0.0,77,0,0.0,9536.0,3,0,0,0,0.0
143603,0,0.0,59,0,1286.0,,6,0,1,0,0.0
143604,0,0.46698203899999996,58,0,0.749535237,11833.0,22,0,5,1,0.0
143606,1,0.63091623,52,0,0.458205573,7500.0,5,0,2,0,0.0
143607,1,0.072370693,47,0,1.159818646,3528.0,8,0,1,1,2.0
143608,0,0.033751487000000004,42,2,0.749470713,4250.0,19,0,2,0,2.0
143609,0,0.12214445,48,0,0.280053343,10497.0,7,0,2,0,2.0
143610,0,0.007249819,74,0,0.14561812699999999,3000.0,5,0,0,0,0.0
143611,0,0.062279783,55,0,0.406667092,15658.0,14,1,3,0,0.0
143612,1,0.9999998999999999,29,0,0.1919364,1760.0,2,1,0,0,0.0
143614,0,0.9999998999999999,49,0,0.002110447,5685.0,10,0,0,0,3.0
143615,0,0.95914383,55,0,0.884336405,5100.0,21,0,2,0,1.0
143616,0,0.016907873,42,1,0.45670088200000003,6916.0,7,0,2,0,1.0
143617,0,0.39150582899999997,67,0,0.276885438,9400.0,12,0,1,0,1.0
143619,0,0.48052034200000004,64,0,0.155987521,4166.0,8,0,0,0,0.0
143620,0,0.368380374,50,2,0.371385718,12000.0,13,0,1,0,2.0
143622,0,0.9565838329999999,48,0,1390.0,,2,0,1,0,0.0
143623,0,0.010713038999999999,69,0,0.362363919,4500.0,12,0,1,0,0.0
143624,0,0.136766601,54,1,0.728791014,6765.0,11,0,2,0,2.0
143625,0,0.012999133000000001,81,0,426.0,,8,0,1,0,0.0
143626,0,0.6572228520000001,39,0,0.9355913379999999,1800.0,8,0,1,0,0.0
143627,0,0.01219878,76,0,781.0,,3,0,1,0,0.0
143628,0,0.024332708999999998,68,0,0.18142039699999998,11883.0,11,0,2,0,0.0
143630,0,0.0,60,0,0.299901551,8125.0,10,0,2,0,2.0
143631,0,0.081664506,70,0,0.231827562,4360.0,7,0,0,0,1.0
143633,0,0.513119284,45,0,0.290328896,5107.0,9,0,1,0,1.0
143635,0,0.8811188809999999,59,1,1175.0,,10,0,1,0,0.0
143636,0,0.8174546490000001,37,1,0.048002076,3853.0,1,3,0,1,1.0
143637,0,0.025846018,72,0,2922.0,,9,0,2,0,0.0
143638,0,0.0,66,1,0.443941504,2871.0,11,0,1,0,0.0
143640,0,0.567938129,66,1,3237.0,,16,0,1,0,2.0
143641,0,0.077196569,54,0,0.289004458,4037.0,2,0,1,0,3.0
143643,0,0.436918343,51,0,0.34285079399999996,9000.0,9,0,1,0,2.0
143644,0,0.700965339,53,1,0.864147089,3915.0,8,0,1,0,4.0
143645,0,0.0,79,0,0.0,,4,0,0,0,0.0
143646,0,0.0,37,2,0.177606178,4920.0,5,0,1,0,0.0
143647,0,0.0,86,1,870.0,,6,1,2,0,0.0
143648,0,0.012824693,45,0,0.504036909,2600.0,8,0,2,0,1.0
143649,1,0.72295082,47,3,0.136125654,5538.0,3,1,0,1,0.0
143650,0,0.9999998999999999,30,0,0.019514517,2100.0,2,0,0,0,2.0
143652,1,0.416430212,35,0,1153.0,,8,0,0,3,0.0
143653,0,0.033709875,35,0,0.509436021,9166.0,13,0,4,0,2.0
143659,0,0.002259507,44,0,0.225248373,11675.0,10,0,1,0,2.0
143660,1,0.077883489,56,0,0.9622334659999999,5533.0,9,0,2,0,0.0
143661,0,0.095612524,50,0,0.12853705099999999,12050.0,11,0,1,0,3.0
143664,0,0.0,46,0,0.130537601,12685.0,8,0,0,0,3.0
143665,0,0.5191503820000001,50,0,0.36257701600000003,7465.0,15,0,1,0,1.0
143666,0,0.031180358,74,0,1010.0,,7,0,2,0,1.0
143668,0,0.005110106,53,0,7.0,,5,0,0,0,0.0
143669,1,1.079904433,38,4,0.374303591,11666.0,9,0,2,2,3.0
143670,0,0.16375345,31,0,0.06877249099999999,2500.0,5,0,0,0,0.0
143671,0,0.08547660300000001,47,0,0.18295698,6066.0,5,0,2,0,1.0
143672,0,0.019289888999999998,47,0,2387.0,,7,0,1,0,0.0
143673,0,0.45106894200000003,53,0,6566.0,,17,0,4,0,0.0
143677,0,0.269668574,36,0,0.50583139,3000.0,6,0,1,0,1.0
143678,0,4881.0,47,0,0.20345191199999998,18018.0,5,0,3,0,3.0
143681,0,0.9999998999999999,33,0,0.351824088,2000.0,2,0,0,0,1.0
143683,1,0.7958115179999999,32,0,1.0012494790000002,2400.0,5,1,1,0,0.0
143684,0,0.039649769,43,0,0.11909695699999999,9168.0,9,0,1,0,3.0
143685,0,0.0,57,0,0.0,,2,0,0,0,0.0
143686,0,0.765085128,64,1,4.4805426630000005,2800.0,19,3,2,0,0.0
143687,0,0.069657495,53,0,5296.0,,7,0,1,0,3.0
143688,0,0.15732737900000002,59,1,0.231360388,7416.0,12,0,1,0,1.0
143690,0,0.020110146000000002,33,0,0.114122419,5423.0,7,0,1,0,0.0
143692,0,0.9999998999999999,39,0,0.034627871,8316.0,1,1,0,0,2.0
143693,1,0.08038754099999999,49,1,3540.0,,11,1,3,0,1.0
143697,0,0.15074739,29,0,0.74385123,5000.0,12,0,1,0,0.0
143698,0,0.056673583,51,0,1258.0,,3,0,1,0,0.0
143699,0,0.044834179,50,0,3232.0,,6,0,1,0,0.0
143700,1,0.99575892,56,1,0.853945547,4333.0,24,0,1,0,0.0
143701,0,0.9999998999999999,63,0,0.0,,1,0,0,0,0.0
143703,0,0.0031805809999999996,73,0,5.0,,10,0,0,0,0.0
143705,0,0.011859763,87,1,0.003362237,5650.0,3,0,0,0,0.0
143706,0,0.064725311,37,0,0.798532879,3816.0,6,0,1,0,1.0
143708,0,0.295315551,64,0,0.457814383,4977.0,5,0,1,0,0.0
143709,0,0.020046171,67,0,0.234971249,3825.0,10,0,1,0,0.0
143710,0,0.480594963,47,0,2347.0,,5,0,2,0,0.0
143711,0,0.005278601999999999,50,0,0.157463186,5975.0,13,0,1,0,0.0
143712,0,0.11687384099999999,71,0,0.311454032,4600.0,16,0,1,0,0.0
143714,0,0.0,49,0,0.608462542,6900.0,12,0,2,0,0.0
143716,0,0.01019949,74,0,6.0,,8,0,0,0,0.0
143717,0,0.019611845,80,0,0.04537980900000001,3040.0,6,0,0,0,0.0
143719,0,0.842223567,38,0,0.324072382,5470.0,13,0,0,0,1.0
143720,0,0.00163109,37,0,0.0,1333.0,2,0,0,0,0.0
143722,1,0.244962211,51,0,0.98218166,2300.0,18,0,1,0,0.0
143723,0,0.9999998999999999,42,0,0.0,,1,0,0,0,0.0
143726,0,0.890994063,46,0,0.43555795700000005,3700.0,6,0,0,0,3.0
143727,0,0.12302248699999999,36,0,0.598740071,3650.0,7,0,2,0,1.0
143728,0,0.615485823,78,0,0.670640835,5367.0,6,0,2,0,0.0
143730,0,0.19381766,37,2,0.195315252,5677.0,8,0,1,0,0.0
143731,0,0.02014303,35,0,29.0,0.0,4,0,0,0,0.0
143732,0,0.0,55,0,0.33626637299999995,10000.0,7,0,2,0,0.0
143733,0,0.11496145699999999,63,0,5012.0,,13,0,3,0,0.0
143735,0,0.5025207979999999,60,1,0.437875653,10148.0,33,0,1,0,1.0
143737,0,0.0,91,0,12.0,,4,0,0,0,0.0
143738,0,0.011495749,38,0,552.0,0.0,14,0,0,0,1.0
143741,0,0.012357389,61,0,1218.0,,6,0,1,0,0.0
143743,0,0.0,59,0,0.157466904,25833.0,8,0,1,0,0.0
143745,0,0.025438078,69,0,0.443505136,11000.0,19,0,2,0,1.0
143746,0,0.06764775,48,0,0.216597925,8000.0,8,0,2,0,4.0
143747,0,0.156662086,50,0,0.314288666,9678.0,10,0,1,0,1.0
143750,0,0.9999998999999999,23,0,0.0,820.0,1,0,0,0,0.0
143751,0,0.080171755,40,0,40.0,,3,0,0,0,0.0
143752,0,0.40500102,38,0,0.402186064,8050.0,10,0,2,0,3.0
143754,0,7555.0,69,0,2675.0,,8,0,1,0,0.0
143756,0,0.073393188,27,0,0.09965295,4033.0,5,0,0,0,1.0
143757,0,0.561199001,24,0,0.095619988,1620.0,3,0,0,0,0.0
143758,0,1.003212904,45,0,0.49759514,11850.0,8,0,2,0,3.0
143759,0,0.437044438,58,1,0.29722681,11502.0,13,0,3,0,2.0
143760,0,0.377021459,48,0,0.275332922,11338.0,17,0,1,0,3.0
143761,0,0.09420236300000001,36,0,1625.0,,8,0,0,0,0.0
143762,0,0.04649062,53,0,754.0,,9,0,1,0,1.0
143763,0,0.202042107,41,0,0.350271285,9583.0,13,0,2,0,1.0
143765,0,0.6989381640000001,38,0,0.324912281,1424.0,3,0,0,0,2.0
143766,0,0.0,69,0,55.0,,2,0,0,0,0.0
143767,0,0.6933128359999999,38,2,0.561185798,2900.0,5,0,0,1,2.0
143768,0,0.196807867,32,0,0.37043826,6000.0,8,0,1,0,4.0
143769,1,0.822942643,34,1,0.36261058,11077.0,12,12,3,5,0.0
143770,0,0.31052462399999997,48,0,0.737641977,6250.0,8,0,3,0,3.0
143771,0,0.31893115699999997,46,2,0.39550527399999996,6540.0,26,0,2,0,0.0
143773,1,0.883851802,67,1,0.870560379,3800.0,15,0,2,0,1.0
143774,0,0.9958185620000001,36,0,0.721209213,4167.0,5,0,1,0,2.0
143777,0,0.30414028600000004,46,0,5225.0,,10,0,2,0,0.0
143780,0,0.570147662,64,1,0.462971377,2200.0,5,0,0,0,0.0
143781,0,0.8270434529999999,63,0,0.425396014,11741.0,11,0,2,0,0.0
143782,1,0.9999998999999999,38,0,0.250573496,5666.0,4,2,1,1,3.0
143783,0,0.058592792000000005,61,0,0.313463515,6810.0,24,0,3,0,0.0
143784,1,0.668198838,41,0,0.555294118,8924.0,9,0,2,0,3.0
143785,0,0.155930803,57,0,0.325519023,10066.0,20,0,2,0,2.0
143789,0,0.9999998999999999,61,1,0.0020188429999999998,5943.0,2,1,0,0,1.0
143790,0,0.019399446,76,0,0.103652316,4900.0,6,0,0,0,0.0
143791,0,0.297299148,47,0,0.37933174700000005,9666.0,11,0,1,0,0.0
143792,0,0.7306483859999999,32,1,229.0,0.0,7,0,0,0,0.0
143793,0,0.40307464600000004,55,0,0.49128630700000003,15664.0,13,0,2,0,0.0
143794,0,0.09118449,25,0,9.0,,3,0,0,0,
143795,0,0.005586075,73,0,0.21811496,5166.0,11,0,1,0,0.0
143797,0,0.520096098,54,1,0.922384702,8000.0,21,0,5,0,1.0
143798,0,0.011606107,37,0,0.133057566,2900.0,6,0,0,0,0.0
143800,0,0.24865096,89,0,0.200609963,2950.0,6,0,0,0,0.0
143801,0,0.133243944,37,0,0.547300164,16500.0,11,0,4,0,2.0
143802,0,0.0011443830000000001,47,0,0.21291805,3916.0,12,0,1,0,3.0
143803,0,0.0036713759999999996,83,0,0.0019993339999999997,3000.0,15,0,0,0,1.0
143804,0,0.150299383,25,0,0.2290024,2916.0,7,0,0,0,1.0
143806,0,0.011732811999999999,73,0,0.016564952,4587.0,4,0,0,0,0.0
143809,0,0.36088432299999995,34,0,1855.0,,7,0,1,0,4.0
143810,0,0.107192854,24,0,344.0,,3,0,0,0,0.0
143811,0,0.205434406,50,0,0.034003831,2087.0,3,0,0,0,0.0
143812,0,0.347879761,34,0,0.027035674,6250.0,6,0,0,0,2.0
143813,0,0.005710379,67,1,0.772260683,4188.0,16,0,4,0,0.0
143814,0,0.25204140199999997,65,0,0.366336634,10200.0,14,0,1,0,0.0
143815,1,0.029308142000000002,57,0,0.6447024370000001,9560.0,19,0,6,0,0.0
143818,0,0.015124263,70,0,89.0,,12,0,1,0,0.0
143821,0,0.077348391,36,0,0.311173408,2496.0,6,0,0,0,0.0
143823,0,0.13397767,37,0,0.379498364,2750.0,6,0,1,0,0.0
143824,1,0.767854417,32,2,0.45641115600000004,5700.0,8,3,0,0,2.0
143825,0,0.016570836999999998,60,0,0.246800181,6640.0,3,0,1,0,0.0
143826,0,0.185990927,61,0,2234.0,,6,0,3,0,0.0
143827,0,0.0,42,1,0.481403719,3333.0,7,0,1,0,1.0
143828,0,0.936669305,41,1,0.189436331,7326.0,7,0,0,0,1.0
143830,0,0.6397547929999999,66,0,0.22147399899999998,5345.0,6,0,0,0,3.0
143831,0,0.9266748140000001,38,1,0.07580532200000001,5711.0,6,0,0,0,0.0
143832,0,0.973264728,63,0,1828.5,1.0,14,0,1,0,1.0
143833,0,0.47505342899999997,46,2,0.570408455,3500.0,7,1,2,0,7.0
143836,0,0.047057093,37,0,0.580847384,4625.0,9,0,1,0,1.0
143837,0,0.013940766,78,0,0.013662113,3000.0,7,0,0,0,0.0
143838,0,0.632917807,55,0,0.520694466,6450.0,17,0,2,0,2.0
143839,0,0.217894588,71,0,0.321443647,9475.0,12,0,3,0,0.0
143843,0,0.026807877,39,0,0.774757888,3200.0,7,0,1,0,0.0
143844,0,0.06643394799999999,53,0,0.8576702970000001,5416.0,7,0,2,0,2.0
143845,0,0.9999998999999999,42,0,0.060838748,3385.0,1,0,0,0,0.0
143846,0,0.9999998999999999,32,0,28.0,,0,0,0,0,0.0
143847,0,0.690782895,33,0,0.11806111,6250.0,7,0,0,0,1.0
143852,0,0.013666016000000001,82,0,0.16856741100000003,6400.0,6,0,2,0,1.0
143855,0,0.017620682,64,0,667.0,,9,0,0,0,0.0
143856,0,0.140639934,63,0,0.475956731,11000.0,11,0,3,0,0.0
143859,0,0.035998925,49,0,36.0,,3,0,0,0,2.0
143860,0,0.0,55,0,0.338628159,2769.0,6,0,1,0,0.0
143862,0,0.029703387999999997,37,0,0.547153412,2300.0,7,0,1,0,0.0
143863,0,0.569511958,56,0,0.238338725,9582.0,6,0,1,0,1.0
143864,0,0.0,30,0,2293.0,,7,0,2,0,0.0
143866,1,0.31665219,67,1,0.457023933,4804.0,12,0,1,0,0.0
143867,0,0.0,50,0,0.488837054,3000.0,9,0,1,0,0.0
143869,0,0.128984991,54,0,0.212719298,2735.0,7,0,0,1,0.0
143870,0,0.020702842,80,0,0.042366107,1250.0,4,0,0,0,0.0
143871,0,0.269465391,58,0,0.461380725,4388.0,8,0,0,0,0.0
143872,0,0.760269978,36,0,0.170795306,2300.0,5,0,0,0,0.0
143873,0,0.010915091000000002,54,0,0.298013245,7700.0,15,0,1,0,0.0
143874,0,0.026871106000000002,83,0,0.00619876,5000.0,3,0,0,0,0.0
143876,0,0.158673386,27,0,638.0,,6,0,1,0,0.0
143877,0,0.35618578700000003,57,0,0.243207067,7470.0,10,0,2,0,0.0
143878,0,0.0077089509999999995,72,0,1.883415435,1217.0,10,0,1,0,0.0
143879,0,0.996281145,68,0,0.338617349,4541.0,6,1,1,2,0.0
143882,0,0.043815357,64,2,0.05695596,24000.0,9,0,1,0,0.0
143883,0,0.01614188,56,0,0.108180329,11600.0,15,0,1,0,0.0
143884,0,0.628727722,45,0,0.18352389300000002,3410.0,7,0,0,0,1.0
143885,0,0.062053718,53,0,0.292309954,6800.0,8,0,1,0,0.0
143886,0,0.195711898,45,0,1711.0,0.0,13,0,1,0,0.0
143887,0,0.320714844,56,0,2624.0,,13,0,1,0,0.0
143888,0,0.012913916999999999,50,0,0.137160032,13640.0,7,0,3,0,0.0
143890,1,0.5873574189999999,28,9,1.061077179,1800.0,19,0,1,0,0.0
143891,0,0.063954539,61,0,1122.0,,8,0,1,0,
143892,0,0.9999998999999999,69,0,0.0,700.0,0,0,0,0,0.0
143893,0,0.0019297679999999999,76,0,0.000285796,3498.0,3,0,0,0,0.0
143896,0,0.096908168,60,0,1565.0,,4,0,1,0,3.0
143898,0,0.0035736970000000002,58,0,0.433713784,6833.0,18,0,2,0,0.0
143899,0,0.9999998999999999,52,0,592.0,,1,0,0,0,0.0
143901,0,0.032094161,36,0,0.077268123,6910.0,10,0,0,0,0.0
143905,0,0.9999998999999999,70,0,0.0,,1,0,0,0,0.0
143906,0,0.003215335,85,0,0.000907112,5511.0,5,0,0,0,0.0
143907,0,0.196980302,55,0,0.021843762000000003,2700.0,3,0,0,0,0.0
143908,0,0.008556481,76,0,1604.0,,4,0,1,0,0.0
143910,0,0.096850122,51,0,0.6002544989999999,5500.0,12,0,1,0,0.0
143912,0,0.583225503,33,0,651.0,,5,0,1,0,1.0
143913,0,0.040159147,76,0,0.29069767399999996,429.0,12,0,0,0,0.0
143914,0,0.23923474100000003,75,0,0.40597859,4950.0,8,0,1,0,0.0
143915,0,0.251580278,40,0,0.426118541,6056.0,9,0,2,0,0.0
143916,0,0.0,40,0,0.22860652399999998,7326.0,11,0,2,0,1.0
143917,0,0.796026404,41,0,1354.0,,11,0,0,0,
143918,0,0.054521399000000005,80,0,52.0,,5,0,0,0,0.0
143919,0,0.0008942360000000001,61,0,2279.0,,4,0,2,0,0.0
143920,0,0.291854073,28,0,0.166180758,2400.0,6,0,0,0,1.0
143921,0,0.952248407,64,0,0.516664436,7470.0,12,0,2,0,0.0
143923,0,0.08035581,33,0,0.159146341,3279.0,8,0,0,0,4.0
143924,0,0.40768141,61,0,0.370325935,5000.0,8,0,0,0,0.0
143925,0,0.338397623,47,0,0.31385721,6400.0,7,0,1,0,1.0
143926,0,0.775439815,66,5,0.21555226600000002,31750.0,22,0,3,0,3.0
143927,0,0.542398236,32,0,0.182373635,5400.0,6,0,0,2,0.0
143930,0,0.063207204,49,0,0.18817041399999998,16500.0,8,0,1,0,1.0
143932,0,0.9999998999999999,50,1,0.480926431,2201.0,2,0,1,0,1.0
143934,0,0.008280991,51,0,0.8038392320000001,5000.0,7,0,2,0,0.0
143937,0,0.318446173,69,0,0.33096206,8855.0,18,0,1,0,0.0
143938,0,0.501949935,42,3,0.42367684299999997,7500.0,8,0,2,0,0.0
143940,0,0.043397588,55,0,0.243791275,10750.0,3,0,1,0,2.0
143941,0,0.414011095,59,0,0.282354598,7100.0,4,0,1,0,1.0
143942,0,0.045995584000000006,75,0,0.018745314,4000.0,5,0,0,0,0.0
143943,1,1.009768893,39,2,0.52037752,4661.0,11,0,0,0,0.0
143945,0,0.006483401,62,0,0.169885305,10200.0,10,0,2,0,0.0
143947,0,0.23909352,32,0,5.219451372,400.0,6,0,1,0,0.0
143948,0,0.0,27,0,0.033862229,5167.0,3,0,0,0,0.0
143950,0,0.25691620600000004,66,0,0.168302945,6416.0,7,0,1,0,2.0
143951,0,0.627999655,60,0,0.5125333329999999,7499.0,14,0,3,0,0.0
143952,0,0.9999998999999999,61,0,1916.0,0.0,5,0,3,0,0.0
143953,0,0.78123992,55,0,3443.0,,11,0,1,0,0.0
143954,0,0.051502639,58,0,0.330667333,4000.0,15,0,1,0,1.0
143955,0,0.9999998999999999,59,0,0.0,5000.0,1,0,0,0,0.0
143957,0,0.378040415,44,0,0.483064964,3601.0,15,0,0,0,1.0
143960,0,0.169783022,36,0,0.040961135,6200.0,5,0,0,0,0.0
143961,0,0.592545685,50,0,0.522901315,6920.0,11,0,2,0,0.0
143963,0,0.497602544,57,0,0.261357102,6955.0,11,0,1,0,1.0
143964,0,0.70442599,48,1,0.36879685799999995,2800.0,6,0,0,0,0.0
143966,0,0.5698050610000001,40,0,0.225123762,8079.0,20,0,0,0,1.0
143967,0,0.019648396999999998,30,0,0.103705832,3480.0,3,0,0,0,1.0
143968,0,0.0,53,0,0.368217054,5933.0,12,0,1,0,0.0
143970,0,0.067273542,36,0,0.057359832,6188.0,6,0,0,0,0.0
143971,1,0.5902273370000001,65,3,0.440890385,5345.0,7,0,1,0,0.0
143972,0,0.435584507,62,2,0.42020290200000004,9166.0,14,0,2,0,0.0
143974,0,0.9999998999999999,27,0,0.239458615,1920.0,2,1,0,0,0.0
143975,0,0.02018937,86,0,31.0,,7,0,0,0,0.0
143977,0,0.06389252,46,0,1.002514669,1192.0,9,0,1,0,3.0
143978,0,0.836239927,65,0,0.304653205,10250.0,14,0,1,0,0.0
143979,0,0.168734078,43,0,0.44087461,4481.0,5,0,1,0,2.0
143981,0,0.655255086,65,1,0.430642339,4000.0,7,0,0,0,0.0
143982,0,0.196371438,56,0,0.97144186,10749.0,15,0,4,0,1.0
143983,0,0.09449373300000001,31,0,1398.0,,5,0,2,0,0.0
143984,0,0.593083847,63,0,1773.0,,7,0,1,0,
143985,0,0.177198162,54,1,0.596686661,3500.0,14,0,1,0,0.0
143992,0,0.043215532,61,0,1595.0,,16,0,0,1,5.0
143994,0,0.078203119,26,0,0.025764895,3725.0,8,0,0,0,0.0
143995,0,0.14614883,51,0,0.588051494,8000.0,5,0,2,0,3.0
143996,0,0.125628273,48,0,0.030675366000000003,11800.0,3,0,0,0,2.0
143997,0,0.106507585,42,0,3.1288711289999998,1000.0,9,0,2,0,2.0
143998,0,0.0016562629999999998,59,0,0.15068157699999998,12250.0,16,0,2,0,0.0
143999,0,0.13799013699999998,47,0,0.734082397,533.0,7,0,0,0,3.0
144001,0,0.44158602799999996,59,0,0.564645492,3116.0,14,0,2,0,1.0
144003,0,0.7450256040000001,45,1,0.44833729200000005,3367.0,13,0,0,1,2.0
144004,0,0.10189810199999999,44,0,3.0,,1,0,0,0,0.0
144005,0,0.16906705600000002,86,0,0.076589323,5300.0,7,0,0,0,0.0
144006,0,0.561506854,61,0,5743.0,,13,0,1,0,0.0
144007,1,0.894736842,30,2,40.0,,3,0,0,0,0.0
144008,0,0.038507785,37,0,0.021885031,3426.0,9,0,0,0,0.0
144010,0,0.078549385,46,0,0.41243184299999996,4584.0,9,0,2,0,1.0
144011,0,0.073643022,71,0,0.365880824,5386.0,6,0,1,0,0.0
144013,1,0.758419326,45,4,0.350392992,16666.0,6,2,2,2,1.0
144015,0,0.654948549,61,0,995.0,,8,0,0,0,
144016,0,0.038414192,57,0,0.052688992999999996,18333.0,8,0,1,0,0.0
144017,1,0.239872735,48,0,0.184094256,8826.0,9,0,0,1,0.0
144018,0,0.9999998999999999,37,0,0.758244994,3395.0,5,0,1,2,1.0
144019,0,0.142999071,42,0,0.6743411090000001,3300.0,10,0,1,0,0.0
144020,0,0.044547773,59,0,1782.0,,2,0,1,0,0.0
144021,0,0.8713243940000001,57,0,0.356728538,3447.0,5,0,0,0,0.0
144022,0,0.612465017,59,0,0.7637401859999999,1400.0,4,0,1,0,0.0
144024,0,0.9130864740000001,39,1,0.476559616,2708.0,13,0,0,0,3.0
144025,0,0.0,56,0,0.12208892,4250.0,3,0,0,0,2.0
144026,0,0.040555398,66,0,0.316571001,8013.0,12,0,3,0,0.0
144028,0,0.38397870799999995,33,0,1593.0,,9,0,1,0,2.0
144029,0,0.021130562000000002,54,0,0.368108365,4207.0,8,0,2,0,0.0
144030,0,0.039148043,84,0,0.31317632100000004,4712.0,6,0,1,0,0.0
144031,0,0.054434044,34,0,0.035094879,4900.0,5,0,0,0,0.0
144034,0,0.275132275,35,0,0.247469926,5236.0,9,0,1,0,2.0
144036,0,1.201451906,41,2,0.746734204,3750.0,3,0,1,0,1.0
144039,0,0.997250137,41,0,0.535699546,4845.0,3,0,0,0,1.0
144040,0,0.757494149,68,6,0.09113417800000001,10500.0,21,0,1,2,0.0
144041,0,0.681263747,26,0,0.268638067,2400.0,3,0,0,0,1.0
144042,0,0.18555949,68,0,9978.0,,8,0,1,0,
144043,0,0.48886815100000003,33,0,0.7488789240000001,1560.0,4,0,1,0,0.0
144044,0,0.14605437400000001,60,0,0.296462942,8000.0,8,0,1,0,0.0
144047,0,0.00998004,60,0,0.012043796,2739.0,4,0,0,0,0.0
144048,0,0.547337278,37,1,980.0,,2,0,1,0,1.0
144049,0,0.8463876090000001,47,0,0.289223897,3581.0,5,0,1,0,0.0
144051,1,0.21478892300000002,46,0,0.275033577,6700.0,14,0,2,0,2.0
144052,0,0.454173558,60,0,0.443200936,13670.0,11,0,2,0,2.0
144054,0,0.16935835899999999,35,0,0.155236508,7800.0,6,0,1,0,0.0
144055,0,0.35482356600000003,38,0,0.126970954,3614.0,4,0,0,0,0.0
144056,0,0.9999998999999999,24,1,0.112352445,4743.0,2,0,0,0,0.0
144057,0,0.0019632670000000003,42,0,0.079940785,1350.0,7,0,0,0,0.0
144058,0,0.046259487,64,0,0.0019996,5000.0,6,0,0,1,0.0
144062,0,0.19101167,65,0,6382.0,,18,0,1,0,0.0
144063,0,0.07658854799999999,70,7,0.279845434,4916.0,13,0,2,0,1.0
144064,0,0.027767311,67,0,0.057293497,5689.0,10,0,0,0,0.0
144066,0,0.078110881,30,0,0.019876628,5835.0,4,0,0,1,0.0
144068,0,0.16751627800000002,36,0,1.227601631,7600.0,14,0,4,0,0.0
144069,0,0.43051812700000003,38,0,0.658169432,9100.0,7,0,5,0,2.0
144070,0,0.040136122999999996,55,0,0.020949056,6300.0,15,0,0,0,1.0
144071,0,0.039554539,58,0,0.35960199,5024.0,18,0,1,0,0.0
144072,0,0.212638302,72,0,197.0,,8,0,0,0,0.0
144074,0,0.020065329,51,0,0.34414938899999997,14083.0,5,0,2,0,2.0
144075,0,0.743602213,56,0,0.447931088,6500.0,10,0,2,0,0.0
144076,0,0.46885477299999995,45,0,0.788857068,3840.0,14,0,2,0,2.0
144078,0,0.048611253,66,1,0.474983649,6115.0,10,0,2,0,0.0
144081,1,0.9999998999999999,41,0,0.0,,1,0,0,0,0.0
144083,1,0.9999998999999999,34,0,0.544151949,3000.0,4,0,2,1,2.0
144084,1,0.157824342,29,0,0.353558926,1713.0,15,0,0,0,0.0
144085,0,0.16123343199999998,45,0,0.28376118100000003,13750.0,6,0,2,0,2.0
144086,0,0.51736949,51,0,0.320445672,10500.0,9,0,1,0,0.0
144087,0,0.284943011,26,0,268.0,,6,0,0,0,0.0
144088,1,0.808326894,45,1,1.22106882,2600.0,13,0,2,0,3.0
144089,0,0.590508531,56,0,0.34695952799999996,4916.0,9,0,1,0,1.0
144090,0,0.017710181999999998,80,0,55.0,,16,0,0,0,0.0
144091,0,0.0,61,0,0.47095535299999997,2082.0,3,0,1,0,0.0
144093,0,0.999350032,64,0,0.42660587200000005,12500.0,7,0,2,0,0.0
144094,0,0.479318146,50,0,0.416492097,5250.0,10,0,1,0,2.0
144095,0,0.47568357299999997,35,0,0.48970206,5000.0,7,0,1,0,1.0
144098,0,0.039179728,61,1,0.35867629100000004,32000.0,13,0,6,0,0.0
144099,0,0.310479218,38,0,0.387514421,7800.0,5,0,1,0,2.0
144100,0,0.0,33,1,0.804195804,1000.0,9,0,0,0,0.0
144101,0,0.170232107,66,0,5.6396946560000005,4584.0,5,0,1,0,0.0
144102,0,0.06505369700000001,44,0,0.193939394,3629.0,8,0,0,0,2.0
144103,0,0.777379493,56,0,0.378770205,6000.0,5,0,2,0,0.0
144104,0,0.133586641,70,0,0.372342665,4750.0,8,0,1,0,0.0
144106,0,0.071397213,52,0,6964.0,,6,0,2,0,0.0
144107,0,0.14482545900000002,27,0,0.199726402,2923.0,5,0,0,0,2.0
144108,0,0.065313354,51,0,0.318490868,7500.0,9,0,1,0,0.0
144110,0,0.017009623,49,0,0.168328874,4110.0,11,0,1,0,3.0
144111,0,0.394596204,65,0,0.262950497,12180.0,14,0,2,0,1.0
144114,0,0.025344957,34,0,13.0,,5,0,0,0,0.0
144115,0,0.059681780999999996,27,2,985.0,,6,0,0,0,
144117,0,0.080688636,39,0,0.121105232,1700.0,4,0,0,0,2.0
144120,0,0.761238761,25,0,0.04756980400000001,2900.0,3,0,0,0,0.0
144121,0,0.244532378,62,0,0.301605319,6166.0,11,0,2,0,0.0
144122,0,0.013331852,76,0,1304.0,,3,0,1,0,
144123,0,0.42844375700000004,74,0,0.258393059,2650.0,12,0,0,0,0.0
144124,0,0.039714422,68,0,0.489097678,5640.0,16,0,1,0,0.0
144125,0,0.08903044199999999,70,0,1965.0,,9,0,0,0,0.0
144126,0,0.025653467000000003,55,0,0.02129078,24000.0,10,0,1,0,1.0
144127,0,0.0,61,0,0.191150863,12633.0,8,0,3,0,1.0
144128,0,0.0,43,0,3071.0,,7,0,2,0,2.0
144130,0,0.048956084000000004,50,0,0.060355172,8333.0,7,0,0,0,2.0
144131,0,0.0,88,0,0.20803229899999998,4705.0,7,0,0,1,1.0
144132,0,0.022165927999999998,49,0,0.205133491,9700.0,5,0,2,0,3.0
144137,0,0.61914955,67,0,4930.0,,14,0,2,0,0.0
144139,0,1.068081485,33,1,0.09316876699999999,11666.0,6,0,0,1,0.0
144141,1,0.9999998999999999,61,0,1359.0,,1,1,1,0,0.0
144143,0,0.12630133699999999,61,0,0.855280313,2300.0,14,0,1,0,0.0
144144,0,0.0,59,0,1475.0,,9,0,1,0,0.0
144145,1,0.52251363,50,4,0.679032097,10000.0,18,0,3,0,2.0
144146,0,0.015820864,72,0,0.12825994,2338.0,7,0,0,0,0.0
144150,1,0.125352604,60,1,0.518627657,4750.0,13,0,2,0,0.0
144152,0,0.005440058,38,0,0.062184135,4550.0,4,0,0,0,0.0
144153,0,0.9999998999999999,28,0,0.0,2200.0,0,0,0,0,0.0
144154,0,0.042177134000000005,36,0,0.08667322400000001,8133.0,5,0,0,0,1.0
144155,0,0.003313472,61,0,1263.0,,12,0,1,0,0.0
144158,0,0.13899358,30,0,0.29864178,12000.0,7,0,2,0,4.0
144159,0,0.078427016,66,0,0.546930134,4250.0,13,0,2,0,0.0
144163,0,0.227562428,61,1,0.513517837,6250.0,13,0,2,0,0.0
144164,0,0.438866861,51,0,0.206924699,14700.0,9,0,1,0,2.0
144165,0,0.87804878,30,0,0.040599625,1600.0,1,0,0,0,0.0
144166,0,0.0,34,0,0.29843963,6600.0,10,0,0,0,2.0
144168,0,0.012905173,54,0,5855.0,,9,0,4,0,3.0
144169,0,0.047613511,49,1,2026.0,0.0,14,0,1,0,0.0
144171,0,0.0,56,0,0.149395732,11666.0,8,0,1,0,0.0
144175,0,0.016386568,89,1,1097.0,,6,0,1,1,
144177,0,0.585133418,29,1,0.32027189100000003,2500.0,3,1,0,0,0.0
144179,0,0.331426257,72,0,0.18269076899999998,6250.0,8,0,0,0,1.0
144182,1,0.070477181,41,0,0.297284496,6333.0,7,0,1,0,3.0
144184,0,0.070998349,53,0,0.43751249799999997,5000.0,5,0,1,0,0.0
144185,0,0.007733633,73,0,2731.0,,6,0,2,0,
144186,1,0.9999998999999999,41,1,0.40299863700000005,2200.0,3,1,1,1,1.0
144187,0,0.012317902,67,0,0.050551912000000004,6250.0,5,0,0,0,0.0
144188,1,0.9999998999999999,53,0,0.198606272,7748.0,1,2,1,0,3.0
144189,0,0.432260918,31,0,0.101004464,7167.0,7,0,0,0,0.0
144190,0,0.083560824,62,0,0.292718329,12400.0,5,0,2,0,1.0
144191,0,0.229451204,35,0,0.317256793,8500.0,9,0,1,0,2.0
144192,0,0.916053575,33,3,2113.0,,5,0,1,0,2.0
144193,1,0.850272995,48,0,1382.0,,15,0,0,0,3.0
144194,0,0.0,21,0,0.0,1.0,1,0,0,0,1.0
144195,0,0.394412375,46,0,0.58963484,9666.0,21,0,3,0,0.0
144196,1,1.0231475140000001,59,5,0.55824218,5210.0,7,1,1,2,1.0
144197,0,0.035363458,71,1,0.053789242,5000.0,6,0,1,0,0.0
144199,0,0.022191156,60,0,0.270274785,11972.0,8,0,3,0,0.0
144200,0,0.0059831,64,0,0.126387361,10000.0,20,0,1,0,0.0
144201,0,0.105064665,47,0,0.284914638,3572.0,6,0,1,0,2.0
144202,0,0.007924802,57,0,9.0,,1,0,0,0,0.0
144203,0,0.023421207000000003,26,0,530.0,,3,0,0,0,0.0
144204,0,0.061513085,67,0,2571.0,,16,0,2,0,1.0
144206,0,0.013105825,57,1,2539.0,,5,0,1,0,0.0
144208,0,0.46119951600000003,41,0,0.226718219,15000.0,12,0,0,0,3.0
144211,1,1.5063520869999998,45,1,0.05317991,6430.0,3,0,0,0,1.0
144212,0,0.9999998999999999,39,0,0.36254581799999996,3000.0,1,0,1,1,2.0
144213,0,0.22550045,54,0,0.412764539,6000.0,8,0,1,0,0.0
144214,0,0.19374941899999998,51,0,0.345836629,8850.0,5,0,2,0,2.0
144215,0,0.297586897,45,0,0.497216225,8800.0,13,0,3,0,2.0
144216,0,0.6309847470000001,73,0,0.476357741,3700.0,7,0,1,0,0.0
144217,0,0.02428398,44,0,0.09358895099999999,4850.0,4,0,0,0,0.0
144218,1,0.139011729,34,0,0.16165571199999998,7150.0,7,0,1,2,0.0
144219,0,0.018282496999999998,72,0,0.21672784899999997,13892.0,10,0,2,0,0.0
144220,1,1.008747813,42,4,0.18272702,3600.0,5,3,0,0,3.0
144221,0,0.092138796,32,0,0.20458094699999999,1920.0,6,0,0,0,0.0
144222,0,0.048843695,73,0,0.025237381,4001.0,5,0,1,0,0.0
144223,0,0.9999998999999999,25,0,0.0,2640.0,0,0,0,0,1.0
144224,0,0.039089793,63,1,0.17185594699999998,12300.0,19,0,2,0,2.0
144226,0,0.016113972,55,0,2666.0,,8,0,2,0,0.0
144228,1,0.9999998999999999,32,0,398.0,,2,0,0,1,
144230,1,0.9999998999999999,31,98,0.0,2200.0,0,98,0,98,3.0
144231,0,0.934443638,62,1,0.150791383,17500.0,10,0,0,0,1.0
144232,0,0.9496750540000001,60,0,0.521519596,8317.0,10,0,1,0,0.0
144233,0,0.026957934,58,0,0.25474583100000003,17330.0,25,0,1,0,0.0
144234,0,0.036566247,69,0,92.0,,4,0,0,0,
144235,0,0.046269618,60,1,40.0,,3,0,0,0,
144236,0,0.0024524620000000003,66,0,873.0,,6,0,1,0,0.0
144239,0,0.86785652,43,1,0.37452764200000005,7144.0,10,0,2,0,3.0
144240,0,0.8883519409999999,49,4,0.42501666299999996,4500.0,7,2,0,0,1.0
144241,0,0.860392632,44,1,0.44652302899999996,7750.0,10,0,2,0,3.0
144242,0,0.0,56,0,0.0,4000.0,3,0,0,1,0.0
144243,1,0.0,56,0,0.230843065,6250.0,4,0,1,0,1.0
144244,0,0.046471238,50,0,29.0,,5,0,0,0,1.0
144245,0,0.0020595929999999998,70,0,0.091870743,6900.0,14,0,0,0,0.0
144246,0,0.634478851,74,0,0.626101322,1815.0,4,0,1,0,0.0
144247,0,0.5144124170000001,33,0,0.48311411299999996,5625.0,10,0,2,0,0.0
144248,0,0.198338777,50,0,1524.0,,10,0,1,0,
144249,0,0.981858571,31,1,0.041210224,1916.0,1,0,0,0,0.0
144251,0,0.032816321,61,0,0.003179161,9750.0,4,0,0,0,0.0
144252,0,0.0,29,0,0.450292398,170.0,4,0,0,0,3.0
144253,0,0.384112736,60,0,0.049707185,7000.0,5,0,0,0,1.0
144254,0,0.048683045999999994,71,0,0.549260571,4800.0,12,0,1,0,0.0
144255,0,0.330901265,31,1,0.677182848,4500.0,10,0,1,0,1.0
144257,0,0.942302199,43,0,0.481907339,2956.0,5,0,0,0,2.0
144261,0,0.350387635,42,0,0.326923077,21007.0,25,0,1,0,3.0
144264,0,0.321174306,37,0,0.299825393,8017.0,8,0,0,1,1.0
144266,0,0.001029662,47,0,0.140156454,9203.0,5,0,0,0,2.0
144270,0,0.050555835,50,1,0.062963879,8083.0,10,0,1,0,0.0
144271,0,0.55579716,78,1,1336.0,,7,0,0,0,1.0
144272,0,0.26517285,26,0,0.04385367,4400.0,6,0,0,0,0.0
144273,1,0.108536114,48,0,0.030409599,4833.0,6,0,0,1,0.0
144274,0,0.015498565,31,0,0.27624309399999997,7058.0,14,0,1,0,2.0
144276,0,0.018791498,67,0,0.24287301,2700.0,9,0,0,0,0.0
144277,0,0.028225048,65,0,876.0,,9,0,2,0,0.0
144278,0,0.0,28,0,0.1684,2499.0,2,0,0,0,0.0
144279,0,0.034364901,61,0,0.063463282,3308.0,21,0,0,0,0.0
144281,0,0.8239154209999999,76,3,1188.0,,12,0,1,0,0.0
144282,1,0.9999998999999999,24,1,0.286698828,1450.0,1,0,0,0,0.0
144285,0,1.00939812,46,3,0.677397142,5808.0,5,1,1,0,3.0
144286,0,0.422644339,39,0,0.45184938399999997,3000.0,4,0,1,0,0.0
144287,0,0.0,58,0,1347.0,,18,0,2,0,
144288,1,0.36566117600000003,51,1,3374.0,,13,0,2,0,0.0
144289,0,0.624829557,35,0,0.161867365,4583.0,6,0,0,0,0.0
144293,0,0.644622197,52,0,0.150764749,4118.0,8,0,0,0,2.0
144294,1,1.640718563,42,2,0.38264184100000004,6820.0,3,6,2,0,0.0
144295,0,0.365142641,76,0,0.715101749,2800.0,12,0,2,0,0.0
144296,0,0.017761059,43,0,0.7482876709999999,583.0,6,0,0,0,0.0
144299,0,0.157301186,57,0,0.249327009,7800.0,11,0,3,0,0.0
144300,0,0.001651175,68,0,583.0,,13,0,1,0,0.0
144301,0,0.9999998999999999,29,0,0.263742365,1800.0,2,4,0,1,0.0
144302,1,0.849727543,47,2,1999.0,,8,0,2,0,0.0
144303,0,0.14691807699999998,61,0,0.224387363,13547.0,7,0,1,0,2.0
144304,0,0.348359549,42,0,2114.0,,14,0,1,0,0.0
144306,0,0.0037667,51,0,0.00098668,2026.0,8,0,0,0,1.0
144309,0,1.0339160170000001,41,2,5015.0,,7,0,2,0,0.0
144311,0,0.77463439,49,0,0.41015725700000005,3878.0,5,0,1,0,0.0
144313,0,0.038907599,35,0,2703.0,,13,0,1,0,
144315,0,0.9999998999999999,61,0,0.011358473000000001,2200.0,1,1,0,0,0.0
144318,0,0.651469403,58,0,0.289903796,19333.0,25,0,2,0,1.0
144320,0,0.088329119,45,0,1.120879121,181.0,5,0,0,0,2.0
144321,0,0.230167803,46,0,0.267702734,8557.0,8,0,1,0,0.0
144322,0,0.251131913,37,0,0.321239823,7000.0,8,0,2,0,2.0
144323,0,0.0,61,0,0.321898878,6150.0,6,0,2,0,0.0
144324,0,0.12768969800000002,62,0,1027.0,,6,0,0,0,0.0
144327,0,0.268519973,34,0,0.074531903,5500.0,5,0,0,0,2.0
144329,0,0.08055286,56,1,0.406656192,7000.0,8,0,2,0,0.0
144330,0,0.52322934,37,0,0.056431904000000005,4500.0,2,0,0,0,1.0
144332,0,0.005801171,48,0,0.0032590979999999998,1840.0,7,0,0,0,0.0
144333,0,0.053451108,64,0,1914.0,,10,0,3,0,0.0
144334,0,0.294016166,79,0,1554.0,,7,0,1,0,0.0
144336,0,0.0,80,0,2028.0,,3,0,1,0,0.0
144338,0,0.669897544,49,0,0.448065173,5400.0,10,0,0,0,2.0
144339,0,0.044198232000000004,76,0,0.089820359,500.0,4,0,0,0,0.0
144340,0,1.046511628,27,0,57.0,,1,0,0,0,0.0
144342,0,0.021851527000000003,90,0,6.0,,4,0,0,0,0.0
144343,0,0.757397057,48,0,0.548505506,1906.0,4,0,1,0,3.0
144344,0,0.238466006,62,0,2298.0,,16,0,1,0,0.0
144345,0,0.357130018,57,0,0.355284775,14607.0,14,0,5,0,2.0
144347,0,0.037780136,58,0,0.320559813,3000.0,7,0,1,0,0.0
144348,0,0.144743782,64,0,0.216578286,7165.0,7,0,2,0,0.0
144351,0,0.033333004,50,0,0.261777349,11398.0,9,0,2,0,3.0
144352,0,0.144930634,48,0,0.6105038660000001,3750.0,14,0,1,0,1.0
144353,0,0.9999998999999999,85,0,0.0,5243.0,2,0,0,0,0.0
144354,0,1571.0,29,0,1423.0,,5,0,1,0,0.0
144355,0,0.067146079,72,0,0.266279384,14803.0,5,0,3,0,0.0
144356,0,1.015868415,71,0,0.7149425290000001,1304.0,4,0,0,0,0.0
144357,0,0.176005656,63,0,1460.0,,4,0,1,0,0.0
144360,0,0.310380533,62,0,0.663767247,3333.0,13,0,2,0,0.0
144361,0,0.011596063,58,0,0.212838727,3800.0,9,0,1,0,0.0
144362,0,0.018320499,67,0,911.0,,4,0,1,0,0.0
144365,0,0.131684764,31,0,0.499625094,4000.0,20,0,2,0,2.0
144366,0,0.495306825,41,1,0.462781457,3774.0,10,0,1,0,2.0
144369,0,0.190493296,57,0,0.357466667,7499.0,18,0,1,0,0.0
144370,0,0.002666444,45,0,0.0,,2,0,0,0,0.0
144371,0,0.632130859,64,0,0.7019607840000001,6119.0,16,0,4,0,0.0
144373,0,0.044919662,49,1,838.0,,9,0,1,0,3.0
144374,0,0.921635945,36,1,0.09190184900000001,15200.0,3,0,0,0,2.0
144375,0,0.141831239,52,0,0.12078792099999999,10000.0,7,0,1,0,0.0
144376,0,0.057257387,49,0,1.4558578569999998,1800.0,11,0,2,0,2.0
144377,1,0.567843297,44,1,0.44810941299999996,2485.0,7,0,1,0,2.0
144378,1,0.9999998999999999,49,1,356.0,,0,4,0,0,2.0
144379,0,0.130922863,42,0,0.345332476,14000.0,15,0,2,0,4.0
144380,0,0.007162403,57,0,0.310144622,9472.0,9,0,1,0,1.0
144381,0,0.9999998999999999,52,0,0.179928029,2500.0,5,0,0,0,1.0
144384,0,0.024381806000000002,69,0,0.388939611,7666.0,9,0,2,0,0.0
144387,0,0.08935984300000001,61,0,0.13246940199999999,4166.0,19,0,0,0,0.0
144388,1,1.180995475,51,2,571.0,,5,3,0,1,
144389,0,0.258260972,68,0,0.26431344,8243.0,11,0,1,0,0.0
144390,0,0.329367063,55,0,0.063248459,8600.0,3,0,1,0,4.0
144391,0,0.005099159,85,0,10.0,,5,0,0,0,0.0
144392,0,0.019645876,59,1,0.354397635,8117.0,9,0,2,0,0.0
144393,0,0.10146462,65,0,0.184730743,4400.0,5,0,0,0,2.0
144394,0,0.201523077,68,0,0.8118352879999999,3666.0,18,0,3,0,0.0
144395,0,0.31814394100000004,62,0,3058.0,,12,0,4,0,0.0
144396,0,0.018304876,26,0,0.049351655,5166.0,3,0,0,0,0.0
144397,0,0.12645731300000002,74,0,1057.0,,12,0,2,0,
144398,0,0.658045827,42,0,0.573410405,5189.0,19,0,1,0,2.0
144400,0,0.030383225,50,0,0.259894852,10080.0,13,0,2,0,3.0
144401,0,0.11162797199999999,39,0,0.5090373029999999,7800.0,12,0,2,0,1.0
144402,0,0.783804506,52,0,0.805872412,4733.0,14,0,2,0,3.0
144403,0,0.023060751,49,0,0.8708516590000001,2500.0,11,0,3,0,1.0
144404,1,0.5326243270000001,62,1,1155.0,,6,0,0,0,0.0
144405,0,0.0097369,48,0,0.211789353,10500.0,5,0,1,0,0.0
144406,0,0.021120152000000003,59,0,0.52295082,5489.0,9,0,2,0,0.0
144407,0,0.014952992,60,0,0.006718925,3571.0,6,0,0,0,0.0
144408,1,0.558083684,49,0,0.583745451,10716.0,9,0,2,0,2.0
144409,0,0.0,36,0,0.532975231,3350.0,7,0,1,0,0.0
144410,1,0.9999998999999999,50,0,0.31934033,2000.0,2,3,0,0,0.0
144411,0,0.9999998999999999,75,0,0.0036518559999999998,3285.0,1,0,0,0,0.0
144412,0,0.020955593,72,0,0.123875225,3333.0,10,0,0,0,0.0
144413,0,0.684619656,39,1,0.128387383,2250.0,4,0,0,1,2.0
144414,0,0.144321392,60,0,0.20414366899999997,12500.0,9,0,1,0,1.0
144415,0,0.169998271,77,0,0.33316670800000003,8001.0,12,0,2,0,0.0
144417,0,0.530643083,27,0,0.24784368899999998,5680.0,6,0,0,0,1.0
144418,0,0.10017484900000001,50,0,0.241519223,15033.0,7,0,1,0,4.0
144419,0,0.22727136,53,0,0.38084795299999996,5471.0,9,0,1,0,0.0
144422,0,0.0833046,67,0,0.33720616,3700.0,8,0,3,0,1.0
144424,0,0.522190497,58,1,1939.0,,10,0,0,0,0.0
144425,0,0.0,36,0,0.19920020000000002,4000.0,3,0,1,0,0.0
144427,0,0.592634596,57,0,0.459801265,3320.0,12,0,1,0,2.0
144428,0,0.0,23,0,0.079178082,3649.0,1,0,0,0,0.0
144429,0,0.023553811,58,0,0.240662651,6639.0,11,0,2,0,0.0
144430,0,0.807596202,24,0,0.11970074800000001,400.0,2,0,0,0,0.0
144431,0,0.704209175,53,1,0.20954736,9300.0,10,0,2,1,0.0
144432,0,0.18421311899999998,67,0,0.192970365,1450.0,9,0,0,0,1.0
144433,0,0.016452209,65,0,0.22829053100000002,26750.0,4,0,2,0,1.0
144434,0,0.08926616300000001,42,1,0.591029212,14000.0,18,0,2,0,3.0
144436,0,0.0,25,0,0.143942423,2500.0,6,0,0,0,0.0
144437,0,0.025702227999999997,60,0,0.523809524,13250.0,21,0,3,0,0.0
144438,0,0.9999998999999999,32,0,0.42454122200000005,3650.0,8,0,0,0,1.0
144440,0,0.9999998999999999,50,0,1364.0,,3,0,2,1,0.0
144444,0,0.492494573,30,0,0.504574439,3606.0,9,0,2,0,0.0
144445,0,0.0,73,0,0.00223314,4477.0,15,0,0,0,0.0
144446,0,0.33370945,46,0,0.264962148,7000.0,11,0,1,0,2.0
144447,0,0.9999998999999999,40,1,0.253166245,7500.0,1,0,1,0,1.0
144448,1,0.9999998999999999,32,0,106.0,,0,3,0,1,0.0
144449,0,0.612125923,69,4,0.12138405699999999,10750.0,14,0,0,1,1.0
144450,0,1.001999,23,0,0.30439748699999997,1750.0,5,0,0,0,0.0
144451,0,0.096175989,31,0,0.745522699,2400.0,4,0,2,0,0.0
144452,0,0.860203547,50,0,4393.0,,7,0,1,0,
144454,0,0.362571528,50,0,0.409718056,5000.0,13,0,0,0,0.0
144457,0,0.069231303,47,0,0.112357934,6950.0,8,0,0,0,1.0
144459,0,0.39454833899999997,38,0,0.438524061,7750.0,9,0,2,0,0.0
144460,1,1.335548173,31,0,21.0,,1,0,0,0,0.0
144461,0,0.013463933999999999,36,0,0.570085983,5000.0,8,0,1,0,0.0
144462,0,0.409675698,78,0,0.67340591,3214.0,10,0,1,0,0.0
144465,0,0.086972826,41,0,0.037667512,2760.0,2,0,0,0,0.0
144466,0,0.0,63,0,1284.0,,7,0,1,0,0.0
144468,0,0.146248471,32,0,0.318988002,3833.0,2,0,1,0,1.0
144470,0,0.10856816300000001,33,0,0.19770455399999998,2700.0,6,0,0,0,2.0
144472,1,0.133234362,71,2,0.37605588,6155.0,26,0,1,1,0.0
144473,0,0.5565559929999999,35,0,0.157518874,4900.0,11,0,0,0,2.0
144474,0,0.425779533,33,0,1.7774777640000001,6295.0,27,0,5,0,0.0
144480,0,0.042298987,55,0,0.122860173,6600.0,7,0,1,0,0.0
144481,0,0.059044337,64,0,29.5,1.0,4,0,0,0,0.0
144482,0,0.002412961,47,0,0.645118294,3000.0,5,0,1,0,1.0
144483,0,0.295276462,44,0,0.7498831229999999,6416.0,16,0,1,0,0.0
144485,0,0.607607853,48,0,0.372656836,4000.0,5,0,0,1,0.0
144486,0,0.605599807,49,2,0.56744885,8650.0,9,0,1,0,2.0
144491,0,0.151083823,47,0,0.38060830100000004,5950.0,12,0,3,0,0.0
144492,0,0.00170965,67,0,0.21185742899999999,8500.0,7,0,1,0,0.0
144493,0,0.536605141,71,0,1.693052632,2374.0,25,0,1,0,0.0
144494,0,0.250291657,47,1,0.45887004200000003,7840.0,12,0,2,0,1.0
144495,0,0.893545013,32,0,0.889110889,1000.0,7,0,0,0,0.0
144498,0,0.04429557,43,0,0.194878092,5700.0,5,0,1,0,1.0
144501,0,0.6172853420000001,64,0,2119.0,,13,0,0,0,4.0
144502,0,0.14369406699999998,49,3,0.5087485420000001,6000.0,10,0,1,1,0.0
144503,0,0.080648329,60,0,0.46926325700000004,4261.0,13,0,2,0,0.0
144504,0,0.98294218,30,0,0.132361085,5416.0,3,0,0,0,0.0
144505,0,0.17362721,62,0,0.123917388,3001.0,9,0,2,0,0.0
144506,0,0.0,66,0,0.0,5000.0,7,0,0,0,0.0
144507,0,0.048154048,63,0,12614.0,,20,0,9,0,0.0
144508,0,0.000871786,62,0,3455.0,,12,0,2,0,0.0
144510,0,0.004614687,69,0,0.10903759,3750.0,20,0,1,0,0.0
144511,0,0.282728757,52,0,0.470407795,11083.0,13,0,2,0,3.0
144512,0,0.629171354,36,0,254.0,1.0,3,0,0,0,2.0
144513,0,0.439973334,52,0,0.306038895,12700.0,6,0,2,0,4.0
144515,0,0.049494277999999996,65,0,0.243037372,4200.0,13,0,2,0,0.0
144517,1,0.669538992,26,1,0.11553416,5400.0,11,0,0,1,1.0
144518,0,0.014546473,61,0,104.0,,7,0,0,0,1.0
144519,0,0.0032157009999999996,77,0,354.0,,7,0,0,0,1.0
144520,0,0.0,80,0,0.00479904,5000.0,1,0,0,0,0.0
144521,0,0.042423727,64,0,45.0,,3,0,1,0,1.0
144522,0,0.732601451,31,0,0.343062775,2500.0,8,0,0,1,0.0
144523,0,0.004622799,38,0,0.664467173,3030.0,9,0,1,0,1.0
144524,1,0.9999998999999999,49,1,0.290177456,4000.0,4,1,1,0,3.0
144525,0,0.5083322220000001,51,0,0.23282642899999997,1906.0,2,0,0,0,0.0
144526,0,0.029730197000000003,68,0,0.013797241000000002,3333.0,8,0,0,0,0.0
144528,0,0.158389441,41,0,0.45409119299999995,1600.0,8,0,0,0,2.0
144531,0,0.65791776,47,3,0.261618219,5400.0,11,0,0,1,0.0
144532,0,0.011399771999999999,89,0,0.003035172,5600.0,5,0,0,0,0.0
144533,0,0.01324365,46,0,0.660352539,3800.0,19,0,1,0,2.0
144535,0,0.9999998999999999,78,0,33.0,,2,0,0,0,0.0
144537,0,0.088657708,78,0,0.63142992,2118.0,16,0,2,0,0.0
144539,0,0.512280482,41,0,0.480875956,6666.0,7,0,1,0,2.0
144540,0,0.19679016,74,0,0.146829201,7300.0,3,0,1,0,0.0
144542,0,0.9999998999999999,40,0,0.0,,0,1,0,0,0.0
144544,0,0.195210863,37,0,0.049293040999999996,18034.0,4,0,1,0,1.0
144545,0,0.412218466,37,0,1961.0,,10,0,1,0,0.0
144546,0,0.022016717999999998,65,0,37.0,,3,0,0,0,0.0
144547,0,0.80038316,59,0,2217.0,,9,0,2,0,1.0
144551,0,0.024021217,62,0,0.004793864,7300.0,9,0,0,0,1.0
144552,0,0.280883272,25,0,0.18056857199999998,3200.0,6,0,0,0,0.0
144554,0,0.00980939,76,0,0.16074950699999999,6083.0,10,0,1,0,0.0
144556,0,0.101390169,72,0,0.29618768300000003,5455.0,9,0,1,0,0.0
144558,0,0.8165207109999999,45,0,0.566702775,12000.0,9,0,4,0,3.0
144559,0,0.142864992,69,0,0.09780104699999999,4774.0,6,0,0,0,0.0
144560,0,0.09724537,63,0,0.177524806,13000.0,13,0,2,0,0.0
144561,0,0.03195895,65,0,0.00939812,5000.0,5,0,0,0,2.0
144562,0,0.055502723,59,1,0.146280493,11600.0,5,0,1,0,1.0
144563,0,0.036344782,75,0,43.0,,4,0,0,0,
144564,0,0.336611847,37,0,0.341582302,8000.0,13,0,2,0,0.0
144565,0,0.8182954259999999,45,0,528.0,,6,0,0,0,0.0
144566,0,0.36046954,45,2,0.6394973070000001,2784.0,16,0,2,0,2.0
144567,0,0.17386321300000002,62,0,1656.0,,6,0,2,0,0.0
144568,0,0.283589551,53,2,0.980679547,1500.0,7,0,1,0,0.0
144570,1,0.47500373100000004,51,1,0.38644140299999996,4675.0,8,0,1,3,2.0
144571,0,0.36989364799999996,63,0,0.8522154059999999,7334.0,7,0,2,0,0.0
144572,0,0.142633547,70,0,0.277790304,4434.0,7,0,1,0,0.0
144573,0,0.000315773,45,0,0.28084270699999997,5600.0,15,0,2,0,2.0
144576,0,0.9999998999999999,47,0,0.264946507,4766.0,5,0,1,0,0.0
144577,0,0.09093344,69,0,981.0,,6,0,1,0,0.0
144579,0,0.25935480699999997,47,0,0.031624012,32000.0,5,0,1,0,3.0
144580,0,0.132843657,49,6,0.275062906,7550.0,18,0,3,0,2.0
144581,0,0.15946785300000002,37,0,0.473284033,9600.0,12,0,1,0,1.0
144583,0,0.006287300000000001,55,0,0.332611231,6000.0,9,0,1,0,1.0
144584,0,0.040916782,34,0,0.053683982000000005,4600.0,4,0,0,0,0.0
144585,0,0.021974732,73,0,0.278103492,3922.0,8,0,1,0,0.0
144586,1,0.9999998999999999,60,98,0.0,1375.0,0,98,0,98,0.0
144587,0,0.122867321,53,0,58.0,,2,0,0,0,
144589,0,0.0,35,0,0.18476218,6916.0,6,0,2,0,2.0
144590,0,0.370774548,63,0,0.203163713,15740.0,8,0,3,0,0.0
144591,0,0.539243994,43,0,0.411431428,6000.0,13,0,1,0,3.0
144593,0,0.516381868,49,0,0.549458793,9330.0,10,0,2,0,1.0
144594,0,0.022683582999999997,51,0,0.26432593600000004,3018.0,4,0,1,0,3.0
144595,0,0.237976202,32,0,71.0,,1,0,0,0,0.0
144596,0,0.034800257,46,0,0.4450117,4700.0,8,0,3,0,2.0
144597,0,0.069919213,35,0,0.336766323,10000.0,12,0,2,0,2.0
144600,0,0.144373673,45,0,2384.0,,4,0,1,0,0.0
144605,0,0.7382507159999999,54,0,0.691802342,3500.0,8,0,1,0,0.0
144607,0,0.70857316,25,0,0.052451147999999996,2916.0,3,0,0,0,2.0
144609,0,0.033753031,51,0,0.452008586,3260.0,7,0,1,0,2.0
144610,0,0.340659341,69,0,0.21348719800000002,2772.0,4,0,0,0,0.0
144611,0,1.069318054,31,2,0.512878921,5706.0,7,0,1,0,1.0
144612,0,0.351849521,61,0,0.306215203,8800.0,11,0,2,0,0.0
144613,0,0.002269143,44,0,0.435015415,6162.0,6,0,2,0,1.0
144614,0,0.326920637,70,0,1884.0,,10,0,1,0,0.0
144617,0,1.2322097379999999,30,0,28.0,,2,1,0,0,0.0
144619,0,0.062313017000000005,63,0,0.38792946700000003,5500.0,18,0,3,0,0.0
144620,0,0.055456094000000004,42,0,0.20978311,10834.0,5,0,1,0,0.0
144621,1,0.9999998999999999,62,2,0.35045361399999997,6833.0,5,0,1,0,1.0
144622,0,0.649705792,38,0,0.604177026,6032.0,5,0,2,0,2.0
144623,0,0.311268873,47,0,0.351045595,5833.0,6,0,2,0,1.0
144624,0,0.9862707059999999,40,0,2113.0,0.0,5,0,1,0,5.0
144625,0,0.050078841,56,0,0.457753735,7763.0,6,0,3,0,0.0
144627,0,0.7056198579999999,40,1,0.618069145,3065.0,6,0,2,0,0.0
144631,0,0.07946027,39,0,0.261177754,1833.0,3,0,1,0,0.0
144632,0,0.171365727,53,0,435.0,,3,0,0,0,
144633,0,0.09722042199999999,65,0,0.471710691,12000.0,13,0,2,0,1.0
144634,0,0.041112208,39,0,0.05820324599999999,9672.0,18,0,0,0,2.0
144637,0,0.324519498,60,0,1105.0,,3,0,1,0,0.0
144638,0,0.17270502399999998,64,0,0.47734766100000003,8188.0,22,0,3,0,0.0
144640,0,0.028036993,87,0,39.0,,3,0,0,0,0.0
144641,0,0.060711127999999996,56,0,0.24768997399999998,7250.0,10,0,1,0,0.0
144643,0,0.12401317699999999,41,0,0.179025678,12500.0,10,0,2,1,2.0
144645,0,0.00099211,60,0,0.162653112,12000.0,13,0,1,0,3.0
144646,0,0.046514629,64,0,0.300635145,4250.0,4,0,1,0,0.0
144647,0,0.010563831999999999,77,0,12.0,,5,0,0,0,0.0
144649,0,0.807706158,64,0,0.55596196,4100.0,8,0,2,0,1.0
144650,1,0.0060981609999999995,57,0,0.77703716,6000.0,19,0,3,0,0.0
144652,0,0.019881911999999998,49,0,0.33783783799999995,7103.0,17,0,2,0,0.0
144653,0,0.765082267,40,3,0.381213785,3278.0,11,1,0,0,5.0
144654,0,0.031691957,68,0,0.19208,12499.0,12,0,1,0,1.0
144657,0,0.07490364099999999,43,0,1774.0,,14,0,1,0,0.0
144659,0,0.028295248,65,0,0.002641374,8328.0,2,0,0,0,0.0
144660,0,0.211471541,60,0,0.034475235,4582.0,4,0,0,0,0.0
144661,0,0.685423949,61,0,0.33364097800000003,6500.0,11,0,0,0,0.0
144662,0,0.415504272,32,0,1505.0,,9,0,1,0,3.0
144663,0,0.021063847000000004,45,0,0.652027838,4166.0,7,0,4,0,1.0
144664,1,0.910205072,74,2,0.293236396,4538.0,10,0,1,0,1.0
144665,0,0.162167012,79,0,0.329982127,4475.0,14,0,2,0,0.0
144666,0,0.0,40,0,3674.0,,10,0,2,0,0.0
144667,0,0.379749137,30,1,0.251441753,1733.0,4,0,0,0,0.0
144668,0,0.016259771,51,0,0.005455229,5315.0,5,0,0,0,0.0
144672,0,0.363868674,52,0,936.0,,6,0,0,0,0.0
144673,0,0.028959101,28,1,0.21177967600000003,5500.0,20,0,0,0,1.0
144675,0,0.9999998999999999,30,0,0.259172521,1280.0,1,1,0,0,1.0
144677,0,0.529024184,62,0,0.624964296,3500.0,10,0,2,0,1.0
144679,0,0.232992807,44,0,0.338522427,3789.0,9,0,0,0,0.0
144681,0,0.041251943,50,0,0.247500325,7700.0,9,0,1,0,0.0
144682,0,0.910766154,40,0,0.290400817,7833.0,6,0,2,0,2.0
144684,0,0.39613261,76,0,0.327351771,10810.0,10,0,1,0,1.0
144687,0,0.007601912,79,0,0.050578318,5100.0,10,0,0,0,0.0
144688,0,0.23607832199999998,86,0,51.0,,2,0,0,0,0.0
144691,0,0.32743763,83,0,0.382808596,2000.0,10,0,0,0,0.0
144692,0,0.039056564,47,0,0.242813783,5600.0,9,0,1,0,0.0
144693,0,0.0,86,0,844.0,,3,0,2,0,0.0
144694,0,0.045444751,32,0,0.301283119,6000.0,7,0,1,0,0.0
144695,0,0.037590773,62,0,612.0,,4,0,1,0,
144696,0,0.600469524,30,0,0.079919162,5442.0,3,0,0,0,2.0
144697,0,0.006959722,89,0,0.0027716190000000003,1803.0,4,0,0,0,0.0
144698,0,0.7263427109999999,35,0,0.263186813,5459.0,10,0,0,1,3.0
144699,0,0.015855343,72,0,0.0035379170000000002,6500.0,6,0,0,0,0.0
144700,0,0.161870182,54,0,0.09889111099999999,5500.0,4,0,0,0,0.0
144701,1,0.19908351300000002,39,1,0.5625949920000001,12500.0,8,0,4,0,1.0
144702,0,0.652207038,87,0,1.0881825170000001,3900.0,11,0,1,0,0.0
144703,0,0.252015977,46,0,0.309625821,3500.0,14,0,0,1,0.0
144707,0,0.008817562,45,0,0.224432852,8242.0,8,0,1,0,1.0
144708,0,0.028851957999999997,40,0,0.006024096,3485.0,4,0,0,0,2.0
144709,0,0.13676397099999998,50,0,0.589717485,3928.0,9,0,2,0,0.0
144711,0,0.007940437,46,0,0.38640151100000003,9000.0,9,0,1,0,8.0
144713,0,0.06815246700000001,38,0,1206.0,,7,0,1,0,
144715,0,0.847415404,50,5,3325.0,,16,0,3,0,0.0
144716,0,0.0,47,0,0.239603153,7357.0,12,0,1,0,0.0
144718,0,0.025864942000000002,46,0,1282.0,,3,0,1,0,0.0
144719,0,0.006947003,42,0,0.364695727,6950.0,9,0,2,0,0.0
144724,0,0.0,77,0,1160.0,,7,0,1,0,0.0
144725,0,0.243644475,72,0,0.141371726,5000.0,3,0,1,0,0.0
144726,0,0.006909258000000001,88,0,0.001974484,6583.0,5,0,0,0,0.0
144727,0,0.17797512,57,0,0.308797256,13992.0,14,0,3,0,0.0
144729,0,0.001147025,55,0,0.160637043,5085.0,5,0,1,0,0.0
144730,0,0.0,61,0,459.0,,5,0,0,0,0.0
144731,0,0.123158746,54,0,0.275358852,8359.0,6,0,2,0,3.0
144735,0,0.07995680200000001,41,0,0.47529277299999995,3500.0,8,0,1,0,0.0
144736,1,0.122713019,52,1,2.359775141,1600.0,16,0,3,0,3.0
144737,0,0.446105629,63,1,0.48992687700000004,6700.0,15,0,1,0,0.0
144738,0,0.029119482000000002,51,0,0.13861273,8750.0,10,0,1,0,1.0
144739,0,3.643178411,30,0,0.18062652699999998,4500.0,3,0,0,0,0.0
144740,0,0.9086604709999999,41,0,1459.0,,6,0,0,0,0.0
144741,0,0.264191307,46,0,0.231074568,3526.0,7,0,1,0,0.0
144744,0,0.035082748999999996,61,0,1267.0,,5,0,1,0,0.0
144745,0,0.81855212,40,0,0.9617252209999999,3500.0,8,0,1,0,3.0
144748,0,0.536018559,58,0,0.23216071300000002,11000.0,8,0,1,0,1.0
144749,0,0.006913674,84,0,0.002666074,4500.0,4,0,0,0,0.0
144750,0,0.0,50,0,0.28588235300000003,5099.0,13,0,1,0,3.0
144752,0,0.011444955,56,0,0.395176905,5680.0,14,0,3,0,2.0
144753,0,0.788289957,34,1,0.293977624,4200.0,6,0,0,0,0.0
144756,0,0.00714263,44,0,1063.0,,6,0,1,0,3.0
144758,0,0.225936503,60,0,0.443516132,11250.0,15,0,2,1,0.0
144759,0,0.027898605,79,0,0.255522972,5114.0,7,0,2,0,0.0
144760,0,0.0,39,0,0.788084766,2500.0,6,0,3,0,0.0
144761,0,0.011732942,47,0,0.09598800099999999,8000.0,8,0,0,0,0.0
144762,1,1.018229656,51,2,0.537820726,3000.0,7,3,1,0,1.0
144764,0,0.08908338699999999,41,0,2008.0,,7,0,1,0,
144765,0,0.41331057,50,0,0.406098635,9083.0,11,0,0,0,1.0
144767,0,0.8704018109999999,61,1,0.184536185,10100.0,4,0,1,0,0.0
144768,0,0.190915295,54,0,0.8710102009999999,3038.0,10,0,2,0,1.0
144772,0,0.054965825,74,0,0.233141349,8333.0,6,0,1,0,1.0
144773,1,0.9370985340000001,40,0,1684.0,,2,1,1,1,0.0
144774,0,0.0,82,0,0.24097870100000002,5680.0,8,0,0,0,0.0
144775,0,0.857859374,50,0,0.511098354,5225.0,9,0,1,0,0.0
144776,0,0.010732976000000002,50,0,0.243388834,6125.0,5,0,1,0,0.0
144777,0,0.18018842899999998,62,0,835.0,,7,0,1,0,0.0
144778,0,0.0,50,0,0.030881017,1100.0,3,0,0,0,0.0
144779,0,0.05066328900000001,45,0,0.09941622900000001,17129.0,5,0,1,0,0.0
144780,0,0.086330042,32,0,0.34159220100000004,2461.0,7,0,0,0,2.0
144782,0,0.8283631840000001,48,0,0.514363885,5116.0,6,0,1,0,3.0
144783,0,0.011270678000000001,39,0,0.276766878,7583.0,7,0,2,0,4.0
144784,0,0.035629337999999997,60,0,0.537849007,9920.0,13,0,2,0,2.0
144785,0,0.13327735599999999,51,0,0.364485981,7917.0,11,0,3,0,3.0
144786,0,0.11550726300000001,29,0,0.38276953799999996,6000.0,6,0,1,0,1.0
144788,1,0.9999998999999999,54,0,437.0,,2,1,0,0,1.0
144790,0,0.060490977,71,1,0.16122806,16578.0,13,0,2,0,1.0
144792,0,0.382803821,81,0,51.0,,2,0,0,0,0.0
144793,0,0.98010199,57,0,0.50431566,1621.0,4,0,2,0,0.0
144796,0,0.555655857,60,0,1387.0,,2,0,1,0,0.0
144797,0,0.23308554399999998,75,0,184.0,,7,0,0,0,0.0
144800,0,0.083690239,67,0,4130.0,,26,0,2,0,0.0
144802,0,0.293719042,54,2,0.304464005,6361.0,17,0,1,0,0.0
144804,0,0.040578525,63,0,1.76133829,1344.0,12,0,2,0,0.0
144808,0,0.615040409,39,0,0.44171165799999995,5000.0,10,0,1,0,2.0
144809,0,0.069941883,52,0,0.1759223,12766.0,8,0,1,0,3.0
144810,0,0.755456866,63,0,0.759859772,5704.0,15,0,1,0,0.0
144811,0,0.115325176,56,0,0.44777764200000003,8166.0,13,0,2,0,0.0
144812,0,0.08454452400000001,50,0,0.41760810299999995,7700.0,13,0,3,0,0.0
144813,0,0.323516932,55,0,0.5715532289999999,4583.0,12,0,2,0,0.0
144814,0,0.332355926,33,0,0.33698121,4842.0,10,0,2,0,0.0
144815,0,0.068052112,59,0,1971.0,0.0,23,0,2,0,0.0
144817,0,0.622188906,30,0,0.25916870399999997,2862.0,4,0,1,0,0.0
144818,0,0.0,33,0,0.42116223700000005,10083.0,4,0,2,0,2.0
144819,0,0.99220156,32,1,0.146411908,4500.0,5,0,0,0,0.0
144820,0,0.9999998999999999,34,1,469.0,,1,0,0,0,0.0
144821,0,0.320648853,41,0,0.9659751040000001,3614.0,7,0,2,0,0.0
144822,0,0.138056423,67,0,0.16256748699999998,5000.0,13,0,1,0,0.0
144823,0,0.014140837,42,0,0.000533191,3750.0,1,0,0,0,1.0
144825,0,0.715559563,44,1,5.899057872999999,742.0,9,0,2,0,2.0
144827,0,0.009140716,79,0,0.027105088,4500.0,11,0,0,0,0.0
144829,0,0.000749963,62,0,0.0,,6,0,0,0,0.0
144830,0,0.647590477,63,0,3209.0,,7,1,2,1,1.0
144832,0,0.15254990599999999,39,0,0.227261761,8289.0,9,0,1,0,0.0
144833,0,0.0,76,0,48.0,,6,0,0,0,0.0
144834,0,0.584679346,59,0,1.257161458,1535.0,10,0,1,0,1.0
144836,0,0.036353666,66,0,1079.5,1.0,9,0,1,0,0.0
144837,0,0.105268024,73,0,1792.0,,13,0,2,0,0.0
144838,0,0.25464226100000004,54,0,0.9983450559999999,2416.0,12,0,1,0,2.0
144839,1,0.0,34,0,0.358230428,8340.0,11,0,3,0,0.0
144840,0,0.9999998999999999,41,0,0.0,944.0,0,7,0,0,1.0
144841,0,0.404949381,60,0,0.13277897,3727.0,5,0,0,0,4.0
144843,0,0.031460327999999996,32,0,1785.0,,5,0,2,0,0.0
144846,0,0.9999998999999999,32,0,0.570649705,2200.0,5,0,0,0,1.0
144847,0,0.0,43,0,0.209966134,6200.0,7,0,1,0,2.0
144851,0,0.9999998999999999,54,1,938.0,,4,0,1,0,0.0
144852,0,0.0,57,0,0.20942408399999998,2100.0,3,0,1,0,0.0
144853,0,0.070811362,58,0,0.21788565399999998,12400.0,7,0,1,0,1.0
144854,0,0.10648654800000001,42,0,0.105048676,8833.0,6,0,1,0,0.0
144855,0,0.009784962,48,0,0.331305725,12000.0,11,0,4,0,2.0
144856,0,0.001418104,61,0,0.22399999999999998,2624.0,8,0,0,0,0.0
144859,0,0.125535684,47,0,0.717047159,6000.0,8,0,2,0,3.0
144860,0,0.012637681000000001,68,0,16.0,,5,0,0,0,0.0
144861,0,0.009436176999999999,61,0,0.001885607,3181.0,3,0,0,0,0.0
144862,0,0.38115471100000003,27,0,0.15969257,4683.0,5,0,0,0,1.0
144863,0,0.084991501,67,0,25.0,,2,0,0,0,1.0
144864,0,1.006554827,74,0,0.42529585799999997,1351.0,6,0,0,0,0.0
144865,0,0.05765485,43,0,0.002926116,4100.0,3,0,0,0,1.0
144867,0,0.07715457,72,0,0.045571797000000004,2325.0,6,0,0,0,0.0
144868,0,0.11322955900000001,69,0,0.123175365,5000.0,8,0,0,0,0.0
144869,0,0.021841448,86,1,0.151205422,9000.0,14,0,1,0,1.0
144870,0,0.906693712,54,0,617.0,,7,0,0,0,0.0
144871,0,0.19752043600000002,51,0,0.16813864399999998,6000.0,12,1,0,0,2.0
144872,0,0.0,61,0,889.0,,11,0,0,0,0.0
144873,0,0.127452644,66,0,1498.0,,10,0,2,0,1.0
144875,0,0.0,55,0,0.118862475,4500.0,12,0,1,0,1.0
144876,0,0.632246972,70,0,1394.0,,8,0,1,0,
144877,0,0.080783843,78,0,0.017589577,1534.0,4,0,0,0,0.0
144878,0,0.001130336,59,0,0.0,,2,0,0,0,0.0
144879,0,0.16656548,43,0,0.433252753,3722.0,5,0,1,0,0.0
144880,1,0.9999998999999999,43,1,0.48946135799999996,1280.0,3,3,0,0,1.0
144882,0,0.19484732300000002,72,0,0.18507338399999998,9606.0,21,0,2,0,0.0
144883,0,0.133916006,61,1,0.39673913,3311.0,7,0,1,0,3.0
144884,0,0.01333899,60,0,35.0,,18,0,0,0,0.0
144885,0,0.07355228700000001,54,0,0.014842301,3233.0,4,0,0,0,0.0
144886,1,0.9999998999999999,56,3,0.817197134,6000.0,5,1,2,0,1.0
144887,1,8328.0,39,0,21395.0,,9,0,2,1,0.0
144888,0,0.015270603999999998,72,0,80.0,,3,0,0,0,1.0
144889,0,0.206118446,88,0,442.0,,9,0,0,0,0.0
144890,0,0.601814156,45,0,0.49794238700000004,5345.0,5,0,2,0,0.0
144892,0,0.143679332,53,0,0.208782603,16600.0,18,0,2,0,1.0
144894,0,0.26316952,69,0,1446.0,,6,0,1,0,0.0
144896,0,0.181529425,45,0,0.11710763699999999,6651.0,7,0,0,0,2.0
144897,0,0.010485405,44,1,0.220677932,10000.0,6,0,1,0,2.0
144900,0,0.0,64,0,2404.0,,6,0,1,0,0.0
144901,0,0.014292023999999999,53,1,0.8440536790000001,2160.0,16,0,1,0,0.0
144903,0,0.21062101100000002,33,0,0.590081984,5000.0,11,0,2,0,0.0
144904,0,0.271311393,58,0,0.132886711,10000.0,11,0,0,0,0.0
144905,0,1.113772455,23,0,0.006765328,2364.0,1,0,0,0,0.0
144907,0,0.043246630999999994,68,0,0.019797624,2272.0,3,0,0,0,0.0
144908,0,0.268583038,72,0,0.517214397,3833.0,7,0,2,0,0.0
144910,0,0.338302127,39,0,0.265900108,2782.0,8,0,0,0,2.0
144911,0,0.9999998999999999,38,1,299.0,,1,0,0,0,0.0
144913,1,0.991008991,24,1,250.0,,8,0,0,1,0.0
144914,0,0.0,44,0,0.361219898,12000.0,7,0,3,0,4.0
144915,0,0.265184555,42,0,0.608632365,15800.0,9,0,3,0,2.0
144916,0,0.38050919200000005,74,0,148.0,,4,0,0,0,0.0
144918,0,0.000544297,62,2,0.287175325,6159.0,20,0,2,0,0.0
144919,0,0.7028647570000001,27,0,31.0,,2,0,0,0,
144920,0,0.00614198,48,0,0.37710154700000004,5947.0,7,0,2,0,2.0
144921,0,0.006347618,51,0,0.35296684100000003,9167.0,16,0,3,1,3.0
144922,0,0.0,40,0,0.0,3500.0,1,0,0,0,0.0
144924,1,0.194811908,39,2,0.368755048,26000.0,14,0,4,0,2.0
144926,0,0.08012061200000001,52,0,0.36208142600000004,4150.0,10,0,1,0,1.0
144928,1,0.9999998999999999,61,1,0.16415197199999998,5500.0,2,4,1,0,1.0
144930,0,0.9999998999999999,43,0,0.0,6200.0,0,0,0,0,0.0
144931,0,0.853008152,61,0,0.384272396,4933.0,11,0,0,0,0.0
144932,0,0.095976841,51,0,2291.0,,14,0,2,0,2.0
144933,0,0.91805463,30,0,0.016552281000000002,2476.0,2,0,0,0,0.0
144934,0,0.551889622,52,0,0.292356464,8516.0,5,0,2,0,0.0
144935,0,0.292032335,48,2,786.0,,10,0,0,1,0.0
144937,0,0.15733899,47,0,0.09327607,7450.0,5,0,0,0,2.0
144938,0,0.0,35,0,0.6918155159999999,3750.0,8,0,2,0,0.0
144941,0,0.020189515,80,0,12.0,,3,0,0,0,0.0
144942,0,0.671820165,71,0,1988.0,,7,0,0,0,1.0
144943,0,0.23488736699999999,69,0,0.616633996,7141.0,11,0,2,0,0.0
144944,0,0.095642744,59,0,0.54316272,2617.0,9,0,2,0,0.0
144945,0,0.529463329,45,2,0.396712119,7846.0,10,0,1,0,0.0
144946,0,0.20426029699999998,51,1,2716.0,,11,0,1,0,1.0
144948,1,0.915084915,32,0,0.485003333,4500.0,4,0,1,0,0.0
144949,0,0.0,82,0,0.0,3500.0,4,0,0,0,0.0
144950,1,1.0144927540000002,48,1,0.685065611,4800.0,13,0,2,2,2.0
144951,0,0.24562517399999997,35,0,0.087464789,7099.0,5,0,0,0,2.0
144952,0,0.0,40,0,0.233784414,15000.0,4,0,1,0,2.0
144955,0,0.0,56,0,0.10522139300000001,6300.0,7,1,0,0,1.0
144956,0,0.500893502,41,0,0.379260751,6952.0,11,0,2,0,2.0
144957,0,0.024935065,62,0,0.271796513,6250.0,11,0,1,0,0.0
144958,0,0.033150825,45,0,0.878824235,5000.0,13,0,1,0,0.0
144959,0,0.9999998999999999,49,0,0.076285813,5793.0,2,0,1,0,0.0
144960,0,0.9999998999999999,48,1,0.42785114,4164.0,7,0,2,0,2.0
144962,1,0.9999998999999999,28,0,50.0,,0,0,0,2,1.0
144963,0,0.160411828,75,0,0.76220308,3830.0,12,0,3,0,0.0
144964,0,0.434138295,45,0,0.8785121490000001,10000.0,12,0,5,0,2.0
144965,0,0.053236690999999996,68,0,0.20165745899999998,1809.0,5,0,0,0,0.0
144966,1,1.155527795,23,1,687.0,,3,1,0,1,0.0
144967,0,0.018469398,67,1,1137.0,,18,0,1,0,1.0
144970,0,0.107698955,55,0,0.621196972,7000.0,18,0,2,0,0.0
144972,0,0.474868886,52,0,2504.0,,7,0,1,0,0.0
144974,0,0.034104904,62,0,0.294135293,6666.0,10,0,1,0,0.0
144975,0,0.052353063,35,0,1708.0,,7,0,1,0,0.0
144977,0,0.067318495,60,0,0.14301065599999999,11166.0,8,0,1,0,0.0
144978,0,0.04065989,56,0,430.0,,3,0,0,0,0.0
144979,1,0.23097748399999998,36,0,0.606960763,4510.0,15,0,1,0,0.0
144980,0,0.037949051,38,0,0.335332762,3500.0,2,0,1,0,3.0
144981,0,0.025785346,59,0,0.468690512,9980.0,15,0,2,0,0.0
144982,0,0.05070329,44,0,1.242733299,1960.0,11,0,1,0,0.0
144983,0,0.0,33,0,0.42946012,4500.0,10,0,1,0,0.0
144984,1,1.8770764119999999,31,1,0.42486722899999996,3200.0,5,0,2,2,0.0
144986,0,0.367709214,49,0,0.39343547,20625.0,17,0,4,0,4.0
144988,0,0.728910005,54,0,0.279516428,10256.0,6,0,1,0,2.0
144989,0,0.34301095,51,0,0.264182718,9500.0,8,0,3,0,2.0
144990,0,0.7572602940000001,33,0,0.173191313,7228.0,7,0,0,0,2.0
144991,0,0.002202546,37,0,0.49167221899999997,1500.0,7,0,0,0,2.0
144992,0,0.09463512199999999,55,0,0.005710206999999999,1400.0,4,0,0,0,1.0
144993,0,0.708046141,46,0,1.293041546,5848.0,6,0,1,0,3.0
144996,1,0.895956295,42,1,2356.0,,9,0,0,0,
144997,0,0.130064755,66,0,0.5442911420000001,5000.0,9,0,1,0,0.0
144998,0,0.027643216,67,0,0.011325783,1500.0,6,0,0,0,0.0
144999,0,0.018609819,60,0,0.8907773059999999,4000.0,3,2,1,0,0.0
145001,0,0.39383533299999995,62,0,0.401963458,11000.0,17,0,1,0,1.0
145002,0,0.0,80,0,0.0,100.0,3,0,0,0,0.0
145003,0,0.047645622,53,0,0.287624505,7328.0,10,0,1,0,0.0
145006,0,0.258409292,53,1,0.646501841,1900.0,11,0,1,0,2.0
145007,0,0.297076954,56,0,0.349332126,8833.0,9,0,1,0,2.0
145009,0,0.055270002,54,0,0.198538235,9166.0,40,0,0,1,0.0
145012,0,0.104812048,43,0,0.350122618,5300.0,4,0,1,0,1.0
145013,0,0.027998445,81,0,0.734106357,2500.0,9,0,1,0,0.0
145014,0,1.031193761,49,0,0.567875951,3417.0,5,0,1,0,1.0
145015,0,0.21323856100000002,49,0,14.0,,2,0,0,0,0.0
145016,0,0.5956662779999999,69,0,0.18971904899999997,6477.0,11,0,1,0,1.0
145017,1,0.9999998999999999,45,0,156.0,,1,0,0,0,2.0
145018,0,0.11197421699999999,41,0,2613.0,,9,0,1,0,3.0
145019,0,0.039474012999999995,54,0,0.29271830600000004,6893.0,5,0,1,0,3.0
145020,0,0.952655667,48,1,0.6932515340000001,2770.0,5,0,1,0,1.0
145021,0,0.048457082,62,0,66.0,,4,0,0,0,
145022,0,0.44515351,43,0,0.676277476,3502.0,8,0,2,0,1.0
145023,0,0.023048827999999997,53,0,0.304266816,5366.0,7,0,1,0,1.0
145024,0,0.071766686,89,0,0.021118311,8333.0,10,0,0,0,1.0
145025,0,0.133588788,49,0,0.167391304,9199.0,8,0,1,0,0.0
145026,0,0.927279338,45,0,0.5142536839999999,6243.0,10,0,1,0,0.0
145027,0,0.312006361,48,0,0.690367737,9000.0,29,0,4,0,2.0
145028,0,0.045062605,75,0,0.332523925,7000.0,17,0,2,0,0.0
145029,0,0.094483015,62,0,3451.0,,5,0,1,0,0.0
145030,0,0.284828428,61,0,0.275016665,13500.0,13,0,1,0,0.0
145031,0,0.019156806999999998,69,0,0.322509496,8160.0,6,0,2,0,0.0
145034,0,0.021906995,69,0,1317.0,,9,0,2,0,0.0
145036,1,0.6991445390000001,53,0,0.240155297,5408.0,4,0,0,0,0.0
145037,0,0.014581492,46,0,0.46655328799999995,5291.0,21,0,3,0,2.0
145038,0,0.758697628,55,0,0.326138708,6300.0,10,0,0,0,0.0
145039,0,0.8024331309999999,39,1,0.071982004,4000.0,7,0,0,1,0.0
145040,0,0.153935892,52,0,1174.0,,1,0,0,0,3.0
145041,0,0.101610176,46,0,41.0,,2,0,0,0,0.0
145042,0,0.07084180400000001,67,0,0.307140336,8500.0,7,0,2,0,0.0
145043,1,0.06908456,28,0,0.517197248,6250.0,12,0,2,0,3.0
145047,0,0.0,34,0,0.16920769800000002,4000.0,6,0,0,0,1.0
145049,0,0.8318736640000001,38,0,0.447479675,6149.0,9,0,2,0,1.0
145050,0,0.23531358600000002,44,0,8053.0,,13,0,2,0,0.0
145051,0,0.026853869,45,0,0.947881515,8000.0,15,0,4,0,2.0
145052,0,0.29694562399999996,61,0,3464.0,,11,0,2,0,0.0
145053,0,0.072337347,74,0,50.0,,3,0,0,0,0.0
145054,0,0.136577643,64,0,0.253762873,11360.0,8,0,2,0,0.0
145055,0,0.9999998999999999,30,0,0.0,,2,0,0,0,
145056,0,0.133922895,34,0,0.081586946,6250.0,9,0,0,0,0.0
145059,0,0.01020566,58,0,0.246922067,16000.0,4,0,2,0,0.0
145060,0,0.45579645700000004,39,0,1496.0,,8,0,0,0,
145062,0,0.014819704,65,0,0.008312739,4450.0,6,0,0,0,1.0
145063,0,0.008774781,78,0,0.21565912899999998,6500.0,8,0,1,0,0.0
145065,0,0.061324163,55,0,0.250327342,8400.0,6,0,2,0,0.0
145066,0,0.0,58,0,0.0,,2,0,0,0,
145068,0,0.287881105,39,2,0.31861356399999996,6000.0,10,0,2,0,2.0
145069,0,0.006236976,89,0,0.144951683,3000.0,24,0,0,0,0.0
145070,0,0.0,53,0,3536.0,,4,0,2,0,0.0
145072,0,0.234110636,47,0,0.412180867,3250.0,7,0,1,0,0.0
145073,0,0.0,51,1,0.256242293,12975.0,7,0,1,0,2.0
145075,0,0.6759516320000001,72,0,0.814461753,4300.0,16,0,2,0,0.0
145077,0,0.053071368,44,0,0.45500999799999997,4500.0,6,0,2,0,3.0
145079,0,0.011373238,82,0,0.205655527,3500.0,11,0,0,0,0.0
145080,0,0.029734607000000003,59,0,0.08533594900000001,8155.0,6,0,1,0,0.0
145081,0,0.149286002,66,0,0.25554889,5000.0,28,0,1,0,0.0
145085,0,0.18078649300000002,47,0,0.8396641340000001,2500.0,6,0,1,0,3.0
145086,0,0.305709842,26,0,0.69783488,4202.0,11,0,3,0,3.0
145087,0,0.635867202,63,0,0.714837713,5175.0,10,0,2,0,0.0
145089,0,0.901171053,46,0,0.425439425,5290.0,8,0,0,0,4.0
145090,0,0.138305017,64,0,0.27821874,9700.0,11,0,2,0,0.0
145092,0,0.113378801,28,0,0.116162818,4200.0,8,0,0,0,0.0
145093,0,0.0,25,0,0.0,6000.0,5,0,0,0,0.0
145096,0,0.146115217,43,1,0.251892191,10833.0,8,0,2,0,3.0
145097,0,0.12515316699999998,49,1,0.762314803,7896.0,9,0,2,0,2.0
145099,0,0.000228558,68,0,0.0,,4,0,0,0,0.0
145100,0,0.04905091,35,0,0.753219337,4736.0,6,0,2,0,0.0
145101,0,1.011511634,62,0,1.6966551330000001,2600.0,11,0,1,0,0.0
145103,0,0.107930493,71,0,0.49377593399999997,3614.0,7,0,2,0,0.0
145104,0,0.05057914,43,0,2376.0,,6,0,1,0,3.0
145105,0,0.143305869,42,0,0.422381468,12000.0,10,0,3,0,1.0
145106,0,0.0,60,0,0.861982783,3600.0,7,0,1,0,1.0
145107,0,0.9999998999999999,56,0,0.192001632,4900.0,2,0,0,0,1.0
145108,0,0.064221471,51,0,2259.0,,14,0,1,0,0.0
145109,0,0.06258665,63,1,0.49505693100000003,14666.0,13,0,2,0,0.0
145110,0,0.00961964,63,2,1981.0,,21,0,0,0,2.0
145111,0,0.01571864,49,0,1797.0,,5,0,1,0,
145112,0,0.028440998999999998,89,0,0.003199573,7500.0,2,0,0,0,0.0
145113,0,0.9999998999999999,41,0,0.158531043,11000.0,3,0,1,0,2.0
145114,0,0.513103587,32,0,0.532580569,4250.0,10,0,1,0,1.0
145115,0,0.013842193999999999,89,0,0.007439405,4166.0,11,0,0,0,0.0
145116,0,0.179279524,53,0,0.02169783,10000.0,4,0,0,0,1.0
145118,0,0.010198,35,0,0.182007497,2400.0,5,0,1,0,0.0
145119,0,0.9999998999999999,28,0,106.0,,0,0,0,0,0.0
145120,0,0.0007713939999999999,58,0,2044.0,,8,0,1,0,0.0
145121,0,0.130848147,65,0,0.073074154,8333.0,19,0,0,0,0.0
145125,0,0.9999998999999999,51,0,2444.0,,7,0,2,0,0.0
145127,0,0.45867571,57,0,0.43101061399999996,4333.0,5,0,2,0,1.0
145128,0,0.059967082000000005,35,0,0.179925031,2400.0,8,0,0,0,0.0
145129,1,1.028277635,30,0,0.043920293,2458.0,1,0,0,1,0.0
145130,0,0.667444419,59,0,0.36263789399999996,20667.0,9,0,4,0,1.0
145133,0,0.372885697,45,0,0.977370381,3490.0,10,0,2,0,0.0
145134,0,0.265954637,58,0,2115.0,,8,0,2,0,
145135,0,0.9140505090000001,51,0,0.110643865,10700.0,5,0,0,0,5.0
145136,0,0.064615971,51,0,1.8457214240000002,1600.0,5,0,1,0,2.0
145138,0,0.5372545,51,0,0.135802469,9395.0,9,0,2,0,2.0
145139,0,0.167501854,38,0,0.47627838299999997,5416.0,12,0,1,0,2.0
145140,0,0.21518565399999998,75,0,0.023709558,4048.0,2,0,0,0,0.0
145141,0,0.006666173,53,0,0.001090513,1833.0,7,0,0,0,0.0
145143,0,0.13283130699999998,39,0,0.520158387,8333.0,7,0,2,0,0.0
145144,0,0.062330365,67,0,1555.0,,3,0,1,0,0.0
145145,0,0.123374089,61,0,57.0,,3,0,0,0,0.0
145146,0,0.073958195,61,0,0.375772485,16666.0,8,0,3,0,0.0
145147,0,0.19838692,31,0,0.141239174,1500.0,3,0,0,0,1.0
145150,1,0.0499002,30,1,0.17054412600000002,5200.0,6,1,0,0,3.0
145151,0,0.060858435999999995,47,0,0.249871992,9764.0,8,0,1,0,3.0
145152,0,0.9500166609999999,26,0,0.098633789,3000.0,5,1,0,0,0.0
145153,0,0.8433942529999999,49,0,0.530523474,6666.0,7,0,1,0,1.0
145154,0,0.9999998999999999,50,0,0.096832705,7166.0,1,0,0,0,0.0
145155,0,0.9999998999999999,55,0,0.00023073400000000002,4333.0,0,0,0,0,0.0
145156,0,0.0056125409999999995,76,0,47.0,,6,0,0,0,0.0
145157,1,1.0522641879999999,69,1,9687.0,,25,0,2,0,0.0
145158,0,0.766187891,56,0,0.6174810510000001,6200.0,17,0,1,0,1.0
145159,0,0.9999998999999999,46,0,0.0,,1,0,0,0,3.0
145160,0,0.593482211,60,0,0.686105112,8333.0,10,0,4,0,0.0
145161,0,0.441218939,57,0,0.659078878,5666.0,17,0,2,0,1.0
145163,0,0.9999998999999999,49,0,0.011815496000000002,4400.0,1,0,0,1,0.0
145164,0,0.09001978199999999,50,0,0.015373078,8000.0,2,0,0,0,3.0
145165,0,0.002437449,60,0,0.00048646,6166.0,9,0,0,0,1.0
145166,0,0.168883112,62,0,50.0,,2,0,0,0,0.0
145168,0,0.089142136,58,0,963.0,,4,0,1,0,0.0
145169,0,0.923131866,49,0,0.301224898,12000.0,8,0,1,0,5.0
145173,0,0.0,68,0,2.0,,3,0,0,0,0.0
145174,0,0.512349753,60,1,0.137360999,23470.0,7,0,1,0,3.0
145175,0,0.016507698,54,0,0.268827608,6200.0,13,0,2,0,3.0
145177,1,0.947815368,30,0,849.0,,4,2,0,1,0.0
145178,0,0.075784843,46,0,11.0,,1,0,0,0,
145179,0,0.079074903,55,0,0.13405909800000002,3214.0,7,0,0,0,0.0
145180,0,0.0,61,0,1655.0,,3,0,1,0,0.0
145181,0,0.02985629,74,0,0.00860872,3600.0,7,0,0,0,0.0
145183,0,0.047446559000000006,41,0,0.16001341800000002,2980.0,4,0,0,0,2.0
145184,1,0.886697983,50,0,0.590842167,6791.0,13,0,2,0,4.0
145185,0,0.0054249419999999994,65,0,0.13923433300000002,4100.0,17,0,0,0,1.0
145186,0,0.9999998999999999,72,0,435.0,,10,0,0,0,0.0
145187,0,0.20408916800000002,47,0,0.382057872,12060.0,6,0,2,0,3.0
145188,0,0.040356299,46,0,0.37160811200000005,3500.0,4,0,1,0,0.0
145189,0,0.075091764,58,0,0.057310084000000004,8200.0,4,0,0,0,1.0
145190,0,0.9999998999999999,38,1,0.10426089,4200.0,3,0,0,0,0.0
145191,0,0.04095825,54,0,0.539450355,2255.0,9,0,2,0,2.0
145192,0,0.9999998999999999,31,2,0.396620574,30300.0,13,1,4,0,0.0
145194,0,0.011423107,58,0,0.168232558,21499.0,13,0,2,0,2.0
145195,0,0.062052377,71,0,0.016074856000000002,4167.0,7,0,0,0,0.0
145196,0,0.064566307,59,0,3800.0,,9,0,5,0,0.0
145197,0,0.9999998999999999,50,0,0.148616221,6250.0,11,0,1,0,0.0
145198,0,0.0,59,0,2118.0,,7,0,2,0,1.0
145199,0,0.08054597299999999,41,0,1.6627553240000001,2300.0,5,0,1,0,2.0
145200,0,0.168558935,52,0,0.49478563200000003,6040.0,18,0,1,0,0.0
145201,0,0.01777325,74,0,34.0,,9,0,0,0,0.0
145202,0,0.27919009,56,0,0.6809976,9582.0,13,0,1,0,0.0
145203,0,0.314137173,45,0,0.556756757,1664.0,4,0,1,0,3.0
145205,0,0.053698292,35,0,0.180250553,6784.0,11,0,0,0,3.0
145206,0,0.642942468,68,0,2964.0,,4,0,1,0,2.0
145207,0,0.547821442,48,0,7934.0,,22,0,2,0,3.0
145209,0,0.019844275,82,0,0.009196812,3261.0,4,0,0,0,0.0
145210,1,0.00014084299999999998,34,0,0.150713849,18000.0,14,1,1,0,3.0
145211,0,0.9999998999999999,29,2,0.356211004,3525.0,2,1,1,1,3.0
145212,0,0.008221103,71,0,0.079592041,10000.0,13,1,1,0,1.0
145213,0,0.041549499,48,0,0.389816037,12882.0,8,0,2,0,2.0
145214,0,0.155979874,41,0,0.117176565,5000.0,4,0,0,0,1.0
145218,0,0.120100345,75,1,0.534766697,2185.0,7,0,1,0,0.0
145219,0,0.9999998999999999,56,1,0.015925059,2134.0,0,0,0,0,0.0
145220,0,0.225923192,54,1,0.25120120100000004,13319.0,5,0,2,0,1.0
145222,0,0.5421822270000001,36,0,0.604398743,3500.0,5,0,1,0,2.0
145223,0,0.751624972,47,0,0.500735465,12916.0,16,0,2,0,3.0
145224,0,0.151093876,80,0,938.0,,7,0,1,0,1.0
145227,0,0.001056094,43,0,0.258274232,1691.0,16,0,1,0,1.0
145228,0,0.0,23,0,0.0,898.0,1,0,0,0,0.0
145230,0,0.167597291,64,0,4491.0,,12,0,4,0,0.0
145231,0,0.154745208,30,0,0.90283176,1800.0,6,0,1,0,0.0
145233,0,0.12492187699999999,46,0,3333.0,,10,0,2,0,4.0
145235,0,0.087352815,47,0,0.38410265,6000.0,9,0,1,0,4.0
145236,0,0.871521413,46,2,0.467097225,5728.0,9,0,1,2,2.0
145237,0,0.017443685,36,0,35.0,,11,0,0,0,0.0
145238,0,0.226033208,38,0,0.19242243399999998,3351.0,5,0,0,0,3.0
145239,1,0.977617906,25,0,0.217854763,1500.0,7,2,0,2,0.0
145241,0,0.139291603,61,1,0.594110537,9100.0,22,0,2,0,0.0
145242,0,0.548729726,50,0,0.258760306,13583.0,6,0,2,0,4.0
145244,0,0.042847048,66,0,0.63327674,5300.0,14,0,2,0,0.0
145245,0,0.028488256,40,0,0.376597071,6417.0,14,0,1,0,1.0
145247,1,0.44584215,47,3,0.537244694,9987.0,14,0,2,0,2.0
145249,0,0.0,82,0,0.081105573,2206.0,6,0,0,0,0.0
145250,0,0.41615041799999997,25,0,0.7710109620000001,820.0,6,0,0,0,0.0
145252,0,0.149894568,51,0,0.6275742470000001,4612.0,14,0,2,0,1.0
145253,0,0.10852157300000001,59,0,0.39240506299999994,1816.0,9,0,0,0,0.0
145254,1,0.796038432,57,3,5076.0,,13,0,2,0,0.0
145255,0,0.9999998999999999,45,0,0.687607082,1750.0,5,0,1,0,2.0
145256,0,0.0026086620000000003,82,0,1848.0,,6,0,1,0,0.0
145257,0,0.017001173999999997,66,0,36.0,,7,0,0,0,0.0
145258,0,0.103718101,47,0,0.342743714,6800.0,15,0,1,0,2.0
145262,0,0.007859007,62,0,0.29,6499.0,9,0,2,0,1.0
145263,0,0.149652867,47,0,0.236496741,11200.0,9,0,2,0,0.0
145264,0,0.108049553,34,0,1865.0,,5,0,1,0,
145266,0,0.97770223,57,0,3228.0,,5,0,1,0,0.0
145271,0,0.012987985,65,0,0.00620877,5153.0,11,0,0,0,0.0
145272,0,0.696202532,36,1,0.110631335,22000.0,10,0,0,0,2.0
145274,0,0.147230231,38,0,0.746577048,8033.0,10,0,4,0,0.0
145277,0,0.19005857399999998,61,0,0.267111567,5843.0,16,1,1,0,0.0
145279,0,0.020353371000000002,77,0,0.214702824,12500.0,12,0,3,0,0.0
145280,0,0.000927509,68,0,0.41015522200000004,3800.0,13,0,2,0,0.0
145281,0,0.36715821,35,0,0.245626717,6916.0,7,0,1,0,0.0
145282,0,0.188032965,52,0,1.012204622,3850.0,14,0,2,0,1.0
145284,0,0.294960492,61,0,0.302491668,6300.0,14,0,1,0,1.0
145285,0,0.9999998999999999,25,0,0.294117647,254.0,3,1,0,0,1.0
145286,0,0.108554449,54,3,0.481497606,6890.0,29,0,5,0,0.0
145287,0,0.9999998999999999,84,0,0.330114135,2277.0,2,0,0,0,0.0
145288,0,0.0,84,0,0.0,1342.0,4,0,0,0,0.0
145289,0,0.550992936,63,0,12798.0,,23,0,5,0,0.0
145293,0,0.5468970710000001,56,0,1.292717753,2100.0,13,0,2,0,1.0
145294,0,0.207948016,44,0,0.142482975,9544.0,10,0,0,0,2.0
145295,0,0.928931493,41,1,336.0,,3,0,0,0,
145296,0,0.852729365,68,1,0.261415398,9000.0,7,0,0,0,0.0
145297,0,0.667633237,27,0,0.115361862,5070.0,4,0,0,0,2.0
145298,0,0.040585848,84,0,732.0,,5,0,1,0,
145299,0,0.9999998999999999,56,0,0.088119042,4300.0,2,0,0,0,0.0
145301,0,0.058798977,47,1,0.236373305,3760.0,11,0,1,0,1.0
145302,0,0.133773245,47,0,0.27024865,15000.0,9,0,2,0,1.0
145303,0,0.067664411,43,0,87.0,,2,0,0,0,
145304,0,0.013441541999999999,62,0,0.100816531,6000.0,7,0,0,0,0.0
145306,0,0.121842375,57,0,0.251514277,10400.0,10,0,2,0,2.0
145308,0,0.900166389,43,1,751.0,,3,0,0,0,0.0
145309,0,0.054765018,39,0,0.315265487,3615.0,7,0,1,0,2.0
145312,0,0.030701548999999998,44,0,0.363464209,7920.0,8,0,2,0,3.0
145313,0,0.076566085,63,0,0.642226296,6000.0,8,0,1,0,1.0
145315,0,0.245290958,42,0,0.430424972,5317.0,8,0,2,0,3.0
145316,0,0.9999998999999999,47,1,1528.0,0.0,4,0,1,0,0.0
145318,0,0.011997973,68,0,0.167642439,7002.0,17,0,1,0,0.0
145319,0,0.018737266000000002,49,0,0.335833208,6666.0,9,0,1,0,2.0
145320,0,0.710857429,30,0,0.29285357300000003,2000.0,4,0,0,0,0.0
145321,0,0.060630798,54,0,0.611064387,10700.0,10,0,4,0,1.0
145323,0,0.303105161,61,0,3251.0,,14,0,1,0,0.0
145325,0,0.0,62,1,0.159173893,8763.0,7,0,1,0,2.0
145330,0,0.410341602,65,0,0.37176231600000004,5906.0,5,0,1,0,0.0
145331,0,0.0,79,0,0.000158781,6297.0,8,0,0,0,0.0
145333,0,0.38170217100000003,54,0,3815.0,,12,0,1,0,0.0
145334,0,0.33700533899999996,35,1,0.514815707,4150.0,8,0,1,0,1.0
145335,0,0.902763889,28,2,0.6261996160000001,2083.0,8,0,0,1,0.0
145338,0,0.92691227,55,0,0.770030663,7500.0,11,0,2,0,0.0
145340,0,0.0,58,1,0.320797982,4360.0,6,0,1,0,1.0
145343,0,0.0808056,50,0,0.11481660000000002,22818.0,7,0,1,0,0.0
145346,0,0.536370903,76,0,0.45324768,1400.0,10,0,1,0,0.0
145347,0,0.015027158,47,0,0.118930188,19666.0,10,0,1,0,1.0
145348,0,0.006222123,59,0,1637.0,,5,0,1,0,2.0
145349,0,0.453769749,56,1,0.28722118399999996,9100.0,10,0,3,0,1.0
145350,0,0.281687368,54,0,0.55675546,8333.0,17,0,2,0,0.0
145352,0,0.323415395,34,2,0.481739708,6023.0,13,0,1,1,0.0
145353,0,0.9999998999999999,50,0,1246.0,,2,0,1,0,1.0
145354,0,0.149131326,51,0,0.268077045,9500.0,10,0,2,0,1.0
145355,0,0.9999998999999999,44,0,0.555582004,4200.0,6,0,2,0,0.0
145356,0,0.009349533,67,0,5.0,,1,0,0,0,
145359,0,0.241143882,42,0,0.32045547,2458.0,9,0,0,0,0.0
145360,0,0.0,51,0,2294.0,,5,0,1,0,0.0
145362,0,0.185626399,48,0,0.133311115,6000.0,7,0,0,0,2.0
145364,0,0.35458818,52,1,0.53685816,5900.0,6,0,2,0,0.0
145365,0,0.00302163,61,0,0.161854768,8000.0,14,0,1,0,1.0
145366,0,0.90518435,57,0,0.6318272970000001,8476.0,8,0,2,0,1.0
145367,0,0.668504939,55,0,0.12264303,6204.0,18,0,0,0,0.0
145369,0,0.903659895,58,1,0.821435713,5000.0,7,0,1,0,1.0
145370,0,0.238993068,67,0,0.18317619699999999,8166.0,8,0,1,0,2.0
145371,1,0.7196618490000001,35,0,0.354300136,5150.0,12,0,0,0,0.0
145372,0,0.005297011,65,0,0.180190002,6420.0,13,0,1,0,0.0
145373,0,0.258868621,37,0,0.402442997,6139.0,9,0,2,0,0.0
145374,0,0.595906711,24,0,0.043501755999999996,3700.0,4,0,0,1,0.0
145377,0,0.669931857,64,0,0.702276708,3996.0,20,0,1,0,0.0
145378,0,0.41789527200000004,36,1,0.798727851,2200.0,8,0,1,0,1.0
145379,0,0.060687030999999995,46,0,0.857591623,8594.0,16,0,1,0,2.0
145382,0,0.002705235,84,0,4.0,,7,0,0,0,0.0
145385,1,0.44990818200000005,29,1,0.262918796,1760.0,3,0,0,0,0.0
145386,0,0.525760311,58,1,0.443627716,9250.0,7,0,1,0,0.0
145389,0,0.021722811,74,0,2146.0,,11,0,1,0,0.0
145390,0,0.0054436369999999994,68,0,651.0,0.0,6,0,0,0,0.0
145391,0,0.588479635,61,0,0.638473535,10900.0,20,0,6,0,0.0
145394,0,0.004838554,56,0,0.15689893900000002,6500.0,7,0,1,0,1.0
145395,0,0.572092744,62,0,0.324189526,4811.0,12,0,1,0,0.0
145396,0,0.916925633,34,0,0.355819224,7500.0,6,0,1,0,4.0
145398,0,0.07087545599999999,51,0,0.323901882,8764.0,17,0,2,0,4.0
145400,0,0.517406283,73,0,0.7936064559999999,12887.0,18,0,4,0,0.0
145401,0,0.6525909000000001,50,3,0.236929186,3021.0,8,0,0,0,0.0
145402,1,0.9999998999999999,42,1,0.571473207,6400.0,4,0,2,0,2.0
145403,0,0.024799172999999997,51,0,0.188505347,11500.0,4,0,2,0,3.0
145404,0,0.12934994,58,0,0.248645946,12000.0,13,0,1,0,3.0
145406,0,0.05029385,55,0,0.21875977100000002,9594.0,12,0,2,0,2.0
145407,0,0.805539815,71,0,0.319925599,4300.0,4,0,0,0,0.0
145410,0,0.071709334,71,0,0.316742081,1325.0,14,0,0,0,0.0
145411,0,0.058335772,34,0,0.43024771799999995,2300.0,5,0,1,0,2.0
145413,0,0.37832732799999996,61,0,0.7368701679999999,3750.0,8,0,1,0,1.0
145415,0,0.245835236,54,1,0.471013445,6916.0,16,0,2,0,0.0
145416,0,0.542471145,36,0,0.422933034,5345.0,8,0,1,0,3.0
145418,0,0.0,78,0,0.0,3737.0,2,0,0,0,1.0
145420,0,0.008158065,34,0,0.075901328,8958.0,11,0,0,0,0.0
145423,0,0.242065843,71,0,0.296334942,23000.0,10,0,2,0,1.0
145424,0,0.155129408,60,0,0.553241126,6000.0,27,0,1,0,0.0
145425,0,0.136162073,64,0,0.397254141,6700.0,5,0,1,0,1.0
145426,0,0.000863044,41,0,0.253004312,10900.0,11,0,2,0,3.0
145427,0,0.04407135400000001,66,0,1211.0,,3,0,2,0,0.0
145430,1,0.876364287,49,0,0.42959427200000005,7122.0,7,0,0,0,0.0
145432,0,0.021239575,57,0,2113.0,,5,0,1,0,0.0
145433,0,0.0,55,0,0.275154983,10484.0,4,0,2,0,3.0
145435,0,0.354159194,58,0,0.256741743,9900.0,12,0,1,0,2.0
145436,0,0.028626201,60,0,0.126642544,5250.0,6,0,0,0,2.0
145438,0,0.019251736999999998,39,0,0.40194925200000003,5950.0,8,0,2,0,0.0
145439,0,0.307189542,25,0,0.11409858699999999,2900.0,5,0,0,1,0.0
145440,0,0.080627402,59,0,2428.0,,19,0,2,0,0.0
145442,0,0.414973689,78,0,301.0,,5,0,0,0,
145443,0,0.457165714,55,1,0.683105631,3000.0,18,0,0,0,0.0
145444,0,0.030564419,50,0,972.0,,5,0,1,0,
145446,0,0.11425397,60,0,1.167466575,5833.0,10,0,1,0,0.0
145447,0,0.9999998999999999,65,1,0.35889702700000004,2320.0,11,0,0,0,0.0
145449,0,0.094766315,51,0,0.214595135,3000.0,6,0,0,0,1.0
145450,0,0.723517779,34,0,0.193480652,10000.0,15,0,0,0,0.0
145451,1,0.36663336700000004,33,0,4240.0,,4,0,2,0,2.0
145452,0,0.045524652,56,0,0.588912887,12500.0,10,0,6,0,0.0
145455,0,0.0,71,0,0.0,10500.0,1,0,0,0,0.0
145457,0,0.9999998999999999,60,0,0.183788985,17666.0,6,0,2,0,0.0
145458,0,0.031799205,54,0,0.22528327,4500.0,3,0,1,0,0.0
145459,1,0.9999998999999999,48,0,0.030780922999999998,5262.0,1,3,0,0,0.0
145461,0,0.084084528,39,0,0.083569616,6700.0,5,0,1,0,3.0
145464,0,0.055399824,53,0,0.436912617,5000.0,6,0,1,0,1.0
145465,0,0.9999998999999999,28,0,0.16836961399999997,2250.0,1,0,0,1,0.0
145466,0,0.296224652,37,0,0.309417685,6954.0,9,0,1,0,4.0
145468,0,0.9999998999999999,81,0,0.0,,0,0,0,0,0.0
145470,0,0.199880215,78,0,0.64150293,2900.0,16,0,2,0,1.0
145471,0,0.11412941,30,1,0.24287856100000002,2000.0,5,0,0,1,0.0
145473,0,0.060572952,50,0,0.033859303,6083.0,13,0,0,0,0.0
145475,0,0.021493399,58,0,0.261459923,19000.0,13,0,2,0,0.0
145476,0,0.527259945,63,1,0.096703915,14228.0,6,0,0,0,2.0
145477,0,0.36656667299999995,39,0,0.413366931,8333.0,13,0,1,0,2.0
145478,0,0.15757137699999998,50,0,1698.0,,5,0,2,0,3.0
145480,0,0.299680591,42,0,0.432439939,7200.0,11,0,2,0,4.0
145481,0,0.02016568,52,0,0.168865816,13868.0,7,0,1,0,4.0
145482,0,0.16656744099999998,54,0,0.059629136,8250.0,12,0,0,0,1.0
145483,0,0.282581387,46,0,0.392418871,7333.0,22,0,3,0,3.0
145484,1,0.086589617,43,0,0.47110374200000005,4221.0,7,0,2,0,3.0
145486,1,1.7584830340000002,39,0,231.0,,12,3,0,1,0.0
145490,0,0.035609465,31,0,0.275181892,6184.0,5,0,1,0,0.0
145494,0,0.0,81,0,0.063444109,2978.0,2,0,1,0,0.0
145495,0,0.9999998999999999,52,1,0.509704741,8500.0,9,0,4,0,1.0
145496,0,0.241576132,59,0,0.38169908700000005,5037.0,9,0,1,0,1.0
145497,0,0.276980738,71,1,1771.0,,13,0,1,1,3.0
145498,0,0.162014574,59,0,0.227179873,9300.0,11,0,2,0,0.0
145499,0,0.233849588,41,0,0.273371877,9166.0,8,0,2,0,3.0
145500,0,0.43834148799999995,37,1,0.330395573,4878.0,6,1,1,1,2.0
145501,0,0.55744035,56,0,0.944459872,3600.0,12,0,1,0,2.0
145504,0,0.9285926870000001,54,0,2.3674440740000002,2100.0,18,0,2,1,2.0
145506,0,0.011939288999999999,64,0,43.0,,8,0,0,0,0.0
145507,0,0.018157364,56,0,0.462563875,4500.0,24,0,1,0,0.0
145508,0,0.17506686899999999,65,0,0.361835841,5250.0,13,0,2,0,0.0
145510,1,0.65813111,46,0,0.10297940400000001,5000.0,11,0,0,0,2.0
145511,0,0.60814601,61,3,0.154684096,17900.0,17,0,1,0,1.0
145512,0,0.9999998999999999,35,1,0.117576485,5000.0,5,2,0,1,0.0
145513,0,0.891777685,43,0,2.284779051,2443.0,10,7,2,0,2.0
145514,0,0.16039167599999998,50,0,534.0,,2,0,0,0,0.0
145515,0,0.321357285,21,0,0.000412925,9686.0,2,0,0,0,0.0
145517,0,0.101020438,61,0,0.144252027,5427.0,7,0,0,0,0.0
145518,0,0.13352877400000002,76,0,99.0,,2,0,0,0,
145519,0,0.070118889,77,0,686.0,,12,0,0,0,
145520,0,0.293011919,46,0,0.095226193,4000.0,8,0,0,0,0.0
145522,0,0.612093643,66,1,670.0,,8,0,0,0,0.0
145523,0,0.21014474600000002,46,0,0.211038108,7609.0,6,0,2,0,1.0
145524,0,0.061077557000000005,51,0,0.257876991,8600.0,8,0,2,0,3.0
145526,0,0.9999998999999999,23,0,0.0,800.0,0,0,0,0,0.0
145528,0,0.9999998999999999,76,0,219.0,,0,0,0,1,0.0
145529,0,0.5992004,33,0,0.037946429,3583.0,2,0,0,0,0.0
145530,0,0.0,66,0,0.25634873,5000.0,7,0,1,0,0.0
145533,0,0.25401695399999996,33,0,0.293594965,2700.0,6,0,0,0,0.0
145534,0,0.042586640999999995,61,0,0.19488888899999998,8999.0,12,0,2,0,2.0
145536,0,0.041656086,54,0,340.0,0.0,6,0,0,0,3.0
145538,0,0.720327967,74,0,0.18775691600000002,9000.0,3,0,1,1,2.0
145539,0,0.12461298800000001,75,0,1.8113509190000001,1250.0,16,0,2,0,0.0
145540,0,0.0,62,1,114.0,,7,0,0,0,1.0
145541,0,0.02499939,72,0,67.0,,4,0,0,0,0.0
145543,0,0.05306668,41,0,0.125115116,7600.0,6,0,0,0,4.0
145546,0,0.545963602,51,1,2203.0,,10,0,2,0,2.0
145547,0,0.09844734699999999,74,0,197.0,,5,0,0,0,0.0
145550,0,0.35340004399999997,61,1,0.46130773799999997,5000.0,10,0,0,0,2.0
145551,0,0.0,40,0,0.0,15000.0,2,0,0,0,2.0
145552,0,0.189587361,50,0,0.067932729,10583.0,9,0,1,0,0.0
145553,0,0.039606295,51,0,0.253418414,14260.0,10,0,2,0,3.0
145554,0,0.068941744,68,0,0.28595505600000004,1779.0,2,0,0,0,2.0
145558,0,0.084212865,58,0,0.28887977,12184.0,21,0,2,0,3.0
145559,0,0.096126255,84,0,0.026378897000000002,2501.0,2,0,0,0,0.0
145560,0,0.8683306940000001,63,0,0.671442852,3000.0,12,0,0,0,2.0
145563,0,0.8127128259999999,48,0,1.120606107,13000.0,9,0,4,0,1.0
145567,0,0.024835724,46,0,5.820598007,300.0,6,0,1,0,1.0
145568,0,0.006096578,73,0,0.002883229,2080.0,6,0,0,0,0.0
145569,0,0.30217841100000004,59,3,0.548851242,8617.0,18,0,3,2,1.0
145570,0,0.290905974,49,0,0.152373418,6319.0,10,0,0,0,1.0
145571,0,0.156986918,27,0,0.7516339870000001,764.0,4,1,0,0,0.0
145572,0,0.063194677,45,0,5870.0,0.0,7,0,2,0,0.0
145573,0,0.227316355,36,0,0.219531163,9000.0,6,0,1,0,2.0
145575,0,0.9999998999999999,30,0,0.173978253,8000.0,6,0,0,0,0.0
145578,0,0.602071064,39,0,0.42290748899999997,2950.0,5,0,1,1,0.0
145580,0,0.992031873,27,0,0.174613835,5955.0,5,0,0,0,2.0
145582,0,0.0,52,3,619.0,,5,2,1,1,0.0
145583,0,0.001227217,70,0,1633.0,,4,0,1,0,0.0
145586,0,0.07190790700000001,62,0,0.181205165,6969.0,8,0,1,0,0.0
145587,0,7452.0,52,0,0.351364864,10000.0,5,0,2,0,3.0
145588,0,0.046009447,59,0,0.35443556600000004,4880.0,12,0,2,0,1.0
145589,0,0.156605424,35,0,0.573053368,8000.0,9,0,2,0,3.0
145590,0,0.12299385,53,0,73.0,,2,0,0,0,0.0
145591,0,0.216543525,38,0,0.532697548,2201.0,13,0,0,0,0.0
145593,0,0.7674465109999999,35,0,0.113396173,3500.0,2,0,0,0,2.0
145594,1,0.138129187,40,0,0.45568173700000003,14000.0,16,0,3,0,0.0
145595,1,0.93521735,45,5,0.5486531060000001,5456.0,16,0,2,0,2.0
145596,0,0.9999998999999999,35,1,0.251704391,3666.0,4,0,1,0,0.0
145598,0,0.011899405,59,0,0.011899515,2268.0,6,0,0,0,0.0
145601,0,0.7645221740000001,23,0,0.28314337100000003,1666.0,5,0,1,0,0.0
145602,0,0.002380839,74,0,0.00022036099999999997,4537.0,6,0,0,0,0.0
145604,0,0.045825696,88,0,0.003331945,2400.0,1,0,0,0,0.0
145605,1,0.600498823,46,0,0.6562687460000001,5000.0,21,0,2,0,0.0
145607,0,0.088755885,61,0,0.236070947,10373.0,8,0,4,0,0.0
145609,0,0.322733863,42,0,1511.0,,9,0,1,0,0.0
145610,0,9.740000000000001e-05,77,0,0.0,7300.0,3,0,0,0,0.0
145611,0,0.31750943,62,0,0.7446546690000001,6500.0,20,0,1,0,0.0
145612,0,0.19320453,23,0,0.008602151,929.0,2,0,0,0,0.0
145613,0,0.579439539,39,0,0.66237783,8082.0,23,0,2,0,2.0
145614,0,0.021016727000000002,40,0,0.18240146699999998,12000.0,13,0,1,0,1.0
145615,0,0.051806251,71,0,0.013678019,7310.0,5,0,0,0,0.0
145616,0,0.0,67,0,0.025928793,7751.0,6,0,1,0,0.0
145618,0,0.203179682,55,0,0.252203857,7259.0,10,0,1,0,2.0
145620,0,0.0017086360000000001,90,0,1.0,,2,0,0,0,
145621,0,0.261959774,39,0,0.264183954,4000.0,8,0,1,0,2.0
145622,0,0.004251412,62,0,0.26209111,14948.0,14,0,1,0,2.0
145623,0,0.021338651,47,0,0.29615641,4500.0,8,0,0,0,0.0
145624,0,0.060100814,67,0,0.162924152,4007.0,7,0,0,0,0.0
145625,0,0.191078269,44,0,0.01689831,10000.0,2,0,0,0,3.0
145626,0,0.7612493379999999,63,0,0.47051152,6900.0,9,0,2,0,1.0
145629,0,0.00123589,52,0,0.7556987890000001,6360.0,15,0,3,0,0.0
145631,0,0.07848659200000001,63,0,554.0,,2,0,0,0,0.0
145633,0,0.5238302189999999,48,0,0.43616151700000005,6116.0,10,0,1,0,1.0
145634,0,1.22923588,34,0,11.0,,1,1,0,0,0.0
145636,1,0.9999998999999999,29,0,0.018177686999999998,4400.0,1,2,0,0,1.0
145638,0,0.10476082,48,0,0.424657534,10000.0,17,0,2,0,0.0
145639,0,0.10465277,34,1,1.002903039,5166.0,9,0,1,0,2.0
145641,0,0.9999998999999999,57,0,0.031236985,2400.0,1,0,0,0,0.0
145642,0,0.18922039899999998,67,0,0.509848313,8833.0,25,0,3,1,0.0
145644,0,0.082930734,68,0,0.488336868,3300.0,11,0,1,0,0.0
145645,0,0.264392215,69,0,0.19897084,1748.0,6,0,0,0,0.0
145646,0,0.024099197000000003,88,0,0.006151141999999999,3413.0,1,0,0,0,0.0
145648,0,0.02699183,62,0,0.191626744,4800.0,13,0,1,0,0.0
145649,0,0.034985402,50,1,1623.0,,35,0,2,1,0.0
145650,0,0.127717513,56,0,0.389902524,4000.0,5,0,1,0,2.0
145651,1,0.327483733,70,0,0.475074989,7000.0,10,0,2,0,0.0
145652,1,0.9999998999999999,42,0,0.383205598,3000.0,15,2,1,0,2.0
145653,0,0.608497589,45,0,0.492636675,4956.0,12,0,1,0,1.0
145654,1,0.662359637,41,0,1290.0,,5,0,0,0,0.0
145655,0,0.029005321,43,0,0.428413793,7249.0,13,0,2,0,4.0
145656,0,0.5662505489999999,54,0,0.238930056,11065.0,14,0,0,0,0.0
145658,0,0.001926266,52,0,0.29828029300000003,5058.0,9,0,1,0,0.0
145659,0,0.565085312,52,0,0.329301075,10415.0,13,0,1,0,0.0
145660,0,0.9999998999999999,27,1,0.207698075,4000.0,6,0,0,0,3.0
145661,0,0.646467095,36,2,0.058128079000000006,3044.0,2,0,0,0,1.0
145663,0,0.048018744,54,0,0.21350688899999998,11830.0,20,0,2,0,1.0
145664,0,0.179851275,54,0,0.251874928,26000.0,5,0,2,0,1.0
145667,0,0.0,59,0,0.246809366,9950.0,8,0,2,0,0.0
145668,0,0.8876293740000001,60,0,0.364933975,13100.0,18,0,1,0,0.0
145669,0,0.045070205999999995,41,0,0.334494774,6600.0,15,0,2,0,0.0
145670,0,0.988300585,26,0,625.0,,6,0,0,0,0.0
145672,0,0.8524902390000001,36,2,0.42132442299999995,6583.0,8,0,1,0,2.0
145673,0,0.997231195,46,3,0.324796848,4060.0,11,0,0,0,0.0
145674,0,0.9654678179999999,58,0,0.175564887,5000.0,6,0,0,0,0.0
145675,1,1.115128449,34,1,0.132099553,4700.0,4,0,0,0,1.0
145676,0,0.601446618,44,0,0.6775161590000001,4331.0,11,0,1,0,0.0
145679,0,0.043940299,59,1,0.18730835899999998,7500.0,8,0,1,0,0.0
145681,0,0.027785327000000002,65,1,4216.0,,20,0,1,0,0.0
145682,0,0.225247008,53,0,1.17860554,3140.0,11,0,2,0,0.0
145683,0,0.98655636,27,0,0.20889239699999998,3800.0,6,0,0,0,0.0
145684,0,0.36408547,73,0,2.562334218,1130.0,11,0,3,0,0.0
145685,0,0.217135102,65,0,182.0,,7,0,0,0,0.0
145686,0,0.352963921,30,0,0.5395919779999999,5783.0,7,0,2,0,0.0
145687,0,0.01639918,44,0,0.143723391,7750.0,3,0,1,0,0.0
145688,0,0.380213719,62,0,2944.0,0.0,13,0,2,0,0.0
145689,0,0.49677785700000004,40,0,0.080513559,8333.0,7,0,0,0,0.0
145690,0,0.085901693,47,2,0.575369852,2500.0,13,0,1,0,0.0
145691,0,0.45477261399999996,33,1,0.184724382,5786.0,5,0,1,0,2.0
145693,0,0.07013602599999999,47,0,0.247672253,12350.0,11,0,2,0,2.0
145694,0,0.273169583,63,0,1996.0,,9,0,2,0,2.0
145695,0,0.020780148000000002,72,0,1308.0,,20,0,2,0,0.0
145697,0,0.585130677,44,0,0.263397807,16233.0,22,0,3,0,1.0
145698,0,0.214749122,51,0,0.083983203,5000.0,7,0,0,0,0.0
145699,0,0.0,47,0,0.06843471799999999,5391.0,9,0,0,0,0.0
145700,0,0.138909413,55,0,0.443022791,2500.0,9,0,2,0,0.0
145702,0,0.009363211,63,0,0.49161230200000006,8583.0,11,0,4,0,1.0
145703,0,0.501327836,73,0,0.5458968120000001,7810.0,18,0,1,0,0.0
145705,0,0.001388865,77,0,915.0,,8,0,1,0,0.0
145706,0,0.022030087,52,0,0.401262215,4911.0,11,0,1,0,3.0
145707,0,0.805322667,48,4,0.69047619,7307.0,14,0,2,2,4.0
145708,0,0.5480225989999999,71,0,0.466186107,7629.0,8,0,1,0,0.0
145709,0,0.025749356,64,0,0.002856871,10500.0,1,0,0,0,0.0
145711,0,0.20579412,65,0,216.0,,3,0,0,0,0.0
145712,0,0.016666088,49,0,1.413549388,5800.0,13,0,8,0,4.0
145714,0,0.110199584,33,0,0.245877061,2000.0,7,0,0,0,0.0
145716,0,0.03211302,51,0,0.144365104,6441.0,6,0,1,0,0.0
145718,0,0.854836767,68,3,0.524298653,9053.0,5,0,2,1,0.0
145719,0,0.7153115320000001,45,0,0.163448965,13000.0,17,0,0,0,2.0
145722,0,0.10122667800000001,39,0,0.014492753999999998,2000.0,5,0,0,0,0.0
145723,0,0.118425691,41,0,0.307631786,5083.0,4,0,2,0,3.0
145724,0,0.996007984,23,0,0.0030541009999999996,4583.0,1,0,0,0,0.0
145725,0,0.054965045,68,0,0.277018086,6800.0,24,0,2,0,0.0
145726,0,0.246308188,79,0,0.309423968,9061.0,19,0,1,0,1.0
145727,0,0.057476396,67,1,0.003701745,20800.0,5,1,0,0,0.0
145728,0,0.041192438,54,0,0.310672332,4000.0,10,0,1,0,2.0
145729,0,0.615049114,46,0,0.411074571,11250.0,13,0,1,0,0.0
145731,0,0.9999998999999999,58,0,2296.0,,5,0,0,1,0.0
145732,1,0.9999998999999999,50,2,0.140821459,2385.0,1,0,0,0,2.0
145733,0,0.0,28,5,0.250583139,3000.0,8,0,0,0,0.0
145736,0,0.204258396,60,0,0.133186681,10000.0,4,0,1,0,0.0
145737,0,0.0,77,0,0.126548196,1856.0,2,0,0,0,1.0
145738,0,0.159748582,42,0,0.029384109,4253.0,4,0,0,0,3.0
145739,0,0.9999998999999999,52,2,0.577287066,5388.0,8,0,1,0,0.0
145740,0,0.5904805439999999,40,0,2.193011647,600.0,6,0,0,0,4.0
145743,0,0.199847744,47,1,0.42582365299999997,5250.0,11,0,1,0,1.0
145744,0,0.92118416,52,3,1334.0,,6,0,0,2,0.0
145745,0,0.135188621,39,0,0.492590609,5600.0,5,0,1,0,1.0
145746,0,0.21371116,62,0,0.264747332,14900.0,15,0,1,0,1.0
145747,0,0.475020961,46,0,1.018581523,3820.0,17,0,2,0,0.0
145749,0,0.8875087190000001,62,0,0.320487674,26000.0,19,0,2,0,0.0
145751,0,0.016093683,75,0,0.8044606809999999,5200.0,15,0,3,0,0.0
145752,0,0.888822236,59,0,0.324446814,3750.0,9,0,0,0,3.0
145753,0,0.0,33,0,0.37340664799999995,4000.0,7,0,1,0,0.0
145754,0,0.120823925,64,0,0.29595761,11700.0,13,0,2,0,1.0
145755,0,0.15552645699999998,74,0,354.0,,2,0,1,0,0.0
145756,1,0.469417446,47,0,0.582075986,5500.0,17,0,2,0,4.0
145757,0,0.9999998999999999,55,0,1229.0,,4,0,1,0,0.0
145758,0,0.000306112,49,0,0.651060625,7966.0,10,0,2,0,1.0
145759,0,0.268252773,65,0,0.364132081,3300.0,5,0,2,0,0.0
145761,1,0.9233135570000001,39,0,0.277674935,2700.0,4,0,0,1,1.0
145764,0,0.043308850999999995,28,0,37.0,,5,0,0,0,0.0
145766,0,0.36707265899999997,43,0,0.384903731,5868.0,9,0,1,0,0.0
145768,0,0.5979122170000001,36,1,0.5742804739999999,14175.0,12,1,5,0,0.0
145769,0,0.733013118,43,0,0.49393825799999996,8000.0,17,0,2,0,2.0
145771,0,0.116802635,57,0,1.231570179,2400.0,15,0,2,0,0.0
145774,0,0.24731676,37,0,0.64745085,3000.0,18,0,2,0,1.0
145775,0,0.085395711,60,0,6.053892216,500.0,10,0,2,0,0.0
145777,0,0.37756286299999997,40,0,0.41131351899999996,7300.0,12,0,2,0,3.0
145778,0,0.19359868100000002,40,0,0.218363589,3800.0,11,0,0,0,1.0
145779,1,0.101123596,21,0,0.001458789,1370.0,2,0,0,0,0.0
145780,0,0.001474709,77,0,698.0,,13,0,1,0,0.0
145781,1,0.9999998999999999,52,0,0.0,3200.0,0,0,0,0,2.0
145782,0,0.567101788,47,0,3891.0,,14,0,2,0,0.0
145783,0,0.27623779,56,0,0.5500305329999999,11462.0,10,0,3,0,0.0
145784,0,0.406492928,52,0,0.159400348,13807.0,12,0,1,0,0.0
145786,0,0.0,48,1,1.375205524,3040.0,17,0,1,0,1.0
145787,0,0.027510593,79,0,110.0,,6,0,1,0,
145788,1,1.0122501609999999,39,0,0.402711864,1474.0,10,0,0,0,0.0
145789,0,0.11991719099999999,32,0,0.38075618,4125.0,9,0,1,0,3.0
145790,0,0.9999998999999999,44,0,0.151701596,5200.0,4,0,0,0,2.0
145791,0,0.077158235,44,2,0.294228695,3707.0,9,0,1,0,2.0
145792,0,0.978455525,69,0,0.211961462,5500.0,3,0,0,0,0.0
145795,0,0.153709804,64,0,0.40086001,6278.0,16,0,2,0,1.0
145796,0,0.076073568,56,0,0.144308723,9250.0,5,0,1,0,2.0
145798,0,0.8391071840000001,26,1,0.298350825,2000.0,3,0,0,0,0.0
145799,0,0.0,33,0,209.0,,5,0,0,0,
145800,0,0.20674983800000002,39,0,3304.0,,7,0,1,0,0.0
145801,0,0.9999998999999999,45,0,0.045489255,9166.0,9,0,0,0,1.0
145802,0,0.018038323000000002,51,0,0.203967365,6250.0,23,0,2,0,0.0
145803,0,0.263007965,56,0,0.33323212399999996,6586.0,13,0,1,0,0.0
145804,0,0.062275007,59,0,2244.0,0.0,10,0,2,0,0.0
145805,0,0.0,54,0,1.115964639,1922.0,6,0,1,0,0.0
145806,0,0.294904772,64,2,0.373125375,5000.0,11,0,1,0,1.0
145807,0,0.6970302970000001,63,1,0.30845168,5773.0,7,0,1,0,0.0
145809,1,0.647252767,38,1,0.45508788899999997,6200.0,13,0,1,0,0.0
145810,0,0.600025395,53,1,0.45674386899999997,2935.0,8,0,1,0,1.0
145811,0,0.0,33,2,0.09107435,5500.0,7,0,0,0,0.0
145812,0,0.9999998999999999,37,0,0.20896147399999998,2387.0,2,0,0,0,0.0
145813,0,0.050312168,41,0,0.11740367199999999,11600.0,4,0,1,0,3.0
145814,0,0.012314493000000001,80,0,0.002997003,1000.0,2,0,0,0,1.0
145815,0,0.0,59,0,0.221489585,6672.0,9,0,1,0,1.0
145816,0,0.025682614,67,0,2441.0,,9,0,1,0,0.0
145817,0,0.0,28,1,0.081024202,2850.0,4,0,0,0,0.0
145818,0,0.134711898,54,1,0.285340909,8799.0,10,1,2,0,2.0
145819,0,0.018357683,63,0,0.220404168,14300.0,14,0,2,0,0.0
145820,0,0.09220718300000001,33,0,241.0,,10,0,0,0,0.0
145824,0,0.170986658,54,0,0.252921319,11552.0,11,0,2,0,0.0
145826,0,0.14843898,49,1,1548.0,,7,0,1,0,4.0
145827,0,0.040472044,43,0,2590.0,,8,0,1,0,0.0
145830,0,0.0,62,1,0.588620251,5500.0,10,0,1,0,0.0
145831,0,0.30071980800000003,30,0,443.0,,5,0,0,0,0.0
145832,0,0.00044409699999999996,75,0,0.513885803,4500.0,16,0,2,0,1.0
145833,0,1.021965413,28,0,0.7970447629999999,2300.0,6,0,1,0,1.0
145835,0,0.510658322,60,0,0.28038746,9600.0,6,0,2,0,1.0
145836,0,0.06359865099999999,63,0,0.21739130399999998,2000.0,9,0,0,0,1.0
145837,0,0.649171984,71,0,0.37350973,13000.0,13,0,3,0,0.0
145839,0,0.037498947000000005,47,0,0.03074558,1300.0,11,0,0,0,0.0
145840,1,0.9999998999999999,46,2,0.373608431,6736.0,3,0,1,0,0.0
145842,0,0.063387323,72,0,0.0037484379999999998,2400.0,3,0,0,0,0.0
145843,0,0.042947697,32,0,0.060983607,4574.0,7,0,0,0,0.0
145844,0,0.033209944,67,0,56.0,,4,0,0,0,1.0
145845,0,0.321368229,42,0,0.39186572,4646.0,5,0,1,0,2.0
145847,1,0.296279797,57,0,0.356989027,9750.0,18,0,4,0,3.0
145848,0,0.25759003,47,0,0.314984709,4250.0,5,0,2,0,3.0
145849,0,0.001102729,73,0,0.001498501,2001.0,7,0,0,0,0.0
145851,0,0.161924381,38,0,0.838046272,3500.0,7,0,1,0,0.0
145852,0,0.00604057,49,0,0.42293807299999997,3600.0,6,0,1,0,1.0
145853,0,0.036222418,56,0,0.05891805,5600.0,4,0,0,0,1.0
145854,0,0.107621631,49,0,0.37475345200000004,6083.0,14,0,2,0,0.0
145855,0,0.097708432,41,0,0.316273675,50000.0,12,0,7,0,2.0
145857,0,0.032827454,80,0,0.383087112,3925.0,7,0,1,0,0.0
145858,0,0.0,38,0,0.309069093,10000.0,7,0,2,0,0.0
145859,1,1.016983017,57,1,0.155837004,1815.0,3,0,0,0,0.0
145861,0,0.570147662,47,0,2.137544982,2500.0,4,0,1,0,1.0
145863,0,0.803649114,41,1,0.5634060989999999,6000.0,6,0,2,0,1.0
145865,0,0.879738206,45,0,0.312068399,6081.0,5,0,0,0,2.0
145868,0,0.9999998999999999,62,0,0.211778822,10000.0,3,0,1,0,0.0
145870,0,0.0,71,0,5359.0,,7,0,3,0,
145872,0,0.8577325459999999,41,0,0.408718256,5000.0,10,0,1,0,3.0
145873,0,0.0075586559999999995,62,0,0.349191784,14166.0,12,0,1,0,0.0
145874,0,0.767891177,39,2,0.322447048,8450.0,13,0,2,0,1.0
145875,0,0.300210119,45,0,2600.0,,14,0,1,0,0.0
145876,0,0.8683914509999999,40,0,2022.0,,4,0,1,0,
145877,1,0.5378015,50,5,0.113596746,3441.0,8,1,0,1,1.0
145879,0,0.9999998999999999,81,0,32.0,,2,0,0,0,0.0
145880,0,0.063459041,56,0,1488.0,,12,0,1,0,0.0
145885,0,0.315179742,40,0,0.071100578,6750.0,15,0,0,0,0.0
145886,0,0.019259615,63,0,0.774689642,5396.0,6,0,2,0,0.0
145887,0,0.029569658,53,1,0.105787395,5822.0,13,0,0,0,1.0
145888,0,0.357865382,79,0,0.479187817,10834.0,12,0,2,0,0.0
145889,1,1.20199778,47,0,70.0,,3,0,0,0,0.0
145890,0,0.301324655,49,1,0.201248545,9450.0,12,0,0,0,3.0
145892,0,0.020984437999999998,68,0,0.649189069,4500.0,6,0,1,0,0.0
145894,0,0.0,92,0,0.0,,5,0,0,0,0.0
145895,0,0.487773279,50,0,0.343102216,4196.0,16,0,1,0,1.0
145896,0,0.034993078999999996,74,0,0.020398368,4166.0,10,0,0,0,0.0
145897,0,0.028693047000000003,40,0,1558.0,,6,0,2,0,0.0
145898,0,0.041340743,37,0,0.23322332199999998,1817.0,6,0,0,0,0.0
145900,1,0.740518962,40,1,0.153105255,12977.0,5,0,1,0,0.0
145901,0,0.021529695,53,0,1313.0,,15,0,1,0,0.0
145903,0,0.006243075,65,0,0.200265716,14300.0,5,0,1,0,0.0
145905,0,0.7257097159999999,63,0,0.012029405,4488.0,2,1,0,0,0.0
145906,0,0.98296624,61,0,0.43742648799999995,8501.0,8,0,2,0,1.0
145907,0,0.008686923000000001,46,0,0.257551837,9500.0,8,0,2,0,4.0
145909,0,0.278832052,56,0,0.038297006,4908.0,3,0,0,0,0.0
145911,0,0.24071589300000001,60,0,0.400098345,6100.0,11,0,1,0,0.0
145912,0,0.488151185,73,0,0.141038305,18221.0,6,0,2,0,0.0
145913,0,0.005841295,46,1,0.247597078,2600.0,8,1,0,0,2.0
145914,0,0.582402335,51,0,0.32838358100000004,20000.0,22,0,2,0,4.0
145915,0,0.6123014379999999,57,0,0.364467849,10823.0,9,0,3,0,0.0
145917,0,0.003545999,43,0,0.113953132,6528.0,10,0,0,0,2.0
145918,0,0.006462600000000001,76,0,0.001080789,3700.0,4,0,0,0,0.0
145920,0,0.9860679659999999,50,0,1.259100642,1400.0,6,0,1,0,3.0
145922,0,0.726855664,39,0,0.5216,5624.0,7,0,2,0,1.0
145923,0,1.02972457,44,0,0.5698100629999999,3000.0,5,0,0,0,1.0
145927,0,0.37764114200000004,52,0,4387.0,,11,0,2,0,0.0
145929,0,0.092895355,61,0,0.0568438,6209.0,4,0,0,0,0.0
145930,0,1.973421927,51,0,0.015210778000000001,2300.0,1,1,0,1,0.0
145932,0,0.008223414,63,0,1967.0,,6,0,2,1,0.0
145933,0,0.0014814539999999999,63,0,0.066356535,11392.0,5,0,0,0,0.0
145934,0,0.6996310920000001,43,0,0.158736772,12000.0,25,0,0,3,0.0
145935,0,0.274786156,57,0,0.069725711,3900.0,8,0,0,0,2.0
145938,0,0.070572099,47,0,2130.0,,4,0,1,0,0.0
145939,0,0.34415273700000004,54,0,2.711741185,2750.0,24,0,3,0,0.0
145940,0,0.9999998999999999,25,0,0.145427286,2000.0,2,0,0,0,0.0
145941,0,0.014507638,68,0,0.0066655559999999996,6000.0,10,0,0,0,1.0
145942,0,0.06199690000000001,64,0,0.276233623,8166.0,6,0,1,0,0.0
145943,1,1.026993252,53,3,0.26576734399999996,5707.0,21,1,0,1,1.0
145944,0,0.048112910999999994,62,0,0.145606799,8000.0,6,0,1,0,0.0
145945,0,0.012682196000000001,41,0,0.12062154300000001,7593.0,8,0,1,0,0.0
145946,0,0.39366162299999996,50,0,0.226617913,22698.0,8,0,3,0,4.0
145948,0,0.0,71,0,2430.0,,6,0,2,0,0.0
145949,0,0.114942117,86,0,0.014997857,7000.0,6,0,0,0,0.0
145951,0,0.279308828,46,0,0.5992670489999999,6275.0,7,0,2,0,2.0
145952,1,1.016709427,72,0,0.862091939,1500.0,3,0,0,0,0.0
145955,0,0.285902962,40,0,0.417930345,6000.0,17,0,1,0,0.0
145956,0,0.27155351899999997,28,0,0.21803093199999998,2650.0,2,0,0,0,0.0
145958,0,0.008586695,81,0,0.20601993100000002,4916.0,14,0,1,0,0.0
145961,0,0.043037937000000005,62,0,0.378848243,2760.0,14,0,1,0,0.0
145963,0,0.76832371,57,0,7518.0,,15,0,3,0,1.0
145965,0,0.16807234199999999,38,0,0.44538865299999997,4000.0,5,0,1,0,2.0
145966,0,0.676345706,59,1,1659.0,,5,0,0,0,1.0
145967,0,0.710255069,44,0,0.463768116,8900.0,7,0,2,0,4.0
145968,0,0.03447066,41,0,0.245433942,7500.0,2,0,1,0,4.0
145970,0,0.06649335099999999,69,0,0.0042212840000000005,4500.0,1,0,0,0,0.0
145973,0,0.0,36,0,0.48432993700000004,5200.0,5,0,1,0,1.0
145976,0,0.061481747999999996,56,0,0.197985986,28400.0,7,0,2,0,2.0
145978,0,0.026965767999999998,46,0,0.7004331890000001,3000.0,9,0,1,0,2.0
145979,0,0.00467194,36,3,0.08485456400000001,4984.0,12,0,0,0,0.0
145981,0,0.14325183,57,0,0.33258928600000004,5375.0,24,0,2,0,0.0
145982,0,0.318813183,42,0,1.595680864,5000.0,9,0,4,0,0.0
145983,0,0.0007347710000000001,63,0,1885.0,,15,0,2,0,0.0
145985,0,0.701828578,43,1,0.787121435,3400.0,7,0,3,0,4.0
145986,0,0.02673936,64,0,571.5,1.0,7,0,1,0,0.0
145987,0,0.0,55,0,0.626925991,3958.0,4,0,2,0,1.0
145988,1,1.572459745,31,2,518.0,,8,3,0,1,0.0
145989,0,0.027938183,38,0,66.0,,9,0,0,2,0.0
145991,0,0.154687564,32,0,0.029081097,6670.0,5,0,0,0,0.0
145993,0,0.01169412,60,0,15.0,,5,0,0,0,1.0
145994,0,0.309283634,64,0,2262.0,,10,0,1,0,
145996,0,0.9999998999999999,55,0,0.0,,1,0,0,0,4.0
145997,0,0.13665833300000002,57,0,0.6204035139999999,6145.0,9,0,2,0,0.0
145999,0,0.05746317,47,0,0.280371963,10000.0,12,0,2,0,0.0
146001,0,0.8164802640000001,39,0,0.784897685,10408.0,22,0,5,0,0.0
146002,0,0.266764431,60,0,1294.0,,3,0,1,0,0.0
146004,0,0.09487834699999999,48,0,0.9300233259999999,3000.0,11,0,2,0,3.0
146005,0,0.641080721,62,0,0.8167974159999999,4333.0,8,0,1,0,0.0
146008,0,0.014661077,34,0,0.065315916,3750.0,6,0,0,0,0.0
146009,0,0.13147594599999998,55,0,0.8764721990000001,3650.0,15,0,1,0,1.0
146010,0,0.08632535599999999,44,1,0.372579975,12034.0,10,0,2,0,2.0
146011,0,0.912924362,65,0,0.83368846,8916.0,10,0,5,0,0.0
146012,0,0.06388870599999999,56,0,2989.0,,4,0,1,0,
146013,0,0.495252374,36,0,702.0,,5,0,0,1,0.0
146014,0,0.11981507,56,0,0.250441956,8484.0,15,0,1,0,2.0
146015,0,0.9999998999999999,30,0,0.0,1200.0,1,0,0,1,0.0
146017,0,0.295036745,52,1,0.295940812,5000.0,6,0,1,0,0.0
146019,0,0.615369232,55,3,6164.0,0.0,9,0,3,0,0.0
146021,0,0.36329232100000003,48,0,0.879424115,3333.0,17,0,1,0,1.0
146022,0,0.9999998999999999,61,1,0.0,3888.0,0,0,0,0,2.0
146027,0,0.0,64,0,0.416446091,11333.0,14,0,2,0,1.0
146028,0,0.08091538,35,0,0.266312228,60000.0,10,0,5,0,3.0
146032,0,0.941009408,56,2,0.22320841600000002,6083.0,8,0,0,0,3.0
146034,0,0.01577375,58,0,0.193471682,4625.0,12,0,0,0,0.0
146035,0,0.038448472000000004,52,0,0.530426398,9333.0,10,0,3,0,3.0
146036,0,0.9999998999999999,27,0,0.20967741899999998,1239.0,4,0,0,0,0.0
146037,0,0.095735816,47,0,0.02009117,5922.0,2,0,0,0,0.0
146038,0,0.035809772000000004,67,0,0.011354008,5900.0,10,0,0,0,0.0
146039,0,0.9724513770000001,66,1,0.9584360690000001,2838.0,6,0,2,0,1.0
146040,0,0.752024798,72,0,0.069018405,3259.0,1,0,0,0,0.0
146041,0,0.017674982,40,0,0.19930675899999997,7500.0,12,0,1,0,0.0
146042,0,0.010142495,95,0,8.0,,2,0,0,0,0.0
146043,0,0.28006666,44,0,0.046817464,1900.0,2,0,0,0,1.0
146045,0,0.007897978,45,0,0.207583393,8333.0,6,0,1,0,0.0
146046,0,0.973810355,42,0,0.314965765,9200.0,8,1,1,0,3.0
146047,0,0.051312095,59,0,0.029044853,10500.0,5,0,0,0,2.0
146048,0,0.0,30,0,0.07045069999999999,6500.0,5,0,0,0,0.0
146049,0,0.249360475,53,0,0.29907788,9000.0,9,0,2,0,2.0
146051,0,0.06661075400000001,59,0,1755.0,,5,0,1,0,0.0
146053,0,2.245847176,44,0,0.304132885,5056.0,3,2,0,1,2.0
146054,0,0.543723776,61,0,0.236619949,12200.0,16,0,1,0,3.0
146056,0,0.9999998999999999,39,0,719.0,,5,0,0,0,0.0
146058,0,0.9999998999999999,45,0,21.0,,0,1,0,0,0.0
146059,0,0.030362832000000003,55,0,1557.0,,6,0,1,0,1.0
146060,0,0.070643597,56,0,0.29496539899999996,15750.0,9,0,2,0,1.0
146061,0,0.327429263,55,0,0.48011883,4375.0,9,0,1,0,1.0
146063,0,0.011344436000000001,51,0,0.5247669770000001,7509.0,9,0,1,0,2.0
146064,0,0.025638504,65,0,0.004338804,5300.0,3,0,0,0,2.0
146066,0,0.252037398,35,0,0.088200935,1711.0,2,0,0,0,0.0
146067,0,0.9999998999999999,31,0,0.0,,0,0,0,0,0.0
146069,0,0.002999,23,0,0.0,1500.0,4,0,0,0,0.0
146070,0,0.001648604,57,0,1180.0,,10,0,1,0,0.0
146071,0,0.029161806000000002,60,0,364.0,,5,0,0,0,0.0
146072,0,0.530161388,33,0,0.476556495,1300.0,9,0,1,0,0.0
146074,0,0.9999998999999999,27,0,0.152591171,3125.0,1,0,0,0,3.0
146075,0,0.0,67,1,0.39103669,4060.0,5,0,1,0,0.0
146076,0,0.043102995,43,0,2810.0,,6,0,1,0,0.0
146078,0,0.0,64,0,1254.0,1.0,10,0,1,0,0.0
146081,0,0.0,27,0,0.013388976,5750.0,3,0,0,0,1.0
146083,0,0.097008361,72,0,0.539416903,9500.0,13,0,3,0,0.0
146084,1,0.9993007970000001,56,4,0.173376275,3725.0,7,1,0,4,0.0
146085,0,0.0070922680000000005,63,1,0.108786196,10083.0,15,1,2,1,0.0
146086,0,0.005848781,72,0,0.004998334,3000.0,8,0,0,0,0.0
146087,1,0.8306325609999999,43,1,0.8354315179999999,6592.0,20,0,1,0,0.0
146088,0,1.0,74,0,1085.0,,5,0,1,0,0.0
146090,0,0.954941591,49,0,0.8256726459999999,3567.0,18,0,1,0,0.0
146091,0,0.9999998999999999,60,0,0.002011596,8450.0,0,0,0,0,1.0
146094,0,0.087479742,46,0,2259.0,,3,0,1,0,0.0
146095,0,0.31149667600000003,49,0,0.9653141359999999,4583.0,8,0,2,0,2.0
146096,0,0.0,77,0,0.0,3523.0,3,0,0,0,0.0
146097,0,0.174540788,65,0,0.613486492,4700.0,8,0,2,0,0.0
146099,0,0.005030692,90,0,0.001124859,8000.0,4,0,0,0,0.0
146100,0,0.9999998999999999,34,0,43.0,,0,2,0,0,0.0
146103,0,0.091492072,68,0,0.179419157,7161.0,6,0,2,0,0.0
146104,0,0.04585685,48,0,5786.0,,18,0,1,0,0.0
146105,0,0.248092494,51,1,0.5244916820000001,6491.0,8,0,1,0,6.0
146106,0,0.0,62,0,0.015462868999999999,58979.0,2,0,1,0,1.0
146107,1,0.503856041,64,0,1.206393329,2877.0,11,10,1,2,0.0
146109,0,0.318037332,64,0,2.2365089940000002,1500.0,19,0,1,0,0.0
146111,0,0.26879328,49,0,0.397433761,6000.0,12,0,1,0,2.0
146112,0,0.115088491,38,0,0.132373525,5000.0,5,0,0,0,0.0
146113,0,0.159106619,43,0,0.328207593,2080.0,7,0,0,0,0.0
146114,0,0.0,48,1,0.560394784,11043.0,7,0,3,0,3.0
146115,0,0.0386231,82,0,0.012847966,2334.0,5,0,0,0,0.0
146116,0,0.311091009,45,0,3382.0,,16,0,2,0,
146119,0,0.089991001,29,0,1038.0,,6,0,0,0,3.0
146120,0,0.439209788,56,1,0.426906623,13557.0,14,0,2,0,3.0
146121,0,0.019910226,43,0,0.083144025,2200.0,3,0,0,0,0.0
146123,0,0.005255048000000001,56,0,0.263122813,6000.0,14,0,1,0,0.0
146124,0,1.003951623,41,1,0.197740113,2300.0,4,0,0,0,2.0
146129,0,0.489173399,47,3,0.414643916,12482.0,9,0,2,1,1.0
146130,0,0.0,68,0,0.270173768,4200.0,15,1,1,0,0.0
146131,0,0.11596134599999999,31,0,0.040304665,3150.0,4,0,0,0,0.0
146133,0,0.000649984,53,0,0.211466165,5319.0,6,0,1,0,1.0
146134,0,0.92374874,40,3,3122.0,0.0,6,1,2,2,2.0
146135,0,0.014964763999999998,53,0,0.185283924,3750.0,11,0,1,0,0.0
146136,0,0.01293867,57,0,0.43021103299999996,2700.0,16,0,1,0,2.0
146137,0,0.040772878,39,0,0.374454302,7100.0,11,0,1,0,4.0
146138,0,0.060743255999999995,54,0,0.502797762,1250.0,10,0,1,0,0.0
146142,1,0.943599385,54,1,0.064370412,7083.0,11,0,0,0,0.0
146143,0,0.495615298,60,1,0.026269459,21583.0,3,0,0,0,1.0
146144,0,0.018619224,59,0,0.004614911,9750.0,4,0,0,0,0.0
146146,0,0.57216798,33,0,0.579747936,2300.0,4,0,1,0,0.0
146148,0,0.011440882,77,0,1161.0,,8,0,1,0,1.0
146149,0,0.314037079,45,0,1731.0,,11,0,1,0,0.0
146150,1,1.0014514959999998,53,6,0.604779096,5816.0,9,0,1,1,0.0
146151,1,0.9780073309999999,37,1,0.373320837,3200.0,8,1,0,0,0.0
146152,0,0.34970210799999996,53,0,0.239277341,7250.0,9,0,1,0,0.0
146153,0,0.270725225,55,1,0.017403315,3619.0,3,0,0,0,0.0
146154,0,0.9999998999999999,51,2,939.0,,6,0,0,0,0.0
146156,0,0.5912290929999999,51,1,0.308772765,8400.0,12,0,1,0,1.0
146157,0,0.304969188,61,0,0.668055324,6000.0,12,0,1,0,0.0
146158,1,0.355289421,56,3,0.612967724,3500.0,5,0,2,1,0.0
146159,0,0.090617166,53,0,2251.0,,5,0,1,0,2.0
146160,1,0.397758255,43,0,0.286392405,631.0,13,0,0,0,0.0
146162,0,0.005092887,65,0,1777.0,,22,0,2,0,0.0
146163,0,0.058770728,83,0,0.26949844,4166.0,11,0,1,0,0.0
146164,0,0.125836354,77,0,0.8911956940000001,2600.0,7,0,2,0,0.0
146166,0,1.052552636,40,0,1.033542405,3666.0,4,0,1,0,2.0
146167,0,0.113481086,88,0,0.005554013000000001,3600.0,2,0,0,0,1.0
146168,0,0.00579971,72,0,29.0,,1,0,0,0,0.0
146169,0,0.042186620999999994,70,0,1102.0,,10,0,1,0,0.0
146170,0,0.008599809,83,0,11.0,,3,0,0,0,0.0
146171,0,0.003653025,46,0,92.0,,8,0,0,0,
146173,1,0.070083712,58,0,0.203856006,7416.0,3,0,1,0,0.0
146174,0,0.085044619,39,0,0.30591852399999997,1300.0,3,0,0,0,0.0
146175,0,0.9999998999999999,68,0,1049.0,,2,0,1,0,0.0
146176,1,0.9999998999999999,30,1,0.042263122,4400.0,3,1,0,0,1.0
146178,0,0.075979182,65,0,0.8596279290000001,4138.0,9,0,1,0,0.0
146179,0,0.291929021,47,0,0.44900295799999995,10480.0,15,0,2,0,0.0
146180,0,0.20860468699999998,69,0,2011.0,,5,0,1,0,0.0
146181,0,0.024591203,57,0,2489.0,,8,0,1,0,0.0
146183,0,0.0,56,0,2097.0,,12,0,1,0,0.0
146184,0,0.11379898199999999,50,0,0.446732532,8400.0,14,0,2,0,2.0
146188,0,0.045531197,46,0,1.320543565,1250.0,7,0,2,0,1.0
146189,0,0.019738528999999998,80,0,0.098550725,2069.0,5,0,0,0,0.0
146192,0,0.218458713,57,0,0.326673327,1000.0,14,0,0,0,0.0
146195,0,0.225326311,39,0,0.060936562,9993.0,3,0,0,0,3.0
146196,0,0.351232438,34,0,0.5873650539999999,2500.0,6,0,1,0,0.0
146197,0,0.134456407,50,0,2066.0,,7,0,1,0,0.0
146198,0,0.079837705,40,0,0.5849164410000001,7000.0,10,0,2,0,2.0
146199,0,0.623289944,52,0,0.336754066,19488.0,14,0,3,0,1.0
146200,0,0.9008854609999999,48,0,0.109188774,2600.0,8,0,0,0,0.0
146201,1,0.18419800100000003,35,1,977.0,0.0,4,0,1,0,2.0
146204,0,0.076537813,57,0,1918.0,,13,0,1,0,1.0
146205,0,0.9411859579999999,52,0,1.231449443,2600.0,9,0,1,0,0.0
146206,0,0.06335160599999999,52,0,0.266107588,14666.0,15,0,1,0,5.0
146207,0,0.139675167,56,0,0.8936430320000001,1635.0,12,0,0,0,0.0
146209,0,0.07451091,44,0,0.330065912,5916.0,10,0,1,0,1.0
146210,0,0.9440355509999999,53,0,0.116678429,4250.0,5,0,0,0,1.0
146212,0,0.236323851,45,0,0.144642768,20000.0,7,0,1,0,4.0
146214,0,0.676082582,43,0,0.574194625,5990.0,7,0,2,0,2.0
146215,1,0.9999998999999999,34,1,1330.0,,2,3,0,1,0.0
146219,0,0.149178176,40,0,0.358639076,7876.0,7,0,2,0,2.0
146222,0,0.9999998999999999,69,0,0.0,,4,1,0,0,1.0
146223,0,0.028087202999999998,82,0,34.0,,5,0,0,0,0.0
146224,0,0.9999998999999999,51,0,0.08150711299999999,2600.0,4,0,0,1,2.0
146225,0,0.0,47,0,0.019180075,11000.0,2,0,0,0,2.0
146226,0,0.042399769000000004,41,0,0.407916568,4218.0,8,0,2,0,0.0
146229,0,0.022265686,35,0,804.0,,10,0,0,0,
146234,0,0.9999998999999999,34,0,0.0,25384.0,0,0,0,0,3.0
146235,0,0.0,53,0,0.022803017000000002,5700.0,4,0,0,0,0.0
146236,0,0.992534329,35,0,568.0,,2,0,0,0,0.0
146237,0,0.9999998999999999,34,1,425.0,,4,0,0,0,0.0
146238,0,1.398671096,32,0,0.653386454,250.0,2,0,0,0,3.0
146239,0,0.01479926,45,0,1780.0,,2,0,1,0,0.0
146240,0,0.42711457700000005,36,0,1262.0,,9,0,2,0,0.0
146241,0,0.08058602200000001,68,0,0.010265982,15000.0,6,0,0,0,0.0
146242,0,0.537104657,38,1,0.393720678,2770.0,5,0,0,0,1.0
146243,0,0.009057006,69,0,6.0,,4,0,0,0,0.0
146245,0,0.676092855,46,0,0.562985572,7207.0,16,0,3,0,0.0
146246,0,0.15378462199999998,48,0,0.473305339,5000.0,2,0,1,0,0.0
146247,0,0.531657891,52,0,2926.0,,4,0,2,0,0.0
146248,0,0.053114589000000004,46,0,0.011569873,4407.0,6,0,0,0,0.0
146249,0,0.597828328,53,0,0.077496274,3354.0,3,0,0,0,0.0
146250,0,0.208639568,30,0,0.387721054,5993.0,5,0,2,0,0.0
146251,0,0.181486092,65,0,0.03487301,7598.0,5,0,0,0,0.0
146252,0,0.64762819,60,4,9151.0,,9,0,2,0,0.0
146255,0,0.554802511,75,0,2.62962963,701.0,5,0,2,0,0.0
146258,0,0.04704544,69,3,0.40649806200000005,10833.0,17,0,2,0,0.0
146259,0,0.9999998999999999,59,0,1693.0,,1,0,1,0,0.0
146261,0,0.620047647,30,0,0.173847883,5337.0,3,0,0,0,0.0
146262,0,0.020387755,68,0,0.256477134,5750.0,8,0,2,0,0.0
146264,1,0.9999998999999999,37,0,13.0,,0,1,0,0,0.0
146265,0,0.46709109,33,0,0.280619897,6000.0,8,0,1,0,2.0
146269,0,0.264390694,39,0,0.414769305,8300.0,14,0,1,0,3.0
146270,0,0.072650522,63,0,1.86701728,1330.0,7,0,1,0,3.0
146271,0,0.680108188,37,0,0.26783310899999996,2228.0,3,0,0,0,0.0
146273,0,0.044555034,73,0,0.09008665800000001,10500.0,12,0,1,0,0.0
146274,0,0.78674263,57,0,0.544702942,5200.0,12,0,1,0,0.0
146275,0,0.208871819,49,1,1711.0,1.0,12,0,2,0,2.0
146276,0,0.9999998999999999,43,0,0.410569907,5070.0,4,0,2,0,0.0
146277,0,0.028727904,67,0,0.255224982,4066.0,9,0,1,0,0.0
146278,0,0.030186211,52,0,0.26607659,5535.0,8,0,2,0,1.0
146279,0,0.648693369,42,0,0.392357254,4500.0,5,0,2,0,1.0
146280,0,0.9999998999999999,92,0,0.0,,1,0,0,0,0.0
146281,0,0.197982784,32,0,0.065057992,7500.0,3,0,0,0,0.0
146282,0,0.667617314,53,0,1.250721722,11430.0,18,0,1,0,0.0
146283,0,0.285673475,27,1,0.346108982,6000.0,7,0,0,0,1.0
146285,0,0.954499082,31,0,0.235159342,4800.0,10,0,0,0,2.0
146286,0,0.002709467,61,1,0.468441445,8000.0,11,0,4,0,0.0
146287,0,0.819812823,49,0,0.147475808,13330.0,13,0,0,0,0.0
146288,0,0.0041719090000000006,73,0,662.0,,3,0,0,0,
146290,0,0.023225366,35,0,0.562378684,5666.0,15,0,1,0,1.0
146292,0,0.0,78,0,1.3713004480000002,4459.0,13,0,3,0,0.0
146293,0,0.312876775,46,0,0.176965347,8916.0,4,0,1,0,3.0
146294,0,0.578100761,62,0,949.0,,21,0,0,0,
146295,0,0.15686597300000002,59,0,0.032562125,3500.0,2,0,0,0,1.0
146296,0,0.9999998999999999,54,0,0.0,,1,0,0,0,0.0
146297,0,0.180764375,51,0,2469.0,,21,0,1,0,
146298,0,0.038854837,57,0,0.043416167,3500.0,10,0,1,0,0.0
146300,0,0.278252617,47,0,0.721078057,3932.0,20,0,2,0,0.0
146301,0,0.000694425,47,2,0.538730635,2000.0,7,0,1,0,1.0
146302,0,0.425534154,30,0,11.25870647,200.0,6,0,2,0,0.0
146306,0,2.089446414,39,0,0.2531962,14000.0,7,0,1,0,2.0
146307,0,0.0,49,0,2.085131894,833.0,6,0,1,0,2.0
146309,0,0.046038897,43,0,0.002092415,5734.0,2,0,0,0,1.0
146310,0,0.895728527,52,2,49112.0,0.0,16,0,1,0,0.0
146311,0,0.014319427,72,0,0.228097622,3195.0,9,0,1,0,0.0
146312,0,0.178782461,46,0,2880.0,,4,0,1,0,0.0
146313,0,0.9999998999999999,34,0,0.335460812,3916.0,6,0,2,0,3.0
146314,0,0.014865676000000001,85,0,0.0011235960000000001,5339.0,4,0,0,0,0.0
146316,0,0.0,38,0,0.19973545,3779.0,4,0,1,0,0.0
146317,0,0.09931065800000001,68,0,0.17900498199999998,14250.0,10,0,1,0,0.0
146321,0,0.31287907800000003,59,1,0.238784081,15000.0,6,0,2,0,0.0
146322,0,0.05069759099999999,53,1,0.33951601200000003,6900.0,12,0,1,0,1.0
146323,0,0.0,37,0,0.149284606,5800.0,10,0,0,0,2.0
146324,0,0.030235542,54,0,0.400604511,4300.0,8,0,1,0,2.0
146325,0,0.017090288000000002,34,1,456.0,,4,0,0,0,0.0
146326,0,0.026383505,46,0,0.554853653,4748.0,12,0,1,0,3.0
146330,0,0.270486925,52,0,2949.0,,13,0,2,0,2.0
146331,0,0.17320141,45,0,0.073483775,26100.0,10,0,1,0,2.0
146332,0,0.288780066,66,0,931.0,,8,0,0,0,0.0
146333,0,0.632149328,33,1,0.508996825,8502.0,13,0,2,0,3.0
146334,0,0.11976118300000001,70,0,0.03811309,3200.0,2,0,0,0,0.0
146335,0,0.35670573200000005,57,0,0.560079444,3020.0,12,0,1,0,0.0
146337,0,0.0,62,1,893.0,,8,0,0,0,0.0
146339,0,0.001333319,34,0,0.059993685,9500.0,7,0,0,0,2.0
146340,0,0.000166639,57,0,0.0,7500.0,6,0,0,0,0.0
146341,0,0.016772029,61,1,0.280860349,3207.0,7,0,1,0,0.0
146342,0,0.0,40,0,0.119788021,10000.0,3,0,1,0,2.0
146343,0,0.027961717,78,0,38.0,,5,0,0,0,0.0
146344,0,0.606754055,55,0,0.20284381199999998,4500.0,4,0,0,0,0.0
146346,0,0.0,33,0,0.23197659,3758.0,5,0,1,0,1.0
146347,0,0.246250092,46,0,2294.0,0.0,9,0,2,1,2.0
146348,0,0.568639589,61,0,0.600799812,4250.0,7,0,1,0,0.0
146349,0,0.20455545,39,0,0.319243705,11000.0,10,0,1,0,1.0
146350,0,0.023082172,59,0,0.091580502,8800.0,17,0,0,0,1.0
146352,0,0.33053786,43,0,0.181385281,2309.0,6,0,0,0,0.0
146355,0,0.199026332,63,0,0.249718785,8000.0,8,0,1,0,0.0
146356,0,0.0,45,0,2806.0,,9,0,2,0,0.0
146357,0,0.061313997,49,0,0.22295918399999998,11759.0,6,0,2,0,2.0
146358,0,0.026883299,52,0,0.194383954,8724.0,5,0,1,0,0.0
146359,0,0.25605475,48,1,1.1694684229999999,2200.0,13,0,2,1,2.0
146360,0,0.921219091,45,0,0.09256370300000001,3845.0,3,1,0,1,3.0
146361,0,0.517724898,28,0,0.218994064,3200.0,14,1,0,0,2.0
146362,0,0.027643216,62,0,0.755073801,4335.0,7,0,1,0,0.0
146363,0,0.9999998999999999,60,0,982.0,,3,0,2,0,0.0
146367,0,0.069025187,31,0,0.436284312,5500.0,9,1,2,0,1.0
146368,0,0.00411758,41,2,0.8668532590000001,2500.0,9,0,2,0,0.0
146369,0,0.018303387,62,1,0.504436945,8000.0,32,0,1,0,0.0
146370,0,0.029107245,60,0,831.0,,11,0,1,0,
146371,1,0.972781558,41,1,5.219269103,300.0,4,1,0,0,0.0
146372,0,0.006726696,67,0,0.202561118,11166.0,17,0,2,0,1.0
146373,0,0.20012305800000002,72,0,0.075134512,5203.0,7,0,1,0,0.0
146374,0,0.780888445,39,1,0.10684161199999999,3200.0,8,0,0,1,0.0
146375,0,0.10517231099999999,30,0,1737.0,,3,0,1,0,0.0
146379,0,0.08947193,63,0,0.013195776999999999,4167.0,6,0,0,0,0.0
146380,0,0.079014426,54,0,0.13174283,11400.0,14,0,2,0,2.0
146382,0,0.409795102,38,0,0.312853989,10416.0,10,0,2,0,3.0
146383,0,0.419609131,62,0,0.5670774239999999,4300.0,9,0,1,0,0.0
146388,0,0.013380163999999998,63,0,0.221930345,11800.0,11,0,1,0,0.0
146389,0,0.476445155,29,0,0.410794603,2000.0,3,0,0,0,2.0
146390,0,0.006136945,48,0,2648.0,,5,0,1,0,0.0
146393,0,0.000297293,60,0,2.0,,7,0,0,0,0.0
146394,0,0.033588,73,0,0.24658408899999998,7830.0,10,0,1,0,0.0
146395,0,0.18479664,55,0,0.080061329,15000.0,8,0,0,0,2.0
146397,0,0.518812324,49,0,0.40291177,5700.0,11,0,2,0,2.0
146399,0,0.069282965,32,0,2908.0,,11,0,1,0,0.0
146400,0,0.013228538,45,0,0.325152578,7700.0,7,0,1,0,2.0
146401,0,0.37358811399999997,41,0,0.183211193,1500.0,4,0,0,0,0.0
146402,0,0.708458975,49,2,0.21419740399999998,9705.0,12,0,0,2,4.0
146403,0,0.0,66,0,0.0,,4,0,0,0,0.0
146404,1,0.258161927,66,0,0.481724307,6100.0,11,0,1,1,2.0
146405,0,0.0,30,1,0.21710526300000002,1975.0,5,0,0,0,0.0
146406,0,0.07243142799999999,46,0,0.310551865,7827.0,17,0,2,0,3.0
146407,0,0.0,37,0,0.226088696,20000.0,7,0,2,0,0.0
146408,0,0.15933983300000001,71,0,1689.0,,13,0,1,0,0.0
146409,0,0.049408948,46,1,1587.0,,7,0,1,0,0.0
146410,0,0.056573137,45,0,0.253222503,8300.0,11,0,2,0,2.0
146412,0,0.09031820300000001,41,1,0.21230683600000003,7182.0,15,0,2,0,0.0
146415,0,0.035118603,41,0,0.014766959,6500.0,12,0,0,0,0.0
146416,0,0.03360833,65,0,0.156612145,15100.0,8,0,2,0,1.0
146417,0,0.44766787,55,0,0.212412712,14033.0,13,0,1,0,0.0
146418,0,0.010101524,56,0,0.354464554,10000.0,19,0,2,0,0.0
146419,0,0.0,54,0,0.15698742400000001,7076.0,5,0,1,0,0.0
146420,1,0.8992795179999999,34,2,1.357142857,1399.0,4,3,1,1,0.0
146421,0,0.34161249200000005,69,0,0.280135823,5300.0,13,0,2,0,0.0
146423,0,0.0,42,0,0.0,,2,0,0,0,0.0
146425,0,0.851850364,72,1,0.624418779,6666.0,9,0,3,0,0.0
146426,0,0.268260348,57,0,0.333445984,8876.0,12,0,1,0,0.0
146429,0,0.548611349,48,0,0.366438927,6000.0,11,0,1,0,1.0
146430,0,0.9999998999999999,68,1,1720.0,,6,0,1,0,0.0
146431,0,0.048248794000000005,72,0,0.028485757,2000.0,3,0,0,0,0.0
146433,0,0.18382185899999998,30,0,0.176637701,5983.0,5,0,2,0,1.0
146434,0,0.0064971659999999995,67,0,0.08598280300000001,5000.0,15,0,1,0,0.0
146435,0,0.232635308,48,1,0.24053243300000002,5333.0,8,0,1,0,0.0
146436,1,0.9999998999999999,62,1,1323.0,,6,0,2,0,0.0
146437,0,0.09535237199999999,30,0,0.281279222,5346.0,5,0,1,0,0.0
146440,0,0.029305292,50,0,0.6961429920000001,2125.0,8,0,1,0,1.0
146441,0,0.650412188,47,0,1346.5,1.0,6,0,0,0,0.0
146442,0,0.016384592,67,0,76.0,,3,0,0,0,
146443,1,1.1579448140000002,36,1,0.072461515,6430.0,9,2,0,0,2.0
146445,0,0.074548136,48,0,0.146754144,11583.0,7,0,2,0,3.0
146446,0,0.00815124,67,0,0.41082374,6688.0,25,0,2,0,1.0
146449,0,0.020643368,61,0,0.003322872,5416.0,4,0,0,0,1.0
146450,0,0.625345822,53,0,0.465222824,2400.0,6,0,0,0,0.0
146451,0,0.018161051,47,0,0.43805783600000003,2800.0,10,0,1,0,1.0
146452,1,0.9999998999999999,50,0,0.10901551599999999,7475.0,2,2,0,1,0.0
146454,0,0.19633081800000002,51,0,1.28896388,8000.0,15,0,3,0,0.0
146456,0,0.17835762600000002,41,0,0.730283155,6250.0,24,0,2,0,0.0
146458,0,0.02980549,61,0,0.392353844,7166.0,6,0,2,0,0.0
146460,0,0.08779466400000001,66,0,75.0,,5,0,0,0,0.0
146462,1,0.9999998999999999,51,1,418.0,,3,1,0,1,2.0
146463,0,0.34178711,39,0,0.561821004,1932.0,6,0,1,0,2.0
146464,0,0.059012082,45,0,0.6373551470000001,4400.0,5,0,2,0,0.0
146465,0,0.030904714,47,0,0.407008086,11500.0,7,0,2,0,1.0
146466,1,0.7671164420000001,52,1,0.721561969,5300.0,12,3,2,4,1.0
146467,0,0.127340328,58,0,0.28430332199999997,12250.0,13,0,2,0,1.0
146468,0,0.52238806,51,0,0.38718263700000005,4883.0,6,0,1,0,2.0
146469,0,0.303434828,66,0,3707.0,,11,0,2,0,0.0
146470,0,0.115951535,63,0,0.528617047,4070.0,12,0,1,0,0.0
146472,0,0.178481273,42,0,0.48079149600000004,9500.0,15,0,1,0,2.0
146473,0,0.003363483,32,0,0.122417241,4500.0,13,0,0,0,0.0
146474,0,0.302505975,55,0,0.319358103,13833.0,19,0,2,0,2.0
146475,0,0.047864092999999996,41,0,0.017087802,5500.0,8,0,0,0,2.0
146476,0,0.488817039,61,0,0.7605459059999999,805.0,7,0,0,0,0.0
146477,0,0.721056575,54,3,0.479382916,10500.0,19,0,2,0,1.0
146478,0,0.0029441840000000003,66,0,0.46640755100000003,1800.0,16,0,1,0,0.0
146479,0,0.029959384,72,0,522.0,,15,0,1,0,0.0
146480,0,0.071602214,81,0,123.0,,6,0,0,0,0.0
146481,0,0.02722826,47,0,0.275393228,3750.0,9,0,1,0,2.0
146482,0,0.0,24,0,0.008739076,800.0,2,1,0,0,0.0
146483,0,0.111456247,52,0,0.223615969,8290.0,19,0,1,0,2.0
146484,0,0.031588432,54,0,0.356035437,5417.0,15,0,1,0,3.0
146485,0,0.0,29,0,0.077292271,10000.0,6,0,1,0,0.0
146487,0,0.11528371,77,0,1125.0,,8,0,2,0,0.0
146488,1,1.034353529,32,0,0.43420322,1800.0,4,1,0,2,2.0
146489,0,0.095218817,29,0,0.430523159,3000.0,8,0,0,0,0.0
146490,0,0.019044269,31,0,11.0,,3,0,0,0,
146491,0,0.060508063,48,0,2.199866755,1500.0,11,0,3,0,0.0
146492,0,0.284140357,36,0,0.31080437899999996,2100.0,8,0,0,0,1.0
146494,0,0.042842297,63,0,2540.0,,5,0,1,0,
146495,0,0.33406952100000004,68,0,0.245969254,8000.0,7,0,1,0,1.0
146496,0,0.008647714,37,0,0.0026657779999999997,3000.0,3,1,0,0,3.0
146497,0,0.007203135,66,0,419.0,,10,0,0,0,0.0
146498,0,0.289855072,40,0,0.6940611879999999,5000.0,7,0,2,0,3.0
146500,0,0.230636531,58,0,0.239480928,2542.0,5,0,0,0,0.0
146501,0,0.387766386,54,0,0.594931992,5366.0,10,0,1,0,1.0
146502,1,0.452690992,32,0,0.261684579,4000.0,9,0,0,0,0.0
146503,0,0.94463168,28,1,0.8648198290000001,4800.0,14,0,2,0,1.0
146504,0,0.772528434,35,0,0.678534393,2892.0,9,0,1,0,2.0
146505,0,0.406657206,30,0,0.089569601,7736.0,6,0,0,0,0.0
146506,0,0.08884835,36,0,0.22426532300000002,11909.0,9,0,1,0,1.0
146507,0,0.39161103799999997,37,0,0.312105702,8400.0,9,0,2,0,2.0
146509,0,0.0,67,0,0.44403183,1884.0,7,0,1,0,0.0
146510,0,0.011253032,44,0,0.10367526099999999,7291.0,4,0,1,0,1.0
146511,0,0.884297318,64,0,0.31279776600000003,6086.0,9,0,1,0,0.0
146512,0,0.033205752000000005,39,0,0.369663058,8220.0,7,0,1,0,3.0
146514,0,0.90290243,39,0,0.329758226,5500.0,12,2,0,1,2.0
146515,0,0.038812252,54,0,2883.0,,12,0,2,0,0.0
146516,0,0.9999998999999999,32,0,0.167104112,8000.0,9,0,2,0,0.0
146518,0,0.011008083,36,0,19.0,,5,0,0,0,
146519,0,0.000856628,68,0,0.052395998,3797.0,4,0,0,0,0.0
146520,0,0.689795011,46,0,0.63520206,10095.0,9,0,6,0,2.0
146522,0,0.0,51,0,0.23910435800000002,2500.0,3,0,1,0,0.0
146523,1,0.9401796379999999,66,0,0.306489729,5500.0,9,0,0,0,0.0
146525,0,0.077725823,44,0,0.25844018399999996,8500.0,12,0,1,0,0.0
146526,1,0.9988090159999999,50,0,0.747897275,8916.0,7,0,1,0,2.0
146527,0,0.9999998999999999,24,0,0.19468085100000002,1879.0,1,0,0,0,1.0
146528,0,0.049335132000000004,59,0,1616.0,,5,0,1,0,0.0
146529,0,0.0,63,0,0.0,0.0,7,0,0,0,0.0
146530,0,0.035683459,51,0,0.154987084,12000.0,6,0,2,0,4.0
146531,0,0.007132858000000001,45,0,0.00014999299999999999,20000.0,1,0,0,0,3.0
146532,0,0.9999998999999999,23,0,0.0,,0,0,0,0,0.0
146533,0,0.142846112,50,0,0.239434742,7500.0,15,0,1,0,0.0
146534,0,0.805003445,60,0,0.378170719,9500.0,9,0,3,0,1.0
146535,0,0.166468263,52,0,0.566370778,9800.0,7,0,1,0,3.0
146536,0,0.43946337799999996,46,0,0.067266495,2333.0,3,0,0,0,0.0
146537,0,0.09331483800000001,63,0,0.231376862,10000.0,14,0,1,0,1.0
146538,0,0.316431395,69,1,13251.0,,10,0,3,0,0.0
146539,0,0.069544772,54,0,0.425752388,11097.0,9,0,3,0,0.0
146541,0,0.007608027,61,0,0.0034767490000000003,2300.0,4,0,0,0,0.0
146543,0,0.19161676600000002,36,0,0.422349318,2272.0,10,0,1,0,0.0
146545,0,0.021987218,33,0,0.438008551,7250.0,17,0,2,0,1.0
146546,0,0.424668311,57,0,0.559122525,3737.0,13,1,1,0,0.0
146548,0,0.8462596090000001,49,0,0.37683976700000005,7201.0,8,0,1,0,1.0
146549,0,1.009724757,71,2,0.18438770699999998,15000.0,6,0,0,0,0.0
146550,1,1.12989445,58,6,0.940035273,1700.0,8,0,2,0,0.0
146551,0,0.310069259,65,0,0.23564448600000001,10744.0,7,0,2,0,0.0
146553,0,0.605987107,47,2,0.51069786,5000.0,10,0,1,0,2.0
146554,0,0.010480383000000001,73,0,0.003964834,5800.0,7,0,0,0,1.0
146555,0,0.251537423,69,1,0.258093525,3335.0,2,0,1,0,0.0
146556,0,0.006704461,63,0,5836.0,,14,0,2,0,0.0
146559,0,0.551663228,58,0,0.816908744,17280.0,50,0,6,0,0.0
146561,0,0.143965334,55,1,0.484148036,15833.0,16,0,3,0,1.0
146562,1,0.884744173,63,0,0.41996182200000004,7333.0,9,0,1,0,0.0
146563,0,1.044184762,46,2,0.553450609,8867.0,8,0,1,0,2.0
146564,0,0.015137399,48,0,2283.0,,9,0,2,0,0.0
146565,0,0.170093412,38,0,0.20361866899999997,14590.0,7,0,2,0,0.0
146566,0,0.0025880829999999997,37,0,446.0,,3,0,0,0,0.0
146567,1,0.392782474,48,0,0.019542494,6600.0,5,0,0,2,0.0
146569,0,0.063324061,69,0,0.36379746799999996,3949.0,16,0,2,0,1.0
146570,0,1.040319979,41,1,0.48253131200000005,4550.0,8,0,1,0,2.0
146571,0,0.020255451,68,0,0.30759728199999997,1618.0,6,0,0,0,1.0
146572,0,0.227749592,60,0,0.337518054,9000.0,21,0,0,0,2.0
146573,0,0.317496707,30,0,195.0,0.0,1,0,0,0,0.0
146574,0,0.035273167,43,0,3251.0,,13,0,2,1,3.0
146575,0,0.016814976000000002,65,0,0.19235658,11800.0,8,0,1,0,1.0
146576,0,0.029589777999999997,60,0,0.277373164,8100.0,9,0,2,0,0.0
146577,0,0.31696735600000003,60,0,0.339900029,3400.0,7,0,1,0,0.0
146578,0,0.153005298,40,0,0.35692384200000005,12066.0,12,0,2,0,2.0
146579,0,0.82128204,50,0,0.654678406,6700.0,15,0,1,0,1.0
146580,0,0.95611554,51,4,0.534083802,6395.0,14,0,1,1,1.0
146586,0,0.006099085,27,0,0.000560643,5350.0,3,0,0,0,1.0
146587,0,0.041997707999999995,66,0,0.031413613,4201.0,14,0,0,0,0.0
146589,0,0.483230331,39,0,0.461079092,14400.0,10,0,1,0,3.0
146591,0,0.060659815,55,1,0.214983498,15149.0,8,0,1,0,2.0
146592,0,0.607808372,58,0,0.285640183,11566.0,11,0,1,0,1.0
146593,0,0.184575662,46,0,0.208986068,15000.0,6,0,1,0,2.0
146594,0,0.605687226,41,0,3318.0,,11,0,2,0,1.0
146595,1,1.084366253,44,3,0.257492613,4737.0,4,1,0,1,5.0
146597,0,0.05532104,30,0,0.004663558,1500.0,3,0,0,0,0.0
146599,0,0.262913665,54,0,0.07380682400000001,9700.0,5,0,0,0,0.0
146601,0,0.025271613999999998,64,0,0.0064626269999999994,8200.0,7,0,0,0,0.0
146608,0,0.10405924800000001,63,0,0.24085455100000003,6833.0,15,0,2,0,0.0
146609,0,0.018009672,43,0,0.258372808,12032.0,11,0,1,0,3.0
146610,0,0.16890886300000002,69,0,0.38923048299999996,5366.0,17,0,2,0,0.0
146611,0,0.00518827,64,0,0.001274697,7844.0,6,0,0,0,1.0
146612,0,0.152523668,49,1,0.314114314,6000.0,20,0,2,0,3.0
146613,0,0.044351312999999996,50,1,858.0,,6,0,1,0,0.0
146614,0,0.012455368,68,0,0.006304656999999999,4916.0,9,0,0,0,1.0
146615,0,0.088662726,44,0,0.44792276200000003,3417.0,8,0,2,0,2.0
146616,0,0.427878606,60,1,0.254636123,6416.0,8,0,1,0,1.0
146617,0,0.864911028,35,3,0.52143968,4500.0,10,0,1,0,1.0
146618,0,0.005949851,48,0,0.206255608,7800.0,9,0,0,0,0.0
146619,0,0.0,56,0,1535.0,,8,0,0,0,0.0
146622,0,0.002548936,57,0,0.21567065100000002,7529.0,12,0,1,0,1.0
146623,0,0.0048705020000000005,81,0,20.0,,12,0,0,0,0.0
146625,0,0.0,47,0,0.242725141,7250.0,11,0,1,0,2.0
146626,0,0.172566052,55,0,0.411461831,4466.0,11,0,1,0,0.0
146628,1,0.9999998999999999,54,0,0.0,2000.0,1,0,0,1,0.0
146629,1,0.9999998999999999,47,1,868.0,,2,2,0,0,0.0
146630,0,0.047050184,68,0,0.346472436,3500.0,4,0,1,0,0.0
146631,0,0.297214452,55,2,0.312442396,8679.0,28,0,2,0,0.0
146632,0,0.12586144,71,0,0.071375386,9400.0,9,0,0,0,0.0
146633,0,0.9918856659999999,55,0,0.188937021,3000.0,2,0,0,0,2.0
146634,1,0.518149925,53,0,0.522440007,10917.0,7,0,3,1,3.0
146635,0,0.070286056,62,0,4143.0,,9,0,2,0,0.0
146636,0,0.036961753,46,0,0.322783861,13333.0,7,0,1,0,0.0
146642,0,0.21268085399999997,57,0,0.238797504,8814.0,7,0,1,0,0.0
146643,0,0.069141338,60,0,110.0,,16,0,0,0,0.0
146644,0,0.014271373,56,0,0.404897245,6860.0,6,0,1,0,2.0
146645,0,0.006793385999999999,52,0,0.00139986,10000.0,5,0,0,0,2.0
146646,0,0.355074769,51,0,0.25828828800000003,11099.0,8,0,1,0,2.0
146647,0,0.079356287,74,0,0.010017314,8085.0,2,0,0,0,0.0
146648,0,0.507256748,76,0,828.0,,3,0,0,0,0.0
146650,0,0.404206936,67,0,0.10066371699999999,3615.0,7,1,0,0,0.0
146653,0,0.583561275,34,0,0.253082414,1540.0,3,0,0,0,2.0
146654,0,0.060737013,51,0,0.22663087199999998,18624.0,9,0,1,0,0.0
146655,0,0.024043132999999998,87,0,27.0,,7,0,0,0,
146656,0,0.056776516,42,0,0.71002805,2851.0,9,0,1,0,0.0
146657,0,0.356050506,31,0,1477.0,,6,0,2,0,0.0
146658,0,0.178348498,57,0,0.118048189,6598.0,9,0,1,0,0.0
146659,0,0.005764226999999999,74,0,0.155614795,3000.0,19,0,1,0,0.0
146662,0,0.006121008000000001,68,0,0.217640048,12584.0,14,0,1,0,5.0
146663,0,0.9999998999999999,34,0,0.0,3300.0,0,0,0,0,0.0
146664,0,0.500798014,40,2,0.361481481,3374.0,8,0,0,0,3.0
146665,0,0.08416323099999999,78,0,0.873096447,2166.0,11,0,1,0,0.0
146666,0,0.12902561699999998,56,0,0.06368473599999999,18041.0,4,0,0,0,1.0
146667,0,0.0314802,48,0,0.24719381399999998,8017.0,6,0,2,0,0.0
146668,1,0.460285361,58,2,409.0,,7,0,0,2,0.0
146669,0,0.005741109,58,0,0.204906013,7500.0,10,0,1,0,0.0
146670,0,0.73514714,56,0,0.023665089,15000.0,3,0,0,0,0.0
146672,0,0.031851009,33,0,0.977502812,2666.0,7,0,1,0,0.0
146673,0,0.072027615,70,0,0.558229066,4155.0,18,0,1,0,0.0
146674,0,0.016623961,51,1,0.8375916459999999,4500.0,9,0,2,0,0.0
146675,0,0.9999998999999999,33,0,0.197333478,18450.0,8,0,6,0,0.0
146678,0,0.7659307479999999,51,0,0.372020495,8977.0,5,0,1,0,0.0
146679,0,0.074075387,36,0,0.029532031,2200.0,6,0,0,0,0.0
146683,0,0.133898417,48,0,0.210078851,22700.0,6,0,1,0,2.0
146684,0,0.9999998999999999,43,0,0.0,,0,0,0,0,0.0
146685,0,0.327479495,46,0,0.605499673,16800.0,26,0,6,0,1.0
146686,0,0.020577813,62,0,719.0,,12,0,0,0,0.0
146687,0,0.0,49,0,0.246795746,11000.0,15,0,2,0,3.0
146688,0,0.006654943000000001,60,0,2297.0,,9,0,1,0,0.0
146690,0,0.703307285,43,0,0.323119777,14000.0,18,0,3,0,1.0
146691,0,0.0027691459999999997,54,0,857.0,,5,0,1,0,0.0
146692,0,0.261759163,58,0,0.49584619,4212.0,2,0,1,0,0.0
146695,0,0.657740193,46,0,0.48250213399999997,8200.0,6,0,2,0,4.0
146697,0,0.426471352,56,0,0.17965350800000002,12640.0,9,0,1,0,0.0
146698,0,0.231673214,53,0,0.270669515,22000.0,12,0,2,0,2.0
146700,0,0.051083014,71,0,0.015085073000000001,5700.0,6,0,0,0,0.0
146701,0,0.9999998999999999,56,0,0.206717226,4614.0,2,0,1,0,0.0
146703,0,0.021268412999999996,73,0,0.832083958,2000.0,6,0,2,0,1.0
146704,0,0.072046398,81,0,43.0,,1,0,0,0,
146705,0,0.005153648,41,0,4.0,,2,0,0,0,0.0
146706,0,0.009147508,75,0,22.0,,4,0,0,0,0.0
146707,0,0.123441753,47,0,3243.0,,14,0,3,0,0.0
146708,0,0.353638175,43,0,0.36739776700000004,12446.0,11,0,2,0,3.0
146709,0,0.011950322,81,0,0.095588235,135.0,7,0,0,0,0.0
146712,0,0.35410764899999997,29,0,0.099450275,2000.0,2,0,0,0,0.0
146713,0,0.067260319,58,0,0.0109978,5000.0,3,0,0,0,0.0
146714,0,0.436784579,38,0,4287.0,,14,0,2,0,0.0
146715,0,0.9286729859999999,46,0,0.134506041,5627.0,9,0,0,0,0.0
146716,0,0.284095328,50,0,0.273005509,4900.0,7,0,2,0,1.0
146717,0,0.001599929,47,0,0.388849881,7120.0,10,0,1,0,1.0
146718,0,0.007269033,49,0,0.264047317,7100.0,17,0,2,0,0.0
146719,0,0.342397703,73,0,0.296387365,5286.0,6,0,1,0,0.0
146721,0,0.49803704200000004,56,1,0.060571859000000006,5315.0,9,0,0,0,1.0
146722,0,0.0,54,0,0.514521505,6300.0,9,0,1,0,5.0
146726,0,0.019096363999999998,56,0,0.195816028,6500.0,9,0,1,0,2.0
146727,0,0.032913482,64,1,0.25247896,12000.0,12,0,1,0,0.0
146728,0,0.089061566,41,0,0.38629545200000004,8332.0,8,0,1,0,2.0
146729,0,0.5197801089999999,54,0,0.09303875800000001,10500.0,9,0,0,0,0.0
146730,0,0.9999998999999999,56,0,0.017848165,3977.0,0,0,0,0,0.0
146731,0,0.182827028,35,0,0.38955979700000004,7700.0,7,0,1,0,0.0
146732,0,0.500491958,49,0,1391.0,,10,0,1,0,2.0
146734,0,0.516966068,55,1,0.00394633,3800.0,2,0,0,0,0.0
146735,0,0.24675844100000002,72,0,0.147159647,4083.0,3,0,1,0,2.0
146736,0,0.352941176,67,0,2485.0,,8,0,1,0,0.0
146737,0,0.9999998999999999,26,0,0.168443497,1875.0,2,0,0,0,1.0
146738,0,0.18818078300000002,26,0,0.206431063,6592.0,17,0,1,0,2.0
146740,0,0.190010973,54,0,0.118268819,7000.0,5,0,0,0,2.0
146741,0,0.471713207,51,0,0.35060746200000004,9300.0,6,0,2,0,2.0
146742,0,0.018262248999999998,50,0,2.575424575,1000.0,23,0,1,0,3.0
146747,0,0.024978057999999997,49,0,0.234176582,10000.0,9,0,2,0,0.0
146749,0,0.01408411,55,0,0.820043892,4100.0,13,0,1,0,3.0
146750,0,0.6713023509999999,45,0,0.500833207,6600.0,13,0,2,0,3.0
146751,0,0.516021329,48,0,5483.0,0.0,11,0,2,0,0.0
146753,1,0.9505783390000001,38,2,0.165383056,7400.0,4,0,1,0,3.0
146754,0,0.006071231,62,0,0.308276074,9750.0,10,0,2,0,2.0
146756,0,0.312747851,39,0,0.364074815,8500.0,10,0,1,0,0.0
146758,0,0.040148996,73,0,507.0,,3,0,0,0,0.0
146761,0,0.29581303,55,0,0.453714877,5800.0,14,0,2,0,0.0
146762,0,0.5644234539999999,46,0,0.512037419,7268.0,10,0,2,0,3.0
146763,0,0.030768103999999998,56,0,1617.0,,4,0,1,0,
146766,0,0.11536609800000001,87,0,0.18013664399999998,6000.0,6,0,1,0,0.0
146768,0,0.055867647,68,0,0.11314587599999999,22333.0,10,0,2,0,0.0
146769,0,1.04111656,49,0,797.0,,8,0,0,0,0.0
146772,0,0.113057663,59,0,0.422435215,8450.0,18,0,2,0,0.0
146774,0,0.018849506000000002,52,0,0.29956727,5083.0,15,0,2,0,0.0
146776,0,0.169356864,46,0,1994.0,,13,0,2,0,0.0
146778,0,0.9999998999999999,46,0,0.496088435,5879.0,5,0,3,0,1.0
146779,0,0.310384231,63,0,4355.0,,12,0,3,0,0.0
146780,0,0.000999958,35,0,0.13989637300000002,3666.0,8,0,0,0,0.0
146781,0,0.064294223,60,0,0.010635397,11000.0,6,0,0,0,0.0
146782,0,0.9923845790000001,30,1,0.301762694,3800.0,7,1,0,0,1.0
146784,0,0.644204852,61,1,0.06779278,17700.0,7,0,0,0,1.0
146785,0,0.906690592,36,0,1126.0,,4,0,1,0,0.0
146786,0,0.614372339,63,0,0.36713922200000004,2750.0,5,0,0,0,0.0
146787,0,0.448490451,53,0,345.5,1.0,14,0,0,0,1.0
146788,0,0.40978634,69,0,0.579613591,1500.0,2,0,1,0,0.0
146789,0,0.24458338699999999,71,0,0.6279844529999999,1800.0,9,0,0,0,0.0
146790,0,0.0076048819999999994,59,0,1743.0,,8,0,1,0,0.0
146792,0,0.484552615,25,2,0.088184488,11577.0,12,0,1,0,0.0
146793,0,0.736445947,62,0,0.164468035,12810.0,7,0,1,0,1.0
146795,0,0.02919927,61,0,0.005383786999999999,6500.0,3,0,0,0,0.0
146796,1,0.8835289000000001,52,2,4421.0,,8,0,1,0,0.0
146798,0,0.283826295,70,0,0.36800942799999997,9333.0,9,0,2,0,0.0
146799,0,0.746773963,32,0,1.763647271,1666.0,11,0,1,0,2.0
146800,1,0.737315671,50,1,0.216323398,7816.0,5,0,1,0,2.0
146801,0,0.882141191,61,0,0.7731118290000001,6500.0,6,0,2,0,0.0
146803,0,0.0051377540000000005,74,1,4.0,,3,0,0,0,
146804,0,0.514619883,63,0,0.21133420100000003,14592.0,10,0,1,0,0.0
146806,0,0.22693821,39,1,0.919955085,6233.0,15,0,2,0,2.0
146807,1,0.156622125,49,0,0.00959729,5313.0,3,0,0,0,1.0
146808,0,0.53308334,41,0,0.11086580900000001,10417.0,11,0,0,2,2.0
146809,0,0.0,83,0,848.0,,4,0,0,0,0.0
146810,0,0.012461753,54,0,0.222196691,4351.0,11,0,1,0,0.0
146812,0,0.931653198,80,0,0.190402133,4500.0,3,0,0,0,0.0
146813,0,0.113461624,59,0,0.096060166,11700.0,4,0,1,0,2.0
146815,0,0.8526462859999999,76,0,1.620793069,3000.0,15,0,2,0,0.0
146817,1,1.180327869,49,1,0.616717771,7500.0,9,0,2,0,0.0
146823,0,0.088946475,48,0,0.775074975,3000.0,32,0,1,0,1.0
146826,0,0.189451675,63,0,0.322298563,1600.0,10,0,0,0,0.0
146828,0,0.0,50,0,0.35880829,4631.0,5,0,1,0,1.0
146829,0,0.073734829,76,0,0.005185681,5977.0,4,0,0,0,0.0
146830,0,0.22552087899999998,51,2,0.793301675,4000.0,30,0,2,0,0.0
146831,0,0.987571784,44,1,0.59182382,7900.0,21,0,2,0,2.0
146833,0,0.026512732999999997,30,0,0.075992401,10000.0,5,0,0,0,0.0
146834,0,0.653199517,58,1,0.323650167,12908.0,16,0,2,0,1.0
146835,0,0.028561818,74,0,0.28758169899999997,2600.0,11,0,1,0,1.0
146837,0,0.009711473,51,0,0.43069616299999997,8000.0,19,0,1,0,0.0
146838,0,0.022479144,63,1,502.0,,14,0,1,0,0.0
146839,0,0.943760013,56,0,0.24390507,9269.0,10,1,1,3,0.0
146840,0,0.28050545,51,2,0.573749308,5416.0,10,0,1,0,0.0
146841,0,0.729549586,36,1,526.0,,6,1,0,3,0.0
146843,0,0.14321666800000002,44,0,0.33948623299999997,6500.0,14,0,1,0,2.0
146844,0,0.9999998999999999,26,0,0.112577485,5000.0,2,0,1,0,0.0
146845,0,0.012822156999999999,46,0,0.210338363,11200.0,17,0,2,0,2.0
146846,0,0.092428761,48,0,607.0,,11,0,0,0,1.0
146847,0,0.90412783,45,0,0.028565599,4900.0,8,1,0,0,0.0
146848,0,0.0,30,0,0.691234597,4300.0,11,0,2,0,1.0
146849,0,0.9999998999999999,43,0,579.0,,2,0,0,0,0.0
146850,0,0.0,57,0,0.378303426,6129.0,6,0,1,0,1.0
146852,0,0.10415825599999999,50,0,1696.0,,11,0,1,0,2.0
146853,0,0.42084381600000004,66,0,0.167986561,16667.0,10,0,2,0,1.0
146854,0,0.265701554,57,0,0.308207418,11647.0,10,0,1,0,1.0
146856,0,0.115896786,54,0,0.547941118,10053.0,16,0,4,0,2.0
146857,1,0.942186023,45,0,1452.0,,7,0,0,1,0.0
146858,0,0.445877795,46,0,0.190124596,10834.0,7,0,0,0,7.0
146859,0,0.786340563,30,0,0.262626263,3365.0,6,0,0,0,0.0
146860,0,0.037224037,51,0,0.23375959100000002,3909.0,12,0,1,0,0.0
146861,0,0.281348051,43,0,0.09479855300000001,8016.0,4,0,0,0,4.0
146862,1,0.04757394,56,0,0.7724586290000001,1691.0,12,0,1,0,0.0
146864,0,0.047738065,30,0,0.130515931,7500.0,3,0,1,0,0.0
146865,0,0.0,65,0,1106.0,,6,0,1,0,0.0
146866,0,0.669915731,31,1,0.129878508,9300.0,7,0,0,0,0.0
146868,0,0.299769583,60,2,0.740831296,4907.0,12,0,1,0,1.0
146869,0,0.0,42,0,0.433441249,5250.0,5,0,2,0,2.0
146870,0,0.9999998999999999,58,0,0.032542958999999996,10416.0,2,1,0,1,0.0
146872,0,0.206251778,73,0,0.425217621,3790.0,7,0,1,0,1.0
146873,1,0.304269573,42,0,0.583317463,5250.0,7,1,1,0,2.0
146875,0,0.5213970729999999,57,0,0.614684186,8675.0,10,0,2,0,0.0
146876,0,0.19439222399999997,56,0,0.241293118,6000.0,6,0,0,0,0.0
146877,0,0.041493643,80,0,0.436412717,3333.0,11,0,1,0,0.0
146878,0,0.00089991,45,0,0.365368212,3516.0,10,0,1,0,0.0
146879,1,0.9999998999999999,46,4,0.362792359,5600.0,5,0,0,1,6.0
146880,0,0.061919260999999996,61,0,1216.0,,15,0,1,0,
146881,0,0.417219045,32,0,598.0,,4,0,0,0,
146883,0,0.023724707,56,0,2581.0,,7,0,1,0,0.0
146884,0,0.00680839,88,0,15.0,,2,0,1,0,0.0
146885,0,0.9999998999999999,25,0,0.046976512000000005,2000.0,1,1,0,1,1.0
146886,0,0.023932934,51,0,3913.0,,12,0,3,0,0.0
146887,0,0.949911223,37,0,0.421412301,1755.0,3,0,0,0,2.0
146889,0,0.6108694960000001,39,0,0.190697,6900.0,10,0,0,0,0.0
146890,0,0.825728349,61,0,0.8310063990000001,3437.0,12,0,1,0,0.0
146891,0,0.032383189,68,0,424.0,,4,0,0,0,0.0
146893,1,0.453943231,45,5,0.747024282,6300.0,16,0,2,2,3.0
146894,0,0.9999998999999999,49,0,0.244536495,7000.0,10,0,1,0,3.0
146896,0,0.499961541,49,1,0.37566041200000005,16466.0,8,0,6,0,1.0
146897,0,0.072189253,44,1,0.183504148,4097.0,6,0,0,0,2.0
146898,0,0.0070772380000000005,89,0,0.011535048999999999,2253.0,10,0,0,0,0.0
146899,0,0.9999998999999999,33,0,0.142742903,2500.0,2,0,0,0,0.0
146900,0,0.616946102,63,0,0.7471640490000001,4583.0,9,0,2,0,0.0
146901,0,1.00614198,39,3,1.696086595,1200.0,5,0,1,3,2.0
146902,0,0.240762311,55,0,1682.0,,7,0,2,0,1.0
146903,0,0.000199,63,0,0.472870284,7500.0,10,0,2,0,0.0
146905,1,0.9765401229999999,48,0,0.624673127,6500.0,13,0,1,1,2.0
146906,0,0.125630288,29,0,0.395292066,5734.0,6,0,1,1,3.0
146907,0,0.9999998999999999,49,0,2720.0,,6,0,2,0,0.0
146908,0,0.851575737,52,3,0.648776638,3800.0,10,3,2,0,1.0
146909,0,0.056352979000000004,77,1,0.33264391600000004,2900.0,16,0,2,0,0.0
146910,0,0.45601511100000003,51,0,0.426801362,17916.0,14,0,2,0,2.0
146911,0,0.616194195,76,0,0.612969847,2420.0,7,0,0,0,1.0
146913,0,0.5957270379999999,28,0,0.28422024,3250.0,8,0,0,0,0.0
146914,0,0.182440878,61,0,0.21589256699999998,11690.0,8,0,3,0,0.0
146915,0,0.037254081,37,0,355.0,,2,0,0,0,0.0
146916,0,0.034425423,55,0,0.220618266,14200.0,9,0,2,0,2.0
146918,0,0.0,63,0,1945.0,,10,0,1,0,1.0
146920,0,0.002481166,39,0,1.270826191,8750.0,10,0,3,0,1.0
146922,1,0.777153815,34,0,0.44438415600000003,1842.0,6,0,0,0,0.0
146923,0,0.33102696600000003,35,0,0.138877295,9583.0,7,0,0,0,0.0
146924,0,0.030629317000000003,73,0,0.31515988,4346.0,18,0,1,0,0.0
146925,0,0.9999998999999999,36,0,0.583029672,1920.0,6,0,0,0,4.0
146926,0,0.026459471000000002,67,0,0.020943116,7400.0,7,0,0,0,0.0
146927,0,0.00662786,81,0,0.001124859,2666.0,2,0,0,0,0.0
146928,0,0.044675506,58,0,58.0,,7,0,0,0,
146930,0,0.528157281,48,0,0.34724033,2300.0,9,0,2,0,0.0
146935,0,0.834865037,67,0,5252.0,,6,0,2,0,0.0
146936,0,0.053846545,72,0,94.0,,3,0,0,0,0.0
146937,0,0.277957141,61,0,0.713689007,5266.0,18,0,1,0,0.0
146938,0,0.616054181,69,0,0.216801062,9796.0,9,0,0,0,1.0
146939,0,0.012662173,70,0,0.239976002,10000.0,9,0,1,0,0.0
146940,0,0.319525517,40,1,0.497414685,2900.0,12,0,0,0,0.0
146941,0,0.9999998999999999,80,0,0.0,,2,0,0,0,0.0
146942,0,0.021714467,64,0,24.0,,5,0,0,0,0.0
146944,0,0.9999998999999999,58,0,0.47745750200000003,2705.0,8,0,1,0,1.0
146945,0,0.35230967399999996,40,0,178.0,,3,0,0,0,0.0
146946,0,0.9999998999999999,68,0,0.303575714,8333.0,5,0,2,0,0.0
146947,0,0.149382969,41,0,1.709737134,2700.0,10,0,4,0,0.0
146948,1,0.054416074,39,0,0.555166783,4286.0,6,0,2,0,0.0
146949,0,0.576462457,62,0,0.343435331,10228.0,11,0,1,0,0.0
146951,0,0.016848846,60,0,0.33638051700000005,7000.0,20,0,2,0,1.0
146952,0,0.050947453,75,0,648.0,,7,0,1,0,
146957,0,0.253031124,49,0,0.411117776,5000.0,8,0,1,0,2.0
146958,0,0.12446251800000001,72,0,0.320234402,2900.0,9,0,1,0,0.0
146960,0,0.007624809000000001,80,0,0.00182704,4925.0,4,0,0,0,0.0
146964,0,0.002937217,73,0,0.131171146,14583.0,21,0,2,0,0.0
146966,0,0.006975968000000001,42,0,0.233304042,2275.0,13,0,0,0,0.0
146968,0,0.020871103000000002,54,1,515.0,,13,0,1,0,0.0
146969,0,0.838959212,63,1,0.9014989290000001,1400.0,6,1,1,1,0.0
146970,0,0.0,48,0,0.0,0.0,2,0,0,0,0.0
146972,0,0.335660612,33,0,0.227803146,7883.0,8,0,1,0,5.0
146973,0,0.770076894,51,0,0.595958481,9055.0,9,0,3,0,1.0
146974,0,0.081662042,57,0,0.322324077,7417.0,17,0,2,0,2.0
146975,0,0.487492569,56,0,0.136675236,7001.0,8,0,0,0,0.0
146976,0,0.07247421700000001,33,0,0.297788168,5560.0,14,0,2,0,1.0
146977,0,0.026393813999999998,61,0,0.34120559899999997,10500.0,9,0,2,0,1.0
146978,0,0.339423689,51,0,0.368493623,2900.0,3,0,1,0,1.0
146979,0,0.695781037,42,0,0.28953945,2800.0,9,0,0,0,0.0
146980,0,0.014528683,68,0,6106.0,,11,0,3,0,
146981,0,0.01039792,30,0,0.101449275,2000.0,4,0,0,0,0.0
146982,0,0.0,76,0,0.0,1.0,4,0,0,0,0.0
146983,0,0.257581561,42,0,0.165413534,6250.0,4,0,0,0,0.0
146984,0,0.144737588,46,1,0.08634906099999999,13097.0,8,0,0,0,5.0
146985,0,0.22879323899999998,49,1,4016.0,,12,0,3,0,0.0
146986,0,0.0,53,0,0.449494949,3167.0,8,0,0,0,3.0
146988,0,0.608778203,39,0,0.346413397,4000.0,5,0,0,0,3.0
146989,0,0.048327528,53,0,0.254859398,10134.0,16,0,2,0,2.0
146990,1,0.650047939,48,0,0.3122611,3400.0,15,0,0,0,3.0
146991,0,0.09148226,65,0,0.280555141,6700.0,8,0,1,0,0.0
146992,0,0.004418399,63,0,0.047272048,5351.0,3,0,1,0,1.0
146995,0,0.009392928,56,0,0.17774395399999998,5912.0,15,0,1,0,1.0
146996,1,0.8406742540000001,62,0,2842.0,,15,1,0,3,1.0
146999,0,0.101319804,38,0,0.315585552,8000.0,5,0,2,0,0.0
147000,0,0.12186867,57,0,0.383625951,10650.0,9,0,2,0,0.0
147001,0,0.003324917,61,0,0.289073748,6250.0,4,0,1,0,0.0
147005,0,0.11351558699999999,56,0,0.346122544,8600.0,11,0,2,0,2.0
147006,0,0.796524085,36,0,0.294341132,5000.0,7,0,0,0,1.0
147007,0,0.554381521,55,0,0.29240434,1750.0,6,0,0,0,0.0
147008,0,0.383910485,32,0,1101.0,,10,0,1,0,0.0
147009,0,0.035499014,59,0,0.434782609,1931.0,6,0,2,0,0.0
147010,0,0.0,61,0,0.023171286,2200.0,11,0,0,0,0.0
147011,1,1.0059940059999999,43,0,0.18118983,4050.0,7,1,0,0,3.0
147012,0,1.009477437,59,0,0.08565952800000001,12000.0,5,0,0,0,1.0
147013,0,0.068960496,59,0,2307.0,,8,0,2,0,0.0
147014,0,0.223312066,30,3,0.601499583,3600.0,8,0,1,0,0.0
147016,0,0.24857337300000001,48,0,0.17758579300000002,4166.0,11,0,1,0,0.0
147018,0,0.351677581,45,0,0.209458267,17000.0,13,0,1,0,3.0
147019,0,0.390715917,41,0,0.155320366,6991.0,7,0,0,0,0.0
147021,0,0.00874002,55,0,0.210339483,20000.0,10,0,3,0,0.0
147024,1,0.08680481699999999,57,0,0.619689646,3930.0,4,0,1,0,0.0
147026,0,0.045505219000000006,53,0,1.2455017990000001,2500.0,7,0,1,0,0.0
147027,0,0.0,42,0,0.371632765,3637.0,5,0,2,0,0.0
147028,0,0.28859775,39,0,0.450532035,4416.0,7,0,1,0,1.0
147030,0,0.025626326,68,0,0.27253957300000003,2905.0,11,0,0,0,0.0
147032,0,0.303486663,64,0,0.1615727,13479.0,6,0,1,0,0.0
147033,0,0.273769152,66,1,0.301235423,8660.0,9,0,1,1,1.0
147034,0,0.149589483,55,0,0.126218404,6052.0,16,0,0,0,0.0
147035,0,0.039612005,58,0,0.240635641,12333.0,10,0,2,0,2.0
147036,0,0.009349464,52,0,0.30394525,9935.0,10,0,2,0,3.0
147037,0,0.0,71,0,0.26261899,12500.0,7,0,1,0,1.0
147038,0,0.270173254,28,0,0.22918854100000002,6666.0,11,0,0,0,0.0
147039,0,0.268365817,25,0,0.004249646,12000.0,2,0,0,0,0.0
147040,0,0.003771321,26,0,0.231896935,2250.0,4,0,0,0,0.0
147041,0,0.001162351,44,1,0.476413621,3200.0,20,0,1,0,0.0
147043,0,0.0,40,0,0.554275035,6420.0,4,0,1,0,2.0
147045,0,0.254194512,50,0,0.188916081,12666.0,11,0,1,0,1.0
147048,0,0.045325779000000004,37,0,0.31510923,8742.0,6,0,2,0,1.0
147051,0,0.953098688,46,0,0.64383904,4000.0,9,0,1,0,1.0
147052,0,0.018865576000000002,70,0,0.256193756,9000.0,12,0,3,0,1.0
147054,0,0.008599844,54,0,0.134529886,6072.0,7,0,0,0,1.0
147055,0,0.024958003,89,0,9.0,,2,0,0,0,0.0
147057,0,0.044699255,57,0,80.0,,3,0,0,0,0.0
147058,0,0.19230102300000002,57,0,1452.0,,9,0,1,0,0.0
147060,0,0.327530938,59,0,0.598693029,5967.0,11,0,2,0,0.0
147062,0,0.017667696,92,1,0.135820532,4100.0,5,0,0,0,0.0
147064,0,0.9999998999999999,30,0,11.0,,2,1,0,0,0.0
147065,0,0.955580233,25,1,0.18342821,1580.0,3,1,0,0,1.0
147066,1,0.988004798,31,2,0.996498788,3712.0,7,7,2,2,1.0
147068,0,0.593229738,51,0,0.582527847,10862.0,12,0,2,0,1.0
147069,0,0.084698588,47,0,0.016732218,15000.0,5,0,0,0,3.0
147073,0,0.008623922,43,0,0.22361210399999998,8393.0,9,0,2,0,1.0
147075,0,0.021887673,68,0,0.189056535,5500.0,3,0,1,0,0.0
147076,0,0.164195216,40,0,0.252233036,7500.0,5,0,2,0,1.0
147078,0,0.35924524,29,0,0.498334444,1500.0,5,0,0,0,0.0
147079,0,0.02687332,68,0,125.0,,5,0,0,0,0.0
147080,0,0.023595897,79,0,798.0,,14,1,1,0,0.0
147081,0,0.0,67,0,0.059382423,841.0,4,0,0,0,0.0
147083,1,0.24434971800000002,64,0,1.225050916,981.0,13,0,1,0,0.0
147086,0,0.20538630800000002,38,1,0.07079646,20000.0,6,0,0,0,1.0
147088,0,0.01356815,85,0,0.4043989,4000.0,7,0,1,0,0.0
147089,0,0.023202219,76,0,0.002829807,7420.0,7,0,0,0,0.0
147090,0,0.592390153,43,0,0.9218208809999999,4041.0,16,0,2,0,1.0
147092,0,0.072499778,51,0,0.16281062599999999,3500.0,11,0,1,0,2.0
147094,0,0.04257549,46,0,3966.0,0.0,13,0,2,0,2.0
147095,0,0.053545471,70,0,0.380904774,4000.0,15,0,1,0,0.0
147096,0,0.04261284,27,0,964.0,,5,0,0,0,0.0
147097,0,0.672427966,60,0,0.7948595909999999,6302.0,18,0,1,0,0.0
147098,0,0.000959819,30,1,0.12071982,4000.0,11,0,0,0,0.0
147100,0,0.959657265,50,1,0.030206339,4700.0,4,0,0,0,0.0
147101,0,0.032654621,59,0,94.0,,6,0,0,0,0.0
147102,0,0.022091951000000002,52,0,0.325107716,5105.0,17,0,1,0,0.0
147104,0,0.9999998999999999,42,0,0.120575885,3333.0,1,4,0,1,1.0
147105,0,0.425488921,55,1,0.320930995,6100.0,13,1,0,0,2.0
147106,0,0.257902583,54,0,3133.0,,9,0,2,0,0.0
147107,1,0.061872817999999996,51,1,2.2041399,1400.0,16,0,3,0,1.0
147110,0,0.004951216,43,0,0.47913826,3666.0,11,0,2,0,2.0
147111,0,0.073757824,63,1,0.39210131600000003,6000.0,15,0,1,0,0.0
147112,0,0.6676226439999999,47,0,0.714985931,11016.0,20,0,2,0,0.0
147113,0,0.223530906,41,0,19378.0,,19,0,6,0,0.0
147114,0,0.643087038,58,0,0.592033647,8083.0,12,0,1,0,0.0
147115,0,0.487322131,32,0,0.570691878,4653.0,9,0,1,0,3.0
147116,1,0.680565995,56,2,0.213712779,9100.0,17,1,0,1,0.0
147119,0,0.696920942,48,0,0.17043530199999998,10038.0,15,0,0,0,3.0
147123,1,0.20959114,70,0,0.112881806,9788.0,10,1,1,0,0.0
147126,0,0.000344729,44,0,0.110262703,11000.0,12,0,1,0,0.0
147127,0,0.3249935,58,0,3264.0,,6,0,1,0,
147128,1,0.9999998999999999,37,98,0.00757815,3166.0,0,98,0,98,0.0
147129,0,0.02098352,65,0,0.149979976,4993.0,8,0,1,0,0.0
147134,0,0.00742438,54,0,0.322284974,10800.0,9,0,1,0,1.0
147135,0,0.0,48,0,1265.0,,9,0,1,0,0.0
147137,0,0.001514242,65,0,0.09436406800000001,4630.0,17,0,0,0,1.0
147138,0,0.004999,53,1,0.668141593,1581.0,7,0,1,0,1.0
147139,0,0.15501151400000002,56,0,0.032258065,5920.0,5,0,0,0,0.0
147140,0,0.49013507700000003,37,1,0.52187825,12500.0,21,0,4,0,1.0
147141,0,0.6818824040000001,33,0,1339.0,,5,0,0,0,0.0
147142,0,0.035382914,44,0,0.287392717,12000.0,6,0,1,0,2.0
147144,0,0.9999998999999999,75,0,2591.0,,9,0,2,0,0.0
147145,0,0.024176542000000002,54,0,0.22102425899999997,11500.0,12,0,1,0,4.0
147146,0,0.0,79,0,0.0,,1,0,0,0,
147150,0,0.309510891,35,0,0.584404456,3500.0,9,0,2,0,0.0
147152,1,0.7560366359999999,33,0,0.03314121,2775.0,6,0,0,0,0.0
147154,0,0.044689284,49,0,2804.0,,5,0,1,0,0.0
147155,0,0.205311119,72,0,0.144115796,4766.0,8,0,1,0,0.0
147156,0,0.517673197,40,1,0.276671557,4770.0,10,0,1,0,1.0
147158,0,0.09412941,59,0,2263.0,,3,0,1,0,
147159,0,0.597166078,67,0,3010.0,,15,0,2,0,2.0
147160,0,0.30017485899999996,64,0,2931.0,,23,0,1,0,0.0
147161,0,0.460463833,45,0,0.782735918,4100.0,15,0,2,0,1.0
147162,0,0.049995455,64,0,1081.0,,6,0,1,0,0.0
147163,0,0.25984204699999996,34,1,0.48254799299999995,4583.0,9,0,1,0,3.0
147164,0,0.194219406,54,0,915.0,,12,0,0,0,0.0
147165,0,0.307051638,27,0,0.35255670899999997,2600.0,3,0,0,0,0.0
147166,1,0.193765568,49,0,0.257319686,4200.0,16,0,1,0,0.0
147167,0,0.74284156,44,0,0.82090022,6353.0,5,0,2,0,0.0
147168,0,0.063018372,68,0,0.274207369,3500.0,5,0,0,0,0.0
147169,0,0.001206202,41,0,0.717512033,2700.0,16,0,2,0,0.0
147170,0,0.40772433700000005,69,0,0.313948205,2200.0,7,0,0,0,0.0
147171,0,0.0031324670000000003,53,0,0.178318473,12000.0,4,0,1,0,3.0
147172,0,0.209874332,83,0,0.228467815,7720.0,7,0,1,0,1.0
147173,0,0.06317206,67,0,0.09268517800000001,13000.0,10,0,2,0,0.0
147175,0,0.546109287,49,1,0.426273788,8144.0,12,0,2,0,0.0
147176,0,0.022434392,60,0,0.305190311,4334.0,5,0,1,0,0.0
147178,0,0.0,52,0,0.467650698,11313.0,16,0,5,0,1.0
147179,0,0.012434279,56,0,1884.0,,16,0,2,0,1.0
147180,0,0.105645339,45,0,0.288777792,7600.0,7,0,1,0,1.0
147181,0,0.01739913,72,0,814.0,,5,0,1,0,0.0
147182,0,0.384871781,37,0,0.638788585,8584.0,15,0,2,0,0.0
147183,1,0.7223462190000001,49,0,0.603189717,4200.0,14,0,1,0,1.0
147185,1,0.309956153,66,0,1.00689862,3333.0,15,0,2,0,1.0
147186,0,0.012779743999999999,77,0,20.0,,8,0,0,0,
147187,0,0.0033137759999999996,47,0,5.0,,4,0,0,0,0.0
147188,0,0.058901659,56,0,0.25248281100000003,7853.0,14,0,2,0,3.0
147190,0,0.329304472,36,0,0.562064156,2150.0,6,0,0,0,0.0
147191,0,0.007789646999999999,58,0,1602.0,,4,0,1,0,
147192,1,1.011473529,30,1,0.425805854,10795.0,9,0,1,0,1.0
147193,0,0.040096447,82,0,0.17395833300000002,2879.0,16,0,1,0,0.0
147194,0,0.204816054,68,1,0.331638705,5900.0,22,0,0,0,0.0
147195,0,0.9234608990000001,68,1,1.320647003,1050.0,2,0,1,0,0.0
147196,0,0.6358174560000001,31,1,0.273372663,10000.0,5,0,2,0,4.0
147197,0,0.9999998999999999,26,0,0.0009996669999999999,3000.0,2,0,0,0,0.0
147198,0,0.893501413,30,0,0.280378748,1900.0,4,0,0,0,0.0
147199,0,0.9999998999999999,30,0,0.431011827,760.0,3,0,0,0,2.0
147200,0,0.408239326,50,0,0.050548535,7200.0,7,0,0,0,0.0
147201,0,0.559413894,62,1,4456.0,,18,0,3,0,
147202,0,0.5405701999999999,60,0,0.62556801,3300.0,11,0,2,0,2.0
147203,0,0.454854515,45,0,0.14247179999999998,4077.0,1,0,0,0,0.0
147204,0,0.49043870799999995,67,0,0.513795844,8806.0,11,0,1,0,0.0
147206,0,0.046119797000000004,58,0,0.039223226,5200.0,12,0,0,0,0.0
147208,0,0.033559361,47,0,0.300197128,3550.0,11,0,1,0,0.0
147209,0,0.0,72,0,0.0,2163.0,8,0,0,0,0.0
147210,0,0.036954972,45,0,0.604943551,11691.0,8,0,3,0,4.0
147211,0,0.594712723,66,0,0.868948655,2044.0,6,0,2,0,1.0
147212,0,0.441647665,63,0,0.348984285,5217.0,9,0,1,0,0.0
147213,0,0.0,52,0,0.24480902300000001,3900.0,9,0,1,0,0.0
147214,0,0.005622365,53,0,0.48856393,8000.0,11,0,1,0,3.0
147215,0,0.012538434,54,0,0.34024179600000004,11000.0,21,0,1,0,0.0
147217,0,0.049394804,60,0,722.0,,8,0,1,0,0.0
147218,0,0.10694054199999999,60,0,1326.0,,19,0,1,0,0.0
147220,0,0.376145971,57,0,0.447282051,9749.0,14,0,2,0,2.0
147221,1,0.684564572,53,1,0.284792775,6200.0,9,2,1,0,1.0
147222,0,0.00489631,71,0,0.007312614,1640.0,9,0,0,0,0.0
147223,1,0.499030711,30,0,0.706407323,4369.0,4,0,1,0,0.0
147224,0,0.016276874,73,0,0.006246096,1600.0,4,0,0,0,0.0
147225,0,0.9999998999999999,48,1,6.957535387,1200.0,6,0,2,0,4.0
147226,0,0.9897172240000001,24,0,0.086517209,3166.0,3,0,0,0,0.0
147227,0,0.058419244,40,0,0.17258526600000001,18500.0,8,0,1,0,1.0
147229,0,0.18733439,43,1,0.5186401939999999,7000.0,9,0,1,0,0.0
147230,0,0.001462936,52,0,0.150868413,13587.0,10,0,1,0,3.0
147231,0,0.10647493599999999,65,2,0.500724088,14500.0,17,0,4,1,0.0
147232,0,0.011869436,66,0,0.85,4019.0,5,3,2,1,2.0
147233,0,0.623738408,49,0,0.34658964700000006,4500.0,8,0,0,0,1.0
147234,0,0.11427900099999999,42,0,2491.0,,5,0,2,0,2.0
147235,0,0.52725153,37,0,2410.0,,7,0,1,0,0.0
147236,0,0.164341207,40,0,2291.0,,8,0,2,0,1.0
147237,0,0.014043028,59,0,0.14707036699999998,17834.0,12,0,2,0,0.0
147239,0,0.0,25,0,0.307481752,1095.0,3,0,0,0,0.0
147241,1,0.9999998999999999,50,0,0.0,2275.0,0,0,0,0,1.0
147242,0,0.038521975,46,0,0.386386725,8858.0,7,0,1,0,0.0
147243,0,0.401381456,43,0,0.342915045,18750.0,11,0,3,0,3.0
147246,0,0.041873953,59,0,49.0,,3,0,0,0,0.0
147249,0,0.9999998999999999,61,0,0.0,6892.0,0,0,0,0,0.0
147251,0,0.053251192,68,0,0.792155355,5200.0,16,0,4,0,0.0
147253,0,0.32135679,56,0,1249.0,,9,0,1,0,1.0
147254,0,0.36208721200000005,44,0,0.5246837010000001,4030.0,13,0,2,0,1.0
147256,0,0.23449082,62,0,3077.0,,21,0,1,0,1.0
147257,0,0.038453386,69,0,0.1916008,10500.0,15,0,1,0,0.0
147258,1,0.9999998999999999,25,98,0.0,,0,98,0,98,
147259,0,0.39709386399999996,59,0,0.160907356,4716.0,5,0,0,0,1.0
147262,0,0.038784018999999996,55,0,0.394448444,12500.0,9,0,1,0,2.0
147263,0,0.154542588,41,0,0.8410613779999999,3730.0,14,0,2,0,1.0
147264,0,0.06723641799999999,65,0,0.133732535,500.0,4,0,0,0,0.0
147266,0,0.32639128300000003,39,0,749.0,1.0,6,0,1,0,2.0
147267,0,0.881365617,56,0,1558.0,,4,0,1,0,0.0
147269,0,0.18622434,66,0,0.138373752,700.0,6,0,0,0,0.0
147270,0,0.900503553,44,2,0.542363962,9500.0,10,0,3,0,3.0
147274,0,0.578290571,44,2,0.41089283600000004,8500.0,7,0,2,0,3.0
147277,0,0.121411227,61,0,486.0,,4,0,0,0,0.0
147278,0,0.017191618999999998,44,0,0.254491486,6400.0,9,0,1,0,0.0
147280,0,0.9999998999999999,66,0,570.0,,3,0,0,0,0.0
147282,0,0.10164250400000001,61,0,0.34712027100000004,7083.0,13,0,2,0,2.0
147283,1,1.0163487740000001,36,0,0.143268539,4166.0,13,0,0,0,1.0
147284,0,0.28154565600000003,67,0,0.444398167,2400.0,20,0,0,0,0.0
147285,0,0.508485229,42,0,0.17370436,17500.0,9,0,1,0,1.0
147286,0,0.17907652300000002,56,0,4630.0,0.0,6,0,2,0,2.0
147287,0,0.058343671,50,0,0.45468180799999997,14000.0,8,0,2,0,1.0
147288,0,0.9999998999999999,57,0,1478.0,,1,0,1,0,0.0
147289,1,0.620619357,50,2,0.705746159,4750.0,8,0,1,3,0.0
147291,0,0.7764894040000001,35,1,0.32503888,4500.0,4,0,1,0,1.0
147292,0,0.506180046,46,0,0.43889027700000005,4000.0,5,0,0,0,0.0
147293,0,0.0,60,0,3501.0,,9,0,2,0,0.0
147294,0,0.040333852999999996,71,1,88.0,,14,0,0,0,0.0
147300,0,0.014070174,64,1,0.379034562,3500.0,11,0,0,0,0.0
147301,0,0.174446081,34,0,0.401246912,8500.0,7,0,1,0,0.0
147302,0,0.9999998999999999,37,0,423.0,,5,1,0,0,0.0
147303,0,0.313507865,41,0,0.143401257,5250.0,5,0,0,0,0.0
147305,0,0.23787269600000002,51,0,0.623420221,5063.0,16,0,2,0,0.0
147306,0,0.138809964,36,0,0.31503363,5500.0,7,0,1,0,2.0
147307,0,0.9999998999999999,39,0,0.20155469199999998,1800.0,2,0,0,0,3.0
147308,0,0.9999998999999999,37,0,0.38161899,11500.0,4,1,2,0,2.0
147310,0,0.173501732,69,0,12403.0,,31,0,9,0,0.0
147314,0,0.766317576,67,0,0.37122335,8770.0,13,0,0,0,1.0
147316,0,0.874356282,30,0,0.193770743,3916.0,3,0,0,0,0.0
147317,0,0.044209409000000005,56,0,2901.0,,15,0,2,0,0.0
147318,0,0.13390106400000001,49,0,0.433947856,9166.0,13,0,2,0,2.0
147319,0,0.12165165,50,2,0.238865661,5500.0,8,0,0,0,1.0
147320,0,0.030005728,50,0,0.296116505,13595.0,12,0,2,0,2.0
147321,0,0.049575016,79,0,2566.0,,12,0,3,0,
147323,0,0.163959327,37,0,0.442056075,4279.0,5,0,1,0,3.0
147326,0,0.127890901,51,0,0.8283905359999999,3000.0,13,0,2,0,0.0
147327,0,0.8955697579999999,53,0,0.474004521,5750.0,12,0,2,0,0.0
147328,0,0.9999998999999999,43,0,0.038264116,15000.0,7,0,0,0,3.0
147329,0,0.045998686,59,0,0.5907731070000001,6350.0,9,0,1,0,2.0
147330,0,0.651497074,55,0,0.619380619,1000.0,2,0,0,0,0.0
147331,0,0.529129824,64,1,0.713090909,2749.0,10,0,0,0,0.0
147332,0,0.295019419,62,0,0.6445551279999999,8833.0,10,0,3,0,0.0
147334,0,0.010540134,48,0,1.9568515880000001,2108.0,11,0,2,0,0.0
147337,0,0.12175440400000001,50,0,0.466948385,6625.0,13,1,2,0,1.0
147338,0,0.168432715,58,0,4654.0,,15,0,5,0,0.0
147340,0,0.12637489400000002,44,0,1844.0,,3,0,2,0,0.0
147342,0,0.017337784,49,0,2566.0,,13,0,1,0,0.0
147344,0,0.24099036,52,0,0.536239933,3600.0,8,0,2,0,0.0
147345,0,0.030157912999999998,62,0,0.10975609800000001,7461.0,15,1,0,0,0.0
147346,0,0.059747013,64,0,0.15040012,13370.0,6,0,1,0,0.0
147347,0,0.214771812,40,0,0.496189395,6166.0,6,0,2,0,2.0
147349,0,0.002415049,34,1,0.560383747,5315.0,19,0,2,0,3.0
147351,0,0.9999998999999999,29,0,0.237904838,2500.0,4,0,0,1,2.0
147352,0,0.169583024,56,0,3858.0,,12,0,2,0,0.0
147353,0,0.9999998999999999,66,0,0.21627409,1400.0,6,0,0,1,0.0
147354,0,0.202610693,42,0,1198.0,,11,0,1,0,0.0
147355,0,0.373972521,34,1,0.16151966199999998,4500.0,9,0,0,0,1.0
147356,0,0.45236742700000004,49,0,0.711223102,12500.0,13,0,4,0,3.0
147357,0,0.43774069299999996,36,0,1242.0,,9,0,1,0,2.0
147359,0,0.055682745,49,0,0.004691947,13000.0,6,0,0,0,7.0
147361,0,0.17868875899999997,29,0,0.307346327,2000.0,3,0,0,0,0.0
147362,0,0.09602139300000001,67,0,0.241850543,15000.0,10,0,2,0,0.0
147363,0,0.633539441,57,0,0.6354855110000001,5900.0,8,0,2,0,0.0
147364,0,0.208045046,53,0,0.46110935700000005,9500.0,14,0,2,0,1.0
147365,0,0.9999998999999999,56,1,1.0466493890000002,2700.0,8,0,2,0,2.0
147366,0,0.546675237,29,0,0.32770212,5800.0,5,0,1,0,3.0
147367,0,0.245340373,31,0,0.070371082,5200.0,3,0,0,0,1.0
147368,0,0.90878957,35,2,0.516336056,3427.0,6,5,0,0,0.0
147369,0,0.313466399,56,0,0.104643413,4500.0,4,0,0,0,1.0
147371,0,0.020504755,60,0,41.0,,6,0,0,0,0.0
147372,0,0.066412759,43,0,0.212446888,4000.0,5,0,1,0,2.0
147373,0,0.0,62,0,0.06570675299999999,4930.0,9,0,0,0,0.0
147374,0,0.037222605,70,0,0.016557326,3200.0,6,0,0,0,0.0
147375,0,0.0015332310000000001,68,0,0.15469905,1893.0,4,0,1,0,0.0
147376,0,0.076456946,60,0,0.007757951999999999,11600.0,4,0,0,0,0.0
147377,0,0.080326639,52,0,0.082059222,5166.0,9,0,0,0,0.0
147378,0,0.13812649800000001,46,0,0.176647672,9300.0,9,0,1,0,2.0
147383,0,0.029003874,69,0,0.095580884,5000.0,12,0,1,0,0.0
147384,0,0.271575817,44,0,1731.0,,5,0,1,0,1.0
147385,0,0.22423995100000002,57,0,0.159722222,3743.0,7,0,0,0,0.0
147386,0,0.9999998999999999,45,0,0.16633346699999998,2500.0,2,0,0,0,1.0
147387,1,0.004880588,59,1,0.26249679600000003,3900.0,10,0,2,0,0.0
147388,0,0.050538100999999995,47,0,0.18135892899999997,7917.0,18,0,1,0,2.0
147389,0,0.0,50,0,0.0,11400.0,2,0,0,0,1.0
147390,0,0.565912117,43,0,67.0,,2,0,0,0,0.0
147392,0,0.032592731,64,0,31.0,,5,0,0,0,0.0
147393,0,0.946167054,40,3,0.070206621,4500.0,3,4,0,0,1.0
147394,0,0.027967087,76,0,0.085460599,900.0,7,0,0,0,0.0
147395,0,0.078330722,85,0,0.016459006,6500.0,6,0,0,0,0.0
147396,0,0.112353422,28,0,0.026659557,3750.0,4,0,0,0,0.0
147397,0,0.0023185429999999997,61,0,335.0,0.0,9,0,0,0,0.0
147402,0,0.6848577690000001,48,0,0.731361933,4801.0,6,0,2,0,0.0
147403,0,0.230760937,70,0,0.38786782200000003,10500.0,23,0,2,0,0.0
147405,0,0.42963633,61,0,0.521917627,7550.0,16,0,2,0,3.0
147406,0,0.194511565,48,0,0.7419354840000001,2200.0,11,0,1,0,0.0
147407,0,0.017186821,55,0,0.09765039199999999,6000.0,15,0,1,0,0.0
147408,0,0.051299134,37,1,0.32583708100000003,2000.0,3,0,0,0,0.0
147409,1,0.568882,43,1,0.187384045,2155.0,3,1,0,1,0.0
147411,0,0.337858043,76,0,0.384023355,7535.0,10,0,2,0,0.0
147413,0,0.009666419,59,0,0.305269473,10000.0,13,0,1,0,0.0
147414,0,0.075523008,80,0,0.014115986,8500.0,5,0,0,0,1.0
147415,0,0.012932913,67,1,0.130994497,10175.0,11,0,1,0,1.0
147416,0,0.143171366,82,0,0.006997667,3000.0,3,0,0,0,0.0
147417,0,0.7910931170000001,50,0,1.041355932,4424.0,13,0,2,0,0.0
147418,0,0.007256316999999999,63,0,0.36557253799999995,3990.0,13,0,2,0,0.0
147419,0,0.13036156,31,0,0.314934389,4800.0,5,0,1,0,1.0
147420,1,1.093976506,29,0,3393.0,,7,0,2,0,2.0
147421,0,0.042296245999999996,42,0,0.268591772,7583.0,13,0,2,0,3.0
147423,0,0.0849966,44,0,0.20915636,10833.0,4,0,1,0,1.0
147424,0,0.24898911199999998,64,0,4053.0,0.0,16,0,2,0,0.0
147425,0,0.441459025,35,0,0.348012582,3496.0,11,0,1,0,1.0
147426,0,0.002341191,78,0,0.40393627,3200.0,9,0,1,0,1.0
147427,0,0.051521662999999995,69,0,0.281846097,10746.0,45,0,2,0,1.0
147428,0,0.84530239,60,0,0.259058726,2400.0,5,1,0,0,0.0
147429,0,0.45376353,56,0,0.444104985,7200.0,15,0,2,0,2.0
147430,0,0.334007967,57,0,0.321993746,10552.0,10,0,2,0,0.0
147432,0,0.621238042,49,0,0.666609648,5845.0,13,0,1,0,0.0
147434,0,0.014671248000000001,44,1,0.31568059600000004,4833.0,12,0,2,0,2.0
147435,0,0.169913395,36,0,0.262017248,13334.0,13,0,2,0,2.0
147436,0,0.529992459,49,0,0.192618907,5066.0,15,0,0,0,0.0
147438,0,0.041224365,71,0,1098.0,,20,0,1,0,0.0
147440,0,0.074167464,77,0,0.007140817,3500.0,7,0,0,0,0.0
147442,0,0.535721884,50,0,0.191000266,22533.0,15,0,2,1,2.0
147443,0,0.313517447,69,0,0.170117118,8452.0,8,0,1,1,0.0
147444,0,0.046159285,65,0,506.0,,6,0,1,0,0.0
147446,0,0.027042414,70,0,1024.0,,10,0,2,0,0.0
147447,0,0.0,34,0,2215.0,,4,0,1,0,0.0
147448,0,0.0,59,0,0.0,,9,0,0,0,0.0
147449,0,0.973251337,63,0,0.236676332,10000.0,4,0,1,0,0.0
147452,0,0.0035427559999999998,73,0,1652.0,,6,0,2,0,0.0
147456,0,0.147893644,75,0,0.063124821,3500.0,6,0,0,0,0.0
147458,0,0.254856425,38,0,0.27989972,6780.0,7,0,1,0,1.0
147459,0,0.041367057,42,0,0.323815018,10400.0,14,0,2,0,5.0
147460,0,0.0,67,0,0.5768985320000001,4700.0,7,0,2,0,0.0
147461,0,0.057421137000000004,64,0,700.0,,15,0,1,0,0.0
147462,0,0.261553512,47,0,0.269675761,7000.0,12,0,1,0,3.0
147463,0,0.047951075999999995,48,0,0.082073434,8333.0,12,0,0,0,0.0
147465,0,0.0,48,0,0.407234672,8790.0,5,0,3,0,2.0
147466,0,0.0,57,0,0.234574468,3759.0,7,0,1,0,2.0
147467,0,0.234465875,50,2,0.337135239,6750.0,16,0,2,0,0.0
147469,0,0.482769855,48,0,2596.0,,8,0,1,0,4.0
147472,0,0.9999998999999999,23,0,582.0,,1,0,0,0,0.0
147473,0,0.032217293,33,0,0.193122751,2500.0,10,0,1,0,0.0
147474,0,0.012794505,44,0,0.09190900800000001,12000.0,7,0,1,0,0.0
147476,0,0.810621632,72,0,1178.0,,7,0,1,0,0.0
147478,1,0.476518696,56,5,0.28022890899999997,10833.0,15,2,2,0,0.0
147480,1,0.6235699,36,0,1.0031419590000001,3500.0,7,0,1,0,0.0
147481,0,0.147656012,63,1,0.079407806,5200.0,18,0,0,0,0.0
147482,0,0.288412399,49,0,5342.0,1.0,8,0,4,0,0.0
147483,0,0.13806896300000002,49,0,0.184686605,16416.0,7,0,2,0,2.0
147484,0,0.349482526,35,0,0.471752825,10000.0,6,0,1,0,0.0
147485,0,0.9999998999999999,26,0,0.0,4166.0,1,0,0,0,0.0
147486,0,0.05066032,67,0,0.036385446,2500.0,10,0,0,0,0.0
147487,1,1.0316315740000002,30,3,0.364100693,5481.0,14,0,0,0,1.0
147488,0,0.998615438,60,0,0.323494173,9180.0,6,0,1,0,1.0
147489,0,0.9999998999999999,25,0,0.0,2500.0,3,1,0,0,0.0
147490,0,0.08791208800000001,84,0,0.030492377,4000.0,5,0,0,0,0.0
147493,1,1.091514143,44,1,0.024487756,2000.0,2,2,0,0,1.0
147494,0,0.6965749459999999,37,0,0.31921009899999997,8000.0,6,0,1,0,0.0
147495,0,0.9999998999999999,21,0,0.0,700.0,1,0,0,0,0.0
147497,0,0.0,80,0,0.0,5300.0,8,0,0,0,0.0
147499,0,0.8329303640000001,43,0,0.607089663,6713.0,12,0,1,0,1.0
147500,0,0.9999998999999999,43,0,0.39194499,2035.0,4,0,1,0,2.0
147501,0,0.025155464,77,0,0.002514142,9545.0,8,0,0,0,0.0
147502,0,0.126115638,31,0,0.294429708,7916.0,10,0,2,0,1.0
147504,0,0.421080258,49,0,0.275729224,5450.0,18,0,1,0,3.0
147505,0,0.0,76,0,0.0,,2,0,0,0,0.0
147506,0,0.93039085,38,0,0.120143149,7823.0,8,1,0,0,2.0
147507,0,0.25243618,50,0,0.406036154,25280.0,24,0,4,0,0.0
147508,0,0.335133754,58,0,2831.0,,7,0,2,0,
147511,0,0.02819859,65,0,861.0,,7,0,1,0,0.0
147512,0,0.017922417,80,0,1164.0,,13,0,1,0,0.0
147513,0,0.045794554,73,0,0.570440429,7083.0,13,0,2,0,1.0
147514,0,1.037524997,75,0,0.798539023,2600.0,7,1,0,0,0.0
147515,0,0.18052677,47,2,0.8216570209999999,6565.0,10,0,3,0,0.0
147516,0,0.059021602,60,0,0.543627576,3930.0,19,0,1,0,0.0
147517,0,0.010812927,74,0,0.001041558,9600.0,8,0,0,0,0.0
147518,0,0.004386955,59,1,1865.0,,9,0,2,0,0.0
147519,0,0.492649381,43,0,1194.0,,4,0,0,0,3.0
147520,0,1.107892108,21,0,0.008247938,4000.0,2,0,0,0,0.0
147523,0,0.666509341,50,0,4351.0,0.0,12,0,2,0,2.0
147524,0,0.071163563,30,0,1340.0,,5,0,1,0,0.0
147525,0,0.020465984,88,0,0.0018,9999.0,2,0,0,0,0.0
147526,1,0.317241059,56,0,0.135793492,5500.0,11,0,0,0,1.0
147527,0,0.027992622,90,0,0.009996002,2500.0,5,0,0,0,0.0
147528,0,0.001454508,56,0,0.36125908,2064.0,5,0,2,0,0.0
147529,0,0.14142698199999998,37,0,0.408994146,3757.0,7,0,2,0,1.0
147530,0,0.0,69,0,0.0,8675.0,1,0,0,0,0.0
147531,1,1.020395921,61,0,0.166568838,15332.0,6,2,1,2,1.0
147532,0,0.018829308,65,3,1.083983203,5000.0,16,0,2,1,0.0
147533,0,0.250401665,56,0,2993.0,,24,0,3,0,0.0
147534,1,0.8971575490000001,46,4,0.512330593,4500.0,10,0,1,0,0.0
147535,0,0.028948553,84,0,0.00359928,5000.0,1,0,0,0,0.0
147538,0,0.9434414729999999,43,0,4078.0,,12,0,2,0,1.0
147539,0,0.0,55,0,1572.0,,5,0,3,0,0.0
147540,0,0.207930499,72,0,0.353960671,9000.0,13,0,2,0,0.0
147542,0,0.125421906,46,0,0.387494003,6252.0,10,0,2,0,2.0
147543,1,0.9999998999999999,41,3,0.185532289,6828.0,6,0,1,2,2.0
147545,0,0.366986035,31,0,0.37419235700000003,5416.0,17,0,1,0,0.0
147546,0,0.0,71,0,0.0,5000.0,3,0,0,0,0.0
147547,0,0.012247902,64,0,0.0014062060000000001,32000.0,3,0,0,0,0.0
147549,0,0.05996077,30,0,0.092242195,16911.0,7,0,1,0,0.0
147551,0,0.42076146600000003,71,0,0.260174419,12383.0,18,0,1,0,0.0
147552,0,0.69602938,57,1,0.79952644,3800.0,15,0,2,0,0.0
147554,0,0.35547954200000004,30,0,0.32245843,4750.0,7,0,1,0,3.0
147555,1,1.002920225,52,0,0.264631043,2750.0,6,0,0,0,0.0
147556,0,0.184060497,55,1,0.6646997570000001,2880.0,13,0,2,0,0.0
147557,0,0.200097219,32,0,0.7962912459999999,3666.0,7,0,1,0,0.0
147558,0,0.532782468,49,2,1.649326805,1633.0,12,0,2,0,1.0
147561,1,0.9811181040000001,44,1,7148.0,,10,0,3,2,0.0
147564,0,0.084680904,31,0,526.0,,6,0,0,0,0.0
147565,0,0.17611748,40,0,1.012020245,4741.0,17,0,4,0,3.0
147566,0,0.796323807,54,0,0.396400985,11780.0,10,0,2,0,1.0
147567,0,0.30944830100000004,84,1,0.433313337,5000.0,10,0,0,0,0.0
147568,0,0.941352882,44,0,1418.0,,8,0,0,0,2.0
147569,0,0.013839108999999999,49,0,0.00619876,5000.0,11,0,0,0,0.0
147570,0,0.547145285,34,0,0.10732984300000001,4583.0,9,0,0,0,0.0
147572,0,0.002580437,85,1,0.156579678,1800.0,6,0,0,0,0.0
147573,1,0.9999998999999999,35,0,0.40135797799999995,2650.0,5,0,1,0,0.0
147574,0,0.42748615700000003,36,0,0.566143386,10000.0,8,0,1,0,0.0
147575,0,0.015520996,49,0,0.237301693,7500.0,6,0,1,0,2.0
147576,0,0.235313014,43,0,0.36475145299999995,4646.0,13,0,2,0,2.0
147577,0,0.016183184,53,0,0.43246682399999997,5500.0,9,0,1,0,1.0
147578,0,0.5666136620000001,62,0,0.174282572,10000.0,4,0,0,0,1.0
147580,0,0.377144153,37,0,0.11669705699999999,3838.0,4,0,0,0,2.0
147581,0,0.0,80,0,0.0,,11,0,0,0,0.0
147582,0,0.010149911999999999,62,0,4.5,1.0,5,0,0,0,0.0
147583,0,0.284485776,50,0,0.346033729,1600.0,7,0,0,0,0.0
147584,0,0.004834524000000001,30,0,0.697101449,2069.0,10,0,1,0,2.0
147585,0,0.029833337,62,0,0.184004323,3700.0,9,0,0,0,0.0
147587,0,0.01907406,70,0,0.136288371,7850.0,9,0,0,0,0.0
147588,0,0.690775769,47,0,0.9091443690000001,3400.0,10,0,2,0,3.0
147590,0,1.098300074,67,0,1915.0,,8,0,0,0,1.0
147592,0,0.0,59,1,9899.0,,10,0,4,0,0.0
147595,0,0.20127882600000002,47,0,0.235591507,8900.0,11,0,1,0,1.0
147596,0,0.003749813,87,1,2.0,,2,0,0,0,0.0
147598,0,0.077113902,75,0,0.295823398,13000.0,12,0,2,0,1.0
147599,0,0.57114611,62,0,2494.0,,8,0,1,0,0.0
147600,0,0.7948777690000001,60,2,0.9438752779999999,11224.0,24,0,2,1,2.0
147601,1,0.9999998999999999,44,2,0.42492179399999996,1917.0,2,1,1,0,1.0
147602,0,0.155782005,60,0,2834.0,,7,0,1,0,0.0
147603,0,0.107496417,46,0,0.129608799,8000.0,9,0,0,0,2.0
147604,0,0.9999998999999999,36,0,0.196150999,1350.0,2,0,0,0,2.0
147605,0,0.296770323,25,0,0.072322127,2557.0,5,0,0,0,0.0
147606,0,0.24767976,49,0,1.12292149,4750.0,11,0,3,0,1.0
147608,0,0.9480173279999999,42,0,0.42888146899999996,5989.0,8,0,1,0,0.0
147609,0,0.0,47,0,0.459846332,9500.0,12,0,2,0,2.0
147612,0,0.27828245100000004,45,0,0.357948864,7000.0,8,0,2,0,0.0
147613,0,0.0,46,1,2417.0,,9,0,1,0,3.0
147614,0,0.097851883,45,0,0.195956811,4352.0,16,0,0,0,2.0
147615,0,0.0,49,0,0.281577925,5145.0,12,0,1,0,0.0
147616,0,0.012600229,46,1,0.169735398,8200.0,10,0,1,0,2.0
147617,0,0.474919957,54,0,0.229953981,7170.0,9,0,1,0,0.0
147619,0,0.046134512,56,0,0.010864278,12333.0,7,0,0,0,2.0
147621,0,0.9111088890000001,56,0,0.588169953,3600.0,8,0,1,0,0.0
147623,0,0.188842147,57,0,1243.0,,6,0,1,0,0.0
147625,0,0.07694574900000001,62,0,0.167396646,9360.0,7,0,2,0,1.0
147626,0,0.558688262,63,0,0.6891773370000001,5700.0,11,0,1,0,0.0
147630,0,0.21362176800000002,44,1,1.0423192270000001,3000.0,7,0,0,0,2.0
147631,1,1.457659372,41,0,0.107410491,1200.0,2,2,0,1,1.0
147635,0,0.001030875,75,0,0.0,6753.0,2,0,0,0,1.0
147639,0,0.051117955,80,0,0.01010101,3761.0,1,0,0,0,0.0
147643,0,0.049423340999999996,50,1,1068.5,1.0,10,0,1,0,1.0
147647,0,0.058416425,44,0,0.20062395,8333.0,20,0,0,0,1.0
147648,0,0.030685423,71,1,0.12630741199999998,8795.0,8,0,0,0,0.0
147649,0,0.037085721,40,0,0.250268759,4650.0,12,0,2,0,0.0
147651,0,0.011179611,97,0,0.04962202,5158.0,8,0,1,0,0.0
147654,0,0.018417266,55,1,0.724725208,8278.0,14,0,4,1,0.0
147656,0,0.050822123,45,2,0.367482973,6900.0,10,0,1,0,3.0
147657,0,0.301652463,45,0,0.35005822,9446.0,17,0,2,0,3.0
147658,0,0.9999998999999999,24,0,0.0,,1,0,0,0,0.0
147660,0,0.949928399,47,0,0.8083972009999999,3000.0,15,0,2,0,2.0
147661,0,0.155951835,42,0,0.078279174,7600.0,6,0,0,0,2.0
147662,0,0.416826311,61,0,0.762877635,4600.0,20,0,2,0,1.0
147663,0,0.045008304000000006,56,0,1016.0,,16,0,1,0,0.0
147664,0,0.9690061990000001,27,0,1.6407879490000001,1725.0,9,0,2,0,1.0
147666,0,0.21908073399999997,61,1,0.348803012,17000.0,13,0,4,0,2.0
147667,0,0.32415981899999996,56,0,0.41637803100000004,4041.0,8,0,2,0,1.0
147668,0,0.9696509190000001,63,0,0.225041039,6700.0,6,0,0,0,0.0
147670,0,0.29909542899999997,56,0,2860.0,,10,0,1,0,
147674,0,0.557726329,46,2,0.460882281,12308.0,8,0,2,0,2.0
147675,0,0.227967799,40,0,0.143405013,7300.0,10,0,1,0,5.0
147677,0,0.6600412929999999,45,0,0.5595451060000001,7825.0,18,0,2,0,4.0
147678,0,0.544218909,66,0,0.541458369,5800.0,8,0,2,0,0.0
147680,0,0.249222385,46,0,0.535611674,6612.0,13,0,1,0,0.0
147683,0,0.358643372,31,0,0.607797401,3000.0,9,0,1,0,1.0
147684,0,0.271586331,48,0,0.183501875,8800.0,8,0,0,0,1.0
147686,0,0.017107403,80,0,9.0,,6,0,0,0,
147687,0,0.7889098929999999,38,0,0.241353302,9280.0,12,0,1,0,3.0
147688,0,0.0,47,0,0.91223123,5673.0,6,0,2,0,0.0
147690,1,0.9999998999999999,66,0,0.0,,0,0,0,0,0.0
147691,0,0.0,57,0,2043.0,,6,0,2,0,
147692,0,0.225911635,61,0,0.433840684,9000.0,7,0,0,0,0.0
147693,0,0.049291481,41,0,0.310133757,4410.0,7,0,1,0,0.0
147694,0,0.99340066,32,0,0.120646559,6000.0,3,0,0,0,2.0
147695,0,0.281043198,26,0,0.38680293299999996,4500.0,8,0,1,0,0.0
147696,0,0.846388267,42,0,0.194333599,5011.0,6,0,0,0,0.0
147697,0,0.59170526,59,0,0.413179705,4946.0,9,0,1,0,2.0
147698,0,0.946727938,31,0,0.7257097159999999,2500.0,8,0,0,0,0.0
147699,0,0.021270472999999998,66,0,0.373363431,2214.0,14,0,1,0,0.0
147700,0,0.030176437,51,0,0.003670687,5720.0,7,0,0,0,0.0
147701,0,0.035901342999999995,57,0,658.0,,7,0,1,0,0.0
147703,1,1.0299800129999999,34,3,0.898946063,1612.0,4,0,2,0,2.0
147705,1,0.9332617,41,3,0.43809279700000003,3900.0,12,1,0,1,5.0
147706,0,0.835272782,51,0,0.47253634899999997,3713.0,7,0,0,0,1.0
147707,0,0.053618840999999993,50,1,1.2445109779999999,1001.0,8,0,2,0,0.0
147710,0,0.0,37,3,0.15137829,6420.0,3,1,0,3,3.0
147711,0,0.017930195,52,0,0.408036998,16000.0,29,0,5,1,2.0
147713,0,0.9999998999999999,35,0,0.36789900799999997,4435.0,7,0,0,0,0.0
147714,0,0.17142776899999998,51,0,0.180993235,12121.0,3,0,1,0,5.0
147715,0,0.006305734,80,0,0.261873813,10000.0,7,0,1,0,0.0
147716,0,0.032306142,59,0,0.391663964,6165.0,19,0,1,0,0.0
147717,0,0.194979254,57,0,0.25936401800000003,11666.0,22,0,2,0,1.0
147720,0,0.566077564,68,0,0.514451918,5500.0,10,0,1,0,0.0
147721,0,0.012285421999999999,64,0,1466.0,,6,0,1,0,0.0
147722,0,0.605564321,40,0,3060.0,,7,0,2,0,0.0
147723,0,0.298263379,33,1,0.143104044,8678.0,10,0,1,0,0.0
147724,1,0.895681265,57,1,0.056660790999999995,3970.0,10,0,0,0,1.0
147725,0,0.19945479300000002,23,0,0.119205298,150.0,4,0,0,0,0.0
147727,0,0.49416861,33,0,271.0,,2,0,0,0,0.0
147728,0,0.036343889,38,0,0.110269961,7000.0,8,0,1,0,1.0
147729,0,0.0,85,0,0.001362583,7338.0,5,0,0,0,0.0
147730,0,0.8070359770000001,56,0,946.0,,3,0,0,0,0.0
147732,0,0.02076483,58,0,0.28085326899999996,11578.0,6,0,4,0,0.0
147734,0,0.004580777,43,0,0.326490887,5650.0,8,0,1,0,3.0
147735,0,0.99140172,46,0,0.44963105600000003,6233.0,3,0,1,0,1.0
147737,0,0.603731766,33,0,0.836566725,1700.0,7,0,1,0,0.0
147738,0,0.21384348,46,1,0.19183086100000002,9033.0,15,0,1,1,3.0
147740,0,0.20432241399999998,66,0,0.390958443,10683.0,17,0,1,0,1.0
147743,0,0.5949520460000001,64,0,0.6245972670000001,9000.0,16,0,3,0,0.0
147744,0,0.935953351,60,0,1.124352332,4631.0,25,0,1,0,1.0
147745,0,0.142000801,50,0,0.223979638,11000.0,9,0,1,0,1.0
147746,0,0.037999441,62,0,0.170023075,9533.0,5,0,1,0,0.0
147747,0,0.019484034,61,0,0.003770998,5833.0,4,0,0,0,1.0
147748,1,1.71536069,35,0,0.8245308170000001,9750.0,16,0,2,0,2.0
147749,0,0.10844040099999999,48,0,1109.0,,7,0,0,0,
147750,0,0.037701619,37,0,0.403625223,3916.0,14,0,1,0,1.0
147751,0,0.72117101,47,2,0.066796368,3083.0,2,1,0,0,1.0
147754,0,0.9999998999999999,63,0,0.054527429,3025.0,2,0,0,0,0.0
147756,0,0.079450489,63,0,0.152125106,12916.0,6,0,2,0,0.0
147757,0,0.255752756,31,0,0.164784299,5400.0,5,0,0,0,0.0
147760,0,0.003065173,90,0,1.0,,2,0,0,0,
147761,0,0.629513232,62,0,0.552925862,16900.0,9,0,3,0,1.0
147764,0,0.12393606300000001,57,0,4393.0,,10,0,4,0,0.0
147765,0,0.009649518000000001,67,0,0.295824238,14200.0,9,0,3,0,0.0
147766,0,0.7768352820000001,46,0,0.25206764600000003,8100.0,8,0,0,0,2.0
147767,0,0.497729708,47,3,0.244267808,3270.0,11,0,0,0,1.0
147768,0,0.043009161,62,0,0.35950127,4330.0,9,0,1,0,1.0
147771,0,0.007752258000000001,79,0,0.218237705,3903.0,9,0,1,0,1.0
147772,0,0.066279676,79,0,0.45646867399999996,4915.0,9,0,1,0,0.0
147773,1,0.412257174,40,0,12702.0,,12,0,2,0,0.0
147774,1,0.9999998999999999,68,98,255.0,,0,98,0,98,0.0
147775,0,0.395323759,46,0,0.11345598800000001,5543.0,5,0,0,0,1.0
147777,0,0.01191106,66,0,20.0,,7,0,0,0,0.0
147778,0,0.154613581,89,0,0.24538143899999998,4600.0,10,0,2,0,0.0
147779,0,0.019920108,45,0,0.22941227100000003,11620.0,4,0,1,0,3.0
147781,0,0.028589227000000002,71,0,0.0020633279999999997,12600.0,5,0,0,0,0.0
147782,0,1.003992016,28,1,0.109760878,2550.0,2,0,0,0,0.0
147783,0,0.815816337,54,0,0.9711511,3500.0,9,0,1,0,2.0
147784,0,0.067191828,73,0,4693.0,,8,0,2,0,0.0
147789,0,0.136425708,33,1,0.550898204,500.0,7,0,0,0,0.0
147790,0,0.175072206,66,0,1807.0,,5,0,1,0,1.0
147791,0,0.02127974,72,1,86.0,,14,0,0,0,0.0
147792,0,0.871007071,29,3,0.026014366,5150.0,3,0,0,0,0.0
147793,0,0.056293464,48,0,0.019796041,5000.0,4,0,0,0,0.0
147794,0,0.001566865,66,0,0.052989402000000005,5000.0,6,0,0,0,0.0
147795,0,0.055549074000000004,58,0,2583.0,,9,0,1,0,0.0
147796,0,0.025279952,49,0,0.15876573,5800.0,9,0,1,0,1.0
147797,0,0.17562179600000002,48,0,0.033405383999999996,45800.0,4,0,1,0,0.0
147798,0,0.9999998999999999,62,0,0.320546353,3440.0,1,0,1,0,0.0
147799,0,0.0,53,0,0.0,4442.0,5,1,0,2,0.0
147801,0,0.8402188270000001,45,0,1307.0,,2,0,1,0,0.0
147803,0,0.420787946,48,1,1333.0,,7,0,0,0,0.0
147804,0,0.027447645,45,0,1.7058541269999998,2083.0,12,0,1,0,2.0
147805,0,0.21999505600000002,53,0,0.21382289399999999,8333.0,6,0,1,0,2.0
147807,0,0.046096383,60,0,0.29261301,4534.0,12,0,2,0,0.0
147809,0,0.074096295,64,0,1307.0,,5,0,2,0,
147810,0,0.0,39,0,3283.0,,4,0,1,0,
147811,0,0.224035877,37,0,0.133182242,7500.0,8,0,0,0,0.0
147813,0,0.015848473000000002,61,0,0.20887698,8583.0,7,0,2,0,0.0
147814,0,0.19518586,62,0,0.512058329,5348.0,15,0,1,0,1.0
147818,0,0.708458308,54,0,0.213575336,4021.0,5,0,0,0,1.0
147819,0,0.058831372,65,0,1932.0,,4,0,2,0,0.0
147820,0,0.047614055,64,0,0.106271445,10491.0,10,0,1,0,0.0
147821,0,0.566378884,61,0,0.815224463,4610.0,8,0,1,0,4.0
147825,0,0.0,50,0,0.285111701,6400.0,5,0,1,0,0.0
147827,0,0.043579945999999994,62,0,0.19284084899999998,5698.0,9,0,1,0,0.0
147829,0,0.8363632329999999,62,0,0.351421727,9600.0,9,0,1,0,1.0
147831,0,0.850947777,58,0,0.389631315,10550.0,9,0,1,0,3.0
147832,0,0.087630603,30,1,0.007162878,3210.0,4,0,0,0,0.0
147833,0,0.143642726,55,1,0.402053499,3700.0,7,0,1,0,0.0
147835,0,0.002406698,78,0,6.0,,9,0,0,0,0.0
147836,0,0.039992002,61,0,6.0,,2,0,0,0,0.0
147843,0,0.471866467,36,0,0.44558944799999994,2425.0,7,0,0,0,0.0
147846,1,0.181381862,32,0,0.653869226,3333.0,7,0,1,0,1.0
147848,0,0.24143677100000002,66,0,0.724597446,1800.0,3,0,1,0,0.0
147849,0,0.284248732,49,0,0.9102687140000001,2083.0,5,0,1,0,3.0
147851,0,0.054481547000000005,30,0,0.011663426999999999,3600.0,3,0,0,0,1.0
147852,0,0.002833097,25,0,0.23145268800000002,2250.0,4,0,0,0,0.0
147853,0,0.140940529,45,0,1409.0,,6,0,1,0,0.0
147854,0,0.242485085,63,1,3673.0,,16,0,1,0,2.0
147855,0,0.38447077700000004,62,0,1.026518966,2978.0,12,0,2,0,0.0
147856,0,0.36705038700000003,44,1,980.0,,4,0,1,0,1.0
147857,0,0.066625093,58,0,3423.0,,15,0,4,0,0.0
147858,0,0.630272211,35,0,0.859190135,6000.0,16,0,1,0,1.0
147860,0,0.678338132,66,0,0.31992002,4000.0,4,0,0,0,0.0
147863,0,0.019984428000000002,65,0,0.163524169,11667.0,7,0,1,0,2.0
147865,0,0.0039963279999999995,32,0,0.07582786799999999,6250.0,5,0,0,0,0.0
147866,0,0.102779038,52,0,0.26962591199999997,12750.0,8,0,3,0,0.0
147867,0,0.039417932,66,0,48.0,,3,0,0,0,0.0
147870,0,0.093152444,67,0,0.14057850300000002,8400.0,13,0,1,0,0.0
147871,1,0.342368389,47,2,0.42727698799999997,6400.0,9,2,2,0,0.0
147872,0,1.014633551,69,0,0.099524912,8208.0,6,0,0,0,1.0
147873,0,0.067965104,78,0,0.172905526,560.0,10,0,0,0,0.0
147874,0,0.99520064,40,1,0.36501687299999996,5333.0,7,0,1,1,0.0
147875,0,0.261934516,58,0,0.505432746,2668.0,4,0,2,0,1.0
147876,0,0.15500971800000002,45,0,0.219199338,9666.0,6,0,1,0,3.0
147877,0,0.022958976000000002,54,0,0.5520758339999999,8333.0,14,0,3,0,0.0
147878,0,0.295237614,34,0,0.366244946,7666.0,9,0,1,1,2.0
147879,0,0.45854679200000004,61,0,0.47540196799999995,8333.0,12,0,2,0,0.0
147881,0,0.539538403,42,0,0.96629053,7000.0,9,4,3,1,1.0
147882,0,0.965110535,32,3,0.7355268640000001,2400.0,11,0,1,0,3.0
147883,0,0.18721924399999998,49,0,0.289903366,3000.0,6,0,0,0,0.0
147884,0,0.390592317,32,0,0.233529727,5600.0,11,0,0,1,4.0
147885,1,0.023255814,60,0,0.0,2675.0,1,0,0,0,2.0
147886,1,0.724171731,34,5,0.434818825,2400.0,9,1,0,0,2.0
147887,0,0.119562608,61,0,1102.0,,8,0,1,0,0.0
147888,0,0.9999998999999999,54,0,0.18272275,2210.0,3,0,0,0,0.0
147890,0,0.059997474,63,0,0.535136569,3770.0,11,0,1,0,0.0
147891,0,0.0,88,0,0.0,,3,0,0,0,0.0
147893,0,0.0,41,1,1529.0,,6,0,2,0,0.0
147896,0,0.08477811099999999,46,0,0.37408873200000003,4800.0,12,0,1,0,0.0
147897,0,0.096997744,67,0,0.20220733100000002,10147.0,6,0,1,0,0.0
147898,0,0.046144091,30,0,1738.0,,4,0,1,0,0.0
147900,0,0.024950966,36,0,0.39063046799999995,20000.0,13,0,3,0,1.0
147902,0,0.396500243,62,0,0.7554013559999999,6340.0,11,0,2,0,0.0
147903,0,0.09271636400000001,48,0,0.09641937699999999,4272.0,7,0,0,0,0.0
147904,0,0.054206033,37,1,0.23179470100000002,6000.0,10,0,0,0,1.0
147905,1,0.127916552,40,1,0.398087569,5960.0,9,0,2,0,3.0
147907,0,0.139170818,58,0,0.062394604000000006,1778.0,7,0,0,0,0.0
147910,1,0.9760079970000001,52,0,0.309815215,4166.0,4,0,0,0,0.0
147911,0,0.003250984,76,0,0.10311211099999999,2666.0,7,0,0,0,0.0
147912,1,0.835481603,46,1,0.291096712,4166.0,6,0,0,1,2.0
147913,0,0.049598196,66,0,0.192802057,3500.0,4,0,1,0,1.0
147915,0,0.65447273,55,1,0.193814433,2424.0,2,1,0,0,0.0
147916,0,0.0,40,0,0.761822872,2325.0,7,0,2,0,3.0
147917,0,0.448131337,55,0,0.46512495299999995,2680.0,5,0,1,0,0.0
147919,0,0.204029775,52,0,0.11915799999999999,7980.0,7,0,0,0,3.0
147921,0,0.9999998999999999,62,0,0.0,1916.0,1,2,0,0,1.0
147922,0,0.14543453,49,2,0.01989698,9900.0,5,0,0,1,3.0
147924,0,0.904136983,32,0,0.142269455,5833.0,5,0,0,0,0.0
147926,0,0.386692876,39,0,0.420430487,5667.0,8,0,2,0,0.0
147927,0,0.290265422,57,0,0.374828465,5100.0,9,0,1,0,0.0
147928,0,0.308970568,34,0,887.0,,4,0,0,0,0.0
147930,0,0.165274674,78,0,0.257233035,1900.0,6,0,0,0,0.0
147931,0,0.057398364,44,0,0.11067115400000001,5050.0,10,0,0,0,3.0
147932,0,0.401383945,48,0,0.130093495,20000.0,4,0,1,0,2.0
147933,0,0.884627218,27,0,0.26857606100000003,3700.0,7,0,0,0,0.0
147934,0,0.085283278,73,0,1870.0,,9,0,1,0,
147936,0,0.882569394,49,2,0.829773178,4540.0,14,0,1,1,1.0
147937,0,0.05855884,75,1,0.590650939,2288.0,4,0,2,0,0.0
147938,0,0.065097351,37,0,3083.0,,8,0,2,0,0.0
147940,0,0.123077206,66,1,0.432984714,6214.0,33,0,1,0,0.0
147942,1,0.583708146,64,1,0.113644335,2850.0,6,0,0,0,0.0
147943,0,0.051328100999999994,48,3,0.147158285,9166.0,23,0,1,0,3.0
147944,0,0.9999998999999999,31,0,469.0,,1,0,0,0,0.0
147946,0,0.772209723,67,0,2.093453273,2000.0,11,0,2,0,0.0
147947,0,0.828171828,31,0,0.050647435,6100.0,2,0,0,0,0.0
147950,0,0.121235151,77,0,90.0,,2,0,0,0,0.0
147951,0,0.0336422,70,0,0.22266995,13400.0,19,0,2,0,0.0
147952,0,0.020552247,44,0,0.27797220300000003,10000.0,12,0,1,0,3.0
147954,0,0.058941059000000004,25,0,1.0,0.0,1,0,0,0,0.0
147955,0,0.8217263109999999,57,0,0.319367016,40000.0,14,0,2,0,3.0
147957,0,0.0,33,1,0.277089164,2500.0,3,0,1,0,0.0
147958,0,0.027710803,75,0,0.083187632,10866.0,8,0,1,0,0.0
147959,0,0.010428075,68,0,251.0,,6,0,1,0,0.0
147960,0,0.023543033999999997,46,0,19.0,,3,0,0,0,0.0
147961,0,0.16908476100000003,44,0,0.061261768,14233.0,4,0,0,0,3.0
147962,0,0.837214309,50,0,0.603182752,3895.0,12,0,1,0,1.0
147964,1,0.679604806,58,0,0.587470001,15833.0,20,0,5,0,1.0
147965,0,0.532448228,40,0,0.13386409900000001,5400.0,9,0,0,0,2.0
147968,0,0.003869397,75,0,1.377245509,500.0,10,0,1,0,0.0
147969,0,0.40336267,63,0,0.42249395,7850.0,13,0,2,0,0.0
147970,0,0.26895490699999997,55,1,0.076063517,5100.0,6,0,0,0,2.0
147971,0,0.08710085599999999,58,0,0.35798429299999995,9167.0,21,0,2,0,1.0
147973,0,0.032405355,68,0,0.200636163,4086.0,12,0,1,0,0.0
147974,0,0.015490671999999999,64,1,1034.0,,7,0,1,0,0.0
147975,0,0.105124836,55,0,0.29154021199999997,5271.0,5,0,2,0,1.0
147976,0,0.035073101,51,0,0.5254915029999999,3000.0,9,0,2,0,0.0
147977,0,0.033018389,69,0,0.08989598800000001,1345.0,10,0,0,0,0.0
147978,0,0.008006794,64,0,0.13022598900000001,3539.0,6,0,1,0,1.0
147980,0,0.318017825,59,0,0.481322225,3720.0,10,0,0,0,0.0
147983,0,0.001631536,38,0,0.068155307,6000.0,4,0,0,0,1.0
147984,0,0.672728977,57,0,0.447423465,5258.0,9,0,1,0,1.0
147986,0,0.009377569,64,0,0.004831782,5587.0,2,0,0,0,0.0
147987,0,0.835172173,52,1,2905.0,,6,0,1,0,1.0
147988,0,0.664163203,47,0,0.21068946600000002,20000.0,8,0,1,0,0.0
147989,0,0.042952918,34,0,0.298430774,7200.0,9,0,1,0,3.0
147990,0,0.055595425999999996,35,1,0.20294926300000002,4000.0,14,0,0,0,0.0
147991,0,0.46614507200000005,29,0,0.187406297,2000.0,6,0,0,0,0.0
147992,0,0.0,58,0,2486.0,,6,0,1,0,
147993,0,0.019853938,37,2,0.45293466200000004,5417.0,15,0,2,0,2.0
147995,0,0.9999998999999999,31,0,0.004196871,2620.0,0,1,0,0,2.0
147996,0,0.0,66,0,0.315292316,7833.0,6,0,1,0,0.0
147997,0,0.466953305,37,0,0.24332106899999997,6250.0,5,0,1,0,1.0
147998,0,0.000861217,54,0,0.166938594,13483.0,10,0,1,0,0.0
147999,0,0.002340856,51,0,0.171950871,3500.0,11,0,1,0,0.0
148000,0,0.300296722,50,0,0.24526461300000002,12300.0,8,0,2,0,2.0
148004,0,0.920950745,39,1,0.5962020029999999,4791.0,9,0,1,0,4.0
148005,0,0.595729615,44,0,0.41047879299999995,8416.0,9,0,1,0,2.0
148007,0,0.0,61,0,0.273867869,5100.0,9,0,0,0,1.0
148008,0,0.11610398599999999,66,0,0.196136443,5745.0,9,0,1,0,1.0
148010,0,0.0,73,0,5110.0,,5,0,1,0,0.0
148011,0,0.110392362,57,0,0.21998240100000002,12500.0,16,0,2,0,2.0
148012,0,0.8451007540000001,36,3,0.944527736,2000.0,7,4,1,1,0.0
148014,0,0.231735064,37,0,0.41779110399999997,2000.0,8,0,0,0,2.0
148015,0,0.282902031,54,0,0.327229614,7590.0,7,0,2,0,1.0
148016,0,0.698230177,52,0,0.6968538670000001,3400.0,4,0,1,0,1.0
148017,0,0.537175059,30,0,454.0,0.0,4,0,0,0,1.0
148018,0,0.20405701399999998,47,0,0.539384246,2500.0,4,0,1,0,2.0
148020,0,0.036958522,44,0,0.466377802,12000.0,7,0,3,0,2.0
148021,0,0.9999998999999999,66,0,0.518481518,1000.0,3,0,0,0,0.0
148022,0,0.9591226970000001,40,1,1.382330883,6666.0,11,0,2,0,2.0
148023,0,0.10128987099999999,77,0,54.0,,2,0,0,0,0.0
148025,0,0.15530654,54,0,0.529411765,6272.0,9,0,1,0,1.0
148027,0,0.9999998999999999,54,0,0.07381507400000001,3860.0,1,0,0,0,1.0
148030,0,0.04306748,69,0,0.227890285,3900.0,5,0,1,0,0.0
148032,0,0.0,62,0,0.26235409600000004,9166.0,9,0,1,0,0.0
148033,0,0.563864244,50,0,0.11552563199999999,15000.0,9,0,1,0,1.0
148034,1,0.9999998999999999,37,2,0.065682657,2709.0,2,2,0,1,1.0
148035,0,0.017522975,68,0,0.09125355199999999,3166.0,3,0,0,0,0.0
148037,0,0.016054987,69,0,0.525932097,4800.0,23,0,2,0,0.0
148038,0,0.065699599,62,1,0.148450245,17163.0,19,0,1,0,1.0
148039,0,0.9999998999999999,25,0,0.015151515,1649.0,0,1,0,0,0.0
148041,0,0.143802676,62,0,114.0,,2,0,0,0,0.0
148042,1,0.9999998999999999,37,0,0.061953222999999995,5600.0,3,0,0,1,2.0
148043,0,0.0,54,0,3.5885286780000003,400.0,13,0,1,0,1.0
148045,0,0.8716040359999999,35,1,0.46355309,7750.0,8,0,2,0,2.0
148046,0,0.194983751,66,0,3389.0,,9,0,2,0,0.0
148047,0,0.499873424,38,3,0.6279457270000001,4200.0,6,0,1,0,2.0
148049,0,0.105232199,54,0,0.22399999999999998,10374.0,7,0,1,0,2.0
148050,0,0.785120734,37,0,4376.0,,12,0,1,0,
148052,0,0.244759069,47,0,0.33146493,6600.0,13,0,3,0,5.0
148053,0,0.9999998999999999,32,0,12.0,,0,4,0,0,0.0
148056,0,0.054616998,60,0,0.539520113,5667.0,18,0,1,0,0.0
148057,0,0.523676746,58,0,0.10892542599999999,3405.0,7,0,0,0,1.0
148058,0,0.9999998999999999,30,0,293.0,,5,0,0,0,0.0
148059,0,0.0,40,1,197.0,,18,0,0,0,0.0
148062,0,0.199626095,39,0,0.195967339,6000.0,8,0,1,0,0.0
148064,0,0.6999654340000001,33,0,0.36185855,6800.0,6,0,1,0,1.0
148066,0,0.000476145,74,0,0.279016141,1300.0,11,0,0,0,0.0
148067,0,0.410241884,62,0,0.8843843840000001,3995.0,13,0,4,0,1.0
148069,0,0.053783202,67,0,0.467451677,4500.0,10,0,3,0,1.0
148070,0,0.024953532999999996,81,0,0.665793859,4200.0,16,0,2,0,0.0
148071,0,0.0,50,0,1934.0,,3,0,1,0,2.0
148072,0,0.004410143,67,1,0.250747799,11700.0,7,0,2,0,0.0
148073,0,0.057466954,37,0,55.0,,5,0,0,0,0.0
148074,0,0.058716067000000004,79,0,0.104671717,7919.0,10,0,1,0,0.0
148076,0,0.153156345,46,0,0.249297095,3200.0,23,0,0,0,0.0
148077,0,0.031517895,41,0,0.327401753,18600.0,15,0,4,0,0.0
148079,0,0.28295217699999997,53,0,0.34260106100000004,5466.0,14,0,1,0,1.0
148080,0,0.00053889,29,0,0.41570818299999995,3042.0,7,0,1,0,0.0
148081,0,0.014724596000000001,24,0,0.13916289,3750.0,4,0,0,0,0.0
148082,0,0.011988012,23,0,0.0,864.0,2,0,0,0,0.0
148084,0,0.104413748,38,0,0.682972467,3740.0,7,0,2,0,0.0
148085,0,0.019788081000000003,66,0,653.0,,13,0,0,0,
148086,0,0.0,80,0,0.197580242,10000.0,13,0,1,0,0.0
148087,0,0.181655588,41,1,0.497465017,4930.0,16,0,1,0,0.0
148089,0,0.036566057,77,0,65.0,,4,0,0,0,0.0
148090,0,0.030178642000000002,54,0,0.040853252,10500.0,9,0,0,0,2.0
148091,0,0.306562519,56,1,0.8329485259999999,7362.0,43,0,3,0,0.0
148092,0,0.360575274,79,1,0.39876933600000003,11700.0,14,0,1,0,0.0
148094,0,0.09809515,79,0,0.015197568,6250.0,1,0,0,0,0.0
148096,0,0.019646288,27,0,0.009369144,1600.0,12,0,0,0,0.0
148097,0,0.046387599,41,0,0.32168584,9300.0,8,0,2,0,0.0
148098,0,0.9999998999999999,64,0,0.47112211200000004,3635.0,5,0,1,0,0.0
148102,0,0.9999998999999999,47,0,0.206479601,10833.0,3,0,1,0,2.0
148103,0,0.9999998999999999,79,0,0.177607464,3000.0,1,0,0,0,0.0
148105,0,0.007328182,61,0,0.00249975,10000.0,14,0,0,0,1.0
148106,0,0.114552374,44,0,0.265934066,7279.0,5,0,1,0,0.0
148108,0,0.38305117299999997,58,0,1782.0,,10,0,1,0,0.0
148109,0,0.45490901799999994,39,0,807.0,,4,0,0,0,0.0
148110,0,0.0,35,0,0.08461396,5400.0,5,0,0,0,2.0
148111,0,0.730186737,40,3,0.385757576,3299.0,12,0,0,0,0.0
148112,0,0.817143835,51,0,0.279508166,27000.0,10,0,1,0,4.0
148113,0,0.014566947,37,0,855.0,,14,0,0,0,0.0
148114,0,0.192693193,63,0,664.0,,9,0,1,0,5.0
148115,0,0.0,23,0,0.0,,2,0,0,0,0.0
148116,0,0.807154472,71,0,2.5040755040000002,2330.0,7,0,2,0,0.0
148117,0,0.811654147,65,0,0.85247791,2602.0,15,0,1,0,0.0
148118,1,0.9045677,49,2,2.158907165,3586.0,16,0,6,0,0.0
148119,0,0.0,51,0,0.21597943100000003,10500.0,13,0,1,0,0.0
148121,0,0.671909117,59,0,0.217397515,7000.0,6,0,0,0,0.0
148122,0,0.326374761,48,0,0.38250120000000004,8331.0,13,0,2,0,1.0
148124,0,0.040522077999999996,33,0,0.047454012000000004,3750.0,9,0,0,0,0.0
148128,0,0.19624643,46,0,14.0,,1,0,0,0,
148129,0,0.458363474,48,0,0.524838013,8333.0,12,0,2,0,3.0
148130,0,0.732342411,67,5,0.876435008,8100.0,14,0,3,3,0.0
148131,0,0.038778214,53,0,0.6324398,2200.0,11,0,1,0,3.0
148132,0,0.46595141100000004,74,0,0.32931137899999996,15000.0,23,0,2,0,0.0
148134,0,0.566762216,57,0,0.466075949,3949.0,4,0,1,0,0.0
148135,0,0.06544298,79,0,0.014397121,5000.0,6,0,0,0,0.0
148136,0,0.01725665,74,0,18.0,,1,0,0,0,0.0
148138,0,0.0,24,0,0.0,,1,0,0,0,
148139,0,0.698865747,36,0,739.0,,3,0,0,0,0.0
148142,0,0.0,63,0,0.0,10500.0,6,0,0,0,0.0
148143,0,0.939790717,47,1,7085.0,,17,0,3,0,4.0
148144,0,0.37613736,49,0,0.45586225700000005,3658.0,10,0,1,0,0.0
148145,0,0.143265248,56,0,0.113349046,9333.0,8,0,1,0,0.0
148146,0,0.827528745,34,1,0.471306923,2700.0,6,0,1,0,2.0
148147,0,0.000909067,67,0,0.18898110199999998,10000.0,7,0,2,0,0.0
148148,0,0.9999998999999999,60,0,0.198521647,10416.0,4,2,1,0,2.0
148150,0,0.000262387,65,0,0.08459577,6666.0,8,0,0,0,1.0
148151,0,0.035142621,59,0,29.0,,4,0,0,0,0.0
148152,0,0.9999998999999999,33,0,0.0,3070.0,0,0,0,0,0.0
148154,0,0.022819571,48,0,0.314259345,6500.0,14,0,3,0,2.0
148155,0,0.9999998999999999,42,0,0.223709553,10383.0,2,0,1,0,0.0
148159,0,0.8163237390000001,73,4,0.43090537799999995,2937.0,12,0,1,0,0.0
148164,1,1.048790242,28,3,0.439531285,4522.0,7,0,1,1,0.0
148165,0,0.050276232000000004,82,0,76.0,,6,0,0,0,0.0
148168,0,0.015284623,59,0,1284.0,,5,0,1,0,3.0
148169,0,0.9999998999999999,66,0,0.169845595,1100.0,2,0,0,0,0.0
148171,0,0.9999998999999999,28,0,0.0,4400.0,1,0,0,0,3.0
148172,0,0.036720182000000004,50,0,0.0023747029999999997,8000.0,1,0,0,0,2.0
148173,0,0.226837292,67,0,0.7760752,7765.0,13,0,5,0,1.0
148175,1,0.40762612600000003,49,0,0.8320559809999999,3000.0,11,0,1,0,0.0
148176,0,0.460194912,33,0,0.294396552,9279.0,12,0,1,0,1.0
148177,0,0.019285677,58,4,0.238437735,11956.0,14,0,2,0,0.0
148180,0,0.0,56,0,1310.0,,6,0,1,0,5.0
148182,0,0.020268265,60,0,42.0,0.0,12,0,0,0,1.0
148183,0,0.00960301,34,0,0.19031141899999998,2311.0,6,0,0,0,0.0
148186,0,0.048814931,69,0,911.0,,6,0,1,0,0.0
148189,0,0.020774597,62,0,0.17064391399999998,7500.0,17,0,1,0,0.0
148190,0,0.251676405,33,0,0.402903274,6750.0,11,0,2,0,4.0
148191,0,0.9999998999999999,51,0,0.038248528999999996,17333.0,1,0,0,0,0.0
148192,0,0.153049918,50,0,0.326967402,3036.0,5,0,1,0,0.0
148193,1,0.9999998999999999,44,0,2599.0,,2,2,1,0,3.0
148196,0,0.45050989799999996,50,0,0.7057797159999999,4584.0,4,0,1,0,2.0
148197,1,0.238778231,33,0,0.054103904,3252.0,4,0,0,0,3.0
148199,0,0.9999998999999999,36,0,1.112754898,2500.0,3,0,1,0,0.0
148200,0,0.047331899000000004,57,0,0.006813805,6750.0,5,0,0,0,0.0
148201,0,0.535590175,38,1,0.395949254,4492.0,7,0,1,0,2.0
148202,0,0.626474705,46,0,0.383092155,2625.0,5,0,1,0,2.0
148203,0,0.056394037,31,0,1940.0,,15,0,1,0,0.0
148204,1,0.9999998999999999,28,0,0.048694425,2833.0,2,2,0,1,0.0
148206,0,0.0042690670000000005,46,0,0.001171417,2560.0,5,0,0,0,0.0
148207,0,0.5340706789999999,36,0,2423.0,,9,0,2,0,0.0
148208,0,0.34010309899999996,60,0,0.028270987999999997,5800.0,3,0,0,0,0.0
148209,0,0.002227106,55,0,0.39437658,9495.0,10,0,1,0,0.0
148211,0,0.027646202999999998,39,0,0.51508399,5833.0,5,0,1,0,1.0
148212,0,0.9999998999999999,41,0,0.260601915,11695.0,5,0,2,0,1.0
148213,0,0.366189754,44,0,0.29678057399999996,9100.0,7,0,1,0,4.0
148214,0,0.16131085,37,0,0.359305363,6506.0,6,0,1,0,0.0
148215,0,0.180672773,51,0,0.33449023899999997,6914.0,13,0,1,0,2.0
148216,0,0.243372968,54,0,0.27796034,8824.0,4,0,1,0,2.0
148218,0,0.727670753,45,3,0.18462523,12500.0,5,0,2,0,0.0
148219,0,0.452706878,41,0,0.553555806,8000.0,8,0,2,0,2.0
148221,0,0.061571880999999995,72,1,101.0,,9,0,0,0,0.0
148222,0,0.423973159,43,0,0.22154584,5420.0,7,0,0,0,3.0
148223,0,0.0,88,0,0.0,5038.0,3,0,0,0,0.0
148224,0,0.06614669299999999,54,0,0.130836297,17433.0,4,0,2,0,1.0
148225,0,0.06938973400000001,53,0,245.0,,8,0,0,0,0.0
148226,0,0.008516798,60,0,0.006537474000000001,4282.0,5,0,0,0,0.0
148228,0,0.069134015,49,0,0.27696793,2400.0,6,0,0,0,1.0
148229,0,0.027256155,36,0,1695.0,0.0,7,0,1,0,3.0
148232,0,0.9999998999999999,72,0,0.147812807,9166.0,5,0,1,0,0.0
148233,1,1.027486257,56,2,3716.0,,7,0,1,1,0.0
148235,0,0.19507358800000002,50,0,0.594119635,5917.0,23,0,1,0,2.0
148237,0,0.138227877,52,0,0.35078007,5960.0,6,0,1,0,0.0
148239,0,0.069784397,31,0,0.311555339,2050.0,9,0,0,1,1.0
148240,0,0.39286627700000004,42,0,5671.0,,18,0,2,0,0.0
148241,0,0.7403012929999999,52,0,0.27765237,3100.0,3,0,1,0,0.0
148242,0,0.9999998999999999,39,0,2.966793169,4215.0,4,0,3,0,0.0
148243,1,0.703338392,64,2,1.2503230570000001,5416.0,6,0,2,1,0.0
148245,0,0.009701715,42,0,1700.0,,5,0,1,0,0.0
148247,0,0.10828227,28,0,0.203129528,3450.0,7,0,0,0,0.0
148248,0,0.009974751,81,0,0.096980604,5000.0,10,0,0,0,0.0
148250,0,0.10944459599999999,69,0,363.0,,9,0,0,0,0.0
148251,0,0.46479812200000004,55,0,0.30296827,12700.0,8,0,2,0,4.0
148253,0,0.375439361,58,0,0.49537733799999994,4650.0,13,0,2,0,1.0
148255,0,0.773597,40,0,0.39382896,4115.0,10,0,0,0,1.0
148256,0,0.281157295,69,0,0.059985718,4200.0,3,0,0,0,0.0
148257,0,0.9999998999999999,23,0,0.0,864.0,1,0,0,0,0.0
148259,0,0.000185107,49,0,0.317834742,7333.0,24,0,1,0,2.0
148260,0,0.260486762,72,0,0.24779678600000002,3857.0,6,0,1,0,0.0
148261,1,0.025301651,39,0,0.28517429699999997,50000.0,15,0,5,0,2.0
148262,0,0.045926651,63,0,0.023990404,2500.0,11,0,0,0,0.0
148263,0,0.0036954920000000003,59,0,13.0,,3,0,0,0,
148264,0,0.019241833,65,0,1723.0,,11,0,1,0,0.0
148266,0,0.197076058,61,0,0.255477558,4700.0,7,0,1,0,0.0
148268,0,0.008522369,63,0,2307.0,,8,0,2,0,0.0
148269,0,0.005211282,56,0,0.006817366,2786.0,27,0,0,0,0.0
148270,0,0.0025905389999999998,63,0,1.0,,5,0,0,0,0.0
148272,0,0.037867442,57,0,0.29908865,6034.0,15,0,1,0,1.0
148273,0,0.0,64,0,0.137954015,3000.0,6,0,0,0,0.0
148274,0,0.0,42,0,0.35356386700000003,2833.0,9,0,1,0,0.0
148275,0,0.022128721,69,1,0.36700868200000003,3800.0,13,0,1,0,1.0
148277,0,0.064670101,58,0,0.617654291,12200.0,21,0,5,0,2.0
148278,0,0.264069628,39,0,0.353753372,6300.0,16,0,1,0,1.0
148279,0,0.37955498200000004,23,0,0.011662779,3000.0,3,0,0,0,0.0
148282,0,0.0,43,0,0.230635461,13800.0,6,0,1,0,2.0
148283,0,0.7172344829999999,52,0,0.641108421,3716.0,9,0,1,0,3.0
148284,0,0.01949805,58,0,0.45706693200000004,12041.0,7,0,3,0,1.0
148285,0,0.101869294,57,0,1292.0,,9,0,1,0,0.0
148286,1,1.14122644,31,1,0.130697674,4299.0,5,0,0,0,0.0
148287,0,0.9685612579999999,49,0,0.13339731300000002,8335.0,4,0,0,1,1.0
148289,0,0.06917806,51,0,1431.0,,10,0,2,0,0.0
148290,0,0.004096509,44,0,2263.0,,13,0,2,0,0.0
148292,0,0.007880456,81,0,0.0046124090000000005,6720.0,11,0,0,0,0.0
148293,0,0.023445137,46,0,0.113932898,8583.0,8,0,1,0,3.0
148294,0,0.122821683,65,0,0.159632626,9145.0,12,0,0,0,0.0
148295,0,0.779638267,49,0,0.4329041,5901.0,12,0,2,0,3.0
148296,0,0.779291553,38,0,0.243930306,3500.0,3,0,0,3,2.0
148297,0,0.00042895199999999997,60,0,0.323648912,17966.0,15,0,3,0,0.0
148298,0,0.9999998999999999,41,0,30.0,,1,1,0,0,0.0
148299,1,0.824691932,41,2,0.717588254,3200.0,5,0,1,0,3.0
148301,0,0.036799225,61,0,0.107986502,8000.0,6,0,1,0,0.0
148302,0,0.027606785,74,0,0.0029997,10000.0,5,0,0,0,0.0
148303,0,0.000209874,79,0,0.0,10241.0,13,0,0,0,1.0
148305,0,0.048418672999999995,51,0,0.35615321899999997,7361.0,12,0,1,0,2.0
148306,1,1.062583222,38,4,0.14119922599999998,516.0,4,7,0,0,0.0
148307,0,0.01731878,81,0,0.114844018,5833.0,14,0,1,0,0.0
148308,0,0.10994004,54,0,0.574071835,8268.0,20,0,1,0,0.0
148309,0,0.001043597,85,0,2351.0,,10,0,1,0,0.0
148310,0,0.044225262,44,1,0.447692811,9166.0,7,0,5,0,0.0
148311,0,0.0,42,0,1.544712846,6250.0,13,0,2,0,3.0
148313,0,0.36366363399999996,73,0,0.030193906,3609.0,5,0,0,0,0.0
148315,0,0.031041263,53,0,0.265553172,6525.0,13,0,2,0,3.0
148317,0,0.632640914,52,5,0.40382317799999995,10043.0,15,1,2,0,0.0
148321,0,0.30096374600000003,46,0,0.309476286,10520.0,14,0,2,0,3.0
148323,0,0.073212543,62,0,1449.0,,11,0,1,0,0.0
148325,0,0.9999998999999999,70,0,738.0,,7,0,0,0,0.0
148326,0,0.0,21,0,0.0,2000.0,1,0,0,0,0.0
148327,0,0.042704217999999995,62,0,77.0,,4,0,0,0,0.0
148329,0,0.063521939,72,0,0.19993848,3250.0,8,0,1,0,1.0
148330,1,0.137196324,47,1,0.7246294990000001,7084.0,10,0,2,0,2.0
148331,0,0.30979409,57,0,0.488888889,12059.0,6,0,2,0,1.0
148334,0,0.035324117,58,0,0.599440379,4645.0,6,0,2,0,2.0
148335,0,0.9999998999999999,36,0,0.886761032,1200.0,3,0,1,0,2.0
148338,0,0.0,65,0,0.0,12600.0,5,0,0,0,1.0
148339,0,0.11267970199999999,54,0,0.06595941,2167.0,3,0,0,0,0.0
148340,0,0.719017413,55,0,0.244023083,10916.0,9,0,2,0,1.0
148341,0,0.122858362,65,0,1700.0,,9,0,2,0,0.0
148344,0,0.312896472,47,1,650.0,,6,0,0,0,0.0
148345,0,0.010361757,42,0,0.131855467,14750.0,9,0,1,0,2.0
148347,0,0.0,33,0,0.534730398,4246.0,5,0,3,0,2.0
148348,0,0.082725042,51,0,0.49878903799999996,7844.0,19,0,2,0,0.0
148350,0,0.012104626,64,0,0.345751931,2200.0,3,0,1,0,0.0
148351,0,0.058941059000000004,28,0,0.080894383,5500.0,4,0,0,0,0.0
148352,0,0.169013105,61,0,0.286544139,10500.0,10,0,1,0,0.0
148353,0,0.9842285409999999,69,0,0.815061646,3000.0,5,0,1,0,0.0
148355,0,0.21729062899999999,61,0,0.824696476,3376.0,8,0,2,0,0.0
148356,0,0.010324045,39,0,0.0036411779999999997,3020.0,3,0,0,0,0.0
148357,0,0.0039406929999999995,46,0,0.41959673399999997,6000.0,5,0,1,0,2.0
148358,0,6.809999999999999e-05,52,0,730.0,,5,0,1,0,0.0
148359,0,0.7748333390000001,40,0,0.25409239699999997,5497.0,7,0,0,0,0.0
148360,0,0.078601773,65,0,0.013507429,8883.0,12,0,0,0,0.0
148361,0,0.32205942,52,0,0.250166651,10500.0,12,0,1,1,1.0
148362,0,0.038666667,25,0,38.0,,3,0,0,0,0.0
148363,0,0.17671456100000002,48,3,0.372487664,8308.0,3,1,1,4,3.0
148364,0,0.424660959,47,0,0.172503921,3825.0,4,0,0,1,0.0
148365,1,0.9999998999999999,84,0,36.0,,0,0,0,0,0.0
148367,0,0.23990261300000001,57,0,0.77316152,4500.0,5,0,1,0,0.0
148368,0,0.520348594,39,0,0.35274066,7333.0,8,0,2,0,2.0
148369,1,1.114471382,29,2,0.06333716,5225.0,4,1,0,1,0.0
148370,0,0.001754324,80,0,0.307320219,3100.0,4,0,2,0,0.0
148371,0,1.9122055669999998,32,0,0.41286695799999995,1600.0,3,1,0,1,4.0
148373,0,0.0,60,0,0.18355893,6057.0,7,0,1,0,0.0
148375,0,0.5990473789999999,59,0,0.255813953,34700.0,23,0,1,0,5.0
148376,0,0.683332292,42,0,1108.0,,6,0,1,0,0.0
148378,0,0.12141212300000001,40,0,2798.0,,28,0,1,0,0.0
148379,0,0.246617875,75,1,0.505867014,2300.0,13,0,1,0,0.0
148380,0,0.013814587,30,0,0.403215266,7650.0,11,0,3,0,0.0
148381,0,0.307892673,33,1,0.108656318,10500.0,9,0,0,0,3.0
148382,1,0.9608566159999999,56,1,0.24880558600000002,2720.0,10,1,0,0,1.0
148386,1,0.9999998999999999,77,2,1.035065484,2366.0,3,0,2,2,0.0
148387,0,0.118041975,46,0,3382.0,,14,0,1,0,0.0
148389,1,0.851293445,34,2,0.434964769,5250.0,9,1,2,0,0.0
148390,1,0.218347815,58,0,0.57587726,6582.0,14,0,1,1,0.0
148391,1,0.0,28,0,0.0,1440.0,1,0,0,1,0.0
148392,0,0.021420967000000003,75,0,0.169164882,5136.0,11,0,1,0,0.0
148395,0,0.0046703790000000005,41,0,0.17496046899999998,10750.0,8,0,1,0,3.0
148396,1,1.004579978,45,5,1.673565381,3188.0,5,4,1,1,0.0
148400,0,0.034292375,81,0,0.087608191,9473.0,10,0,0,0,0.0
148401,0,0.26229610600000003,33,0,0.35077865700000005,3916.0,6,0,2,0,0.0
148403,0,0.29791045899999996,86,0,0.170219853,3001.0,9,0,0,0,0.0
148404,0,0.0,50,0,0.294936405,12500.0,9,0,2,0,4.0
148405,0,0.016599336,90,0,363.0,,4,0,0,0,
148406,0,0.040482565,59,0,1.6071964019999998,2000.0,6,0,2,0,0.0
148407,0,0.255793283,42,2,0.916517377,2790.0,10,0,1,1,0.0
148408,0,0.000436034,49,0,0.20845219199999998,9464.0,8,0,1,0,1.0
148410,0,0.024963654,44,0,0.343731254,5000.0,12,0,1,0,1.0
148411,0,0.020423788000000002,42,0,0.416226253,7000.0,11,0,2,0,1.0
148412,0,0.004189583,56,1,0.22980941800000002,11700.0,16,0,1,0,2.0
148416,0,0.061093247999999996,64,0,0.351129774,5000.0,8,0,2,0,0.0
148417,0,0.34706924100000003,67,0,0.5524454010000001,3250.0,8,0,1,0,1.0
148418,0,0.04509549,42,0,0.058944227,5360.0,5,0,0,0,2.0
148419,0,0.0,22,0,0.0,1500.0,2,0,0,0,0.0
148420,0,0.085516648,46,0,0.526863807,2400.0,8,0,2,0,0.0
148422,0,0.070703253,77,0,0.265778738,8333.0,6,0,1,0,0.0
148423,0,0.11788853199999999,53,1,0.24708365699999998,9000.0,11,0,1,0,2.0
148424,0,0.0,43,0,3803.0,,7,0,1,0,0.0
148425,0,0.057231227,59,0,0.37690577399999997,4000.0,6,0,1,0,2.0
148427,0,0.9702156940000001,41,1,0.295989393,6033.0,7,0,0,0,0.0
148429,0,0.0,40,0,0.227346582,8000.0,2,0,1,0,3.0
148434,0,0.29615563300000003,85,0,0.343675009,5833.0,12,0,1,0,0.0
148435,0,0.595353936,77,0,0.827859027,4170.0,15,0,2,0,1.0
148436,0,0.007780541,34,0,88.0,,8,0,0,0,0.0
148438,1,0.441506499,57,0,156.0,,3,3,0,0,0.0
148439,1,0.75455187,50,1,0.682154457,11083.0,15,0,3,0,1.0
148440,0,0.0,77,0,0.023090586,3377.0,10,0,0,0,0.0
148441,1,1.024575352,53,3,0.547098854,5583.0,14,0,3,1,1.0
148442,0,0.061958754000000005,79,0,0.054151625,3600.0,3,0,1,0,0.0
148443,0,0.401344595,55,0,0.08618471800000001,7773.0,15,0,0,0,0.0
148444,0,0.522674865,23,0,40.0,,1,0,0,0,0.0
148445,0,0.955974491,70,0,0.566919501,8173.0,8,0,2,0,1.0
148449,0,0.03455465,51,0,1191.0,,3,0,1,0,0.0
148452,0,0.20275143199999998,65,0,2039.0,,15,0,1,0,0.0
148453,0,0.6776899809999999,57,0,0.054251435,3833.0,4,2,0,0,0.0
148455,0,0.008759096999999999,60,0,0.265413405,17500.0,10,0,3,0,2.0
148456,0,0.197270642,74,0,0.126859435,5982.0,4,0,0,0,0.0
148457,1,0.111222949,30,1,0.057160903,6332.0,14,0,0,0,2.0
148458,0,0.9041599929999999,56,0,3155.0,,9,0,1,0,1.0
148459,0,0.079308592,27,0,0.629665536,2062.0,3,0,1,0,0.0
148460,0,0.0,42,0,0.037665522,10194.0,6,0,0,0,1.0
148462,0,0.0015332310000000001,60,0,0.0,2000.0,3,0,0,0,0.0
148463,0,0.021675675,67,0,0.060670467,10350.0,6,0,0,0,0.0
148465,0,0.418589101,42,0,0.654549774,4208.0,10,0,2,0,0.0
148467,0,0.01045323,51,0,0.457923679,6000.0,8,0,1,0,1.0
148469,0,0.847958001,56,0,0.33244054,9333.0,9,0,2,0,0.0
148470,0,0.019116348000000002,66,0,0.179431984,14400.0,12,0,2,0,2.0
148474,0,0.034806701,43,0,4274.0,,10,0,3,0,1.0
148476,0,0.436626267,55,0,0.335794792,20583.0,11,0,4,0,0.0
148477,1,0.8768115940000001,35,2,1241.0,,4,0,0,2,0.0
148478,0,0.034131401,87,1,0.006380345,10500.0,17,0,0,0,0.0
148479,0,0.029964261000000002,41,0,0.36142467899999997,5137.0,10,0,2,0,0.0
148480,0,0.18058443100000002,48,1,0.876353941,6000.0,25,0,3,0,0.0
148482,0,0.016726968999999998,46,0,28.0,,4,0,0,0,0.0
148483,0,0.258337083,56,0,0.191797592,4900.0,6,0,1,0,0.0
148484,0,0.006465193,68,0,1.0,,1,0,0,0,0.0
148485,0,0.39115221200000005,42,0,0.5562958029999999,1500.0,5,0,1,0,1.0
148486,0,0.908396683,60,0,7868.0,,26,0,3,0,0.0
148487,0,0.16145501,68,0,0.09686736300000001,4500.0,2,0,0,0,1.0
148489,0,0.096820275,47,0,4611.0,,10,0,5,0,0.0
148490,0,0.032661527999999995,66,0,0.604791549,5300.0,7,0,2,0,0.0
148491,0,0.07097321599999999,51,0,0.136402226,10600.0,10,0,2,0,2.0
148492,0,0.051647418,67,0,165.0,,2,0,0,0,0.0
148493,0,0.9999998999999999,46,0,0.0,1500.0,0,1,0,0,0.0
148495,0,0.033607,51,0,0.106647956,5700.0,11,0,1,0,0.0
148497,0,0.081167883,50,0,0.215839208,6666.0,11,0,0,0,0.0
148500,0,0.201822805,43,0,0.475316395,10350.0,8,0,3,0,3.0
148505,0,0.137391238,56,0,3.905414668,1458.0,11,0,1,0,5.0
148506,0,0.904108287,41,2,0.517269337,6166.0,15,0,2,0,0.0
148508,0,0.5522707920000001,28,0,0.121580547,6250.0,10,0,0,0,0.0
148510,0,0.611809215,29,0,321.0,,8,0,0,0,0.0
148511,0,0.215488215,89,3,0.43739065200000005,4000.0,8,0,1,0,1.0
148512,1,1.043182727,22,0,0.224462955,2280.0,3,0,0,0,0.0
148513,0,0.18354338,32,0,0.014673418999999998,7700.0,11,0,0,0,0.0
148518,0,0.001309248,43,0,1295.0,,9,0,1,0,
148519,0,0.479591279,48,3,0.307735743,7083.0,8,0,1,0,1.0
148520,1,1.00619876,29,0,0.43685438200000004,3000.0,8,0,0,1,1.0
148521,0,0.355919869,74,0,0.900253593,1182.0,9,0,1,0,0.0
148522,0,0.428341323,61,0,0.463900135,2963.0,10,0,0,0,0.0
148523,0,0.07940588400000001,34,0,0.46640671899999997,3333.0,9,0,1,0,0.0
148525,0,0.024341354,66,0,0.381280936,6666.0,12,0,2,0,0.0
148526,0,0.0,62,0,266.0,0.0,7,0,0,0,0.0
148527,0,0.007408754,76,0,0.002332945,6000.0,3,0,1,0,0.0
148528,0,0.132093448,81,0,0.14415560800000002,5500.0,20,0,0,0,0.0
148529,1,1.034642965,49,5,0.580083831,7872.0,7,2,1,0,0.0
148530,0,0.9120879120000001,24,0,0.22533936699999998,3314.0,2,0,0,0,1.0
148531,0,0.327822035,59,1,1.1359299440000001,7650.0,21,0,4,1,5.0
148532,0,0.9999998999999999,63,0,0.36025226899999996,6500.0,5,0,1,0,1.0
148533,0,0.37718791,48,1,0.295553022,4384.0,14,0,0,0,0.0
148534,1,0.9999998999999999,45,2,2430.0,,4,1,2,1,0.0
148535,0,0.006358671,74,0,0.471390209,4840.0,8,0,1,0,0.0
148536,0,0.149075939,39,0,152.0,,6,0,0,0,0.0
148537,0,1.060904337,66,0,0.078251431,10133.0,5,1,0,0,0.0
148538,0,0.161594614,59,0,1382.0,,4,0,2,0,1.0
148539,1,1.359550562,55,3,0.30077945899999997,2180.0,7,0,1,0,2.0
148544,0,0.036749081,63,0,1123.0,,4,0,1,0,0.0
148545,0,0.20335186600000002,41,1,0.8681748359999999,7160.0,7,0,2,0,0.0
148546,0,0.796416473,44,0,0.26305367399999996,9594.0,14,0,0,0,0.0
148548,0,0.147604458,48,0,4210.0,,16,0,3,0,
148550,0,0.617712273,49,0,0.321415803,8390.0,10,0,1,0,4.0
148552,0,0.012820183999999998,54,0,0.28839994399999996,7180.0,9,0,1,0,0.0
148554,0,0.992415576,30,0,0.253045404,5417.0,5,0,1,0,2.0
148555,0,0.041763122,78,0,0.04199664,4166.0,7,0,1,0,0.0
148556,0,0.061665525,52,0,5289.0,,15,0,6,0,0.0
148557,0,0.02338652,63,0,0.566466688,9500.0,16,0,2,0,2.0
148558,1,0.050124602000000004,53,1,0.296136309,4166.0,14,0,1,0,0.0
148559,0,0.0,63,0,0.46476469200000003,4100.0,6,0,1,0,0.0
148560,0,0.006987305,85,1,0.0027024109999999996,9250.0,14,0,0,0,0.0
148561,0,0.028339741,61,0,0.291854073,2000.0,9,0,1,0,0.0
148564,0,0.009172003,68,0,2305.0,,11,0,1,0,0.0
148565,0,0.037015672,50,0,0.15454935,7000.0,6,0,1,1,1.0
148567,0,0.09514807800000001,63,0,0.325061358,11000.0,12,0,1,0,0.0
148568,0,0.026148692999999997,74,0,15.0,,1,0,0,0,0.0
148569,0,0.032665796000000004,31,0,3071.0,,6,0,3,0,
148572,0,0.036192761000000004,26,0,5.0,,2,0,0,0,
148573,1,0.373138436,60,2,0.33000997,7020.0,21,0,1,0,3.0
148574,0,0.0,56,0,3.3377748169999997,1500.0,7,0,2,0,0.0
148575,0,0.30775739399999996,47,0,0.181313158,18900.0,10,0,2,0,3.0
148577,0,0.006205367,63,0,0.613636364,5059.0,9,0,3,0,0.0
148578,0,0.15359763699999998,40,0,973.0,,5,0,1,0,2.0
148579,1,0.9999998999999999,50,1,0.021124103999999998,2650.0,0,0,0,1,0.0
148580,0,0.167135263,63,0,0.40088776200000004,7884.0,16,0,2,0,0.0
148581,0,0.0589245,77,0,0.13682638800000002,7366.0,13,0,1,0,0.0
148582,0,0.923615277,51,0,0.29903091800000003,8667.0,11,0,2,0,0.0
148584,0,0.248500086,73,0,0.43073789,4417.0,11,0,2,0,0.0
148585,0,0.393369036,61,2,0.319757182,14166.0,11,0,1,0,0.0
148586,0,0.0,71,0,1788.0,,10,0,1,0,0.0
148587,0,0.0,46,0,0.23181650399999998,21667.0,18,0,2,0,0.0
148591,0,0.103605992,64,0,0.13223268,6480.0,9,0,0,0,1.0
148592,0,0.0034790940000000003,57,1,0.6876249720000001,4500.0,9,0,2,0,0.0
148593,0,0.650749923,43,0,0.190294957,1050.0,5,0,0,0,0.0
148594,0,0.066742541,25,0,0.662606577,820.0,5,0,0,0,0.0
148596,0,0.359697475,26,0,0.267436695,2250.0,5,0,0,0,0.0
148600,0,0.018787544,62,0,0.152980877,8000.0,12,0,1,0,0.0
148602,0,0.152118331,46,0,0.20221253100000003,9400.0,9,0,2,0,0.0
148604,0,0.0032092279999999997,79,0,0.0015948960000000002,6269.0,6,0,0,0,0.0
148605,1,0.9999998999999999,49,0,0.017394391000000002,2816.0,2,0,0,0,2.0
148606,0,0.0,63,0,4321.0,,10,0,2,0,0.0
148608,0,0.07042341099999999,59,0,0.505887581,4500.0,13,0,2,0,1.0
148609,0,0.634314294,71,0,0.85531114,8500.0,16,0,2,0,0.0
148610,0,0.917027657,27,0,0.26078263399999996,3500.0,4,0,0,0,1.0
148611,0,0.678949832,46,0,3759.0,,6,0,1,0,
148612,0,0.247138704,50,0,0.42080408399999997,7834.0,20,0,1,0,2.0
148613,0,0.088622326,45,0,0.226201134,3350.0,4,0,0,0,2.0
148614,0,0.057558517000000003,44,0,0.28871408600000004,15000.0,8,0,1,0,2.0
148615,0,0.38384402700000003,32,0,0.420948617,7083.0,12,1,2,0,2.0
148617,0,0.9999998999999999,26,0,0.132746901,2500.0,1,0,0,0,0.0
148618,0,0.014404587,81,1,0.324509617,5250.0,4,0,1,0,0.0
148621,0,0.021113157,82,0,27.0,,4,0,0,0,0.0
148623,0,0.7299854579999999,40,0,0.506036885,7536.0,9,0,1,0,3.0
148626,0,0.230288073,70,1,0.345808109,5450.0,14,0,1,0,0.0
148627,0,0.421239725,25,0,0.752941176,764.0,3,0,0,0,0.0
148628,0,0.533982775,28,0,1296.0,0.0,8,0,0,0,1.0
148629,0,0.520317041,51,0,0.31755883100000004,7733.0,8,0,1,0,1.0
148632,0,0.018729732,58,0,0.23518118600000001,8333.0,7,0,1,0,0.0
148633,0,0.9999998999999999,70,1,0.227651305,1800.0,2,1,0,1,0.0
148634,0,0.807638718,59,0,971.0,,2,0,1,0,0.0
148635,0,0.031022228,53,0,0.09854507300000001,6666.0,5,0,1,0,2.0
148638,0,0.9999998999999999,23,0,0.0,,1,0,0,0,0.0
148639,0,0.203027305,70,0,0.547196593,4226.0,14,0,2,0,0.0
148640,0,0.203633862,64,0,0.37724322299999996,5237.0,9,0,1,1,0.0
148641,0,0.549296196,47,0,0.149152542,7374.0,6,0,0,0,1.0
148642,0,0.021684187,83,0,757.0,,3,0,1,0,0.0
148643,0,0.0,27,0,0.052393014,7500.0,4,0,0,0,0.0
148644,0,0.024807455,75,0,16.0,,2,0,0,0,
148646,1,0.973782548,54,0,0.747276955,8170.0,17,0,2,0,0.0
148647,0,0.642969408,55,2,0.519810896,4441.0,11,0,2,0,1.0
148648,0,0.262440799,39,0,0.286171383,10000.0,12,0,1,0,1.0
148649,0,0.419053964,52,0,1.03327787,600.0,3,0,1,0,0.0
148651,0,0.7964071859999999,25,0,0.0033323240000000002,3300.0,1,0,0,0,0.0
148653,0,0.9999998999999999,46,0,0.15483518,7310.0,4,0,1,0,1.0
148654,0,0.06562900299999999,64,0,2267.0,,7,0,2,0,0.0
148655,0,0.0,58,1,0.533745983,8400.0,9,0,3,0,2.0
148656,0,0.017570291000000002,89,0,41.0,0.0,8,0,0,0,0.0
148662,0,0.08908011199999999,48,1,0.798098025,4100.0,6,0,1,0,0.0
148663,0,0.021139837,90,0,28.0,,3,0,0,0,0.0
148664,0,0.464246166,60,0,0.643046163,3400.0,8,0,1,0,2.0
148665,0,0.084442854,55,0,0.31536770399999997,14100.0,12,0,3,0,2.0
148666,0,0.9660056659999999,59,0,0.6346033729999999,1600.0,4,0,0,0,0.0
148667,0,0.002162459,70,0,0.29585207399999996,4001.0,8,0,1,0,0.0
148668,0,0.9999998999999999,32,0,0.0,3201.0,3,0,0,0,0.0
148669,0,0.126704236,27,0,0.18081918100000002,1000.0,3,0,0,0,0.0
148670,0,0.139868316,79,0,0.153138955,3806.0,5,0,0,0,0.0
148671,0,0.01883642,79,0,0.303949342,6000.0,12,0,1,0,0.0
148672,0,0.059020910999999995,63,0,0.20553173100000002,25416.0,6,0,2,0,0.0
148673,0,0.019549023000000002,73,0,11.0,0.0,3,0,0,0,0.0
148674,0,0.714668943,37,1,1416.0,,6,0,0,0,0.0
148675,0,0.021177422999999997,49,0,0.242629345,8716.0,10,0,2,0,3.0
148678,0,0.004778327,52,0,0.557928214,2200.0,10,0,1,0,0.0
148679,0,0.05852943099999999,30,0,0.256794752,3200.0,6,0,0,0,0.0
148680,0,0.9999998999999999,47,0,0.000384468,2600.0,1,0,0,0,1.0
148682,0,0.606756023,70,0,0.247740181,12500.0,11,0,2,0,1.0
148684,1,0.9501708190000001,62,3,0.54810475,14166.0,14,0,1,2,1.0
148685,0,0.10389981400000001,54,0,0.016165133,4020.0,4,0,0,0,1.0
148686,0,0.025068112000000004,76,0,0.016332086000000003,2938.0,6,0,0,0,0.0
148687,0,0.83520412,50,0,5580.0,,9,0,4,0,0.0
148689,0,0.180214092,50,0,0.656214497,4400.0,13,0,3,0,2.0
148690,0,0.018962261,70,0,0.043039735999999995,11500.0,7,0,0,0,1.0
148692,0,0.9999998999999999,53,0,0.24134483199999998,8000.0,5,0,1,0,0.0
148695,1,0.969635253,31,0,0.676121832,4300.0,8,0,2,0,1.0
148696,1,0.013727153999999998,71,4,0.001879935,7978.0,18,2,0,0,0.0
148700,0,0.32374662600000004,63,0,0.26953468,6833.0,10,0,1,0,0.0
148701,0,0.031162428,38,0,0.21761874899999997,9557.0,7,0,1,0,1.0
148703,0,0.9189017620000001,30,0,0.6441947570000001,800.0,3,0,0,0,0.0
148705,0,0.434055374,52,0,0.396259395,5720.0,5,0,1,1,0.0
148706,0,0.005627645,87,0,63.0,,6,0,0,0,0.0
148707,0,0.098469929,28,0,72.0,,3,0,0,0,
148708,0,0.375008503,28,0,0.159951713,6626.0,4,0,0,0,1.0
148709,0,0.047964788,63,0,263.0,,6,0,0,0,0.0
148710,0,0.666587311,29,0,1.083333333,3671.0,7,0,1,0,0.0
148715,0,0.056410891,63,0,0.03811309,3200.0,10,0,0,0,0.0
148717,0,0.0,46,0,0.402305611,8500.0,6,0,2,0,1.0
148718,0,0.113522165,60,0,0.294426393,4000.0,10,0,2,0,0.0
148719,0,0.109592694,44,0,2207.0,,5,0,2,0,2.0
148723,0,0.003555265,51,0,0.261054422,4703.0,17,0,1,0,2.0
148724,0,0.451177441,38,0,0.39617674,8735.0,9,1,1,0,2.0
148725,0,0.27249,70,0,0.583569405,6000.0,15,0,2,0,1.0
148727,0,0.9016196759999999,28,0,0.135454916,2450.0,5,0,0,0,0.0
148728,0,0.8263162209999999,50,0,0.262595185,13000.0,9,0,2,0,2.0
148730,0,0.12739982,39,0,183.0,1.0,3,0,0,0,2.0
148731,0,0.514726889,40,0,0.77802018,3666.0,8,0,2,0,0.0
148732,0,0.035621521,67,0,56.0,,5,0,0,0,0.0
148734,0,0.410553127,65,0,0.555086732,2132.0,10,0,0,0,0.0
148735,0,0.43782592299999995,52,0,0.28078653600000003,6000.0,8,0,1,0,0.0
148736,0,0.30119318,72,0,0.38759367200000006,2401.0,9,0,0,0,0.0
148737,0,0.243414642,52,0,0.633164489,3750.0,17,0,1,0,3.0
148738,0,0.194565248,54,0,0.40989213399999996,3800.0,9,0,2,0,2.0
148739,0,0.006435287,79,0,0.00419916,3333.0,9,0,0,0,0.0
148740,0,0.061400887,43,0,0.691519565,8100.0,9,0,2,0,0.0
148742,0,0.459497754,51,1,0.49641726399999997,6000.0,14,0,2,0,3.0
148743,0,0.9999998999999999,48,2,0.41616526299999995,4985.0,3,1,1,1,3.0
148746,0,0.300223612,59,2,1.254419677,1300.0,11,0,1,0,0.0
148747,0,0.001527725,78,0,2.0,,5,0,0,0,0.0
148749,0,0.9999998999999999,60,0,1842.0,,4,0,1,0,0.0
148751,0,0.016530733,71,0,25.0,,5,0,0,0,0.0
148753,0,0.324535093,33,0,0.19713381100000002,6000.0,4,0,0,0,0.0
148754,0,0.015540306,45,0,0.282466113,6860.0,10,0,2,0,0.0
148756,0,0.278715541,46,0,2.564811729,3000.0,13,0,4,0,0.0
148759,1,0.0,56,0,2662.0,0.0,14,0,2,0,1.0
148760,0,0.652136271,52,1,0.776389909,8165.0,14,0,2,0,1.0
148761,0,0.511385112,49,0,0.5324496470000001,5808.0,9,0,1,0,0.0
148762,0,0.434537113,55,0,0.248511678,6550.0,6,0,1,0,2.0
148763,0,0.26141153300000003,42,1,2139.0,,10,0,1,1,0.0
148764,0,0.905609439,53,1,2143.0,,5,0,1,0,0.0
148765,1,0.8952150209999999,54,3,1514.0,,7,0,1,0,0.0
148766,0,0.9999998999999999,35,0,871.0,,1,0,1,0,0.0
148767,0,0.245439395,38,0,0.18624086,6700.0,7,0,1,0,0.0
148769,0,0.038303387,66,0,1283.0,,5,0,1,0,0.0
148770,0,0.004856753,63,0,2078.0,,11,0,2,0,
148775,0,0.9999998999999999,32,0,0.711605585,4583.0,4,0,1,0,1.0
148776,0,0.235858927,65,1,0.460231829,13716.0,18,0,2,1,0.0
148777,1,0.023176062,41,1,0.274875057,2200.0,8,0,0,0,1.0
148778,0,0.433875315,55,0,0.15719006900000002,11800.0,5,0,2,0,2.0
148779,0,0.168390292,68,0,0.28408895,5800.0,10,0,1,0,0.0
148780,0,0.067612416,42,0,0.672179709,4050.0,8,0,1,0,2.0
148782,1,0.216080402,48,4,0.28750333100000003,7505.0,8,0,2,0,1.0
148783,0,0.004379303,53,0,0.19171127899999998,10833.0,12,0,2,0,0.0
148785,0,0.605787696,63,1,0.466834171,1989.0,7,0,1,0,0.0
148787,0,0.134773913,45,0,0.251774823,10000.0,6,0,2,0,6.0
148788,0,0.0,46,0,0.261684579,4000.0,6,0,0,0,2.0
148789,0,0.9999998999999999,60,2,0.529453767,2800.0,10,0,2,1,0.0
148790,0,0.038793877000000004,48,0,0.09344716199999999,4333.0,5,0,0,0,0.0
148791,0,0.031253472000000004,61,0,0.017965807,3450.0,9,0,0,0,0.0
148792,0,0.0,35,0,0.226834494,3733.0,6,0,2,0,0.0
148793,1,0.9999998999999999,45,0,6514.0,,7,0,3,0,0.0
148795,0,0.03196347,75,0,0.311672082,4000.0,9,0,1,0,0.0
148796,0,0.957844415,27,0,0.014996592,4400.0,1,0,0,0,1.0
148798,0,0.049382255,55,0,0.095419484,10500.0,5,0,1,0,2.0
148799,0,0.056047198,70,0,1083.0,,4,0,1,0,
148800,0,0.8132966759999999,39,1,0.21351459399999997,2500.0,4,0,0,0,2.0
148804,0,0.008973983,52,0,0.046520214000000004,10833.0,15,0,1,0,0.0
148806,0,0.014120152,42,0,1.183560122,3600.0,9,0,3,0,2.0
148807,0,0.003228219,69,0,0.148885111,10000.0,6,0,1,0,0.0
148809,0,0.208222028,36,0,0.43823080799999997,5900.0,8,0,1,0,0.0
148811,0,0.027593501,70,0,0.121374866,1861.0,3,0,0,0,0.0
148813,0,0.111795528,38,0,83.0,,1,0,0,0,0.0
148814,0,0.8473947709999999,60,3,0.5369572420000001,6033.0,12,1,1,0,0.0
148816,0,0.0,59,0,0.0,,2,0,0,0,0.0
148818,0,0.0024136270000000002,47,0,9.0,,7,0,0,0,0.0
148819,0,0.053270398,68,0,0.056259502999999995,1972.0,5,0,0,0,0.0
148820,0,0.21203496600000002,53,0,0.033744727,6400.0,9,0,1,0,0.0
148821,0,0.935441535,35,1,0.7187938290000001,12833.0,11,1,4,1,0.0
148822,0,0.446755324,31,0,354.0,1.0,4,0,0,0,3.0
148823,0,0.363632946,30,0,0.233674272,5083.0,16,0,0,0,0.0
148825,0,0.8607385009999999,46,0,0.203301063,6300.0,5,1,0,0,1.0
148826,0,0.7626784940000001,46,0,0.330976669,9900.0,15,0,2,0,2.0
148827,0,0.0,51,0,0.475609756,6067.0,4,0,2,0,0.0
148828,1,73.84615385,53,2,0.513355235,7000.0,5,8,2,0,4.0
148829,1,0.8000470390000001,54,1,1.666307084,2780.0,19,1,2,1,0.0
148830,0,0.026494325,67,0,0.895920816,3333.0,8,0,1,0,0.0
148831,0,0.0007777489999999999,86,0,0.0,2298.0,6,0,0,0,0.0
148832,0,0.054485872000000005,61,0,0.647285033,6500.0,13,0,1,0,3.0
148834,0,0.10037993699999999,48,0,0.319912733,10083.0,7,0,3,0,0.0
148835,1,0.022324442000000003,74,0,0.745848865,2950.0,9,1,2,0,0.0
148836,0,0.029060631,78,0,0.005999143,7000.0,4,0,0,0,0.0
148837,0,0.0,88,0,758.0,,5,0,1,0,0.0
148838,0,0.9999998999999999,39,0,0.251105557,5200.0,3,1,1,0,2.0
148839,0,0.5023499220000001,70,1,0.38171755,5600.0,4,0,1,0,0.0
148840,0,0.921078921,35,1,0.569432055,3362.0,5,0,1,0,2.0
148842,0,0.07809389,44,0,0.218254535,7000.0,8,0,1,0,0.0
148843,0,0.179496176,32,1,0.245921768,5700.0,10,1,0,0,0.0
148844,0,0.0029498529999999997,71,0,1167.0,,5,0,1,0,0.0
148845,0,0.017743361000000003,53,0,0.077440465,5500.0,6,0,0,0,0.0
148846,0,0.078940059,48,0,1950.0,,4,0,1,0,0.0
148848,0,0.20903954800000002,49,0,0.228877112,10000.0,2,0,1,0,0.0
148850,0,0.09846755800000001,63,0,0.479506831,3000.0,11,0,1,0,0.0
148851,0,0.00010988899999999999,66,0,0.640727545,5332.0,14,0,2,0,0.0
148853,0,0.145574875,58,0,0.443598189,4857.0,5,0,1,0,0.0
148856,0,0.366368054,33,0,731.0,0.0,9,0,0,0,2.0
148857,0,0.068097881,51,0,2055.0,,10,0,1,0,0.0
148858,0,0.0,57,0,4704.0,,7,0,2,0,0.0
148859,0,0.068366793,57,0,2882.0,,5,0,2,0,0.0
148860,0,0.240738328,49,0,0.31137509,8333.0,7,0,2,0,2.0
148861,0,0.7704869529999999,47,1,0.323645206,8635.0,8,0,1,0,1.0
148862,0,0.003514497,49,0,0.202361564,2455.0,9,0,0,0,1.0
148863,0,0.0,66,0,0.0,,1,0,0,0,0.0
148864,0,0.038080682000000005,54,0,0.48371434399999996,9885.0,11,0,3,0,2.0
148865,0,0.337352721,77,0,0.502892651,4666.0,9,0,2,0,0.0
148869,0,0.7560975609999999,56,0,0.12679369599999998,4250.0,7,0,0,0,0.0
148870,0,0.458895185,52,1,0.392980351,13333.0,9,0,2,0,0.0
148871,0,0.031230235,57,0,0.20189099,7191.0,7,0,1,0,1.0
148872,0,0.897636745,47,2,20351.0,,9,0,5,0,2.0
148874,0,2.905236908,51,1,0.530460229,3758.0,6,1,1,1,2.0
148875,0,0.003157729,27,0,12.5,7.0,7,0,0,0,0.0
148876,0,0.9999998999999999,57,0,0.15757444,4600.0,3,0,0,0,1.0
148879,0,0.150191871,60,0,2410.0,,10,0,2,0,1.0
148880,0,0.007433085999999999,35,0,1821.0,,7,0,2,0,0.0
148883,0,0.420924495,42,0,0.7976264829999999,1600.0,8,0,0,0,0.0
148885,0,0.0016358229999999998,48,0,1237.0,,6,0,1,0,4.0
148886,0,0.604631984,41,0,0.255564452,6244.0,7,0,0,0,0.0
148887,0,0.01716825,57,0,86.0,,12,0,0,0,
148888,0,0.0,50,0,0.209947513,4000.0,9,0,2,0,0.0
148890,0,0.034999457000000005,77,0,0.11190689300000001,3350.0,13,0,0,0,0.0
148892,0,0.620653187,68,1,0.289892532,7350.0,9,0,0,0,0.0
148894,0,0.079892789,50,0,47.0,,3,0,0,0,0.0
148895,0,0.18210820100000003,49,1,0.451818885,5167.0,28,0,1,0,2.0
148896,0,0.034413879,52,0,0.18241892,11500.0,11,0,1,0,4.0
148897,0,0.040328417000000005,80,0,514.0,,17,0,1,0,0.0
148898,0,0.038905184,62,0,0.15958151199999998,7550.0,12,0,1,0,0.0
148900,0,0.08595170099999999,60,0,0.554081076,5500.0,9,0,1,1,0.0
148901,0,0.491979451,56,1,0.05473246,8166.0,7,0,0,0,0.0
148903,0,0.393864359,41,0,3039.0,,8,0,2,0,0.0
148904,0,0.674110491,34,0,0.53690629,6231.0,6,0,2,0,0.0
148906,0,0.025216706000000002,76,0,0.013994402,2500.0,4,0,0,0,0.0
148907,0,0.012385158,30,0,0.058554699,3500.0,4,0,0,0,1.0
148908,0,0.222006848,55,1,0.33928159399999996,13000.0,11,0,2,0,2.0
148909,0,0.99550075,34,1,0.402939905,4625.0,3,1,1,1,0.0
148910,0,0.076331837,64,0,0.154910286,7300.0,9,0,1,0,0.0
148913,0,0.9999998999999999,60,2,0.604331529,2400.0,6,0,1,0,3.0
148914,0,0.076173278,60,0,1.1247501,2500.0,8,0,1,0,1.0
148915,0,0.38400036,47,0,0.36666300399999996,9100.0,12,0,1,0,2.0
148916,0,0.06670458,76,0,86.0,,4,0,0,0,0.0
148919,0,0.0043185079999999995,63,0,0.39058047100000004,6666.0,10,0,1,0,0.0
148920,0,0.05581981,70,0,0.127680077,4150.0,14,0,0,0,0.0
148921,0,0.0,48,0,0.16618529199999998,4500.0,3,0,1,0,0.0
148922,0,0.040120166,58,0,0.40013480100000004,4450.0,16,0,2,0,1.0
148923,0,0.0,50,0,0.547045171,5600.0,6,0,2,0,1.0
148925,0,0.9999998999999999,80,0,0.0,,2,0,0,0,
148926,0,0.026062758999999998,29,0,0.014993185,2200.0,12,0,0,0,0.0
148927,0,0.251717242,29,0,93.0,0.0,6,0,0,0,0.0
148928,0,0.43400341600000003,63,0,0.458643883,5500.0,12,0,2,0,0.0
148929,0,0.399438375,61,0,0.8655562170000001,1680.0,6,0,0,0,0.0
148930,0,0.0,67,0,0.25454233800000003,5833.0,10,0,1,0,0.0
148931,0,0.002718708,75,0,781.0,,6,0,1,0,0.0
148932,0,0.0,60,0,2761.0,,11,0,1,0,0.0
148933,0,0.134997065,60,0,0.148122711,13103.0,9,0,1,0,1.0
148937,0,0.9999998999999999,57,1,0.001478132,11500.0,1,0,0,0,2.0
148940,0,0.131024138,30,0,1847.0,,6,0,2,0,0.0
148942,0,0.11955428800000001,63,0,0.290696744,12500.0,16,0,1,0,0.0
148943,0,0.007940009,43,0,0.312389381,5649.0,5,0,0,0,5.0
148944,0,0.094468588,48,0,0.23315336899999997,5000.0,6,0,1,0,2.0
148946,0,0.058819943,44,0,2885.0,,7,0,2,0,2.0
148947,1,0.17169154,40,0,0.384676776,6264.0,4,0,1,0,0.0
148950,0,0.414526011,48,0,0.25270889399999996,13750.0,13,0,2,0,1.0
148952,0,0.289937076,38,2,1336.0,,9,2,2,0,0.0
148953,0,0.9999998999999999,49,0,1239.0,,5,0,2,0,0.0
148956,0,0.438070184,63,0,0.304975728,8239.0,5,0,1,0,1.0
148957,0,0.009984799,39,0,16.0,,9,0,0,0,
148958,0,0.060256023,65,0,41.0,,3,0,0,0,2.0
148960,0,0.150628312,50,0,0.648068155,8333.0,4,0,2,0,3.0
148961,0,0.149527162,64,0,0.497159736,4400.0,11,0,1,0,2.0
148962,0,0.555153614,39,0,0.8927955879999999,2900.0,12,0,1,0,2.0
148963,0,0.205779422,49,0,0.325379776,13033.0,6,0,3,0,0.0
148964,0,0.41750434200000003,47,1,0.18904471399999997,15900.0,5,1,1,1,0.0
148966,0,0.8730731840000001,43,0,0.5551299129999999,6003.0,7,0,2,0,4.0
148967,1,0.519792083,37,2,858.0,,4,0,0,0,4.0
148969,0,0.013501466,75,0,0.014163716000000002,4800.0,12,0,0,0,0.0
148970,0,0.261611773,48,0,0.46925512399999997,6000.0,10,0,2,0,4.0
148971,1,0.9999998999999999,42,0,0.0,,0,1,0,0,
148972,0,0.492709356,54,0,0.150690941,4558.0,7,0,0,0,0.0
148973,0,0.0033897859999999997,64,0,0.320981072,3750.0,20,0,2,0,0.0
148975,0,0.139889079,48,1,0.22909442800000002,12400.0,15,0,2,0,0.0
148976,0,0.019597339,50,3,2095.0,,6,0,1,0,0.0
148977,0,0.094430649,63,0,0.063248503,5343.0,11,0,0,0,0.0
148978,0,0.48852071,57,0,0.40049751200000006,6833.0,17,0,2,0,1.0
148979,0,0.0,34,0,0.104792094,5362.0,3,0,0,0,4.0
148981,1,0.99087155,55,2,0.035990403,3750.0,3,0,0,2,0.0
148982,0,0.304791292,77,0,0.720960987,4536.0,8,0,1,0,0.0
148985,0,2.0685887,47,0,0.24695884,6000.0,5,0,1,0,1.0
148987,0,0.09289229199999999,74,0,0.231924883,6389.0,14,0,2,0,0.0
148988,0,0.154093495,48,0,0.32807156,3800.0,9,0,0,0,0.0
148989,0,0.186406921,47,0,0.097887048,15333.0,9,0,2,0,4.0
148991,0,0.016145911000000002,36,0,0.005999455,7333.0,11,0,0,0,0.0
148992,0,0.056897079,63,5,5057.0,,5,0,2,0,0.0
148993,0,0.935325821,33,1,0.02096593,2670.0,2,1,0,0,0.0
148995,0,0.030232811000000002,41,0,2006.0,,6,0,2,0,
148996,0,0.025686491000000002,46,0,0.68039468,2330.0,10,0,1,0,1.0
148997,0,0.024374261,68,0,0.01023973,8300.0,4,0,0,0,0.0
148999,0,0.010910152,59,0,0.209640398,3920.0,15,0,1,0,0.0
149004,0,0.0016503,54,0,0.25711881,7128.0,17,0,0,0,0.0
149005,0,0.153990942,58,0,0.129405777,7858.0,7,0,1,0,0.0
149006,0,0.014142145,64,0,0.24828821199999998,9492.0,22,0,2,0,0.0
149007,0,0.39025145899999997,41,0,0.260554672,5660.0,20,0,0,0,2.0
149008,0,0.11805422,28,0,0.616409829,2400.0,6,0,1,0,1.0
149009,0,0.025126907,66,0,2180.0,,13,0,1,0,
149010,0,0.074992501,91,0,22.0,,1,0,0,0,0.0
149013,0,0.072481768,59,0,0.5254915029999999,3000.0,5,0,1,0,0.0
149014,0,0.096445395,52,0,0.402288635,9000.0,12,0,2,0,1.0
149015,0,0.188256626,58,1,0.217285945,3713.0,7,0,1,0,3.0
149018,0,0.022111113999999998,37,0,0.119069596,5416.0,17,0,0,0,0.0
149019,0,0.07330618900000001,66,0,0.380299944,5400.0,6,0,1,0,0.0
149020,0,0.17989002399999998,71,0,0.22111207600000002,2301.0,5,0,0,0,1.0
149023,0,0.114815229,49,0,0.501506672,9291.0,20,0,2,0,0.0
149024,1,0.98185118,47,2,0.566249299,5350.0,12,0,2,0,1.0
149025,0,0.008246722,76,0,0.002039837,8333.0,6,0,0,0,1.0
149026,0,0.10846083599999999,84,0,0.28682515,4500.0,5,0,1,0,0.0
149027,1,0.965473384,41,6,0.845593487,7000.0,17,0,4,1,2.0
149028,0,0.04932588,30,0,0.430696416,2957.0,8,0,1,0,2.0
149029,0,0.334835575,53,2,0.383595851,5205.0,8,0,1,3,5.0
149030,0,0.06614331400000001,58,0,2081.0,,5,0,1,0,0.0
149031,0,0.115663772,53,0,0.542645735,10000.0,10,0,4,0,1.0
149032,0,0.043341787,47,0,0.302961705,5300.0,11,0,1,0,3.0
149033,1,0.9999998999999999,37,0,0.22927219399999998,3750.0,3,3,1,0,3.0
149034,0,0.392474096,29,0,0.171253823,4250.0,7,0,0,0,0.0
149035,0,0.12388814599999999,41,0,0.453792315,7000.0,12,0,0,0,0.0
149036,0,0.19622979100000001,40,0,1737.0,,17,0,2,0,0.0
149037,0,0.010538543000000001,60,0,18.0,,4,0,0,0,0.0
149039,0,0.850294227,46,2,0.547922933,12300.0,9,0,2,0,4.0
149042,0,0.272842746,43,0,0.45741216799999995,5834.0,15,0,1,0,1.0
149043,0,0.076377315,55,0,468.0,,7,0,0,0,3.0
149044,0,0.7345331829999999,60,0,331.0,,5,1,0,0,
149045,0,0.022998563,38,0,0.269016227,3943.0,10,0,1,0,1.0
149046,0,0.0,30,0,0.170237406,1726.0,3,0,0,0,0.0
149047,0,0.05463537,55,0,0.244500407,13500.0,11,0,2,0,2.0
149049,0,0.512454809,41,0,389.0,,2,0,0,0,0.0
149050,0,0.93976086,31,0,3439.0,,15,0,2,0,0.0
149051,0,0.226071126,65,0,0.16134969300000002,1629.0,3,0,0,0,0.0
149056,0,0.0012198410000000002,72,0,2.0,,5,0,0,0,
149057,0,0.000559978,77,0,2448.0,,7,0,2,0,0.0
149058,0,0.003842922,40,0,0.412842549,6166.0,14,0,2,0,2.0
149059,0,0.541521945,59,1,0.564858785,4000.0,12,0,2,0,0.0
149060,1,0.314585453,55,1,0.029542769,11000.0,9,2,0,1,0.0
149061,0,0.0044194429999999995,62,0,0.11955796199999999,13482.0,11,0,1,0,1.0
149062,0,0.007375232,52,2,0.7258561790000001,12000.0,10,0,4,0,0.0
149063,0,0.24578002399999999,35,1,374.0,0.0,11,0,0,0,2.0
149064,0,0.773515493,52,0,0.16848285899999998,39000.0,7,0,2,0,2.0
149065,0,0.10027334199999999,39,0,0.44715931700000006,5033.0,5,0,1,0,0.0
149067,0,0.277796295,73,0,0.15956215099999999,9500.0,5,0,1,0,0.0
149068,0,0.04275829,76,0,32.0,,3,0,0,0,
149069,1,1.0274207370000001,42,0,0.21395720899999998,5000.0,3,4,0,0,1.0
149070,0,0.490772195,30,0,0.302332626,3300.0,10,0,0,0,0.0
149072,0,0.209326383,50,1,0.35789751700000005,3785.0,13,0,1,0,1.0
149073,0,0.43673563600000004,44,0,0.337155046,7500.0,5,0,2,0,2.0
149074,0,0.034031206,64,0,0.175116204,9250.0,7,0,2,0,1.0
149075,0,0.9999998999999999,30,0,0.19337636800000002,7125.0,5,0,1,0,1.0
149078,0,0.005819434,59,1,0.416551724,7249.0,10,0,2,0,0.0
149080,0,0.9999998999999999,43,0,0.23251165899999998,1500.0,5,0,1,0,1.0
149081,0,0.006857684,79,0,0.0042655290000000005,3750.0,5,0,0,0,0.0
149082,1,0.906632555,60,0,0.578005788,3800.0,15,0,0,0,0.0
149083,0,0.012224071000000001,81,0,17.0,0.0,10,0,0,0,0.0
149084,0,0.232707848,30,0,0.308246073,4583.0,6,0,2,0,0.0
149085,0,0.192648111,81,1,0.610888957,3250.0,10,0,1,0,0.0
149087,1,0.999926265,39,0,0.131402698,10600.0,4,1,0,0,2.0
149088,0,1.003566758,29,1,0.22165566899999997,3333.0,6,0,0,0,0.0
149089,0,0.80693038,59,0,0.280898876,9166.0,7,0,1,0,0.0
149090,0,0.9999998999999999,23,0,2.0,,0,0,0,0,
149091,0,0.9999998999999999,67,0,0.0,,1,0,0,0,0.0
149092,0,0.500051015,47,0,0.17560813100000003,3000.0,5,0,0,0,0.0
149094,0,0.76222673,33,1,0.158482799,3400.0,6,0,0,0,0.0
149096,0,0.14677523,68,0,2410.0,,10,0,1,0,0.0
149097,0,0.02790352,34,0,0.127145476,6000.0,6,0,0,0,3.0
149098,0,0.9999998999999999,40,1,0.330045321,3750.0,2,0,1,0,4.0
149099,0,2.2290076340000002,34,1,0.09530156599999999,3000.0,2,15,0,0,0.0
149100,0,0.70265179,32,0,652.0,,10,1,0,0,1.0
149101,0,0.300757663,59,0,0.295924574,3287.0,6,0,1,0,0.0
149102,0,6109.0,43,0,0.229901608,12500.0,9,0,2,0,0.0
149103,0,0.9999998999999999,42,0,0.0,900.0,1,0,0,0,2.0
149106,0,0.046212101,41,0,0.272847858,7538.0,8,0,2,0,2.0
149108,0,0.143022552,39,0,2422.0,,6,0,2,0,4.0
149109,0,0.0,36,0,0.670973696,2166.0,7,0,0,0,0.0
149111,0,0.830355202,48,0,0.410823647,8000.0,5,0,1,0,3.0
149112,0,0.023804472,50,0,0.359972832,8833.0,11,0,1,0,0.0
149113,0,0.285176663,44,0,0.19745605100000002,16666.0,7,0,1,0,2.0
149114,0,0.0060885309999999995,61,0,14.0,,8,0,0,0,
149117,0,0.79134044,43,0,0.258936207,5846.0,8,0,1,1,3.0
149118,0,0.181553751,36,0,0.266393443,4879.0,7,0,0,0,2.0
149122,0,0.743645408,34,0,2951.0,,10,0,1,0,0.0
149123,1,0.989933342,36,1,0.40868406,5250.0,15,0,1,0,2.0
149125,0,0.262968703,74,0,0.22570324,7500.0,9,0,0,0,0.0
149128,0,0.921610681,46,0,0.36916503799999995,22000.0,11,0,3,1,2.0
149129,0,0.476277725,57,0,0.47005682600000004,6862.0,9,0,1,0,2.0
149130,1,0.9999998999999999,31,0,0.106723319,4000.0,5,0,0,3,0.0
149133,0,0.558648499,44,0,0.398277056,13000.0,18,0,2,0,2.0
149134,0,0.760689458,54,2,0.389101816,6000.0,8,1,1,1,2.0
149135,0,0.005969751999999999,73,0,0.0037558690000000002,7454.0,13,0,0,0,1.0
149136,0,0.064499152,83,0,0.012794881999999999,2500.0,3,0,0,0,0.0
149138,0,0.029177082000000003,43,0,0.525483117,9417.0,10,0,2,0,2.0
149139,0,0.0,77,0,0.0,,2,0,0,0,0.0
149140,0,0.185727389,31,0,0.41634448700000004,7500.0,12,0,2,0,0.0
149141,1,0.9999998999999999,41,3,1.1163534590000002,2500.0,6,0,1,0,1.0
149142,1,0.973515592,46,0,0.719473349,9417.0,9,0,1,0,3.0
149143,0,0.1600893,74,0,0.12527901800000002,3583.0,10,0,0,0,0.0
149144,0,0.125592329,34,0,3.391072618,1500.0,9,0,2,0,0.0
149147,0,0.9999998999999999,52,1,0.620951619,2500.0,2,2,2,0,0.0
149151,0,0.21781219699999999,47,0,0.47447847299999996,2252.0,8,0,0,0,1.0
149152,0,0.040339651000000004,63,1,1704.0,,9,0,2,0,0.0
149154,0,0.00020407599999999998,37,0,0.73858861,6900.0,7,0,1,0,0.0
149155,0,0.301214642,62,1,0.550064277,7000.0,17,0,2,0,0.0
149156,0,0.016607643999999998,84,0,0.22446259,6000.0,10,0,1,0,0.0
149158,0,0.007358213000000001,62,0,0.181402657,7000.0,6,0,0,0,1.0
149161,0,0.37046098899999996,63,1,4051.0,,18,0,2,0,0.0
149163,0,0.137486327,60,0,0.127143319,3090.0,9,0,0,0,1.0
149164,0,0.172364961,46,0,0.162713193,5100.0,11,0,1,0,2.0
149166,0,0.00139447,31,1,0.106322385,15800.0,12,0,1,0,1.0
149169,0,0.423576424,36,0,0.006662965,1800.0,1,0,0,0,1.0
149170,0,0.022966987999999997,87,0,0.003272251,4583.0,3,0,0,0,0.0
149171,0,0.9999998999999999,40,0,910.0,,1,0,1,0,0.0
149172,0,0.9999998999999999,82,0,0.0,439.0,0,0,0,0,0.0
149174,0,0.481549743,29,0,0.055841385,7968.0,8,0,0,0,1.0
149175,0,0.290551209,63,1,0.231137898,13770.0,12,0,2,0,2.0
149176,0,0.11980889199999999,56,0,0.224963716,6200.0,19,0,0,0,1.0
149177,0,0.00249975,40,1,0.024935577999999996,78000.0,14,0,1,0,0.0
149180,0,0.157589438,60,0,0.929049531,8216.0,13,0,4,0,1.0
149181,0,0.508233421,87,0,0.528610354,1100.0,8,0,1,0,0.0
149183,1,0.750960799,35,2,0.164488017,3671.0,2,0,0,0,2.0
149184,0,0.149381563,54,0,0.182733416,7250.0,12,0,0,0,1.0
149185,0,0.274597363,52,0,0.306051437,13219.0,7,0,2,0,3.0
149186,0,0.05692863099999999,23,0,6.0,0.0,2,0,0,0,0.0
149187,0,0.9999998999999999,40,0,0.253419726,8333.0,3,0,1,0,2.0
149188,0,0.9999998999999999,55,0,0.307514656,5628.0,4,2,0,1,2.0
149191,0,0.123429013,42,0,0.22378217399999997,4700.0,11,0,1,0,4.0
149192,0,0.616368286,50,0,0.35785953200000004,2989.0,4,0,0,0,0.0
149194,0,0.025681736,62,0,0.30920552100000004,9200.0,14,0,2,0,0.0
149195,1,0.202599202,36,1,0.23341210699999998,5500.0,5,0,0,0,0.0
149196,0,0.06956670400000001,93,0,0.00315416,7608.0,3,0,0,0,0.0
149197,0,0.0223558,58,0,0.332445521,8259.0,15,0,2,0,0.0
149198,0,0.183421463,48,0,0.237663769,24500.0,8,0,2,0,2.0
149199,0,0.392249233,50,0,2455.0,,8,0,2,0,0.0
149202,0,0.239763406,58,0,0.12157054,8200.0,6,0,0,0,0.0
149204,0,0.173629018,45,0,0.18777022899999998,6475.0,7,0,2,0,2.0
149205,0,0.066779705,47,0,0.11027415300000001,11416.0,7,0,1,0,2.0
149209,0,0.001262556,89,0,0.000884173,3392.0,13,0,0,0,0.0
149211,0,0.006910053,54,1,0.396375755,4800.0,19,0,1,0,3.0
149213,0,0.10845687400000001,41,0,306.5,1.0,20,0,1,0,4.0
149214,1,0.405810904,65,1,0.36600607,5600.0,21,0,1,0,0.0
149216,0,0.021362889,69,0,404.0,,7,0,1,0,0.0
149217,0,0.076287057,62,0,0.5317643439999999,6500.0,10,0,3,0,0.0
149218,0,0.3958966,34,0,0.407535563,2600.0,6,0,0,0,1.0
149221,0,0.029062539,62,0,0.066767677,9899.0,6,0,1,0,0.0
149222,0,0.020893321,45,0,0.536554884,4800.0,13,0,1,0,1.0
149224,0,0.133385309,30,0,0.366782007,2311.0,4,0,0,0,0.0
149225,0,0.9999998999999999,26,0,0.087038344,4250.0,4,0,0,0,0.0
149230,0,0.054503522,72,0,0.24854184,8400.0,12,0,1,0,0.0
149231,0,0.22569346399999998,35,0,2641.0,,16,0,2,0,0.0
149233,0,0.24771634,61,2,0.268357537,14666.0,7,0,2,4,0.0
149234,0,0.0032757990000000002,56,0,0.331337325,500.0,5,0,0,0,0.0
149235,0,0.34673806100000004,29,1,0.41107871700000004,2400.0,7,0,0,0,0.0
149236,0,0.013342808999999999,71,0,0.318866479,3916.0,15,0,1,0,0.0
149237,0,0.346545724,67,0,2900.0,,6,0,2,0,
149239,0,0.9999998999999999,26,98,0.0,2000.0,0,98,0,98,0.0
149240,0,0.970285928,56,0,0.28571428600000004,4500.0,7,0,0,0,0.0
149242,0,0.9999998999999999,28,0,0.118685977,2830.0,1,1,0,0,0.0
149243,0,0.340847891,64,1,0.355872388,7083.0,11,0,1,0,1.0
149245,0,771.0,52,0,0.832020997,8000.0,13,0,3,0,0.0
149248,0,0.439156084,53,0,0.360451164,4166.0,5,0,1,0,0.0
149250,0,0.07714518299999999,48,1,1.4484412469999999,833.0,20,0,2,0,2.0
149251,0,0.06201934,48,0,0.747237569,2895.0,8,0,2,0,5.0
149252,0,0.037154437,67,0,0.30902067699999997,4400.0,8,0,2,0,0.0
149253,0,0.008259565,80,0,1.286501377,362.0,12,0,0,0,0.0
149254,0,0.8472495940000001,38,0,0.511040133,7200.0,14,0,1,0,2.0
149256,0,0.138914811,49,0,2701.0,,9,0,2,0,0.0
149261,0,0.25433036,58,0,0.230580037,19515.0,15,0,2,0,6.0
149262,0,0.9999998999999999,56,0,2525.0,,10,0,2,0,0.0
149263,0,0.004249823,73,0,0.250319898,6251.0,10,0,2,0,0.0
149264,0,0.348225484,50,0,0.379485525,12400.0,12,0,2,0,4.0
149265,0,0.23647562600000002,74,0,0.152655945,8207.0,8,0,1,0,0.0
149266,0,0.0,65,0,0.527329516,3841.0,5,0,2,0,0.0
149267,0,0.912054397,54,1,0.23565950100000002,18513.0,8,0,2,0,2.0
149268,0,0.0,49,0,0.09368510099999999,13000.0,6,0,1,0,0.0
149270,0,0.253341753,75,0,659.0,,2,0,0,0,0.0
149271,0,0.038046272,75,0,883.0,,8,0,1,0,2.0
149273,0,0.9166573729999999,31,0,0.42608198799999997,7000.0,10,0,1,0,3.0
149274,0,0.0,69,0,0.024197791,1900.0,4,0,0,0,0.0
149275,0,0.034586201000000004,50,0,17.0,,1,0,0,0,0.0
149277,0,0.38394519,38,0,0.23289551100000003,5100.0,8,0,0,0,3.0
149278,0,0.000649968,28,0,0.281906031,3000.0,4,0,0,0,0.0
149279,0,20514.0,42,0,0.062102393,9902.0,1,1,0,0,2.0
149280,1,0.626091097,30,1,0.0256917,4553.0,3,0,0,0,0.0
149281,0,0.0,53,0,0.317856412,14666.0,8,0,2,0,1.0
149282,0,0.10335824,56,0,0.160193441,6616.0,9,0,1,0,0.0
149285,0,0.574231524,48,1,0.28533995300000004,7250.0,6,0,1,0,1.0
149286,0,0.0,69,0,1252.0,,9,0,2,0,0.0
149287,0,0.680688579,38,1,0.24327927100000002,4500.0,11,0,0,0,3.0
149288,0,0.108272387,40,0,997.0,1.0,12,1,1,0,1.0
149289,0,0.881655917,44,1,0.149423691,7200.0,5,0,0,0,3.0
149290,0,0.020795841000000002,40,0,1839.0,,3,0,1,0,0.0
149291,0,0.9999998999999999,62,0,0.0,,3,0,0,0,0.0
149293,0,0.011409891,56,0,0.470730821,8250.0,20,0,3,0,0.0
149294,1,0.996890725,31,2,1413.0,0.0,6,0,0,0,0.0
149295,0,0.12321324800000001,60,0,0.38538447600000003,5500.0,8,0,1,0,1.0
149297,0,0.041364067000000004,41,0,0.037965401,30000.0,6,0,1,0,2.0
149299,0,0.012888591000000001,69,0,1360.0,,11,0,2,0,3.0
149300,0,0.444275679,28,1,0.188528047,2370.0,10,1,0,0,0.0
149301,0,0.45326952600000003,42,2,0.558469787,6900.0,13,0,2,0,1.0
149302,0,0.017628324,59,0,0.001166472,6000.0,1,0,0,0,0.0
149304,0,0.9999998999999999,28,0,0.099423345,5028.0,2,0,0,1,0.0
149306,0,0.214721971,62,0,0.079706695,10500.0,18,0,0,0,0.0
149307,0,0.550383114,53,0,0.351381945,10600.0,11,0,1,0,0.0
149309,0,0.14235155300000002,57,1,1609.0,,8,0,1,0,1.0
149310,0,0.000333311,48,0,0.065241845,8000.0,6,0,0,0,0.0
149312,0,0.184545353,36,0,0.509665622,11483.0,12,0,5,0,0.0
149313,1,0.9999998999999999,28,0,0.030969031,1000.0,0,1,0,0,0.0
149314,1,0.845254328,46,0,0.549279249,5965.0,14,0,1,0,0.0
149315,0,0.13285336,54,0,0.253413353,13329.0,9,0,2,0,0.0
149316,0,0.14279467099999998,86,0,0.37215503299999997,10500.0,10,1,1,1,0.0
149318,0,0.08680156,60,0,1702.0,,8,0,2,0,0.0
149319,0,0.31507397,32,0,0.030992252,4000.0,1,0,0,0,1.0
149321,0,0.020698965,48,0,1864.0,,2,0,1,0,0.0
149322,0,0.041348356,40,0,0.88248107,9640.0,12,0,3,0,3.0
149323,0,0.32560572,39,0,5131.0,,14,0,2,0,0.0
149324,0,0.049317060999999995,57,0,0.517197015,11658.0,8,0,2,0,0.0
149326,0,0.06348172,70,0,2950.0,,12,0,2,0,1.0
149328,0,0.027702526,60,0,0.272576742,7850.0,8,0,2,0,1.0
149329,0,0.247855981,60,0,2564.0,,18,0,1,0,0.0
149332,0,0.109621574,54,0,2582.0,,4,0,1,0,0.0
149333,0,0.389748534,63,0,0.44779948700000005,5066.0,15,0,1,0,0.0
149334,0,0.006010319,80,2,3.0,,6,0,0,0,0.0
149335,0,0.280634271,38,0,5725.0,,8,0,2,0,3.0
149336,0,0.90542471,41,2,0.453899028,4218.0,11,2,0,1,1.0
149338,0,0.025862287999999997,62,0,0.005086827,5700.0,6,0,0,0,1.0
149339,0,0.042353113,68,0,123.0,,13,0,0,0,0.0
149340,0,0.398983197,63,0,0.621208767,4516.0,10,0,2,0,0.0
149341,0,0.025974026,27,0,0.149328335,3200.0,4,0,0,0,0.0
149344,1,0.152529145,39,1,0.351440029,2742.0,13,0,0,1,2.0
149345,0,0.9999998999999999,32,0,0.208176101,6359.0,3,0,2,0,0.0
149346,0,0.0,77,1,0.07769195799999999,2200.0,15,0,1,0,0.0
149348,0,0.038019889,63,0,0.143222506,4300.0,11,0,1,0,0.0
149349,0,0.024272678,67,0,0.30766376,5388.0,14,0,0,0,0.0
149350,1,0.9945623570000001,31,1,0.48691884700000004,6000.0,5,1,1,2,1.0
149352,0,0.011413757,84,0,0.266361257,4583.0,5,0,2,0,0.0
149353,0,0.10393071300000001,24,0,0.055314895,3000.0,2,0,0,0,0.0
149354,0,0.20760647100000001,64,0,7335.0,,18,0,2,0,0.0
149355,0,0.255991173,56,0,5298.0,,6,0,3,0,0.0
149356,0,0.435939102,60,0,0.5511859410000001,8136.0,11,0,2,0,1.0
149357,0,0.014283887,58,0,0.890527368,4000.0,31,0,2,0,0.0
149358,0,0.0008124489999999999,46,0,0.188362328,3333.0,8,0,1,0,0.0
149360,1,0.928090958,51,0,0.491914554,5008.0,9,0,2,1,2.0
149361,0,0.9999998999999999,37,0,0.24710578800000002,2504.0,3,0,0,0,3.0
149365,0,0.381601596,44,0,0.174075531,5083.0,7,0,0,0,0.0
149366,0,0.21583554800000002,43,0,0.25728225,6968.0,12,0,1,0,0.0
149367,0,0.0,41,1,2479.0,,10,0,1,0,1.0
149368,1,1.020238402,39,0,4208.0,,8,0,2,3,0.0
149372,0,0.423404865,45,0,0.801399533,3000.0,8,0,1,0,1.0
149373,0,0.072446072,74,0,0.581132443,10260.0,6,0,3,0,0.0
149374,0,0.027130787000000003,65,0,0.148642568,20000.0,10,0,1,0,2.0
149376,0,0.07638798299999999,40,0,0.007609014,6833.0,4,0,0,0,3.0
149377,0,0.0056927869999999995,43,0,0.6905773559999999,4000.0,5,0,1,0,2.0
149379,0,0.105286926,50,0,0.301334933,6666.0,7,0,1,0,0.0
149382,0,0.040509377,74,0,1425.0,,6,0,1,0,
149383,0,0.23930170399999998,63,0,3153.0,0.0,29,0,1,0,0.0
149384,0,0.220765533,43,0,0.478779581,5112.0,11,0,1,0,0.0
149386,0,0.081861849,55,0,0.23873873899999998,2441.0,8,0,0,0,1.0
149387,0,0.012359753000000001,74,0,0.18265805899999998,8983.0,6,0,2,0,0.0
149388,0,0.05331696,56,0,0.300786632,22500.0,21,0,3,0,1.0
149389,0,0.522619681,43,0,0.765046991,5000.0,9,0,1,0,2.0
149390,0,0.0,54,0,0.0,,4,0,0,0,0.0
149391,0,0.12988923900000002,70,0,0.38908560700000006,4800.0,11,0,2,0,0.0
149392,1,0.88372093,27,0,0.012497916999999999,6000.0,4,0,0,0,0.0
149395,0,0.844279223,76,3,0.125373134,2009.0,14,2,0,0,0.0
149397,0,0.45259293700000003,81,0,0.800876644,3193.0,17,0,1,0,0.0
149399,0,0.460384904,58,2,0.382131559,9166.0,12,0,2,0,0.0
149401,0,0.0131918,77,0,10.0,,3,0,0,0,
149402,0,0.916764503,40,0,0.578125,11455.0,16,0,5,0,2.0
149403,0,0.030384757000000002,53,0,0.008132726,6147.0,9,0,0,0,1.0
149404,0,0.10457036300000001,31,0,0.048029557,7307.0,4,0,0,0,0.0
149405,0,0.093156274,50,0,0.324414406,10800.0,7,0,1,0,2.0
149406,0,0.055874809000000004,44,0,0.128881561,10916.0,5,0,1,0,3.0
149407,0,0.014282626999999999,80,0,0.00499881,4200.0,11,0,0,0,0.0
149409,1,0.699860028,36,0,1.3521092419999998,4100.0,12,0,2,0,2.0
149410,0,0.065610938,52,0,0.48686691,7956.0,17,0,3,0,0.0
149412,0,0.033096857,37,0,0.727318804,7891.0,15,0,3,0,1.0
149413,0,0.062729151,59,0,858.0,,6,0,1,0,0.0
149417,0,0.114524135,46,0,1370.0,,5,0,2,0,0.0
149418,0,0.004945165,56,0,0.051389722,5000.0,5,0,0,0,0.0
149419,0,0.313622358,60,0,0.362547632,7347.0,12,0,1,0,0.0
149421,0,0.46077882200000003,56,0,0.447963801,4198.0,9,0,2,0,0.0
149422,0,0.337416889,37,0,0.500171409,5833.0,3,0,1,0,0.0
149423,0,0.274509152,49,0,0.111610352,5563.0,8,1,0,0,4.0
149427,0,0.139483426,64,0,815.0,,5,0,1,0,0.0
149428,0,0.21763495300000002,31,0,0.460384904,4000.0,9,0,2,0,0.0
149429,0,0.003999884,36,0,0.053220084,9300.0,6,0,0,0,4.0
149430,0,0.048687220999999996,56,0,0.37103298100000004,6427.0,17,0,2,0,0.0
149432,0,0.04959752,54,0,0.209469154,7666.0,4,0,1,0,3.0
149433,0,0.0,33,2,0.41258741299999996,1000.0,7,0,0,0,0.0
149434,0,0.019855725,31,0,0.10609480800000001,3100.0,6,0,0,0,1.0
149436,0,0.044950391,55,0,2768.0,,8,0,2,0,3.0
149437,0,0.176309248,47,0,0.072255078,35000.0,11,0,1,0,1.0
149438,1,0.705073732,35,0,0.11456483099999999,3377.0,5,0,0,0,3.0
149439,1,0.9999998999999999,34,98,9.0,,0,98,0,98,0.0
149440,0,0.9999998999999999,33,0,0.6681477370000001,3600.0,8,0,1,0,3.0
149441,0,0.08753354699999999,79,0,259.0,,4,0,0,0,1.0
149442,0,0.0,48,0,1913.0,,4,0,1,0,1.0
149445,0,0.048190265999999995,39,0,0.23673281,6500.0,9,0,2,0,3.0
149446,1,0.419271891,40,0,0.7415962770000001,5800.0,12,0,2,0,0.0
149447,0,0.309933442,52,0,0.215618719,3482.0,4,0,1,0,0.0
149448,0,0.375056813,67,0,0.264122646,6000.0,8,0,2,0,0.0
149450,0,0.5343103579999999,48,1,0.34459627299999995,4024.0,4,0,1,0,1.0
149452,1,0.798931375,46,1,0.794058264,10400.0,15,1,6,0,3.0
149454,1,0.326416514,44,0,0.358511525,3600.0,11,0,0,0,0.0
149456,0,0.8148254979999999,30,0,0.316302187,5029.0,7,0,2,0,1.0
149457,0,0.601965895,46,0,0.299207753,13000.0,9,0,1,0,2.0
149460,0,0.9999998999999999,87,0,0.0,3228.0,4,0,0,0,0.0
149463,0,0.37810685899999996,41,0,0.379946486,7100.0,14,0,2,0,0.0
149464,0,0.9999998999999999,53,0,0.19476143899999998,9200.0,8,0,0,0,1.0
149465,0,0.129385138,53,0,0.005597375,5180.0,16,0,0,0,2.0
149466,0,0.0,44,2,1.1736930859999999,3557.0,9,0,4,0,2.0
149467,0,0.24943187,70,0,0.054448870999999996,1505.0,2,0,0,0,0.0
149468,0,0.031148442999999998,45,0,0.170882912,10000.0,5,0,1,0,1.0
149471,0,0.011885048,66,1,0.16713881,6000.0,25,0,1,0,0.0
149472,0,0.9999998999999999,84,0,0.0,,1,0,0,0,0.0
149473,0,0.38985549999999997,40,0,0.310669333,8500.0,9,0,1,0,3.0
149474,0,0.000113819,83,0,0.17657082,4694.0,8,0,1,0,0.0
149475,0,0.109585023,50,0,0.273172683,10000.0,20,0,1,0,2.0
149478,0,0.021582422999999996,44,0,0.498350165,10000.0,14,0,3,0,0.0
149479,0,0.326596669,36,0,0.201356005,9291.0,8,0,1,0,0.0
149480,0,0.411849168,45,0,0.546545304,2416.0,11,0,0,0,2.0
149482,0,0.014104127,63,0,742.0,,8,0,1,0,0.0
149483,0,0.518621178,42,0,0.488073132,7000.0,11,0,2,0,0.0
149484,0,0.026465175,75,0,0.009634611999999999,5500.0,9,0,0,0,1.0
149485,0,0.5502922720000001,61,0,0.472478429,3360.0,9,0,1,0,0.0
149486,0,0.0018845429999999998,63,0,3069.0,,8,0,1,0,0.0
149487,1,0.9999998999999999,27,0,0.0,3258.0,0,0,0,0,0.0
149488,0,0.117246352,37,0,0.391888649,8333.0,16,0,2,0,1.0
149492,0,0.11685305800000001,74,1,0.17340221600000003,12000.0,23,0,1,0,0.0
149493,0,0.129726939,67,0,0.24691560199999998,18317.0,14,0,2,0,1.0
149494,0,0.9999998999999999,50,3,244.5,1.0,0,0,0,0,0.0
149497,0,0.138739657,47,0,0.13779639999999999,10500.0,11,0,1,0,0.0
149498,0,0.01903894,60,0,0.022819396000000002,6660.0,10,0,0,0,0.0
149499,0,0.0,63,0,0.290051795,5598.0,12,0,1,0,0.0
149501,0,0.08233162599999999,62,0,0.008533463,8202.0,7,0,0,0,1.0
149502,0,0.437389219,60,0,0.487625619,6666.0,9,0,2,0,0.0
149505,0,0.000921411,65,0,1727.0,,14,0,1,0,0.0
149506,0,0.661077072,35,0,0.224993437,3808.0,7,0,0,0,0.0
149507,0,0.066168159,32,0,0.741051028,1312.0,6,0,0,0,2.0
149510,0,0.14736866199999998,78,0,0.06897700799999999,3000.0,11,0,0,0,0.0
149511,0,0.65111178,31,0,0.357075914,3200.0,4,0,0,0,2.0
149512,0,0.055357786,65,0,0.028341246,6950.0,8,0,0,0,1.0
149514,0,0.931518718,44,0,0.540315344,7800.0,7,0,2,0,1.0
149515,0,0.00039997300000000003,65,0,0.0,2040.0,2,0,0,0,2.0
149516,0,0.19982395600000002,54,0,0.45774460100000003,3750.0,12,0,1,0,0.0
149518,0,0.676925735,55,0,0.7430856379999999,3000.0,14,0,0,0,0.0
149519,0,0.080266144,35,0,62.0,,5,0,0,0,0.0
149520,0,0.46804433,29,1,0.236568097,2400.0,6,1,0,0,0.0
149521,0,0.626148366,61,0,0.21249477600000002,4785.0,7,0,0,0,0.0
149522,0,0.664658888,49,0,0.47340980200000005,11507.0,16,0,2,0,1.0
149523,0,0.009889727,65,0,0.001170703,13666.0,7,0,0,0,1.0
149524,0,0.043353648,81,0,0.290526708,5372.0,8,0,2,0,0.0
149525,0,0.563116042,32,0,0.296675192,4300.0,8,0,1,0,0.0
149526,0,0.13739313,56,0,1464.0,,4,0,2,0,0.0
149527,0,0.951816867,50,0,0.565838332,3500.0,5,0,2,0,2.0
149528,0,1.122040876,42,0,0.561304837,8000.0,9,0,2,0,2.0
149529,0,0.25529654399999996,76,0,0.253943568,4500.0,11,0,0,0,0.0
149530,0,0.052102475,29,0,0.13986014,2430.0,2,0,0,0,0.0
149531,0,0.9999998999999999,34,0,0.008733624,2747.0,0,1,0,0,4.0
149533,0,0.329906673,62,0,6578.0,,16,0,3,0,0.0
149534,0,0.112956211,63,0,0.118503888,8100.0,6,0,1,0,0.0
149535,0,0.011262763,65,0,10.0,,9,0,0,0,0.0
149536,0,0.000716397,65,0,0.518799711,2765.0,6,0,2,0,0.0
149537,0,0.068729607,33,0,0.271182204,4000.0,4,0,1,0,0.0
149540,0,0.10935436400000001,70,0,0.090372345,10500.0,7,0,1,0,0.0
149542,0,0.0,78,0,402.0,,9,0,1,0,0.0
149544,0,0.080323252,62,0,0.31614654,5158.0,4,0,1,0,0.0
149546,0,0.042247888,59,0,0.294095454,5300.0,5,0,2,0,0.0
149548,0,0.040486446,52,0,0.27458588300000003,6700.0,14,0,2,0,2.0
149549,0,0.45435951799999996,25,0,199.0,,9,0,0,0,0.0
149551,0,0.004833172,51,0,2.210114389,1660.0,6,0,4,0,0.0
149552,0,0.071727782,66,0,432.0,,7,1,0,0,0.0
149555,0,0.202889856,46,1,0.433532659,4347.0,5,1,2,0,0.0
149556,0,0.06220582400000001,62,0,1827.0,,10,0,2,0,2.0
149558,1,0.83770214,66,0,0.935768484,5666.0,14,0,3,0,0.0
149559,0,0.417561248,49,0,1.012634454,5856.0,21,0,5,0,0.0
149560,0,0.24696958600000002,48,0,2333.0,,10,0,2,0,1.0
149561,0,0.029779892999999998,64,0,0.32242158600000004,7300.0,9,0,1,0,1.0
149562,0,0.230799495,72,0,430.0,0.0,7,0,0,0,0.0
149564,0,0.9999998999999999,33,0,0.092066601,3062.0,1,0,0,0,0.0
149565,0,0.103974792,62,0,0.4003125,3199.0,12,0,1,0,0.0
149566,0,0.6186965729999999,56,0,0.366061075,5173.0,12,0,1,0,0.0
149567,0,0.09786147099999999,82,0,175.0,,4,0,0,0,0.0
149568,0,0.0,30,0,0.6339905579999999,3600.0,6,0,1,0,0.0
149569,0,0.015875319,43,0,0.885398072,2800.0,10,0,1,0,1.0
149570,0,0.802470185,47,0,0.498123827,5329.0,10,0,1,0,3.0
149571,0,0.03901711,22,0,0.208306295,1540.0,7,0,0,0,0.0
149572,0,0.022989914,72,0,0.108545584,4200.0,15,0,1,0,0.0
149574,1,0.661680733,39,0,0.6744631090000001,4702.0,14,0,1,0,3.0
149575,0,0.7644710579999999,26,2,0.295207292,3400.0,3,0,0,0,0.0
149576,0,0.023248063,33,0,0.407825736,2478.0,5,0,1,0,2.0
149577,0,0.032273877,83,0,0.025249867999999998,1900.0,4,0,0,0,0.0
149579,0,0.9999998999999999,38,0,0.339924461,4500.0,3,0,1,0,0.0
149580,0,0.755077808,52,1,0.43521818700000003,10380.0,8,0,2,0,1.0
149583,0,0.21726708600000003,53,0,0.173495755,2708.0,9,0,0,0,0.0
149584,0,0.392246841,46,0,0.8900427609999999,1636.0,6,0,0,0,3.0
149585,0,0.104180989,49,0,0.153587632,5950.0,4,0,1,0,6.0
149586,0,0.053165400999999994,64,0,0.014397906,4583.0,6,0,0,0,0.0
149587,0,0.0,61,0,1913.0,,5,0,2,0,2.0
149588,0,0.038464489,63,0,0.130347861,2500.0,5,0,1,0,0.0
149590,0,0.009015571,57,0,54.0,,6,0,0,0,1.0
149591,0,0.039589075,67,0,0.013502986000000002,3850.0,6,0,0,0,1.0
149592,0,0.0,33,0,0.173478656,3302.0,4,0,0,0,1.0
149594,0,0.785554913,45,1,0.635668217,6666.0,17,0,2,0,2.0
149595,0,0.02489917,50,0,0.4005999,6000.0,12,0,0,1,0.0
149596,0,0.032165067,34,0,0.016416845,1400.0,11,0,0,0,0.0
149597,0,0.006607735,45,1,0.611055563,7000.0,12,0,1,0,1.0
149598,0,0.9644543179999999,33,0,0.06737425,6500.0,4,0,0,0,2.0
149599,0,0.506947809,39,0,0.326832881,4050.0,8,0,0,0,0.0
149602,0,0.040015094,41,0,0.529911681,6000.0,12,0,2,0,1.0
149604,0,0.084632771,48,0,1394.0,,5,0,1,0,0.0
149605,0,0.02896352,64,0,12.0,,2,0,0,0,0.0
149606,0,0.0,40,0,0.0,4666.0,1,0,0,0,0.0
149607,0,0.13370648699999998,57,0,0.122250785,3500.0,7,0,0,0,2.0
149609,0,0.021688191000000002,52,0,0.310050653,3750.0,8,0,2,0,0.0
149612,0,0.000284687,56,0,1552.0,,9,0,1,0,0.0
149613,0,0.020465984,86,0,18.0,,2,0,0,0,0.0
149614,0,0.475130516,59,1,0.560461235,6590.0,16,0,2,0,1.0
149615,0,0.00247965,62,0,0.174706323,4000.0,17,0,2,0,0.0
149618,0,0.003762302,45,0,0.003749531,8000.0,13,0,0,0,0.0
149619,0,0.824087956,46,0,604.0,,2,0,0,0,0.0
149620,0,0.840010774,38,0,0.142544949,10066.0,11,1,1,0,0.0
149622,0,0.9999998999999999,46,0,0.0,,0,1,0,0,0.0
149625,0,0.352329305,49,0,0.34405045799999995,13000.0,15,0,3,0,3.0
149626,0,0.472179744,39,1,0.107142857,3667.0,4,0,0,0,0.0
149628,0,0.058617116,37,0,0.361031948,20000.0,11,0,3,0,2.0
149629,0,0.37267099,54,0,0.289591467,10500.0,8,0,1,0,0.0
149631,0,0.007874508,52,0,0.243407173,7583.0,9,0,1,0,3.0
149634,0,0.25702075,71,0,0.39310115,6000.0,17,0,2,0,0.0
149635,0,0.064944918,31,0,0.161295852,5833.0,8,0,0,0,2.0
149636,0,0.40764774299999995,52,0,0.9363767820000001,4840.0,15,0,2,0,2.0
149637,0,0.145116815,59,0,0.150978432,7000.0,3,0,1,0,2.0
149638,0,0.44527736100000004,40,0,0.004332611,6000.0,3,0,0,0,0.0
149639,0,0.100314473,67,0,0.308923706,2935.0,4,0,1,0,0.0
149641,1,0.932005787,60,1,0.5675997620000001,10073.0,17,0,3,0,0.0
149642,0,0.030586436,44,0,0.647470506,5000.0,3,0,1,0,0.0
149643,0,0.9999998999999999,31,0,0.18656302100000002,1800.0,4,0,0,0,0.0
149644,0,0.89991246,52,0,0.669246102,8528.0,19,0,2,0,1.0
149645,0,0.9999998999999999,24,0,29.0,,2,0,0,0,
149646,0,0.080083629,69,0,1248.0,0.0,8,0,1,0,1.0
149647,0,0.17932287100000002,51,0,0.316130402,18833.0,19,0,2,0,0.0
149648,0,0.174066075,26,0,0.408096591,7039.0,10,0,2,0,0.0
149649,0,0.06306722,38,0,0.279063125,3500.0,9,0,1,0,0.0
149651,0,0.0034181859999999997,90,0,0.001656315,2414.0,4,0,0,0,0.0
149654,0,0.9999998999999999,65,0,0.54519912,8185.0,4,0,1,0,1.0
149656,0,0.009499683,70,0,8.0,,1,0,0,0,
149658,0,0.003087813,91,0,0.000790722,3793.0,5,0,0,0,0.0
149659,0,0.19071974,54,0,0.277072293,10000.0,10,0,1,0,3.0
149660,0,0.033567419,84,0,0.019124521999999998,2352.0,3,0,0,0,0.0
149661,0,0.447994678,41,0,0.263762786,8700.0,9,0,2,0,1.0
149662,0,0.091563375,65,0,1526.0,,4,0,2,0,
149663,1,1.744510978,49,0,1.224310276,2500.0,4,4,2,1,1.0
149664,1,0.84002133,54,0,0.90477687,3181.0,10,0,3,0,0.0
149665,0,0.563743626,51,0,0.410378481,4200.0,6,0,0,0,0.0
149667,0,0.115249222,68,0,0.297492214,6100.0,8,0,1,0,0.0
149668,0,0.081392983,63,0,1595.0,,6,0,1,0,0.0
149669,0,0.9999998999999999,55,0,0.420079441,7300.0,2,0,2,0,0.0
149670,0,0.02049681,78,0,0.007553748000000001,1720.0,5,0,0,0,0.0
149671,0,0.016471598,66,0,0.231570179,2400.0,11,0,1,0,0.0
149672,0,0.95660434,50,0,0.513549953,7416.0,11,0,1,0,0.0
149673,0,0.132362255,82,0,4123.0,0.0,14,0,2,0,0.0
149674,0,0.49047500200000005,54,2,0.489055192,5344.0,8,0,2,2,1.0
149675,0,0.417129144,37,0,0.31564036300000003,12000.0,4,0,2,0,2.0
149676,0,0.015569558,51,0,0.153890106,10500.0,12,0,1,0,3.0
149677,0,0.006410783000000001,71,0,7.0,,3,0,0,0,
149678,0,0.09557418,44,0,0.007003316999999999,2712.0,1,0,0,0,0.0
149679,0,0.9999998999999999,59,1,0.8358458959999999,596.0,0,1,0,0,0.0
149680,0,0.996939088,45,4,0.328759067,5100.0,2,0,0,1,2.0
149682,0,0.021639962999999998,54,0,27.0,,7,0,0,0,
149684,0,0.009483566,86,0,0.003732338,3750.0,10,0,0,0,0.0
149685,0,0.688245097,43,0,0.538812785,9416.0,8,0,1,0,0.0
149686,0,0.0,21,0,0.082795699,929.0,1,0,0,0,0.0
149687,0,0.35681659200000004,67,0,2960.0,,4,0,2,0,0.0
149689,0,0.223659067,29,0,0.50980905,3822.0,12,0,2,0,0.0
149691,0,0.000341873,51,0,0.06922012,6500.0,7,0,0,0,0.0
149693,0,0.46652992,63,0,0.238066255,11500.0,11,0,2,0,1.0
149694,1,0.998261625,32,0,0.563098709,2400.0,5,0,1,0,0.0
149696,0,0.06103278,68,0,0.25576887600000003,10833.0,12,0,2,0,0.0
149698,0,0.005746994,59,0,0.381385938,3953.0,7,0,2,0,1.0
149699,1,0.098395612,67,1,0.398589526,7656.0,10,0,2,0,0.0
149700,1,0.9999998999999999,26,0,577.0,,2,1,0,1,
149701,0,0.440177991,79,0,0.61517492,2200.0,5,0,1,0,0.0
149705,0,0.031802687999999996,43,0,0.36358545700000006,25000.0,10,0,3,0,0.0
149706,0,0.7095671579999999,31,0,0.415194935,3000.0,7,0,0,0,0.0
149708,0,0.0,34,2,0.151744057,4500.0,4,0,0,0,2.0
149709,0,0.342932853,42,0,0.363363664,10000.0,7,0,2,0,4.0
149710,0,0.46856961,41,0,0.524288444,9942.0,7,0,2,0,2.0
149711,0,0.050095625,78,0,783.0,,8,0,1,0,0.0
149712,0,0.528625334,60,0,0.147713638,7500.0,8,0,1,0,1.0
149713,0,0.005955607,61,0,1.3728474609999999,9000.0,17,0,3,0,0.0
149714,0,0.9541626120000001,45,0,0.432021618,5920.0,11,0,0,0,4.0
149715,0,0.21008447800000002,68,0,0.205975135,16166.0,11,0,2,0,1.0
149716,0,0.36522115899999996,46,0,0.466388839,5518.0,9,0,1,0,0.0
149718,0,0.31548529399999997,74,0,1.7015497419999999,6000.0,21,0,1,0,0.0
149720,0,0.046757191,64,0,0.679064187,5000.0,24,0,1,0,0.0
149721,0,0.226333043,80,0,0.290170983,10000.0,8,0,2,0,0.0
149722,1,0.014031819,33,0,0.24091339,7400.0,7,0,2,0,0.0
149723,0,0.53540556,53,1,0.458885279,4000.0,25,0,3,0,4.0
149724,0,0.003767407,59,0,0.12232365099999999,6024.0,16,0,0,0,0.0
149725,0,0.436493764,37,0,0.222314525,15648.0,4,0,2,0,0.0
149726,0,0.074258028,64,0,1868.0,,11,0,2,0,0.0
149727,0,0.12889666,57,0,0.347917765,7587.0,13,0,1,0,0.0
149731,0,0.016296707,75,0,0.626829854,4166.0,10,0,2,0,0.0
149732,0,0.046662222999999996,84,0,0.001941946,9783.0,3,0,0,0,0.0
149735,0,0.076086747,51,0,0.620088352,4300.0,18,0,1,0,0.0
149736,0,0.9999998999999999,35,0,1205.0,,0,0,0,0,0.0
149737,1,0.6119938189999999,51,0,0.658103769,5916.0,14,0,2,0,3.0
149738,0,0.0,75,0,0.129741891,16000.0,11,0,0,0,0.0
149739,0,0.031692278,54,0,0.550254869,7650.0,16,0,2,0,3.0
149740,0,0.085786464,49,0,0.545690862,5000.0,11,0,1,0,2.0
149741,0,0.09325722199999999,54,0,1.3648783740000001,3000.0,12,0,2,0,0.0
149742,0,0.052719704000000006,72,0,0.571428571,10177.0,8,0,2,0,0.0
149743,0,0.9947277520000001,62,0,0.402064451,3971.0,8,0,0,0,0.0
149746,0,0.017321447,52,0,0.001851623,8100.0,7,0,0,0,0.0
149747,0,0.005068354000000001,77,0,0.0020824660000000003,2400.0,4,0,0,0,0.0
149748,0,0.0,27,0,1814.0,,3,0,1,0,
149749,1,0.579052342,47,0,8.666666667000001,521.0,5,0,1,0,0.0
149750,0,0.327340477,58,0,0.264758497,9502.0,8,0,1,0,0.0
149751,0,0.019617572,45,0,0.44584622700000004,4200.0,8,0,1,0,2.0
149753,0,0.747738777,34,0,0.599500416,1200.0,12,0,0,2,0.0
149754,0,0.066462769,71,0,954.0,,4,0,1,0,
149755,0,0.402752981,85,0,0.18104817399999998,11333.0,16,0,0,0,1.0
149757,0,0.25849164199999997,76,0,0.36350651700000003,5600.0,14,0,1,0,0.0
149758,0,0.099164945,35,0,0.328928047,14300.0,8,0,2,0,1.0
149761,0,0.015714005,83,0,0.146318513,4250.0,12,0,1,0,0.0
149763,1,1.098371777,33,4,5225.0,,7,1,2,0,0.0
149764,0,0.639173811,69,0,0.355482226,20000.0,11,0,2,0,1.0
149765,0,0.21303811399999997,63,0,1.083860759,1895.0,7,0,2,0,0.0
149766,0,0.9847932509999999,33,0,0.784710018,1137.0,3,0,1,0,0.0
149767,0,0.0,39,0,0.311589983,3433.0,3,0,1,0,0.0
149768,0,0.055963587,60,0,0.210557888,5000.0,8,0,1,0,0.0
149771,0,0.841961631,43,2,0.811581423,3401.0,12,0,1,1,5.0
149772,0,0.0031560940000000003,46,0,0.42019033899999997,8300.0,13,0,1,0,1.0
149773,0,0.002212672,78,0,0.008554705,2220.0,3,0,0,0,0.0
149775,0,0.05473569,77,0,0.023493642999999998,3617.0,10,0,0,0,0.0
149776,1,1.099833611,47,4,0.137299254,4420.0,5,0,0,0,1.0
149777,0,0.0,31,0,0.136906794,2928.0,2,0,0,0,0.0
149778,0,1.383886256,26,2,0.247826087,1839.0,3,1,0,1,0.0
149779,0,0.462607231,47,2,0.116854709,8685.0,5,0,0,0,2.0
149784,1,0.685563177,50,0,0.324670132,2500.0,4,0,0,1,4.0
149785,0,0.0010937310000000001,63,0,0.000777847,6427.0,8,0,0,0,0.0
149786,0,0.017854555,72,0,371.0,,4,0,0,0,0.0
149787,0,0.079757114,86,0,619.0,,3,0,0,0,0.0
149789,0,0.437113815,53,0,0.6872357440000001,8750.0,16,0,3,0,2.0
149790,0,0.062257238,63,0,2119.0,,3,0,1,0,
149791,0,0.9999998999999999,32,0,0.0,1000.0,0,0,0,0,2.0
149793,0,0.088656747,81,0,0.036173251000000003,2100.0,4,0,0,0,0.0
149796,0,0.006297127,75,0,6.0,,4,0,0,0,
149797,0,0.012833066,40,0,0.12122655,10500.0,10,0,0,0,2.0
149798,0,0.066188555,47,0,0.159067535,8750.0,8,0,2,0,3.0
149799,0,0.0,57,0,1581.0,,5,0,1,0,0.0
149800,0,0.081435907,48,0,2070.0,,12,0,3,0,2.0
149801,0,0.134639562,75,0,0.058594835,3600.0,6,0,0,0,0.0
149802,0,0.16137711,58,0,0.086442318,9300.0,4,0,1,0,0.0
149803,0,0.428549454,45,0,0.995336442,1500.0,8,0,1,0,0.0
149804,0,0.145804071,34,0,3404.0,,7,0,1,1,0.0
149805,0,0.417971065,58,0,0.36237101,12500.0,9,0,2,0,1.0
149806,0,0.9750025,53,0,0.16098390199999998,10000.0,4,0,1,0,0.0
149807,0,0.778478753,43,0,1.059708295,2193.0,5,1,1,0,3.0
149809,0,0.866506675,39,0,0.786555972,3733.0,9,0,1,0,3.0
149810,0,0.450106157,43,2,960.0,,6,0,1,0,0.0
149811,0,0.048582857,51,0,0.214033317,7923.0,9,0,2,0,0.0
149812,0,0.246633992,48,0,0.56567222,2580.0,6,0,1,0,2.0
149813,0,0.045472727000000004,58,0,64.0,,6,0,0,0,0.0
149815,0,0.357176625,44,0,0.365136731,8300.0,9,0,1,0,2.0
149816,0,0.024897417999999998,75,0,0.167519182,4691.0,15,0,1,0,0.0
149817,0,0.429526901,33,0,0.50497469,5728.0,6,0,2,0,1.0
149818,0,0.016419528,90,0,0.07783817,9750.0,10,0,0,0,0.0
149820,0,0.719025543,43,0,0.606983541,6500.0,7,0,2,0,2.0
149821,0,0.000253158,65,0,0.000266631,7500.0,12,0,0,0,0.0
149822,0,0.43070462,54,0,1557.0,,10,0,1,0,2.0
149826,0,0.02731868,71,0,1419.0,,13,0,1,0,
149827,0,0.824830958,47,0,0.353224351,9970.0,6,0,2,0,0.0
149828,0,0.136603417,53,0,0.251816799,11833.0,10,0,1,0,0.0
149829,0,0.131286395,28,0,0.909663088,2700.0,7,0,1,0,0.0
149831,0,0.102112631,47,0,0.201690635,19400.0,13,0,2,0,3.0
149832,0,0.020494876000000002,37,0,0.33549410399999996,14500.0,10,0,3,0,0.0
149833,0,0.339251904,60,0,0.263527281,13250.0,10,0,2,0,0.0
149834,0,0.07092973799999999,36,0,0.48211169299999995,4583.0,6,0,1,0,1.0
149835,0,0.048873579,61,0,2890.0,,7,0,1,0,1.0
149836,0,0.0,32,0,0.322483143,4300.0,9,0,1,0,1.0
149837,0,0.047377790999999995,56,0,1959.0,,11,0,1,0,1.0
149838,0,0.022869683999999998,71,0,0.059950042,1200.0,11,0,0,0,0.0
149839,0,0.011694336999999999,51,0,0.010799712,37500.0,48,0,0,0,0.0
149840,0,0.026714448999999998,51,0,0.517634093,5443.0,11,0,2,0,0.0
149842,0,0.017425167,56,0,0.8931593790000001,2835.0,11,0,2,0,0.0
149843,0,0.070112283,84,0,79.0,,10,1,0,1,0.0
149844,0,0.9999998999999999,72,0,0.228724701,4100.0,4,0,1,0,0.0
149845,0,0.10611303300000001,43,0,0.41208295799999994,4435.0,6,0,0,0,1.0
149847,0,0.0,73,0,0.175701653,2600.0,4,0,1,0,0.0
149848,0,0.49190318899999996,48,0,15968.0,,16,0,5,0,0.0
149849,0,0.0046999220000000005,45,0,0.435870424,11390.0,8,0,2,0,1.0
149851,0,0.125862848,45,0,0.306677329,2500.0,7,0,2,0,0.0
149854,0,0.056588682,75,0,8.0,,3,0,0,0,
149855,0,0.472800491,29,0,0.224752805,9000.0,12,0,2,0,0.0
149858,0,0.613171618,45,0,0.281088189,12166.0,11,0,2,0,2.0
149859,0,0.174702317,62,0,3835.0,,9,0,3,0,0.0
149862,0,0.0,55,0,805.0,,4,0,1,0,0.0
149863,0,0.12076083300000001,38,0,0.229732667,4600.0,5,0,1,0,4.0
149864,0,0.720403461,54,2,0.600428266,4669.0,14,0,2,0,0.0
149865,0,0.604762134,49,0,3468.0,,13,0,1,0,1.0
149866,0,0.000884334,47,0,1303.0,,7,0,1,0,1.0
149868,0,0.073331824,32,0,0.453386653,4000.0,8,0,1,0,0.0
149869,0,0.652334767,50,1,1820.0,,7,0,1,0,0.0
149870,0,0.030994072999999997,59,0,3514.0,,12,0,2,0,0.0
149871,0,0.014992674,80,0,0.017267495,3300.0,13,0,0,0,0.0
149872,0,0.364658835,54,0,0.756121939,2000.0,6,0,1,0,0.0
149873,0,0.045896618,53,0,0.083144025,2200.0,10,0,0,0,2.0
149875,0,0.977734818,41,0,0.28462217,3400.0,2,0,0,0,2.0
149877,0,0.16831121300000002,63,0,0.141964286,1119.0,5,0,0,0,0.0
149879,0,0.0643725,31,0,0.343754401,7100.0,7,0,1,1,0.0
149880,0,0.08476415400000001,51,0,0.760992769,5116.0,11,0,3,0,0.0
149881,0,0.018149093,70,0,1091.0,,4,0,1,0,0.0
149882,0,0.062398217,77,0,714.5,1.0,3,0,0,0,0.0
149883,0,0.0041446009999999995,48,0,0.248632965,8960.0,5,0,2,0,3.0
149884,0,0.80604511,51,0,0.36004761,5040.0,15,0,1,0,5.0
149886,0,0.463772925,51,0,0.37179487200000005,7565.0,7,0,2,0,0.0
149887,0,0.40021910299999996,42,0,0.363569646,6812.0,8,0,1,0,2.0
149888,0,0.270733536,48,1,0.452276323,5688.0,16,0,2,0,4.0
149889,0,0.057492015,32,0,0.082367053,2500.0,2,0,0,0,0.0
149893,0,0.0,41,0,0.131957885,25833.0,12,0,1,0,5.0
149894,0,0.017904452,55,0,1058.0,,8,0,1,1,
149895,0,0.131457845,48,2,0.078490189,8000.0,8,0,0,0,1.0
149898,0,0.9999998999999999,26,1,0.0,,0,1,0,0,0.0
149899,0,0.23533088,46,0,0.20814932100000003,12000.0,8,0,2,0,5.0
149900,0,0.031635479,56,0,0.261375523,7647.0,6,0,1,0,1.0
149901,0,0.0,94,0,0.0,3600.0,4,0,0,0,0.0
149902,0,0.0,80,0,0.0,1600.0,1,0,0,0,0.0
149903,1,0.552156677,55,0,0.337034981,1800.0,7,1,0,0,1.0
149904,0,0.00287488,50,0,0.27746092899999997,13500.0,11,0,3,0,0.0
149905,0,0.0033405859999999996,81,0,0.000677966,5899.0,7,0,0,0,0.0
149906,0,0.056999416,62,0,0.116106135,17750.0,18,0,1,0,3.0
149907,0,0.309121169,60,0,1.1245890859999998,9125.0,11,0,4,0,0.0
149908,0,0.426950627,80,0,0.149964294,4200.0,4,0,0,0,0.0
149909,0,1.1397205590000001,38,2,0.016733987,1732.0,4,0,0,1,3.0
149910,0,0.11742677300000001,39,0,0.12247448400000001,4800.0,11,0,0,1,2.0
149911,0,0.728363561,66,1,0.625858465,3348.0,7,0,1,0,0.0
149912,0,0.052185506,71,0,16.0,,2,0,0,0,0.0
149915,0,0.208987583,76,0,1903.0,,10,0,2,0,0.0
149916,0,0.253136913,50,3,0.5037153320000001,9554.0,27,0,2,0,1.0
149917,0,0.01585557,64,0,0.112411607,4100.0,10,0,1,0,0.0
149918,0,0.015699215,77,0,9.0,,2,0,0,0,0.0
149919,0,0.19106384699999998,45,0,0.258303773,3100.0,6,0,1,0,0.0
149920,0,0.083256734,49,0,0.017796441,5000.0,2,0,0,0,3.0
149921,0,0.031837683,67,0,1182.0,,5,0,1,0,0.0
149922,0,0.761465216,41,0,6114.0,,19,0,1,0,2.0
149923,0,0.245212355,62,0,3720.0,,16,0,2,0,0.0
149928,0,0.34206902100000003,45,0,0.251994158,8900.0,14,0,1,0,4.0
149929,0,0.23932535600000002,64,0,0.08596561400000001,2500.0,2,0,0,0,0.0
149931,0,0.005859153000000001,66,0,1479.0,,10,0,1,0,0.0
149933,0,0.0,56,0,0.49410118,5000.0,8,0,1,0,0.0
149934,0,0.02889087,56,0,0.8565717140000001,2000.0,8,0,1,0,1.0
149936,0,0.326193355,66,0,0.40759075899999997,2423.0,5,0,0,0,0.0
149937,1,0.677344917,38,3,0.24227835,13500.0,9,0,1,0,3.0
149938,0,0.32947940800000003,35,1,0.339813375,2571.0,7,0,1,0,1.0
149940,1,0.847040738,47,0,432.0,,6,0,0,0,0.0
149941,1,0.149764181,28,0,0.303431505,3700.0,12,0,1,0,0.0
149942,0,0.20818726699999998,60,0,0.38618645,9106.0,9,0,2,0,1.0
149943,0,0.699617595,40,0,0.400547314,13885.0,18,0,4,0,0.0
149944,0,0.291860427,36,1,0.119286696,24000.0,12,0,2,0,0.0
149945,0,0.151669533,50,0,0.27463910199999997,5610.0,18,0,2,0,0.0
149946,0,0.9238451940000001,38,0,21.0,,2,0,0,0,0.0
149947,0,0.22023227199999998,67,0,0.47408026799999997,7175.0,19,0,1,0,0.0
149951,0,0.01451033,76,0,0.143179619,3100.0,8,0,0,0,0.0
149952,0,0.019785038,58,0,1328.0,,6,0,1,0,2.0
149953,0,0.23148842600000002,41,0,1198.0,,3,0,1,0,0.0
149954,1,0.9999998999999999,46,0,170.39801,401.0,3,2,0,0,2.0
149955,1,1.135552064,41,2,0.845887215,7500.0,12,0,4,1,0.0
149956,0,0.906818993,30,2,0.16823764600000002,3500.0,4,0,0,0,0.0
149957,0,0.843903895,28,0,0.127106541,3500.0,4,0,0,0,3.0
149958,0,0.45710057600000004,63,0,4945.0,,9,0,1,0,0.0
149959,0,0.293142671,67,0,0.22486639100000003,9916.0,4,0,1,0,0.0
149960,0,0.0,49,0,353.0,,2,0,0,0,0.0
149961,1,0.920106525,31,1,0.176731794,1125.0,4,1,0,0,0.0
149962,0,1.005732951,48,0,0.248896435,2944.0,4,3,0,0,1.0
149964,0,1.010934465,63,0,0.608211436,6015.0,8,0,1,0,0.0
149967,0,0.977898983,63,0,517.0,,5,0,0,1,0.0
149968,1,0.9838249290000001,55,0,0.064116496,4600.0,2,1,0,0,6.0
149969,0,0.075535252,43,0,0.197537582,14700.0,10,0,3,0,2.0
149970,0,0.025449081000000002,58,0,0.25385459,15500.0,7,0,2,0,2.0
149972,0,0.071273404,42,0,0.008638065,6945.0,3,0,0,0,1.0
149973,0,1.026394721,44,0,0.494819124,5500.0,7,0,1,0,1.0
149975,0,0.022088398,58,0,2716.0,,8,0,2,0,0.0
149976,0,0.000627439,76,0,60.0,,5,0,0,0,0.0
149978,0,0.9176352959999999,52,2,0.259496202,2500.0,4,0,0,0,0.0
149979,1,0.22471092399999998,55,0,0.057234800999999995,8700.0,7,0,0,0,0.0
149980,0,0.067643815,64,0,0.254976475,5525.0,12,0,1,0,0.0
149981,0,0.810012257,43,0,0.121751825,6849.0,4,0,0,0,4.0
149983,0,0.002484811,82,0,0.00079984,5000.0,5,0,0,0,0.0
149986,0,0.168101659,49,0,0.080383923,5000.0,16,0,0,0,1.0
149987,0,0.9999998999999999,28,0,0.055692307999999996,3249.0,3,1,0,0,0.0
149988,0,0.9020505529999999,31,1,0.34792442799999995,7515.0,10,0,1,0,0.0
149990,0,0.055518162999999995,46,0,0.609778598,4335.0,7,0,1,0,2.0
149991,0,0.1041117,59,0,0.47765823399999996,10316.0,10,0,2,0,0.0
149993,0,0.9999998999999999,22,0,0.0,820.0,1,0,0,0,0.0
149998,0,0.0,30,0,0.0,5716.0,4,0,0,0,0.0
149999,0,0.850282951,64,0,0.249908077,8158.0,8,0,2,0,0.0
